x64/Release/topo.asc
NCOLS 512
NROWS 512
XLLCORNER -3.2458200000
YLLCORNER -4.0874300000
CELLSIZE 5.000000
NODATA_VALUE -99999.0000
[rows 480 to 509 of 512, columns 335 to 401 of 512]
352.467 353.094 353.773 354.467 355.138 355.782 356.417 357.035 357.624 358.171 358.683 359.184 359.698 360.227 360.758 361.304 361.878 362.49 363.134 363.794 364.455 365.127 365.816 366.493 367.129 367.726 368.299 368.824 369.278 369.651 369.959 370.201 370.38 370.481 370.504 370.484 370.452 370.398 370.305 370.221 370.192 370.221 370.283 370.403 370.608 370.909 371.294 371.748 372.259 372.836 373.485 374.176 374.878 375.594 376.34 377.087 377.803 378.482 379.141 379.774 380.376 380.932 381.445 381.949 382.475 383.019 383.563
353.393 354.026 354.709 355.403 356.07 356.702 357.321 357.917 358.483 359.004 359.486 359.956 360.44 360.94 361.443 361.961 362.51 363.1 363.722 364.361 365.002 365.652 366.319 366.974 367.589 368.166 368.718 369.225 369.666 370.033 370.338 370.585 370.774 370.895 370.947 370.96 370.965 370.951 370.905 370.867 370.879 370.943 371.037 371.183 371.402 371.707 372.084 372.523 373.013 373.561 374.174 374.824 375.484 376.157 376.858 377.56 378.236 378.879 379.504 380.108 380.688 381.228 381.731 382.23 382.758 383.31 383.87
354.306 354.946 355.632 356.326 356.987 357.607 358.208 358.782 359.324 359.819 360.27 360.708 361.162 361.634 362.109 362.601 363.124 363.69 364.292 364.91 365.531 366.159 366.804 367.437 368.033 368.59 369.123 369.614 370.044 370.407 370.712 370.964 371.167 371.31 371.392 371.44 371.482 371.511 371.512 371.521 371.574 371.673 371.799 371.97 372.204 372.512 372.881 373.304 373.771 374.29 374.864 375.471 376.088 376.717 377.371 378.026 378.66 379.265 379.856 380.43 380.986 381.509 382.002 382.497 383.026 383.587 384.161
355.202 355.847 356.536 357.228 357.883 358.491 359.073 359.626 360.144 360.611 361.033 361.44 361.864 362.308 362.756 363.221 363.72 364.263 364.843 365.442 366.042 366.65 367.274 367.888 368.465 369.005 369.522 369.999 370.422 370.782 371.089 371.349 371.567 371.732 371.845 371.928 372.007 372.076 372.123 372.177 372.268 372.4 372.556 372.751 372.998 373.307 373.668 374.074 374.519 375.007 375.544 376.108 376.682 377.267 377.875 378.485 379.077 379.646 380.203 380.748 381.281 381.789 382.271 382.762 383.291 383.857 384.444
356.091 356.741 357.431 358.121 358.768 359.362 359.925 360.454 360.947 361.387 361.778 362.153 362.548 362.964 363.384 363.824 364.298 364.818 365.377 365.955 366.534 367.122 367.726 368.321 368.882 369.407 369.91 370.376 370.794 371.154 371.467 371.737 371.971 372.162 372.306 372.425 372.542 372.651 372.743 372.84 372.97 373.134 373.318 373.534 373.794 374.103 374.455 374.843 375.264 375.722 376.219 376.74 377.269 377.81 378.37 378.934 379.484 380.017 380.54 381.056 381.566 382.058 382.532 383.018 383.547 384.118 384.715
356.966 357.621 358.313 359 359.639 360.218 360.76 361.265 361.732 362.145 362.504 362.848 363.212 363.601 363.994 364.408 364.858 365.355 365.892 366.449 367.009 367.576 368.161 368.739 369.284 369.796 370.286 370.745 371.159 371.523 371.843 372.126 372.379 372.595 372.772 372.928 373.083 373.233 373.369 373.51 373.677 373.872 374.084 374.321 374.592 374.9 375.241 375.612 376.008 376.433 376.89 377.367 377.852 378.347 378.859 379.375 379.883 380.378 380.868 381.355 381.842 382.318 382.782 383.264 383.792 384.367 384.973
357.815 358.473 359.166 359.849 360.479 361.043 361.566 362.047 362.489 362.875 363.205 363.518 363.854 364.216 364.584 364.973 365.399 365.874 366.39 366.927 367.468 368.017 368.584 369.146 369.678 370.178 370.659 371.111 371.525 371.893 372.222 372.519 372.791 373.034 373.243 373.435 373.627 373.816 373.994 374.177 374.379 374.603 374.84 375.096 375.377 375.684 376.014 376.366 376.738 377.132 377.55 377.983 378.425 378.876 379.341 379.811 380.278 380.738 381.194 381.653 382.118 382.579 383.033 383.51 384.036 384.613 385.225
358.621 359.282 359.974 360.653 361.274 361.825 362.329 362.79 363.209 363.571 363.874 364.16 364.469 364.806 365.15 365.515 365.919 366.374 366.871 367.39 367.915 368.448 369 369.549 370.07 370.561 371.035 371.483 371.897 372.271 372.61 372.921 373.212 373.48 373.719 373.945 374.17 374.395 374.611 374.83 375.064 375.314 375.574 375.847 376.135 376.44 376.759 377.093 377.442 377.807 378.188 378.582 378.983 379.395 379.817 380.246 380.676 381.102 381.529 381.961 382.404 382.849 383.293 383.763 384.285 384.861 385.476
359.393 360.056 360.746 361.419 362.032 362.569 363.056 363.496 363.894 364.232 364.511 364.772 365.056 365.37 365.69 366.033 366.416 366.853 367.332 367.836 368.346 368.866 369.407 369.945 370.458 370.944 371.413 371.859 372.276 372.657 373.007 373.333 373.643 373.934 374.202 374.459 374.716 374.973 375.223 375.476 375.737 376.01 376.29 376.578 376.872 377.173 377.479 377.795 378.12 378.458 378.805 379.162 379.527 379.901 380.285 380.676 381.072 381.468 381.867 382.274 382.697 383.127 383.56 384.022 384.537 385.109 385.723
360.131 360.795 361.482 362.149 362.753 363.277 363.747 364.168 364.546 364.864 365.119 365.357 365.619 365.91 366.208 366.529 366.893 367.312 367.775 368.265 368.762 369.272 369.803 370.333 370.841 371.323 371.79 372.237 372.658 373.048 373.41 373.752 374.081 374.395 374.691 374.977 375.263 375.55 375.832 376.114 376.401 376.694 376.992 377.291 377.59 377.885 378.179 378.476 378.779 379.089 379.405 379.727 380.058 380.398 380.747 381.103 381.467 381.835 382.207 382.591 382.995 383.409 383.831 384.284 384.791 385.356 385.965
360.826 361.489 362.173 362.834 363.429 363.942 364.398 364.802 365.163 365.463 365.699 365.916 366.159 366.43 366.707 367.009 367.355 367.757 368.206 368.683 369.169 369.669 370.192 370.717 371.221 371.701 372.168 372.617 373.044 373.443 373.818 374.176 374.524 374.86 375.181 375.494 375.807 376.12 376.43 376.738 377.047 377.358 377.671 377.981 378.283 378.573 378.855 379.134 379.416 379.703 379.989 380.28 380.58 380.89 381.206 381.531 381.865 382.207 382.555 382.918 383.302 383.7 384.11 384.553 385.05 385.605 386.207
361.466 362.128 362.808 363.465 364.053 364.557 365.002 365.395 365.743 366.029 366.251 366.453 366.679 366.934 367.194 367.479 367.808 368.196 368.632 369.096 369.572 370.063 370.579 371.099 371.6 372.079 372.547 373 373.434 373.843 374.23 374.603 374.968 375.324 375.667 376.004 376.34 376.677 377.011 377.343 377.67 377.997 378.322 378.64 378.945 379.231 379.503 379.767 380.033 380.298 380.56 380.824 381.097 381.379 381.667 381.964 382.273 382.591 382.916 383.258 383.623 384.006 384.402 384.833 385.317 385.86 386.451
362.048 362.708 363.385 364.036 364.62 365.118 365.556 365.941 366.281 366.557 366.769 366.959 367.174 367.416 367.662 367.932 368.248 368.624 369.046 369.499 369.965 370.45 370.96 371.476 371.976 372.456 372.928 373.386 373.827 374.247 374.647 375.035 375.415 375.789 376.153 376.511 376.867 377.223 377.577 377.927 378.27 378.608 378.943 379.266 379.573 379.856 380.119 380.373 380.624 380.872 381.114 381.355 381.606 381.865 382.129 382.403 382.689 382.986 383.292 383.614 383.962 384.328 384.71 385.126 385.596 386.123 386.698
362.58 363.236 363.909 364.557 365.136 365.63 366.064 366.445 366.78 367.051 367.256 367.44 367.646 367.878 368.113 368.371 368.676 369.04 369.451 369.893 370.351 370.829 371.336 371.85 372.35 372.833 373.309 373.775 374.225 374.655 375.069 375.471 375.867 376.257 376.638 377.014 377.387 377.76 378.13 378.495 378.85 379.196 379.537 379.865 380.171 380.451 380.709 380.953 381.193 381.427 381.652 381.875 382.107 382.347 382.592 382.845 383.111 383.39 383.678 383.983 384.313 384.664 385.03 385.43 385.882 386.391 386.946
363.067 363.719 364.389 365.034 365.61 366.104 366.537 366.918 367.252 367.521 367.724 367.904 368.106 368.33 368.555 368.804 369.099 369.453 369.853 370.285 370.735 371.208 371.711 372.223 372.724 373.211 373.693 374.167 374.626 375.067 375.493 375.908 376.317 376.722 377.119 377.51 377.898 378.284 378.668 379.045 379.41 379.764 380.11 380.44 380.747 381.025 381.278 381.515 381.746 381.969 382.18 382.388 382.604 382.828 383.055 383.29 383.539 383.8 384.071 384.359 384.673 385.006 385.356 385.738 386.171 386.659 387.192
363.516 364.164 364.831 365.475 366.051 366.547 366.984 367.369 367.706 367.977 368.182 368.363 368.562 368.781 368.999 369.238 369.523 369.868 370.258 370.68 371.123 371.591 372.09 372.601 373.103 373.593 374.081 374.562 375.03 375.48 375.916 376.343 376.765 377.181 377.591 377.996 378.395 378.794 379.19 379.578 379.951 380.312 380.663 380.998 381.306 381.583 381.833 382.066 382.29 382.504 382.703 382.897 383.099 383.308 383.519 383.738 383.97 384.215 384.468 384.739 385.035 385.35 385.682 386.046 386.459 386.925 387.435
363.915 364.559 365.224 365.869 366.448 366.949 367.395 367.789 368.134 368.412 368.623 368.808 369.009 369.226 369.438 369.669 369.947 370.283 370.663 371.076 371.512 371.975 372.472 372.982 373.485 373.979 374.473 374.961 375.436 375.894 376.34 376.777 377.208 377.635 378.055 378.469 378.879 379.287 379.692 380.089 380.47 380.837 381.193 381.532 381.843 382.121 382.37 382.6 382.82 383.028 383.218 383.403 383.594 383.79 383.987 384.191 384.408 384.636 384.873 385.126 385.403 385.699 386.012 386.355 386.746 387.189 387.674
364.269 364.909 365.573 366.22 366.804 367.313 367.772 368.18 368.537 368.825 369.047 369.241 369.447 369.664 369.872 370.097 370.368 370.697 371.068 371.472 371.901 372.361 372.856 373.365 373.87 374.367 374.867 375.362 375.844 376.31 376.764 377.21 377.649 378.084 378.512 378.933 379.35 379.765 380.178 380.581 380.968 381.34 381.702 382.044 382.358 382.638 382.889 383.12 383.338 383.542 383.726 383.903 384.085 384.272 384.458 384.648 384.851 385.064 385.284 385.519 385.777 386.054 386.345 386.667 387.034 387.451 387.909
364.598 365.233 365.897 366.547 367.138 367.658 368.132 368.556 368.928 369.23 369.466 369.671 369.885 370.103 370.308 370.527 370.793 371.114 371.477 371.872 372.294 372.751 373.243 373.753 374.259 374.759 375.265 375.767 376.256 376.729 377.19 377.642 378.089 378.529 378.963 379.391 379.813 380.234 380.652 381.061 381.453 381.831 382.197 382.543 382.861 383.144 383.398 383.629 383.847 384.048 384.229 384.4 384.574 384.752 384.926 385.105 385.294 385.492 385.696 385.913 386.152 386.409 386.679 386.978 387.321 387.712 388.143
364.918 365.549 366.214 366.869 367.467 368 368.491 368.934 369.323 369.64 369.89 370.108 370.329 370.55 370.752 370.967 371.226 371.541 371.893 372.28 372.695 373.147 373.637 374.146 374.653 375.156 375.667 376.175 376.671 377.149 377.616 378.074 378.526 378.972 379.411 379.843 380.271 380.697 381.121 381.535 381.933 382.316 382.688 383.039 383.361 383.647 383.903 384.137 384.354 384.552 384.728 384.893 385.059 385.228 385.391 385.557 385.733 385.915 386.102 386.301 386.522 386.759 387.009 387.286 387.606 387.972 388.376
365.218 365.846 366.513 367.174 367.782 368.33 368.841 369.306 369.715 370.049 370.317 370.55 370.781 371.005 371.206 371.416 371.669 371.977 372.32 372.697 373.105 373.552 374.039 374.546 375.053 375.559 376.074 376.587 377.087 377.57 378.041 378.504 378.96 379.41 379.851 380.287 380.718 381.149 381.579 381.998 382.402 382.791 383.169 383.526 383.853 384.143 384.403 384.638 384.856 385.052 385.223 385.383 385.542 385.7 385.853 386.006 386.167 386.334 386.504 386.685 386.886 387.104 387.333 387.589 387.886 388.227 388.606
365.499 366.123 366.793 367.462 368.082 368.647 369.181 369.671 370.102 370.456 370.743 370.993 371.236 371.465 371.665 371.872 372.12 372.421 372.754 373.12 373.52 373.963 374.447 374.952 375.459 375.966 376.485 377.003 377.507 377.993 378.467 378.933 379.391 379.843 380.287 380.724 381.158 381.593 382.026 382.451 382.86 383.255 383.64 384.004 384.336 384.631 384.895 385.133 385.352 385.546 385.715 385.869 386.021 386.17 386.312 386.452 386.599 386.751 386.903 387.066 387.248 387.446 387.655 387.889 388.163 388.48 388.833
365.779 366.4 367.072 367.749 368.381 368.964 369.522 370.037 370.491 370.865 371.172 371.439 371.694 371.928 372.127 372.33 372.573 372.867 373.191 373.547 373.939 374.377 374.858 375.362 375.868 376.377 376.9 377.422 377.93 378.419 378.896 379.363 379.824 380.277 380.722 381.16 381.596 382.034 382.472 382.901 383.315 383.716 384.108 384.479 384.817 385.117 385.385 385.626 385.845 386.038 386.203 386.352 386.496 386.637 386.767 386.895 387.028 387.164 387.3 387.445 387.609 387.787 387.977 388.19 388.442 388.735 389.063
366.076 366.693 367.368 368.052 368.695 369.293 369.873 370.412 370.887 371.28 371.605 371.887 372.153 372.391 372.589 372.787 373.025 373.312 373.626 373.973 374.358 374.792 375.27 375.774 376.281 376.792 377.319 377.846 378.358 378.85 379.329 379.8 380.262 380.717 381.162 381.602 382.04 382.481 382.922 383.357 383.775 384.182 384.58 384.958 385.301 385.605 385.876 386.118 386.337 386.528 386.689 386.831 386.968 387.099 387.218 387.333 387.453 387.575 387.695 387.824 387.97 388.131 388.302 388.496 388.726 388.997 389.301
366.383 366.996 367.673 368.364 369.018 369.632 370.234 370.796 371.292 371.703 372.045 372.342 372.616 372.858 373.054 373.247 373.48 373.759 374.064 374.401 374.778 375.208 375.685 376.188 376.696 377.21 377.741 378.273 378.789 379.284 379.766 380.238 380.703 381.159 381.604 382.045 382.485 382.929 383.374 383.813 384.237 384.649 385.054 385.438 385.786 386.093 386.367 386.611 386.829 387.017 387.172 387.308 387.436 387.557 387.664 387.766 387.872 387.98 388.086 388.199 388.329 388.474 388.628 388.804 389.015 389.265 389.547
366.697 367.306 367.985 368.682 369.347 369.977 370.6 371.185 371.701 372.13 372.488 372.799 373.083 373.327 373.522 373.71 373.936 374.208 374.503 374.83 375.201 375.627 376.102 376.605 377.114 377.631 378.167 378.704 379.224 379.721 380.206 380.68 381.146 381.602 382.048 382.489 382.93 383.377 383.827 384.27 384.698 385.116 385.528 385.918 386.271 386.582 386.858 387.103 387.32 387.503 387.653 387.781 387.9 388.011 388.106 388.195 388.288 388.382 388.474 388.572 388.687 388.816 388.955 389.115 389.308 389.538 389.797
367.029 367.633 368.313 369.015 369.689 370.333 370.975 371.58 372.114 372.558 372.932 373.254 373.546 373.792 373.984 374.167 374.387 374.653 374.939 375.258 375.623 376.046 376.521 377.025 377.537 378.057 378.598 379.141 379.666 380.167 380.653 381.129 381.597 382.054 382.5 382.941 383.383 383.832 384.285 384.732 385.165 385.588 386.005 386.4 386.758 387.071 387.349 387.594 387.809 387.988 388.131 388.251 388.361 388.461 388.545 388.622 388.701 388.783 388.862 388.946 389.047 389.162 389.286 389.431 389.607 389.817 390.056
367.391 367.987 368.665 369.371 370.05 370.703 371.36 371.981 372.53 372.985 373.369 373.701 373.999 374.246 374.434 374.612 374.827 375.087 375.367 375.68 376.041 376.465 376.941 377.449 377.965 378.491 379.039 379.588 380.119 380.624 381.113 381.591 382.061 382.519 382.965 383.405 383.848 384.299 384.755 385.205 385.64 386.067 386.488 386.888 387.247 387.562 387.84 388.084 388.297 388.471 388.606 388.718 388.819 388.909 388.982 389.047 389.115 389.185 389.252 389.325 389.413 389.515 389.626 389.756 389.915 390.106 390.324
367.78 368.368 369.042 369.747 370.429 371.089 371.757 372.39 372.948 373.412 373.803 374.141 374.441 374.687 374.872 375.044 375.254 375.51 375.784 376.093 376.452 376.877 377.358 377.871 378.393 378.926 379.483 380.041 380.579 381.089 381.583 382.064 382.536 382.995 383.441 383.882 384.325 384.778 385.235 385.687 386.125 386.554 386.978 387.38 387.741 388.055 388.333 388.575 388.784 388.952 389.079 389.182 389.273 389.354 389.416 389.47 389.528 389.588 389.644 389.707 389.784 389.874 389.973 390.089 390.233 390.406 390.603
368.192 368.771 369.44 370.143 370.825 371.489 372.163 372.805 373.37 373.838 374.235 374.575 374.876 375.12 375.3 375.467 375.672 375.924 376.194 376.5 376.859 377.287 377.774 378.295 378.824 379.366 379.933 380.501 381.048 381.563 382.062 382.546 383.021 383.482 383.928 384.368 384.811 385.265 385.723 386.177 386.616 387.046 387.472 387.875 388.237 388.55 388.826 389.066 389.27 389.431 389.55 389.643 389.725 389.796 389.848 389.891 389.939 389.99 390.038 390.091 390.158 390.238 390.326 390.43 390.559 390.714 390.891
