x64/Release/topo.asc
NCOLS 512
NROWS 512
XLLCORNER -3.2458200000
YLLCORNER -4.0874300000
CELLSIZE 5.000000
NODATA_VALUE -99999.0000
[rows 60 to 89 of 512, columns 67 to 133 of 512]
352.798 352.795 352.791 352.787 352.783 352.778 352.773 352.768 352.763 352.758 352.754 352.75 352.747 352.746 352.745 352.746 352.747 352.749 352.752 352.756 352.76 352.763 352.766 352.77 352.773 352.777 352.779 352.783 352.789 352.797 352.806 352.817 352.831 352.85 352.873 352.897 352.919 352.942 352.967 352.987 352.995 352.991 352.979 352.953 352.907 352.837 352.749 352.642 352.519 352.376 352.214 352.038 351.855 351.665 351.464 351.257 351.044 350.831 350.615 350.39 350.148 349.894 349.628 349.344 349.03 348.686 348.315
352.804 352.801 352.798 352.795 352.792 352.788 352.783 352.779 352.775 352.771 352.768 352.765 352.763 352.763 352.763 352.764 352.765 352.768 352.771 352.775 352.779 352.783 352.786 352.79 352.794 352.798 352.801 352.805 352.811 352.82 352.829 352.841 352.855 352.874 352.897 352.92 352.943 352.966 352.991 353.011 353.019 353.017 353.006 352.982 352.938 352.871 352.785 352.681 352.559 352.417 352.255 352.078 351.893 351.7 351.496 351.284 351.068 350.851 350.632 350.404 350.162 349.909 349.648 349.368 349.061 348.724 348.363
352.809 352.807 352.805 352.802 352.799 352.796 352.792 352.788 352.785 352.782 352.779 352.777 352.776 352.775 352.776 352.777 352.779 352.782 352.785 352.789 352.793 352.797 352.801 352.805 352.809 352.813 352.816 352.821 352.827 352.835 352.845 352.856 352.871 352.889 352.911 352.935 352.956 352.979 353.004 353.024 353.033 353.031 353.023 353 352.958 352.894 352.811 352.711 352.592 352.451 352.291 352.115 351.93 351.736 351.53 351.316 351.098 350.88 350.659 350.43 350.189 349.939 349.681 349.406 349.104 348.775 348.422
352.814 352.813 352.811 352.808 352.806 352.803 352.8 352.797 352.794 352.792 352.79 352.788 352.787 352.787 352.788 352.789 352.791 352.794 352.798 352.801 352.805 352.809 352.813 352.817 352.821 352.825 352.829 352.833 352.84 352.848 352.857 352.868 352.882 352.9 352.921 352.943 352.964 352.986 353.011 353.031 353.04 353.039 353.031 353.011 352.971 352.91 352.831 352.735 352.619 352.482 352.324 352.15 351.967 351.774 351.567 351.353 351.135 350.917 350.696 350.467 350.228 349.981 349.727 349.457 349.161 348.837 348.492
352.819 352.817 352.816 352.814 352.812 352.81 352.807 352.805 352.802 352.8 352.799 352.797 352.797 352.797 352.798 352.799 352.801 352.803 352.807 352.81 352.814 352.818 352.821 352.825 352.829 352.833 352.837 352.841 352.847 352.854 352.863 352.873 352.886 352.902 352.922 352.943 352.963 352.984 353.008 353.027 353.036 353.036 353.03 353.011 352.974 352.916 352.843 352.751 352.64 352.507 352.353 352.184 352.004 351.813 351.609 351.396 351.18 350.964 350.745 350.519 350.282 350.038 349.789 349.525 349.233 348.915 348.575
352.823 352.822 352.82 352.819 352.817 352.815 352.813 352.811 352.809 352.807 352.805 352.804 352.803 352.803 352.804 352.805 352.807 352.809 352.812 352.816 352.819 352.822 352.826 352.829 352.833 352.836 352.839 352.843 352.848 352.854 352.862 352.871 352.882 352.897 352.915 352.934 352.953 352.973 352.995 353.013 353.022 353.023 353.018 353.001 352.967 352.914 352.845 352.76 352.655 352.527 352.379 352.214 352.04 351.854 351.654 351.445 351.233 351.021 350.805 350.582 350.349 350.11 349.866 349.606 349.32 349.006 348.67
352.827 352.826 352.825 352.824 352.822 352.821 352.819 352.817 352.815 352.814 352.812 352.811 352.81 352.81 352.81 352.811 352.812 352.814 352.817 352.82 352.823 352.826 352.829 352.832 352.835 352.838 352.84 352.843 352.847 352.852 352.858 352.866 352.876 352.889 352.905 352.922 352.939 352.957 352.978 352.995 353.004 353.005 353.001 352.986 352.955 352.906 352.843 352.764 352.665 352.544 352.402 352.244 352.075 351.895 351.7 351.497 351.29 351.083 350.872 350.654 350.425 350.191 349.953 349.698 349.415 349.105 348.774
352.831 352.831 352.831 352.83 352.829 352.828 352.826 352.825 352.823 352.822 352.821 352.82 352.819 352.819 352.819 352.82 352.821 352.822 352.825 352.827 352.83 352.832 352.834 352.837 352.839 352.841 352.843 352.845 352.848 352.852 352.856 352.862 352.871 352.882 352.895 352.91 352.925 352.942 352.961 352.977 352.986 352.987 352.984 352.971 352.942 352.898 352.841 352.767 352.675 352.559 352.424 352.273 352.111 351.936 351.748 351.55 351.349 351.147 350.941 350.728 350.505 350.276 350.043 349.793 349.515 349.209 348.881
352.837 352.837 352.837 352.837 352.837 352.836 352.835 352.834 352.833 352.832 352.831 352.83 352.829 352.829 352.829 352.83 352.831 352.832 352.834 352.836 352.838 352.84 352.842 352.843 352.845 352.846 352.847 352.847 352.849 352.852 352.854 352.858 352.864 352.873 352.885 352.898 352.91 352.925 352.943 352.958 352.965 352.967 352.965 352.953 352.927 352.887 352.836 352.769 352.683 352.574 352.446 352.302 352.147 351.979 351.797 351.606 351.411 351.215 351.015 350.808 350.591 350.368 350.14 349.896 349.622 349.32 348.995
352.842 352.843 352.844 352.844 352.845 352.845 352.845 352.844 352.844 352.843 352.842 352.841 352.841 352.841 352.841 352.841 352.842 352.843 352.844 352.846 352.847 352.848 352.849 352.85 352.851 352.851 352.85 352.849 352.85 352.85 352.851 352.853 352.857 352.864 352.872 352.883 352.893 352.906 352.922 352.935 352.942 352.944 352.942 352.933 352.909 352.874 352.828 352.768 352.688 352.587 352.466 352.33 352.183 352.023 351.848 351.665 351.477 351.288 351.095 350.895 350.684 350.467 350.245 350.006 349.737 349.437 349.115
352.848 352.85 352.852 352.853 352.854 352.855 352.856 352.856 352.856 352.856 352.856 352.855 352.855 352.855 352.855 352.855 352.856 352.856 352.857 352.858 352.859 352.859 352.859 352.859 352.859 352.858 352.856 352.854 352.852 352.851 352.85 352.849 352.851 352.855 352.861 352.869 352.878 352.888 352.902 352.914 352.92 352.922 352.921 352.912 352.892 352.86 352.82 352.765 352.693 352.598 352.485 352.357 352.217 352.065 351.898 351.723 351.543 351.361 351.176 350.983 350.778 350.568 350.353 350.119 349.854 349.558 349.238
352.857 352.859 352.862 352.864 352.867 352.868 352.87 352.871 352.872 352.872 352.873 352.873 352.873 352.873 352.873 352.873 352.874 352.874 352.875 352.875 352.875 352.875 352.874 352.873 352.871 352.869 352.865 352.862 352.859 352.856 352.853 352.85 352.85 352.852 352.855 352.861 352.867 352.876 352.887 352.898 352.903 352.904 352.903 352.896 352.877 352.849 352.813 352.764 352.697 352.609 352.502 352.381 352.249 352.104 351.945 351.777 351.604 351.43 351.252 351.067 350.869 350.666 350.458 350.231 349.971 349.679 349.362
352.866 352.87 352.874 352.878 352.881 352.884 352.886 352.889 352.89 352.892 352.893 352.894 352.894 352.895 352.895 352.895 352.896 352.896 352.896 352.896 352.895 352.894 352.893 352.891 352.888 352.884 352.879 352.874 352.87 352.865 352.859 352.855 352.852 352.852 352.854 352.856 352.861 352.867 352.877 352.886 352.89 352.891 352.89 352.883 352.866 352.84 352.808 352.764 352.702 352.619 352.518 352.403 352.278 352.14 351.987 351.826 351.661 351.495 351.325 351.147 350.957 350.762 350.561 350.341 350.087 349.8 349.487
352.877 352.883 352.888 352.893 352.897 352.902 352.905 352.909 352.912 352.914 352.916 352.918 352.919 352.92 352.921 352.921 352.921 352.921 352.921 352.921 352.919 352.917 352.915 352.912 352.908 352.903 352.896 352.89 352.883 352.877 352.869 352.863 352.858 352.856 352.855 352.855 352.857 352.862 352.87 352.877 352.88 352.88 352.878 352.872 352.856 352.833 352.804 352.763 352.705 352.627 352.533 352.424 352.304 352.173 352.028 351.874 351.716 351.558 351.396 351.226 351.044 350.857 350.664 350.452 350.204 349.922 349.613
352.891 352.897 352.904 352.91 352.916 352.922 352.927 352.932 352.936 352.939 352.942 352.945 352.947 352.948 352.949 352.95 352.95 352.95 352.95 352.949 352.947 352.944 352.941 352.937 352.931 352.925 352.917 352.909 352.901 352.893 352.884 352.875 352.868 352.864 352.861 352.859 352.859 352.862 352.867 352.872 352.874 352.873 352.871 352.864 352.849 352.827 352.801 352.763 352.709 352.636 352.546 352.442 352.329 352.203 352.065 351.918 351.768 351.618 351.464 351.303 351.13 350.951 350.767 350.563 350.322 350.046 349.741
352.906 352.914 352.923 352.931 352.938 352.945 352.952 352.958 352.963 352.968 352.972 352.975 352.978 352.98 352.982 352.983 352.983 352.983 352.982 352.981 352.978 352.975 352.971 352.965 352.959 352.951 352.942 352.933 352.923 352.913 352.903 352.892 352.884 352.877 352.872 352.869 352.867 352.868 352.871 352.874 352.875 352.873 352.869 352.862 352.847 352.826 352.801 352.766 352.714 352.644 352.558 352.459 352.351 352.231 352.099 351.959 351.816 351.674 351.529 351.377 351.213 351.044 350.87 350.674 350.441 350.17 349.871
352.925 352.934 352.944 352.954 352.963 352.971 352.979 352.987 352.994 353 353.005 353.009 353.013 353.016 353.018 353.02 353.02 353.02 353.019 353.017 353.014 353.01 353.005 352.999 352.991 352.983 352.972 352.962 352.951 352.939 352.927 352.915 352.905 352.897 352.89 352.885 352.881 352.88 352.882 352.883 352.882 352.878 352.874 352.865 352.85 352.829 352.804 352.769 352.719 352.651 352.568 352.473 352.369 352.254 352.128 351.994 351.859 351.725 351.589 351.447 351.293 351.133 350.969 350.784 350.559 350.295 350.001
352.945 352.957 352.968 352.98 352.99 353 353.01 353.019 353.028 353.035 353.041 353.047 353.052 353.056 353.059 353.061 353.061 353.061 353.06 353.058 353.054 353.05 353.044 353.036 353.028 353.018 353.007 352.995 352.982 352.97 352.956 352.943 352.932 352.922 352.914 352.906 352.901 352.898 352.898 352.897 352.894 352.889 352.883 352.873 352.856 352.835 352.809 352.774 352.725 352.658 352.577 352.484 352.384 352.274 352.153 352.026 351.897 351.772 351.646 351.514 351.369 351.22 351.068 350.893 350.677 350.42 350.132
352.969 352.982 352.995 353.008 353.02 353.032 353.044 353.054 353.064 353.073 353.081 353.087 353.093 353.098 353.101 353.104 353.105 353.105 353.104 353.101 353.097 353.092 353.085 353.077 353.068 353.057 353.044 353.031 353.018 353.004 352.989 352.975 352.962 352.951 352.942 352.933 352.926 352.921 352.919 352.917 352.912 352.905 352.897 352.886 352.867 352.844 352.817 352.781 352.732 352.666 352.586 352.496 352.399 352.293 352.177 352.056 351.935 351.818 351.703 351.581 351.448 351.309 351.168 351.005 350.798 350.549 350.267
352.994 353.009 353.024 353.039 353.053 353.066 353.079 353.091 353.102 353.112 353.121 353.129 353.136 353.142 353.146 353.149 353.15 353.151 353.149 353.147 353.142 353.136 353.129 353.12 353.11 353.098 353.084 353.07 353.056 353.041 353.026 353.01 352.997 352.985 352.974 352.964 352.955 352.949 352.945 352.941 352.934 352.925 352.916 352.902 352.882 352.857 352.829 352.792 352.742 352.676 352.598 352.51 352.416 352.314 352.204 352.09 351.977 351.869 351.764 351.654 351.531 351.404 351.275 351.123 350.925 350.682 350.406
353.023 353.039 353.056 353.072 353.088 353.103 353.117 353.131 353.143 353.154 353.165 353.174 353.182 353.188 353.193 353.197 353.198 353.199 353.197 353.194 353.19 353.183 353.175 353.166 353.155 353.142 353.128 353.113 353.098 353.083 353.066 353.05 353.036 353.023 353.011 353 352.99 352.982 352.977 352.971 352.962 352.951 352.94 352.924 352.902 352.875 352.844 352.805 352.754 352.689 352.611 352.525 352.434 352.337 352.232 352.125 352.02 351.922 351.828 351.73 351.619 351.504 351.387 351.246 351.057 350.821 350.549
353.054 353.072 353.091 353.109 353.126 353.142 353.158 353.173 353.187 353.199 353.211 353.221 353.23 353.237 353.243 353.247 353.249 353.249 353.248 353.245 353.24 353.233 353.225 353.214 353.203 353.19 353.175 353.159 353.144 353.128 353.111 353.094 353.079 353.065 353.053 353.041 353.03 353.021 353.014 353.006 352.995 352.983 352.969 352.951 352.927 352.897 352.863 352.822 352.77 352.704 352.626 352.541 352.452 352.36 352.261 352.161 352.064 351.977 351.894 351.809 351.71 351.606 351.502 351.373 351.193 350.963 350.697
353.087 353.107 353.127 353.146 353.165 353.183 353.2 353.216 353.231 353.245 353.257 353.269 353.278 353.286 353.293 353.297 353.3 353.301 353.299 353.296 353.291 353.284 353.275 353.264 353.252 353.239 353.223 353.207 353.191 353.175 353.158 353.141 353.125 353.111 353.097 353.085 353.073 353.062 353.054 353.044 353.032 353.017 353.001 352.981 352.954 352.922 352.885 352.841 352.787 352.721 352.643 352.559 352.474 352.386 352.293 352.201 352.113 352.036 351.966 351.893 351.807 351.716 351.624 351.506 351.334 351.111 350.848
353.122 353.144 353.165 353.185 353.205 353.224 353.242 353.26 353.276 353.29 353.304 353.316 353.326 353.335 353.342 353.347 353.35 353.351 353.35 353.346 353.341 353.334 353.324 353.313 353.301 353.287 353.272 353.255 353.239 353.222 353.205 353.188 353.171 353.157 353.143 353.129 353.117 353.105 353.095 353.083 353.069 353.052 353.034 353.011 352.983 352.948 352.909 352.862 352.807 352.741 352.664 352.581 352.499 352.417 352.331 352.247 352.169 352.103 352.046 351.987 351.913 351.834 351.754 351.647 351.483 351.264 351.003
353.159 353.182 353.204 353.226 353.247 353.267 353.286 353.304 353.321 353.336 353.35 353.363 353.374 353.383 353.391 353.396 353.4 353.401 353.4 353.396 353.391 353.384 353.374 353.363 353.35 353.336 353.321 353.304 353.287 353.271 353.253 353.236 353.22 353.205 353.19 353.176 353.163 353.15 353.138 353.125 353.109 353.09 353.069 353.044 353.014 352.977 352.935 352.887 352.832 352.765 352.689 352.609 352.531 352.454 352.377 352.302 352.234 352.18 352.137 352.092 352.031 351.964 351.896 351.798 351.642 351.426 351.166
353.198 353.222 353.245 353.268 353.29 353.311 353.331 353.349 353.367 353.383 353.397 353.411 353.422 353.432 353.44 353.446 353.449 353.451 353.45 353.447 353.441 353.434 353.424 353.413 353.4 353.386 353.37 353.354 353.337 353.321 353.303 353.286 353.27 353.255 353.24 353.226 353.211 353.197 353.184 353.169 353.151 353.13 353.107 353.08 353.047 353.008 352.965 352.915 352.859 352.793 352.718 352.64 352.566 352.496 352.427 352.363 352.306 352.264 352.236 352.205 352.157 352.102 352.046 351.958 351.808 351.595 351.334
353.238 353.263 353.287 353.311 353.333 353.355 353.375 353.394 353.412 353.428 353.443 353.457 353.469 353.479 353.487 353.493 353.497 353.499 353.498 353.495 353.49 353.483 353.473 353.461 353.449 353.435 353.419 353.403 353.387 353.37 353.353 353.336 353.32 353.304 353.289 353.275 353.259 353.244 353.23 353.214 353.194 353.171 353.145 353.115 353.08 353.04 352.994 352.944 352.887 352.822 352.748 352.673 352.604 352.541 352.481 352.427 352.381 352.353 352.339 352.323 352.288 352.245 352.2 352.122 351.977 351.765 351.502
353.278 353.304 353.329 353.353 353.376 353.397 353.418 353.437 353.455 353.472 353.487 353.501 353.513 353.523 353.531 353.537 353.542 353.543 353.543 353.54 353.535 353.528 353.518 353.507 353.495 353.481 353.466 353.45 353.434 353.417 353.401 353.384 353.368 353.352 353.337 353.322 353.306 353.289 353.273 353.255 353.234 353.208 353.18 353.148 353.111 353.069 353.022 352.97 352.914 352.85 352.777 352.705 352.641 352.586 352.535 352.492 352.458 352.442 352.443 352.442 352.42 352.388 352.354 352.284 352.143 351.932 351.666
353.318 353.345 353.37 353.395 353.418 353.439 353.46 353.479 353.497 353.513 353.528 353.542 353.554 353.564 353.572 353.579 353.583 353.585 353.584 353.582 353.577 353.57 353.561 353.55 353.538 353.525 353.51 353.494 353.479 353.463 353.447 353.43 353.414 353.398 353.383 353.367 353.35 353.333 353.315 353.296 353.272 353.244 353.214 353.179 353.14 353.096 353.048 352.997 352.941 352.878 352.808 352.74 352.681 352.633 352.593 352.561 352.539 352.538 352.554 352.567 352.559 352.538 352.514 352.451 352.314 352.102 351.831
353.359 353.386 353.412 353.436 353.459 353.481 353.501 353.52 353.537 353.553 353.568 353.581 353.593 353.602 353.611 353.617 353.621 353.623 353.623 353.621 353.617 353.61 353.601 353.591 353.579 353.567 353.553 353.538 353.523 353.507 353.492 353.476 353.46 353.444 353.428 353.412 353.394 353.376 353.356 353.335 353.309 353.279 353.246 353.208 353.168 353.123 353.074 353.023 352.968 352.907 352.84 352.775 352.722 352.683 352.654 352.634 352.625 352.637 352.669 352.698 352.702 352.692 352.677 352.622 352.488 352.273 351.997
