x64/Release/topo.asc
NCOLS 512
NROWS 512
XLLCORNER -3.2458200000
YLLCORNER -4.0874300000
CELLSIZE 5.000000
NODATA_VALUE -99999.0000
[rows 120 to 149 of 512, columns 0 to 66 of 512]
351.697 351.65 351.592 351.536 351.482 351.424 351.367 351.317 351.275 351.239 351.206 351.172 351.138 351.105 351.07 351.031 350.984 350.931 350.877 350.828 350.781 350.735 350.696 350.673 350.668 350.677 350.701 350.741 350.803 350.884 350.977 351.077 351.185 351.304 351.427 351.545 351.657 351.769 351.876 351.976 352.067 352.15 352.229 352.305 352.377 352.444 352.51 352.578 352.647 352.716 352.787 352.861 352.938 353.019 353.101 353.184 353.268 353.353 353.438 353.519 353.598 353.674 353.746 353.812 353.871 353.924 353.971
351.535 351.483 351.419 351.357 351.297 351.233 351.17 351.114 351.066 351.025 350.987 350.948 350.91 350.874 350.836 350.794 350.744 350.689 350.634 350.583 350.535 350.488 350.448 350.427 350.423 350.434 350.461 350.507 350.575 350.663 350.766 350.876 350.995 351.128 351.264 351.395 351.521 351.646 351.766 351.878 351.979 352.073 352.16 352.243 352.322 352.394 352.464 352.535 352.608 352.68 352.753 352.83 352.91 352.993 353.078 353.164 353.251 353.341 353.429 353.514 353.596 353.676 353.752 353.822 353.884 353.94 353.99
351.35 351.292 351.224 351.156 351.091 351.021 350.952 350.89 350.838 350.792 350.749 350.706 350.664 350.625 350.584 350.54 350.488 350.431 350.374 350.323 350.274 350.225 350.186 350.165 350.164 350.177 350.208 350.258 350.333 350.43 350.542 350.662 350.794 350.94 351.09 351.235 351.375 351.514 351.648 351.773 351.885 351.989 352.085 352.177 352.262 352.34 352.414 352.49 352.566 352.641 352.717 352.795 352.879 352.965 353.053 353.142 353.233 353.326 353.418 353.507 353.593 353.678 353.757 353.83 353.896 353.955 354.008
351.139 351.077 351.003 350.93 350.86 350.785 350.712 350.645 350.589 350.539 350.493 350.447 350.403 350.361 350.319 350.272 350.219 350.161 350.103 350.051 350.002 349.953 349.913 349.893 349.894 349.909 349.943 349.999 350.081 350.186 350.307 350.438 350.582 350.742 350.906 351.066 351.22 351.373 351.522 351.659 351.783 351.898 352.004 352.104 352.197 352.28 352.36 352.44 352.52 352.598 352.676 352.758 352.844 352.933 353.024 353.117 353.211 353.308 353.405 353.498 353.588 353.676 353.761 353.837 353.906 353.969 354.024
350.899 350.833 350.754 350.678 350.603 350.524 350.447 350.377 350.317 350.265 350.216 350.169 350.123 350.079 350.036 349.989 349.935 349.876 349.817 349.765 349.715 349.665 349.626 349.608 349.61 349.628 349.666 349.727 349.815 349.929 350.06 350.202 350.359 350.532 350.712 350.886 351.055 351.224 351.387 351.538 351.675 351.801 351.918 352.027 352.127 352.217 352.302 352.386 352.47 352.551 352.633 352.718 352.807 352.899 352.993 353.089 353.187 353.288 353.389 353.486 353.58 353.673 353.762 353.843 353.915 353.982 354.04
350.634 350.563 350.481 350.4 350.322 350.24 350.159 350.087 350.025 349.971 349.921 349.872 349.825 349.781 349.737 349.689 349.635 349.575 349.516 349.464 349.414 349.364 349.326 349.308 349.312 349.333 349.375 349.441 349.537 349.659 349.8 349.954 350.123 350.311 350.506 350.696 350.88 351.065 351.244 351.41 351.559 351.698 351.825 351.944 352.052 352.149 352.239 352.329 352.417 352.502 352.586 352.674 352.766 352.861 352.959 353.058 353.16 353.265 353.37 353.472 353.571 353.669 353.762 353.847 353.924 353.993 354.055
350.348 350.273 350.186 350.102 350.021 349.936 349.853 349.778 349.715 349.66 349.609 349.56 349.513 349.469 349.425 349.378 349.324 349.265 349.206 349.154 349.104 349.055 349.017 349.001 349.007 349.03 349.076 349.147 349.25 349.38 349.532 349.696 349.879 350.081 350.291 350.496 350.696 350.897 351.092 351.272 351.435 351.586 351.725 351.854 351.971 352.075 352.171 352.267 352.36 352.448 352.536 352.627 352.723 352.821 352.922 353.024 353.13 353.24 353.349 353.456 353.559 353.662 353.76 353.849 353.929 354.002 354.067
350.047 349.967 349.876 349.788 349.704 349.617 349.532 349.456 349.392 349.336 349.286 349.237 349.191 349.149 349.106 349.06 349.007 348.949 348.891 348.84 348.791 348.743 348.705 348.691 348.699 348.725 348.774 348.851 348.96 349.098 349.258 349.433 349.627 349.843 350.068 350.287 350.502 350.718 350.928 351.123 351.3 351.464 351.615 351.755 351.881 351.993 352.097 352.198 352.297 352.39 352.482 352.578 352.678 352.779 352.883 352.99 353.1 353.213 353.327 353.437 353.545 353.652 353.754 353.847 353.93 354.007 354.074
349.727 349.643 349.547 349.456 349.369 349.279 349.193 349.116 349.053 348.998 348.95 348.903 348.859 348.819 348.779 348.736 348.684 348.628 348.573 348.523 348.475 348.428 348.392 348.379 348.39 348.418 348.47 348.551 348.666 348.811 348.98 349.165 349.37 349.599 349.837 350.07 350.3 350.531 350.757 350.966 351.157 351.334 351.498 351.649 351.785 351.906 352.017 352.126 352.231 352.329 352.426 352.526 352.63 352.735 352.843 352.953 353.066 353.184 353.301 353.416 353.527 353.638 353.744 353.841 353.928 354.007 354.077
349.388 349.299 349.199 349.104 349.015 348.923 348.836 348.76 348.697 348.645 348.599 348.555 348.514 348.478 348.442 348.402 348.354 348.3 348.247 348.2 348.154 348.108 348.073 348.062 348.075 348.106 348.161 348.246 348.367 348.519 348.695 348.889 349.105 349.346 349.598 349.845 350.088 350.335 350.576 350.8 351.004 351.195 351.372 351.536 351.682 351.812 351.932 352.048 352.16 352.264 352.366 352.471 352.579 352.689 352.8 352.913 353.031 353.153 353.274 353.392 353.508 353.622 353.732 353.832 353.922 354.004 354.077
349.037 348.942 348.838 348.739 348.647 348.554 348.466 348.39 348.329 348.279 348.237 348.196 348.159 348.127 348.096 348.06 348.015 347.965 347.915 347.87 347.827 347.783 347.75 347.741 347.756 347.789 347.847 347.936 348.062 348.22 348.404 348.606 348.832 349.084 349.348 349.608 349.865 350.126 350.382 350.62 350.839 351.044 351.235 351.411 351.568 351.709 351.839 351.964 352.083 352.194 352.302 352.412 352.526 352.64 352.755 352.873 352.995 353.12 353.245 353.366 353.485 353.604 353.716 353.819 353.912 353.997 354.072
348.678 348.578 348.468 348.365 348.27 348.175 348.086 348.01 347.95 347.903 347.864 347.827 347.793 347.766 347.74 347.708 347.668 347.622 347.576 347.534 347.494 347.452 347.421 347.415 347.433 347.468 347.528 347.621 347.752 347.915 348.105 348.314 348.549 348.811 349.085 349.357 349.627 349.902 350.171 350.424 350.657 350.876 351.081 351.27 351.44 351.593 351.733 351.869 351.997 352.117 352.232 352.349 352.469 352.589 352.709 352.831 352.957 353.086 353.214 353.339 353.461 353.582 353.697 353.802 353.896 353.983 354.059
348.313 348.206 348.09 347.982 347.884 347.786 347.696 347.619 347.56 347.516 347.48 347.446 347.418 347.396 347.375 347.349 347.313 347.272 347.231 347.194 347.157 347.118 347.09 347.087 347.107 347.145 347.208 347.304 347.438 347.606 347.8 348.016 348.258 348.529 348.813 349.095 349.376 349.664 349.947 350.213 350.46 350.694 350.914 351.117 351.301 351.466 351.62 351.766 351.906 352.035 352.159 352.284 352.411 352.537 352.662 352.789 352.919 353.052 353.183 353.31 353.434 353.557 353.673 353.78 353.875 353.962 354.039
347.938 347.824 347.701 347.588 347.486 347.385 347.293 347.216 347.159 347.117 347.084 347.055 347.032 347.016 347.002 346.981 346.951 346.916 346.88 346.847 346.815 346.779 346.755 346.755 346.778 346.818 346.883 346.982 347.12 347.291 347.489 347.71 347.959 348.237 348.529 348.82 349.112 349.413 349.709 349.988 350.249 350.499 350.733 350.951 351.149 351.329 351.497 351.657 351.808 351.948 352.082 352.216 352.35 352.483 352.614 352.746 352.881 353.016 353.15 353.28 353.405 353.529 353.646 353.753 353.849 353.936 354.012
347.554 347.433 347.303 347.184 347.078 346.974 346.88 346.803 346.746 346.707 346.678 346.653 346.635 346.625 346.617 346.603 346.579 346.55 346.519 346.492 346.464 346.433 346.412 346.415 346.441 346.484 346.551 346.653 346.793 346.967 347.169 347.394 347.648 347.932 348.231 348.531 348.833 349.144 349.453 349.745 350.02 350.285 350.535 350.768 350.981 351.177 351.36 351.534 351.698 351.85 351.996 352.141 352.284 352.425 352.563 352.701 352.84 352.979 353.116 353.247 353.374 353.498 353.615 353.722 353.817 353.903 353.979
347.164 347.035 346.898 346.773 346.662 346.555 346.458 346.38 346.324 346.286 346.261 346.24 346.226 346.222 346.22 346.212 346.194 346.171 346.146 346.125 346.101 346.075 346.059 346.065 346.094 346.139 346.209 346.313 346.456 346.631 346.836 347.064 347.322 347.611 347.916 348.223 348.534 348.856 349.175 349.48 349.769 350.048 350.314 350.563 350.792 351.005 351.203 351.393 351.572 351.739 351.898 352.055 352.209 352.359 352.506 352.651 352.796 352.94 353.079 353.213 353.341 353.465 353.581 353.687 353.781 353.865 353.94
346.768 346.631 346.486 346.355 346.238 346.127 346.027 345.947 345.891 345.855 345.832 345.814 345.805 345.805 345.809 345.806 345.794 345.777 345.759 345.744 345.726 345.705 345.693 345.704 345.736 345.784 345.856 345.962 346.106 346.283 346.489 346.72 346.981 347.273 347.583 347.896 348.215 348.546 348.876 349.193 349.495 349.79 350.072 350.337 350.584 350.814 351.03 351.237 351.433 351.616 351.791 351.961 352.129 352.29 352.447 352.6 352.751 352.899 353.042 353.178 353.306 353.429 353.543 353.647 353.739 353.82 353.892
346.364 346.219 346.066 345.928 345.806 345.689 345.586 345.503 345.447 345.412 345.392 345.377 345.371 345.377 345.385 345.389 345.383 345.373 345.361 345.352 345.34 345.325 345.318 345.333 345.369 345.419 345.494 345.601 345.747 345.924 346.131 346.363 346.626 346.92 347.233 347.552 347.877 348.216 348.557 348.885 349.201 349.511 349.81 350.093 350.357 350.605 350.841 351.066 351.28 351.482 351.674 351.86 352.042 352.216 352.384 352.547 352.705 352.858 353.004 353.141 353.269 353.39 353.502 353.602 353.691 353.769 353.837
345.952 345.798 345.638 345.492 345.365 345.243 345.136 345.051 344.994 344.961 344.942 344.931 344.928 344.938 344.952 344.961 344.961 344.958 344.954 344.951 344.945 344.936 344.934 344.954 344.993 345.046 345.123 345.232 345.378 345.556 345.762 345.995 346.259 346.554 346.869 347.191 347.522 347.869 348.218 348.557 348.886 349.211 349.526 349.826 350.108 350.376 350.631 350.876 351.109 351.331 351.542 351.746 351.943 352.132 352.313 352.487 352.653 352.812 352.961 353.101 353.23 353.349 353.457 353.555 353.64 353.713 353.776
345.531 345.369 345.201 345.049 344.916 344.79 344.679 344.592 344.535 344.502 344.486 344.477 344.478 344.493 344.512 344.526 344.533 344.536 344.539 344.543 344.543 344.539 344.544 344.568 344.611 344.666 344.744 344.855 345.001 345.178 345.384 345.616 345.88 346.176 346.492 346.817 347.152 347.505 347.861 348.21 348.55 348.889 349.219 349.535 349.835 350.122 350.398 350.662 350.916 351.158 351.39 351.613 351.828 352.034 352.23 352.415 352.592 352.758 352.913 353.056 353.186 353.304 353.41 353.504 353.586 353.654 353.712
345.099 344.929 344.755 344.597 344.459 344.328 344.214 344.124 344.066 344.034 344.019 344.013 344.017 344.036 344.06 344.08 344.093 344.103 344.113 344.123 344.13 344.132 344.142 344.171 344.217 344.275 344.355 344.467 344.613 344.789 344.993 345.225 345.488 345.783 346.099 346.425 346.763 347.12 347.483 347.84 348.191 348.542 348.887 349.219 349.536 349.843 350.139 350.425 350.7 350.965 351.22 351.464 351.698 351.923 352.136 352.337 352.525 352.7 352.863 353.01 353.142 353.259 353.362 353.452 353.529 353.592 353.644
344.657 344.481 344.299 344.136 343.993 343.858 343.74 343.648 343.589 343.557 343.543 343.539 343.546 343.57 343.599 343.625 343.644 343.661 343.677 343.694 343.707 343.715 343.731 343.764 343.814 343.875 343.956 344.069 344.215 344.389 344.591 344.821 345.083 345.375 345.69 346.016 346.357 346.717 347.084 347.448 347.809 348.172 348.531 348.878 349.214 349.541 349.858 350.166 350.464 350.753 351.032 351.299 351.555 351.801 352.034 352.251 352.452 352.638 352.809 352.961 353.095 353.211 353.311 353.397 353.469 353.525 353.57
344.208 344.025 343.838 343.669 343.521 343.382 343.261 343.167 343.107 343.075 343.063 343.061 343.072 343.1 343.135 343.166 343.191 343.215 343.239 343.262 343.281 343.296 343.317 343.355 343.408 343.471 343.554 343.667 343.812 343.984 344.184 344.411 344.67 344.96 345.272 345.598 345.939 346.301 346.672 347.041 347.41 347.784 348.155 348.517 348.87 349.216 349.555 349.885 350.206 350.52 350.824 351.114 351.393 351.662 351.916 352.151 352.366 352.565 352.745 352.905 353.042 353.157 353.255 353.339 353.406 353.456 353.494
343.753 343.564 343.371 343.197 343.045 342.903 342.779 342.684 342.623 342.592 342.581 342.582 342.597 342.631 342.672 342.709 342.741 342.773 342.804 342.834 342.86 342.881 342.908 342.95 343.006 343.071 343.155 343.268 343.411 343.581 343.777 344.001 344.256 344.542 344.851 345.175 345.515 345.877 346.25 346.624 347 347.382 347.763 348.139 348.507 348.871 349.23 349.58 349.924 350.262 350.591 350.906 351.208 351.5 351.776 352.03 352.263 352.476 352.667 352.836 352.978 353.095 353.193 353.275 353.339 353.383 353.415
343.29 343.095 342.897 342.719 342.564 342.418 342.292 342.196 342.136 342.106 342.098 342.102 342.122 342.161 342.208 342.252 342.291 342.331 342.37 342.408 342.44 342.467 342.5 342.546 342.605 342.672 342.757 342.869 343.011 343.177 343.369 343.588 343.84 344.121 344.425 344.745 345.084 345.444 345.817 346.194 346.574 346.962 347.353 347.74 348.122 348.503 348.88 349.251 349.618 349.98 350.334 350.674 351.001 351.319 351.619 351.895 352.145 352.375 352.58 352.759 352.908 353.03 353.128 353.21 353.271 353.311 353.337
342.819 342.619 342.416 342.235 342.076 341.928 341.801 341.704 341.645 341.617 341.611 341.619 341.644 341.688 341.742 341.794 341.84 341.888 341.935 341.981 342.02 342.054 342.092 342.143 342.205 342.273 342.358 342.469 342.608 342.77 342.958 343.173 343.418 343.693 343.992 344.307 344.643 345 345.372 345.75 346.133 346.526 346.924 347.321 347.716 348.113 348.508 348.899 349.288 349.675 350.055 350.42 350.774 351.118 351.444 351.743 352.014 352.262 352.483 352.675 352.832 352.959 353.06 353.142 353.202 353.237 353.258
342.346 342.141 341.934 341.748 341.587 341.436 341.308 341.211 341.153 341.127 341.125 341.137 341.167 341.218 341.28 341.339 341.393 341.45 341.506 341.559 341.605 341.645 341.689 341.744 341.808 341.877 341.961 342.071 342.207 342.364 342.546 342.755 342.995 343.263 343.555 343.865 344.196 344.55 344.919 345.296 345.681 346.078 346.482 346.887 347.294 347.705 348.116 348.526 348.936 349.347 349.752 350.143 350.522 350.893 351.246 351.569 351.861 352.129 352.367 352.572 352.74 352.873 352.978 353.063 353.123 353.156 353.173
341.878 341.667 341.455 341.265 341.1 340.947 340.817 340.72 340.663 340.641 340.642 340.66 340.696 340.755 340.825 340.892 340.955 341.02 341.085 341.146 341.199 341.245 341.293 341.352 341.417 341.486 341.569 341.677 341.809 341.961 342.137 342.34 342.573 342.833 343.118 343.422 343.748 344.097 344.463 344.839 345.224 345.624 346.031 346.443 346.86 347.283 347.709 348.135 348.564 348.997 349.425 349.839 350.243 350.64 351.017 351.364 351.678 351.965 352.222 352.443 352.622 352.765 352.877 352.966 353.028 353.061 353.077
341.412 341.194 340.976 340.782 340.614 340.458 340.327 340.23 340.175 340.155 340.162 340.185 340.229 340.296 340.375 340.452 340.524 340.599 340.673 340.742 340.801 340.854 340.907 340.968 341.034 341.103 341.184 341.288 341.416 341.562 341.731 341.926 342.152 342.405 342.682 342.979 343.298 343.642 344.003 344.376 344.761 345.16 345.571 345.987 346.411 346.844 347.283 347.724 348.17 348.623 349.073 349.51 349.937 350.359 350.762 351.132 351.468 351.778 352.054 352.292 352.486 352.64 352.761 352.858 352.925 352.96 352.977
340.946 340.722 340.498 340.299 340.127 339.969 339.836 339.74 339.687 339.671 339.683 339.713 339.764 339.842 339.931 340.017 340.1 340.185 340.268 340.345 340.411 340.469 340.526 340.59 340.657 340.725 340.803 340.904 341.026 341.165 341.326 341.514 341.732 341.976 342.244 342.533 342.845 343.182 343.538 343.907 344.289 344.687 345.098 345.519 345.948 346.39 346.839 347.293 347.755 348.226 348.696 349.154 349.605 350.052 350.48 350.874 351.234 351.566 351.864 352.121 352.331 352.498 352.631 352.737 352.812 352.851 352.87
