x64/Release/topo.asc
NCOLS 512
NROWS 512
XLLCORNER -3.2458200000
YLLCORNER -4.0874300000
CELLSIZE 5.000000
NODATA_VALUE -99999.0000
[rows 270 to 299 of 512, columns 268 to 334 of 512]
232.045 232.304 232.548 232.755 232.912 233.031 233.128 233.216 233.291 233.347 233.402 233.472 233.568 233.678 233.795 233.909 234.021 234.136 234.246 234.342 234.421 234.488 234.545 234.594 234.633 234.66 234.683 234.707 234.731 234.751 234.776 234.812 234.85 234.886 234.948 235.066 235.227 235.418 235.684 236.068 236.573 237.174 237.899 238.772 239.812 241.004 242.324 243.751 245.298 246.977 248.74 250.539 252.378 254.281 256.21 258.127 260.03 261.939 263.834 265.696 267.526 269.334 271.104 272.817 274.473 276.082 277.631
232.483 232.774 233.05 233.287 233.472 233.619 233.741 233.855 233.956 234.036 234.115 234.21 234.331 234.467 234.61 234.748 234.885 235.024 235.156 235.271 235.365 235.445 235.511 235.563 235.6 235.62 235.631 235.639 235.643 235.639 235.636 235.644 235.652 235.656 235.687 235.777 235.914 236.083 236.331 236.704 237.204 237.808 238.541 239.427 240.485 241.701 243.049 244.501 246.074 247.78 249.568 251.388 253.243 255.159 257.099 259.025 260.935 262.848 264.747 266.615 268.456 270.276 272.06 273.794 275.477 277.119 278.705
232.952 233.274 233.579 233.845 234.057 234.23 234.378 234.517 234.642 234.747 234.85 234.971 235.118 235.281 235.451 235.616 235.779 235.945 236.102 236.237 236.349 236.442 236.518 236.574 236.607 236.617 236.613 236.603 236.581 236.546 236.509 236.483 236.455 236.421 236.415 236.473 236.584 236.729 236.958 237.319 237.816 238.424 239.165 240.064 241.14 242.38 243.753 245.231 246.827 248.556 250.366 252.205 254.074 256 257.947 259.88 261.793 263.707 265.607 267.48 269.328 271.158 272.955 274.706 276.415 278.087 279.707
233.451 233.802 234.136 234.43 234.669 234.866 235.039 235.204 235.355 235.485 235.613 235.76 235.935 236.127 236.325 236.519 236.71 236.905 237.09 237.248 237.378 237.487 237.572 237.631 237.659 237.658 237.637 237.603 237.552 237.48 237.404 237.337 237.269 237.191 237.143 237.165 237.246 237.365 237.573 237.922 238.415 239.026 239.776 240.688 241.781 243.044 244.442 245.942 247.559 249.31 251.139 252.994 254.873 256.806 258.758 260.693 262.608 264.519 266.418 268.293 270.145 271.981 273.789 275.556 277.287 278.987 280.641
233.979 234.357 234.718 235.037 235.301 235.523 235.721 235.91 236.088 236.245 236.401 236.576 236.781 237.005 237.235 237.459 237.682 237.91 238.124 238.307 238.456 238.58 238.676 238.737 238.758 238.743 238.7 238.639 238.554 238.44 238.317 238.205 238.09 237.964 237.87 237.852 237.899 237.99 238.176 238.51 238.998 239.612 240.372 241.295 242.405 243.689 245.11 246.632 248.269 250.039 251.885 253.753 255.641 257.579 259.532 261.469 263.382 265.29 267.185 269.059 270.914 272.755 274.57 276.351 278.102 279.828 281.511
234.533 234.934 235.318 235.661 235.949 236.195 236.416 236.632 236.836 237.022 237.209 237.415 237.654 237.914 238.181 238.44 238.698 238.961 239.208 239.417 239.586 239.726 239.83 239.891 239.903 239.87 239.801 239.709 239.584 239.422 239.247 239.085 238.919 238.74 238.595 238.533 238.544 238.604 238.766 239.083 239.564 240.181 240.948 241.883 243.008 244.313 245.756 247.299 248.954 250.741 252.603 254.483 256.378 258.319 260.273 262.209 264.12 266.023 267.913 269.785 271.642 273.485 275.306 277.099 278.867 280.615 282.326
235.113 235.533 235.937 236.3 236.609 236.876 237.12 237.361 237.593 237.809 238.028 238.269 238.545 238.845 239.151 239.45 239.746 240.048 240.33 240.568 240.759 240.915 241.027 241.088 241.087 241.032 240.934 240.805 240.636 240.42 240.188 239.969 239.748 239.511 239.311 239.201 239.173 239.199 239.335 239.634 240.108 240.726 241.501 242.447 243.587 244.912 246.378 247.94 249.612 251.416 253.292 255.182 257.083 259.025 260.978 262.912 264.818 266.714 268.598 270.466 272.322 274.165 275.99 277.791 279.574 281.342 283.076
235.72 236.156 236.576 236.957 237.285 237.572 237.838 238.104 238.366 238.613 238.866 239.144 239.46 239.803 240.154 240.494 240.832 241.176 241.497 241.765 241.978 242.151 242.272 242.33 242.315 242.235 242.103 241.934 241.715 241.44 241.145 240.864 240.582 240.282 240.022 239.86 239.79 239.781 239.888 240.168 240.633 241.252 242.035 242.992 244.146 245.491 246.978 248.559 250.247 252.065 253.953 255.852 257.756 259.697 261.647 263.577 265.477 267.365 269.24 271.103 272.955 274.797 276.623 278.431 280.226 282.01 283.765
236.356 236.805 237.24 237.638 237.984 238.292 238.581 238.873 239.166 239.449 239.74 240.058 240.417 240.808 241.207 241.594 241.977 242.365 242.727 243.027 243.262 243.451 243.578 243.632 243.6 243.491 243.321 243.105 242.832 242.493 242.129 241.782 241.434 241.066 240.742 240.525 240.409 240.361 240.438 240.697 241.151 241.769 242.557 243.523 244.689 246.052 247.559 249.156 250.858 252.688 254.588 256.493 258.399 260.339 262.285 264.21 266.104 267.982 269.848 271.704 273.552 275.391 277.217 279.029 280.833 282.631 284.404
237.023 237.485 237.933 238.348 238.714 239.043 239.358 239.679 240.007 240.329 240.663 241.026 241.435 241.879 242.332 242.768 243.199 243.635 244.038 244.37 244.627 244.83 244.961 245.007 244.953 244.81 244.597 244.331 243.998 243.59 243.153 242.734 242.316 241.877 241.485 241.209 241.044 240.955 240.998 241.231 241.671 242.284 243.075 244.046 245.222 246.599 248.122 249.734 251.447 253.288 255.196 257.108 259.016 260.954 262.896 264.816 266.703 268.573 270.431 272.281 274.124 275.958 277.783 279.598 281.409 283.218 285.006
237.717 238.19 238.65 239.081 239.467 239.818 240.159 240.513 240.879 241.245 241.627 242.04 242.503 243.005 243.517 244.009 244.49 244.977 245.425 245.791 246.07 246.285 246.419 246.454 246.376 246.195 245.933 245.612 245.215 244.732 244.216 243.721 243.228 242.713 242.249 241.91 241.692 241.557 241.563 241.768 242.19 242.796 243.587 244.56 245.742 247.131 248.668 250.292 252.013 253.864 255.779 257.694 259.603 261.538 263.476 265.39 267.271 269.132 270.981 272.823 274.661 276.49 278.312 280.127 281.943 283.759 285.558
238.441 238.922 239.392 239.838 240.244 240.619 240.987 241.375 241.782 242.196 242.63 243.098 243.62 244.186 244.762 245.312 245.849 246.389 246.884 247.284 247.585 247.812 247.947 247.969 247.863 247.639 247.324 246.943 246.477 245.914 245.314 244.737 244.165 243.569 243.028 242.622 242.348 242.164 242.13 242.304 242.706 243.303 244.089 245.062 246.249 247.647 249.195 250.829 252.558 254.415 256.335 258.253 260.161 262.093 264.025 265.934 267.807 269.659 271.499 273.333 275.164 276.987 278.804 280.617 282.435 284.256 286.063
239.2 239.689 240.17 240.632 241.059 241.458 241.858 242.282 242.734 243.199 243.69 244.217 244.802 245.436 246.08 246.692 247.286 247.88 248.422 248.857 249.178 249.414 249.545 249.551 249.412 249.141 248.768 248.321 247.781 247.133 246.444 245.782 245.127 244.448 243.827 243.351 243.018 242.783 242.705 242.846 243.224 243.807 244.587 245.557 246.744 248.149 249.705 251.346 253.08 254.942 256.866 258.786 260.693 262.623 264.551 266.454 268.321 270.166 271.997 273.824 275.648 277.464 279.276 281.087 282.906 284.729 286.541
240.002 240.5 240.994 241.474 241.924 242.352 242.785 243.25 243.75 244.272 244.824 245.414 246.066 246.772 247.486 248.162 248.813 249.463 250.05 250.517 250.854 251.095 251.217 251.2 251.023 250.698 250.26 249.743 249.124 248.388 247.607 246.856 246.116 245.351 244.649 244.101 243.706 243.417 243.294 243.397 243.748 244.314 245.083 246.046 247.23 248.637 250.198 251.843 253.581 255.447 257.375 259.297 261.204 263.133 265.059 266.959 268.822 270.662 272.487 274.309 276.128 277.939 279.746 281.554 283.372 285.195 287.01
240.843 241.353 241.86 242.36 242.837 243.297 243.767 244.276 244.83 245.414 246.033 246.691 247.414 248.197 248.987 249.73 250.441 251.146 251.779 252.276 252.628 252.869 252.978 252.934 252.713 252.328 251.82 251.227 250.524 249.694 248.817 247.973 247.144 246.29 245.504 244.88 244.42 244.074 243.902 243.964 244.283 244.827 245.581 246.531 247.708 249.113 250.676 252.322 254.06 255.929 257.859 259.782 261.69 263.618 265.543 267.442 269.302 271.139 272.961 274.779 276.593 278.399 280.201 282.006 283.821 285.642 287.457
241.722 242.244 242.767 243.288 243.794 244.288 244.799 245.356 245.968 246.618 247.308 248.039 248.839 249.703 250.572 251.386 252.158 252.919 253.598 254.125 254.488 254.726 254.817 254.741 254.471 254.021 253.437 252.762 251.97 251.042 250.064 249.124 248.202 247.256 246.383 245.682 245.153 244.747 244.522 244.54 244.824 245.342 246.076 247.011 248.176 249.576 251.137 252.781 254.518 256.387 258.318 260.242 262.15 264.079 266.005 267.903 269.763 271.597 273.417 275.233 277.043 278.844 280.642 282.442 284.253 286.07 287.882
242.644 243.179 243.719 244.263 244.8 245.33 245.883 246.491 247.163 247.883 248.647 249.454 250.332 251.28 252.23 253.114 253.947 254.763 255.485 256.038 256.409 256.638 256.706 256.592 256.268 255.747 255.08 254.318 253.435 252.405 251.324 250.285 249.269 248.23 247.27 246.489 245.892 245.424 245.145 245.117 245.364 245.852 246.563 247.48 248.631 250.024 251.579 253.22 254.955 256.824 258.757 260.683 262.593 264.524 266.453 268.354 270.216 272.052 273.873 275.688 277.496 279.294 281.087 282.884 284.69 286.501 288.308
243.613 244.164 244.721 245.29 245.86 246.427 247.024 247.684 248.418 249.208 250.048 250.93 251.887 252.918 253.948 254.902 255.793 256.659 257.42 257.995 258.366 258.58 258.617 258.458 258.073 257.475 256.72 255.867 254.888 253.756 252.57 251.431 250.322 249.192 248.146 247.288 246.622 246.093 245.761 245.686 245.894 246.352 247.038 247.935 249.07 250.452 252.001 253.638 255.372 257.242 259.178 261.108 263.023 264.962 266.897 268.805 270.672 272.515 274.341 276.16 277.97 279.766 281.557 283.35 285.151 286.955 288.756
244.634 245.202 245.78 246.377 246.981 247.588 248.232 248.946 249.745 250.609 251.527 252.488 253.525 254.641 255.752 256.774 257.722 258.637 259.433 260.024 260.391 260.582 260.58 260.37 259.916 259.233 258.383 257.433 256.354 255.114 253.821 252.581 251.377 250.156 249.023 248.088 247.353 246.762 246.375 246.252 246.42 246.843 247.502 248.375 249.491 250.859 252.399 254.03 255.761 257.633 259.575 261.511 263.434 265.382 267.328 269.246 271.124 272.978 274.814 276.64 278.453 280.251 282.041 283.831 285.628 287.425 289.217
245.702 246.289 246.889 247.515 248.156 248.806 249.499 250.27 251.135 252.076 253.075 254.115 255.235 256.437 257.63 258.721 259.724 260.685 261.514 262.117 262.474 262.636 262.589 262.32 261.792 261.016 260.065 259.012 257.829 256.479 255.076 253.733 252.433 251.121 249.903 248.889 248.084 247.431 246.989 246.817 246.941 247.328 247.956 248.803 249.897 251.248 252.775 254.398 256.127 258.002 259.95 261.894 263.827 265.787 267.747 269.678 271.571 273.44 275.29 277.126 278.946 280.746 282.536 284.325 286.117 287.905 289.689
246.808 247.416 248.038 248.694 249.372 250.064 250.805 251.632 252.564 253.581 254.66 255.781 256.981 258.268 259.542 260.698 261.753 262.756 263.612 264.223 264.565 264.691 264.593 264.259 263.652 262.779 261.723 260.566 259.277 257.817 256.304 254.859 253.466 252.064 250.763 249.674 248.801 248.088 247.591 247.37 247.451 247.802 248.398 249.218 250.291 251.624 253.139 254.755 256.482 258.361 260.317 262.272 264.217 266.193 268.171 270.119 272.029 273.917 275.785 277.635 279.463 281.268 283.06 284.848 286.633 288.413 290.184
247.947 248.574 249.217 249.9 250.613 251.345 252.133 253.014 254.01 255.099 256.255 257.451 258.728 260.096 261.445 262.662 263.763 264.802 265.679 266.292 266.613 266.698 266.543 266.141 265.451 264.48 263.317 262.054 260.661 259.093 257.476 255.932 254.449 252.963 251.585 250.425 249.489 248.719 248.172 247.905 247.945 248.26 248.827 249.622 250.674 251.993 253.498 255.109 256.837 258.724 260.69 262.658 264.619 266.615 268.614 270.583 272.514 274.425 276.314 278.18 280.019 281.832 283.628 285.415 287.194 288.961 290.718
249.13 249.776 250.44 251.15 251.898 252.669 253.502 254.435 255.493 256.654 257.885 259.155 260.506 261.952 263.373 264.648 265.79 266.86 267.752 268.36 268.654 268.691 268.471 267.995 267.217 266.142 264.869 263.498 261.999 260.324 258.602 256.962 255.393 253.827 252.376 251.148 250.151 249.328 248.732 248.422 248.423 248.702 249.239 250.009 251.042 252.348 253.846 255.455 257.186 259.082 261.062 263.047 265.028 267.048 269.072 271.067 273.024 274.961 276.875 278.761 280.615 282.44 284.243 286.03 287.801 289.554 291.292
250.353 251.017 251.702 252.439 253.22 254.03 254.907 255.89 257.01 258.241 259.546 260.887 262.311 263.833 265.323 266.651 267.83 268.926 269.828 270.426 270.686 270.668 270.379 269.822 268.951 267.768 266.382 264.9 263.296 261.514 259.69 257.955 256.302 254.66 253.138 251.847 250.793 249.918 249.277 248.924 248.886 249.13 249.636 250.383 251.398 252.692 254.184 255.791 257.528 259.435 261.431 263.435 265.44 267.488 269.542 271.566 273.552 275.521 277.463 279.373 281.245 283.084 284.896 286.684 288.447 290.182 291.898
251.595 252.276 252.979 253.741 254.553 255.397 256.315 257.347 258.523 259.821 261.195 262.603 264.095 265.686 267.24 268.616 269.827 270.942 271.849 272.432 272.653 272.577 272.214 271.575 270.61 269.319 267.82 266.231 264.524 262.64 260.717 258.894 257.161 255.449 253.864 252.514 251.406 250.484 249.801 249.41 249.336 249.548 250.025 250.749 251.75 253.034 254.521 256.13 257.874 259.795 261.809 263.834 265.864 267.943 270.03 272.086 274.104 276.105 278.078 280.013 281.905 283.759 285.58 287.37 289.124 290.841 292.534
252.835 253.529 254.247 255.028 255.867 256.742 257.695 258.769 259.997 261.354 262.79 264.258 265.809 267.462 269.071 270.488 271.723 272.852 273.757 274.32 274.501 274.364 273.927 273.206 272.151 270.757 269.151 267.459 265.656 263.678 261.666 259.762 257.958 256.183 254.541 253.14 251.986 251.023 250.303 249.879 249.773 249.957 250.411 251.116 252.104 253.381 254.867 256.48 258.234 260.171 262.206 264.254 266.312 268.422 270.543 272.631 274.681 276.715 278.72 280.68 282.591 284.461 286.291 288.081 289.826 291.525 293.194
254.086 254.79 255.518 256.316 257.177 258.078 259.063 260.174 261.448 262.858 264.351 265.872 267.476 269.185 270.842 272.293 273.546 274.681 275.578 276.117 276.253 276.052 275.539 274.736 273.59 272.094 270.383 268.594 266.7 264.634 262.539 260.56 258.693 256.862 255.172 253.725 252.531 251.532 250.781 250.328 250.196 250.354 250.788 251.478 252.457 253.729 255.216 256.835 258.602 260.557 262.615 264.69 266.778 268.922 271.079 273.202 275.287 277.357 279.394 281.381 283.313 285.199 287.038 288.83 290.565 292.245 293.888
255.349 256.06 256.796 257.606 258.486 259.41 260.422 261.566 262.881 264.34 265.883 267.452 269.103 270.86 272.56 274.038 275.303 276.438 277.322 277.831 277.917 277.65 277.058 276.171 274.935 273.339 271.527 269.642 267.662 265.513 263.342 261.296 259.371 257.492 255.759 254.274 253.044 252.015 251.238 250.76 250.604 250.742 251.157 251.835 252.807 254.078 255.568 257.196 258.978 260.954 263.038 265.141 267.261 269.442 271.637 273.797 275.918 278.026 280.098 282.113 284.066 285.969 287.818 289.611 291.336 292.996 294.613
256.605 257.318 258.057 258.877 259.771 260.713 261.747 262.919 264.268 265.769 267.356 268.965 270.654 272.451 274.185 275.683 276.952 278.081 278.946 279.421 279.456 279.121 278.452 277.484 276.162 274.471 272.564 270.592 268.533 266.311 264.073 261.967 259.992 258.072 256.304 254.787 253.528 252.475 251.675 251.178 251.004 251.124 251.526 252.195 253.164 254.436 255.932 257.572 259.371 261.37 263.481 265.613 267.765 269.983 272.216 274.413 276.569 278.713 280.819 282.861 284.835 286.754 288.613 290.405 292.12 293.759 295.35
257.832 258.544 259.282 260.105 261.009 261.964 263.015 264.207 265.584 267.117 268.738 270.378 272.096 273.922 275.679 277.188 278.454 279.569 280.409 280.848 280.832 280.431 279.688 278.645 277.245 275.47 273.479 271.43 269.304 267.02 264.726 262.571 260.556 258.603 256.807 255.265 253.984 252.912 252.097 251.586 251.398 251.507 251.901 252.566 253.536 254.814 256.319 257.973 259.791 261.814 263.952 266.114 268.297 270.548 272.816 275.046 277.234 279.411 281.546 283.612 285.604 287.537 289.403 291.195 292.898 294.518 296.083
