tests/FA.asc
NCOLS 512
NROWS 512
XLLCORNER -3.2458200000
YLLCORNER -4.0874300000
CELLSIZE 5.000000
NODATA_VALUE -99999.0000
[rows 459 to 485 of 512, columns 240 to 299 of 512]
1999.3858 2132.8823 2363.6568 3198.1785 11855.017 79162.146 279401.68 576864.01 758691.7 649465.28 406601.95 215292.99 102511.63 43718.839 17574.345 7199.72 3338.7531 1959.0109 1534.1434 1446.1143 1467.6658 1582.8461 1759.1324 1882.5335 1873.1647 1805.287 1710.3384 1578.0306 1360.0908 1096.9063 894.01655 788.43889 718.97602 634.96842 568.75253 541.15582 548.34256 568.39075 592.01937 620.78223 697.85533 898.57368 1310.3491 2044.408 3271.4809 5205.0735 7707.4844 9991.0187 10630.731 9484.7389 7797.7921 6398.0347 5169.2314 3900.0313 2857.2395 2175.6948 1876.968 1828.5601 1844.9047 1846.7031
2038.1428 2199.7038 2573.1476 4727.9102 29029.91 173773.67 464035.74 739713.09 761698.58 512882.81 251922.75 104984.23 39771.735 13901.247 4999.5514 2197.8586 1378.9659 1203.145 1247.8191 1327.0781 1396.6034 1511.2779 1655.3854 1730.6601 1688.2114 1608.4124 1515.4147 1394.5881 1204.87 983.9529 817.75723 732.84316 674.42989 600.45462 542.11917 518.78042 526.89018 546.08035 568.2601 594.76662 665.79533 850.32959 1228.9259 1909.2953 3072.5115 4962.6789 7451.9348 9827.449 10602.43 9533.3427 7870.2728 6479.1519 5252.4757 3965.8062 2893.1206 2197.2494 1908.6666 1862.2475 1869.4695 1848.024
2077.1372 2322.7058 3118.2098 9195.4544 74363.684 330226.2 673628.91 823647.07 648512.4 329239.67 120034.08 37386.542 11096.326 3496.9913 1540.937 1071.2234 1003.5952 1072.4785 1187.5527 1274.0915 1334.1885 1429.8424 1539.6373 1577.1324 1516.643 1435.9797 1350.3942 1242.9506 1078.9154 892.64059 755.32289 686.11751 641.01524 579.09775 522.56269 499.19405 507.75614 526.46418 547.7972 572.24922 637.24465 806.66122 1154.6587 1784.333 2883.8696 4729.5601 7213.4087 9689.9101 10603.759 9603.891 7955.1392 6570.1294 5342.2142 4031.6147 2926.6422 2225.7608 1946.8639 1891.4936 1891.8846 1853.8078
2214.6904 2700.5997 4744.4721 22096.741 171977.49 552124.85 849252.83 775150.29 445292.33 158372.17 39151.764 8744.9509 2409.7963 1155.6389 920.47825 889.43501 938.13934 1035.9377 1146.2794 1216.8791 1263.3121 1341.0866 1422.2742 1433.4187 1365.9177 1290.1078 1213.3007 1118.4925 976.48125 820.63589 708.59365 652.24257 614.78362 559.14273 505.26309 481.85558 490.60469 509.17454 530.20878 552.91719 612.17208 767.69857 1087.5914 1669.2123 2704.4144 4499.6796 7009.6863 9588.501 10627.002 9696.1662 8056.9069 6676.1368 5443.7206 4102.1538 2961.1671 2252.4418 1982.1863 1919.8397 1914.451 1863.57
2659.4288 3805.8914 9654.126 58309.491 350323.93 808199.32 902592.58 582785.16 225215.01 49210.699 7328.3638 1578.6598 918.22033 837.48274 825.15488 842.8215 905.88341 1002.4926 1099.5351 1154.6351 1190.3324 1253.2994 1311.4792 1305.1878 1237.475 1168.5347 1099.8094 1015.8148 893.77384 766.94984 675.97723 625.06776 590.71279 539.80875 489.14771 466.41703 475.13027 493.83893 515.0352 536.40079 590.39993 733.31137 1027.6774 1564.0431 2534.4421 4272.5174 6799.4431 9480.3795 10656.704 9802.0149 8174.0982 6797.1497 5557.4871 4178.7422 2998.1375 2280.7278 2018.5318 1949.2981 1938.155 1876.4038
3941.0187 7002.9007 24954.669 155493.8 641308.15 1007533.3 763535.64 317292.85 70962.256 7478.6728 1060.4995 754.38013 772.09029 779.90694 784.34963 811.72523 878.56207 968.96448 1051.4178 1093.1065 1120.0846 1169.6461 1208.8594 1191.5476 1127.5344 1065.703 1004.1384 930.11093 831.93445 729.33741 646.55347 599.45135 567.51695 520.86468 474.02163 452.69814 461.18937 480.23462 502.02818 522.45359 571.66791 703.31988 974.7591 1468.8499 2373.9573 4046.6862 6577.3247 9360.0662 10689.044 9919.0842 8305.0385 6933.2001 5683.1841 4261.4136 3049.0959 2323.1401 2051.5182 1975.6596 1958.2722 1886.3762
7307.1182 16132.968 70965.472 388224.37 969524.71 982677.05 451703.42 99081.915 8950.7668 804.64897 680.22323 682.61776 724.13611 735.78954 747.12977 780.92141 848.00224 929.86059 998.50311 1030.2459 1051.1467 1089.7135 1114.7285 1092.3138 1034.5439 979.6278 924.47243 863.77087 785.93464 697.11766 620.00937 575.47131 545.41769 502.45194 459.83548 440.53006 448.71349 468.26015 490.94734 510.77542 555.75953 677.45113 928.38469 1383.0873 2222.6463 3821.1246 6337.9738 9220.0012 10719.472 10048.233 8453.0502 7087.9044 5825.0801 4352.9366 3101.3048 2362.254 2082.1299 2000.2308 1976.5007 1894.2696
15665.562 41239.532 190531.23 753525.83 1126294.5 671869.92 145606.86 9061.5997 965.68041 758.15725 684.80716 681.64229 708.27074 710.39944 714.87942 749.2857 814.04715 886.85331 944.36054 969.9481 987.30583 1017.4999 1032.8077 1009.2402 958.30135 909.25083 861.51991 816.81376 753.3721 669.17009 596.09156 553.21002 524.6438 484.88522 446.6383 429.76856 437.62245 457.68538 481.41165 501.01171 542.3666 655.32484 888.01937 1306.4555 2081.5243 3597.6994 6081.4949 9047.0932 10734.206 10183.348 8617.4484 7262.2543 5985.1116 4455.5122 3157.7471 2402.2589 2115.1052 2027.3563 1996.5672 1903.26
35399.323 105289.78 445452.29 1066328.5 957025.68 267976.78 10850.445 1282.9071 856.63643 748.09046 697.04266 701.46632 726.55649 729.64053 728.43561 739.75105 783.18987 845.58849 894.88745 917.14649 932.64236 956.50578 965.24858 942.25159 898.96593 861.269 826.42651 787.23741 725.29764 644.60125 574.39418 532.54409 505.11765 468.23511 434.46665 420.2632 427.73237 448.19689 473.01006 492.73653 531.09179 636.38306 853.07665 1238.868 1952.2062 3381.3969 5813.3186 8834.1156 10715.462 10311.336 8790.2588 7451.5289 6159.935 4568.5974 3220.8641 2447.4831 2153.3306 2058.6536 2018.6357 1912.6219
88868.079 270866.94 841937.6 1138754.1 532760.01 37938.998 2566.4007 975.76609 836.08789 752.73609 713.44008 721.16346 743.88247 746.628 748.09546 762.54678 796.21782 837.93898 873.16799 888.60416 894.85464 909.44729 919.41071 908.16097 876.11237 839.65282 802.22626 761.53893 700.58703 622.33725 554.12474 512.85419 486.32078 452.07486 423.0875 411.83524 418.77108 439.572 465.59029 485.78281 521.73376 620.51973 823.6701 1181.107 1837.2135 3178.2642 5542.5858 8584.1148 10655.722 10422.734 8966.1911 7650.943 6345.4117 4690.1257 3289.8197 2497.0179 2194.6213 2090.9 2038.5525 1917.8516
220355.47 601715.77 1110926.6 817151.81 132388.55 8997.4548 1427.9406 928.76358 842.873 767.73462 733.79097 741.72225 761.19027 762.71968 765.20624 781.02751 813.64546 851.25751 881.35128 893.90259 897.97153 906.81763 909.48792 893.52922 859.58881 820.81127 781.22883 739.36706 679.00386 602.35567 535.34188 494.28005 468.41974 439.02426 415.07215 404.39272 410.84738 432.04827 459.3884 480.39207 514.52074 607.97615 799.96796 1133.3565 1737.5248 2991.6016 5277.2255 8304.7058 10552.541 10511.636 9141.4368 7857.515 6538.3606 4817.5373 3362.413 2547.5819 2235.6918 2120.2843 2052.2356 1914.6851
420340.62 912560.16 954317.68 370060.23 38813.672 4086.2297 1187.5536 934.46045 858.54816 785.02054 752.88124 759.69982 775.9057 775.90237 778.52893 794.72203 826.08147 860.50158 886.70626 896.9367 898.98491 903.48425 900.7822 881.141 845.27645 804.42104 763.06629 720.27731 660.34069 584.68781 518.30359 477.08311 451.68962 426.98812 408.02011 397.99671 404.12707 425.75679 454.4528 476.52225 509.41954 598.57693 781.44255 1094.6617 1652.7302 2822.9004 5020.3907 8050.5081 10444.944 10575.784 9312.2559 8068.1084 6735.6354 4948.7823 3437.1811 2598.1981 2275.481 2145.7249 2058.3529 1901.9577
612853.61 893032.71 616208.69 133352.73 18655.728 2673.7049 1130.1641 953.98636 875.83656 800.37441 768.26897 773.48776 786.73954 784.98764 787.19378 803.20759 833.39891 865.48872 888.98144 897.41211 897.90764 899.3391 892.89284 870.33615 832.59144 789.90097 747.14446 703.64571 644.03272 569.08302 502.96221 461.31611 437.5608 417.44514 401.94097 392.64545 398.57464 420.55454 450.55618 473.88034 506.06909 591.79497 767.20457 1063.7533 1581.5653 2672.6355 4775.074 7797.2229 10311.795 10613.216 9474.5766 8277.6291 6933.979 5081.0318 3512.3055 2647.3099 2312.315 2165.2374 2054.8981 1877.7309
680191.5 732294.73 349074.85 74093.542 12219.338 2223.7507 1155.9086 994.25335 903.88937 820.32938 784.59568 786.35898 795.59097 790.78836 791.41054 806.41794 835.3137 865.63883 887.08754 893.97726 893.32142 892.99212 884.13897 859.2309 819.64302 775.34494 731.62146 687.76207 628.48473 554.11067 488.15308 446.18449 425.41552 409.97629 396.4853 387.80227 393.45584 415.67893 446.96431 471.74072 503.68433 586.76043 756.46448 1040.0079 1523.7684 2542.5829 4548.3292 7542.1761 10144.061 10618.381 9621.2036 8480.8548 7128.5461 5212.3505 3587.9337 2696.1639 2347.6456 2179.5969 2042.4355 1843.4052
600577.15 523511.52 200544.92 54211.652 10062.5 2188.8096 1240.292 1059.9587 948.67878 851.16062 808.04043 804.21934 808.05311 798.58599 796.17558 809.04198 836.14407 864.59827 884.06353 889.2375 887.43172 886.22999 875.89712 848.94276 807.30915 761.38988 716.90369 672.92724 613.9761 539.89172 473.89498 432.22022 414.71753 403.28608 391.65244 383.58116 389.05425 411.59286 444.32292 470.86897 502.99816 584.31263 750.19107 1024.3726 1480.2073 2434.7416 4346.3284 7295.06 9948.0331 10588.029 9745.9991 8671.2563 7312.9898 5338.6459 3661.8122 2742.2798 2377.9537 2184.9716 2017.5446 1796.6785
456917.38 372964.6 156974.61 46141.415 9557.4608 2350.3929 1364.4442 1146.1857 1007.7909 892.17901 839.02712 828.17917 825.61455 810.42271 803.86639 813.71298 838.51299 864.95085 882.24316 885.36949 882.34997 880.8816 869.7628 840.93676 796.9398 749.20082 703.8681 659.8949 601.20316 527.06919 460.6946 421.00992 406.83203 397.51616 387.74164 380.45774 385.9766 409.0374 443.41083 472.02039 504.79202 585.27236 749.05205 1016.9905 1450.285 2348.1922 4169.4691 7059.1927 9732.3677 10527.963 9849.5964 8847.8958 7483.8547 5456.7101 3730.6458 2781.3282 2399.5056 2178.0758 1978.2852 1737.2808
352213.67 292524.1 135500.78 42480.804 9676.3489 2606.8813 1518.7103 1249.6265 1078.569 941.72487 876.67713 857.63283 847.95074 826.32933 814.89944 820.99857 843.08214 867.29603 882.20663 882.92656 878.62902 877.38914 866.12148 835.6061 788.98277 739.17737 692.8689 648.87238 590.38835 516.0018 448.94814 411.04913 400.13776 392.8875 385.0121 378.73027 384.55017 408.28104 444.42887 475.32654 509.27792 589.74624 752.83456 1016.9555 1432.123 2279.6503 4013.1645 6830.6389 9503.2288 10448.633 9938.5513 9015.9355 7644.371 5566.2354 3792.535 2810.9814 2411.318 2159.2773 1926.2699 1668.1168
299181.25 251710.82 123822 41152.063 10184.631 2943.2228 1707.2033 1371.8279 1158.3963 994.32507 914.76002 886.21378 868.40582 839.48679 822.60962 824.69988 844.00835 866.18013 878.79963 876.93615 871.50288 871.2966 860.95476 829.40722 780.37424 728.72066 681.74605 638.06324 580.07364 505.53312 437.87851 402.05164 394.50002 389.13155 383.02956 377.73275 383.89108 408.28342 446.24333 479.64211 515.12842 596.18211 759.72776 1022.11 1422.6303 2224.4892 3871.6125 6606.1783 9262.0468 10348.799 10012.405 9178.4172 7799.1257 5670.6223 3848.6835 2832.7181 2415.7316 2129.9314 1864.2267 1592.5388
272365.5 227061.38 117904.96 41656.781 11171.992 3419.8174 1961.0878 1534.2073 1263.0918 1061.8465 962.93488 922.18657 894.08321 855.81169 832.07483 829.12302 845.10298 864.83068 874.66269 869.51408 862.42485 863.55553 854.68826 822.45522 771.03333 717.67058 670.31484 627.30117 570.05482 495.35642 427.15464 393.75482 389.80231 386.17182 381.77857 377.46325 384.00958 409.16052 449.1395 485.33797 522.70598 604.9551 770.1787 1032.9148 1421.7157 2181.4774 3742.9482 6384.0633 9053.1136 10266.631 10069.241 9333.3908 7950.3319 5772.8539 3907.7717 2858.3342 2415.8562 2093.3426 1796.8895 1515.8381
258140.36 214599.85 115488.85 43615.952 12692.22 4094.659 2310.1936 1756.1066 1407.1205 1155.8611 1030.8975 974.0921 932.74813 882.39841 849.79343 840.33756 851.89323 868.29367 874.42236 864.86073 855.20916 857.31745 849.85104 816.87403 762.7492 707.48653 659.71851 617.54551 561.08117 486.04851 419.50855 388.82985 386.17814 384.3605 381.77576 378.59321 385.72333 411.87973 454.22859 493.63956 533.29687 617.40332 785.60295 1050.5079 1429.6265 2149.5476 3624.2489 6159.7404 8818.2594 10151.727 10107.767 9481.424 8099.3958 5877.383 3985.4717 2905.237 2413.023 2052.7849 1728.3253 1441.7446
245744.34 205625.17 115291.5 46694.547 14782.915 5031.6826 2787.9036 2055.8809 1602.4906 1285.0644 1124.9413 1046.5369 988.11255 922.64881 878.79066 861.01046 866.81261 878.80688 880.09472 864.91632 851.65682 854.11425 847.72358 813.70983 756.5711 699.07866 650.67701 609.35469 553.68862 478.13139 412.95576 384.98254 383.88367 384.02977 383.39152 381.53605 389.51383 416.98346 462.12864 505.18398 547.53022 634.23157 806.54793 1074.7838 1445.0903 2125.7301 3510.1295 5925.1259 8548.5779 10000.127 10131.018 9625.5363 8251.4336 5988.5384 4071.5221 2957.1859 2410.2171 2012.0613 1662.051 1373.1379
234111.3 198544.92 116016.94 50167.926 17164.079 6158.7547 3377.9491 2424.5064 1838.7421 1437.9773 1234.4238 1129.7763 1051.0556 968.0645 911.31744 884.22194 883.73442 891.00094 887.03165 865.61747 848.1102 850.70915 845.68396 810.91862 750.92354 691.33062 642.3758 602.14863 547.53437 471.5735 407.78966 382.69124 383.34312 385.59721 387.06431 386.76748 395.91053 425.05541 473.34824 520.34588 565.73882 655.5974 832.6148 1104.2381 1465.1047 2104.7741 3392.2455 5668.4181 8231.9122 9810.1532 10145.302 9776.8715 8417.3035 6114.5065 4169.8708 3014.1411 2406.3358 1970.4739 1596.6137 1307.9109
223694.53 193026.75 117522.22 54073.169 19882.695 7519.1193 4120.7901 2893.404 2136.6234 1627.0468 1367.9197 1230.1452 1125.835 1021.0196 948.71407 910.58083 902.78912 904.63066 894.70959 866.06073 843.41068 845.71362 842.05141 806.88734 744.35501 682.93619 633.76846 594.95325 541.87942 465.88554 403.89013 381.89139 384.36499 388.73346 392.34042 393.70682 404.15592 435.16383 486.74755 537.77905 586.3667 679.61397 861.32097 1135.3515 1484.894 2080.3398 3262.2055 5380.6526 7862.5977 9577.5223 10147.094 9938.221 8606.8924 6266.1564 4288.3949 3101.9115 2430.8498 1931.3726 1536.6108 1249.1982
213835.52 188443.6 119812.26 58685.291 23186.975 9262.4237 5104.7405 3523.439 2539.3314 1882.4537 1547.8726 1365.204 1226.3872 1092.4833 999.75185 947.3032 929.98123 924.69368 907.18288 869.63215 840.37704 841.19968 838.15556 802.38695 737.3383 674.24407 624.94717 587.79478 536.53135 460.93788 401.01457 382.26619 386.5972 393.0635 398.80638 401.8146 413.64994 446.60187 501.58968 556.71639 608.49743 705.01204 891.01162 1166.0461 1501.5389 2048.3744 3116.7206 5060.7521 7442.6575 9296.3112 10123.615 10102.072 8823.2025 6451.0445 4434.7885 3217.0975 2489.6547 1916.049 1485.6104 1200.0381
203737.57 184115.67 122696.75 64133.862 27324.756 11579.791 6442.0059 4386.351 3097.3267 2239.7652 1798.7963 1552.5778 1365.8753 1192.2852 1071.8169 1000.0788 969.87953 954.92954 927.52991 878.932 841.17413 839.06631 835.41832 798.34223 730.64747 665.76481 616.32233 580.90124 531.63862 456.64749 398.95082 383.4209 389.65671 398.24998 406.06575 410.66651 423.82455 458.846 517.56086 576.8548 631.4641 730.92618 920.73822 1194.9391 1512.7337 2006.716 2956.2532 4714.3459 6979.184 8962.5198 10059.157 10255.876 9060.9283 6672.1565 4614.5336 3355.1659 2574.7944 1933.63 1453.0738 1161.0302
193600.63 179478.03 125101.61 69564.246 31859.125 14328.995 8101.7639 5478.3268 3812.7792 2702.076 2124.5953 1796.0257 1547.3532 1322.7399 1166.6718 1070.4184 1023.8531 996.64116 957.08532 895.43581 847.38741 840.62424 835.09331 796.23575 725.8029 658.98685 609.09109 575.27504 528.10745 454.93321 399.84868 386.75213 395.43264 406.49505 416.73355 423.30637 438.27033 475.98052 538.80625 602.17772 659.32965 761.54904 954.06609 1223.8564 1518.8638 1955.9586 2783.5247 4346.2524 6473.8876 8573.9037 9952.3048 10398.038 9319.6472 6930.7602 4829.4159 3518.605 2675.0061 1973.1236 1445.1998 1129.0401
184143.05 174817.94 126979.94 74752.026 36604.434 17450.449 10098.158 6828.7064 4707.9567 3282.8224 2535.1929 2103.1147 1775.4028 1485.4141 1283.7807 1156.6142 1089.7269 1047.4593 993.39552 916.77217 856.79445 843.76354 835.29329 794.39154 721.57502 652.95534 602.46272 570.12606 525.43135 455.11255 403.13063 392.36808 403.64313 417.20376 429.89488 438.51647 455.58152 496.16508 562.76994 629.37469 688.43632 792.65051 985.27699 1245.3241 1512.1508 1889.7751 2596.253 3959.7687 5931.1806 8128.4859 9795.1859 10523.605 9602.0004 7231.7139 5083.5678 3710.9474 2793.1713 2022.6601 1453.6201 1114.9514
