tests/FA.asc
NCOLS 512
NROWS 512
XLLCORNER -3.2458200000
YLLCORNER -4.0874300000
CELLSIZE 5.000000
NODATA_VALUE -99999.0000
[rows 432 to 458 of 512, columns 120 to 179 of 512]
10482.653 12442.266 10897.474 8330.497 5882.5909 3707.4417 2211.2411 1349.6325 904.89149 683.01139 578.55825 524.51591 500.09232 521.96293 596.60187 701.78585 836.96194 1201.4031 2412.1738 5800.6264 12712.834 20351.826 23940.817 21885.793 15545.261 9006.4529 5094.0807 3213.2561 2236.6119 1678.039 1386.87 1222.1786 1108.4761 1004.702 910.2931 827.91872 771.37527 721.97285 667.33017 609.02414 557.37829 516.20846 477.80132 441.16149 404.1976 370.63589 342.51559 318.31818 292.88428 265.91258 242.65683 223.17517 204.19819 185.88166 172.83843 165.40447 161.54728 157.99717 152.76805 148.83852
11633.995 13184.283 10783.168 7645.0134 5013.2133 2948.5394 1669.5967 997.64442 680.17693 538.57636 484.6869 462.85973 457.34172 487.68148 562.51755 661.61251 780.86224 1077.9676 2021.6303 4704.9759 10548.82 18089.996 22893.793 22402.573 16960.02 10351.489 5976.0689 3713.8374 2509.4471 1832.32 1485.6625 1292.9279 1162.0785 1046.421 942.50546 853.64819 791.12797 738.96236 681.44102 620.51101 566.39338 522.73068 482.3348 444.11511 405.84726 371.10119 341.95621 316.8591 290.78822 263.36195 239.65073 219.67649 200.35772 180.77202 166.12318 158.61623 154.69832 151.32866 146.43326 142.91506
12851.279 13762.714 10383.836 6755.9814 4088.9069 2243.9102 1220.5615 732.57885 523.46821 443.44745 424.51439 422.76497 427.78883 461.67088 534.33542 626.88484 732.32756 977.38628 1716.851 3817.976 8633.3817 15842.218 21568.803 22585.368 18200.966 11709.605 6946.0281 4293.6623 2830.5954 2010.6779 1596.6646 1370.5102 1219.8204 1090.7557 976.92099 881.37722 813.96465 758.183 697.50395 634.13763 577.68397 531.64325 489.328 449.53427 409.91707 373.92323 343.68651 317.62493 290.78698 262.82625 238.58409 218.05043 198.26351 176.911 161.12617 152.37346 148.28534 144.94518 140.23924 137.01366
14100.092 14108.566 9683.7982 5721.9772 3184.91 1641.7253 877.82793 547.49551 420.85171 383.26883 386.2277 395.78004 406.27766 441.14351 510.68096 596.94576 691.06646 896.81225 1485.9957 3123.7209 6973.6145 13632.991 19990.173 22426.035 19246.353 13073.058 8013.7215 4969.7914 3216.0358 2224.6796 1726.5965 1459.0517 1284.3101 1139.5269 1014.5283 911.75032 839.35909 779.29173 715.2585 649.42994 590.65886 542.39502 498.27371 457.03678 416.15076 378.98161 347.68777 320.65535 293.03901 264.45169 239.59568 218.39042 198.0114 175.41595 158.1938 147.14736 142.72689 139.21506 134.50267 131.39985
15320.354 14123.761 8681.9809 4613.2294 2365.2952 1165.3303 634.09758 424.90005 354.879 343.85448 359.08515 374.24409 387.11529 421.55643 487.66866 568.30902 653.32117 829.61664 1308.0555 2602.9943 5591.687 11495.241 18163.168 21856.393 19981.596 14349.426 9133.7112 5730.3974 3667.1345 2478.3724 1879.0068 1560.9369 1357.5949 1194.4593 1057.0906 946.18406 868.02082 802.9068 735.06894 666.28714 604.79507 553.98927 507.87683 465.11192 422.93906 384.55868 352.23579 324.28339 295.91899 266.73729 241.2591 219.37513 198.37905 175.3875 155.87581 142.68944 137.90646 134.14969 129.31452 126.19555
16389.127 13720.2 7433.2039 3532.4829 1690.1869 821.8441 474.15013 347.81861 312.9288 317.02275 338.4901 356.07004 369.7047 403.13516 466.09659 542.07678 619.85583 773.94085 1171.7555 2210.3977 4623.8949 9620.3873 16212.347 20907.584 20341.397 15441.528 10239.303 6545.1286 4175.3651 2769.846 2053.1715 1675.7355 1438.8556 1254.8826 1104.071 984.70068 900.31013 830.01614 758.09975 686.09424 621.53568 567.77334 519.27018 474.58115 430.79233 390.97507 357.376 328.34384 299.12605 269.26329 243.1036 220.50958 198.89473 175.4745 153.86225 139.73579 133.51035 129.51585 124.58036 121.33148
17185.654 12882.422 6068.9926 2590.3488 1188.2313 594.78889 375.69847 300.50194 285.77187 298.06781 322.58506 341.1 354.90494 387.23297 447.61744 519.90504 592.04788 729.51822 1068.8993 1920.5746 3874.7932 7989.048 14264.964 19674.991 20346.629 16310.921 11288.239 7393.0374 4735.5801 3100.8957 2251.1703 1804.4899 1528.3939 1320.3176 1154.7531 1026.1417 935.32562 860.26888 784.58629 709.55582 642.03968 585.25333 534.14073 487.20226 441.42914 399.82562 364.6435 334.19869 303.827 273.03324 245.9985 222.54829 200.19279 176.25422 153.58965 137.85036 129.59883 125.37699 120.2852 116.78697
17631.232 11659.521 4740.7646 1855.3852 841.58316 454.02651 316.60714 270.70482 267.23099 284.08027 310.05445 328.8286 342.59732 374.00196 432.28559 501.66478 569.4664 694.61937 991.75549 1706.7825 3313.2767 6630.3253 12394.453 18246.263 20031.02 16935.056 12242.931 8251.7815 5341.4074 3472.2309 2475.7057 1949.0843 1627.2198 1390.9941 1208.5911 1069.6516 972.0787 892.41867 813.44681 735.83183 665.72514 606.29587 552.78549 503.6912 455.84669 412.24775 375.26538 343.17818 311.35664 279.33807 251.16444 226.60253 203.28181 178.65616 155.33818 137.30674 126.2575 121.7546 116.47403 112.56895
17694.681 10210.96 3695.6169 1305.7789 615.5448 369.0165 279.84834 250.1405 253.12848 272.5564 299.06745 317.75184 331.4364 362.16705 418.87398 486.17601 550.94752 667.43107 934.61123 1550.4501 2893.1156 5654.1344 10728.546 16692.793 19430.383 17316.312 13095.805 9121.6736 6005.0095 3899.7345 2740.0841 2119.6934 1742.2602 1471.8127 1268.8209 1117.0701 1010.9008 925.71564 843.0769 762.98122 690.54012 628.86443 573.44007 522.70899 473.30298 428.15733 389.70821 356.22764 323.12818 289.97257 260.69014 234.99129 210.52933 184.9563 160.74852 139.53046 126.15943 120.01359 114.12427 109.39494
17251.013 8561.9301 2826.7942 930.48286 474.09096 317.60542 255.39761 234.53264 241.55607 262.49092 289.12807 307.58924 321.26827 351.57766 407.23305 473.15845 535.98385 646.62046 892.98668 1437.2818 2581.3299 4921.7407 9252.6428 15065.833 18544.713 17409.216 13783.784 9955.7968 6705.6389 4379.5189 3046.6375 2318.9362 1876.0794 1564.5441 1337.1899 1169.757 1052.7691 961.10544 873.92282 790.83729 715.92798 651.91193 594.61546 542.35888 491.63051 445.19777 405.56579 370.9353 336.74974 302.60887 272.33398 245.54255 219.89548 193.19148 167.8973 144.26161 128.92429 120.23642 113.48386 107.58864
16404.575 7114.7934 2093.8869 687.80093 390.77075 288.89468 237.61244 222.14303 231.95236 253.88465 280.51996 298.83034 312.63628 342.76652 397.77663 462.88304 524.59111 631.46133 863.59291 1356.5583 2350.441 4359.1248 7988.3888 13448.65 17429.477 17203.799 14250.508 10690.234 7399.5071 4891.8377 3387.4485 2544.0775 2027.2091 1668.5677 1413.2116 1227.6018 1097.6537 998.97442 906.93541 820.42923 742.67673 676.06544 616.53719 562.39557 509.96246 461.92694 420.84017 384.87208 349.45421 314.16156 282.79445 254.89197 228.13556 200.37317 173.99929 149.31803 131.55985 121.34849 113.88783 106.72808
14976.807 5650.1526 1501.3351 529.38108 351.47066 272.65668 223.81268 212.20176 224.00246 246.61019 273.22783 291.47487 305.47934 335.54897 390.16776 454.90413 516.13159 620.67623 843.27421 1299.7231 2179.8141 3920.826 7073.7663 12018.442 16197.943 16741.783 14476.23 11279.891 8043.9156 5409.3102 3750.6035 2790.4549 2193.6014 1782.711 1495.9337 1289.5243 1144.6233 1038.6114 941.73889 851.83802 771.33207 702.09665 640.26961 583.99224 529.5032 479.37713 436.31163 398.50712 361.41438 324.58367 291.75897 262.51981 234.6293 205.95582 178.77641 153.31051 134.13119 121.94536 114.24186 106.01945
13038.051 4252.0378 1052.2062 429.79598 327.94161 262.12039 214.58044 203.84512 217.05539 240.15236 266.7464 285.00144 299.31693 329.52843 384.18102 449.22705 510.77867 614.6122 831.87828 1263.349 2057.4379 3580.4459 6341.9399 10734.035 14938.612 16111.107 14505.728 11732.133 8630.5435 5923.3231 4133.3622 3060.2262 2378.6987 1909.6424 1586.9825 1355.8151 1195.7563 1078.8004 976.73903 883.67558 800.94118 729.85044 666.54401 608.94961 553.10049 501.56465 456.98442 417.62581 378.93648 340.58077 306.31969 275.67616 246.36512 216.45222 188.24172 161.80758 139.92839 124.74029 116.22944 106.40416
10706.637 3012.0663 740.50975 371.81764 313.52825 254.96917 208.13422 196.71118 211.09276 234.59649 261.28073 279.74374 294.53783 325.14458 380.38063 446.4324 509.16739 613.87272 829.37317 1244.5693 1973.6347 3319.0422 5730.7468 9570.1645 13680.779 15349.564 14371.747 12056.535 9153.801 6425.6805 4530.2094 3351.9424 2584.4124 2052.0021 1689.0255 1431.267 1251.7421 1119.9934 1011.3509 914.20155 828.96519 756.17528 691.83412 633.64048 577.30446 525.208 480.04313 439.8922 400.20485 360.76875 325.3808 293.39702 262.52544 231.01821 201.27065 173.37775 148.16298 130.64234 120.63864 108.56454
8155.8372 2018.2137 546.11163 339.90412 304.22564 249.31641 202.81911 190.8325 206.24404 230.18909 257.16491 276.1023 291.5288 322.8368 379.0956 446.6908 511.34076 618.20822 834.70821 1240.0177 1918.8953 3118.9341 5223.5836 8529.3007 12438.349 14478.975 14083.871 12248.339 9597.1222 6898.7549 4928.0804 3657.9353 2807.3032 2209.2033 1802.6031 1516.6064 1313.9433 1164.1518 1047.0415 944.18182 855.00975 779.50401 713.34982 654.04024 597.02549 544.39559 498.74258 458.07524 417.72261 377.4827 341.2158 308.2335 276.09286 243.11728 211.98111 182.73771 155.56055 137.09701 126.09651 112.40838
5712.3505 1322.8475 435.12945 323.18017 297.81134 245.00365 198.72153 186.23048 202.57325 227.04251 254.51999 274.11628 290.3707 322.59438 380.17125 449.83177 517.13061 627.30832 847.01433 1246.9864 1886.5713 2964.7966 4804.8893 7630.7793 11243.631 13527.859 13663.101 12310.905 9952.6672 7330.5893 5316.5543 3970.5982 3042.4147 2378.6633 1926.359 1610.7838 1383.3963 1212.273 1085.3283 975.56858 881.29778 801.84059 732.69448 671.10896 612.37273 558.34661 511.53164 469.86294 428.57337 387.38656 350.24958 316.5051 283.58524 249.79193 217.8911 188.05993 160.63586 142.20513 130.79464 116.99395
3839.4375 873.7915 378.01228 314.12606 293.03327 241.69559 195.59678 182.58097 199.64586 224.60616 252.71716 273.12827 290.28685 323.52705 382.78208 455.13787 525.8018 640.30814 865.0363 1263.1883 1871.0005 2844.6243 4451.2856 6928.804 10178.193 12540.953 13126.923 12244.655 10206.421 7701.9714 5678.1288 4275.9056 3279.0863 2551.4595 2053.3792 1707.9077 1455.2144 1268.3756 1126.0263 1009.628 910.38828 827.08321 754.83241 690.80706 630.00679 574.29681 526.05181 483.07762 440.48433 398.12255 359.98302 325.35992 291.62302 257.02958 224.55292 194.28592 166.69307 147.49731 135.56577 121.52621
2390.3976 624.78995 350.87538 309.16603 289.81967 239.45208 193.40798 179.87394 197.56882 223.14758 252.13614 273.60508 291.80422 326.33543 387.87675 463.91592 538.87415 658.95405 890.57884 1289.753 1870.7291 2752.9243 4151.3073 6301.9573 9180.3085 11554.79 12514.868 12078.262 10376.177 8023.5428 6019.6602 4580.743 3523.0839 2731.4657 2185.2116 1808.4696 1534.2472 1327.0519 1168.372 1045.1221 940.83071 853.84159 778.80716 712.64596 650.14324 593.12444 543.77732 499.75238 456.0194 412.50324 373.43147 337.89251 303.10292 267.39807 233.98952 202.95441 174.39203 154.2275 141.34871 126.68897
1460.4349 506.58526 338.6616 307.30753 288.57727 238.70726 192.41983 178.35543 196.77188 223.19384 253.42731 276.33533 295.89028 332.14588 396.82703 477.64082 558.02679 685.10647 925.5434 1327.6024 1884.5686 2683.8867 3895.0031 5740.0055 8250.2823 10578.737 11844.899 11826.464 10472.83 8303.4889 6350.0443 4893.3826 3782.7744 2926.0136 2327.4803 1916.0927 1619.309 1389.9517 1213.3358 1081.9927 971.5414 879.98276 801.47934 732.82032 668.56127 610.28433 560.11667 515.38091 470.83559 426.48377 386.67502 350.4756 314.80589 278.04012 243.68916 211.85915 182.57388 161.79034 147.91297 132.4911
982.30352 453.82318 334.5963 308.41644 289.66699 239.91826 193.0174 178.3602 197.63157 225.16098 257.06878 281.87673 303.21043 341.82816 410.59694 497.51172 584.75256 720.49913 971.40827 1376.9793 1910.1473 2631.8184 3672.9488 5234.4402 7381.9374 9614.0427 11122.502 11489.226 10494.168 8540.3801 6669.5602 5217.1059 4064.3002 3141.9376 2485.5783 2034.1883 1712.5315 1460.0374 1263.1096 1122.4651 1004.8474 907.53288 824.34406 752.02312 685.06565 624.98426 573.63935 528.11065 482.84369 437.84204 397.60599 361.08596 324.96514 287.46037 252.44641 220.11185 190.70172 169.91134 155.13165 138.92
759.15804 431.57659 335.60658 312.14795 292.9806 243.01729 195.37845 180.05297 200.0236 228.85935 262.85422 289.99939 313.49165 355.00541 428.81494 523.10467 618.36491 763.82151 1025.4446 1432.8624 1939.476 2584.9991 3470.5681 4775.7572 6579.2419 8672.1901 10349.547 11056.43 10413.519 8700.4372 6945.7558 5525.4715 4348.0774 3367.5079 2651.9627 2157.0358 1808.5688 1533.7671 1322.5905 1167.9466 1043.9651 941.12854 853.01781 776.30377 705.60069 642.67735 589.28223 542.17205 495.48626 449.23644 408.21657 371.15066 334.48691 296.27252 260.61716 227.75924 198.70225 178.11692 162.65347 145.73139
663.73639 424.89905 341.00561 318.94529 298.99633 248.28954 200.06037 183.97368 204.17085 234.65509 271.27559 301.2794 327.35219 372.38569 452.43845 555.59378 659.92761 815.5838 1087.2326 1493.4702 1968.9207 2538.0438 3282.1461 4359.5421 5846.9139 7772.7814 9554.3869 10553.655 10248.218 8790.8478 7180.1399 5817.9543 4634.3903 3603.125 2828.57 2285.7529 1906.2218 1611.3134 1382.8781 1213.5824 1084.649 977.43473 885.0359 804.42677 729.98366 664.00852 608.30445 559.31911 510.80084 462.954 420.77589 382.97219 345.53399 306.39868 269.96763 236.47263 207.64346 187.07466 170.88246 153.15289
628.86949 428.613 351.30839 329.70297 308.60796 256.47981 206.98614 189.96534 210.73356 243.35821 283.3138 316.93258 346.20528 395.68019 483.49519 597.32761 711.79662 877.87008 1158.2668 1558.9229 1997.4545 2489.4825 3104.3869 3983.0666 5182.9216 6916.6351 8751.8951 9997.8615 10013.757 8828.2166 7386.5112 6107.7599 4935.1524 3860.77 3026.2743 2429.903 2012.0392 1692.392 1441.9695 1256.2088 1122.4543 1011.3335 915.31811 831.33345 753.82996 685.29205 627.71111 577.33641 527.41747 478.15804 435.06479 396.62738 358.55265 318.53812 281.31564 247.11232 218.25268 197.50166 180.47211 161.64154
624.05868 440.7321 366.93282 345.10341 322.63467 268.43288 216.90903 198.70214 220.46447 255.81012 300.03152 338.17713 371.47017 426.62129 524.14436 650.49539 775.86994 952.00615 1238.5427 1627.4143 2022.0543 2435.8459 2933.3862 3638.8824 4620.1881 6136.3625 7942.3859 9385.9268 9705.3391 8807.8384 7566.1606 6397.9485 5256.6345 4149.8367 3256.1722 2600.3082 2135.5907 1782.9123 1503.8765 1299.6383 1159.6 1043.9387 943.93272 856.43559 775.85011 705.02009 645.97664 594.59686 543.74943 493.62941 450.04177 411.38859 373.04273 332.36938 294.48981 259.71742 230.81739 210.03225 192.0663 171.83038
639.79511 462.3045 389.04114 366.07232 341.81798 284.91116 230.58047 211.01918 234.33061 273.29164 322.97869 366.96224 405.4841 468.52102 577.41241 717.6815 854.05903 1038.5383 1326.0748 1693.8511 2036.018 2370.6182 2762.5908 3319.4603 4111.8301 5406.089 7132.6187 8713.9404 9305.5504 8706.2843 7693.3609 6668.0313 5585.5915 4464.3105 3519.6369 2802.8347 2284.4601 1890.8157 1578.405 1351.992 1203.068 1082.5089 977.88906 886.1064 801.40514 727.34146 666.03365 613.07254 560.71029 509.24692 464.91871 425.97919 387.37524 346.20378 307.91912 272.81058 244.347 224.60568 206.0977 184.33121
673.21968 494.10009 418.43867 393.23213 366.78903 306.53443 248.68674 227.60575 253.06783 296.55581 353.01292 404.08406 448.94295 522.17693 643.20831 797.13144 942.65394 1131.038 1411.0843 1746.438 2028.3295 2285.54 2585.9303 3021.2421 3651.3481 4729.1424 6337.5629 7992.0494 8812.9623 8508.8272 7748.0873 6896.1296 5903.1792 4792.3233 3810.9077 3036.6436 2459.6088 2016.4581 1664.2374 1414.7142 1247.8883 1122.4755 1013.8676 918.06946 829.13504 751.31955 687.21895 632.15332 577.75006 524.33877 478.78485 439.20503 400.18492 358.42121 319.60039 284.23684 257.15175 239.90111 221.54303 198.76473
722.78852 536.3204 455.76882 427.47297 398.41125 334.17039 272.0083 249.19868 277.38347 326.35422 390.83276 450.00496 501.95894 584.74894 720.54749 885.57835 1035.832 1221.0863 1483.5251 1775.8461 1994.0285 2179.945 2405.3167 2745.2003 3242.0567 4114.1407 5573.2708 7238.369 8238.382 8214.9261 7722.097 7073.4734 6201.0502 5128.0952 4129.0215 3305.2597 2666.6626 2164.6576 1766.4972 1480.5349 1288.9187 1157.2818 1044.9095 946.05045 853.7425 772.87159 706.42514 649.56336 593.36195 538.10639 491.22372 450.87304 411.3308 368.80898 329.3879 293.60204 268.72251 255.14705 237.68613 214.40425
