tests/FA.asc
NCOLS 512
NROWS 512
XLLCORNER -3.2458200000
YLLCORNER -4.0874300000
CELLSIZE 5.000000
NODATA_VALUE -99999.0000
[rows 378 to 404 of 512, columns 240 to 299 of 512]
1791.7 1523.0402 1241.9336 1054.4938 946.86575 846.97247 758.3365 702.08049 688.70859 710.79321 744.25716 782.09634 824.35741 881.19888 951.62182 1031.8163 1115.9417 1206.0911 1291.2094 1363.5651 1418.1484 1447.6858 1451.6053 1435.1358 1408.856 1378.8624 1350.7906 1326.7057 1302.8316 1279.0613 1258.6442 1250.2901 1246.3625 1237.1235 1233.2918 1246.7232 1274.3402 1307.5821 1351.3426 1406.8401 1476.6255 1563.9149 1677.6423 1815.464 1982.3759 2224.4408 2680.455 11415.228 113740.16 461550.98 983159.57 1166486.5 782297.66 380713.65 187809.57 92261.987 32099.329 5536.0348 1124.613 813.65967
1683.469 1457.5003 1216.543 1046.9495 945.58458 855.06601 776.06826 736.59902 732.71151 756.32491 791.73498 832.81546 879.3478 940.73029 1015.1251 1098.5398 1185.0086 1273.1732 1349.1842 1406.2162 1442.732 1453.1645 1439.713 1409.1305 1373.0499 1337.693 1307.5302 1283.3505 1260.7708 1240.0995 1224.0883 1220.018 1221.1944 1218.8638 1222.0274 1241.1154 1274.0425 1313.1971 1362.8983 1423.2583 1497.294 1590.0499 1711.4759 1858.4671 2034.1234 2288.6749 2979.5864 28311.121 189684.56 592744.87 1039291.6 1062819.8 643534.08 318109.11 180673.07 109198.36 48072.351 10984.023 1552.4531 880.82733
1589.027 1400.1812 1195.3963 1043.3143 949.01638 868.34946 811.26518 780.87244 791.9528 818.19115 856.63757 902.08492 952.84719 1017.1385 1091.9615 1173.5915 1256.0621 1334.1984 1392.1505 1426.3126 1440.844 1431.4787 1402.7279 1361.695 1320.2013 1283.9481 1256.0579 1235.6798 1217.7561 1203.0621 1193.9072 1195.9477 1203.1471 1207.6695 1216.8777 1239.9004 1275.8088 1317.5112 1368.947 1429.5365 1502.9782 1595.6846 1717.5667 1864.2368 2036.7725 2288.7932 3691.6569 53521.228 275530.1 708163.62 1056312.7 946474.02 522810.55 261016.31 169400.44 124696.04 68762.183 20812.811 2695.7556 994.99502
1511.3033 1353.5329 1179.8402 1044.2357 957.30658 886.60097 850.10824 838.98144 854.98486 884.75742 927.20137 977.05116 1030.6566 1094.448 1164.4118 1238.1983 1310.3079 1371.345 1405.5338 1415.2195 1409.6057 1384.7713 1345.7527 1299.4569 1257.3277 1224.2132 1201.7633 1187.4425 1176.0345 1168.7737 1167.5348 1176.6134 1190.2074 1201.5149 1216.3872 1242.4539 1279.0943 1320.0329 1368.9981 1424.7643 1491.8101 1577.7347 1692.3542 1830.8903 1993.5474 2236.3247 5818.5181 82223.468 361709.86 805371.29 1048601.7 833817.97 421957.57 208205.79 152232.84 134854.25 91807.117 35958.984 5824.712 1183.3032
1448.3979 1315.2311 1166.7755 1045.4687 965.11106 907.45392 880.28011 884.14307 901.79214 933.19931 977.38132 1028.9051 1082.0782 1141.7746 1203.6612 1267.2304 1327.1471 1370.1279 1382.8781 1373.4648 1354.4501 1320.6406 1277.2439 1230.3885 1190.9108 1162.8763 1146.4814 1138.2382 1132.9105 1132.6673 1138.6362 1153.9124 1173.3894 1191.1751 1211.8281 1241.5026 1279.7274 1321.2116 1369.4948 1422.4968 1485.2278 1566.6593 1677.07 1812.8849 1972.4403 2212.2194 9079.3015 113571.63 449805.86 892514.16 1027517 729108.3 338729.88 160450.85 130559.57 137696.4 114430.88 56893.433 12497.139 1557.7852
1394.4914 1280.0974 1151.7162 1042.2865 966.88709 921.74921 904.35028 911.74879 928.07808 957.92923 1000.372 1050.165 1099.9198 1153.9541 1207.3925 1261.216 1309.9313 1337.6495 1333.5905 1310.7222 1283.7568 1245.9846 1202.2036 1157.8667 1123.1111 1100.8604 1090.4276 1087.8607 1088.2637 1094.1477 1106.3988 1127.3529 1152.5625 1176.8925 1204.1378 1239.1727 1282.1295 1328.5075 1381.3599 1437.6696 1502.0563 1585.2131 1697.9664 1837.3838 1998.0551 2234.0626 13680.298 150383.01 544210.55 971730.66 991702.54 625949.56 265809.74 119216.33 106238.92 131991.94 133410.77 83722.498 24272.928 2507.4249
1343.7862 1245.7951 1135.0296 1036.7632 966.54091 934.22041 929.67548 939.37149 954.95148 983.12988 1023.4671 1070.7194 1115.7746 1161.8164 1203.9082 1244.8855 1279.4441 1289.7034 1268.2937 1233.2115 1200.3941 1161.302 1119.8966 1080.8222 1052.9039 1038.1905 1035.4282 1040.2906 1048.1483 1061.8059 1081.8329 1110.0491 1142.1647 1173.7616 1207.7363 1248.1857 1295.3766 1345.8111 1402.2062 1460.2986 1524.7785 1607.3673 1718.6069 1855.0949 2007.1953 2226.0529 18717.079 189426.95 640269.04 1038385.5 939981.25 525188.33 203136.65 84988.568 81032.422 116831.51 143415.15 114267.99 44115.604 5165.1424
1299.2577 1215.7406 1120.3574 1032.1616 973.46325 945.95413 953.80888 965.77883 980.65224 1007.1225 1045.1473 1088.979 1127.4135 1162.5433 1190.468 1216.2921 1235.1118 1228.0102 1192.004 1149.2599 1115.1937 1078.6484 1042.5673 1010.6022 990.80067 984.70802 990.48204 1003.5543 1019.713 1042.0291 1070.9431 1107.1964 1146.6872 1185.5221 1226.0849 1271.0772 1320.7242 1372.2684 1428.5074 1484.2579 1544.0598 1620.5259 1723.3017 1848.769 1984.52 2178.4901 21713.567 225292.72 735785.25 1095153.1 876620.61 429373.14 150308.81 58134.802 57937.085 94473.596 139260 140968.55 72867.633 12327.983
1262.3722 1190.656 1107.2588 1026.9087 976.45025 958.14514 967.53349 978.81823 990.66048 1013.4404 1047.1016 1084.9795 1114.2748 1137.2176 1151.8981 1165.3136 1172.3413 1154.0718 1111.841 1069.3209 1039.5205 1009.2871 980.56564 956.42805 944.74144 946.55972 959.89323 980.26104 1003.8042 1033.999 1070.8083 1114.2902 1160.5094 1206.2826 1253.2644 1302.8207 1354.8792 1407.7524 1464.0757 1517.6497 1572.6871 1642.6163 1736.4681 1851.2207 1971.3726 2141.061 21530.746 256794.97 835467.29 1146339.4 801481.64 339075.2 107293.84 38348.041 39890.869 70864.526 122274.76 155012.38 104914.48 28170.407
1230.1701 1167.3165 1092.3852 1017.4901 970.93277 957.87563 966.07513 974.26949 981.16188 998.56138 1026.1088 1056.3504 1076.0121 1088.6348 1094.0523 1100.1839 1101.2304 1079.3776 1038.3131 1001.0723 978.16248 955.4059 934.08175 917.18292 912.55569 921.03777 940.62786 966.94527 996.71936 1033.7214 1077.4506 1127.5224 1180.2945 1233.1285 1287.1931 1342.3938 1398.7442 1455.3577 1514.5565 1569.0888 1622.3717 1688.5019 1776.1921 1882.0114 1987.5824 2132.5401 18052.002 284098.73 941782.03 1189867.6 716098.24 263952.66 72486.353 24662.386 27517.255 50957.33 99209.015 154188.51 133397.18 49984.485
1195.6152 1139.3785 1070.5963 999.61033 955.99489 944.96727 951.79901 956.96945 959.40857 972.01958 994.10744 1017.7213 1029.5868 1034.6985 1034.4541 1036.4878 1034.2148 1011.3716 973.21491 941.42418 924.38097 907.64503 892.1031 881.3447 883.06131 897.72282 923.24696 955.56927 992.28754 1037.0008 1088.8914 1146.9194 1207.8375 1269.3473 1331.9221 1394.1267 1455.6386 1516.6705 1579.6598 1635.9646 1688.1088 1751.4025 1833.4873 1930.7632 2021.8735 2143.2156 12474.354 310179.69 1057335.7 1227981.4 628207.91 196790.09 45401.227 15876.541 19682.19 36465.091 76400.439 141508.24 153811.69 78501.758
1160.0597 1109.6193 1045.7082 978.00198 938.29699 929.18911 935.04972 937.72049 936.71112 945.53337 963.29193 981.48689 987.32567 987.05978 982.96099 982.00674 976.89114 953.63684 918.39886 891.07552 878.49579 866.40348 855.7395 850.67749 858.76904 880.07622 912.36057 952.04964 997.45951 1051.9945 1114.3151 1182.6159 1253.8675 1325.7169 1397.9336 1467.2989 1533.2088 1597.0776 1661.4748 1716.6698 1764.9605 1822.2805 1895.6963 1981.152 2055.6252 2152.2987 6080.9227 336648.83 1183659.4 1256040.3 543469.53 136198.05 25789.011 10583.98 14672.27 26510.538 56856.506 119743.12 159414.26 109276.95
1126.9625 1081.5188 1021.324 957.46632 920.90225 914.30702 918.92939 919.07139 915.00053 920.47348 934.46484 948.02151 948.89708 944.65218 938.24587 935.49395 928.69902 906.43101 875.15898 852.878 844.78922 837.53185 832.26528 833.36086 848.4477 877.26164 917.39635 965.80772 1021.5311 1087.8123 1162.4053 1242.6867 1325.708 1408.9869 1491.1835 1567.0815 1635.6186 1699.6964 1762.4048 1813.0543 1853.5385 1900.6538 1961.0012 2029.6371 2082.3463 2148.5991 2260.078 360463.92 1320680.6 1257197.7 445775.59 83961.646 13092.31 7584.2995 11313.039 19859.639 42213.495 95032.745 147885.44 130801.68
1096.6518 1055.3331 997.65949 935.9993 901.56641 896.48771 899.52602 897.17808 890.54127 893.34431 904.38719 914.2168 911.65209 905.27973 898.53153 895.91961 889.52198 870.35065 844.79275 828.60546 825.97971 824.70894 825.52853 833.27646 855.90506 892.85297 941.4854 999.04099 1066.0789 1145.5316 1233.9631 1327.537 1423.4066 1518.3836 1609.9403 1690.2588 1758.2851 1819.1938 1876.6296 1919.0063 1947.3595 1980.1144 2022.6557 2069.0502 2093.8538 2124.614 2196.5815 359265.01 1476658.8 1226819.3 334145.34 42460.135 6397.6173 5862.9368 8913.0371 15316.513 31942.371 73065.234 126044.74 136169.08
1062.7155 1023.8653 966.9035 905.62668 872.10102 866.3044 867.74006 863.34085 855.30338 857.03316 866.86468 875.00362 871.56191 866.30154 862.58373 863.2987 860.33983 847.03693 829.33664 820.60432 824.12567 828.60222 834.6962 847.88866 876.70183 920.35484 975.85316 1041.6068 1120.3713 1214.1707 1317.6153 1425.1955 1534.0683 1639.6048 1737.8567 1818.6895 1882.1926 1936.4956 1985.8974 2017.9474 2034.0157 2053.6776 2081.6996 2111.2823 2117.9234 2129.1605 2185.8355 336139.23 1691023 1188008.8 217081.1 16687.302 3807.2647 4771.9093 7195.61 12172.287 24772.615 55780.566 102308.23 129020.26
1025.2273 988.27114 931.60143 872.55497 840.0671 834.29012 834.73701 829.1873 820.93296 822.66998 832.33223 840.01694 837.30993 834.60121 834.89113 839.57167 840.46698 833.26817 823.13585 821.44451 830.36613 839.57319 849.61452 867.08736 901.44749 951.69611 1014.8367 1091.1401 1185.6318 1298.5406 1420.9077 1544.7222 1666.6779 1780.5565 1881.0442 1956.6919 2010.0828 2052.8103 2090.2584 2109.7464 2113.0587 2121.38 2138.8611 2158.7738 2159.1059 2167.0397 2226.7496 324476.56 1930955.1 1107393.8 117093.03 5347.0718 2875.8722 3894.2451 5797.6288 9674.1318 19132.605 41653.918 79052.039 112970.86
987.98466 953.39832 897.62611 843.31818 814.5771 809.64594 809.89838 804.03652 796.23957 798.30179 808.11186 815.77024 813.99937 813.44328 816.81805 824.16372 827.57435 824.64695 820.19501 823.73505 836.55081 849.37477 863.20934 886.05194 928.40738 989.22243 1065.5535 1159.3227 1277.7443 1417.0616 1563.3142 1704.6207 1837.7911 1955.1012 2051.0189 2113.9538 2149.8777 2174.7414 2195.228 2198.3559 2186.6093 2181.7886 2187.6446 2197.4331 2190.9239 2194.4954 2251.7563 354663.65 2153099.6 966154.79 47476.883 1777.0676 2298.4516 3059.9005 4500.993 7406.3774 14202.057 29735.071 57464.27 90767.651
953.27806 921.70801 867.30566 816.64524 793.67476 790.03038 790.39793 784.65142 777.7524 780.59502 791.0172 798.96784 798.207 799.4462 805.16834 814.40496 819.37027 819.41309 818.92767 826.38721 842.68694 859.99746 879.9777 911.84616 967.64545 1046.6087 1144.3569 1262.9572 1412.1099 1583.2745 1754.2854 1908.9533 2045.837 2156.8359 2237.9339 2278.3379 2289.072 2290.6618 2290.1426 2274.0391 2244.4641 2223.4333 2213.452 2206.7625 2183.6872 2168.2957 2201.8211 367161.67 2413981.1 738418.41 2634.77 1375.4908 1764.9313 2310.0933 3342.9047 5414.4512 10045.221 20215.05 39323.798 67031.561
917.23995 887.86173 834.16138 785.82773 766.65459 763.84792 764.2457 758.95996 753.87011 758.78477 771.09108 780.85828 782.90052 788.07659 798.64035 812.64915 822.5462 829.0658 836.36761 851.83764 876.20792 902.72331 932.75337 976.84259 1049.3795 1149.4904 1268.9341 1410.6318 1589.006 1787.888 1973.4615 2126.5331 2251.1374 2340.3654 2393.1667 2401.5432 2382.8957 2360.5 2340.5964 2308.1829 2264.851 2232.0448 2210.6428 2192.1707 2158.6197 2132.1268 2154.1245 380217.72 2731516.6 381045 1007.8383 1183.2566 1444.911 1795.908 2504.406 3904.3251 6941.861 13346.678 25755.087 46195.206
878.24821 850.86584 797.98083 753.55225 737.76016 736.20071 737.05306 732.96418 730.54891 738.20081 753.20702 765.64045 771.47388 781.73018 798.41909 818.7686 835.44102 850.70505 868.64357 895.90101 932.4234 971.6135 1014.292 1072.1401 1162.4903 1282.5434 1419.9173 1581.1192 1787.4464 2008.7103 2196.1128 2331.4358 2428.5339 2482.6157 2497.4672 2469.533 2421.6183 2378.2167 2342.86 2298.8659 2247.2956 2208.9001 2183.4358 2162.3875 2130.6847 2109.8972 2144.8181 506443.55 2920055.1 26980.835 986.44772 1101.1379 1270.1004 1471.8262 1900.8329 2807.6187 4736.6177 8634.2613 16312.746 30135.956
838.72776 814.33992 763.45129 725.39907 715.20185 715.77196 717.99545 715.88812 716.43295 726.87535 744.42015 759.29627 768.42752 782.85394 804.42085 829.65631 851.39542 873.53477 900.24881 937.48856 984.27067 1034.3227 1088.0318 1159.3707 1268.2785 1409.7275 1567.7467 1754.1853 1995.0039 2236.61 2414.5466 2518.1433 2575.6739 2586.2333 2559.9209 2496.8914 2423.4486 2362.6137 2314.785 2262.0173 2205.2416 2163.6217 2135.8286 2114.225 2086.371 2074.3584 2125.0755 747779.1 2759286.3 964.58082 939.56289 1011.956 1112.6982 1228.5882 1457.3935 2037.3569 3201.2981 5480.9544 9997.258 18636.728
801.1961 781.06461 736.44667 702.03891 699.43471 702.82307 706.96435 707.10497 710.64649 723.70925 743.48674 760.34269 771.87195 789.11028 813.78021 841.77637 866.00828 891.58001 922.75362 965.22264 1017.318 1073.7302 1135.862 1221.298 1354.4274 1528.2715 1719.574 1941.3401 2220.4395 2473.6374 2622.6694 2675.9838 2682.2519 2645.2826 2579.7375 2487.1986 2394.2863 2320.9648 2264.4211 2206.2714 2146.1185 2101.5566 2070.4227 2045.1714 2016.7084 2004.3627 2055.8092 996668.95 2537794.7 899.29514 875.58813 920.42751 978.91378 1041.9456 1178.3337 1508.645 2188.912 3474.6838 6000.4105 11004.704
765.55605 749.46833 710.92653 683.10375 684.33409 690.17687 695.9527 698.2686 704.95977 720.96081 743.36958 762.66952 777.35138 798.42086 827.59018 860.09274 888.94053 920.36381 958.95748 1010.3791 1072.6314 1141.3656 1218.7067 1326.1604 1494.4883 1712.1136 1937.7195 2182.7282 2479.4092 2709.6394 2791.7297 2769.8643 2715.3599 2632.2311 2534.4172 2422.5128 2321.0032 2245.0947 2189.341 2134.5547 2080.0009 2041.139 2015.938 1998.2447 1980.4688 1979.8861 2050.1114 1366858 2175366.4 875.55571 842.5704 863.78832 891.56342 918.87236 993.37044 1173.8111 1564.5699 2272.4113 3630.5 6343.0466
730.50585 717.69714 685.71711 664.9209 669.75794 677.92339 685.2704 689.87269 699.92061 719.16876 744.63243 767.08059 785.8696 812.06408 847.3711 886.46812 922.37062 962.70924 1012.824 1078.4983 1156.8406 1244.2951 1343.0352 1478.7199 1687.5164 1944.582 2182.4078 2419.8814 2699.4022 2865.8489 2852.5879 2751.5322 2646.6084 2531.4758 2416.4043 2299.2405 2200.9563 2132.5047 2085.906 2042.4566 2000.8884 1976.231 1967.2596 1969.5883 1976.9314 2006.5968 2138.7665 1812846.5 1567827.6 896.36431 846.65976 847.03512 852.24419 856.91214 895.90816 991.42113 1218.9264 1603.6211 2340.4922 3779.3102
698.02732 690.1402 662.91265 650.69304 659.56783 670.49737 679.81482 687.03141 700.54045 723.01388 751.65415 777.39182 800.24652 831.40907 872.62859 917.9018 960.18085 1008.6514 1069.3661 1147.9668 1239.9168 1342.2752 1457.4084 1615.5769 1854.5082 2128.5633 2347.78 2552.8692 2793.646 2878.336 2776.1148 2620.9187 2491.3084 2365.9529 2250.7645 2141.0236 2054.2965 1998.0278 1963.5118 1932.6241 1904.7901 1894.5576 1902.0016 1923.8922 1953.9112 2013.3202 2272.7146 2327135.4 1100535.2 932.39794 868.37101 853.85323 844.5528 835.61468 854.98533 914.25743 1032.8046 1255.4889 1658.3693 2437.4182
678.24402 667.88192 648.20805 642.06996 655.26309 669.30079 680.78785 690.5488 707.37123 733.06322 764.76078 793.41669 819.75803 855.03368 900.98143 950.77753 997.13917 1050.7246 1118.0815 1204.1692 1302.2551 1410.3022 1531.4384 1699.9929 1952.4443 2222.1403 2404.9141 2568.194 2764.8134 2773.4497 2606.6837 2425.7406 2293.0813 2173.877 2070.216 1974.9435 1902.9112 1859.3695 1835.4332 1814.5575 1796.2505 1794.5934 1809.4357 1837.7182 1874.0232 1942.8257 2731.3873 2716013.7 714451.66 975.53101 901.92127 877.52647 858.50439 840.5674 847.23511 884.49888 955.96895 1068.8522 1302.9884 1740.7213
662.71067 656.0236 640.66029 638.86542 655.86715 672.32933 685.23111 696.93999 716.72192 745.41612 779.93908 811.35721 841.11147 880.52826 931.19764 985.42204 1035.7679 1094.4222 1168.1999 1261.3643 1364.8086 1477.6631 1603.826 1780.6475 2041.2727 2298.048 2434.795 2546.9374 2692.6985 2631.6034 2416.621 2224.6403 2098.9113 1993.4381 1905.9975 1828.3108 1772.8081 1743.3647 1732.1501 1723.8995 1717.9857 1727.9234 1755.253 1799.5804 1858.6845 1966.7446 6576.0071 2966744.5 430343.21 1093.2905 986.98406 940.2647 902.88792 870.62101 862.69989 880.50604 920.89691 975.88692 1110.7667 1368.0711
