tests/FA.asc
NCOLS 512
NROWS 512
XLLCORNER -3.2458200000
YLLCORNER -4.0874300000
CELLSIZE 5.000000
NODATA_VALUE -99999.0000
[rows 81 to 107 of 512, columns 420 to 479 of 512]
467.40189 481.99048 497.32161 512.01086 524.68052 536.8135 548.6927 560.33154 569.57269 574.16687 577.31481 603.81961 648.95096 711.38763 757.94306 796.87872 869.59887 899.03889 865.45448 816.80374 785.57844 758.84008 736.07697 707.74374 679.16145 662.33501 660.89978 4859.227 1490998.5 92503512 19636200 1176.2234 1097.7123 1067.0439 1022.3438 969.95068 922.67647 888.15622 858.11033 827.27251 791.28671 755.48453 725.62723 698.75879 668.42566 633.7214 601.99556 573.38834 544.33856 512.37512 481.43024 452.94261 425.40321 397.46602 370.95358 346.4992 322.43407 298.0958 275.67773 255.19533
469.64879 483.40244 498.12794 512.22706 524.05977 535.40688 546.66142 558.05626 567.12437 571.11788 570.50872 586.58714 632.09915 697.96386 748.68298 788.66601 856.58045 875.02089 833.2037 781.36902 748.29063 721.73862 701.16606 678.17998 658.08063 651.06688 666.17918 42762.909 8091059.4 98546894 8063495.3 1241.6891 1151.1652 1112.1509 1063.4758 1008.0062 956.24743 916.98847 883.73213 850.80786 812.44574 773.42663 740.82098 711.82098 679.70309 642.82379 608.83894 578.17874 547.73116 514.7274 482.58033 452.87995 424.64519 396.67048 370.11414 345.50204 321.31939 297.16334 274.94469 254.57363
475.08526 487.7327 501.55225 514.7728 525.4384 535.58669 545.77808 556.4662 564.96191 567.81044 565.51175 567.41447 613.0302 682.98712 737.10489 775.16108 833.76026 838.13734 788.90314 735.82792 702.76079 677.77786 659.50661 640.49201 625.39992 621.81249 678.85799 335606.27 28935294 89513338 1534.8064 1256.3317 1172.4293 1135.9533 1090.8143 1037.8393 985.69288 944.7237 910.46038 877.05069 837.56332 796.32463 761.68852 731.02264 697.35165 658.34999 621.99664 589.06002 556.86326 522.34969 488.41796 456.90069 427.3777 398.77617 371.65339 346.44401 321.79017 297.5148 275.27475 254.83229
482.75542 494.63243 507.85775 520.51306 530.26524 539.36014 548.51933 558.63924 566.68692 568.19777 563.58356 557.09476 593.45937 665.48657 718.0593 748.03982 792.39488 781.91404 728.47376 678.40338 649.32108 629.54688 617.04588 605.2494 598.0206 601.24955 1390.8704 2565976.4 56632506 62927456 1554.2576 1306.8464 1217.055 1174.7495 1127.224 1072.9361 1018.0179 973.65246 937.22734 902.64702 861.74955 818.1632 781.47836 749.34297 714.572 673.98767 635.71091 600.94709 567.52768 532.0756 496.77253 463.69958 433.00371 403.78704 376.01266 350.02494 324.62521 299.91004 277.34952 256.57914
489.80794 501.35174 514.45432 527.09565 536.46488 544.91282 553.39575 563.30309 571.39249 571.76838 564.47239 555.59711 573.29807 643.86363 689.79945 709.15985 739.63099 718.05 664.86897 620.11189 596.39106 582.86605 577.65331 575.52695 579.79569 600.2121 18099.736 15733841 78087256 23450916 1644.5999 1396.2144 1288.555 1233.1687 1178.0242 1118.689 1058.276 1008.3358 968.08386 931.07033 887.87766 841.2262 801.88465 767.74893 731.58464 689.28175 648.96178 612.20436 577.54726 541.37459 504.99983 470.63942 439.00819 409.40628 381.18253 354.55451 328.42517 303.16398 280.15757 258.95672
495.04151 506.17447 519.1124 531.77433 540.85908 548.66486 556.35529 566.02316 574.27144 573.36369 562.70199 550.82479 547.40105 614.58302 655.25846 668.13931 687.57329 658.79769 607.93891 568.17379 548.22755 539.16397 539.17208 544.37189 558.19373 681.16131 258772.49 49131631 68335594 5835715.6 1694.9446 1466.5221 1350.7963 1287.9943 1228.984 1167.1999 1103.0725 1048.661 1005.2371 966.12568 920.74862 870.99657 828.77398 792.20076 754.0144 709.30614 666.14819 626.48716 589.58807 551.82071 513.67226 477.49491 444.54346 414.32943 385.59663 358.41722 331.68559 305.95896 282.56879 261.02545
498.36311 508.46157 520.59526 532.64971 540.85855 547.47543 553.8168 562.7315 570.75596 568.00098 553.3926 539.04648 521.62294 580.36671 622.72859 630.53274 637.12034 601.48802 553.03869 517.28177 499.95055 493.11547 494.92874 502.42815 526.20077 2164.0167 1941878.7 72175538 36130412 686020.21 1686.3956 1497.2104 1388.4459 1327.5165 1271.0539 1211.4817 1147.105 1090.7927 1046.0936 1006.2326 959.64441 907.43608 862.76169 823.98376 783.78406 736.42368 689.94093 646.74654 606.82564 566.43324 525.36716 486.34663 451.2187 419.69366 389.95357 361.94775 334.5453 308.3921 284.68559 262.87758
506.60963 515.70621 527.04325 538.53765 545.86439 551.13397 555.91888 564.14671 572.34526 567.54303 548.10038 531.06852 510.89239 543.6861 581.31595 573.64283 562.61024 520.95146 477.98672 450.48914 439.97474 439.22553 446.22803 460.51788 644.92159 25651.434 10237455 90779444 15263973 1929.4029 1712.4912 1540.1091 1431.9522 1369.1199 1312.8393 1254.2021 1189.0638 1130.5529 1084.5394 1044.3384 997.31226 943.48297 897.15157 857.1476 816.17756 767.48424 718.8014 673.03977 631.00948 588.67779 544.85512 502.74887 464.98713 431.51278 400.02222 370.38321 341.5328 314.27627 289.70096 267.12723
521.66171 530.45778 541.65688 553.37124 560.60886 565.01164 568.48092 576.42679 585.77709 579.19302 553.25365 532.03292 512.39829 498.48342 516.91537 489.08296 466.04557 426.58358 394.34328 377.64544 376.01295 383.31859 398.57173 446.73605 3800.5138 332851.12 37506509 81433262 3314031.2 1974.0017 1772.5582 1602.6896 1488.6063 1419.5236 1360.3444 1300.4995 1233.0867 1171.1123 1122.7874 1081.5353 1033.7983 978.22495 930.14145 888.83114 847.36137 797.92261 747.65096 699.89347 656.52466 613.32283 567.66305 523.01302 482.83949 447.42289 413.98478 382.35607 351.54238 322.62244 296.68911 272.94555
538.2277 547.21174 558.69384 571.20628 579.10142 583.07648 585.21209 592.92927 604.29273 596.22402 561.45244 533.3415 514.05602 446.43173 428.66688 393.6121 371.30556 342.80779 323.14076 316.17904 321.40408 334.55808 356.29494 909.67197 52930.627 2764223 61248875 54381212 552029.05 1981.9897 1810.7996 1652.73 1538.786 1467.4381 1408.0832 1348.9872 1280.6915 1216.0166 1165.6519 1123.244 1074.4541 1016.6802 966.14542 922.56708 879.424 828.12424 775.13714 724.21198 678.49274 633.95796 586.45124 539.45637 497.12992 460.13284 425.18449 392.02976 359.65028 329.32196 302.23556 277.56596
546.26207 555.0261 566.26434 578.98259 587.03218 590.01999 590.04841 596.83495 609.92393 598.86255 551.4246 515.84687 502.83642 406.54917 329.7586 304.77977 293.67146 279.30374 270.37826 270.58282 280.01084 295.47844 320.46821 9100.1045 542419.63 13145428 77829119 25668730 2001.8078 1940.7339 1811.3916 1675.84 1570.439 1503.0867 1448.3495 1393.8556 1327.7718 1262.7124 1211.9601 1169.5204 1120.3779 1060.7062 1007.6802 961.52315 916.0985 861.9133 804.80328 749.12868 699.38483 651.87135 601.18828 551.00536 506.10771 467.46869 431.26488 397.09766 363.79395 332.69408 305.01516 279.92153
554.70285 562.89468 573.66757 586.4922 594.62442 596.34895 593.86883 599.84388 615.44671 598.00797 528.16067 484.01809 485.93774 367.75169 233.61528 226.56357 229.5095 232.94411 238.23004 245.93759 258.40774 275.39799 363.95807 138497.56 4097019.5 41108616 73122725 8188083.6 1943.804 1909.98 1810.7853 1693.0941 1593.7988 1528.607 1477.6505 1428.2089 1365.7966 1301.86 1252.1835 1211.4407 1164.0448 1104.6011 1051.0181 1004.1593 958.42819 903.23753 843.3238 783.64534 730.22585 679.48074 624.67613 570.09535 521.44108 479.99196 441.44406 405.28431 370.26978 337.8118 309.09848 283.17542
574.29261 582.14512 592.95254 606.8697 616.43677 617.85016 613.39073 619.9605 641.64252 614.6966 523.45247 448.31371 477.73356 367.19956 191.71226 172.95082 184.27112 201.30899 218.9909 233.32577 248.93281 268.65878 5117.0616 1766705.5 19991353 67426381 42806947 652145.26 1900.5379 1886.3878 1812.2581 1710.4317 1615.4081 1550.1234 1500.8941 1455.2776 1396.3966 1333.8292 1285.4555 1246.804 1202.0671 1144.0959 1091.1163 1044.6489 999.99447 945.66994 884.72786 822.44053 766.58316 713.78431 655.49493 596.52338 543.72644 498.8409 457.16295 418.15701 380.54574 345.93787 315.53888 288.24024
602.58918 610.33154 621.52042 637.64334 650.81258 653.99723 648.89984 658.3468 694.2481 682.60126 550.79923 438.91106 541.22362 385.31916 171.90404 147.81111 161.62319 181.51369 202.64392 219.7372 237.13446 258.79526 163720.53 12057041 54121838 60355275 6745061.7 6722.6051 1828.6331 1836.6426 1792.1448 1712.8874 1627.8887 1565.8837 1520.0008 1479.0221 1424.4407 1363.9032 1317.1041 1280.334 1237.8544 1181.0226 1128.079 1081.1066 1036.5435 982.46117 920.11528 854.87556 796.43078 742.11564 681.32286 618.94665 562.81085 515.2308 471.08984 429.8059 390.00831 353.49472 321.59176 293.09402
622.01166 629.0657 639.81657 657.61909 674.71738 680.11408 674.42985 688.2359 756.8819 808.8068 595.0717 425.96989 643.79134 393.70329 176.22713 138.27728 151.10433 169.71045 189.42014 204.16877 219.18228 240.65499 1932996.7 42316962 66016988 23655148 128310.46 1785.2335 1737.7062 1760.6277 1743.3725 1690.3923 1621.6127 1568.2197 1529.5317 1495.822 1447.7402 1391.1147 1347.2147 1313.212 1273.4854 1217.9642 1164.8621 1116.8197 1071.4155 1016.3698 951.30701 881.74591 819.44942 762.77199 699.25499 633.76341 574.85714 525.36983 479.72116 437.17365 396.1278 358.47549 325.69041 296.53215
638.235 643.52493 652.29621 670.16449 689.71844 694.56925 684.34296 700.62714 848.86608 963.22193 602.01182 450.39124 688.82084 419.93027 207.19724 153.67694 157.08913 172.87849 190.37874 201.82247 214.68344 3368.9129 13516919 72700775 36319484 764462.4 1925.1965 1705.1899 1667.5762 1687.3161 1682.1383 1647.7728 1593.7221 1549.3114 1518.7276 1493.7754 1454.3983 1404.297 1365.8267 1337.2614 1303.3619 1252.4706 1202.2384 1155.861 1112.0323 1058.006 991.32919 917.77782 851.30644 791.20555 723.43974 653.30782 590.32288 537.81013 489.77146 445.30416 402.57988 363.51671 329.64916 299.65279
669.31505 672.89839 679.3395 697.28003 720.02702 722.93382 703.49045 720.24384 1011.0945 1204.8675 595.87803 431.96473 668.31827 471.41452 266.98017 190.0069 180.77418 192.24532 207.84209 217.20123 235.74574 1078571.2 53101750 68349225 3937398.8 1800.6166 1731.0072 1638.8412 1606.2407 1618.5091 1617.1703 1594.3295 1551.3838 1514.0219 1490.1304 1473.04 1442.5682 1400.0261 1368.1552 1346.4451 1320.4874 1277.1091 1232.7332 1190.8386 1151.4349 1101.5206 1035.954 960.28461 890.75146 827.74458 755.61018 680.23715 612.25972 555.66244 504.19292 456.86679 411.66983 370.56556 335.12092 303.87805
719.73801 723.2307 728.43857 748.53845 779.24767 784.0353 753.5203 773.21243 1316.0673 1515.5709 629.23203 394.37954 596.83285 527.54269 352.02165 248.50094 220.89071 224.00033 239.08637 270.84584 397.03813 15456209 81333725 20662875 1405.89 1546.9452 1570.5767 1547.6055 1528.0088 1539.942 1543.803 1531.4274 1499.0432 1468.5911 1450.8623 1440.6493 1418.2295 1382.9354 1357.3446 1341.9655 1323.5758 1288.0049 1250.0944 1213.2872 1179.0292 1134.6417 1072.1055 996.03252 924.84035 860.47764 785.59856 706.24866 634.08031 573.8812 519.28506 469.28425 421.69576 378.57447 341.56532 309.08456
770.77827 776.88007 783.57172 810.05068 858.42381 879.78506 850.6402 896.68121 1930.8187 1661.364 537.4393 313.35368 496.105 552.5816 440.08312 318.54792 261.84831 288.53943 496.17186 904.89721 355854.86 61640369 65685538 1310.6894 1205.4836 1338.9319 1418.7654 1430.5399 1427.138 1444.4206 1456.4319 1455.4123 1434.2991 1411.6531 1400.4976 1397.1405 1382.6142 1354.566 1335.0532 1325.626 1314.39 1286.5635 1255.2733 1223.8711 1195.0955 1156.9281 1098.6281 1023.4356 951.48153 886.67469 810.28109 728.20272 652.84543 589.86464 532.85179 480.77488 431.25563 386.43272 348.1039 314.58576
810.74877 818.8364 825.92678 858.6916 929.58965 980.09529 970.16659 1188.3125 3946497.7 1911.0523 256.47748 219.60599 393.10582 544.34152 525.53792 405.11079 842.29288 2963.9151 6406.2653 6695.1004 24671797 95596956 1403.8965 1067.8643 1113.092 1222.6068 1299.059 1318.51 1321.9513 1339.7111 1355.6878 1362.6534 1351.0386 1335.5865 1330.6107 1334.063 1328.1605 1308.7713 1296.8587 1294.9142 1292.6148 1274.964 1253.0527 1229.85 1209.0693 1179.272 1127.2024 1054.4481 982.30705 916.53957 837.82187 752.27213 673.03257 606.62317 546.68832 492.17482 440.50312 393.82992 354.04887 319.39449
853.75528 861.23667 864.49709 899.64342 992.59663 1077.9809 1683.5543 15291008 55113575 14422806 114.14992 148.18814 718491.7 725174.85 327294.02 101641.42 49227.31 81771.289 94012.915 36705.157 1.0819885e+08 1093.4027 1081.9707 1049.4951 1073.3326 1151.93 1206.6802 1225.0304 1228.8235 1242.4341 1257.0647 1266.6621 1260.3448 1249.164 1247.7611 1255.4732 1256.2702 1244.7153 1240.0185 1245.381 1252.2997 1246.1761 1235.8236 1223.5575 1213.7391 1195.7203 1153.7212 1087.1243 1017.4674 952.02942 871.37794 782.11432 698.33474 627.57063 563.76829 505.96905 451.45073 402.39372 360.7388 324.59476
913.60283 920.6377 919.02857 960.11333 1092.2798 5716.5283 32171894 64415888 63927800 1.031604e+08 909083.3 12168080 11619730 8674539.1 5289085.2 2320541.2 1161863.1 901255.57 970249.71 1.0818544e+08 775.90084 935.79941 1005.2156 1009.9537 1026.0261 1080.4377 1123.0979 1141.4669 1146.1363 1156.4012 1168.8183 1178.6095 1174.6849 1165.1787 1164.5521 1173.1053 1176.79 1169.6962 1169.1378 1178.7645 1191.9107 1195.1456 1195.2673 1193.8929 1195.9976 1192.0991 1164.2234 1108.8053 1046.3504 985.17618 905.72681 814.74934 727.38175 652.4827 584.64775 523.18144 465.36388 413.51166 369.63449 331.69379
1003.0403 1023.4834 1036.4094 1119.8566 25626.419 59206769 77116106 42831922 23686034 7211014.8 1.0596384e+08 56699206 38511888 28073431 19218786 10481112 5229985.9 3732747.7 1.076676e+08 834.31091 760.31656 870.11623 934.63688 946.30423 960.9211 1002.3928 1038.8126 1058.8097 1065.8399 1074.9104 1086.3705 1096.4975 1094.4154 1085.8431 1084.7955 1092.3912 1096.4567 1090.9544 1091.4691 1102.0263 1117.796 1126.9011 1134.6603 1142.2081 1155.0108 1165.3122 1153.796 1113.5332 1062.7564 1010.2376 936.1516 846.69809 757.75261 679.7986 608.41632 543.39509 482.16257 427.27451 380.93405 340.97176
1082.0422 1119.7601 1151.3724 95567.285 35533638 76696625 15163562 2742176 834726.56 277350.88 1324663.3 47055544 47404019 42889094 36124138 24549231 12994605 66128438 39564759 817.14764 789.13589 843.45264 880.07336 887.99734 896.55972 924.85561 953.28817 972.01481 979.70171 987.29124 997.7026 1008.2666 1008.5104 1001.7441 1001.0624 1008.3168 1013.1756 1009.5426 1011.0863 1021.998 1039.0251 1052.1617 1065.6531 1080.2733 1101.6898 1123.975 1127.9955 1104.1566 1067.3375 1025.968 960.20489 875.06447 786.57379 706.76022 632.50365 564.26516 499.73211 441.783 392.88127 350.79823
1107.4022 1131.4314 1119.1061 5488002 64664075 48451175 3547743.8 271069.68 69152.417 23353.062 52620.563 3960580.5 22985425 34569844 41303606 39124512 29435225 88861006 3610802.7 858.11863 815.60507 833.21877 847.78633 848.08683 848.82727 864.40077 883.37164 897.72644 903.38554 907.72915 915.24658 924.24421 925.1339 919.3161 918.47439 924.81871 929.84781 927.72408 930.00679 940.66906 957.7508 973.18783 990.47394 1010.2753 1038.1895 1070.0884 1088.2227 1081.3995 1060.6598 1032.9948 978.56302 900.6999 814.91413 734.55029 658.0091 586.68075 518.72048 457.47399 405.73277 361.2504
1102.9728 1082.0192 980.51062 28819691 76542662 15281808 233378.37 14778.162 3856.1432 4573.4371 5872.6398 182989.04 3357768.8 13820042 27975047 43028878 71445838 8714525 1016.9352 867.7681 818.10303 818.20784 821.53616 817.78536 813.86452 820.76883 832.48682 842.61246 845.73984 846.53969 850.40493 856.26993 855.75409 849.08504 846.50497 850.21496 853.30582 850.58889 851.71928 860.27555 875.17624 890.21244 908.40378 930.50203 962.10175 1000.7793 1030.9782 1041.0112 1038.2719 1027.5423 988.62762 922.33839 842.79079 764.21061 686.6456 612.66122 541.18795 476.30343 421.31243 373.97306
1180.0717 1166.715 15979619 83481994 44482728 1313805.2 62.634945 55.093694 134.81933 463.78593 1067.0699 4134.8629 206762.7 2228300 9576275.8 31064609 9191632 1842.8379 927.34051 837.93411 795.57638 790.76996 790.64999 786.5387 781.01058 782.99479 790.30581 797.76835 799.30553 797.58339 798.51518 801.51196 799.21618 791.0758 786.08332 786.39169 786.37671 781.51951 779.92563 784.80563 795.68987 807.9421 824.20425 845.33424 876.85003 918.06221 956.27747 980.37491 994.93818 1002.7186 983.11577 933.41923 865.0157 792.08374 716.15529 641.05449 566.75453 498.36068 439.98623 389.53664
