tests/full-run-ref/erosion_79_1_-87.555.asc
ncols 512
nrows 512
xllcorner -3.24582
yllcorner -4.08743
cellsize 5
NODATA_value -99999
[rows 203 to 231 of 512, columns 134 to 200 of 512]
5.77001 5.77001 5.77001 5.7695 6.12499 8.02186 13.4936 15.8279 21.5801 25.2489 31.0488 35.9572 41.7579 47.5534 50.1748 52.5166 54.8561 60.6489 66.469 72.2881 74.057 71.9682 66.1275 60.2618 54.3626 48.4226 42.4351 36.3943 30.2944 24.1286 17.9371 12.6311 11.4776 13.9216 13.9283 13.898 11.3698 5.59713 5.77001 5.77001 5.77001 5.77001 5.77001 5.77001 5.77001 5.77001 5.75482 5.43246 10.2303 16.1458 22.0534 27.1255 21.2187 15.2526 9.28273 5.37874 5.77001 5.77001 5.77001 5.77001 5.77001 5.77001 5.77001 5.77001 5.77001 5.17246 4.95335
5.77001 5.77001 5.77001 5.76971 5.74454 11.4485 16.2083 21.7244 24.0962 29.8328 32.2664 37.8714 40.2352 45.6141 47.9813 53.0969 55.4387 61.216 67.0329 72.8488 77.6815 71.854 66.0065 60.1333 54.2233 48.2717 42.2744 36.2262 30.1217 23.9551 17.7651 12.3936 10.9466 13.9189 13.9283 13.8938 11.3557 5.60171 5.77001 5.77001 5.77001 5.77001 5.77001 5.77001 5.77001 5.77001 5.68656 7.22366 12.9231 18.5933 24.4794 27.1201 21.2176 15.2741 9.2924 5.38491 5.77001 5.77001 5.77001 5.77001 5.77001 5.77001 5.77001 5.77001 5.77001 5.42062 7.33112
5.77001 5.77001 5.77001 5.77001 5.75653 8.03104 13.7954 19.3334 21.6997 24.0515 29.6516 31.9964 37.3731 39.6866 44.7777 47.0781 52.926 58.7643 64.597 70.4277 76.2664 71.9257 66.0709 60.1957 54.2872 48.3424 42.3578 36.3293 30.2525 24.1225 17.9624 12.3985 9.21821 13.9149 13.9271 13.8947 11.3498 5.56975 5.77001 5.77001 5.77001 5.77001 5.77001 5.77001 5.77001 5.77001 5.62144 10.917 15.5185 21.2622 26.9179 27.1595 21.2538 15.2985 9.32361 5.34225 5.77001 5.77001 5.77001 5.77001 5.77001 5.77001 5.77001 5.77001 5.77001 5.64501 4.63817
5.77001 5.77001 5.77001 5.76947 5.76386 5.7351 11.36 13.4722 15.8104 21.4183 23.734 29.1113 31.3792 36.4539 38.687 44.5866 50.4727 56.3348 62.1835 68.0208 73.8623 72.0562 66.1954 60.3268 54.4309 48.5057 42.5481 36.5549 30.5227 24.4476 18.3311 12.302 2.30506 11.9602 13.9151 13.9051 11.3429 5.53777 5.77001 5.77001 5.77001 5.77001 5.77001 5.77001 5.77001 5.77001 5.63487 10.9146 16.7434 22.5666 28.3983 26.6991 20.7595 14.7577 8.68196 5.08733 5.64853 5.74106 5.77001 5.77001 5.77001 5.77001 5.77001 5.77001 5.77001 5.77001 5.25399
5.77001 5.77001 5.77001 5.76899 8.15836 8.14835 5.65258 7.60645 13.1673 15.443 20.8199 23.0289 28.0913 30.248 36.2148 42.1641 48.0628 53.9328 59.7904 65.6269 69.2655 69.6673 63.7945 57.9108 51.996 46.0471 40.0609 34.0335 27.9607 21.8378 15.6808 9.65985 0 0 8.56551 13.9121 11.3599 5.54292 5.77001 5.77001 5.77001 5.77001 5.77001 5.77001 5.77001 5.77001 5.65763 11.0248 15.8247 21.241 23.6449 29.1206 23.2267 17.2486 11.3076 5.41263 7.47629 5.63785 5.77001 5.77001 5.77001 5.77001 5.77001 5.77001 5.77001 5.77001 5.65303
5.77001 5.77001 5.77001 5.76897 5.76667 5.76619 5.75176 5.58996 7.24449 12.5318 14.6373 19.6908 21.7594 27.8103 33.8397 39.7836 45.6784 51.5569 57.4088 61.0196 63.4419 67.5813 61.6896 55.7884 49.8473 43.863 37.8306 31.7447 25.5993 19.3881 13.1395 7.79763 3.48314 3.57782 5.54513 11.2429 11.2993 5.6198 5.77001 5.77001 5.77001 5.77001 5.77001 5.77001 5.77001 5.77001 5.71494 7.61717 12.9701 15.3253 21.2037 27.0878 25.6914 19.8665 13.8724 11.5328 10.3524 5.35442 5.74821 5.77001 5.77001 5.77001 5.77001 5.77001 5.77001 5.77001 5.77001
5.77001 5.77001 5.77001 5.77001 5.77001 5.77001 5.77001 5.75047 5.45694 6.50165 11.3742 13.2209 19.3705 25.4972 31.4953 37.4181 43.3181 49.1839 52.7658 55.1325 61.0365 65.203 59.286 53.3524 47.3624 41.3087 35.1844 28.9813 22.6903 16.3017 9.82278 4.42454 3.98912 5.64213 5.12804 5.44935 5.4476 5.58886 5.77001 5.77001 5.77001 5.77001 5.77001 5.77001 5.77001 5.77001 5.75936 5.6026 7.04293 12.8804 18.7795 23.7747 28.2462 22.375 19.9216 17.5006 12.0346 6.08684 5.48251 5.69072 5.75561 5.77001 5.77001 5.77001 5.77001 5.77001 5.77001
5.77001 5.77001 5.77001 5.77001 5.77001 5.77001 5.77001 5.77001 5.73985 5.25392 5.21971 10.9938 17.1865 23.2595 29.2191 35.1415 41.0145 44.479 46.7828 52.7087 58.6101 64.225 58.318 52.374 46.3703 40.293 34.133 27.8806 21.5255 15.0564 8.47266 3.41436 5.13221 5.77001 5.77001 5.77001 5.77001 5.77001 5.77001 5.77001 5.77001 5.77001 5.77001 5.77001 5.77001 5.77001 5.77001 5.75234 5.47947 10.5608 15.483 21.1151 23.5687 28.2407 25.7994 20.3932 14.4545 12.06 6.79031 7.78814 5.71537 5.77001 5.77001 5.77001 5.77001 5.77001 5.77001
5.77001 5.77001 5.77001 5.77001 5.77001 5.77001 5.77001 5.77001 5.77001 5.73496 4.78469 9.16935 15.2485 21.2666 27.2147 33.0582 36.1588 38.3809 44.3616 50.3089 56.1242 62.023 58.8905 52.9636 46.997 40.965 34.8556 28.6606 22.3704 15.9747 9.47923 4.51838 5.16684 5.77001 5.77001 5.77001 5.77001 5.77001 5.77001 5.77001 5.77001 5.77001 5.77001 5.77001 5.77001 5.77001 5.77001 5.77001 5.68731 7.33685 12.8294 15.2221 21.1088 26.9483 28.7027 22.8361 20.4218 15.1018 12.7725 11.1105 5.64538 5.77001 5.77001 5.77001 5.77001 5.77001 5.77001
5.77001 5.77001 5.77001 5.77001 5.77001 5.77001 5.77001 5.77001 5.77001 5.75705 5.22942 10.2117 16.1904 22.0852 25.73 27.8073 29.9286 35.9828 42.0037 47.8583 53.7388 56.1687 58.6274 53.4399 47.49 41.5005 35.4406 29.3022 23.0764 16.7537 10.3319 5.05655 5.14709 5.75533 5.76698 5.77001 5.77001 5.77001 5.77001 5.77001 5.77001 5.77001 5.77001 5.77001 5.77001 5.77001 5.77001 5.77001 5.7541 5.57582 6.89709 12.755 18.6433 24.5105 30.36 28.6943 23.0191 18.481 12.8971 7.05063 5.60194 5.76766 5.77001 5.77001 5.77001 5.77001 5.77001
5.77001 5.77001 5.77001 5.77001 5.77001 5.77001 5.77001 5.77001 5.77001 5.74777 7.7621 13.3614 15.6915 17.5262 19.3574 21.4195 27.5735 33.6882 39.5971 45.5073 47.8941 50.2819 52.7734 53.9153 47.9845 42.0254 36.0083 29.9184 23.7476 17.4869 11.128 5.65155 5.14222 6.15872 5.7691 5.76948 5.76912 5.77001 5.77001 5.77001 5.77001 5.77001 5.77001 5.77001 5.77001 5.77001 5.77001 5.77001 5.77001 5.75131 5.4056 10.2876 16.2107 22.0935 27.9574 26.165 20.5377 14.6352 10.0603 5.25119 6.11127 5.76109 5.76912 5.77001 5.77001 5.77001 5.77001
5.77001 5.77001 5.77001 5.77001 5.77001 5.77001 5.77001 5.77001 5.77001 5.75691 5.62196 7.46746 10.2543 11.0443 12.8593 19.1373 25.3657 31.3395 37.2834 39.645 41.977 44.384 46.8872 52.8725 48.4213 42.4755 36.4957 30.4483 24.3257 18.1194 11.82 6.20481 5.16298 6.15905 6.15877 6.15884 5.76897 5.77001 5.77001 5.77001 5.77001 5.77001 5.77001 5.77001 5.77001 5.77001 5.77001 5.77001 5.77001 5.77001 5.53471 10.426 16.3153 22.1849 28.047 23.7267 17.7901 12.0789 6.25059 5.70728 6.15611 6.15379 5.76928 5.77001 5.77001 5.77001 5.77001
5.77001 5.77001 5.77001 5.77001 5.77001 5.77001 5.77001 5.77001 5.77001 5.77001 5.75457 5.65692 4.93375 4.98007 10.844 17.148 23.0808 29.0724 31.4008 33.6668 36.0051 38.4651 44.517 47.4552 48.7951 42.873 36.9211 30.9127 24.8334 18.6752 12.429 6.70959 5.16788 6.15911 6.15811 5.76921 5.76841 5.77001 5.77001 5.77001 5.77001 5.77001 5.77001 5.77001 5.77001 5.77001 5.77001 5.77001 5.77001 5.77001 5.5427 10.442 16.325 22.1949 27.2104 21.2885 15.3231 9.31603 5.18594 6.09783 6.15485 5.76647 5.76964 5.77001 5.77001 5.77001 5.77001
5.77001 5.77001 5.77001 5.77001 5.77001 5.77001 5.77001 5.77001 5.77001 5.77001 5.77001 5.77001 5.73831 4.89736 9.63383 14.8418 20.8819 23.3815 25.3525 27.5955 30 36.1595 39.087 45.0261 47.7021 43.2158 37.2825 31.3096 25.2692 19.1535 12.9541 7.15942 5.15641 6.15862 5.76913 5.76971 5.77001 5.77001 5.77001 5.77001 5.77001 5.77001 5.77001 5.77001 5.77001 5.77001 5.77001 5.77001 5.77001 5.75633 5.48085 10.4078 16.3077 22.1837 27.5427 21.6645 15.7473 9.79838 5.41984 6.15618 5.75705 5.76959 5.77001 5.77001 5.77001 5.77001 5.77001
5.77001 5.77001 5.77001 5.77001 5.77001 5.77001 5.77001 5.77001 5.77001 5.77001 5.77001 5.77001 5.77001 5.60386 6.86486 12.7991 15.9793 17.2655 19.1591 21.4816 27.7577 30.7146 36.7164 39.3844 45.1677 43.5027 37.582 31.6384 25.6309 19.5518 13.3926 7.54603 5.13793 5.7569 5.76782 5.77001 5.77001 5.77001 5.77001 5.77001 5.77001 5.77001 5.77001 5.77001 5.77001 5.77001 5.77001 5.77001 5.77001 5.69665 7.28685 13.1031 18.7823 24.6288 27.8786 22.0484 16.1718 10.2607 5.50306 5.76463 5.76762 5.77001 5.77001 5.77001 5.77001 5.77001 5.77001
5.77001 5.77001 5.77001 5.77001 5.77001 5.77001 5.77001 5.77001 5.77001 5.77001 5.77001 5.77001 5.77001 5.74616 5.41651 11.0158 9.90769 10.9677 12.9281 19.3162 22.288 28.3858 31.0583 36.8631 39.3251 43.7304 37.8294 31.9053 25.9254 19.8775 13.753 7.87166 5.14047 5.77001 5.77001 5.77001 5.77001 5.77001 5.77001 5.77001 5.77001 5.77001 5.77001 5.77001 5.77001 5.77001 5.77001 5.77001 5.76074 5.59885 10.9142 15.6045 21.4539 22.3912 22.4347 21.6261 16.5836 10.6985 5.4647 6.00034 5.76577 5.77001 5.77001 5.77001 5.77001 5.77001 5.77001
5.77001 5.77001 5.77001 5.77001 5.77001 5.77001 5.77001 5.77001 5.77001 5.77001 5.77001 5.77001 5.77001 5.77001 5.68785 7.76862 4.79819 5.07094 11.1224 13.8213 20.0145 22.683 28.5467 30.9806 36.9033 42.8088 38.0384 32.1253 26.1699 20.1496 14.0552 8.15151 5.18437 5.77001 5.77001 5.77001 5.77001 5.77001 5.77001 5.77001 5.77001 5.77001 5.77001 5.77001 5.77001 5.77001 5.77001 5.77001 5.74161 7.75381 13.5448 19.2201 19.0043 16.54 16.5948 15.809 15.9562 11.0729 5.66283 6.09769 5.76426 5.77001 5.77001 5.77001 5.77001 5.77001 5.77001
5.77001 5.77001 5.77001 5.77001 5.77001 5.77001 5.77001 5.77001 5.77001 5.77001 5.77001 5.77001 5.77001 5.77001 5.75487 5.74424 5.67769 5.23553 5.86717 11.8163 14.2582 20.1802 22.5885 28.579 34.5113 40.4081 38.2115 32.3034 26.369 20.3718 14.3025 8.38445 5.21708 5.77001 5.77001 5.77001 5.77001 5.77001 5.77001 5.77001 5.77001 5.77001 5.77001 5.77001 5.77001 5.77001 5.77001 5.77001 5.7403 7.77837 13.5813 15.648 13.1537 10.6616 10.7496 9.95891 13.5646 7.73679 6.00741 6.15818 5.76662 5.77001 5.77001 5.77001 5.77001 5.77001 5.77001
5.77001 5.77001 5.77001 5.77001 5.77001 5.77001 5.77001 5.77001 5.77001 5.77001 5.77001 5.77001 5.77001 5.77001 5.77001 5.77001 5.77001 5.73904 5.33827 6.21704 11.7862 14.1042 20.1914 26.2032 32.1136 38.0018 38.3311 32.4292 26.5096 20.5287 14.4759 8.54785 5.23703 5.77001 5.77001 5.77001 5.77001 5.77001 5.77001 5.77001 5.77001 5.77001 5.77001 5.77001 5.77001 5.77001 5.77001 5.77001 5.75828 5.64975 11.2355 13.252 7.30579 5.48495 7.03354 5.55685 11.3633 5.95091 6.13907 6.14551 5.76755 5.76962 5.77001 5.77001 5.77001 5.77001 5.77001
5.77001 5.77001 5.77001 5.77001 5.77001 5.77001 5.77001 5.77001 5.77001 5.77001 5.77001 5.77001 5.77001 5.77001 5.77001 5.77001 5.77001 5.77001 5.74173 5.35373 5.80351 11.6992 17.797 23.7834 29.6862 35.5766 38.3696 32.4752 26.563 20.5873 14.5369 8.60015 5.23298 5.77001 5.77001 5.77001 5.77001 5.77001 5.77001 5.77001 5.77001 5.77001 5.77001 5.77001 5.77001 5.77001 5.77001 5.77001 5.77001 5.70461 11.3983 7.81323 5.6506 5.74917 5.73941 7.49239 11.5089 5.96012 6.15971 6.15912 6.01257 5.76897 5.77001 5.77001 5.77001 5.77001 5.77001
5.77001 5.77001 5.77001 5.77001 5.77001 5.77001 5.77001 5.77001 5.77001 5.77001 5.77001 5.77001 5.77001 5.77001 5.77001 5.77001 5.77001 5.77001 5.77001 5.70768 4.9383 9.41613 15.4659 21.426 27.3352 33.2322 38.2923 32.3974 26.48 20.4945 14.4289 8.47922 5.21678 5.76326 5.76751 5.77001 5.77001 5.77001 5.77001 5.77001 5.77001 5.77001 5.77001 5.7678 5.7629 5.75938 5.75642 5.77001 5.77001 5.734 8.05478 5.71366 5.76198 5.76502 6.14779 6.08336 6.00968 6.10646 6.15978 6.15975 6.15706 5.76817 5.76978 5.77001 5.77001 5.77001 5.77001
5.77001 5.77001 5.77001 5.77001 5.77001 5.77001 5.77001 5.77001 5.77001 5.77001 5.77001 5.77001 5.77001 5.77001 5.77001 5.77001 5.77001 5.77001 5.76542 5.61474 7.15905 12.9714 18.1397 23.5408 29.3253 35.1296 38.146 32.2432 26.3116 20.316 14.245 8.21642 5.00286 5.80686 5.71974 5.76918 5.77001 5.77001 5.77001 5.77001 5.77001 5.77001 5.76389 5.74721 6.07188 8.11988 5.75231 5.77001 5.77001 5.75999 5.76102 5.76432 5.76383 6.15085 6.1568 6.15954 6.15925 6.15959 6.15996 6.16001 6.15725 5.94246 5.76955 5.77001 5.77001 5.77001 5.77001
5.77001 5.77001 5.77001 5.77001 5.77001 5.77001 5.77001 5.77001 5.77001 5.77001 5.77001 5.77001 5.77001 5.77001 5.77001 5.77001 5.77001 5.77001 5.75717 8.08909 11.294 13.0203 15.2733 21.0492 26.8656 32.7135 38.5713 34.701 28.8023 22.8816 16.9105 11.6663 5.93492 7.77991 5.97681 5.7603 5.77001 5.77001 5.77001 5.77001 5.77001 5.77001 5.75223 8.06283 11.4851 5.71996 5.75655 5.77001 5.77001 5.77001 5.76899 5.76591 6.15179 6.15587 6.16 6.16001 6.16002 6.16002 6.16002 6.16002 6.15868 5.76861 5.76967 5.77001 5.77001 5.77001 5.77001
5.77001 5.77001 5.77001 5.77001 5.77001 5.77001 5.77001 5.77001 5.77001 5.77001 5.77001 5.77001 5.77001 5.77001 5.77001 5.77001 5.77001 5.77001 5.75827 8.10912 5.51365 6.96935 12.7089 18.5644 24.4447 30.3015 36.1603 37.1429 31.2898 25.4408 20.2886 14.5272 12.3251 13.4828 8.11797 5.74376 5.77001 5.77001 5.77001 5.77001 5.77001 5.76197 5.73341 11.4964 7.98416 6.02432 5.76336 5.76851 5.77001 5.76892 5.76642 6.15233 6.15805 6.16 6.16001 6.16002 6.16002 6.16002 6.16002 6.16002 6.15888 5.76883 5.76974 5.77001 5.77001 5.77001 5.77001
5.77001 5.77001 5.77001 5.77001 5.77001 5.77001 5.77001 5.77001 5.77001 5.77001 5.77001 5.77001 5.77001 5.77001 5.77001 5.77001 5.77001 5.77001 5.76453 5.76491 5.73367 5.36105 10.2242 16.14 22.0356 27.9012 33.7509 38.0387 32.2015 26.3669 20.7009 14.8832 12.5728 7.506 5.85749 5.74646 5.77001 5.77001 5.77001 5.77001 5.77001 5.75415 8.06669 11.4875 5.94578 6.13621 6.15192 5.76518 5.76709 5.7665 6.1554 6.1584 6.16001 6.16002 6.16002 6.16002 6.16002 6.16002 6.16002 6.16002 6.15904 5.9457 5.76951 5.77001 5.77001 5.77001 5.77001
5.77001 5.77001 5.77001 5.77001 5.77001 5.77001 5.77001 5.77001 5.77001 5.77001 5.77001 5.77001 5.77001 5.77001 5.77001 5.77001 5.77001 5.77001 5.77001 5.77001 5.77001 5.5232 10.5245 16.3983 22.2661 28.1066 33.9443 35.6362 29.768 23.8962 17.991 12.2614 6.43461 5.70968 6.11327 5.76219 5.77001 5.77001 5.77001 5.77001 5.77001 5.74784 11.5034 8.04933 6.01718 6.15917 6.15746 6.15588 6.15389 6.15661 6.1585 6.16001 6.16002 6.16002 6.16002 6.16002 6.16002 6.16002 6.16002 6.16002 6.15956 6.10801 5.76919 5.77001 5.77001 5.77001 5.77001
5.77001 5.77001 5.77001 5.77001 5.77001 5.77001 5.77001 5.77001 5.77001 5.77001 5.77001 5.77001 5.77001 5.77001 5.77001 5.77001 5.77001 5.77001 5.77001 5.77001 5.77001 5.57258 10.7043 16.5578 22.4033 28.2305 34.0617 33.2333 27.3476 21.4487 15.5178 9.5619 5.44152 6.11047 6.15816 5.76423 5.76943 5.77001 5.77001 5.77001 5.77001 5.74466 8.08656 6.00679 6.14047 6.15974 6.16001 6.16 6.16001 6.16001 6.16002 6.16002 6.16002 6.16002 6.16002 6.16002 6.16002 6.16002 6.16002 6.16002 6.15996 6.1592 5.7688 5.76996 5.77001 5.77001 5.77001
5.77001 5.77001 5.77001 5.77001 5.77001 5.77001 5.77001 5.77001 5.77001 5.77001 5.77001 5.77001 5.77001 5.77001 5.77001 5.77001 5.77001 5.77001 5.77001 5.77001 5.77001 5.59644 10.8038 16.6489 22.4868 28.3093 34.1325 32.3433 26.4753 20.6837 14.7649 10.1499 5.66841 6.15957 6.15882 6.15608 5.76761 5.76879 5.76927 5.77001 5.76936 5.76071 6.12765 6.14529 6.15979 6.16 6.16002 6.16002 6.16002 6.16002 6.16002 6.16002 6.16002 6.16002 6.16002 6.16002 6.16002 6.16002 6.16002 6.16002 6.16002 6.15937 6.15926 5.76965 5.77001 5.77001 5.77001
5.77001 5.77001 5.77001 5.77001 5.77001 5.77001 5.77001 5.77001 5.77001 5.77001 5.77001 5.77001 5.77001 5.77001 5.77001 5.77001 5.77001 5.77001 5.77001 5.76531 5.71758 5.58272 10.8435 16.6923 22.5272 28.3468 34.1585 29.9364 24.061 18.1424 12.2765 6.47023 5.80966 6.15961 6.16001 6.15863 6.15795 6.15788 5.76769 5.76854 5.76794 6.15559 6.15887 6.15997 6.16001 6.16002 6.16002 6.16002 6.16002 6.16002 6.16002 6.16002 6.16002 6.16002 6.16002 6.16002 6.16002 6.16002 6.16002 6.16002 6.16002 6.16002 6.15884 5.76884 5.76991 5.77001 5.77001
