tests/full-run-ref/erosion_80_12_73.027.asc
ncols 512
nrows 512
xllcorner -3.24582
yllcorner -4.08743
cellsize 5
NODATA_value -99999
[rows 396 to 428 of 512, columns 0 to 73 of 512]
10.77 5 5.77002 5 5.77002 5 5.77002 5 5.77002 5 5.77002 5 5.77002 5 5.77002 5 5.77002 5 5.77002 5 5.77002 5 5.77004 5.77004 5.77004 5 5.77002 5 5.77002 5 5.77002 5 5.77002 5 5.77002 5 5.77002 5 5.77002 5 5.77002 5 5.77002 5 5.77002 5 5.77002 5 5.77002 5 5.77002 5 5.77002 5 5.77002 5 5.77002 5 5.77002 5 5.77002 5 5.77002 5 5.77002 5 5.77002 5 5.77002 5 5.77002 5 5.77002 5
10.77 5.77002 5.77002 5.77002 5.77002 5.77002 5.77002 5.77002 5.77002 5.77002 5.77002 5.77002 5.77002 5.77002 5.77002 5.77002 5.77002 5.77002 5.77002 5.77002 5.77004 5.77004 5.77004 5 5.77004 5.77004 5.77002 5.77002 5.77002 5.77002 5.77002 5.77002 5.77002 5.77002 5.77002 5.77002 5.77002 5.77002 5.77002 5.77002 5.77002 5.77002 5.77002 5.77002 5.77002 5.77002 5.77002 5.77002 5.77002 5.77002 5.77002 5.77002 5.77002 5.77002 5.77002 5.77002 5.77002 5.77002 5.77002 5.77002 5.77002 5.77002 5.77002 5.77002 5.77002 5.77002 5.77002 5.77002 5.77002 5.77002 5.77002 5.77002 5.77002 5.77002
10.77 5 5.77002 5 5.77002 5 5.77002 5 5.77002 5 5.77002 5 5.77002 5 5.77002 5 5.77002 4.99993 5.76975 4.99971 5.76992 5.77004 5.77002 5.77004 5.77004 5 5.77002 5 5.77002 5 5.77002 5 5.77002 5 5.77002 5 5.77002 5 5.77002 5 5.77002 5 5.77002 5 5.77002 5 5.77002 5 5.77002 5 5.77002 5 5.77002 5 5.77002 5 5.77002 5 5.77002 5 5.77002 5 5.77002 5 5.77002 5 5.77002 5 5.77002 5 5.77002 5 5.77002 5
10.77 5.77002 5.77002 5.77002 5.77002 5.77002 5.77002 5.77002 5.77002 5.77002 5.77002 5.77002 5.77002 5.77002 5.77002 5.77002 5.77002 5.76994 6.14776 6.13746 5.76984 5 5.77004 5.77004 5.77002 5.77002 5.77002 5.77002 5.77002 5.77002 5.77002 5.77002 5.77002 5.77002 5.77002 5.77002 5.77002 5.77002 5.77002 5.77002 5.77002 5.77002 5.77002 5.77002 5.77002 5.77002 5.77002 5.77002 5.77002 5.77002 5.77002 5.77002 5.77002 5.77002 5.77002 5.77002 5.77002 5.77002 5.77002 5.77002 5.77002 5.77002 5.77002 5.77002 5.77002 5.77002 5.77002 5.77002 5.77002 5.77002 5.77002 5.77002 5.77002 5.77002
10.77 5 5.77002 5 5.77002 5 5.77002 5 5.77002 5 5.77002 5 5.77002 5 5.77002 5 5.77002 4.99993 5.76982 4.99978 5.76994 5.76988 5.7698 4.99987 5.77002 5 5.77002 5 5.77002 5 5.77002 5 5.77002 5 5.77002 5 5.77002 5 5.77002 5 5.77002 5 5.77002 5 5.77002 5 5.77002 5 5.77002 5 5.77002 5 5.77002 5 5.77002 5 5.77002 5 5.77002 5 5.77002 5 5.77002 5 5.77002 5 5.77002 5 5.77002 5 5.77002 5 5.77002 5
13.16 8.16003 5.77002 5.77002 5.77002 5.77002 5.77002 5.77002 5.77002 5.77002 5.77002 5.77002 5.77002 5.77002 5.77002 5.77002 5.77002 5.77002 5.77002 5.77002 5.77002 4.99984 6.12462 5.7698 5.77002 5.77002 5.77002 5.77002 5.77002 5.77002 5.77002 5.77002 5.77002 5.77002 5.77002 5.77002 5.77002 5.77002 5.77002 5.77002 5.77002 5.77002 5.77002 5.77002 5.77002 5.77002 5.77002 5.77002 5.77002 5.77002 5.77002 5.77002 5.77002 5.77002 5.77002 5.77002 5.77002 5.77002 5.77002 5.77002 5.77002 5.77002 5.77002 5.77002 5.77002 5.77002 5.77002 5.77002 5.77002 5.77002 5.77002 5.77002 5.77002 5.77002
13.16 8.16003 5 5.77002 5 5.77002 5 5.77002 5 5.77002 5 5.77002 5 5.77002 5 5.77002 5 5.77002 5 5.77002 5.77002 5.76993 5.76987 4.99991 5.77002 5 5.77002 5 5.77002 5 5.77002 5 5.77002 5 5.77002 5 5.77002 5 5.77002 5 5.77002 5 5.77002 5 5.77002 5 5.77002 5 5.77002 5 5.77002 5 5.77002 5 5.77002 5 5.77002 5 5.77002 5 5.77002 5 5.77002 5 5.77002 5 5.77002 5 5.77002 5 5.77002 5 5.77002 5
10.77 5.77002 5.77002 5.77002 5.77002 5.77002 5.77002 5.77002 5.77002 5.77002 5.77002 5.77002 5.77002 5.77002 5.77002 5.77002 5.77002 5.77002 5.77002 5.77002 5 5.77002 5.77002 5.77002 5.77002 5.77002 5.77002 5.77002 5.77002 5.77002 5.77002 5.77002 5.77002 5.77002 5.77002 5.77002 5.77002 5.77002 5.77002 5.77002 5.77002 5.77002 5.77002 5.77002 5.77002 5.77002 5.77002 5.77002 5.77002 5.77002 5.77002 5.77002 5.77002 5.77002 5.77002 5.77002 5.77002 5.77002 5.77002 5.77002 5.77002 5.77002 5.77002 5.77002 5.77002 5.77002 5.77002 5.77002 5.77002 5.77002 5.77002 5.77002 5.77002 5.77002
13.16 8.16003 5 5.77002 5 5.77002 5 5.77002 5 5.77002 5 5.77002 5 5.77002 5 5.77002 5 5.77002 5 5.77002 5.77002 5.77002 5 5.77002 5 5.77002 5 5.77002 5 5.77002 5 5.77002 5 5.77002 5 5.77002 5 5.77002 5 5.77002 5 5.77002 5 5.77002 5 5.77002 5 5.77002 5 5.77002 5 5.77002 5 5.77002 5 5.77002 5 5.77002 5 5.77002 5 5.77002 5 5.77002 5 5.77002 5 5.77002 5 5.77002 5 5.77002 5 5.77002
16.32 10.77 5.77002 5.77002 5.77002 5.77002 5.77002 5.77002 5.77002 5.77002 5.77002 5.77002 5.77002 5.77002 5.77002 5.77002 5.77002 5.77002 5.77002 5.77002 5 5.77002 5.77002 5.77002 5.77002 5.77002 5.77002 5.77002 5.77002 5.77002 5.77002 5.77002 5.77002 5.77002 5.77002 5.77002 5.77002 5.77002 5.77002 5.77002 5.77002 5.77002 5.77002 5.77002 5.77002 5.77002 5.77002 5.77002 5.77002 5.77002 5.77002 5.77002 5.77002 5.77002 5.77002 5.77002 5.77002 5.77002 5.77002 5.77002 5.77002 5.77002 5.77002 5.77002 5.77002 5.77002 5.77002 5.77002 5.77002 5.77002 5.77002 5.77002 5.77002 5.77002
16.3113 10.77 5 5.77002 5 5.77002 5 5.77002 5 5.77002 5 5.77002 5 5.77002 5 5.77002 5 5.77002 5 5.77002 5.77002 5.77002 5 5.77002 5 5.77002 5 5.77002 5 5.77002 5 5.77002 5 5.77002 5 5.77002 5 5.77002 5 5.77002 5 5.77002 5 5.77002 5 5.77002 5 5.77002 5 5.77002 5 5.77002 5 5.77002 5 5.77002 5 5.77002 5 5.77002 5 5.77002 5 5.77002 5 5.77002 5 5.77002 5 5.77002 5 5.77002 5 5.77002
13.16 8.15129 5.77004 5.77002 5.77002 5.77002 5.77002 5.77002 5.77002 5.77002 5.77001 5.77002 5.77002 5.77002 5.77002 5.77002 5.77002 5.77002 5.77002 5.77002 4.99998 5.76999 5.77 5.77002 5.77002 5.77002 5.77002 5.77002 5.77002 5.77002 5.77002 5.77002 5.77002 5.77002 5.77002 5.77002 5.77002 5.77002 5.77002 5.77002 5.77002 5.77002 5.77002 5.77002 5.77002 5.77002 5.77002 5.77002 5.77002 5.77002 5.77002 5.77002 5.77002 5.77002 5.77002 5.77002 5.77002 5.77002 5.77002 5.77002 5.77002 5.77002 5.77002 5.77002 5.77002 5.77002 5.77002 5.77002 5.77002 5.77002 5.77002 5.77002 5.77002 5.77002
10.77 5 5.77004 5.77004 5.77004 5.77003 5.77003 5.77003 5 5.77001 6.15979 4.99999 5.77004 5.77004 5.77004 5.77004 5.77004 5.77004 5.77004 5.77004 5.76999 6.14582 4.99997 5.77004 5 5.77004 5.77004 5.77004 5 5.77004 5 5.77004 5.77004 5.77004 5.77004 5.77004 5 5.77004 5.77004 5 5.77002 5 5.77002 5 5.77004 5 5.77004 5.77004 5.77004 5.77004 5.77004 5.77004 5.77004 5.77004 5.77004 5.77004 5 5.77004 5 5.77004 5 5.77004 5 5.77004 5 5.77004 5 5.77004 5 5.77004 5 5.77004 5 5.77002
13.16 8.16005 5.77004 5.77004 5.77004 5 5.77004 5.77004 5.77002 5.77002 5.77001 5.77002 5.77002 5.77004 5.77004 5.77004 5 5.77004 5.77004 5.77004 4.99997 5.76999 5.76999 5.77004 5.77004 5.77004 5 5.77004 5.77004 5.77004 5.77004 5.77004 5 5.77004 5 5.77004 5.77004 5.77004 5.77004 5.77002 5.77002 5.77002 5.77002 5.77002 5.77002 5.77004 5.77004 5 5.77004 5 5.77004 5 5.77004 5 5.77004 5.77002 5.77004 5.77004 5.77004 5.77004 5.77004 5.77004 5.77004 5.77004 5.77004 5.77004 5.77004 5.77004 5.77004 5.77004 5.77004 5.77004 5.77004 5.77002
10.77 5 5.77004 5 5.77004 5.77004 5.77004 5 5.77002 5 5.77002 5.77004 5.77004 5.77004 5 5.77004 5.77004 5.77004 5 5.77004 5.77004 5.77004 5.77004 4.99995 5.77 5.77001 5.77004 5.77004 5 5.77004 5.77004 5 5.77004 6.15981 5.77004 5.77004 5 5.77004 5.77004 5 5.77002 5 5.77002 5 5.77002 5 5.77004 5.77004 5.77004 5.77004 5.77004 5.77004 5.77004 5.77004 5.77004 5.77004 5.77004 5.77004 5.77004 5.77004 5.77004 5.77004 5 5.77004 5.77004 5.77004 5.77004 5.77004 5.77004 5.77004 5.77004 5 5.77002 5
10.77 5.77004 5.77004 5.77004 5.77004 5.77004 5.77002 5.77002 5.77002 5.77002 5.77002 5.77004 5.77004 5 5.77004 5.77004 5 5.77004 5.77004 5.77004 5 5.77004 5.77003 5.76995 6.15875 4.99999 5.77 5.77001 5.77004 5.77004 5 6.15995 5.77004 5 5.77004 5 5.77004 5.77004 5.77002 5.77002 5.77002 5.77002 5.77002 5.77002 5.77002 5.77002 5.77004 5 5.77004 5 5.77004 5 5.77004 5 5.77004 5 5.77004 5 5.77004 5 5.77004 5 5.77004 5.77004 5 5.77004 5 5.77004 5 5.77004 5.77002 5.77004 5.77002 5.77002
10.77 5.77004 5 5.77004 5 5.77004 5.77004 5 5.77002 5 5.77002 5.77004 5.77004 5.77004 5.77004 5 5.77004 5.77004 5 5.77004 5.77004 5.77004 5.77004 4.99995 5.77 5.77001 6.15912 4.99998 5.77002 5.77004 5.77004 5.77004 5 5.77004 5.77004 5.77004 5.77004 5 5.77004 5 5.77002 5 5.77002 5 5.77002 5.77004 5.77004 5.77004 5.77004 5.77004 5.77004 5.77004 5.77004 5.77004 5.77004 5.77004 5.77004 5.77004 5.77004 5.77004 5.77004 5.77004 5.77004 5 5.77004 5.77004 5.77004 5.77004 5.77004 5.77004 5.77004 5.77004 5.77004 5
10.77 5.77004 5.77004 5.77004 5.77004 5.77004 5.77002 5.77002 5.77002 5.77002 5.77002 5.77004 5.77004 5 5.77004 5.77004 5.77004 5 5.77004 5.77004 5 5.77004 5.77003 5.77002 5.77003 4.99999 5.77001 5.77 5.77004 5.77004 5 5.77004 5.77004 5.77004 5 5.77004 5.77002 5.77004 5.77002 5.77002 5.77002 5.77002 5.77002 5.77002 5.77002 5 5.77002 5.77004 5 5.77004 5 5.77004 5 5.77004 5 5.77004 5 5.77004 5 5.77004 5 5.77004 5 5.77004 5.77004 5 5.77004 5 5.77004 5 5.77004 5 5.77004 5.77002
10.77 5.77004 5 5.77004 5 5.77004 5.77004 5.77004 5.77004 5.77004 5.77004 5.77004 5 5.77004 5.77004 5 5.77004 5.77004 5.77004 5 5.77004 5.77004 5.77004 5.77004 5.77004 5.77002 5.77003 5.77003 5.77003 5.77004 5.77004 5.77004 4.99999 5.77003 5.77003 5.77004 5.77004 5 5.77002 5 5.77002 5 5.77002 5 5.77002 5.77004 5.77004 5.77004 5.77004 5.77004 5.77004 5.77004 5.77004 5.77004 5.77004 5.77004 5.77004 5.77004 5.77004 5.77004 5.77004 5.77004 5.77004 5.77004 5.77002 5.77004 5.77004 5.77004 5.77004 5.77004 5.77004 5.77004 5.77004 5.77004
13.16 8.16005 5.77004 5.77004 5.77004 5.77004 5.77004 5.77004 5.77004 5 5.77004 5.77004 5.77004 5.77004 5 5.77004 5.77004 5 5.77004 5.77004 5.77004 5 5.77004 5.77004 5.77004 5.77003 5.77003 5 5.77003 5.77004 5.77004 5 5.77003 6.15965 4.99999 5.77004 5.77002 5.77004 5.77002 5.77002 5.77002 5.77002 5.77002 5.77002 5.77002 5 5.77004 5 5.77003 5 5.77003 5 5.77004 5 5.77004 5 5.77004 5 5.77004 5 5.77004 5 5.77004 5 5.77004 5.77004 5 5.77004 5 5.77004 5 5.77004 5 5.77004
10.77 5.77004 5 5.77004 5 6.16005 5 5.77004 5 5.77004 5.77004 5 5.77004 5 5.77004 5.77004 5 5.77004 5.77004 5 5.77004 5.77004 5.77004 5 5.77004 5.77004 5.77003 5.77003 5.77003 5.77004 5 5.77004 5.77004 4.99999 5.77003 5.77004 5.77004 5.77004 5 5.77004 5 5.77002 5 5.77002 5.77002 5.77002 5.77002 5.77002 5.77002 5.77002 5.77002 5.77002 5.77002 5.77002 5.77002 5.77002 5.77002 5.77002 5.77002 5.77002 5.77002 5.77002 5.77002 5.77002 5.77002 5.77002 5.77002 5.77004 5.77004 5.77004 5.77004 5.77004 5.77004 5.77004
10.77 5.77004 5.77004 5.77004 5.77004 5.77004 5.77004 5.77004 5.77004 5.77004 5 5.77004 5.77004 5.77004 5.77004 5 5.77004 5.77004 5 5.77004 5.77004 5 5.77004 5.77004 5.77004 5 5.77004 5.77004 5 5.77004 5.77004 5.77004 5 5.77004 5.77004 5 5.77004 5.77002 5.77004 5.77004 5.77002 5.77002 5.77002 5.77002 5 5.77002 5 5.77002 5 5.77002 5 5.77002 5 5.77002 5 5.77002 5 5.77002 5 5.77002 5 5.77002 5 5.77002 5 5.77002 5 5.77002 5 5.77002 4.99999 5.77 4.99997 5.77
10.77 5 5.77004 5 5.77004 5 5.77004 5 5.77004 5 5.77004 5.77004 5 5.77004 5 5.77004 5.77004 5 5.77004 5.77004 5 5.77004 5.77004 5 5.77004 5.77004 5.77004 5.77003 5.77004 5.77004 5.77004 5 5.77004 5.77004 5 5.77004 5.77004 5.77004 5.77004 5.77004 5 5.77002 5 5.77002 5.77002 5.77002 5.77002 5.77002 5.77002 5.77002 5.77002 5.77002 5.77002 5.77002 5.77002 5.77002 5.77002 5.77002 5.77002 5.77002 5.77002 5.77002 5.77002 5.77002 5.77002 5.77002 5.77002 5.77002 5.77002 5.77002 5.77001 6.15832 6.1593 6.15923
10.77 5.77004 5.77004 5.77004 5.77004 5.77004 5.77004 5.77004 5.77004 5.77004 5.77004 5 5.77004 5.77004 5.77004 5.77004 5 5.77004 5.77004 5 5.77004 5.77004 5 5.77004 5.77004 5 5.77004 5.77004 5.77004 5 5.77004 5.77004 5.77004 5 5.77004 5.77004 5 5.77004 5 5.77002 5.77002 5.77002 5.77002 5.77002 5 5.77002 5 5.77002 5 5.77002 5 5.77002 5 5.77002 5 5.77002 6.00001 6.00002 5 5.77002 5 5.77002 5 5.77002 5 5.77002 5 5.77002 5 5.77002 4.99999 5.77001 4.99998 5.77001
10.77 5.77004 5 5.77004 5 5.77004 5 5.77004 5 5.77004 5 5.77004 5.77004 5 5.77004 5 5.77004 5.77004 5 5.77004 5.77004 5 5.77004 5.77004 5 5.77004 5.77004 5 5.77004 5.77004 5.77004 5 5.77004 5.77004 5.77004 5 5.77004 5.77004 5.77002 5.77002 5 5.77002 5 5.77002 5.77002 5.77002 5.77002 5.77002 5.77002 5.77002 5.77002 5.77002 5.77002 5.77002 5.77002 5.77002 5 5.77002 5.77002 5.77002 5.77002 5.77002 5.77002 5.77002 5.77002 5.77002 5.77002 5.77002 5.77002 5.77002 5.77002 5.77002 5.77002 5.77002
10.77 5.77004 5.77004 5.77004 5.77004 5.77004 5.77004 5.77004 5.77004 5.77004 5.77004 5.77004 5 5.77004 5.77004 5.77004 5.77004 5 5.77004 5.77004 5 5.77004 5.77004 5 5.77004 5.77004 5 5.77004 5.77004 5 5.77004 5.77004 5.77004 5 5.77004 5.77004 5.77004 5 5.77002 5.77002 5.77002 5.77002 5.77002 5.77002 5 5.77002 5 5.77002 5 5.77002 5 5.77002 5 5.77002 5 5.77002 5.77002 5.77002 5 5.77002 5 5.77002 5 5.77004 5 5.77004 5 5.77002 5 5.77002 5 5.77004 5 5.77004
10.77 5 5.77004 5 5.77004 5 5.77004 5 5.77004 5 5.77004 5 5.77004 5.77004 5 5.77004 5 5.77004 5.77004 5 5.77004 5.77004 5 5.77004 5.77004 5 5.77004 5.77004 5 5.77004 5.77004 5 5.77004 5.77004 5.77004 5 5.77004 5.77004 5.77002 5 5.77002 5 5.77002 5.77002 5.77002 5.77004 5.77002 5.77004 5.77002 5.77004 5.77002 5.77004 5.77002 5.77004 5.77002 5.77002 5 5.77002 5.77002 5.77002 5.77002 5.77004 5.77004 5.77004 5.77004 5.77004 5.77004 5.77004 5.77004 5.77004 5.77004 5.77004 5.77004 5.77004
10.6292 5.77004 5.77004 5.77004 5.77004 5.77004 5.77004 5.77004 5.77004 5.77004 5.77004 5.77004 5.77004 5 5.77004 5.77004 5.77004 5.77004 5 5.77004 5.77004 5 5.77004 5.77004 5 5.77004 5.77004 5 5.77004 5.77004 5 5.77004 5.77004 5 5.77004 5.77004 5.77004 5 5.77002 5.77002 5.77002 5.77002 5.77002 5 5.77002 5 5.77004 5 5.77004 5 5.77004 5 5.77004 5 5.77004 5.77002 5.77004 5.77002 5.77004 5 5.77004 5 5.77004 5 5.77004 5.77004 5.77004 5.77004 5.77004 5.77004 5.77004 5.77004 5.77004 5.77004
10.77 5.77004 5 5.77004 5 5.77004 5 5.77004 5 5.77004 5 5.77004 5 5.77004 5.77004 5 5.77004 5 5.77004 5.77004 5 5.77004 5.77004 5 5.77004 5.77004 5 5.77004 5.77004 5 5.77004 5.77004 5 5.77004 5.77004 5 5.77004 5.77002 5.77002 5 5.77002 5 5.77002 5.77002 5.77004 5.77004 5.77004 5.77004 5.77004 5.77004 5.77004 5.77004 5.77004 5.77004 5.77004 5.77004 5.77004 5.77004 5.77004 5.77004 5.77004 5.77004 5.77004 5.77004 5.77004 5 5.77004 5 5.77004 5 5.77004 5 5.77004 5
10.77 5.77004 5.77004 5.77004 5.77004 5.77004 5.77004 5.77004 5.77004 5.77004 5.77004 5.77004 5.77004 5.77004 5 5.77004 5.77004 5.77004 5.77004 5 5.77004 5.77004 5 5.77004 5.77004 5 5.77004 5.77004 5 5.77004 5.77004 5 5.77004 5.77004 5 5.77004 5.77004 5 5.77002 5.77002 5.77002 5.77002 5.77002 5 5.77002 5.77004 5 5.77004 5.77004 5.77004 5 5.77004 5.77004 5 5.77004 5 5.77004 5.77004 5.77004 5 5.77004 5.77004 5.77004 5 5.77004 5.77004 5.77004 5.77004 5.77004 5.77004 5.77004 5.77004 5.77004 5.77004
10.77 5 5.77004 5 5.77004 5 5.77004 5 5.77004 5 5.77004 5 5.77004 5 5.77004 5.77004 5 5.77004 5 5.77004 5.77004 5 5.77004 5.77004 5 5.77004 5.77004 5 5.77004 5.77004 5 5.77004 5.77004 5 5.77004 5.77004 5.77002 5.77002 5.77002 5 5.77002 5 5.77002 5.77004 5.77004 5.77004 5.77004 5.77004 5 5.77004 5.77004 5.77004 5 5.77004 5.77004 5.77004 5.77004 5 5.77004 5.77004 5.77004 5 5.77004 5.77004 5.77004 5 5.77004 5 5.77004 5 5.77004 5 5.77004 5
10.77 5.77004 5.77004 5.77004 5.77004 5.77004 5.77004 5.77004 5.77004 5.77004 5.77004 5.77004 5.77004 5.77004 5.77004 5 5.77004 5.77004 5.77004 5.77004 5 5.77004 5.77004 5 5.77004 5.77004 5 5.77004 5.77004 5 5.77004 5.77004 5 5.77004 5.77004 5 5.77004 5 5.77002 5.77002 5.77002 5.77004 5.77002 5.77004 5 5.77004 5.77004 5 5.77004 5.77004 5 5.77004 5.77004 5.77004 5 5.77004 5 5.77004 5.77004 5 5.77004 5.77004 5.77004 5 5.77004 5.77004 5.77004 5.77004 5.77004 5.77004 5.77004 5.77004 5.77004 5.77004
10.77 5.77004 5 5.77004 5 5.77004 5 5.77004 5 5.77004 5 5.77004 5 5.77004 5 5.77004 5.77004 5 5.77004 5 5.77004 5.77004 5 5.77004 5.77004 5 5.77004 5.77004 5 5.77004 5.77004 5 5.77004 5.77004 5.77004 5.77004 5.77002 5.77002 5.77002 5.77004 5.77004 5.77004 5.77004 5.77004 5.77004 5.77004 5 5.77004 5.77004 5 5.77004 5.77004 5 5.77004 5.77004 5.77004 5.77004 5.77004 5 5.77004 5.77004 5 5.77004 5.77004 5.77004 5 5.77004 5 5.77004 5 5.77004 5 5.77004 5
