tests/full-run-ref/erosion_2010_78_19_2.123.asc
ncols 512
nrows 512
xllcorner -3.24582
yllcorner -4.08743
cellsize 5
NODATA_value -99999
[rows 288 to 311 of 512, columns 55 to 109 of 512]
3.42467e-06 3.42467e-06 3.42467e-06 3.42467e-06 3.42467e-06 3.42467e-06 3.42467e-06 3.42467e-06 3.42467e-06 3.42467e-06 3.42467e-06 3.42467e-06 4.56621e-06 3.42467e-06 3.42467e-06 3.42467e-06 3.42467e-06 3.42467e-06 3.42467e-06 3.42467e-06 4.49199e-06 4.54235e-06 4.50554e-06 1.14155e-06 1.14155e-06 1.14155e-06 1.14155e-06 1.14155e-06 1.14155e-06 1.14155e-06 1.14155e-06 1.14155e-06 1.14155e-06 1.14155e-06 1.14155e-06 1.14155e-06 1.14155e-06 1.14155e-06 1.14155e-06 1.14155e-06 1.14155e-06 1.14155e-06 1.14155e-06 1.14155e-06 1.14155e-06 1.14155e-06 1.14155e-06 1.14155e-06 1.14155e-06 1.14155e-06 1.14155e-06 1.14155e-06 1.14155e-06 1.14155e-06 1.14155e-06
3.42467e-06 3.42467e-06 3.42467e-06 3.42467e-06 3.42467e-06 3.42467e-06 3.42467e-06 3.42467e-06 3.42467e-06 3.42467e-06 4.52504e-06 3.42467e-06 3.42467e-06 3.42467e-06 3.42467e-06 3.42467e-06 3.42467e-06 3.42467e-06 3.42467e-06 3.42467e-06 3.42467e-06 4.5127e-06 4.5398e-06 1.14155e-06 1.14155e-06 1.14155e-06 1.14155e-06 1.14155e-06 1.14155e-06 1.14155e-06 1.14155e-06 1.14155e-06 1.14155e-06 1.14155e-06 1.14155e-06 1.14155e-06 1.14155e-06 1.14155e-06 1.14155e-06 1.14155e-06 1.14155e-06 1.14155e-06 1.14155e-06 1.14155e-06 1.14155e-06 1.14155e-06 1.14155e-06 1.14155e-06 1.14155e-06 1.14155e-06 1.14155e-06 1.14155e-06 1.14155e-06 1.14155e-06 1.14155e-06
3.42467e-06 3.42467e-06 3.42467e-06 3.42467e-06 3.42467e-06 3.42467e-06 3.42467e-06 3.42467e-06 3.42467e-06 4.53366e-06 4.54563e-06 4.56621e-06 4.53366e-06 4.53366e-06 4.53366e-06 3.42467e-06 3.42467e-06 3.42467e-06 3.42467e-06 3.42467e-06 3.42467e-06 3.42467e-06 4.54327e-06 4.51195e-06 1.14155e-06 1.14155e-06 1.14155e-06 1.14155e-06 1.14155e-06 1.14155e-06 1.14155e-06 1.14155e-06 1.14155e-06 1.14155e-06 1.14155e-06 1.14155e-06 1.14155e-06 1.14155e-06 1.14155e-06 1.14155e-06 1.14155e-06 1.14155e-06 1.14155e-06 1.14155e-06 1.14155e-06 1.14155e-06 1.14155e-06 1.14155e-06 1.14155e-06 1.14155e-06 1.14155e-06 1.14155e-06 1.14155e-06 1.14155e-06 1.14155e-06
3.42467e-06 3.42467e-06 3.42467e-06 3.42467e-06 3.42467e-06 3.42467e-06 3.42467e-06 3.42467e-06 3.42467e-06 3.42467e-06 3.42467e-06 3.42467e-06 4.52018e-06 4.52018e-06 3.42467e-06 3.42467e-06 3.42467e-06 3.42467e-06 3.42467e-06 3.42467e-06 3.42467e-06 4.47433e-06 4.50966e-06 4.48183e-06 1.14155e-06 1.14155e-06 1.14155e-06 1.14155e-06 1.14155e-06 1.14155e-06 1.14155e-06 1.14155e-06 1.14155e-06 1.14155e-06 1.14155e-06 1.14155e-06 1.14155e-06 1.14155e-06 1.14155e-06 1.14155e-06 1.14155e-06 1.14155e-06 1.14155e-06 1.14155e-06 1.14155e-06 1.14155e-06 1.14155e-06 1.14155e-06 1.14155e-06 1.14155e-06 1.14155e-06 1.14155e-06 1.14155e-06 1.14155e-06 1.14155e-06
3.42467e-06 3.42467e-06 3.42467e-06 3.42467e-06 3.42467e-06 3.42467e-06 3.42467e-06 3.42467e-06 3.42467e-06 3.42467e-06 3.42467e-06 3.42467e-06 3.42467e-06 3.42467e-06 3.42467e-06 3.42467e-06 3.42467e-06 3.42467e-06 3.42467e-06 3.42467e-06 3.42467e-06 4.43665e-06 4.4453e-06 4.4366e-06 1.14155e-06 1.14155e-06 1.14155e-06 1.14155e-06 1.14155e-06 1.14155e-06 1.14155e-06 1.14155e-06 1.14155e-06 1.14155e-06 1.14155e-06 1.14155e-06 1.14155e-06 1.14155e-06 1.14155e-06 1.14155e-06 1.14155e-06 1.14155e-06 1.14155e-06 1.14155e-06 1.14155e-06 1.14155e-06 1.14155e-06 1.14155e-06 1.14155e-06 1.14155e-06 1.14155e-06 1.14155e-06 1.14155e-06 1.14155e-06 1.14155e-06
3.42467e-06 3.42467e-06 3.42467e-06 3.42467e-06 3.42467e-06 3.42467e-06 3.42467e-06 3.42467e-06 3.42467e-06 3.42467e-06 3.42467e-06 3.42467e-06 3.42467e-06 3.42467e-06 3.42467e-06 3.42467e-06 3.42467e-06 3.42467e-06 3.42467e-06 3.42467e-06 3.42467e-06 4.41584e-06 4.46537e-06 4.41584e-06 1.14155e-06 1.14155e-06 1.14155e-06 1.14155e-06 1.14155e-06 1.14155e-06 1.14155e-06 1.14155e-06 1.14155e-06 1.14155e-06 1.14155e-06 1.14155e-06 1.14155e-06 1.14155e-06 1.14155e-06 1.14155e-06 1.14155e-06 1.14155e-06 1.14155e-06 1.14155e-06 1.14155e-06 1.14155e-06 1.14155e-06 1.14155e-06 1.14155e-06 1.14155e-06 1.14155e-06 1.14155e-06 1.14155e-06 1.14155e-06 1.14155e-06
3.42467e-06 3.42467e-06 3.42467e-06 3.42467e-06 3.42467e-06 3.42467e-06 3.42467e-06 3.42467e-06 3.42467e-06 3.42467e-06 3.42467e-06 3.42467e-06 3.42467e-06 3.42467e-06 3.42467e-06 3.42467e-06 3.42467e-06 3.42467e-06 3.42467e-06 3.42467e-06 3.42467e-06 4.41495e-06 4.46537e-06 4.41495e-06 1.14155e-06 1.14155e-06 1.14155e-06 1.14155e-06 1.14155e-06 1.14155e-06 1.14155e-06 1.14155e-06 1.14155e-06 1.14155e-06 1.14155e-06 1.14155e-06 1.14155e-06 1.14155e-06 1.14155e-06 1.14155e-06 1.14155e-06 1.14155e-06 1.14155e-06 1.14155e-06 1.14155e-06 1.14155e-06 1.14155e-06 1.14155e-06 1.14155e-06 1.14155e-06 1.14155e-06 1.14155e-06 1.14155e-06 1.14155e-06 1.14155e-06
3.42467e-06 3.42467e-06 3.42467e-06 3.42467e-06 3.42467e-06 3.42467e-06 3.42467e-06 3.42467e-06 3.42467e-06 3.42467e-06 3.42467e-06 3.42467e-06 3.42467e-06 3.42467e-06 3.42467e-06 3.42467e-06 3.42467e-06 3.42467e-06 3.42467e-06 3.42467e-06 3.42467e-06 4.41584e-06 4.46537e-06 4.41584e-06 1.14155e-06 1.14155e-06 1.14155e-06 1.14155e-06 1.14155e-06 1.14155e-06 1.14155e-06 1.14155e-06 1.14155e-06 1.14155e-06 1.14155e-06 1.14155e-06 1.14155e-06 1.14155e-06 1.14155e-06 1.14155e-06 1.14155e-06 1.14155e-06 1.14155e-06 1.14155e-06 1.14155e-06 1.14155e-06 1.14155e-06 1.14155e-06 1.14155e-06 1.14155e-06 1.14155e-06 1.14155e-06 1.14155e-06 1.14155e-06 1.14155e-06
3.42467e-06 3.42467e-06 3.42467e-06 3.42467e-06 3.42467e-06 3.42467e-06 3.42467e-06 3.42467e-06 3.42467e-06 3.42467e-06 3.42467e-06 3.42467e-06 3.42467e-06 3.42467e-06 3.42467e-06 3.42467e-06 3.42467e-06 3.42467e-06 3.42467e-06 3.42467e-06 3.42467e-06 4.43666e-06 4.4453e-06 4.43661e-06 1.14155e-06 1.14155e-06 1.14155e-06 1.14155e-06 1.14155e-06 1.14155e-06 1.14155e-06 1.14155e-06 1.14155e-06 1.14155e-06 1.14155e-06 1.14155e-06 1.14155e-06 1.14155e-06 1.14155e-06 1.14155e-06 1.14155e-06 1.14155e-06 1.14155e-06 1.14155e-06 1.14155e-06 1.14155e-06 1.14155e-06 1.14155e-06 1.14155e-06 1.14155e-06 1.14155e-06 1.14155e-06 1.14155e-06 1.14155e-06 1.14155e-06
3.42467e-06 3.42467e-06 3.42467e-06 3.42467e-06 3.42467e-06 3.42467e-06 3.42467e-06 3.42467e-06 3.42467e-06 3.42467e-06 3.42467e-06 3.42467e-06 3.42467e-06 3.42467e-06 3.42467e-06 3.42467e-06 3.42467e-06 3.42467e-06 3.42467e-06 3.42467e-06 3.42467e-06 4.4744e-06 4.50969e-06 4.48187e-06 1.14155e-06 1.14155e-06 1.14155e-06 1.14155e-06 1.14155e-06 1.14155e-06 1.14155e-06 1.14155e-06 1.14155e-06 1.14155e-06 1.14155e-06 1.14155e-06 1.14155e-06 1.14155e-06 1.14155e-06 1.14155e-06 1.14155e-06 1.14155e-06 1.14155e-06 1.14155e-06 1.14155e-06 1.14155e-06 1.14155e-06 1.14155e-06 1.14155e-06 1.14155e-06 1.14155e-06 1.14155e-06 1.14155e-06 1.14155e-06 1.14155e-06
3.42467e-06 3.42467e-06 3.42467e-06 3.42467e-06 3.42467e-06 3.42467e-06 3.42467e-06 3.42467e-06 3.42467e-06 3.42467e-06 3.42467e-06 3.42467e-06 3.42467e-06 3.42467e-06 3.42467e-06 3.42467e-06 3.42467e-06 3.42467e-06 3.42467e-06 3.42467e-06 3.42467e-06 3.42467e-06 4.51267e-06 4.52635e-06 1.14155e-06 1.14155e-06 1.14155e-06 1.14155e-06 1.14155e-06 1.14155e-06 1.14155e-06 1.14155e-06 1.14155e-06 1.14155e-06 1.14155e-06 1.14155e-06 1.14155e-06 1.14155e-06 1.14155e-06 1.14155e-06 1.14155e-06 1.14155e-06 1.14155e-06 1.14155e-06 1.14155e-06 1.14155e-06 1.14155e-06 1.14155e-06 1.14155e-06 1.14155e-06 1.14155e-06 1.14155e-06 1.14155e-06 1.14155e-06 1.14155e-06
3.42467e-06 3.42467e-06 3.42467e-06 3.42467e-06 3.42467e-06 3.42467e-06 3.42467e-06 3.42467e-06 3.42467e-06 3.42467e-06 3.42467e-06 3.42467e-06 3.42467e-06 3.42467e-06 3.42467e-06 3.42467e-06 3.42467e-06 3.42467e-06 3.42467e-06 3.42467e-06 3.42467e-06 3.42467e-06 3.42467e-06 4.54563e-06 1.14155e-06 1.14155e-06 1.14155e-06 1.14155e-06 1.14155e-06 1.14155e-06 1.14155e-06 1.14155e-06 1.14155e-06 1.14155e-06 1.14155e-06 1.14155e-06 1.14155e-06 1.14155e-06 1.14155e-06 1.14155e-06 1.14155e-06 1.14155e-06 1.14155e-06 1.14155e-06 1.14155e-06 1.14155e-06 1.14155e-06 1.14155e-06 1.14155e-06 1.14155e-06 1.14155e-06 1.14155e-06 1.14155e-06 1.14155e-06 1.14155e-06
3.42467e-06 3.42467e-06 3.42467e-06 3.42467e-06 3.42467e-06 3.42467e-06 3.42467e-06 3.42467e-06 3.42467e-06 3.42467e-06 3.42467e-06 3.42467e-06 3.42467e-06 3.42467e-06 3.42467e-06 3.42467e-06 3.42467e-06 3.42467e-06 3.42467e-06 3.42467e-06 3.42467e-06 3.42467e-06 3.42467e-06 3.42466e-06 4.55166e-06 3.42466e-06 3.42466e-06 3.42466e-06 3.42466e-06 3.42466e-06 3.42466e-06 3.42466e-06 3.42466e-06 3.42466e-06 3.42466e-06 3.42466e-06 3.42466e-06 3.42466e-06 3.42466e-06 3.42466e-06 3.42466e-06 3.42466e-06 3.42466e-06 3.42466e-06 3.42466e-06 3.42466e-06 4.52018e-06 4.52255e-06 1.14155e-06 1.14155e-06 1.14155e-06 1.14155e-06 1.14155e-06 1.14155e-06 1.14155e-06
3.42467e-06 3.42467e-06 3.42467e-06 3.42467e-06 3.42467e-06 3.42467e-06 3.42467e-06 3.42467e-06 3.42467e-06 3.42467e-06 3.42467e-06 3.42467e-06 3.42467e-06 3.42467e-06 3.42467e-06 3.42467e-06 3.42467e-06 3.42467e-06 3.42467e-06 3.42467e-06 3.42467e-06 3.42467e-06 3.42467e-06 3.42467e-06 4.53552e-06 3.42466e-06 3.42466e-06 3.42466e-06 3.42466e-06 3.42466e-06 3.42466e-06 3.42466e-06 3.42466e-06 3.42466e-06 3.42466e-06 3.42466e-06 3.42466e-06 3.42466e-06 3.42466e-06 3.42466e-06 3.42466e-06 3.42466e-06 3.42466e-06 3.42466e-06 3.42466e-06 4.53366e-06 4.54563e-06 4.52255e-06 1.14155e-06 1.14155e-06 1.14155e-06 1.14155e-06 1.14155e-06 1.14155e-06 1.14155e-06
3.42467e-06 3.42467e-06 3.42467e-06 3.42467e-06 3.42467e-06 3.42467e-06 3.42467e-06 3.42467e-06 3.42467e-06 3.42467e-06 3.42467e-06 3.42467e-06 3.42467e-06 3.42467e-06 3.42467e-06 3.42467e-06 3.42467e-06 3.42467e-06 3.42467e-06 3.42467e-06 3.42467e-06 3.42467e-06 3.42467e-06 4.50023e-06 4.53257e-06 4.49207e-06 3.42467e-06 3.42467e-06 3.42467e-06 3.42467e-06 3.42467e-06 3.42467e-06 3.42467e-06 3.42467e-06 3.42467e-06 3.42467e-06 3.42467e-06 3.42467e-06 3.42467e-06 3.42467e-06 3.42467e-06 3.42467e-06 3.42467e-06 3.42467e-06 3.42467e-06 4.53366e-06 4.5018e-06 1.14155e-06 1.14155e-06 1.14155e-06 1.14155e-06 1.14155e-06 1.14155e-06 1.14155e-06 1.14155e-06
3.42467e-06 3.42467e-06 3.42467e-06 3.42467e-06 3.42467e-06 3.42467e-06 3.42467e-06 3.42467e-06 3.42467e-06 3.42467e-06 3.42467e-06 3.42467e-06 3.42467e-06 3.42467e-06 3.42467e-06 3.42467e-06 3.42467e-06 3.42467e-06 3.42467e-06 3.42467e-06 3.42467e-06 3.42467e-06 3.42467e-06 4.49967e-06 4.51952e-06 4.50606e-06 4.46283e-06 3.42467e-06 3.42467e-06 3.42467e-06 3.42467e-06 3.42467e-06 3.42467e-06 3.42467e-06 3.42467e-06 3.42467e-06 3.42467e-06 3.42467e-06 3.42467e-06 4.55166e-06 3.42467e-06 3.42467e-06 3.42467e-06 3.42467e-06 3.42467e-06 3.42466e-06 1.14155e-06 1.14155e-06 1.14155e-06 1.14155e-06 1.14155e-06 1.14155e-06 1.14155e-06 1.14155e-06 1.14155e-06
3.42467e-06 3.42467e-06 3.42467e-06 3.42467e-06 3.42467e-06 3.42467e-06 3.42467e-06 3.42467e-06 3.42467e-06 3.42467e-06 3.42467e-06 3.42467e-06 3.42467e-06 3.42467e-06 3.42467e-06 3.42467e-06 3.42467e-06 3.42467e-06 3.42467e-06 3.42467e-06 3.42467e-06 3.42467e-06 3.42467e-06 3.42467e-06 4.46936e-06 4.47882e-06 4.50599e-06 4.49088e-06 3.42467e-06 3.42467e-06 3.42467e-06 3.42467e-06 3.42467e-06 3.42467e-06 3.42467e-06 3.42467e-06 3.42467e-06 3.42467e-06 4.5371e-06 3.42467e-06 3.42467e-06 3.42467e-06 3.42467e-06 3.42467e-06 3.42467e-06 3.42466e-06 3.42466e-06 3.42466e-06 3.42466e-06 3.42466e-06 3.42466e-06 3.42466e-06 3.42466e-06 3.42466e-06 3.42466e-06
3.42466e-06 3.42466e-06 3.42466e-06 3.42466e-06 3.42466e-06 3.42466e-06 3.42466e-06 3.42466e-06 3.42466e-06 3.42466e-06 3.42466e-06 3.42466e-06 3.42466e-06 3.42466e-06 3.42466e-06 3.42466e-06 3.42466e-06 3.42466e-06 3.42466e-06 3.42466e-06 3.42466e-06 3.42466e-06 3.42466e-06 3.42466e-06 4.48903e-06 4.46928e-06 4.51947e-06 4.54476e-06 4.50351e-06 3.42467e-06 3.42467e-06 3.42467e-06 3.42467e-06 3.42467e-06 3.42467e-06 3.42467e-06 3.42467e-06 3.42467e-06 4.51707e-06 4.49982e-06 3.42467e-06 3.42467e-06 3.42467e-06 3.42467e-06 3.42467e-06 3.42467e-06 3.42467e-06 3.42467e-06 3.42467e-06 3.42466e-06 3.42466e-06 3.42466e-06 3.42466e-06 3.42466e-06 3.42466e-06
1.14155e-06 1.14155e-06 1.14155e-06 1.14155e-06 1.14155e-06 1.14155e-06 1.14155e-06 1.14155e-06 1.14155e-06 1.14155e-06 1.14155e-06 1.14155e-06 1.14155e-06 1.14155e-06 1.14155e-06 1.14155e-06 1.14155e-06 1.14155e-06 1.14155e-06 1.14155e-06 1.14155e-06 1.14155e-06 1.14155e-06 1.14155e-06 1.14155e-06 1.14155e-06 4.51901e-06 4.52657e-06 4.56621e-06 4.50477e-06 3.42467e-06 3.42467e-06 3.42467e-06 3.42467e-06 3.42467e-06 3.42467e-06 3.42467e-06 4.46791e-06 4.46211e-06 4.45883e-06 4.45345e-06 3.42467e-06 3.42467e-06 3.42467e-06 3.42467e-06 3.42467e-06 3.42467e-06 3.42467e-06 3.42467e-06 3.42466e-06 3.42466e-06 3.42466e-06 3.42466e-06 3.42466e-06 3.42466e-06
1.14155e-06 1.14155e-06 1.14155e-06 1.14155e-06 1.14155e-06 1.14155e-06 1.14155e-06 1.14155e-06 1.14155e-06 1.14155e-06 1.14155e-06 1.14155e-06 1.14155e-06 1.14155e-06 1.14155e-06 1.14155e-06 1.14155e-06 1.14155e-06 1.14155e-06 1.14155e-06 1.14155e-06 1.14155e-06 1.14155e-06 1.14155e-06 1.14155e-06 1.14155e-06 4.53366e-06 4.4785e-06 4.50477e-06 4.56621e-06 4.50477e-06 3.42467e-06 3.42467e-06 3.42467e-06 3.42467e-06 3.42467e-06 3.42467e-06 4.40702e-06 4.40695e-06 4.40695e-06 4.44942e-06 4.51248e-06 3.42467e-06 3.42467e-06 3.42467e-06 3.42467e-06 3.42467e-06 3.42467e-06 3.42467e-06 3.42466e-06 3.42466e-06 3.42466e-06 3.42466e-06 3.42466e-06 3.42466e-06
1.14155e-06 1.14155e-06 1.14155e-06 1.14155e-06 1.14155e-06 1.14155e-06 1.14155e-06 1.14155e-06 1.14155e-06 1.14155e-06 1.14155e-06 1.14155e-06 1.14155e-06 1.14155e-06 1.14155e-06 1.14155e-06 1.14155e-06 1.14155e-06 1.14155e-06 1.14155e-06 1.14155e-06 1.14155e-06 1.14155e-06 1.14155e-06 1.14155e-06 1.14155e-06 1.14155e-06 1.14155e-06 1.14155e-06 4.50477e-06 4.56621e-06 4.49092e-06 4.43617e-06 4.41584e-06 4.41462e-06 4.40741e-06 4.4287e-06 4.41969e-06 4.41807e-06 4.40945e-06 4.39531e-06 3.42467e-06 3.42467e-06 3.42467e-06 3.42467e-06 3.42467e-06 3.42467e-06 3.42467e-06 3.42467e-06 3.42466e-06 3.42466e-06 3.42466e-06 3.42466e-06 3.42466e-06 3.42466e-06
1.14155e-06 1.14155e-06 1.14155e-06 1.14155e-06 1.14155e-06 1.14155e-06 1.14155e-06 1.14155e-06 1.14155e-06 1.14155e-06 1.14155e-06 1.14155e-06 1.14155e-06 1.14155e-06 1.14155e-06 1.14155e-06 1.14155e-06 1.14155e-06 1.14155e-06 1.14155e-06 1.14155e-06 1.14155e-06 1.14155e-06 1.14155e-06 1.14155e-06 1.14155e-06 1.14155e-06 1.14155e-06 1.14155e-06 1.14155e-06 4.50352e-06 4.51194e-06 4.4453e-06 4.46504e-06 4.45808e-06 4.45666e-06 4.45666e-06 4.43606e-06 4.41807e-06 4.40695e-06 4.43223e-06 3.42466e-06 3.42466e-06 3.42466e-06 3.42466e-06 3.42466e-06 3.42466e-06 3.42466e-06 3.42466e-06 3.42466e-06 3.42466e-06 3.42466e-06 3.42466e-06 3.42466e-06 3.42466e-06
1.14155e-06 1.14155e-06 1.14155e-06 1.14155e-06 1.14155e-06 1.14155e-06 1.14155e-06 1.14155e-06 1.14155e-06 1.14155e-06 1.14155e-06 1.14155e-06 1.14155e-06 1.14155e-06 1.14155e-06 1.14155e-06 1.14155e-06 1.14155e-06 1.14155e-06 1.14155e-06 1.14155e-06 1.14155e-06 1.14155e-06 1.14155e-06 1.14155e-06 1.14155e-06 1.14155e-06 1.14155e-06 1.14155e-06 1.14155e-06 1.14155e-06 4.47397e-06 4.43633e-06 4.41584e-06 4.41462e-06 4.41356e-06 4.41035e-06 4.40431e-06 4.40236e-06 4.43639e-06 4.48722e-06 3.42466e-06 3.42466e-06 3.42466e-06 3.42466e-06 3.42466e-06 3.42466e-06 3.42466e-06 3.42466e-06 3.42466e-06 3.42466e-06 3.42466e-06 1.14155e-06 3.42466e-06 3.42466e-06
1.14155e-06 1.14155e-06 1.14155e-06 1.14155e-06 1.14155e-06 1.14155e-06 1.14155e-06 1.14155e-06 1.14155e-06 1.14155e-06 1.14155e-06 1.14155e-06 1.14155e-06 1.14155e-06 1.14155e-06 1.14155e-06 1.14155e-06 1.14155e-06 1.14155e-06 1.14155e-06 1.14155e-06 1.14155e-06 1.14155e-06 1.14155e-06 1.14155e-06 1.14155e-06 1.14155e-06 1.14155e-06 1.14155e-06 1.14155e-06 1.14155e-06 1.14155e-06 1.14155e-06 1.14155e-06 1.14155e-06 1.14155e-06 1.14155e-06 1.14155e-06 1.14155e-06 1.14155e-06 1.14155e-06 1.14155e-06 1.14155e-06 1.14155e-06 1.14155e-06 1.14155e-06 1.14155e-06 1.14155e-06 1.14155e-06 1.14155e-06 1.14155e-06 1.14155e-06 4.46398e-06 4.41561e-06 4.38753e-06
