tests/full-run-ref/erosion_78_24_-72.835.asc
ncols 512
nrows 512
xllcorner -3.24582
yllcorner -4.08743
cellsize 5
NODATA_value -99999
[rows 87 to 115 of 512, columns 67 to 133 of 512]
205.035 202.277 199.232 196.071 195.817 196.188 199.383 202.427 205.158 207.729 210.216 212.661 215.08 210.87 205.071 199.266 193.452 187.628 181.791 175.941 170.076 164.193 158.278 152.32 146.572 146.282 146.47 146.47 146.47 146.47 146.47 146.47 146.47 146.47 146.47 146.47 146.47 146.47 146.47 146.47 146.47 146.47 146.47 146.47 146.47 146.47 146.47 146.47 146.47 146.47 146.47 146.47 146.47 146.43 152.071 154.388 160.063 162.431 168.239 174.043 179.842 180.673 174.887 169.1 163.307 157.507 151.7
199.235 196.447 193.34 190.105 189.834 190.218 193.485 196.589 199.351 201.937 204.432 206.878 209.305 208.602 202.804 197.003 191.194 185.376 179.546 173.705 167.849 161.978 156.089 150.268 145.983 146.444 146.47 146.47 146.47 146.47 146.47 146.47 146.47 146.47 146.47 146.47 146.47 146.47 146.47 146.47 146.47 146.47 146.47 146.47 146.47 146.47 146.47 146.47 146.47 146.47 146.47 146.47 146.47 146.459 146.383 151.947 154.212 160.033 165.852 171.655 177.449 179.949 175.087 169.305 163.516 157.723 151.922
193.434 190.613 187.443 184.131 183.843 184.241 187.582 190.749 193.543 196.145 198.647 201.098 203.524 205.932 200.467 194.667 188.862 183.048 177.224 171.388 165.539 159.684 153.808 148.15 146.34 146.47 146.47 146.47 146.47 146.47 146.47 146.47 146.47 146.47 146.47 146.47 146.47 146.47 146.47 146.47 146.47 146.47 146.47 146.47 146.47 146.47 146.47 146.47 146.47 146.47 146.47 146.47 146.47 146.47 146.453 146.307 151.838 157.669 163.483 169.283 175.072 174.167 171.774 169.386 163.71 157.922 152.127
187.632 184.777 181.541 178.149 177.844 178.255 181.675 184.906 187.733 190.351 192.862 195.317 197.744 200.16 198.088 192.289 186.484 180.67 174.844 169.006 163.154 157.285 151.46 146.083 146.439 146.47 146.47 146.47 146.47 146.47 146.47 146.47 146.47 146.47 146.47 146.47 146.47 146.47 146.47 146.47 146.47 146.47 146.47 146.47 146.47 146.47 146.47 146.47 146.47 146.47 146.47 146.47 146.47 146.47 146.47 146.385 152.005 157.81 163.606 169.398 170.788 168.379 165.982 163.595 161.213 158.066 152.283
181.828 178.937 175.634 172.16 171.836 172.263 175.763 179.06 181.922 184.557 187.076 189.536 191.967 194.382 195.708 189.916 184.105 178.289 172.46 166.617 160.759 154.883 149.049 146.223 146.469 146.47 146.47 146.47 146.47 146.47 146.47 146.47 146.47 146.47 146.47 146.47 146.47 146.47 146.47 146.47 146.47 146.47 146.47 146.47 146.47 146.47 146.47 146.47 146.47 146.47 146.47 146.47 146.47 146.47 146.47 146.423 152.089 157.88 163.671 167.413 164.999 162.588 160.187 157.796 155.412 153.036 150.664
176.023 173.095 169.722 166.162 165.821 166.263 169.846 173.212 176.109 178.762 181.29 183.755 186.188 188.602 191.013 192.334 186.54 180.735 174.929 169.115 163.29 157.455 151.797 146.217 146.449 146.47 146.47 146.47 146.47 146.47 146.47 146.47 146.47 146.47 146.47 146.47 146.47 146.47 146.47 146.47 146.47 146.47 146.47 146.47 146.47 146.47 146.47 146.47 146.47 146.47 146.47 146.47 146.47 146.47 146.47 146.439 152.138 157.926 163.709 161.627 159.208 156.795 154.389 151.992 149.605 147.226 144.864
170.217 167.251 163.805 160.157 159.797 160.255 163.925 167.362 170.296 172.967 175.504 177.974 180.409 182.825 185.232 187.635 188.955 183.167 177.374 171.582 165.786 160.148 154.422 148.733 146.423 146.47 146.47 146.47 146.47 146.47 146.47 146.47 146.47 146.47 146.47 146.47 146.47 146.47 146.47 146.47 146.47 146.47 146.47 146.47 146.47 146.47 146.47 146.47 146.47 146.47 146.47 146.47 146.47 146.47 146.47 146.448 152.179 157.962 158.258 155.838 153.418 151 148.586 146.183 143.792 141.407 139.038
164.409 161.404 157.883 154.145 153.766 154.241 157.999 161.509 164.481 167.171 169.719 172.193 174.631 177.049 179.455 181.856 184.256 185.576 179.791 174.004 168.381 162.673 156.955 151.212 146.397 146.465 146.47 146.47 146.47 146.47 146.47 146.47 146.47 146.47 146.47 146.47 146.47 146.47 146.47 146.47 146.47 146.47 146.47 146.47 146.47 146.47 146.47 146.47 146.47 146.47 146.47 146.47 146.47 146.47 146.467 146.455 152.217 154.886 152.473 150.052 147.627 145.202 142.781 140.371 137.972 135.579 133.202
158.6 155.554 151.957 148.126 147.727 148.219 152.068 155.654 158.664 161.375 163.933 166.413 168.853 171.272 173.679 176.08 178.478 180.878 182.197 176.576 170.871 165.16 159.413 153.649 147.907 146.453 146.47 146.47 146.47 146.47 146.47 146.47 146.47 146.47 146.47 146.47 146.47 146.47 146.47 146.47 146.47 146.47 146.47 146.47 146.47 146.47 146.47 146.47 146.47 146.47 146.47 146.47 146.47 146.467 146.464 152.228 151.511 149.105 146.689 144.265 141.835 139.403 136.974 134.555 132.148 129.74 127.354
152.789 149.702 146.026 142.1 141.68 142.19 146.133 149.796 152.847 155.579 158.147 160.633 163.076 165.496 167.903 170.304 172.702 175.099 177.499 179.058 173.349 167.602 161.841 156.077 150.308 146.435 146.469 146.47 146.47 146.47 146.47 146.47 146.47 146.47 146.47 146.47 146.47 146.47 146.47 146.47 146.47 146.47 146.47 146.47 146.47 146.47 146.47 146.47 146.458 146.458 146.46 146.462 146.465 146.466 150.525 148.132 145.733 143.324 140.906 138.478 136.042 133.603 131.166 128.737 126.319 123.891 121.492
146.977 143.848 140.091 136.067 135.627 136.154 140.193 143.936 147.029 149.783 152.362 154.852 157.298 159.719 162.127 164.529 166.927 169.324 171.721 174.119 175.786 170.026 164.262 158.485 152.712 146.967 146.461 146.47 146.47 146.47 146.47 146.47 146.47 146.47 146.47 146.47 146.47 146.47 146.47 146.47 146.47 146.47 146.47 146.46 146.462 146.46 146.46 146.461 146.462 152.231 152.232 152.032 149.534 147.144 144.746 142.355 139.956 137.546 135.124 132.692 130.25 127.803 125.358 122.918 120.486 118.034 115.616
141.164 137.991 134.152 130.027 129.566 130.112 134.25 138.074 141.21 143.986 146.576 149.073 151.52 153.943 156.351 158.753 161.152 163.549 165.946 168.342 170.74 172.443 166.668 160.893 155.125 149.361 146.453 146.47 146.47 146.47 146.47 146.47 146.47 146.47 146.47 146.47 146.47 146.47 146.47 146.47 146.47 146.47 146.465 146.458 152.212 152.221 152.215 152.222 152.233 151.276 148.883 146.491 143.866 141.367 138.973 136.578 134.179 131.767 129.342 126.905 124.458 122.004 119.549 117.099 114.65 112.168 109.726
135.35 132.132 128.208 123.981 123.498 124.063 128.302 132.21 135.39 138.189 140.791 143.293 145.743 148.166 150.575 152.977 155.376 157.774 160.171 162.567 164.963 167.36 169.073 163.306 157.532 151.761 146.446 146.468 146.47 146.47 146.47 146.47 146.47 146.47 146.47 146.47 146.47 146.47 146.47 146.47 146.47 146.464 146.457 152.212 154.6 157.994 157.99 157.044 151.27 145.494 143.104 140.713 138.323 135.697 133.197 130.802 128.4 125.987 123.56 121.119 118.666 116.205 113.741 111.278 108.812 106.294 103.824
129.534 126.271 122.26 117.928 117.422 118.007 122.35 126.344 129.569 132.392 135.006 137.513 139.966 142.39 144.799 147.201 149.601 151.998 154.396 156.792 159.189 161.584 163.981 165.71 159.937 154.169 148.404 146.462 146.47 146.47 146.47 146.47 146.47 146.47 146.47 146.47 146.47 146.47 146.47 146.47 146.466 146.458 152.216 154.603 160.373 162.765 160.423 154.648 148.871 143.093 137.313 134.927 132.54 130.151 127.526 125.023 122.621 120.207 117.777 115.333 112.875 110.407 107.934 105.459 102.971 100.412 97.9106
123.717 120.407 116.308 111.869 111.34 111.946 116.394 120.476 123.748 126.595 129.221 131.734 134.188 136.613 139.023 141.425 143.825 146.223 148.621 151.018 153.414 155.811 158.206 161.223 162.344 156.573 150.804 146.457 146.469 146.47 146.47 146.47 146.47 146.47 146.47 146.47 146.47 146.47 146.47 146.467 146.46 152.22 154.607 160.376 162.769 163.805 158.03 152.252 146.474 140.694 134.911 129.122 126.741 124.36 121.975 119.348 116.84 114.425 111.994 109.547 107.085 104.61 102.128 99.6392 97.129 94.5244 91.9866
117.899 114.541 110.352 105.803 105.252 105.878 110.434 114.606 117.925 120.797 123.436 125.954 128.411 130.837 133.247 135.649 138.049 140.447 142.845 145.243 147.64 150.037 153.053 156.28 159.614 158.975 153.207 147.438 146.461 146.464 146.465 146.464 146.464 146.463 146.462 146.461 146.461 146.461 146.461 146.459 152.223 154.611 160.38 162.771 167.186 161.413 155.638 149.86 144.08 138.298 132.513 126.72 120.918 118.544 116.174 113.793 111.162 108.642 106.211 103.761 101.295 98.8145 96.3232 93.8205 91.2853 88.6303 86.053
112.079 108.673 104.392 99.7309 99.1562 99.8034 104.471 108.734 112.102 114.999 117.65 120.175 122.634 125.06 127.47 129.873 132.273 134.671 137.07 139.467 141.865 144.883 148.111 151.446 154.001 159.777 155.603 149.833 152.211 149.835 152.229 152.231 152.231 152.227 152.224 152.221 152.219 152.218 152.22 152.223 154.612 160.384 162.775 168.543 164.795 159.021 153.247 147.47 141.689 135.905 130.119 124.326 118.519 112.699 110.336 107.978 105.601 102.961 100.425 97.9748 95.5055 93.0197 90.5198 88.0026 85.4401 82.7306 80.1107
106.258 102.803 98.4272 93.6527 93.0542 93.7234 98.5033 102.861 106.277 109.2 111.865 114.395 116.856 119.283 121.693 124.096 126.496 128.895 131.293 133.691 136.711 139.94 143.276 145.833 151.612 157.386 157.998 155.608 157.982 155.607 157.997 158.002 158.003 157.999 157.996 157.993 157.991 157.991 157.992 157.996 160.385 162.777 166.729 164.338 161.947 156.631 150.857 145.08 139.3 133.516 127.728 121.936 116.133 110.308 104.464 102.114 99.7714 97.3961 94.7422 92.1863 89.7157 87.2255 84.7174 82.1853 79.5938 76.8259 74.1604
100.436 96.9303 92.4589 87.5684 86.9458 87.6375 92.5324 96.9852 100.452 103.401 106.079 108.615 111.079 113.506 115.916 118.319 120.719 123.118 125.516 128.537 131.767 135.104 137.661 143.446 149.223 152.055 154.446 156.837 159.227 161.378 163.768 163.774 163.774 163.771 163.768 163.765 163.764 163.763 163.765 163.769 165.739 163.349 160.957 158.565 156.175 153.784 148.468 142.691 136.912 131.129 125.341 119.548 113.749 107.934 102.084 96.21 93.8754 91.5502 89.1735 86.5019 83.924 81.4309 78.9154 76.3684 73.7462 70.9165 68.2025
94.6129 91.0555 86.4867 81.4781 80.8311 81.5458 86.5579 91.1078 94.626 97.6018 100.293 102.835 105.301 107.729 110.139 112.541 114.941 117.339 120.361 123.592 126.93 129.486 135.278 141.06 143.892 146.283 148.674 151.064 153.455 155.845 158.235 160.626 163.016 166.254 168.644 169.538 169.536 169.536 168.128 162.356 159.965 157.575 155.184 152.793 150.401 148.011 145.621 140.304 134.526 128.744 122.957 117.165 111.367 105.56 99.7285 93.847 87.9346 85.6184 83.3107 80.9299 78.2373 75.6345 73.1129 70.5513 67.8972 65.0027 62.2374
88.7884 85.1787 80.5107 75.3819 74.7102 75.4485 80.5799 85.2285 88.7988 91.8019 94.5067 97.0552 99.5228 101.951 104.36 106.762 109.16 112.183 115.415 118.752 121.308 127.108 132.895 135.728 138.119 140.511 142.901 145.292 147.682 150.072 152.462 154.853 158.091 160.481 162.871 168.643 171.123 171.508 165.735 159.96 154.185 151.796 149.408 147.019 144.627 142.237 139.848 137.459 132.141 126.36 120.575 114.785 108.988 103.184 97.368 91.5156 85.5948 79.6348 77.3389 75.049 72.6618 69.9443 67.3085 64.7329 62.0461 59.0847 56.2662
82.9628 79.2998 74.5309 69.2799 68.5831 69.3455 74.5983 79.3474 82.9706 86.0013 88.72 91.2746 93.744 96.1713 98.5794 100.979 104.004 107.237 110.573 113.126 118.935 124.729 127.564 129.954 132.346 134.737 137.128 139.518 141.908 144.298 146.689 149.927 152.317 154.707 160.479 162.959 168.731 169.117 163.343 157.568 151.791 146.012 143.625 141.24 138.852 136.461 134.072 131.684 129.296 123.977 118.193 112.406 106.612 100.811 94.9999 89.1722 83.2945 77.3254 71.3069 69.0329 66.761 64.3644 61.6116 58.9119 56.1923 53.1619 50.289
77.1361 73.4188 68.5474 63.1722 62.45 63.237 68.6132 73.4645 77.1415 80.2002 82.9329 85.4934 87.9638 90.3896 92.7952 95.8223 99.056 102.391 104.942 110.76 116.562 119.398 121.788 124.18 126.572 128.963 131.353 133.743 136.132 138.523 141.762 144.152 146.542 152.316 154.795 160.568 163.006 166.727 160.952 155.176 149.399 143.618 137.833 135.449 133.068 130.683 128.294 125.906 123.52 121.133 115.813 110.027 104.236 98.4386 92.6323 86.814 80.9726 75.064 69.0364 62.9463 60.6956 58.4409 56.0248 53.2004 50.3352 47.2348 44.3004
71.3082 67.5358 62.5602 57.0588 56.3109 57.123 62.6248 67.5798 71.3114 74.3985 77.1452 79.7108 82.181 84.6036 87.6374 90.8731 94.207 96.7544 102.584 108.395 111.232 113.621 116.013 118.404 120.796 123.187 125.577 127.966 130.356 133.595 135.985 138.375 144.152 146.631 152.404 154.842 160.615 163.024 158.562 152.786 147.008 141.227 135.44 129.648 127.269 124.894 122.513 120.127 117.74 115.356 112.97 107.649 101.861 96.0669 90.2652 84.4533 78.6264 72.7686 66.8228 60.725 54.5478 52.3205 50.0745 47.602 44.5947 41.3038 38.2944
65.4793 61.6509 56.5694 50.9399 50.1659 51.0036 56.6329 61.6933 65.4803 68.596 71.3559 73.926 76.3935 79.4456 82.6869 86.0203 88.5641 94.4054 100.226 103.066 105.453 107.844 110.236 112.628 115.019 117.409 119.798 122.187 125.427 127.815 130.205 135.986 138.465 144.24 146.677 152.452 154.859 160.622 156.173 150.395 144.617 138.838 133.053 127.258 121.456 119.084 116.717 114.342 111.959 109.575 107.192 104.807 99.4851 93.6945 87.8975 82.0916 76.2735 70.4366 64.5594 58.5692 52.3875 46.1038 43.8933 41.628 39.0572 35.4875 32.2985
59.6493 55.764 50.5751 44.8154 44.0151 44.8789 50.6376 55.805 59.648 62.7917 65.5655 68.1367 71.2369 74.4945 77.8304 80.3709 86.2253 92.0567 94.8984 97.2847 99.6748 102.066 104.458 106.85 109.239 111.628 114.017 117.256 119.644 122.033 127.819 130.298 136.075 138.512 144.288 146.695 152.458 154.851 153.784 148.005 142.227 136.447 130.665 124.875 119.07 113.256 110.893 108.537 106.169 103.79 101.409 99.028 96.6446 91.3213 85.5283 79.7281 73.9175 68.0924 62.2439 56.3435 50.3004 44.0184 37.5974 35.394 33.398 30.1846 26.9918
53.8182 49.8752 44.5772 38.6856 37.8586 38.749 44.6391 49.9148 53.8131 56.9879 59.7719 62.9849 66.2876 69.6351 72.1741 78.0433 83.8867 86.7309 89.1158 91.5048 93.8953 96.287 98.6785 101.068 103.456 105.844 109.084 111.469 113.858 119.65 122.13 127.91 130.346 136.123 138.529 144.293 146.685 152.461 151.394 145.615 139.837 134.056 128.274 122.489 116.693 110.876 105.049 102.696 100.354 97.9955 95.6215 93.2426 90.8641 88.4818 83.1581 77.3632 71.5593 65.7439 59.9113 54.05 48.1238 42.0218 35.6299 29.3548 27.7175 26.5217 27.0377
48.0065 43.9817 38.5757 32.5504 31.6964 32.6138 38.6369 44.02 47.9813 51.183 54.6305 58.0432 61.4281 63.9717 69.8593 75.7159 78.5631 80.9467 83.3344 85.7237 88.1147 90.5059 92.8956 95.2832 97.6699 100.91 103.292 105.679 111.478 113.96 119.743 122.178 127.957 130.362 136.127 138.517 144.294 150.071 149.004 143.225 137.446 131.666 125.883 120.098 114.309 108.506 102.675 96.8314 94.4922 92.167 89.82 87.4521 85.0765 82.7001 80.3194 75.4663 69.6699 63.8634 58.0445 52.2062 46.3348 40.3877 34.2463 28.1603 27.3617 27.7953 27.86
42.1883 38.0946 32.5654 26.4094 25.5286 26.4729 32.6263 38.1328 42.1514 46.0606 49.707 53.191 55.758 61.6723 67.5443 70.395 72.7776 75.164 77.5517 79.9414 82.3321 84.7214 87.1082 89.4936 92.7329 95.1115 97.4964 103.304 105.787 111.574 114.009 119.79 122.193 127.96 130.348 136.127 141.904 147.681 146.614 140.835 135.055 129.274 123.491 117.706 111.919 106.126 100.314 94.467 88.604 86.2813 83.9762 81.6428 79.282 76.9101 74.5355 72.1563 67.7372 61.9388 56.1291 50.3058 44.4602 38.5758 32.6485 27.1758 27.8027 27.86 27.86
