tests/full-run-ref/erosion_2010_78_18_17.120.asc
ncols 512
nrows 512
xllcorner -3.24582
yllcorner -4.08743
cellsize 5
NODATA_value -99999
[rows 200 to 239 of 512, columns 0 to 89 of 512]
138.48 132.71 126.94 121.168 115.395 109.621 103.847 98.0722 92.2974 86.5226 80.7481 74.974 69.2003 63.4272 57.6545 51.8821 46.11 40.338 34.566 28.794 23.0216 17.2486 11.4755 5.73493 0 0 0 0 0 0 0 0 0 0 0 0 0 0 0 0 0 0 0 0 0 0 0 0 0 0 0 0 0 0 0 0 0 0 0 0 0 0 0 60.4944 68.6542 76.8151 82.5839 90.7449 97.128 97.13 97.1294 97.1266 97.1265 97.1297 97.1295 97.1303 97.1302 97.1311 97.1319 97.1317 177.877 175.483 173.095 166.336 166.337 172.106 168.725 166.334 163.94 161.515
138.48 132.71 126.94 121.168 115.396 109.622 103.848 98.0734 92.2987 86.5241 80.7496 74.9754 69.2017 63.4284 57.6556 51.8832 46.1111 40.3392 34.5674 28.7954 23.0232 17.2503 11.4772 5.73576 0 0 0 0 0 0 0 0 0 0 0 0 0 0 0 0 0 0 0 0 0 0 0 0 0 0 0 0 0 0 0 0 0 0 0 0 0 0 52.334 60.4937 68.6547 74.4234 82.5845 90.7445 97.1298 97.1292 97.1262 97.1261 97.1295 97.1293 97.13 97.1299 97.1306 97.1313 97.1322 174.498 172.107 169.712 167.28 160.565 160.566 166.335 162.955 160.564 158.169 155.745
138.48 132.71 126.94 121.168 115.396 109.622 103.849 98.0744 92.2999 86.5254 80.751 74.9768 69.2029 63.4295 57.6566 51.884 46.1118 40.3398 34.5679 28.796 23.0237 17.2508 11.4777 5.73593 0 0 0 0 0 0 0 0 0 0 0 0 0 0 0 0 0 0 0 0 0 0 0 0 0 0 0 0 0 0 0 0 0 0 0 0 0 44.1735 52.3332 60.4943 66.2629 74.4241 82.5841 93.1365 97.1289 97.1258 97.1257 97.1292 97.129 97.1298 97.1296 97.1303 97.1304 97.1322 171.118 168.727 166.337 163.942 161.554 154.795 154.796 160.565 157.184 154.794 152.399 150.011
138.48 132.71 126.94 121.168 115.396 109.623 103.849 98.0753 92.3011 86.5267 80.7523 74.9781 69.2042 63.4307 57.6575 51.8848 46.1124 40.3403 34.5683 28.7962 23.0238 17.2508 11.4776 5.73577 0 0 0 0 0 0 0 0 0 0 0 0 0 0 0 0 0 0 0 0 0 0 0 0 0 0 0 0 0 0 0 0 0 0 0 0 36.013 44.1727 52.3338 58.1023 66.2636 74.4236 84.9762 93.1355 96.5122 97.1252 97.1289 97.1287 97.1295 97.1293 97.13 97.1298 97.1315 97.132 165.348 162.957 160.566 158.171 155.784 149.024 149.026 154.795 151.414 149.024 146.629 144.24
138.48 132.71 126.94 121.168 115.396 109.623 103.85 98.0761 92.3021 86.5279 80.7536 74.9794 69.2055 63.4318 57.6585 51.8856 46.113 40.3407 34.5685 28.7963 23.0238 17.2505 11.4772 5.73545 0 0 0 0 0 0 0 0 0 0 0 0 0 0 0 0 0 0 0 0 0 0 0 0 0 0 0 0 0 0 0 0 0 0 0 27.8525 36.0122 44.1733 49.9417 58.1031 66.2631 76.8159 84.9752 88.3516 93.1315 97.1286 97.1283 97.1292 97.129 97.1298 97.1293 97.1307 97.1322 161.968 159.577 157.187 154.796 152.401 149.968 143.254 143.256 149.025 145.644 143.253 140.858 138.47
138.48 132.71 126.94 121.168 115.397 109.624 103.85 98.0769 92.303 86.529 80.7548 74.9807 69.2067 63.433 57.6595 51.8865 46.1137 40.3412 34.5688 28.7964 23.0237 17.2502 11.4767 5.73504 0 0 0 0 0 0 0 0 0 0 0 0 0 0 0 0 0 0 0 0 0 0 0 0 0 0 0 0 0 0 0 0 0 0 19.6921 27.8516 36.0129 41.7811 49.9426 58.1026 68.6556 76.8149 80.191 85.9609 94.1251 97.1279 97.1289 97.1286 97.1294 97.1288 97.13 97.1317 97.1317 156.197 153.807 151.416 149.025 146.63 144.243 137.484 137.485 143.255 139.874 137.483 135.088 132.663
138.48 132.71 126.94 121.168 115.397 109.624 103.851 98.0776 92.3039 86.53 80.756 74.9819 69.2079 63.4341 57.6606 51.8874 46.1144 40.3417 34.5691 28.7965 23.0235 17.2498 11.4761 5.73459 0 0 0 0 0 0 0 0 0 0 0 0 0 0 0 0 0 0 0 0 0 0 0 0 0 0 0 0 0 0 0 0 0 11.5321 16.3108 27.8524 27.8505 41.7821 49.9421 60.4953 68.6545 68.6504 76.8102 85.9647 94.1243 97.1285 97.1282 97.1291 97.1283 97.1294 97.1309 97.132 152.818 150.427 148.036 145.646 143.255 140.86 138.472 131.713 131.715 137.484 134.103 131.713 129.317 126.929
138.48 132.71 126.94 121.168 115.397 109.624 103.851 98.0782 92.3047 86.531 80.7571 74.9831 69.2091 63.4353 57.6617 51.8883 46.1152 40.3422 34.5694 28.7966 23.0233 17.2493 11.4754 5.73409 0 0 0 0 0 0 0 0 0 0 0 0 0 0 0 0 0 0 0 0 0 0 0 0 0 0 0 0 0 0 0 0 5.76408 8.14949 13.9208 16.3097 27.8516 41.7815 52.3349 60.494 63.8696 68.6494 77.8042 85.9638 94.125 97.1277 97.1287 97.1278 97.1289 97.13 97.1318 97.1314 147.047 144.656 142.266 139.875 137.485 135.09 132.702 125.943 125.945 131.714 128.333 125.943 123.547 121.158
138.48 132.71 126.94 121.169 115.397 109.625 103.852 98.0787 92.3054 86.5319 80.7581 74.9842 69.2103 63.4364 57.6627 51.8892 46.1159 40.3428 34.5698 28.7966 23.0231 17.2488 11.4746 5.73356 0 0 0 0 0 0 0 0 0 0 0 0 0 0 0 0 0 0 0 0 0 0 0 0 0 0 0 0 0 0 0 0 0 5.76085 11.5265 16.3098 27.8508 44.1746 52.3336 55.7088 60.4885 69.6437 77.8032 85.9645 91.734 97.1282 97.1272 97.1284 97.1294 97.1309 97.1316 143.667 141.276 138.886 136.495 134.105 131.714 129.319 126.931 120.172 120.175 125.944 122.563 120.172 117.777 115.388
138.48 132.71 126.94 121.169 115.397 109.625 103.852 98.0792 92.3061 86.5327 80.759 74.9852 69.2114 63.4375 57.6638 51.8902 46.1167 40.3434 34.5701 28.7967 23.0229 17.2482 11.4738 5.73299 0 0 0 0 0 0 0 0 0 0 0 0 0 0 0 0 0 0 0 0 0 0 0 0 0 0 0 0 0 0 0 0 0 0 8.14526 33.4368 27.8522 36.0124 47.5479 52.3276 61.4831 69.6426 77.804 83.5734 91.7345 97.1265 97.1278 97.1288 97.1301 97.1314 97.1311 137.897 135.506 133.115 130.725 128.334 125.944 123.549 121.116 114.402 114.405 120.174 116.793 114.402 112.006 109.581
138.48 132.71 126.94 121.169 115.397 109.625 103.852 98.0797 92.3067 86.5334 80.7599 74.9862 69.2124 63.4386 57.6648 51.8911 46.1175 40.344 34.5704 28.7967 23.0226 17.2476 11.4729 5.73239 0 0 0 0 0 0 0 0 0 0 0 0 0 0 0 0 0 0 0 0 0 0 0 0 0 0 0 0 0 0 0 0 0 0 0 27.6957 22.0738 36.004 36.006 53.3226 61.482 69.6434 75.4128 83.574 89.3427 97.1272 97.1282 97.1294 97.1304 97.1316 134.517 132.126 129.735 127.345 124.954 122.564 120.173 117.778 115.345 108.632 108.634 114.403 111.022 108.632 106.236 103.847
138.48 132.71 126.94 121.169 115.397 109.625 103.853 98.0801 92.3072 86.5341 80.7607 74.9871 69.2134 63.4397 57.6658 51.892 46.1183 40.3445 34.5707 28.7967 23.0222 17.2468 11.4719 5.73174 0 0 0 0 0 0 0 0 0 0 0 0 0 0 0 0 0 0 0 0 0 0 0 0 0 0 0 0 0 0 0 0 0 0 0 0 19.6794 22.0699 36.0102 49.941 61.4829 67.2522 75.4135 81.182 89.3435 97.1277 97.1289 97.1295 97.1312 97.1308 128.746 126.355 123.965 121.574 119.184 116.793 114.403 112.008 109.62 102.861 102.864 108.633 105.252 102.861 100.466 98.0764
138.48 132.71 126.94 121.169 115.398 109.625 103.853 98.0804 92.3077 86.5347 80.7614 74.988 69.2144 63.4406 57.6668 51.8929 46.119 40.3451 34.5709 28.7966 23.0217 17.246 11.4708 5.73106 0 0 0 0 0 0 0 0 0 0 0 0 0 0 0 0 0 0 0 0 0 0 0 0 0 0 0 0 0 0 0 0 0 0 0 0 0 0 30.234 44.1704 49.9412 67.2529 67.2513 81.1829 89.344 97.1285 97.129 97.1305 97.1305 125.367 122.976 120.585 118.194 115.804 113.413 111.023 108.632 106.237 103.849 97.0907 97.0937 102.863 99.4818 97.0912 94.6953 92.2695
138.48 132.71 126.94 121.169 115.398 109.625 103.853 98.0808 92.3081 86.5352 80.7621 74.9888 69.2153 63.4416 57.6677 51.8938 46.1197 40.3455 34.5711 28.7964 23.0212 17.2451 11.4696 5.73034 0 0 0 0 0 0 0 0 0 0 0 0 0 0 0 0 0 0 0 0 0 0 0 0 0 0 0 0 0 0 0 0 0 0 0 0 0 0 0 38.3948 49.9406 55.7104 67.2524 81.1835 89.3449 97.1286 97.1302 97.1297 97.13 119.596 117.205 114.814 112.424 110.033 107.643 105.252 102.862 100.467 98.0336 91.3202 91.3235 97.0927 93.7115 91.3209 88.9249 86.499
138.48 132.71 126.94 121.169 115.398 109.626 103.853 98.0811 92.3085 86.5357 80.7627 74.9895 69.2161 63.4424 57.6686 51.8946 46.1204 40.3459 34.5712 28.7961 23.0205 17.2441 11.4684 5.72958 0 0 0 0 0 0 0 0 0 0 0 0 0 0 0 0 0 0 0 0 0 0 0 0 0 0 0 0 0 0 0 0 0 0 0 0 0 0 0 36.0034 44.1644 55.7103 67.2528 83.5745 89.345 97.1299 97.1291 97.1289 97.1303 113.825 111.434 109.044 106.653 104.263 101.872 99.482 97.0914 94.6961 92.3079 85.5497 85.5532 91.3224 87.9413 85.5506 83.1545 80.7285
138.48 132.71 126.94 121.169 115.398 109.626 103.854 98.0813 92.3088 86.5362 80.7633 74.9902 69.2168 63.4432 57.6694 51.8953 46.1209 40.3462 34.5711 28.7957 23.0198 17.2431 11.4671 5.7288 0 0 0 0 0 0 0 0 0 0 0 0 0 0 0 0 0 0 0 0 0 0 0 0 0 0 0 0 0 0 0 0 0 0 0 0 0 0 0 36.0052 55.592 72.8343 67.2522 75.4141 89.3465 92.7252 95.1144 97.1299 97.1299 108.055 105.664 103.273 100.883 98.4921 96.1018 93.7115 91.3209 88.9255 86.4924 79.7792 79.7829 85.5522 82.171 79.7803 77.3842 74.9944
138.48 132.71 126.94 121.169 115.398 109.626 103.854 98.0816 92.3092 86.5366 80.7638 74.9907 69.2175 63.4439 57.6701 51.8959 46.1213 40.3463 34.5709 28.7952 23.019 17.2419 11.4657 5.72798 0 0 0 0 0 0 0 0 0 0 0 0 0 0 0 0 0 0 0 0 0 0 0 0 0 0 0 0 0 0 0 0 0 0 0 0 0 0 27.85 33.6175 41.7719 67.0917 61.4774 73.0243 75.4145 86.9529 92.7251 97.1307 104.675 102.284 99.8931 97.5025 95.112 92.7216 90.3313 87.941 85.5504 83.155 80.7218 74.0087 74.0126 79.7819 76.4007 74.0101 71.6138 69.1875
138.48 132.71 126.94 121.169 115.398 109.626 103.854 98.0818 92.3095 86.5369 80.7642 74.9913 69.2181 63.4446 57.6707 51.8964 46.1216 40.3463 34.5706 28.7946 23.0181 17.2407 11.4643 5.72714 0 0 0 0 0 0 0 0 0 0 0 0 0 0 0 0 0 0 0 0 0 0 0 0 0 0 0 0 0 0 0 0 0 0 0 0 0 0 22.0774 33.6192 39.382 47.5424 59.084 67.2499 73.0207 75.4123 92.7271 93.1368 98.9044 96.5133 94.1225 91.7319 89.3414 86.9511 84.5608 82.1705 79.7799 77.3845 74.9512 68.2382 68.2423 74.0117 70.6304 68.2398 65.8434 63.417
138.48 132.71 126.94 121.169 115.398 109.626 103.854 98.082 92.3097 86.5373 80.7646 74.9918 69.2186 63.4451 57.6712 51.8968 46.1218 40.3462 34.5702 28.7938 23.017 17.2394 11.4628 5.72627 0 0 0 0 0 0 0 0 0 0 0 0 0 0 0 0 0 0 0 0 0 0 0 0 0 0 0 0 0 0 0 0 0 0 0 0 0 0 16.3068 22.075 39.3859 47.5454 59.0847 64.8573 67.247 75.4128 86.9572 95.5253 93.1335 90.7426 88.3519 85.9613 83.5709 81.1806 78.7903 76.4 74.0095 71.6139 69.2255 62.4677 62.4721 68.2414 64.8602 62.4695 60.073 57.6465
138.48 132.71 126.94 121.169 115.398 109.626 103.854 98.0822 92.31 86.5376 80.765 74.9922 69.2191 63.4456 57.6717 51.8971 46.1218 40.3459 34.5696 28.793 23.0159 17.238 11.4613 5.72539 0 0 0 0 0 0 0 0 0 0 0 0 0 0 0 0 0 0 0 0 0 0 0 0 0 0 0 0 0 0 0 0 0 0 0 0 0 0 13.9102 22.0762 39.3881 49.94 56.6984 64.8596 64.8543 69.6381 81.1871 89.7541 87.3626 84.9718 82.5813 80.1908 77.8004 75.4101 73.0198 70.6295 68.239 65.8434 63.4099 56.6972 56.7018 62.4711 59.0899 56.6991 54.3026 51.9124
138.48 132.71 126.94 121.169 115.398 109.626 103.854 98.0824 92.3102 86.5378 80.7653 74.9925 69.2195 63.446 57.672 51.8972 46.1216 40.3455 34.5688 28.792 23.0147 17.2366 11.4597 5.72448 0 0 0 0 0 0 0 0 0 0 0 0 0 0 0 0 0 0 0 0 0 0 0 0 0 0 0 0 0 0 0 0 0 0 0 0 0 0 11.5214 39.2012 33.619 45.1602 56.7037 59.09 61.4744 67.2436 75.416 87.3641 81.5909 79.2006 76.8104 74.4201 72.0298 69.6395 67.2493 64.859 62.4685 60.0728 57.6842 50.9267 50.9314 56.7009 53.3196 50.9288 48.5322 46.1418
138.48 132.71 126.94 121.169 115.398 109.626 103.855 98.0826 92.3104 86.5381 80.7656 74.9929 69.2198 63.4463 57.6722 51.8972 46.1213 40.3448 34.568 28.7909 23.0134 17.2351 11.458 5.72356 0 0 0 0 0 0 0 0 0 0 0 0 0 0 0 0 0 0 0 0 0 0 0 0 0 0 0 0 0 0 0 0 0 0 0 0 0 0 0 33.4283 27.844 39.3925 45.1605 53.3169 59.0873 67.2449 73.0242 84.9698 79.2011 73.4278 71.0386 68.6491 66.2592 63.869 61.4788 59.0885 56.698 54.3023 51.8686 45.1561 45.1611 50.9306 47.5493 45.1585 42.7618 40.3349
138.48 132.71 126.94 121.169 115.398 109.627 103.855 98.0827 92.3106 86.5383 80.7658 74.9932 69.2201 63.4466 57.6723 51.897 46.1209 40.3441 34.567 28.7898 23.0121 17.2336 11.4564 5.72264 0 0 0 0 0 0 0 0 0 0 0 0 0 0 0 0 0 0 0 0 0 0 0 0 0 0 0 0 0 0 0 0 0 0 0 0 0 0 0 0 22.0706 33.616 39.3845 45.1562 59.091 64.8564 73.0263 82.5782 76.8069 71.0383 65.2647 62.8766 60.4879 58.0983 55.7083 53.318 50.9275 48.5317 46.098 39.3856 39.3908 45.1603 41.779 39.3882 36.9914 34.6008
136.33 130.56 126.94 121.169 115.398 109.627 103.855 98.0829 92.3108 86.5386 80.7661 74.9935 69.2204 63.4468 57.6723 51.8967 46.1203 40.3433 34.566 28.7886 23.0108 17.2321 11.4548 5.72173 0 0 0 0 0 0 0 0 0 0 0 0 0 0 0 0 0 0 0 0 0 0 0 0 0 0 0 0 0 0 0 0 0 0 0 0 0 0 0 0 16.2947 27.8402 33.6112 45.1591 53.3174 64.861 64.8689 80.1899 74.4157 68.6446 62.8757 57.1017 54.7146 52.3268 49.9375 47.5475 45.157 42.7611 40.3273 33.615 33.6205 39.39 36.0086 33.6179 31.221 28.7938
130.56 128.17 122.4 120.01 114.239 109.627 103.856 98.0833 92.3113 86.539 80.7666 74.9939 69.2207 63.447 57.6722 51.8964 46.1197 40.3424 34.5649 28.7874 23.0095 17.2307 11.4532 5.72086 0 0 0 0 0 0 0 0 0 0 0 0 0 0 0 0 0 0 0 0 0 0 0 0 0 0 0 0 0 0 0 0 0 0 0 0 0 0 0 0 13.9008 22.0644 27.8444 45.1515 67.2448 64.8665 81.598 77.8002 72.0279 66.2539 60.4826 54.7133 48.9387 46.5527 44.1657 41.7767 39.3864 36.9905 34.6015 27.8445 27.8502 33.6197 30.2383 27.8475 25.4506 23.0232
128.17 122.4 120.01 114.24 111.849 106.077 103.687 98.085 92.3124 86.5397 80.7672 74.9944 69.2212 63.4473 57.6723 51.8962 46.1192 40.3417 34.564 28.7864 23.0083 17.2294 11.4519 5.7201 0 0 0 0 0 0 0 0 0 0 0 0 0 0 0 0 0 0 0 0 0 0 0 0 0 0 0 0 0 0 0 0 0 0 0 0 0 0 0 0 11.5134 16.2936 27.8464 50.913 87.2743 0 79.2062 73.4347 69.6388 63.8665 58.0925 52.321 46.551 40.7758 38.3908 36.0045 33.6155 31.2199 28.7859 22.0739 22.0798 27.8497 24.4684 22.0773 19.6801 17.2891
125.78 120.01 114.24 111.85 106.079 103.687 97.9151 95.5247 92.3144 86.5417 80.7688 74.9955 69.2221 63.4479 57.6727 51.8963 46.119 40.3413 34.5635 28.7857 23.0076 17.2286 11.4509 5.71954 0 0 0 0 0 0 0 0 0 0 0 0 0 0 0 0 0 0 0 0 0 0 0 0 0 0 0 0 0 0 0 0 0 0 0 0 0 0 0 0 8.13895 13.9076 39.3405 53.3006 0 79.1972 73.4346 71.0449 65.2733 61.4778 55.7054 49.9314 44.1596 38.3889 32.6131 30.2289 27.843 25.4489 23.0166 16.3036 16.3099 22.0795 19.6892 16.3068 13.9096 11.5184
123.39 117.617 111.85 106.08 103.689 97.9169 95.5255 89.7525 87.3623 84.9727 80.771 74.9979 69.2239 63.4492 57.6741 51.8977 46.1199 40.3416 34.5638 28.786 23.0077 17.2285 11.4507 5.71931 0 0 0 0 0 0 0 0 0 0 0 0 0 0 0 0 0 0 0 0 0 0 0 0 0 0 0 0 0 0 0 0 0 0 0 0 0 0 0 0 5.75593 11.5207 33.5905 81.5625 0 73.4249 71.0351 65.2727 62.8839 57.1123 53.317 47.5445 41.7704 35.9983 30.2269 24.4503 22.0666 19.6762 17.254 11.5225 11.5307 16.3089 13.9186 11.5286 8.14569 0
121 115.227 109.457 103.69 97.9189 95.5271 89.7549 87.3636 81.5896 79.1991 76.8095 73.4283 68.6455 62.8699 57.0943 51.9013 46.1242 40.3442 34.5661 28.7877 23.0093 17.2298 11.4517 5.71963 0 0 0 0 0 0 0 0 0 0 0 0 0 0 0 0 0 0 0 0 0 0 0 0 0 0 0 0 0 0 0 0 0 0 0 0 0 0 0 0 5.75997 8.14476 13.8911 79.1761 73.4247 71.0344 65.2619 62.8735 57.111 54.723 48.9514 45.1563 39.3838 33.6096 27.8371 22.065 16.2874 13.8995 11.516 5.75125 5.76 11.5303 8.15067 0 0 0
118.61 112.836 107.067 101.297 95.5291 89.7575 87.3653 81.5927 79.2015 73.4262 71.0356 68.6459 65.2634 60.4789 54.701 48.9256 46.1293 40.3533 34.5726 28.7925 23.0132 17.2329 11.4546 5.72067 0 0 0 0 0 0 0 0 0 0 0 0 0 0 0 0 0 0 0 0 0 0 0 0 0 0 0 0 0 0 0 0 0 0 0 0 0 0 0 0 5.76234 5.75978 11.5043 76.7831 71.0348 65.2609 62.8719 57.0995 54.712 48.9496 46.5622 40.7906 36.9957 31.2232 25.4488 19.6758 13.9028 8.12834 0 0 5.76352 0 0 0 0 0
116.22 110.446 104.676 98.9063 93.136 87.3679 81.5957 79.2034 73.4301 71.0389 65.2621 62.8713 60.4815 57.097 52.3087 46.5315 40.7518 38.3704 34.5836 28.8041 23.0214 17.2393 11.4596 5.72272 0 0 0 0 0 0 0 0 0 0 0 0 0 0 0 0 0 0 0 0 0 0 0 0 0 0 0 0 0 0 0 0 0 0 0 0 0 0 0 0 0 5.76271 8.12597 74.3945 68.6392 62.8718 57.0977 54.7098 48.9373 46.5507 40.7883 38.4014 32.6299 28.8356 23.0633 17.2889 11.5165 5.75118 0 0 0 0 0 0 0 0
113.83 108.056 102.286 96.5161 90.7459 84.9751 79.2064 73.4336 71.0411 65.2671 62.8758 57.0969 54.7058 52.3158 48.9301 44.1399 38.3594 32.5751 30.1976 27.8188 23.0368 17.2525 11.4684 5.72601 0 0 0 0 0 0 0 0 0 0 0 0 0 0 0 0 0 0 0 0 0 0 0 0 0 0 0 0 0 0 0 0 0 0 0 0 0 0 0 0 0 5.76414 8.31423 71.9659 66.2501 60.4773 54.7095 48.9348 46.5478 40.7753 38.3894 32.627 30.2406 24.4697 22.0809 16.3089 11.5269 5.76262 0 0 0 0 0 0 0 0
111.44 105.666 99.8964 94.1261 88.3557 82.5851 76.8139 71.0446 65.2711 62.8785 57.1035 54.7119 48.9302 46.5384 44.1484 40.7621 35.9706 30.1865 24.3975 22.0211 19.6471 17.2687 11.488 5.73093 0 0 0 0 0 0 0 0 0 0 0 0 0 0 0 0 0 0 0 0 0 0 0 0 0 0 0 0 0 0 0 0 0 0 0 0 0 0 0 0 0 0 11.5163 51.6005 63.3599 58.0893 52.3161 46.5475 40.7722 38.386 32.6134 30.2282 24.4658 22.0798 16.3085 13.9197 8.1506 0 0 0 0 0 0 0 0 0
109.05 103.276 97.5064 91.7361 85.9657 80.195 74.4241 68.6525 62.8825 57.1081 54.7152 48.9388 46.5465 40.7613 38.369 35.9798 32.5937 27.8014 22.0136 16.2191 13.8401 11.4761 11.507 5.74371 0 0 0 0 0 0 0 0 0 0 0 0 0 0 0 0 0 0 0 0 0 0 0 0 0 0 0 0 0 0 0 0 0 0 0 0 0 0 0 0 0 0 0 18.357 43.6799 33.623 49.9291 44.1552 38.3858 32.6099 30.2243 24.4517 22.067 16.3045 13.9188 8.14954 5.76485 0 0 0 0 0 0 0 0 0
106.66 100.886 95.1164 89.3461 83.5757 77.805 72.0341 66.2629 60.4908 54.7198 48.9444 46.5508 40.7726 38.3794 32.5898 30.1978 27.8107 24.4257 19.6328 13.8406 8.05839 0 0 0 0 0 0 0 0 0 0 0 0 0 0 0 0 0 0 0 0 0 0 0 0 0 0 0 0 0 0 0 0 0 0 0 0 0 0 0 0 0 0 0 0 0 0 0 0 27.8484 30.2445 41.769 35.9945 30.2242 24.4477 22.0628 16.2899 13.907 8.1462 5.76415 0 0 0 0 0 0 0 0 0 0
104.27 98.4964 92.7264 86.9561 81.1857 75.4149 69.644 63.8729 58.1014 52.3286 46.5564 40.7794 38.3849 32.6041 30.2102 24.4161 22.0257 19.642 16.2584 11.4705 5.70975 0 0 0 0 0 0 0 0 0 0 0 0 0 0 0 0 0 0 0 0 0 0 0 0 0 0 0 0 0 0 0 0 0 0 0 0 0 0 0 0 0 0 0 0 0 0 0 0 0 0 0 33.6084 27.8337 22.0627 16.2856 13.9026 8.13372 5.76159 0 0 0 0 0 0 0 0 0 0 0
101.88 96.1064 90.3364 84.5659 78.7957 73.025 67.2539 61.4828 55.7114 49.9394 44.1656 38.3918 32.6127 30.2169 24.4333 22.0394 16.2409 13.8534 11.4783 8.11315 0 0 0 0 0 0 0 0 0 0 0 0 0 0 0 0 0 0 0 0 0 0 0 0 0 0 0 0 0 0 0 0 0 0 0 0 0 0 0 0 0 0 0 0 0 0 0 0 0 0 0 0 31.2206 25.4476 19.6728 13.9025 8.12969 5.7595 0 0 0 0 0 0 0 0 0 0 0 0
99.49 93.7163 87.9463 82.1759 76.4055 70.6348 64.864 59.0925 53.321 47.5492 41.7766 36.0013 30.2253 24.4436 22.0468 16.2603 13.8676 8.0814 0 0 0 0 0 0 0 0 0 0 0 0 0 0 0 0 0 0 0 0 0 0 0 0 0 0 0 0 0 0 0 0 0 0 0 0 0 0 0 0 0 0 0 0 0 0 0 0 0 0 0 0 0 0 28.8335 23.0608 17.2881 11.5155 5.75611 0 0 0 0 0 0 0 0 0 0 0 0 0
97.1 91.3263 85.5563 79.7858 74.0154 68.2447 62.4736 56.7023 50.9308 45.1587 39.386 33.6122 27.8352 22.0563 16.2716 13.875 8.09917 5.73489 0 0 0 0 0 0 0 0 0 0 0 0 0 0 0 0 0 0 0 0 0 0 0 0 0 0 0 0 0 0 0 0 0 0 0 0 0 0 0 0 0 0 0 0 0 0 0 0 0 0 0 0 0 0 0 23.0728 17.3012 11.5293 5.76563 0 0 0 0 0 0 0 0 0 0 0 0 0
94.71 88.8946 0 77.3025 71.6143 65.8545 60.0834 54.3118 48.5401 42.7675 36.9946 31.2206 25.4452 19.6661 13.8844 8.10735 5.73891 0 0 0 0 0 0 0 0 0 0 0 0 0 0 0 0 0 0 0 0 0 0 0 0 0 0 0 0 0 0 0 0 0 0 0 0 0 0 0 0 0 0 0 0 0 0 0 0 0 0 0 0 0 0 0 0 23.0795 17.3086 11.5377 5.76821 0 0 0 0 0 0 0 0 0 0 0 0 0
