tests/full-run-ref/erosion_2010_78_13_87.555.asc
ncols 512
nrows 512
xllcorner -3.24582
yllcorner -4.08743
cellsize 5
NODATA_value -99999
[rows 360 to 389 of 512, columns 0 to 66 of 512]
315.884 317.156 317.412 317.623 317.783 317.908 317.993 318.037 318.029 317.971 317.886 317.794 317.696 317.58 317.461 317.351 317.255 317.165 317.08 316.997 316.92 316.849 316.777 316.698 316.61 316.517 316.417 316.308 316.19 316.065 315.931 315.786 315.632 315.469 315.295 315.109 314.908 314.693 314.47 314.247 314.018 313.781 313.549 313.335 313.146 312.974 312.812 312.651 312.509 312.389 312.243 312.025 311.74 311.413 310.999 310.453 309.767 308.963 308.037 294.637 294.637 289.459 289.459 289.459 289.459 289.459 278.737
316.59 317.853 318.1 318.301 318.45 318.564 318.638 318.671 318.651 318.581 318.484 318.382 318.273 318.148 318.019 317.903 317.802 317.708 317.622 317.541 317.467 317.402 317.337 317.267 317.191 317.112 317.027 316.935 316.835 316.729 316.615 316.491 316.359 316.218 316.068 315.906 315.729 315.538 315.34 315.14 314.935 314.722 314.513 314.32 314.152 314.001 313.857 313.708 313.573 313.456 313.309 313.082 312.784 312.438 312 311.427 310.71 309.872 308.909 294.637 294.637 289.459 289.459 289.459 289.459 289.459 278.737
317.281 318.533 318.77 318.96 319.099 319.202 319.265 319.287 319.256 319.176 319.068 318.956 318.839 318.704 318.568 318.446 318.341 318.245 318.158 318.078 318.008 317.949 317.892 317.832 317.767 317.702 317.632 317.556 317.473 317.386 317.291 317.188 317.076 316.958 316.83 316.691 316.537 316.371 316.196 316.02 315.838 315.647 315.46 315.288 315.139 315.008 314.879 314.742 314.613 314.496 314.345 314.109 313.796 313.428 312.965 312.365 311.617 310.744 309.745 294.637 294.637 289.459 289.459 289.459 289.459 289.459 278.737
317.956 319.197 319.422 319.602 319.73 319.822 319.875 319.887 319.846 319.756 319.64 319.519 319.394 319.252 319.109 318.982 318.873 318.775 318.688 318.609 318.543 318.489 318.44 318.389 318.335 318.282 318.227 318.167 318.101 318.031 317.955 317.872 317.781 317.684 317.578 317.461 317.329 317.185 317.034 316.879 316.719 316.549 316.383 316.229 316.099 315.985 315.872 315.744 315.619 315.503 315.347 315.102 314.773 314.385 313.897 313.269 312.491 311.583 310.548 294.637 294.637 289.459 289.459 289.459 289.459 289.459 278.737
318.612 319.841 320.054 320.222 320.339 320.42 320.463 320.466 320.416 320.318 320.194 320.067 319.934 319.786 319.639 319.507 319.396 319.297 319.209 319.132 319.07 319.021 318.979 318.936 318.893 318.853 318.813 318.767 318.718 318.666 318.609 318.545 318.474 318.398 318.313 318.217 318.108 317.985 317.855 317.722 317.582 317.433 317.285 317.149 317.036 316.938 316.839 316.72 316.598 316.481 316.319 316.064 315.719 315.308 314.794 314.138 313.328 312.385 311.314 294.637 294.637 289.459 289.459 289.459 289.459 289.459 278.737
319.252 320.467 320.667 320.823 320.929 320.999 321.032 321.026 320.968 320.863 320.733 320.6 320.463 320.31 320.158 320.024 319.911 319.811 319.723 319.649 319.59 319.546 319.511 319.477 319.445 319.417 319.39 319.36 319.326 319.292 319.253 319.208 319.157 319.101 319.037 318.962 318.872 318.771 318.662 318.549 318.428 318.297 318.168 318.048 317.951 317.868 317.781 317.669 317.55 317.43 317.261 316.994 316.631 316.198 315.657 314.972 314.13 313.151 312.043 294.637 294.637 289.459 289.459 289.459 289.459 289.459 278.737
319.88 321.081 321.268 321.412 321.507 321.567 321.59 321.575 321.511 321.4 321.264 321.127 320.985 320.828 320.673 320.537 320.423 320.322 320.235 320.162 320.107 320.068 320.039 320.013 319.99 319.974 319.96 319.944 319.925 319.908 319.887 319.859 319.826 319.789 319.745 319.689 319.619 319.538 319.448 319.353 319.25 319.137 319.024 318.92 318.836 318.767 318.69 318.585 318.466 318.343 318.167 317.888 317.508 317.053 316.486 315.773 314.901 313.888 312.745 294.637 294.637 289.459 289.459 289.459 289.459 289.459 278.737
320.502 321.69 321.864 321.996 322.08 322.129 322.144 322.121 322.05 321.934 321.794 321.652 321.507 321.348 321.191 321.052 320.937 320.835 320.749 320.677 320.625 320.59 320.566 320.547 320.533 320.527 320.524 320.52 320.516 320.513 320.507 320.496 320.48 320.46 320.433 320.395 320.343 320.279 320.207 320.129 320.042 319.945 319.847 319.755 319.684 319.626 319.559 319.458 319.34 319.214 319.032 318.742 318.347 317.872 317.283 316.545 315.646 314.603 313.428 294.637 294.637 289.459 289.459 289.459 289.459 289.459 278.737
321.114 322.289 322.45 322.57 322.642 322.683 322.688 322.658 322.581 322.461 322.319 322.174 322.027 321.866 321.708 321.568 321.452 321.349 321.262 321.192 321.141 321.109 321.09 321.077 321.07 321.073 321.08 321.088 321.095 321.106 321.115 321.118 321.117 321.113 321.102 321.079 321.043 320.995 320.939 320.876 320.803 320.72 320.635 320.555 320.494 320.446 320.385 320.288 320.17 320.042 319.854 319.555 319.147 318.655 318.046 317.286 316.362 315.292 314.089 294.637 294.637 289.459 289.459 289.459 289.459 289.459 278.737
321.716 322.877 323.025 323.133 323.196 323.226 323.224 323.187 323.106 322.982 322.838 322.692 322.543 322.381 322.223 322.083 321.966 321.863 321.775 321.706 321.657 321.627 321.611 321.602 321.602 321.613 321.629 321.647 321.665 321.688 321.71 321.727 321.739 321.749 321.752 321.743 321.721 321.688 321.646 321.596 321.536 321.466 321.393 321.323 321.27 321.229 321.174 321.079 320.961 320.831 320.637 320.329 319.909 319.402 318.775 317.996 317.05 315.955 314.726 294.637 294.637 289.459 289.459 289.459 289.459 289.459 278.737
322.316 323.464 323.599 323.695 323.747 323.768 323.758 323.714 323.629 323.503 323.356 323.21 323.06 322.898 322.74 322.6 322.483 322.378 322.29 322.221 322.173 322.145 322.132 322.127 322.132 322.149 322.174 322.2 322.228 322.262 322.295 322.324 322.348 322.37 322.386 322.39 322.381 322.36 322.331 322.293 322.245 322.186 322.122 322.061 322.014 321.978 321.927 321.833 321.715 321.581 321.382 321.066 320.636 320.116 319.474 318.678 317.712 316.596 315.345 294.637 294.637 289.459 289.459 289.459 289.459 289.459 278.737
322.92 324.056 324.178 324.263 324.305 324.316 324.297 324.247 324.157 324.028 323.881 323.732 323.582 323.42 323.262 323.122 323.004 322.898 322.809 322.74 322.692 322.666 322.654 322.652 322.662 322.685 322.716 322.749 322.786 322.829 322.872 322.911 322.945 322.979 323.006 323.021 323.023 323.014 322.995 322.968 322.93 322.88 322.826 322.771 322.729 322.697 322.647 322.553 322.433 322.295 322.091 321.768 321.329 320.798 320.143 319.334 318.353 317.221 315.951 294.637 294.637 289.459 289.459 289.459 289.459 289.459 278.737
323.527 324.651 324.76 324.834 324.866 324.868 324.841 324.784 324.689 324.558 324.409 324.26 324.109 323.947 323.79 323.65 323.531 323.425 323.335 323.264 323.217 323.19 323.18 323.18 323.192 323.22 323.256 323.295 323.338 323.388 323.439 323.486 323.529 323.571 323.607 323.632 323.643 323.644 323.635 323.616 323.586 323.544 323.496 323.446 323.408 323.377 323.326 323.232 323.108 322.967 322.758 322.43 321.985 321.446 320.784 319.965 318.974 317.829 316.546 294.637 294.637 289.459 289.459 289.459 289.459 289.459 278.737
324.134 325.247 325.344 325.407 325.429 325.422 325.386 325.322 325.223 325.09 324.94 324.79 324.639 324.478 324.321 324.182 324.063 323.955 323.864 323.792 323.744 323.717 323.707 323.708 323.722 323.752 323.792 323.835 323.883 323.939 323.996 324.049 324.099 324.149 324.193 324.225 324.244 324.253 324.251 324.24 324.216 324.181 324.138 324.091 324.054 324.022 323.969 323.872 323.746 323.601 323.387 323.055 322.605 322.062 321.394 320.569 319.571 318.418 317.126 294.637 294.637 289.459 289.459 289.459 289.459 289.459 278.737
324.746 325.847 325.933 325.985 325.997 325.98 325.935 325.865 325.762 325.626 325.474 325.323 325.171 325.011 324.855 324.716 324.595 324.486 324.393 324.321 324.272 324.244 324.233 324.234 324.25 324.282 324.324 324.371 324.423 324.483 324.546 324.605 324.661 324.717 324.768 324.806 324.832 324.848 324.854 324.849 324.831 324.801 324.762 324.717 324.679 324.644 324.588 324.486 324.355 324.205 323.986 323.648 323.194 322.647 321.976 321.147 320.144 318.986 317.688 294.637 294.637 289.459 289.459 289.459 289.459 289.459 278.737
325.365 326.457 326.531 326.572 326.574 326.547 326.493 326.415 326.306 326.167 326.012 325.859 325.706 325.545 325.388 325.248 325.126 325.015 324.92 324.846 324.796 324.768 324.756 324.758 324.775 324.809 324.854 324.904 324.96 325.025 325.092 325.156 325.218 325.281 325.338 325.383 325.416 325.439 325.452 325.453 325.44 325.414 325.379 325.335 325.295 325.255 325.193 325.085 324.947 324.788 324.561 324.216 323.756 323.205 322.53 321.697 320.691 319.531 318.23 294.637 294.637 289.459 289.459 289.459 289.459 289.459 278.737
325.995 327.076 327.139 327.169 327.162 327.124 327.06 326.973 326.859 326.714 326.556 326.4 326.244 326.082 325.924 325.782 325.658 325.545 325.448 325.372 325.321 325.291 325.278 325.28 325.298 325.334 325.381 325.433 325.492 325.561 325.633 325.702 325.768 325.836 325.899 325.951 325.99 326.02 326.04 326.046 326.038 326.016 325.983 325.939 325.895 325.849 325.778 325.662 325.514 325.345 325.107 324.754 324.288 323.734 323.057 322.222 321.215 320.056 318.755 314.607 294.637 289.459 289.459 289.459 289.459 289.459 278.737
326.631 327.703 327.755 327.775 327.757 327.708 327.633 327.538 327.416 327.267 327.105 326.945 326.786 326.621 326.46 326.317 326.19 326.074 325.975 325.898 325.845 325.813 325.8 325.801 325.82 325.856 325.905 325.959 326.02 326.092 326.167 326.24 326.311 326.384 326.452 326.509 326.555 326.592 326.617 326.628 326.624 326.605 326.573 326.528 326.479 326.424 326.343 326.216 326.057 325.875 325.625 325.262 324.791 324.234 323.555 322.72 321.715 320.56 319.263 315.366 298.176 289.459 289.459 289.459 289.459 289.459 278.737
327.271 328.334 328.376 328.385 328.357 328.297 328.211 328.107 327.978 327.822 327.655 327.49 327.327 327.158 326.995 326.848 326.719 326.6 326.498 326.418 326.363 326.331 326.316 326.318 326.336 326.374 326.424 326.481 326.545 326.62 326.698 326.775 326.851 326.929 327.002 327.065 327.116 327.16 327.192 327.208 327.207 327.191 327.16 327.112 327.056 326.991 326.898 326.759 326.586 326.387 326.122 325.747 325.269 324.707 324.026 323.189 322.186 321.037 319.744 316.434 298.176 289.459 289.459 289.459 289.459 289.459 278.737
327.911 328.966 328.998 328.997 328.959 328.888 328.792 328.678 328.541 328.378 328.205 328.034 327.866 327.692 327.525 327.374 327.24 327.118 327.012 326.93 326.874 326.839 326.825 326.826 326.846 326.886 326.939 326.998 327.066 327.145 327.228 327.309 327.39 327.474 327.554 327.622 327.681 327.732 327.771 327.793 327.796 327.784 327.754 327.703 327.639 327.563 327.455 327.3 327.11 326.892 326.607 326.216 325.726 325.156 324.469 323.629 322.626 321.48 320.192 317.752 298.176 289.459 289.459 289.459 289.459 289.459 278.737
328.556 329.605 329.627 329.617 329.569 329.487 329.379 329.255 329.109 328.938 328.757 328.579 328.404 328.224 328.05 327.894 327.755 327.628 327.519 327.434 327.375 327.34 327.325 327.328 327.35 327.392 327.448 327.512 327.584 327.667 327.756 327.843 327.93 328.02 328.107 328.183 328.249 328.31 328.357 328.384 328.392 328.384 328.355 328.301 328.227 328.137 328.012 327.839 327.627 327.385 327.076 326.666 326.161 325.579 324.883 324.038 323.034 321.892 320.61 318.931 298.176 289.459 289.459 289.459 289.459 289.459 278.737
329.206 330.247 330.261 330.242 330.184 330.091 329.972 329.837 329.681 329.501 329.311 329.125 328.942 328.754 328.573 328.41 328.265 328.133 328.019 327.931 327.87 327.834 327.82 327.823 327.847 327.893 327.953 328.021 328.098 328.187 328.281 328.374 328.468 328.566 328.66 328.744 328.818 328.888 328.944 328.978 328.99 328.986 328.958 328.9 328.816 328.709 328.566 328.371 328.135 327.865 327.528 327.095 326.572 325.976 325.269 324.417 323.412 322.275 320.998 319.576 315.447 289.459 289.459 289.459 289.459 289.459 278.737
329.848 330.884 330.89 330.862 330.795 330.691 330.561 330.416 330.25 330.061 329.862 329.667 329.475 329.279 329.09 328.92 328.769 328.631 328.512 328.42 328.358 328.321 328.307 328.312 328.339 328.388 328.454 328.527 328.608 328.703 328.803 328.903 329.004 329.109 329.211 329.303 329.387 329.466 329.531 329.571 329.589 329.589 329.562 329.499 329.404 329.28 329.116 328.898 328.636 328.335 327.967 327.507 326.964 326.35 325.629 324.767 323.76 322.624 321.352 319.934 315.447 289.459 289.459 289.459 289.459 289.459 278.737
330.474 331.504 331.503 331.468 331.393 331.28 331.14 330.985 330.811 330.613 330.405 330.201 330.001 329.796 329.599 329.422 329.264 329.12 328.997 328.902 328.838 328.801 328.787 328.794 328.824 328.879 328.949 329.028 329.115 329.216 329.323 329.43 329.538 329.651 329.761 329.86 329.953 330.042 330.116 330.163 330.186 330.191 330.165 330.098 329.991 329.85 329.665 329.423 329.133 328.798 328.397 327.908 327.34 326.704 325.965 325.09 324.076 322.94 321.669 320.251 316.95 289.459 289.459 289.459 289.459 289.459 278.737
331.092 332.118 332.111 332.069 331.986 331.865 331.716 331.552 331.369 331.162 330.945 330.733 330.523 330.309 330.103 329.918 329.753 329.602 329.474 329.375 329.309 329.272 329.26 329.269 329.303 329.363 329.44 329.525 329.62 329.728 329.842 329.957 330.073 330.194 330.312 330.421 330.523 330.622 330.706 330.761 330.79 330.8 330.776 330.704 330.585 330.426 330.217 329.949 329.628 329.256 328.818 328.296 327.7 327.037 326.276 325.384 324.359 323.219 321.947 320.529 318.361 314.692 289.459 289.459 289.459 289.459 278.737
331.7 332.723 332.711 332.663 332.574 332.445 332.288 332.116 331.924 331.707 331.481 331.259 331.04 330.816 330.6 330.407 330.234 330.077 329.943 329.84 329.772 329.735 329.725 329.737 329.776 329.842 329.926 330.019 330.121 330.237 330.36 330.483 330.607 330.737 330.864 330.981 331.093 331.204 331.297 331.36 331.396 331.411 331.389 331.313 331.181 331.002 330.769 330.473 330.118 329.707 329.228 328.669 328.041 327.348 326.561 325.648 324.611 323.463 322.189 320.77 319.183 314.692 297.163 289.459 289.459 289.459 278.737
332.285 333.304 333.288 333.236 333.141 333.006 332.843 332.663 332.464 332.239 332.005 331.775 331.546 331.313 331.089 330.888 330.708 330.544 330.404 330.298 330.229 330.192 330.184 330.2 330.243 330.316 330.408 330.508 330.617 330.741 330.871 331.002 331.135 331.272 331.407 331.532 331.654 331.774 331.878 331.948 331.99 332.011 331.991 331.91 331.765 331.568 331.311 330.987 330.597 330.146 329.625 329.029 328.367 327.641 326.824 325.888 324.834 323.677 322.396 320.973 319.384 316.062 297.163 297.163 289.459 289.459 278.737
332.833 333.849 333.829 333.773 333.675 333.536 333.368 333.183 332.979 332.749 332.508 332.272 332.037 331.797 331.566 331.358 331.173 331.004 330.859 330.75 330.681 330.645 330.639 330.658 330.706 330.785 330.883 330.99 331.106 331.236 331.373 331.51 331.649 331.792 331.933 332.066 332.195 332.324 332.435 332.511 332.559 332.586 332.568 332.483 332.327 332.112 331.832 331.482 331.06 330.57 330.009 329.374 328.677 327.917 327.069 326.107 325.033 323.861 322.57 321.139 319.545 317.446 313.633 297.163 297.163 289.459 278.737
333.348 334.362 334.34 334.282 334.181 334.04 333.869 333.682 333.474 333.241 332.996 332.756 332.516 332.27 332.033 331.82 331.631 331.457 331.309 331.198 331.128 331.094 331.09 331.112 331.165 331.25 331.355 331.468 331.59 331.725 331.868 332.011 332.155 332.303 332.449 332.587 332.723 332.859 332.977 333.059 333.112 333.144 333.129 333.04 332.873 332.642 332.341 331.965 331.511 330.982 330.381 329.708 328.975 328.178 327.295 326.303 325.207 324.015 322.709 321.267 319.664 317.915 315.118 311.386 297.163 297.163 278.737
333.834 334.847 334.823 334.763 334.662 334.519 334.348 334.16 333.951 333.716 333.469 333.226 332.983 332.732 332.491 332.274 332.081 331.903 331.753 331.64 331.57 331.537 331.536 331.562 331.619 331.71 331.822 331.941 332.068 332.209 332.357 332.505 332.653 332.805 332.954 333.096 333.237 333.38 333.504 333.591 333.649 333.686 333.674 333.582 333.404 333.158 332.836 332.435 331.949 331.383 330.741 330.029 329.257 328.421 327.501 326.477 325.353 324.139 322.814 321.357 319.744 317.987 316.132 311.386 299.962 297.163 278.737
