tests/full-run-ref/erosion_80_12_73.027.asc
ncols 512
nrows 512
xllcorner -3.24582
yllcorner -4.08743
cellsize 5
NODATA_value -99999
[rows 58 to 86 of 512, columns 268 to 334 of 512]
5.77003 5.77004 5.77004 5.77005 5.77005 5.77005 5.77005 5.77005 5.77002 5.77004 5.77001 5.77003 5.77002 5.77003 5.77001 5.77002 5.77002 5.77 5.77004 5.76999 5.77003 5.77002 5.77002 5.77002 5.77002 5.77002 5.77002 5.77002 5.77001 5.77004 5.77002 5.77001 5.77004 5.77001 5.77005 5.77004 5.77004 5.77002 5.77002 5.77003 5.77002 5.77002 5.77002 5.77002 5.77002 5.77002 5.77002 5.77002 5.77002 5.77002 5.77002 5.77002 5.77002 5.77002 5.77002 5.77002 5.77002 5.77002 5.77002 5.77002 5.77002 5.77002 5.77002 5.77002 5.77002 5.77002 5.77002
5.77005 5.77005 5.77005 5.77005 5.77005 5.77005 5.77005 5.77004 5.77001 5.77004 5.77002 5.77003 5.77001 5.77001 5.77001 5.77002 5.77002 5.77 5.77004 5.77002 5.77002 5.77002 5.77001 5.77002 5.77002 5.77002 5.77002 5.77002 5.77001 5.77004 5.77 5.77001 5.77003 5.77002 5.77004 5.77002 5.77004 5.77004 5.77004 5.77005 5.77005 5.77004 5.77002 5.77002 5.77002 5.77002 5.77002 5.77002 5.77002 5.77002 5.77002 5.77002 5.77002 5.77002 5.77002 5.77002 5.77002 5.77002 5.77002 5.77002 5.77002 5.77002 5.77002 5.77002 5.77002 5.77002 5.77002
5.77005 5.77005 5.77004 5.77003 5.77005 5.77004 5.77004 5.77002 5.77004 5.77004 5.77003 5.77003 5.77002 5.77002 5.77002 5.77002 5.77002 5.77002 5.77004 5.77002 5.77002 5.77003 5.77 5.77002 5.77002 5.77002 5.77002 5.77002 5.77002 5.77004 5.77 5.77002 5.77002 5.77003 5.77003 5.77005 5.77002 5.77001 5.77003 5.77002 5.77004 5.77002 5.77002 5.77002 5.77002 5.77002 5.77002 5.77002 5.77002 5.77002 5.77002 5.77002 5.77002 5.77002 5.77002 5.77002 5.77002 5.77002 5.77002 5.77002 5.77002 5.77002 5.77002 5.77002 5.77002 5.77002 5.77002
5.77004 5.77003 5.77003 5.77004 5.77004 5.77005 5.77005 5.77005 5.77004 5.77004 5.77003 5.77002 5.77002 5.77003 5.77001 5.77002 5.77002 5.77003 5.77004 5.77002 5.77002 5.77002 5.77002 5.77002 5.77002 5.77002 5.77001 5.77003 5.77004 5.77003 5.77001 5.77003 5.77001 5.77001 5.77 5.77004 5.77002 5.77004 5.77 5.77001 5.77001 5.77002 5.77002 5.77002 5.77002 5.77002 5.77002 5.77002 5.77002 5.77002 5.77002 5.77002 5.77002 5.77002 5.77002 5.77002 5.77002 5.77002 5.77002 5.77002 5.77002 5.77002 5.77002 5.77002 5.77002 5.77002 5.77002
5.77004 5.77004 5.77005 4.48657 5.70615 5.66807 5.77005 5.77005 5.77005 5.77003 5.77003 5.77002 5.77002 5.77001 5.77001 5.77002 5.77001 5.77002 5.77004 5.77002 5.77002 5.77002 5.77002 5.77003 5.77002 5.77002 5.77001 5.77003 5.77004 5.77003 5.77001 5.77002 5.77002 5.77002 5.77001 5.77003 5.77004 5.77002 5.77002 5.77002 5.77002 5.77003 5.77002 5.68998 5.6402 5.68365 5.77002 5.77002 5.77002 5.77002 5.77002 5.77002 5.77002 5.77002 5.77002 5.77002 5.77002 5.77002 5.77002 5.77002 5.77002 5.77002 5.77002 5.77002 5.77002 5.77002 5.77002
5.77005 5.77005 5.77002 5.36912 7.50381 5.6003 5.77003 5.77005 5.77004 5.77003 5.77004 5.77004 5.77001 5.77002 5.77002 5.77002 5.77001 5.77003 5.77004 5.77003 5.77002 5.77002 5.77002 5.77002 5.77002 5.77003 5.77002 5.77001 5.77004 5.77004 5.77003 5.77002 5.77002 5.77 5.77003 5.77005 5.77005 5.77004 5.77002 5.77004 5.77004 5.77004 5.77003 5.66813 6.35726 5.68236 5.77002 5.77002 5.77002 5.77002 5.77002 5.77002 5.77002 5.77002 5.77002 5.77002 5.77002 5.77002 5.77002 5.77002 5.77002 5.77002 5.77002 5.77002 5.77002 5.77002 5.77002
5.77002 5.77002 5.77003 5.42043 5.70695 5.51586 5.77002 5.77005 5.77002 5.77002 5.77004 5.77004 5.77002 5.77002 5.77 5.76998 5.77003 5.77004 5.77004 5.77004 5.77002 5.77002 5.77003 5.77001 5.77002 5.77001 5.77002 5.77004 5.77005 5.77005 5.77004 5.77003 5.77001 5.77002 5.77004 5.77005 5.77005 5.77004 5.77004 5.77003 5.77004 5.77002 5.77004 5.69825 5.64838 5.70904 5.77003 5.77002 5.77002 5.77002 5.77002 5.77002 5.77002 5.77002 5.77002 5.77002 5.77002 5.77002 5.77002 5.77002 5.77002 5.77002 5.77002 5.77002 5.77002 5.77002 5.77002
5.77004 5.77003 5.77004 5.77004 5.77004 5.77004 5.77003 5.77002 5.77002 5.77003 5.77004 5.77004 5.77004 5.77004 5.77004 5.77003 5.76998 5.77002 5.77003 5.77004 5.77002 5.77002 5.77001 5.77002 5.77002 5.77002 5.77001 5.76999 5.77003 5.77005 5.77005 5.77004 5.77003 5.77004 5.77005 5.77002 5.77003 5.77003 5.77004 5.77002 5.77002 5.77004 5.77004 5.77002 5.77002 5.77002 5.77002 5.77002 5.77002 5.77002 5.77002 5.77002 5.77002 5.77002 5.77002 5.77002 5.77002 5.77002 5.77002 5.77002 5.77002 5.77002 5.77002 5.77002 5.77002 5.77002 5.77002
5.77003 5.77003 5.77004 5.77004 5.77004 5.77003 5.77002 5.77004 5.77002 5.77004 5.77004 5.77004 5.77003 5.77001 5.77001 5.76996 5.77001 5.77001 5.77003 5.77004 5.77003 5.77002 5.77002 5.77002 5.77002 5.77002 5.77002 5.77002 5.77003 5.77004 5.77005 5.77005 5.77005 5.77004 5.77002 5.77002 5.77004 5.77002 5.77005 5.77003 5.77001 5.77004 5.77003 5.77002 5.77002 5.77002 5.77003 5.77002 5.77002 5.77002 5.77002 5.77002 5.77002 5.77002 5.77002 5.77002 5.77002 5.77002 5.77002 5.77002 5.77002 5.77002 5.77002 5.77002 5.77002 5.77002 5.77002
5.77004 5.77004 5.77004 5.77003 5.77003 5.77002 5.77003 5.77003 5.77003 5.77003 5.77002 5.77002 5.77003 5.77002 5.77003 5.77001 5.77002 5.77001 5.77003 5.77004 5.77004 5.77003 5.77002 5.77002 5.77002 5.77002 5.77002 5.77002 5.77002 5.77002 5.77003 5.77005 5.77005 5.77005 5.77003 5.77001 5.77004 5.77002 5.77004 5.77002 5.76999 5.77004 5.77002 5.55485 5.58453 5.67552 5.77002 5.77002 5.77002 5.77002 5.77002 5.77002 5.77002 5.77002 5.77002 5.77002 5.77002 5.77002 5.77002 5.77002 5.77002 5.77002 5.77002 5.77002 5.77002 5.77002 5.77002
5.77004 5.77004 5.77004 5.77002 5.77002 5.77004 5.77002 5.77004 5.77004 5.77004 5.77003 5.77002 5.77003 5.77002 5.77001 5.77001 5.77001 5.77002 5.77003 5.77004 5.77004 5.77004 5.77003 5.77003 5.77002 5.77003 5.77001 5.77002 5.77002 5.77002 5.77002 5.77004 5.77005 5.77005 5.77004 5.77004 5.77001 5.77004 5.77001 5.77002 5.77001 5.77004 5.77002 5.4926 7.37667 5.6726 5.77002 5.77001 5.77002 5.77004 5.77004 5.77002 5.77002 5.77002 5.77002 5.77002 5.77002 5.77002 5.77002 5.77002 5.77002 5.77002 5.77002 5.77002 5.77002 5.77002 5.77002
5.77004 5.77002 5.77004 5.77003 5.77002 5.77004 5.77004 5.77002 5.77002 5.77002 5.77002 5.77005 5.77004 5.76997 5.77003 5.77003 5.77003 5.77003 5.77003 5.77004 5.77004 5.77004 5.73566 5.72199 5.72286 5.77004 5.77001 5.77002 5.77003 5.77002 5.77001 5.77003 5.77004 5.77005 5.77005 5.77002 5.77002 5.77001 5.77002 5.77001 5.77004 5.77004 5.77002 5.53837 5.72041 5.72003 5.77004 5.77004 5.77004 5.77005 5.77004 5.77002 5.77002 5.77002 5.77002 5.77002 5.77002 5.77002 5.77002 5.77002 5.77002 5.77002 5.77002 5.77002 5.77002 5.77002 5.77002
5.77004 5.77002 5.77002 5.77002 5.77002 5.77002 5.77004 5.77003 5.77004 5.77002 5.77003 5.77005 5.77005 5.77004 5.76999 5.76999 5.77001 5.77002 5.77003 5.77004 5.77004 5.77004 5.74634 6.12948 5.73405 5.77004 5.77002 5.77002 5.77002 5.77002 5.77001 5.77002 5.77002 5.77002 5.77005 5.77002 5.77002 5.77002 5.77002 5.77001 5.77003 5.77004 5.77002 5.77002 5.77002 5.77002 5.77003 5.77004 5.77004 5.77004 5.77005 5.77004 5.77004 5.77001 5.77002 5.77002 5.77002 5.77002 5.77002 5.77002 5.77002 5.77002 5.77002 5.77002 5.77002 5.77002 5.77002
5.77004 5.77003 5.77003 5.77003 5.77002 5.77003 5.77004 5.77004 5.77003 5.77002 5.77002 5.77005 5.77005 5.77004 5.76998 5.77001 5.77001 5.77003 5.77004 5.77003 5.77004 5.77004 5.73991 5.7571 5.75089 5.77004 5.77003 5.77003 5.77002 5.77002 5.77002 5.77001 5.77003 5.77003 5.77005 5.77003 5.77002 5.77002 5.77002 5.77002 5.77002 5.77002 5.77003 5.77002 5.77004 5.77002 5.77002 5.77003 5.77002 5.77002 5.77004 5.77003 5.77004 5.77001 5.77002 5.77002 5.77002 5.77002 5.77002 5.77002 5.77002 5.77002 5.77002 5.77002 5.77002 5.77002 5.77002
5.77004 5.77004 5.77003 5.77003 5.77003 5.77004 5.77004 5.77004 5.77002 5.77003 5.77002 5.77005 5.77005 5.77004 5.77 5.77003 5.77004 5.77004 5.77003 5.77003 5.77002 5.77004 5.77004 5.77004 5.77004 5.77004 5.77004 5.77004 5.77003 5.77003 5.77003 5.77003 5.77002 5.77004 5.77004 5.77004 5.77001 5.77002 5.77002 5.77002 5.77001 5.77002 5.77 5.77 5.77002 5.77002 5.77004 5.77001 5.77002 5.77004 5.77004 5.77002 5.77004 5.77004 5.77002 5.77002 5.77002 5.77002 5.77002 5.77002 5.77002 5.77002 5.77002 5.77002 5.77002 5.77002 5.77002
5.77004 5.77004 5.77004 5.77004 5.77003 5.77003 5.77004 5.77004 5.77004 5.77004 5.77002 5.77005 5.77005 5.77004 5.77003 5.77003 5.77003 5.77002 5.77003 5.77003 5.77003 5.77002 5.77004 5.77004 5.77004 5.77004 5.77004 5.77004 5.77004 5.77004 5.77003 5.77002 5.77001 5.77004 5.77002 5.77001 5.77004 5.77001 5.77002 5.77 5.77003 5.77 5.77002 5.77002 5.77002 5.77004 5.77003 5.77 5.77002 5.77003 5.77003 5.77002 5.77002 5.77004 5.77002 5.77002 5.77002 5.77002 5.77002 5.77002 5.77002 5.77002 5.77002 5.77002 5.77002 5.77002 5.77002
5.77004 5.77004 5.77004 5.77002 5.77003 5.77002 5.77004 5.77004 5.77004 5.77003 5.77002 5.77005 5.77005 5.77004 5.77004 5.77004 5.77003 5.77003 5.77003 5.77003 5.77003 5.77003 5.77003 5.77004 5.77004 5.77004 5.77004 5.77003 5.77002 5.77003 5.77002 5.77002 5.77 5.77004 5.77002 5.77003 5.77002 5.77004 5.77002 5.77 5.77003 5.77002 5.77002 5.77002 5.77004 5.77004 5.77002 5.77004 5.77001 5.77001 5.77002 5.77002 5.77002 5.77004 5.77003 5.77002 5.77002 5.77003 5.77002 5.77002 5.77002 5.77002 5.77002 5.77002 5.77002 5.77002 5.77002
5.77003 5.77003 5.77004 5.77004 5.77003 5.77002 5.77004 5.77004 5.77004 5.77003 5.77003 5.77002 5.77002 5.77002 5.77003 5.77003 5.77004 5.77004 5.77003 5.77003 5.77003 5.77003 5.77002 5.77004 5.77004 5.77004 5.77004 5.77004 5.77002 5.77001 5.77001 5.77002 5.76999 5.77004 5.77004 5.77003 5.77002 5.77004 5.77002 5.77001 5.77002 5.77003 5.77003 5.77005 5.77004 5.77002 5.77004 5.77001 5.77002 5.77002 5.77002 5.77002 5.77002 5.77004 5.77003 5.77002 5.77003 5.77003 5.77002 5.77002 5.77002 5.77002 5.77002 5.77002 5.77002 5.77002 5.77002
5.77004 5.77003 5.77004 5.77004 5.77004 5.77004 5.77004 5.77004 5.77004 5.77004 5.77002 5.77003 5.77004 5.77003 5.77004 5.77002 5.77002 5.77004 5.77003 5.77003 5.77003 5.77002 5.77003 5.77004 5.77004 5.77004 5.77004 5.77002 5.77001 5.77002 5.77002 5.77002 5.77002 5.77003 5.77004 5.77002 5.77001 5.77003 5.77001 5.77002 5.77004 5.77005 5.77005 5.77003 5.77001 5.77004 5.77001 5.77002 5.77004 5.77003 5.77002 5.77002 5.77002 5.77003 5.77004 5.77002 5.77002 5.77003 5.77002 5.77002 5.77004 5.77002 5.77002 5.77002 5.77002 5.77002 5.77002
5.77003 5.77003 5.77003 5.77003 5.77004 5.77004 5.77004 5.77004 5.77004 5.77004 5.77004 5.77002 5.77002 5.77002 5.77004 5.77002 5.77003 5.77004 5.77003 5.77004 5.77004 5.77004 5.77004 5.77004 5.77004 5.77004 5.77004 5.77004 5.77003 5.77002 5.77002 5.77001 5.77004 5.77004 5.77004 5.77002 5.77002 5.76999 5.77004 5.77003 5.77004 5.77002 5.77003 5.77002 5.77003 5.77001 5.77002 5.77002 5.77004 5.77002 5.77002 5.77002 5.77002 5.77002 5.77004 5.77002 5.77002 5.77003 5.77002 5.77002 5.77002 5.77004 5.77002 5.77002 5.77002 5.77002 5.77002
5.77004 5.77003 5.77004 5.77004 5.77004 5.77004 5.77003 5.77004 5.77004 5.77003 5.77004 5.77002 5.77002 5.77003 5.77002 5.77002 5.77002 5.77002 5.77004 5.77003 5.77003 5.77003 5.77003 5.77004 5.77003 5.77004 5.77004 5.77004 5.77004 5.77004 5.77003 5.77004 5.77004 5.77004 5.77002 5.77002 5.77002 5.76998 5.77004 5.77002 5.77003 5.77002 5.77002 5.77002 5.77002 5.77001 5.77002 5.77004 5.77004 5.77002 5.77002 5.77002 5.77002 5.77002 5.77004 5.77004 5.77002 5.77003 5.77002 5.77002 5.77002 5.77004 5.77002 5.77002 5.77002 5.77002 5.77002
5.77004 5.77004 5.77003 5.77003 5.77003 5.77003 5.77003 5.77003 5.77004 5.77001 5.77002 5.77004 5.77003 5.77004 5.77003 5.77002 5.77003 5.77003 5.77003 5.77004 5.77003 5.77003 5.77003 5.77004 5.77003 5.77003 5.77004 5.77004 5.77004 5.77004 5.77004 5.77004 5.77004 5.77004 5.77003 5.77002 5.77002 5.76999 5.77004 5.77002 5.77004 5.77 5.77002 5.77002 5.77004 5.77004 5.77002 5.77004 5.77002 5.77002 5.77002 5.77002 5.77002 5.77002 5.77002 5.56907 5.73866 5.72065 5.77003 5.77002 5.77002 5.77004 5.77002 5.77002 5.77002 5.77002 5.77002
5.77004 5.77003 5.77005 5.77004 5.77002 5.77003 5.77003 5.77003 5.77003 5.77002 5.77003 5.77004 5.77004 5.77004 5.77004 5.77004 5.77004 5.77004 5.77003 5.77004 5.77004 5.77003 5.77003 5.77004 5.77003 5.77003 5.77003 5.77004 5.77004 5.77004 5.77004 5.77004 5.77004 5.77004 5.77002 5.77002 5.77002 5.77002 5.77004 5.77001 5.77004 5.77002 5.77004 5.77002 5.77001 5.77001 5.77004 5.77004 5.77002 5.77002 5.77002 5.77002 5.77002 5.77002 5.77002 5.46034 7.41616 5.68677 5.76868 5.77002 5.77002 5.77004 5.77002 5.77002 5.77002 5.77002 5.77002
5.77004 5.77005 5.77005 5.77005 5.77005 5.77005 5.77003 5.77003 5.77004 5.77004 5.77004 5.77004 5.77004 5.77004 5.77004 5.77003 5.77003 5.77003 5.77003 5.77003 5.77004 5.77004 5.77004 5.77003 5.77003 5.77003 5.77004 5.77004 5.77004 5.77004 5.77004 5.77004 5.77004 5.77003 5.77002 5.77001 5.77002 5.77004 5.77005 5.77002 5.77001 5.77004 5.77001 5.77003 5.77002 5.77001 5.77004 5.77002 5.77002 5.77002 5.77002 5.77002 5.77002 5.77002 5.77002 5.57879 5.62622 5.80644 5.70109 5.53743 5.77002 5.77004 5.77004 5.77001 5.77002 5.77002 5.77002
5.77004 5.77004 5.77004 5.77004 5.77005 5.77005 5.77003 5.77003 5.77004 5.77004 5.77003 5.77003 5.77003 5.77004 5.77004 5.77004 5.77004 5.77003 5.77003 5.77003 5.77004 5.77004 5.77004 5.77004 5.77003 5.77003 5.77004 5.77004 5.77004 5.77004 5.77004 5.77004 5.77004 5.77003 5.77002 5.77003 5.77004 5.77 5.77004 5.77003 5.77001 5.77004 5.77004 5.76999 5.77001 5.77001 5.77004 5.77002 5.77002 5.77002 5.77003 5.77002 5.77002 5.77002 5.77002 5.77003 5.76509 5.64089 7.07898 5.47418 5.77002 5.77003 5.77004 5.77001 5.77002 5.77003 5.77002
5.77005 5.77004 5.77005 5.77004 5.77005 5.77005 5.77003 5.77003 5.77004 5.77003 5.77003 5.77003 5.77004 5.77004 5.77004 5.77003 5.77003 5.77004 5.77004 5.77004 5.77004 5.77004 5.77004 5.77005 5.77004 5.77004 5.77004 5.77004 5.77004 5.77004 5.77004 5.77003 5.77004 5.77004 5.77002 5.77002 5.77 5.77002 5.76999 5.77005 5.77004 5.77004 5.77001 5.77004 5.77001 5.77001 5.77004 5.77003 5.77002 5.77002 5.77002 5.77002 5.77002 5.77002 5.77002 5.77003 5.77003 5.64151 5.6361 5.58256 5.77002 5.77003 5.77004 5.77002 5.77002 5.77002 5.77002
5.77005 5.77004 5.77004 5.77004 5.77005 5.77005 5.77005 5.77003 5.77004 5.77003 5.77004 5.77003 5.77003 5.77003 5.77004 5.77003 5.77003 5.77003 5.77004 5.77004 5.77004 5.77004 5.77004 5.77005 5.77004 5.77004 5.77004 5.77004 5.77004 5.77003 5.77002 5.77003 5.77002 5.77004 5.77004 5.77003 5.77002 5.77 5.77004 5.77004 5.77002 5.77 5.77004 5.77 5.77002 5.77003 5.77004 5.77004 5.77002 5.77002 5.77002 5.77002 5.77002 5.77002 5.77002 5.77002 5.77003 5.77002 5.77003 5.77002 5.77002 5.77002 5.77004 5.77002 5.77002 5.77002 5.77002
5.77005 5.77004 5.77004 5.77004 5.77004 5.77005 5.77004 5.77003 5.77004 5.77003 5.77004 5.77003 5.77003 5.77003 5.77004 5.77003 5.77004 5.77003 5.77003 5.77004 5.77004 5.77004 5.77004 5.77004 5.77004 5.77003 5.77004 5.77004 5.77004 5.77004 5.77003 5.77002 5.77003 5.77003 5.77004 5.77004 5.77002 5.77001 5.77001 5.77001 5.77004 5.77002 5.77002 5.77004 5.77 5.77001 5.77005 5.77004 5.77002 5.77002 5.77003 5.77002 5.77002 5.77002 5.77002 5.77002 5.77004 5.77002 5.77003 5.77002 5.77002 5.77002 5.77004 5.77002 5.77002 5.77002 5.77002
5.77005 5.77004 5.77004 5.77004 5.77004 5.77005 5.77005 5.77003 5.77003 5.77003 5.77003 5.77003 5.77004 5.77003 5.77004 5.77004 5.77003 5.77004 5.77004 5.77004 5.77004 5.77004 5.77003 5.77003 5.77003 5.77003 5.77004 5.77004 5.77004 5.77004 5.77004 5.77004 5.77004 5.77004 5.77002 5.77004 5.76999 5.77001 5.77002 5.77002 5.77 5.77001 5.77002 5.77004 5.77004 5.77001 5.77004 5.77004 5.77004 5.77002 5.77002 5.77003 5.77002 5.77002 5.77002 5.77002 5.77004 5.77002 5.77003 5.71745 5.6458 5.64404 5.77004 5.77002 5.77002 5.77002 5.77002
