tests/full-run-ref/erosion_2010_78_20_-12.873.asc
ncols 512
nrows 512
xllcorner -3.24582
yllcorner -4.08743
cellsize 5
NODATA_value -99999
[rows 30 to 59 of 512, columns 134 to 200 of 512]
2.8851 2.8851 2.8851 2.8851 2.8851 2.8851 2.8851 2.8851 2.8851 2.8851 2.8851 2.8851 2.8851 2.8851 2.8851 2.8851 2.8851 2.8851 2.8851 2.8851 2.8851 2.88509 2.88509 2.88509 2.88509 2.88509 2.88509 2.88509 2.88509 2.88509 2.88509 2.88509 2.88509 2.88509 2.88509 2.88509 2.88509 2.88509 2.88509 2.88509 2.88509 2.88508 2.88508 2.88508 2.88508 2.88508 2.88508 2.88508 2.88508 2.88508 2.88508 2.88508 2.88508 2.88508 2.88508 2.88508 2.88508 2.88508 2.88508 2.88508 2.88508 2.88508 2.88508 2.88508 2.88508 2.88508 2.88508
2.8851 2.8851 2.8851 2.8851 2.8851 2.8851 2.8851 2.8851 2.8851 2.8851 2.8851 2.8851 2.8851 2.8851 2.8851 2.8851 2.8851 2.8851 2.8851 2.8851 2.8851 2.88509 2.88509 2.88509 2.88509 2.88509 2.88509 2.88509 2.88509 2.88509 2.88509 2.88509 2.88509 2.88509 2.88509 2.88509 2.88509 2.88509 2.88509 2.88509 2.88509 2.88508 2.88508 2.88508 2.88508 2.88508 2.88508 2.88508 2.88508 2.88508 2.88508 2.88508 2.88508 2.88508 2.88508 2.88508 2.88508 2.88508 2.88508 2.88508 2.88508 2.88508 2.88508 2.88508 2.88508 2.88508 2.88508
2.8851 2.8851 2.8851 2.8851 2.8851 2.8851 2.8851 2.8851 2.8851 2.8851 2.8851 2.8851 2.8851 2.8851 2.8851 2.8851 2.8851 2.8851 2.8851 2.8851 2.8851 2.88509 2.88509 2.88509 2.88509 2.88509 2.88509 2.88509 2.88509 2.88509 2.88509 2.88509 2.88509 2.88509 2.88509 2.88509 2.88509 2.88509 2.88509 2.88509 2.88509 2.88508 2.88508 2.88508 2.88508 2.88508 2.88508 2.88508 2.88508 2.88508 3.77 2.88508 2.88508 2.88508 2.88508 2.88508 4.08001 2.88508 2.88508 2.88508 2.88508 2.88508 2.88508 2.88508 2.88508 2.88508 2.88508
2.8851 2.8851 2.8851 2.8851 2.8851 2.8851 2.8851 2.8851 2.8851 2.8851 2.8851 2.8851 2.8851 2.8851 2.8851 2.8851 2.8851 2.8851 2.8851 2.8851 2.8851 2.88509 2.88509 2.88509 2.88509 2.88509 2.88509 2.88509 2.88509 2.88509 2.88509 2.88509 2.88509 2.88509 2.88509 2.88509 2.88509 2.88509 2.88509 2.88509 2.88509 2.88508 2.88508 2.88508 2.88508 2.88508 2.88508 2.88508 2.88508 2.88508 5.77 4.08001 2.88508 2.88508 3.77 4.08001 2.88509 2.88508 2.88508 2.88508 2.88508 2.88508 2.88508 2.88508 2.88508 2.88508 2.88508
2.8851 2.8851 2.8851 2.8851 2.8851 2.8851 2.8851 2.8851 2.8851 2.8851 2.8851 2.8851 2.8851 2.8851 2.8851 2.8851 2.8851 2.8851 2.8851 2.8851 2.8851 2.88509 2.88509 2.88509 2.88509 2.88509 2.88509 2.88509 2.88509 2.88509 2.88509 2.88509 2.88509 2.88509 2.88509 2.88509 2.88509 2.88509 2.88509 2.88509 2.88508 2.88508 2.88508 2.88508 2.88508 2.88508 2.88508 2.88508 2.88508 4.08001 6.96501 6.96501 6.17479 5.77 6.655 5.77 2.88508 2.88508 2.88508 2.88508 2.88508 2.88508 2.88508 2.88508 2.88508 2.88508 2.88508
2.8851 2.8851 2.8851 2.8851 2.8851 2.8851 2.8851 2.8851 2.8851 2.8851 2.8851 2.8851 2.8851 2.8851 2.8851 2.8851 2.8851 2.8851 2.8851 2.8851 2.8851 2.88509 2.88509 2.88509 2.88509 2.88509 2.88509 2.88509 2.88509 2.88509 2.88509 2.88509 2.88509 2.88509 2.88509 2.88509 2.88509 2.88509 2.88509 2.88509 2.88508 2.88508 2.88508 2.88508 2.88508 2.88508 2.88508 2.88508 2.88508 2.88508 4.08001 6.9361 8.16001 8.16001 6.96501 4.08001 2.88508 2.88508 2.88508 2.88508 2.88508 2.88508 2.88508 2.88508 2.88508 2.88508 2.88508
2.8851 2.8851 2.8851 2.8851 2.8851 2.8851 2.8851 2.8851 2.8851 2.8851 2.8851 2.8851 2.8851 2.8851 2.8851 2.8851 2.8851 2.8851 2.8851 2.8851 2.8851 2.88509 2.88509 2.88509 2.88509 2.88509 2.88509 2.88509 2.88509 2.88509 2.88509 2.88509 2.88509 2.88509 2.88509 2.88509 2.88509 2.88509 2.88509 2.88509 2.88508 2.88508 2.88508 2.88508 2.88508 2.88508 2.88508 2.88508 2.88508 2.88508 2.88508 4.08001 6.96501 6.96501 4.08001 2.88508 2.88508 2.88508 2.88508 2.88508 2.88508 2.88508 2.88508 2.88508 2.88508 2.88508 2.88508
2.8851 2.8851 2.8851 2.8851 2.8851 2.8851 2.8851 2.8851 2.8851 2.8851 2.8851 2.8851 2.8851 2.8851 2.8851 2.8851 2.8851 2.8851 2.8851 2.8851 2.8851 2.88509 2.88509 2.88509 2.88509 2.88509 2.88509 2.88509 2.88509 2.88509 2.88509 2.88509 2.88509 2.88509 2.88509 2.88509 2.88509 2.88509 2.88509 2.88509 2.88508 2.88508 2.88508 2.88508 2.88508 2.88508 2.88508 2.88508 2.88508 2.88508 2.88508 2.88508 4.08001 5.77 2.88508 2.88508 2.88508 2.88508 2.88508 2.88508 2.88508 2.88508 2.88508 2.88508 2.88508 2.88508 2.88508
2.8851 2.8851 2.8851 2.8851 2.8851 2.8851 2.8851 2.8851 2.8851 2.8851 2.8851 2.8851 2.8851 2.8851 2.8851 2.8851 2.8851 2.8851 2.8851 2.8851 2.8851 2.88509 2.88509 2.88509 2.88509 2.88509 2.88509 2.88509 2.88509 2.88509 2.88509 2.88509 2.88509 2.88509 2.88509 2.88509 2.88509 2.88509 2.88509 2.88509 2.88508 2.88508 2.88508 2.88508 2.88508 2.88508 2.88508 2.88508 2.88508 2.88508 2.88508 2.88508 2.88508 4.08001 2.88508 2.88508 2.88508 2.88508 2.88508 2.88508 2.88508 2.88508 2.88508 2.88508 2.88508 2.88508 2.88508
2.8851 2.8851 2.8851 2.8851 2.8851 2.8851 2.8851 2.8851 2.8851 2.8851 2.8851 2.8851 2.8851 2.8851 2.8851 2.8851 2.8851 2.8851 2.8851 2.8851 2.8851 2.88509 2.88509 2.88509 2.88509 2.88509 2.88509 2.88509 2.88509 2.88509 2.88509 2.88509 2.88509 2.88509 2.88509 2.88509 2.88509 2.88509 4.08001 4.08001 2.88508 2.88508 2.88508 2.88508 2.88508 2.88508 2.88508 2.88508 2.88508 2.88508 2.88508 2.88508 2.88508 2.88508 2.88508 2.88508 2.88508 2.88508 2.88508 2.88508 2.88508 4.08001 4.08001 2.88508 2.88508 2.88508 2.88508
2.8851 2.8851 2.8851 2.8851 2.8851 2.8851 2.8851 2.8851 2.8851 2.8851 2.8851 2.8851 2.8851 2.8851 2.8851 2.8851 2.8851 2.88509 2.88509 2.88509 2.8851 2.88509 2.88509 2.88509 2.88509 2.88509 2.88509 2.88509 2.88509 2.88509 2.88509 2.88509 2.88509 2.88509 2.88509 2.88509 2.88509 2.88509 4.93188 5.77 2.88509 2.88508 2.88508 2.88508 2.88508 2.88508 2.88508 2.88508 2.88508 2.88508 2.88508 2.88508 2.88508 4.08001 4.08001 2.88508 2.88508 2.88508 2.88508 2.88508 3.02913 5.91413 5.77 2.88508 2.88508 2.88508 2.88508
2.8851 2.8851 2.8851 2.8851 2.8851 2.8851 2.8851 2.8851 2.8851 2.8851 2.8851 2.8851 2.8851 2.8851 2.8851 2.8851 2.88509 2.88509 2.88509 2.88509 2.88509 2.88509 2.88509 2.88509 2.88509 2.88509 2.88509 2.88509 2.88509 2.88509 2.88509 2.88509 2.88509 2.88509 2.88509 2.88509 2.88509 4.08001 6.8219 4.08001 2.88509 2.88508 2.88508 2.88508 2.88508 2.88508 2.88508 2.88508 2.88508 2.88508 2.88508 2.88508 2.88508 5.77 6.96497 4.08001 4.08001 2.88508 2.88508 3.02913 4.22414 6.96501 4.08001 2.88508 2.88508 2.88508 2.88508
2.8851 2.8851 2.8851 2.8851 2.8851 2.8851 2.8851 2.8851 2.8851 2.8851 2.8851 2.8851 2.8851 2.8851 2.88509 2.88509 2.88509 2.88509 2.88509 2.88509 2.88509 2.88509 2.88509 2.88509 2.88509 2.88509 2.88509 2.88509 2.88509 2.88509 2.88509 2.88509 2.88509 2.88509 2.88509 2.88509 2.88509 4.1483 5.77 2.88509 2.88508 2.88508 2.88508 2.88508 2.88508 2.88508 2.88508 2.88508 2.88508 2.88508 2.88508 2.88508 2.88508 5.77 5.77 6.75731 6.96501 5.77 5.95846 5.91413 7.10914 5.77 2.88508 2.88508 2.88508 2.88508 2.88508
2.8851 2.8851 2.8851 2.8851 2.8851 2.8851 4.08001 2.8851 2.8851 2.8851 2.8851 2.8851 2.8851 2.88509 2.88509 2.88509 2.88509 2.88509 2.88509 2.88509 2.88509 2.88509 2.88509 2.88509 2.88509 2.88509 2.88509 2.88509 2.88509 2.88509 2.88509 2.88509 2.88509 2.88509 2.88509 2.88509 2.88509 5.22102 4.08001 2.88509 2.88508 2.88508 2.88508 2.88508 2.88508 2.88508 2.88508 2.88508 2.88508 2.88508 2.88508 2.88508 2.88508 2.88508 2.88508 4.08001 6.96501 8.655 9.85001 8.79913 6.96501 4.08001 2.88508 2.88508 2.88508 2.88508 2.88508
2.8851 2.8851 2.8851 2.8851 2.8851 2.8851 2.8851 4.08001 2.8851 2.8851 2.8851 2.8851 2.8851 2.88509 2.88509 2.88509 2.88509 2.88509 2.88509 2.88509 2.88509 2.88509 2.88509 2.88509 2.88509 2.88509 2.88509 2.88509 2.88509 2.88509 2.88509 2.88509 2.88509 2.88509 2.88509 4.78951 4.08001 4.08001 2.88509 2.88509 2.88508 2.88508 2.88508 2.88508 2.88508 2.88508 2.88508 2.88508 2.88508 2.88508 2.88508 2.88508 2.88508 2.88508 2.88508 2.88508 5.77 11.045 11.54 8.655 5.77 2.88508 2.88508 2.88508 2.88508 2.88508 2.88508
2.8851 2.8851 2.8851 2.8851 2.8851 2.8851 2.8851 2.8851 4.08001 2.8851 2.8851 2.8851 2.88509 2.88509 2.88509 2.88509 2.88509 2.88509 2.88509 2.88509 2.88509 2.88509 2.88509 2.88509 2.88509 2.88509 2.88509 2.88509 2.88509 2.88509 2.88509 2.88509 2.88509 2.88509 4.08001 6.96501 4.08001 2.88509 2.88509 2.88509 2.88508 2.88508 2.88508 2.88508 2.88508 2.88508 2.88508 2.88508 2.88508 2.88508 2.88508 2.88508 2.88508 2.88508 2.88508 4.08001 6.96501 9.85001 12.735 9.85001 6.96501 4.08001 2.88508 2.88508 2.88508 2.88508 2.88508
2.8851 2.8851 2.8851 2.8851 2.8851 2.8851 2.8851 2.8851 2.8851 2.8851 2.8851 2.8851 2.88509 2.88509 2.88509 2.88509 2.88509 2.88509 2.88509 2.88509 2.88509 2.88509 2.88509 2.88509 3.77 2.88509 2.88509 2.88509 2.88509 2.88509 2.88509 2.88509 2.88509 4.08001 6.73175 4.08001 2.88509 2.88508 2.88508 2.88508 2.88508 2.88508 2.88508 2.88508 2.88508 2.88508 2.88508 2.88508 2.88508 2.88508 2.88508 2.88508 2.88508 2.88508 3.50005 6.38505 8.16001 11.045 13.93 11.045 8.16002 5.77 2.88508 2.88508 2.88508 2.88508 2.88508
2.8851 2.8851 2.8851 2.8851 2.8851 2.8851 2.8851 2.8851 2.8851 2.8851 2.8851 2.8851 2.88509 2.88509 2.88509 2.88509 2.88509 4.08001 5.58466 5.77 5.77 2.88509 2.88509 2.88509 2.88509 4.07935 4.08001 2.88509 2.8851 2.8851 4.08001 4.50469 5.77 6.96501 4.08001 2.88509 2.88508 2.88508 2.88508 2.88508 2.88508 2.88508 2.88508 2.88508 2.88508 2.88508 2.88508 2.88508 2.88508 2.88508 2.88508 2.88508 2.88508 2.88508 2.88508 5.77 8.16001 17.31 14.425 11.54 8.655 5.77 2.88508 2.88508 2.88508 2.88508 2.88508
2.8851 2.8851 2.8851 2.8851 2.8851 2.8851 2.8851 2.8851 2.8851 2.8851 2.8851 2.8851 2.88509 2.88509 2.88509 2.88509 2.88509 2.88509 4.08001 5.5623 4.08001 2.88509 2.88509 2.88509 2.88509 2.88509 2.88509 4.08001 5.77 4.73983 5.1366 7.38969 6.96501 4.08001 2.88509 2.88508 2.88508 2.88508 2.88508 2.88508 2.88508 2.88508 2.88508 2.88508 2.88508 2.88508 2.88508 2.88508 2.88508 2.88508 2.88508 2.88508 2.88508 2.88508 2.88508 4.08001 6.96501 17.31 14.425 11.54 8.655 5.77 2.88508 2.88508 2.88508 2.88508 2.88508
2.8851 2.8851 2.8851 2.8851 2.8851 2.8851 2.8851 2.8851 2.8851 2.8851 2.8851 2.8851 2.8851 2.88509 2.88509 2.88509 2.88509 2.88509 2.88509 4.08001 2.88509 2.88509 2.88509 2.88509 2.88509 2.88509 2.88509 2.88509 4.08001 6.96501 8.0216 8.655 5.77 2.88509 2.88509 2.88508 2.88508 2.88508 2.88508 2.88508 2.88508 2.88508 2.88508 2.88508 2.88508 2.88508 2.88508 2.88508 2.88508 2.88508 2.88508 2.88508 2.88508 2.88508 2.88508 2.88508 5.77 13.93 14.425 11.54 8.655 5.77 2.88508 2.88508 2.88508 2.88508 2.88508
2.8851 2.8851 2.8851 2.8851 2.8851 2.8851 2.8851 2.8851 2.8851 2.8851 2.8851 2.8851 2.8851 2.88509 2.88509 2.88509 2.88509 2.88509 2.88509 2.88509 2.88509 2.88509 2.88509 2.88509 2.88509 2.88509 2.88509 2.88509 2.88509 5.77 8.655 8.655 5.77 2.88508 2.88508 2.88508 2.88508 2.88508 2.88508 2.88508 2.88508 2.88508 2.88508 2.88508 2.88508 2.88508 2.88508 2.88508 2.88508 2.88508 2.88508 2.88508 2.88508 2.88508 2.88508 2.88508 5.77 11.045 13.93 12.24 9.85001 6.96501 4.08001 2.88508 2.88508 2.88508 2.88508
2.8851 2.8851 2.8851 2.8851 2.8851 2.8851 2.8851 2.8851 2.8851 2.8851 2.8851 2.8851 2.8851 2.8851 2.88509 2.88509 2.88509 2.88509 2.88509 2.88509 2.88509 2.88509 2.88509 2.88509 2.88509 2.88509 2.88509 2.88509 4.08001 6.96501 9.85001 8.655 5.77 2.88508 2.88508 2.88508 2.88508 2.88508 2.88508 2.88508 2.88508 2.88508 2.88508 2.88508 2.88508 2.88508 2.88508 2.88508 2.88508 2.88508 2.88508 2.88508 2.88508 2.88508 2.88508 2.88508 5.77 8.16001 11.045 11.045 8.16001 6.96501 4.08001 2.88508 2.88508 2.88508 2.88508
2.8851 2.8851 2.8851 2.8851 2.8851 2.8851 2.8851 2.8851 2.8851 2.8851 2.8851 2.8851 2.8851 2.8851 2.8851 2.8851 2.88509 2.88509 2.88509 2.88509 2.88509 2.88509 2.88509 2.88509 2.88509 2.88509 2.88509 3.99902 6.88402 8.16001 11.045 8.655 5.77 2.88508 2.88508 2.88508 2.88508 2.88508 2.88508 2.88508 2.88508 2.88508 2.88508 2.88508 2.88508 2.88508 2.88508 2.88508 2.88508 2.88508 2.88508 2.88508 2.88508 2.88508 2.88508 2.88508 4.08001 6.96501 8.16001 9.85001 6.96501 4.08001 2.88508 2.88508 2.88508 2.88508 2.88508
2.8851 2.8851 2.8851 2.8851 2.8851 2.8851 2.8851 2.8851 2.8851 2.8851 2.8851 2.8851 2.8851 2.8851 2.8851 2.8851 2.8851 2.88509 2.88509 2.88509 2.88509 2.88509 2.88509 2.88509 2.88509 2.88509 2.88509 2.88509 4.08001 6.96501 8.16001 9.85001 6.96501 4.08001 2.88508 2.88508 2.88508 2.88508 2.88508 2.88508 2.88508 2.88508 2.88508 2.88508 2.88508 2.88508 2.88508 2.88508 2.88508 2.88508 2.88508 2.88508 2.88508 2.88508 2.88508 2.88508 2.88508 4.08001 6.96501 8.655 5.77 2.88508 2.88508 2.88508 2.88508 2.88508 2.88508
2.8851 2.8851 2.8851 2.8851 2.8851 2.8851 2.8851 2.8851 2.8851 2.8851 2.8851 2.8851 2.8851 2.8851 2.8851 2.8851 2.8851 2.8851 2.88509 2.88509 2.88509 2.88509 2.88509 2.88509 2.88509 2.88509 2.88509 2.88509 2.88509 4.08001 6.96501 8.16001 8.16001 6.96501 4.08001 2.88508 2.88508 2.88508 2.88508 2.88508 2.88508 2.88508 2.88508 2.88508 2.88508 2.88508 2.88508 2.88508 2.88508 2.88508 2.88508 2.88508 2.88508 2.88508 2.88508 2.88508 2.88508 2.88508 5.77 9.85001 6.96501 4.08001 2.88508 2.88508 2.88508 2.88508 2.88508
2.8851 2.8851 2.8851 2.8851 2.8851 2.8851 2.8851 2.8851 2.8851 2.8851 2.8851 2.8851 2.8851 2.8851 2.8851 2.8851 2.8851 2.88509 2.88509 2.88509 2.88509 2.88509 2.88509 2.88509 2.88509 2.88509 2.88509 2.88509 2.88509 2.88509 4.08001 5.77 6.96501 8.16001 6.96501 4.08001 2.88508 2.88508 2.88508 2.88508 2.88508 2.88508 2.88508 2.88508 2.88508 2.88508 2.88508 2.88508 2.88508 2.88508 2.88508 2.88508 2.88508 2.88508 2.88508 2.88508 2.88508 2.88508 5.77 8.16001 8.16001 6.96501 4.08001 2.88508 2.88508 2.88508 2.88508
2.8851 2.8851 2.8851 2.8851 2.8851 2.8851 2.8851 2.8851 2.8851 2.8851 2.8851 2.8851 2.8851 2.8851 2.8851 2.8851 2.88509 2.88509 2.88509 2.88509 2.88509 2.88509 2.88509 2.88509 2.88509 2.88509 2.88509 2.88509 2.88509 2.88509 2.88509 2.88509 4.08001 6.96501 8.16001 6.96501 4.08001 2.88508 2.88508 2.88508 2.88508 2.88508 2.88508 2.88508 2.88508 2.88508 2.88508 2.88508 2.88508 2.88508 2.88508 2.88508 2.88508 2.88508 2.88508 2.88508 2.88508 2.88508 4.08001 6.96501 6.96501 4.08001 2.88508 2.88508 2.88508 2.88508 2.88508
2.8851 2.8851 2.8851 2.8851 2.8851 2.8851 2.8851 2.8851 2.8851 2.8851 2.8851 2.8851 2.8851 2.8851 2.8851 2.88509 2.88509 2.88509 2.88509 2.88509 2.88509 2.88509 2.88509 2.88509 2.88509 2.88509 2.88509 2.88509 2.88509 2.88509 2.88509 2.88509 2.88509 5.77 11.045 8.16001 6.96501 4.08001 2.88508 2.88508 2.88508 2.88508 2.88508 2.88508 2.88508 2.88508 2.88508 2.88508 2.88508 2.88508 2.88508 2.88508 2.88508 2.88508 2.88508 2.88508 2.88508 2.88508 2.88508 4.81652 5.77 2.88508 2.88508 2.88508 2.88508 2.88508 2.88508
2.8851 2.8851 2.8851 2.8851 2.8851 2.8851 2.8851 2.8851 2.8851 2.8851 2.8851 2.8851 2.8851 2.8851 2.8851 2.88509 2.88509 2.88509 2.88509 2.88509 2.88509 2.88509 2.88509 2.88509 2.88509 2.88509 2.88509 2.88509 2.88509 2.88509 2.88509 2.88509 2.88509 5.77 9.85001 11.045 8.16001 6.96501 4.08001 2.88508 2.88508 2.88508 2.88508 2.88508 2.88508 2.88508 2.88508 2.88508 2.88508 2.88508 2.88508 2.88508 2.88508 2.88508 2.88508 2.88508 2.88508 2.88508 2.88508 3.62152 6.50652 4.08001 2.88508 2.88508 2.88508 2.88508 2.88508
2.8851 2.8851 2.8851 2.8851 2.8851 2.8851 2.8851 2.8851 2.8851 2.8851 2.8851 2.8851 2.8851 2.8851 2.8851 2.88509 2.88509 2.88509 2.88509 2.88509 2.88509 2.88509 2.88509 2.88509 2.88509 2.88509 2.88509 2.88509 2.88509 2.88509 2.88509 2.88509 2.88509 5.77 9.85001 11.045 8.16001 6.96501 4.08001 2.88508 2.88508 2.88508 2.88508 2.88508 2.88508 2.88508 2.88508 2.88508 2.88508 2.88508 2.88508 2.88508 2.88508 2.88508 2.88508 2.88508 2.88508 2.88508 2.88508 2.88508 5.77 2.88508 2.88508 2.88508 2.88508 2.88508 2.88508
