tests/full-run-ref/erosion_86_12_73.390.asc
ncols 512
nrows 512
xllcorner -3.24582
yllcorner -4.08743
cellsize 5
NODATA_value -99999
[rows 480 to 509 of 512, columns 408 to 475 of 512]
11.54 11.54 11.54 11.54 11.54 11.54 11.54 11.54 11.54 11.54 11.54 11.54 11.54 11.54 11.54 11.54 11.54 11.54 11.5381 11.5384 11.5386 11.539 11.5392 11.5389 11.5392 11.5394 11.5393 11.5395 11.5396 11.5397 11.5398 11.5397 11.5398 11.5399 11.5398 11.5399 11.5399 11.5399 11.54 11.54 11.54 11.54 11.54 11.54 11.54 11.54 11.54 11.54 11.54 11.54 11.5399 11.5399 11.5399 11.5399 11.5398 11.5398 11.5396 11.5397 11.5397 11.5397 11.5397 11.5396 11.5394 11.5391 11.5388 11.5386 11.5382 11.538
11.54 11.5372 11.5375 11.5371 11.5368 11.5358 11.54 11.5351 11.54 11.5365 11.5371 11.5375 11.5379 11.5382 11.54 11.5385 11.54 11.5388 11.5385 11.5386 11.5381 11.5387 11.5387 11.5391 11.5393 11.5394 11.5394 11.5395 11.5394 11.5397 11.5397 11.5398 11.5399 11.5399 11.5399 11.5399 11.5399 11.5399 11.5399 11.54 11.54 11.54 11.54 11.54 11.54 11.54 11.54 11.54 11.54 11.54 11.5399 11.5399 11.5399 11.5399 11.5398 11.5398 11.5397 11.5396 11.5397 11.5395 11.5396 11.5393 11.5393 11.5388 11.5389 11.5385 11.5384 11.5383
11.5309 11.5342 11.5341 11.5335 11.5324 11.528 11.5311 11.5307 11.5274 11.5315 11.5328 11.5339 11.535 11.5352 11.538 11.5385 11.5371 11.5392 11.5388 11.5389 11.5387 11.5384 11.5388 11.5391 11.5392 11.5394 11.5395 11.5397 11.5397 11.5397 11.5398 11.5399 11.5399 11.5399 11.5399 11.5399 11.5399 11.5399 11.54 10.3326 10.7234 10.714 11.54 11.54 11.54 11.54 11.54 11.54 11.54 11.54 11.5399 11.5399 11.5399 11.5399 11.5398 11.5398 11.5397 11.5397 11.5398 11.5397 11.5396 11.5395 11.5396 11.5392 11.5389 11.5388 11.5387 11.5386
11.537 11.5375 11.5374 11.5371 11.5365 11.5352 11.5272 11.5229 11.5354 11.5364 11.5369 11.5374 11.5379 11.5383 11.5378 11.537 11.5393 11.5394 11.5387 11.5388 11.5384 11.5386 11.5389 11.5391 11.5393 11.5395 11.5395 11.5397 11.5397 11.5398 11.5398 11.5399 11.5399 11.5399 11.5399 11.5399 11.5399 11.5399 11.54 9.56042 11.6511 10.2862 11.54 11.54 11.54 11.54 11.54 11.54 11.54 11.54 11.5399 11.5399 11.5399 11.5399 11.5398 11.5398 11.5398 11.5398 11.5397 11.5398 11.5398 11.5397 11.5394 11.5393 11.5392 11.539 11.539 11.5389
11.54 11.54 11.54 11.54 11.54 11.54 11.54 11.54 11.54 11.54 11.54 11.54 11.54 11.54 11.5391 11.5395 11.5394 11.5394 11.5389 11.539 11.539 11.5392 11.5393 11.5395 11.5396 11.5397 11.5398 11.5397 11.5398 11.5398 11.5399 11.5399 11.5399 11.5399 11.5399 11.5399 11.5399 11.54 11.54 9.64951 9.85933 10.4682 11.54 11.54 11.54 11.54 11.54 11.54 11.54 11.54 11.5399 11.5399 11.5399 11.5399 11.5398 11.5398 11.5397 11.5398 11.5398 11.5398 11.5398 11.5397 11.5396 11.5394 11.5392 11.5392 11.539 11.5392
11.5367 11.537 11.5369 11.5366 11.536 11.5348 11.54 11.534 11.54 11.536 11.54 11.5377 11.54 11.5389 11.5396 11.5396 11.5395 11.5394 11.5389 11.539 11.5386 11.539 11.539 11.5394 11.5393 11.5397 11.5397 11.5398 11.5398 11.5399 11.5399 11.5399 11.5399 11.5399 11.5399 11.5399 11.5399 11.5399 11.5399 11.54 11.54 11.54 11.54 11.54 11.54 11.54 11.54 11.54 11.54 11.54 11.5399 11.5399 11.5399 11.5399 11.5398 11.5398 11.5398 11.5397 11.5399 11.5399 11.5398 11.5398 11.5397 11.5395 11.5394 11.5392 11.5393 11.5393
11.5317 11.5325 11.5325 11.5319 11.5304 11.5256 11.5302 11.5302 11.526 11.5303 11.5367 11.538 11.5363 11.5393 11.5397 11.5396 11.5395 11.5395 11.5392 11.5393 11.5392 11.539 11.5392 11.5396 11.5397 11.5397 11.5398 11.5399 11.5399 11.5399 11.5399 11.5399 11.5399 11.5399 11.5399 11.5399 11.5399 11.5399 11.5399 11.54 11.54 11.54 11.54 11.54 11.54 11.54 11.54 11.54 11.54 11.54 11.5399 11.5399 11.5399 11.5399 11.5398 11.5398 11.5397 11.5398 11.5399 11.5399 11.5399 11.5399 11.5398 11.5397 11.5395 11.5395 11.5395 11.5395
11.5357 11.5362 11.5363 11.5361 11.5356 11.5344 11.5266 11.5221 11.5355 11.5369 11.5366 11.5355 11.5393 11.5397 11.5397 11.5397 11.5396 11.5395 11.5392 11.5393 11.539 11.5392 11.5394 11.5397 11.5396 11.5398 11.5399 11.5399 11.5399 11.5399 11.5399 11.5399 11.5399 11.54 11.5399 11.5399 11.5399 11.5399 11.54 11.54 11.54 11.54 11.54 11.54 11.54 11.54 11.54 11.54 11.54 11.54 11.5399 11.5399 11.5399 11.5399 11.5398 11.5398 11.5398 11.5399 8.57386 9.91511 10.1764 11.5399 11.5398 11.5397 11.5397 11.5397 11.5397 11.5396
11.5354 11.5359 11.5362 11.5362 11.536 11.5351 11.5367 11.5372 11.5384 11.5392 11.5385 11.5394 11.5397 11.5397 11.5398 11.5397 11.5396 11.5396 11.5394 11.5394 11.5394 11.5396 11.5397 11.5396 11.5397 11.5398 11.5399 11.5399 11.5399 11.5399 11.5399 11.5399 11.5399 11.54 11.5399 11.5399 11.54 11.54 11.54 11.54 11.54 11.54 11.54 11.54 11.54 11.54 11.54 11.54 11.54 11.54 11.5399 11.5399 11.5399 11.5399 11.5398 11.5398 11.5397 11.5398 7.67231 11.5889 9.65048 11.5399 11.5399 11.5398 11.5397 11.5398 11.5397 11.5397
11.535 11.5356 11.5359 11.5361 11.5362 11.5359 11.5371 11.5362 11.5381 11.5383 11.5393 11.5397 11.5397 11.5397 11.5398 11.5397 11.5397 11.5397 11.5394 11.5395 11.5393 11.5396 11.5396 11.5397 11.5398 11.5399 11.5399 11.5399 11.5399 11.5399 11.5399 11.5399 11.5399 11.54 11.5399 11.54 11.5399 11.54 11.54 11.54 11.54 11.54 11.54 11.54 11.54 11.54 11.54 11.54 11.54 11.54 11.54 11.5399 11.5399 11.5399 11.5398 11.5398 11.5398 11.5398 7.67237 7.61548 9.08158 11.5399 11.5399 11.5399 11.5398 11.5398 11.5398 11.5398
11.5344 11.5351 11.5356 11.536 11.5363 11.5364 11.5382 11.5387 11.5382 11.5392 11.5396 11.5396 11.5397 11.5397 11.5398 11.5397 11.5397 11.5397 11.5396 11.5397 11.5397 11.5396 11.5397 11.5398 11.5399 11.5399 11.5399 11.5399 11.5399 11.5399 11.54 11.54 11.54 11.54 11.5399 11.54 11.54 11.54 11.54 11.54 11.54 11.54 11.54 11.54 11.54 11.54 11.54 11.54 11.54 11.54 11.54 11.5399 11.5399 11.5399 11.5398 11.5398 11.5397 11.5398 11.5398 11.5399 11.5399 11.5399 11.5399 11.5399 11.5399 11.5399 11.5399 11.5398
11.5349 11.5357 11.5362 11.5366 11.5369 11.5373 11.5387 11.5383 11.5392 11.5396 11.5396 11.5396 11.5397 11.5397 11.5398 11.5397 11.5397 11.5397 11.5396 11.5397 11.5396 11.5397 11.5398 11.5398 11.5399 11.5399 11.5399 11.5399 11.5399 11.5399 11.54 11.54 11.54 11.54 11.54 11.54 11.54 11.54 11.54 11.54 11.54 11.54 11.54 11.54 11.54 11.54 9.25481 7.82601 8.12996 11.54 11.54 11.5399 11.5399 11.5399 11.5398 11.5399 11.5398 11.5399 11.5399 11.5399 11.5399 11.5399 11.54 11.5399 11.5399 11.5399 11.5399 11.5399
11.5372 11.5378 11.538 11.5383 11.5388 11.5392 11.5384 11.5392 11.5396 11.5396 11.5396 11.5397 11.5397 11.5397 11.5398 11.5398 11.5398 11.5398 11.5398 11.5398 11.5398 11.5399 11.5399 11.5399 11.5399 11.5399 11.54 11.54 11.54 11.54 11.54 11.54 11.54 11.54 11.54 11.54 11.54 11.54 11.54 11.54 11.54 11.54 11.54 11.54 11.54 11.54 7.77162 11.9725 6.24922 11.54 11.54 11.54 11.54 11.54 11.5399 11.5399 11.5398 11.5398 11.5398 11.5399 11.5399 11.5399 11.5399 11.54 11.54 11.5399 11.5399 11.5399
11.5366 11.5362 11.5377 11.5373 11.5386 11.5386 11.5393 11.5397 11.5397 11.5397 11.5398 11.5398 11.5398 11.5399 11.5399 11.5399 11.5398 11.5398 11.5398 11.5398 11.5397 11.5398 11.5398 11.5399 11.5399 11.5399 11.5399 11.5399 11.5399 11.54 11.54 11.54 11.54 11.54 11.54 11.54 11.54 11.54 11.54 11.54 11.54 11.54 11.54 11.54 11.54 11.54 9.03653 6.19803 6.75552 11.54 11.54 11.54 11.54 11.5399 11.5399 11.5399 11.5398 11.5398 11.5398 11.5399 11.5399 11.5399 11.54 11.54 11.54 11.54 11.5399 11.54
11.5363 11.5373 11.5388 11.5391 11.5386 11.5393 11.5395 11.5396 11.5396 11.5397 11.5397 11.5398 11.5397 11.5398 11.5398 11.5399 11.5398 11.5399 11.5398 11.5399 11.5398 11.5398 11.5398 11.5399 11.5399 11.5399 11.5399 11.54 11.54 11.54 11.54 11.54 11.54 11.54 11.54 11.54 11.54 11.54 11.54 11.54 11.54 11.54 11.54 11.54 11.54 11.54 11.54 11.54 11.54 11.54 11.54 11.54 11.54 11.54 11.5399 11.5399 11.5398 11.5398 11.5398 11.5399 7.65328 9.70036 11.3271 11.54 11.54 11.54 11.54 11.2267
11.5375 11.5382 11.5392 11.539 11.5395 11.5396 11.5396 11.5397 11.5398 11.5397 11.5398 11.5398 11.5399 11.5398 11.5399 11.5399 11.5399 11.5399 11.5398 11.5399 11.5398 11.5398 11.5399 11.5399 11.5399 11.54 11.5399 11.54 11.5399 11.54 11.54 11.54 11.54 11.54 11.54 11.54 11.54 11.54 11.54 11.54 11.54 11.54 11.54 11.54 11.54 11.54 11.54 11.54 11.54 11.54 11.54 11.54 11.54 11.5399 11.5399 11.5399 11.5399 11.5399 11.5399 11.5399 7.93819 11.6578 11.1466 11.54 11.54 11.54 11.54 11.3015
11.5392 11.5395 11.5391 11.5395 11.5397 11.5397 11.5397 11.5398 11.5397 11.5398 11.5398 11.5399 11.5398 11.5399 11.5399 11.5399 11.5399 11.5399 11.5399 11.5399 11.5399 11.5399 11.5399 11.5399 11.5399 11.54 11.54 11.54 11.54 11.54 11.54 11.54 11.54 11.54 11.54 11.54 11.54 11.54 11.54 11.54 11.54 11.54 11.54 11.54 11.54 11.54 11.54 11.54 11.54 11.54 11.54 11.5399 11.54 11.54 11.5399 11.5399 11.5398 11.5399 11.5399 11.5399 8.95903 9.67124 10.7263 11.5399 11.5398 11.5398 11.54 11.3582
11.539 11.5391 11.5396 11.5398 11.5398 11.5398 11.5398 11.5398 11.5398 11.5399 11.5399 11.5399 11.5399 11.54 11.54 11.5399 11.5399 11.5399 11.5399 11.5399 11.5399 11.5399 11.5399 11.5399 11.54 11.54 11.54 11.54 11.54 11.54 11.54 11.54 11.54 11.54 11.54 11.54 11.54 11.54 11.54 11.54 11.54 11.54 11.54 11.54 11.54 11.54 11.54 11.54 11.54 11.54 11.54 11.5399 11.5399 11.5399 11.5399 11.5399 11.5399 11.5399 11.5399 11.5399 11.54 11.54 11.54 11.5397 11.5401 11.5398 11.54 11.54
11.539 11.5396 11.5398 11.5398 11.5397 11.5398 11.5398 11.5399 11.5399 11.5399 11.5399 11.5399 11.5399 11.54 11.54 11.54 11.54 11.54 11.5399 11.5399 11.5399 11.5399 11.5399 11.54 11.54 11.54 11.54 11.54 11.54 11.54 11.54 11.54 11.54 11.54 11.54 11.54 11.54 11.54 11.54 11.54 11.54 11.54 11.54 11.54 11.54 11.54 11.54 11.54 11.54 11.54 11.54 11.5399 11.5399 11.5399 11.5399 11.5399 11.5399 11.5399 11.5399 11.5399 11.54 11.54 11.54 11.5398 11.5399 11.5398 11.5393 11.54
11.5396 11.5398 11.5398 11.5398 11.5398 11.5398 11.5399 11.5399 11.5399 11.5399 11.5399 11.54 11.54 11.54 11.54 11.54 11.54 11.54 11.54 11.54 11.5399 11.54 11.54 11.54 11.54 11.54 11.54 11.54 11.54 11.54 11.54 11.54 11.54 11.54 11.54 11.54 11.54 11.54 11.54 11.54 11.54 11.54 11.54 11.54 11.54 11.54 11.54 11.54 11.54 11.54 11.5399 11.5399 11.5399 11.5399 11.5399 11.5399 11.5399 11.5399 11.5399 11.54 11.54 11.5386 11.5392 11.5399 11.5399 11.5401 11.5393 11.54
11.5399 11.5398 11.5398 11.5399 11.5398 11.5399 11.5399 11.5399 11.5399 11.54 11.54 11.54 11.54 11.54 11.54 11.54 11.54 11.54 11.54 11.54 11.54 11.54 11.54 11.54 11.54 11.54 11.54 11.54 11.54 11.54 11.54 11.54 11.54 11.54 11.54 11.54 11.54 11.54 11.54 11.54 11.54 11.54 11.54 11.54 11.54 11.54 11.54 11.54 11.54 11.54 11.5399 11.5399 11.5399 11.54 11.5399 11.5399 11.5399 11.5399 11.5399 11.54 11.54 11.5386 11.5401 11.5399 11.5399 11.5399 11.5397 11.5398
11.5398 11.5399 11.5399 11.5399 11.5399 11.5399 11.5399 11.54 11.54 11.54 11.54 11.54 11.54 11.54 11.54 11.54 11.54 11.54 11.54 11.54 11.54 11.54 11.54 11.54 11.54 11.54 11.54 11.54 11.54 11.54 11.54 11.54 11.54 11.54 11.54 11.54 11.54 11.54 11.54 11.54 11.54 11.54 11.54 11.54 11.54 11.54 11.54 11.54 11.54 11.54 11.54 11.5399 11.5399 11.5399 11.5399 11.5399 11.54 11.5399 11.54 11.54 11.54 11.5393 11.5397 11.5398 11.5401 10.3759 8.54555 8.59351
11.5399 11.5399 11.5399 11.5399 11.5399 11.5399 11.5399 11.54 11.54 11.54 11.54 11.54 11.54 11.54 11.54 11.54 11.54 11.54 11.54 11.54 11.54 11.54 11.54 11.54 11.54 11.54 11.54 11.54 11.54 11.54 11.54 11.54 11.54 11.54 11.54 11.54 11.54 11.54 11.54 11.54 11.54 11.54 11.54 11.54 11.54 11.54 11.54 11.54 11.54 11.54 11.54 11.5399 11.5399 11.54 11.5399 11.54 11.5399 11.54 11.54 11.54 11.54 11.54 11.54 11.5398 11.5399 10.0468 13.5593 10.4356
11.5399 11.5399 11.5399 11.5399 11.54 11.5399 11.5399 11.54 11.54 11.54 11.54 11.54 11.54 11.54 11.54 11.54 11.54 11.54 11.54 11.54 11.54 11.54 11.54 11.54 11.54 11.54 11.54 11.54 11.54 11.54 11.54 11.54 11.54 11.54 11.54 11.54 11.54 11.54 11.54 11.54 11.54 11.54 11.54 11.54 11.54 11.54 11.54 11.54 11.54 11.54 11.54 11.54 11.54 11.54 11.54 11.54 11.54 11.54 11.54 11.54 11.5393 11.5395 11.5397 11.54 11.5399 9.91808 10.561 11.0605
11.5399 11.54 11.54 11.54 11.54 11.54 11.54 11.54 11.54 11.54 11.54 11.54 11.54 11.54 11.54 11.54 11.54 11.54 11.54 11.54 11.54 11.54 11.54 11.54 11.54 11.54 11.54 11.54 11.54 11.54 11.54 11.54 11.54 11.54 11.54 11.54 11.54 11.54 11.54 11.54 11.54 11.54 11.54 11.54 11.54 11.54 11.54 11.54 11.54 11.54 11.54 11.54 11.54 11.54 11.54 11.54 11.54 11.54 11.54 11.54 11.5394 11.5401 11.5397 11.54 11.5398 11.5401 11.5399 11.54
11.54 11.54 11.54 11.54 11.54 11.54 11.54 11.54 11.54 11.54 11.54 11.54 11.54 11.54 11.54 11.54 11.54 11.54 11.54 11.54 11.54 11.54 11.54 11.54 11.54 11.54 11.54 11.54 11.54 11.54 11.54 11.54 11.54 11.54 10.9342 10.5352 10.8915 11.54 11.54 11.54 11.54 11.54 11.54 11.54 11.54 11.54 11.54 11.54 11.54 11.54 11.54 11.54 11.54 11.54 11.54 11.54 11.54 11.54 11.5396 11.5398 11.54 11.5398 11.5398 11.54 11.5398 11.54 11.54 11.54
11.54 11.54 11.54 11.54 11.54 11.54 11.54 11.54 11.54 11.54 11.54 11.54 11.54 11.54 11.54 11.54 11.54 11.54 11.54 11.54 11.54 9.98464 10.0573 10.8349 11.54 11.54 11.54 11.54 11.54 11.54 11.54 11.54 11.54 11.54 10.5445 11.6808 10.5056 11.54 11.54 11.54 11.54 11.54 11.54 11.54 11.54 11.54 11.54 11.54 11.54 11.54 11.54 11.5395 11.5396 11.5399 11.5399 11.5399 11.5396 11.5396 11.5397 11.5401 11.5398 11.54 11.54 11.54 11.54 11.5401 11.54 11.4544
11.5383 11.5394 11.5397 11.5397 11.5398 11.5396 11.5397 11.5399 11.54 11.5397 11.5397 11.5398 11.54 11.54 11.54 11.54 11.5397 11.5397 11.5397 11.54 11.54 10.0331 12.1753 9.83863 11.54 11.54 11.54 11.54 10.5168 9.96305 10.4036 11.54 11.54 11.54 10.9703 10.5651 10.8898 11.54 11.54 11.54 11.54 11.54 11.54 11.54 11.54 11.54 11.54 11.5395 11.5395 11.5397 11.54 11.5396 11.5401 11.5398 11.5399 11.5401 11.5399 11.5401 11.5398 11.5399 11.5399 11.5401 11.5399 11.54 11.54 11.54 11.477 11.3209
11.5402 11.5397 11.5397 11.5401 11.5397 11.5397 11.5401 11.5398 11.54 11.5397 11.5401 11.5397 11.54 11.54 11.54 11.54 11.5398 11.5401 11.5399 11.54 11.54 10.8221 10.4542 10.9052 11.54 11.54 11.54 11.54 9.88786 12.0436 9.70249 11.54 11.54 11.54 11.54 11.54 11.54 11.54 11.54 11.54 11.54 11.54 11.54 11.54 11.54 11.54 11.54 11.5397 11.5401 11.5397 11.54 11.54 11.5399 10.1765 10.5495 10.0105 9.25041 9.65043 10.7882 11.4797 10.6906 9.78433 9.59837 11.4777 11.2143 11.24 11.2582 11.6721
7.29228 9.05671 9.31009 8.73195 9.29123 8.34225 8.05295 8.56094 11.3073 10.3267 9.14773 8.32403 10.7733 10.8909 10.0515 10.1768 7.42993 8.37237 8.19658 9.57787 11.4993 11.4303 11.4669 11.5243 11.5335 11.5339 11.514 11.5261 8.55499 8.41952 6.10395 11.1118 8.257 11.5208 11.4508 11.5315 11.5382 11.3572 10.9259 10.6769 10.2766 11.4762 11.4976 11.512 11.5219 11.527 11.103 7.96343 7.90862 7.74507 11.3619 11.4866 11.5006 11.5098 14.9175 15.0831 14.9111 15.4162 11.4901 12.2668 12.6637 15.1083 15.3146 16.8821 16.5144 16.8738 17.0308 17.565
