tests/full-run-ref/erosion_79_12_72.935.asc
ncols 512
nrows 512
xllcorner -3.24582
yllcorner -4.08743
cellsize 5
NODATA_value -99999
[rows 58 to 86 of 512, columns 67 to 133 of 512]
5.77002 5.77002 5.77002 4.92662 4.74827 5.32951 5.77001 3.7503 751.763 3.56404 5.77002 5.77002 5.77001 5.77001 5.77001 5.77001 5.77001 5.77001 5.77001 5.77 5.77001 5.77001 5.77001 5.77 5.76991 5.76994 5.76989 5.76991 5.76988 5.76989 5.76996 5.77 5.77001 5.77001 5.77001 5.77001 5.77001 5.77001 5.77002 5.77001 5.77002 5.77001 5.77002 5.77002 5.77002 5.77002 5.11902 3.8935 1.52587 27.1226 15.6038 20.949 30.4518 49.6265 161.335 146.218 45.7698 43.0119 41.3554 157.611 3.03921 3.71633 5.77002 5.77002 5.77002 5.77001 5.77001
5.77002 5.77001 5.77001 5.77001 5.77001 5.77002 5.77002 4.32367 4.16688 4.45037 5.77002 5.77002 5.77001 5.77001 5.77001 5.77001 5.77001 5.77001 5.77001 5.77 5.77001 5.77001 5.77001 5.77001 5.77 5.76992 5.76991 5.76992 5.7699 5.7699 5.76992 5.76998 5.77001 5.77001 5.77001 5.77001 5.77001 5.77001 5.77002 5.77002 5.77002 5.77002 5.77002 5.77002 5.77002 4.7238 3.00457 3.71845 37.532 26.5316 22.9087 25.8259 32.2849 57.7497 821.929 138.858 49.2644 52.6031 92.293 59.9739 34.7541 3.78887 5.77002 5.77002 5.77002 5.77002 5.77001
3.1227 3.05599 3.92807 5.77002 5.77002 4.25875 3.82846 4.1688 4.80265 5.07655 5.77002 5.77002 5.77001 5.77001 5.77001 5.77001 5.77001 5.77001 5.77001 5.77001 5.77001 5.77001 5.77001 5.77 5.77001 5.77 5.76992 5.7699 5.76992 5.76991 5.76993 5.76995 5.77 5.77001 5.77001 5.77001 5.77001 5.77001 5.77002 5.77002 5.77002 5.77002 5.77002 5.77002 5.77002 4.38238 423.584 243.161 434.447 270.75 187.174 59.8596 76.2225 118.504 490.886 307.696 52.9271 59.242 52.8663 40.0201 55.3881 2.21932 4.9116 5.77002 5.77002 5.77002 5.77001
6.36884 55.908 4.32323 5.77002 5.77002 4.31409 558.748 4.51628 7.07423 4.27031 5.77002 5.77002 5.77002 5.77001 5.77001 5.77001 5.77001 5.77001 5.77001 5.77001 5.77001 5.77 5.77 5.77001 5.77 5.77001 5.77 5.76991 5.7699 5.76993 5.76993 5.76995 5.77 5.77001 5.77001 5.77001 5.77001 5.77001 5.77001 5.77002 5.77002 5.77002 5.77002 5.77002 5.77002 4.66188 3.22883 4.36013 34.0451 32.5746 23.3312 32.7723 44.3909 47.7099 90.6913 896.349 118.964 48.578 41.0752 39.5796 43.4492 65.7586 0.49229 2.09436 4.41869 5.77002 5.77002
3.63842 3.40072 4.83793 5.77002 5.77002 3.79319 3.86218 4.30647 5.77001 4.66239 5.77002 5.77002 5.77001 5.77002 5.77001 5.77001 5.77001 5.77001 5.77001 5.77001 5.77001 5.77 5.77 5.77 5.77001 5.77 5.77001 5.77 5.7699 5.76995 5.76991 5.77 5.77 5.77001 5.77001 5.77001 5.77001 5.77001 5.77002 5.77002 5.77002 5.77002 5.77002 5.59452 5.56639 5.64825 5.32754 3.36025 1.50541 23.5912 22.878 35.4355 39.1717 35.3814 44.6947 366.306 319.343 86.9773 80.6832 90.5154 196.781 158.924 826.884 380.511 4.42756 5.77002 5.77002
5.77002 5.72817 5.68912 5.72083 5.77001 5.77001 5.77002 4.52007 7.07423 4.82533 5.77002 5.77002 5.77002 5.77002 5.77002 5.77001 5.77001 5.77001 5.77001 5.77001 5.77001 5.77 5.77 5.77001 5.77 5.77 5.77 5.77001 5.77 5.7699 5.77 5.76999 5.77001 5.77001 5.77001 5.77001 5.77002 5.77002 5.77002 5.77002 5.77002 5.77002 5.77002 5.57535 6.16001 5.63726 5.77002 5.42001 3.44362 2.62013 40.9037 29.9737 26.686 31.3187 33.2647 218.835 365.714 72.7273 66.4112 67.9671 50.5392 32.5463 2.28208 3.27382 4.83392 5.77002 5.77002
3.42384 1.90254 5.83958 5.68958 5.77002 5.77001 5.77002 5.01999 4.85901 5.02497 5.77002 5.77002 5.77002 5.77001 5.77002 5.77001 5.77001 5.77001 5.77001 5.77001 5.77001 5.77 5.77 5.77 5.77 5.77 5.77 5.77 5.77001 5.77 5.7699 5.77 5.77001 5.77002 5.77001 5.77002 5.77002 5.77002 5.77002 5.77002 5.77001 5.77002 5.77002 5.66986 5.61793 5.63411 5.77002 5.77002 5.2894 3.30689 4.27346 25.4537 22.3594 24.7029 29.666 156.299 352.587 68.0707 61.508 54.4874 46.751 0 4.20479 5.19375 5.77002 5.77002 5.77002
818.679 3.33265 5.70117 5.71702 5.77002 5.77002 5.77002 5.77002 5.77002 5.77002 5.77002 5.77002 5.77002 5.77002 5.77002 5.77001 5.77001 5.77001 5.77001 5.77001 5.77001 5.77 5.77 5.77 5.77 5.77 5.77 5.77 5.76999 5.76994 5.76993 5.76995 5.77001 5.77001 5.77002 5.77001 5.77001 5.77001 5.77001 5.77001 5.77001 5.77002 5.77002 5.77002 5.77002 5.77002 5.77002 5.77002 5.77002 5.17179 2.98605 42.034 15.2373 20.8992 26.5145 62.3191 1033.71 103.381 43.1764 36.3167 39.8203 16.3378 2.33682 1.21371 2.16874 3.36437 4.56365
3.66343 3.46076 5.77002 5.77001 5.77002 5.77002 5.77001 5.77001 5.77002 5.77002 5.77001 5.77001 5.77001 5.77002 5.77001 5.77001 5.77001 5.77001 5.77001 5.77001 5.77001 5.77001 5.77 5.77 5.77 5.77 5.77 5.76999 5.76996 5.76993 5.76994 5.76998 5.77001 5.77001 5.77001 5.77001 5.77001 5.77001 5.77001 5.77001 5.77001 5.77001 5.77001 5.77001 5.77002 5.77002 5.77002 5.77002 5.77002 5.77002 4.51547 2.27588 17.8338 23.4373 29.8096 48.0422 471.136 360.029 133.961 78.7903 32.0105 80.9686 23.2932 185.304 5.33002 261.027 4.29647
5.73952 5.77002 5.77001 5.77001 5.77001 5.77002 5.77001 5.77001 5.77001 5.77001 5.77001 5.77001 5.77001 5.77001 5.77001 5.77001 5.77001 5.77001 5.77001 5.77001 5.77001 5.77001 5.77001 5.77 5.77001 5.77 5.76999 5.76997 5.76994 5.76993 5.76995 5.77 5.77001 5.77001 5.77001 5.77001 5.77001 5.77001 5.77001 5.77002 5.77001 5.77001 5.77001 5.77001 5.77002 5.77002 5.77002 5.77002 5.77002 5.77002 4.85482 3.80693 18.7331 25.639 32.0303 137.858 244.765 166.224 251.936 308.037 667.83 349.654 797.937 100.073 54.5265 3.36432 4.71452
5.74707 5.77002 5.77001 5.77001 5.77001 5.77002 5.77002 5.77001 5.77001 5.77001 5.77001 5.77001 5.77001 5.77001 5.77001 5.77001 5.77001 5.77001 5.77001 5.77001 5.77001 5.77 5.77001 5.77001 5.77 5.77 5.76999 5.76997 5.76993 5.76994 5.76999 5.77 5.77001 5.77001 5.77 5.77001 5.77001 5.77002 5.77002 5.77002 5.77001 5.77002 5.77001 5.77001 5.77002 5.77002 5.77002 5.77002 5.77002 5.77002 4.14102 4.15039 16.6089 25.1439 40.0443 390.384 362.497 40.2182 48.783 47.121 43.2581 68.3151 152.866 27.3057 3.38844 2.17435 4.45345
5.77002 5.77002 5.77001 5.77001 5.77001 5.77002 5.77002 5.77002 5.77001 5.77001 5.77001 5.77001 5.77001 5.77001 5.77001 5.77001 5.77001 5.77001 5.77001 5.77001 5.77 5.77001 5.77001 5.77 5.77001 5.76999 5.77001 5.77 5.76997 5.76996 5.77 5.77001 5.77001 5.77001 5.77 5.77001 5.77001 5.77001 5.77001 5.77002 5.77002 5.77001 5.07385 3.82178 4.64111 5.77002 5.77002 5.29175 5.16241 4.34296 2.64536 39.3553 46.2116 71.4072 111.766 714.275 53.1551 93.9774 29.4808 37.4109 60.2071 29.4278 2.56852 88.0761 469.702 194.419 4.16607
5.77002 5.77002 5.77001 5.77001 5.77001 5.77001 5.77002 5.77002 5.77002 5.77001 5.77001 5.77001 5.77001 5.77001 5.77001 5.77001 5.77001 5.77 5.77001 5.77001 5.77001 5.77001 5.77001 5.77001 5.77 5.77 5.77 5.77 5.76999 5.77001 5.77 5.77001 5.77001 5.77 5.77001 5.77001 5.77 5.77001 5.77001 5.77001 5.77002 5.77002 4.32757 7.72543 4.90348 3.94001 4.61814 4.27647 5.74364 4.6415 255.269 178.424 140.446 44.2245 54.6544 130.3 94.0318 30.2012 81.7127 19.7796 0 3.49165 4.25839 3.81292 329.206 3.35586 403.945
5.77002 5.77002 5.77001 5.77001 5.77001 5.77001 5.77002 5.77002 5.77002 5.77001 5.77001 5.77001 5.77001 5.77001 5.77001 5.77001 5.77 5.77001 5.77001 5.77001 5.77 5.77001 5.77001 5.77001 5.77001 5.77 5.76999 5.76999 5.77001 5.77001 5.77001 5.77 5.77 5.77 5.77001 5.77 5.77001 5.77 5.77001 5.77001 5.77001 5.77002 4.80501 4.77782 4.67801 659.594 4.53005 4.49823 521.889 4.48002 124.938 5.11435 28.1512 39.0391 40.2791 433.684 30.8648 81.1783 19.063 0 4.63027 5.69255 5.68384 4.66466 4.31743 4.14949 3.63513
5.77002 5.77001 5.77001 5.77001 5.77001 5.77001 5.63024 5.57721 5.61726 5.77001 5.77001 5.77001 5.77001 5.77001 5.77001 5.77001 5.77001 5.77001 5.77 5.77 5.77001 5.77001 5.77001 5.77001 5.77 5.77001 5.77001 5.77001 5.77001 5.77001 5.77001 5.77001 5.77 5.77001 5.77001 5.77001 5.77001 5.77001 5.76999 5.77 5.77001 5.77002 5.77002 5.77002 4.42848 4.04743 4.4247 4.62596 3.77356 4.51736 4.37269 3.58381 3.79377 19.9201 92.5166 109.999 82.5386 19.1802 0 4.24958 5.77002 5.77002 5.77002 5.77002 5.77002 5.77002 5.77002
5.24097 5.77002 5.77001 5.77001 5.77001 5.77001 5.54747 6.0182 5.54308 5.77001 5.77001 5.77001 5.77001 5.77001 5.77001 5.77001 5.77 5.77 5.77 5.77001 5.77001 5.77001 5.77001 5.77001 5.77001 5.77001 5.77001 5.77001 5.77001 5.77001 5.77001 5.77001 5.77001 5.77001 5.77001 5.77001 5.77001 5.77001 5.77001 5.76999 5.77001 5.77001 5.77001 5.77002 5.77002 5.77002 5.77002 5.77002 5.77002 5.77002 5.77002 5.31907 3.8207 3.12211 154.18 272.758 20.881 0 4.11854 5.77001 5.77002 5.77002 5.77002 5.77002 5.77002 5.77002 5.77002
4.83522 5.77002 5.77001 5.77 5.77001 5.77001 5.59691 5.57319 5.61327 5.77001 5.77001 5.77001 5.77001 5.77001 5.77001 5.77001 5.77 5.77 5.77001 5.77001 5.77001 5.77 5.77 5.77001 5.77001 5.77001 5.77001 5.77001 5.77001 5.77001 5.77001 5.77001 5.77001 5.77001 5.77001 5.77001 5.77001 5.77 5.76998 5.77001 5.77001 5.77002 5.77001 5.77002 5.77002 5.77002 5.77002 5.77002 5.77002 5.77002 5.77002 5.77002 5.40674 2.00962 239.18 323.004 0 4.28537 5.77002 5.77001 5.77002 5.77002 5.77002 5.77002 5.77002 5.77002 5.77002
5.03661 5.77001 5.77001 5.77001 5.77001 5.77001 5.77002 5.77002 5.77002 5.77001 5.77001 5.77001 5.77001 5.77001 5.77001 5.77 5.77 5.77 5.77 5.77 5.77 5.77 5.77001 5.77001 5.77001 5.77001 5.77001 5.77001 5.77001 5.77001 5.77001 5.77001 5.77001 5.77001 5.77001 5.77 5.77 5.76999 5.77 5.77001 5.77001 5.77001 5.77001 5.77002 5.77002 5.77002 5.77001 5.77002 5.77002 5.77001 5.77002 5.77002 5.18754 2.40035 530.47 56.1969 1.77267 5.77002 5.77001 5.77001 5.77001 5.77002 5.77001 5.77001 5.77001 5.77001 5.77002
5.77002 5.77001 5.77001 5.77001 5.77001 5.77001 5.77002 5.77002 5.77002 5.77001 5.77001 5.77001 5.77001 5.77001 5.77001 5.77 5.77 5.77 5.77 5.77 5.77001 5.77001 5.77 5.77001 5.77001 5.77001 5.77001 5.77001 5.77001 5.77001 5.77001 5.77001 5.77001 5.77001 5.77001 5.77 5.76999 5.77 5.77001 5.77001 5.77001 5.77001 5.77001 5.77002 5.77002 5.77002 5.77002 5.77002 5.77002 5.77002 5.77002 5.01698 3.44522 4.75197 567.728 0 3.41452 4.86233 5.77001 5.77001 5.77001 5.77001 5.77001 5.77001 5.77001 5.77001 5.77001
5.77002 5.77001 5.77001 5.77001 5.77001 5.77001 5.77001 5.77002 5.77002 5.77001 5.77001 5.77001 5.77001 5.77001 5.77 5.77 5.77 5.77 5.77 5.77001 5.77 5.77 5.77 5.77001 5.77001 5.77001 5.77001 5.77001 5.77001 5.77001 5.77001 5.77001 5.77001 5.77001 5.77001 5.77 5.77 5.77001 5.77001 5.77001 5.77001 5.77001 5.77002 5.77002 5.77002 5.77002 5.77002 5.77002 5.77002 5.77002 5.08238 3.13869 21.7023 31.6653 452.552 23.0045 3.75004 4.94571 5.77002 5.77001 5.77001 5.77001 5.77001 5.77001 5.77001 5.77001 5.77001
5.77001 5.77001 5.77001 5.77001 5.77001 5.77001 5.77001 5.77002 5.77002 5.77001 5.77001 5.77001 5.77001 5.77001 5.77 5.77 5.76999 5.77 5.77 5.77 5.76999 5.77 5.77 5.77001 5.77001 5.77001 5.77001 5.77001 5.77 5.77001 5.77001 5.77001 5.77001 5.77001 5.77001 5.77001 5.77001 5.77001 5.77001 5.77001 5.77001 5.77002 5.77002 5.77002 5.77002 5.77002 5.77002 5.77002 5.77002 5.77002 4.99011 42.9782 27.1113 126.692 267.68 84.1898 0 1.76412 3.14846 5.77002 5.77001 5.77001 5.77001 5.77002 5.77002 5.77002 5.77001
5.77001 5.77001 5.77001 5.77001 5.77001 5.77001 5.77001 5.77002 5.77002 5.77002 5.77001 5.77001 5.77001 5.77 5.77 5.76999 5.76999 5.77 5.77 5.76999 5.77 5.77001 5.77001 5.77001 5.77001 5.77001 5.77001 5.77001 5.77 5.77001 5.77001 5.77001 5.77001 5.77001 5.77001 5.77001 5.77001 5.77001 5.77002 5.77001 5.77001 5.77002 5.77002 5.77002 5.77002 5.6731 5.57263 5.53116 5.77002 5.77002 4.61562 1.92495 27.0929 140.448 540.065 66.9191 37.184 519.864 2.80854 5.77001 5.77001 5.77001 5.77002 5.77001 5.77002 5.77002 5.77002
5.77002 5.77001 5.77001 5.77001 5.77001 5.77001 5.48265 5.54169 5.49264 5.77001 5.77001 5.77 5.77 5.76999 5.76998 5.76999 5.77 5.77 5.77 5.77 5.77001 5.77001 5.77001 5.77001 5.77001 5.77001 5.77001 5.77001 5.77001 5.77001 5.77001 5.77001 5.77001 5.77001 5.77001 5.77002 5.77002 4.68302 4.2677 5.40127 4.8753 5.19963 5.77002 5.77002 5.77002 5.58375 5.81149 4.79178 4.50232 5.52769 3.71803 24.52 20.7569 325.824 453.333 66.618 42.3068 1.56664 3.04397 5.77001 5.77001 5.77002 5.77001 5.77001 5.77001 5.77001 5.77002
5.77002 5.77001 5.77001 5.77 5.77001 5.77001 5.42001 6.23544 5.481 5.77001 5.77001 5.77 5.76999 5.76998 5.76999 5.76999 5.77 5.77 5.77 5.77 5.77001 5.77001 5.77001 5.77001 5.77001 5.77001 5.77001 5.77001 5.77001 5.77001 5.77001 5.77001 5.77001 5.77002 5.77002 5.77002 5.52004 3.27099 146.235 2.0735 165.94 3.43665 4.69616 5.77002 5.77002 5.57273 4.67404 14.291 4.30613 0.498696 0 0.514574 22.2341 451.863 148.159 71.9854 0 4.20322 5.77001 5.77001 5.77001 5.77001 5.77001 5.77001 5.77001 5.77001 5.77002
5.77002 5.77001 5.77001 5.77001 5.77001 5.77001 5.52805 5.52686 5.57057 5.77002 5.77001 5.76998 5.76997 5.76998 5.76999 5.76999 5.77 5.77 5.77 5.77 5.77001 5.77001 5.77001 5.77001 5.77001 5.77001 5.77001 5.77001 5.77001 5.77001 5.77001 4.42363 4.75423 3.65169 2.851 2.86993 0.745345 1.5425 41.7479 275.144 45.2701 63.8937 2.42763 4.93273 5.77002 5.77002 4.81957 4.32822 89.2186 82.2725 52.2139 5.64324 105.848 829.842 72.4241 30.236 2.3241 5.77002 5.77001 5.77002 5.77001 5.77001 5.77001 5.77001 5.77001 5.77001 5.77002
5.77002 5.77001 5.77001 5.77001 5.77001 5.77001 5.77002 5.77002 5.77002 5.77001 5.77001 5.76999 5.76997 5.76998 5.76999 5.76999 5.76999 5.76999 5.77 5.77 5.77 5.77 5.77 5.77 5.77001 5.77001 5.77001 5.77001 5.77001 5.77001 5.77002 4.83393 264.9 125.349 119.915 6.58345 20.8271 5.34186 28.7523 320.015 130.931 35.0885 25.1574 2.4486 5.09804 5.77002 5.68503 4.39547 1.222 59.6265 132.42 83.5199 70.8263 238.329 30.9427 0.118548 4.00914 5.77001 5.77001 5.77002 5.77001 5.77001 5.77001 5.77001 5.77001 5.77001 5.77002
5.77002 5.77001 5.77001 5.77001 5.77001 5.77001 5.77002 5.77002 5.77001 5.77001 5.77001 5.77 5.76999 5.77 5.77 5.77 5.77 5.77 5.77 5.77 5.77 5.77001 5.77001 5.77001 5.77001 5.77001 5.77001 5.77001 5.77002 5.77002 5.77002 4.68248 2.2028 43.1368 140.733 153.024 10.7653 15.4426 22.2582 276.024 61.1595 80.1558 35.6612 0.501371 0 1.63716 2.34793 3.81095 0 11.1682 28.3359 243.868 589.601 92.5204 12.9631 0 0 2.38938 2.97625 4.33204 5.77001 5.77001 5.77002 5.77002 5.77001 5.77002 5.77002
5.77002 5.77001 5.77001 5.77001 5.77001 5.77001 5.77002 5.77001 5.77001 5.77001 5.77001 5.77 5.77001 5.77 5.77001 5.77001 5.77001 5.77001 5.77001 5.77001 5.77001 5.77001 5.77001 5.77001 5.77001 5.77001 5.77001 5.77002 5.77002 5.77002 5.57028 4.18736 0 6.76752 20.393 74.7683 196.253 45.5169 37.5608 87.656 137.86 35.2974 64.7779 0.13217 71.9374 8.17943 33.8521 0 16.083 10.245 17.5314 231.408 264.588 39.3759 55.6829 0 234.816 0 123.498 3.57939 5.77001 5.77002 5.77002 5.77002 5.77002 4.55858 3.67125
5.77002 5.77001 5.77001 5.77001 5.77001 5.77001 5.77001 5.77001 5.77001 5.77001 5.77001 5.77001 5.77001 5.77001 5.77001 5.77001 5.77001 5.77001 5.77001 5.77001 5.77001 5.77001 5.77001 5.77001 5.77001 5.77002 5.77002 5.77002 5.77002 5.77002 5.31093 4.12823 252.085 1.37462 21.1484 18.0002 43.0529 185.515 86.5971 165.249 52.0037 74.8976 8.50196 30.0766 23.8166 18.9222 3.82185 9.04965 1.76895 20.7487 21.8246 254.57 230.82 61.7473 9.47856 28.7676 34.3803 153.6 0 0 0.700892 1.11734 0 2.98545 0.0460715 0 75.3026
