tests/full-run-ref/erosion_78_17_32.116.asc
ncols 512
nrows 512
xllcorner -3.24582
yllcorner -4.08743
cellsize 5
NODATA_value -99999
[rows 196 to 244 of 512, columns 192 to 287 of 512]
109.432 103.654 97.8663 95.4858 93.1054 90.7185 87.3345 84.9452 82.555 79.1699 76.7711 74.3802 71.9861 69.598 68.5997 66.2043 63.8081 61.4267 61.435 59.0502 58.055 55.6595 53.2647 50.8819 50.8834 48.4958 47.4993 45.1148 44.1203 41.7289 39.3433 36.9583 34.5826 33.5912 31.1987 28.8152 27.8288 24.4412 22.04 19.6484 7.82183 7.82866 7.84053 7.84555 7.8461 19.6833 19.6917 30.1306 24.4535 22.0668 16.2891 13.9023 8.12924 0 0 0 0 0 0 0 0 0 0 0 0 0 0 0 0 0 13.93 8.15996 0 0 0 0 0 0 5.76398 11.5381 22.0159 16.3041 13.8998 8.11943 0 0 0 0 0 0 0 0 0 0 0 0
107.049 101.271 95.4923 89.7039 87.324 84.9442 82.5576 79.1735 76.7843 74.3941 71.0087 68.6092 66.2159 63.819 61.4322 60.438 58.0431 55.6491 53.2692 53.2755 50.8892 49.8937 47.4985 45.1037 42.7204 42.7227 40.3367 39.342 36.9465 34.5675 33.577 31.1878 28.8101 27.8191 25.4279 23.044 22.0578 19.6655 16.2773 13.8755 5.71943 5.72552 5.73872 7.84243 7.85071 16.2875 19.6855 35.993 30.2215 24.4504 22.0652 16.2879 13.9017 8.1288 0 0 0 0 0 0 0 0 0 0 0 0 0 0 0 0 8.15994 0 0 0 0 0 0 0 5.76775 11.539 24.4772 22.0828 16.3038 13.9001 8.12377 0 0 0 0 0 0 0 0 0 5.76999 5.76996
104.661 98.8884 93.1106 87.3307 81.5415 79.1622 76.783 74.3967 71.0126 68.6234 66.233 62.8468 60.446 58.0516 55.6555 53.2704 52.2777 49.8835 47.4905 45.1104 45.1149 42.7281 41.7327 39.3374 36.9434 2.04012 2.05482 33.5772 31.1825 28.7995 27.8077 25.4173 23.0373 22.0463 19.657 0 0 13.895 11.5041 0 0 0 5.74065 5.75099 7.84754 22.0289 19.6825 41.7694 35.9892 30.2194 24.4494 22.0649 16.288 13.9022 8.12975 0 0 0 0 0 0 0 0 6.16 6.16001 0 0 0 0 0 0 0 0 0 0 0 0 0 5.76886 11.5395 11.5395 24.4774 22.083 16.3049 11.5119 0 0 0 0 0 0 0 0 0 5.76999 8.16
102.271 96.5005 90.728 84.9497 79.169 73.3791 71.0004 68.6218 66.2358 62.8516 60.4623 58.0715 54.6841 52.2824 49.8881 47.4931 45.1092 44.1178 41.7243 39.3316 36.9507 36.9546 34.5686 33.5743 31.1774 2.04159 2.05446 27.8099 25.4135 23.029 22.0366 19.6469 0 0 13.885 0 0 0 0 0 0 0 0 5.7513 5.75334 19.6478 53.3126 47.5467 41.7671 35.9883 30.2193 24.4499 22.0659 16.2904 13.9056 8.13378 0 0 0 0 0 0 0 0 0 0 0 0 0 0 0 0 0 0 0 0 0 5.76976 5.76939 11.5391 11.5397 11.5398 23.0783 17.3021 11.5228 5.75292 0 0 0 0 0 0 5.76999 5.76999 5.76999 5.76998
99.8817 94.1112 88.3402 82.5675 76.7888 71.0074 65.2167 62.8386 60.4606 58.0748 54.6904 52.3008 49.9094 46.521 44.119 41.7254 39.3314 36.9488 35.9583 33.5651 31.1729 0 0 27.8076 25.409 2.03987 2.05256 22.0402 19.6453 0 0 13.8758 0 0 0 0 0 0 0 0 0 0 0 0 5.75819 17.2789 55.7032 53.322 47.5459 41.7686 35.9907 30.2227 24.4538 22.0706 16.296 11.5155 0 0 0 0 0 0 0 0 0 0 0 0 0 0 0 0 0 0 0 0 0 0 5.76952 8.15948 11.5395 11.5399 23.0794 17.3087 11.5314 5.76048 0 0 0 0 0 0 0 0 0 0
97.4918 91.7215 85.9511 80.18 74.4071 68.6279 62.8457 57.0543 54.6768 52.2994 49.9138 46.529 44.1389 41.7457 38.3471 35.9559 33.5637 31.1711 28.7908 27.8016 25.4067 0 0 22.0403 19.6402 2.03941 2.05241 0 13.8758 0 0 0 0 0 0 0 0 0 0 0 0 0 0 0 5.76305 17.286 61.4751 55.7145 51.9222 46.1481 40.3725 34.5962 28.8285 23.0549 17.2816 11.5057 5.74941 0 0 0 0 0 0 0 0 0 0 0 0 0 0 0 0 0 0 0 0 0 5.76967 5.76965 8.15959 13.9298 23.0798 17.3094 11.5391 5.76457 0 0 0 0 0 0 0 0 0 0
95.1019 89.3317 83.5613 77.7909 72.0198 66.2467 60.467 54.684 48.8919 46.5149 44.138 41.7515 38.366 35.9764 32.5892 30.1864 27.7944 25.403 23.0218 22.0313 19.6376 0 0 0 13.8716 2.03889 0 0 0 0 0 0 0 0 0 0 0 0 0 0 0 0 0 0 5.76465 17.2887 63.4568 57.6949 51.9223 46.1489 40.3748 34.5985 28.8205 23.047 17.2707 11.4965 5.73711 0 0 0 0 0 0 0 0 0 0 0 0 0 0 0 0 0 0 0 0 0 0 5.76967 5.76964 8.15965 13.93 19.6998 13.9296 8.15965 6.15936 6.16001 6.16001 6.16001 6.16001 6.16001 6.16001 0 0 0
92.712 86.9418 81.1715 75.4012 69.6307 63.8595 58.0862 52.306 46.5223 40.7294 38.3531 35.9763 32.5967 30.2069 27.8157 24.4263 22.0244 19.633 0 0 13.867 0 0 0 0 0 0 0 0 0 5.77 5.77 5.77 5.77 5.77 5.77 5.77 5.77 5.77 5.77 5.77 5.77 5.77 5.76722 5.76495 17.2892 65.8471 60.0849 54.3121 48.5393 42.7663 36.9918 31.2141 25.4354 19.6627 13.8874 8.12353 6.14245 0 0 0 0 0 0 0 0 0 0 0 0 0 0 0 0 0 0 0 0 0 5.76985 5.76972 5.76972 11.5399 19.6999 13.9298 8.15979 5.76963 5.76994 4.63633 5.77 5.77 5.77 5.77 5.77 5.77 5.77
90.3221 84.5518 78.7815 73.0112 67.2409 61.4704 55.6992 49.9257 44.1451 38.3605 32.567 30.192 27.8161 24.4349 22.045 19.6529 16.2633 13.862 0 0 0 0 0 0 0 0 5.77 5.77 5.77 5.77 5.77 5.77 5.77 5.77 5.77 5.77 5.77 5.77 5.77 5.77 5.77 5.77 5.76931 5.76653 5.76455 17.2794 68.2351 62.4746 56.7022 50.9299 45.1573 39.3839 33.6019 27.8192 22.033 16.278 14.2986 11.9061 5.75162 5.76042 8.13013 0 0 0 0 0 0 0 0 0 0 0 0 0 0 0 0 0 5.76999 5.76997 5.76984 5.76982 11.54 17.3099 11.5398 5.76984 5.76999 4.63633 5.77 5.77 5.77 5.77 5.77 5.77 5.77 5.77
87.9321 82.1617 76.3914 70.6211 64.8508 59.0804 53.3098 47.5385 41.7649 35.9839 30.1987 24.4046 22.0301 19.654 16.2723 13.8826 11.4934 0 0 0 0 0 5.77 5.77 5.77 5.77 5.77 5.77 5.77 5.77 5.77 5.77 5.77 5.77 5.77 5.77 5.77 5.77 5.77 5.77 5.77 5.77 5.76736 5.76641 5.76542 19.6803 70.6284 64.866 59.0941 53.3222 47.5494 41.7773 45.9196 41.7286 36.3238 22.4556 20.0563 16.3002 8.15237 16.1424 13.9136 8.13041 0 0 0 0 0 0 0 0 0 0 0 0 0 0 0 5.76996 6.15996 5.76995 5.76991 5.76992 11.54 17.3099 11.5399 5.76988 4.63631 5.77 5.77 5.77 5.77 5.77 5.77 5.77 5.77 5.77
85.5414 79.7709 74.0004 68.2299 62.4594 56.689 50.9184 45.1477 39.3763 33.603 27.8224 22.0368 16.2419 13.8678 11.4949 0 0 0 0 5.77 5.77 5.77 5.77 5.77 5.77 5.77 5.77 5.77 5.77 5.77 5.77 5.77 5.77 5.77 5.77 5.77 5.77 5.77 5.77 5.77 5.77 5.77 5.76538 5.76713 8.15643 20.8037 73.0201 67.2567 61.4851 55.7128 49.9402 49.3244 45.5478 39.7819 34.0055 28.2296 24.4579 26.2414 24.4722 22.0818 16.3052 13.9086 8.12663 0 0 0 0 0 0 0 0 0 0 0 0 0 5.76996 5.76997 6.16 5.76997 8.15999 8.16 11.54 19.7 13.93 4.63623 6.15991 5.76996 5.77 5.77 5.77 5.76998 6.15999 5.76997 5.76998 5.76997
83.1504 77.3796 71.6089 65.8381 60.0674 54.2967 48.5259 42.7551 36.9837 31.2134 25.4411 19.6603 13.8743 8.09269 0 0 0 5.77 5.77 5.77 5.77 5.77 5.77 5.77 5.77 5.77 5.77 5.77 5.77 5.77 5.77 5.77 5.77 5.77 5.77 5.77 5.77 5.77 5.77 5.77 5.77 5.77 5.76451 5.76691 11.5364 13.9145 75.4115 69.647 63.8748 58.1018 55.7131 53.7066 47.9422 42.1683 36.3927 32.6196 36.3157 32.6323 30.2429 24.4703 22.0804 16.3031 13.9063 8.12843 0 0 0 0 0 0 0 0 0 0 0 0 0 5.76995 5.76996 5.76998 8.16 8.15999 5.76994 11.5046 5.76993 5.76999 5.76998 8.15747 5.76997 5.76997 5.76997 5.76997 5.76997 5.76997 5.76998 5.76998
83.1601 77.3893 71.6185 65.8477 60.077 54.3062 48.5355 42.7636 36.9931 28.8227 23.0527 17.2792 11.5008 5.73217 5.76698 5.77 5.77 5.77 5.77 5.77 5.77 5.77 5.77 5.77 5.77 5.77 5.77 5.77 5.77 5.77 5.77 5.77 5.77 5.77 5.77 5.77 5.77 5.77 5.77 5.77 5.77 5.77 5.76506 5.7672 8.15562 13.9136 77.8005 72.0364 66.2633 63.8732 61.4772 56.1025 50.3291 44.5546 40.7813 44.4814 40.7934 38.4042 32.6335 30.2439 24.4724 22.0832 16.3051 11.5187 0 0 0 0 0 0 0 0 0 0 0 0 0 0 0 5.76995 5.76995 5.76995 0 0 0 5.76993 5.76998 5.76998 5.76992 5.76996 5.76993 5.76996 8.16 8.16 5.76999 5.76999
85.5538 79.7832 74.0127 68.2421 62.4716 56.7011 50.9306 45.1581 34.6029 28.8365 23.0651 17.2933 11.5205 5.75508 5.76948 5.77 5.77 5.77 5.77 5.77 5.77 5.77 5.77 5.77 5.77 5.77 5.77 5.77 5.77 5.77 5.77 5.77 5.77 5.77 5.77 5.77 5.77 5.77 5.77 5.77 5.77 5.77 5.76696 5.76665 5.76462 11.5177 80.1434 74.4253 72.034 69.637 64.2624 58.4899 52.7167 48.9456 40.7941 48.8344 45.1643 39.3923 33.6215 27.8496 22.0771 16.3038 13.9144 8.13944 0 0 0 0 0 0 0 0 0 0 0 0 0 0 0 0 0 0 0 0 5.76999 5.76993 5.76995 8.15997 8.15997 16.1608 20.0325 8.15997 11.54 13.93 8.15759 0
87.9464 82.1758 76.4055 70.6351 64.8647 59.0944 53.3238 47.5527 37.001 31.2315 25.4608 19.6897 13.9183 8.14873 5.76583 5.76968 5.77 5.77 5.77 5.77 5.77 5.77 5.77 5.77 5.77 5.77 5.77 5.77 5.77 5.77 5.77 5.77 5.77 5.77 5.77 5.77 5.77 5.77 5.77 5.77 5.77 5.77 5.76913 5.76693 5.76452 11.5146 17.2921 80.1958 77.798 72.4235 66.6515 60.8796 57.1105 48.9556 54.3147 48.5411 42.7686 36.9972 31.2253 25.4463 19.6745 13.909 8.13839 0 0 0 0 0 0 0 0 0 0 5.76998 0 0 0 0 0 0 0 5.77 5.77 5.76998 5.76996 5.76994 5.76993 8.15996 16.32 16.32 24.3344 23.08 17.3044 11.5352 5.76993 0
90.3382 84.5678 78.7971 73.0265 67.2561 61.4858 55.7147 45.1629 39.394 33.6242 27.8536 22.0827 16.3116 13.9238 8.15382 5.76693 5.76968 5.77 5.77 5.77 5.77 5.77 5.77 5.77 5.77 5.77 5.77 5.77 5.77 5.77 5.77 5.77 5.77 5.77 5.77 5.77 5.77 5.77 5.77 5.77 5.77 5.77 5.77 5.76775 5.76575 11.5149 17.2946 85.9669 80.5857 74.8143 69.0431 65.2733 62.8852 57.6949 51.9196 46.1496 40.3696 34.5966 28.8247 23.0526 17.2817 11.5111 5.75089 0 0 0 0 0 0 0 0 0 0 5.76997 5.76993 5.76987 0 0 0 0 5.77 5.77 5.77 5.76998 5.76998 8.15999 8.15997 13.93 16.32 19.7 31.24 25.4699 19.6999 13.9299 8.15993 0
85.5572 83.168 80.7785 75.4182 69.6473 63.8766 58.1058 47.5551 41.7854 36.015 30.2444 24.4735 22.0851 16.3143 13.9246 8.15394 5.76689 5.76967 5.77 5.77 5.77 5.77 5.77 5.77 5.77 5.77 5.77 5.77 5.77 5.77 5.77 5.77 5.77 5.77 5.77 5.77 5.77 5.77 5.77 5.77 5.77 5.77 5.77 5.76796 5.76629 11.5175 17.2949 88.7472 82.9759 77.2053 73.4361 71.0469 65.2763 60.0855 54.3145 48.5434 42.7711 36.9999 31.2274 25.456 19.6845 13.9144 8.14937 0 0 0 0 0 0 0 0 0 0 5.76996 5.76998 5.76997 8.15986 0 0 5.77 5.77 5.77 5.77 5.76997 5.76995 5.76996 8.15996 13.93 16.3199 19.7 32.64 27.8599 22.0899 16.3199 13.93 0
79.7772 77.3896 55.6877 55.6891 72.0388 66.2672 55.7157 49.9462 44.1761 38.4056 32.6348 30.246 24.4753 22.0858 16.3146 13.9246 8.1538 5.76679 5.76965 5.77 5.77 5.77 5.77 5.77 5.77 5.77 5.77 5.77 5.77 5.77 5.77 5.77 5.77 5.77 5.77 5.77 5.77 5.77 5.77 5.77 5.77 5.77 5.77 5.76796 5.76638 11.517 17.295 91.1376 85.3667 80.1964 74.4261 68.655 62.8837 57.113 51.9231 46.1527 40.381 34.609 28.8373 23.0647 17.292 11.5185 5.75347 0 0 0 0 0 0 0 0 0 0 0 5.76998 0 0 0 5.77 5.77 5.77 5.77 5.77 5.77 5.76996 5.76993 5.76991 8.15989 13.9298 19.7 30.2499 24.4799 19.6999 13.9299 8.15989 0
74.0065 71.6177 55.6866 55.688 55.6895 68.6583 58.1071 52.3371 46.5666 40.796 38.4067 32.636 30.2464 24.4755 22.0859 16.3147 13.9246 8.15363 5.76668 5.76964 5.77 5.77 5.77 5.77 5.77 5.77 5.77 5.77 5.77 5.77 5.77 5.77 5.77 5.77 5.77 5.77 5.77 5.77 5.77 5.77 5.77 5.77 5.77 5.76766 5.76592 11.5154 17.2932 89.347 83.5756 77.8047 72.0338 66.2552 60.4847 54.7176 48.9516 46.5647 42.775 37.0043 31.2323 25.4598 19.6853 13.9114 8.14098 0 0 0 0 0 0 0 0 0 0 5.77 5.77 0 0 5.77 5.77 5.77 5.77 5.77 5.77 5.77 5.76999 5.76995 5.76987 5.76986 11.5398 17.3099 27.8524 22.0877 16.3177 11.5349 5.76987 5.76999
68.2358 65.8471 0 0 0 0 60.4976 54.7277 48.9571 46.5674 40.7968 38.407 32.6362 30.2465 24.4756 22.0859 16.3147 13.9245 8.15344 5.76657 5.76962 5.77 5.77 5.77 5.77 5.77 5.77 5.77 5.77 5.77 5.77 5.77 5.77 5.77 5.77 5.77 5.77 5.77 5.77 5.77 5.77 5.77 5.76901 5.76649 5.76475 11.5124 17.2923 86.9572 81.1849 75.4056 69.6345 63.8635 58.0927 52.3232 46.5588 40.7877 38.4012 36.0138 33.6258 27.8525 22.0804 16.3072 13.9177 8.15342 0 0 0 0 0 0 0 0 0 5.77 5.76999 5.77 5.77 5.77 5.77 5.77 5.77 5.77 5.77 5.77 5.77 5.76999 5.76989 5.76985 11.5398 17.3099 25.4621 19.6923 13.9279 8.15919 5.76993 5.77
62.4652 60.0764 0 0 0 0 62.8696 57.1185 54.7282 48.9576 46.5676 40.7969 38.4071 32.6363 30.2465 24.4756 22.086 16.3147 13.9244 8.15325 5.76645 5.76961 5.77 5.77 5.77 5.77 5.77 5.77 5.77 5.77 5.77 5.77 5.77 5.77 5.77 5.77 5.77 5.77 5.77 5.77 5.77 5.77 5.76634 5.76589 5.76462 11.5127 17.2907 17.3061 78.7869 73.0149 67.2432 61.4717 55.7003 49.9295 44.1587 38.3941 32.622 30.2356 27.8478 25.4609 0 0 16.3172 13.9275 8.15664 0 0 0 0 0 0 0 0 5.77 5.77 5.77 5.77 5.77 5.77 5.77 5.77 5.77 5.77 5.77 5.77 5.77 5.76993 5.76987 11.5398 17.3099 23.0719 17.302 11.5352 5.76976 5.76997 5.77
56.6946 54.3058 0 0 0 0 0 53.3298 57.1168 54.7282 48.9576 46.5676 40.7969 38.4071 32.6363 30.2466 24.4756 22.086 16.3147 13.9243 8.15306 5.76633 5.76959 5.77 5.77 5.77 5.77 5.77 5.77 5.77 5.77 5.77 5.77 5.77 5.77 5.77 5.77 5.77 5.77 5.77 5.77 5.77 5.76375 5.76649 8.15526 20.9093 71.8143 74.4218 76.3956 70.6246 64.852 59.0799 53.308 47.5362 41.7649 35.9936 30.2281 24.4545 22.0594 19.5822 0 0 0 0 13.9291 8.15611 0 0 0 0 0 0 0 5.77 5.77 5.77 5.77 5.77 5.77 5.77 5.77 5.77 5.77 5.77 5.77 5.77 5.76995 5.7699 11.5399 17.3099 25.47 19.6999 13.9298 8.15982 5.76994 5.77
50.924 48.5351 0 0 0 0 0 47.559 53.3295 57.1185 54.7282 48.9576 46.5676 40.7969 38.4071 32.6363 30.2466 24.4757 22.086 16.3148 13.9242 8.15286 5.7662 5.76957 5.77 5.77 5.77 5.77 5.77 5.77 5.77 5.77 5.77 5.77 5.77 5.77 5.77 5.77 5.77 5.77 5.77 5.77 5.76271 5.76634 11.5351 24.4606 65.9943 63.8714 66.2602 68.2358 62.4644 56.6915 50.9192 45.1468 39.3746 33.6029 27.8312 22.0645 16.2886 13.8941 0 0 0 0 13.9293 8.15679 0 0 0 0 0 0 0 5.77 5.77 5.77 5.77 5.77 5.77 5.77 5.77 5.77 5.77 5.77 5.77 5.77 5.76996 5.76991 11.5399 17.3099 19.7 22.0899 16.3199 11.5398 5.76989 5.76999
45.1535 42.7645 0 0 0 0 0 41.7878 45.1693 54.7296 57.1186 54.7282 48.9576 46.5676 40.7969 38.4071 32.6363 30.2466 24.4757 22.0861 16.3148 13.9241 8.15264 5.76606 5.76955 5.77 5.77 5.77 5.77 5.77 5.77 5.77 5.77 5.77 5.77 5.77 5.77 5.77 5.77 5.77 5.77 5.77 5.76363 5.76711 8.1554 29.697 60.2358 58.0895 55.7091 58.1003 60.0756 54.3046 48.5341 42.76 36.9871 31.2128 25.4411 19.67 13.9026 8.12604 0 0 0 0 11.5395 0 0 0 6.16001 5.77 5.77 0 0 5.77 5.76999 5.77 5.77 5.77 5.77 5.77 5.77 5.77 5.77 5.77 5.77 5.77 5.76996 5.76993 11.5399 17.31 22.09 24.4773 19.6999 13.9299 8.15988 5.76993
39.3829 36.9939 0 0 0 0 0 36.0172 45.1681 45.1693 45.1694 57.1184 54.7281 48.9575 46.5676 40.7969 38.4071 32.6363 30.2467 24.4758 22.0861 16.3148 13.924 8.1524 5.76591 5.76953 5.77 5.77 5.77 5.77 5.77 5.77 5.77 5.77 5.77 5.77 5.77 5.77 5.77 5.77 5.77 5.77 5.76615 5.76751 5.76609 16.2842 54.4604 52.3243 49.9274 47.5482 49.926 47.4658 37.007 45.1638 39.3894 33.6183 23.0543 17.2862 11.5139 5.75041 0 0 0 0 0 0 0 0 0 0 0 0 0 5.76999 5.76999 5.77 5.77 5.77 5.77 5.77 5.77 5.77 5.77 5.77 5.77 5.77 5.76997 5.76995 11.54 16.32 22.09 27.86 22.0899 16.3199 13.9299 8.15988
33.6124 31.2233 0 0 0 0 0 0 0 45.1677 45.1694 62.8688 57.1182 54.728 48.9575 46.5676 40.7969 38.4071 32.6364 30.2467 24.4758 22.0862 16.3148 13.9239 8.15214 5.76575 5.76951 5.77 5.77 5.77 5.77 5.77 5.77 5.77 5.77 5.77 5.77 5.77 5.77 5.77 5.77 5.77 5.76891 5.76847 5.76622 13.8951 48.9259 46.556 44.1623 41.7673 39.3727 36.7296 28.8411 47.4975 24.4622 22.0763 19.69 17.3038 11.531 5.75892 0 0 0 0 0 0 0 0 0 0 0 0 5.76996 11.54 0 0 0 0 0 0 0 0 0 0 0 0 0 5.76996 8.15996 13.93 19.7 22.09 24.48 22.09 16.3199 13.9298
27.8418 25.4527 0 0 0 0 0 0 0 0 45.1685 45.1693 62.8886 57.1181 54.728 48.9574 46.5676 40.7969 38.4071 32.6364 30.2467 24.4759 22.0862 16.3148 13.9237 8.15187 5.76558 5.76949 5.77 5.77 5.77 5.77 5.77 5.77 5.77 5.77 5.77 5.77 5.77 5.77 5.77 5.77 5.77 5.76982 5.76743 11.5298 46.3246 40.7955 38.3939 36.0022 33.6108 31.2149 8.61119 31.16 22.0805 16.31 13.914 5.76316 5.76878 8.15539 0 0 0 0 0 5.76985 5.76993 0 0 0 0 0 5.76996 0 8.15999 0 0 0 0 0 0 0 0 0 0 0 0 5.76996 5.76995 11.54 16.32 22.09 22.09 24.48 22.0898 19.6929
22.0721 19.6848 0 0 0 0 0 0 0 44.9312 0 56.7097 65.2455 62.8885 57.118 54.728 48.9574 46.5676 40.7969 38.4072 32.6364 30.2468 24.4759 22.0862 16.3148 13.9236 8.15159 5.76541 5.76947 5.77 5.77 5.77 5.77 5.77 5.77 5.77 5.77 5.77 5.77 5.77 5.77 5.77 5.77 5.77 5.7686 11.5326 40.7741 38.4068 32.6331 30.2325 27.8417 25.4515 8.61336 22.0835 19.6889 13.9234 8.14746 5.76293 5.76751 5.76871 5.7676 0 0 0 0 0 5.76911 5.76989 0 0 0 0 0 0 5.76998 0 0 0 0 0 0 0 0 0 0 0 0 0 5.76996 8.15997 13.93 16.32 22.09 22.0899 27.8538 22.09
0 0 0 0 0 0 0 0 0 39.161 56.3204 50.9385 56.7096 65.2593 62.8885 57.118 54.728 48.9574 46.5676 40.7969 38.4072 32.6364 30.2468 24.4759 22.0863 16.3148 13.9234 8.15129 5.76522 5.76944 5.77 5.77 5.77 5.77 5.77 5.77 5.77 5.77 5.77 5.77 5.77 5.77 5.77 5.77 5.76881 11.5337 11.5364 32.6369 30.245 24.471 22.0711 19.6822 0 0 13.9251 11.5315 5.76562 5.76934 5.76916 5.7681 0 5.77 0 0 0 0 0 5.76865 0 0 0 0 0 5.77 0 0 0 0 0 0 0 0 0 0 0 0 0 0 5.76996 5.76997 8.15998 11.54 16.32 22.09 22.09 24.48
0 0 0 0 0 0 0 0 0 33.3908 50.6817 45.1673 56.7093 71.0389 65.2786 62.8884 57.1179 54.728 48.9574 46.5676 40.7969 38.4072 32.6365 30.2469 24.476 22.0863 16.3148 13.9232 8.15097 5.76503 5.76942 5.77 5.77 5.77 5.77 5.77 5.77 5.77 5.77 5.77 5.77 5.77 5.77 5.77 5.76891 11.5348 11.5372 30.2473 24.4749 22.0832 16.3089 13.9112 0 0 0 0 0 0 0 0 0 0 5.76696 0 0 0 0 0 0 0 0 0 0 5.76999 5.76997 5.76998 0 0 0 0 0 0 0 0 0 0 0 0 0 5.76996 8.16 8.15998 11.54 19.7 22.09 28.8447
0 0 0 0 0 0 0 0 0 27.6291 44.9115 56.3343 50.9381 56.7098 71.0491 65.2785 62.8884 57.1179 54.7279 48.9573 46.5676 40.7969 38.4072 32.6365 30.2469 24.4761 22.0864 16.3148 13.923 8.15062 5.76482 5.76939 5.77 5.77 5.77 5.77 5.77 5.77 5.77 5.77 5.77 5.77 5.77 5.77 0 9.72223 11.5377 27.8505 22.0857 16.3129 13.9213 8.14635 0 0 0 0 0 0 0 0 0 0 5.76587 8.14967 0 0 0 0 0 0 0 0 5.76968 5.76998 5.76999 5.76999 0 0 0 0 0 0 0 0 0 0 0 0 0 5.76997 5.76996 8.16 11.54 11.54 11.54 13.93
0 0 0 0 0 0 0 0 0 0 39.1427 50.7019 45.1673 56.709 56.7096 71.0254 65.2784 62.8883 57.1178 54.7279 48.9573 46.5676 40.797 38.4073 32.6366 30.247 24.4762 22.0864 16.3148 13.9228 8.15026 5.76461 5.76936 5.77 5.77 5.77 5.77 5.77 5.77 5.77 5.77 5.77 0 0 0 0 11.5381 25.46 19.689 13.9239 8.15226 0 0 0 0 0 0 0 0 0 0 5.76447 5.76554 13.9085 8.14746 0 0 0 0 0 0 0 0 0 0 0 0 0 0 0 0 0 0 0 0 0 0 0 0 0 5.76997 5.76999 5.76998 5.76994 5.76993 8.15995
0 0 0 0 0 0 0 0 0 0 33.3864 44.9319 56.4724 50.9377 56.7095 73.4219 71.0487 65.2782 62.8883 57.1178 54.7279 48.9574 46.5677 40.797 38.4074 32.6367 30.2471 24.4763 22.0865 16.3148 13.9226 8.14988 5.76438 5.76934 5.77 5.77 5.77 5.77 5.77 5.77 5.77 0 0 0 0 5.76733 11.539 23.0702 17.2996 11.5307 5.52462 0 0 0 0 0 0 0 0 0 5.76646 5.7658 8.15647 16.3138 13.921 8.14756 0 0 0 0 0 0 0 0 0 0 0 0 0 0 0 0 0 0 0 0 0 0 0 0 0 5.76999 0 0 5.76995 5.76995
0 0 0 0 0 0 0 0 0 0 27.6595 39.162 50.7024 62.2862 56.7089 79.2092 73.4387 71.0486 65.2782 62.8883 57.1178 54.728 48.9575 46.5677 40.7971 38.4075 32.6368 30.2472 24.4764 22.0865 16.3148 13.9224 8.14948 5.76415 5.76931 5.77 5.77 5.77 5.77 5.77 0 0 0 5.76955 8.15932 8.15839 11.5396 23.0789 17.3084 11.5378 5.7591 0 0 0 0 0 0 0 0 0 5.76578 8.15622 13.9289 22.0879 16.3149 13.9239 0 0 0 0 0 0 0 0 0 0 0 0 0 0 0 0 0 0 0 0 0 0 0 0 0 5.76999 0 0 0 5.76995
0 0 0 0 0 0 0 0 0 0 0 33.4005 44.9326 56.6345 87.3685 81.5992 79.209 73.4386 71.0486 65.2782 62.8883 57.1179 54.7281 48.9576 46.5678 40.7972 38.4075 32.6369 30.2473 24.4765 22.0866 16.3148 13.9221 8.14907 5.76392 5.76928 5.77 5.77 5.77 0 0 0 0 5.76947 8.15944 11.5392 11.5399 22.089 16.3188 11.538 0 0 0 5.76994 5.76993 5.76974 0 0 0 0 5.76517 11.5377 11.5376 16.316 13.9247 8.15187 0 0 0 0 0 0 0 0 0 0 0 0 0 0 0 0 0 0 0 0 0 0 0 0 0 0 0 0 0 0
0 0 0 0 0 0 0 0 0 0 0 0 39.1629 50.9347 89.7582 87.3694 81.599 79.2089 73.4386 71.0486 65.2783 62.8884 57.1179 54.7281 48.9576 46.5679 40.7973 38.4076 32.637 30.2474 24.4767 22.0867 16.3148 13.9219 8.14865 5.76367 5.76925 5.77 0 0 0 0 0 5.76936 5.76909 11.5394 11.5397 19.6991 13.9281 8.15792 0 0 0 5.76996 5.76975 0 0 0 0 0 5.76674 8.15752 13.9255 11.5353 8.15575 0 0 0 0 0 0 0 0 0 0 0 0 0 0 0 0 0 0 0 0 0 0 0 0 0 0 0 0 0 0 0
0 0 0 0 0 0 0 0 0 0 0 0 33.4015 27.8558 95.5281 89.7595 87.3693 81.599 79.2089 73.4386 71.0487 65.2783 62.8884 57.118 54.7282 48.9577 46.5679 40.7974 38.4077 32.6372 30.2475 24.4769 22.0868 16.3149 13.9216 8.14819 5.76339 0 0 0 0 0 0 0 5.76916 11.5394 11.5397 17.301 11.5336 5.66314 0 0 0 0 0 0 0 0 0 0 5.76838 5.76852 8.15532 5.76635 0 0 0 0 0 0 0 0 0 0 0 0 0 0 0 0 0 0 0 0 0 0 0 0 0 0 0 0 0 0 0 5.76999
0 0 0 0 0 0 0 0 0 0 0 0 0 16.3158 97.8421 95.5296 89.7593 87.3692 81.599 79.209 73.4387 71.0487 65.2784 62.8885 57.1181 54.7283 48.9578 46.568 40.7976 38.4079 32.6374 30.2477 24.4771 22.0869 16.3148 13.9213 8.14769 0 0 0 0 0 0 0 5.76945 11.5397 11.5393 16.3192 13.929 8.15913 0 0 0 0 0 0 0 0 0 0 5.76957 0 0 0 0 0 0 0 0 0 0 0 0 0 0 0 0 0 0 0 0 0 0 0 0 0 0 0 0 0 0 0 0 0 5.76999 5.76999
0 0 0 0 0 0 0 0 0 0 0 0 0 16.3158 16.3178 97.9196 95.5295 89.7593 87.3692 81.599 79.209 73.4387 71.0488 65.2784 62.8885 57.1182 54.7284 48.958 46.5682 40.7978 38.4081 32.6377 30.2479 24.4773 22.087 16.3148 13.921 8.14707 0 0 0 0 0 5.76983 5.76969 5.7694 5.76886 5.76895 8.15903 0 0 0 0 0 0 0 0 0 0 0 5.76976 0 0 0 0 0 0 0 0 0 0 0 0 0 0 0 0 0 0 0 0 0 0 0 0 0 0 5.76999 5.76999 0 0 6.16 5.76999 5.76998 5.76999 8.16
0 0 0 0 0 0 0 0 0 0 0 0 0 27.6053 16.3177 103.69 97.9195 95.5295 89.7593 87.3693 81.599 79.209 73.4387 71.0488 65.2785 62.8886 57.1183 54.7285 48.9582 46.5684 40.7982 38.4083 32.638 30.2481 24.4775 22.0871 16.3147 13.9206 8.14609 0 0 0 0 0 0 5.76885 5.76899 5.7693 0 0 0 0 0 0 0 0 0 0 0 0 0 0 0 0 0 0 0 0 0 0 0 0 0 0 0 0 0 0 0 0 0 0 0 0 0 0 5.76999 5.76999 8.16001 6.16 14.32 6.16 6.16 8.16 8.16 13.93
0 0 0 0 0 0 0 0 0 0 0 0 0 21.9372 16.3177 106.08 103.69 97.9195 95.5295 89.7593 87.3693 81.599 79.209 73.4388 71.0489 65.2787 62.8888 57.1186 54.7288 48.9586 46.5687 40.7985 38.4086 32.6382 30.2483 24.4777 22.0871 16.3146 13.9201 8.14406 0 0 0 0 0 0 0 0 0 0 0 0 0 0 0 0 0 0 0 0 0 0 0 0 0 0 0 0 0 0 0 0 0 0 0 0 0 0 0 0 0 0 0 0 0 0 5.76999 5.76999 8.15999 12.32 12.32 12.32 12.32 13.93 14.32 16.32
0 0 0 0 0 0 0 0 0 0 0 0 0 13.927 109.627 111.849 106.08 102.857 94.8291 95.5295 89.7592 87.3692 81.599 79.2091 73.439 71.0491 65.2791 62.8892 57.1191 54.7293 48.9593 46.5693 40.7991 38.4091 32.6386 30.2484 24.4779 22.0872 16.3146 13.9191 8.14154 0 0 0 0 0 0 0 0 0 0 0 0 0 0 0 0 0 0 0 0 0 0 0 0 0 0 0 0 0 0 0 0 0 0 0 0 0 0 0 0 0 0 0 0 0 0 5.76998 5.76999 8.15999 13.93 16.32 19.7 19.7 20.09 25.434
0 0 0 0 0 0 0 0 0 0 0 0 0 13.7022 16.2909 114.216 110.46 22.0875 22.0892 97.9195 95.5294 89.7594 87.3694 81.5993 77.8092 72.039 66.2688 60.4985 54.7283 48.9582 46.5686 44.1789 40.799 30.2493 30.2495 32.6392 30.2488 24.4785 22.0881 16.3165 13.9216 8.14627 0 0 0 0 0 0 0 0 0 0 0 0 0 0 0 0 6.15986 5.76993 5.76996 0 0 0 0 0 5.76996 0 0 0 0 0 0 0 0 0 0 0 0 0 0 0 0 0 0 0 0 0 5.76998 5.76999 8.15998 13.93 16.32 22.0899 24.48 27.8596
0 0 0 0 0 0 0 0 0 0 0 0 0 0 12.0722 13.9262 22.0187 27.6401 106.073 24.4778 24.4779 92.5637 36.0194 81.1894 75.4192 69.6488 63.8786 58.101 52.3313 46.5681 40.7977 38.4079 36.0114 32.6284 30.14 22.0886 27.8583 22.0877 16.3169 13.9262 11.5339 0 0 0 0 0 0 0 0 0 0 0 0 0 0 0 0 5.76991 5.76997 5.76991 0 0 0 0 0 0 0 5.76996 0 0 0 0 0 0 0 0 0 0 0 0 0 0 0 0 0 0 0 0 0 5.76998 5.76998 8.15994 13.9299 16.32 22.09 22.09
0 0 0 0 0 0 0 0 0 0 0 0 0 0 0 0 13.9294 22.0053 16.3175 27.7098 22.0865 24.4764 89.3419 83.5799 77.8097 72.0395 61.481 55.7108 49.941 44.1714 38.4079 32.6372 30.2476 27.8249 24.4661 22.0873 24.4762 19.691 13.9275 8.15584 0 0 0 0 0 0 0 0 0 0 0 0 0 0 0 0 5.76997 0 0 0 0 0 0 0 0 0 0 0 0 0 0 0 0 0 0 0 0 0 0 0 0 0 0 0 0 0 0 0 0 0 5.76995 5.76997 8.15999 13.93 19.7 16.32
0 0 0 0 0 0 0 0 0 0 0 0 0 0 0 0 0 13.9297 13.9296 13.9294 16.3193 22.088 86.9597 81.19 75.4199 69.6497 63.8797 58.1094 47.5507 41.7812 36.0114 30.2478 24.4769 22.0874 19.6647 16.3052 13.9176 11.538 11.5341 2.10002 0 0 0 0 0 0 0 0 0 0 0 0 0 0 0 0 0 0 0 0 0 0 0 0 0 0 0 0 0 0 0 0 0 0 0 0 0 0 0 0 0 0 0 0 0 0 0 0 0 0 0 5.76991 5.76996 11.54 16.32 16.32
0 0 0 0 0 0 0 0 0 0 0 0 0 0 0 0 0 0 0 13.9294 13.9295 19.6987 89.286 83.58 77.8099 72.0398 61.4896 55.7196 45.1613 39.3911 33.6213 27.8515 22.0877 16.3166 13.9272 11.5377 0 0 5.7696 0 0 0 0 0 0 0 0 0 0 0 0 0 0 0 0 0 0 0 0 0 0 0 0 0 0 0 0 0 0 0 0 0 0 0 0 0 0 0 0 0 0 0 0 0 0 0 0 0 0 0 0 0 5.76988 8.15995 13.93 16.32
0 0 0 0 0 0 0 0 0 0 0 0 0 0 0 0 0 0 0 0 13.9296 30.2245 27.8588 27.8593 10.4343 85.9252 63.8798 53.3294 47.5596 37.0013 31.2312 25.4614 19.6915 13.9275 8.15701 0 0 0 0 0 0 0 0 0 0 0 0 0 0 0 0 0 0 0 0 0 0 0 0 0 0 0 0 0 0 0 0 0 0 0 0 0 0 0 0 0 0 0 0 0 0 0 0 0 0 0 0 0 0 0 0 0 0 5.76987 11.5399 16.32
0 0 0 0 0 0 0 0 0 0 0 0 0 0 0 0 0 0 0 0 13.9298 27.8425 13.929 10.4336 10.4338 10.4336 101.582 30.2489 49.9493 34.6115 28.8415 23.0713 17.3015 11.5336 5.7455 0 0 0 0 0 0 0 0 0 0 0 0 0 0 0 0 0 0 0 0 0 0 0 0 0 0 0 0 0 0 0 0 0 0 0 0 0 0 0 0 0 0 0 0 0 0 0 0 0 0 0 0 0 0 0 0 0 0 0 11.5399 13.93
