tests/full-run-ref/erosion_2010_78_21_-27.869.asc
ncols 512
nrows 512
xllcorner -3.24582
yllcorner -4.08743
cellsize 5
NODATA_value -99999
[rows 180 to 215 of 512, columns 164 to 245 of 512]
5.77 5.7545 11.5176 5.74524 5.77 5.77 5.77 5.77 5.77 5.77 5.77 5.77 5.77 5.77 5.77 5.77 5.77 5.77 5.77 5.57019 6.84681 11.7777 17.5138 23.3095 29.1082 34.9139 40.7306 46.5834 52.486 58.338 64.2908 70.1962 76.0069 84.6746 87.0708 84.5522 79.386 73.4608 67.6011 61.758 55.9165 50.0615 44.4523 38.6247 36.3839 34.0075 31.0011 28.6155 26.3037 24.7721 27.6069 25.2602 25.7304 22.666 16.7985 11.2126 11.5225 11.5399 11.5399 11.54 11.54 11.5399 11.5321 11.5201 11.4758 11.5058 11.4619 5.70504 5.77 5.77 5.77 5.77 5.77 5.77 5.77 5.74074 8.03244 13.8326 14.2331 13.7584 11.7773 11.416
5.77 5.75174 11.5085 5.73664 5.75605 5.77 5.77 5.77 5.77 5.77 5.77 5.77 5.77 5.77 5.77 5.77 5.77 5.77 5.77 5.73006 4.74021 8.91282 14.6469 20.4678 26.2868 32.1142 37.954 43.8312 49.7323 55.6858 61.7278 67.5007 76.0674 82.8763 85.4595 83.0253 80.6598 76.0559 70.2269 64.3513 58.4946 52.9013 47.1217 44.8408 42.4551 39.4268 37.0183 34.6942 32.4485 34.1549 33.5186 32.3307 30.8416 25.0098 19.1897 13.4201 11.3524 11.3922 11.4802 11.5121 11.5256 11.5238 11.5041 11.4865 11.4652 13.8934 11.4075 5.69088 5.77 5.77 5.77 5.77 5.77 5.77 5.77 5.76028 5.66548 11.3381 17.165 19.5762 17.1382 11.3198
5.77 5.75087 11.5196 8.07588 5.73371 5.77 5.77 5.77 5.77 5.77 5.77 5.77 5.77 5.77 5.77 5.77 5.77 5.77 5.77 5.77 4.96205 9.2812 15.0444 20.7988 26.5947 32.4123 38.2327 44.0834 49.9775 55.8683 61.9045 67.7125 74.2082 77.5325 79.3602 76.8939 74.5726 72.3044 70.0374 66.8766 61.3332 55.6182 53.2123 50.8289 47.8958 45.4628 43.1304 39.0285 36.8265 34.4583 32.0461 29.6956 27.3317 24.9816 19.392 13.5552 7.76862 5.59395 5.70808 8.06739 12.2682 12.2436 12.1962 13.8279 13.2242 16.2746 11.3609 5.67914 5.77 5.77 5.77 5.77 5.77 5.77 5.77 5.77 5.65064 11.2223 17.0596 22.9183 17.0872 11.2572
5.77 5.75048 11.5171 11.4753 5.72229 5.77 5.77 5.77 5.77 5.77 5.77 5.77 5.77 5.77 5.77 5.77 5.77 5.77 5.77 5.77 5.09304 9.73462 13.8313 18.9453 24.7456 30.5732 36.4024 42.2729 48.1744 54.087 60.1399 65.9799 68.7837 74.8841 73.1962 70.7527 68.46 66.167 63.8763 61.6075 59.4653 58.4093 58.88 56.2609 53.8453 48.2299 42.179 36.1547 30.1996 28.0107 25.831 23.6297 21.3694 19.0425 16.8464 11.1781 5.55718 5.75506 5.7655 5.7189 11.4613 17.2612 16.2355 13.8289 11.4014 13.8212 11.3628 5.67118 5.77 5.77 5.77 5.77 5.77 5.77 5.77 5.75268 5.5679 11.1002 16.9951 21.7219 16.0714 11.2721
5.7661 5.74133 11.5134 8.06034 5.73537 5.77 5.77 5.77 5.77 5.77 5.77 5.77 5.77 5.77 5.77 5.77 5.77 5.77 5.77 5.77 5.42282 5.86787 10.8134 16.2527 22.1148 28.0165 33.9101 39.8579 45.8239 51.8407 57.8892 60.4501 62.6981 69.6963 66.8454 64.4614 62.2525 60.0203 57.749 55.4534 53.2327 52.0863 52.6728 50.2252 47.8873 45.6219 39.7538 33.5601 27.4434 21.354 19.3288 17.4197 15.3278 13.0804 10.9369 11.3911 5.65822 5.76746 5.77 5.74141 11.4729 17.2733 13.8169 7.99322 5.66128 8.03597 11.4047 5.67979 5.77 5.77 5.77 5.77 5.77 5.77 5.77 5.71468 7.78807 13.5902 19.0775 15.8424 13.418 7.86057
5.75719 8.10673 11.4802 5.71631 5.75622 5.77 5.77 5.77 5.77 5.77 5.77 5.77 5.77 5.77 5.77 5.77 5.76908 5.76857 5.76914 5.77 5.70852 4.29142 8.0181 13.8783 19.8081 25.772 31.7745 37.8634 43.9322 49.8023 52.2547 54.3816 60.2609 63.6235 60.7641 58.091 55.8819 53.7557 51.5642 49.2973 47.0678 45.9465 46.6354 44.1624 41.7812 39.5914 37.3983 31.3613 25.0361 18.7242 12.4274 10.7537 9.87076 7.17904 5.35728 7.93163 8.12807 5.76508 5.77 5.73908 11.4721 16.1313 11.3996 5.67535 5.75413 5.7256 8.11815 5.71113 5.77 5.77 5.77 5.77 5.77 5.77 5.77 5.70078 8.15875 13.9819 13.1749 10.8678 7.59324 5.63012
5.73331 11.4953 13.8531 8.05746 5.7559 5.77 5.77 5.77 5.77 5.77 5.77 5.77 5.77 5.77 5.77 5.77 5.75375 6.13242 5.75455 5.77 5.77 4.77199 8.85832 14.6701 20.6155 26.617 32.6538 38.6906 42.0172 43.9094 46.0749 52.2598 54.7306 57.67 54.4834 51.8913 49.4057 47.3069 45.2461 43.0663 40.856 39.7765 40.5824 38.0923 35.6828 33.4633 32.1291 29.1458 22.9475 16.4837 10.0113 4.37363 4.53889 5.57927 5.71894 5.72494 5.73789 5.76999 5.76102 5.7175 11.4668 13.7279 7.87371 5.71996 5.77 5.7616 5.76085 5.75059 5.77 5.77 5.77 5.77 5.77 5.77 5.77 5.7353 5.74596 11.6377 7.27062 5.4747 5.68794 5.75254
8.07408 13.8784 11.4332 5.71025 5.75771 5.77 5.77 5.77 5.77 5.77 5.77 5.77 5.77 5.77 5.77 5.77 5.74137 11.5135 5.74263 5.77 5.77 5.03961 9.59069 15.4556 21.4682 27.3736 31.5521 33.6496 35.5418 37.6864 44.0259 46.287 52.6917 56.1024 48.0153 45.3039 43.0464 40.723 38.7186 36.6861 34.5616 33.5592 34.5016 31.9984 29.5606 27.3075 26.0002 26.1087 21.0753 14.873 8.34809 4.16337 5.70865 5.77 5.77 5.77 5.77 5.76627 8.15219 8.09532 13.8664 11.3353 5.61573 5.7369 5.76165 5.77 5.77 5.77 5.77 5.77 5.77 5.77 5.77 5.77 5.77 5.76778 5.58558 11.2058 5.50162 5.74707 5.77 5.77
13.8494 16.2709 11.3989 5.71396 5.77 5.77 5.77 5.77 5.77 5.77 5.77 5.77 5.77 5.77 5.77 5.77 5.74771 8.13055 5.74828 5.77 5.77 5.25987 10.2293 16.2271 21.6576 23.4015 25.1844 27.164 29.3205 35.6844 38.0319 44.3246 50.4158 53.9439 46.3471 38.4742 36.1179 34.1888 32.0207 30.0687 28.1011 27.4008 28.5255 25.8795 23.3815 21.1298 19.7725 19.9855 18.0088 14.9019 10.195 5.10862 5.77 5.77 5.77 5.77 5.77 5.76617 5.75529 8.09709 13.8767 13.6905 7.83812 8.03039 5.69131 5.71161 5.73604 5.74923 5.77 5.77 5.77 5.77 5.77 5.77 5.77 5.75116 5.7002 7.69169 5.68835 5.77 5.77 5.77
16.2508 17.1849 11.3685 5.70753 5.77 5.77 5.77 5.77 5.77 5.77 5.77 5.77 5.77 5.77 5.77 5.77 5.7598 5.75764 5.76194 5.77 5.77 5.44535 10.8539 16.654 15.4241 16.9581 18.7359 20.9319 27.3944 29.7131 36.161 42.2855 44.6536 50.7566 44.8611 37.1365 28.9009 26.8866 25.2923 23.2338 21.3529 20.873 24.948 19.8192 17.0943 14.8282 13.6362 13.871 11.8542 9.93851 6.90368 5.5516 5.77 5.77 5.77 5.77 5.77 5.77 5.76633 5.72403 11.4569 16.1158 13.7126 13.6888 7.84793 11.4339 7.93903 5.69572 5.77 5.77 5.77 5.77 5.77 5.77 5.77 5.7451 7.71956 5.72065 5.75586 5.77 5.77 5.77
22.0248 17.1618 11.3492 5.6943 5.75734 5.77 5.77 5.77 5.77 5.77 5.77 5.77 5.77 5.77 5.77 5.77 5.77 5.77 5.77 5.77 5.77 5.60005 11.2765 10.5389 8.98638 10.5159 12.4913 19.092 21.4086 27.8784 34.126 36.5488 38.9755 44.9439 43.0912 35.9506 27.9181 19.2544 17.5817 16.3657 14.4893 14.0645 18.8949 18.2129 10.7774 8.43065 7.44035 9.457 6.23987 5.11491 5.60054 5.74377 5.77 5.77 5.77 5.77 5.77 5.77 5.77 5.75088 8.81899 11.4323 12.6787 15.0926 15.9911 16.0834 11.2563 5.62471 5.77 5.77 5.77 5.77 5.77 5.77 5.77 5.75251 5.73793 5.75404 5.77 5.77 5.77 5.77
21.923 16.1151 13.7388 8.05365 5.75428 5.77 5.77 5.77 5.77 5.77 5.77 5.77 5.77 5.77 5.77 5.77 5.77 5.77 5.77 5.77 5.77 5.69801 7.90678 5.12999 4.23276 4.84775 10.995 13.1133 19.6497 25.8352 28.3067 30.7521 36.6258 39.0291 40.9197 34.354 27.1119 18.6379 9.48019 8.29987 8.2445 7.43993 12.1477 14.9878 9.83696 3.20142 4.06043 5.095 5.52322 5.73312 5.77 5.77 5.77 5.77 5.77 5.77 5.77 5.77 5.77 5.76301 5.74545 5.70228 6.85451 12.6545 16.2194 17.0686 11.1984 5.593 5.77 5.77 5.77 5.77 5.77 5.77 5.77 5.77 5.77 5.77 5.77 5.77 5.77 5.77
19.4584 13.6682 7.88671 5.70971 5.75575 5.77 5.77 5.77 5.77 5.77 5.77 5.77 5.77 5.77 5.77 5.77 5.77 5.77 5.77 5.77 5.77 5.74589 5.76936 5.73953 5.68577 4.79878 5.58567 11.6986 18.0968 19.9741 22.4298 28.6761 30.7857 33.0628 35.6983 32.4233 25.6846 18.2442 9.37129 0.912607 1.54726 1.42192 6.15718 8.82747 10.2827 4.59029 5.59108 5.77 5.77 5.77 5.77 5.77 5.77 5.77 5.77 5.77 5.77 5.77 5.77 5.77 5.77 5.76604 5.72219 7.98114 13.7813 16.9589 11.0708 5.61847 5.77 5.77 5.77 5.77 5.77 5.77 5.77 5.77 5.77 5.77 5.77 5.77 5.77 5.77
17.014 11.1875 5.62713 5.76062 5.77 5.77 5.77 5.77 5.77 5.77 5.77 5.77 5.77 5.77 5.77 5.77 5.77 5.77 5.77 5.77 5.77 5.72762 8.09023 5.70463 5.77 5.69579 4.81255 10.2173 12.1526 14.0614 20.419 23.7041 24.8407 27.157 29.8677 31.1519 24.3741 17.6912 10.1773 2.43037 1.34529 4.02394 4.24452 4.82967 5.36762 8.04693 5.75044 5.77 5.77 5.77 5.77 5.77 5.77 5.77 5.77 5.77 5.77 5.77 5.77 5.77 5.77 5.77 5.75876 5.65803 11.3799 17.0346 11.1592 5.66966 5.77 5.77 5.77 5.77 5.77 5.77 5.77 5.77 5.76506 5.76199 5.76566 5.77 5.77 5.77
16.9827 11.1657 5.6467 5.77 5.77 5.77 5.77 5.77 5.77 5.77 5.77 5.77 5.77 5.77 5.77 5.77 5.77 5.77 5.77 5.77 5.76242 5.67215 11.371 5.61782 5.75303 5.77 5.68581 5.05602 6.35202 12.5694 16.0924 17.6206 18.8344 21.0723 27.393 30.9018 23.9974 17.3875 10.7828 4.116 3.4224 5.39251 5.7306 5.76233 5.7361 5.75215 5.73704 5.7472 5.74638 5.73027 5.71221 5.71965 5.73299 5.74789 5.77 5.77 5.77 5.77 5.77 5.77 5.77 5.77 5.74066 8.02457 13.8237 15.5447 11.284 5.69052 5.77 5.77 5.77 5.77 5.77 5.77 5.77 5.77 5.76092 8.06936 5.74796 5.76467 5.77 5.77
16.9146 11.0976 5.62662 5.77 5.77 5.77 5.77 5.77 5.77 5.77 5.77 5.77 5.77 5.77 5.77 5.77 5.77 5.77 5.77 5.77 5.73289 7.93986 13.7049 7.80343 5.63759 5.75342 5.77 5.71804 5.15363 10.8719 10.0442 11.5655 12.7581 19.0187 25.1339 29.2681 27.2976 20.7148 14.4424 9.55795 4.11496 7.24024 5.43639 5.79725 5.83814 7.25422 7.93632 5.85268 7.74386 6.36306 11.4734 8.02043 11.4624 5.7201 5.77 5.77 5.77 5.77 5.77 5.77 5.77 5.77 5.71771 11.4656 11.3129 9.73561 11.4104 5.70855 5.77 5.77 5.77 5.77 5.77 5.77 5.77 5.77 5.76099 8.14735 8.04522 5.7413 5.76371 5.77
16.8482 11.0268 5.52087 5.72236 5.76173 5.77 5.77 5.77 5.77 5.77 5.77 5.77 5.77 5.77 5.77 5.77 5.77 5.77 5.77 5.7617 5.65173 11.2974 16.092 13.6025 7.78787 5.68991 5.77 5.77 5.7213 5.49717 4.85118 6.19513 12.2388 18.3953 20.8176 23.2719 29.4472 23.9579 18.9162 13.3635 11.305 13.0704 11.2344 11.5099 10.0024 8.12246 13.6545 12.1606 13.4968 7.75099 10.2062 12.6029 7.99663 5.70986 5.77 5.77 5.77 5.77 5.77 5.77 5.77 5.76133 5.72489 11.3277 5.67052 5.69499 11.4689 5.72549 5.77 5.77 5.77 5.77 5.77 5.77 5.77 5.77 5.76461 5.75297 8.13925 7.99785 5.71816 5.76264
19.2744 13.4952 7.67033 7.92072 5.70671 5.7621 5.76539 5.77 5.77 5.77 5.77 5.77 5.77 5.77 5.77 5.77 5.77 5.77 5.76468 5.70136 7.90426 13.6742 19.5387 16.0268 11.1698 5.61199 5.77 5.77 5.77 5.77 5.71063 5.0683 10.7488 12.8801 14.9357 21.0133 23.667 27.8419 22.2183 19.8032 17.4861 18.974 17.1093 17.3358 15.8224 15.8345 16.4164 15.9953 13.5875 10.1259 5.70527 10.2078 5.667 5.74891 5.77 5.77 5.77 5.77 5.77 5.77 5.77 5.75656 7.99142 5.73042 5.75156 5.75059 7.84071 5.74391 5.77 5.77 5.77 5.77 5.77 5.77 5.77 5.77 5.77 5.76324 5.71136 11.4628 7.88846 5.70314
21.7301 15.9604 13.5606 13.7659 8.09919 8.14674 5.75915 5.76476 5.77 5.77 5.77 5.77 5.77 5.77 5.77 5.77 5.77 5.77 5.7425 8.00751 13.7241 16.0871 21.9431 16.997 11.1292 5.57355 5.77 5.77 5.77 5.77 5.77 5.71777 5.39913 7.26262 13.1325 15.2625 21.1868 27.1226 28.3 25.8061 23.4001 24.813 22.957 23.2021 22.0474 21.75 19.3595 13.4914 7.66034 5.64492 5.72452 11.4347 5.69725 5.77 5.77 5.77 5.77 5.77 5.77 5.77 5.77 5.7476 5.75815 5.7621 5.77 5.76301 5.76034 5.76206 5.77 5.77 5.77 5.77 5.77 5.77 5.77 5.77 5.77 5.76374 8.08147 13.8521 13.6938 7.87485
22.7859 17.0585 13.8053 13.9259 13.9078 13.9195 8.14761 5.75815 5.77 5.77 5.77 5.77 5.77 5.77 5.77 5.77 5.77 5.76459 5.68969 11.334 16.0848 21.9048 22.8558 16.9707 11.1126 5.55974 5.77 5.77 5.77 5.77 5.77 5.77 5.74068 5.48485 7.33314 12.9596 18.8395 24.7798 30.6867 31.7107 31.244 30.6547 28.7849 23.714 21.3283 18.9387 16.898 11.0799 5.56086 5.75262 5.73959 5.73552 5.70726 5.77 5.77 5.77 5.77 5.77 5.77 5.77 5.77 5.77 5.77 5.77 5.77 5.77 5.77 5.77 5.77 5.77 5.77 5.77 5.77 5.77 5.77 5.77 5.77 5.76535 5.71451 11.4352 16.1264 11.3214
22.7408 17.0134 13.8098 13.9283 13.9284 13.9245 11.5259 5.749 5.77 5.77 5.77 5.77 5.77 5.77 5.77 5.77 5.767 5.73168 8.00799 13.7133 19.4983 24.3122 22.8232 16.9505 11.1004 5.5502 5.77 5.77 5.77 5.77 5.77 5.77 5.77 5.74177 5.36388 10.6701 16.5961 22.4584 28.344 34.1888 37.0889 32.8929 27.0318 21.1407 15.2465 12.9221 11.0113 11.22 5.67333 5.77 5.77 5.77 5.77 5.77 5.77 5.77 5.77 5.77 5.77 5.77 5.77 5.77 5.77 5.77 5.77 5.77 5.77 5.77 5.77 5.77 5.77 5.77 5.77 5.77 5.77 5.77 5.77 5.77 5.74756 8.0259 13.841 13.7114
22.7048 16.9822 13.7677 13.9283 13.9284 13.9249 11.5224 5.745 5.77 5.77 5.77 5.77 5.77 5.77 5.77 5.77 5.7661 8.10946 13.8259 16.1288 21.9046 27.7214 22.7862 16.93 11.0857 5.54235 5.77 5.77 5.77 5.77 5.77 5.77 5.77 5.77 5.54076 10.9005 15.4234 21.2133 27.0481 32.9206 34.7876 30.4445 24.5797 18.6785 12.7324 6.90573 5.38997 5.67581 5.71092 5.77 5.77 5.77 5.77 5.77 5.77 5.77 5.77 5.77 5.77 5.77 5.77 5.77 5.77 5.77 5.77 5.77 5.77 5.77 5.77 5.77 5.77 5.77 5.77 5.77 5.77 5.77 5.77 5.77 5.76528 5.69349 11.4021 16.1257
22.683 16.9633 13.7088 13.9282 13.9284 13.9242 11.52 5.74067 5.77 5.77 5.77 5.77 5.77 5.77 5.77 5.77 5.76763 5.70754 11.3596 17.1466 22.9305 28.6476 22.7544 16.9163 11.0686 5.53539 5.77 5.77 5.77 5.77 5.77 5.77 5.77 5.77 5.65297 7.37527 12.753 18.6265 24.5544 30.4521 28.8516 26.4725 22.2635 16.3859 10.4321 5.29117 5.74067 5.77 5.77 5.77 5.77 5.77 5.77 5.77 5.77 5.77 5.77 5.77 5.77 5.77 5.77 5.77 5.77 5.77 5.77 5.77 5.77 5.77 5.77 5.77 5.77 5.77 5.77 5.77 5.77 5.77 5.77 5.77 5.77 5.71287 11.3811 17.22
22.6701 16.9524 13.6537 13.9281 13.9284 13.9236 11.518 5.73561 5.77 5.77 5.77 5.77 5.77 5.77 5.77 5.77 5.76693 5.70277 11.3348 17.1205 22.9068 28.6413 22.7681 16.9073 11.0627 5.54383 5.77 5.77 5.77 5.77 5.77 5.77 5.77 5.77 5.74725 5.31787 10.3169 16.1902 22.0911 28.0931 22.8271 20.4371 18.2057 15.6936 10.8423 5.55539 5.77 5.77 5.77 5.77 5.77 5.77 5.77 5.77 5.77 5.77 5.77 5.77 5.77 5.77 5.77 5.77 5.77 5.77 5.77 5.77 5.77 5.77 5.77 5.77 5.77 5.77 5.77 5.77 5.77 5.77 5.77 5.77 5.77 5.72469 11.4056 16.2355
22.6652 16.9485 13.6009 13.9281 13.9284 13.9232 11.5167 5.73139 5.77 5.77 5.77 5.77 5.77 5.77 5.77 5.77 5.75518 8.06687 13.7607 19.5233 25.3093 28.6206 22.7618 16.9268 11.0519 5.56373 5.77 5.77 5.77 5.77 5.77 5.77 5.77 5.77 5.77 5.49555 10.7298 15.1483 21.1348 22.6985 20.0348 14.2908 12.04 10.5616 7.56259 5.68375 5.77 5.77 5.77 5.77 5.77 5.77 5.77 5.77 5.77 5.77 5.77 5.77 5.77 5.77 5.77 5.77 5.77 5.77 5.77 5.77 5.77 5.77 5.77 5.77 5.77 5.77 5.77 5.77 5.77 5.77 5.77 5.77 5.77 5.74748 8.03158 13.7969
22.6703 16.9534 13.55 13.928 13.9284 13.9232 11.5166 5.72737 5.77 5.77 5.77 5.77 5.77 5.77 5.77 5.77 5.74281 11.4647 16.1781 21.944 27.722 28.6354 22.7814 16.9519 11.1031 5.49714 5.76844 5.77 5.77 5.77 5.77 5.77 5.77 5.77 5.77 5.64484 7.37533 12.9674 18.9689 20.3359 13.9108 11.5575 6.0647 5.22678 5.67723 5.75269 5.77 5.77 5.77 5.77 5.77 5.77 5.77 5.77 5.77 5.77 5.77 5.77 5.77 5.77 5.77 5.77 5.77 5.77 5.77 5.77 5.77 5.77 5.77 5.77 5.77 5.77 5.77 5.77 5.77 5.77 5.77 5.77 5.77 5.76512 5.72053 7.99588
22.6922 16.9728 13.5015 13.928 13.9284 13.924 11.5184 5.72358 5.77 5.77 5.77 5.77 5.77 5.77 5.77 5.77 5.74183 11.4557 17.23 23.0042 28.7905 28.5136 22.643 16.7998 10.9408 5.59987 5.68659 5.753 5.77 5.77 5.77 5.77 5.77 5.77 5.77 5.74668 5.41513 10.7713 15.7261 18.0593 11.6341 5.62734 5.31497 5.73987 5.77 5.77 5.77 5.77 5.77 5.77 5.77001 5.77001 5.77001 5.77001 5.77001 5.77001 5.77001 5.77001 5.77001 5.77001 5.77001 5.77001 5.77001 5.77001 5.77001 5.77001 5.77001 5.77001 5.77001 5.77001 5.77 5.77 5.77 5.77 5.77 5.77 5.77 5.77 5.77 5.77 5.76444 5.68637
22.7284 17.0115 13.3907 13.9231 13.9167 13.9249 11.5222 5.7206 5.77 5.77 5.77 5.77 5.77 5.77 5.77 5.77 5.7462 11.4702 16.2068 21.9421 24.3232 30.1373 25.079 19.2232 13.4182 7.64083 8.04185 5.70553 5.76849 5.77 5.77 5.77 5.77 5.77 5.77 5.77 5.66513 7.55219 13.4405 16.3797 10.1328 5.05007 5.74183 5.77 5.77 5.77 5.77 5.77001 5.77001 5.77001 5.77001 5.77001 5.77001 5.77001 5.77001 5.77001 5.77001 5.77001 5.77001 5.77001 5.77001 5.77001 5.77001 5.77001 5.77001 5.77001 5.77001 5.77001 5.77001 5.77001 5.77 5.77 5.77 5.77 5.77 5.77 5.77 5.77 5.77 5.77 5.77 5.71742
21.649 15.8879 13.5068 10.4776 11.3861 11.5148 11.5276 5.72672 5.77 5.77 5.77 5.77 5.77 5.77 5.77 5.77 5.75809 8.09485 13.8257 16.1368 21.9249 27.727 27.5103 21.6938 15.8714 13.5219 11.2679 5.86572 5.74095 5.76699 5.77 5.77 5.77 5.77 5.77 5.77 5.75215 5.54547 11.213 16.2133 10.9397 5.53785 5.77 5.77 5.77 5.77001 5.77001 5.77001 5.77001 5.77001 5.77001 5.77001 5.77001 5.77001 5.77001 5.77001 5.77001 5.77001 5.77001 5.77001 5.77001 5.77001 5.77001 5.77001 5.77001 5.77001 5.77001 5.77001 5.77001 5.77001 5.77 5.77 5.77 5.77 5.77 5.77 5.77 5.77 5.77 5.77 5.77 5.72618
19.1962 13.401 7.38106 5.22874 5.42544 5.75183 5.71976 5.73774 5.77 5.77 5.77 5.77 5.77 5.77 5.77 5.77 5.76708 5.73636 8.03534 13.7529 19.5415 24.3007 29.9774 24.158 21.7443 19.3387 13.5416 7.7306 5.9196 5.72336 5.76275 5.77 5.77 5.77 5.77 5.77 5.77 5.72547 7.95157 13.8142 11.2375 5.65307 5.76474 5.77001 5.77001 5.77001 5.77001 5.77001 5.77001 5.77001 5.77001 5.77001 5.77001 5.77001 5.77001 5.77001 5.77001 5.77001 5.77001 5.77001 5.77001 5.77001 5.77001 5.77001 5.77001 5.77001 5.77001 5.77001 5.77001 5.77001 5.77 5.77 5.77 5.77 5.77 5.77 5.77 5.77 5.77 5.77 5.77 5.73627
16.8305 11.0222 5.43935 5.74333 5.77 5.77 5.77 5.77 5.77 5.77 5.77 5.77 5.77 5.77 5.77 5.77 5.77 5.76543 5.70878 11.3889 16.1138 21.9012 24.3269 29.9843 27.5564 21.7643 15.9382 13.5632 7.84928 8.08561 5.74702 5.77 5.77 5.77 5.77 5.77 5.77 5.76331 5.70641 11.4717 11.4916 8.01148 5.75132 5.76865 5.77001 5.77001 5.77001 5.77001 5.77001 5.77001 5.77001 5.77001 5.77001 5.77001 5.77001 5.77001 5.77001 5.77001 5.77001 5.77001 5.77001 5.77001 5.77001 5.77001 5.77001 5.77001 5.77001 5.77001 5.77001 5.77001 5.77 5.77 5.77 5.77 5.77 5.77 5.77 5.77 5.77 5.77 5.76741 5.74024
16.8565 11.0561 5.54098 5.76806 5.77 5.77 5.77 5.77 5.77 5.77 5.77 5.77 5.77 5.77 5.77 5.77 5.77 5.77 5.75006 8.05167 13.7808 16.123 21.9218 27.7152 30.0091 24.1794 21.7867 16.05 13.6953 11.4177 5.7214 5.77 5.77 5.77 5.77 5.77 5.77 5.77 5.76267 5.74949 5.7357 8.15053 8.12007 5.76291 5.76869 5.77001 5.77001 5.77001 5.77001 5.77001 5.77001 5.77001 5.77001 5.77001 5.77001 5.77001 5.77001 5.77001 5.77001 5.77001 5.77001 5.77001 5.77001 5.77001 5.77001 5.77001 5.77001 5.77001 5.77001 5.77001 5.77001 5.77 5.77 5.77 5.77 5.77 5.77 5.77 5.77 5.77 5.76779 8.13568
16.807 11.0119 5.84833 5.75029 5.76935 5.77 5.77 5.77 5.77 5.77 5.77 5.77 5.77 5.77 5.77 5.77 5.77 5.77 5.76509 5.72513 8.00917 13.741 19.5336 25.321 31.129 29.9996 24.2363 19.4579 13.6851 7.89947 5.665 5.76898 5.77 5.77 5.77 5.77 5.77 5.77 5.77 5.77 5.76732 5.76367 8.15543 8.11826 5.75911 5.76849 5.77001 5.77001 5.77001 5.77001 5.77001 5.77001 5.77001 5.77001 5.77001 5.77001 5.77001 5.77001 5.77001 5.77001 5.77001 5.77001 5.77001 5.77001 5.77001 5.77001 5.77001 5.77001 5.77001 5.77001 5.77001 5.77 5.77 5.77 5.77 5.77 5.77 5.77 5.77 5.77 5.76849 5.74928
16.8381 11.0458 5.72459 6.15953 5.76937 5.76968 5.76957 5.77 5.77 5.77 5.77 5.77 5.77 5.77 5.77 5.77 5.77 5.77 5.77 5.76448 5.6885 11.3422 17.1361 22.9266 28.7323 27.5899 21.7926 15.9983 11.2183 5.84467 6.14272 5.76592 5.76953 5.77 5.77 5.77 5.77 5.77 5.77 5.77 5.77 5.76872 5.76007 11.5277 8.1015 5.75518 5.76837 5.77001 5.77001 5.77001 5.77001 5.77001 5.77001 5.77001 5.77001 5.77001 5.77001 5.77001 5.77001 5.77001 5.77001 5.77001 5.77001 5.77001 5.77001 5.77001 5.77001 5.77001 5.77001 5.77001 5.77001 5.77 5.77 5.77 5.77 5.77 5.77 5.77 5.77 5.77 5.77 5.7668
16.8686 11.0769 5.8257 6.15986 6.1596 6.15962 5.76955 5.77 5.77 5.77 5.77 5.77 5.77 5.77 5.77 5.77 5.77 5.77 5.77 5.77 5.71105 11.3551 17.1443 22.9347 28.7518 25.1728 19.3386 13.5457 7.79381 6.0649 6.15841 6.15792 5.76961 5.77 5.77 5.77 5.77 5.77 5.77 5.77 5.77 5.77 5.76168 11.5242 13.875 8.09078 5.75403 5.76828 5.77001 5.77001 5.77001 5.77001 5.77001 5.77001 5.77001 5.77001 5.77001 5.77001 5.77001 5.77001 5.77001 5.77001 5.77001 5.77001 5.77001 5.77001 5.77001 5.77001 5.77001 5.77001 5.77001 5.77 5.77 5.77 5.77 5.77 5.77 5.77 5.77 5.77 5.77 5.77
16.894 11.1028 5.92895 6.15987 6.15938 5.7695 5.76952 5.77 5.77 5.77 5.77 5.77 5.77 5.77 5.77 5.77 5.77 5.77 5.77 5.77 5.70958 11.3591 17.1459 22.9374 28.6196 22.7523 16.9193 11.0941 5.86472 6.14027 6.15806 5.7677 5.76979 5.77 5.77 5.77 5.77 5.77 5.77 5.77 5.77 5.77 5.76518 8.13628 13.9142 13.8675 8.08354 5.7531 5.76819 5.77001 5.77001 5.77001 5.77001 5.77001 5.77001 5.77001 5.77001 5.77001 5.77001 5.77001 5.77001 5.77001 5.77001 5.77001 5.77001 5.77001 5.77001 5.77001 5.77001 5.77001 5.77 5.77 5.77 5.77 5.77 5.77 5.77 5.77 5.76862 5.76789 5.76795 5.77
