tests/full-run-ref/erosion_86_12_73.390.asc
ncols 512
nrows 512
xllcorner -3.24582
yllcorner -4.08743
cellsize 5
NODATA_value -99999
[rows 198 to 230 of 512, columns 0 to 73 of 512]
10.77 5.77008 5.77016 5.77016 5.77007 5.77007 5.77009 5.77007 5.77008 5.77007 5.77008 5.77008 5.77008 5.77006 5.77007 5.77007 5.77008 5.77008 5.77008 5.77008 4.99999 5.77013 5.77016 5.77017 5.77018 5 5.77018 5 5.77018 5.77018 5.77018 5.77018 5 5.77018 5.77018 5.77018 5.77018 5.77018 5.77018 5.77018 5.77018 5.77018 5.77018 5.77018 5.77018 5.77018 5.77018 5.77018 5.77018 5.77018 5.77018 5.77018 5.77018 5.77018 5.77018 5 5.77018 5.77018 5.77018 5.77018 5 5.77018 5 5.77018 5.77018 5.77016 5.77016 5.77016 5.77016 5.77016 5.77016 5.77016 5.77016 5.77016
10.77 5 5.77016 5 5.77014 4.99996 5.77007 4.99999 5.77007 4.99999 5.77008 5 5.77003 4.99996 5.77005 4.99999 5.77007 4.99998 5.77005 4.99998 5.77005 5.7701 4.99999 5.77017 5.77018 5.77018 5.77018 5.77018 5.77018 5 5.77018 5.77018 5.77018 5.77018 5 5.77018 5 5.77018 5 5.77018 5 5.77018 5 5.77018 5 5.77018 5 5.77018 5 5.77018 5 5.77018 5 5.77018 5.77018 5.77018 5.77018 5 5.77018 5.77018 5.77018 5.77018 5.77018 5.77018 5 5.77016 5 5.77016 5 5.77016 5 5.77016 5 5.77016
13.16 8.15985 5.77008 5.77016 5.77016 5.77 5.77008 5.77008 5.77007 5.77007 5.77008 5.77008 5.77001 5.77016 5.77008 5.77014 5.77008 5.77013 5.77015 5.77014 5.77014 5.77015 5.77015 5.77017 5 5.77018 5 5.77018 5.77018 5.77018 5.77018 5 5.77018 5.77018 5.77018 5.77018 5.77018 5.77018 5.77018 5.77018 5.77018 5.77018 5.77018 5.77018 5.77018 5.77018 5.77018 5.77018 5.77018 5.77018 5.77018 5.77018 5.77018 5.77018 5 5.77018 5.77018 5.77018 5.77018 5 5.77018 5 5.77018 5.77016 5.77016 5.77016 5.77016 5.77016 5.77016 5.77016 5.77016 5.77016 5.77016 5.77016
13.16 8.15985 5 5.77008 5.77016 4.99992 5.77008 4.99999 5.77009 4.99999 5.77008 5 5.77003 4.99996 5.77007 4.99999 5.77007 4.99998 5.77006 4.99997 5.77007 4.99997 5.77009 5.77016 5.77017 5.77018 5.77018 5.77018 5 5.77018 5.77018 5.77018 5.77018 5 5.77018 5 5.77018 5 5.77018 5 5.77018 5 5.77018 5 5.77018 5 5.77018 5 5.77018 5 5.77018 5 5.77018 5.77018 5.77018 5.77018 5 5.77018 5.77018 5.77018 5.77018 5.77018 5.77016 5 5.77016 5 5.77016 5 5.77016 5 5.77016 5 5.77016 5
10.77 5.77008 5.77016 5.77016 5.77016 5.77004 5.77005 5.77001 5.77001 5.77 5.77002 5.77001 5.77005 5.77005 5.77014 5.77006 5.77007 5.77011 5.77007 5.77008 5.77008 5.77007 5.7701 4.99998 5.77017 5 5.77018 5.77018 5.77018 5.77018 5 5.77018 5.77018 5.77018 5.77018 5.77018 5.77018 5.77018 5.77018 5.77018 5.77018 5.77018 5.77018 5.77018 5.77018 5.77018 5.77018 5.77018 5.77018 5.77018 5.77018 5.77018 5.77018 5 5.77018 5.77018 5.77018 5.77018 5 5.77018 5 5.77018 5.77016 5.77016 5.77016 5.77016 5.77016 5.77016 5.77016 5.77016 5.77016 5.77016 5.77016 5.77016
10.77 5 5.77016 5 5.77016 5 5.77016 5 5.77016 5 5.77016 4.99997 5.77013 4.99999 5.77008 4.99998 5.77007 4.99999 5.77007 5 5.77007 4.99998 5.77008 5.77016 5.77017 5.77018 5.77018 5 5.77018 5.77018 5.77018 5.77018 5 5.77018 5 5.77018 5 5.77018 5 5.77018 5 5.77018 5 5.77018 5 5.77018 5 5.77018 5 5.77018 5 5.77018 5.77018 5.77018 5.77018 5 5.77018 5.77018 5.77018 5.77018 5.77018 5.77016 5 5.77016 5 5.77016 5 5.77016 5 5.77016 5 5.77016 5 5.77016
10.77 5.77008 5.77016 5.77016 5.77016 5.77003 5.77004 5.77003 5.77003 5.77 5.76999 5.77 5.77003 5.77005 5.77014 5.77007 5.77008 5.77013 5.77007 5.77007 5.77008 5.77013 5.77014 4.99999 5.77017 5 5.77018 5.77018 5.77018 5 5.77018 5.77018 5.77018 5.77018 5.77018 5.77018 5.77018 5.77018 5.77018 5.77018 5.77018 5.77018 5.77018 5.77018 5.77018 5.77018 5.77018 5.77018 5.77018 5.77018 5.77018 5.77018 5 5.77018 5.77018 5.77018 5.77018 5 5.77018 5 5.77018 5.77016 5.77016 5.77016 5.77016 5.77016 5.77016 5.77016 5.77016 5.77016 5.77016 5.77016 5.77016 5.77016
10.77 5 5.77016 5.77016 5.77016 4.99995 5.77008 5 5.77008 5 5.77008 5 5.77007 4.99995 5.77005 4.99998 5.77007 4.99999 5.77014 5 5.77012 4.99998 5.77014 5.77017 5.77016 5.77017 5.77018 5 5.77018 5.77018 5.77018 5 5.77018 5 5.77018 5 5.77018 5 5.77018 5 5.77018 5 5.77018 5 5.77018 5 5.77018 5 5.77018 5 5.77018 5.77018 5.77018 5.77018 5 5.77018 5.77018 5.77018 5.77018 5.77018 5.77016 5 5.77016 5 5.77016 5 5.77016 5 5.77016 5 5.77016 5 5.77016 5
10.77 5.77008 5.77016 5.77016 5.77003 5.77006 5.77005 5.77004 5.77006 5.77003 5.77007 5.77007 5.77008 5.77008 5.77008 5.77008 5.77008 5.7701 5.77007 5.77007 5.77007 5.77007 5.77013 4.99998 5.77015 5 5.77018 5.77018 5.77018 5 5.77018 5.77018 5.77018 5.77018 5.77018 5.77018 5.77018 5.77018 5.77018 5.77018 5.77018 5.77018 5.77018 5.77018 5.77018 5.77018 5.77018 5.77018 5.77018 5.77018 5.77018 5 5.77018 5.77018 5.77018 5.77018 5 5.77018 5 5.77018 5.77016 5.77016 5.77016 5.77016 5.77016 5.77016 5.77016 5.77016 5.77016 5.77016 5.77016 5.77016 5.77016 5.77016
10.77 5 5.77016 5.77013 5.77016 5 5.77016 5 5.77014 4.99996 5.77009 4.99998 5.77007 4.99999 5.77007 5 5.77007 5 5.77007 4.99999 5.77007 4.99999 5.77007 5.77008 5.77013 5.77016 5.77018 5 5.77018 5.77018 5.77018 5 5.77018 5 5.77018 5 5.77018 5 5.77018 5 5.77018 5 5.77018 5 5.77018 5 5.77018 5 5.77018 5 5.77018 5.77018 5.77018 5 5.77018 5.77018 5.77018 5.77018 5.77018 5.77016 5 5.77016 5 5.77016 5 5.77016 5 5.77016 5 5.77016 5 5.77016 5 5.77016
10.77 5.77008 5.77008 5.77016 5.77016 5.77006 5.77007 5.77007 5.77007 5.77005 5.77007 5.77007 5.77008 5.77007 5.77009 5.77007 5.77007 5.77011 5.77008 5.77012 5.77008 5.7701 5.77008 5 5.77006 5.77013 5.77017 5.77018 5.77018 5 5.77018 5.77018 5.77018 5.77018 5.77018 5.77018 5.77018 5.77018 5.77018 5.77018 5.77018 5.77018 5.77018 5.77018 5.77018 5.77018 5.77018 5.77018 5.77018 5.77018 5.77018 5 5.77018 5.77018 5.77018 5 5.77018 5 5.77018 5.77016 5.77016 5.77016 5.77016 5.77016 5.77016 5.77016 5.77016 5.77016 5.77016 5.77016 5.77016 5.77016 5.77016 5.77016
13.16 8.1597 5.77008 5.77016 5.77016 5.77009 5 5.77016 4.99999 5.77008 5 5.77008 5 5.77007 4.99999 5.77007 5 5.77007 5 5.77007 5 5.77008 5.77007 5.77011 5.77007 5.77014 5 5.77018 5.77018 5.77018 5.77018 5 5.77018 5 5.77018 5 5.77018 5 5.77018 5 5.77018 5 5.77018 5 5.77018 5 5.77018 5 5.77018 5 5.77018 5.77018 5.77018 5 5.77018 5.77018 5.77018 5.77018 5.77016 5 5.77016 5 5.77016 5 5.77016 5 5.77016 5 5.77016 5 5.77016 5 5.77016 5
10.77 5 5.77008 5.77016 4.99999 5.77016 5.77006 5.77007 5.77002 5.77008 5.77008 5.77008 5.77008 5.77008 5.77007 5.77006 5.77007 5.77007 5.77011 5.77008 5.77011 5.77007 5 5.77007 4.99999 5.77013 5.77016 5.77018 5.77018 5 5.77018 5.77018 5.77018 5.77018 5.77018 5.77018 5.77018 5.77018 5.77018 5.77018 5.77018 5.77018 5.77018 5.77018 5.77018 5.77018 5.77018 5.77018 5.77018 5.77018 5.77018 5 5.77018 5.77018 5.77018 5 5.77018 5 5.77018 5.77016 5.77016 5.77016 5.77016 5.77016 5.77016 5.77016 5.77016 5.77016 5.77016 5.77016 5.77016 5.77016 5.77016 5.77016
10.77 5.77 5.77016 5.77016 5.77008 5.77006 5.77012 5.77016 5.77009 4.99999 5.77006 4.99997 5.77004 5 5.77005 5.77011 4.99999 5.77007 5 5.77008 4.99999 5.77007 5.77008 5.77007 5.77012 5.77006 5.77014 5.77018 5.77015 5.77018 5.77018 5 5.77018 5 5.77018 5 5.77018 5 5.77018 5 5.77018 5 5.77018 5 5.77018 5 5.77018 5 5.77018 5 5.77018 5.77018 5.77018 5 5.77018 5.77018 5.77018 5.77018 5.77016 5 5.77016 5 5.77016 5 5.77016 5 5.77016 5 5.77016 5 5.77016 5 5.77016 5
10.77 5 5.77016 4.99997 5.77007 5.77015 4.99993 5.77005 5.77007 5.77014 5.77007 5.77015 5.77004 5.77008 5.77007 5.77006 5.77007 5.77011 5.77008 5.77011 5.77007 5.77008 4.99999 5.77008 4.99999 5.7701 5.77016 5.77015 5.77018 5.77018 5.77018 5.77018 5.77018 5.77018 5.77018 5.77018 5.77018 5.77018 5.77018 5.77018 5.77018 5.77018 5.77018 5.77018 5.77018 5.77018 5.77018 5.77018 5.77018 5.77018 5.77018 5 5.77018 5.77018 5.77018 5 5.77018 5 5.77018 5.77016 5.77016 5.77016 5.77016 5.77016 5.77016 5.77016 5.77016 5.77016 5.77016 5.77016 5.77016 5.77016 5.77016 5.77016
10.77 5.77 5.77016 5.77008 5.77007 5.77005 5.77008 5.77008 4.99998 5.77007 4.99999 5.77006 4.99998 5.77008 5 5.77008 4.99998 5.77007 4.99999 5.77007 4.99999 5.77008 5.7701 5.77009 5.77006 5.77007 5.77016 5.77017 5.77018 5.77018 5 5.77018 5 5.77018 5 5.77018 5 5.77018 5 5.77018 5 5.77018 5 5.77018 5 5.77018 5 5.77018 5 5.77018 5.77018 5.77018 5.77018 5 5.77018 5.77018 5.77018 5.77018 5.77016 5 5.77016 5 5.77016 5 5.77016 5 5.77016 5 5.77016 5 5.77016 5 5.77016 5
10.77 5 5.77016 4.99998 5.77016 5 5.77008 5.77008 5.77008 5.77008 5.77008 5.77003 5.77006 5.77007 5.77007 5.77007 5.77006 5.77013 5.77007 5.77008 5.77007 5.77008 4.99999 5.77007 5.7701 5.77012 4.99999 5.77016 5.77018 5.77017 5.77018 5.77018 5.77018 5.77018 5.77018 5.77018 5.77018 5.77018 5.77018 5.77018 5.77018 5.77018 5.77018 5.77018 5.77018 5.77018 5.77018 5.77018 5.77018 5.77018 5 5.77018 5.77018 5.77018 5.77018 5.77018 5 5.77018 5.77016 5.77016 5.77016 5.77016 5.77016 5.77016 5.77016 5.77016 5.77016 5.77016 5.77016 5.77016 5.77016 5.77016 5.77016 5.77016
9.82644 5.77 5.77016 5.7701 5.77006 5.77005 5.77008 5 5.77008 5 5.77004 5.77016 4.99999 5.77005 5.77012 4.99996 5.77006 4.99998 5.77007 5.7701 4.99999 5.77008 5.77006 5.77007 4.99998 5.77013 5.77017 5.77017 5.77017 5.77018 5.77018 5 5.77018 5 5.77018 5 5.77018 5 5.77018 5 5.77018 5 5.77018 5 5.77018 5 5.77018 5 5.77018 5.77018 5.77018 5.77018 5 5.77018 5 5.77018 5.77018 5.77016 5 5.77016 5 5.77016 5 5.77016 5 5.77016 5 5.77016 5 5.77016 5 5.77016 5 5.77016
10.77 5 5.77016 4.99998 5.77016 5.77012 5.77008 5.77007 5.77008 5.77007 5.77006 5.77008 5.77007 5.77005 5.77018 5.77018 5.77014 5.77016 5.77016 5.77006 5.77016 5.77006 5.77016 5.77017 5.77017 5.77017 5 5.77018 5.77018 5.77018 5.77018 5.77018 5.77018 5.77018 5.77018 5.77018 5.77018 5.77018 5.77018 5.77018 5.77018 5.77018 5.77018 5.77018 5.77018 5.77018 5.77018 5.77018 5.77018 5 5.77018 5.77018 5.77018 5.77018 5.77018 5.77018 5.77018 5.77016 5.77016 5.77016 5.77016 5.77016 5.77016 5.77016 5.77016 5.77016 5.77016 5.77016 5.77016 5.77016 5.77016 5.77016 5.77016 5.77016
10.77 5.77 5.77008 5.77016 5.77007 5.77012 4.99998 5.77007 5.7701 5 5.77007 5.77016 5 5.77004 5.77018 5 5.77018 5 5.77018 5.77018 5.77018 5.77018 5.77018 5 5.77018 5.77018 5.77018 5.77018 5 5.77018 5 5.77018 5 5.77018 5 5.77018 5 5.77018 5 5.77018 5 5.77018 5 5.77018 5 5.77018 5 5.77018 5.77018 5.77018 5.77018 5.77018 5.77018 5.77018 5.77018 5 5.77016 5 5.77016 5 5.77016 5 5.77016 5 5.77016 5 5.77016 5 5.77016 5 5.77016 5 5.77016 5
13.16 8.15953 5 5.77016 5.77016 5.77008 5.77008 5.77011 5.77006 5.77007 5.77008 5.77007 5.77006 5.77018 5.77018 5.77018 5.77018 5.77018 5.77018 5 5.77018 5 5.77018 5.77018 5.77018 5 5.77018 5.77018 5.77018 5.77018 5.77018 5.77018 5.77018 5.77018 5.77018 5.77018 5.77018 5.77018 5.77018 5.77018 5.77018 5.77018 5.77018 5.77018 5.77018 5.77018 5.77018 5.77018 5 5.77018 5.77018 5.77018 5 5.77018 5.77016 5.77018 5.77016 5.77016 5.77016 5.77016 5.77016 5.77016 5.77016 5.77016 5.77016 5.77016 5.77016 5.77016 5.77016 5.77016 5.77016 5.77016 5.77016 5.77016
16.3195 10.7694 5.77 5.76999 5.77015 4.99998 5.77007 4.99997 5.77017 5.77013 5.77009 4.99999 5.77012 5.77018 5 5.77018 5 5.77018 5.77018 5.77018 5.77018 5.77018 5.77018 5 5.77018 5.77018 5.77018 5 5.77018 5 5.77018 5 5.77018 5 5.77018 5 5.77018 5 5.77018 5 5.77018 5 5.77018 5 5.77018 5 5.77018 5.77018 5.77018 5.77018 5 5.77018 5.77018 5.77016 5 5.77016 5 5.77016 5 5.77016 5 5.77016 5 5.77016 5 5.77016 5 5.77016 5 5.77016 5 5.77016 5 5.77016
16.5394 10.7694 5 5.77 5.77016 5.77016 5.77016 5.77018 5.77018 5.77018 5.77018 5.77018 5.77018 5.77018 5.77018 5.77018 5.77018 5.77018 5.77018 5.77018 5.77018 5.77018 5.77018 5.77018 5.77018 5.77018 5.77018 5.77018 5.77018 5.77018 5.77018 5.77018 5.77018 5.77018 5.77018 5.77018 5.77018 5.77018 5.77018 5.77018 5.77018 5.77018 5.77018 5.77018 5.77018 5.77018 5.77018 5.77018 5.77018 5.77018 5.77018 5.77018 5 5.77018 5.77016 5.77016 5.77016 5.77016 5.77016 5.77016 5.77016 5.77016 5.77016 5.77016 5.77016 5.77016 5.77016 5.77016 5.77016 5.77016 5.77016 5.77016 5.77016 5.77016
16.5394 10.7694 5.77 5.77012 4.99999 5.77014 5 5.77018 5 5.77018 5 5.77018 5 5.77018 5 5.77018 5.77018 5.77018 5 5.77018 5.77018 5.77018 5 5.77018 5 5.77018 5 5.77018 5 5.77018 5 5.77018 5 5.77018 5 5.77018 5 5.77018 5 5.77018 5 5.77018 5 5.77018 5 5.77018 5.77018 5 5.77018 5.77018 5.77018 5.77016 5.77018 5.77016 5 5.77016 5 5.77016 5 5.77016 5 5.77016 5 5.77016 5 5.77016 5 5.77016 5 5.77016 5 5.77016 5 5.77016
16.5394 10.7694 5 5.77016 5.77016 5.77016 5.77016 5.77018 5.77018 5.77018 5.77018 5.77018 5.77018 5.77018 5.77018 5.77018 5 5.77018 5.77018 5.77018 5 5.77018 5.77018 5.77018 5.77018 5.77018 5.77018 5.77018 5.77018 5.77018 5.77018 5.77018 5.77018 5.77018 5.77018 5.77018 5.77018 5.77018 5.77018 5.77018 5.77018 5.77018 5.77018 5.77018 5.77018 5.77018 5.77018 5.77018 5.77018 5 5.77016 5 5.77016 5.77016 5.77016 5.77016 5.77016 5.77016 5.77016 5.77016 5.77016 5.77016 5.77016 5.77016 5.77016 5.77016 5.77016 5.77016 5.77016 5.77016 5.77016 5.77016 5.77016 5.77016
16.2997 10.7695 5.77 5.77011 5 5.77016 5 5.77018 5 5.77018 5 5.77018 5.77018 5.77018 5 5.77018 5.77018 5.77018 5 5.77018 5.77018 5.77018 5 5.77018 5 5.77018 5 5.77018 5 5.77018 5 5.77018 5 5.77018 5 5.77018 5 5.77018 5 5.77018 5 5.77018 5 5.77018 5.77018 5.77018 5 5.77018 5.77016 5.77018 5.77016 5.77016 5.77016 5 5.77016 5 5.77016 5 5.77016 5 5.77016 5 5.77016 5 5.77016 5 5.77016 5 5.77016 5 5.77016 5 5.77016 5
13.16 8.1397 5 5.77016 5.77016 5.77016 5.77018 5.77018 5.77018 5.77018 5.77018 5.77018 5 5.77018 5.77018 5.77018 5 5.77018 5.77018 5.77018 5 5.77018 5.77018 5.77018 5.77018 5.77018 5.77018 5.77018 5.77018 5.77018 5.77018 5.77018 5.77018 5.77018 5.77018 5.77018 5.77018 5.77018 5.77018 5.77018 5.77018 5.77018 5.77018 5.77018 5.77018 5.77017 5.77018 5.77018 5.77018 5 5.77016 5 5.77016 5.77016 5.77016 5.77016 5.77016 5.77016 5.77016 5.77016 5.77016 5.77016 5.77016 5.77016 5.77016 5.77016 5.77016 5.77016 5.77016 5.77016 5.77016 5.77016 5.77016 5.77016
10.77 5.77 5.77009 5.77016 5 5.77018 5 5.77018 5.77018 5.77018 5.77018 5 5.77018 5.77018 5 5.77018 5.77018 5.77018 5 5.77018 5.77018 5.77018 5 5.77018 5 5.77018 5 5.77018 5 5.77018 5 5.77018 5 5.77018 5 5.77018 5 5.77018 5 5.77018 5 5.77018 5 5.77018 5.77018 5 5.77018 5 5.77018 5.77016 5.77016 5.77016 5.77016 5 5.77016 5 5.77016 5 5.77016 5 5.77016 5 5.77016 5 5.77016 5 5.77016 5 5.77016 5 5.77016 5 5.77016 5
10.77 5 5.77018 5.77018 5.77018 5.77018 5.77018 5.77018 5.77018 5 5.77018 5.77018 5.77018 5 5.77018 5.77018 5 5.77018 5.77018 5.77018 5 5.77018 5.77018 5.77018 5.77018 5.77018 5.77018 5.77018 5.77018 5.77018 5.77018 5.77018 5.77018 5.77018 5.77018 5.77018 5.77018 5.77018 5.77018 5.77018 5.77018 5.77018 5.77018 5.77018 5.77018 5.77018 5.77016 5.77018 5.77016 5 5.77016 5 5.77016 5.77016 5.77016 5.77016 5.77016 5.77016 5.77016 5.77016 5.77016 5.77016 5.77016 5.77016 5.77016 5.77016 5.77016 5.77016 5.77016 5.77016 5.77016 5.77016 5.77016 5.77016
10.77 5.77 5.77018 5.77018 5.77018 5.77018 5.77018 5 5.77018 5.77018 5.77018 5 5.77018 5.77018 5.77018 5 5.77018 5.77018 5 5.77018 5.77018 5.77018 5 5.77018 5 5.77018 5 5.77018 5 5.77018 5 5.77018 5 5.77018 5 5.77018 5 5.77018 5 5.77018 5 5.77018 5.77018 5.77018 5.77016 5 5.77016 5 5.77016 5.77016 5.77016 5.77016 5.77016 5 5.77016 5 5.77016 5 5.77016 5 5.77016 5 5.77016 5 5.77016 5 5.77016 5.77016 5.77016 5.77016 5.77016 5.77016 5.77016 5.77016
10.77 5 5.77018 5.77018 5.77018 5 5.77018 5.77018 5.77018 5 5.77018 5.77018 5.77018 5 5.77018 5.77018 5.77018 5 5.77018 5.77018 5 5.77018 5.77018 5.77018 5.77018 5.77018 5.77018 5.77018 5.77018 5.77018 5.77018 5.77018 5.77018 5.77018 5.77018 5.77018 5.77018 5.77018 5.77018 5.77018 5.77018 5.77018 5.77016 5.77018 5 5.77018 5.77016 5.77016 5.77016 5.77016 5 5.77016 5.77016 5.77016 5.77016 5.77016 5.77016 5.77016 5.77016 5.77016 5.77016 5.77016 5.77016 5.77016 5.77016 5.77016 5.77016 5.77016 5 5.77016 5 5.77016 5 5.77016
10.77 5.77 5.77018 5.77018 5.77018 5.77018 5.77018 5 5.77018 5.77018 5.77018 5 5.77018 5.77018 5.77018 5 5.77018 5.77018 5.77018 5 5.77018 5.77018 5 5.77018 5 5.77018 5 5.77018 5 5.77018 5 5.77018 5 5.77018 5 5.77018 5 5.77018 5 5.77018 5 5.77018 5.77018 5 5.77016 5.77016 5 5.77016 5 5.77016 5.77016 5.77016 5 5.77016 5 5.77016 5 5.77016 5 5.77016 5 5.77016 5 5.77016 5 5.77016 5 5.77016 5.77016 5.77016 5.77016 5.77016 5.77016 5.77016
10.77 5 5.77018 5.77018 5.77018 5 5.77018 5.77018 5.77018 5 5.77018 5.77018 5.77018 5 5.77018 5.77018 5.77018 5 5.77018 5.77018 5.77018 5 5.77018 5.77018 5.77018 5.77018 5.77018 5.77018 5.77018 5.77018 5.77018 5.77018 5.77018 5.77018 5.77018 5.77018 5.77018 5.77018 5.77018 5.77018 5.77018 5.77018 5 5.77018 5.77016 5 5.77016 5.77016 5.77016 5.77016 5 5.77016 5.77016 5.77016 5.77016 5.77016 5.77016 5.77016 5.77016 5.77016 5.77016 5.77016 5.77016 5.77016 5.77016 5.77016 5.77016 5.77016 5 5.77016 5 5.77016 5 5.77016
