tests/full-run-ref/erosion_84_12_73.306.asc
ncols 512
nrows 512
xllcorner -3.24582
yllcorner -4.08743
cellsize 5
NODATA_value -99999
[rows 248 to 278 of 512, columns 345 to 413 of 512]
11.0278 11.1311 11.0142 11.1114 10.9979 10.0381 9.25941 8.25427 7.09704 5.97027 4.95763 6.44451 5.19457 7.76068 8.90319 7.70674 8.80268 5.00243 8.23009 11.54 11.3854 14.2296 10.1006 11.54 11.5399 11.54 11.499 11.5389 11.5355 11.5332 11.5255 11.3706 11.529 11.5362 11.4873 11.477 11.4642 11.4761 11.4958 11.4802 11.4751 11.4509 11.431 11.4153 11.4059 11.3965 11.4038 11.4172 11.4412 11.4685 11.4843 11.5081 11.5217 10.9432 11.5401 10.982 11.5245 11.4989 11.4896 11.463 11.4799 11.4742 11.4795 11.4858 11.4347 11.4463 11.3781 11.3195 11.1076
10.993 10.2678 10.0442 11.1539 11.1504 11.2328 10.9548 10.6595 10.2963 9.81604 8.52785 6.17092 8.17323 8.06656 10.1302 5.16866 11.54 7.36498 11.5401 10.5109 11.4025 11.4062 10.3809 11.5401 11.54 11.5401 11.4921 11.5382 11.5371 11.5368 11.5379 11.5397 11.5398 11.5399 11.4819 11.4652 11.3715 11.3982 11.4327 11.485 11.4656 11.3279 11.2833 11.2484 11.2259 11.2142 11.2213 11.2692 11.3219 11.3737 11.4905 11.5137 11.5242 11.1684 11.4293 11.0723 11.5191 11.498 11.5021 11.493 11.4805 11.4898 11.4985 11.5149 11.5165 11.4605 11.4282 11.4184 11.3294
11.54 11.54 11.54 11.54 11.54 11.0013 10.7589 11.54 11.54 11.54 11.54 11.54 11.54 11.54 11.54 7.21096 11.3977 11.5399 11.5399 9.82929 13.4352 11.1595 11.54 11.5399 11.54 11.5369 11.5146 11.5389 11.5387 11.539 11.5395 11.5395 11.5264 11.5351 8.68249 11.54 11.54 11.54 11.54 11.54 11.4487 11.54 11.54 11.54 11.54 11.54 11.54 11.54 11.4453 11.4788 11.5037 11.5179 11.5278 11.5342 11.5388 11.5296 11.5215 11.5051 11.5044 11.4889 11.4926 11.501 11.5087 11.5233 11.5209 11.5047 11.4752 11.4167 11.2358
11.2128 11.1437 11.2978 11.3382 11.3339 11.1385 10.884 10.6179 9.97939 9.31722 9.32723 9.65452 9.41807 9.58216 10.6347 8.01512 11.54 11.54 11.54 10.4852 11.473 11.2791 11.54 11.5399 11.5401 11.5348 11.5397 11.5396 11.5397 11.5395 11.5394 11.5394 11.5174 11.5401 5.77856 11.43 11.54 11.54 11.54 11.4558 11.54 11.54 11.54 11.54 11.54 11.54 11.54 11.4207 11.4714 11.4958 11.5114 11.5224 11.5311 11.5353 11.5376 11.5315 11.525 11.5119 11.5166 11.5142 11.5167 11.5202 11.5264 10.8692 11.1704 10.415 11.4452 11.4115 11.128
10.8098 10.9221 11.0228 11.1529 11.4119 11.2475 10.8781 10.4613 8.80909 9.80093 9.38633 7.21289 7.51634 10.2327 10.4654 8.97083 10.7476 11.4522 11.4895 11.5147 11.54 11.54 11.54 11.5399 11.5385 11.5399 11.5348 11.537 11.54 11.5394 11.5393 11.5393 10.2659 7.52531 4.95933 11.3355 11.1248 11.2308 11.3653 11.3491 11.2913 11.3998 11.1327 11.2619 11.1254 11.2992 11.1918 11.4494 11.4837 11.5044 11.5183 11.5284 11.5332 11.3941 11.4768 11.2906 11.5282 11.5189 11.5189 11.5074 11.5155 11.5131 11.525 10.9068 11.5401 9.30791 11.2812 11.54 10.3372
11.54 11.3157 11.3732 11.4591 11.4745 11.313 11.0428 10.7601 10.3842 10.0478 9.88172 9.58051 9.98001 10.1836 9.18511 9.62714 11.4825 11.514 11.5197 11.5315 11.54 11.4244 11.3113 9.61205 11.5395 11.5388 11.5401 11.5398 11.5397 11.5154 11.5393 11.5391 11.49 11.4721 11.3969 11.3682 11.3293 11.3567 11.377 11.353 11.3583 11.1544 11.3611 11.3037 11.4223 11.2365 11.4341 11.4751 11.4938 11.5099 11.5213 11.5316 11.5353 11.3573 11.5401 11.2591 11.531 11.5239 11.5269 11.5242 11.52 11.5232 11.531 11.1875 11.4273 9.31804 11.2348 10.6691 10.6733
11.0478 11.269 11.3884 11.5135 11.3042 11.54 11.54 10.7999 10.5324 10.107 10.1151 9.99303 9.89877 10.2997 7.81124 11.54 10.8446 11.4326 11.5123 11.533 11.54 10.5768 13.2515 9.03043 11.54 11.5399 11.54 11.54 11.5401 11.5076 11.5393 11.539 11.4831 11.4518 11.3756 11.3951 11.3895 11.3979 11.3947 11.3842 11.3354 11.3829 11.41 11.4454 11.4163 11.4444 11.4647 11.4809 11.4999 11.5147 11.5305 11.5354 11.5349 11.3378 11.3341 11.3455 11.533 11.5285 11.529 11.5241 11.5258 11.5285 11.5341 11.5347 11.5392 11.4711 11.435 11.3756 11.3194
10.939 11.2897 11.4342 11.54 10.1517 11.2488 11.0574 11.54 11.54 11.54 11.54 11.54 11.54 11.54 7.32296 5.05158 9.18884 8.31424 11.3569 11.54 11.54 9.91361 11.8287 10.6297 10.5893 11.54 11.5401 11.539 11.5345 11.5207 11.5316 11.54 11.54 11.54 11.54 11.54 11.3163 11.54 11.54 11.54 11.54 11.54 11.54 11.4513 11.469 11.469 11.4702 11.4829 9.95513 10.839 11.4065 11.5352 11.5345 11.5349 11.5362 11.5363 11.5348 11.5317 11.5336 11.5331 11.534 11.5352 11.5345 11.5365 11.5377 11.4685 11.4318 11.3916 11.3825
11.54 10.2425 6.78096 4.56933 8.89301 11.1885 10.9152 10.6768 10.3808 10.3563 10.1073 11.54 11.54 11.54 11.54 11.54 11.54 4.41465 11.54 11.54 11.54 11.2465 11.1041 15.7249 10.7886 11.54 11.5398 11.5384 11.5399 11.5397 11.5256 11.54 11.54 11.54 11.54 11.4406 11.3516 11.54 11.54 11.54 11.54 11.4415 11.455 11.4839 11.54 11.54 11.54 11.54 9.1689 11.5401 11.2611 11.54 11.54 11.54 11.54 11.54 11.54 11.54 11.54 11.54 11.54 11.54 11.54 11.425 11.495 8.89448 11.54 11.54 11.54
9.37426 9.24047 10.1361 10.2407 10.1974 11.2802 10.6503 10.3973 8.80682 8.80844 7.80939 8.80622 7.28435 8.52348 7.44327 8.87665 8.70581 4.95409 11.1987 11.5399 11.54 11.54 10.8546 14.8813 10.9669 11.54 11.5399 11.5397 11.5388 11.5363 11.234 11.5209 11.4141 11.4343 11.3157 11.4539 11.2284 11.3407 10.8973 11.1609 11.0783 11.2508 11.4938 11.4839 11.4687 11.4499 11.4499 11.4719 9.38791 10.4433 11.1373 11.5311 11.5306 11.5315 11.5335 11.5352 11.5363 11.5358 11.5366 11.5366 11.536 11.5364 11.5373 11.4425 11.5401 7.98494 11.4487 11.4019 11.54
8.78541 9.14 10.0305 9.62791 9.90028 10.1536 9.85248 11.54 11.54 11.54 11.54 10.1946 9.99289 7.38024 9.52411 8.90435 10.6364 6.44136 11.54 11.54 11.54 10.5576 11.4045 10.8369 10.6822 11.54 11.5399 11.5401 11.5399 11.5401 11.2338 11.54 11.4947 11.3966 11.3775 11.3901 10.971 11.1346 11.2963 10.9397 11.3603 11.4301 11.54 11.4747 11.4534 11.3243 11.3348 11.3874 11.496 11.5268 11.5324 11.5295 11.5173 11.5202 11.5251 11.5294 11.5317 11.5323 11.533 11.5322 11.5323 11.5332 11.5346 11.4041 11.0762 9.32502 11.4454 11.2108 11.3112
11.54 11.54 11.54 11.54 11.54 11.54 11.54 11.54 9.54081 11.54 11.54 11.54 11.54 11.54 11.54 11.54 11.54 7.78011 11.1471 11.54 11.54 10.5102 13.7541 10.7529 11.54 11.54 11.54 11.5399 7.68987 6.37413 8.17142 11.54 10.893 11.54 10.388 11.54 10.2253 11.54 11.54 11.54 11.54 11.54 11.4859 11.4524 11.4431 11.4337 11.4448 11.4683 11.4982 11.5142 11.5293 11.5288 11.529 11.531 11.5336 11.5357 11.5371 11.5374 11.5372 11.5369 11.5371 11.5377 11.5381 11.5372 11.5346 11.5116 11.4783 11.4246 11.3539
7.6803 8.16877 9.24198 9.27353 9.42175 8.7708 7.33127 8.60703 7.43226 7.18148 9.32814 9.55831 10.1032 10.0682 10.0502 9.83582 10.3392 7.70407 11.54 11.1441 11.54 10.5318 9.97233 10.4701 11.54 11.54 11.54 11.54 11.3285 11.2435 10.6462 9.72376 10.3811 10.8389 9.73168 9.63611 10.0757 11.0794 11.1815 11.3128 11.54 11.4563 11.54 11.54 11.54 11.54 11.54 11.54 11.5014 11.525 11.54 11.54 11.54 11.54 11.54 11.54 11.54 11.5368 11.54 11.54 11.54 11.54 11.5373 11.54 11.54 11.54 11.4834 11.54 11.54
1.61948 3.24179 5.64092 6.22451 4.99988 4.61633 0.836514 3.77849 6.3763 9.87939 10.4966 8.42753 7.72256 7.91997 7.58659 7.9175 8.56564 6.76311 5.85004 8.08193 9.96877 11.0263 11.54 11.54 11.54 11.54 11.54 11.54 11.2611 11.1907 11.0478 10.8426 10.5376 10.5438 10.6791 10.7933 11.0645 11.1523 10.8989 11.2031 11.1235 11.4402 11.4534 11.4249 11.4063 11.4094 11.4388 8.49026 10.5233 11.1523 11.5275 11.5259 11.5288 11.533 11.5362 11.5376 11.5384 11.5352 11.534 11.5339 11.5359 11.5377 11.537 11.5364 11.5343 11.5333 11.4927 11.4705 11.4662
7.07822 7.34404 8.56953 7.96659 7.89697 7.90108 8.13538 9.22839 9.78553 11.54 8.89119 11.54 11.54 9.72616 9.7772 9.84539 10.0716 10.1536 10.5738 10.6668 11.54 11.54 11.2604 11.3236 11.54 11.54 11.54 11.4648 11.219 11.1318 10.9363 10.6259 9.04691 8.21494 9.25614 8.99645 9.88602 9.83882 10.6749 10.6766 11.4198 11.466 11.4448 11.2736 11.2317 11.2443 11.3133 7.19588 11.5401 10.7828 11.5236 11.5065 11.516 11.5224 11.5317 11.4483 11.4867 11.2639 11.5304 11.5203 11.2422 11.45 11.351 11.5343 11.3289 11.4105 9.81373 11.4711 11.3723
6.10056 6.11014 7.20541 6.91091 11.54 11.54 11.54 11.54 9.44915 7.00378 8.41996 10.1512 11.54 11.54 11.54 11.54 11.54 11.54 11.54 9.48046 11.54 9.2668 11.54 9.58636 11.54 9.76325 10.7095 11.449 11.0907 11.54 11.54 11.54 11.54 11.54 11.54 11.54 11.54 11.54 11.54 11.54 11.54 11.54 11.54 11.54 11.54 11.54 11.54 7.20109 7.90973 9.65882 11.54 11.54 11.5287 11.5357 11.54 11.4782 11.5401 10.8364 11.54 11.54 10.6118 11.5401 10.8322 11.54 10.8452 11.5401 8.87279 11.54 11.54
5.91431 5.21574 6.12834 5.98259 6.35089 6.55564 7.43654 7.41385 9.6801 8.72895 10.1612 6.66292 9.26994 9.21283 9.1911 9.1699 9.16762 9.05932 9.51151 9.34848 7.99805 8.67168 9.57752 9.33 9.46778 10.0553 8.52344 11.54 9.52462 11.54 10.5395 11.54 11.54 11.54 11.54 11.54 11.54 11.54 11.54 11.54 11.54 11.4666 11.444 11.4095 11.3915 11.3943 11.4139 11.4454 11.4735 11.4907 11.5067 10.5507 11.2241 11.5069 11.5389 11.4959 11.5025 10.8333 11.5153 11.5059 9.78709 9.21482 9.91315 11.5128 10.7243 11.5396 9.16607 11.54 11.4481
5.85911 5.86192 6.33848 5.68142 5.53414 0 1.93658 1.31883 7.09925 10.1209 9.05393 8.97971 8.74427 5.60969 5.5453 5.56267 5.64575 5.6326 6.5713 6.18111 6.3646 6.25547 6.16167 4.63805 6.86342 6.13637 7.49516 11.54 9.06953 10.426 9.35702 8.52018 9.63414 8.99541 10.2682 10.0093 10.6489 10.5141 11.0789 11.0061 11.3402 11.4461 11.4282 11.255 11.2227 11.2247 11.2587 11.3124 11.3676 11.4169 11.46 10.1105 11.5401 11.4541 11.5383 11.5386 11.5393 11.5189 11.509 11.4584 11.4968 11.497 11.4987 11.5076 10.5781 11.5399 9.22482 11.4538 11.392
5.28208 4.9039 5.65175 5.36912 5.8071 5.83743 6.67865 7.06334 10.4222 8.34073 8.71288 8.54156 8.32077 8.28656 8.31326 8.39053 8.59506 8.71345 9.15048 8.86352 9.03154 8.74211 8.8287 8.16687 5.97595 8.43197 6.56518 6.65699 6.85525 8.17821 7.53444 10.155 9.7973 10.6403 9.77416 10.838 10.7633 11.2314 10.9772 11.3897 11.4713 11.4626 11.4411 11.4203 11.4115 11.4129 11.4251 11.4431 11.464 11.4841 11.5035 10.5851 11.1408 11.349 11.5365 11.5121 11.5299 11.2978 11.5077 11.4939 11.4887 11.4829 11.4881 11.4977 9.92157 11.5401 8.27782 11.3334 11.2202
5.42093 5.03355 5.89526 5.6989 6.19288 6.16361 6.8861 7.74791 7.99175 8.38036 8.44291 8.36344 7.93548 11.54 11.54 11.54 11.54 11.54 11.54 11.54 11.54 11.54 11.54 11.54 11.54 11.54 11.54 9.70071 11.54 11.54 11.54 11.54 11.54 11.54 11.54 11.54 11.54 11.54 11.54 11.54 11.54 11.54 11.54 11.54 11.54 11.54 11.54 11.54 11.54 11.54 11.54 11.54 11.54 11.54 11.54 11.4521 11.54 11.1159 11.54 11.54 11.54 11.54 11.54 11.54 8.88569 7.72579 8.1736 11.54 11.54
4.78174 5.77437 5.34776 5.93309 6.33202 6.47364 6.69226 6.91294 7.49695 7.70001 8.30696 7.85193 8.20297 7.47177 7.61662 7.81128 7.86554 8.08975 8.48703 7.98211 8.26778 8.00293 8.08091 7.75229 8.57964 11.54 11.54 11.54 11.54 9.73311 11.54 10.3643 11.54 11.54 11.54 11.54 11.54 11.2831 11.54 11.4037 11.54 11.4282 11.54 11.4495 11.4561 11.4667 11.4811 11.4795 11.5011 11.5079 11.5155 11.5231 11.528 11.5296 11.5287 11.3581 11.2056 11.1263 11.5016 11.4911 11.4857 11.4794 11.4757 11.4736 11.4711 11.4723 11.4599 11.4582 11.54
5.43351 5.79101 5.00704 6.21738 6.28171 6.80108 6.90173 6.92241 7.75111 8.42216 8.28583 7.96333 8.06491 7.16327 3.12042 3.54899 3.59348 3.31158 2.8635 2.89424 3.27984 3.15211 3.5179 3.37857 3.60269 3.94488 7.32306 7.2361 8.99985 8.10949 7.42183 8.51425 10.0327 9.51302 10.6386 10.4095 10.9973 11.1469 11.0259 11.1564 11.3164 11.3461 11.2764 11.3503 11.3758 11.404 11.4311 11.5067 11.513 11.4813 11.4919 11.5038 11.5119 11.5142 11.5133 11.5248 11.5211 11.511 11.4979 11.4339 11.4173 11.4066 11.3957 11.3828 11.3647 11.3734 11.3637 11.2945 11.3719
4.77948 6.17843 5.91621 6.18989 6.32621 7.11427 7.1203 6.84682 11.54 11.54 11.54 11.54 11.54 11.54 7.23236 6.44553 7.10195 6.73928 6.8467 7.10595 7.49846 7.58817 7.89083 7.597 7.34569 7.7319 3.50354 1.18415 3.95747 4.48109 9.94155 10.2877 10.2346 11.032 10.3155 11.1349 10.9318 10.8126 11.3692 11.4 11.2482 11.1935 11.4518 11.471 11.4843 9.89623 10.4457 11.1806 11.5261 11.5233 11.5241 11.5265 11.5279 11.5276 11.5252 11.5211 11.5156 11.5077 11.5008 11.4935 11.4881 11.4834 11.4776 11.4695 11.4609 11.4641 11.4554 11.4491 11.3239
6.57851 6.71572 5.59939 6.1639 6.66662 7.40628 7.34289 6.57281 6.70598 6.92715 6.35386 6.50244 7.064 6.65648 7.34353 7.18753 6.9222 5.85651 11.54 11.54 7.21048 11.54 11.54 11.54 11.54 11.54 11.54 8.69164 11.54 11.54 11.54 11.54 11.54 11.54 11.54 11.54 11.54 11.54 11.54 11.54 11.54 11.54 11.54 11.54 11.54 10.1834 11.5401 11.1626 11.54 11.54 11.54 11.54 11.54 11.54 11.54 11.54 11.54 11.54 11.54 11.54 11.54 11.54 11.54 11.54 11.54 11.54 11.54 11.54 11.54
6.47466 6.61498 6.01661 6.40002 6.7377 7.4385 7.59792 6.79227 6.58831 0 0 0.63541 1.15383 6.53331 6.74248 5.61542 6.29507 5.46304 5.85765 5.5305 6.19804 6.97269 7.37573 7.46151 7.49939 7.94189 7.39939 11.54 9.46503 11.54 10.385 10.7006 10.748 11.0552 11.2263 11.54 11.3743 11.54 11.4289 11.4313 11.4574 11.4741 11.4849 11.4967 11.5097 10.5866 10.9603 11.0885 11.529 11.5276 11.5268 11.5266 11.5265 11.5256 11.5235 11.52 11.5158 11.5103 11.5053 11.5013 11.4981 11.4951 11.4914 11.485 11.4766 11.54 11.459 11.4502 11.4423
5.76259 6.25201 6.39423 6.76414 7.34851 7.30837 7.7262 6.79158 6.3297 6.17547 6.11309 6.8114 6.37949 6.24262 6.62089 6.19821 6.32628 5.41281 5.62191 6.25504 6.8153 6.90835 1.89856 2.33069 2.87084 4.04588 8.5638 8.06674 9.25425 6.4439 8.52527 9.13936 9.93796 10.4361 10.6863 11.1304 11.2811 11.1813 11.2738 11.3342 11.3698 11.4006 11.4261 11.4511 11.4782 11.5217 11.5294 11.5289 11.527 11.5104 11.5088 11.5084 11.508 11.5064 11.5022 11.4955 11.4866 11.4763 11.4663 11.4583 11.4517 11.4463 11.439 11.4254 11.3737 11.4206 11.4189 11.3938 11.3815
5.76176 6.29388 6.49966 6.68794 6.98955 7.13503 7.68529 7.1724 7.15263 6.17712 7.14007 6.62092 6.6696 6.62403 6.09311 5.75216 6.12443 5.2904 5.49353 5.29036 5.23112 6.5598 7.09876 7.43453 7.80014 8.44463 8.02307 3.30211 3.75199 9.82556 10.1821 10.6097 10.9081 11.1252 11.2444 11.0381 11.022 11.4158 11.4492 11.4647 11.4777 11.4881 11.4975 11.5066 11.515 11.5217 11.5255 11.5264 11.5259 11.5254 11.5251 11.525 11.5251 11.5246 11.5233 11.521 11.518 11.5142 11.5108 11.5077 11.5062 11.5045 11.5032 11.4977 11.4813 11.3691 11.2567 11.2815 11.1549
5.25293 6.04662 6.66419 6.73363 7.07444 7.14529 7.75259 6.62098 6.8118 6.07712 6.44177 6.24654 6.58993 6.41381 6.09126 5.83979 6.2288 5.92989 5.61115 5.983 6.76393 7.0043 11.54 11.54 11.54 11.54 11.54 11.54 11.54 11.54 11.54 11.54 11.54 11.54 11.54 11.54 11.54 11.54 11.54 11.54 11.54 11.54 11.54 11.54 11.54 11.54 11.54 11.54 11.54 11.54 11.54 11.54 11.54 11.54 11.54 11.54 11.54 11.54 11.54 11.54 11.54 11.54 11.54 11.54 11.54 11.54 11.54 11.54 11.54
5.81064 6.47417 7.10996 7.12585 7.36785 7.51305 8.18159 7.17737 7.60067 6.83268 6.29636 6.63378 6.435 6.23346 6.04097 6.07645 6.91178 6.43419 6.39587 6.24933 5.04364 6.49594 7.04484 7.58441 8.35104 9.12064 9.28432 9.93207 9.79169 10.3747 10.5576 10.9645 11.0756 11.2489 11.3048 11.3832 11.4361 11.4601 11.4772 11.4883 11.4967 11.5038 11.5099 11.5147 11.5181 11.5201 11.5211 11.5216 11.5219 11.5223 11.5227 11.5231 11.5235 11.5234 11.5228 11.5217 11.5206 11.5193 11.5183 11.518 11.5189 11.5207 11.5227 11.5056 11.4947 11.4843 11.4586 11.4457 11.4226
6.5922 7.15593 7.65344 7.62556 7.5814 7.57574 8.40469 7.18104 7.23114 5.6342 6.96468 6.18067 5.69063 5.56601 5.35851 5.4795 5.98695 4.95707 6.0792 6.71315 6.81333 7.3687 6.64657 2.93421 4.57022 6.04355 6.88072 7.90232 8.66776 8.94075 9.64411 10.328 10.7095 10.8611 11.058 11.2105 11.3077 11.3695 11.4052 11.4295 11.4474 11.4619 11.4738 11.483 11.4893 11.493 11.4951 11.4964 11.4976 11.4989 11.5002 11.5014 11.5021 11.5019 11.5006 11.4987 11.4968 11.4955 11.495 11.4962 11.4993 11.5045 11.5103 11.5081 11.4901 11.4063 11.3692 11.33 11.2935
6.82828 6.96042 7.69345 7.36363 7.77525 7.79665 8.49146 6.89936 6.6745 5.62445 6.71618 5.9052 5.53934 5.14427 4.17475 5.27293 6.44986 6.86628 5.9281 11.54 11.54 11.54 11.54 11.54 11.54 11.54 11.54 11.54 11.54 11.54 11.54 11.54 11.54 11.54 11.54 11.54 11.54 11.54 11.54 11.54 11.54 11.54 11.54 11.54 11.54 11.54 11.54 11.54 11.54 11.54 11.54 11.54 11.54 11.54 11.54 11.54 11.54 11.54 11.54 11.54 11.54 11.5022 11.5137 11.382 11.54 11.54 11.54 11.54 11.54
