tests/full-run-ref/erosion_2010_79_1_-87.555.asc
ncols 512
nrows 512
xllcorner -3.24582
yllcorner -4.08743
cellsize 5
NODATA_value -99999
[rows 87 to 115 of 512, columns 67 to 133 of 512]
25.1014 21.9591 18.5392 20.818 23.1179 23.484 25.5763 27.906 28.4939 31.0854 33.8489 36.6201 39.3465 42.3861 45.573 49.7582 52.3896 54.9799 61.2051 63.9268 69.3578 71.6609 77.5431 83.41 88.7013 93.6426 95.9843 100.767 103.1 108.935 114.76 120.569 126.367 132.16 137.95 141.867 139.464 137.222 134.859 136.076 136.191 135.201 129.385 126.981 124.591 122.205 119.821 117.439 115.059 112.726 112.999 107.999 102.2 96.397 90.5866 84.7675 78.9384 73.0988 67.2477 61.3842 55.5074 49.6165 43.7104 37.7882 31.8491 25.892 19.9159
20.2141 15.8597 12.259 14.5499 17.2551 17.2755 19.4009 21.8149 22.4406 25.1213 28.0048 30.7512 33.809 37.0299 41.294 43.943 46.5535 52.9065 55.6486 61.0955 63.3643 69.2795 75.1768 80.4834 85.4213 87.7335 92.5105 94.8101 100.676 106.528 112.357 118.169 123.973 129.771 135.564 136.088 133.682 131.437 129.071 130.292 130.412 129.72 127.016 121.179 118.777 116.393 114.013 111.631 109.251 106.916 107.204 107.357 102.36 96.5604 90.7563 84.9439 79.1224 73.2906 67.4479 61.5934 55.7262 49.8457 43.9508 38.0409 32.115 26.1722 20.2118
14.3809 10.9298 6.04655 8.74981 11.7562 11.3685 13.2418 15.7955 16.4449 19.2125 22.0846 25.1845 28.4421 32.7897 35.4508 38.077 44.5774 47.3435 52.8123 55.041 60.9959 66.9295 72.2535 77.1839 79.4541 84.2217 86.4757 92.3824 98.2714 104.124 109.954 115.773 121.584 127.385 132.711 130.303 127.896 125.649 123.279 124.506 124.628 126.055 121.537 118.823 112.96 110.559 108.185 105.811 103.431 101.097 101.396 101.565 101.651 96.7411 90.9415 85.1366 79.3236 73.5009 67.6678 61.8236 55.9675 50.0988 44.2167 38.3205 32.4094 26.4826 20.5393
12.3458 5.2462 3.65389 3.65013 10.5812 5.44794 7.33859 10.4455 10.6336 13.2136 16.4768 19.7991 24.24 26.9077 29.5449 36.2148 39.0087 44.5061 46.6888 52.6908 58.6669 64.0106 68.9291 71.144 75.8975 78.0928 84.0525 89.9898 95.8721 101.722 107.558 113.385 119.198 125.001 126.929 124.514 122.106 119.856 117.482 118.716 118.841 120.274 117.873 113.345 110.62 104.723 102.327 99.9644 97.5951 95.2637 95.5819 95.7623 95.8604 95.9231 91.1364 85.336 79.5324 73.7196 67.8973 62.0645 56.2208 50.3653 44.4974 38.6164 32.7217 26.8124 20.8879
11.1486 5.1284 5.59811 4.92738 6.58533 3.33987 3.2499 7.2503 5.04747 7.75181 11.0711 15.6337 18.3065 20.9503 27.8147 30.6408 36.1748 38.3054 44.3623 50.3876 55.753 60.6556 62.8017 67.537 69.6605 75.6871 81.6862 87.6044 93.4766 99.3316 105.175 111.003 116.814 122.613 121.138 118.72 116.31 114.056 111.679 112.923 113.055 114.491 112.093 109.684 105.144 102.405 96.4664 94.0763 91.722 89.409 89.7555 89.9547 90.0602 90.1339 91.3223 85.5343 79.737 73.9345 68.1231 62.3022 56.4714 50.6299 44.7771 38.9124 33.0351 27.1445 21.2399
5.72677 8.14331 5.76743 5.71705 5.67939 5.62032 5.25175 4.51193 3.5871 3.65752 7.39284 9.74322 12.2885 19.3737 22.2362 27.8159 29.8879 36.0085 42.0902 47.4797 52.3625 54.4266 59.1402 61.1795 67.2876 73.3636 79.3249 85.2213 91.0953 96.9545 102.797 108.62 114.432 117.769 115.338 112.919 110.507 108.248 105.868 107.126 107.265 108.709 106.307 103.902 101.492 96.9377 94.1738 88.1839 85.7935 83.5069 83.9122 84.1363 84.255 84.3306 86.7679 85.7196 79.9288 74.1354 68.3344 62.525 56.7068 50.8792 45.0415 39.1931 33.3335 27.4618 21.5776
5.76846 5.7674 5.76847 5.77001 5.77001 5.77001 5.77001 5.77001 5.7056 5.23077 4.05012 4.43718 10.9832 13.7991 19.431 21.4331 27.627 33.7733 39.1898 44.0496 46.0186 50.7077 52.6511 58.856 65.0248 71.0373 76.9599 82.8527 88.7274 94.5836 100.42 106.24 112.053 111.974 109.532 107.11 104.694 102.431 100.047 101.322 101.472 102.925 100.521 98.1093 95.7106 94.6059 88.6983 85.9236 79.8735 77.5655 78.0505 78.3099 78.4426 78.5263 81.0522 85.883 80.1029 74.3161 68.5242 62.7252 56.9187 51.1039 45.2805 39.4477 33.6049 27.7516 21.8871
5.77001 5.77001 5.77001 5.77001 5.77001 5.77001 5.77001 5.77001 5.77001 5.77001 5.70072 4.94029 5.87881 11.2047 12.9526 19.2231 25.4392 30.8827 35.7168 37.578 42.2405 44.0772 50.3942 56.6721 62.7445 68.6957 74.6072 80.4966 86.3656 92.2139 98.0431 103.86 108.622 106.167 103.716 101.29 98.8706 96.6022 94.2136 95.5098 95.6769 97.1789 94.7335 92.3142 89.9078 90.0425 86.4012 80.4436 77.9341 72.503 72.7582 72.878 72.9226 72.9247 78.7013 81.168 80.2534 74.4725 68.6883 62.8983 57.102 51.2987 45.4881 39.6694 33.8421 28.0056 22.1594
5.77001 5.77001 5.77001 5.77001 5.77001 5.77001 5.77001 5.77001 5.77001 5.77001 5.77001 5.72292 5.10507 5.14936 10.9775 17.2232 22.5619 27.3644 29.1057 33.7399 35.4599 41.9038 48.3074 54.4488 60.4312 66.3615 72.2652 78.1465 84.0059 89.8453 95.6679 101.481 106.252 100.357 97.8901 95.4515 93.0318 90.7582 88.3645 89.6866 89.8684 92.3587 88.9913 86.5163 84.0995 84.2337 84.2418 78.342 72.7192 72.9786 73.0301 73.0301 73.0301 73.0195 73.0039 78.7781 80.3764 74.6013 68.8232 63.0405 57.2527 51.4592 45.6596 39.8531 34.0393 28.2176 22.3873
5.77001 5.77001 5.77001 5.77001 5.77001 5.77001 5.77001 5.77001 5.77001 5.77001 5.77001 5.77001 5.72192 4.76906 9.36873 14.2367 19.0011 20.6026 25.2069 26.8006 33.3861 39.9316 46.1516 52.1687 58.1182 64.0359 69.9291 75.7994 81.6488 87.4806 93.298 99.1099 103.871 98.0027 92.0518 89.5842 87.1614 84.8924 82.4953 83.8508 84.0491 86.5682 86.6576 80.7535 78.2871 78.4221 78.5877 78.6993 72.9526 73.0301 73.0301 73.0301 73.0301 73.0301 73.018 78.7897 80.4678 74.696 68.9223 63.1451 57.364 51.5783 45.7875 39.9909 34.1879 28.3779 22.5602
5.77001 5.77001 5.77001 5.77001 5.77001 5.77001 5.77001 5.77001 5.77001 5.77001 5.76969 5.7699 5.76995 5.53744 6.47701 10.9356 12.118 16.6673 18.0951 24.8376 31.5411 37.8504 43.9065 49.8769 55.8091 61.7143 67.5954 73.4547 79.2953 85.1198 90.9323 96.7354 101.484 95.6537 89.7302 83.6935 81.2365 79.001 76.6385 78.0234 78.2384 80.9111 83.448 78.5321 72.8254 72.9036 72.9512 72.9916 73.0193 73.0301 73.0301 73.0301 73.0301 73.0301 73.0211 78.7932 80.5158 74.7448 68.973 63.1992 57.4224 51.6418 45.8567 40.0665 34.2703 28.4676 22.6576
5.77001 5.77001 5.77001 5.77001 5.77001 5.77001 5.77001 5.77001 5.77001 5.77001 5.76952 8.16002 5.76992 5.73481 5.1467 4.6701 8.72842 9.42182 16.2714 23.1326 29.5385 35.6397 41.6345 47.5833 53.5017 59.3941 65.2633 71.112 76.9429 82.7593 88.563 94.3556 99.0964 93.2937 87.4251 81.4211 75.3939 73.2756 72.6136 72.7793 72.7856 78.6075 78.6803 75.2741 72.9966 73.0301 73.0301 73.0301 73.0301 73.0301 73.0301 73.0301 73.0301 73.03 73.0132 78.788 80.5101 74.7385 68.9662 63.1924 57.4161 51.6364 45.8525 40.0635 34.2688 28.4676 22.6593
5.77001 5.77001 5.77001 5.77001 5.77001 5.77001 5.77001 5.77001 5.77001 5.77001 5.76936 5.76956 5.76978 5.77001 5.72999 5.17864 2.52104 8.18939 15.026 21.5158 27.6672 33.6958 39.669 45.6059 51.5129 57.3936 63.2512 69.0887 74.9094 80.7157 86.5094 92.2936 97.0236 91.2365 85.4153 79.5036 73.5609 72.8849 73.0111 73.0301 73.016 72.9968 72.9894 73.0038 73.0237 73.0301 73.0301 73.0301 73.0301 73.0301 73.0301 73.0301 73.0301 73.03 73.0036 78.7817 80.4604 74.6879 68.9144 63.1385 57.3593 51.5765 45.7892 39.9967 34.1983 28.3933 22.581
5.77001 5.77001 5.77001 5.77001 5.77001 5.77001 5.77001 5.77001 5.77001 5.77001 5.77001 5.77001 5.77001 5.77001 5.76986 5.56295 4.22817 7.55799 13.9507 20.1168 26.1764 32.1743 38.1306 44.0524 49.9444 55.8104 61.6543 67.4798 73.2899 79.0881 84.8758 90.6538 94.9772 89.1978 83.4009 77.566 72.816 73.013 73.0301 73.0301 73.0301 73.0301 73.0301 73.0301 73.0301 73.0301 73.0301 73.0301 73.0301 73.0301 73.0301 73.0301 73.0301 73.03 72.9966 78.7758 80.3879 74.614 68.8383 63.0593 57.2764 51.4891 45.6966 39.8984 34.0936 28.2817 22.4618
5.77001 5.77001 5.77001 5.77001 5.77001 5.77001 5.77001 5.77001 5.77001 5.77001 5.77001 5.77001 5.77001 5.77001 5.7697 8.15967 6.95806 12.0056 17.2178 23.149 29.0658 34.9561 40.8241 46.6725 52.5041 58.3213 64.1266 69.9223 75.7125 81.4977 85.8557 88.2467 90.6396 86.8791 81.0932 75.2946 73.0031 73.0301 73.0301 73.0301 73.0301 73.0301 73.0301 73.0301 73.0301 73.0301 73.0301 73.0301 73.0301 73.0301 73.0301 73.0301 73.0301 73.03 72.9989 78.7744 80.3075 74.5311 68.7527 62.9706 57.1839 51.3919 45.594 39.7895 33.9777 28.1578 22.329
5.77001 5.77001 5.77001 5.77001 5.77001 5.77001 5.77001 5.77001 5.77001 5.77001 5.77001 5.77001 5.77001 5.77001 5.76977 5.58996 7.50396 13.0687 18.9242 24.7728 30.6118 36.4379 42.253 48.0585 53.8559 59.6468 65.4325 71.215 76.9976 80.0461 80.0766 82.4705 84.8663 84.531 78.7513 72.9907 73.0232 73.0301 73.0301 73.0301 73.0301 73.0301 73.03 73.03 73.03 73.0301 73.0301 73.0301 73.0301 73.0301 73.0301 73.0301 73.03 73.0213 72.9971 78.772 80.2264 74.4472 68.6668 62.8817 57.0914 51.295 45.4919 39.6813 33.8624 28.0344 22.1964
5.77001 5.77001 5.77001 5.77001 5.77001 5.77001 5.77001 5.77001 5.77001 5.77001 5.77001 5.77001 5.77001 5.77001 5.77001 5.74717 5.38924 10.6602 16.5195 22.3703 28.2066 34.0313 39.846 45.6524 51.4521 57.2461 63.0363 68.8249 74.2669 74.2617 74.2929 76.692 79.0915 80.5406 76.3791 73.0142 73.0301 73.0301 73.0301 73.0301 73.0301 73.0298 73.0298 71.9998 73.03 73.0301 73.0301 73.0301 73.0299 73.0301 73.0301 73.0301 73.03 73.0017 78.7708 81.164 80.1476 74.3673 68.5847 62.7972 57.0036 51.2033 45.3953 39.579 33.7533 27.9173 22.0701
5.77001 5.77001 5.77001 5.77001 5.77001 5.77001 5.77001 5.77001 5.77001 5.77001 5.77001 5.77001 5.77001 5.77001 5.77001 5.76052 5.49379 10.8085 16.6451 22.4769 28.2996 34.1142 39.922 45.7243 51.5219 57.3157 63.1101 68.8998 68.485 68.4731 68.505 70.9107 73.3152 74.767 74.001 73.025 73.0301 73.0301 73.0301 73.0301 73.0297 73.0294 71.9999 73.0297 73.03 73.0301 73.0301 73.0299 73.0301 73.0301 73.0301 73.0301 73.03 72.9894 78.7599 84.5369 80.0722 74.2914 68.5075 62.7177 56.9213 51.1174 45.305 39.4832 33.6509 27.8072 21.9511
5.77001 5.77001 5.77001 5.77001 5.77001 5.77001 5.77001 5.77001 5.77001 5.77001 5.77001 5.77001 5.77001 5.77001 5.77001 5.72409 7.77495 13.4914 19.1704 24.9758 30.7764 36.5733 42.3669 48.1577 53.946 59.7356 65.5237 65.1129 62.6869 62.679 62.712 65.1255 67.5363 68.9857 71.3808 73.0207 73.0263 73.0291 73.03 73.0298 73.0296 71.9365 73.0295 73.0298 73.0301 73.0301 73.0299 73.0301 73.0301 73.0301 73.0301 73.0301 73.03 72.9994 78.7563 84.5347 79.9997 74.219 68.4335 62.642 56.8431 51.0359 45.2193 39.3923 33.5539 27.7029 21.8384
5.77001 5.77001 5.77001 5.77001 5.77001 5.77001 5.77001 5.77001 5.77001 5.77001 5.77001 5.77001 5.76993 5.76896 5.76384 5.67285 11.3162 16.0258 21.7854 27.4451 33.2312 39.0156 44.7987 50.5805 56.3635 62.1457 61.7388 59.3126 56.8816 56.8773 56.9122 59.3357 61.7528 63.2017 65.6009 68.0019 70.3989 72.7929 73.0263 73.029 71.8061 73.03 73.0295 73.0293 73.0301 73.0299 73.0299 73.0299 73.03 73.0301 73.0301 73.0301 73.03 72.9995 78.7578 84.5363 79.9312 74.1491 68.3627 62.5692 56.768 50.9577 45.1374 39.3058 33.4617 27.6041 21.7318
5.77001 5.77001 5.77001 5.77001 5.77001 5.77001 5.77001 5.77001 5.77001 5.77001 5.76997 5.76979 5.76786 6.14938 6.08342 8.01768 13.7867 19.5357 24.2521 30.0021 35.654 41.4324 47.2101 52.9887 58.7669 58.3632 55.9471 53.5114 51.0703 51.0672 51.1045 53.5402 55.9661 57.4193 59.8214 62.2231 64.6213 67.0157 69.4061 71.7923 73.027 73.0286 70.8513 73.0291 73.0299 73.0297 73.0292 71.0369 73.0298 73.0301 73.0301 73.0301 73.03 72.9808 78.7583 84.5365 79.8663 74.0838 68.2958 62.501 56.6976 50.8848 45.0612 39.2255 33.3766 27.5131 21.6336
5.77001 5.77001 5.77001 5.77001 5.77001 5.77001 5.77001 5.76945 5.76944 5.76977 5.76937 6.15677 8.15444 11.9213 11.8767 13.8293 16.2058 21.9831 27.7271 32.4428 38.1885 43.8367 49.6123 55.3878 54.9863 52.5779 50.1551 47.7067 45.2496 45.2474 45.2875 47.7385 50.1768 51.6343 54.0406 56.4452 58.8445 61.2373 63.6233 66.0168 68.4132 70.8408 73.0273 73.0286 73.0298 73.0294 71.033 73.0292 73.0298 73.0301 73.0301 73.0301 73.03 72.9603 78.7461 84.5246 79.8064 74.0234 68.235 62.4389 56.6341 50.8192 44.993 39.154 33.301 27.4324 21.5465
5.77001 5.76996 5.76987 5.76984 5.76992 5.77001 5.77001 5.76901 8.15957 11.5396 8.15844 11.9274 13.9254 16.3147 17.6569 19.619 22.0031 24.3876 30.1614 35.9027 40.6177 46.3616 52.0085 51.6087 49.2057 46.7925 44.3613 41.8954 39.4189 39.4169 39.4604 41.9306 44.3842 45.8468 48.2581 50.6658 53.0657 55.4585 57.8494 60.2414 62.6682 65.0635 70.8464 73.0278 73.0293 71.0169 73.0293 73.0295 73.0301 73.0301 73.0301 73.03 73.0192 72.9563 78.742 84.5242 79.7492 73.9663 68.1775 62.3811 56.5753 50.7592 44.9312 39.0898 33.2334 27.3602 21.4683
5.76997 5.76987 8.15973 8.15952 5.76991 5.77001 5.77001 5.76864 11.5389 16.3188 13.9288 16.3188 19.6902 22.0802 23.4302 25.3957 27.7836 30.1709 32.559 38.3306 44.07 48.7853 48.506 46.0725 43.4251 41.0063 38.5638 36.0772 33.5775 33.575 33.6223 36.1157 38.588 40.0569 42.4737 44.8845 47.2858 49.6805 52.0715 54.497 56.8888 62.6731 68.4511 73.0262 70.9776 73.0291 73.0296 73.0301 73.0301 73.03 73.0294 73.0192 70.9468 78.7334 81.1374 85.4654 79.6855 73.9031 68.1147 62.3181 56.5123 50.6958 44.8668 39.0234 33.1638 27.286 21.3876
5.7699 8.15982 8.15972 5.76977 5.76992 5.77001 5.77001 5.76859 11.5388 16.3189 13.9274 11.5365 13.9182 16.3072 22.0782 27.8455 33.5568 35.9463 38.3352 40.7247 46.495 51.8877 46.1152 40.3304 37.8856 35.2175 32.7624 30.2516 27.7245 27.7209 27.7725 30.2934 32.788 34.2644 36.6871 39.1017 41.5045 43.8982 46.3219 48.7108 54.5004 60.2803 65.2036 70.9576 73.0263 73.0286 73.0301 73.0301 73.0301 73.0292 73.0216 70.9195 76.7316 81.1257 86.9045 85.3837 79.6038 73.8215 68.0322 62.2362 56.4307 50.6137 44.7834 38.9377 33.0743 27.1907 21.2841
8.15986 8.15981 5.76979 5.76989 5.77001 5.77001 5.77001 5.76912 8.15952 13.9289 8.15831 5.7658 8.14329 13.9137 19.6818 25.4532 31.2243 36.9954 42.7661 46.4972 48.8875 49.4974 43.7253 37.9456 32.1384 29.6692 26.9558 24.4187 21.8593 21.854 21.9101 24.4639 26.9857 28.4699 30.8985 33.3166 35.7175 38.1418 40.5287 46.3261 52.1121 57.0386 62.7945 65.1882 70.9571 73.0251 73.0289 73.0301 73.0296 73.024 70.9254 76.7308 79.1233 84.9014 88.903 85.3147 79.5383 73.7552 67.9659 62.1705 56.3654 50.5493 44.72 38.8746 33.0108 27.1258 21.2162
8.15985 5.76984 5.76987 5.77001 5.77001 5.77001 5.77001 5.76975 5.76992 8.15988 5.76971 5.76945 5.76109 11.5171 17.2897 23.0616 28.8331 34.6044 40.3754 46.1462 51.9168 47.107 41.3355 35.5601 29.7646 23.9109 21.3906 18.5749 15.9825 15.9734 16.0362 18.6264 21.4278 22.6716 25.1065 27.5239 29.9536 32.3409 38.1494 43.9435 48.874 54.6333 57.0211 62.7877 65.1808 70.9384 73.0264 73.0295 73.0253 70.8126 76.704 79.1233 84.9005 87.2965 86.3143 80.7294 78.3389 75.9505 70.3807 64.5946 58.7991 52.9975 47.1885 41.3687 35.5367 29.6895 23.826
5.76988 5.7699 5.77001 5.77001 5.77001 5.77001 5.77001 5.77001 5.76998 5.76996 5.77001 5.76748 8.14464 13.915 19.682 25.4534 31.2245 36.9954 42.766 48.5365 50.4876 44.7167 38.9455 33.1725 27.3887 21.5614 15.61 12.981 10.1134 10.1211 10.1739 13.0425 15.6962 16.874 19.3046 21.7517 24.1441 29.9689 35.7734 40.7083 46.4695 48.8541 54.6204 57.0124 62.7727 65.1657 70.9047 73.0223 70.839 76.7076 79.0963 84.8721 87.2967 86.3144 80.5312 78.1371 72.5485 70.1586 67.7773 65.396 61.23 55.4466 49.6521 43.8515 38.0472 32.2336 26.4097
5.76993 5.77001 5.77001 5.77001 5.77001 5.77001 5.77001 5.77001 5.76994 5.76987 5.76953 8.15762 13.9197 16.3085 22.0793 27.8455 33.616 38.4003 40.7902 46.5606 48.0975 42.3267 36.5556 30.7834 25.0068 19.2061 13.3157 7.25954 5.29646 5.38349 5.32465 7.39354 11.0963 11.0601 13.5211 15.932 21.7827 27.601 32.5412 38.3039 40.686 46.4527 48.8427 54.6057 56.9953 62.7297 65.1101 70.8193 73.2266 78.9976 84.7711 87.2669 89.6981 83.9171 78.1314 72.3418 69.9514 64.3546 61.9675 59.5927 57.2197 54.8414 52.0815 46.3005 40.5097 34.7106 29.2808
