tests/full-run-ref/erosion_81_12_73.110.asc
ncols 512
nrows 512
xllcorner -3.24582
yllcorner -4.08743
cellsize 5
NODATA_value -99999
[rows 29 to 57 of 512, columns 201 to 267 of 512]
5.76999 5.76999 5.76999 5.77 5.77 5.77 5.76996 5.77 5.77 5.76999 5.76994 5.77001 5.77005 5.77005 5.77005 5.77005 5.77005 5.77005 5.77005 5.77005 5.77004 5.77003 5.77002 5.76999 5.77005 5.77005 5.77005 5.77005 5.77005 5.77005 5.77004 5.77005 5.77004 5.76991 5.76999 5.77003 5.77001 5.77001 5.76999 5.76999 5.76993 5.76996 5.77002 5.76993 5.77006 5.77007 5.77007 5.77003 5.76996 5.76993 5.77007 5.76999 5.76999 5.77003 5.77007 5.77007 5.77007 5.77007 5.77006 5.77001 5.77004 5.77006 5.76998 5.76998 5.77007 5.76994 5.76998
5.77 5.77 5.76999 5.77 5.77 5.77 5.77 5.76998 5.77001 5.76996 5.77004 5.77005 5.77005 5.77005 5.77005 5.77004 5.77002 5.76999 5.77 5.77 5.76999 5.76996 5.76997 5.77005 5.77005 5.77005 5.77005 5.77005 5.77005 5.77005 5.77005 5.76999 5.76995 5.76999 5.77 5.7699 5.76993 5.76996 5.77001 5.76998 5.76998 5.76999 5.76992 5.77003 5.77007 5.77007 5.77007 5.77004 5.76999 5.76993 5.7699 5.77004 5.77007 5.77007 5.77007 5.77007 5.77007 5.77006 5.76999 5.76999 5.76998 5.77 5.77006 5.76997 5.7699 5.77006 5.76999
5.76999 5.77 5.76999 5.76999 5.76999 5.76998 5.76999 5.77 5.77 5.76995 5.77003 5.77005 5.77004 5.77003 5.77004 5.77 5.76984 5.76994 5.76999 5.76999 5.77 5.76997 5.77002 5.77004 5.77005 5.77005 5.77005 5.77005 5.77005 5.77005 5.77005 5.77004 5.76998 5.77002 5.76995 5.76998 5.76997 5.76999 5.76999 5.77002 5.76999 5.76998 5.76985 5.77007 5.77007 5.77007 5.77007 5.77006 5.76971 5.77 5.77007 5.77007 5.77007 5.77007 5.77007 5.77007 5.77003 5.76992 5.77 5.77 5.76998 5.7699 5.77004 5.77001 5.77 5.76993 5.77003
5.76995 5.76999 5.76999 5.76999 5.76999 5.76997 5.77001 5.76998 5.77 5.76995 5.77004 5.77004 5.76999 5.76989 5.77 5.76997 5.76999 5.76999 5.76999 5.76997 5.76999 5.77 5.76986 5.77003 5.77005 5.77005 5.77005 5.77005 5.77005 5.77005 5.77005 5.77002 5.76994 5.77001 5.76999 5.77002 5.76998 5.77 5.76999 5.76997 5.76999 5.7699 5.77005 5.77007 5.77007 5.77007 5.77007 5.76999 5.77007 5.77007 5.77007 5.77007 5.77007 5.77007 5.77006 5.77003 5.7699 5.76995 5.77 5.76997 5.76994 5.77002 5.76991 5.77005 5.76992 5.77002 5.76999
5.76999 5.76999 5.76998 5.77 5.76999 5.76999 5.76996 5.76998 5.77 5.77001 5.77004 5.77001 5.76995 5.77 5.77 5.76999 5.77001 5.76998 5.77003 5.76997 5.77002 5.76998 5.76996 5.77002 5.77005 5.77005 5.77005 5.77005 5.77005 5.77005 5.77005 5.77 5.76998 5.77 5.76998 5.76998 5.76997 5.77 5.77 5.77 5.77 5.76988 5.77005 5.77007 5.77007 5.77007 5.77 5.77007 5.77007 5.77007 5.77007 5.77007 5.77007 5.77005 5.77001 5.76988 5.76999 5.76999 5.76999 5.76994 5.77003 5.76993 5.76995 5.7699 5.77006 5.7699 5.76993
5.76999 5.77003 5.76999 5.76999 5.76998 5.76997 5.76999 5.76999 5.77 5.76998 5.76999 5.76999 5.76997 5.76997 5.76999 5.76999 5.77001 5.76997 5.77002 5.76995 5.76999 5.77001 5.76999 5.77001 5.77005 5.77005 5.77005 5.77005 5.77005 5.77005 5.77005 5.77002 5.76999 5.77 5.76999 5.77 5.77 5.77 5.76999 5.77 5.76998 5.76985 5.77007 5.77007 5.77007 5.76999 5.77007 5.77007 5.77007 5.77007 5.77007 5.77007 5.77006 5.76998 5.76998 5.77 5.77 5.76999 5.77 5.76999 5.76993 5.76996 5.77001 5.76986 5.77003 5.76991 5.77
5.76995 5.76992 5.76995 5.76997 5.77003 5.76999 5.77001 5.76999 5.76999 5.77001 5.76999 5.77003 5.76999 5.76994 5.77004 5.76992 5.76998 5.76993 5.77003 5.76995 5.77002 5.76995 5.76998 5.76999 5.77004 5.77005 5.77005 5.77005 5.77005 5.77005 5.77005 5.77001 5.76998 5.77 5.76998 5.76999 5.76999 5.76999 5.77 5.77 5.76982 5.77005 5.77007 5.77007 5.77005 5.77007 5.77007 5.77007 5.77007 5.77007 5.77007 5.77004 5.76999 5.77 5.77003 5.76994 5.76997 5.76999 5.76999 5.77002 5.76994 5.77 5.76997 5.76989 5.77005 5.76993 5.76998
5.77 5.77 5.77 5.76993 5.76996 5.76999 5.76998 5.76999 5.76993 5.76992 5.76991 5.76993 5.76992 5.76992 5.76994 5.76996 5.76999 5.76999 5.76998 5.76999 5.76999 5.76997 5.77 5.76993 5.77004 5.77005 5.77005 5.77005 5.77005 5.77005 5.77005 5.77002 5.76999 5.77001 5.77 5.77002 5.76996 5.77 5.76998 5.76998 5.76977 5.77007 5.77007 5.77007 5.77007 5.77007 5.77007 5.77007 5.77007 5.77007 5.77002 5.76995 5.76998 5.77001 5.76994 5.76995 5.76995 5.77003 5.76997 5.76995 5.77001 5.76992 5.7699 5.76999 5.76999 5.77 5.76991
5.77 5.76999 5.76999 5.76998 5.76999 5.76999 5.76998 5.76999 5.7699 5.77007 5.77006 5.77006 5.77007 5.77004 5.76999 5.77001 5.77 5.77 5.77001 5.77003 5.76999 5.77001 5.76999 5.77 5.77004 5.77005 5.77005 5.77005 5.77005 5.77005 5.77004 5.76999 5.76998 5.77001 5.76997 5.76999 5.76998 5.77 5.77002 5.76999 5.77002 5.77006 5.77007 5.77007 5.77007 5.77007 5.77007 5.77007 5.77007 5.77003 5.76997 5.76999 5.76998 5.76998 5.76997 5.77 5.76995 5.76998 5.76997 5.76994 5.77002 5.76996 5.77005 5.77001 5.76991 5.76997 5.77004
5.76999 5.76997 5.77001 5.76998 5.77 5.77 5.76997 5.77002 5.76992 5.77004 5.77007 5.77007 5.77007 5.76997 5.77004 5.76994 5.76998 5.76999 5.76995 5.76994 5.76997 5.77001 5.76998 5.77 5.77005 5.77005 5.77005 5.77005 5.77005 5.77005 5.77004 5.76989 5.77 5.76999 5.76999 5.76998 5.77003 5.76997 5.76997 5.76996 5.76992 5.77007 5.77007 5.77007 5.77007 5.77007 5.77007 5.77007 5.77005 5.76993 5.76999 5.76998 5.77002 5.76996 5.76999 5.76999 5.76999 5.76999 5.77 5.76992 5.77 5.76995 5.76998 5.77002 5.77003 5.76997 5.76999
5.76999 5.76997 5.76995 5.76996 5.76998 5.77 5.76995 5.76998 5.76995 5.76996 5.77003 5.77007 5.77006 5.76994 5.77 5.76996 5.76995 5.77 5.77 5.77 5.77 5.77 5.76992 5.77003 5.77005 5.77005 5.77005 5.77005 5.77005 5.77005 5.77005 5.77002 5.76997 5.77 5.77 5.76997 5.76999 5.77 5.76999 5.76984 5.77007 5.77007 5.77007 5.77007 5.77007 5.77007 5.77007 5.77005 5.76996 5.77001 5.77002 5.76997 5.76995 5.76998 5.76992 5.76993 5.76997 5.76992 5.76997 5.77004 5.76992 5.76999 5.77006 5.76997 5.77005 5.76998 5.77005
5.77 5.76999 5.76998 5.76999 5.76997 5.76995 5.76993 5.76997 5.77 5.76997 5.77002 5.77007 5.77006 5.7699 5.76997 5.77004 5.76994 5.77 5.76994 5.7699 5.76997 5.76997 5.77001 5.77005 5.77005 5.77005 5.77005 5.77005 5.77005 5.77005 5.77005 5.76991 5.76999 5.76998 5.76996 5.76998 5.76998 5.77 5.76989 5.77005 5.77007 5.77007 5.77007 5.77007 5.77007 5.77007 5.77005 5.76999 5.77 5.77003 5.76992 5.76995 5.76999 5.76989 5.77005 5.76997 5.77 5.77005 5.76997 5.77 5.76999 5.76993 5.76994 5.76998 5.77002 5.76994 5.76994
5.76998 5.77001 5.76997 5.77 5.76999 5.76993 5.77003 5.76999 5.77 5.76996 5.77005 5.77007 5.77006 5.7699 5.76997 5.76998 5.76996 5.76999 5.77001 5.77005 5.76998 5.76999 5.77004 5.77005 5.77005 5.77005 5.77005 5.77005 5.77004 5.77001 5.77004 5.77004 5.76997 5.77002 5.77 5.77003 5.76993 5.76999 5.76973 5.77007 5.77007 5.77007 5.77007 5.77007 5.77007 5.77005 5.76998 5.77 5.77003 5.76995 5.76995 5.77001 5.76998 5.76991 5.76994 5.77002 5.76993 5.77 5.76992 5.76995 5.76985 5.77006 5.76997 5.76996 5.76998 5.76992 5.76996
5.76998 5.76998 5.76999 5.76999 5.77 5.76994 5.76989 5.76996 5.77003 5.76998 5.77003 5.77007 5.77006 5.76991 5.77001 5.77001 5.77001 5.76999 5.76993 5.76993 5.77003 5.77002 5.77005 5.77005 5.77005 5.77005 5.77005 5.77004 5.76997 5.76998 5.76997 5.77 5.76999 5.76997 5.76993 5.76993 5.77003 5.76991 5.77005 5.77007 5.77007 5.77007 5.77007 5.77007 5.77006 5.77001 5.76999 5.77003 5.76997 5.76996 5.76999 5.76991 5.76989 5.76999 5.77001 5.76992 5.76998 5.77003 5.77005 5.76996 5.76994 5.77003 5.76986 5.77002 5.77 5.77006 5.77003
5.60642 5.63967 5.77 5.76999 5.77 5.77 5.77 5.76996 5.77001 5.76996 5.77003 5.77007 5.77006 5.76993 5.76999 5.77 5.77002 5.76997 5.77 5.76999 5.76983 5.77004 5.77005 5.77005 5.77005 5.77005 5.77005 5.77002 5.76996 5.77001 5.77002 5.76999 5.77003 5.76996 5.76999 5.76998 5.76999 5.76991 5.77005 5.77007 5.77007 5.77007 5.77007 5.77007 5.77004 5.76992 5.77001 5.76991 5.76995 5.76996 5.76994 5.76991 5.77005 5.76988 5.76996 5.77006 5.76994 5.7699 5.76999 5.76995 5.76998 5.77006 5.77002 5.76993 5.76997 5.76985 5.76996
5.81766 5.6718 5.76998 4.89075 4.68355 4.84203 5.76988 5.76995 5.77 5.76995 5.77003 5.77007 5.77006 5.76994 5.77003 5.76997 5.76998 5.77 5.76999 5.76997 5.77 5.77005 5.77005 5.77005 5.77005 5.77005 5.77004 5.76995 5.77 5.76999 5.76995 5.76996 5.76995 5.77 5.77 5.77001 5.77001 5.76989 5.77007 5.77007 5.77007 5.77007 5.77007 5.77006 5.76999 5.76995 5.76998 5.76997 5.77 5.76991 5.77003 5.76992 5.77003 5.76986 5.76992 5.76999 5.76996 5.77002 5.77007 5.77002 5.76997 5.76996 5.76992 5.76999 5.76996 5.76998 5.76998
5.66176 5.67499 5.77002 4.69582 6.29614 5.31341 5.77006 5.76995 5.77 5.76996 5.77002 5.77007 5.77006 5.76995 5.77002 5.76994 5.77 5.76995 5.77002 5.76996 5.77003 5.77005 5.77005 5.77005 5.77005 5.77005 5.77002 5.76998 5.77003 5.76995 5.77 5.76998 5.77 5.76999 5.76999 5.76997 5.76989 5.77005 5.77007 5.77007 5.77007 5.77007 5.77007 5.77003 5.7699 5.77 5.76999 5.77 5.76998 5.7699 5.77005 5.76996 5.77005 5.76994 5.77003 5.77007 5.77003 5.76993 5.76996 5.76999 5.76995 5.76999 5.76997 5.76999 5.76999 5.77006 5.77006
5.77 5.76996 5.76993 4.68644 4.85399 5.23322 5.7699 5.76991 5.77 5.76995 5.77001 5.77007 5.77006 5.76994 5.77003 5.76999 5.76999 5.76999 5.77 5.76999 5.77004 5.77005 5.77005 5.77005 5.77005 5.77004 5.76991 5.77001 5.76998 5.76996 5.76997 5.77001 5.77 5.77 5.77001 5.76992 5.76999 5.77007 5.77007 5.77007 5.77007 5.77007 5.77005 5.76986 5.76996 5.76996 5.76992 5.76991 5.77001 5.76994 5.77005 5.76998 5.76999 5.76994 5.76999 5.76999 5.76996 5.76998 5.77001 5.77006 5.77006 5.77006 5.77005 5.77002 5.76997 5.76992 5.76998
5.76999 5.76999 5.77 5.76999 5.77001 5.76999 5.77 5.77 5.77 5.76999 5.77 5.77007 5.77006 5.76994 5.77001 5.76994 5.76995 5.77002 5.76993 5.77002 5.77005 5.77005 5.77005 5.77005 5.77005 5.77003 5.76999 5.77004 5.76994 5.76998 5.76999 5.77 5.76999 5.77 5.76995 5.76985 5.77007 5.77007 5.77007 5.77007 5.77007 5.77006 5.76991 5.76994 5.77001 5.76994 5.77004 5.76999 5.77005 5.76997 5.76999 5.76996 5.76996 5.77005 5.77006 5.77006 5.77006 5.77003 5.76998 5.76986 5.76994 5.76994 5.76995 5.76995 5.76999 5.76994 5.77006
5.77 5.76999 5.76999 5.76998 5.76997 5.76997 5.77 5.77 5.77 5.77 5.76985 5.77007 5.77007 5.76989 5.77003 5.76995 5.77001 5.76998 5.77001 5.77004 5.77005 5.77005 5.77005 5.77005 5.77005 5.77001 5.76997 5.77001 5.76993 5.76996 5.77002 5.76998 5.77001 5.76995 5.77 5.77007 5.77007 5.77007 5.77007 5.77007 5.77007 5.77001 5.76996 5.76998 5.76998 5.76992 5.76998 5.76996 5.76992 5.77006 5.77006 5.77001 5.77003 5.76995 5.76995 5.76993 5.76993 5.76995 5.76996 5.76998 5.76997 5.76998 5.76997 5.76992 5.76989 5.77 5.76989
5.77 5.76999 5.76999 5.76999 5.77 5.76999 5.76999 5.76999 5.77 5.77 5.76991 5.77006 5.77007 5.76974 5.76999 5.77001 5.76997 5.76997 5.77003 5.77005 5.77005 5.77005 5.77005 5.77005 5.77004 5.76993 5.77 5.76998 5.77 5.76998 5.77 5.76998 5.76995 5.76994 5.77007 5.77007 5.77007 5.77007 5.77007 5.77007 5.77003 5.76992 5.76999 5.76995 5.76986 5.76993 5.77005 5.77007 5.77006 5.76996 5.77002 5.76993 5.76995 5.77006 5.77005 5.77002 5.76997 5.76985 5.77003 5.77005 5.77007 5.77007 5.77007 5.77006 5.77006 5.76991 5.76988
5.76999 5.76999 5.77 5.77 5.77 5.77001 5.77 5.76998 5.77001 5.76998 5.76991 5.77006 5.77007 5.77004 5.76999 5.77003 5.76994 5.76997 5.77001 5.77005 5.77005 5.77005 5.77005 5.77005 5.77001 5.76997 5.77003 5.76995 5.76994 5.77003 5.76995 5.76998 5.77 5.77007 5.77007 5.77007 5.77007 5.77007 5.77007 5.77005 5.76987 5.76999 5.76993 5.76998 5.77007 5.77006 5.76997 5.76993 5.76998 5.77004 5.77005 5.77006 5.77004 5.76997 5.76988 5.76992 5.77006 5.77005 5.76997 5.76996 5.77 5.76998 5.76998 5.76997 5.76992 5.77006 5.77007
5.77 5.77 5.77 5.76999 5.76999 5.76998 5.76999 5.76996 5.77003 5.76997 5.76991 5.77006 5.77007 5.77002 5.76998 5.76995 5.76999 5.77001 5.76994 5.77004 5.77005 5.77005 5.77005 5.77004 5.76988 5.77 5.77 5.76996 5.76998 5.76999 5.76999 5.76999 5.77007 5.77007 5.77007 5.77007 5.77007 5.77007 5.77006 5.76991 5.77001 5.76994 5.77003 5.77005 5.7699 5.76982 5.76993 5.77 5.77006 5.76995 5.76994 5.76996 5.76997 5.77005 5.76999 5.76993 5.76996 5.76999 5.77005 5.77005 5.77006 5.77007 5.77005 5.77004 5.77 5.76999 5.76984
5.77 5.77 5.76999 5.76999 5.77 5.77 5.77 5.76997 5.77 5.76998 5.76992 5.77006 5.77007 5.76996 5.76991 5.76999 5.77 5.76994 5.77 5.77005 5.77005 5.77005 5.77005 5.77003 5.76998 5.77004 5.76996 5.77 5.77 5.76994 5.76994 5.77007 5.77007 5.77007 5.77007 5.77007 5.77007 5.77007 5.76997 5.76993 5.76993 5.77005 5.76993 5.76987 5.76995 5.76995 5.76995 5.76992 5.76992 5.76994 5.76997 5.77005 5.76998 5.76998 5.76999 5.77003 5.77006 5.77004 5.76995 5.76995 5.76997 5.77001 5.76996 5.76998 5.77003 5.77006 5.77002
5.76999 5.76999 5.76999 5.77 5.77 5.77 5.77001 5.77 5.77 5.77 5.76994 5.77005 5.77007 5.77007 5.77004 5.76994 5.76996 5.77003 5.77005 5.77005 5.77005 5.77005 5.77005 5.76997 5.76998 5.76999 5.76997 5.77 5.76994 5.76992 5.77007 5.77007 5.77007 5.77007 5.77007 5.77007 5.77007 5.77003 5.76989 5.77001 5.76999 5.76992 5.76989 5.77 5.76998 5.77002 5.76999 5.77003 5.76999 5.77002 5.76989 5.76982 5.76994 5.77004 5.77 5.76996 5.76993 5.76993 5.76999 5.77004 5.77005 5.77006 5.77006 5.77003 5.76999 5.76991 5.7699
5.76994 5.77 5.77 5.76999 5.76999 5.76998 5.76999 5.76996 5.76999 5.76997 5.76997 5.77003 5.77007 5.77007 5.77003 5.76997 5.76999 5.77001 5.77005 5.77005 5.77005 5.77005 5.77004 5.76993 5.77001 5.76996 5.77 5.76994 5.76991 5.77007 5.77007 5.77007 5.77007 5.77007 5.77007 5.77007 5.77005 5.7699 5.76993 5.76993 5.77002 5.76998 5.76996 5.76994 5.76999 5.76996 5.76993 5.76994 5.76997 5.76993 5.76996 5.76999 5.76996 5.76991 5.76997 5.77004 5.76999 5.77003 5.76995 5.7699 5.76994 5.76993 5.76993 5.76997 5.77005 5.76999 5.76994
5.76997 5.77 5.76999 5.76999 5.76999 5.77 5.77 5.76988 5.77005 5.76995 5.76998 5.77 5.77007 5.77007 5.76997 5.77002 5.77002 5.76995 5.77004 5.77005 5.77005 5.77005 5.77003 5.76996 5.77001 5.76997 5.76996 5.76993 5.77007 5.77007 5.77007 5.77007 5.77007 5.77007 5.77007 5.77006 5.76996 5.76994 5.76998 5.76999 5.76995 5.76999 5.77003 5.76998 5.77003 5.76999 5.76991 5.76994 5.77003 5.76993 5.77 5.76997 5.77001 5.76998 5.76993 5.76992 5.76993 5.76996 5.76998 5.76996 5.77005 5.76999 5.77004 5.76997 5.76998 5.76998 5.77002
5.76996 5.77 5.77 5.76999 5.76999 5.76998 5.76995 5.76997 5.76991 5.76999 5.76999 5.76995 5.77007 5.77007 5.76997 5.76992 5.76999 5.76999 5.77005 5.77005 5.77005 5.77005 5.77002 5.76997 5.76996 5.77003 5.76995 5.77007 5.77007 5.77007 5.77007 5.77007 5.77007 5.77007 5.77007 5.77003 5.76995 5.77002 5.76996 5.77 5.76999 5.76992 5.7699 5.77001 5.7699 5.77 5.77004 5.76998 5.76996 5.76991 5.77 5.76998 5.76997 5.76999 5.77001 5.76999 5.77 5.76996 5.77003 5.76995 5.76994 5.76998 5.76998 5.76996 5.76992 5.77006 5.7699
5.76989 5.76997 5.77 5.77 5.77 5.76997 5.77003 5.76999 5.77 5.76999 5.77003 5.76998 5.77006 5.77007 5.77007 5.77005 5.77 5.77004 5.77005 5.77005 5.77005 5.77004 5.76999 5.76999 5.76999 5.76994 5.77005 5.77007 5.77007 5.77007 5.77007 5.77007 5.77007 5.77007 5.77005 5.76993 5.76996 5.76996 5.77002 5.76993 5.76987 5.77002 5.77005 5.77006 5.77004 5.76996 5.76996 5.77001 5.77 5.76999 5.76997 5.76996 5.77 5.76998 5.76996 5.76997 5.77 5.76993 5.76999 5.76995 5.76996 5.77003 5.76999 5.77003 5.76994 5.76996 5.76998
