tests/full-run-ref/erosion_2010_78_15_62.100.asc
ncols 512
nrows 512
xllcorner -3.24582
yllcorner -4.08743
cellsize 5
NODATA_value -99999
[rows 195 to 233 of 512, columns 0 to 86 of 512]
241.845 242.87 237.595 236.4 235.205 234.01 232.815 231.62 230.425 229.23 228.035 226.84 225.644 225.644 225.644 226.839 228.035 229.23 230.425 231.62 232.815 234.01 235.205 236.4 237.595 238.79 239.985 241.18 242.375 243.57 244.765 245.96 247.155 248.35 249.545 250.74 251.935 253.13 254.325 255.52 256.715 257.91 259.105 260.3 261.495 262.69 263.885 265.08 266.275 267.47 268.665 269.86 271.055 272.25 273.445 274.64 275.835 277.03 278.225 279.42 280.615 281.81 283.005 284.2 285.395 286.59 287.785 288.98 291.025 291.025 291.025 291.025 291.025 291.025 291.025 291.025 314.945 317.83 320.715 323.6 325.09 325.09 325.09 325.09 325.09 325.09 325.09
238.96 239.985 234.71 233.515 232.32 231.125 229.93 228.735 227.54 226.345 225.15 223.955 222.759 222.759 222.759 223.954 225.15 226.345 227.54 228.735 229.93 231.125 232.32 233.515 234.71 235.905 237.1 238.295 239.49 240.685 241.88 243.075 244.27 245.465 246.66 247.855 249.05 250.245 251.44 252.635 253.83 255.025 256.22 257.415 258.61 259.805 261 262.195 263.39 264.585 265.78 266.975 268.17 269.365 270.56 271.755 272.95 274.145 275.34 276.535 277.73 278.925 280.12 281.315 282.51 283.705 284.9 287.785 290.67 291.025 291.025 291.025 291.025 291.025 291.025 291.025 291.025 316.635 319.52 322.405 325.09 325.09 325.09 325.09 325.09 325.09 325.09
236.075 237.1 231.825 230.63 229.435 228.24 227.045 225.85 224.655 223.46 222.265 221.07 219.874 219.874 219.874 221.069 222.265 223.46 224.655 225.85 227.045 228.24 229.435 230.63 231.825 233.02 234.215 235.41 236.605 237.8 238.995 240.19 241.385 242.58 243.775 244.97 246.165 247.36 248.555 249.75 250.945 252.14 253.335 254.53 255.725 256.92 258.115 259.31 260.505 261.7 262.895 264.09 265.285 266.48 267.675 268.87 270.065 271.26 272.455 273.65 274.845 276.04 277.235 278.43 279.625 280.82 283.705 286.59 289.475 291.025 291.025 291.025 291.025 291.025 291.025 291.025 291.025 291.025 318.325 321.21 324.095 325.09 325.09 325.09 325.09 325.09 325.09
233.19 234.215 228.94 227.745 226.55 225.355 224.16 222.965 221.77 220.575 219.38 218.185 216.989 216.989 216.989 218.184 219.38 220.575 221.77 222.965 224.16 225.355 226.55 227.745 228.94 230.135 231.33 232.525 233.72 234.915 236.11 237.305 238.5 239.695 240.89 242.085 243.28 244.475 245.67 246.865 248.06 249.255 250.45 251.645 252.84 254.035 255.23 256.425 257.62 258.815 260.01 261.205 262.4 263.595 264.79 265.985 267.18 268.375 269.57 270.765 271.96 273.155 274.35 275.545 276.74 279.625 282.51 285.395 288.28 291.025 291.025 291.025 291.025 291.025 291.025 291.025 291.025 291.025 291.025 320.015 322.9 325.09 325.09 325.09 325.09 325.09 325.09
230.305 231.33 226.055 224.86 223.665 222.47 221.275 220.08 218.885 217.69 216.495 215.3 214.104 214.104 214.104 215.299 216.495 217.69 218.885 220.08 221.275 222.47 223.665 224.86 226.055 227.25 228.445 229.64 230.835 232.03 233.225 234.42 235.615 236.81 238.005 239.2 240.395 241.59 242.785 243.98 245.175 246.37 247.565 248.76 249.955 251.15 252.345 253.54 254.735 255.93 257.125 258.32 259.515 260.71 261.905 263.1 264.295 265.49 266.685 267.88 269.075 270.27 271.465 272.66 275.545 278.43 281.315 284.2 287.085 289.97 291.025 291.025 291.025 291.025 291.025 291.025 291.025 291.025 291.025 291.025 321.705 324.59 325.09 325.09 325.09 325.09 325.09
227.42 228.445 223.17 221.975 220.78 219.585 218.39 217.195 216 214.805 213.61 212.415 211.219 211.219 211.219 212.414 213.61 214.805 216 217.195 218.39 219.585 220.78 221.975 223.17 224.365 225.56 226.755 227.95 229.145 230.34 231.535 232.73 233.925 235.12 236.315 237.51 238.705 239.9 241.095 242.29 243.485 244.68 245.875 247.07 248.265 249.46 250.655 251.85 253.045 254.24 255.435 256.63 257.825 259.02 260.215 261.41 262.605 263.8 264.995 266.19 267.385 268.58 271.465 274.35 277.235 280.12 283.005 285.89 288.775 291.025 291.025 291.025 291.025 291.025 291.025 291.025 291.025 291.025 291.025 291.025 323.395 324.59 325.09 325.09 325.09 325.09
224.535 225.56 220.285 219.09 217.895 216.7 215.505 214.31 213.115 211.92 210.725 209.53 208.334 208.334 208.334 209.529 210.725 211.92 213.115 214.31 215.505 216.7 217.895 219.09 220.285 221.48 222.675 223.87 225.065 226.26 227.455 228.65 229.845 231.04 232.235 233.43 234.625 235.82 237.015 238.21 239.405 240.6 241.795 242.99 244.185 245.38 246.575 247.77 248.965 250.16 251.355 252.55 253.745 254.94 256.135 257.33 258.525 259.72 260.915 262.11 263.305 264.5 267.385 270.27 273.155 276.04 278.925 281.81 284.695 287.58 290.465 291.025 291.025 291.025 291.025 291.025 291.025 291.025 291.025 291.025 291.025 291.025 291.025 291.025 325.09 325.09 325.09
221.65 222.675 217.4 216.205 215.01 213.815 212.62 211.425 210.23 209.035 207.84 206.645 205.449 205.449 205.449 206.644 207.84 209.035 210.23 211.425 212.62 213.815 215.01 216.205 217.4 218.595 219.79 220.985 222.18 223.375 224.57 225.765 226.96 228.155 229.35 230.545 231.74 232.935 234.13 235.325 236.52 237.715 238.91 240.105 241.3 242.495 243.69 244.885 246.08 247.275 248.47 249.665 250.86 252.055 253.25 254.445 255.64 256.835 258.03 259.225 260.42 263.305 266.19 269.075 271.96 274.845 277.73 280.615 283.5 286.385 289.27 291.025 291.025 291.025 291.025 291.025 291.025 291.025 291.025 291.025 291.025 291.025 291.025 291.025 291.025 321.012 321.012
218.765 219.79 214.515 213.32 212.125 210.93 209.735 208.54 207.345 206.15 204.955 203.76 202.564 202.564 202.564 203.759 204.955 206.15 207.345 208.54 209.735 210.93 212.125 213.32 214.515 215.71 216.905 218.1 219.295 220.49 221.685 222.88 224.075 225.27 226.465 227.66 228.855 230.05 231.245 232.44 233.635 234.83 236.025 237.22 238.415 239.61 240.805 242 243.195 244.39 245.585 246.78 247.975 249.17 250.365 251.56 252.755 253.95 255.145 256.34 259.225 262.11 264.995 267.88 270.765 273.65 276.535 279.42 282.305 285.19 288.075 290.96 291.025 291.025 291.025 291.025 291.025 291.025 291.025 291.025 291.025 291.025 291.025 291.025 291.025 291.025 321.012
215.88 216.905 211.63 210.435 209.24 208.045 206.85 205.655 204.46 203.265 202.07 200.875 199.679 199.679 199.679 200.874 202.07 203.265 204.46 205.655 206.85 208.045 209.24 210.435 211.63 212.825 214.02 215.215 216.41 217.605 218.8 219.995 221.19 222.385 223.58 224.775 225.97 227.165 228.36 229.555 230.75 231.945 233.14 234.335 235.53 236.725 237.92 239.115 240.31 241.505 242.7 243.895 245.09 246.285 247.48 248.675 249.87 251.065 252.26 255.145 258.03 260.915 263.8 266.685 269.57 272.455 275.34 278.225 281.11 283.995 286.88 289.765 291.025 291.025 291.025 291.025 291.025 291.025 291.025 291.025 291.025 291.025 291.025 291.025 291.025 291.025 291.025
212.995 214.02 208.745 207.55 206.355 205.16 203.965 202.77 201.575 200.38 199.185 197.99 196.794 196.794 196.794 197.989 199.185 200.38 201.575 202.77 203.965 205.16 206.355 207.55 208.745 209.94 211.135 212.33 213.525 214.72 215.915 217.11 218.305 219.5 220.695 221.89 223.085 224.28 225.475 226.67 227.865 229.06 230.255 231.45 232.645 233.84 235.035 236.23 237.425 238.62 239.815 241.01 242.205 243.4 244.595 245.79 246.985 248.18 251.065 253.95 256.835 259.72 262.605 265.49 268.375 271.26 274.145 277.03 279.915 282.8 285.685 288.57 291.025 291.025 291.025 291.025 291.025 291.025 291.025 291.025 291.025 291.025 291.025 291.025 291.025 291.025 291.025
210.11 211.135 205.86 204.665 203.47 202.275 201.08 199.885 198.69 197.495 196.3 195.105 193.909 193.909 193.909 195.104 196.3 197.495 198.69 199.885 201.08 202.275 203.47 204.665 205.86 207.055 208.25 209.445 210.64 211.835 213.03 214.225 215.42 216.615 217.81 219.005 220.2 221.395 222.59 223.785 224.98 226.175 227.37 228.565 229.76 230.955 232.15 233.345 234.54 235.735 236.93 238.125 239.32 240.515 241.71 242.905 244.1 246.985 249.87 252.755 255.64 258.525 261.41 264.295 267.18 270.065 272.95 275.835 278.72 281.605 284.49 287.375 290.26 291.025 291.025 291.025 291.025 291.025 291.025 291.025 291.025 291.025 291.025 291.025 291.025 291.025 291.025
207.225 208.25 202.975 201.78 200.585 199.39 198.195 197 195.805 194.61 193.415 192.22 191.024 191.024 191.024 192.219 193.415 194.61 195.805 197 198.195 199.39 200.585 201.78 202.975 204.17 205.365 206.56 207.755 208.95 210.145 211.34 212.535 213.73 214.925 216.12 217.315 218.51 219.705 220.9 222.095 223.29 224.485 225.68 226.875 228.07 229.265 230.46 231.655 232.85 234.045 235.24 236.435 237.63 238.825 240.02 242.905 245.79 248.675 251.56 254.445 257.33 260.215 263.1 265.985 268.87 271.755 274.64 277.525 280.41 283.295 286.18 289.065 291.025 291.025 291.025 291.025 291.025 291.025 291.025 291.025 291.025 291.025 291.025 291.025 291.025 291.025
204.34 205.365 200.09 198.895 197.7 196.505 195.31 194.115 192.92 191.725 190.53 189.335 188.139 188.139 188.139 189.334 190.53 191.725 192.92 194.115 195.31 196.505 197.7 198.895 200.09 201.285 202.48 203.675 204.87 206.065 207.26 208.455 209.65 210.845 212.04 213.235 214.43 215.625 216.82 218.015 219.21 220.405 221.6 222.795 223.99 225.185 226.38 227.575 228.77 229.965 231.16 232.355 233.55 234.745 235.94 238.825 241.71 244.595 247.48 250.365 253.25 256.135 259.02 261.905 264.79 267.675 270.56 273.445 276.33 279.215 282.1 284.985 287.87 290.755 291.025 291.025 291.025 291.025 291.025 291.025 291.025 291.025 291.025 291.025 291.025 291.025 291.025
201.455 202.48 197.205 196.01 194.815 193.62 192.425 191.23 190.035 188.84 187.645 186.45 185.254 185.254 185.254 186.449 187.645 188.84 190.035 191.23 192.425 193.62 194.815 196.01 197.205 198.4 199.595 200.79 201.985 203.18 204.375 205.57 206.765 207.96 209.155 210.35 211.545 212.74 213.935 215.13 216.325 217.52 218.715 219.91 221.105 222.3 223.495 224.69 225.885 227.08 228.275 229.47 230.665 231.86 234.745 237.63 240.515 243.4 246.285 249.17 252.055 254.94 257.825 260.71 263.595 266.48 269.365 272.25 275.135 278.02 280.905 283.79 286.675 289.56 291.025 291.025 291.025 291.025 291.025 291.025 291.025 291.025 291.025 291.025 291.025 291.025 291.025
198.57 199.595 194.32 193.125 191.93 190.735 189.54 188.345 187.15 185.955 184.76 183.565 182.369 182.369 182.369 183.564 184.76 185.955 187.15 188.345 189.54 190.735 191.93 193.125 194.32 195.515 196.71 197.905 199.1 200.295 201.49 202.685 203.88 205.075 206.27 207.465 208.66 209.855 211.05 212.245 213.44 214.635 215.83 217.025 218.22 219.415 220.61 221.805 223 224.195 225.39 226.585 227.78 230.665 233.55 236.435 239.32 242.205 245.09 247.975 250.86 253.745 256.63 259.515 262.4 265.285 268.17 271.055 273.94 276.825 279.71 282.595 285.48 288.365 291.025 291.025 291.025 291.025 291.025 291.025 291.025 291.025 291.025 291.025 291.025 291.025 291.025
195.685 196.71 191.435 190.24 189.045 187.85 186.655 185.46 184.265 183.07 181.875 180.68 179.484 179.484 179.484 180.679 181.875 183.07 184.265 185.46 186.655 187.85 189.045 190.24 191.435 192.63 193.825 195.02 196.215 197.41 198.605 199.8 200.995 202.19 203.385 204.58 205.775 206.97 208.165 209.36 210.555 211.75 212.945 214.14 215.335 216.53 217.725 218.92 220.115 221.31 222.505 223.7 226.585 229.47 232.355 235.24 238.125 241.01 243.895 246.78 249.665 252.55 255.435 258.32 261.205 264.09 266.975 269.86 272.745 275.63 278.515 281.4 284.285 287.17 290.055 291.025 291.025 291.025 291.025 291.025 291.025 291.025 291.025 291.025 291.025 291.025 291.025
192.8 193.825 188.55 187.355 186.16 184.965 183.77 182.575 181.38 180.185 178.99 177.795 176.599 176.599 176.599 177.794 178.99 180.185 181.38 182.575 183.77 184.965 186.16 187.355 188.55 189.745 190.94 192.135 193.33 194.525 195.72 196.915 198.11 199.305 200.5 201.695 202.89 204.085 205.28 206.475 207.67 208.865 210.06 211.255 212.45 213.645 214.84 216.035 217.23 218.425 219.62 222.505 225.39 228.275 231.16 234.045 236.93 239.815 242.7 245.585 248.47 251.355 254.24 257.125 260.01 262.895 265.78 268.665 271.55 274.435 277.32 280.205 283.09 285.975 288.86 291.025 291.025 291.025 291.025 291.025 291.025 291.025 291.025 291.025 291.025 291.025 291.025
189.915 190.94 185.665 184.47 183.275 182.08 180.885 179.69 178.495 177.3 176.105 174.91 173.714 173.714 173.714 174.909 176.105 177.3 178.495 179.69 180.885 182.08 183.275 184.47 185.665 186.86 188.055 189.25 190.445 191.64 192.835 194.03 195.225 196.42 197.615 198.81 200.005 201.2 202.395 203.59 204.785 205.98 207.175 208.37 209.565 210.76 211.955 213.15 214.345 215.54 218.425 221.31 224.195 227.08 229.965 232.85 235.735 238.62 241.505 244.39 247.275 250.16 253.045 255.93 258.815 261.7 264.585 267.47 270.355 273.24 276.125 279.01 281.895 284.78 287.665 290.55 291.025 291.025 291.025 291.025 291.025 291.025 291.025 291.025 291.025 291.025 291.025
187.03 188.055 182.78 181.585 180.39 179.195 178 176.805 175.61 174.415 173.22 172.025 170.829 0 0 0 0 0 0 0 0 0 0 0 0 0 0 0 0 0 0 0 0 0 0 0 0 0 0 0 0 0 0 0 0 0 0 0 211.46 214.345 217.23 220.115 223 225.885 228.77 231.655 234.54 237.425 240.31 243.195 246.08 248.965 251.85 254.735 257.62 260.505 263.39 266.275 269.16 272.045 274.93 277.815 280.7 283.585 286.47 289.355 291.025 291.025 291.025 291.025 291.025 291.025 291.025 291.025 291.025 291.025 291.025
184.145 185.17 179.895 178.7 177.505 176.31 175.115 173.92 172.725 171.53 170.335 169.14 0 0 0 0 0 0 0 0 0 0 0 0 0 0 0 0 0 0 0 0 0 0 0 0 0 0 0 0 0 0 0 0 0 0 0 0 0 213.15 216.035 218.92 221.805 224.69 227.575 230.46 233.345 236.23 239.115 242 244.885 247.77 250.655 253.54 256.425 259.31 262.195 265.08 267.965 270.85 273.735 276.62 279.505 282.39 285.275 288.16 291.025 291.025 291.025 291.025 291.025 291.025 291.025 291.025 291.025 291.025 291.025
181.26 182.285 177.01 175.815 174.62 173.425 172.23 171.035 169.84 168.645 167.45 0 0 0 0 0 0 0 0 0 0 0 0 0 0 0 0 0 0 0 0 0 0 0 0 0 0 0 0 0 0 0 0 0 0 0 0 0 0 0 214.84 217.725 220.61 223.495 226.38 229.265 232.15 235.035 237.92 240.805 243.69 246.575 249.46 252.345 255.23 258.115 261 263.885 266.77 269.655 272.54 275.425 278.31 281.195 284.08 286.965 289.85 291.025 291.025 291.025 291.025 291.025 291.025 291.025 291.025 291.025 291.025
178.375 179.4 174.125 172.93 171.735 170.54 169.345 168.15 166.955 165.76 0 0 0 0 0 0 0 0 0 0 0 0 0 0 0 0 0 0 0 0 0 0 0 0 0 0 0 0 0 0 0 0 0 0 0 0 0 0 0 0 0 216.53 219.415 222.3 225.185 228.07 230.955 233.84 236.725 239.61 242.495 245.38 248.265 251.15 254.035 256.92 259.805 262.69 265.575 268.46 271.345 274.23 277.115 280 282.885 285.77 288.655 291.025 291.025 291.025 291.025 291.025 291.025 291.025 291.025 291.025 291.025
175.49 176.515 171.24 170.045 168.85 167.655 166.46 165.265 164.07 0 0 0 0 0 0 0 0 0 0 0 0 0 0 0 0 0 0 0 0 0 0 0 0 0 0 0 0 0 0 0 0 0 0 0 0 0 0 0 0 0 0 0 218.22 221.105 223.99 226.875 229.76 232.645 235.53 238.415 241.3 244.185 247.07 249.955 252.84 255.725 258.61 261.495 264.38 267.265 270.15 273.035 275.92 278.805 281.69 284.575 287.46 290.345 291.025 291.025 291.025 291.025 291.025 291.025 291.025 291.025 291.025
172.605 173.63 168.355 167.16 165.965 164.77 163.575 162.38 0 0 0 0 0 0 0 0 0 0 0 0 0 0 0 0 0 0 0 0 0 0 0 0 0 0 0 0 0 0 0 0 0 0 0 0 0 0 0 0 0 0 0 0 0 219.91 222.795 225.68 228.565 231.45 234.335 237.22 240.105 242.99 245.875 248.76 251.645 254.53 257.415 260.3 263.185 266.07 268.955 271.84 274.725 277.61 280.495 283.38 286.265 289.15 291.025 291.025 291.025 291.025 291.025 291.025 291.025 291.025 291.025
169.72 170.745 165.47 164.275 163.08 161.885 160.69 0 0 0 0 0 0 0 0 0 0 0 0 0 0 0 0 0 0 0 0 0 0 0 0 0 0 0 0 0 0 0 0 0 0 0 0 0 0 0 0 0 0 0 0 0 0 0 221.6 224.485 227.37 230.255 233.14 236.025 238.91 241.795 244.68 247.565 250.45 253.335 256.22 259.105 261.99 264.875 267.76 270.645 273.53 276.415 279.3 282.185 285.07 287.955 290.84 291.025 291.025 291.025 291.025 291.025 291.025 291.025 291.025
166.835 167.86 162.585 161.39 160.195 159 0 0 0 0 0 0 0 0 0 0 0 0 0 0 0 0 0 0 0 0 0 0 0 0 0 0 0 0 0 0 0 0 0 0 0 0 0 0 0 0 0 0 0 0 0 0 0 0 0 223.29 226.175 229.06 231.945 234.83 237.715 240.6 243.485 246.37 249.255 252.14 255.025 257.91 260.795 263.68 266.565 269.45 272.335 275.22 278.105 280.99 283.875 286.76 289.645 291.025 290.958 289.763 288.568 288.568 288.568 289.763 290.958
163.95 164.975 159.7 158.505 157.31 0 0 0 0 0 0 0 0 0 0 0 0 0 0 0 0 0 0 0 0 0 0 0 0 0 0 0 0 0 0 0 0 0 0 0 0 0 0 0 0 0 0 0 0 0 0 0 0 0 0 0 224.98 227.865 230.75 233.635 236.52 239.405 242.29 245.175 248.06 250.945 253.83 256.715 259.6 262.485 265.37 268.255 271.14 274.025 276.91 279.795 282.68 285.565 288.45 289.268 288.073 286.878 285.683 285.683 285.683 286.878 288.073
161.065 162.09 156.815 155.62 0 0 0 0 0 0 0 0 0 0 0 0 0 0 0 0 0 0 0 0 0 0 0 0 0 0 0 0 0 0 0 0 0 0 0 0 0 0 0 0 0 0 0 0 0 0 0 0 0 0 0 0 0 226.67 229.555 232.44 235.325 238.21 241.095 243.98 246.865 249.75 252.635 255.52 258.405 261.29 264.175 267.06 269.945 272.83 275.715 278.6 281.485 284.37 287.255 286.383 285.188 283.993 282.798 282.798 282.798 283.993 285.188
158.18 159.205 153.93 0 0 0 0 0 0 0 0 0 0 0 0 0 0 0 0 0 0 0 0 0 0 0 0 0 0 0 0 0 0 0 0 0 0 0 0 0 0 0 0 0 0 0 0 0 0 0 0 0 0 0 0 0 0 0 228.36 231.245 234.13 237.015 239.9 242.785 245.67 248.555 251.44 254.325 257.21 260.095 262.98 265.865 268.75 271.635 274.52 277.405 280.29 283.175 284.693 283.498 282.303 281.108 279.913 279.913 279.913 281.108 282.303
155.295 156.32 0 0 0 0 0 0 0 0 0 0 0 0 0 0 0 0 0 0 0 0 0 0 0 0 0 0 0 0 0 0 0 0 0 0 0 0 0 0 0 0 0 0 0 0 0 0 0 0 0 0 0 0 0 0 0 0 0 230.05 232.935 235.82 238.705 241.59 244.475 247.36 250.245 253.13 256.015 258.9 261.785 264.67 267.555 270.44 273.325 276.21 279.095 281.98 281.808 280.613 279.418 278.223 277.028 277.028 277.028 278.223 279.418
152.41 153.435 0 0 0 0 0 0 0 0 0 0 0 0 0 0 0 0 0 0 0 0 0 0 0 0 0 0 0 0 0 0 0 0 0 0 0 0 0 0 0 0 0 0 0 0 0 0 0 0 0 0 0 0 0 0 0 0 0 0 231.74 234.625 237.51 240.395 243.28 246.165 249.05 251.935 254.82 257.705 260.59 263.475 266.36 269.245 272.13 275.015 277.9 280.118 278.923 277.728 276.533 275.338 274.143 274.143 274.143 275.338 276.533
149.525 150.55 0 0 0 0 0 0 0 0 0 0 0 0 0 0 0 0 0 0 0 0 0 0 0 0 0 0 0 0 0 0 0 0 0 0 0 0 0 0 0 0 0 0 0 0 0 0 0 0 0 0 0 0 0 0 0 0 0 0 0 233.43 236.315 239.2 242.085 244.97 247.855 250.74 253.625 256.51 259.395 262.28 265.165 268.05 270.935 273.82 276.705 277.233 276.038 274.843 273.648 272.453 271.258 271.258 271.258 272.453 273.648
146.64 147.665 0 0 0 0 0 0 0 0 0 0 0 0 0 0 0 0 0 0 0 0 0 0 0 0 0 0 0 0 0 0 0 0 0 0 0 0 0 0 0 0 0 0 0 0 0 0 0 0 0 0 0 0 0 0 0 0 0 0 0 0 235.12 238.005 240.89 243.775 246.66 249.545 252.43 255.315 258.2 261.085 263.97 266.855 269.74 272.625 275.51 274.348 273.153 271.958 270.763 269.568 268.373 268.373 268.373 269.568 270.763
143.755 144.78 0 0 0 0 0 0 0 0 0 0 0 0 0 0 0 0 0 0 0 0 0 0 0 0 0 0 0 0 0 0 0 0 0 0 0 0 0 0 0 0 0 0 0 0 0 0 0 0 0 0 0 0 0 0 0 0 0 0 0 0 0 236.81 239.695 242.58 245.465 248.35 251.235 254.12 257.005 259.89 262.775 265.66 268.545 271.43 272.658 271.463 270.268 269.073 267.878 266.683 265.488 265.488 265.488 266.683 267.878
140.87 141.895 0 0 0 0 0 0 0 0 0 0 0 0 0 0 0 0 0 0 0 0 0 0 0 0 0 0 0 0 0 0 0 0 0 0 0 0 0 0 0 0 0 0 0 0 0 0 0 0 0 0 0 0 0 0 0 0 0 0 0 0 0 0 238.5 241.385 244.27 247.155 250.04 252.925 255.81 258.695 261.58 264.465 267.35 270.235 269.773 268.578 267.383 266.188 264.993 263.798 262.603 262.603 262.603 263.798 264.993
137.985 139.01 0 0 0 0 0 0 0 0 0 0 0 0 0 0 0 0 0 0 0 0 0 0 0 0 0 0 0 0 0 0 0 0 0 0 0 0 0 0 0 0 0 0 0 0 0 0 0 0 0 0 0 0 0 0 0 0 0 0 0 0 0 0 0 240.19 243.075 245.96 248.845 251.73 254.615 257.5 260.385 263.27 266.155 268.083 266.888 265.693 264.498 263.303 262.108 260.913 259.718 259.718 259.718 260.913 262.108
135.1 136.125 0 0 0 0 0 0 0 0 0 0 0 0 0 0 0 0 0 0 0 0 0 0 0 0 0 0 0 0 0 0 0 0 0 0 0 0 0 0 0 0 0 0 0 0 0 0 0 0 0 0 0 0 0 0 0 0 0 0 0 0 0 0 0 0 241.88 244.765 247.65 250.535 253.42 256.305 259.19 262.075 264.96 265.198 264.003 262.808 261.613 260.418 259.223 258.028 256.833 256.833 256.833 258.028 259.223
132.215 133.24 0 0 0 0 0 0 0 0 0 0 0 0 0 0 0 0 0 0 0 0 0 0 0 0 0 0 0 0 0 0 0 0 0 0 0 0 0 0 0 0 0 0 0 0 0 0 0 0 0 0 0 0 0 0 0 0 0 0 0 0 0 0 0 0 0 243.57 246.455 249.34 252.225 255.11 257.995 260.88 263.508 262.313 261.118 259.923 258.728 257.533 256.338 255.143 253.948 253.948 253.948 255.143 256.338
