tests/full-run-ref/erosion_83_12_73.250.asc
ncols 512
nrows 512
xllcorner -3.24582
yllcorner -4.08743
cellsize 5
NODATA_value -99999
[rows 58 to 86 of 512, columns 134 to 200 of 512]
5.76999 5.76999 5.77 5.77 5.76999 5.76999 5.77 5.76999 5.77 5.77 5.77 5.77 5.77 5.76999 5.76999 5.76999 5.77 5.76999 5.77 5.76998 5.76999 5.77 5.76999 5.76999 5.76999 5.77 5.77 5.76999 5.77 5.77 5.76999 5.76999 5.77 5.76999 5.76998 5.76997 5.76999 5.77 5.76999 5.76999 5.76998 5.76999 5.76999 5.76997 5.76998 5.76991 5.77 5.77 5.76999 5.77 5.77 5.77 5.77 5.76999 5.76999 5.77 5.77 5.77 5.76999 5.77 5.77 5.77 5.77 5.76994 5.77004 5.76992 5.76985
5.76999 5.77 5.77 5.77 5.77 5.77 5.76999 5.77 5.76999 5.77 5.76996 5.76982 5.76986 5.77 5.76999 5.76999 5.77 5.76999 5.76999 5.76999 5.76999 5.76999 5.76999 5.77 5.77 5.76999 5.76999 5.76999 5.76999 5.77 5.76999 5.76999 5.77 5.77 5.76999 5.77 5.77 5.76999 5.76999 5.77 5.77 5.77 5.77 5.76991 5.77006 5.7699 5.77 5.76999 5.77 5.76999 5.76999 5.77 5.77 5.76999 5.76999 5.76999 5.76999 5.77 5.76999 5.76999 5.76999 5.77 5.77 5.76993 5.76991 5.77 5.76994
5.77 5.77 5.76999 5.76999 5.76999 5.77 5.77 5.77 5.77 5.76999 5.76994 5.77006 5.76983 5.77 5.76999 5.76999 5.77 5.76999 5.77 5.76999 5.77 5.76999 5.77 5.76999 5.77 5.77 5.76999 5.76999 5.76999 5.77 5.76999 5.76999 5.77 5.76999 5.77 5.77 5.77 5.77 5.77 5.76999 5.76999 5.76995 5.76997 5.76996 5.76998 5.76991 5.77 5.77 5.77 5.77 5.77 5.77 5.77 5.76999 5.76999 5.76999 5.76999 5.76999 5.77 5.76999 5.77 5.77 5.76999 5.77 5.76999 5.76991 5.77004
5.76999 5.77 5.76999 5.76998 5.76999 5.76999 5.76999 5.77 5.77 5.76999 5.76989 5.76994 5.76995 5.76999 5.76999 5.76999 5.77 5.76999 5.77 5.76999 5.77 5.76999 5.76999 5.76999 5.77 5.76999 5.77 5.76999 5.76999 5.76999 5.77 5.77 5.77 5.76999 5.76999 5.76999 5.76999 5.76999 5.77 5.77 5.76999 5.76992 5.77003 5.76997 5.77 5.76995 5.77 5.76999 5.77 5.77 5.76999 5.76999 5.76999 5.77 5.77 5.77 5.76999 5.76999 5.77 5.77 5.77 5.76999 5.76999 5.76999 5.77 5.76996 5.76989
5.76999 5.77 5.77 5.76999 5.76999 5.76999 5.76999 5.76999 5.77 5.77 5.77 5.76999 5.77 5.76999 5.76997 5.77 5.77 5.76999 5.77 5.76999 5.77 5.76999 5.76999 5.77 5.76999 5.76999 5.77 5.77 5.76999 5.77 5.76999 5.77 5.76999 5.77 5.77 5.77 5.76999 5.77 5.76999 5.76999 5.77 5.76995 5.76997 5.76996 5.77004 5.76993 5.77 5.77 5.77 5.77 5.76999 5.77 5.76999 5.77 5.77 5.77 5.76999 5.76999 5.76999 5.77 5.77 5.76999 5.76999 5.77 5.76999 5.77 5.77
5.76999 5.77 5.77 5.76999 5.76999 5.76999 5.76999 5.76999 5.76999 5.76999 5.77 5.77 5.76997 5.77001 5.76998 5.77 5.76999 5.77 5.76999 5.77 5.77 5.76999 5.77 5.77 5.76999 5.77 5.77 5.76999 5.77 5.76999 5.76999 5.77 5.77 5.76999 5.77 5.77 5.77 5.77 5.77 5.77 5.77 5.77 5.77 5.76997 5.76998 5.76996 5.77 5.77 5.77 5.77 5.76999 5.76999 5.77 5.77 5.77 5.77 5.76999 5.77 5.77 5.76999 5.77 5.77 5.76999 5.77 5.77 5.76999 5.77
5.77 5.77 5.76999 5.76999 5.76999 5.76999 5.76999 5.77 5.77 5.77 5.76999 5.77 5.76997 5.76997 5.76999 5.76999 5.76996 5.76996 5.76999 5.77 5.77 5.76999 5.76999 5.77 5.76999 5.77 5.76999 5.76999 5.76999 5.77 5.76999 5.77 5.76999 5.76999 5.77 5.76999 5.76999 5.76999 5.77 5.77 5.77 5.77 5.77 5.76999 5.77001 5.76998 5.77 5.77 5.77 5.77 5.77 5.76999 5.77 5.76999 5.76999 5.76999 5.77 5.77 5.76999 5.76999 5.76999 5.77 5.77 5.77 5.76999 5.76999 5.76999
5.76999 5.76999 5.76999 5.77 5.77 5.76999 5.76999 5.76999 5.76999 5.77 5.77 5.77 5.76999 5.77 5.77 5.76998 5.77002 5.76996 5.77 5.76999 5.77 5.76999 5.77 5.76999 5.76999 5.77 5.76999 5.76999 5.76999 5.76999 5.77 5.77 5.76999 5.76999 5.77 5.76999 5.76999 5.76999 5.76999 5.77 5.77 5.77 5.77 5.76999 5.77 5.76999 5.77 5.77 5.77 5.76999 5.77 5.77 5.77 5.76999 5.76999 5.76999 5.77 5.77 5.77 5.76999 5.76999 5.76999 5.77 5.77 5.77 5.76999 5.77
5.77 5.76998 5.77 5.76999 5.77 5.77 5.77 5.76999 5.76999 5.76999 5.76999 5.77 5.77 5.76999 5.77 5.76995 5.76996 5.76998 5.76999 5.77 5.76999 5.76999 5.77 5.76999 5.77 5.77 5.76999 5.76999 5.76999 5.76999 5.77 5.76999 5.77 5.77 5.77 5.76999 5.76999 5.77 5.76999 5.76999 5.77 5.76999 5.76995 5.76996 5.7699 5.76998 5.76999 5.77 5.77 5.77 5.77 5.76999 5.77 5.76999 5.77 5.77 5.76999 5.77 5.76999 5.77 5.77 5.77 5.77 5.76999 5.77 5.77 5.77
5.77 5.77 5.76999 5.77 5.76999 5.76999 5.77 5.77 5.76999 5.77 5.76999 5.76999 5.76999 5.77 5.76999 5.77 5.77 5.77 5.77 5.77 5.76999 5.77 5.77 5.76999 5.77 5.76999 5.76999 5.77 5.76999 5.76999 5.77 5.76999 5.76999 5.76999 5.76998 5.76999 5.76999 5.76999 5.77 5.76999 5.77 5.77 5.76988 5.77008 5.76989 5.77002 5.76996 5.76999 5.77 5.77 5.76999 5.77 5.77 5.76999 5.77 5.77 5.76999 5.76999 5.76999 5.77 5.77 5.76999 5.76999 5.76999 5.77 5.77 5.77
5.77 5.77 5.76999 5.77 5.76999 5.76999 5.76999 5.76999 5.77 5.76999 5.76999 5.76999 5.76999 5.76999 5.77 5.76999 5.77 5.76999 5.77 5.77 5.76999 5.77 5.76999 5.77 5.77 5.76999 5.77 5.76999 5.77 5.77 5.77 5.76999 5.77 5.76999 5.76999 5.76999 5.77 5.76999 5.77 5.77 5.76997 5.76996 5.76999 5.76974 5.76992 5.76998 5.76995 5.76999 5.77 5.76999 5.76999 5.77 5.76999 5.76999 5.76999 5.76999 5.76999 5.76999 5.76999 5.77 5.76999 5.76999 5.76999 5.76999 5.77 5.76999 5.77
5.76994 5.76992 5.77 5.76999 5.77 5.77 5.76999 5.76999 5.77 5.77 5.76999 5.76998 5.76999 5.76999 5.77 5.77 5.77 5.76999 5.77 5.76999 5.77 5.77 5.76999 5.77 5.77 5.77 5.76999 5.76999 5.76999 5.77 5.77 5.76999 5.77 5.76999 5.76999 5.76999 5.76999 5.77 5.76999 5.77 5.76996 5.77004 5.7699 5.77 5.77 5.76999 5.76993 5.76984 5.77 5.76999 5.76999 5.76999 5.77 5.76999 5.77 5.77 5.76999 5.76999 5.76999 5.77 5.77 5.76999 5.76999 5.76999 5.77 5.77 5.77
5.77006 5.76996 5.77 5.77 5.76999 5.77 5.76999 5.76999 5.77 5.76999 5.76999 5.77 5.76999 5.76999 5.76999 5.76999 5.76999 5.76999 5.76999 5.76999 5.76999 5.77 5.77 5.77 5.76999 5.77 5.76999 5.76999 5.76999 5.77 5.77 5.76999 5.76999 5.77 5.76999 5.77 5.76999 5.77 5.77 5.77 5.76999 5.76988 5.76993 5.77 5.77 5.76988 5.77007 5.7699 5.77 5.77 5.76999 5.76997 5.76997 5.76998 5.76999 5.77 5.77 5.77 5.76999 5.76999 5.77 5.77 5.77 5.76999 5.77 5.77 5.77
5.76989 5.76996 5.76999 5.76999 5.77 5.76999 5.77 5.76999 5.76999 5.77 5.77 5.77 5.77 5.76999 5.76999 5.76999 5.77 5.77 5.77 5.77 5.76999 5.77 5.77 5.77 5.77 5.77 5.76999 5.76999 5.77 5.76999 5.76999 5.76999 5.76999 5.76999 5.77 5.77 5.77 5.77 5.77 5.77 5.76999 5.76999 5.77 5.76999 5.77 5.76998 5.76967 5.77 5.76994 5.76993 5.77 5.76997 5.77001 5.76994 5.77 5.76999 5.76999 5.77 5.77 5.76999 5.76999 5.77 5.77 5.77 5.77 5.77 5.77
5.77 5.76998 5.77001 5.76997 5.77 5.77 5.77 5.76999 5.76999 5.77 5.76999 5.76999 5.77 5.77 5.77 5.77 5.76999 5.76999 5.76999 5.77 5.77 5.77 5.76999 5.76999 5.77 5.77 5.76999 5.76999 5.77 5.76999 5.76999 5.76999 5.77 5.77 5.77 5.77 5.76999 5.76999 5.77 5.76999 5.77001 5.76998 5.77 5.76999 5.77 5.77 5.77 5.76987 5.77006 5.76995 5.76998 5.76999 5.76998 5.76998 5.76999 5.77 5.76999 5.76999 5.77 5.77 5.77 5.77 5.77 5.77 5.77 5.77 5.77
5.76999 5.76998 5.76998 5.76999 5.76999 5.76999 5.76999 5.77 5.77 5.77 5.76999 5.76999 5.77 5.76999 5.76999 5.76999 5.76999 5.77 5.77 5.76999 5.76999 5.77 5.77 5.76999 5.77 5.77 5.77 5.76999 5.77 5.76999 5.76998 5.76998 5.77 5.77 5.76999 5.77 5.77 5.77 5.77 5.76999 5.76999 5.76998 5.77 5.77 5.77 5.77 5.77 5.76998 5.76987 5.76992 5.77002 5.76993 5.77 5.77 5.77 5.76999 5.77 5.77 5.77 5.76999 5.77 5.77 5.77 5.77 5.77 5.77 5.77
5.76999 5.77 5.77 5.76999 5.77 5.77 5.76999 5.76999 5.76999 5.76999 5.76999 5.76999 5.77 5.76999 5.77 5.77 5.77 5.77 5.76999 5.77 5.76999 5.77 5.77 5.77 5.76999 5.77 5.77 5.77 5.77 5.76999 5.77001 5.76999 5.77 5.77 5.77 5.76991 5.76995 5.76998 5.77 5.77 5.76999 5.76999 5.77 5.76999 5.76999 5.76999 5.77 5.77 5.77 5.76997 5.76991 5.76999 5.77 5.77 5.77 5.77 5.76999 5.76999 5.77 5.77 5.77 5.76999 5.77 5.77 5.76999 5.76999 5.76999
5.77 5.77 5.77 5.77 5.76999 5.76999 5.77 5.76999 5.77 5.76999 5.77 5.76999 5.76999 5.76999 5.77 5.77 5.76999 5.76999 5.76999 5.77 5.77 5.77 5.77 5.77 5.77 5.77 5.76991 5.76996 5.76989 5.76999 5.76998 5.76998 5.77 5.77 5.77 5.76977 5.77008 5.76989 5.76997 5.76998 5.77 5.77 5.76999 5.76999 5.77 5.77 5.76999 5.76999 5.77 5.77 5.77 5.76999 5.76992 5.76996 5.77 5.77 5.76999 5.77 5.77 5.76999 5.77 5.77 5.77 5.77 5.76998 5.77001 5.76998
5.76999 5.76999 5.76999 5.76999 5.76999 5.77 5.76999 5.76999 5.76999 5.77 5.76999 5.76999 5.76999 5.76999 5.77 5.76999 5.76999 5.76999 5.76999 5.77 5.76999 5.77 5.77 5.77 5.77 5.76991 5.76989 5.7701 5.76986 5.77 5.77 5.76999 5.77 5.77 5.76985 5.76998 5.76999 5.76994 5.77004 5.76992 5.77 5.77 5.77 5.77 5.76999 5.76999 5.76999 5.77 5.77 5.76998 5.76998 5.76985 5.77008 5.76991 5.76996 5.76993 5.77 5.77 5.76999 5.76999 5.77 5.77 5.77 5.77 5.76998 5.76998 5.76998
5.77 5.77 5.76998 5.77 5.76999 5.77 5.77 5.76999 5.76999 5.76999 5.77 5.76999 5.76999 5.76999 5.77 5.77 5.76999 5.76999 5.76999 5.77 5.77 5.76999 5.76999 5.77 5.76999 5.7698 5.77008 5.7701 5.76978 5.77 5.76996 5.76989 5.76991 5.77001 5.76987 5.77009 5.76987 5.76996 5.76996 5.76992 5.77 5.77 5.76999 5.76999 5.76999 5.77 5.77 5.77 5.77 5.76997 5.77003 5.76995 5.76997 5.76995 5.77003 5.76992 5.77 5.77 5.76999 5.76999 5.77 5.76999 5.77 5.77 5.76999 5.77 5.77
5.76999 5.77 5.77 5.76999 5.77 5.76999 5.76999 5.77 5.76999 5.76999 5.77 5.77 5.77 5.76999 5.76999 5.76999 5.76999 5.76999 5.76999 5.76999 5.77 5.77 5.76999 5.76999 5.77 5.76977 5.77008 5.77009 5.76978 5.77 5.76995 5.77007 5.76984 5.76992 5.76997 5.76992 5.76993 5.77005 5.76987 5.77 5.77 5.76999 5.77 5.77 5.76999 5.76999 5.76999 5.77 5.76999 5.76995 5.76995 5.76998 5.77002 5.76997 5.76996 5.76994 5.77 5.77 5.76999 5.77 5.76999 5.77 5.77 5.77 5.77 5.77 5.77
5.76999 5.76999 5.77 5.77 5.77 5.77 5.77 5.76999 5.77 5.77 5.77 5.77 5.76999 5.77 5.76999 5.76999 5.77 5.77 5.77 5.77 5.76999 5.77 5.76999 5.76999 5.77 5.7698 5.77008 5.7701 5.76981 5.77 5.76999 5.76985 5.76994 5.76995 5.77007 5.76991 5.76997 5.76996 5.76994 5.77 5.77 5.77 5.77 5.77 5.77 5.76999 5.77 5.77 5.77 5.76999 5.76993 5.76994 5.76998 5.76997 5.77 5.77 5.77 5.76999 5.76999 5.77 5.77 5.77 5.77 5.77 5.77 5.77 5.77
5.77 5.77 5.77 5.77 5.76999 5.77 5.76999 5.76999 5.76999 5.77 5.77 5.76999 5.77 5.76999 5.76999 5.77 5.76999 5.77 5.77 5.76999 5.76999 5.76999 5.77 5.76998 5.76998 5.76984 5.77008 5.7701 5.76987 5.76997 5.76995 5.77 5.77 5.76993 5.76999 5.76998 5.76996 5.76993 5.76999 5.77 5.76999 5.77 5.76999 5.76999 5.76999 5.77 5.77 5.76999 5.77 5.77 5.76997 5.77005 5.76986 5.77 5.77 5.76999 5.77 5.76999 5.77 5.76999 5.76999 5.77 5.77 5.77 5.77 5.77 5.77
5.77 5.77 5.76999 5.77 5.76999 5.77 5.77 5.76999 5.76999 5.77 5.76999 5.76999 5.76999 5.77 5.77 5.76999 5.76999 5.76999 5.77 5.76999 5.77 5.76999 5.77 5.76995 5.77002 5.76991 5.77 5.77008 5.76991 5.77006 5.76991 5.77 5.76998 5.76991 5.76999 5.76994 5.77006 5.76988 5.77 5.76999 5.76999 5.76999 5.76999 5.76999 5.77 5.76999 5.76999 5.77 5.77 5.77 5.76992 5.76983 5.76998 5.77 5.77 5.77 5.76999 5.77 5.77 5.76999 5.76999 5.77 5.77 5.77 5.77 5.77 5.77
5.77 5.77 5.77 5.76999 5.77 5.76999 5.77 5.77 5.77 5.76999 5.77 5.76999 5.76999 5.77 5.76999 5.76999 5.76999 5.76999 5.77 5.77 5.77 5.77 5.77 5.76994 5.76997 5.76998 5.76985 5.77012 5.76992 5.76987 5.76987 5.77 5.76994 5.77006 5.76993 5.76997 5.76996 5.76992 5.77 5.77 5.77 5.77 5.76999 5.76999 5.76999 5.76999 5.76999 5.77 5.77 5.77 5.77 5.77 5.76999 5.77001 5.76998 5.77 5.77 5.77 5.76999 5.77 5.77 5.77 5.77 5.76999 5.76999 5.77 5.77
5.76999 5.76999 5.76999 5.77 5.77 5.77 5.77 5.77 5.76999 5.76999 5.76999 5.76999 5.77 5.76999 5.76999 5.76999 5.77 5.77 5.77 5.77 5.77 5.76999 5.77 5.76999 5.77 5.77 5.76982 5.7701 5.77012 5.77008 5.76987 5.77 5.76992 5.76997 5.76999 5.76994 5.77 5.77 5.77 5.77 5.77 5.77 5.76999 5.76999 5.76999 5.76999 5.77 5.77 5.77 5.76999 5.76998 5.76999 5.76999 5.76999 5.76995 5.76998 5.76999 5.76999 5.76999 5.76999 5.77 5.76999 5.77 5.76999 5.76999 5.77 5.76998
5.77 5.76999 5.76999 5.77 5.76997 5.76997 5.76998 5.76999 5.77 5.76998 5.76997 5.76999 5.76999 5.76999 5.77 5.77 5.77 5.76999 5.76999 5.77 5.77 5.76999 5.77 5.77 5.76997 5.76997 5.76983 5.77008 5.77013 5.77001 5.76985 5.77 5.77 5.76983 5.77009 5.7699 5.77 5.76993 5.7698 5.76971 5.76978 5.77 5.76999 5.76991 5.76986 5.76998 5.77 5.77 5.77 5.77 5.76997 5.77001 5.76998 5.76992 5.77005 5.76985 5.77 5.77 5.76999 5.76999 5.77 5.76999 5.76999 5.77 5.76999 5.77 5.76994
5.77 5.77 5.76999 5.76999 5.76995 5.77002 5.76995 5.76999 5.77 5.76998 5.77001 5.76997 5.76999 5.77 5.76999 5.76999 5.77 5.76999 5.76999 5.77 5.76999 5.76999 5.77 5.77 5.76994 5.77003 5.76984 5.77008 5.77013 5.77011 5.76977 5.76993 5.77 5.76991 5.76991 5.77 5.76995 5.77 5.7701 5.7701 5.76988 5.76983 5.76997 5.76998 5.77005 5.76991 5.77 5.77 5.76998 5.76999 5.76999 5.76998 5.76998 5.76995 5.76999 5.76996 5.76988 5.76996 5.76996 5.77 5.76999 5.77 5.76999 5.76999 5.77 5.77 5.76995
5.76999 5.76999 5.76999 5.76999 5.76999 5.76997 5.76995 5.76993 5.76994 5.76998 5.76996 5.76997 5.76999 5.77 5.76999 5.77 5.77 5.76999 5.76999 5.77 5.76999 5.77 5.77 5.77 5.7699 5.76996 5.76982 5.77008 5.77013 5.77012 5.77007 5.76991 5.77 5.76999 5.76986 5.77008 5.76998 5.76998 5.6806 5.71784 5.44114 5.77008 5.76994 5.76996 5.7699 5.76992 5.77 5.77 5.76997 5.77001 5.76994 5.76999 5.77 5.77 5.76991 5.77007 5.76995 5.77004 5.76986 5.77 5.77 5.77 5.77 5.76999 5.76999 5.76999 5.77
