tests/full-run-ref/erosion_83_12_73.250.asc
ncols 512
nrows 512
xllcorner -3.24582
yllcorner -4.08743
cellsize 5
NODATA_value -99999
[rows 31 to 61 of 512, columns 414 to 482 of 512]
10.8169 10.6662 10.557 10.4845 10.4085 10.5433 10.5516 10.6862 10.7731 9.87084 11.54 11.54 11.54 11.54 9.19807 10.83 11.5367 11.5331 11.5353 11.5311 11.5269 11.5349 11.5374 10.8309 11.54 10.9058 11.54 11.54 11.54 10.9519 11.54 11.54 11.54 11.54 11.54 11.54 11.54 11.54 11.54 11.54 11.54 11.54 11.54 11.54 11.54 11.54 11.54 11.54 11.54 11.54 11.54 11.54 11.54 11.54 11.54 11.54 11.54 11.54 11.54 11.54 11.54 11.54 11.54 11.54 11.54 11.54 11.54 11.54 11.54
11.54 11.54 11.54 11.54 11.54 10.6737 10.7665 10.859 10.8204 8.80061 9.75414 5.9584 8.17602 11.54 6.49333 11.54 11.4905 11.5339 11.5298 11.5242 11.5356 11.5354 11.534 10.9626 10.6038 10.2091 9.269 9.47097 11.54 9.97901 11.54 11.54 10.9355 11.0349 11.113 11.54 11.54 11.54 11.54 11.54 11.3109 11.54 11.54 11.291 11.2839 11.54 11.54 11.54 11.4086 11.4221 11.4303 11.54 11.4457 11.54 11.4818 11.54 11.5023 11.54 11.5136 11.5065 11.54 11.54 11.54 11.54 11.4467 11.54 11.54 11.4 11.54
10.9712 10.8724 10.7998 10.8535 10.7569 10.8708 10.9192 10.9528 10.906 9.60306 7.03899 5.41653 5.25276 8.95029 6.32947 11.54 11.5156 11.532 11.5379 11.54 11.54 11.5339 11.5382 9.7211 10.3081 10.1519 9.37767 8.33492 7.75815 8.90328 10.6682 9.46645 10.0346 10.2792 10.3229 10.9007 10.8482 11.3462 11.0915 11.1306 10.961 10.7848 10.9428 11.1095 11.1102 10.9931 11.2539 11.1331 11.241 11.2755 11.2412 11.3372 11.3462 11.3067 11.3732 11.4518 11.4746 11.4593 11.48 11.4486 11.4681 11.4083 11.4434 11.3523 11.2942 11.3622 11.2157 11.188 11.3145
10.355 10.1469 10.137 10.0837 10.9261 11.0005 11.0139 11.0259 10.998 9.72398 9.502 8.77793 8.50778 6.64772 9.56313 11.54 10.5649 10.5706 11.539 11.54 11.54 11.5338 11.54 7.35189 9.89448 8.34749 9.88245 9.82714 10.324 10.4362 9.0921 10.5509 10.6692 10.8499 10.9159 10.8599 11.3407 11.1883 11.3456 10.9001 10.5432 11.1657 10.6794 10.4878 10.8342 11.3564 11.0955 11.3717 11.3833 11.4113 11.4053 11.2471 11.1744 11.4525 11.4694 11.4166 11.4007 11.5102 11.5112 11.5009 11.4619 11.4927 11.3906 11.465 11.4318 11.3722 11.4441 11.4456 11.2367
11.54 11.54 11.0108 11.0644 11.0845 11.0838 11.0906 11.108 11.0699 9.86899 9.56187 8.23573 8.21008 8.14807 8.6235 8.86392 9.3267 10.0931 10.5177 11.54 10.5272 8.50283 5.93713 5.85346 9.72667 9.77116 9.34958 9.63225 10.1636 9.88591 10.2053 10.356 11.54 11.54 11.54 11.54 11.54 11.54 11.54 11.54 11.54 11.54 11.54 11.54 11.54 11.54 11.54 11.54 11.54 11.54 11.54 11.54 11.54 11.54 11.54 11.54 11.54 11.54 11.54 11.54 11.54 11.54 11.54 11.54 11.54 11.54 11.54 11.54 11.54
11.54 11.161 11.1978 11.1865 11.1543 11.1532 11.1637 11.1817 11.1381 9.99897 9.71122 8.38473 8.50454 8.36935 8.80715 9.0033 9.09537 9.87716 10.2342 11.54 10.777 10.6374 10.369 10.0901 9.70401 10.0685 10.0037 11.54 11.54 11.54 11.54 11.54 11.54 11.54 11.54 11.54 11.1513 11.54 11.2672 11.209 11.54 11.54 11.54 11.54 11.54 11.54 11.54 11.54 11.3713 11.3963 11.4167 11.4444 11.4473 11.4785 11.4833 11.4979 11.5122 11.5166 11.5174 11.5087 11.5103 11.5062 11.5002 11.4876 11.4832 11.4596 11.4493 11.4482 11.4175
10.8628 11.2898 11.2867 11.2444 11.22 11.2067 11.226 11.2365 11.2008 10.1302 9.74055 8.36915 8.95756 8.29002 8.35606 9.00947 8.26463 9.48396 10.0379 11.54 10.5054 10.2852 10.0298 9.95585 9.5947 10.0241 9.06586 11.54 11.54 9.42974 9.72361 9.25758 10.5081 8.5827 9.82308 9.3691 10.9998 11.208 11.1336 10.8913 10.7666 10.3598 10.8494 10.5773 10.9534 10.7544 11.0995 10.9486 11.1175 11.2052 11.2509 11.3292 11.3747 11.3898 11.4314 11.4565 11.4735 11.489 11.4866 11.4768 11.4742 11.4483 11.4427 11.4074 11.4031 11.3919 11.3691 11.3269 11.3051
11.3846 11.3706 11.3269 11.2873 11.2691 11.2626 11.2675 11.2877 11.2581 10.2361 9.87423 8.50255 8.78879 8.4259 8.30739 9.06351 8.38588 8.89375 9.11715 9.57329 9.52688 9.88038 9.74736 9.89036 9.7543 10.1449 8.46062 9.47906 5.68974 6.44399 7.27699 5.5445 8.97847 10.2889 9.04707 10.7696 11.1261 11.1999 11.2144 11.045 10.7552 11.1461 10.5387 11.1072 11.003 11.2923 10.9452 11.3126 11.361 11.3866 11.4179 11.4535 11.4672 11.4859 11.4968 11.5085 11.5149 11.5174 11.5186 11.5145 11.5127 11.5064 11.4944 11.4881 11.4883 11.472 11.469 11.54 11.54
11.4454 11.3976 11.3533 11.3236 11.3114 11.304 11.3146 11.3323 11.3125 10.3424 9.95305 8.64054 9.06058 8.17185 7.81617 9.00216 8.24778 9.0206 9.27325 9.5494 9.46725 9.62547 9.70205 9.94581 9.82576 10.277 9.27536 7.71062 9.82274 10.0437 10.1126 9.58777 10.2316 10.1637 10.3637 11.54 11.54 11.54 11.54 11.54 11.54 11.54 11.54 11.54 11.54 11.54 11.54 11.54 11.54 11.54 11.54 11.54 11.54 11.54 11.54 11.54 11.54 11.54 11.54 11.54 11.54 11.54 11.54 11.54 11.54 11.54 11.54 11.54 11.54
11.4595 11.4165 11.3818 11.3562 11.3459 11.3438 11.3545 11.3739 11.3727 10.4298 10.0759 8.81903 9.09429 8.61979 8.53817 9.06459 8.49176 9.02398 8.77001 9.30061 8.70207 9.27859 9.53443 9.9084 10.0493 10.6309 9.94737 9.92606 8.73617 11.54 11.54 11.54 11.54 11.54 11.54 11.54 11.54 10.6952 10.8166 10.8513 10.9726 11.0648 11.1319 11.54 11.54 11.2719 11.2894 11.3461 11.3644 11.4089 11.4305 11.4616 11.4805 11.4969 11.5071 11.5149 11.5194 11.5215 11.5217 11.5198 11.5186 11.5164 11.5129 11.5095 11.5 11.54 11.4777 11.484 11.3102
11.4682 11.4335 11.4051 11.3857 11.3728 11.3773 11.3859 11.4114 11.4172 10.5152 10.1592 8.92754 9.24303 8.57075 8.45357 8.84511 8.5208 8.80926 8.75081 9.22827 8.74903 9.36093 9.70044 10.0321 10.1601 10.6291 9.86034 9.75844 11.54 8.74104 11.54 11.54 9.80932 9.92039 10.1777 10.6302 8.98514 9.63455 9.91582 10.0859 10.342 10.4083 10.4999 10.9264 10.7196 10.915 11.005 11.0926 11.1782 11.2342 11.3113 11.3655 11.4133 11.4455 11.4691 11.4854 11.4949 11.4997 11.4993 11.496 11.4931 11.4862 11.4837 11.4705 11.441 11.4721 11.3337 11.4308 11.4873
11.4752 11.4435 11.4225 11.4051 11.3981 11.4033 11.4186 11.438 11.4557 10.5981 10.2613 9.03232 9.10727 8.49648 8.30445 8.94052 8.53006 9.09396 8.64767 9.43886 9.66867 10.0924 10.3766 10.6053 10.6217 10.3623 10.1052 9.42995 8.29808 8.28658 5.245 7.55742 8.773 8.93078 6.01533 9.44755 10.777 10.9435 11.0408 11.0856 11.2083 11.2801 11.2643 10.7987 11.249 11.2996 11.3242 11.3493 11.3937 11.4233 11.4489 11.4728 11.4903 11.5025 11.5118 11.5179 11.5218 11.5231 11.523 11.522 11.5193 11.5175 11.5164 11.5134 11.5046 11.4793 11.4863 11.54 11.54
11.4783 11.4523 11.4333 11.4235 11.4213 11.4321 11.4466 11.4606 11.4893 10.6741 10.3374 9.18463 9.40513 8.47405 8.41801 9.06349 8.7045 9.10562 9.00139 9.48036 8.88981 9.78634 9.69616 10.3649 10.2819 10.5986 10.2786 9.47031 5.29292 2.97592 8.82677 5.60828 4.91599 7.5079 10.1068 10.596 10.5172 10.8325 10.7667 11.0031 11.54 11.54 11.54 11.54 11.54 11.54 11.54 11.54 11.54 11.54 11.54 11.54 11.54 11.54 11.54 11.54 11.54 11.54 11.54 11.54 11.54 11.54 11.54 11.54 11.54 11.54 11.54 11.54 11.54
11.4803 11.4582 11.4467 11.4424 11.4459 11.4588 11.469 11.4949 11.507 10.7445 10.4548 9.34757 9.51209 9.41185 8.32525 9.16175 8.81954 9.34887 9.20966 9.80886 9.88494 9.67221 10.0624 10.6166 10.8243 10.985 10.4877 9.50737 11.54 11.54 11.54 11.54 11.54 11.54 11.54 11.54 11.54 11.54 11.54 11.54 11.54 11.54 11.1689 11.2161 11.2408 11.2656 11.2929 11.3358 11.3695 11.3965 11.4244 11.448 11.4666 11.4794 11.4909 11.499 11.5038 11.5056 11.5068 11.5072 11.5065 11.5069 11.5089 11.5112 11.54 11.54 11.4895 11.5131 11.4268
11.4748 11.4651 11.4607 11.4626 11.4704 11.4748 11.4983 11.5056 11.5093 10.8166 10.5434 9.59263 9.58767 8.82111 8.66028 9.33035 8.64004 9.22925 9.15992 9.79018 9.41692 9.93817 10.1701 10.6159 10.4725 10.8497 10.4609 9.51323 11.54 11.54 11.54 9.72253 11.54 9.98228 11.54 10.6264 11.54 10.7641 11.54 10.8019 11.1571 10.4501 10.7369 10.8375 10.8985 10.9508 11.0205 11.1011 11.166 11.2272 11.2824 11.3362 11.3734 11.4041 11.4284 11.4474 11.4559 11.461 11.4638 11.4651 11.464 11.4649 11.4699 11.4654 11.4968 11.4743 11.4406 11.4898 11.5213
11.4745 11.4726 11.4739 11.4816 11.4849 11.4996 11.5092 11.5111 11.5079 10.882 10.6531 9.76678 9.89202 9.85836 9.57009 8.84704 9.10544 9.20746 9.35443 10.1675 10.2988 10.4707 10.6653 10.446 10.6847 11.0278 10.7781 8.7832 9.79557 6.25413 4.59182 6.42165 8.25128 9.1221 8.24402 8.96408 10.0212 10.1679 9.76882 9.63547 10.7437 11.2387 11.307 11.3293 11.3449 11.3611 11.3912 11.4109 11.4247 11.437 11.4588 11.4747 11.4852 11.4934 11.5045 11.5093 11.5105 11.5112 11.5139 11.5141 11.5131 11.5135 11.5172 11.519 11.4854 11.5179 11.5168 11.5211 11.5165
11.4734 11.4815 11.4887 11.4915 11.5052 11.5088 11.5127 11.5116 11.5118 10.9481 10.7302 9.98464 9.97519 9.02683 9.66995 9.92024 9.88514 10.0734 10.1373 9.61305 10.0749 9.91903 10.5881 10.8363 10.9602 10.8104 10.8531 9.79133 7.76027 6.54391 9.2859 9.61506 7.74387 7.18892 10.3868 10.5841 9.22582 8.9245 10.8516 11.0107 11.1662 11.1249 11.2494 11.2091 11.3046 11.2685 11.362 11.3389 11.3965 11.3783 11.4257 11.54 11.54 11.54 11.54 11.54 11.54 11.54 11.54 11.54 11.54 11.54 11.54 11.54 11.54 11.54 11.54 11.54 11.54
11.4813 11.4934 11.4983 11.5094 11.5134 11.5116 11.5141 11.5164 11.516 11.0123 10.8295 10.1569 10.2785 10.1221 9.31503 9.74546 9.13647 9.74712 9.58929 9.78562 10.4227 10.5954 10.43 10.8005 10.7674 10.9485 11.0048 10.109 10.2676 10.276 10.4538 10.3454 10.2086 10.478 10.6987 10.7295 10.9738 10.9975 11.167 11.031 11.22 11.271 11.2257 11.2744 11.372 11.3912 11.3653 11.3834 11.429 11.4347 11.3992 11.54 11.4375 11.4445 11.54 11.4616 11.4747 11.48 11.54 11.4788 11.54 11.54 11.4925 11.54 11.54 11.54 11.5277 11.5302 11.2331
11.4939 11.5005 11.5132 11.5161 11.5155 11.5137 11.5171 11.5164 11.5182 10.9568 11.54 11.54 11.54 11.54 11.54 11.54 11.54 11.54 11.54 11.54 11.54 11.54 11.54 11.54 11.54 11.54 11.54 11.54 11.54 11.54 11.54 11.54 11.54 11.54 11.54 11.54 11.54 11.54 11.54 11.54 11.54 11.54 11.54 11.54 11.54 11.54 11.54 11.54 11.54 11.54 11.4 11.4025 11.3659 11.3426 11.2934 11.3645 11.3905 11.3681 11.4301 11.4256 11.3909 11.4349 11.4571 11.448 11.5043 11.5005 11.5069 11.5143 11.0142
11.5009 11.515 11.5189 11.5176 11.5171 11.5163 11.5194 11.5209 11.5183 10.8737 10.5768 11.54 9.80201 11.54 9.69066 9.08673 11.54 11.54 9.61285 11.54 9.72625 11.54 10.2887 11.54 10.645 11.54 10.7026 10.2243 10.1634 10.0637 9.8254 11.54 11.54 10.627 10.6852 10.7935 11.0183 11.0906 11.0731 11.1447 11.24 11.2771 11.2941 11.54 11.2824 11.54 11.3719 11.3701 11.54 11.54 11.54 11.3245 11.1207 11.265 11.4699 11.4821 11.4938 11.4945 11.3217 11.38 11.4854 11.3378 11.4188 11.5128 11.4928 11.5268 11.5236 11.5214 10.6928
11.5152 11.5202 11.5201 11.5189 11.5189 11.5181 11.5219 11.5217 11.5218 10.8652 9.59139 8.43166 7.97655 5.61961 6.61707 5.4635 7.37906 5.71538 5.89777 8.38323 8.74182 7.53436 8.381 9.63705 10.1378 9.63251 9.64774 8.9098 8.66326 8.12025 7.72025 9.57376 8.6235 9.50788 9.71735 9.95874 10.2983 10.3893 10.5442 10.6899 10.8269 10.8483 10.7845 10.9744 11.0172 10.8964 11.083 11.0715 11.2742 11.1552 11.3955 11.54 11.54 11.54 11.54 11.54 11.54 11.54 11.54 11.54 11.54 11.54 11.54 11.54 10.8142 11.3248 10.8642 11.54 11.54
11.5206 11.5213 11.521 11.5201 11.5204 11.5204 11.5233 11.5255 11.5254 10.9603 10.3058 7.11718 5.25136 9.42771 9.19914 9.02929 7.98164 9.83352 10.0806 5.18389 7.11568 10.4829 10.6369 8.06381 9.58997 11.1171 11.097 10.7918 10.7371 10.7251 10.5798 10.1673 11.54 11.54 10.8365 10.956 10.9696 11.0525 11.1265 11.1871 11.2446 11.2604 11.2139 10.785 10.6137 11.292 11.3377 11.3429 11.2994 11.429 11.3744 11.54 11.54 11.3871 11.54 11.54 11.4577 11.4706 11.4676 11.54 11.4809 11.54 11.4895 11.5065 10.528 11.5401 10.2949 11.5035 11.4896
11.5214 11.5218 11.5217 11.5214 11.5221 11.5224 11.5258 11.5262 11.5276 11.0454 10.4603 10.4395 10.4092 10.312 10.1777 10.0676 9.12363 9.81806 9.61296 9.97351 10.4439 10.0722 10.7295 10.9574 10.8118 11.54 11.54 11.54 11.54 11.54 11.54 11.54 11.54 10.6784 10.9505 10.991 11.0922 11.1531 11.2065 11.2494 11.2978 11.2968 11.2795 11.3591 11.3732 11.4115 11.4262 11.423 11.3804 11.426 11.3013 11.4105 11.1161 11.1345 11.284 11.2346 11.339 11.3723 11.3554 11.4037 11.4254 11.3772 11.4279 11.4606 10.4177 11.54 10.0575 11.4905 11.409
11.5221 11.5227 11.5227 11.5226 11.5237 11.5247 11.5278 11.5295 11.528 11.1148 10.6475 10.4639 9.90736 10.1707 9.56376 10.0075 10.1098 9.72515 10.0621 10.2813 10.6761 10.8569 10.696 11.0225 11.54 11.54 10.7789 10.6689 10.5454 11.54 9.56197 10.6605 9.20063 10.8755 10.9619 11.0859 11.1703 11.2277 11.2653 11.2851 11.3326 11.3525 11.335 11.3751 11.3217 11.393 11.3669 11.4228 11.4326 11.4178 11.3868 11.286 11.3992 11.4161 11.2209 11.4133 11.4508 11.4625 11.468 11.3703 11.3109 11.4753 11.4842 11.4974 10.2634 11.5401 9.70549 11.4795 11.4597
11.5244 11.5249 11.5249 11.525 11.5262 11.5267 11.5296 11.5299 11.5305 11.1787 10.7492 10.7213 10.6036 10.1123 10.0888 10.3274 9.93068 10.1712 10.4051 10.4116 10.8211 10.7197 10.9378 11.0943 10.8139 11.0258 10.4412 10.2313 9.44206 8.83996 10.5831 9.35983 10.8403 11.013 11.083 11.165 11.2159 11.266 11.2896 11.319 11.3604 11.3613 11.3572 11.3907 11.4076 11.3824 11.408 11.4353 11.4184 11.4404 11.3999 11.3832 11.54 11.54 11.54 11.54 11.54 11.54 11.54 11.54 11.54 11.54 11.54 11.54 9.35353 8.40844 8.5947 11.54 11.54
11.5272 11.5283 11.5285 11.5286 11.5297 11.5304 11.5299 11.532 11.5325 11.2309 10.8877 10.7666 10.4549 10.4759 10.283 10.68 10.5652 10.7556 10.7781 10.9299 10.758 10.9789 11.0809 11.1664 11.1345 10.2766 9.21216 8.95475 8.08231 10.6196 10.6051 10.8632 10.9613 11.54 11.54 11.54 11.54 11.54 11.54 11.54 11.54 11.54 11.54 11.54 11.54 11.54 11.54 11.54 11.54 11.54 11.54 11.54 11.54 11.54 11.54 11.54 11.54 11.54 11.54 11.54 11.54 11.54 11.54 11.54 11.54 11.54 11.54 11.54 11.54
11.5277 11.5303 11.5292 11.5307 11.5303 11.5321 11.5332 11.5346 11.5354 11.2769 10.9707 10.961 10.9511 10.9219 10.8274 10.3889 10.6251 10.3123 10.7282 10.7058 10.9574 11.104 11.168 11.245 11.202 11.54 11.54 11.54 10.9556 10.7773 10.9425 11.0026 10.915 11.54 11.54 10.926 11.0056 11.54 11.0961 11.54 11.2146 11.2807 11.54 11.54 11.3961 11.4119 11.4255 11.4022 11.4055 11.54 11.54 11.199 11.3427 10.9761 11.2395 11.1685 11.3426 11.3167 11.4568 11.3999 11.449 11.3843 11.439 11.3714 11.4292 11.3394 11.3949 11.2492 11.3176
11.5304 11.5321 11.5324 11.5316 11.5324 11.5339 11.5343 11.5364 11.5369 11.3148 11.0702 10.9758 10.694 10.864 10.7143 10.6255 10.9254 10.9291 10.7554 11.54 11.54 11.54 11.54 11.54 11.54 11.3602 11.086 11.54 11.54 11.54 11.54 11.54 10.8556 10.9904 9.77915 10.1165 10.069 10.616 10.6657 10.3894 10.7755 10.8488 11.1705 11.0548 11.1373 11.2176 11.2229 11.2264 11.1459 11.2524 10.9775 10.738 11.1138 11.3457 11.0669 11.3735 11.3668 11.4806 11.4092 11.4803 11.458 11.4924 11.3936 11.4637 11.442 11.4822 11.3332 11.4007 11.32
11.5335 11.5344 11.5341 11.5343 11.5347 11.5356 11.5366 11.5367 11.5383 11.3497 11.1256 11.1121 11.0526 10.8047 10.8826 10.8243 10.9325 10.8207 10.877 11.0362 11.0497 11.143 11.2061 11.3263 11.1084 10.7495 10.7646 11.0994 11.0492 10.9648 10.9594 11.029 10.85 10.4506 10.9805 11.0642 11.0954 9.60866 10.1878 11.1733 11.2877 11.3315 11.0197 11.3364 11.3643 11.3658 11.3886 11.3901 11.3631 11.2303 11.3635 11.274 11.3169 11.2993 11.3543 11.3943 11.4641 11.4605 11.4909 11.4933 11.5019 11.4847 11.4874 11.4819 11.494 11.4685 11.4579 11.422 11.4332
11.5358 11.5356 11.5359 11.536 11.5363 11.5373 11.5372 11.5383 11.5392 11.3783 11.2003 11.1382 10.9756 10.9862 10.946 10.9284 11.1196 11.1397 11.1355 11.1092 10.6092 10.6909 10.8812 10.9921 10.9042 11.54 10.1588 11.0851 10.3945 10.2483 10.2487 10.4393 10.8835 10.9705 10.7351 10.9434 10.911 10.9777 11.1072 11.0164 11.2181 11.2346 11.304 11.3529 11.3574 11.3824 11.3982 11.3967 11.3784 11.3885 11.276 11.54 11.54 11.54 11.54 11.54 11.54 11.54 11.54 11.54 11.54 11.54 11.54 11.54 11.54 11.54 11.54 11.54 11.54
11.5372 11.5374 11.5376 11.5377 11.538 11.538 11.5388 11.5391 11.5393 11.4032 11.2459 11.2421 11.2385 11.2204 11.2023 11.1916 10.9761 11.1395 11.0222 11.1498 11.0375 11.54 11.54 11.54 10.5566 9.50358 9.71239 11.54 11.54 11.54 11.54 11.54 11.54 11.54 11.54 11.54 11.54 11.54 11.54 11.54 11.54 11.54 11.54 11.54 11.54 11.54 11.54 11.54 11.54 11.54 11.54 11.54 11.2346 11.2219 11.2916 11.54 11.54 11.54 11.54 11.54 11.54 11.4725 11.4837 11.4795 11.4708 11.4509 11.4247 11.54 11.54
