tests/full-run-ref/erosion_78_22_-42.864.asc
ncols 512
nrows 512
xllcorner -3.24582
yllcorner -4.08743
cellsize 5
NODATA_value -99999
[rows 72 to 107 of 512, columns 164 to 245 of 512]
21.1318 27.1635 33.4346 39.4496 45.3526 51.2192 57.0831 62.955 68.8422 73.6975 75.1491 74.854 77.1847 78.8933 81.2765 83.1076 84.6445 116.724 112.591 106.633 100.561 94.5335 88.5136 82.493 76.4698 70.4424 64.4102 58.3723 52.3284 46.2782 40.2213 34.1576 28.0869 22.009 15.924 9.83854 4.84927 4.01475 5.77 5.77 5.77 5.77 5.77 5.77 5.77 5.77 5.77 5.77 5.77 5.77 5.77 5.77 5.77 5.77 5.77 5.77 5.77 5.77 5.77 5.77 5.77 5.77 5.77 5.77 5.77 5.77 5.77 5.77 5.77 5.77 5.77 5.77 5.77 5.77 5.77 5.77 5.77 5.76982 11.5397 8.15926 5.76977 5.76997
18.7604 25.1012 31.1492 37.0698 42.9633 48.8624 54.7522 60.6504 66.5464 67.835 69.2679 68.9807 71.3353 73.0412 75.4896 78.2596 80.1171 81.2889 108.724 106.903 100.917 94.7849 88.7524 82.7262 76.7009 70.6738 64.6432 58.6081 52.5678 46.5217 40.4695 34.4108 28.3453 22.273 16.1936 10.1124 5.06187 4.06353 5.77 5.77 5.77 5.77 5.77 5.77 5.77 5.77 5.77 5.77 5.77 5.77 5.77 5.77 5.77 5.77 5.77 5.77 5.77 5.77 5.77 5.77 5.77 5.77 5.77 5.77 5.77 5.77 5.77 5.77 5.77 5.77 5.77 5.77 5.77 5.77 5.77 5.77 5.76997 5.7697 11.5395 13.9292 8.15898 5.76974
17.2251 23.3031 29.2452 35.1518 41.0704 47.0128 52.9353 58.8562 62.1404 61.9497 63.4159 63.0903 65.4633 67.1622 69.9949 72.4498 74.7656 76.2668 88.8104 101.024 101.248 94.9452 88.8933 82.8564 76.8246 70.7931 64.7594 58.7219 52.6795 46.6316 40.5777 34.5173 28.4502 22.3762 16.2951 10.2119 5.14008 4.09406 5.77 5.77 5.77 5.77 5.77 5.77 5.77 5.77 5.77 5.77 5.77 5.77 5.77 5.77 5.77 5.77 5.77 5.77 5.77 5.77 5.77 5.77 5.77 5.77 5.77 5.77 5.77 5.77 5.77 5.77 5.77 5.77 5.77 5.77 5.77 5.77 5.77 5.77 5.76989 8.15926 13.9294 16.3192 13.929 8.15892
15.1122 21.0781 27.0168 32.9594 38.922 44.8597 50.7953 56.7066 56.2595 56.0606 57.5425 57.1799 59.5355 61.6328 64.1474 66.5238 68.8859 70.6536 83.1829 94.8376 101.401 94.9996 88.9288 82.8809 76.8404 70.8013 64.7604 58.7159 52.6664 46.6112 40.5498 34.4817 28.4067 22.3246 16.2352 10.1445 5.08967 4.10792 5.77 5.77 5.77 5.77 5.77 5.77 5.77 5.77 5.77 5.77 5.77 5.77 5.77 5.77 5.77 5.77 5.77 5.77 5.77 5.77 5.77 5.77 5.77 5.77 5.77 5.77 5.77 5.77 5.77 5.77 5.77 5.77 5.77 5.77 5.77 5.77 5.77 5.77 5.76982 11.5394 16.3194 22.0893 16.3191 13.929
15.7351 21.6344 27.5438 33.4471 39.3332 45.224 51.1868 53.0471 50.3126 50.1609 51.6529 51.2449 53.6145 55.7387 58.2427 60.6396 62.9962 64.7487 77.3041 88.65 101.143 94.9458 88.8633 82.8047 76.7538 70.7045 64.653 58.5973 52.5362 46.4689 40.3949 34.3139 28.2257 22.1302 16.0274 9.92536 4.928 4.10868 5.77 5.77 5.77 5.77 5.77 5.77 5.77 5.77 5.77 5.77 5.77 5.77 5.77 5.77 5.77 5.77 5.77 5.77 5.77 5.77 5.77 5.77 5.77 5.77 5.77 5.77 5.77 5.77 5.77 5.77 5.77 5.77 5.77 5.77 5.77 5.77 5.77 5.77 5.76981 11.5394 17.3095 23.0796 22.0892 16.3192
16.175 22.0355 27.9071 33.7436 39.5418 45.4564 49.7029 47.064 44.3578 44.2442 45.7414 45.2992 47.6947 49.8373 52.3551 54.7392 57.1194 59.0565 71.5214 82.4403 100.732 94.8116 88.7137 82.6415 76.5792 70.5166 64.4511 58.3804 52.3036 46.22 40.1292 34.0312 27.9258 21.8129 15.6927 9.57763 4.67732 4.10244 5.77 5.77 5.77 5.77 5.77 5.77 5.77 5.77 5.77 5.77 5.77 5.77 5.77 5.77 5.77 5.77 5.77 5.77 5.77 5.77 5.77 5.77 5.77 5.77 5.77 5.77 5.77 5.77 5.77 5.77 5.77 5.77 5.77 5.77 5.77 5.77 5.77 5.77 5.76983 11.5394 17.3095 23.0796 24.4794 22.0893
16.5151 22.3544 28.1734 31.653 37.4647 43.4304 43.7801 41.0963 38.4145 38.3068 39.8146 39.3428 41.7634 43.9301 46.4262 48.766 51.2481 57.0896 65.849 76.1788 100.252 94.6254 88.5064 82.4271 76.3478 70.2694 64.1859 58.0967 52.0007 45.8977 39.7875 33.6699 27.5449 21.4127 15.2732 9.14533 4.37479 4.09653 5.77 5.77 5.77 5.77 5.77 5.77 5.77 5.77 5.77 5.77 5.77 5.77 5.77 5.77 5.77 5.77 5.77 5.77 5.77 5.77 5.77 5.77 5.77 5.77 5.77 5.77 5.77 5.77 5.77 5.77 5.77 5.77 5.77 5.77 5.77 5.77 5.77 5.77 5.76985 11.5395 17.3096 23.0796 28.8495 23.0794
15.7353 21.2213 23.3916 29.2267 35.1299 40.1462 37.8303 35.1617 32.454 32.3481 33.8748 33.3763 35.8207 37.9654 40.37 42.7877 49.0656 54.94 60.2692 69.9851 99.7226 94.4213 88.3301 82.214 76.1188 70.016 63.9111 57.8 51.6829 45.5591 39.4283 33.2906 27.146 20.9944 14.836 8.69735 4.0721 4.097 5.77 5.77 5.77 5.77 5.77 5.77 5.77 5.77 5.77 5.77 5.77 5.77 5.77 5.77 5.77 5.77 5.77 5.77 5.77 5.77 5.77 5.77 5.77 5.77 5.77 5.77 5.77 5.77 5.77 5.77 5.77 5.77 5.77 5.77 5.77 5.77 5.77 5.76999 5.76983 11.5395 17.3096 23.0796 28.8495 23.0794
13.1045 15.0958 20.9815 26.8865 31.9093 34.6141 31.9018 29.2197 26.4721 26.37 27.923 27.3927 29.8091 31.8584 34.3005 40.6768 46.7872 52.6492 58.0831 64.5113 98.7717 94.3752 88.2302 82.1126 75.9634 69.8357 63.7027 57.5687 51.4298 45.2856 39.1358 32.98 26.8182 20.65 14.4755 8.32932 3.8334 4.10621 5.77 5.77 5.77 5.77 5.77 5.77 5.77 5.77 5.77 5.77 5.77 5.77 5.77 5.77 5.77 5.77 5.77 5.77 5.77 5.77 5.77 5.77 5.77 5.77 5.77 5.77 5.77 5.77 5.77 5.77 5.77 5.77 5.77 5.77 5.77 5.77 5.76999 5.76992 8.15968 13.9296 19.6996 25.4697 28.8496 23.0795
7.1041 12.7872 18.7235 23.6904 29.5765 28.7736 25.9959 23.2711 20.4697 20.3672 21.9574 21.3102 23.5961 25.703 32.2431 38.4107 44.3585 50.1164 55.9852 59.5345 59.9344 92.7708 88.4561 82.1622 75.9971 69.8151 63.6573 57.4985 51.3394 45.1783 39.014 32.8455 26.6721 20.4934 14.3088 8.15901 3.73154 4.12113 5.77 5.77 5.77 5.77 5.77 5.77 5.77 5.77 5.77 5.77 5.77 5.77 5.77 5.77 5.77 5.77 5.77 5.77 5.77 5.77 5.77 5.77 5.77 5.77 5.77 5.77 5.77 5.77 5.77 5.77 5.77 5.77 5.77 5.77 5.77 5.76999 5.76994 8.15978 13.9297 16.3197 22.0897 27.8597 28.8496 23.0796
5.32678 10.6806 15.4972 21.3445 23.889 23.1665 20.1573 17.2931 14.4402 14.3449 15.9372 15.0194 17.0465 23.9043 30.1836 36.2312 41.8365 47.8779 52.2536 54.5013 58.1448 59.0444 87.283 82.6868 76.2483 70.0505 63.8481 57.6651 51.4914 45.3205 39.1493 32.9759 26.799 20.6177 14.4314 8.28099 3.81555 4.13718 5.77 5.77 5.77 5.77 5.77 5.77 5.77 5.77 5.77 5.77 5.77 5.77 5.77 5.77 5.77 5.77 5.77 5.77 5.77 5.77 5.77 5.77 5.77 5.77 5.77 5.77 5.77 5.77 5.77 5.77 5.77 5.77 5.77 5.77 5.77 5.76997 8.15984 13.9298 16.3198 22.0898 24.4798 30.2498 28.8497 23.0797
5.66347 7.55533 13.2763 15.5899 21.5462 20.974 14.4827 11.5394 8.84428 8.76653 10.234 8.9895 15.3755 21.833 27.9739 34.0859 40.1194 44.0165 46.2876 50.814 53.3693 58.7579 61.4769 82.0776 77.0548 70.5592 64.323 58.1329 51.9578 45.7899 39.6242 33.4579 27.2894 21.1175 14.943 8.794 4.14672 4.15597 5.77 5.77 5.77 5.77 5.77 5.77 5.77 5.77 5.77 5.77 5.77 5.77 5.77 5.77 5.77 5.77 5.77 5.77 5.77 5.77 5.77 5.77 5.77 5.77 5.77 5.77 5.77 5.77 5.77 5.77 5.77 5.77 5.77 5.77 5.76999 5.76991 11.5398 16.3198 22.0898 24.4799 30.2496 27.8596 25.4696 23.0798
5.75323 5.57922 7.50591 13.351 15.9419 15.9344 12.8514 7.0532 7.51893 7.47758 6.20039 10.1088 16.1467 22.2566 28.3185 34.0002 35.8378 37.9844 42.5209 45.1101 51.3101 55.2763 57.5989 61.2569 77.5581 71.2816 65.0415 58.8596 52.6999 46.5496 40.403 34.2568 28.1092 21.9591 15.8052 9.66539 4.74028 4.19155 5.77 5.77 5.77 5.77 5.77 5.77 5.77 5.77 5.77 5.77 5.77 5.77 5.77 5.77 5.77 5.77 5.77 5.77 5.77 5.77 5.77 5.77 5.77 5.77 5.77 5.77 5.77 5.77 5.77 5.77 5.76997 5.76996 5.76996 5.76998 5.76992 8.15979 13.9298 19.6998 24.4799 30.2496 24.4796 22.0895 19.6996 17.3098
5.77 5.75198 5.60173 7.72214 13.6184 13.6445 7.81604 8.06226 8.15987 8.1599 7.5053 9.32191 15.4243 21.4224 25.7482 27.7388 29.6873 34.2603 36.8199 43.0649 47.1433 49.9509 54.327 57.9922 76.358 72.098 65.9147 59.6619 53.5294 47.4074 41.2891 35.1716 29.0529 22.9321 16.8081 10.6848 5.48389 4.25929 5.77 5.77 5.77 5.77 5.77 5.77 5.77 5.77 5.77 5.77 5.77 5.77 5.77 5.77 5.77 5.77 5.77 5.77 5.77 5.77 5.77 5.77 5.77 5.77 5.77 5.77 5.77 5.77 5.77 5.77 5.76995 8.15986 8.15985 6.15977 8.1598 13.9298 16.3198 22.0898 27.8599 27.8596 22.0895 16.3194 13.9295 11.5399
5.77 5.77 5.75747 5.66817 7.98233 11.4951 8.08861 8.15996 8.15998 8.14546 7.62117 13.3616 16.3736 18.1482 19.4903 21.3716 26.3151 28.5072 34.885 38.9583 41.7247 46.0854 50.4709 56.3034 62.1308 68.6189 66.7054 60.3491 54.2514 48.1629 42.0775 35.9921 29.905 23.8156 17.7232 11.628 6.22093 4.35805 5.77 5.77 5.77 5.77 5.77 5.77 5.77 5.77 5.77 5.77 5.77 5.77 5.77 5.77 5.77 5.77 5.77 5.77 5.77 5.77 5.77 5.77 5.77 5.77 5.77 5.77 5.77 5.77 5.77 5.77 5.76993 11.5399 13.9299 12.3199 13.9298 16.3198 22.0898 24.4799 30.2499 25.4696 19.6995 13.9296 11.5399 11.54
5.77 5.77 5.77 5.76353 5.70842 11.5069 8.13819 8.13616 8.12963 8.09135 13.6813 11.1967 10.2673 11.872 13.2245 18.1009 20.1769 26.6145 32.0844 33.4912 37.7917 42.1775 48.3034 54.2271 60.1062 66.2916 67.2199 60.8538 54.7891 48.7352 42.6827 36.6287 30.5725 24.5132 18.4505 12.3843 6.84522 4.47177 5.77 5.77 5.77 5.77 5.77 5.77 5.77 5.77 5.77 5.77 5.77 5.77 5.77 5.77 5.77 5.77 5.77 5.77 5.77 5.77 5.77 5.77 5.77 5.77 5.77 5.77 5.77 5.77 5.77 5.76999 5.76993 11.5399 17.3099 18.0899 19.6999 22.0899 24.4799 30.2499 28.8496 23.0795 17.3095 11.5398 11.54 11.54
5.77 5.77 5.77 5.77 5.75562 11.5199 8.1001 13.8295 8.05227 13.8254 7.96256 7.7745 7.65389 6.83192 12.1124 12.0916 18.425 23.8663 25.6991 29.4531 33.8748 40.0173 46.0034 51.9169 57.8354 63.86 67.5012 61.2507 55.1779 49.1527 43.1287 37.1038 31.0758 25.0443 19.0088 12.9693 7.34328 4.58485 5.77 5.77 5.77 5.77 5.77 5.77 5.77 5.77 5.77 5.77 5.77 5.77 5.77 5.77 5.77 5.77 5.77 5.77 5.77 5.77 5.77 5.77 5.77 5.77 5.77 5.77 5.77 5.77 5.77 5.76999 8.15993 13.9299 16.3199 22.09 24.48 27.8599 30.2499 30.2499 24.4799 22.0899 17.3098 11.5399 11.54 11.54
5.77 5.77 5.77 5.77 5.76075 8.1075 13.8719 16.2254 15.1977 11.3709 8.02813 8.1588 8.15908 7.95849 6.6814 11.3324 17.1374 17.5127 20.9194 26.492 32.1976 38.1903 44.0764 50.0134 55.9895 61.9116 64.4448 61.6518 55.5195 49.5032 43.5028 37.5006 31.4961 25.4882 19.4764 13.4604 7.77316 4.69111 5.77 5.77 5.77 5.77 5.77 5.77 5.77 5.77 5.77 5.77 5.77 5.77 5.77 5.77 5.77 5.77 5.77 5.77 5.77 5.77 5.77 5.77 5.77 5.77 5.77 5.77 5.77 5.77 5.77 5.76999 5.76997 8.15991 13.9299 16.3199 22.0899 27.8599 30.25 24.4799 22.0899 16.3199 13.9299 11.5399 11.54 11.54
5.77 5.77 5.77 5.77 5.76796 5.73393 11.4436 16.2407 19.5732 13.7648 8.01082 8.15924 8.15969 8.159 7.67809 10.3576 11.7605 12.7112 18.128 24.3841 30.2231 36.116 42.0129 47.9607 53.7034 56.0152 58.4856 61.2559 55.9207 49.8466 43.8562 37.8694 31.8812 25.8902 19.8961 13.8984 8.16294 4.79158 5.77 5.77 5.77 5.77 5.77 5.77 5.77 5.77 5.77 5.77 5.77 5.77 5.77 5.77 5.77 5.77 5.77 5.77 5.77 5.77 5.77 5.77 5.77 5.77 5.77 5.77 5.77 5.77 5.77 5.77 5.77 5.76997 8.15991 13.9299 19.6999 25.4699 24.48 22.0899 16.3199 13.9299 11.5399 11.54 11.54 11.54
5.77 5.76696 5.7672 5.76833 5.77 5.75601 8.06562 11.4049 13.7967 11.3991 7.98592 8.15895 8.15991 8.15897 8.07601 7.65607 6.38256 11.4468 16.9463 22.9936 28.8311 34.7183 40.6396 45.5048 47.7724 50.0468 52.7557 55.4042 56.2809 50.2146 44.1995 38.2206 32.2418 26.2618 20.2798 14.2954 8.52041 4.88707 5.77 5.77 5.77 5.77 5.77 5.77 5.77 5.77 5.77 5.77 5.77 5.77 5.77 5.77 5.77 5.77 5.77 5.77 5.77 5.77 5.77 5.77 5.77 5.77 5.77 5.77 5.77 5.77 5.77 5.77 5.77 5.77 5.76996 11.5399 17.3099 23.0799 22.09 16.3199 13.9299 11.5399 11.54 11.54 11.54 11.54
5.77 5.76726 8.15691 5.76713 5.76859 5.76716 5.75423 5.70511 8.00525 11.5022 8.00697 8.15856 8.11086 8.15988 8.15951 8.15792 7.39461 9.43736 14.9745 20.998 27.0042 32.8721 37.5072 39.5288 41.8672 44.3333 46.8723 50.5874 53.2619 50.5675 44.5003 38.5284 32.5576 26.5868 20.6154 14.6427 8.83805 4.97651 5.77 5.77 5.77 5.77 5.77 5.77 5.77 5.77 5.77 5.77 5.77 5.77 5.77 5.77 5.77 5.77 5.77 5.77 5.77 5.77 5.77 5.77 5.77 5.77 5.77 5.77 5.77 5.77 5.77 5.77 5.77 5.77 5.76999 11.54 16.32 22.09 19.7 13.9299 11.5399 11.54 11.54 11.54 11.54 11.54
5.77 5.76747 5.76711 8.15691 5.76686 5.77 5.77 5.76434 5.70991 11.4868 7.9954 8.07202 8.15757 8.1588 8.15897 8.04722 7.26962 12.6477 18.4941 24.0566 27.7497 29.569 31.515 33.5421 35.934 38.4217 42.1433 44.6721 47.376 50.8108 44.7249 38.7646 32.8069 26.8495 20.8921 14.9335 9.10964 5.05843 5.77 5.77 5.77 5.77 5.77 5.77 5.77 5.77 5.77 5.77 5.77 5.77 5.77 5.77 5.77 5.77 5.77 5.77 5.77 5.77 5.77 5.77 5.77 5.77 5.77 5.77 5.77 5.77 5.77 5.77 5.77 5.77 5.77 8.15998 13.93 19.7 17.31 11.54 11.54 11.54 11.54 11.54 11.54 11.54
5.77 5.77 5.7667 5.76542 5.76587 5.77 5.77 5.77 5.75387 11.4909 11.4998 8.07726 5.71228 8.02713 7.86429 7.72173 13.1825 15.6756 21.4252 22.4478 21.6646 23.4753 25.5077 27.5787 30.0067 33.7393 36.1944 38.7349 44.9293 50.9277 44.8907 38.9401 33.0018 27.065 21.126 15.1823 9.34785 5.13407 5.77 5.77 5.77 5.77 5.77 5.77 5.77 5.77 5.77 5.77 5.77 5.77 5.77 5.77 5.77 5.77 5.77 5.77 5.77 5.77 5.77 5.77 5.77 5.77 5.77 5.77 5.77 5.77 5.77 5.77 5.77 5.77 5.77 5.76999 11.54 13.93 16.32 11.54 11.54 11.54 11.54 11.54 11.54 11.5399
5.77 5.77 5.77 5.77 5.77 5.77 5.77 5.77 5.76125 5.72176 8.06665 5.52596 11.1557 7.48973 11.3792 13.5968 16.0084 16.6641 16.5824 16.3942 15.5808 17.4614 19.5343 21.6364 25.3451 27.7217 30.1733 36.4349 42.5251 48.5955 45.0767 39.1058 33.1942 27.2764 21.3483 15.423 9.5818 5.20853 5.77 5.77 5.77 5.77 5.77 5.77 5.77 5.77 5.77 5.77 5.77 5.77 5.77 5.77 5.77 5.77 5.77 5.77 5.77 5.77 5.77 5.77 5.77 5.77 5.77 5.77 5.77 5.77 5.77 5.77 5.77 5.77 5.77 5.77 5.76999 8.15999 13.93 11.54 11.54 11.54 11.54 11.54 11.5399 13.9299
5.77 5.77 5.77 5.77 5.77 5.77 5.77 5.77 5.77 5.76413 5.54726 11.1335 13.5408 15.5877 15.7651 13.4511 11.0168 10.7355 10.634 10.5509 9.86965 11.7882 13.855 17.3359 19.2411 21.5945 27.9834 34.1623 40.1346 42.7846 44.8404 39.315 33.4178 27.5255 21.601 15.6918 9.84213 5.28709 5.77 5.77 5.77 5.77 5.77 5.77 5.77 5.77 5.77 5.77 5.77 5.77 5.77 5.77 5.77 5.77 5.77 5.77 5.77 5.77 5.77 5.77 5.77 5.77 5.77 5.77 5.77 5.77 5.77 5.77 5.77 5.77 5.77 5.77 5.77 5.77 8.15999 13.93 11.54 13.93 11.5399 11.9299 14.3199 16.3198
5.77 5.77 5.77 5.77 5.77 5.77 5.77 5.77 5.77 5.76487 5.6261 11.1191 16.9936 19.082 13.0509 7.64106 7.86238 7.8896 7.86363 7.79463 7.63084 7.05585 9.5499 11.3045 13.0657 19.5152 25.8165 31.827 34.3306 36.8768 38.8643 36.4661 31.1317 27.7956 21.9174 16.0161 10.1609 5.37591 5.77 5.77 5.77 5.77 5.77 5.77 5.77 5.77 5.77 5.77 5.77 5.77 5.77 5.77 5.77 5.77 5.77 5.77 5.77 5.77 5.77 5.77 5.77 5.77 5.77 5.77 5.77 5.77 5.77 5.77 5.77 5.77 5.77 5.77 5.77 5.77 5.76999 11.54 17.31 16.32 17.3099 16.3199 20.0899 22.0898
5.74887 5.77 5.77 5.77 5.77 5.77 5.77 5.77 5.77 5.75871 8.01127 13.6611 16.0688 16.7649 10.7244 7.81732 8.15706 8.15768 8.1591 8.15786 8.15751 8.03874 7.6514 6.62372 11.529 17.8293 23.8572 26.0487 28.4461 31.0187 34.6943 30.4269 28.1127 22.7707 20.5282 15.2597 10.5286 5.49449 5.77 5.77 5.77 5.77 5.77 5.77 5.77 5.77 5.77 5.77 5.77 5.77 5.77 5.77 5.77 5.77 5.77 5.77 5.77 5.77 5.77 5.77 5.77 5.77 5.77 5.77 5.77 5.77 5.77 5.77 5.77 5.77 5.77 5.77 5.77 5.77 8.15999 13.93 19.7 23.47 23.0799 24.25 24.4799 27.8599
5.55835 5.75303 5.77 5.77 5.77 5.77 5.77 5.77 5.77 5.7609 5.69705 7.82602 13.6246 16.1158 13.5142 7.75302 7.96642 8.15563 8.159 8.16001 8.15964 8.1589 8.15794 7.65871 10.1456 16.0271 17.814 19.9978 22.508 28.8148 28.8817 26.1675 21.9674 19.7214 14.3333 12.2091 7.16575 5.64608 5.77 5.77 5.77 5.77 5.77 5.77 5.77 5.77 5.77 5.77 5.77 5.77 5.77 5.77 5.77 5.77 5.77 5.77 5.77 5.77 5.77 5.77 5.77 5.77 5.77 5.77 5.77 5.77 5.77 5.77 5.77 5.77 5.77 5.77 5.77 5.77 5.76997 11.5399 17.3099 23.0799 28.8499 30.02 30.41 32.64
7.48305 5.66581 5.77 5.77 5.77 5.77 5.77 5.77 5.77 5.77 5.76006 5.67582 7.83143 13.669 16.0366 13.4834 7.78121 7.94387 8.15531 8.15902 8.15992 8.15962 8.15831 7.8759 11.1197 10.1228 11.758 14.0217 20.4096 23.3556 23.5431 20.3929 17.7404 13.5469 11.4574 6.18933 5.42299 5.74765 5.77 5.77 5.77 5.77 5.77 5.77 5.77 5.77 5.77 5.77 5.77 5.77 5.77 5.77 5.77 5.77 5.77 5.77 5.77 5.77 5.77 5.77 5.77 5.77 5.77 5.77 5.77 5.77 5.77 5.77 5.77 5.77 5.77 5.77 5.77 5.76999 8.15996 13.9299 19.6999 25.4699 31.2399 37.01 36.18 38.41
10.6381 5.37183 5.744 5.77 5.77 5.77 5.77 5.77 5.77 5.77 5.77 5.75872 5.68012 7.83868 13.6242 16.0491 13.4158 7.74795 7.94113 8.15494 8.15806 8.10838 7.9669 8.04 7.95931 7.53106 6.99072 12.3011 14.9414 20.2909 17.63 18.2893 11.8712 11.5349 5.52138 5.29174 5.7393 5.77 5.77 5.77 5.77 5.77 5.77 5.77 5.77 5.77 5.77 5.77 5.77 5.77 5.77 5.77 5.77 5.77 5.77 5.77 5.77 5.77 5.77 5.77 5.77 5.77 5.77 5.77 5.77 5.77 5.77 5.77 5.77 5.77 5.77 5.77 5.77 5.76997 11.5399 16.3199 22.0899 27.8599 33.6299 39.4 41.9707 40.242
12.8716 7.0755 5.5165 5.75098 5.77 5.77 5.77 5.77 5.77 5.77 5.77 5.77 5.75681 5.67039 7.77939 13.5715 16.0196 13.3456 7.71673 7.90455 7.91437 7.8644 11.3238 11.3441 8.09333 8.15877 7.98066 7.29747 12.8843 14.6001 11.7831 12.8029 9.8994 6.03194 5.2445 5.73924 5.77 5.77 5.77 5.77 5.77 5.77 5.77 5.77 5.77 5.77 5.77 5.77 5.77 5.77 5.77 5.77 5.77 5.77 5.77 5.77 5.77 5.77 5.77 5.77 5.77 5.77 5.77 5.77 5.77 5.77 5.77 5.77 5.77 5.77 5.77 5.77 5.76999 8.15995 13.9299 19.6999 24.48 30.25 36.02 40.7999 38.4097 35.8107
15.2882 13.0129 7.41208 5.58517 5.7553 5.77 5.77 5.77 5.77 5.77 5.77 5.77 5.77 5.75356 5.65321 7.71614 13.5167 15.9905 13.035 7.49995 12.8599 7.60444 13.4929 7.66753 8.10098 8.15973 8.1585 7.71718 10.9814 12.9384 7.11829 10.3486 7.0491 5.37727 5.73083 5.77 5.77 5.77 5.77 5.77 5.77 5.77 5.77 5.77 5.77 5.77 5.77 5.77 5.77 5.77 5.77 5.77 5.77 5.77 5.77 5.77 5.77 5.77 5.77 5.77 5.77 5.77 5.77 5.77 5.77 5.77 5.77 5.77 5.77 5.77 5.77 5.77 5.76996 11.5399 16.3199 22.0899 27.8599 32.64 38.41 38.4099 32.6399 30.2497
21.2921 15.5833 13.2711 7.59521 5.63788 5.75968 5.77 5.77 5.77 5.77 5.77 5.77 5.77 5.77 5.74982 5.63528 7.64793 13.4007 15.747 15.607 15.233 12.7911 10.4456 7.62323 8.15388 8.15739 8.15845 7.82444 13.7219 11.8769 10.4539 7.41499 5.52167 5.73836 5.77 5.77 5.77 5.77 5.77 5.77 5.77 5.77 5.77 5.77 5.77 5.77 5.77 5.77 5.77 5.77 5.77 5.77 5.77 5.77 5.77 5.77 5.77 5.77 5.77 5.77 5.77 5.77 5.77 5.77 5.77 5.77 5.77 5.77 5.77 5.77 5.77 8.16 8.15993 13.9299 19.6999 24.4799 30.2499 36.02 40.8 36.0197 30.2499 25.4698
23.8585 21.4983 15.7928 13.4603 7.86791 5.75273 5.77 5.77 5.77 5.77 5.77 5.77 5.77 5.77 5.77 5.74606 5.60472 7.4722 13.1538 15.6401 21.2667 18.4011 12.2286 7.17369 7.66398 7.85691 7.89184 7.87459 11.4234 11.2235 7.49489 5.5864 5.74427 5.77 5.77 5.77 5.77 5.77 5.77 5.77 5.77 5.77 5.77 5.77 5.77 5.77 5.77 5.77 5.77 5.77 5.77 5.77 5.77 5.77 5.77 5.77 5.77 5.77 5.77 5.77 5.77 5.77 5.77 5.77 5.77 5.77 5.77 5.77 5.77 5.77 5.76998 5.76996 11.5399 16.3199 22.0899 27.8599 32.64 38.41 39.3997 33.6297 27.8598 25.4699
28.248 22.4158 16.5901 10.7324 5.43151 5.74443 5.77 5.77 5.77 5.77 5.77 5.77 5.77 5.77 5.77 5.77 5.74227 5.55072 7.2264 12.962 15.4321 20.9762 15.0959 12.2807 12.35 7.26229 12.8291 7.47 12.8293 7.57397 5.6235 5.74863 5.77 5.77 5.77 5.77 5.77 5.77 5.77 5.77 5.77 5.77 5.77 5.77 5.77 5.77 5.77 5.77 5.77 5.77 5.77 5.77 5.77 5.77 5.77 5.77 5.77 5.77 5.77 5.77 5.77 5.77 5.77 5.77 5.77 5.77 5.77 5.77 8.16001 8.15999 11.54 8.15988 13.9299 19.6999 24.4799 30.2499 36.0199 40.8 37.0096 31.2397 25.4698 25.47
30.6859 24.8597 19.0336 13.2665 7.65627 5.71744 5.77 5.77 5.77 5.77 5.77 5.77 5.77 5.77 5.77 5.77 5.77 5.73952 5.5123 7.09879 12.9623 15.5917 18.7996 18.5914 15.1916 15.0381 14.8909 12.4283 6.37913 5.39502 5.75207 5.77 5.77 5.77 5.77 5.77 5.77 5.77 5.77 5.77 5.77 5.77 5.77 5.77 5.77 5.77 5.77 5.77 5.77 5.77 5.77 5.77 5.77 5.77 5.77 5.77 5.77 5.77 5.77 5.77 5.77 5.77 5.77 5.77 5.77 5.77 5.77 5.77 5.77 11.54 16.32 18.09 16.3199 22.0899 27.8599 32.6399 38.4099 40.3897 34.6197 28.8496 25.4698 25.47
