tests/full-run-ref/erosion_2010_78_15_62.100.asc
ncols 512
nrows 512
xllcorner -3.24582
yllcorner -4.08743
cellsize 5
NODATA_value -99999
[rows 351 to 389 of 512, columns 261 to 347 of 512]
271.505 271.505 271.505 271.505 271.505 271.505 271.505 274.268 274.268 274.268 274.268 274.268 274.268 274.268 277.153 274.268 271.475 274.268 271.475 268.59 265.705 262.82 259.935 257.05 254.165 251.28 248.395 248.395 248.395 248.395 248.395 248.395 248.395 248.395 248.395 246.919 239.77 239.77 239.77 243.937 246.919 243.937 243.937 243.937 243.937 243.937 246.919 246.919 244.393 246.919 244.393 0 0 0 0 0 0 0 0 0 0 0 0 0 0 0 0 0 0 0 0 0 0 0 0 0 0 0 0 0 0 0 0 0 0 0 0
271.505 271.505 274.268 274.268 274.268 274.268 274.268 274.268 274.268 274.268 274.268 274.268 274.268 274.268 274.268 274.268 274.268 274.268 271.475 268.59 265.705 262.82 259.935 257.05 254.165 251.28 248.395 248.395 248.395 248.395 248.395 248.395 248.395 248.395 248.395 246.919 239.77 239.77 243.937 246.919 246.919 246.919 243.937 243.937 243.937 243.937 243.937 243.937 246.919 246.919 244.393 0 0 0 0 0 0 0 0 0 0 0 0 0 0 0 0 0 0 0 0 0 0 0 0 0 0 0 0 0 0 0 0 0 0 0 0
271.505 274.268 274.268 274.268 274.268 274.268 274.268 274.268 274.268 274.268 274.268 274.268 274.268 274.268 274.268 274.268 274.268 271.475 271.412 268.527 265.642 262.757 259.872 257.05 254.165 251.28 248.395 248.395 248.395 248.395 248.395 248.395 248.395 248.395 248.395 246.919 239.77 239.77 246.919 246.919 246.919 246.919 246.919 243.937 243.937 243.937 243.937 243.937 243.937 0 0 0 0 0 0 0 0 0 0 0 0 0 0 0 0 0 0 0 0 0 0 0 0 0 0 0 0 0 0 0 0 0 0 0 0 0 0
274.268 274.268 274.268 274.268 274.268 274.268 274.268 274.268 274.268 274.268 274.268 274.268 274.268 274.268 274.268 271.475 271.475 271.412 270.217 267.332 264.447 261.562 258.677 255.792 254.165 251.28 248.395 248.395 248.395 248.395 248.395 248.395 248.395 248.395 246.919 246.919 239.77 239.77 246.919 246.919 246.919 246.919 246.919 246.919 243.937 243.937 243.937 243.937 0 0 0 0 0 0 0 0 0 0 0 0 0 0 0 0 0 0 0 0 0 0 0 0 0 0 0 0 0 0 0 0 0 0 0 0 0 0 0
274.268 274.268 274.268 274.268 274.268 274.268 274.268 274.268 274.268 274.268 274.268 274.268 274.268 274.268 271.475 271.412 271.412 270.217 270.217 267.332 264.447 261.562 258.677 255.792 255.792 251.28 248.395 248.395 248.395 248.395 248.395 248.395 248.395 248.395 246.919 246.919 239.77 246.919 246.919 246.919 246.919 246.919 246.919 246.919 246.919 246.919 246.919 243.937 0 0 0 0 0 0 0 0 0 0 0 0 0 0 0 0 0 0 0 0 0 0 0 0 0 0 0 0 0 0 0 0 0 0 0 0 0 0 0
274.268 274.268 274.268 274.268 274.268 274.268 274.268 274.268 274.268 274.268 274.268 274.268 274.268 271.475 271.412 270.217 270.217 270.217 270.217 267.332 264.447 261.562 258.677 255.792 255.792 251.28 248.395 248.395 248.395 248.395 248.395 248.395 248.395 248.395 246.919 246.919 239.77 246.919 246.919 246.919 246.919 246.919 246.919 246.919 246.919 246.919 246.919 243.937 0 0 0 0 0 0 0 0 0 0 0 0 0 0 0 0 0 0 0 0 0 0 0 0 0 0 0 0 0 0 0 0 0 0 0 0 0 0 0
274.268 274.268 274.268 274.268 274.268 274.268 274.268 274.268 274.268 274.268 274.268 274.268 271.475 271.412 270.217 270.217 270.217 270.217 270.217 267.332 264.447 261.562 258.677 255.792 255.792 251.28 248.395 248.395 248.395 248.395 248.395 248.395 248.395 248.395 246.919 246.919 246.919 246.919 246.919 246.919 246.919 246.919 246.919 246.919 246.919 246.919 246.919 0 0 0 0 0 0 0 0 0 0 0 0 0 0 0 0 0 0 0 0 0 0 0 0 0 0 0 0 0 0 0 0 0 0 0 0 0 0 0 0
274.268 274.268 274.268 274.268 274.268 274.268 274.268 274.268 274.268 274.268 274.268 274.268 271.475 270.217 270.217 270.217 270.217 270.217 270.217 267.332 264.447 261.562 258.677 255.792 255.792 251.28 248.395 248.395 248.395 248.395 248.395 248.395 248.395 246.919 246.919 246.919 246.919 246.919 246.919 246.919 246.919 246.919 246.919 246.919 246.919 0 0 0 0 0 0 0 0 0 0 0 0 0 0 0 0 0 0 0 0 0 0 0 0 0 0 0 0 0 0 0 0 0 0 0 0 0 0 0 0 0 0
274.268 274.268 274.268 274.268 274.268 274.268 274.268 274.268 274.268 274.268 274.268 274.268 271.475 270.217 270.217 270.217 270.217 270.217 270.217 267.332 264.447 261.562 258.677 255.792 255.792 251.28 248.395 248.395 248.395 248.395 248.395 248.395 248.395 246.919 246.919 246.919 246.919 246.919 246.919 246.919 246.919 246.919 246.919 246.919 0 0 0 0 0 0 0 0 0 0 0 0 0 0 0 0 0 0 0 0 0 0 0 0 0 0 0 0 0 0 0 0 0 0 0 0 0 0 0 0 0 0 0
274.268 274.268 274.268 274.268 274.268 274.268 274.268 274.268 274.268 274.268 274.268 274.268 271.475 270.217 270.217 270.217 270.217 270.217 270.217 267.332 264.447 261.562 258.677 255.792 255.792 251.28 248.395 248.395 248.395 248.395 248.395 248.395 246.919 246.919 246.919 246.919 246.919 246.919 246.919 246.919 246.919 246.919 246.919 0 0 0 0 0 0 0 0 0 0 0 0 0 0 0 0 0 0 0 0 0 0 0 0 0 0 0 0 0 0 0 0 0 0 0 0 0 0 0 0 0 0 0 0
274.268 274.268 274.268 274.268 274.268 274.268 274.268 274.268 274.268 274.268 274.268 274.268 271.475 270.217 270.217 270.217 270.217 270.217 270.217 267.332 264.447 261.562 258.677 255.792 255.792 251.28 248.395 248.395 248.395 248.395 248.395 248.395 246.919 246.919 246.919 246.919 246.919 246.919 246.919 246.919 246.919 246.919 0 0 0 0 0 0 0 0 0 0 0 0 0 0 0 0 0 0 0 0 0 0 0 0 0 0 0 0 0 0 0 0 0 0 0 0 0 0 0 0 0 0 0 0 0
274.268 274.268 274.268 274.268 274.268 274.268 274.268 274.268 274.268 274.268 274.268 274.268 271.475 270.217 270.217 270.217 270.217 270.217 269.387 266.502 264.447 261.562 258.677 255.792 255.792 251.28 248.395 248.395 248.395 248.395 248.395 246.919 246.919 246.919 246.919 246.919 246.919 246.919 246.919 246.919 246.919 0 0 0 0 0 0 0 0 0 0 0 0 0 0 0 0 0 0 0 0 0 0 0 0 0 0 0 0 0 0 0 0 0 0 0 0 0 0 0 0 0 0 0 0 0 0
274.268 274.268 274.268 274.268 274.268 274.268 274.268 274.268 274.268 274.268 274.268 274.268 271.475 270.217 270.217 270.217 270.217 269.387 266.502 265.307 262.422 261.562 258.677 255.792 255.792 251.28 248.395 248.395 248.395 248.395 248.395 246.919 246.919 246.919 246.919 246.919 246.919 246.919 246.919 246.919 0 0 0 0 0 0 0 0 0 256.974 0 0 0 0 0 0 0 0 0 0 0 0 0 0 0 0 0 0 0 0 0 0 0 0 0 0 0 0 0 0 0 0 0 0 0 0 0
274.268 274.268 274.268 274.268 274.268 274.268 274.268 274.268 274.268 274.268 274.268 274.268 271.475 270.217 270.217 270.217 269.387 266.502 265.307 262.422 262.422 262.422 258.677 255.792 255.792 251.28 248.395 248.395 248.395 248.395 248.395 246.919 246.919 246.919 246.919 246.919 246.919 246.919 246.919 0 246.919 0 0 0 249.804 250.999 255.079 0 256.974 0 0 0 0 0 0 0 0 0 0 0 0 0 0 0 0 0 0 0 0 0 0 0 0 0 0 0 0 0 0 0 0 0 0 0 0 0 0
274.268 274.268 274.268 274.268 274.268 274.268 274.268 274.268 274.268 274.268 274.268 274.268 271.475 270.217 270.217 269.387 266.502 265.307 262.422 262.422 262.422 262.422 258.677 255.792 255.792 251.28 248.395 248.395 248.395 248.395 248.395 246.919 246.919 246.919 246.919 246.919 246.919 246.919 0 246.919 0 246.919 246.919 249.804 250.999 255.079 255.079 256.974 0 0 0 0 0 0 0 0 0 0 0 0 0 0 0 0 0 0 0 0 0 0 0 0 0 0 0 0 0 0 0 0 0 0 0 0 0 0 0
274.268 274.268 274.268 274.268 274.268 274.268 274.268 274.268 274.268 274.268 274.268 274.268 271.475 270.217 269.387 266.502 265.307 262.422 262.422 262.422 262.422 262.422 258.245 255.36 252.475 251.28 248.395 248.395 248.395 248.395 248.395 246.919 246.919 246.919 246.919 246.919 246.919 0 246.919 0 246.919 246.919 249.804 250.999 255.079 255.079 256.974 256.974 0 0 0 0 0 0 0 0 0 0 0 0 0 0 0 0 0 0 0 0 0 0 0 0 0 0 0 0 0 0 0 0 0 0 0 0 0 0 0
274.268 274.268 274.268 274.268 274.268 274.268 274.268 274.268 274.268 274.268 274.268 274.268 271.475 269.387 266.502 265.307 262.422 262.422 262.422 262.422 262.422 262.422 258.245 255.36 252.475 252.475 248.395 248.395 248.395 248.395 248.395 246.919 246.919 246.919 246.919 246.919 246.919 246.919 0 246.919 246.919 249.804 250.999 255.079 255.079 255.079 256.974 256.974 0 0 0 0 0 0 0 0 0 0 0 0 0 0 0 0 0 0 0 0 0 0 0 0 0 0 0 0 0 0 0 0 0 0 0 0 0 0 0
274.268 274.268 274.268 274.268 274.268 274.268 274.268 274.268 274.268 274.268 274.268 274.268 271.077 268.192 265.307 262.422 262.422 262.422 262.422 262.422 262.422 259.859 256.974 255.36 252.475 252.475 248.395 248.395 248.395 248.395 248.395 246.918 246.919 246.919 246.919 246.919 246.919 246.919 246.919 246.919 249.804 250.999 255.079 255.079 255.079 256.974 256.974 0 0 0 0 0 0 0 0 0 0 0 0 0 0 0 0 0 0 0 0 0 0 0 0 0 0 0 0 0 0 0 0 0 0 0 0 0 0 0 0
272.018 272.018 272.018 272.018 274.268 274.268 274.268 274.268 274.268 274.268 274.268 274.268 271.077 268.192 265.307 262.422 262.422 262.422 262.422 259.859 259.859 259.859 256.974 256.974 252.475 248.395 252.475 248.395 248.395 248.395 246.918 248.393 246.918 246.919 246.919 246.919 246.919 246.919 246.919 249.804 250.999 255.079 255.079 255.079 256.974 256.974 256.974 0 0 0 0 0 0 0 0 0 0 0 0 0 0 0 0 0 0 0 0 0 0 0 0 0 0 0 0 0 0 0 0 0 0 0 0 0 0 0 0
272.018 272.018 272.018 272.018 272.018 274.268 274.268 274.268 274.268 274.268 274.268 274.268 271.077 268.192 265.307 262.422 262.422 262.422 262.422 262.422 259.859 259.859 256.974 256.974 252.475 252.475 248.395 252.475 248.395 246.919 248.392 246.917 246.917 246.918 246.918 246.918 246.919 246.919 249.804 250.999 255.079 255.079 255.079 256.974 256.974 256.974 256.974 0 0 0 0 0 0 0 0 0 0 0 0 0 0 0 0 0 0 0 0 0 0 0 0 0 0 0 0 0 0 0 0 0 0 0 0 0 0 0 0
272.018 272.018 272.018 272.018 272.018 272.018 274.268 274.268 274.268 274.268 274.268 274.268 271.077 268.192 265.307 262.422 262.422 262.422 262.422 262.422 262.422 259.859 256.974 256.974 256.974 252.475 252.475 248.395 252.475 248.394 246.917 246.916 246.916 246.918 246.918 246.918 246.919 249.804 250.999 255.079 255.079 255.079 256.974 256.974 256.974 256.974 256.974 256.974 0 0 0 0 0 0 0 0 0 0 0 0 0 0 290.699 290.699 0 0 0 0 0 0 0 0 0 0 0 0 0 0 0 0 0 0 0 0 0 0 0
272.018 272.018 272.018 272.018 272.018 272.018 272.018 274.268 274.268 274.268 274.268 274.268 271.077 268.192 265.307 262.422 262.422 262.422 262.422 262.422 262.422 259.859 256.974 256.974 256.974 256.974 252.475 252.475 248.395 252.475 249.802 248.394 249.802 249.802 249.802 249.803 249.804 250.999 255.079 255.079 255.079 256.974 256.974 256.974 0 0 0 0 0 0 0 0 0 0 0 0 0 0 0 0 0 290.699 290.699 290.699 290.699 290.699 290.699 290.699 290.699 0 0 0 0 0 0 0 0 0 0 0 0 0 0 0 0 0 0
272.018 272.018 272.018 272.018 272.018 272.018 272.018 272.018 274.268 274.268 274.268 274.268 271.077 268.192 265.307 262.422 262.422 262.422 262.422 262.422 259.859 259.859 259.859 256.974 256.974 256.974 256.974 252.475 252.474 248.392 248.392 248.392 252.685 252.474 252.474 252.688 252.689 255.079 256.974 256.974 256.974 256.974 256.974 256.974 0 0 0 0 0 0 0 0 0 0 0 0 0 0 0 0 0 290.699 290.699 290.699 290.699 290.699 290.699 290.699 290.699 290.699 0 0 0 0 0 0 0 0 0 0 0 0 0 0 0 0 0
272.018 272.018 272.018 272.018 272.018 272.018 272.018 272.018 274.268 274.268 274.268 274.268 271.077 268.192 265.307 262.422 262.422 262.422 262.422 259.859 259.859 259.859 259.859 256.974 256.974 256.974 256.974 256.974 252.474 252.472 252.47 252.471 252.472 252.687 256.974 256.974 256.974 256.974 256.974 256.974 256.974 256.974 256.974 256.974 0 0 0 0 0 0 0 0 0 0 0 0 0 0 0 0 288.709 290.699 290.699 290.699 290.699 290.699 290.699 290.699 290.699 290.699 290.699 0 0 0 0 0 0 0 0 0 0 0 0 0 0 0 0
272.018 272.018 272.018 272.018 272.018 272.018 272.018 272.018 272.018 274.268 274.268 274.268 271.077 268.192 265.307 262.422 262.422 262.422 259.859 259.859 259.859 259.859 259.859 256.974 256.974 256.974 256.974 256.974 256.974 256.972 256.97 256.971 256.972 256.974 256.974 256.974 256.974 256.974 256.974 256.974 256.974 256.974 256.974 256.974 0 0 0 0 0 0 0 0 0 0 0 0 0 0 0 0 288.709 290.699 290.699 290.699 290.699 290.699 297.746 297.746 297.746 297.746 297.746 297.746 0 0 0 0 0 0 0 0 0 0 0 0 0 0 0
272.018 272.018 272.018 272.018 272.018 272.018 272.018 272.018 272.018 272.018 274.268 274.268 271.077 268.192 265.307 262.422 262.422 259.859 259.859 259.859 259.859 259.859 259.859 256.974 256.974 256.974 256.974 256.974 256.974 256.974 256.973 256.973 256.974 256.974 256.974 256.974 256.974 256.974 256.974 256.974 256.974 256.974 256.974 0 0 0 0 0 0 0 0 0 0 0 0 0 0 0 0 0 288.709 290.699 290.699 290.699 290.699 297.746 297.746 297.746 297.746 297.746 297.746 297.746 297.746 0 0 0 0 0 0 0 0 0 0 0 0 0 0
272.018 272.018 272.018 272.018 272.018 272.018 272.018 272.018 272.018 272.018 274.268 274.268 271.077 268.192 265.307 262.422 262.422 259.859 259.859 259.859 259.859 259.859 256.974 256.974 256.974 256.974 256.974 256.974 256.974 256.974 256.974 256.974 256.974 256.974 256.974 256.974 256.974 256.974 256.974 256.974 256.974 256.974 0 0 0 0 0 0 0 0 0 0 0 0 0 0 0 0 0 0 288.709 290.699 290.699 290.699 297.746 297.746 297.746 297.746 297.746 297.746 297.746 297.746 297.746 297.746 0 0 0 0 0 0 0 0 0 0 0 0 0
272.018 272.018 272.018 272.018 272.018 272.018 272.018 272.018 272.018 272.018 272.018 274.268 271.077 268.192 265.307 262.422 262.422 262.422 259.859 259.859 259.859 259.859 256.974 256.974 256.974 256.974 256.974 256.974 256.974 256.974 256.974 256.974 256.974 256.974 256.974 256.974 256.974 256.974 256.974 256.974 256.974 0 0 0 0 0 0 0 0 0 0 0 0 0 0 0 0 0 0 285.824 288.709 290.699 290.699 297.746 297.746 297.746 297.746 297.746 297.746 297.746 297.746 297.746 297.746 297.746 297.746 297.746 297.746 0 0 0 0 0 0 0 0 0 0
272.018 272.018 272.018 272.018 272.018 272.018 272.018 272.018 272.018 272.018 272.018 274.268 271.077 268.192 265.307 262.422 262.422 262.422 262.422 259.859 259.859 259.859 256.974 256.974 256.974 256.974 256.974 256.974 256.974 256.974 256.974 256.974 256.974 256.974 256.974 256.974 256.974 256.974 0 0 0 0 0 0 0 0 0 0 0 0 0 0 0 0 0 0 0 0 284.134 287.019 289.904 290.699 290.699 297.746 297.746 297.746 297.746 297.746 297.746 297.746 297.746 297.746 297.746 297.746 297.746 297.746 297.746 297.746 297.746 297.746 297.746 0 297.746 0 0 0 0
272.018 272.018 272.018 272.018 272.018 272.018 272.018 272.018 272.018 272.018 272.018 274.268 271.077 268.192 265.307 262.422 262.422 262.422 262.422 259.859 259.859 259.859 256.974 256.974 0 0 0 0 0 0 0 256.974 256.974 256.974 256.974 256.974 0 0 0 0 0 0 0 0 0 0 0 0 0 0 0 0 0 0 0 0 0 282.444 285.329 288.214 290.699 290.699 290.699 297.746 297.746 297.746 297.746 297.746 297.746 297.746 297.746 297.746 297.746 297.746 297.746 297.746 297.746 297.746 297.746 297.746 297.746 297.746 297.746 297.746 0 0 0
272.018 272.018 272.018 272.018 272.018 272.018 272.018 272.018 272.018 272.018 272.018 274.268 271.077 268.192 265.307 262.422 262.422 262.422 262.422 262.422 259.859 259.859 256.974 0 0 0 0 0 0 0 0 0 0 0 0 0 0 0 0 0 0 0 0 0 0 0 0 0 0 0 0 0 0 0 0 0 280.754 283.639 286.524 289.409 290.699 290.699 290.699 297.746 297.746 297.746 297.746 297.746 297.746 297.746 297.746 297.746 297.746 297.746 297.746 297.746 297.746 297.746 297.746 297.746 297.746 0 0 0 0 0 0
272.018 272.018 272.018 272.018 272.018 272.018 272.018 272.018 272.018 272.018 272.018 272.018 271.077 268.192 265.307 262.422 262.422 262.422 262.422 262.422 259.859 259.859 256.974 256.974 256.974 256.974 256.974 256.974 256.974 256.974 256.974 256.974 256.974 256.974 256.974 256.974 256.974 256.974 256.974 0 0 0 0 0 0 0 0 0 0 0 0 0 0 0 0 279.064 281.949 284.834 287.719 290.604 290.699 290.699 290.699 297.746 297.746 297.746 297.746 297.746 297.746 297.746 297.746 297.746 297.746 297.746 297.746 297.746 297.746 297.746 297.746 297.746 0 0 0 0 0 0 0
272.018 272.018 272.018 272.018 272.018 272.018 272.018 272.018 272.018 272.018 272.018 272.018 271.077 268.192 265.307 262.422 262.422 262.422 262.422 262.422 259.859 259.859 256.974 256.974 256.974 256.974 256.974 256.974 256.974 256.974 256.974 256.974 256.974 0 0 0 0 0 0 0 0 0 0 0 0 0 0 0 265.134 268.019 269.214 272.099 273.294 276.179 277.374 280.259 283.144 286.029 288.419 290.699 290.699 290.699 290.699 297.746 297.746 297.746 297.746 297.746 297.746 297.746 297.746 297.746 297.746 297.746 297.746 297.746 297.746 297.746 297.746 297.746 297.746 297.746 297.746 0 0 0 0
272.018 272.018 272.018 272.018 272.018 272.018 272.018 272.018 272.018 272.018 272.018 272.018 271.077 268.192 265.307 262.422 262.422 262.422 262.422 262.422 259.859 259.859 256.974 256.974 256.974 256.974 256.974 256.974 256.974 256.974 256.974 256.974 256.974 256.974 256.974 0 0 0 0 0 0 0 0 0 0 0 0 265.134 268.019 269.214 272.099 273.294 276.179 277.374 280.259 281.454 284.339 287.224 288.419 290.699 290.699 290.699 290.699 297.746 297.746 297.746 297.746 297.746 297.746 297.746 297.746 297.746 297.746 297.746 297.746 297.746 297.746 0 0 0 0 0 0 0 0 0 0
272.018 272.018 272.018 272.018 272.018 272.018 272.018 272.018 272.018 272.018 272.018 272.018 271.077 268.192 265.307 262.422 262.422 262.422 262.422 262.422 259.859 259.859 256.974 256.974 256.974 256.974 256.974 256.974 256.974 256.974 256.974 256.974 256.974 256.974 256.974 0 0 0 0 0 0 0 0 0 0 0 265.134 268.019 269.214 272.099 273.294 276.179 277.374 280.259 281.454 284.339 285.534 288.419 288.419 290.699 290.699 290.699 290.699 290.699 297.746 297.746 297.746 297.746 297.746 297.746 297.746 297.746 297.746 297.746 297.746 297.746 297.746 297.746 0 0 0 0 0 0 0 0 0
272.018 272.018 272.018 272.018 272.018 272.018 272.018 272.018 272.018 272.018 272.018 272.018 271.077 268.192 265.307 262.422 262.422 262.422 262.422 262.422 259.859 259.859 256.974 256.974 256.974 256.974 256.974 256.974 256.974 256.974 256.974 256.974 256.974 256.974 256.974 256.974 256.974 256.974 256.974 256.974 256.974 0 0 0 0 0 265.134 268.019 271.399 273.294 276.179 277.374 280.259 281.454 284.339 285.534 288.419 288.419 288.419 288.419 290.699 290.699 290.699 290.699 290.699 297.746 297.746 297.746 297.746 297.746 297.746 297.746 297.746 297.746 297.746 297.746 297.746 297.746 0 0 0 0 0 0 0 0 0
272.018 272.018 272.018 272.018 272.018 272.018 272.018 272.018 272.018 272.018 272.018 272.018 271.077 268.192 265.307 262.422 262.422 262.422 262.422 262.422 259.859 259.859 256.974 256.974 256.974 256.974 256.974 256.974 256.974 256.974 256.974 256.974 256.974 256.974 256.974 256.974 256.974 256.974 256.974 256.974 0 0 0 0 0 0 265.134 268.019 271.399 274.284 277.169 280.054 281.454 284.339 285.534 288.419 288.419 288.419 288.419 288.419 288.419 290.699 290.699 290.699 290.699 297.746 297.746 297.746 297.746 297.746 297.746 297.746 297.746 297.746 297.746 297.746 297.746 297.746 297.746 297.746 0 0 297.746 297.746 0 0 0
272.018 272.018 272.018 272.018 272.018 272.018 272.018 272.018 272.018 272.018 272.018 272.018 271.077 268.192 265.307 262.422 262.422 262.422 262.422 262.422 259.859 259.859 256.974 256.974 256.974 256.974 256.974 256.974 0 0 0 0 0 0 0 0 0 0 0 0 0 0 0 0 0 262.744 265.629 268.514 271.399 273.57 276.455 279.34 282.225 285.11 285.534 286.8 288.419 288.419 288.419 288.419 288.419 288.419 290.699 290.699 290.699 297.746 297.746 297.746 297.746 297.746 297.746 297.746 297.746 297.746 297.746 297.746 297.746 297.746 297.746 297.746 297.746 297.746 297.746 0 0 0 301.551
272.018 272.018 272.018 272.018 272.018 272.018 272.018 272.018 272.018 272.018 272.018 272.018 271.077 268.192 265.307 262.422 262.422 262.422 262.422 259.859 259.859 259.859 256.974 256.974 256.974 256.974 256.974 256.974 256.974 256.974 256.974 256.974 256.974 256.974 256.974 256.974 256.974 256.974 256.974 0 0 0 0 0 261.054 263.939 265.629 268.514 269.49 272.375 275.26 278.145 281.03 283.915 285.534 286.8 288.419 288.419 288.419 288.419 288.419 288.419 290.699 290.699 290.699 297.746 297.746 297.746 297.746 297.746 297.746 297.746 297.746 297.746 297.746 297.746 297.746 297.746 297.746 297.746 297.746 297.746 297.746 297.746 0 297.746 301.551
