tests/full-run-ref/erosion_2010_78_21_-27.869.asc
ncols 512
nrows 512
xllcorner -3.24582
yllcorner -4.08743
cellsize 5
NODATA_value -99999
[rows 108 to 143 of 512, columns 0 to 81 of 512]
92.3198 86.5498 80.7798 75.0097 69.2397 63.4696 57.6995 51.9295 46.1594 40.3894 34.6193 28.8493 23.0792 17.3091 11.5391 5.76963 5.77 5.77 5.77 5.77 5.77 5.77 5.77 5.77 5.77 5.77 5.77 5.77 5.77 5.76542 5.74589 5.69602 8.02822 11.4002 13.7855 16.1775 17.1247 19.4594 21.7693 24.0919 29.9591 32.3333 38.1894 44.0381 48.8863 54.6697 57.0422 62.8277 68.6164 74.3987 80.1751 85.9486 91.7208 97.4928 97.5057 95.114 92.7218 90.3282 87.9316 85.5288 83.114 80.6945 80.6943 83.1139 85.5289 87.9317 90.3272 87.9292 85.5237 83.1045 80.6807 80.6778 80.6835 83.1076 85.5265 87.9314 90.3289 92.7225 95.1141 97.5048 99.8947 102.284
92.3197 86.5497 80.7797 75.0097 69.2396 63.4695 57.6995 51.9294 46.1593 40.3892 34.6192 28.8491 23.079 17.309 11.5389 5.76955 5.77 5.77 5.77 5.77 5.77 5.77 5.77 5.77 5.77 5.77 5.77 5.77 5.77 5.77 5.77 5.76517 5.74517 5.69845 8.04319 11.4169 11.3139 13.6071 15.9215 21.7908 24.1626 30.0218 35.8739 40.7238 46.5084 48.881 54.6668 60.4559 66.2385 72.0149 77.7884 83.5605 89.3322 94.1265 91.7354 89.344 86.952 84.5584 82.1617 79.7589 77.344 74.9244 74.9242 77.3439 79.7589 82.1619 84.5573 82.1594 79.7538 77.3346 74.9107 74.9077 74.9133 77.3375 79.7565 82.1614 84.559 86.9526 89.3441 91.7345 94.124 96.5131
92.3197 86.5497 80.7796 75.0096 69.2395 63.4694 57.6993 51.9292 46.1591 40.3891 34.619 28.8489 23.0788 17.3087 11.5386 5.76945 5.77 5.77 5.77 5.77 5.77 5.77 5.77 5.77 5.77 5.77 5.77 5.77 5.77 5.77 5.77 5.77 5.77 5.76574 5.74725 5.7089 5.59005 7.8183 13.6308 15.9921 21.8542 27.7096 32.5613 38.3471 40.7196 46.5059 52.2953 58.078 63.8546 69.628 75.4001 81.1716 86.9431 88.3564 85.9653 83.5741 81.1821 78.7886 76.3919 73.989 71.5739 69.1543 69.1541 71.5738 73.989 76.3919 78.7874 76.3895 73.9839 71.5646 69.1407 69.1377 69.1432 71.5674 73.9865 76.3914 78.789 81.1826 83.574 85.9641 88.3531 90.7421
92.3196 86.5496 80.7796 75.0095 69.2395 63.4693 57.6992 51.9291 46.159 40.3889 34.6188 28.8487 23.0786 17.3085 11.5384 5.76933 5.77 5.77 5.77 5.77 5.77 5.77 5.77 5.77 5.77 5.77 5.77 5.77 5.77 5.77 5.77 5.77 5.77 5.77 5.77 5.77 5.75692 5.64422 7.88015 13.694 19.5526 24.3989 30.1858 32.5583 38.3449 44.1347 49.9176 55.6942 61.4676 67.2397 73.0111 78.7824 84.5536 82.5862 80.1954 77.8041 75.4122 73.0187 70.622 68.2191 65.8039 63.3842 63.384 65.8038 68.219 70.622 73.0174 70.6195 68.214 65.7946 63.3707 63.3676 63.3731 65.7974 68.2165 70.6215 73.019 75.4125 77.8037 80.1935 82.5827 84.9725
92.3195 86.5495 80.7795 75.0094 69.2393 63.4692 57.6991 51.9289 46.1588 40.3886 34.6185 28.8484 23.0783 17.3081 11.538 5.76918 5.77 5.77 5.77 5.77 5.77 5.77 5.77 5.77 5.77 5.77 5.77 5.77 5.77 5.77 5.77 5.77 5.77 5.77 5.77 5.77 5.77 5.75924 5.64774 11.4152 16.2364 22.0245 24.397 30.1839 35.974 41.7571 47.5337 53.3072 59.0792 64.8506 70.6218 76.3931 79.2072 76.8164 74.4253 72.0341 69.6422 67.2487 64.852 62.4491 60.0339 57.6141 57.614 60.0338 62.4491 64.852 67.2475 64.8495 62.444 60.0247 57.6007 57.5976 57.6031 60.0273 62.4465 64.8515 67.249 69.6424 72.0334 74.423 76.8129 79.2036
92.3194 86.5494 80.7794 75.0093 69.2392 63.4691 57.6989 51.9287 46.1585 40.3884 34.6182 28.8481 23.0779 17.3078 11.5376 5.76901 5.77 5.77 5.77 5.77 5.77 5.77 5.77 5.77 5.77 5.77 5.77 5.77 5.77 5.77 5.77 5.77 5.77 5.77 5.77 5.77 5.77 5.77 5.75214 8.09386 13.8656 16.2355 22.0229 27.8133 33.5966 39.3732 45.1466 50.9187 56.6901 62.4613 68.2323 74.0036 73.4372 71.0465 68.6557 66.2642 63.8722 61.4787 59.0821 56.6791 54.2639 51.8441 51.8439 54.2638 56.6791 59.082 61.4774 59.0795 56.674 54.2547 51.8307 51.8275 51.833 54.2573 56.6765 59.0815 61.479 63.8722 66.263 68.6526 71.0425 76.8141
92.3192 86.5492 80.7792 75.0092 69.2391 63.4689 57.6987 51.9285 46.1583 40.388 34.6179 28.8477 23.0775 17.3073 11.5371 5.76878 5.77 5.77 5.77 5.77 5.77 5.77 5.77 5.77 5.77 5.77 5.77 5.77 5.77 5.77 5.77 5.77 5.77 5.77 5.77 5.77 5.77 5.77 5.76751 5.74361 8.08832 13.8639 19.6547 25.438 31.2148 36.9883 42.7603 48.5318 54.303 60.074 65.8449 71.6162 71.0475 65.2764 62.8857 60.4945 58.1022 55.7087 53.3121 50.9092 48.4939 46.074 46.0739 48.4937 50.9091 53.312 55.7073 53.3095 50.904 48.4847 46.0607 46.0575 46.0629 48.4872 50.9064 53.3114 55.7089 58.102 60.4925 62.8827 65.273 71.0437
92.3191 86.5491 80.7791 75.009 69.2389 63.4687 57.6984 51.9282 46.1579 40.3877 34.6175 28.8472 23.077 17.3068 11.5366 5.76851 5.77 5.77 5.77 5.77 5.77 5.77 5.77 5.77 5.77 5.77 5.77 5.77 5.77 5.77 5.77 5.77 5.77 5.77 5.77 5.77 5.77 5.77 5.77 5.76731 5.73522 11.4989 17.2818 23.0584 28.8322 34.6042 40.3754 46.1466 51.9176 57.6886 63.4594 69.2306 68.6576 62.8869 57.1155 54.7245 52.3326 49.9387 47.5421 45.1392 42.7238 40.304 40.3038 42.7237 45.139 47.542 49.9374 47.5395 45.134 42.7147 40.2907 40.2875 40.2929 42.7172 45.1364 47.5414 49.9387 52.3315 54.7223 57.1126 62.8841 68.654
92.3189 86.5489 80.7789 75.0088 69.2387 63.4685 57.6982 51.9279 46.1576 40.3873 34.617 28.8467 23.0765 17.3062 11.5359 5.76817 5.77 5.77 5.77 5.77 5.77 5.77 5.77 5.77 5.77 5.77 5.77 5.77 5.77 5.77 5.77 5.77 5.77 5.77 5.77 5.77 5.77 5.77 5.77 5.77 5.75902 11.5213 17.2953 23.068 28.8397 32.6294 38.4002 44.1713 49.9422 55.7131 61.4838 67.2549 66.2677 60.4971 54.7264 48.9543 46.5626 44.169 41.7723 39.3691 36.9538 34.5339 34.5337 36.9536 39.369 41.772 44.1679 41.7697 39.364 36.9447 34.5206 34.5174 34.5228 36.9472 39.3665 41.7713 44.1684 46.5611 48.9516 54.7238 57.1117 62.8801
92.3187 86.5487 80.7787 75.0086 69.2385 63.4682 57.6979 51.9275 46.1572 40.3868 34.6165 28.8461 23.0758 17.3055 11.5352 5.76775 5.77 5.77 5.77 5.77 5.77 5.77 5.77 5.77 5.77 5.77 5.77 5.77 5.77 5.77 5.77 5.77 5.77 5.77 5.77 5.77 5.77 5.77 5.77 5.77 5.76527 11.5299 16.3104 22.0803 24.4684 30.2393 36.0105 41.7815 47.5524 53.3232 59.0939 64.8649 63.8777 58.1072 52.3368 46.5657 40.7924 38.3991 36.0023 33.5992 31.1838 28.7639 28.7637 31.1836 33.599 36.0022 38.3983 36.0001 33.5942 31.1747 28.7506 28.7474 28.7528 31.1772 33.5964 36.001 38.3981 40.7902 46.5628 48.9504 54.7201 60.4885
92.3184 86.5484 80.7784 75.0083 69.2382 63.4679 57.6975 51.9271 46.1567 40.3863 34.6158 28.8455 23.0751 17.3047 11.5343 5.76724 5.77 5.77 5.77 5.77 5.77 5.77 5.77 5.77 5.77 5.77 5.77 5.77 5.77 5.77 5.77 5.77 5.77 5.77 5.77 5.77 5.77 5.77 5.77 5.77 5.76804 8.15098 13.9187 16.3063 22.0779 27.8495 33.6207 39.3917 45.1626 50.9333 56.704 62.475 61.4878 55.7173 49.947 44.1764 38.4046 32.6288 30.2323 27.8291 25.4137 22.9938 22.9936 25.4135 27.8289 30.2328 32.6301 30.231 27.8249 25.4056 22.9814 22.9775 22.9829 25.4072 27.8261 30.2311 32.6271 38.4017 40.789 46.5593 52.3286 58.098
92.3181 86.5481 80.7781 75.008 69.2378 63.4675 57.6971 51.9267 46.1561 40.3856 34.6152 28.8447 23.0742 17.3038 11.5334 5.76664 5.77 5.77 5.77 5.77 5.77 5.77 5.77 5.77 5.77 5.77 5.77 5.77 5.77 5.77 5.77 5.77 5.77 5.77 5.77 5.77 5.77 5.77 5.77 5.77 5.76951 5.76581 8.14562 13.9158 19.688 25.4596 31.2309 37.0019 42.7727 48.5435 54.3141 60.085 59.0978 53.3273 47.557 41.7867 36.0159 30.2428 24.462 22.0592 19.6435 17.2237 17.2235 19.6433 22.0595 24.4634 30.2458 24.4617 22.0554 19.6354 17.2113 17.2075 17.2128 19.6368 22.0564 24.4603 30.2401 32.6279 38.3987 44.1686 49.9382 55.7085
92.3177 86.5477 80.7777 75.0076 69.2375 63.4671 57.6967 51.9261 46.1555 40.385 34.6144 28.8438 23.0733 17.3028 11.5322 5.76592 5.77 5.77 5.77 5.77 5.77 5.77 5.77 5.77 5.77 5.77 5.77 5.77 5.77 5.77 5.77 5.77 5.77 5.77 5.77 5.77 5.77 5.77 5.77 5.77 5.77 5.76944 5.76251 11.5267 17.2987 23.0702 28.8416 34.6125 40.3831 46.1538 51.9245 57.6953 56.7078 50.9374 45.1671 39.3969 33.6265 27.8552 22.0793 16.2919 13.8892 11.4902 11.4903 13.8893 16.2927 22.0813 24.4784 22.0804 16.2858 13.8661 11.4407 11.4375 11.4421 13.8675 16.2858 22.0772 24.4667 30.2381 36.0084 41.7783 47.5485 53.3186
92.3173 86.5473 80.7773 75.0072 69.237 63.4666 57.6961 51.9255 46.1549 40.3842 34.6135 28.8429 23.0722 17.3016 11.531 5.7651 5.77 5.77 5.77 5.77 5.77 5.77 5.77 5.77 5.77 5.77 5.77 5.77 5.77 5.77 5.77 5.77 5.77 5.77 5.77 5.77 5.77 5.77 5.77 5.77 5.77 5.77 5.76597 11.5309 17.3022 23.0734 28.8443 32.6345 38.405 44.1757 49.9463 55.717 54.3185 48.5481 42.7779 37.0076 31.2373 25.4668 19.6944 13.9161 11.5286 11.538 11.538 11.5288 13.9195 16.3159 22.0891 16.3149 13.9124 8.10701 5.71205 5.71926 5.71199 8.10788 13.9107 16.305 22.0774 27.8481 33.6181 39.3882 45.1583 50.9284
92.3168 86.5468 80.7768 75.0067 69.2365 63.4661 57.6955 51.9249 46.1541 40.3833 34.6125 28.8418 23.071 17.3003 11.5296 5.76414 5.77 5.77 5.77 5.77 5.77 5.77 5.77 5.77 5.77 5.77 5.77 5.77 5.77 5.77 5.77 5.77 5.77 5.77 5.77 5.77 5.77 5.77 5.77 5.77 5.77 5.77 5.76742 11.5341 16.3144 22.0845 24.4737 30.2444 36.0151 41.7858 47.5563 53.327 51.9288 46.1584 40.3881 34.6178 28.8475 23.077 17.3062 11.5332 11.5391 11.54 11.54 11.5394 11.5369 13.9285 16.3198 13.9273 8.15135 5.75444 5.76772 5.77 5.7677 5.75379 8.14434 13.916 19.6871 25.4572 31.2273 36.9974 42.7677 48.5385
92.3163 86.5463 80.7763 75.0061 69.2359 63.4655 57.6949 51.9241 46.1533 40.3824 34.6115 28.8406 23.0697 17.2989 11.5279 5.76305 5.77 5.77 5.77 5.77 5.77 5.77 5.77 5.77 5.77 5.77 5.77 5.77 5.77 5.77 5.77 5.77 5.77 5.77 5.77 5.77 5.77 5.77 5.77 5.77 5.77 5.77 5.76877 8.1545 13.9235 16.3124 22.0835 27.8544 33.6252 39.3958 45.1663 50.9369 54.319 48.5486 42.7785 37.0082 31.238 25.4676 19.6971 13.9269 11.539 11.5399 11.54 11.54 11.5399 11.5396 13.9299 8.1587 5.76753 5.76964 5.77 5.77 5.77 5.76935 5.76074 11.5263 17.2965 23.0664 28.8368 34.6073 40.3782 46.1491
92.3156 86.5456 80.7756 75.0055 69.2353 63.4648 57.6941 51.9233 46.1523 40.3813 34.6103 28.8393 23.0683 17.2973 11.5262 5.76183 5.77 5.77 5.77 5.77 5.77 5.77 5.77 5.77 5.77 5.77 5.77 5.77 5.77 5.77 5.77 5.77 5.77 5.77 5.77 5.77 5.77 5.77 5.77 5.77 5.77 5.77 5.76967 5.76756 8.1518 13.9221 19.6935 25.4645 31.2352 37.0058 42.7763 48.5468 54.3172 50.9383 45.1682 39.398 33.6277 27.8572 22.0864 16.316 13.9278 11.5391 11.5396 11.5398 11.5397 13.93 11.539 5.7691 5.76992 5.77 5.77 5.77 5.77 5.77 5.76583 11.5303 16.3078 22.0772 27.8478 33.6188 39.3895 45.1605
92.3149 86.5449 80.7749 75.0048 69.2345 63.464 57.6932 51.9223 46.1513 40.3801 34.609 28.8378 23.0666 17.2955 11.5242 5.76045 5.77 5.77 5.77 5.77 5.77 5.77 5.77 5.77 5.77 5.77 5.77 5.77 5.77 5.77 5.77 5.77 5.77 5.77 5.77 5.77 5.77 5.77 5.77 5.77 5.77 5.77 5.77 5.76963 5.7657 11.5324 17.3036 23.0745 28.8453 34.6159 40.3864 46.1568 51.9272 53.3285 47.5582 41.7879 36.0174 30.2468 24.4762 22.0867 16.3167 13.9276 14.3191 14.3194 14.3197 16.3199 13.9299 8.15941 6.15991 5.77 5.77 5.77 5.77 5.77 5.76818 8.15009 13.9174 19.6881 25.4591 31.2298 37.0007 42.7716
92.3141 86.5441 80.7741 75.0039 69.2337 63.4631 57.6923 51.9213 46.1501 40.3788 34.6075 28.8362 23.0649 17.2936 11.522 5.75892 5.77 5.77 5.77 5.77 5.77 5.77 5.77 5.77 5.77 5.77 5.77 5.77 5.77 5.77 5.76963 5.76938 5.76929 5.76953 5.7698 5.77 5.77 5.77 5.77 5.77 5.77 5.77 5.77 5.77 5.76738 11.5341 17.3049 23.0756 28.8462 34.6167 40.387 46.1573 51.9277 55.7185 49.9481 44.1777 38.4072 32.6367 30.247 24.4767 22.087 22.4783 20.089 20.0894 20.4797 22.0896 16.3199 11.5399 5.76984 5.77 5.77 5.77 5.77 5.77 5.76967 5.76399 11.5289 17.2999 23.0704 28.8413 34.6122 40.3829
92.3133 86.5433 80.7733 75.003 69.2328 63.4621 57.6912 51.9201 46.1488 40.3774 34.6059 28.8344 23.0629 17.2914 11.5196 5.75723 5.77 5.77 5.77 5.77 5.77 5.77 5.76045 5.75889 5.76338 5.76749 5.76784 5.76815 5.76628 5.76511 5.76409 6.15012 6.1508 6.1532 5.76715 5.76859 5.77 5.77 5.77 5.77 5.77 5.77 5.77 5.77 5.76787 11.5348 17.3054 23.076 28.8465 34.6168 40.3871 46.1574 51.9276 57.6981 52.338 46.5675 40.7972 38.4072 32.637 30.2472 28.6381 28.2486 26.2493 25.8596 22.0892 16.3191 13.9293 11.5397 5.76996 5.77 5.77 5.77 5.77 5.77 5.77 5.76713 11.5338 16.3125 22.083 27.8538 33.6245 39.3949
92.3123 86.5423 80.7723 75.002 69.2317 63.461 57.6901 51.9189 46.1474 40.3759 34.6042 28.8325 23.0608 17.2891 11.5169 5.75533 5.77 5.77 5.77 5.77 5.77 5.75997 5.7494 8.14908 6.15245 6.16001 6.16001 6.16001 6.15756 8.15837 8.15784 11.5362 11.5373 11.538 8.15869 5.76902 5.77 5.77 5.77 5.77 5.77 5.77 5.77 5.77 5.76801 11.535 17.3056 23.0761 28.8464 34.6167 40.387 46.1572 51.9274 57.698 54.7281 48.9575 46.5674 40.7973 38.4074 36.0176 34.4085 34.0189 31.2386 25.4684 19.698 13.9281 8.15835 5.7695 5.76999 5.77 5.77 5.77 5.77 5.77 5.77 5.76891 8.15439 13.9234 19.6941 25.4648 31.2353 37.0056
92.3112 86.5412 80.7712 75.001 69.2306 63.4598 57.6888 51.9175 46.1459 40.3742 34.6023 28.8304 23.0585 17.2865 11.5141 5.75294 5.77 5.77 5.77 5.77 5.76006 5.73922 8.14428 8.15286 5.76385 5.76874 5.76871 5.76886 5.76766 5.76662 5.76558 5.76463 5.76523 5.76716 5.76884 5.76964 5.77 5.77 5.77 5.77 5.77 5.77 5.77 5.76983 5.76779 11.5351 17.3057 23.0762 28.8464 34.6166 40.3868 46.157 51.9274 57.6978 57.1181 54.7277 48.9577 46.5676 44.1777 41.7879 40.1786 34.6181 28.8477 23.0772 17.3069 11.5367 5.76841 5.76994 5.77 5.77 5.77 5.77 5.77 5.77 5.77 5.76981 5.76679 11.5346 17.3052 23.0757 28.846 34.6164
92.31 86.54 80.77 74.9998 69.2294 63.4585 57.6874 51.9159 46.1442 40.3723 34.6003 28.8282 23.056 17.2838 11.5109 5.74958 5.77 5.77 5.77 5.77 5.75915 8.14329 11.5301 5.75727 5.76583 5.77 5.77 5.77 5.77 5.77 5.77 5.77 5.77 5.77 5.77 5.77 5.77 5.77 5.77 5.77 5.77 5.77 5.77 5.7698 8.15759 13.9267 19.6966 24.477 30.2467 36.0162 41.7859 47.5561 53.3261 60.0875 62.8883 57.118 54.7278 52.3378 49.948 46.1579 40.3876 34.6171 28.8468 23.0765 17.3063 11.536 5.7684 5.77 5.77 5.77 5.77 5.77 5.77 5.77 5.77 5.77 5.76836 11.5368 17.3071 23.0774 28.8476 34.6178
92.3087 86.5387 80.7687 74.9984 69.228 63.4571 57.6858 51.9142 46.1424 40.3702 34.598 28.8256 23.0532 17.2807 11.5074 5.74482 5.77 5.77 5.77 5.77 5.7643 5.75972 8.15066 5.75673 5.77 5.77 5.77 5.77 5.77 5.77 5.77 5.77 5.77 5.77 5.77 5.77 5.77 5.77 5.77 5.77 5.77 5.77 5.77 5.76983 5.76821 11.5362 16.3161 22.086 27.8556 33.6259 39.3961 45.1663 50.936 61.4859 65.2785 62.8879 60.4978 57.6974 51.9272 46.1569 40.3865 34.6165 28.8462 23.076 17.3058 11.5355 5.7679 5.76991 5.77 5.77 5.77 5.77 5.77 5.77 5.77 5.77 5.76897 11.5379 17.308 23.0782 28.8484 34.6185
92.3071 86.5371 80.7671 74.9967 69.2263 63.4553 57.6839 51.9122 46.1401 40.3678 34.5953 28.8227 23.0501 17.2773 11.5034 5.73883 5.77 5.77 5.77 5.77 5.77 5.76688 5.7667 5.76299 5.77 5.77 5.77 5.77 5.77 5.77 5.77 5.77 5.77 5.77 5.77 5.77 5.77 5.77 5.77 5.77 5.77 5.77 5.77 5.77 5.76922 8.15549 13.9246 19.6945 25.4651 31.2354 37.0058 42.7761 48.5451 63.8749 70.6374 68.6582 65.8574 60.087 54.3167 48.5464 42.7764 37.0063 31.2361 25.4659 19.6957 13.9262 8.15758 5.76984 5.77 5.77 5.77 5.77 5.77 5.77 5.77 5.77 5.76931 11.5385 17.3086 23.0787 28.8488 34.6189
92.3041 86.5341 80.7641 74.9937 69.2233 63.4522 57.6807 51.9088 46.1365 40.364 34.5913 28.8184 23.0454 17.2723 11.4975 5.73174 5.77 5.77 5.77 5.77 5.77 5.77 5.77 5.77 5.77 5.77 5.77 5.77 5.77 5.77 5.77 5.77 5.77 5.77 5.77 5.77 5.77 5.77 5.77 5.77 5.77 5.77 5.77 5.77 5.76982 5.76682 11.5329 17.3038 23.0745 28.845 34.6155 40.386 46.1541 76.7963 75.0077 69.2373 63.4668 57.6962 51.9258 46.1553 40.385 34.6147 28.8444 23.0741 17.3037 11.5334 5.76697 5.76991 5.77 5.77 5.77 5.77 5.77 5.77 5.77 5.77 5.76952 11.5389 17.309 23.079 28.8491 34.6192
92.3005 86.5305 80.7605 74.9901 69.2195 63.4483 57.6767 51.9047 46.1322 40.3594 34.5864 28.8132 23.04 17.2664 11.4905 5.7113 5.77 5.77 5.77 5.77 5.77 5.77 5.77 5.77 5.77 5.77 5.77 5.77 5.77 5.77 5.77 5.77 5.77 5.77 5.77 5.77 5.77 5.77 5.77 5.77 5.77 5.77 5.77 5.77 5.77 5.7671 11.5326 17.3034 23.0741 28.8449 34.6154 40.3859 46.1534 80.7755 75.0069 69.2364 63.466 57.6955 51.9251 46.1549 40.3844 34.6142 28.8439 23.0735 17.3032 11.5328 5.76662 5.76986 5.77 5.77 5.77 5.77 5.77 5.77 5.77 5.77 5.76966 11.5392 17.3092 23.0793 28.8493 34.6194
92.2969 86.5269 80.7569 74.9865 69.2159 63.4446 57.6729 51.9006 46.1279 40.3549 34.5816 28.8081 23.0345 17.2604 11.483 5.6925 5.77 5.77 5.77 5.77 5.77 5.77 5.77 5.77 5.77 5.77 5.77 5.77 5.77 5.77 5.77 5.77 5.77 5.77 5.77 5.77 5.77 5.77 5.77 5.77 5.77 5.77 5.77 5.77 5.76967 5.76508 11.5304 17.3018 23.0727 28.8434 34.6142 40.3847 46.152 83.1654 77.3967 71.6263 65.856 60.0856 54.3153 48.5448 42.775 37.0047 31.2344 25.4641 19.6938 13.9242 8.15638 5.76976 5.77 5.77 5.77 5.77 5.77 5.77 5.77 5.77 5.76976 11.5394 17.3095 23.0795 28.8495 34.6195
92.2938 86.5238 80.7538 74.9833 69.2127 63.4413 57.6693 51.8969 46.1239 40.3506 34.577 28.8032 23.0292 17.2545 11.4755 5.68362 5.77 5.77 5.77 5.77 5.77 5.77 5.77 5.77 5.77 5.77 5.77 5.77 5.77 5.77 5.77 5.77 5.77 5.77 5.77 5.77 5.77 5.77 5.77 5.77 5.77 5.77 5.77 5.76976 5.7673 8.15067 13.9192 19.6906 25.4618 31.2325 37.0031 42.7736 48.5409 80.7754 75.0065 69.2358 63.4652 57.6947 51.9242 46.1537 40.3831 34.6129 28.8425 23.0722 17.3018 11.5315 5.76555 5.76968 5.77 5.77 5.77 5.77 5.77 5.77 5.77 5.77 5.76985 11.5396 16.3195 22.0895 27.8596 32.6396
92.291 86.521 80.751 74.9805 69.2098 63.4383 57.6662 51.8935 46.1203 40.3467 34.5727 28.7986 23.0242 17.2488 11.4684 5.68485 5.77 5.77 5.77 5.77 5.77 5.77 5.77 5.77 5.77 5.77 5.77 5.77 5.77 5.77 5.77 5.77 5.77 5.77 5.77 5.77 5.77 5.77 5.77 5.77 5.77 5.77 5.77 5.76887 8.15399 13.9225 16.3077 22.079 27.8499 33.6207 39.3913 45.1619 50.9289 83.1649 77.3962 71.6257 65.8553 60.0849 54.3145 48.5443 42.7742 37.004 31.2338 25.4635 19.6933 13.9235 8.15553 5.76934 5.77 5.77 5.77 5.77 5.77 5.77 5.77 5.77 5.76994 8.15965 13.9296 19.6996 24.4795 30.2496
92.2886 86.5186 80.7486 74.9781 69.2074 63.4357 57.6634 51.8905 46.117 40.343 34.5687 28.7942 23.0193 17.2432 11.4615 5.68542 5.77 5.77 5.77 5.77 5.77 5.77 5.77 5.77 5.77 5.77 5.77 5.77 5.77 5.77 5.77 5.77 5.77 5.77 5.77 5.77 5.77 5.77 5.77 5.77 5.77 5.77 5.77 5.76739 11.533 16.3115 22.08 24.4691 30.2397 36.0104 41.7812 47.5518 53.3191 83.1648 77.3957 71.6251 65.8546 60.0841 54.3137 48.543 42.7732 37.0029 31.2326 25.4622 19.6919 13.9225 8.15486 5.76932 5.77 5.77 5.77 5.77 5.77 5.77 5.77 5.77 5.76999 5.7698 11.5396 16.3195 22.0895 27.8596
92.2858 86.5158 80.7458 74.9752 69.2044 63.4327 57.6602 51.887 46.1132 40.3389 34.5642 28.7892 23.0138 17.237 11.4542 5.68393 5.77 5.77 5.77 5.77 5.77 5.77 5.77 5.77 5.77 5.77 5.77 5.77 5.77 5.77 5.77 5.77 5.77 5.77 5.77 5.77 5.77 5.77 5.77 5.77 5.77 5.77 5.77 5.76585 11.5294 17.3003 23.0716 28.8426 32.63 38.4004 44.1712 49.9417 55.7091 80.7744 75.0052 69.2344 63.4637 57.693 51.9224 46.1518 40.381 34.6107 28.8402 23.0696 17.2991 11.5287 5.76404 5.76957 5.77 5.77 5.77 5.77 5.77 5.77 5.77 5.77 5.77 5.76993 8.15964 13.9295 19.6995 25.4696
92.283 86.513 80.743 74.9723 69.2015 63.4296 57.6569 51.8834 46.1093 40.3346 34.5595 28.7841 23.0082 17.2307 11.4469 5.68185 5.77 5.77 5.77 5.77 5.77 5.77 5.77 5.77 5.77 5.77 5.77 5.77 5.77 5.77 5.77 5.77 5.77 5.77 5.77 5.77 5.77 5.77 5.77 5.77 5.77 5.77 5.76956 5.76295 11.5248 17.2965 23.0678 28.8392 34.6102 40.3807 46.1514 51.922 57.6898 83.1646 77.3952 71.6245 65.854 60.0834 54.3128 48.5421 42.7722 37.0017 31.2312 25.4608 19.6904 13.9208 8.15423 5.76962 5.77 5.77 5.77 5.77 5.77 5.77 5.77 5.77 5.77 5.76999 5.76977 11.5395 17.3095 23.0796
91.7073 86.5103 80.7403 74.9696 69.1987 63.4266 57.6537 51.88 46.1056 40.3305 34.555 28.7791 23.0027 17.2245 11.4399 5.67941 5.77 5.77 5.77 5.77 5.77 5.77 5.77 5.77 5.77 5.77 5.77 5.77 5.77 5.77 5.77 5.77 5.77 5.77 5.77 5.77 5.77 5.77 5.77 5.77 5.77 5.77 5.76775 8.14741 13.9135 19.6851 25.4565 31.2278 36.9986 42.7693 48.5401 54.3107 60.0785 80.7746 75.0047 69.2337 63.4628 57.692 51.9212 46.1505 40.3797 34.6094 28.8388 23.0683 17.2977 11.5272 5.76324 5.76951 5.77 5.77 5.77 5.77 5.77 5.77 5.77 5.77 5.77 5.77 5.76985 11.5396 16.3183 22.0882
85.9373 83.5473 80.7377 74.9671 69.1961 63.4239 57.6508 51.8768 46.1021 40.3266 34.5507 28.7744 22.9975 17.2187 11.4333 5.67683 5.77 5.77 5.77 5.77 5.77 5.77 5.77 5.77 5.77 5.77 5.77 5.77 5.77 5.77 5.77 5.77 5.77 5.77 5.77 5.77 5.77 5.77 5.77 5.77 5.77 5.76954 5.76338 11.526 16.3015 22.0731 27.8445 33.6156 39.3867 45.1572 50.9279 56.6983 62.4659 83.1641 77.3942 71.6235 65.8529 60.0823 54.3118 48.5416 42.7716 37.0013 31.2309 25.4605 19.69 13.9204 8.15337 5.76902 5.77 5.77 5.77 5.77 5.77 5.77 5.77 5.77 5.77 5.77 5.76993 8.15958 13.9281 19.6979
80.1673 77.7773 75.3873 72.9966 69.1938 63.4218 57.6485 51.8743 46.0991 40.3233 34.547 28.7702 22.9928 17.2135 11.4273 5.67452 5.77 5.77 5.77 5.77 5.77 5.77 5.77 5.77 5.77 5.77 5.77 5.77 5.77 5.77 5.77 5.77 5.77 5.77 5.77 5.77 5.77 5.77 5.77 5.77 5.77 5.76779 8.14743 13.9137 19.685 24.4632 30.2344 36.0056 41.7767 47.5473 53.3177 59.0882 64.8565 83.164 77.3938 71.6231 65.8524 60.0818 54.3111 48.5403 42.7702 36.9997 31.2292 25.4586 19.6881 13.919 8.15241 5.769 5.77 5.77 5.77 5.77 5.77 5.77 5.77 5.77 5.77 5.77 5.76998 5.76966 11.5378 17.3078
