tests/full-run-ref/erosion_78_24_-72.835.asc
ncols 512
nrows 512
xllcorner -3.24582
yllcorner -4.08743
cellsize 5
NODATA_value -99999
[rows 0 to 28 of 512, columns 0 to 66 of 512]
349.833 349.805 349.778 349.748 349.716 349.684 349.648 349.606 349.557 349.502 349.441 349.371 349.291 349.202 349.105 349.003 348.892 348.773 348.65 348.527 348.402 348.275 348.148 348.024 347.903 347.784 347.669 347.56 347.457 347.357 347.266 347.186 347.117 347.058 347.011 346.979 346.965 346.966 346.978 347 347.032 347.076 347.125 347.173 347.217 347.261 347.306 347.351 347.392 347.43 347.475 347.536 347.614 347.703 347.81 347.945 348.112 348.307 348.522 348.75 348.997 349.266 349.537 349.79 350.026 350.255 350.462
350.061 351.043 351.025 351.004 350.979 350.954 350.923 350.886 350.84 350.788 350.728 350.659 350.58 350.492 350.396 350.294 350.186 350.069 349.949 349.828 349.706 349.582 349.458 349.336 349.216 349.097 348.98 348.868 348.759 348.652 348.552 348.462 348.383 348.311 348.252 348.208 348.181 348.17 348.171 348.181 348.203 348.238 348.279 348.319 348.357 348.396 348.436 348.478 348.517 348.554 348.599 348.661 348.74 348.831 348.941 349.077 349.245 349.441 349.657 349.883 350.127 350.393 350.66 350.908 351.139 351.362 351.564
350.279 351.271 351.262 351.249 351.232 351.212 351.187 351.154 351.111 351.061 351.003 350.935 350.857 350.769 350.674 350.573 350.466 350.352 350.234 350.116 349.998 349.878 349.757 349.637 349.519 349.4 349.283 349.168 349.055 348.942 348.834 348.736 348.647 348.564 348.493 348.437 348.398 348.375 348.364 348.364 348.376 348.401 348.434 348.467 348.498 348.532 348.568 348.607 348.644 348.68 348.725 348.787 348.867 348.959 349.071 349.208 349.377 349.573 349.787 350.011 350.252 350.512 350.773 351.016 351.24 351.457 351.652
350.49 351.49 351.49 351.484 351.473 351.459 351.439 351.409 351.369 351.32 351.262 351.195 351.117 351.029 350.933 350.832 350.727 350.614 350.498 350.382 350.267 350.15 350.033 349.915 349.798 349.679 349.562 349.444 349.327 349.209 349.095 348.989 348.892 348.799 348.718 348.651 348.6 348.564 348.538 348.52 348.51 348.506 348.497 348.474 348.443 348.434 348.476 348.359 348.192 348.068 348.089 348.418 348.736 348.966 349.159 349.334 349.508 349.703 349.914 350.135 350.37 350.624 350.879 351.114 351.332 351.541 351.729
350.693 351.702 351.709 351.71 351.704 351.695 351.679 351.652 351.613 351.565 351.507 351.439 351.361 351.271 351.175 351.074 350.969 350.857 350.744 350.631 350.52 350.407 350.294 350.18 350.066 349.951 349.835 349.719 349.601 349.48 349.362 349.253 349.149 349.05 348.96 348.884 348.826 348.78 348.745 348.719 348.703 348.695 348.678 348.641 348.565 348.454 348.309 348.312 348.431 348.498 348.272 348.156 348.707 349.048 349.276 349.464 349.64 349.832 350.039 350.255 350.483 350.729 350.975 351.202 351.412 351.613 351.793
350.887 351.904 351.918 351.925 351.925 351.92 351.907 351.882 351.845 351.796 351.738 351.669 351.59 351.499 351.401 351.3 351.195 351.086 350.973 350.863 350.755 350.647 350.54 350.431 350.321 350.21 350.098 349.985 349.867 349.746 349.627 349.514 349.406 349.3 349.204 349.121 349.054 349 348.956 348.923 348.902 348.89 348.875 348.842 348.772 348.65 348.453 348.198 348.126 348.394 348.207 347.907 348.697 349.132 349.393 349.593 349.771 349.959 350.161 350.369 350.59 350.827 351.062 351.28 351.481 351.672 351.845
351.073 352.097 352.118 352.13 352.134 352.133 352.122 352.099 352.062 352.013 351.953 351.883 351.802 351.709 351.609 351.507 351.403 351.294 351.184 351.075 350.971 350.869 350.766 350.662 350.557 350.452 350.344 350.234 350.119 349.999 349.88 349.766 349.654 349.545 349.443 349.354 349.281 349.22 349.169 349.129 349.102 349.086 349.07 349.043 348.984 348.884 348.705 348.392 347.966 347.026 347.239 347.609 348.674 349.21 349.503 349.718 349.901 350.085 350.28 350.48 350.692 350.917 351.142 351.35 351.54 351.722 351.885
351.252 352.282 352.308 352.325 352.332 352.333 352.324 352.302 352.264 352.214 352.152 352.08 351.997 351.901 351.798 351.695 351.59 351.481 351.372 351.265 351.164 351.066 350.967 350.869 350.768 350.668 350.566 350.462 350.349 350.232 350.115 350.001 349.89 349.779 349.673 349.582 349.504 349.437 349.381 349.335 349.303 349.283 349.265 349.239 349.191 349.108 348.964 348.684 348.162 346.452 346.295 347.043 348.562 349.268 349.609 349.841 350.031 350.208 350.396 350.587 350.788 351.002 351.215 351.412 351.592 351.763 351.917
351.425 352.459 352.489 352.509 352.518 352.521 352.512 352.49 352.451 352.398 352.333 352.258 352.171 352.072 351.966 351.86 351.754 351.644 351.535 351.43 351.33 351.236 351.143 351.048 350.954 350.86 350.764 350.665 350.558 350.446 350.333 350.223 350.114 350.003 349.898 349.804 349.725 349.656 349.595 349.545 349.509 349.485 349.465 349.44 349.399 349.33 349.211 348.979 348.489 347.131 345.704 346.115 348.414 349.3 349.715 349.966 350.161 350.334 350.512 350.692 350.881 351.082 351.282 351.466 351.634 351.794 351.938
351.591 352.628 352.661 352.683 352.694 352.696 352.687 352.663 352.622 352.566 352.497 352.419 352.328 352.224 352.114 352.005 351.896 351.785 351.675 351.571 351.473 351.382 351.293 351.204 351.115 351.029 350.941 350.847 350.748 350.644 350.536 350.432 350.327 350.219 350.116 350.025 349.945 349.873 349.812 349.76 349.72 349.692 349.67 349.646 349.61 349.554 349.455 349.267 348.851 347.768 345.776 346.03 348.219 349.299 349.82 350.092 350.291 350.458 350.624 350.794 350.97 351.157 351.341 351.512 351.668 351.816 351.949
351.747 352.787 352.822 352.845 352.856 352.858 352.849 352.823 352.779 352.719 352.646 352.564 352.469 352.361 352.247 352.134 352.023 351.91 351.799 351.695 351.6 351.511 351.426 351.342 351.258 351.179 351.099 351.013 350.921 350.824 350.724 350.626 350.526 350.423 350.324 350.235 350.156 350.085 350.023 349.969 349.928 349.897 349.873 349.85 349.818 349.772 349.697 349.553 349.23 348.397 346.346 346.171 347.92 349.296 349.919 350.217 350.416 350.577 350.733 350.89 351.052 351.224 351.394 351.551 351.694 351.83 351.952
351.894 352.935 352.971 352.995 353.005 353.007 352.996 352.968 352.922 352.859 352.783 352.697 352.598 352.486 352.368 352.253 352.14 352.025 351.913 351.809 351.715 351.628 351.546 351.466 351.388 351.314 351.24 351.162 351.077 350.986 350.894 350.802 350.708 350.611 350.516 350.43 350.353 350.283 350.22 350.167 350.124 350.091 350.065 350.041 350.014 349.977 349.919 349.814 349.576 349.002 347.267 346.527 347.47 349.272 349.992 350.329 350.533 350.688 350.833 350.978 351.127 351.284 351.439 351.583 351.713 351.837 351.949
352.03 353.071 353.108 353.131 353.14 353.141 353.128 353.098 353.049 352.983 352.903 352.814 352.712 352.596 352.475 352.357 352.241 352.124 352.011 351.906 351.813 351.728 351.647 351.57 351.497 351.429 351.361 351.288 351.21 351.128 351.044 350.96 350.872 350.781 350.691 350.61 350.536 350.468 350.407 350.354 350.31 350.277 350.25 350.225 350.2 350.168 350.123 350.045 349.879 349.466 348.332 347.026 347.455 349.192 350.031 350.432 350.642 350.792 350.927 351.059 351.194 351.336 351.476 351.606 351.724 351.836 351.937
352.156 353.197 353.232 353.254 353.262 353.26 353.245 353.213 353.161 353.091 353.008 352.916 352.811 352.691 352.567 352.446 352.327 352.208 352.093 351.988 351.894 351.81 351.731 351.656 351.587 351.524 351.462 351.397 351.326 351.252 351.176 351.099 351.018 350.935 350.853 350.777 350.708 350.643 350.584 350.533 350.49 350.456 350.429 350.404 350.38 350.353 350.317 350.26 350.141 349.856 349.107 347.698 347.653 348.993 350.049 350.529 350.747 350.891 351.013 351.132 351.253 351.381 351.506 351.621 351.727 351.826 351.917
352.272 353.312 353.346 353.366 353.372 353.368 353.35 353.315 353.261 353.189 353.103 353.008 352.9 352.778 352.651 352.528 352.408 352.287 352.17 352.064 351.97 351.886 351.809 351.736 351.67 351.611 351.554 351.494 351.429 351.363 351.295 351.226 351.153 351.077 351.001 350.932 350.868 350.806 350.75 350.7 350.66 350.625 350.597 350.573 350.549 350.526 350.497 350.455 350.374 350.185 349.701 348.485 347.921 348.666 350.049 350.612 350.843 350.981 351.09 351.198 351.306 351.418 351.529 351.631 351.724 351.812 351.893
352.377 353.415 353.447 353.465 353.469 353.463 353.444 353.407 353.352 353.278 353.191 353.095 352.986 352.863 352.736 352.611 352.491 352.369 352.252 352.145 352.052 351.968 351.892 351.819 351.755 351.699 351.646 351.59 351.53 351.47 351.408 351.345 351.278 351.208 351.138 351.073 351.012 350.954 350.901 350.854 350.813 350.779 350.752 350.726 350.704 350.682 350.659 350.628 350.575 350.457 350.161 349.358 348.387 348.72 349.999 350.669 350.924 351.057 351.158 351.253 351.349 351.449 351.547 351.637 351.719 351.798 351.869
352.469 353.505 353.534 353.551 353.553 353.546 353.525 353.488 353.431 353.358 353.271 353.175 353.067 352.945 352.818 352.694 352.574 352.452 352.335 352.229 352.135 352.051 351.975 351.904 351.841 351.786 351.735 351.681 351.625 351.568 351.51 351.451 351.389 351.323 351.259 351.198 351.141 351.085 351.033 350.987 350.949 350.916 350.887 350.863 350.841 350.822 350.801 350.777 350.741 350.669 350.5 350.047 349.15 349.011 349.876 350.685 350.986 351.12 351.212 351.297 351.381 351.469 351.555 351.636 351.709 351.778 351.841
352.55 353.583 353.61 353.624 353.624 353.616 353.594 353.556 353.5 353.427 353.342 353.247 353.14 353.02 352.895 352.773 352.654 352.534 352.418 352.312 352.219 352.134 352.057 351.986 351.923 351.868 351.817 351.765 351.71 351.657 351.603 351.547 351.487 351.426 351.365 351.308 351.253 351.2 351.151 351.107 351.069 351.037 351.009 350.985 350.964 350.945 350.927 350.907 350.88 350.834 350.737 350.501 349.868 349.411 349.804 350.659 351.021 351.169 351.255 351.329 351.404 351.48 351.557 351.627 351.691 351.754 351.811
352.62 353.65 353.674 353.686 353.686 353.676 353.653 353.616 353.561 353.49 353.406 353.314 353.211 353.094 352.972 352.854 352.737 352.619 352.504 352.4 352.306 352.221 352.144 352.072 352.009 351.953 351.901 351.849 351.796 351.744 351.691 351.638 351.581 351.522 351.465 351.41 351.358 351.307 351.259 351.217 351.18 351.148 351.121 351.097 351.077 351.058 351.041 351.024 351.002 350.969 350.909 350.779 350.422 349.869 349.939 350.576 351.034 351.207 351.291 351.358 351.422 351.489 351.556 351.618 351.676 351.732 351.783
352.682 353.709 353.731 353.741 353.739 353.729 353.706 353.67 353.617 353.549 353.469 353.381 353.281 353.169 353.053 352.938 352.825 352.71 352.599 352.496 352.404 352.319 352.241 352.17 352.105 352.049 351.996 351.943 351.889 351.837 351.786 351.733 351.678 351.621 351.564 351.511 351.461 351.411 351.364 351.323 351.287 351.256 351.227 351.204 351.183 351.166 351.149 351.132 351.113 351.088 351.049 350.972 350.784 350.353 350.155 350.486 351.025 351.235 351.324 351.385 351.441 351.5 351.56 351.616 351.669 351.72 351.766
352.734 353.759 353.778 353.786 353.784 353.773 353.752 353.717 353.667 353.604 353.529 353.446 353.352 353.247 353.137 353.029 352.921 352.811 352.704 352.604 352.514 352.43 352.352 352.28 352.214 352.155 352.1 352.046 351.991 351.937 351.884 351.831 351.775 351.718 351.663 351.609 351.558 351.509 351.463 351.421 351.386 351.354 351.326 351.302 351.281 351.263 351.247 351.23 351.212 351.19 351.161 351.115 351.013 350.749 350.446 350.58 351.005 351.246 351.346 351.406 351.457 351.51 351.564 351.615 351.665 351.713 351.758
352.777 353.798 353.815 353.822 353.82 353.81 353.79 353.758 353.712 353.654 353.585 353.509 353.423 353.326 353.224 353.123 353.021 352.918 352.816 352.721 352.633 352.55 352.472 352.399 352.332 352.27 352.212 352.154 352.096 352.04 351.984 351.928 351.871 351.813 351.756 351.702 351.649 351.6 351.554 351.512 351.475 351.444 351.416 351.39 351.369 351.351 351.333 351.316 351.298 351.278 351.252 351.22 351.161 351.026 350.788 350.769 350.999 351.242 351.354 351.418 351.469 351.519 351.569 351.618 351.665 351.711 351.755
352.811 353.83 353.845 353.851 353.848 353.839 353.822 353.793 353.752 353.699 353.638 353.569 353.491 353.403 353.31 353.217 353.124 353.027 352.931 352.841 352.756 352.675 352.597 352.524 352.455 352.391 352.33 352.269 352.208 352.148 352.089 352.03 351.97 351.91 351.851 351.795 351.742 351.691 351.644 351.602 351.564 351.533 351.504 351.479 351.456 351.436 351.418 351.4 351.38 351.357 351.332 351.302 351.257 351.171 351.025 350.942 351.033 351.227 351.35 351.428 351.483 351.533 351.583 351.63 351.676 351.722 351.766
352.841 353.858 353.87 353.876 353.873 353.865 353.85 353.824 353.788 353.742 353.687 353.626 353.556 353.477 353.394 353.309 353.224 353.135 353.046 352.961 352.88 352.801 352.725 352.652 352.583 352.517 352.453 352.389 352.326 352.263 352.201 352.139 352.077 352.014 351.954 351.896 351.841 351.79 351.742 351.699 351.662 351.628 351.6 351.573 351.549 351.529 351.509 351.489 351.466 351.441 351.413 351.382 351.337 351.265 351.148 351.058 351.084 351.219 351.354 351.442 351.506 351.559 351.611 351.658 351.705 351.752 351.797
352.866 353.88 353.891 353.895 353.893 353.887 353.873 353.852 353.82 353.781 353.734 353.68 353.619 353.551 353.477 353.402 353.325 353.245 353.164 353.085 353.008 352.933 352.86 352.788 352.719 352.652 352.586 352.52 352.454 352.388 352.322 352.257 352.192 352.128 352.065 352.005 351.949 351.896 351.847 351.803 351.765 351.731 351.701 351.674 351.649 351.626 351.605 351.582 351.557 351.528 351.497 351.463 351.417 351.347 351.244 351.152 351.153 351.245 351.371 351.465 351.537 351.597 351.651 351.701 351.749 351.798 351.844
352.883 353.895 353.905 353.909 353.908 353.903 353.892 353.875 353.849 353.816 353.777 353.733 353.681 353.623 353.56 353.495 353.427 353.356 353.284 353.212 353.141 353.071 353 352.93 352.862 352.794 352.726 352.658 352.589 352.52 352.451 352.383 352.315 352.247 352.181 352.12 352.062 352.007 351.957 351.911 351.872 351.837 351.806 351.777 351.75 351.726 351.702 351.678 351.648 351.616 351.58 351.543 351.494 351.424 351.325 351.248 351.226 351.29 351.398 351.493 351.573 351.642 351.701 351.754 351.807 351.859 351.908
352.897 353.907 353.915 353.918 353.918 353.915 353.907 353.893 353.873 353.847 353.816 353.78 353.738 353.69 353.637 353.582 353.525 353.463 353.4 353.335 353.271 353.205 353.138 353.071 353.003 352.935 352.866 352.797 352.726 352.654 352.582 352.511 352.441 352.37 352.302 352.238 352.179 352.122 352.071 352.024 351.983 351.948 351.916 351.885 351.857 351.831 351.804 351.777 351.745 351.708 351.668 351.625 351.571 351.495 351.396 351.317 351.293 351.336 351.429 351.528 351.618 351.696 351.764 351.821 351.877 351.934 351.987
352.908 353.915 353.922 353.925 353.926 353.924 353.918 353.908 353.893 353.873 353.849 353.821 353.787 353.749 353.706 353.661 353.612 353.559 353.504 353.448 353.389 353.329 353.266 353.202 353.137 353.069 353.001 352.931 352.859 352.786 352.712 352.639 352.568 352.496 352.426 352.361 352.3 352.243 352.19 352.143 352.101 352.065 352.033 352.001 351.97 351.942 351.914 351.883 351.848 351.807 351.762 351.714 351.654 351.57 351.461 351.373 351.342 351.38 351.47 351.574 351.676 351.763 351.838 351.901 351.961 352.022 352.076
352.915 353.921 353.926 353.929 353.93 353.929 353.926 353.919 353.908 353.894 353.876 353.855 353.829 353.8 353.766 353.73 353.69 353.646 353.6 353.551 353.499 353.444 353.387 353.327 353.265 353.199 353.132 353.063 352.992 352.918 352.844 352.771 352.699 352.626 352.556 352.49 352.429 352.372 352.318 352.27 352.228 352.192 352.158 352.125 352.094 352.063 352.033 352 351.962 351.918 351.868 351.816 351.75 351.656 351.539 351.439 351.404 351.436 351.529 351.64 351.751 351.85 351.931 351.998 352.062 352.126 352.184
