tests/full-run-ref/erosion_2010_78_21_-27.869.asc
ncols 512
nrows 512
xllcorner -3.24582
yllcorner -4.08743
cellsize 5
NODATA_value -99999
[rows 140 to 174 of 512, columns 79 to 157 of 512]
5.77 5.77 5.77 5.77 5.77 5.77 5.77 5.77 5.77 5.77 5.77 5.77 5.77 5.77 5.77 5.77 5.77 5.77 5.76998 5.76967 8.15893 13.9282 16.316 22.0861 27.8561 33.6264 41.7869 47.5583 47.8405 42.0692 36.2985 30.5277 24.7569 19.6875 13.9143 8.14334 9.19089 5.76706 5.76963 5.77 5.76924 8.15769 11.5371 5.76758 5.77 5.77 5.77 5.77 5.77 5.77 5.77 5.77 5.77 5.77 5.77 5.77 5.77 5.77 5.77 5.77 5.77 5.77 5.77 5.77 5.77 5.77 5.77 5.77 5.76822 5.7682 5.7686 5.77 5.75666 11.5022 16.291 17.2496 11.4457 5.72268 5.76216
5.77 5.77 5.77 5.77 5.77 5.77 5.77 5.77 5.77 5.77 5.77 5.77 5.77 5.77 5.77 5.77 5.77 5.77 5.77 5.76996 5.76942 8.15805 13.9267 19.6968 25.4668 31.2367 39.3976 45.1682 48.4628 42.6918 36.921 31.1503 25.3792 19.7582 16.1943 15.3488 13.9228 8.15017 5.76388 5.76586 5.76612 11.5366 11.5354 5.76671 5.77 5.77 5.77 5.77 5.77 5.77 5.77 5.77 5.77 5.77 5.77 5.77 5.77 5.77 5.77 5.77 5.77 5.77 5.77 5.77 5.77 5.77 5.77 5.77 5.76847 8.16001 5.76892 5.77 5.75702 11.5043 16.2883 19.6417 13.8547 8.08163 8.14032
5.77 5.77 5.77 5.77 5.77 5.77 5.77 5.77 5.77 5.77 5.77 5.77 5.77 5.77 5.77 5.77 5.77 5.77 5.77 5.77 5.76993 5.7687 11.5366 17.3068 23.0768 31.2376 37.0077 42.7782 48.5488 45.0823 39.3116 33.5406 27.9197 24.3564 23.5093 21.1191 16.3109 13.915 8.14099 11.922 8.14894 13.9239 11.5325 5.76607 5.77 5.77 5.77 5.77 5.77 5.77 5.77 5.77 5.77 5.77 5.77 5.77 5.77 5.77 5.77 5.77 5.77 5.77 5.77 5.77 5.77 5.77 5.77 5.77 5.76897 5.76899 5.7692 5.77 5.76324 8.11931 13.8917 19.6788 16.2665 13.876 13.9098
5.77 5.77 5.77 5.77 5.77 5.77 5.77 5.77 5.77 5.77 5.77 5.77 5.77 5.77 5.77 5.77 5.77 5.77 5.77 5.77 5.77 5.76911 11.5373 17.3074 23.0776 28.8475 34.6178 40.3882 46.1587 47.4726 41.7016 36.0811 32.5178 30.1281 29.2801 24.4722 22.0771 16.3029 18.0799 16.3062 19.0709 16.3128 11.5286 5.76533 5.77 5.77 5.77 5.77 5.77 5.77 5.77 5.77 5.77 5.77 5.77 5.77 5.77 5.77 5.77 5.77 5.77 5.77 5.77 5.77 5.77 5.77 5.77 5.76832 5.76554 5.76346 5.76523 5.76869 5.76842 5.75126 11.5058 17.289 17.3005 19.6558 19.6859
5.77 5.77 5.77 5.77 5.77 5.77 5.77 5.77 5.77 5.77 5.77 5.77 5.77 5.77 5.77 5.77 5.77 5.77 5.77 5.77 5.77 5.76926 11.3374 16.3172 22.0867 27.857 33.6274 39.3977 45.1679 49.8629 44.2424 40.679 38.2888 35.8988 32.6336 30.239 24.4659 24.2409 23.8507 24.8411 23.069 17.2969 11.5246 5.76457 5.77 5.77 5.77 5.77 5.77 5.77 5.77 5.77 5.77 5.77 5.77 5.77 5.77 5.77 5.77 5.77 5.77 5.77 5.77 5.77 5.77 5.77 5.76822 5.75729 8.13503 8.12703 8.13608 5.76201 5.77 5.76095 11.5254 11.524 11.5238 13.9175 16.3105
5.77 5.77 5.77 5.77 5.77 5.77 5.77 5.77 5.77 5.77 5.77 5.77 5.77 5.77 5.77 5.77 5.77 5.77 5.77 5.77 6.16001 5.76962 8.15747 13.9266 19.6966 25.467 31.2373 37.0075 42.7776 48.5481 48.8404 46.4497 44.0596 40.7945 38.4004 32.6284 32.4023 30.0119 30.6115 28.8381 23.066 17.2937 11.5215 5.76387 5.77 5.77 5.77 5.77 5.77 5.77 5.77 5.77 5.77 5.77 5.77 5.77 5.77 5.77 5.77 5.77 5.77 5.77 5.77 5.77 5.77 5.76808 5.75454 8.11965 13.8969 13.9017 11.5043 5.75326 5.77 5.76608 5.76264 5.76198 5.76101 8.14493 13.919
5.77 5.77 5.77 5.77 5.77 5.77 5.77 5.77 5.77 5.77 5.77 5.77 5.77 5.77 5.77 5.77 5.77 5.77 5.77 5.77 5.77 5.76992 5.76832 11.5363 17.3067 23.0769 28.8471 34.6172 40.3871 50.9375 54.6107 52.2203 48.9554 46.5616 40.7904 40.5637 38.1733 36.4054 34.6076 28.8358 23.0637 17.2917 11.5196 5.76328 5.77 5.77 5.77 5.77 5.77 5.77 5.77 5.77 5.77 5.77 5.77 5.77 5.77 5.77 5.77 5.77 5.77 5.77 5.76835 5.76556 5.75718 5.74692 8.11095 13.8895 16.2954 16.2449 11.4916 5.74659 5.77 5.77 5.77 5.77 5.76919 5.76125 8.53122
5.77 5.77 5.77 5.77 5.77 5.77 5.77 5.77 5.77 5.77 5.77 5.77 5.77 5.77 5.77 5.77 5.77 5.77 5.77 5.77 5.77 5.77 5.76881 11.5359 17.3062 23.0764 28.8463 37.0073 42.7772 53.3276 59.0984 57.1164 54.7228 48.9524 48.7254 46.3352 43.945 40.3776 34.6062 28.8344 23.0627 17.2907 11.5186 5.76293 5.77 5.77 5.77 5.77 5.77 5.77 5.77 5.77 5.77 5.77 5.77 5.77 5.77 5.77 5.77 5.77 5.77 5.77 5.7669 8.14881 11.9078 8.09011 13.8704 16.2848 19.6294 13.8383 8.05229 5.7467 5.77 5.77 5.77 5.77 5.76993 5.76796 5.84462
5.77 5.77 5.77 5.77 5.77 5.77 5.77 5.77 5.77 5.77 5.77 5.77 5.77 5.77 5.77 5.77 5.77 5.77 5.77 5.77 5.77 5.77 5.76886 11.5344 17.3047 23.0749 28.8448 37.0043 45.1645 50.9375 58.8025 56.4123 54.0222 51.6323 49.2422 46.852 44.4616 40.3775 34.6061 28.8343 23.0626 17.2906 11.5184 5.76285 5.77 5.77 5.77 5.77 5.77 5.77 5.77 5.77 5.77 5.77 5.77 5.77 5.77 5.77 5.77 5.77 5.77 5.77 5.76706 8.13651 13.9011 19.657 16.266 22.0529 17.2226 11.424 6.05926 5.75599 5.76947 5.77 5.76987 5.76973 5.76956 5.97251 6.14542
5.77 5.77 5.77 5.77 5.77 5.77 5.77 5.77 5.77 5.77 5.77 5.77 5.77 5.77 5.77 5.77 5.77 5.77 5.77 5.77 5.77 5.77 5.76867 11.5335 17.3037 23.074 28.8439 37.0039 42.7738 50.934 56.4125 50.641 48.251 45.861 43.4708 41.0803 38.6904 36.3015 34.6075 28.8353 23.0633 17.2913 11.5191 5.76302 5.77 5.77 5.77 5.77 5.77 5.77 5.77 5.77 5.77 5.77 5.77 5.77 5.77 5.76976 5.76824 5.76537 5.76275 5.75892 5.75111 5.73119 11.4705 17.2571 23.0346 22.9925 17.1939 11.3975 6.03515 6.1369 5.76356 5.76894 5.76963 6.04266 6.14573 6.15986 6.15995
5.77 5.77 5.77 5.77 5.77 5.77 5.77 5.77 5.77 5.77 5.77 5.77 5.77 5.77 5.77 5.77 5.77 5.77 5.77 5.77 5.77 5.77 5.76831 11.5328 17.303 23.0732 28.8434 34.6131 42.7727 53.3243 54.0221 48.2507 42.4795 40.0897 37.6997 35.3095 32.9191 30.5304 32.9222 28.8372 23.0647 17.2926 11.5203 5.76336 5.77 5.77 5.77 5.77 5.77 5.77 5.77 5.77 5.77 5.77 5.77 5.77 5.76825 5.76476 6.14214 8.13988 8.12725 8.11334 11.8915 8.05526 13.8342 19.6226 25.4095 25.3778 19.577 13.7881 8.03005 8.13558 6.14784 6.15979 6.15979 6.15986 6.15997 6.16001 6.16002
5.77 5.77 5.77 5.77 5.77 5.77 5.77 5.77 5.77 5.77 5.77 5.77 5.77 5.77 5.77 5.77 5.77 5.77 5.77 5.76995 5.76987 5.76892 5.76727 11.5315 17.3018 23.072 28.8423 34.6116 45.1621 54.7244 49.0864 45.8605 40.0894 34.3177 31.928 29.5383 27.148 24.7585 27.1506 28.8391 23.067 17.2946 11.5222 5.76385 5.77 5.77 5.77 5.77 5.77 5.77 5.77 5.77 5.77 5.77 5.77 5.77 5.76852 8.15071 11.9154 13.9066 13.8995 13.8827 16.2497 20.0353 16.192 21.9895 27.7816 27.7672 21.9685 16.1976 13.8276 8.09659 6.14697 6.16001 6.16002 6.16002 6.16002 6.16002 6.16002
5.77 5.77 5.77 5.77 5.77 5.77 5.77 5.77 5.77 5.77 5.77 5.77 5.77 5.77 5.77 5.77 5.77 5.77 5.77 5.76984 8.1594 11.9288 8.15436 13.9219 19.6922 25.4623 31.2325 37.0007 54.7179 48.9534 46.5625 40.925 37.6994 31.9279 26.1554 23.766 21.3763 18.9867 21.3788 23.7715 23.0698 17.297 11.5248 5.7645 5.77 5.77 5.77 5.77 5.77 5.77 5.77 5.77 5.77 5.77 5.77 5.77 5.76884 5.75911 11.5141 17.2898 19.6774 20.4434 22.032 24.3843 28.1983 24.367 30.168 28.7351 22.9301 17.1449 11.3496 6.07849 6.15527 6.16001 6.16002 6.16002 6.16002 6.16002 6.16002
5.77 5.77 5.77 5.77 5.77 5.77 5.77 5.77 5.77 5.77 5.77 5.77 5.77 5.77 5.77 5.77 5.77 5.77 5.77 5.76962 11.5391 16.318 20.0885 16.3129 22.0828 27.8528 33.623 39.3921 48.9481 46.5573 40.7911 38.4013 32.7638 29.5383 23.7661 17.9927 15.6032 13.2142 15.6073 18.0007 22.0807 16.3085 11.528 5.76563 5.77 5.77 5.77 5.77 5.77 5.77 5.77 5.77 5.77 5.77 5.77 5.77 5.76912 8.14774 13.9139 19.6801 22.063 24.4512 27.8155 30.2048 32.5576 36.3572 32.539 28.6823 22.8783 17.0831 11.2908 6.06235 6.14207 6.1575 6.16001 6.16002 6.16002 6.16002 6.16002
5.77 5.77 5.77 5.77 5.77 5.77 5.77 5.77 5.77 5.77 5.77 5.77 5.77 5.77 5.77 5.77 5.77 5.77 5.77 5.76939 11.5385 17.3086 23.0787 28.2485 24.4743 30.2435 36.0137 41.7838 46.5593 40.7858 38.3957 32.6294 30.2401 24.6024 21.3768 15.604 9.83065 7.44308 9.83737 13.9224 16.3148 13.9184 8.14653 5.7678 5.77 5.77 5.77 5.77 5.77 5.77 5.77 5.76987 5.76987 5.76991 5.77 5.76993 5.76921 5.76419 11.5232 13.8995 16.278 22.0332 24.4235 30.1579 32.559 40.7239 36.8706 31.0699 25.2788 19.4903 13.7222 8.00557 8.14234 6.15511 6.16001 6.16002 6.16002 6.16002 6.16002
5.77 5.77 5.77 5.77 5.77 5.77 5.77 5.77 5.77 5.77 5.77 5.77 5.77 5.77 5.77 5.77 5.77 5.77 5.77 5.76926 11.538 17.308 23.0781 28.8485 32.6185 32.635 38.4052 44.1751 44.169 38.396 32.6235 30.234 24.4676 22.0786 16.4406 13.2168 7.44644 5.76518 5.76397 8.15214 13.925 11.5312 5.76518 5.76897 5.76952 5.77 5.77 5.77 5.77 5.77 5.77 5.76988 6.16001 5.76994 5.77 5.76992 6.15905 8.15824 5.75838 8.12293 13.8883 16.2501 21.9838 24.3893 30.1412 32.5284 39.2784 33.4781 27.6906 21.9263 16.1758 11.4234 6.10092 6.15622 6.16001 6.16002 6.16002 6.16002 6.16002
5.77 5.77 5.77 5.77 5.77 5.77 5.77 5.77 5.77 5.77 5.77 5.77 5.77 5.77 5.77 5.77 5.77 5.77 5.77 5.7692 11.5379 17.3079 23.0781 28.8481 32.6373 38.4073 44.176 46.5666 41.7785 36.0068 30.2341 24.461 22.0721 16.3054 13.9168 8.2806 5.76579 5.76961 5.76968 5.7677 8.15552 11.5377 8.1564 8.15909 5.76972 5.77 5.77 5.77 5.77 5.77 5.77 5.76995 5.76996 5.76996 5.77 5.76944 5.76845 5.7691 5.76852 5.75492 8.1132 13.8794 16.2215 21.9804 24.3607 30.1376 35.9431 34.537 28.7444 22.963 17.1835 11.4045 6.10279 6.15998 6.16001 6.16002 6.16002 6.16002 6.16002
5.77 5.77 5.77 5.77 5.77 5.77 5.77 5.77 5.77 5.77 5.77 5.77 5.77 5.77 5.77 5.77 5.77 5.77 5.77 5.76925 11.5381 17.3083 22.0869 24.4762 30.2464 36.0165 41.787 45.1595 39.3883 33.6172 27.8454 22.072 16.2981 13.9099 8.14478 5.76513 5.76947 5.77 5.77 5.76967 5.76897 5.76858 5.76905 5.76959 5.76987 5.77 5.77 5.77 5.77 5.77 5.77 5.77 5.76992 5.76911 5.76728 5.76219 8.148 8.14819 5.76266 5.77 5.75071 8.10495 13.8571 16.1925 21.9737 27.7512 33.5504 34.5458 28.7489 22.9658 17.1832 11.4032 6.10327 6.15998 6.16002 6.16002 6.16002 6.16002 6.16002
5.77 5.77 5.77 5.77 5.77 5.77 5.77 5.77 5.77 5.77 5.77 5.77 5.77 5.77 5.77 5.77 5.77 5.77 5.77 5.76953 11.5384 13.9264 16.3153 22.0857 27.8559 33.6265 39.397 42.7694 36.9982 31.2274 25.4561 19.6838 13.9096 8.13734 5.76387 5.76943 5.77 5.77 5.77 5.77 5.77 5.77 5.77 5.77 5.77 5.77 5.77 5.77 5.77 5.77 5.77 5.76962 5.76688 6.14913 8.14699 8.13767 13.9131 13.9138 8.13946 5.76038 5.76999 5.74701 8.08748 13.8413 19.5967 25.377 31.1574 34.553 28.7582 22.9733 17.1901 11.4093 6.10548 6.15998 6.16002 6.16002 6.16002 6.16002 6.16002
5.77 5.77 5.77 5.77 5.77 5.77 5.77 5.77 5.77 5.77 5.77 5.77 5.77 5.77 5.77 5.77 5.77 5.77 5.77 5.76984 5.76832 8.1548 13.9247 19.6951 25.4659 31.2365 37.0069 40.3835 34.6126 28.8417 23.0706 17.2992 11.5265 5.76165 5.76935 5.77 5.77 5.77 5.77 5.77 5.77 5.77 5.77 5.77 5.77 5.77 5.77 5.77 5.77 5.77 5.77 5.76815 8.14996 11.9147 13.9088 14.2967 16.302 16.3035 13.9083 8.1395 5.76034 5.75518 5.73405 11.475 17.2324 23.0114 28.7845 32.5905 28.7703 22.9827 17.1993 11.4177 6.10832 6.16 6.16002 6.16002 6.16002 6.16002 6.16002
5.77 5.77 5.77 5.77 5.77 5.77 5.77 5.77 5.77 5.77 5.77 5.77 5.77 5.77 5.77 5.77 5.77 5.77 5.77 5.77 5.7697 5.76669 11.5341 17.3052 23.0759 28.8466 34.6163 34.617 32.6358 27.8548 22.0838 16.313 11.5329 5.76725 5.77 5.77 5.77 5.77 5.77 5.77 5.77 5.77 5.77 5.77 5.77 5.77 5.77 5.77 5.77 5.77 5.77 5.76654 11.5306 16.3044 19.6838 20.0711 22.0742 22.0738 16.3011 13.9102 8.13709 11.9112 8.12692 13.9011 19.6622 22.0321 24.4163 30.1992 28.7795 22.9881 17.2038 11.421 6.1068 6.16 6.16001 6.16002 6.16002 6.16002 6.16002
5.77 5.77 5.77 5.77 5.77 5.77 5.77 5.77 5.77 5.77 5.77 5.77 5.77 5.77 5.77 5.77 5.77 5.77 5.77 5.77 5.76936 8.15608 13.9253 19.6957 25.4665 31.2364 28.8458 28.8464 28.8471 24.4751 19.6939 13.9229 8.15307 5.76898 5.77 5.77 5.77 5.77 5.77 5.77 5.77 5.77 5.77 5.77 5.77 5.77 5.77 5.77 5.77 5.77 5.77 5.76746 8.14404 13.906 19.6782 25.4517 27.8489 24.468 22.0774 16.3046 20.0714 16.3072 13.9187 11.5281 13.8936 16.2509 22.0257 27.8059 28.7823 22.9851 17.1995 11.4133 6.09179 6.15457 6.16001 6.16001 6.16002 6.16002 6.16002
5.77 5.77 5.77 5.77 5.77 5.77 5.77 5.77 5.77 5.77 5.77 5.77 5.77 5.77 5.77 5.77 5.77 5.77 5.77 5.76989 5.76825 11.536 16.3156 22.0866 27.8564 25.4653 23.0747 23.0758 23.0767 22.0854 16.3142 11.5332 5.76724 5.76981 5.77 5.77 5.77 5.77 5.77 5.77 5.77 5.77 5.77 5.77 5.77 5.77 5.77 5.77 5.77 5.77 5.77 5.76944 5.76061 11.5129 17.2882 23.0616 27.858 27.8588 24.4693 25.46 19.6877 13.9179 11.5354 11.5376 11.5253 13.8699 19.64 25.4138 31.1768 25.3834 19.5998 13.8237 8.05241 6.1182 6.1563 6.16001 6.16001 6.16002 6.16002
5.77 5.77 5.77 5.77 5.77 5.77 5.77 5.77 5.77 5.77 5.77 5.77 5.77 5.77 5.77 5.77 5.77 5.77 5.77 5.76945 8.15671 13.9255 19.6965 24.4766 22.0854 19.694 17.3037 17.305 17.3061 17.3072 13.9248 8.15403 5.76911 5.77 5.77 5.77 5.77 5.77 5.77 5.77 5.77 5.77 5.77 5.77 5.77 5.77 5.77 5.77 5.77 5.77 5.77 5.77 5.76386 11.5205 17.2946 23.0659 23.0677 23.0699 25.4618 23.0695 17.2974 11.528 11.5389 11.54 11.5381 11.5186 17.2546 23.0233 33.5645 27.779 22.0061 16.2252 13.8458 8.0979 6.1259 6.15653 6.16001 6.16001 6.16002
5.77 5.77 5.77 5.77 5.77 5.77 5.77 5.77 5.77 5.77 5.77 5.77 5.77 5.77 5.77 5.77 5.77 5.77 5.77 5.76896 11.5371 16.3166 22.087 21.9234 16.3139 13.9228 11.5324 11.5341 11.5353 11.5367 11.5363 5.76803 5.76984 5.77 5.77 5.77 5.77 5.77 5.77 5.77 5.77 5.76997 5.76995 5.76995 5.76998 5.77 5.77 5.77 5.77 5.77 5.77 5.76967 5.764 11.5269 17.3001 17.2959 17.2943 17.296 19.6893 17.3037 16.3171 11.5322 11.5395 11.54 11.54 11.5261 17.2755 23.041 35.9527 30.1807 24.4022 22.0168 16.261 13.8744 8.10715 6.12793 6.15689 6.16001 6.16001
5.77 5.77 5.77 5.77 5.77 5.77 5.77 5.77 5.77 5.77 5.77 5.77 5.77 5.77 5.77 5.77 5.77 5.77 5.77 5.76883 11.5369 16.3167 21.5951 16.3111 13.7609 8.15216 5.76591 5.76744 5.7679 5.76823 8.15869 5.76941 5.77 5.77 5.77 5.77 5.77 5.77 5.77 5.77 5.77 5.76998 6.15986 6.15981 5.76988 5.77 5.77 5.77 5.77 5.77 5.76973 5.76799 8.15244 13.9246 13.9212 11.5211 11.5215 11.5229 13.9194 11.5319 13.9245 8.1538 11.5387 11.5393 11.5385 11.5247 17.271 23.0338 38.3496 32.575 30.1854 24.4303 22.0415 16.2686 13.8811 8.11178 6.12951 6.15695 6.16001
5.77 5.77 5.77 5.77 5.77 5.77 5.77 5.77 5.77 5.77 5.77 5.77 5.77 5.77 5.77 5.77 5.77 5.77 5.77 5.76926 8.15603 13.4332 19.205 13.9204 8.14884 5.76711 5.76967 5.77 5.77 5.76973 5.76969 5.76981 5.77 5.77 5.77 5.77 5.77 5.77 5.77 5.77 5.77 5.76999 5.76987 8.15997 5.76986 5.77 5.77 5.77 5.77 5.77 5.76956 8.15774 13.926 13.9246 8.1494 5.76165 5.76258 5.76217 8.15166 5.7622 8.14689 13.9234 11.5356 13.9256 11.5251 13.8919 19.6609 25.4246 40.7407 38.3546 32.5981 30.208 24.4363 22.0471 16.2726 13.8864 8.1184 6.12931 6.15691
5.77 5.77 5.77 5.77 5.77 5.77 5.77 5.77 5.77 5.77 5.77 5.77 5.77 5.77 5.77 5.77 5.77 5.77 5.77 5.76967 5.76802 11.0438 16.8157 11.5328 5.7658 5.76955 5.77 5.77 5.77 5.77 5.77 5.77 5.76992 5.7699 5.76991 5.77 5.77 5.77 5.77 5.77 5.77 5.77 5.76994 5.76991 5.76992 5.77 5.77 5.77 5.77 5.77 5.76962 8.15795 13.927 8.15523 5.76691 5.76931 5.77 5.76894 5.76874 5.76908 5.76104 11.5297 15.305 16.3114 20.0794 16.2851 22.0533 27.8205 38.3759 40.7577 37.881 32.1072 30.2096 24.4399 22.0517 16.2825 13.8903 8.10587 6.11201
5.77 5.77 5.77 5.77 5.77 5.77 5.77 5.77 5.77 5.77 5.77 5.77 5.77 5.77 5.77 5.77 5.77 5.77 5.77 5.77 5.76897 11.0464 16.8174 13.9261 8.15693 5.76984 5.77 5.77 5.77 5.77 5.77 5.77 5.76976 8.1598 5.76982 5.77 5.77 5.77 5.77 5.77 5.77 5.77 5.77 5.77 5.77 5.77 5.77 5.77 5.77 5.77 5.76978 5.76903 8.15845 5.76848 5.76956 5.77 5.77 5.77 5.77 5.76904 8.15283 13.9194 16.3095 22.0792 24.456 28.2387 24.4526 30.2168 35.9865 46.0476 40.2735 37.8819 32.5836 29.3167 24.1538 19.4972 16.284 13.8637 8.10335
5.77 5.77 5.77 5.77 5.77 5.77 5.77 5.77 5.77 5.77 5.77 5.77 5.76991 5.76986 5.76989 5.77 5.77 5.77 5.77 5.77 5.7693 11.5388 17.3085 11.5376 5.76874 5.7699 5.77 5.77 5.77 5.77 5.77 5.77 5.76973 11.5398 5.76973 5.77 5.77 5.77 5.77 5.77 5.77 5.77 5.77 5.77 5.77 5.77 5.77 5.77 5.77 5.77 5.77 5.76976 5.76962 5.76964 5.77 5.77 5.77 5.77 5.77 5.76915 5.76467 8.14255 13.9137 19.6871 25.4547 27.8396 30.227 32.6141 38.3785 44.1508 46.0475 40.7486 37.4816 31.9575 26.1832 20.409 14.6418 16.2932 13.8793
5.77 5.77 5.77 5.77 5.77 5.77 5.77 5.77 5.77 5.77 5.77 5.7698 5.76962 8.15892 5.76968 5.77 5.77 5.77 5.77 5.77 5.76928 11.5385 17.3083 11.5372 5.76907 5.77 5.77 5.77 5.77 5.77 5.77 5.77 5.76981 8.15979 5.76976 5.77 5.77 5.77 5.77 5.77 5.77 5.77 5.77 5.77 5.77 5.77 5.77 5.77 5.77 5.77 5.77 5.77 5.77 5.77 5.77 5.77 5.77 5.77 5.77 5.76933 5.76818 5.76028 11.5249 17.2955 19.6789 22.0616 24.4518 30.2233 35.9952 41.7671 45.1448 42.3028 36.5285 30.7502 24.9713 19.1859 14.6192 15.7591 16.2701
5.77 5.77 5.77 5.77 5.77 5.77 5.77 5.77 5.77 5.77 5.77 5.76963 8.15901 11.5387 5.76926 5.77 5.77 5.77 5.77 5.77 5.76916 11.5382 17.3078 11.5366 5.76887 5.77 5.77 5.77 5.77 5.77 5.77 5.77 5.76993 5.76992 5.76992 5.77 5.77 5.77 5.77 5.77 5.77 5.77 5.77 5.77 5.77 5.77 5.77 5.77 5.77 5.77 5.77 5.77 5.77 5.77 5.77 5.77 5.77 5.77 5.77 5.7688 8.15718 8.1554 13.92 11.5218 13.9017 16.2838 22.0581 27.8308 33.6037 36.9812 34.5878 36.9805 38.9145 33.135 27.3487 21.5628 21.8988 21.5122 21.307
5.77 5.77 5.77 5.77 5.77 5.77 5.77 5.77 5.77 5.77 5.77 5.76931 11.5392 11.5381 5.76887 5.77 5.77 5.77 5.77 5.77 5.76904 11.5379 17.3075 11.536 5.76865 5.77 5.77 5.77 5.77 5.77 5.77 5.77 5.77 5.77 5.77 5.77 5.77 5.77 5.77 5.77 5.77 5.77 5.77 5.77 5.77 5.77 5.77 5.77 5.77 5.77 5.77 5.77 5.77 5.77 5.77 5.77 5.77 5.77 5.77 5.76886 5.76751 8.15548 8.15378 5.75438 8.12505 13.8923 19.6667 25.4419 28.8243 31.208 28.8154 31.1999 33.5933 35.5325 29.7511 28.0629 27.6747 27.2869 24.4094
5.77 5.77 5.77 5.77 5.77 5.77 5.77 5.77 5.77 5.77 5.77 5.76905 11.5389 11.5375 5.76858 5.77 5.77 5.77 5.77 5.77 5.76892 11.5377 17.3071 11.5354 5.76842 5.77 5.77 5.77 5.77 5.77 5.77 5.77 5.77 5.77 5.77 5.77 5.77 5.77 5.77 5.77 5.77 5.77 5.77 5.77 5.77 5.77 5.77 5.77 5.77 5.77 5.77 5.77 5.77 5.77 5.77 5.77 5.77 5.77 5.77 5.77 5.76896 5.76834 5.76924 5.76865 5.75223 11.5062 17.2834 23.0596 23.0511 25.4343 23.0387 25.4251 27.8015 30.1963 32.5971 33.8511 33.4571 32.5796 30.1692
5.77 5.77 5.77 5.77 5.77 5.77 5.77 5.77 5.77 5.77 5.77 5.76883 11.5386 11.537 5.76832 5.77 5.77 5.77 5.77 5.77 5.7688 11.5374 17.3067 11.5348 5.76818 5.77 5.77 5.77 5.77 5.77 5.77 5.77 5.77 5.77 5.77 5.77 5.77 5.77 5.77 5.77 5.77 5.77 5.77 5.77 5.77 5.77 5.77 5.77 5.77 5.77 5.77 5.77 5.77 5.77 5.77 5.77 5.77 5.77 5.77 5.77 5.77 5.77 5.76955 8.15864 8.1459 13.9128 19.6833 19.6765 17.2767 19.6595 17.2631 19.6479 22.0286 24.4202 30.1985 32.6017 38.3814 32.6035 27.8083
