tests/full-run-ref/erosion_80_12_73.027.asc
ncols 512
nrows 512
xllcorner -3.24582
yllcorner -4.08743
cellsize 5
NODATA_value -99999
[rows 0 to 32 of 512, columns 370 to 443 of 512]
10.77 10.77 10.77 10.77 10.77 10.77 10.77 10.77 13.16 16.2933 16.54 16.32 13.93 8.16001 5.77 8.16001 10.77 10.77 10.77 10.77 10.77 10.77 10.77 10.77 10.77 10.77 13.16 16.2992 16.54 16.32 13.93 11.54 10.77 10.77 10.77 10.77 10.77 13.16 16.2936 16.5398 16.3196 13.16 10.77 10.77 10.77 10.77 10.77 10.77 10.77 10.77 8.16001 5.77 5.77 8.16001 10.77 10.77 13.16 13.16 10.77 10.77 10.77 10.77 10.77 10.77 8.16001 5.77 5.77 8.16001 10.77 10.77 10.77 10.77 10.77 13.16
5 5.77002 5 5.77002 5 5.77002 5 5.77002 8.13238 10.77 10.77 10.77 8.16001 5.77002 5.77004 5.77004 5.77004 5 5.77004 5 5.77004 5 5.77004 5 5.77004 5 8.13823 10.77 10.77 10.77 8.16001 5.77002 5.77001 5.77001 5 5.77001 5 8.13269 10.7699 10.7698 10.7698 8.15958 4.99999 5.76999 4.99999 5.76999 4.99999 5.76999 4.99998 5.76999 5.76999 5.77 5.77 5.76999 4.99999 5.76999 8.15945 8.1595 4.99999 5.76999 4.99999 5.76999 4.99999 5.77 5.77 5.77 5.77 5.77 4.99999 5.76999 4.99999 5.76999 4.99999 8.1429
5.77004 5.77004 5.77004 5.77004 5.77004 5.77004 5.77004 5.77004 5 5.77002 5 5.77002 5 5.77004 5.77004 5.77004 5.77004 5.77004 5.77004 5.77004 5.77004 5.77004 5.77004 5.77004 5.77004 5.77004 5.77004 5 5.77003 5 5.77003 5.77004 5.77004 5.77004 5.77004 5.77004 5.77004 5.77001 5 5.77 5 5.77 5.77002 5.77004 5.77004 5.77004 5.77004 5.77004 5.77004 5.77004 5.77004 5 5.77004 5.77004 5.77004 5.77004 5.77004 5.77004 5.77004 5.77004 5.77004 5.77004 5.77004 5.77004 5.77004 5.77004 5.77004 5.77004 5.77004 5.77004 5.77004 5.77004 5.77002 5.77
5 5.77004 5 5.77004 5.77004 5.77004 5 5.77004 5.77003 5.77003 5.77003 5.77003 5.77003 5.77004 5 5.77004 5.77004 5 5.77004 5.77004 5.77004 5.77004 5 5.77004 5.77004 5.77003 5.77003 5.77003 5.77003 5.77003 5.77004 5.77004 5 5.77004 5.77004 5.77004 5.77004 5.77 5.77002 5.77 5.77002 5.77 5.77004 5 5.77004 5.77004 5.77004 5.77004 5.77004 5.77004 5.77004 5.77004 5.77004 5.77004 5.77004 5.77004 5.77004 5.77004 5.77004 5 5.77004 5 5.77004 5 5.77004 5 5.77004 5.77004 5.77004 5.77004 5 5.77004 5.77004 5.77001
5.77004 5.77004 5.77004 5.77004 5 5.77004 5.77004 5.77004 5.77003 5.77003 5.77003 5.77003 5.77004 5.77003 5.77004 5.77004 5 5.77004 5.77004 5 5.77004 5.77004 5.77004 5.77004 5.77004 5.77004 5.77004 5.77004 5.77004 5.77004 5.77004 5.77004 5.77004 5.77004 5 5.77004 5.77004 5.77004 5.77002 5.77002 5.77002 5.77002 5.77002 5.77004 5.77004 5.77004 5.77004 5 5.77004 5.77004 5 5.77004 5.77004 5.77004 5.77004 5 5.77004 5.77004 5.77004 5.77004 5.77004 5.77004 5.77004 5.77004 5.77004 5.77004 5.77004 5.77004 5.77004 5.77004 5.77004 5.77004 5.77004 5.77004
5 5.77004 5 5.77004 5.77004 5.77004 5.77004 5.77004 5 5.77003 5 5.77004 5.77004 5.77004 5.77004 5 5.77004 5.77004 5 5.77004 5.77004 5.77004 5.77004 5 5.77004 5.77004 5 5.77004 5.77004 5 5.77004 5 5.77004 5 5.77004 5.77004 5 5.77004 5 5.77002 5 5.77002 5 5.77004 5.77004 5 5.77004 5.77004 5.77004 5.77002 5.77004 5.77002 5 5.77002 5.77004 5.77004 5.77004 5 5.77004 5 5.77004 5 5.77004 5 5.77004 5 5.77004 5 5.77004 5 5.77004 5 5.77004 5.77004
5.77004 5.77004 5.77004 5.77004 5 5.77004 5.77004 5.77003 5.77003 5.77003 5.77003 5.77004 5.77004 5.77004 5 5.77004 5.77004 5 5.77004 5.77004 5 5.77004 5.77004 5.77004 5.77004 5.77004 5.77004 5.77004 5.77004 5.77004 5.77004 5.77004 5.77004 5.77004 5.77004 5 5.77004 5.77004 5.77002 5.77002 5.77002 5.77002 5.77002 5.77004 5.77004 5.77004 5.77004 5 5.77004 5 5.77002 5.77002 5.77002 5.77002 5.77004 5.77004 5.77004 5.77004 5.77004 5.77004 5.77004 5.77004 5.77004 5.77004 5.77004 5.77004 5.77004 5.77004 5.77004 5.77004 5.77004 5.77004 5.77004 5.77004
5 5.77004 5 5.77004 5.77004 5.77004 5.77004 5.77003 5.77003 5 5.77003 5.77004 5.77004 5 5.77004 5.77004 5.77004 5.77004 5.77004 5.77004 5.77004 5.77004 5 5.77004 5.77004 5.77004 5.77004 5 5.77004 5 5.77004 5 5.77004 5 5.77004 5.77004 5.77004 5.77004 5 5.77002 5 5.77002 5 5.77004 5 5.77004 5.77002 5.77002 5.77002 5.77002 5.77002 5 5.77002 5 5.77002 5 5.77004 5 5.77004 5 5.77004 5 5.77004 5 5.77004 5 5.77004 5 5.77004 5 5.77004 5 5.77004 5
5.77004 5.77004 5.77004 5.77004 5 5.77004 5.77004 5 5.77003 5.77003 5.77004 5.77004 5 5.77004 5.77004 5 5.77004 5 5.77002 5 5.77002 5.77002 5.77002 5.77002 5 5.77002 5.77002 5.77002 5.77002 5.77002 5.77002 5.77004 5.77004 5.77004 5.77004 5 5.77004 5.77004 5.77004 5.77004 5.77004 5.77004 5.77004 5.77002 5.77002 5.77002 5 5.77002 5 5.77002 5.77002 5.77002 5.77002 5.77002 5.77002 5.77002 5.77002 5.77002 5.77002 5.77004 5.77004 5.77004 5.77004 5.77004 5.77004 5.77004 5.77004 5.77004 5.77004 5.77004 5.77004 5.77004 5.77004 5.77004
5.77004 5 5.77004 5.77004 5.77004 5.77004 5.77004 5.77004 5.77004 5.77004 5.77004 5.77004 5.77004 5.77004 5.77004 5.77004 5.77002 5.77002 5.77002 5.77002 5.77002 5 5.77002 5.77002 5.77002 5.77002 5 5.77002 5 5.77002 5 5.77002 5.77004 5.77004 5 5.77004 5.77004 5 5.77004 5 5.77004 5 5.77002 5 5.77002 5.77002 5.77002 5.77002 5.77002 5.77002 5 5.77002 5 5.77002 5 5.77002 5 5.77002 5 5.77002 5.77004 5 5.77004 5 5.77004 5 5.77004 5 5.77004 5 5.77004 5 5.77004 5
5.77002 5.77004 5.77004 5 5.77004 5 5.77004 5.77004 5 5.77004 5 5.77004 5 5.77004 5 5.77002 5 5.77002 5 5.77002 5.77002 5.77002 5.77002 5 5.77002 5.77002 5.77002 5.77002 5.77002 5.77002 5.77002 5.77004 5.77004 5 5.77004 5.77004 5 5.77004 5.77004 5.77004 5.77002 5.77002 5.77002 5.77002 5.77002 5 5.77002 5 5.77002 5.77002 5.77002 5.77002 5.77002 5.77002 5.77002 5.77002 5.77002 5.77002 5.77002 5.77004 5.77004 5.77004 5.77004 5.77004 5.77004 5.77004 5.77004 5.77004 5.77004 5.77004 5.77004 5.77004 5.77004 5.77004
5 5.77002 5.77002 5.77004 5.77004 5.77004 5.77004 5 5.77004 5.77004 5.77004 5.77004 5.77004 5.77002 5.77002 5.77002 5.77002 5.77002 5.77002 5.77002 5 5.77002 5.77002 5.77002 5.77002 5 5.77002 5 5.77002 5 5.77004 5 5.77004 5.77004 5.77004 5 5.77004 5.77004 5 5.77002 5 5.77002 5 5.77002 5.77002 5.77002 5.77002 5.77002 5.77002 5 5.77002 5 5.77002 5 5.77002 5 5.77002 5 5.77002 5.77004 5.77004 5 5.77004 5 5.77004 5 5.77004 5 5.77004 5 5.77004 5 5.77004 5
5.77002 5.77002 5 5.77004 5 5.77004 5 5.77004 5.77004 5 5.77004 5 5.77002 5 5.77002 5 5.77002 5 5.77002 5.77002 5.77002 5.77002 5 5.77002 5.77002 5.77002 5.77002 5.77002 5.77002 5.77002 5.77002 5.77002 5.77004 5 5.77004 5.77004 5.77004 5.77002 5.77004 5.77002 5.77002 5.77002 5.77002 5.77002 5 5.77002 5 5.77002 5.77002 5.77002 5.77002 5.77002 5.77002 5.77002 5.77002 5.77002 5.77002 5.77004 5.77004 5.77004 5.77004 5.77004 5.77004 5.77004 5.77004 5.77004 5.77004 5.77004 5.77004 5.77004 5.77004 5.77004 5.77004 5.77004
5.77002 5.77002 5.77002 5.77002 5.77004 5.77004 5.77004 5.77004 5 5.77004 5.77004 5.77004 5.77002 5.77002 5.77002 5.77002 5.77002 5.77002 5.77002 5 5.77002 5.77002 5.77002 5.77002 5 5.77002 5 5.77002 5 5.77002 5 5.77002 5.77002 5.77002 5.77004 5 5.77004 5.77004 5 5.77002 5 5.77002 5 5.77002 5.77002 5.77002 5.77002 5.77002 5 5.77002 5 5.77002 5 5.77002 5 5.77002 5.77004 5 5.77004 5 5.77004 5 5.77004 5 5.77004 5 5.77004 5 5.77004 5 5.77004 5 5.77004 5
5.77002 5 5.77002 5 5.77002 5 5.77004 5.77004 5.77004 5.77004 5 5.77002 5 5.77002 5 5.77002 5 5.77002 5.77002 5.77002 5.77002 5 5.77002 5.77002 5.77002 5.77002 5.77002 5.77002 5.77002 5.77002 5.77002 5.77002 5 5.77002 5.77002 5.77002 5.77004 5.77002 5.77002 5.77002 5.77002 5.77002 5.77002 5.77002 5 5.77002 5 5.77002 5.77002 5.77002 5.77002 5.77002 5.77002 5.77002 5.77002 5.77004 5.77004 5.77004 5.77004 5.77004 5.77004 5.77004 5.77004 5.77004 5.77004 5.77004 5.77004 5.77004 5.77004 5.77004 5.77004 5.77004 5.77004 5.77004
5.77002 5.77002 5.77002 5.77002 5.77002 5.77002 5.77004 5.77004 5 5.77004 5.77004 5.77002 5.77002 5.77002 5.77002 5.77002 5.77002 5.77002 5 5.77002 5.77002 5.77002 5.77002 5 5.77002 5 5.77002 5 5.77002 5 5.77002 5.77002 5.77002 5.77002 5 5.77002 5 5.77002 5 5.77002 5 5.77002 5 5.77002 5.77002 5.77002 5.77002 5.77002 5 5.77002 5 5.77002 5 5.77002 5 5.77004 5 5.77004 5 5.77004 5 5.77004 5 5.77004 5 5.77004 5 5.77004 5 5.77004 5 5.77004 5 5.77004
5.77002 5 5.77002 5 5.77002 5 5.77002 5.77003 5.77004 5.77004 5 5.77002 5 5.77002 5 5.77002 5 5.77002 5.77002 5.77002 5 5.77002 5.77002 5.77002 5.77002 5.77002 5.77002 5.77002 5.77002 5.77002 5.77002 5 5.77002 5.77002 5.77002 5.77002 5.77002 5.77002 5.77002 5.77002 5.77002 5.77002 5.77002 5.77002 5 5.77002 5 5.77002 5.77002 5.77002 5.77002 5.77002 5.77002 5.77004 5.77004 5.77004 5.77004 5.77004 5.77004 5.77004 5.77004 5.77004 5.77004 5.77004 5.77004 5.77004 5.77004 5.77004 5.77004 5.77004 5.77004 5.77004 5.77004 5.77004
5.77002 5.77002 5.77002 5.77002 5.77002 5.77002 5.77002 5 5.77004 5.77002 5.77002 5.77002 5.77002 5.77002 5.77002 5.77002 5.77002 5.77002 5 5.77002 5.77002 5.77002 5 5.77002 5 5.77002 5 5.77002 5 5.77002 5.77002 5.77002 5.77002 5 5.77002 5 5.77002 5 5.77002 5 5.77002 5 5.77002 5.77002 5.77002 5.77002 5.77002 5.77002 5 5.77002 5 5.77002 5.77004 5.77004 5.77004 5 5.77004 5 5.77004 5 5.77004 5 5.77004 5 5.77004 5 5.77004 5 5.77004 5 5.77004 5 5.77004 5
5.77002 5 5.77002 5 5.77002 5 5.77002 5.77002 5.77002 5.77004 5 5.77002 5 5.77002 5 5.77002 5 5.77002 5.77002 5.77002 5 5.77002 5.77002 5.77002 5.77002 5.77002 5.77002 5.77002 5.77002 5.77002 5 5.77002 5.77002 5.77002 5.77002 5.77002 5.77002 5.77002 5.77002 5.77002 5.77002 5.77002 5.77002 5 5.77002 5 5.77002 5.77002 5.77002 5.77002 5.77002 5.77004 5.77004 5.77004 5.77004 5.77004 5.77004 5.77004 5.77004 5.77004 5.77004 5.77004 5.77004 5.77004 5.77004 5.77004 5.77004 5.77004 5.77004 5.77004 5.77004 5.77004 5.77004 5.77004
5.77002 5.77002 5.77002 5.77002 5.77002 5.77002 5.77002 5 5.77002 5.77002 5.77002 5.77002 5.77002 5.77002 5.77002 5.77002 5.77002 5.77002 5 5.77002 5.77002 5.77002 5 5.77002 5 5.77002 5 5.77002 5 5.77002 5.77002 5.77002 5 5.77002 5 5.77002 5 5.77002 5 5.77002 5 5.77002 5.77002 5.77002 5.77002 5.77002 5.77002 5 5.77002 5 5.77004 5 5.77004 5.77004 5 5.77004 5 5.77004 5 5.77004 5 5.77004 5 5.77004 5 5.77004 5 5.77004 5 5.77004 5 5.77004 5 5.77004
5 5.77002 5 5.77002 5 5.77002 5.77002 5.77002 5.77002 5 5.77002 5 5.77002 5 5.77002 5 5.77002 5.77002 5.77002 5.77002 5 5.77002 5.77002 5.77002 5.77002 5.77002 5.77002 5.77002 5.77002 5.77002 5 5.77002 5.77002 5.77002 5.77002 5.77002 5.77002 5.77002 5.77002 5.77002 5.77002 5.77002 5 5.77002 5 5.77002 5.77002 5.77002 5.77002 5.77004 5.77004 5.77004 5.77004 5.77004 5.77004 5.77004 5.77004 5.77004 5.77004 5.77004 5.77004 5.77004 5.77004 5.77004 5.77004 5.77004 5.77004 5.77004 5.77004 5.77004 5.77004 5.77004 5.77004 5.77004
5.77002 5.77002 5.76978 5.76903 5.76807 5.76837 4.99935 5.77002 5.77002 5.77002 5.77002 5.77002 5.77002 5.77002 5.77002 5.77002 5.77002 5 5.77002 5.77002 5.77002 5.77002 5 5.77002 5 5.77002 5 5.77002 5 5.77002 5.77002 5.77002 5 5.77002 5 5.77002 5 5.77002 5 5.77002 5 5.77002 5.77002 5.77002 5.77002 5.77002 5 5.77002 5 5.77004 5 5.77004 5 5.77004 5 5.77004 5 5.77004 5 5.77004 5 5.77004 5 5.77004 5 5.77004 5 5.77004 5 5.77004 5 5.77004 5 5.77004
5.77002 5 5.7697 6.15573 6.16002 6.15349 5.76933 5.77002 5 5.77002 5 5.77002 5 5.77002 5 5.77002 5.77002 5.77002 5.77002 5 5.77002 5.77002 5.77002 5.77002 5.77002 5.77002 5.77002 5.77002 5.77002 5.77002 5 5.77002 5.77002 5.77002 5.77002 5.77002 5.77002 5.77002 5.77002 5.77002 5.77002 5.77002 5 5.77002 5 5.77002 5.77002 5.77004 5.77004 5.77004 5.77004 5.77004 5.77004 5.77004 5.77004 5.77004 5.77004 5.77004 5.77004 5.77004 5.77004 5.77004 5.77004 5.77004 5.77004 5.77004 5.77004 5.77004 5.77004 5.77004 5.77004 5.77004 5.77004 5.77004
5.77002 5.77002 5.76983 4.99917 5.76852 4.99877 5.76939 5.77002 5.77002 5.77002 5.77002 5.77002 5.77002 5.77002 5.77002 5.77002 5 5.77002 5.77002 5.77002 5.77002 5 5.77002 5 5.77002 5 5.77002 5 5.77002 5.77002 5.77002 5.77002 5 5.77002 5 5.77002 5 5.77002 5 5.77002 5 5.77002 5.77002 5.77002 5.77002 5.77002 5 5.77004 5.77004 5 5.77004 5 5.77004 5 5.77004 5 5.77004 5 5.77004 5 5.77004 5 5.77004 5 5.77004 5 5.77004 5 5.77004 5 5.77004 5 5.77004 5
5.77002 5 5.77002 5.77002 5.77002 5.77002 5.77002 5 5.77002 5 5.77002 5 5.77002 5 5.77002 5.77002 5.77002 5.77002 5 5.77002 5.77002 5.77002 5.77002 5.77002 5.77002 5.77002 5.77002 5.77002 5.77002 5 5.77002 5.77002 5.77002 5.77002 5.77002 5.77002 5.77002 5.77002 5.77002 5.77002 5.77002 5.77002 5 5.77002 5 5.77004 5.77004 5.77004 5.77004 5.77004 5.77004 5.77004 5.77004 5.77004 5.77004 5.77004 5.77004 5.77004 5.77004 5.77004 5.77004 5.77004 5.77004 5.77004 5.77004 5.77004 5.77004 5.77004 5.77004 5.77004 5.77004 5.77004 5.77004 5.77004
5.77002 5.77002 5.77002 5 5.77002 5 5.77002 5.77002 5.77002 5.77002 5.77002 5.77002 5.77002 5.77002 5.77002 5 5.77002 5.77002 5.77002 5.77002 5 5.77002 5 5.77002 5 5.77002 5 5.77002 5.77002 5.77002 5.77002 5 5.77002 5 5.77002 5 5.77002 5 5.77002 5 5.77002 5.77002 5.77002 5.77002 5.77002 5.77004 5 5.77004 5 5.77004 5 5.77004 5 5.77004 5 5.77004 5 5.77004 5 5.77004 5 5.77004 5 5.77004 5 5.77004 5 5.77004 5 5.77004 5 5.77004 5 5.77004
5.77002 5 5.77002 5.77002 5.77002 5.77002 5.77002 5 5.77002 5 5.77002 5 5.77002 5 5.77002 5.77002 5.77002 5 5.77002 5.77002 5.77002 5.77002 5.77002 5.77002 5.77002 5.77002 5.77002 5.77002 5 5.77002 5.77002 5.77002 5.77002 5.77002 5.77002 5.77002 5.77002 5.77002 5.77002 5.77002 5.77002 5 5.77002 5.77004 5.77004 5.77004 5.77004 5.77004 5.77004 5.77004 5.77004 5.77004 5.77004 5.77004 5.77004 5.77004 5.77004 5.77004 5.77004 5.77004 5.77004 5.77004 5.77004 5.77004 5.77004 5.77004 5.77004 5.77004 5.77004 5.77004 5.77004 5.77004 5.77004 5.77004
5.77002 5.77002 5.77002 5 5.77002 5 5.77002 5.77002 5.77002 5.77002 5.77002 5.77002 5.77002 5.77002 5.77002 5 5.77002 5.77002 5.77002 5 5.77002 5 5.77002 5 5.77002 5 5.77002 5.77002 5.77002 5.77002 5 5.77002 5 5.77002 5 5.77002 5 5.77002 5 5.77002 5.77002 5.77002 5.77002 5.77004 5 5.77004 5 5.77004 5 5.77004 5 5.77004 5 5.77004 5 5.77004 5 5.77004 5 5.77004 5 5.77004 5 5.77004 5 5.77004 5 5.77004 5 5.77004 5 5.77004 5 5.77004
5.77002 5 5.77002 5.77002 5.77002 5.77002 5.77002 5 5.77002 5 5.77002 5 5.77002 5 5.77002 5.77002 5.77002 5 5.77002 5.77002 5.77002 5.77002 5.77002 5.77002 5.77002 5.77002 5.77002 5 5.77002 5.77002 5.77002 5.77002 5.77002 5.77002 5.77002 5.77002 5.77002 5.77002 5.77002 5.77002 5 5.77004 5.77004 5.77004 5.77004 5.77004 5.77004 5.77004 5.77004 5.77004 5.77004 5.77004 5.77004 5.77004 5.77004 5.77004 5.77004 5.77004 5.77004 5.77004 5.77004 5.77004 5.77004 5.77004 5.77004 5.77004 5.77004 5.77004 5.77004 5.77004 5.77004 5.77004 5.77004 5.77004
5.77002 5.77002 5.77002 5 5.77002 5 5.77002 5.77002 5.77002 5.77002 5.77002 5.77002 5.77002 5.77002 5.77002 5 5.77002 5.77002 5.77002 5 5.77002 5 5.77002 5 5.77002 5 5.77002 5.77002 5.77002 5 5.77002 5 5.77002 5 5.77002 5 5.77002 5 5.77002 5.77002 5.77004 5.77002 5.77004 5.77004 5 5.77004 5 5.77004 5 5.77004 5 5.77004 5 5.77004 5 5.77004 5 5.77004 5 5.77004 5 5.77004 5 5.77004 5 5.77004 5 5.77004 5 5.77004 5 5.77004 5 5.77004
5 5.77002 5.77002 5.77002 5.77002 5.77002 5.77002 5 5.77002 5 5.77002 5 5.77002 5 5.77002 5.77002 5.77002 5 5.77002 5.77002 5.77002 5.77002 5.77002 5.77002 5.77002 5.77002 5.77002 5 5.77002 5.77002 5.77002 5.77002 5.77002 5.77002 5.77002 5.77002 5.77002 5.77002 5.77002 5.77004 5.77004 5.77004 5.77004 5.77004 5.77004 5.77004 5.77004 5.77004 5.77004 5.77004 5.77004 5.77004 5.77004 5.77004 5.77004 5.77004 5.77004 5.77004 5.77004 5.77004 5.77004 5.77004 5.77004 5.77004 5.77004 5.77004 5.77004 5.77004 5.77004 5.77004 5.77004 5.77004 5.77004 5.77004
5.77002 5.77002 5 5.77002 5 5.77002 5.77002 5.77002 5.77002 5.77002 5.77002 5.77002 5.77002 5.77002 5.77002 5 5.77002 5.77002 5.77002 5 5.77002 5 5.77002 5 5.77002 5 5.77002 5.77002 5.77002 5 5.77002 5 5.77002 5 5.77002 5 5.77002 5 5.77004 5 5.77004 5 5.77004 5 5.77004 5 5.77004 5 5.77004 5 5.77004 5 5.77004 5 5.77004 5 5.77004 5 5.77004 5 5.77004 5 5.77004 5 5.77004 5 5.77004 5 5.77004 5 5.77004 5 5.77004 5
5 5.77002 5.77002 5.77002 5.77002 5.77002 5 5.77002 5 5.77002 5 5.77002 5 5.77002 5.77002 5.77002 5.77002 5 5.77002 5.77002 5.77002 5.77002 5.77002 5.77002 5.77002 5.77002 5.77002 5 5.77002 5.77002 5.77002 5.77002 5.77002 5.77002 5.77002 5.77002 5.77002 5.77004 5.77004 5.77004 5.77004 5.77004 5.77004 5.77004 5.77004 5.77004 5.77004 5.77004 5.77004 5.77004 5.77004 5.77004 5.77004 5.77004 5.77004 5.77004 5.77004 5.77004 5.77004 5.77004 5.77004 5.77004 5.77004 5.77004 5.77004 5.77004 5.77004 5.77004 5.77004 5.77004 5.77004 5.77004 5.77004 5.77004
