tests/full-run-ref/erosion_80_12_73.027.asc
ncols 512
nrows 512
xllcorner -3.24582
yllcorner -4.08743
cellsize 5
NODATA_value -99999
[rows 165 to 197 of 512, columns 438 to 510 of 512]
11.5399 11.5399 11.5399 11.5399 11.5399 11.5398 11.5398 11.5399 11.5399 11.5399 11.5399 11.539 11.54 11.5399 11.54 11.5399 11.5399 11.5399 11.5399 11.5399 11.5399 11.5399 11.5398 11.5398 11.5397 11.5396 11.5399 11.5399 11.5399 11.5399 11.54 11.54 11.5399 11.5399 11.54 11.54 11.54 11.54 11.54 11.54 11.54 11.54 11.54 11.54 11.54 11.54 11.54 11.54 11.54 11.54 11.54 11.54 11.54 10.207 11.3619 11.0314 12.5474 10.1081 11.54 11.54 11.54 11.54 11.54 11.54 11.54 11.54 11.54 11.54 11.54 11.54 10.5387 14.0582 19.9165
11.5399 11.5399 11.5398 11.5398 11.5398 11.5397 11.5398 11.5398 11.5398 11.5398 11.5398 11.5394 11.5394 11.5394 11.5398 11.5399 11.5399 11.5397 11.5398 11.5399 11.5398 11.5399 11.5399 11.5398 11.5399 11.5399 11.5399 11.54 11.54 11.54 11.5399 11.5399 11.54 11.54 11.54 11.54 11.54 11.54 11.54 11.54 11.54 11.54 11.54 11.54 8.40215 8.46785 8.43023 11.54 11.54 11.54 11.54 11.54 11.54 10.4911 11.9716 10.9803 9.96894 10.6704 11.54 11.54 11.54 11.54 11.54 11.54 11.54 11.0924 10.9012 11.1466 11.54 11.54 9.96863 13.5889 19.6564
11.5399 11.5398 11.5398 11.5398 11.5397 11.5397 11.5398 11.5398 11.5397 11.5398 11.5399 11.5399 11.5399 11.5398 11.5399 11.5398 11.5399 11.5399 11.5399 11.5399 11.5398 11.5399 11.5399 11.5398 11.5399 11.5399 11.5399 11.5399 11.54 11.54 11.5399 11.54 11.54 11.54 11.5399 11.54 11.54 11.54 11.54 11.54 11.54 11.54 11.54 11.54 7.89338 12.8381 9.57643 11.54 10.3388 10.5431 10.6526 11.54 11.54 10.4178 12.4856 11.0659 11.54 11.54 11.54 11.54 11.54 11.54 11.54 11.54 11.54 10.8623 11.7862 10.8282 11.54 11.54 9.73782 15.5787 21.603
11.5399 11.5398 11.5398 11.5397 11.5397 11.5398 11.5398 11.5398 11.5398 11.5398 11.5399 11.5399 11.5398 11.5399 11.5399 11.5399 11.5399 11.5399 11.5399 11.54 11.54 11.54 11.54 11.54 11.54 11.54 11.54 11.54 11.54 11.54 11.5398 11.5399 11.5399 11.54 11.54 11.54 11.54 11.54 11.54 11.54 11.54 11.54 11.54 11.54 6.30375 6.90275 9.51234 11.54 11.0737 12.3916 10.8997 11.54 11.54 11.1061 12.354 11.2024 11.3834 11.54 11.54 11.54 11.54 11.54 11.54 11.54 11.54 11.1358 10.8216 11.0836 11.54 11.54 9.76896 14.4978 20.4669
11.5399 11.5399 11.5398 11.5398 11.5399 11.5399 11.5398 11.5398 11.5398 11.5397 11.5396 11.5397 11.5399 11.5398 11.5398 11.5398 11.5398 11.5397 11.5398 11.54 11.5397 11.54 11.5398 11.5398 11.5398 11.5398 11.5398 11.54 11.5399 11.54 11.54 11.54 11.54 11.54 11.54 11.54 11.54 11.54 11.54 11.54 11.54 11.54 11.54 11.54 11.54 11.54 11.54 11.54 9.57499 7.05288 7.7444 11.54 11.54 9.11645 8.86255 12.3086 11.4254 11.428 10.5395 10.6244 11.54 11.54 11.54 11.54 11.54 11.54 11.54 11.54 11.54 10.1083 11.1556 16.6226 22.5533
11.5399 11.5399 11.5398 11.5397 11.5398 11.5398 11.5398 11.5397 11.5399 11.5398 11.5398 11.5397 11.5398 11.5398 11.5397 11.5399 11.5397 11.5397 11.5395 11.5397 11.5394 11.5393 11.5395 11.5394 11.5394 11.5394 11.5394 11.5397 11.5399 11.5398 11.54 11.54 11.54 11.54 11.54 11.54 11.54 11.54 11.54 11.54 11.54 11.54 11.54 11.54 11.54 11.54 11.54 11.5399 11.54 11.54 11.54 11.54 11.54 11.54 8.00435 8.02344 10.4459 11.3533 12.2239 9.74053 11.54 11.54 11.54 11.54 11.54 11.54 11.54 11.54 11.54 10.2867 14.5085 19.0072 24.9414
11.5399 11.5397 11.5396 11.5394 11.5398 11.5399 11.5399 11.5399 11.54 11.54 11.54 11.54 11.5399 11.54 11.5399 11.54 11.5399 11.5399 11.54 11.5396 11.5391 11.5397 11.5398 11.5397 11.5397 11.5397 11.5398 11.5396 11.5396 11.5399 11.54 11.54 11.54 11.54 11.54 11.54 11.54 11.54 11.54 11.54 11.54 11.54 11.54 11.54 11.54 11.54 11.54 11.54 11.54 11.54 11.54 11.54 11.54 11.54 11.54 11.54 10.615 10.7175 10.049 9.69054 11.54 11.54 11.54 11.54 8.11866 9.78054 10.2824 11.54 11.54 9.85017 15.6738 21.5473 27.3314
11.54 11.5397 11.54 11.5389 11.5399 11.54 11.54 11.5399 11.5399 11.5399 11.5398 11.5398 11.5399 11.5399 11.5399 11.5399 11.5398 11.54 11.54 11.54 11.54 11.54 11.54 11.54 11.54 11.54 11.54 11.5398 11.5399 11.54 11.54 11.54 11.54 11.54 11.54 11.54 11.54 11.54 11.54 11.54 11.54 11.54 11.54 11.54 11.54 11.54 11.54 11.54 11.54 11.54 11.54 11.54 11.54 11.54 11.54 11.54 9.87288 11.8728 9.6346 11.54 11.54 11.54 11.54 11.54 6.529 12.8238 9.34504 11.54 11.54 9.96643 15.4054 21.3323 27.1283
11.54 11.5399 11.5397 11.5396 11.5399 11.5399 11.5399 11.5399 11.5398 11.5399 11.5399 11.5399 11.5399 11.5399 11.5399 11.5399 11.5398 11.5396 11.5397 11.5395 11.5396 11.5397 11.5397 11.5398 11.5397 11.5398 11.5398 11.5399 11.54 11.54 11.54 11.54 11.54 11.54 11.54 11.54 11.54 11.54 11.54 11.54 11.54 11.54 11.54 11.54 11.54 11.54 11.54 11.54 11.54 11.54 11.54 11.54 11.54 11.54 11.54 11.54 9.91131 9.37945 9.60348 11.54 11.54 11.54 11.54 11.54 6.77304 8.07171 9.31365 11.54 11.54 10.2978 14.8613 20.8234 26.5958
11.54 11.54 11.5399 11.54 11.5399 11.5399 11.5399 11.5398 11.54 11.54 11.54 11.54 11.54 11.5399 11.54 11.54 11.54 11.54 11.5396 11.5391 11.5393 11.5392 11.5394 11.5395 11.5396 11.5396 11.5399 11.5399 11.5399 11.54 11.54 11.54 11.54 11.54 11.54 11.54 11.54 11.54 11.54 11.54 11.54 11.54 11.54 11.54 11.54 11.54 11.54 11.54 11.5399 11.54 11.5399 11.5399 11.5399 11.54 11.54 11.54 11.54 11.54 11.54 11.54 11.54 11.54 11.54 11.54 11.54 11.54 11.54 11.54 10.248 11.247 17.0604 22.894 28.6696
11.54 11.54 11.5399 11.54 11.5399 11.54 11.5399 11.5399 11.54 11.5399 11.5399 11.54 11.5399 11.5399 11.54 11.5399 11.54 11.5397 11.54 11.54 11.54 11.54 11.54 11.54 11.5399 11.5399 11.5399 11.5399 11.5399 11.54 11.5399 11.54 11.54 11.54 11.5399 11.54 11.54 11.54 11.54 11.54 11.5399 11.54 11.5399 11.54 11.54 11.54 11.54 11.54 11.54 11.5399 11.5399 11.54 11.54 11.54 11.54 11.54 11.54 11.54 11.54 11.54 11.54 11.54 11.54 11.54 11.54 11.54 11.54 11.54 9.02486 13.0423 18.9234 24.7235 30.495
11.54 11.54 11.54 11.54 11.5399 11.54 11.54 11.5399 11.5399 11.54 11.54 11.5399 11.5399 11.5399 11.5399 11.5397 11.5394 11.5394 11.5397 11.5396 11.5397 11.5397 11.5398 11.5391 11.5394 11.5397 11.5399 11.5399 11.5398 11.54 11.5398 11.5399 11.5399 11.5399 11.5399 11.54 11.5399 11.54 11.54 11.54 11.5398 11.5398 11.5399 11.54 11.54 11.54 11.54 11.54 11.54 11.54 11.54 11.54 11.54 11.54 11.54 11.54 11.54 11.54 11.54 11.54 11.54 11.54 11.54 11.54 11.54 11.54 11.54 11.54 9.54097 14.6529 20.513 26.2972 32.0678
11.54 11.54 11.54 11.54 11.54 11.54 11.5399 11.54 11.54 11.54 11.5399 11.5399 11.54 11.5399 11.5397 11.5395 11.5398 11.5397 11.5397 11.5393 11.5393 11.5394 11.5396 11.539 11.54 11.5397 11.54 11.54 11.5399 11.5398 11.5399 11.54 11.5399 11.5399 11.5399 11.54 11.5399 11.5399 11.5398 11.5399 11.5399 11.54 11.54 11.54 11.5399 11.5399 11.54 11.54 11.54 11.54 11.54 11.54 11.54 11.54 11.5399 11.5399 11.54 11.54 11.54 11.54 11.54 11.54 11.54 11.54 11.54 11.54 11.54 11.54 11.1119 15.1008 21.0468 26.8518 32.622
11.54 11.54 11.54 11.54 11.54 11.5399 11.54 11.5399 11.54 11.54 11.54 11.54 11.54 11.5399 11.5399 11.5399 11.5399 11.5398 11.5397 11.5397 11.5397 11.5397 11.5398 11.5392 11.5397 11.54 11.54 11.5398 11.5398 11.5396 11.5399 11.5398 11.5399 11.5399 11.5398 11.5399 11.54 11.5399 11.5399 11.5398 11.5399 11.5399 11.54 11.5399 11.54 11.54 11.54 11.5399 11.54 11.5399 11.5399 11.5399 11.54 11.5399 11.54 11.54 11.54 11.54 11.54 11.54 11.54 11.54 11.54 11.54 11.54 11.54 11.1333 11.2849 10.7234 14.9177 21.0502 26.9261 32.6965
11.54 11.54 11.54 11.54 11.5399 11.54 11.54 11.54 11.54 11.54 11.54 11.5399 11.5399 11.54 11.54 11.54 11.54 11.54 11.54 11.54 11.54 11.5398 11.5398 11.5399 11.54 11.54 11.54 11.5399 11.5397 11.5399 11.5396 11.5397 11.5398 11.5399 11.5399 11.5399 11.54 11.54 11.54 11.54 11.54 11.54 11.54 11.5399 11.5398 11.5399 11.54 11.54 11.5399 11.54 11.54 11.54 11.5399 11.54 11.54 11.54 11.54 11.54 11.54 11.54 11.54 11.54 11.54 11.54 11.54 11.54 9.82397 11.4117 13.7554 17.1091 23.234 29.1392 34.9092
11.54 11.54 11.54 11.54 11.54 11.5399 11.5399 11.54 11.54 11.54 11.54 11.54 11.54 11.54 11.54 11.5398 11.5398 11.54 11.54 11.5398 11.5398 11.5398 11.5399 11.5399 11.54 11.54 11.54 11.54 11.5399 11.5399 11.5399 11.5396 11.5398 11.54 11.5399 11.5398 11.5399 11.5398 11.5399 11.5399 11.5399 11.54 11.54 11.5399 11.54 11.5399 11.5399 11.5399 11.54 11.54 11.54 11.54 11.54 11.54 11.54 11.54 11.54 11.54 11.54 11.54 11.54 11.54 11.54 11.54 11.54 11.54 9.02169 13.7031 19.6643 22.3888 25.6417 31.5292 37.2992
11.54 11.54 11.54 11.54 11.54 11.54 11.54 11.5399 11.54 11.5399 11.5399 11.5399 11.5399 11.5399 11.5396 11.5396 11.5395 11.5397 11.5395 11.5397 11.5399 11.5399 11.5399 11.54 11.5399 11.54 11.5399 11.5399 11.5399 11.5399 11.5399 11.5399 11.5397 11.54 11.54 11.54 11.5398 11.5396 11.5396 11.5397 11.5398 11.5399 11.54 11.54 11.54 11.54 11.54 11.5399 11.54 11.54 11.54 11.54 11.54 11.54 11.54 11.54 11.54 11.54 11.54 11.54 11.54 11.54 11.54 11.54 11.3581 10.9028 10.1914 12.0644 18.594 24.7317 30.5992 33.8976 39.6892
11.54 11.54 11.54 11.54 11.54 11.54 11.54 11.5398 11.5399 11.5398 11.5398 11.5398 11.5396 11.5398 11.5399 11.5399 11.5399 11.5397 11.5395 11.5396 11.5399 11.54 11.54 11.54 11.54 11.54 11.54 11.54 11.5399 11.54 11.5399 11.5399 11.54 11.54 11.54 11.5398 11.54 11.54 11.54 11.54 11.5393 11.5398 11.3224 11.2917 11.4696 11.54 11.54 11.54 11.54 11.54 11.54 11.54 11.54 11.54 11.54 11.54 11.54 11.54 11.54 11.54 11.54 11.54 11.54 11.54 11.2509 12.4609 13.2581 14.656 20.9216 27.1072 33.0095 38.8043 42.0792
11.54 11.54 11.54 11.54 11.54 11.54 11.54 11.5399 11.5396 11.5395 11.5397 11.5397 11.5399 11.5399 11.5399 11.5399 11.54 11.54 11.5397 11.54 11.5398 11.54 11.54 11.54 11.54 11.5399 11.54 11.5398 11.5399 11.54 11.5399 11.5399 11.5397 11.5398 11.5394 11.5394 11.5397 11.5397 11.5397 11.5398 11.5388 11.54 11.3928 11.6289 11.3908 11.54 11.54 11.54 11.54 11.54 11.54 11.54 11.54 11.54 11.54 11.54 11.54 11.54 11.54 11.3614 11.4217 11.3433 11.54 11.54 11.2341 10.5996 11.7847 17.9198 23.5305 29.5124 35.4038 41.2011 46.9754
11.54 11.54 11.54 11.54 11.54 11.54 11.54 11.54 11.54 11.54 11.54 11.5399 11.5399 11.5399 11.54 11.5399 11.54 11.5399 11.5399 11.54 11.5399 11.54 11.5399 11.5398 11.5399 11.5397 11.5396 11.5398 11.5399 11.54 11.5398 11.54 11.54 11.5398 11.5398 11.5397 11.5396 11.5392 11.5393 11.5395 11.5389 11.5395 10.652 10.6466 11.1849 11.54 11.0375 10.9845 10.834 11.54 11.54 11.54 11.54 11.54 11.4488 11.4057 11.4355 11.54 11.54 11.1641 12.0806 10.8989 11.54 11.54 11.54 10.7043 10.0519 16.9074 23.3373 29.3314 35.2142 41.0222 46.7933
11.54 11.54 11.54 11.54 11.54 11.54 11.54 11.54 11.54 11.54 11.54 11.54 11.54 11.54 11.54 11.54 11.54 11.5399 11.54 11.5399 11.54 11.54 11.54 11.5399 11.5397 11.5396 11.54 11.54 11.54 11.54 11.54 11.5398 11.5397 11.5397 11.5397 11.5397 11.54 11.54 11.54 11.54 11.54 11.5399 11.54 11.5399 11.54 11.54 10.2933 13.0395 10.4415 11.1003 11.299 11.54 11.54 11.54 11.3509 11.9279 11.3086 11.54 11.54 10.9097 12.6981 10.4855 11.54 11.5135 10.6661 9.15672 11.712 18.7835 25.313 31.3212 37.1631 42.9665 48.7376
11.54 11.54 11.54 11.54 11.54 11.54 11.54 11.5398 11.5399 11.5398 11.5399 11.54 11.54 11.54 11.54 11.54 11.54 11.5399 11.5398 11.5399 11.54 11.54 11.54 11.54 11.54 11.54 11.5398 11.5398 11.54 11.54 11.54 11.54 11.5396 11.5397 11.5398 11.5396 11.5396 11.5395 11.5397 11.5398 11.5398 11.5399 11.54 11.5399 11.5399 11.54 10.1611 15.9189 10.8036 12.6411 10.4982 11.267 11.54 11.2384 11.0225 11.779 11.059 11.54 11.54 10.543 13.5531 10.1881 10.7048 9.81601 9.24646 14.0367 17.6845 21.2567 27.7017 33.7286 39.5681 45.3521 51.1276
11.54 11.54 11.54 11.54 11.54 11.54 11.54 11.54 11.5398 11.5398 11.5399 11.5399 11.5399 11.54 11.54 11.54 11.54 11.54 11.54 11.54 11.54 11.54 11.54 11.54 11.54 11.5398 11.5396 11.5395 11.5397 11.5394 11.5397 11.54 11.54 11.54 11.54 11.54 11.54 11.5395 11.5393 11.5391 11.5393 11.5398 11.54 11.54 11.54 11.54 10.5174 10.6707 16.1189 17.7847 12.054 10.3643 11.3097 10.5392 12.2226 12.2357 10.4538 11.54 10.95 9.98692 14.7191 9.46013 10.6012 12.8099 15.3196 18.308 23.4763 26.8779 30.1292 36.1188 41.9615 47.7441 53.5176
11.54 11.54 11.54 11.54 11.54 11.54 11.54 11.5399 11.5399 11.5399 11.5399 11.54 11.54 11.5399 11.54 11.5399 11.54 11.54 11.5399 11.5399 11.5399 11.5399 11.5399 11.5398 11.5399 11.5399 11.5399 11.5398 11.5394 11.5392 11.5395 11.539 11.5396 11.5397 11.5398 11.5397 11.5397 11.5397 11.5397 11.539 11.54 11.5397 11.54 11.54 11.54 11.54 11.54 11.0524 11.7274 17.0991 16.8135 11.3586 9.88885 9.75524 14.8061 14.6667 9.69139 10.4158 9.84666 13.3248 17.2696 14.5745 16.9553 19.4426 22.0668 24.6952 27.4819 32.2389 35.4121 38.5212 44.3511 50.1368 55.9077
11.54 11.54 11.54 11.54 11.54 11.54 11.54 11.54 11.54 11.54 11.54 11.54 11.54 11.5399 11.54 11.5398 11.54 11.54 11.5399 11.54 11.54 11.54 11.54 11.54 11.54 11.54 11.54 11.54 11.54 11.54 11.5393 11.5396 11.5396 11.5393 11.5394 11.5394 11.5395 11.539 11.5391 11.54 11.5398 11.5399 11.54 11.54 11.54 11.54 11.54 11.2969 10.1671 11.8133 18.5546 16.0318 12.0302 15.1052 18.4679 17.0783 13.8214 9.73233 14.0137 17.2676 22.3426 21.1856 23.5362 25.8964 28.3998 30.8905 33.3753 36.0064 40.6008 43.6857 46.7441 52.5271 58.2977
11.54 11.54 11.54 11.54 11.54 11.54 11.54 11.54 11.54 11.54 11.54 11.54 11.54 11.5399 11.54 11.5398 11.54 11.5399 11.5399 11.5399 11.54 11.5399 11.5399 11.5399 11.5399 11.5399 11.5399 11.5399 11.54 11.54 11.54 11.54 11.54 11.54 11.5397 11.5397 11.54 11.5391 11.54 11.5397 11.5399 11.5399 9.29493 10.3189 11.4 11.54 11.54 11.2137 10.2168 13.2366 19.7315 21.499 18.6592 21.2272 24.1832 23.0044 19.0817 16.3275 19.1556 23.1474 26.0385 27.378 29.7089 31.9923 34.4295 36.8615 39.2866 41.7073 44.2773 48.817 51.8734 54.916 60.6877
11.54 11.54 11.54 11.54 11.54 11.54 11.54 11.54 11.54 11.54 11.54 11.54 11.54 11.54 11.54 11.54 11.54 11.5399 11.5399 11.5398 11.5398 11.5398 11.5398 11.5398 11.5399 11.5398 11.5399 11.5399 11.5398 11.5397 11.5398 11.5396 11.5397 11.5397 11.5397 11.5397 11.5398 11.5389 11.5392 11.5398 11.5399 11.54 9.31366 12.1142 11.3144 11.54 11.54 11.0654 12.1722 16.3824 22.2348 27.4852 24.9827 27.3825 29.8362 27.8543 25.3232 22.7787 25.3749 27.8728 31.594 33.3301 35.6535 37.9054 40.3125 42.7162 45.1173 47.5163 49.9135 52.4639 56.9888 60.0375 63.0777
11.54 11.54 11.54 11.54 11.54 11.54 11.54 11.54 11.54 11.54 11.54 11.54 11.54 11.54 11.54 11.54 11.54 11.54 11.54 11.54 11.5398 11.5395 11.5396 11.5396 11.5397 11.5397 11.5398 11.5397 11.5397 11.5396 11.5395 11.5393 11.5393 11.5397 11.5398 11.54 11.5398 11.5398 11.5399 11.5397 11.5399 11.54 10.2181 11.4081 11.3418 11.54 11.54 11.148 12.2017 16.7022 22.5661 25.918 28.3786 30.7718 35.6887 33.739 31.2919 28.8508 31.3166 33.7442 36.1393 39.18 41.4953 43.7366 45.8432 48.2331 50.6242 53.0152 55.4059 57.7964 60.1867 63.5334 66.65
11.54 11.54 11.54 11.54 11.54 11.54 11.54 11.54 11.54 11.54 11.54 11.54 11.54 11.54 11.54 11.54 11.5399 11.5399 11.54 11.54 11.5399 11.5399 11.5399 11.5399 11.5399 11.54 11.5399 11.5399 11.5399 11.5399 11.5398 11.5398 11.5398 11.5398 11.5398 11.5398 11.5398 11.5399 11.5399 11.5393 11.54 11.54 11.54 11.54 11.54 11.54 11.54 11.1611 10.2621 13.7153 17.0977 19.6017 22.1777 27.4576 33.3776 39.2073 37.1412 34.7305 37.1442 39.545 41.9401 44.155 44.8558 42.4569 40.0424 42.4392 44.8377 47.2346 49.6299 52.0235 55.3721 58.4896 62.5067
11.54 11.54 11.5399 11.54 11.5399 11.5399 11.5398 11.5399 11.54 11.54 11.54 11.54 11.54 11.5399 11.54 11.5398 11.5398 11.5398 11.5399 11.5397 11.5399 11.5399 11.54 11.54 11.54 11.54 11.54 11.54 11.54 11.5399 11.5399 11.5399 11.5399 11.5399 11.5398 11.5398 11.5398 11.5398 11.5399 11.5393 11.5397 11.54 11.54 11.54 11.54 11.54 11.54 11.54 11.0871 10.7913 10.6078 12.882 18.6143 24.9077 30.9131 36.7887 42.594 40.5379 42.9314 43.1652 40.7681 38.3621 39.0672 36.6429 34.1995 36.6172 39.0355 41.4441 43.848 47.2041 50.3264 54.3456 58.7218
11.5399 11.5399 11.54 11.54 11.54 11.5396 11.54 11.5398 11.54 11.54 11.54 11.54 11.54 11.54 11.5399 11.54 11.54 11.54 11.5399 11.5399 11.54 11.5399 11.54 11.54 11.54 11.5399 11.54 11.54 11.5399 11.5399 11.5399 11.5399 11.5399 11.5399 11.54 11.54 11.5398 11.5399 11.5398 11.5399 11.5396 11.54 11.54 11.54 11.54 11.54 11.54 11.54 11.3962 10.857 9.5758 9.6925 15.888 22.3515 28.4504 34.3674 39.6818 42.169 39.771 37.3666 34.9512 32.524 33.2514 30.7792 28.2653 30.7293 33.1927 35.628 39.008 42.1473 46.1785 50.5599 54.7897
11.54 11.5399 11.5399 11.54 11.54 11.54 11.5398 11.54 11.54 11.54 11.54 11.5399 11.5399 11.5399 11.54 11.5399 11.54 11.54 11.54 11.54 11.54 11.5399 11.54 11.5399 11.5399 11.5399 11.5399 11.5399 11.54 11.54 11.54 11.5398 11.5397 11.5397 11.54 11.5398 11.54 11.54 11.54 11.54 11.5394 11.5397 11.54 11.54 11.54 11.54 11.54 11.54 11.54 11.54 11.54 10.2007 13.4808 19.9488 26.1626 31.4103 33.9494 37.0098 33.9456 31.5219 29.0667 26.5933 27.3768 24.7926 22.121 24.6987 27.2622 30.7153 33.9064 37.9789 42.3868 46.626 52.2748
11.5399 11.54 11.5399 11.54 11.54 11.54 11.54 11.54 11.54 11.54 11.54 11.5399 11.54 11.5399 11.54 11.54 11.54 11.54 11.54 11.54 11.54 11.54 11.5399 11.54 11.54 11.54 11.5399 11.54 11.54 11.54 11.54 11.5399 11.54 11.54 11.5399 11.5398 11.54 11.54 11.54 11.54 11.5399 11.5398 11.54 11.5399 11.54 11.54 11.54 11.54 11.54 11.54 11.54 10.4087 12.9399 19.3142 22.9097 25.5315 31.3422 31.8222 28.6926 25.5694 23.0109 20.4228 22.8945 18.5545 15.6146 18.3724 22.1157 25.4609 29.6599 34.1535 38.4411 44.1087 49.8848
