tests/full-run-ref/erosion_78_15_62.100.asc
ncols 512
nrows 512
xllcorner -3.24582
yllcorner -4.08743
cellsize 5
NODATA_value -99999
[rows 180 to 215 of 512, columns 0 to 80 of 512]
325.345 326.355 326.384 326.444 326.541 326.668 326.819 326.99 327.189 327.417 327.653 327.875 328.085 328.293 328.484 328.643 328.766 328.862 328.93 328.969 328.973 328.944 328.895 328.838 328.772 328.691 328.606 328.531 328.466 328.406 328.355 328.317 328.294 328.284 328.285 328.294 328.312 328.338 328.374 328.418 328.466 328.519 328.587 328.678 328.792 328.925 329.083 329.273 329.496 329.748 330.032 330.354 330.713 331.107 331.537 332.001 332.504 333.045 333.614 334.198 334.807 335.446 336.085 336.697 337.286 337.866 338.408 338.884 339.289 339.637 339.925 340.146 340.292 340.368 340.389 340.372 340.315 340.207 340.07 339.921 339.762
324.661 325.707 325.772 325.866 325.994 326.15 326.328 326.518 326.729 326.962 327.198 327.417 327.618 327.811 327.986 328.131 328.244 328.331 328.391 328.425 328.427 328.399 328.351 328.297 328.234 328.156 328.074 328 327.935 327.873 327.818 327.774 327.744 327.725 327.714 327.71 327.713 327.723 327.739 327.762 327.785 327.81 327.848 327.911 327.997 328.102 328.233 328.398 328.598 328.828 329.094 329.399 329.745 330.13 330.554 331.017 331.523 332.074 332.655 333.256 333.888 334.554 335.223 335.865 336.484 337.096 337.669 338.172 338.6 338.968 339.272 339.506 339.659 339.737 339.757 339.739 339.678 339.565 339.421 339.268 339.105
323.973 325.055 325.157 325.284 325.443 325.63 325.834 326.044 326.267 326.507 326.744 326.96 327.152 327.33 327.488 327.619 327.721 327.797 327.849 327.877 327.877 327.849 327.804 327.751 327.69 327.616 327.538 327.465 327.399 327.334 327.275 327.226 327.188 327.159 327.138 327.121 327.108 327.102 327.1 327.101 327.1 327.098 327.108 327.142 327.201 327.278 327.382 327.522 327.698 327.906 328.15 328.438 328.77 329.143 329.558 330.017 330.526 331.083 331.676 332.292 332.944 333.637 334.336 335.006 335.656 336.3 336.905 337.436 337.888 338.278 338.6 338.847 339.01 339.091 339.113 339.095 339.033 338.918 338.772 338.617 338.454
323.288 324.404 324.541 324.701 324.89 325.107 325.338 325.568 325.804 326.051 326.29 326.503 326.687 326.85 326.992 327.108 327.198 327.263 327.305 327.326 327.323 327.295 327.251 327.201 327.143 327.073 326.999 326.928 326.862 326.795 326.732 326.676 326.63 326.591 326.558 326.527 326.5 326.476 326.456 326.437 326.414 326.387 326.371 326.381 326.416 326.468 326.547 326.664 326.816 327 327.223 327.491 327.806 328.164 328.568 329.02 329.528 330.087 330.687 331.316 331.986 332.701 333.426 334.124 334.802 335.477 336.112 336.671 337.146 337.558 337.899 338.162 338.335 338.423 338.449 338.435 338.376 338.262 338.116 337.963 337.804
322.603 323.753 323.925 324.117 324.337 324.585 324.843 325.095 325.345 325.6 325.842 326.053 326.228 326.377 326.501 326.602 326.678 326.729 326.759 326.772 326.765 326.737 326.694 326.646 326.592 326.527 326.457 326.389 326.322 326.254 326.187 326.125 326.07 326.019 325.972 325.927 325.884 325.843 325.804 325.766 325.721 325.672 325.634 325.621 325.633 325.662 325.719 325.812 325.941 326.1 326.298 326.544 326.84 327.18 327.568 328.01 328.512 329.071 329.675 330.312 330.997 331.734 332.483 333.207 333.912 334.618 335.285 335.872 336.372 336.807 337.169 337.449 337.636 337.733 337.767 337.76 337.707 337.598 337.456 337.309 337.157
321.918 323.101 323.307 323.532 323.783 324.062 324.349 324.623 324.887 325.15 325.396 325.606 325.773 325.906 326.013 326.097 326.159 326.195 326.212 326.215 326.203 326.174 326.133 326.087 326.036 325.976 325.912 325.847 325.78 325.709 325.639 325.571 325.506 325.443 325.382 325.322 325.262 325.204 325.146 325.089 325.024 324.955 324.895 324.861 324.852 324.861 324.896 324.967 325.071 325.203 325.375 325.598 325.871 326.19 326.56 326.989 327.483 328.038 328.643 329.287 329.985 330.74 331.513 332.261 332.994 333.73 334.428 335.044 335.57 336.03 336.414 336.713 336.915 337.025 337.068 337.071 337.028 336.926 336.793 336.655 336.515
321.234 322.447 322.685 322.941 323.221 323.531 323.845 324.14 324.419 324.692 324.942 325.151 325.31 325.43 325.519 325.588 325.636 325.657 325.66 325.654 325.637 325.607 325.567 325.523 325.476 325.422 325.364 325.302 325.235 325.163 325.088 325.014 324.94 324.865 324.789 324.714 324.639 324.564 324.489 324.414 324.332 324.245 324.167 324.114 324.086 324.077 324.093 324.143 324.223 324.329 324.475 324.674 324.924 325.22 325.569 325.982 326.466 327.014 327.617 328.264 328.971 329.742 330.533 331.303 332.06 332.825 333.552 334.195 334.746 335.23 335.636 335.955 336.173 336.297 336.353 336.368 336.336 336.246 336.124 335.999 335.873
320.551 321.79 322.056 322.339 322.646 322.984 323.324 323.639 323.932 324.215 324.47 324.68 324.832 324.939 325.013 325.068 325.103 325.111 325.102 325.087 325.067 325.036 324.998 324.956 324.913 324.865 324.812 324.753 324.686 324.613 324.535 324.455 324.372 324.286 324.197 324.109 324.02 323.93 323.84 323.75 323.653 323.551 323.458 323.39 323.347 323.323 323.323 323.355 323.414 323.497 323.618 323.794 324.021 324.293 324.621 325.017 325.487 326.025 326.621 327.266 327.978 328.759 329.564 330.35 331.127 331.915 332.667 333.333 333.906 334.411 334.838 335.177 335.411 335.55 335.62 335.649 335.632 335.556 335.448 335.338 335.229
319.873 321.134 321.425 321.732 322.065 322.429 322.793 323.129 323.436 323.73 323.991 324.202 324.35 324.445 324.506 324.549 324.572 324.567 324.547 324.524 324.5 324.468 324.432 324.393 324.352 324.31 324.262 324.206 324.139 324.064 323.982 323.895 323.804 323.707 323.606 323.506 323.405 323.302 323.199 323.096 322.988 322.874 322.769 322.689 322.635 322.598 322.586 322.602 322.642 322.703 322.801 322.953 323.156 323.403 323.707 324.082 324.535 325.058 325.643 326.283 326.994 327.779 328.593 329.39 330.182 330.989 331.761 332.448 333.041 333.566 334.013 334.371 334.624 334.779 334.865 334.911 334.912 334.853 334.764 334.673 334.584
319.197 320.478 320.791 321.12 321.475 321.864 322.252 322.607 322.929 323.234 323.502 323.716 323.859 323.945 323.994 324.025 324.037 324.02 323.989 323.958 323.931 323.899 323.864 323.827 323.791 323.754 323.711 323.657 323.59 323.512 323.427 323.335 323.235 323.127 323.015 322.903 322.791 322.677 322.563 322.45 322.332 322.209 322.096 322.007 321.944 321.899 321.876 321.879 321.901 321.941 322.016 322.145 322.323 322.544 322.822 323.174 323.607 324.111 324.681 325.31 326.016 326.801 327.619 328.423 329.226 330.048 330.837 331.542 332.153 332.698 333.165 333.542 333.814 333.987 334.092 334.157 334.178 334.14 334.072 334.004 333.939
318.517 319.813 320.143 320.49 320.865 321.276 321.686 322.059 322.394 322.709 322.985 323.201 323.342 323.42 323.458 323.479 323.481 323.454 323.413 323.376 323.346 323.316 323.283 323.249 323.217 323.187 323.15 323.1 323.033 322.955 322.866 322.769 322.663 322.545 322.422 322.299 322.178 322.055 321.931 321.81 321.686 321.557 321.438 321.343 321.274 321.223 321.193 321.185 321.192 321.214 321.269 321.376 321.531 321.726 321.978 322.306 322.718 323.202 323.754 324.369 325.067 325.847 326.663 327.47 328.279 329.111 329.914 330.632 331.258 331.82 332.305 332.701 332.99 333.182 333.306 333.392 333.435 333.42 333.375 333.331 333.292
317.825 319.131 319.473 319.832 320.223 320.652 321.079 321.467 321.813 322.138 322.421 322.64 322.779 322.85 322.88 322.893 322.888 322.852 322.804 322.762 322.732 322.704 322.676 322.648 322.622 322.6 322.571 322.527 322.463 322.385 322.296 322.196 322.084 321.958 321.826 321.695 321.566 321.435 321.304 321.177 321.048 320.917 320.795 320.697 320.624 320.571 320.537 320.522 320.518 320.526 320.565 320.654 320.788 320.96 321.188 321.494 321.884 322.347 322.88 323.479 324.165 324.937 325.747 326.551 327.361 328.198 329.008 329.735 330.372 330.946 331.445 331.856 332.162 332.372 332.515 332.621 332.685 332.694 332.674 332.655 332.642
317.125 318.434 318.782 319.15 319.551 319.994 320.436 320.836 321.192 321.526 321.816 322.04 322.178 322.245 322.269 322.277 322.266 322.223 322.169 322.125 322.097 322.073 322.051 322.03 322.012 322 321.981 321.944 321.884 321.809 321.72 321.619 321.502 321.37 321.23 321.092 320.957 320.82 320.684 320.553 320.423 320.292 320.172 320.074 320.002 319.949 319.914 319.896 319.885 319.883 319.91 319.984 320.101 320.252 320.458 320.742 321.111 321.551 322.062 322.642 323.312 324.069 324.868 325.663 326.468 327.304 328.114 328.845 329.488 330.071 330.581 331.005 331.325 331.552 331.713 331.84 331.927 331.96 331.966 331.973 331.989
316.416 317.724 318.073 318.445 318.853 319.306 319.76 320.17 320.535 320.878 321.175 321.403 321.542 321.607 321.627 321.631 321.617 321.569 321.511 321.466 321.441 321.423 321.409 321.396 321.388 321.387 321.379 321.35 321.296 321.225 321.138 321.036 320.917 320.778 320.632 320.489 320.349 320.208 320.069 319.937 319.808 319.681 319.566 319.472 319.403 319.354 319.322 319.303 319.288 319.28 319.297 319.36 319.461 319.593 319.779 320.041 320.387 320.803 321.29 321.848 322.498 323.236 324.018 324.8 325.595 326.423 327.229 327.959 328.603 329.191 329.71 330.144 330.478 330.721 330.901 331.049 331.159 331.218 331.253 331.288 331.332
315.697 316.998 317.344 317.714 318.125 318.585 319.046 319.463 319.834 320.184 320.487 320.718 320.858 320.922 320.94 320.942 320.925 320.874 320.814 320.77 320.749 320.74 320.736 320.733 320.737 320.749 320.755 320.737 320.691 320.625 320.542 320.443 320.322 320.18 320.029 319.882 319.739 319.595 319.455 319.323 319.198 319.076 318.968 318.879 318.816 318.773 318.746 318.729 318.714 318.703 318.715 318.769 318.857 318.973 319.14 319.382 319.706 320.099 320.561 321.096 321.724 322.44 323.202 323.966 324.747 325.563 326.36 327.084 327.727 328.317 328.841 329.284 329.63 329.887 330.086 330.254 330.388 330.474 330.537 330.601 330.675
314.963 316.253 316.591 316.955 317.364 317.825 318.289 318.708 319.082 319.435 319.741 319.975 320.115 320.177 320.193 320.193 320.175 320.123 320.063 320.021 320.008 320.009 320.018 320.028 320.047 320.077 320.099 320.095 320.06 320.004 319.928 319.833 319.714 319.57 319.416 319.267 319.123 318.977 318.836 318.706 318.584 318.47 318.368 318.287 318.231 318.196 318.175 318.163 318.149 318.139 318.149 318.197 318.277 318.38 318.532 318.758 319.063 319.433 319.873 320.385 320.99 321.683 322.423 323.167 323.931 324.732 325.517 326.232 326.87 327.458 327.984 328.432 328.788 329.059 329.275 329.462 329.619 329.731 329.822 329.915 330.019
314.209 315.483 315.805 316.159 316.56 317.017 317.479 317.897 318.27 318.624 318.931 319.165 319.304 319.365 319.38 319.38 319.362 319.31 319.253 319.217 319.214 319.229 319.253 319.281 319.318 319.368 319.411 319.424 319.404 319.36 319.294 319.207 319.092 318.949 318.794 318.645 318.501 318.355 318.214 318.086 317.971 317.864 317.772 317.699 317.652 317.627 317.616 317.611 317.603 317.597 317.61 317.657 317.732 317.827 317.967 318.179 318.467 318.817 319.235 319.725 320.306 320.974 321.689 322.411 323.154 323.934 324.702 325.403 326.032 326.615 327.138 327.589 327.951 328.234 328.464 328.67 328.848 328.986 329.105 329.227 329.36
313.44 314.692 314.995 315.332 315.721 316.169 316.624 317.037 317.407 317.759 318.065 318.299 318.437 318.496 318.511 318.512 318.496 318.446 318.393 318.366 318.376 318.407 318.45 318.496 318.555 318.629 318.694 318.729 318.725 318.697 318.644 318.568 318.458 318.318 318.164 318.016 317.875 317.729 317.59 317.466 317.358 317.261 317.179 317.118 317.082 317.068 317.069 317.074 317.075 317.077 317.096 317.146 317.219 317.31 317.442 317.643 317.915 318.247 318.643 319.11 319.667 320.307 320.994 321.69 322.408 323.164 323.909 324.593 325.209 325.782 326.3 326.75 327.117 327.409 327.653 327.876 328.076 328.24 328.387 328.537 328.7
312.666 313.893 314.173 314.49 314.863 315.297 315.741 316.145 316.508 316.855 317.158 317.389 317.524 317.582 317.596 317.599 317.585 317.539 317.492 317.474 317.498 317.548 317.611 317.68 317.762 317.861 317.952 318.009 318.026 318.015 317.978 317.913 317.812 317.676 317.526 317.381 317.242 317.099 316.962 316.843 316.743 316.655 316.585 316.535 316.511 316.51 316.523 316.54 316.551 316.564 316.592 316.647 316.721 316.809 316.937 317.129 317.388 317.702 318.078 318.522 319.054 319.666 320.324 320.992 321.683 322.413 323.133 323.797 324.398 324.959 325.469 325.917 326.288 326.588 326.846 327.086 327.307 327.497 327.672 327.852 328.045
311.898 313.098 313.353 313.648 314.001 314.418 314.847 315.238 315.589 315.928 316.224 316.449 316.579 316.634 316.646 316.649 316.638 316.596 316.556 316.549 316.589 316.658 316.743 316.835 316.942 317.068 317.186 317.267 317.305 317.314 317.294 317.243 317.152 317.023 316.877 316.737 316.602 316.461 316.327 316.213 316.121 316.044 315.984 315.945 315.932 315.944 315.968 315.996 316.018 316.042 316.079 316.14 316.218 316.307 316.432 316.618 316.866 317.165 317.522 317.946 318.452 319.036 319.664 320.304 320.968 321.671 322.367 323.011 323.596 324.144 324.647 325.092 325.466 325.776 326.047 326.304 326.547 326.763 326.968 327.177 327.401
311.127 312.298 312.524 312.793 313.122 313.516 313.925 314.298 314.634 314.959 315.244 315.46 315.584 315.633 315.642 315.645 315.637 315.6 315.569 315.574 315.631 315.722 315.832 315.949 316.083 316.239 316.387 316.495 316.557 316.589 316.588 316.555 316.476 316.356 316.216 316.082 315.952 315.815 315.685 315.576 315.492 315.424 315.375 315.347 315.345 315.368 315.404 315.443 315.477 315.513 315.56 315.629 315.713 315.807 315.935 316.118 316.358 316.645 316.986 317.39 317.872 318.426 319.022 319.633 320.27 320.945 321.616 322.239 322.806 323.341 323.834 324.275 324.652 324.97 325.254 325.528 325.792 326.035 326.27 326.508 326.763
310.355 311.493 311.688 311.926 312.227 312.594 312.979 313.329 313.646 313.954 314.225 314.429 314.543 314.585 314.59 314.593 314.588 314.559 314.537 314.557 314.633 314.747 314.884 315.029 315.192 315.381 315.56 315.698 315.786 315.842 315.865 315.85 315.786 315.676 315.545 315.419 315.295 315.163 315.037 314.934 314.858 314.799 314.761 314.743 314.753 314.787 314.836 314.887 314.933 314.981 315.04 315.12 315.213 315.316 315.449 315.633 315.868 316.144 316.471 316.856 317.313 317.836 318.4 318.98 319.588 320.235 320.879 321.479 322.028 322.547 323.029 323.465 323.843 324.169 324.465 324.756 325.043 325.313 325.577 325.846 326.132
309.596 310.7 310.862 311.069 311.34 311.678 312.034 312.36 312.654 312.943 313.196 313.386 313.49 313.524 313.525 313.527 313.525 313.502 313.491 313.525 313.621 313.759 313.923 314.095 314.288 314.508 314.72 314.887 315.002 315.084 315.129 315.134 315.085 314.988 314.867 314.749 314.633 314.505 314.385 314.288 314.22 314.172 314.143 314.136 314.157 314.203 314.263 314.326 314.385 314.446 314.518 314.608 314.711 314.824 314.964 315.149 315.379 315.647 315.96 316.327 316.759 317.252 317.784 318.333 318.912 319.53 320.148 320.726 321.256 321.76 322.231 322.662 323.043 323.377 323.687 323.996 324.305 324.603 324.898 325.198 325.515
308.865 309.938 310.068 310.244 310.485 310.793 311.12 311.419 311.689 311.956 312.19 312.364 312.455 312.481 312.476 312.476 312.477 312.461 312.46 312.509 312.622 312.783 312.971 313.17 313.39 313.639 313.88 314.075 314.215 314.321 314.388 314.412 314.379 314.294 314.184 314.076 313.967 313.846 313.731 313.641 313.582 313.543 313.524 313.527 313.558 313.615 313.686 313.76 313.831 313.905 313.989 314.09 314.202 314.323 314.468 314.653 314.878 315.136 315.435 315.784 316.194 316.658 317.158 317.679 318.231 318.822 319.415 319.972 320.486 320.976 321.438 321.867 322.252 322.597 322.923 323.251 323.585 323.913 324.24 324.572 324.921
308.161 309.204 309.303 309.447 309.656 309.932 310.227 310.497 310.74 310.981 311.193 311.349 311.425 311.44 311.428 311.426 311.429 311.419 311.429 311.491 311.622 311.804 312.017 312.24 312.486 312.764 313.033 313.254 313.419 313.548 313.638 313.681 313.665 313.593 313.495 313.397 313.297 313.183 313.074 312.992 312.941 312.911 312.901 312.914 312.955 313.021 313.103 313.188 313.27 313.357 313.453 313.563 313.683 313.81 313.959 314.143 314.363 314.611 314.896 315.228 315.615 316.052 316.524 317.017 317.544 318.11 318.679 319.217 319.716 320.195 320.651 321.079 321.471 321.829 322.173 322.523 322.882 323.242 323.603 323.968 324.35
307.479 308.492 308.559 308.671 308.847 309.088 309.349 309.587 309.801 310.014 310.2 310.335 310.395 310.398 310.378 310.373 310.378 310.374 310.395 310.47 310.618 310.822 311.058 311.305 311.576 311.881 312.178 312.424 312.613 312.766 312.878 312.941 312.941 312.884 312.799 312.712 312.623 312.516 312.415 312.34 312.298 312.276 312.275 312.297 312.347 312.423 312.515 312.61 312.703 312.803 312.911 313.031 313.158 313.291 313.444 313.627 313.841 314.079 314.351 314.666 315.032 315.442 315.887 316.354 316.857 317.398 317.945 318.465 318.951 319.419 319.869 320.299 320.698 321.071 321.435 321.808 322.195 322.587 322.983 323.383 323.799
306.819 307.804 307.84 307.922 308.065 308.272 308.499 308.705 308.889 309.072 309.232 309.345 309.389 309.379 309.351 309.343 309.349 309.352 309.382 309.47 309.635 309.857 310.115 310.384 310.678 311.007 311.327 311.597 311.808 311.983 312.115 312.197 312.214 312.172 312.099 312.025 311.946 311.848 311.754 311.688 311.654 311.641 311.649 311.68 311.739 311.825 311.926 312.03 312.135 312.247 312.367 312.496 312.63 312.77 312.925 313.108 313.316 313.544 313.802 314.101 314.445 314.831 315.248 315.69 316.169 316.686 317.212 317.715 318.189 318.649 319.095 319.526 319.936 320.325 320.71 321.107 321.524 321.95 322.381 322.815 323.265
306.181 307.141 307.152 307.205 307.319 307.493 307.688 307.863 308.019 308.174 308.308 308.4 308.429 308.408 308.373 308.361 308.369 308.378 308.418 308.517 308.695 308.933 309.208 309.495 309.808 310.156 310.496 310.785 311.015 311.208 311.357 311.455 311.488 311.46 311.4 311.338 311.27 311.181 311.096 311.039 311.014 311.01 311.027 311.067 311.135 311.23 311.34 311.454 311.57 311.694 311.825 311.963 312.104 312.249 312.407 312.588 312.79 313.008 313.253 313.534 313.858 314.218 314.609 315.027 315.482 315.976 316.481 316.969 317.431 317.884 318.328 318.764 319.185 319.591 319.999 320.422 320.868 321.328 321.796 322.264 322.747
305.572 306.512 306.499 306.528 306.614 306.758 306.921 307.067 307.195 307.322 307.431 307.503 307.516 307.484 307.443 307.428 307.437 307.452 307.5 307.608 307.797 308.048 308.337 308.638 308.965 309.327 309.682 309.986 310.23 310.438 310.602 310.715 310.761 310.747 310.7 310.65 310.593 310.515 310.44 310.392 310.377 310.382 310.408 310.457 310.534 310.638 310.757 310.881 311.008 311.143 311.284 311.43 311.577 311.727 311.887 312.066 312.261 312.468 312.698 312.963 313.266 313.601 313.966 314.359 314.793 315.264 315.75 316.223 316.677 317.125 317.569 318.011 318.446 318.873 319.306 319.757 320.235 320.731 321.236 321.739 322.255
304.987 305.91 305.877 305.883 305.943 306.057 306.191 306.308 306.407 306.507 306.59 306.641 306.64 306.598 306.55 306.532 306.542 306.562 306.618 306.735 306.932 307.194 307.493 307.805 308.142 308.515 308.88 309.195 309.451 309.671 309.848 309.973 310.032 310.032 309.999 309.961 309.916 309.849 309.785 309.747 309.742 309.756 309.791 309.849 309.935 310.048 310.176 310.31 310.446 310.592 310.743 310.897 311.05 311.203 311.365 311.541 311.729 311.925 312.141 312.389 312.671 312.981 313.321 313.691 314.102 314.552 315.019 315.479 315.926 316.371 316.817 317.268 317.718 318.168 318.628 319.109 319.619 320.153 320.695 321.234 321.784
304.415 305.323 305.273 305.259 305.296 305.383 305.488 305.578 305.651 305.723 305.782 305.814 305.799 305.748 305.694 305.674 305.685 305.71 305.773 305.898 306.102 306.371 306.679 306.998 307.342 307.721 308.094 308.416 308.681 308.91 309.097 309.233 309.304 309.317 309.297 309.272 309.239 309.183 309.13 309.103 309.108 309.131 309.175 309.242 309.337 309.459 309.597 309.74 309.886 310.042 310.204 310.365 310.523 310.681 310.844 311.018 311.198 311.384 311.586 311.817 312.079 312.365 312.679 313.026 313.416 313.846 314.294 314.741 315.181 315.624 316.073 316.533 317 317.472 317.959 318.469 319.011 319.581 320.16 320.733 321.315
303.842 304.74 304.675 304.645 304.661 304.724 304.803 304.869 304.919 304.967 305.004 305.019 304.992 304.933 304.875 304.853 304.866 304.897 304.968 305.099 305.308 305.583 305.897 306.221 306.568 306.95 307.326 307.652 307.922 308.159 308.353 308.498 308.579 308.603 308.596 308.583 308.561 308.518 308.476 308.46 308.475 308.507 308.56 308.636 308.741 308.872 309.02 309.172 309.329 309.496 309.668 309.837 310.001 310.163 310.328 310.5 310.674 310.849 311.038 311.253 311.495 311.758 312.048 312.373 312.741 313.149 313.579 314.014 314.446 314.886 315.338 315.805 316.286 316.779 317.291 317.827 318.399 319.002 319.615 320.22 320.83
303.275 304.165 304.091 304.048 304.047 304.089 304.146 304.191 304.22 304.248 304.265 304.265 304.229 304.164 304.103 304.081 304.097 304.133 304.211 304.347 304.56 304.838 305.153 305.479 305.826 306.206 306.579 306.906 307.178 307.417 307.616 307.767 307.857 307.891 307.896 307.895 307.885 307.853 307.824 307.819 307.843 307.885 307.948 308.033 308.148 308.29 308.447 308.61 308.778 308.956 309.139 309.317 309.487 309.654 309.821 309.991 310.159 310.323 310.499 310.698 310.921 311.161 311.427 311.729 312.077 312.463 312.874 313.295 313.72 314.157 314.611 315.086 315.581 316.094 316.63 317.192 317.792 318.426 319.071 319.705 320.342
302.715 303.602 303.521 303.468 303.454 303.478 303.515 303.541 303.552 303.56 303.561 303.547 303.503 303.434 303.372 303.35 303.369 303.412 303.495 303.636 303.851 304.129 304.443 304.767 305.11 305.484 305.852 306.174 306.445 306.684 306.884 307.039 307.136 307.181 307.196 307.207 307.208 307.189 307.172 307.179 307.214 307.265 307.337 307.432 307.558 307.71 307.878 308.051 308.23 308.421 308.614 308.8 308.977 309.149 309.318 309.487 309.648 309.803 309.965 310.15 310.354 310.571 310.814 311.094 311.42 311.785 312.177 312.584 313.002 313.437 313.893 314.375 314.884 315.417 315.975 316.562 317.188 317.852 318.527 319.189 319.851
302.152 303.038 302.954 302.894 302.867 302.875 302.895 302.904 302.899 302.89 302.875 302.85 302.799 302.727 302.665 302.644 302.666 302.715 302.805 302.95 303.166 303.443 303.755 304.074 304.411 304.777 305.136 305.453 305.72 305.956 306.156 306.314 306.417 306.47 306.497 306.518 306.531 306.524 306.52 306.538 306.583 306.644 306.725 306.83 306.965 307.127 307.306 307.489 307.68 307.882 308.086 308.281 308.464 308.642 308.814 308.982 309.138 309.284 309.434 309.604 309.79 309.986 310.207 310.466 310.772 311.116 311.489 311.883 312.293 312.724 313.182 313.67 314.19 314.74 315.319 315.926 316.576 317.265 317.967 318.653 319.336
301.579 302.465 302.377 302.312 302.275 302.268 302.273 302.267 302.246 302.222 302.193 302.157 302.1 302.026 301.964 301.945 301.971 302.028 302.125 302.274 302.49 302.766 303.075 303.39 303.72 304.077 304.427 304.737 305 305.233 305.432 305.591 305.699 305.761 305.797 305.829 305.852 305.858 305.865 305.894 305.949 306.019 306.108 306.222 306.366 306.537 306.725 306.918 307.119 307.333 307.548 307.752 307.942 308.126 308.302 308.469 308.622 308.76 308.9 309.057 309.228 309.405 309.605 309.845 310.132 310.456 310.812 311.193 311.594 312.021 312.477 312.968 313.496 314.058 314.652 315.276 315.943 316.652 317.373 318.078 318.779
