tests/full-run-ref/erosion_2010_78_23_-57.856.asc
ncols 512
nrows 512
xllcorner -3.24582
yllcorner -4.08743
cellsize 5
NODATA_value -99999
[rows 30 to 59 of 512, columns 67 to 133 of 512]
352.483 352.499 352.501 352.486 352.453 352.397 352.32 352.231 352.138 352.04 351.932 351.825 351.728 351.643 351.564 351.495 351.435 351.303 348.405 342.255 335.81 328.009 316.384 303.942 286.072 278.067 276.292 269.134 262.057 254.822 247.522 240.266 232.801 225.169 217.46 209.66 201.772 193.814 185.792 177.709 169.567 161.364 153.092 144.745 136.31 127.778 119.138 110.376 101.482 92.442 83.2413 73.8639 64.2913 54.5027 44.4753 34.1854 23.6097 12.726 1.51513 0 0 0 0 0 0 0 0
352.608 352.621 352.619 352.599 352.559 352.496 352.411 352.312 352.209 352.101 351.982 351.865 351.758 351.665 351.579 351.502 351.437 351.348 350.92 344.224 337.11 327.254 314.687 297.407 286.319 274.911 271.616 263.874 256.416 249.064 241.677 234.229 226.711 219.042 211.202 203.201 195.041 186.728 178.273 169.687 160.978 152.155 143.221 134.177 125.021 115.748 106.349 96.8143 87.1328 77.2913 67.2753 57.0685 46.6527 36.0074 25.1095 13.9332 2.45065 0 0 0 0 0 0 0 0 0 0
352.733 352.743 352.736 352.711 352.666 352.595 352.501 352.393 352.283 352.165 352.037 351.91 351.795 351.694 351.601 351.518 351.448 351.391 351.045 346.274 337.864 325.789 307.821 296.254 284.063 282.283 277.235 270.932 264.563 258.166 251.726 245.196 238.562 231.822 224.949 217.927 210.757 203.445 195.997 188.424 180.737 172.944 165.055 157.077 149.012 140.861 132.624 124.296 115.873 107.346 98.7073 89.9478 81.0564 72.0209 62.8275 53.4608 43.9031 34.1352 24.1365 13.8856 3.36075 0 0 0 0 0 0
352.86 352.867 352.855 352.824 352.772 352.695 352.594 352.478 352.358 352.234 352.097 351.961 351.838 351.73 351.629 351.539 351.463 351.402 351.071 348.624 337.742 319.182 305.876 293.921 291.8 287.337 282.284 277.05 271.66 266.164 260.587 254.929 249.181 243.335 237.39 231.337 225.172 218.895 212.509 206.021 199.439 192.773 186.03 179.219 172.347 165.417 158.434 151.4 144.313 137.172 129.976 122.72 115.4 108.012 100.55 93.0059 85.3734 77.6434 69.8064 61.8516 53.768 45.5438 37.1675 28.6277 19.914 11.017 1.92858
352.982 352.985 352.969 352.932 352.874 352.791 352.682 352.561 352.435 352.302 352.158 352.015 351.886 351.771 351.663 351.567 351.484 351.416 350.77 344.579 332.753 316.354 303.933 301.297 296.737 291.65 286.516 281.396 276.222 270.999 265.716 260.375 254.977 249.517 243.991 238.394 232.723 226.974 221.144 215.235 209.25 203.192 197.069 190.885 184.65 178.367 172.042 165.679 159.281 152.85 146.386 139.89 133.36 126.795 120.193 113.551 106.867 100.137 93.3572 86.522 79.6267 72.6655 65.6323 58.5208 51.325 44.0387 36.6564
353.092 353.09 353.068 353.027 352.966 352.877 352.763 352.636 352.505 352.368 352.219 352.071 351.937 351.816 351.704 351.6 351.511 351.295 349.776 340.008 329.691 313.932 310.841 306.18 301.055 295.888 290.74 285.574 280.39 275.164 269.902 264.601 259.259 253.875 248.448 242.979 237.464 231.904 226.296 220.638 214.93 209.171 203.362 197.507 191.607 185.668 179.692 173.684 167.648 161.586 155.5 149.392 143.263 137.114 130.944 124.753 118.54 112.304 106.044 99.7569 93.4415 87.0949 80.7143 74.2968 67.839 61.3376 54.7894
353.188 353.181 353.156 353.11 353.045 352.952 352.836 352.705 352.571 352.431 352.279 352.128 351.991 351.866 351.748 351.639 351.542 351.173 345.32 335.619 326.876 320.565 315.71 310.53 305.323 300.129 294.921 289.699 284.449 279.162 273.843 268.488 263.098 257.674 252.219 246.733 241.218 235.674 230.102 224.501 218.872 213.214 207.527 201.811 196.065 190.291 184.491 178.665 172.816 166.946 161.057 155.151 149.229 143.293 137.343 131.38 125.404 119.414 113.412 107.396 101.365 95.3188 89.2562 83.1758 77.0761 70.9555 64.8124
353.274 353.263 353.234 353.184 353.115 353.02 352.902 352.769 352.634 352.492 352.339 352.187 352.047 351.92 351.798 351.685 351.58 351.197 348.511 338.771 331.529 325.531 320.151 314.841 309.577 304.31 299.031 293.729 288.396 283.029 277.623 272.186 266.717 261.221 255.7 250.156 244.591 239.006 233.402 227.781 222.144 216.49 210.821 205.136 199.435 193.718 187.986 182.238 176.475 170.698 164.907 159.103 153.288 147.461 141.625 135.778 129.923 124.059 118.186 112.305 106.416 100.518 94.6116 88.6959 82.7705 76.8348 70.8879
353.348 353.327 353.29 353.237 353.163 353.067 352.957 352.83 352.694 352.552 352.4 352.25 352.11 351.98 351.857 351.738 351.626 351.503 350.051 342.814 335.631 329.947 324.453 319.083 313.747 308.4 303.023 297.621 292.189 286.722 281.219 275.688 270.135 264.562 258.971 253.362 247.739 242.103 236.454 230.795 225.125 219.446 213.758 208.062 202.357 196.644 190.924 185.196 179.46 173.717 167.966 162.207 156.441 150.668 144.888 139.101 133.307 127.507 121.701 115.889 110.071 104.248 98.4194 92.5852 86.7454 80.9 75.0484
353.406 351.578 349.164 351.56 349.138 350.103 352.506 352.799 352.664 352.516 352.329 351.98 351.887 351.749 351.79 351.802 351.687 351.597 350.959 347.298 339.889 334.121 328.633 323.247 317.832 312.345 306.845 301.326 295.781 290.202 284.598 278.974 273.34 267.696 262.041 256.376 250.702 245.02 239.331 233.635 227.934 222.227 216.515 210.799 205.079 199.355 193.627 187.895 182.161 176.423 170.682 164.937 159.188 153.436 147.68 141.92 136.155 130.386 124.613 118.836 113.054 107.269 101.479 95.686 89.8889 84.088 78.2795
353.434 349.161 343.344 340.908 343.299 340.843 341.779 344.126 345.054 347.437 344.878 345.721 342.736 344.434 350.72 351.265 351.771 351.695 351.555 350.744 344.37 338.27 332.527 327.34 322.038 316.169 310.451 304.79 299.133 293.445 287.751 282.038 276.335 270.628 264.92 259.21 253.497 247.781 242.061 236.339 230.614 224.886 219.156 213.423 207.689 201.953 196.216 190.477 184.738 178.997 173.255 167.511 161.766 156.019 150.269 144.518 138.764 133.007 127.248 121.486 115.721 109.953 104.183 98.4095 92.6333 86.8517 81.0712
345.729 343.367 340.97 335.126 332.656 335.049 332.55 333.403 335.664 336.454 338.822 336.005 336.61 332.867 332.608 347.013 345.183 344.334 344.897 346.374 344.697 339.604 334.746 324.218 323.726 319.883 313.9 307.982 302.203 296.444 290.69 284.923 279.131 273.376 267.631 261.891 256.152 250.413 244.674 238.935 233.195 227.454 221.712 215.969 210.227 204.484 198.742 192.999 187.255 181.512 175.767 170.021 164.275 158.527 152.777 147.027 141.274 135.52 129.764 124.006 118.247 112.486 106.723 100.958 95.1885 89.4171 83.6398
339.916 337.556 335.174 332.764 326.876 324.355 326.736 324.141 324.859 327.012 327.588 329.927 326.769 326.777 317.547 308.141 300.64 298.501 297.103 302.647 302.688 306.927 304.733 308.842 312.609 316.088 316.921 310.959 305.055 299.235 293.441 287.632 281.796 275.987 270.214 264.456 258.703 252.952 247.204 241.456 235.708 229.96 224.213 218.466 212.721 206.976 201.232 195.487 189.742 183.996 178.25 172.502 166.753 161.003 155.251 149.498 143.744 137.988 132.232 126.473 120.714 114.954 109.192 103.427 97.6596 91.8873 89.5633
334.055 331.735 329.352 326.957 324.53 318.574 315.959 318.306 315.549 316.054 318.051 318.409 320.38 312.366 305.208 299.115 298.138 296.824 299.333 302.751 301.703 304.617 301.744 304.459 307.332 310.182 312.975 312.48 307.76 301.928 296.048 290.201 284.364 278.526 272.727 266.954 261.192 255.438 249.685 243.932 238.181 232.431 226.683 220.938 215.194 209.449 203.705 197.96 192.213 186.466 180.717 174.967 169.215 163.462 157.707 151.951 146.194 140.436 134.677 128.916 123.155 117.393 111.629 105.863 100.093 97.7496 95.391
326.851 325.919 323.529 321.115 318.707 316.256 310.181 307.403 309.709 306.728 307.011 308.662 304.754 297.624 291.487 290.028 287.817 291.901 293.666 296.976 295.883 298.781 295.881 298.691 301.63 304.401 307.03 306.569 304.24 301.899 298.605 292.771 286.904 281.039 275.217 269.426 263.659 257.9 252.141 246.385 240.634 234.888 229.145 223.403 217.66 211.917 206.172 200.425 194.677 188.927 183.176 177.422 171.667 165.91 160.152 154.392 148.632 142.871 137.109 131.346 125.583 119.818 114.052 108.283 105.927 103.56 101.179
321.046 318.653 317.699 315.274 312.833 310.41 307.92 301.652 298.651 301.009 297.911 294.515 287.597 284.979 282.506 286.282 282.996 286.37 287.825 291.021 289.94 292.848 289.97 292.842 295.818 298.556 301.227 300.692 298.349 296.01 293.647 291.28 288.967 283.615 277.747 271.91 266.127 260.35 254.584 248.832 243.09 237.351 231.612 225.872 220.129 214.384 208.636 202.886 197.137 191.383 185.627 179.869 174.109 168.348 162.586 156.823 151.06 145.296 139.531 133.766 128 122.233 116.465 114.1 111.727 109.343 106.068
318.652 312.791 310.389 309.422 306.967 304.497 302.063 299.523 292.981 289.777 292.255 285.599 283.606 280.877 277.77 280.86 277.142 280.4 281.99 285.083 283.916 286.868 283.987 286.912 289.911 292.649 295.364 294.853 292.48 290.146 287.785 285.39 283.077 281.61 280.046 274.467 268.657 262.827 257.01 251.21 245.425 239.65 233.881 228.117 222.355 216.595 210.836 205.128 199.496 193.832 188.069 182.304 176.54 170.775 165.01 159.244 153.478 147.712 141.945 136.178 130.411 124.642 122.27 119.891 117.505 114.23 111.838
312.659 310.41 304.502 302.074 301.099 298.619 296.125 293.615 290.76 283.617 277.092 274.733 277.976 274.919 271.816 275.005 271.222 274.538 276.099 279.203 277.921 280.899 277.965 280.938 283.969 286.71 289.467 288.981 286.607 284.271 281.926 279.546 277.209 275.691 274.137 272.108 269.933 267.74 265.472 263.165 260.867 258.539 256.233 253.909 251.581 249.257 246.909 244.551 201.919 196.227 190.497 184.728 178.96 173.192 167.425 161.657 155.889 150.121 144.353 138.584 132.815 130.438 128.055 125.667 122.392 120 117.608
310.249 304.391 302.144 296.167 293.715 292.754 290.188 287.449 281.008 274.655 272.319 269.683 266.63 269.52 265.97 269.059 265.297 268.621 270.194 273.276 271.924 274.904 271.883 274.883 277.94 280.79 283.572 283.082 280.71 278.383 276.051 273.686 271.362 269.843 268.263 266.189 263.974 261.784 259.557 257.302 255.046 252.746 250.457 248.144 245.82 243.498 241.151 238.796 236.416 198.629 192.892 187.14 181.37 175.601 169.831 164.062 158.293 152.524 146.755 140.985 138.603 136.217 133.828 130.554 128.162 125.77 123.377
307.856 301.997 296.106 293.861 287.8 285.257 284.155 277.745 271.487 269.111 266.735 263.975 261.078 263.913 260.175 263.171 259.345 262.714 264.287 267.371 265.946 268.935 265.777 268.794 271.869 274.778 277.671 277.182 274.795 272.478 270.162 267.816 265.505 263.998 262.419 260.334 258.107 255.911 253.685 251.442 249.201 246.917 244.642 242.341 240.027 237.711 235.368 233.02 230.663 233.051 195.287 189.533 183.772 178.002 172.232 166.462 160.692 154.922 149.152 146.767 144.379 141.989 138.715 136.323 133.932 131.54 129.147
305.477 299.648 293.758 287.831 285.495 279.156 273.028 267.053 260.874 258.089 261.057 258.085 255.047 258.003 254.305 257.286 253.37 256.759 258.329 261.406 259.914 262.892 259.581 262.574 265.639 268.666 271.689 271.26 268.865 266.555 264.258 261.932 259.638 258.148 256.579 254.489 252.254 250.052 247.824 245.585 243.354 241.083 238.822 236.532 234.228 231.92 229.583 227.239 224.883 227.292 229.678 191.925 186.156 180.388 174.624 168.858 163.088 157.317 154.929 152.54 150.149 146.875 144.484 142.093 139.702 137.31 134.917
303.086 297.28 291.424 285.457 279.354 273.436 267.453 261.573 255.472 252.882 249.85 252.632 249.206 252.119 248.434 251.432 247.431 250.852 252.439 255.534 253.97 256.963 253.451 256.468 259.607 262.383 265.598 265.262 262.896 260.609 258.332 256.031 253.756 252.292 250.735 248.648 246.408 244.2 241.97 239.731 237.506 235.244 232.994 230.716 228.423 226.124 223.794 221.454 219.101 221.511 223.913 226.302 228.692 207.269 177.015 171.249 165.48 163.091 160.7 158.31 155.036 152.645 150.254 147.863 145.472 143.08 140.688
297.118 291.311 285.466 279.509 273.448 267.455 261.523 255.549 249.15 246.616 243.81 246.511 242.717 245.609 241.672 244.731 240.432 243.834 245.23 248.518 246.931 250.042 246.736 250.322 253.548 256.387 259.607 259.225 256.853 254.62 252.378 250.104 247.861 246.421 244.885 242.805 240.565 238.354 236.12 233.88 231.657 229.402 227.161 224.894 222.611 220.322 218 215.666 213.316 215.733 218.138 220.533 222.924 223.698 199.108 173.638 171.251 168.861 166.47 163.196 160.806 158.415 156.025 153.634 151.243 148.851 146.458
286.443 280.637 274.803 268.908 262.939 256.936 250.942 244.854 238.459 235.341 238.1 234.312 237.213 232.989 236.172 231.582 235.065 230.989 234.677 235.417 238.76 236.68 240.62 244.055 247.354 250.609 255.784 253.008 250.722 248.566 246.384 244.149 241.941 240.538 239.024 236.956 234.72 232.508 230.272 228.031 225.808 223.557 221.323 219.065 216.793 214.514 212.201 209.873 207.528 209.954 212.365 214.761 217.153 219.544 215.538 190.948 177.019 174.631 171.357 168.966 166.576 164.185 161.795 159.405 157.014 154.621 152.227
284.286 278.493 272.689 266.86 260.993 255.083 249.148 243.196 237.059 229.965 226.442 229.488 225.375 228.481 223.999 227.39 223.03 227.1 223.124 226.458 226.264 229.491 234.873 237.908 241.111 249.035 249.87 246.89 244.567 242.455 240.333 238.158 235.993 234.636 233.151 231.097 228.87 226.661 224.424 222.182 219.96 217.711 215.482 213.232 210.968 208.699 206.395 204.074 201.736 204.173 206.591 208.99 211.382 213.774 216.164 207.377 182.788 179.516 177.127 174.736 172.346 169.956 167.566 165.175 162.784 160.391 157.998
278.469 272.669 266.864 261.047 255.207 249.332 243.422 237.484 231.443 224.496 221.396 217.58 220.792 216.455 219.739 215.234 219.027 214.943 219.167 214.568 216.736 224.055 228.951 231.581 239.613 246.716 243.523 240.795 238.464 236.317 234.242 232.119 230.012 228.709 227.262 225.228 223.012 220.81 218.575 216.333 214.111 211.863 209.638 207.394 205.138 202.878 200.584 198.27 195.938 198.389 200.815 203.218 205.612 208.003 210.394 212.783 199.216 185.285 182.896 180.506 178.116 175.727 173.336 170.946 168.554 166.161 163.768
275.958 270.144 264.33 258.508 252.67 246.805 240.899 234.954 228.956 222.182 213.324 210.473 207.434 211.784 207.628 211.167 206.833 210.921 206.395 209.702 211.694 218.384 221.849 229.964 239.515 240.59 237.258 234.675 232.353 230.189 228.119 226.042 223.989 222.753 221.353 219.345 217.144 214.952 212.722 210.481 208.26 206.014 203.792 201.552 199.304 197.052 194.766 192.459 190.134 192.602 195.039 197.445 199.841 202.232 204.623 207.07 209.478 191.054 188.666 186.276 183.887 181.497 179.107 176.715 174.324 171.931 169.538
258.594 254.695 249.855 243.892 237.994 232.091 226.171 220.215 214.089 207.039 199.163 194.851 197.948 199.317 203.155 199.018 202.838 198.036 201.475 204.022 205.798 212.416 215.806 229.821 237.282 234.125 231.099 228.568 226.228 224.059 221.987 219.933 217.93 216.763 215.419 213.444 211.264 209.085 206.863 204.626 202.408 200.163 197.943 195.708 193.465 191.221 188.943 186.643 184.323 186.811 189.261 191.673 194.069 196.461 198.908 201.317 203.731 206.12 194.436 192.045 189.656 187.266 184.876 182.485 180.094 177.702 175.308
149.324 252.805 246.652 241.291 236.037 230.141 224.268 218.384 212.453 206.252 199.19 189.65 185.582 189.472 190.8 194.665 189.922 193.234 195.886 198.147 200.018 207.378 210.96 223.758 231.098 227.955 224.998 222.444 220.108 217.922 215.847 213.804 211.837 210.74 209.456 207.521 205.368 203.207 200.996 198.766 196.551 194.309 192.092 189.86 187.623 185.385 183.114 180.82 178.506 181.016 183.482 185.899 188.298 190.747 193.156 195.568 197.958 200.35 202.742 205.13 207.52 193.035 190.646 188.255 185.864 183.472 181.079
148.141 149.753 150.628 229.746 223.214 216.907 211.087 205.361 199.562 193.236 185.114 176.113 173.287 177.342 180.962 181.049 184.462 187.71 189.95 192.39 195.083 202.976 206.522 218.095 225.259 222.076 219.02 216.361 213.987 211.787 209.701 207.66 205.717 204.685 203.464 201.574 199.454 197.316 195.12 192.899 190.69 188.451 186.238 184.01 181.777 179.545 177.281 174.99 172.681 175.216 177.7 180.125 182.582 184.994 187.409 189.797 192.187 194.577 196.968 199.359 201.751 204.14 196.415 194.025 191.634 189.242 186.85
