tests/full-run-ref/erosion_84_12_73.306.asc
ncols 512
nrows 512
xllcorner -3.24582
yllcorner -4.08743
cellsize 5
NODATA_value -99999
[rows 465 to 495 of 512, columns 138 to 206 of 512]
11.5307 11.534 11.5307 11.5314 11.5287 11.5292 11.5233 11.5211 11.5138 11.5144 11.5022 11.5011 11.5061 11.5088 11.5102 11.518 11.5227 11.5306 11.5339 11.5305 11.5325 11.5309 11.534 11.5331 11.5325 11.5331 11.5342 11.5345 11.5352 11.5354 11.5354 11.5351 11.5339 11.5342 11.5335 11.5343 11.534 11.5217 11.4973 11.4931 11.4635 11.4073 11.4337 11.4259 11.4403 11.4291 11.432 11.3825 11.3868 11.4318 11.431 11.4415 11.4493 11.4159 11.3769 11.3053 11.2838 11.2354 11.1824 11.1642 11.1679 11.1858 11.1858 11.2232 11.2518 11.2849 11.3533 11.4173 11.4646
11.5366 11.5336 11.5345 11.5339 11.5314 11.5332 11.5322 11.5306 11.5253 11.5142 11.5119 11.5093 11.5129 11.5136 11.5199 11.5241 11.5311 11.535 11.5346 11.5325 11.5328 11.5295 11.5323 11.5319 11.5336 11.5341 11.5346 11.5351 11.5358 11.5355 11.5358 11.5349 11.5343 11.5342 11.5341 11.5337 11.5342 11.5234 11.5028 11.4906 11.4523 11.4306 11.4343 11.3839 11.4195 11.386 11.4349 11.4533 11.4646 11.3964 11.4249 11.3814 11.4296 11.3835 11.4057 11.374 11.3709 11.3006 11.2825 11.257 11.2688 11.2794 11.2868 11.312 11.3303 11.3729 11.4259 11.4691 11.4963
11.5346 11.5358 11.5364 11.5357 11.534 11.5342 11.5293 11.5298 11.524 11.522 11.5196 11.5179 11.5158 11.5212 11.5255 11.5327 11.536 11.5356 11.5359 11.5339 11.5352 11.5341 11.533 11.5339 11.5345 11.5344 11.535 11.5354 11.5361 11.5363 11.5358 11.5353 11.5345 11.5344 11.5339 11.5343 11.5346 11.5247 11.5061 11.5052 11.487 11.4715 11.4319 11.4249 11.4523 11.4628 11.4321 11.4647 11.4413 11.4316 11.4648 11.4577 11.4235 11.4251 11.439 11.3962 11.4095 11.3876 11.3655 11.3501 11.354 11.364 11.3687 11.3726 11.4083 11.4448 11.4808 11.5024 11.5131
11.5364 11.5368 11.5369 11.5361 11.5353 11.5358 11.5351 11.5301 11.5288 11.5236 11.5235 11.5208 11.5234 11.5264 11.5327 11.5367 11.5363 11.5369 11.5369 11.5352 11.5355 11.534 11.5349 11.5352 11.535 11.535 11.5354 11.5358 11.5365 11.5364 11.5363 11.5356 11.5347 11.5347 11.5346 11.5348 11.5351 11.5257 11.5104 11.5 11.4617 11.4752 11.4645 11.465 11.4321 11.4637 11.4833 11.4682 11.4741 11.4597 11.4737 11.4458 11.4601 11.458 11.4644 11.4454 11.4314 11.4324 11.4169 11.4179 11.416 11.4255 11.4226 11.4336 11.4616 11.483 11.5059 11.5115 11.5193
11.5376 11.5376 11.5373 11.537 11.5364 11.5369 11.5343 11.5326 11.531 11.5285 11.5257 11.5266 11.5282 11.5336 11.5372 11.5367 11.537 11.5374 11.5376 11.5362 11.5369 11.5363 11.5372 11.5365 11.5361 11.5358 11.5361 11.5365 11.5364 11.5368 11.5366 11.5358 11.5349 11.5349 11.5342 11.5349 11.5348 11.5269 11.5119 11.5098 11.4911 11.4552 11.4633 11.4415 11.456 11.4828 11.4677 11.4839 11.4872 11.4746 11.4943 11.4979 11.5086 11.4962 11.4739 11.4769 11.4748 11.4576 11.455 11.4554 11.459 11.4587 11.4697 11.4819 11.492 11.5043 11.5142 11.5193 11.5206
11.5388 11.5387 11.5388 11.5387 11.5386 11.5373 11.5367 11.5351 11.5339 11.5314 11.5309 11.5313 11.5342 11.5369 11.5369 11.5375 11.5377 11.5381 11.5382 11.537 11.5369 11.5354 11.5364 11.5355 11.5363 11.5356 11.5364 11.5364 11.5368 11.537 11.5368 11.536 11.5351 11.535 11.5349 11.5345 11.5349 11.5281 11.5157 11.5087 11.4847 11.4714 11.4835 11.4825 11.4913 11.4718 11.4853 11.4926 11.4936 11.487 11.4995 11.4817 11.5031 11.4914 11.4932 11.497 11.4933 11.489 11.4864 11.4864 11.4874 11.4917 11.5012 11.5063 11.5126 11.5164 11.5218 11.5227 11.5262
11.5379 11.5386 11.5382 11.5386 11.5384 11.5384 11.538 11.537 11.5354 11.5344 11.5344 11.5357 11.5368 11.5375 11.5383 11.5384 11.5384 11.5386 11.5387 11.5374 11.5378 11.5371 11.5365 11.5364 11.5368 11.5366 11.5364 11.5368 11.5371 11.5372 11.537 11.5362 11.5354 11.5354 11.5349 11.5352 11.5354 11.5293 11.5184 11.5185 11.5075 11.4988 11.4675 11.4811 11.4685 11.4822 11.4903 11.4951 11.498 11.4956 11.5132 11.5155 11.5053 11.5092 11.5099 11.5123 11.5129 11.5105 11.5086 11.5058 11.5097 11.5139 11.5185 11.52 11.5221 11.5241 11.5239 11.5272 11.5289
11.5385 11.5392 11.5392 11.5389 11.539 11.5389 11.5388 11.5381 11.5373 11.5369 11.5374 11.5376 11.5374 11.5379 11.538 11.5386 11.5386 11.5389 11.5388 11.5378 11.5378 11.5369 11.5372 11.5371 11.5374 11.5368 11.5371 11.5373 11.5374 11.5374 11.5372 11.5364 11.5357 11.5357 11.5357 11.5359 11.5361 11.5306 11.5219 11.5161 11.4935 11.5032 11.4955 11.4827 11.4886 11.4945 11.4984 11.5028 11.5059 11.5066 11.5139 11.5128 11.5206 11.522 11.522 11.5238 11.5228 11.5225 11.5202 11.5202 11.5236 11.5253 11.5266 11.5241 11.5267 11.5265 11.5288 11.5304 11.531
11.5388 11.5393 11.5391 11.5392 11.5393 11.5392 11.5391 11.5389 11.5389 11.5387 11.5386 11.5382 11.5381 11.5386 11.5389 11.5388 11.5389 11.5391 11.5391 11.5381 11.5384 11.538 11.5383 11.5377 11.5373 11.5372 11.5374 11.5374 11.5375 11.5374 11.5373 11.5367 11.5361 11.5361 11.5356 11.5362 11.536 11.5319 11.5238 11.5233 11.5125 11.4937 11.5042 11.503 11.5102 11.5086 11.5147 11.5145 11.5196 11.5189 11.513 11.5207 11.5246 11.528 11.5279 11.5296 11.5297 11.5278 11.5286 11.5299 11.5312 11.5302 11.5299 11.5289 11.5281 11.5298 11.5314 11.5318 11.5322
11.5393 11.5392 11.5393 11.5394 11.5395 11.5394 11.5395 11.5396 11.5397 11.5392 11.539 11.5387 11.5386 11.5389 11.5389 11.5391 11.5392 11.5393 11.5392 11.5383 11.5383 11.5374 11.5378 11.5374 11.5376 11.5375 11.5375 11.5375 11.5376 11.5375 11.5373 11.5369 11.5364 11.5365 11.5364 11.5362 11.5365 11.5333 11.5269 11.5232 11.5102 11.5051 11.5074 11.4926 11.5057 11.4982 11.5095 11.5044 11.5176 11.5163 11.5226 11.5251 11.5286 11.5309 11.532 11.5332 11.5333 11.5339 11.5347 11.5348 11.5346 11.5331 11.5327 11.5311 11.5317 11.5323 11.5324 11.5327 11.5327
11.539 11.5393 11.5395 11.5395 11.5395 11.5396 11.5397 11.5399 11.54 11.5395 11.5393 11.539 11.539 11.5392 11.5394 11.5395 11.5395 11.5394 11.5394 11.5386 11.5387 11.5383 11.5379 11.5379 11.538 11.5377 11.5377 11.5377 11.5377 11.5376 11.5375 11.5371 11.5368 11.5369 11.5367 11.537 11.5373 11.5346 11.5293 11.5296 11.5239 11.521 11.5097 11.5091 11.5175 11.5216 11.516 11.5188 11.526 11.5303 11.5315 11.5339 11.5355 11.5363 11.5355 11.5348 11.5366 11.5376 11.5378 11.5372 11.5366 11.5354 11.5338 11.5333 11.5335 11.5332 11.5334 11.5334 11.5335
11.5391 11.5393 11.5395 11.5395 11.5396 11.529 11.5333 11.5383 11.539 11.5255 11.5395 11.5393 11.5393 11.5394 11.5394 11.5396 11.5395 11.5396 11.5395 11.5388 11.5387 11.5382 11.5383 11.5383 11.5382 11.5381 11.538 11.5379 11.5379 11.5378 11.5378 11.5374 11.5371 11.5373 11.5374 11.5377 11.538 11.5356 11.5318 11.5291 11.5184 11.5232 11.5214 11.523 11.5152 11.5228 11.5286 11.5288 11.5247 11.5307 11.5297 11.5339 11.5341 11.5362 11.5363 11.5369 11.5383 11.5384 11.5385 11.5378 11.5376 11.5364 11.5356 11.5347 11.5343 11.5341 11.534 11.5341 11.5337
11.5392 11.5394 11.5395 11.5396 11.5397 11.5298 11.5401 11.54 11.5401 11.5219 11.5396 11.5394 11.5395 11.5396 11.5397 11.5396 11.5396 11.5396 11.5396 11.539 11.5391 11.5389 11.5391 11.5388 11.5387 11.5385 11.5384 11.5383 11.5383 11.5382 11.5381 11.5379 11.5374 11.5377 11.5376 11.5381 11.5381 11.5366 11.5334 11.5335 11.5288 11.5206 11.5232 11.5188 11.5231 11.5291 11.5244 11.5307 11.5326 11.5326 11.5341 11.5373 11.5377 11.5374 11.5383 11.539 11.5393 11.5391 11.5389 11.5386 11.5382 11.5375 11.5365 11.5354 11.5349 11.5343 11.5344 11.5342 11.5341
11.5395 11.5396 11.5397 11.5398 11.5399 11.5347 11.5365 11.5315 11.525 11.5223 11.5395 11.5395 11.5396 11.5397 11.5397 11.5397 11.5397 11.5397 11.5396 11.5391 11.5391 11.5386 11.5389 11.5385 11.5388 11.5385 11.5386 11.5383 11.5385 11.5382 11.5383 11.5379 11.5379 11.5381 11.5383 11.5383 11.5386 11.5375 11.5351 11.5338 11.5288 11.5268 11.5297 11.5299 11.5327 11.5289 11.5308 11.5339 11.5326 11.535 11.5365 11.5377 11.5376 11.5387 11.5395 11.5394 11.5398 11.5394 11.5394 11.5391 11.539 11.5378 11.537 11.5358 11.5352 11.5348 11.5345 11.5345 11.5343
11.5392 11.5396 11.5396 11.5398 11.5398 11.5399 11.5399 11.5398 11.5397 11.5396 11.5395 11.5395 11.5396 11.5397 11.5398 11.5398 11.5398 11.5398 11.5397 11.5393 11.5394 11.5392 11.539 11.5389 11.539 11.5388 11.5387 11.5386 11.5387 11.5385 11.5383 11.5383 11.5383 11.5386 11.5384 11.5388 11.539 11.5381 11.5364 11.5366 11.5347 11.5337 11.5285 11.5315 11.5298 11.5325 11.5336 11.5363 11.5369 11.5384 11.5382 11.5379 11.539 11.5399 11.5399 11.5399 11.54 11.5397 11.5395 11.5395 11.5396 11.5383 11.5373 11.5362 11.5357 11.5352 11.5351 11.535 11.5349
11.5393 11.5397 11.5398 11.5398 11.5399 11.54 11.5399 11.5397 11.5396 11.5396 11.5396 11.5395 11.5396 11.5398 11.5398 11.5398 11.5398 11.5398 11.5397 11.5394 11.5394 11.5392 11.5392 11.5392 11.5392 11.539 11.539 11.5389 11.5389 11.5387 11.5387 11.5386 11.5388 11.5386 11.5387 11.539 11.5392 11.5387 11.5375 11.5366 11.5332 11.5349 11.5343 11.5332 11.5344 11.5353 11.5358 11.5372 11.5366 11.5378 11.466 11.4873 11.539 11.5399 11.5399 11.5399 11.5399 11.5398 11.5398 11.532 11.5334 11.4801 11.5376 11.5366 11.5361 11.5358 11.5357 11.5357 11.5356
11.5394 11.5398 11.5398 11.5399 11.5394 11.5397 11.5355 11.5397 11.5396 11.5396 11.5395 11.5396 11.5396 11.5398 11.5399 11.5398 11.5398 11.5398 11.5398 11.5395 11.5396 11.5395 11.5396 11.5393 11.5392 11.5391 11.5391 11.539 11.5391 11.5391 11.5391 11.5391 11.5389 11.5389 11.5391 11.5393 11.5396 11.5391 11.5381 11.5382 11.5368 11.5346 11.536 11.5362 11.5373 11.5373 11.5379 11.5372 11.5381 11.5392 11.489 11.5401 11.5383 11.54 11.54 11.54 11.54 11.5399 11.5399 11.5342 11.5401 11.4595 11.5378 11.5369 11.5365 11.5362 11.5363 11.5361 11.5364
11.5396 11.5258 11.5341 11.5398 11.5396 11.5401 11.5341 11.5397 11.5396 11.5396 11.5396 11.5396 11.5397 11.5399 11.5399 11.5399 11.5399 11.5399 11.5398 11.5396 11.5396 11.5393 11.5394 11.5392 11.5393 11.5392 11.5392 11.5392 11.5393 11.5392 11.5394 11.5392 11.5391 11.5393 11.5393 11.5396 11.5398 11.5393 11.5387 11.5383 11.537 11.5367 11.537 11.5357 11.5372 11.5367 11.538 11.5386 11.5394 11.5391 11.5263 11.5389 11.5392 11.54 11.54 11.5388 11.5392 11.5346 11.5398 11.5274 11.5099 11.4802 11.5379 11.5372 11.5369 11.5367 11.5365 11.5367 11.537
11.5395 11.5224 11.5401 11.5398 11.5399 11.5395 11.5361 11.5398 11.5397 11.5397 11.5397 11.5398 11.5399 11.5399 11.5399 11.5399 11.5399 11.5399 11.5398 11.5396 11.5397 11.5396 11.5394 11.5394 11.5393 11.5392 11.5392 11.5393 11.5394 11.5395 11.5394 11.5394 11.5395 11.5395 11.5397 11.5398 11.5398 11.5395 11.5391 11.5392 11.5388 11.5387 11.5377 11.5378 11.5386 11.5389 11.5385 11.5391 11.5391 11.5397 11.54 11.54 11.54 11.54 11.54 11.5387 11.5401 11.5299 11.5398 11.5397 11.5395 11.5388 11.5381 11.5375 11.5374 11.5371 11.5373 11.5374 11.5377
11.5395 11.5262 11.5318 11.5379 11.5401 11.5384 11.5399 11.5398 11.5397 11.5397 11.5397 11.5398 11.5398 11.5399 11.5399 11.5399 11.5399 11.5399 11.5398 11.5397 11.5397 11.5395 11.5395 11.5395 11.5394 11.5393 11.5393 11.5394 11.5396 11.5395 11.5396 11.5396 11.5396 11.5397 11.5397 11.5398 11.5398 11.5396 11.5394 11.5392 11.5386 11.539 11.539 11.5392 11.5387 11.5391 11.5395 11.5394 11.5398 11.54 11.5399 11.54 11.54 11.5399 11.54 11.5364 11.5324 11.5297 11.5397 11.5396 11.5393 11.5388 11.5383 11.5379 11.5378 11.5378 11.538 11.5382 11.5382
11.5396 11.5398 11.5398 11.5365 11.54 11.5388 11.5399 11.5399 11.5398 11.5398 11.5399 11.5398 11.5399 11.5399 11.5399 11.5399 11.5399 11.5399 11.5399 11.5397 11.5398 11.5397 11.5398 11.5396 11.5395 11.5395 11.5395 11.5396 11.5396 11.5397 11.5398 11.5397 11.5398 11.5398 11.5398 11.5398 11.5399 11.5398 11.5396 11.5396 11.5394 11.539 11.5392 11.5391 11.5393 11.5396 11.5395 11.5398 11.54 11.54 11.5399 11.54 11.54 11.5399 11.5399 11.5399 11.5398 11.5398 11.5397 11.5396 11.5394 11.5389 11.5385 11.5382 11.5383 11.5383 11.5385 11.5386 11.5385
11.5397 11.5397 11.5398 11.5361 11.5399 11.5391 11.54 11.5399 11.5399 11.5399 11.5399 11.5399 11.5399 11.5399 11.5399 11.5399 11.5399 11.5399 11.5399 11.5398 11.5398 11.5396 11.5397 11.5395 11.5396 11.5395 11.5397 11.5396 11.5397 11.5398 11.5398 11.5399 11.5399 11.5398 11.5398 11.5399 11.5399 11.5398 11.5397 11.5397 11.5395 11.5395 11.5396 11.5397 11.5398 11.5397 11.5399 11.54 11.54 11.54 11.54 11.54 11.54 11.54 11.5399 11.5399 11.5398 11.5398 11.5397 11.5397 11.5395 11.5391 11.5388 11.5386 11.5387 11.5387 11.5388 11.5388 11.5387
11.5396 11.5397 11.5398 11.5344 11.5401 11.5388 11.54 11.5399 11.5399 11.5399 11.54 11.54 11.54 11.54 11.5399 11.5399 11.5399 11.5399 11.5399 11.5398 11.5398 11.5398 11.5397 11.5397 11.5397 11.5397 11.5397 11.5397 11.5398 11.5399 11.5399 11.5399 11.5399 11.5399 11.5399 11.5399 11.5399 11.5399 11.5398 11.5399 11.5398 11.5398 11.5397 11.5398 11.5313 11.5347 11.5394 11.54 11.54 11.54 11.5398 11.5399 11.5399 11.5399 11.5384 11.5399 11.5398 11.5398 11.5398 11.5397 11.5396 11.5393 11.5391 11.539 11.539 11.5391 11.5391 11.5391 11.5389
11.5397 11.5398 11.5398 11.5345 11.54 11.539 11.54 11.54 11.5399 11.54 11.54 11.54 11.5399 11.5399 11.5399 11.5399 11.5399 11.5399 11.5399 11.5398 11.5398 11.5398 11.5398 11.5398 11.5398 11.5398 11.5398 11.5399 11.5399 11.54 11.54 11.5399 11.5399 11.5399 11.5399 11.5399 11.5399 11.5399 11.5399 11.5399 11.5398 11.5399 11.5399 11.5399 11.5365 11.5401 11.5395 11.54 9.50584 9.43572 10.4416 11.5401 11.54 11.5401 11.5381 11.5399 11.5399 11.5398 11.5398 11.5397 11.5397 11.5395 11.5394 11.5393 11.5394 11.5394 11.5394 11.5393 11.5392
11.5397 11.5398 11.5399 11.5344 11.5401 11.5393 11.54 11.54 11.54 11.54 11.54 11.54 11.54 11.54 11.54 11.5399 11.5399 11.5399 11.5399 11.5399 11.5399 11.5399 11.5399 11.5399 11.5398 11.5399 11.5399 11.5399 11.54 11.54 11.54 11.54 11.5399 11.5399 11.5399 11.5376 11.5384 11.5388 11.5399 11.54 11.5399 11.5399 11.5399 11.54 11.5386 11.5399 11.5398 11.54 9.49575 12.0013 10.2891 11.2299 11.0802 11.54 11.5385 11.5399 11.5399 11.5398 11.5398 11.5398 11.5398 11.5397 11.5396 11.5395 11.5396 11.5395 11.5395 11.5394 11.5394
11.5399 11.5399 11.5399 11.5361 11.539 11.5396 11.54 11.54 11.54 11.54 11.54 11.54 11.54 11.54 11.54 11.54 11.54 11.54 11.54 11.5399 11.5399 11.5399 11.5399 11.5399 11.5399 11.5399 11.5387 11.5392 11.5396 11.54 11.54 11.54 11.54 11.5399 11.54 11.5378 11.5401 11.5389 11.54 11.54 11.5399 11.5399 11.54 11.5384 11.539 11.5399 11.54 11.54 10.352 9.85041 10.1327 12.2056 10.9656 11.5401 11.5389 11.5399 11.5399 11.5399 11.5398 11.5398 11.5398 11.5398 11.5398 11.5397 11.5397 11.5396 11.5396 11.5395 11.5396
11.5398 11.5399 11.5399 11.54 11.5392 11.5397 11.5393 11.54 11.54 11.54 11.54 11.54 11.54 11.54 11.54 11.54 11.54 11.539 11.5391 11.5383 11.54 11.54 11.5399 11.54 11.54 11.54 11.5393 11.5401 11.5395 11.54 11.54 11.54 11.54 11.54 11.54 11.5392 11.5396 11.5396 11.54 11.54 11.54 11.54 11.54 11.5389 11.5401 11.5398 11.54 11.54 11.54 11.54 10.3307 11.2561 10.6243 11.5399 11.5394 11.54 11.5399 11.5399 11.5399 11.5399 11.5399 11.5399 11.5398 11.5398 11.5398 11.5397 11.5397 11.5397 11.5398
11.5399 11.5399 11.5399 11.5399 11.539 11.5401 11.5393 11.54 11.54 11.54 11.54 11.54 11.5394 11.5394 11.5398 11.54 11.54 11.5394 11.5401 11.5385 11.54 11.5386 11.5388 11.5397 11.54 11.54 11.5397 11.54 11.5397 11.54 11.54 11.54 11.54 11.54 11.54 11.54 11.54 11.54 11.54 11.54 11.54 11.54 11.54 11.5397 11.5398 11.5398 11.54 11.54 11.54 11.54 10.1383 13.7864 10.9962 11.54 11.54 11.54 11.5399 11.5399 11.5399 11.5399 11.5399 11.5399 11.5399 11.5398 11.5398 11.5398 11.5398 11.5399 11.5399
11.5399 11.5399 11.5399 11.54 11.5398 11.5398 11.5398 11.54 11.54 11.54 11.54 11.54 11.5394 11.5401 11.5398 11.5398 11.5398 11.5398 11.5399 11.5394 11.54 11.5392 11.5401 11.5396 11.54 11.54 11.5398 11.5401 11.5399 11.5399 11.5398 11.5395 11.54 11.54 11.54 11.54 10.6529 10.6825 10.1231 11.54 11.54 11.54 11.54 11.54 11.54 11.5399 11.5399 11.5399 11.54 10.4707 11.1289 11.1486 11.1955 11.54 11.54 11.54 11.54 11.54 11.54 11.5386 11.539 11.5383 11.5399 11.5399 11.5399 11.5399 11.5399 11.5399 11.5399
11.54 11.5399 11.54 8.84847 9.01674 8.10552 10.5827 9.15328 11.54 11.54 11.5398 11.5396 11.54 11.5397 11.5399 11.5401 11.54 11.5401 11.5399 11.54 11.54 11.5398 11.5399 11.54 11.5399 11.54 11.5398 11.54 11.5399 11.5399 11.5401 11.5397 11.5396 11.5398 11.5397 11.5398 10.8211 12.0732 10.1724 11.54 11.54 11.54 11.54 11.54 11.54 11.5398 11.5401 11.5399 11.54 10.6601 14.309 10.7202 11.54 11.54 11.54 11.54 11.54 11.54 11.54 11.5392 11.5401 11.5381 11.5399 11.5399 11.5399 11.5399 11.5399 11.54 11.54
11.5399 11.54 11.54 8.13815 12.2803 8.42967 13.3343 9.71652 11.5399 11.5398 11.5399 11.5401 11.5396 11.54 11.54 11.5399 11.5399 11.5399 11.5399 11.54 11.54 11.54 11.5399 11.5401 11.5398 11.54 11.5398 11.5401 11.5399 11.5399 11.5399 11.5399 11.5401 11.5397 11.5398 11.5401 11.0467 11.1664 10.6833 11.54 11.54 11.54 11.54 11.54 11.54 11.54 11.5399 11.5399 10.4307 10.9665 10.4535 10.3843 11.54 11.54 11.54 11.54 11.54 11.54 11.54 11.5397 11.5395 11.5388 11.54 11.5399 11.54 11.5399 11.54 11.54 11.54
