tests/full-run-ref/erosion_78_16_47.110.asc
ncols 512
nrows 512
xllcorner -3.24582
yllcorner -4.08743
cellsize 5
NODATA_value -99999
[rows 132 to 175 of 512, columns 288 to 383 of 512]
291.37 291.37 289.97 289.97 289.97 289.56 289.56 288.16 288.16 288.16 287.75 287.75 287.75 287.34 287.34 285.94 285.94 284.54 284.54 284.54 217.28 217.28 217.28 217.28 217.28 268.63 276.79 279.59 279.59 279.59 279.59 279.59 279.59 279.59 279.59 279.59 279.59 279.59 279.59 279.59 279.59 279.59 279.59 279.59 279.59 279.59 279.59 279.59 279.59 283.986 278.216 272.446 266.676 260.906 255.136 249.366 243.596 237.826 232.056 226.286 220.516 218.126 205.925 190.266 190.266 190.266 190.266 190.266 190.266 190.266 66.2701 60.5001 36.02 36.02 204.724 49.9335 40.7918 36.0198 0 0 0 0 0 33.6299 33.63 36.02 30.2499 24.4799 13.9298 0 0 0 0 0 0 0
291.37 289.97 289.97 289.97 289.56 289.56 288.16 288.16 288.16 287.75 287.75 287.75 287.34 287.34 285.94 285.94 284.54 284.54 284.54 284.54 217.28 217.28 217.28 217.28 217.28 268.63 276.79 279.59 279.59 279.59 279.59 279.59 279.59 279.59 279.59 279.59 279.59 279.59 279.59 279.59 279.59 279.59 279.59 279.59 279.59 279.59 279.59 279.59 279.59 286.376 280.606 274.836 269.066 263.296 257.526 251.756 245.986 240.216 234.446 228.676 223.235 217.465 211.695 190.266 190.266 190.266 190.266 190.266 190.266 66.2701 60.5001 36.02 36.02 0 0 0 0 0 0 0 0 0 0 0 0 49.1407 16.3196 38.1797 0 0 0 0 0 13.9299 0 0
289.97 289.97 289.97 289.56 289.56 288.16 288.16 288.16 287.75 287.75 287.75 287.34 287.34 285.94 285.94 284.54 284.54 284.54 284.54 284.54 217.28 217.28 217.28 217.28 268.63 268.63 276.79 279.59 279.59 279.59 279.59 279.59 279.59 279.59 279.59 279.59 279.59 279.59 279.59 279.59 279.59 279.59 279.59 279.59 279.59 279.59 279.59 279.59 279.59 277.61 282.996 277.226 271.456 265.686 259.916 254.146 248.376 242.606 236.836 231.395 225.625 219.855 214.085 211.695 190.266 205.925 205.925 205.925 66.2701 60.5001 60.5001 36.02 36.02 0 0 0 0 0 0 0 0 0 0 0 0 36.0195 16.3196 16.3197 30.2493 24.415 0 0 22.0899 0 0 0
289.97 289.97 289.56 289.56 288.16 288.16 288.16 287.75 287.75 287.75 287.34 287.34 285.94 285.94 284.54 284.54 284.54 284.54 284.54 284.54 217.28 217.28 217.28 217.28 268.63 268.63 276.79 279.59 279.59 279.59 279.59 279.59 279.59 279.59 279.59 279.59 279.59 279.59 279.59 279.59 279.59 279.59 279.59 279.59 279.59 279.59 279.59 279.59 279.59 277.61 285.386 279.616 273.846 268.076 262.306 256.536 250.766 244.996 239.555 233.785 228.015 222.245 217.465 211.695 190.266 205.925 205.925 204.727 66.2701 60.5001 60.5001 36.02 36.02 36.02 0 0 0 28.1545 0 13.9554 13.9554 13.9554 13.9554 13.9554 13.9554 36.0195 34.8224 0 32.6301 0 0 25.4699 4.50182 13.9298 0 0
289.97 289.56 289.56 288.16 288.16 288.16 287.75 287.75 287.75 287.34 287.34 285.94 285.94 284.54 284.54 284.54 284.54 284.54 284.54 283.14 217.28 217.28 217.28 217.28 268.63 268.63 276.79 279.59 279.59 279.59 279.59 279.59 279.59 279.59 279.59 279.59 279.59 279.59 279.59 279.59 279.59 279.59 279.59 279.59 279.59 279.59 279.59 279.59 279.59 277.61 285.507 279.737 273.967 268.197 262.427 256.657 250.887 245.117 239.347 233.577 227.807 222.037 216.267 210.497 190.266 205.925 204.727 204.727 66.2701 60.5001 60.5001 36.02 36.02 0 0 0 0 0 13.9554 13.9554 13.9554 13.9554 13.9554 13.9554 13.9554 13.9554 13.9544 69.4847 0 34.6199 17.2581 23.0797 17.3097 11.5396 0 0
289.56 289.56 288.16 288.16 288.16 287.75 287.75 287.75 287.34 287.34 285.94 285.94 284.54 284.54 284.54 284.54 284.54 284.54 283.14 277.37 217.28 217.28 217.28 217.28 268.63 268.63 276.79 279.59 279.59 279.59 279.59 279.59 279.59 279.59 279.59 279.59 279.59 279.59 279.59 279.59 279.59 279.59 279.59 279.59 279.59 279.59 279.59 279.59 279.59 277.61 285.507 279.737 273.967 268.197 262.427 256.657 250.887 245.117 239.347 233.577 227.807 222.037 216.267 210.497 204.727 204.727 204.727 72.0401 66.2701 60.5001 60.5001 60.5001 36.0198 0 0 0 0 0 0 13.9554 13.9554 13.9554 13.9554 13.9554 13.9554 13.9554 36.0195 36.0198 40.3895 34.6197 28.8496 23.0796 17.3095 11.5394 0 0
289.56 288.16 288.16 288.16 287.75 287.75 287.75 287.34 287.34 285.94 285.94 284.54 284.54 283.14 280.75 277.37 277.37 283.14 277.37 271.6 217.28 217.28 217.28 217.28 268.63 268.63 276.79 279.59 279.59 279.59 279.59 279.59 279.59 279.59 279.59 279.59 279.59 279.59 279.59 279.59 286.744 276.21 276.21 275.22 275.22 275.22 275.22 275.22 277.61 277.61 285.507 279.737 273.967 268.197 262.427 256.657 250.887 245.117 239.347 233.577 227.807 222.037 216.267 210.497 0 204.727 72.0398 66.2696 60.4996 204.726 204.726 204.726 36.0188 0 0 0 0 0 0 0 0 0 0 0 0 0 0 36.0199 42.7796 37.0097 31.2396 25.4695 19.6995 13.9293 8.15931 0
288.16 288.16 288.16 287.75 287.75 287.75 287.34 287.34 285.94 285.94 284.54 282.15 279.76 277.37 266.462 266.461 271.6 277.37 271.6 217.28 217.28 217.28 217.28 268.63 268.63 268.63 276.79 279.59 279.59 279.59 279.59 279.59 279.59 279.59 279.59 279.59 279.59 279.59 279.59 286.76 280.977 263.055 155.815 277.59 275.22 277.587 275.22 277.61 280 282.176 271.84 279.737 273.967 268.197 262.427 256.657 250.887 245.117 239.347 233.577 227.807 222.037 216.267 0 0 83.5639 0 0 65.9791 60.1374 54.6894 52.2587 36.0193 36.0195 36.02 36.02 36.02 36.02 36.02 36.02 36.02 36.02 36.02 36.02 36.02 36.02 36.0198 36.0199 45.1187 39.3996 33.6296 27.8595 22.0894 16.3193 13.9294 0
288.16 288.16 287.75 287.75 287.75 287.34 287.34 285.94 283.55 281.16 278.77 268.238 253.942 230.883 186.389 186.389 265.829 271.6 265.83 217.28 217.28 217.28 217.28 268.63 268.63 268.63 276.79 279.59 279.59 279.59 279.59 279.59 279.59 279.59 279.59 279.59 279.59 279.59 290.129 284.358 278.6 272.809 270.421 268.05 269.43 267.06 269.427 267.06 269.45 271.84 273.943 263.68 273.967 268.197 262.427 256.657 250.887 245.117 239.347 233.577 227.807 222.037 216.227 210.49 91.6737 0 75.4199 69.6499 63.8799 58.1099 52.3399 46.5549 44.1734 36.0199 36.02 36.02 36.02 36.02 36.02 36.02 36.02 36.02 36.02 36.02 36.02 36.0199 36.0196 36.0199 47.5598 41.7897 36.0196 30.2495 24.4793 22.0895 16.3194 13.9295
288.16 287.75 287.75 287.75 287.34 284.95 282.56 280.17 198.071 150.677 79.359 0 0 0 0 0 271.224 265.83 265.83 217.28 217.28 217.28 217.28 268.63 268.63 268.63 276.79 279.59 279.59 279.59 279.59 279.59 279.59 279.59 279.59 279.59 282.97 285.36 279.59 273.82 267.738 262.252 259.89 262.261 259.89 261.27 258.9 261.267 258.9 261.29 263.68 265.706 255.52 255.52 262.427 256.657 250.887 245.117 239.347 233.577 227.807 222.037 216.267 89.3495 76.4091 78.788 73.018 67.248 61.478 55.7087 49.9394 44.1799 38.4076 36.02 36.02 36.02 36.02 36.02 36.02 36.02 36.02 36.02 36.02 36.02 36.0199 36.0195 61.4898 55.7199 49.9498 44.1797 38.4096 32.6394 30.2496 24.4795 22.0896 16.3195
287.75 287.75 286.35 283.96 281.57 279.18 268.648 223.876 22.6021 0 0 0 0 0 0 0 265.458 291.228 226.43 217.28 217.28 217.28 217.28 268.63 268.63 268.63 276.79 291.255 284.932 274.4 276.79 279.18 279.18 279.18 279.18 289.713 287.34 282.947 277.171 263.27 257.5 251.708 249.34 251.73 254.101 251.73 253.11 250.74 253.107 250.74 253.13 255.52 257.45 247.36 247.36 256.657 250.887 245.117 239.347 233.577 227.807 222.037 216.267 210.496 91.7391 0 70.628 64.858 59.088 53.318 47.5487 41.7823 36.0199 36.02 36.02 36.02 36.02 36.02 36.02 36.02 36.02 36.02 36.02 36.0199 36.0193 69.6497 63.8799 58.1098 52.3397 46.5696 40.7995 38.4096 32.6396 30.2496 24.4796 22.0896
285.36 282.97 280.58 270.049 255.752 232.837 171.999 0 0 0 0 0 0 0 0 0 259.748 291.221 226.43 217.28 217.28 217.28 217.28 268.63 268.63 268.63 291.409 276.767 274.248 268.63 271.02 271.02 273.41 283.932 281.541 279.156 276.79 276.79 271.317 260.86 255.091 249.34 243.549 241.18 243.57 245.941 243.57 244.95 242.58 244.947 242.58 244.97 247.36 249.749 261.7 241.59 250.887 245.117 239.347 233.577 227.807 222.037 216.267 0 0 78.7992 0 62.468 56.698 50.928 45.1699 39.3966 36.02 36.02 36.02 36.02 36.02 36.02 36.02 36.02 36.02 36.0197 36.0193 36.0188 76.9305 72.0398 66.2698 60.4998 54.7297 48.9596 46.5697 40.7997 38.4097 32.6397 30.2498 24.4797
160.685 95.1658 0 0 0 0 0 0 0 0 0 0 0 0 0 0 254.075 291.217 226.43 217.28 217.28 217.28 217.28 268.63 291.092 291.31 268.603 266.088 260.47 262.86 262.86 265.25 275.772 273.381 270.996 268.63 260.47 262.86 269.04 263.27 252.705 243.57 237.785 179.214 233.02 235.41 237.781 235.41 236.79 234.42 236.787 234.42 236.81 239.2 241.59 253.54 233.43 245.117 239.347 233.577 227.807 222.037 216.267 210.497 0 195.308 70.6392 0 54.308 48.538 42.7799 37.0099 36.02 36.02 36.02 36.02 36.02 36.02 36.02 36.02 36.02 36.0194 36.0192 85.9694 80.1998 74.4299 68.6598 62.8898 57.1197 54.7298 48.9598 46.1597 40.3897 34.6196 28.8496 23.0795
0 0 0 0 0 0 0 0 0 0 0 0 0 0 0 0 248.41 291.217 226.43 217.28 217.28 217.28 241.76 291.119 291.227 260.439 257.928 252.31 254.7 254.7 257.09 267.612 265.221 262.836 260.47 252.31 252.55 252.55 252.55 260.88 251.635 237.8 232.017 147.781 147.781 224.86 227.25 229.621 227.25 228.63 226.26 228.627 226.26 228.65 231.04 233.275 243.044 225.27 241.737 235.967 230.197 224.427 218.657 212.887 210.497 0 204.625 67.2594 0 50.94 45.1699 39.3999 36.02 36.02 36.02 36.02 36.02 36.02 36.02 36.02 36.02 36.0195 94.088 88.36 82.5899 76.8199 71.0499 65.2799 62.8899 57.1199 54.3198 48.5498 42.7797 37.0097 31.2397 25.4696
0 0 0 0 0 0 0 0 0 0 0 0 0 0 0 0 242.585 291.094 226.43 217.28 217.28 217.28 291.098 241.76 241.76 249.768 244.15 246.54 246.54 248.93 259.452 257.061 254.676 252.31 244.15 244.39 244.39 244.39 261.87 252.55 245.842 232.03 226.247 75.1482 0 0 216.7 219.09 221.461 219.09 220.47 218.1 220.467 218.1 220.49 222.88 225.121 234.549 217.11 217.11 232.587 226.817 221.047 218.657 212.887 210.497 169.5 56.7099 59.0996 0 47.56 41.79 36.02 36.02 36.02 36.02 36.02 36.02 0 0 32.7373 35.9 90.3833 82.5901 74.43 79.21 73.44 69.2399 63.4698 57.6998 51.9298 46.1597 40.3897 34.6196 28.8496 23.0796
0 0 0 0 0 0 0 0 0 0 0 0 0 0 0 0 236.07 226.429 291.131 217.28 217.28 291.092 233.6 233.6 241.608 235.99 238.38 238.38 240.77 251.292 248.901 246.516 243.872 235.99 236.23 236.23 236.23 253.043 244.364 242 240.062 226.26 220.477 0 0 0 0 208.54 210.93 213.301 210.93 212.31 209.94 212.309 201.78 204.17 214.701 215.119 227.9 217.11 217.11 151.25 226.817 221.047 153.64 147.87 56.7099 156.03 204.727 47.5597 0 44.18 38.41 36.02 36.02 36.02 36.02 36.02 36.02 0 0 2.48484 80.2718 74.43 74.43 0 75.0099 69.2399 63.4698 57.6998 51.9298 46.1597 40.3897 34.6197 28.8496 23.0796
0 0 0 0 0 0 0 0 0 0 0 0 0 0 0 0 226.428 217.278 290.649 217.28 291.106 225.44 225.44 233.448 227.83 230.22 230.22 232.61 243.132 240.741 238.356 235.99 227.83 228.07 228.07 228.07 244.883 236.203 233.84 236.23 233.724 220.49 214.707 0 0 0 0 0 200.38 202.77 205.143 194.61 196.01 116.831 116.831 116.831 116.831 116.831 116.831 216.67 151.25 151.25 151.25 226.817 220.99 153.64 147.497 142.1 139.71 142.1 52.3367 41.7122 51.9697 38.4098 36.0198 36.02 36.02 36.02 0 65.7904 87.3701 81.6001 36.02 36.02 0 0 0 69.2399 63.4699 57.6999 51.9298 46.1598 40.3898 34.6197 28.8497 23.0797
0 0 0 0 0 0 0 0 0 0 0 0 0 0 0 0 0 214.887 217.279 291.142 291.15 227.829 225.288 219.67 222.06 222.06 224.45 234.972 232.581 230.195 227.552 219.67 222.06 224.45 226.84 237.39 228.045 225.68 228.042 225.68 223.274 214.72 208.937 0 0 0 0 0 0 0 116.831 116.831 116.831 116.831 116.831 116.831 116.831 116.831 116.831 116.831 151.25 151.25 151.25 229.207 226.516 151.238 145.48 139.71 133.94 131.55 46.57 150.491 145.08 139.31 133.54 36.0197 36.02 36.0199 96.8494 36.02 81.0515 79.2101 73.4401 71.0352 0 0 0 0 63.4699 57.6999 51.9299 46.1598 40.3898 34.6198 28.8498 23.0797
0 0 0 0 0 0 0 0 0 0 0 0 0 0 0 0 0 0 291.196 291.174 219.668 217.128 211.51 213.9 213.9 216.29 226.812 224.421 222.035 219.67 211.51 213.9 214.14 214.14 214.14 231.59 222.276 219.882 217.49 215.101 212.74 208.95 203.167 0 0 0 0 0 0 0 0 116.831 116.831 116.831 116.831 116.831 116.831 116.831 116.831 116.831 116.831 214.03 235.27 151.25 151.25 130.029 104.314 137.31 131.55 125.751 123.39 125.78 145.08 101.419 103.69 97.9201 95.5301 89.7601 36.02 81.6001 79.2101 73.4401 71.05 65.28 62.8751 0 0 0 0 0 51.9299 46.1599 40.3899 34.6198 28.8498 23.0798
0 0 0 0 0 0 0 0 0 0 0 0 0 0 0 0 0 0 0 198.569 208.968 203.35 205.74 205.74 208.13 218.652 216.261 213.875 211.51 203.35 205.74 208.13 210.52 210.76 223.46 214.114 211.728 209.338 206.948 204.558 202.171 199.8 197.397 0 0 0 0 0 0 0 0 0 116.831 116.831 116.831 116.831 116.831 116.831 116.831 116.831 116.831 203.59 205.98 243.527 153.64 243.515 140.528 134.409 129.15 123.39 117.337 111.85 106.08 103.69 97.9201 95.5301 89.7601 87.3701 81.6001 79.2101 73.4401 71.05 65.28 62.89 57.12 54.7151 0 0 38.1335 0 0 46.1599 40.3899 34.6199 28.8498 23.0798
0 0 0 0 0 0 0 0 0 0 0 0 0 0 0 0 0 0 0 0 195.19 197.58 197.58 199.97 210.492 208.101 205.715 203.072 195.19 197.58 199.97 202.36 204.75 204.99 210.76 208.357 196.841 187.505 174.957 157.712 133.597 99.4349 0 0 0 0 0 0 0 0 0 0 0 0 116.831 116.831 116.831 116.831 116.831 116.831 195.43 197.781 195.424 0 195.43 264.773 138.298 132.528 126.759 120.988 115.23 109.426 103.69 97.9201 95.5301 89.7601 87.3701 81.6001 79.21 73.44 71.05 65.28 62.89 57.12 54.73 48.9599 46.555 0 0 26.5739 0 0 0 37.0099 31.2399 25.4699
0 0 0 0 0 0 0 0 0 0 0 0 0 0 0 0 0 0 0 0 0 191.81 191.81 202.332 199.94 197.555 195.19 187.03 189.42 191.81 194.2 196.59 198.98 201.37 204.99 202.587 184.922 152.279 82.5303 0 0 0 0 0 0 0 0 0 0 0 0 0 0 0 0 116.831 116.831 116.831 116.831 187.27 189.634 187.251 0 186.799 0 0 0 134.93 129.16 123.39 112.828 107.059 101.29 95.5301 89.7601 87.3701 81.6001 79.21 73.44 71.05 65.28 62.89 57.12 54.73 48.96 46.5699 40.7999 38.395 0 0 0 0 0 37.0099 31.2399 25.4699
0 0 0 0 0 0 0 0 0 0 0 0 0 0 0 0 0 0 0 0 0 0 186.04 191.788 189.4 187.03 181.26 181.26 183.65 186.04 188.43 190.82 193.21 195.6 194.44 196.83 194.427 83.1935 0 0 0 0 0 0 0 0 0 0 0 0 0 0 0 0 0 0 116.831 116.831 116.831 181.461 179.073 176.72 179.11 169.71 150.43 148.011 143.09 137.32 131.55 125.78 115.23 98.9099 90.7498 93.1296 87.37 81.6 79.21 73.44 71.05 65.28 62.89 57.12 54.73 48.96 46.57 40.7999 38.4099 32.6398 30.2358 0 0 0 0 34.6199 28.8499 23.0798
0 0 0 0 0 0 0 0 0 0 0 0 0 0 0 0 0 0 0 0 0 0 0 0 0 0 175.49 175.49 177.88 180.27 182.66 185.05 187.44 189.83 189.83 194.44 188.67 186.267 0 0 0 0 0 0 0 0 0 0 0 0 0 0 0 0 0 0 0 116.831 173.34 170.95 152.781 150.43 152.144 142.235 139.769 134.11 136.5 131.55 122.98 139.526 133.837 226.647 101.3 90.7388 84.9696 79.21 73.44 71.05 65.28 62.89 57.12 54.73 48.96 46.57 40.7999 38.4099 32.6399 30.2499 24.466 0 18.994 8.81351 0 0 0 23.0798
0 0 0 0 0 0 0 0 0 0 0 0 0 0 0 0 0 0 0 0 0 0 0 0 0 0 0 169.72 172.11 174.5 176.89 179.28 181.67 184.06 183.89 183.89 186.28 180.51 178.107 0 0 0 0 0 0 0 0 0 0 0 0 0 0 0 0 0 0 165.152 162.79 160.259 150.43 144.351 138.866 136.486 122.98 122.98 122.98 122.98 147.858 141.13 100.78 85.97 85.97 88.3481 82.5788 76.8096 71.05 65.28 62.89 57.12 54.73 48.96 46.57 40.7999 38.4099 32.6399 30.2499 24.4799 22.0899 16.3073 0 0 0 0 0 23.0798
0 0 0 0 0 0 0 0 0 0 0 0 0 0 0 0 0 0 0 0 0 0 0 0 0 0 0 0 166.34 168.73 171.12 173.51 175.9 178.29 178.29 180.27 183.88 178.12 172.35 169.947 0 0 0 0 0 0 0 0 0 0 0 0 0 0 0 0 156.992 154.602 152.223 110.064 152.141 130.706 128.321 45.3687 98.3906 98.3906 98.3906 125.332 122.98 113.83 108.046 0 103.28 85.9581 80.1881 74.4188 68.6495 62.89 57.12 54.73 48.96 46.57 40.7999 38.4099 32.6399 30.2499 24.4799 22.0899 16.3199 13.9298 0 0 0 0 0 23.0799
0 0 0 0 0 0 0 0 0 0 0 0 0 0 0 0 0 0 0 0 0 0 0 0 0 0 0 0 0 162.96 165.35 167.74 170.13 172.52 172.52 174.5 173.34 175.72 169.96 164.19 161.787 0 0 0 0 0 0 0 0 0 0 0 0 0 0 148.832 146.442 144.059 141.69 144.08 146.152 124.947 84.68 45.3687 45.3687 98.3906 98.3906 98.3906 117.175 111.414 105.67 99.9001 97.51 83.5681 77.7981 72.0281 66.2588 60.4895 54.73 48.9599 46.57 40.7999 38.4099 32.6399 30.2499 24.4799 22.0899 16.3199 13.9299 0 0 0 0 0 11.5399 25.47
0 0 0 0 0 0 0 0 0 0 0 0 0 0 0 0 0 0 0 0 0 0 0 0 0 0 0 0 0 0 159.58 161.97 164.36 166.75 166.75 168.73 170.95 173.329 167.56 161.8 156.03 153.627 0 0 0 0 0 0 0 0 0 0 0 0 140.672 138.282 135.899 133.53 135.92 138.31 121.58 119.177 35.8842 35.8841 45.3687 45.3687 98.3906 98.3906 114.806 109.039 103.27 97.51 91.74 85.97 75.4081 69.6381 63.8681 58.0988 52.3295 46.57 40.7999 38.4099 32.6399 30.2499 24.4799 22.0899 16.3199 13.9299 0 0 0 0 0 8.15988 11.5399 11.54
0 0 0 0 0 0 0 0 0 0 0 0 0 0 0 0 0 0 0 0 0 0 0 0 0 0 0 0 0 0 0 156.2 158.59 160.98 160.98 162.96 165.35 170.938 165.169 159.4 153.64 147.87 145.467 0 0 0 0 0 0 0 0 0 0 0 130.128 127.739 125.37 127.76 130.15 118.2 115.797 75.4003 0 0 0 45.3687 45.3687 45.3687 98.3906 106.648 100.879 95.1059 89.35 83.58 73.0181 67.2481 61.4781 55.7081 49.9387 44.1695 38.4099 32.6399 30.2499 24.4799 22.0899 16.3199 13.9299 5.7699 5.76999 5.77 5.77 5.76999 5.76995 8.15997 11.54 11.54
0 0 0 0 0 0 0 0 0 0 0 0 0 0 0 0 0 0 0 0 0 0 0 0 0 0 0 0 0 0 0 0 152.82 155.21 155.21 157.19 159.58 160.4 162.778 157.009 151.24 145.48 139.71 137.307 0 0 0 0 0 0 0 0 0 0 0 0 0 117.185 114.82 112.417 88.4212 0 0 0 0 0 0 45.3687 45.3687 98.3906 81.19 97.51 81.1898 73.0298 75.42 64.8581 59.0881 53.3181 47.5481 41.7787 36.0095 30.2499 24.4799 22.0899 16.3199 13.9299 5.7699 5.76999 5.77 5.77 5.77 5.76998 5.77 5.76996 5.76992 8.15996
0 0 0 0 0 0 0 0 0 0 0 0 0 0 0 0 0 0 0 0 0 0 0 0 0 0 0 0 0 0 0 0 0 149.44 149.44 151.42 153.81 156.2 160.388 154.618 148.849 143.08 137.32 131.55 129.147 0 0 0 0 0 0 0 0 120.987 0 0 0 0 0 0 0 0 0 0 0 0 0 0 45.3687 45.3687 104.172 81.1898 81.1898 83.5678 64.8698 67.26 56.698 50.928 45.158 39.388 33.6187 27.8494 22.0899 16.3198 13.9299 5.7699 5.76999 5.77 5.77 5.77 5.76998 5.77 5.76997 5.76993 5.76991 5.76993
0 0 0 0 0 0 0 0 0 0 0 0 0 0 0 0 0 0 0 0 0 0 0 0 0 0 0 0 0 0 0 0 0 0 0 145.65 148.04 150.43 149.85 152.228 146.458 140.689 134.92 129.16 123.39 120.987 0 0 0 0 0 0 0 0 112.827 0 0 0 0 0 0 0 0 0 0 0 0 0 0 45.3687 45.3686 92.7298 226.647 226.646 75.4198 64.87 59.1 48.538 42.768 36.998 31.228 25.4586 19.6894 13.9298 8.15987 8.16 8.16001 8.16001 5.77 5.76999 5.77 5.76999 5.76998 5.76997 5.76994 5.76993
0 0 0 0 0 0 0 0 0 0 0 0 0 0 0 0 0 0 0 0 0 0 0 0 0 0 0 0 0 0 0 0 0 0 0 0 142.27 144.66 147.05 149.838 144.068 138.298 132.529 126.76 121 115.23 112.827 0 0 0 0 0 0 0 107.07 104.667 0 0 0 0 0 0 0 0 0 0 0 0 0 0 45.3686 81.1898 81.1898 83.5797 64.8698 67.26 56.7099 50.94 40.378 34.608 28.838 23.0679 17.2999 11.5357 8.15995 8.16001 8.16001 5.77 5.76999 5.77 5.76999 5.76999 5.77 5.77 5.76998 5.76997
0 0 0 0 0 0 0 0 0 0 0 0 0 0 0 0 0 0 0 0 0 0 0 0 0 0 0 0 0 0 0 0 0 0 0 0 0 138.89 141.28 147.448 141.678 135.908 130.138 124.369 118.6 112.84 107.07 104.667 0 0 0 0 0 0 104.68 98.9101 96.5066 0 0 0 0 0 0 0 0 0 0 0 0 0 0 81.1899 81.1899 73.0299 75.42 64.87 59.1 48.5499 42.7799 37.0099 31.2399 25.4699 19.6999 13.9299 0 0 0 0 5.77 5.76999 5.76999 5.77 5.77 5.77 5.76999 5.76998
160.796 0 0 0 0 0 0 0 0 0 0 0 0 0 0 0 0 0 0 0 0 0 0 0 0 0 0 0 0 0 0 0 0 0 0 0 0 0 133.12 133.12 139.288 133.518 127.748 121.978 116.209 110.44 104.68 98.9101 96.5084 0 0 0 0 0 0 96.5201 90.75 88.3466 0 0 0 0 0 0 0 0 0 0 0 0 0 71.0501 81.1901 83.58 73.03 67.26 56.7099 50.94 45.17 39.4 33.63 27.86 22.0899 16.3199 0 0 0 8.16 5.76998 5.76998 5.77 5.77 5.77 5.77 5.76999 5.76999
155.04 152.636 0 0 0 0 0 0 0 0 0 0 0 0 0 0 0 0 0 0 0 0 0 0 0 0 0 0 0 0 0 0 0 0 0 0 0 0 133.12 133.12 141.668 135.92 130.15 124.38 118.61 112.84 102.28 96.5201 90.7383 0 0 0 0 101.3 104.68 0 88.36 82.5766 0 0 0 0 0 0 0 0 0 0 0 0 0 71.0501 71.0501 97.5101 75.42 69.65 59.1 53.33 47.56 41.79 36.02 30.25 24.48 22.09 24.4116 22.09 24.459 16.32 11.54 5.76998 5.77 5.77 5.77 5.77 5.76999 5.76999
152.65 146.879 144.476 0 0 0 0 0 0 0 0 0 0 0 0 0 0 0 0 0 0 0 0 0 0 0 0 0 0 0 0 0 0 0 0 0 0 0 133.12 133.12 143.778 138.31 132.54 137.908 132.46 0 0 87.3469 84.966 0 0 0 89.1507 0 0 0 0 76.8064 0 0 0 0 0 0 0 0 0 0 0 0 0 68.6601 83.7918 71.0501 77.81 67.26 61.49 55.72 49.95 44.18 41.79 36.4099 0 0 0 36.1686 22.09 13.93 8.15997 5.76999 5.77 5.77 5.77 5.77 5.76999 5.76999
150.25 144.49 138.719 136.316 0 0 0 0 0 0 0 0 0 0 0 0 0 0 0 0 0 0 0 0 0 0 0 0 0 0 0 0 0 0 0 0 0 135.403 133.12 133.12 138.31 0 0 0 0 101.253 0 0 0 0 0 0 0 0 0 150.416 150.302 0 68.6465 0 0 0 0 0 0 0 0 0 0 0 0 68.6601 71.0501 85.97 75.42 69.65 63.88 58.11 52.34 49.95 52.2755 50.2497 0 72.048 0 22.0898 16.3158 11.5332 5.76996 5.77 5.77 5.77 5.77 5.77 5.77 5.76999
147.859 142.089 136.33 130.559 128.156 0 0 0 0 0 0 0 0 0 0 0 0 0 0 0 0 0 0 0 0 0 0 0 0 0 0 0 0 0 0 113.188 127.35 158.576 133.12 0 0 142.121 0 150.416 149.387 63.0223 0 0 0 0 0 70.9247 0 142.43 150.416 0 150.416 68.6598 62.89 60.4865 0 0 0 0 0 0 0 0 0 65.86 68.4311 62.8618 60.4896 62.5577 57.1201 62.8901 58.1101 52.34 58.11 60.4158 58.5 88.9056 0 0 0 19.6805 13.9267 8.15905 5.76998 5.77 5.77 5.77 5.77 5.77 5.77 5.76999
145.468 139.699 133.929 128.17 122.399 119.996 0 0 0 0 0 0 0 0 0 0 0 0 0 0 0 0 0 0 0 0 0 0 0 0 0 0 0 0 0 107.628 158.562 127.35 0 0 150.416 150.416 70.6988 65.2655 62.89 60.4883 0 0 0 0 62.89 65.2801 62.89 65.2606 62.89 0 0 71.0026 60.4999 54.73 52.3265 0 0 0 0 0 0 0 45.17 47.56 49.9388 52.0729 46.57 48.9601 54.7301 57.1201 55.72 55.72 55.72 66.5288 91.1611 49.95 83.0894 0 0 16.3167 11.5332 0 0 0 0 0 0 0 0 5.76999
143.078 137.308 131.539 125.769 120.01 114.239 111.836 0 0 0 0 0 0 0 0 0 0 0 0 0 0 0 0 0 0 0 0 0 0 0 0 0 0 0 0 0 156.186 0 0 0 0 71.0498 65.28 62.8901 57.1201 54.7183 0 0 0 54.73 57.0991 54.3058 45.17 45.1698 150.416 150.416 150.416 150.416 40.3899 52.34 46.5565 0 0 0 0 0 0 0 0 33.63 36.02 38.41 40.8 46.57 46.5701 52.3401 49.95 55.72 58.0142 88.7019 49.95 83.1357 0 0 16.3199 13.9271 0 0 0 0 0 0 0 0 0 5.76999
140.688 134.918 129.148 123.379 117.609 111.849 106.079 103.676 0 0 0 0 0 0 0 0 0 0 0 0 0 0 0 0 0 0 0 0 0 0 0 0 0 0 0 0 156.174 0 0 0 148.469 65.2798 62.89 57.12 54.73 48.9474 0 0 46.57 48.9391 46.57 48.9339 46.57 42.8029 45.1613 33.6296 33.6296 40.3897 0 45.17 40.8 38.3965 0 0 0 0 0 0 0 0 30.25 32.64 38.41 40.8001 46.5701 46.5701 52.3252 0 47.56 49.6134 82.769 77.3656 16.3199 0 13.9299 8.15995 0 0 0 0 0 0 0 0 0 5.76999
138.298 132.528 126.758 120.988 115.219 109.449 103.689 97.9191 95.5158 0 0 0 0 0 0 0 0 0 0 0 0 0 0 0 0 0 0 0 0 0 0 0 0 0 0 0 78.8 0 0 62.8901 150.416 62.8897 57.12 54.73 48.96 46.57 40.7828 0 40.7791 38.41 40.7779 38.41 40.5873 35.9957 33.4685 27.86 27.86 0 0 0 0 32.64 30.2365 0 0 0 0 0 0 0 0 30.25 32.64 38.41 40.8001 40.8001 46.5566 0 0 43.8318 77.3656 16.3199 13.9298 16.3168 11.5326 0 0 0 0 0 0 0 0 0 0 5.76999
135.908 130.138 124.368 118.598 112.828 107.059 101.289 95.5294 89.759 87.3557 0 0 0 0 0 0 0 0 0 0 0 0 0 70.6189 68.2321 0 0 0 0 0 85.56 91.1545 86.9393 84.5562 0 0 78.7999 0 147.43 62.8901 62.8899 54.9377 3.84376 48.96 46.57 40.8 38.41 32.6228 0 32.6179 30.25 32.4297 27.8378 25.3319 19.7 22.09 0 0 0 0 0 30.25 24.4799 22.0765 0 0 0 0 0 0 0 24.48 30.25 32.64 38.41 38.41 40.8 38.396 0 38.4099 77.3656 13.9298 16.3199 13.9271 0 0 0 0 0 0 0 0 0 0 0 5.76999
