tests/full-run-ref/erosion_2010_78_15_62.100.asc
ncols 512
nrows 512
xllcorner -3.24582
yllcorner -4.08743
cellsize 5
NODATA_value -99999
[rows 312 to 350 of 512, columns 174 to 260 of 512]
137.488 140.373 143.258 145.938 145.938 145.938 159.762 153.108 153.108 153.108 153.108 153.108 153.108 0 0 0 0 0 0 0 0 0 0 0 0 188.941 0 0 0 0 0 0 0 107.913 107.913 107.913 107.913 107.913 207.877 209.567 107.913 107.913 107.913 107.913 213.883 0 0 107.913 52.6539 52.6539 52.6539 52.6539 52.6539 52.6539 52.6539 107.913 107.913 0 0 0 0 0 0 107.913 220.659 0 0 0 0 0 0 0 0 0 0 0 0 0 213.7 213.7 213.7 0 0 0 0 0 0
137.488 140.373 143.258 145.938 145.938 145.938 153.108 153.108 153.108 153.108 153.108 170.418 153.108 0 0 0 0 0 0 0 0 0 0 0 0 0 0 0 0 0 0 0 0 107.913 107.913 107.913 107.913 107.913 107.913 209.567 209.567 209.567 107.913 214.565 107.913 0 107.913 0 0 0 0 0 0 0 107.913 52.6535 107.913 0 0 0 0 0 191.57 217.461 0 0 0 0 0 0 0 0 0 0 0 0 0 0 0 0 0 0 0 0 0 0 0
138.683 141.568 144.453 151.418 154.303 157.081 159.975 162.873 153.108 153.108 160.073 160.073 160.073 153.108 0 0 0 0 0 0 0 0 0 0 0 0 0 0 0 0 0 107.913 0 107.913 107.913 107.913 107.913 107.913 107.913 107.913 220.117 220.876 220.007 107.913 0 107.913 0 0 0 0 0 0 0 107.913 0 107.913 220.692 107.913 0 0 220.692 220.692 0 0 0 0 0 0 0 0 0 0 0 0 0 0 0 0 0 0 0 0 0 0 0 0 0
143.88 146.754 149.628 179.586 179.286 179.586 179.586 160.073 160.073 160.073 160.073 171.613 171.613 160.073 0 0 0 0 0 0 0 0 0 0 0 0 0 107.913 0 107.913 107.913 107.913 107.913 107.913 107.913 198.477 107.913 207.877 210.762 213.647 107.913 107.913 107.913 0 107.913 0 0 0 0 0 0 0 107.913 0 107.913 224.772 107.913 107.913 107.913 0 220.692 220.692 0 0 0 0 0 0 0 0 0 0 0 0 0 0 0 0 0 0 0 0 0 0 0 0 0
183.659 183.666 183.666 149.728 179.586 176.701 160.073 160.073 160.073 160.073 160.073 160.073 160.073 160.073 149.728 0 0 0 0 0 0 0 0 0 0 0 107.913 107.913 107.913 107.913 107.913 107.913 107.913 107.913 107.913 107.913 107.913 107.913 107.913 107.913 107.913 107.913 0 0 0 0 0 0 0 0 0 107.913 0 107.913 228.852 107.913 107.913 107.913 0 0 107.913 220.692 107.913 0 0 0 0 0 0 0 0 0 0 0 0 0 0 0 0 0 217.78 0 0 0 0 0 0
176.701 179.586 149.728 179.586 179.586 176.701 176.701 176.701 176.701 176.701 160.073 160.073 160.073 160.073 149.728 0 0 0 0 0 0 0 0 0 0 0 0 107.913 107.913 107.913 107.913 107.913 107.913 107.913 107.913 201.85 107.913 107.913 107.913 107.913 107.913 0 0 0 0 0 0 0 0 0 0 107.913 107.913 232.932 107.913 107.913 107.913 107.913 0 107.913 107.913 107.913 107.913 0 0 0 0 0 0 0 0 0 0 0 0 0 0 0 0 0 0 0 0 0 0 0 0
149.728 149.728 149.728 149.728 176.701 176.701 176.701 176.701 149.728 149.728 149.728 149.728 149.728 149.728 149.728 0 0 0 0 0 0 0 0 0 0 0 0 0 107.913 192.257 192.257 195.142 196.337 199.222 200.417 207.377 107.913 107.913 107.913 107.913 0 0 0 0 0 0 0 0 0 0 0 0 107.913 107.913 107.913 107.913 107.913 107.913 107.913 107.913 107.913 107.913 107.913 107.913 0 0 0 0 0 0 0 0 0 0 0 0 0 0 0 0 0 0 0 0 0 0 0
149.728 149.728 149.728 149.728 149.728 149.728 149.728 149.728 149.728 149.728 149.728 149.728 149.728 149.728 149.728 149.728 0 0 0 0 0 0 0 0 0 0 0 0 192.257 192.257 195.142 196.337 199.222 200.417 203.302 208.572 107.913 107.913 107.913 0 0 0 0 0 0 0 0 0 0 0 0 0 107.913 107.913 107.913 107.913 107.913 107.913 107.913 107.913 107.913 107.913 107.913 107.913 0 0 0 0 0 0 0 0 0 0 0 0 0 0 0 0 0 0 0 0 0 0 0
139.198 139.198 139.198 139.198 139.198 139.198 139.198 149.728 176.701 149.728 149.728 149.728 176.701 176.701 176.701 149.728 0 0 0 0 0 0 0 0 0 0 0 0 192.257 195.142 196.337 199.222 200.417 203.302 204.497 207.382 212.589 107.913 0 0 0 0 0 0 0 0 0 0 0 0 0 0 107.913 107.913 107.913 107.913 107.913 107.913 107.913 107.913 107.913 107.913 107.913 0 0 220.692 0 0 0 0 0 0 0 0 0 0 220.692 0 0 0 0 0 0 0 0 0 0
0 139.198 139.198 139.198 139.198 139.198 139.198 139.198 139.198 139.198 139.198 149.728 149.728 149.728 149.728 0 0 0 0 0 0 0 0 0 0 0 0 0 0 195.206 199.222 200.417 203.302 204.497 207.382 208.577 215.538 0 107.913 0 0 0 0 0 0 0 0 0 0 0 0 0 107.913 107.913 107.913 107.913 107.913 107.913 107.913 107.913 107.913 107.913 0 0 107.913 107.913 107.913 0 0 0 0 0 0 0 0 220.692 0 0 0 0 0 0 0 0 0 0 0
176.701 176.701 176.701 176.701 176.701 176.701 176.701 176.701 176.701 149.728 149.728 149.728 149.728 149.728 149.728 149.728 149.728 149.728 0 0 0 0 0 0 0 0 0 0 0 195.206 198.091 200.976 203.861 206.746 208.577 211.462 216.733 219.622 0 46.4585 0 0 0 0 0 0 0 0 0 0 0 0 107.913 107.913 107.913 107.913 107.913 107.913 107.913 107.913 107.913 107.913 107.913 107.913 107.913 107.913 107.913 107.913 0 0 0 0 0 0 0 0 0 0 0 0 0 0 0 0 0 0 107.913
179.586 179.586 179.586 179.586 179.586 179.586 179.586 176.701 176.701 176.701 164.987 164.987 164.987 0 0 0 0 0 0 0 0 0 0 0 0 0 0 0 0 0 196.896 199.781 202.666 205.551 208.436 211.321 214.206 220.758 243.273 243.273 106.762 0 0 0 0 0 0 0 0 0 0 0 107.913 107.913 107.913 107.913 107.913 107.913 107.913 107.913 107.913 107.913 107.913 107.913 107.913 107.913 107.913 107.913 107.913 0 0 0 0 0 0 0 0 0 0 0 0 0 0 0 0 107.913 107.913
182.471 182.471 182.471 182.471 182.471 182.471 179.586 176.701 164.987 164.987 164.987 164.987 164.987 164.987 164.987 164.987 164.987 164.987 164.987 0 0 0 0 0 0 0 0 0 0 0 0 199.781 202.666 205.551 208.436 211.321 214.206 219.976 246.158 0 243.273 107.913 0 0 0 0 0 0 0 0 0 0 107.913 107.913 107.913 107.913 107.913 107.913 107.913 107.913 107.913 107.913 107.913 107.913 107.913 107.913 107.913 107.913 107.913 107.913 0 0 0 0 0 0 0 0 0 0 0 0 0 0 107.913 107.913 107.913
185.746 190.631 197.233 185.356 185.356 182.471 179.586 176.701 176.701 164.987 164.987 164.987 164.987 164.987 164.987 0 0 0 0 0 0 0 0 0 0 0 0 0 0 0 0 0 202.666 205.551 208.436 211.321 214.206 221.171 247.353 231.226 0 243.273 107.913 0 0 0 0 0 0 0 0 0 243.273 107.913 107.913 107.913 107.913 107.913 107.913 107.913 107.913 107.913 107.913 107.913 229.737 228.852 227.657 107.913 107.913 107.913 107.913 0 0 0 0 0 0 0 0 107.913 107.913 107.913 107.913 107.913 107.913 107.913 177.082
194.711 207.338 199.286 193.516 186.551 183.666 180.781 179.586 164.987 164.987 164.987 176.701 176.701 0 176.701 176.701 176.701 176.701 176.701 176.701 0 0 0 0 0 0 0 0 0 0 0 0 202.666 205.551 208.436 211.321 214.206 219.976 250.238 231.226 231.226 0 0 107.913 107.913 107.913 107.913 107.913 107.913 107.913 107.913 237.401 243.022 231.226 231.226 231.226 231.226 231.226 231.226 231.226 231.226 231.226 231.226 231.226 231.226 231.226 228.852 227.657 107.913 107.913 107.913 107.913 107.913 220.691 0 0 0 0 107.913 107.913 177.082 177.082 177.082 177.082 177.082 177.082 177.082
0 0 0 195.206 192.321 189.433 186.548 183.663 164.987 164.987 0 0 0 0 0 0 0 0 0 0 0 0 0 0 0 0 0 0 0 0 0 0 202.666 205.551 208.436 211.321 214.206 221.171 251.433 231.226 231.226 231.226 231.226 231.226 231.226 231.226 231.226 231.226 231.226 231.226 231.226 231.226 231.226 231.226 231.226 231.226 231.226 231.226 231.226 231.226 231.226 231.226 231.226 231.226 235.306 231.226 231.226 228.852 227.657 107.913 107.913 107.913 223.576 223.576 224.771 0 0 107.913 107.913 177.082 177.082 177.082 177.082 177.082 177.082 177.082 177.082
0 0 0 0 0 209.503 209.503 184.861 164.987 164.987 164.987 0 0 0 0 0 0 0 0 0 0 0 0 0 0 0 0 0 0 0 0 0 203.861 206.746 209.631 212.516 215.401 222.366 254.318 231.226 231.226 231.226 231.226 231.226 231.226 231.226 231.226 231.226 231.226 231.226 231.226 231.226 231.226 231.226 231.226 231.226 231.226 231.226 231.226 231.226 231.226 231.226 231.226 235.306 235.306 235.306 231.226 231.226 228.852 227.656 226.461 226.461 226.461 226.461 227.656 228.851 107.913 107.913 177.082 177.082 177.082 177.082 186.932 186.932 186.932 186.932 186.932
0 0 0 0 0 195.906 209.503 187.746 164.987 164.987 164.987 164.987 0 0 0 0 0 0 0 0 0 0 0 0 0 0 0 0 0 0 0 0 205.056 207.941 210.826 213.711 216.596 223.561 255.513 231.226 231.226 231.226 231.226 231.226 231.226 235.306 235.306 235.306 235.306 235.306 235.306 235.306 235.306 235.306 235.306 235.306 235.306 235.306 235.306 235.306 235.306 235.306 235.306 235.306 235.306 235.306 235.306 231.226 231.226 230.541 230.541 230.542 230.541 230.541 230.541 231.737 232.932 177.082 177.082 177.082 177.082 186.932 186.932 188.127 188.127 188.127 188.127
209.503 0 0 0 0 193.699 195.906 188.941 164.987 164.987 164.987 164.987 0 0 0 0 0 0 0 0 0 0 0 0 0 0 0 0 0 0 0 0 206.251 209.136 212.021 214.906 217.791 224.701 255.223 231.226 231.226 231.226 231.226 235.306 235.306 239.386 239.386 239.386 239.386 239.386 239.386 239.386 239.386 239.386 239.386 239.386 239.386 239.386 239.386 239.386 239.386 239.386 239.386 239.386 235.306 235.306 235.306 235.306 234.622 233.817 233.816 233.817 233.426 233.426 233.426 234.622 235.817 237.012 177.082 177.082 186.932 186.932 188.127 188.127 188.127 188.127 188.127
0 0 0 0 0 209.503 194.711 187.746 164.987 164.987 164.987 164.987 0 0 0 176.701 176.701 176.701 0 0 0 0 0 0 0 0 0 0 0 0 0 0 207.446 210.331 213.216 216.101 218.986 221.871 231.226 257.196 235.306 235.306 235.306 239.386 239.386 243.466 243.466 243.466 243.466 243.466 243.466 243.466 243.466 243.466 243.466 243.466 243.466 243.466 243.466 243.466 243.466 243.466 243.466 243.466 239.386 235.306 235.306 235.306 235.306 235.306 235.306 236.702 236.702 236.701 236.701 237.507 238.702 239.897 241.092 186.932 186.932 188.127 188.127 188.127 188.127 253.332 256.217
0 0 0 0 0 209.502 195.906 188.941 164.987 164.987 164.987 0 0 176.701 176.701 0 0 0 0 0 0 0 0 0 0 0 0 0 0 0 0 0 208.641 211.526 214.411 217.296 220.181 223.066 225.951 235.306 259.256 239.386 239.386 243.466 243.466 247.546 247.546 247.546 247.546 247.546 247.546 247.546 247.546 247.546 247.546 247.546 247.546 247.546 247.546 247.546 247.546 247.546 247.546 247.546 243.466 239.386 239.386 239.386 239.386 239.386 239.386 239.977 239.587 239.586 239.586 240.392 241.587 242.782 243.977 245.172 188.127 188.127 188.127 188.127 253.331 256.217 257.412
0 0 0 0 0 0 197.1 164.987 164.987 164.987 0 0 0 0 176.701 0 0 0 0 0 0 0 0 0 0 0 0 0 0 0 0 0 209.836 212.721 215.606 218.491 221.376 224.261 227.146 230.031 239.386 261.314 243.466 247.546 247.546 247.546 247.546 247.546 247.546 247.546 247.546 247.546 247.546 247.546 247.546 247.546 247.546 247.546 247.546 247.546 247.546 247.546 247.546 247.546 247.546 246.862 245.667 244.472 243.277 242.862 242.862 242.862 242.472 242.471 242.471 243.277 244.472 245.667 246.862 248.057 249.252 188.127 188.127 253.331 256.216 257.411 260.297
0 0 0 0 0 0 209.503 191.126 164.987 164.987 0 0 0 0 176.701 176.701 176.701 176.701 0 0 0 0 0 0 0 0 0 0 0 0 0 0 211.031 213.916 216.801 219.686 222.571 225.456 228.341 231.226 233.963 243.466 264.411 247.546 247.546 251.626 251.626 251.626 251.626 251.626 251.626 251.626 251.626 251.626 251.626 251.626 251.626 251.626 251.626 251.626 251.626 251.626 251.626 251.626 250.942 249.747 248.552 247.357 246.162 246.137 246.137 246.137 245.357 245.356 245.356 246.162 247.357 248.552 249.747 250.942 252.137 253.332 253.331 256.216 257.411 260.297 261.492
0 0 0 0 0 0 209.503 191.126 185.356 164.987 0 0 0 0 0 176.701 176.701 0 0 0 0 0 0 0 0 0 0 0 0 0 0 0 212.226 215.111 217.996 220.881 223.766 226.651 229.536 232.421 233.963 236.437 247.379 267.809 251.626 253.316 253.316 253.316 253.316 253.316 253.316 253.316 253.316 253.316 253.316 253.316 253.316 253.316 253.316 253.316 253.316 253.316 253.316 253.316 253.316 252.632 251.437 250.242 249.047 249.022 249.022 249.022 248.242 248.241 248.241 249.047 250.242 251.437 252.632 253.827 255.022 256.217 257.412 257.411 260.296 261.491 264.377
0 0 0 0 0 0 209.503 192.321 185.356 182.471 0 0 0 0 0 0 0 0 0 0 0 0 0 0 0 0 0 0 0 0 0 0 213.421 216.306 219.191 222.076 224.961 227.846 230.731 233.616 233.963 236.437 236.437 236.437 254.161 253.316 253.316 253.316 253.316 253.316 253.316 253.316 253.316 253.316 253.316 253.316 253.316 253.316 253.316 253.316 253.316 253.316 253.316 253.316 253.316 253.316 253.316 253.127 251.932 251.932 251.932 251.932 251.127 251.127 251.126 251.932 253.127 254.322 255.517 256.712 257.907 259.102 260.297 261.492 261.491 264.376 265.571
0 0 0 0 0 0 209.503 193.516 190.631 183.666 0 0 0 0 0 0 0 0 0 0 0 0 0 0 0 0 0 0 0 0 0 0 215.401 217.501 220.386 223.271 226.156 229.041 231.926 233.963 233.963 236.437 236.437 236.437 236.437 236.437 257.396 257.396 257.396 257.396 257.396 257.396 257.396 257.396 257.396 257.396 257.396 257.396 257.396 257.396 257.396 257.396 257.396 257.396 257.396 257.396 257.207 256.012 255.207 255.207 255.207 255.182 254.377 254.377 254.377 254.817 256.012 257.207 257.396 259.597 260.792 261.987 263.182 263.826 265.572 265.571 268.457
0 0 0 0 0 0 0 213.553 194.711 184.861 0 0 0 0 0 0 0 0 0 0 0 0 0 0 0 0 0 0 0 0 0 0 216.596 219.481 221.581 224.466 227.351 230.236 233.121 233.963 233.963 236.437 236.437 236.437 236.437 236.437 257.396 261.476 257.396 257.396 257.396 257.396 257.396 257.396 257.396 257.396 257.396 257.396 257.396 257.396 257.396 257.396 257.396 257.396 257.396 257.396 257.396 257.396 257.396 257.396 257.396 257.396 257.262 257.262 257.262 257.396 257.396 257.396 261.287 262.482 263.677 263.826 263.826 267.262 268.457 268.457 269.652
0 0 0 0 0 0 0 216.468 193.516 186.551 0 0 0 0 0 0 0 0 0 0 0 0 0 0 0 0 0 0 0 0 0 0 217.791 220.676 223.561 225.661 228.546 231.431 233.963 233.963 233.963 236.437 236.437 236.437 236.437 254.511 257.396 257.396 261.476 257.396 257.396 257.396 257.396 257.396 257.396 257.396 257.396 257.396 257.396 257.396 257.396 257.396 257.396 257.396 257.396 257.396 257.396 257.396 257.396 257.396 257.396 257.396 257.396 257.396 257.396 257.396 257.396 262.977 263.826 263.826 263.826 263.826 268.952 270.147 271.01 271.01 271.01
0 0 0 0 0 0 0 70.0592 194.71 187.746 0 0 0 0 0 0 0 0 0 0 0 0 0 0 0 0 0 0 0 0 0 0 218.986 221.871 224.756 227.641 229.741 232.626 233.963 233.963 233.963 236.437 236.437 236.437 252.821 255.706 257.396 257.396 257.396 261.476 257.396 257.396 257.396 257.396 257.396 257.396 257.396 257.396 257.396 257.396 257.396 257.396 257.396 257.396 257.396 257.396 257.396 257.396 257.396 257.396 257.396 257.396 257.396 257.396 257.396 257.396 263.826 263.826 263.826 263.826 263.826 270.521 271.01 271.01 271.01 271.01 271.01
0 0 0 0 0 0 0 109.701 195.905 193.021 187.746 0 0 0 0 0 0 0 0 0 0 0 0 0 0 0 0 0 0 0 0 0 220.181 223.066 225.951 228.836 231.721 233.821 233.963 233.963 233.963 236.437 236.437 251.131 254.016 256.901 257.396 257.396 257.396 269.636 261.476 257.396 257.396 257.396 257.396 257.396 257.396 257.396 257.396 257.396 257.396 257.396 257.396 257.396 257.396 257.396 257.396 257.396 257.396 257.396 257.396 257.396 257.396 263.826 263.826 263.826 263.826 263.826 263.826 263.826 270.521 271.01 271.01 271.01 271.01 271.01 271.01
0 0 0 0 0 0 0 117.096 226.271 195.905 194.711 0 0 0 0 0 0 0 0 0 0 0 0 0 0 0 0 0 0 0 0 0 221.376 224.261 227.146 230.031 232.916 233.963 233.963 233.963 233.963 236.437 249.441 252.326 255.211 257.396 257.396 257.396 261.476 261.476 269.636 261.476 257.396 257.396 257.396 257.396 257.396 257.396 257.396 257.396 257.396 257.396 257.396 257.396 257.396 257.396 257.396 257.396 257.396 257.396 263.826 263.826 263.826 263.826 263.826 263.826 263.826 263.826 263.826 263.826 270.521 271.01 271.01 271.01 271.01 271.01 271.01
0 0 0 0 0 0 0 0 229.178 230.334 195.906 0 0 0 0 0 0 0 0 0 0 0 0 0 0 0 0 0 0 0 0 0 222.571 225.456 228.341 231.226 233.963 233.963 233.963 233.963 233.963 247.751 250.636 253.521 256.406 257.396 257.396 257.584 261.476 270.831 273.716 269.636 261.476 257.396 257.396 257.396 257.396 257.396 257.396 257.396 263.826 263.826 263.826 263.826 263.826 263.826 263.826 263.826 263.826 263.826 263.826 263.826 263.826 263.826 263.826 263.826 263.826 263.826 263.826 270.521 270.521 271.01 271.01 271.01 271.01 271.01 271.01
0 0 0 0 0 0 0 0 0 233.251 50.5315 195.986 0 0 0 0 0 0 0 0 0 0 0 0 0 0 0 0 0 0 0 0 223.766 226.651 229.536 232.421 233.963 233.963 233.963 233.963 233.963 248.946 251.831 254.716 257.396 257.396 257.584 257.584 269.141 272.026 274.268 273.716 274.268 263.826 263.826 263.826 263.826 263.826 263.826 263.826 263.826 263.826 263.826 263.826 263.826 263.826 263.826 263.826 263.826 263.826 263.826 263.826 263.826 263.826 263.826 263.826 263.826 263.826 263.826 270.521 270.521 271.01 271.01 271.505 271.505 271.01 271.01
0 0 0 0 0 0 0 0 0 236.168 131.001 0 199.944 0 0 0 0 0 0 0 0 0 0 0 0 0 0 0 0 0 0 0 224.961 227.846 230.731 233.616 233.963 233.963 233.963 233.963 233.963 250.141 253.026 255.911 257.396 257.584 257.584 257.584 270.336 273.221 276.106 274.268 274.268 274.268 274.268 263.826 263.826 263.826 263.826 263.826 263.826 263.826 263.826 263.826 263.826 263.826 263.826 263.826 263.826 263.826 263.826 263.826 263.826 263.826 263.826 263.826 263.826 263.826 263.826 263.826 270.521 270.521 271.505 271.505 271.505 271.505 271.505
0 0 0 0 0 0 0 0 0 0 213.952 0 202.838 201.676 0 0 0 0 198.871 0 0 0 0 0 0 0 0 0 0 0 0 0 226.156 229.041 231.926 233.963 233.963 233.963 233.963 233.963 233.963 252.121 253.316 256.901 257.584 257.584 257.584 257.584 271.531 274.416 277.301 276.106 274.268 274.268 263.826 263.826 263.826 263.826 263.826 263.826 263.826 263.826 263.826 263.826 263.826 263.826 263.826 263.826 263.826 263.826 263.826 263.826 263.826 263.826 263.826 263.826 263.826 263.826 263.826 263.826 270.521 270.521 270.521 271.505 271.505 271.505 271.505
0 0 0 0 0 0 0 0 0 0 0 151.818 23.3233 204.641 0 0 0 205.031 203.401 207.03 0 0 0 0 0 0 0 0 0 0 0 0 227.351 230.236 233.121 233.963 233.963 233.963 233.963 233.963 233.963 253.316 256.201 256.901 257.584 257.584 257.584 257.584 272.726 275.611 278.001 276.106 274.268 263.826 263.826 263.826 263.826 263.826 263.826 263.826 263.826 263.826 263.826 263.826 263.826 263.826 263.826 263.826 263.826 263.826 263.826 263.826 263.826 263.826 263.826 263.826 263.826 263.826 263.826 270.521 270.521 270.521 270.521 271.505 271.505 271.505 271.505
0 0 0 0 0 0 0 0 0 0 218.121 218.121 244.137 205.802 203.446 0 208.331 0 0 0 211.045 0 0 0 0 0 0 0 0 0 0 0 228.546 231.431 233.963 233.963 233.963 233.963 233.963 233.963 233.963 253.316 256.901 256.901 257.584 257.584 257.584 257.584 273.921 276.806 278.001 277.153 274.268 263.826 263.826 263.826 263.826 263.826 263.826 263.826 263.826 263.826 263.826 263.826 263.826 263.826 263.826 263.826 263.826 263.826 263.826 263.826 263.826 263.826 263.826 263.826 263.826 263.826 263.826 270.521 270.521 270.521 270.521 271.505 271.505 271.505 271.505
0 211.244 248.686 0 0 0 0 0 0 218.12 244.823 244.408 247.283 212.411 211.216 212.411 0 0 273.607 209.916 213.984 0 0 0 0 0 0 0 0 0 0 228.546 229.741 232.626 233.963 233.963 233.963 233.963 233.963 233.963 233.963 255.706 256.901 263.166 268.441 270.529 273.314 295.744 290.469 278.001 278.001 277.153 263.826 274.268 263.826 263.826 263.826 263.826 263.826 263.826 263.826 263.826 263.826 263.826 263.826 263.826 263.826 263.826 263.826 263.826 263.826 263.826 263.826 263.826 263.826 263.826 263.826 263.826 263.826 263.826 270.521 270.521 270.521 271.505 271.505 271.505 271.505
0 251.293 254.133 0 0 0 0 218.12 218.12 246.513 247.708 247.293 250.163 215.296 245.3 197.916 211.216 0 0 0 220.96 0 0 0 0 0 0 0 0 0 0 229.741 232.626 233.821 233.963 233.963 233.963 233.963 233.963 233.963 233.963 256.901 271.326 270.521 299.942 299.727 299.942 270.521 291.133 278.001 278.001 263.826 263.826 274.268 274.268 263.826 263.826 263.826 263.826 263.826 263.826 263.826 263.826 263.826 263.826 263.826 263.826 263.826 263.826 263.826 263.826 263.826 263.826 263.826 263.826 263.826 263.826 263.826 263.826 263.826 270.521 270.521 270.521 271.505 271.505 271.505 271.505
