tests/full-run-ref/erosion_79_1_-87.555.asc
ncols 512
nrows 512
xllcorner -3.24582
yllcorner -4.08743
cellsize 5
NODATA_value -99999
[rows 29 to 57 of 512, columns 268 to 334 of 512]
5.77001 5.77001 5.77001 5.77001 5.77001 5.77001 5.77001 5.77001 5.77001 5.77001 5.77001 5.77001 5.77001 5.77001 5.72866 7.76882 5.56427 11.6075 17.7624 15.5127 9.48456 5.39506 5.77001 5.77001 5.77001 5.77001 5.77001 5.77001 5.77001 5.76825 5.74153 11.4998 11.003 10.7215 10.3858 11.8022 12.0372 12.9802 15.4511 18.6855 24.6443 28.1622 34.7618 36.4803 38.8025 31.3102 28.1472 30.9846 33.7782 27.8981 21.0443 18.7358 16.416 9.75495 6.63704 3.84039 4.47306 0 0 0.840209 1.28944 2.90845 4.78886 5.77 5.77 5.77 5.52162
5.77001 5.77001 5.77001 5.77001 5.77001 5.77001 5.77001 5.77001 5.77001 5.77001 5.77001 5.77001 5.74164 5.65311 5.5483 5.37203 8.11249 14.0486 17.8952 12.0914 7.80405 5.28085 5.77001 5.77001 5.77001 5.77001 5.77001 5.77001 5.77001 5.77001 5.74007 8.05347 4.98446 5.13969 11.1951 15.8494 19.52 21.628 23.379 25.9866 29.5993 35.073 31.9178 27.9724 27.3477 23.6154 19.4967 22.8086 27.8374 23.8636 17.4372 8.88527 5.56775 3.55995 0 0 0 2.10266 4.58683 5.77 5.77 5.77 5.77 5.77 5.77 5.77 5.77
5.77001 5.77001 5.77001 5.77001 5.77001 5.77001 5.77001 5.77001 5.77001 5.77001 5.77001 5.77001 5.62252 6.82576 9.51768 4.28846 6.91682 13.9396 14.3167 8.76901 4.40378 5.4557 5.68794 5.74067 5.77001 5.77001 5.77001 5.77001 5.77001 5.77001 5.72868 5.7552 5.72348 4.77545 6.79794 12.591 14.5265 17.4854 22.512 28.9681 31.514 28.1348 23.5663 18.5599 21.3369 15.6781 12.4591 13.639 20.9082 19.9301 12.057 3.90167 0 0 0 4.37736 5.77 5.77 5.77 5.77 5.77 5.77 5.77 5.77 5.77 5.77 5.50169
5.77001 5.77001 5.77001 5.77001 5.77001 5.77001 5.77001 5.77001 5.77001 5.77001 5.77001 5.73451 5.26683 9.62616 11.6898 10.0504 9.04563 16.1134 11.2142 4.53828 4.80456 4.17097 6.57912 5.45871 5.77001 5.77001 5.77001 5.77001 5.77001 5.77001 5.77001 5.77001 5.71619 6.85916 9.19745 5.39305 7.34517 12.4568 18.9488 26.1011 25.0295 20.9503 14.809 10.3693 13.7278 8.44335 3.31367 5.71009 12.2742 17.2891 6.27693 0 0 0 4.6683 5.77 5.77 5.77 5.77 5.77 5.77 5.77 5.77 5.77 5.77 3.95921 2.34327
5.77001 5.77001 5.77001 5.77001 5.77001 5.77001 5.77001 5.77001 5.77001 5.77001 5.77001 5.66885 6.31747 12.0695 16.7977 16.4793 18.5583 15.6802 8.36842 3.20296 3.41245 5.38527 8.77189 4.5934 5.47186 5.66026 5.72446 5.77001 5.77001 5.77001 5.77001 5.77001 5.73792 5.3376 4.27607 2.51911 2.55873 8.509 15.5997 23.8409 22.6328 13.3075 6.33081 1.43378 6.29299 0.204389 0 0 3.00551 10.5833 3.55244 0 0 4.55571 5.77 5.77 5.77 5.77 5.77 5.77 5.77 5.77 5.77 5.77 3.75607 0.164627 3.19632
5.77001 5.77001 5.77001 5.77001 5.77001 5.77001 5.77001 5.77001 5.77001 5.77001 5.77001 5.6682 6.78304 8.527 9.99852 12.2414 15.0389 17.3498 9.71509 1.85239 9.03165 6.83693 11.1816 7.55106 4.66081 7.38611 5.64428 5.77001 5.77001 5.77001 5.77001 5.77001 5.77001 5.77001 5.46051 3.75004 0.695755 6.30474 14.1478 22.6462 20.4019 11.0671 0 0 6.39208 0 0 0 0 6.58225 3.41248 0 3.89496 5.77 5.77 5.77 5.77 5.77 5.77 5.77 5.77 5.77 5.77 3.36759 0 1.88592 4.90034
5.77001 5.77001 5.77001 5.77001 5.77001 5.77001 5.77001 5.77001 5.77001 5.77001 5.77001 5.7394 5.4567 4.5541 3.59783 4.58711 8.93504 16.4272 12.9536 17.5973 12.9972 14.0758 15.3478 10.2834 8.71189 5.61216 5.66288 5.77001 5.77001 5.77001 5.77001 5.77001 5.77001 5.76042 5.09347 5.83708 6.74975 12.2069 19.2856 23.4781 20.3302 14.2589 1.42021 8.36085 2.367 0 4.24541 3.61883 0 2.1264 5.44972 0 5.77 5.77 5.77 5.77 5.77 5.77 5.77 5.77 5.77 5.77 4.17699 0 0 6.00242 0
5.77001 5.77001 5.77001 5.77001 5.77001 5.77001 5.77001 5.77001 5.77001 5.77001 5.77001 5.77001 5.77001 5.77001 5.26211 2.67062 5.10197 12.7505 19.4214 22.105 19.4803 15.2378 9.73625 5.32476 3.89291 5.26009 5.76234 5.77001 5.77001 5.77001 5.77001 5.77001 5.77001 5.75659 5.15753 10.3215 14.3814 17.6851 19.5811 16.7936 13.1807 15.8677 11.1293 8.27028 0 4.66215 5.77 5.77 4.20412 0.932633 0.608539 2.91897 5.77 5.77 5.77 5.77 5.77 5.77 5.77 5.77 5.77 5.77 0 0 3.94063 0 0
5.77001 5.77001 5.77001 5.77001 5.77001 5.77001 5.77001 5.77001 5.77001 5.77001 5.77001 5.72956 5.35945 4.59727 4.14571 2.52355 7.64289 15.1207 22.2821 20.5618 15.3151 9.51961 4.95349 3.85614 5.37438 5.77001 5.77001 5.77001 5.77001 5.77001 5.77001 5.77001 5.77001 5.72509 4.70552 7.41086 14.0197 16.1649 12.8397 13.4882 5.00381 12.9089 1.63967 2.07674 4.10167 5.77 5.77 5.77 5.77 5.77 5.77 5.77 5.77 5.77 5.77 5.77 5.77 5.77 5.77 5.76999 5.77 5.77 0 0 0.221817 0 0
5.77001 5.77001 5.77001 5.77001 5.77001 5.77001 5.77001 5.77001 5.77001 5.77001 5.77001 5.70717 6.66944 9.30961 4.11986 5.89529 11.2439 17.7914 24.2381 17.3954 10.1517 4.8102 3.30642 5.23903 5.77001 5.77001 5.77001 5.77001 5.77001 5.77001 5.77001 5.77001 5.77001 5.68085 6.09667 12.1805 15.4311 9.94083 6.20447 6.5693 1.49059 7.7441 3.39063 3.94625 5.51775 5.77 4.82262 4.45181 4.56839 5.77 5.77 5.77 5.77 5.77 5.77 5.77 5.77 5.77 5.77 5.77 5.77 5.77 0 0 4.43258 0 0
5.77001 5.77001 5.77001 5.77001 5.77001 5.77001 5.77001 5.77001 5.77001 5.77001 5.77001 5.73521 5.12159 4.38554 5.97703 11.0512 15.7758 21.5595 21.5372 14.0169 6.29749 1.18522 4.57363 5.77001 5.77001 5.77001 5.77001 5.77001 5.77001 5.77001 5.77001 5.77001 5.77001 5.68088 7.31521 12.4124 9.21092 7.6983 3.03426 4.13962 3.78455 6.62239 4.70579 4.67747 5.71697 5.741 4.79462 7.47347 4.43231 5.77 5.77 5.77 5.06548 4.36618 4.32773 5.77 5.77 5.77 5.77 5.77 5.77 5.77 0 3.1324 7.67985 3.51127 0
5.77001 5.77001 5.77001 5.77001 5.77001 5.77001 5.77001 5.77001 5.77001 5.77001 5.77001 5.77001 5.77001 5.30678 1.89054 6.93404 14.3702 21.9097 23.9404 16.6764 9.23352 3.40742 3.08596 4.8329 5.53618 5.77001 5.77001 5.77001 5.77001 5.77001 5.77001 5.77001 5.77001 5.74014 5.57942 7.22964 4.62674 4.89764 5.02329 4.71187 5.04163 8.44349 6.93826 2.79257 4.04046 4.16593 5.50952 4.59117 4.80263 5.77 5.77 5.77 4.54266 8.11217 4.20674 5.77 5.77 5.77 5.77 5.77 5.77 5.77 0 2.48121 7.67977 4.65096 0
5.77001 5.77001 5.77001 5.77001 5.77001 5.77001 5.77001 5.77001 5.77001 5.77001 5.77001 5.77001 5.77001 5.06322 1.80312 4.53689 11.9122 19.9374 25.5439 19.6048 13.8509 8.07505 5.65408 5.77219 5.53449 5.77001 5.77001 5.77001 5.77001 5.77001 5.77001 5.77001 5.77001 5.77001 5.74116 5.73434 5.68753 5.38037 4.14407 4.17517 7.41246 13.812 8.89176 7.49529 6.11947 5.17317 4.43671 5.77 5.77 5.77 5.77 5.77 4.76586 4.33794 4.30042 5.77 5.77 5.77 5.77 5.77 5.77 5.77 0 0.101118 4.14005 2.18089 2.99044
5.77001 5.77001 5.77001 5.77001 5.77001 5.77001 5.77001 5.77001 5.77001 5.77001 5.77001 5.51945 4.61187 3.31748 5.38737 9.02211 15.8993 22.9153 22.8409 15.7455 10.753 8.61611 5.6339 4.61443 5.55724 5.77001 5.77001 5.77001 5.77001 5.77001 5.77001 5.77001 5.77001 5.77001 5.77001 5.74902 5.50699 5.71408 6.62122 9.15024 12.7411 12.264 5.85004 11.5423 10.755 4.84379 3.77419 4.07543 4.80633 5.77 5.77 5.77 5.77 5.77 5.77 5.77 5.77 5.77 5.77 5.77 5.77 5.77 0 0 0 0 0
5.77001 5.77001 5.77001 5.77001 5.77001 5.77001 5.77001 5.77001 5.77001 5.77001 5.77001 5.20469 8.65482 9.47853 11.3366 13.8855 15.3406 17.7245 19.961 12.5 5.11358 1.32599 3.8214 5.14695 5.77001 5.77001 5.77001 5.77001 5.77001 5.77001 5.77001 5.77001 5.77001 5.77001 5.77001 5.73228 7.58845 11.8983 13.0227 13.1539 9.58579 12.5352 9.50683 4.4256 8.11938 7.30481 7.22588 6.88959 4.4407 5.77 5.77 5.77 5.77 5.77 5.77 5.77 5.77 5.77 5.77 5.77 5.77 5.77 0 1.54308 0 0 0
5.77001 5.77001 5.77001 5.77001 5.77001 5.77001 5.77001 5.77001 5.77001 5.77001 5.77001 5.13118 8.59027 4.59004 4.9047 6.14866 7.21529 10.1766 16.8603 9.27924 2.51949 4.15509 5.77001 5.77001 5.77001 5.77001 5.77001 5.77001 5.77001 5.77001 5.77001 5.77001 5.77001 5.77001 5.77001 5.73472 5.50911 10.749 9.92435 9.08855 4.35451 9.57555 9.69686 4.98818 4.34454 8.38193 4.46444 5.88545 4.79199 5.43236 5.77 5.77 5.77 4.72095 4.74175 4.62081 5.77 5.77 5.77 5.77 5.77 5.77 3.48262 0.638581 1.06514 5.76999 5.77
5.77001 5.77001 5.77001 5.77001 5.77001 5.77001 5.77001 5.77001 5.77001 5.77001 5.77001 5.47472 4.9791 4.72596 4.64209 3.32846 0.887029 5.54853 14.575 6.72141 1.81601 5.26532 5.77001 5.77 5.77001 5.77001 5.77001 5.77001 5.77001 5.77001 5.77001 5.77001 5.77001 5.77001 5.77001 5.77001 5.6359 7.42131 5.08501 6.3588 5.60979 8.37828 11.7923 7.70173 6.98376 4.00802 8.35278 5.0466 5.42233 4.9175 5.77 5.77 5.77 4.42784 7.94988 4.37199 5.77 5.77 5.77 5.77 5.77 5.77 5.77 5.77 5.77 5.77 5.77
5.77001 5.77001 5.77001 5.77001 5.77001 5.77001 5.77001 5.77001 5.77001 5.77001 5.77001 5.77001 5.77001 5.77001 5.77 5.77 3.04765 2.40702 12.8968 5.99325 2.89244 5.77001 5.77001 5.77 5.77001 5.77001 5.77001 5.77001 5.77001 5.77001 5.77001 5.77001 5.77001 5.77001 5.77001 5.77001 5.71793 5.71328 5.70071 5.27158 7.81385 4.32849 7.63905 9.00488 7.40229 2.84436 2.87829 8.24021 5.85994 4.42459 5.52345 5.77 5.77 4.06383 6.37095 4.46195 5.77 5.77 5.77 5.77 5.77 5.77 5.77 5.77 5.77 5.77 5.77
5.77001 5.77001 5.77001 5.77001 5.77001 5.77001 5.77001 5.77001 5.77001 5.77001 5.77001 5.72304 5.67432 5.5928 5.77001 4.69026 1.49471 5.87992 14.7162 6.09185 2.94864 5.77001 5.77001 5.77 5.77001 5.77001 5.77001 5.77001 5.77001 5.77001 5.77001 5.77001 5.77001 5.77001 5.77001 5.77001 5.77001 5.77001 5.77001 5.61973 7.40537 5.43384 7.73199 7.87737 1.87298 5.78773 5.43404 3.96198 6.42657 5.08107 5.60109 5.77 5.77 3.20014 7.09521 3.32988 5.68794 5.77 5.77 5.77 5.77 5.77 5.77 5.77 5.77 5.77 5.77
5.77001 5.77001 5.77001 5.77001 5.77001 5.77001 5.77001 5.77001 5.77001 5.77001 5.77001 5.67509 6.17903 5.48065 5.77001 3.19181 5.00532 10.2326 15.0908 6.30244 2.71 5.77001 5.77001 5.77 5.77001 5.77001 5.77001 5.77001 5.77001 5.77001 5.77001 5.77001 5.77001 5.77001 5.77001 5.77001 5.77001 5.77001 5.77001 5.72521 5.51302 7.68792 4.9952 3.95796 8.25346 5.19844 4.48602 4.77504 4.42592 5.12988 4.95696 3.34692 0.150924 0 9.4423 2.88641 5.6039 5.77 5.77 5.77 5.77 5.77 5.77 5.77 5.77 5.77 5.77
5.77001 5.77001 5.77001 5.77001 5.77001 5.77001 5.77001 5.77001 5.77001 5.75328 5.43814 4.94738 4.99991 4.41573 2.87145 0 5.44063 14.9565 14.7371 6.12953 2.46603 5.77001 5.77001 5.77001 5.77001 5.77001 5.77001 5.77001 5.77001 5.77001 5.77001 5.77001 5.77001 5.77001 5.77001 5.77001 5.77001 5.77001 5.77001 5.77001 5.61009 7.15067 5.54211 8.38641 5.15632 7.94984 4.4566 5.42691 5.77 5.77 2.94309 2.12768 2.45228 0 9.28149 1.84968 5.59823 5.77 5.77 5.77 5.71253 5.68447 5.73433 5.77 5.77 5.77 5.77
5.77001 5.77001 5.77001 5.77001 5.77001 5.77001 5.77001 5.77001 5.77001 5.73401 5.5183 8.17215 3.23152 5.35447 5.9986 0.671293 7.68944 17.822 13.8996 5.45438 2.11098 5.77001 5.77001 5.77001 5.77001 5.77001 5.77001 5.77001 5.77001 5.77001 5.77001 5.77001 5.77001 5.77001 5.77001 5.77001 5.77001 5.77001 5.77001 5.67039 5.70025 5.36656 8.08864 4.35387 4.53849 5.02584 5.99055 5.5155 5.42194 4.64764 0 5.15139 9.60976 13.1338 5.82087 0 5.6573 5.77 5.77 5.77 4.9755 4.27036 1.77524 3.65187 4.26291 5.77 5.77
5.77001 5.77001 5.77001 5.77001 5.77001 5.77001 5.77001 5.77001 5.77001 5.73716 4.5645 10.7308 8.14691 10.0397 12.7996 15.1134 13.0372 20.3767 14.3883 6.13165 0.963725 5.5018 5.77001 5.77 5.77001 5.77001 5.77001 5.77001 5.77001 5.77001 5.77001 5.77001 5.77001 5.77001 5.77001 5.77001 5.77001 5.77001 5.77001 5.61052 8.16002 5.69305 6.90231 4.95579 5.71296 5.63982 6.56061 5.55644 5.6802 0.825364 0.462294 9.35308 19.2269 15.6146 4.73986 0 5.77 5.77 4.40962 2.28558 2.07922 3.92597 11.3638 1.99115 1.32764 0 0.100999
5.77001 5.77001 5.77001 5.77001 5.77001 5.77001 5.77001 5.77001 5.77001 5.72705 4.19161 9.33727 15.2019 17.1433 16.6158 18.7286 20.8013 23.2825 15.4149 7.26906 1.1009 4.40574 5.77001 5.77001 5.77001 5.77001 5.77001 5.77001 5.77001 5.77001 5.77001 5.77001 5.77001 5.77001 5.77001 5.77001 5.77001 5.77001 5.77001 5.65959 5.70855 5.72669 5.1515 4.00218 5.21554 5.42166 5.26438 5.42671 4.4494 5.09046 8.93559 15.4144 11.0862 6.65018 5.38205 0.217699 0 1.11602 0 7.26323 1.37203 9.96238 13.5811 10.0212 0 8.5226 0
5.77001 5.77001 5.77001 5.77001 5.77001 5.77001 5.77001 5.77001 5.77001 5.71381 5.06369 11.0003 13.1365 9.44558 7.72247 8.93823 16.4931 24.9096 18.5781 10.546 3.38344 2.8957 5.77001 5.77001 5.77001 5.77001 5.77001 5.77001 5.77001 5.77001 5.77001 5.77001 5.77001 5.77001 5.77001 5.77001 5.77001 5.77001 5.77001 5.77001 5.77001 5.71864 7.47186 8.52256 3.81663 4.6581 5.77 5.64225 3.89045 0 9.08977 11.8037 3.21291 0 0 1.80114 10.8634 4.08059 10.8617 11.2109 18.1524 14.3271 20.9325 13.4362 20.1551 10.8734 6.91191
5.77001 5.77001 5.77001 5.77001 5.77001 5.77001 5.77001 5.77001 5.77001 5.74097 4.92767 8.20071 6.65377 2.18618 0 4.78807 12.7418 21.631 21.5764 13.3853 5.44866 1.11909 5.45261 5.77001 5.77001 5.77001 5.77001 5.77001 5.77001 5.77001 5.77001 5.77001 5.77001 5.77001 5.77001 5.77001 5.77001 5.77001 5.77001 5.77001 5.77001 5.72736 5.185 4.75169 7.6653 4.54829 5.77 5.42615 3.41353 5.31351 13.2183 4.5377 1.64962 4.43209 3.82861 0 4.35767 11.9582 7.63265 10.4303 14.407 17.8262 18.2047 19.4377 21.6973 21.5074 20.5361
5.77001 5.77001 5.77001 5.77001 5.77001 5.77001 5.77001 5.77001 5.77001 5.77001 5.48072 4.72712 6.08992 4.30321 2.24478 2.36221 10.015 18.4836 23.5557 15.4888 7.28165 1.10247 4.31947 5.77001 5.77001 5.77001 5.77001 5.77001 5.77001 5.77001 5.77001 5.77001 5.77001 5.77001 5.77001 5.77001 5.77001 5.77001 5.77001 5.77001 5.77001 5.77001 5.77001 4.8819 7.07207 4.17827 5.77 5.38987 3.35018 10.6908 5.72442 2.62398 4.62551 5.77 5.77 4.20755 2.65198 3.60175 0 1.05824 5.42687 12.2186 7.7363 7.49666 9.94394 14.8424 17.8204
5.77001 5.77001 5.77001 5.77001 5.77001 5.77001 5.77001 5.77001 5.77001 5.77001 5.77001 5.6272 5.31466 5.4283 2.7794 4.48822 11.4877 19.1577 26.0559 18.4816 10.5508 3.36123 2.28219 5.49919 5.77001 5.77001 5.77001 5.77001 5.77001 5.77001 5.77001 5.77001 5.77001 5.77001 5.77001 5.77001 5.77001 5.77001 5.77001 5.77001 5.77001 5.77001 5.77001 5.50877 5.09761 5.37617 5.77 5.50045 2.43294 8.70119 3.24758 4.94894 5.77 5.77 5.77 4.95842 6.6382 4.34006 4.01728 1.67342 2.75647 4.83474 0 0 0 0.688755 11.5606
5.77001 5.77001 5.77001 5.77001 5.77001 5.77001 5.77001 5.77001 5.77001 5.77001 5.77001 5.7303 5.24029 4.46651 2.10285 4.9404 11.9698 19.332 26.8957 21.4201 13.8545 6.119 1.37976 4.29242 5.77001 5.77001 5.77001 5.77001 5.77001 5.77001 5.77001 5.77001 5.77001 5.77001 5.77001 5.77001 5.77001 5.77001 5.77001 5.77001 5.77001 5.77001 5.77001 5.77001 5.77 5.77 5.77 4.66324 3.10002 8.52675 4.58882 5.54764 5.77 5.77 5.77 5.20506 5.30154 5.1263 5.77 4.62812 3.52259 1.93168 1.33395 0 0 0 7.41561
