tests/full-run-ref/erosion_85_12_73.353.asc
ncols 512
nrows 512
xllcorner -3.24582
yllcorner -4.08743
cellsize 5
NODATA_value -99999
[rows 174 to 202 of 512, columns 201 to 267 of 512]
5.77007 5.76987 5.76977 5.76985 5.77008 5.76991 5.76986 5.76998 5.77007 5.76999 5.77 5.77 5.76999 5.77 2.31006 2.09151 3.23677 5.76995 5.76993 5.76994 5.76981 5.7701 5.76986 5.76994 5.76991 5.76998 5.76999 5.77013 5.76993 5.76993 5.77016 5.77009 5.76996 5.76999 5.76998 5.76993 5.76991 5.76994 5.3991 5.27684 5.44801 5.44743 5.72898 5.58555 5.60463 5.55799 5.69991 6.74134 5.73554 5.77018 5.75541 5.74549 5.74403 5.74496 5.64195 5.76994 5.76997 5.76997 5.76995 5.76996 5.77 5.76983 5.76999 5.77012 5.77017 5.77002 5.77
5.76984 5.76987 5.77 5.76981 5.76975 5.76983 5.77009 5.76992 5.76996 5.76999 5.77 5.76999 5.76999 5.76999 5.77 5.77 5.77 5.76991 5.77003 5.76993 5.76999 5.77005 5.76992 5.7699 5.77013 5.77 5.77015 5.76997 5.76999 5.77014 5.76995 5.77 5.76952 5.76997 5.77 5.76996 5.76997 5.77017 5.60562 6.751 5.68088 5.50144 7.40383 5.51133 5.61985 6.89675 5.69372 5.71609 5.75002 5.75131 5.73785 5.74652 5.77017 5.77017 5.77014 5.76985 5.77005 5.76996 5.77 5.77 5.76982 5.76976 5.77015 5.77014 5.76994 5.76997 5.76995
5.76996 5.76999 5.76999 5.76999 5.77 5.76982 5.76988 5.76992 5.76993 5.76999 5.7699 5.76976 5.77 5.76999 5.76999 5.76999 4.10965 3.59602 4.38306 5.76996 5.77 5.77 5.76999 5.76998 5.76996 5.76999 5.76997 5.77016 5.77006 5.77016 5.77011 5.7699 5.77015 5.76991 5.76984 5.76983 5.77017 5.65281 5.73691 5.49811 5.42466 5.24345 5.38807 5.74204 5.70385 5.51018 5.66679 5.75011 5.75839 5.70333 6.90649 5.73016 5.77009 5.77 5.77016 5.76993 5.7699 5.76993 5.77 5.76994 5.76993 5.77016 5.76997 5.76991 5.76996 5.77 5.76993
5.76996 5.76997 5.77 5.76999 5.76999 5.77 5.76984 5.77009 5.76987 5.76991 5.77013 5.76973 5.77 5.76999 5.77 5.77 3.9589 6.64322 4.56751 5.76995 5.19134 5.48074 5.41107 5.76992 5.77015 5.77005 5.77008 5.77016 5.76994 5.76996 5.76997 5.77006 5.76999 5.77009 5.77015 5.77016 5.76997 5.63141 6.41958 5.47435 5.77006 5.76997 5.61169 6.33699 5.64228 5.77002 5.70774 6.04278 5.75009 5.75741 5.71338 5.74043 5.65263 5.76999 5.76998 5.76982 5.77014 5.76978 5.77 5.76995 5.77009 5.76999 5.76995 5.77002 5.76986 5.76995 5.76999
5.77002 5.76996 5.77 5.76999 5.77 5.76998 5.76985 5.76987 5.76992 5.76993 5.76998 5.76995 5.76978 5.77 5.76973 5.76968 4.69112 4.54703 4.99799 5.77012 4.92828 6.97685 5.54954 5.76999 5.77017 5.77017 5.77012 5.76999 5.76993 5.77014 5.7699 5.77007 5.77015 5.76999 5.76999 5.77012 5.76996 5.64239 5.59009 5.56301 5.76999 5.76997 5.67577 5.70771 5.62953 5.62943 5.7298 5.7377 5.71675 5.70089 5.73186 6.49224 5.63883 5.77014 5.77015 5.77016 5.77015 5.76999 5.76999 5.76995 5.76998 5.76997 5.76999 5.76994 5.76996 5.77014 5.77011
5.76994 5.76996 5.76999 5.76999 5.76999 5.76994 5.77002 5.76988 5.77007 5.76988 5.76989 5.77016 5.76974 5.76985 5.76975 5.77015 5.76996 5.76993 5.76999 5.76995 5.28766 5.41571 5.53551 5.77014 5.7701 5.76999 5.77 5.77012 5.76993 5.77018 5.76976 5.76999 5.77012 5.76994 5.76997 5.77015 5.76999 5.76996 5.77002 5.76998 5.77008 5.75965 5.75313 5.60764 6.5144 5.60634 5.77 5.77 5.67122 6.85244 5.72561 5.58574 5.61398 5.77015 5.77018 5.77018 5.77018 5.77 5.76998 5.77016 5.76983 5.76996 5.76998 5.76999 5.77015 5.76998 5.76998
5.77 5.76999 5.77 5.76999 5.77 5.76996 5.76994 5.76984 5.76982 5.76991 5.76978 5.76993 5.76987 5.77007 5.76984 5.76983 5.76998 5.77015 5.76998 5.76998 5.77006 5.76996 5.76993 5.76987 5.76998 5.77017 5.76996 5.77016 5.76999 5.77018 5.76974 5.76998 5.77008 5.76983 5.76991 5.76983 5.77016 5.76991 5.76999 5.76991 5.77014 5.75445 5.86584 5.69086 5.30617 5.3688 5.76988 5.77013 5.66112 5.61474 5.67686 5.77012 5.76998 5.77018 5.77018 5.77018 5.77018 5.77008 5.77 5.76985 5.7699 5.77004 5.76996 5.76993 5.77011 5.76996 5.76998
5.76999 5.76999 5.76999 5.76999 5.76999 5.76999 5.76999 5.77 5.76995 5.77002 5.7699 5.77006 5.76993 5.76988 5.76992 5.77 5.76985 5.76985 5.76999 5.77017 5.76999 5.76997 5.77002 5.31437 5.65469 5.41316 5.77003 5.77017 5.76999 5.77016 5.7698 5.76997 5.77014 5.76976 5.77004 5.76986 5.77006 5.76991 5.77 5.76989 5.76984 5.70227 5.75377 5.74285 5.77009 5.76999 5.77 5.77015 5.76999 5.7699 5.76999 5.77016 5.77 5.76999 5.77 5.77018 5.77018 5.77016 5.77 5.76999 5.76997 5.76996 5.76997 5.76997 5.76998 5.77018 5.76994
5.77 5.76999 5.76999 5.76999 5.77 5.77 5.76999 5.76999 5.76996 5.76994 5.76994 5.76991 5.76993 5.7698 5.76992 5.7699 5.76995 5.76988 5.76991 5.76998 5.77 5.76981 4.82166 4.56807 6.46092 5.71216 5.76999 5.77017 5.77011 5.77015 5.76993 5.76997 5.77018 5.76974 5.76996 5.76996 5.77 5.76998 5.77 5.77 5.77 5.76979 5.77014 5.76997 5.76997 5.7699 5.76986 5.76998 5.77009 5.7701 5.76999 5.77009 5.77016 5.77015 5.77013 5.76997 5.77018 5.77018 5.77016 5.76998 5.77 5.77 5.76997 5.77 5.76998 5.7697 5.77017
5.76999 5.76999 5.76999 5.76999 5.76999 5.76999 5.77 5.77 5.76999 5.76988 5.77005 5.76984 5.77016 5.76987 5.77008 5.76985 5.76988 5.77006 5.7699 5.76997 5.77017 5.77017 5.5876 7.21453 5.6628 5.70945 5.76999 5.77014 5.76997 5.77016 5.76988 5.76996 5.77016 5.76999 5.76997 5.76991 5.76998 5.77 5.7699 5.77 5.76987 5.76984 5.77009 5.76997 5.77005 5.7699 5.77 5.76987 5.76998 5.77017 5.7699 5.76999 5.7701 5.77018 5.77017 5.77017 5.76999 5.77017 5.77016 5.77 5.76998 5.76999 5.76997 5.7701 5.7699 5.77013 5.77013
5.76999 5.77 5.76999 5.77 5.76999 5.77 5.77 5.76999 5.77 5.76989 5.76991 5.76982 5.76997 5.76988 5.76999 5.76986 5.76987 5.76994 5.76988 5.69437 5.69842 5.74203 5.67598 5.63238 4.59438 5.76986 5.76998 5.77015 5.76995 5.77012 5.76989 5.76988 5.77011 5.76993 5.76993 5.77017 5.76998 5.77014 5.76979 5.77 5.76992 5.77014 5.76997 5.76998 5.76994 5.76992 5.77 5.77 5.76994 5.77 5.77016 5.76993 5.77 5.77016 5.77018 5.77017 5.77015 5.77009 5.77017 5.77013 5.77014 5.76998 5.76999 5.76986 5.77016 5.76992 5.76987
5.76999 5.76999 5.76999 5.77 5.76999 5.76999 5.76993 5.7699 5.76986 5.76989 5.76976 5.76995 5.76999 5.76986 5.77009 5.76989 5.76993 5.77011 5.76994 5.6684 6.32012 5.72087 5.76999 5.77008 5.77015 5.76992 5.7698 5.77009 5.76996 5.77 5.76995 5.77 5.77 5.76997 5.76997 5.76982 5.76985 5.77015 5.76984 5.77 5.76998 5.76997 5.76996 5.77 5.76994 5.76972 5.76979 5.76998 5.76998 5.76997 5.7701 5.77017 5.76998 5.77013 5.77018 5.77018 5.77018 5.77013 5.76998 5.77017 5.77017 5.77016 5.76995 5.77005 5.76993 5.76994 5.77001
5.77 5.77 5.76999 5.76999 5.76999 5.77 5.76987 5.77004 5.76997 5.77005 5.76979 5.77015 5.76977 5.76993 5.76989 5.76994 5.76989 5.77007 5.76998 5.68787 5.70667 5.72205 5.77017 5.76998 5.7699 5.76993 5.77002 5.76989 5.77013 5.77016 5.77007 5.76997 5.76996 5.77012 5.76982 5.77003 5.76985 5.77009 5.76981 5.76999 5.77 5.77 5.76994 5.76983 5.76988 5.77015 5.76985 5.76999 5.77002 5.76998 5.76999 5.77017 5.77018 5.77012 5.77018 5.77018 5.77018 5.77018 5.77008 5.76996 5.77016 5.77014 5.77017 5.76993 5.76999 5.76999 5.77
5.76991 5.76999 5.77 5.76999 5.76999 5.77 5.76964 5.76978 5.76982 5.60318 5.57288 5.73819 5.76984 5.77004 5.76998 5.77003 5.76996 5.76999 5.76997 5.76999 5.77 5.76999 5.77016 5.77 5.76985 5.77011 5.76991 5.76999 5.77008 5.76999 5.76999 5.76997 5.76987 5.77014 5.76984 5.76997 5.76992 5.76995 5.76993 5.77001 5.76999 5.76998 5.76984 5.77015 5.76989 5.76985 5.77001 5.76987 5.76998 5.76995 5.77 5.76998 5.77018 5.77018 5.77012 5.77015 5.77018 5.77018 5.77018 5.77012 5.76996 5.77017 5.76986 5.77001 5.76993 5.76995 5.76991
3.39579 1.76555 1.65932 5.77 5.76999 5.77 5.76973 5.77017 5.76994 5.72646 5.91219 5.72096 5.76978 5.76981 5.76993 5.76997 5.76987 5.77008 5.77017 5.77011 5.77017 5.77017 5.77018 5.76997 5.76978 5.77012 5.77015 5.77 5.57253 5.59954 5.19487 5.76995 5.77001 5.76997 5.77 5.76995 5.77 5.77 4.51674 3.74405 4.45881 5.76991 5.77014 5.76998 5.76996 5.76993 5.76981 5.77015 5.77015 5.7701 5.76997 5.76999 5.77014 5.77018 5.77018 5.77018 5.77017 5.77018 5.77018 5.77018 5.77008 5.76994 5.77018 5.76977 5.77015 5.77005 5.76999
1.78746 7.25288 1.90796 5.77 5.01358 5.15901 5.43122 5.76999 5.76997 5.57984 5.44195 5.5697 5.77017 5.76987 5.77 5.76999 5.77 5.77016 5.76997 5.76999 5.77018 5.77018 5.77 5.76999 5.76991 5.7698 5.77015 5.76998 5.56179 7.56028 5.09609 5.77014 5.76993 5.76994 5.7701 5.76988 5.76991 5.76991 5.29178 7.43742 5.53616 5.76997 5.76993 5.77 5.77013 5.76999 5.77017 5.77017 5.76999 5.77015 5.77018 5.77018 5.77018 5.77018 5.77018 5.77018 5.77018 5.77018 5.77018 5.77018 5.77018 5.77015 5.76993 5.77018 5.77018 5.77018 5.77012
2.54365 2.09891 2.50325 5.77 4.80514 6.15914 5.37269 5.76995 5.77016 5.76965 5.77001 5.76973 5.76997 5.76999 5.76999 5.77008 5.77015 5.76979 5.77008 5.77015 5.77014 5.77015 5.77015 5.76985 5.76998 5.77004 5.77014 5.7434 5.65359 5.54583 5.14188 5.77001 5.76991 5.76986 5.77016 5.76997 5.77 5.77016 3.80238 5.26914 5.43297 5.76998 5.76998 5.76998 5.77005 5.77018 5.77018 5.77 5.76992 5.76989 5.76997 5.76998 5.76999 5.77016 5.77018 5.77018 5.77018 5.77018 5.77018 5.77018 5.77018 5.77018 5.77014 5.76992 5.77018 5.77017 5.76999
5.76999 5.77 5.76994 5.76992 5.10494 5.35349 5.5196 5.76998 5.77 5.76962 5.76936 5.76942 5.76995 5.76998 5.77014 5.76999 5.76997 5.77 5.76992 5.76987 5.76988 5.76993 5.76998 5.76994 5.76983 5.77015 5.76999 5.73938 6.06517 5.71602 5.76997 5.76997 5.76997 5.76999 5.77 5.77015 5.76997 5.76991 5.77009 5.76993 5.76999 5.77015 5.76998 5.76999 5.77017 5.77018 5.77006 5.76992 5.76996 5.76992 5.76995 5.76999 5.76997 5.77003 5.77017 5.77018 5.77018 5.77018 5.77018 5.77018 5.77017 5.77018 5.77018 5.76998 5.77018 5.77018 5.76985
5.77 5.77 5.7699 5.77004 5.76991 5.76997 5.76992 5.77002 5.77015 5.77013 5.77015 5.77018 5.77012 5.77003 5.77013 5.76987 5.77 5.77012 5.76998 5.76997 5.76998 5.76999 5.77004 5.76996 5.76983 5.77014 5.77008 5.66294 5.7279 5.72429 5.76991 5.77008 5.76979 5.76999 5.77013 5.77012 5.76998 5.76999 5.77002 5.76996 5.76998 5.76999 5.77011 5.77018 5.77018 5.77015 5.76999 5.76998 5.76992 5.77007 5.76997 5.77004 5.76999 5.76999 5.77017 5.77018 5.77018 5.77018 5.77018 5.77018 5.77018 5.7701 5.76998 5.76995 5.77018 5.77018 5.76991
5.77 5.77 5.76993 5.76987 5.76992 5.76979 5.77011 5.77015 5.77013 5.77 5.76999 5.76997 5.76996 5.76999 5.67172 5.67327 5.62787 5.77008 5.77017 5.77018 5.77017 5.77018 5.77018 5.77017 5.77008 5.76998 5.76999 5.76999 5.77016 5.77012 5.77 5.77016 5.77 5.76965 5.76999 5.77017 5.77015 5.77003 5.76999 5.7699 5.77 5.76997 5.77013 5.77016 5.77018 5.77012 5.76998 5.77 5.76992 5.76989 5.76994 5.76999 5.76997 5.77008 5.77018 5.77018 5.77018 5.77018 5.77016 5.77018 5.77018 5.77018 5.77018 5.77018 5.76999 5.77018 5.76996
5.77 5.76999 5.77 5.76999 5.77 5.7698 5.76981 5.76978 5.76999 5.76999 5.77011 5.72779 5.71821 5.74342 5.6843 6.68084 5.54245 5.76982 5.76999 5.76991 5.76983 5.76999 5.76997 5.7701 5.77015 5.77 5.77016 5.77012 5.64702 5.61167 5.61554 5.7701 5.77018 5.77011 5.76973 5.77007 5.77017 5.77012 5.76997 5.77016 5.76992 5.76998 5.76993 5.76999 5.77009 5.77018 5.77 5.76995 5.76999 5.77001 5.76999 5.77002 5.76998 5.77003 5.77017 5.77018 5.77018 5.77016 5.77018 5.77018 5.77018 5.77018 5.77018 5.77015 5.77018 5.77018 5.76999
5.77 5.76999 5.77 5.76987 5.76985 5.7699 5.77001 5.76997 5.77 5.76984 5.76996 5.71537 6.06413 5.74581 5.72977 5.72953 5.60906 5.77 5.76997 5.76992 5.77009 5.76995 5.76998 5.76999 5.77013 5.76995 5.76992 5.76999 5.66128 7.38057 5.29892 5.76999 5.76999 5.77018 5.77014 5.7699 5.76999 5.77018 5.76999 5.77015 5.76999 5.43389 5.39665 5.67375 5.76999 5.77016 5.77016 5.76999 5.77 5.76998 5.76989 5.76997 5.76998 5.76999 5.77014 5.77018 5.76998 5.76999 5.77018 5.77018 5.77018 5.77018 5.77018 5.77018 5.77018 5.77018 5.77016
5.77 5.76992 5.7699 5.76993 5.77007 5.76991 5.76999 5.76997 5.77 5.76999 5.76999 5.71957 5.73179 5.73941 5.70849 6.23392 5.71452 5.77015 5.76988 5.76999 5.77018 5.76997 5.77 5.76999 5.77009 5.77 5.76994 5.77013 5.56307 4.96612 4.9893 5.76997 5.76999 5.7701 5.77018 5.77012 5.76995 5.77016 5.77015 5.77015 5.76998 5.55955 7.46811 5.64612 5.76999 5.77 5.77018 5.77002 5.76998 5.76999 5.77 5.77014 5.76989 5.76992 5.76994 5.76999 5.77018 5.77018 5.77012 5.77018 5.77018 5.77018 5.77018 5.77018 5.77018 5.77018 5.77018
5.77 5.76985 5.77007 5.76994 5.76995 5.76998 5.76996 5.76981 5.76972 5.76976 5.76999 5.77011 5.77014 5.77 5.56541 5.55084 5.53566 5.76997 5.77013 5.76999 5.77008 5.76995 5.77014 5.76997 5.76998 5.76997 5.76997 5.76999 5.77015 5.77 5.76993 5.77014 5.76995 5.76999 5.77004 5.77017 5.76999 5.77017 5.76997 5.77015 5.76999 5.47581 5.70152 4.41651 5.76998 5.76976 5.77015 5.77013 5.76997 5.76998 5.77017 5.76999 5.76999 5.77 5.77016 5.77018 5.77018 5.77018 5.77018 5.77018 5.77018 5.77018 5.77018 5.77018 5.77018 5.77018 5.77018
5.76998 5.58508 5.50908 5.64565 5.76997 5.77 5.76998 5.7701 5.76999 5.77013 5.77 5.76988 5.76989 5.76996 5.77017 5.76988 5.77 5.76993 5.77 5.77014 5.76992 5.76994 5.76992 5.76999 5.77004 5.76993 5.77 5.77017 5.76992 5.76999 5.77006 5.76995 5.76994 5.76987 5.77013 5.77017 5.77002 5.77 5.76997 5.77013 5.76985 5.54125 6.52125 4.82941 5.77003 5.76988 5.77 5.77017 5.7699 5.77016 5.76994 5.7701 5.77016 5.77017 5.77018 5.77018 5.77018 5.77018 5.77018 5.77018 5.77018 5.77018 5.77018 5.77018 5.77015 5.77 5.77018
5.77016 5.71404 5.98222 5.75691 5.76998 5.77016 5.7699 5.76995 5.7699 5.77003 5.76998 5.76997 5.77005 5.76994 5.76992 5.76981 5.77 5.76987 5.77017 5.76997 5.76995 5.76998 5.7699 5.76992 5.77016 5.77014 5.76994 5.77017 5.76996 5.76998 5.77012 5.76999 5.76982 5.77 5.76972 5.77018 5.76998 5.77014 5.76997 5.7699 5.7701 5.58229 5.63232 5.2129 5.76991 5.76994 5.76987 5.77016 5.77005 5.76991 5.77009 5.76997 5.76999 5.77013 5.77018 5.77018 5.77018 5.77018 5.77018 5.77018 5.77018 5.77018 5.77017 5.77017 5.77 5.77018 5.77018
5.76998 5.71982 5.70717 5.71708 5.76996 5.76998 5.76987 5.77007 5.76991 5.76993 5.77013 5.76993 5.76998 5.7699 5.77013 5.77015 5.7699 5.77013 5.77 5.76997 5.76999 5.76988 5.77017 5.76999 5.77016 5.76994 5.76999 5.76999 5.77006 5.77006 5.77018 5.77018 5.77015 5.76972 5.7698 5.77018 5.76997 5.76997 5.76995 5.76998 5.76997 5.77014 5.76999 5.77003 5.77008 5.76984 5.76991 5.76991 5.76996 5.77017 5.76996 5.76999 5.77 5.76999 5.77005 5.77016 5.77018 5.77018 5.77018 5.77018 5.77018 5.77017 5.77004 5.76998 5.77018 5.77018 5.77018
5.77 5.76999 5.77013 5.76998 5.77001 5.76997 5.76985 5.76987 5.76994 5.76992 5.76998 5.76992 5.77005 5.77008 5.77 5.77009 5.76981 5.77 5.77017 5.77003 5.76999 5.76995 5.7701 5.77 5.77 5.77007 5.77007 5.77017 5.77018 5.77018 5.77016 5.77009 5.76986 5.77017 5.77013 5.77018 5.77011 5.77017 5.76997 5.77 5.77016 5.77 5.76998 5.76999 5.77017 5.76983 5.77003 5.76997 5.77006 5.76991 5.7701 5.77017 5.76995 5.77 5.76999 5.76999 5.77015 5.77018 5.77018 5.77018 5.77018 5.77015 5.76998 5.76992 5.77018 5.77018 5.77018
5.77 5.76995 5.76999 5.76994 5.7699 5.7699 5.77016 5.76983 5.77004 5.76989 5.76999 5.77014 5.76994 5.77008 5.77016 5.76999 5.76996 5.76994 5.77017 5.76998 5.76994 5.76991 5.76999 5.77013 5.77018 5.77018 5.77018 5.77017 5.77014 5.77001 5.76984 5.76994 5.76994 5.77014 5.77018 5.77018 5.76999 5.77017 5.76998 5.7699 5.77017 5.7701 5.76991 5.76991 5.77009 5.7699 5.76991 5.76997 5.76983 5.77018 5.77017 5.76963 5.7698 5.76997 5.77 5.76991 5.76999 5.77015 5.77018 5.77018 5.77018 5.77012 5.77001 5.76988 5.77018 5.77018 5.77018
