tests/full-run-ref/erosion_2010_78_19_2.123.asc
ncols 512
nrows 512
xllcorner -3.24582
yllcorner -4.08743
cellsize 5
NODATA_value -99999
[rows 0 to 30 of 512, columns 0 to 70 of 512]
29.055 26.17 23.285 20.4 19.205 16.32 15.125 12.24 11.045 8.16001 6.96501 5.77 5.77 5.77 6.96501 5.77 5.77 5.77 5.77 5.77 5.77 5.77 5.77 5.77 5.77 5.77 5.77 5.77 5.77 5.77 5.77 5.77 5.77 5.77 5.77 5.77 5.77 5.77 5.77 5.77 5.77 5.77 5.77 5.77 5.77 5.77 5.77 5.77 5.77 5.77 5.77 5.77 5.77 5.77 5.77 5.77 5.77 5.77 5.77 5.77 5.77 5.77 5.77 5.77 5.77 5.77 5.77 5.77 5.77 5.77 5.77
27.86 24.975 22.09 19.205 16.32 15.125 12.24 11.045 8.16001 6.96501 4.08001 2.88512 2.88512 2.88512 4.08001 2.88512 2.88512 2.88512 2.88512 2.88512 2.88512 2.88512 2.88512 2.88512 2.88512 2.88511 2.88511 2.88511 2.88511 2.88511 2.88511 2.88511 2.88511 2.88511 2.88511 2.88511 2.88511 2.88511 2.88511 2.88511 2.88511 2.88511 2.88511 2.88511 2.88511 2.88511 2.88511 2.88511 2.88511 2.88511 2.88511 2.88511 2.88511 2.88511 2.88511 2.88511 2.88511 2.88511 2.88511 2.88511 2.88511 2.88511 2.88511 2.88511 2.88511 2.88511 2.88511 2.88511 2.88511 2.8851 2.8851
26.665 23.78 20.895 18.01 15.125 12.24 11.045 8.16001 6.96501 4.08001 2.88512 2.88512 2.88512 2.88512 2.88512 2.88512 2.88512 2.88512 2.88512 2.88512 2.88512 2.88512 2.88512 2.88511 2.88512 2.88512 2.88512 2.88511 2.88511 2.88511 2.88511 2.88511 2.88511 2.88511 2.88511 2.88511 2.88511 2.88511 2.88511 2.88511 2.88511 2.88511 2.88511 2.88511 2.88511 2.88511 2.88511 2.88511 2.88511 2.88511 2.88511 2.88511 2.88511 2.88511 2.88511 2.88511 2.88511 2.88511 2.88511 2.88511 2.88511 2.88511 2.88511 2.88511 2.88511 2.88511 2.88511 2.88511 2.88511 2.88511 2.8851
25.47 22.585 19.7 16.815 13.93 11.045 8.16001 6.96501 4.08001 2.88512 2.88512 2.88512 2.88512 2.88512 2.88512 2.88512 2.88512 2.88512 2.88512 2.88512 2.88512 2.88512 2.88512 2.88512 2.88512 2.88512 2.88512 2.88512 2.88512 2.88511 2.88511 2.88511 2.88511 2.88511 2.88511 2.88511 2.88511 2.88511 2.88511 2.88511 2.88511 2.88511 2.88511 2.88511 2.88511 2.88511 2.88511 2.88511 2.88511 2.88511 2.88511 2.88511 2.88511 2.88511 2.88511 2.88511 2.88511 2.88511 2.88511 2.88511 2.88511 2.88511 2.88511 2.88511 2.88511 2.88511 2.88511 2.88511 2.88511 2.88511 2.88511
24.275 21.39 18.505 15.62 12.735 9.85001 6.96501 4.08001 2.88512 2.88512 2.88512 2.88512 2.88512 2.88512 2.88512 2.88512 2.88512 2.88512 2.88512 2.88512 2.88512 2.88512 2.88512 2.88512 2.88512 2.88512 2.88512 2.88512 2.88512 2.88511 2.88511 2.88511 2.88511 2.88511 2.88511 2.88511 2.88511 2.88511 2.88511 2.88511 2.88511 2.88511 2.88511 2.88511 2.88511 2.88511 2.88511 2.88511 2.88511 2.88511 2.88511 2.88511 2.88511 2.88511 2.88511 2.88511 2.88511 2.88511 2.88511 2.88511 2.88511 2.88511 2.88511 2.88511 2.88511 2.88511 2.88511 2.88511 2.88511 2.88511 2.88511
23.08 20.195 17.31 14.425 11.54 8.655 5.77 2.88512 2.88512 2.88512 2.88512 2.88512 2.88512 2.88512 2.88512 2.88512 2.88512 2.88512 2.88512 2.88512 2.88512 2.88512 2.88512 2.88512 2.88512 2.88512 2.88512 2.88512 2.88512 2.88511 2.88511 2.88511 2.88511 2.88511 2.88511 2.88511 2.88511 2.88511 2.88511 2.88511 2.88511 2.88511 2.88511 2.88511 2.88511 2.88511 2.88511 2.88511 2.88511 2.88511 2.88511 2.88511 2.88511 2.88511 2.88511 2.88511 2.88511 2.88511 2.88511 2.88511 2.88511 2.88511 2.88511 2.88511 2.88511 2.88511 2.88511 2.88511 2.88511 2.88511 2.88511
24.275 21.39 18.505 15.62 12.735 9.85001 6.96501 4.08001 2.88512 2.88512 2.88512 2.88512 2.88512 2.88512 2.88512 2.88512 2.88512 2.88512 2.88512 2.88512 2.88512 2.88512 2.88512 2.88512 2.88512 2.88512 2.88512 2.88512 2.88512 2.88511 2.88511 2.88511 2.88511 2.88511 2.88511 2.88511 2.88511 2.88511 2.88511 2.88511 2.88511 2.88511 2.88511 2.88511 2.88511 2.88511 2.88511 2.88511 2.88511 2.88511 2.88511 2.88511 2.88511 2.88511 2.88511 2.88511 2.88511 2.88511 2.88511 2.88511 2.88511 2.88511 2.88511 2.88511 2.88511 2.88511 2.88511 2.88511 2.88511 2.88511 2.88511
25.47 22.585 19.7 16.815 13.93 11.045 8.16001 6.96501 4.08001 2.88512 2.88512 2.88512 2.88512 2.88512 2.88512 2.88512 2.88512 2.88512 2.88512 2.88512 2.88512 2.88512 2.88512 2.88512 2.88512 2.88512 2.88512 2.88512 2.88512 2.88511 2.88511 2.88511 2.88511 2.88511 2.17453 2.81953 2.88221 2.88511 2.88511 2.88511 2.88511 2.88511 2.88511 2.88511 2.88511 2.88511 2.88511 2.88511 2.88511 2.88511 2.88511 2.88511 2.88511 2.88511 2.88511 2.88511 2.88511 2.88511 2.88511 2.88511 2.88511 2.88511 2.88511 2.88511 2.88511 2.88511 2.88511 2.88511 2.88511 2.88511 2.88511
26.665 23.78 20.895 18.01 15.125 12.24 11.045 8.16001 6.96501 4.08001 2.88512 2.88512 2.88512 2.88512 2.88512 2.88512 2.88512 2.88512 2.88512 2.88512 2.88512 2.88512 2.88512 2.88512 2.88512 2.88512 2.88512 2.88512 2.88512 2.88511 2.88511 2.88511 2.88511 0 0 0.654 2.63149 2.87982 2.88511 2.88511 2.88511 2.88511 2.88511 2.88511 2.88511 2.88511 2.88511 2.88511 2.88511 2.88511 2.88511 2.88511 2.88511 2.88511 2.88511 2.88511 2.88511 2.88511 2.88511 2.88511 2.88511 2.88511 2.88511 2.88511 2.88511 2.88511 2.88511 2.88511 2.88511 2.88511 2.88511
27.86 24.975 22.09 19.205 16.32 15.125 12.24 11.045 8.16001 6.96501 4.08001 2.88512 2.88512 2.88512 2.88512 2.88512 2.88512 2.88512 2.88512 2.88512 2.88512 2.88512 2.88512 2.88512 2.88512 2.88512 2.88512 2.88512 2.88512 2.88511 2.88511 2.88511 0 0 0 0 0.463086 2.74379 2.88511 2.88511 2.88511 2.88511 2.88511 2.88511 2.88511 2.88511 2.88511 2.88511 2.88511 2.88511 2.88511 2.88511 2.88511 2.88511 2.88511 2.88511 2.88511 2.88511 2.88511 2.88511 2.88511 2.88511 2.88511 2.88511 2.88511 2.88511 2.88511 2.88511 2.88511 2.88511 2.88511
29.055 26.17 23.285 20.4 19.205 16.32 15.125 12.24 11.045 8.16001 6.96501 4.08001 2.88512 2.88512 2.88512 2.88512 2.88512 2.88512 2.88512 2.88512 2.88512 2.88512 2.88512 2.88512 2.88512 2.88512 2.88512 2.88512 2.88512 2.88511 2.88511 0 0 0 0 0 0 2.08951 2.88511 2.88511 2.88511 2.88511 2.88511 2.88511 2.88511 2.88511 2.88511 2.88511 2.88511 2.88511 2.88511 2.88511 2.88511 2.88511 2.88511 2.88511 2.88511 2.88511 2.88511 2.88511 2.88511 2.88511 2.88511 2.88511 2.88511 2.88511 2.88511 2.88511 2.88511 2.88511 2.88511
30.25 27.365 24.48 23.285 20.4 19.205 16.32 15.125 12.24 11.045 8.16001 6.96501 4.08001 2.88512 2.88512 2.88512 2.88512 2.88512 2.88512 2.88512 2.88512 2.88512 2.88512 2.88512 2.88512 2.88512 2.88512 2.88512 2.88512 2.88511 2.88511 0 0 0 0 0 0 0.885011 2.85979 2.88511 2.88511 2.88511 2.88511 2.88511 2.88511 2.88511 2.88511 2.88511 2.88511 2.88511 2.88511 2.88511 2.88511 2.88511 2.88511 2.88511 2.88511 2.88511 2.88511 2.88511 2.88511 2.88511 2.88511 2.88511 2.88511 2.88511 2.88511 2.88511 2.88511 2.88511 2.88511
31.445 28.56 27.365 24.48 23.285 20.4 19.205 16.32 15.125 12.24 11.045 8.16001 6.96501 4.08001 2.88512 2.88512 2.88512 2.88512 2.88512 2.88512 2.88512 2.88512 2.88512 2.88512 2.88512 2.88512 2.88512 2.32243 2.83828 2.85557 0 0 0 0 0 0 0 0 2.73842 2.88511 2.88511 2.88511 2.88511 2.88511 2.88511 2.88511 2.88511 2.88511 2.88511 2.88511 2.88511 2.88511 2.88511 2.88511 2.88511 2.88511 2.88511 2.88511 2.88511 2.88511 2.88511 2.88511 2.88511 2.88511 2.88511 2.88511 2.88511 2.88511 2.88511 2.88511 2.88511
32.64 31.445 28.56 27.365 24.48 23.285 20.4 19.205 16.32 15.125 12.24 11.045 8.16001 6.96501 4.08001 2.88512 2.88512 2.88512 2.88512 2.88512 2.88512 2.88512 2.88512 2.88512 2.88512 2.88512 0 0 0 2.30954 0 0 0 0 0 0 0 0 2.61458 2.88511 2.88511 2.88511 2.88511 2.88511 2.88511 2.88511 2.88511 2.88511 2.88511 2.88511 2.88511 2.88511 2.88511 2.88511 2.88511 2.88511 2.88511 2.88511 2.88511 2.88511 2.88511 2.88511 2.88511 2.88511 2.88511 2.88511 2.88511 2.88511 2.88511 2.88511 2.88511
35.525 32.64 31.445 28.56 27.365 24.48 23.285 20.4 19.205 16.32 15.125 12.24 11.045 8.16001 6.96501 4.08001 2.88512 2.88512 2.88512 2.88512 2.88512 2.88512 2.88512 2.88512 2.88512 0 0 0 0 0 0 0 0 0 0 0 0 0 2.52082 2.88511 2.88511 2.88511 2.88511 2.88511 2.88511 2.88511 2.88511 2.88511 2.88511 2.88511 2.88511 2.88511 2.88511 2.88511 2.88511 2.88511 2.88511 2.88511 2.88511 2.88511 2.88511 2.88511 2.88511 2.88511 2.88511 2.88511 2.88511 2.88511 2.88511 2.88511 2.88511
36.7201 35.525 32.6401 31.445 28.56 27.365 24.48 23.285 20.4 19.205 16.32 15.125 12.24 11.045 8.16001 5.77 2.88512 2.88512 2.88512 2.88512 2.88512 2.88512 2.88512 2.88512 2.88512 0 0 0 0 0 0 0 0 0 0 0 0 0 2.47085 2.88511 2.88511 2.88511 2.88511 2.88511 2.88511 2.88511 2.88511 2.88511 2.88511 2.88511 2.88511 2.88511 2.88511 2.88511 2.88511 2.88511 2.88511 2.88511 2.88511 2.88511 2.88511 2.88511 2.88511 2.88511 2.88511 2.88511 2.88511 2.88511 2.88511 2.88511 2.88511
39.6051 36.7201 35.5251 32.6401 30.745 27.86 24.975 22.09 20.895 18.01 16.815 16.1749 13.2899 10.4049 8.01488 5.12988 2.88512 2.88512 2.88512 2.88512 2.88512 2.88512 2.88512 2.88512 2.88512 0 0 0 0 0 0 0 0 0 0 0 0 0 2.48447 2.88511 2.88511 2.88511 2.88511 2.88511 2.88511 2.88511 2.88511 2.88511 2.88511 2.88511 2.88511 2.88511 2.88511 2.88511 2.88511 2.88511 2.88511 2.88511 2.88511 2.88511 2.88511 2.88511 2.88511 2.88511 2.88511 2.88511 2.88511 2.88511 2.88511 2.88511 2.88511
39.4 36.515 33.63 30.745 27.86 24.975 22.09 20.895 18.01 16.815 13.93 11.045 9.85001 9.20988 6.32488 5.12988 2.88512 2.88512 4.24413 4.08001 4.08001 2.88512 2.88512 2.88512 2.88512 0 0 0 0 0 0 0 0 0 0 0 0 0 2.58144 2.88511 2.88511 2.88511 2.88511 2.88511 2.88511 2.88511 2.88511 2.88511 2.88511 2.88511 2.88511 2.88511 2.88511 2.88511 2.88511 2.88511 2.88511 2.88511 2.88511 2.88511 2.88511 2.88511 2.88511 2.88511 2.88511 2.88511 2.88511 2.88511 2.88511 2.88511 2.88511
37.71 34.825 31.94 29.055 26.17 23.285 20.895 18.01 16.815 13.93 11.045 8.16001 6.96501 5.77 5.12988 2.88512 2.88512 2.88512 4.60005 6.78973 6.96501 4.08001 2.88512 2.88512 0 0 0 0 0 0 0 0 0 0 0 0 0 0 2.71849 2.88511 2.88511 2.88511 2.88511 2.88511 2.88511 2.88511 2.88511 2.88511 2.88511 2.88511 2.88511 2.88511 2.88511 2.88511 2.88511 2.88511 2.88511 2.88511 2.88511 2.88511 2.88511 2.88511 2.88511 2.88511 2.88511 2.88511 2.88511 2.88511 2.88511 2.88511 2.88511
36.515 33.63 30.745 27.86 24.975 22.09 19.205 16.815 13.93 11.045 8.16001 6.96501 4.08001 2.88512 2.54602 5.25624 2.83806 4.57974 6.09493 6.96501 4.08001 2.88512 2.88512 0 0 0 0 0 0 0 0 0 0 0 0 0 0 0.506229 2.83854 2.88511 2.88511 2.88511 2.88511 2.88511 2.88511 2.88511 2.88511 2.88511 2.88511 2.88511 2.88511 2.88511 2.88511 2.88511 2.88511 2.88511 2.88511 2.88511 2.88511 2.88511 2.88511 2.88511 2.88511 2.88511 2.88511 2.88511 2.88511 2.88511 2.88511 2.88511 2.88511
33.63 30.745 27.86 24.975 22.09 19.205 18.01 15.125 12.24 9.85001 6.96501 4.08001 2.88512 2.88512 0 0 5.96471 7.05502 6.96501 4.08001 2.88512 2.88512 2.88512 0 0 4.08001 2.88512 0 2.88504 0 0 0 0 0 0 0 0 2.07397 2.88036 2.88511 2.88511 2.88511 2.88511 2.88511 2.88511 2.88511 2.88511 2.88511 2.88511 2.88511 2.88511 2.88511 2.88511 2.88511 2.88511 2.88511 2.88511 2.88511 2.88511 2.88511 2.88511 2.88511 2.88511 2.88511 2.88511 2.88511 2.88511 2.88511 2.88511 2.88511 2.88511
30.745 27.86 24.975 22.09 19.205 18.01 15.125 12.24 11.045 8.16001 5.77 2.88512 2.88512 0 0 0.859476 7.77776 6.96501 4.08001 2.88512 2.88512 2.88512 0 0 0 4.80354 4.08001 2.88512 2.26326 2.88511 0 0 0 0 0 0 0 2.70258 2.88511 2.88511 2.88511 2.88511 2.88511 2.88511 2.88511 2.88511 2.88511 2.88511 2.88511 2.88511 2.88511 2.88511 2.88511 2.88511 2.88511 2.88511 2.88511 2.88511 2.88511 2.88511 2.88511 2.88511 2.88511 2.88511 2.88511 2.88511 2.88511 2.88511 2.88511 2.88511 2.88511
26.17 23.285 20.4 19.205 18.01 15.125 12.24 11.045 8.16001 6.96501 4.08001 2.88512 2.88512 0 0 3.59499 6.96501 4.08001 2.88512 2.88512 2.88512 0 0 0 0 4.08001 6.42045 4.08001 2.88512 2.88511 2.88511 0 0 0 0 0 2.20111 2.86619 2.88511 2.88511 2.88511 2.88511 2.88511 2.88511 2.88511 2.88511 2.88511 2.88511 2.88511 2.88511 2.88511 2.88511 2.88511 2.88511 2.88511 2.88511 2.88511 2.88511 2.88511 2.88511 2.88511 2.88511 2.88511 2.88511 2.88511 2.88511 2.88511 2.88511 2.88511 2.88511 2.88511
24.975 22.09 19.205 16.32 15.125 12.24 11.045 8.16001 6.96501 4.08001 2.88512 2.88512 0 0 4.08001 5.98754 5.77 2.88512 2.88512 2.88512 0 0 0 0 0 0 4.08001 6.73167 4.08001 2.88511 2.88511 2.88511 0 0 0 1.76353 2.83139 2.88511 2.88511 2.88511 2.88511 2.88511 2.88511 2.88511 2.88511 2.88511 2.88511 2.88511 2.88511 2.88511 2.88511 2.88511 2.88511 2.88511 2.88511 2.88511 2.88511 2.88511 2.88511 2.88511 2.88511 2.88511 2.88511 2.88511 2.88511 2.88511 2.88511 2.88511 2.88511 2.88511 2.88511
23.78 20.895 18.01 15.125 12.24 11.045 8.16001 6.96501 4.08001 2.88512 0 0 0 4.08001 2.95241 8.16001 5.77 2.88512 2.88512 2.88512 0 0 0 0 0 0 0 4.08001 6.73166 4.08001 2.88511 2.88511 2.88511 1.65112 2.34743 2.79533 2.88511 2.88511 2.88511 2.88511 2.88511 2.88511 2.88511 2.88511 2.88511 2.88511 2.88511 2.88511 2.88511 2.88511 2.88511 2.88511 2.88511 2.88511 2.88511 2.88511 2.88511 2.88511 2.88511 2.88511 2.88511 2.88511 2.88511 2.88511 2.88511 2.88511 2.88511 2.88511 2.88511 2.88511 2.88511
20.895 18.01 16.815 13.93 11.045 8.16001 6.96501 4.08001 2.88512 0 0 1.08403 2.75812 5.59729 8.10705 6.96501 4.08001 2.88512 2.88512 0 0 0 0 0 0 0 0 0 2.70938 6.676 4.08001 2.88511 2.88511 2.88511 2.88511 2.88511 2.88511 2.88511 2.88511 2.88511 2.88511 2.88511 2.88511 2.88511 2.88511 2.88511 2.88511 2.88511 2.88511 2.88511 2.88511 2.88511 2.88511 2.88511 2.88511 2.88511 2.88511 2.88511 2.88511 2.88511 2.88511 2.88511 2.88511 2.88511 2.88511 2.88511 2.88511 2.88511 2.88511 2.88511 2.88511
19.7 16.815 13.93 11.045 8.16001 6.96501 4.08001 2.88512 2.22947 0 0 0.736581 7.91471 8.16001 6.96501 4.08001 2.88512 2.88512 2.88512 0 0 0 0 0 0 0 0 0 0 0 6.96501 4.08001 2.88511 2.88511 2.88511 2.88511 2.88511 2.88511 2.88511 2.88511 2.88511 2.88511 2.88511 2.88511 2.88511 2.88511 2.88511 2.88511 2.88511 2.88511 2.88511 2.88511 2.88511 2.88511 2.88511 2.88511 2.88511 2.88511 2.88511 2.88511 2.88511 2.88511 2.88511 2.88511 2.88511 2.88511 2.88511 2.88511 2.88511 2.88511 2.88511
16.815 13.93 11.045 8.16001 6.96501 4.08001 2.88512 0 0 1.1717 1.03473 7.88938 8.16001 6.96501 4.08001 2.88512 2.88512 2.88512 0 0 0 0 0 0 0 0 0 0 0 0.414427 7.92043 6.96501 4.08001 2.88511 2.88511 2.88511 2.88511 2.88511 2.88511 2.88511 2.88511 2.88511 2.88511 2.88511 2.88511 2.88511 2.88511 2.88511 2.88511 2.88511 2.88511 2.88511 2.88511 2.88511 2.88511 2.88511 2.88511 2.88511 2.88511 2.88511 2.88511 2.88511 2.88511 2.88511 2.88511 2.88511 2.88511 2.88511 2.88511 2.88511 2.88511
13.93 11.045 8.16001 6.96501 4.08001 2.88512 2.54992 0 0 2.34879 7.88938 8.16001 6.96501 4.08001 2.88512 2.88512 2.88512 0 0 0 0 0 0 0 0 0 0 0 0 0 4.64595 8.16001 6.96501 4.08001 2.88511 2.88511 2.88511 2.88511 2.88511 2.88511 2.88511 2.88511 2.88511 2.88511 2.88511 2.88511 2.88511 2.88511 2.88511 2.88511 2.88511 2.88511 2.88511 2.88511 2.88511 2.88511 2.88511 2.88511 2.88511 2.88511 2.88511 2.88511 2.88511 2.88511 2.88511 2.88511 2.88511 2.88511 2.88511 2.88511 2.88511
11.045 8.16001 6.96501 4.08001 2.88512 2.0171 0 0 0.518404 7.71239 8.16001 6.96501 4.08001 2.88512 2.88512 2.88512 0 0 0 0 0 0 0 0 0 0 0 0 0 0 3.66091 6.96501 5.77 6.96492 4.08001 2.88511 2.88511 2.88511 2.88511 2.88511 2.88511 2.88511 2.88511 2.88511 2.88511 2.88511 2.88511 2.88511 2.88511 2.88511 2.88511 2.88511 2.88511 2.88511 2.88511 2.88511 2.88511 2.88511 2.88511 2.88511 2.88511 2.88511 2.88511 2.88511 2.88511 2.88511 2.88511 2.88511 2.88511 2.88511 2.88511
9.85001 6.96501 4.08001 2.88512 2.88512 2.88512 0 0 0 5.56938 6.96501 4.08001 2.88512 2.88512 2.88512 0 0 0 0 0 0 0 0 0 0 0 0 0 0 0 4.65937 4.08001 0 4.08001 6.96501 4.08001 2.88511 2.88511 2.88511 2.88511 2.88511 2.88511 2.88511 2.88511 2.88511 2.88511 2.88511 2.88511 2.88511 2.88511 2.88511 2.88511 2.88511 2.88511 2.88511 2.88511 2.88511 2.88511 2.88511 2.88511 2.88511 2.88511 2.88511 2.88511 2.88511 2.88511 2.88511 2.88511 2.88511 2.88511 2.88511
