tests/full-run-ref/erosion_2010_78_23_-57.856.asc
ncols 512
nrows 512
xllcorner -3.24582
yllcorner -4.08743
cellsize 5
NODATA_value -99999
[rows 155 to 185 of 512, columns 0 to 68 of 512]
22.09 16.32 13.9283 8.15778 5.7582 5.76796 5.77 5.77 5.77 5.77 5.77 5.77 5.77 5.77 5.77 5.77 5.77 5.77 5.77 5.77 5.77 5.77 5.77 5.77 5.77 5.77 5.77 5.77 5.77 5.77 5.77 5.77 5.77 5.77 5.77 5.77 5.77 5.73477 11.4258 16.1872 21.9539 27.7302 33.5082 39.2854 45.0618 50.8374 56.612 62.3858 68.1586 73.9309 79.7029 85.476 88.8587 83.0846 77.3114 71.5375 65.763 59.9879 54.2122 48.4359 42.659 36.8815 31.1033 25.3246 19.5455 13.7894 8.05798 5.75824 5.77
19.7 13.93 8.16001 5.76943 5.76957 5.77 5.77 5.77 5.77 5.77 5.77 5.77 5.77 5.77 5.77 5.77 5.77 5.77 5.77 5.77 5.77 5.77 5.77 5.77 5.77 5.77 5.77 5.77 5.77 5.77 5.77 5.77 5.77 5.77 5.77 5.77 5.77 5.72461 11.3906 17.1716 22.9497 28.7288 34.507 40.2844 46.061 51.8367 57.6114 63.3852 69.1581 74.9302 80.7022 86.4752 88.8432 83.0681 77.2946 71.5206 65.746 59.9708 54.1949 48.4184 42.6414 36.8638 31.0856 25.3068 19.5276 13.7844 8.05455 5.75818 5.77
17.31 11.54 5.77 5.76983 5.77 5.77 5.77 5.77 5.77 5.77 5.77 5.77 5.77 5.77 5.77 5.77 5.77 5.77 5.77 5.77 5.77 5.77 5.77 5.77 5.77 5.76136 5.76558 5.76845 5.77 5.77 5.77 5.77 5.77 5.77 5.77 5.77 5.77 5.71657 11.3625 17.1451 22.9269 28.7078 34.4876 40.2665 46.0442 51.821 57.5966 63.3713 69.1448 74.9175 80.6897 86.4633 86.4523 80.6752 74.8993 69.1225 63.3448 57.5662 51.7867 46.0062 40.2248 34.4425 28.6593 22.8753 17.0904 11.3054 5.67991 5.76659 5.77
19.7 13.93 8.16001 5.75194 5.76216 5.76608 5.76515 5.76458 5.76435 5.76434 5.76442 5.76453 5.76463 5.7647 5.76473 5.76462 5.76422 5.7655 5.76778 5.77 5.77 5.77 5.77 5.77 5.69688 5.67247 6.03547 5.73131 5.75918 5.76745 5.76921 5.77 5.77 5.77 5.77 5.77 5.77 5.71058 11.3428 17.1267 22.9103 28.6925 34.4736 40.2535 46.0322 51.8097 57.5861 63.3614 69.1356 74.909 80.6815 86.4549 86.4513 80.6746 74.8987 69.1217 63.3438 57.5649 51.7852 46.0045 40.223 34.4404 28.657 22.8727 17.0876 11.3024 5.6785 5.7664 5.77
22.09 16.32 13.9029 8.11099 6.07056 6.02982 5.97635 5.92608 5.89132 5.87476 5.87469 5.8843 5.90036 5.91282 5.92069 5.93987 6.0229 6.11497 5.76851 5.77 5.77 5.77 5.77 5.77 5.71009 8.10024 11.4961 8.11283 6.04123 6.07268 5.74848 5.76676 5.77 5.77 5.77 5.77 5.77 5.70584 11.3288 17.1138 22.8984 28.6816 34.4634 40.2439 46.0231 51.8012 57.5779 63.3538 69.1285 74.9022 80.6754 86.4488 88.8421 83.0677 77.2939 71.5195 65.7445 59.9688 54.1925 48.4156 42.6381 36.8599 31.0812 25.3018 19.522 13.776 8.0485 5.75706 5.77
24.48 22.0629 16.2929 13.8852 11.8234 11.7552 11.6724 11.596 11.5446 11.5331 11.539 11.5648 11.5945 11.6292 11.6391 11.6827 11.3316 5.68965 5.76315 5.76908 5.76839 5.76648 5.77 5.74528 5.73994 8.11494 5.7249 8.08822 11.8306 11.8379 8.03851 5.75213 5.77 5.77 5.77 5.77 5.77 5.70185 11.3168 17.1026 22.8879 28.6717 34.4541 40.2351 46.0148 51.7931 57.5705 63.3465 69.1218 74.8963 80.6696 86.4435 88.8324 83.0574 77.2835 71.5089 65.7336 59.9577 54.1811 48.4039 42.626 36.8474 31.0682 25.2882 19.5078 13.768 8.04238 5.75693 5.77
30.2229 24.4529 22.0629 19.6621 17.6112 17.5511 17.4785 17.4068 17.3626 17.3543 17.3716 17.3969 17.4418 17.4719 17.483 17.509 13.7318 7.96447 5.76113 5.76927 6.16002 5.76827 5.75741 5.74295 8.1598 5.74979 5.75753 5.69888 11.3786 16.1138 11.4128 5.72889 5.77 5.77 5.77 5.77 5.77 5.69805 11.3049 17.0914 22.8774 28.6618 34.4447 40.2263 46.0063 51.7853 57.5629 63.3397 69.1154 74.89 80.6636 86.4385 86.4411 80.6632 74.8867 69.1091 63.3304 57.5507 51.77 45.9882 40.2053 34.4212 28.6361 22.8499 17.0626 11.2752 5.66727 5.76619 5.77
32.6129 30.2229 27.8329 25.4368 23.3934 23.3415 23.2761 23.2158 23.1709 23.1818 23.1987 21.5888 19.1916 16.9159 17.0256 17.1088 11.292 5.6846 5.76402 5.76919 5.76891 5.76099 5.74276 8.15991 5.74641 5.75655 5.77 5.72658 7.86889 13.7041 11.404 5.71241 5.77 5.77 5.77 5.77 5.77 5.6943 11.2928 17.0798 22.8665 28.6516 34.4352 40.2172 45.9981 51.7774 57.5559 63.333 69.1089 74.8835 80.6574 86.4333 86.4313 80.6526 74.8755 69.0973 63.3178 57.5372 51.7554 45.9725 40.1883 34.4029 28.6163 22.8285 17.0396 11.251 5.67396 5.77 5.77
38.3829 35.9929 33.6029 31.2095 29.1711 29.1272 29.0757 29.0264 28.9927 27.3458 21.5296 15.6801 13.2849 11.0217 11.1712 11.3066 11.4047 5.723 5.77 5.77 5.76806 6.11742 8.13806 5.74785 5.75125 5.77 5.77 5.75251 5.66621 11.3919 11.4249 5.70455 5.77 5.77 5.77 5.77 5.77 5.69078 11.2806 17.0682 22.8556 28.6415 34.4257 40.2086 45.9898 51.7701 57.5488 63.3261 69.102 74.877 80.6512 86.4268 86.4283 80.6487 74.8714 69.0929 63.3132 57.5322 51.7499 45.9664 40.1818 34.396 28.609 22.821 17.0319 11.2429 5.65362 5.76509 5.77
44.0038 41.6137 39.2237 36.8333 34.442 33.1772 30.7812 28.3811 29.8209 24.9132 19.0692 13.2144 7.37715 5.54966 5.67242 5.69721 5.72206 5.73121 5.77 5.77 5.76804 5.75681 5.74997 5.75014 5.77 5.77 5.77 5.77 5.67791 11.4034 11.421 5.69989 5.77 5.77 5.77 5.77 5.77 5.68807 11.2701 17.0581 22.8462 28.6325 34.4176 40.2008 45.983 51.7633 57.5422 63.3192 69.0953 74.8706 80.6452 86.4213 88.7873 83.0097 77.2338 71.4568 65.6788 59.8997 54.1197 48.3388 42.5571 36.7747 30.9914 25.2074 19.4231 13.6969 8.00607 5.7616 5.77
38.283 35.8437 33.4537 31.059 28.6593 27.385 24.9691 22.5492 24.0077 21.5866 16.7719 10.9237 5.50906 5.74262 5.76733 5.76864 5.77 5.77 5.77 5.77 5.77 5.77 5.77 5.77 5.77 5.77 5.77 5.77 5.66555 11.4267 7.92435 5.72527 5.77 5.77 5.77 5.77 5.77 5.68722 11.264 17.0521 22.8402 28.6272 34.4123 40.1962 45.9782 51.7584 57.5366 63.3136 69.0897 74.8649 80.6396 86.4165 86.3957 80.6133 74.833 69.0509 63.2672 57.4821 51.6957 45.9081 40.1194 34.3295 28.5386 22.7467 16.9539 11.162 5.62572 5.76509 5.77
32.5448 30.123 27.6837 25.2824 22.8751 21.7578 19.1583 16.715 19.1481 15.7659 13.3592 11.1716 7.95182 6.12576 6.15592 5.76751 5.77 5.77 5.77 5.77 5.77 5.77 5.77 5.77 5.77 5.77 5.77 5.77 5.65618 11.4355 5.67401 5.75814 5.77 5.77 5.77 5.77 5.77 5.68893 11.2685 17.0564 22.8441 28.6303 34.4155 40.1987 45.9801 51.7591 57.5368 63.3134 69.089 74.8639 80.6383 86.4156 86.387 80.6025 74.8209 69.0378 63.2533 57.4675 51.6806 45.8924 40.1032 34.3128 28.5214 22.729 16.9357 11.1428 5.61759 5.76412 5.77
30.1548 24.3848 21.9629 19.5041 17.0927 15.9696 13.4973 10.8455 13.4912 13.4154 7.51846 5.58853 5.71566 5.75457 5.76627 5.7679 5.77 5.77 5.77 5.77 5.77 5.77 5.77 5.77 5.77 5.77 5.77 5.77 5.64585 11.4261 5.6498 5.75548 5.77 5.77 5.77 5.77 5.77 5.69471 11.2861 17.0739 22.8574 28.6431 34.4269 40.2091 45.9887 51.767 57.544 63.32 69.0951 74.8696 80.6436 86.4194 88.7784 82.9965 77.218 71.4389 65.6592 59.8789 54.0978 48.3161 42.5337 36.7505 30.9666 25.1822 19.397 13.6653 7.9437 5.74164 5.77
27.7648 21.9948 16.2248 13.7582 11.2806 13.5877 7.68899 5.51259 7.69272 11.3588 5.59056 5.7525 5.77 5.77 5.77 5.77 5.77 5.77 5.77 5.77 5.77 5.77 5.77 5.77 5.77 5.77 5.77 5.77 5.63287 11.39 7.81931 5.70157 5.77 5.77 5.77 5.77 5.77 5.70207 11.3204 16.0555 21.8114 27.5609 33.3463 39.1288 44.9095 50.6887 56.4666 62.2433 68.019 73.794 79.5683 85.3429 91.1201 85.3923 79.6165 73.8413 68.0659 62.2903 56.5144 50.7382 44.9616 39.1846 33.4072 27.6297 21.9037 16.1518 11.4122 5.72217 5.77
22.09 19.6048 13.8348 8.01037 5.67759 7.99231 5.68729 5.74678 5.63659 11.4365 5.65858 5.77 5.77 5.77 5.77 5.77 5.77 5.77 5.77 5.77 5.77 5.77 5.77 5.77 5.77 5.77 5.77 5.77 5.62137 11.3465 11.3293 5.65815 5.77 5.77 5.77 5.77 5.77 5.73277 7.86107 13.5813 19.3395 25.1345 30.9255 36.7135 42.499 48.2824 54.0638 59.8435 65.6217 71.3989 77.175 82.9503 88.7278 85.3583 79.5814 73.8059 68.0303 62.2544 56.4781 50.7014 44.9242 39.1467 33.3686 27.5904 21.8799 16.1309 11.404 5.71792 5.77
16.32 13.93 11.5296 5.75845 5.7629 5.75831 5.76098 5.77 5.7073 11.4113 5.62442 5.77 5.77 5.77 5.77 5.77 5.77 5.77 5.77 5.77 5.77 5.77 5.77 5.77 5.77 5.77 5.77 5.77 5.61368 11.3666 7.76624 5.68657 5.77 5.77 5.77 5.77 5.77 5.76218 5.60933 11.0977 16.9032 22.7053 28.5031 34.2971 40.0878 45.8756 51.6606 57.4435 63.2243 69.0035 74.7814 80.5582 86.3378 82.9642 77.1828 71.4028 65.622 59.8403 54.0578 48.2743 42.4899 36.7045 30.9182 25.1311 19.343 13.6249 7.90965 5.73792 5.77
13.93 8.16001 5.77 5.76501 5.77 5.77 5.77 5.77 5.72532 8.06048 5.63367 5.77 5.77 5.77 5.77 5.77 5.77 5.77 5.77 5.77 5.77 5.77 5.77 5.77 5.77 5.77 5.77 5.77 5.61099 11.3925 5.61622 5.74808 5.77 5.77 5.77 5.77 5.77 5.77 5.64457 11.134 16.9348 22.7349 28.531 34.3236 40.1129 45.8994 51.6834 57.4653 63.2455 69.0239 74.8009 80.5768 86.3557 80.5698 74.7857 69.0007 63.2141 57.426 51.6363 45.8452 40.0524 34.2582 28.4625 22.6653 16.8668 11.069 5.59243 5.76328 5.77
11.54 5.77 5.77 5.77 5.77 5.77 5.77 5.77 5.74967 5.74317 5.69825 5.77 5.77 5.77 5.77 5.77 5.77 5.77 5.77 5.77 5.77 5.77 5.77 5.77 5.77 5.77 5.77 5.77 5.61121 11.3671 5.57787 5.74546 5.77 5.77 5.77 5.77 5.77 5.77 5.65218 11.1513 16.9501 22.7484 28.5429 34.334 40.122 45.9072 51.6901 57.4712 63.2506 69.0291 74.8061 80.5822 86.3607 80.5775 74.7948 69.0109 63.225 57.4374 51.6481 45.8572 40.0649 34.271 28.4756 22.6786 16.8804 11.0834 5.59908 5.764 5.77
11.54 5.77 5.77 5.77 5.77 5.77 5.77 5.77 5.77 5.77 5.77 5.77 5.77 5.77 5.77 5.77 5.77 5.77 5.77 5.77 5.77 5.77 5.77 5.77 5.77 5.77 5.77 5.74134 5.51484 11.2398 7.54263 5.65236 5.77 5.77 5.77 5.77 5.77 5.77 5.65376 11.1507 16.949 22.7468 28.541 34.3318 40.1195 45.9043 51.6869 57.4676 63.247 69.0252 74.8032 80.5804 86.3595 82.9739 77.1966 71.4184 65.6386 59.8577 54.0757 48.2925 42.5082 36.7229 30.9364 25.1489 19.3606 13.6396 7.96692 5.75975 5.77
11.54 5.77 5.77 5.77 5.77 5.77 5.77 5.77 5.77 5.77 5.77 5.77 5.77 5.77 5.77 5.77 5.77 5.77 5.77 5.77 5.77 5.77 5.77 5.77 5.77 5.77 5.77 5.65738 7.31595 13.3009 11.0427 5.5778 5.77 5.77 5.77 5.77 5.77 5.77 5.65234 11.1421 16.9409 22.7392 28.5339 34.3251 40.1131 45.8983 51.6809 57.4618 63.241 69.0196 74.7968 80.5761 84.7161 80.6233 74.8477 69.0681 63.2859 57.5036 51.72 45.9349 40.1484 34.3604 28.571 22.78 16.9881 11.1952 5.62618 5.75945 5.77
13.93 8.16001 5.77 5.75722 5.7534 5.74171 5.77 5.77 5.77 5.77 5.77 5.77 5.77 5.77 5.77 5.77 5.77 5.77 5.77 5.77 5.77 5.77 5.77 5.77 5.77 5.77 5.72238 5.44663 10.9091 13.2459 7.24584 5.62404 5.77 5.77 5.77 5.77 5.77 5.77 5.64964 11.1306 16.9304 22.7298 28.5253 34.3173 40.1061 45.8919 51.6753 57.4564 63.2362 69.0144 74.7922 80.5708 78.9382 76.5449 74.1583 71.4715 65.6942 59.9154 54.1371 48.3577 42.5775 36.7964 31.0142 25.2311 19.4471 13.7154 8.01422 5.76237 5.77
16.32 13.93 8.16001 8.52354 8.01033 5.66003 5.74336 5.77 5.77 5.77 5.77 5.77 5.77 5.77 5.77 5.77 5.77 5.77 5.77 5.77 5.77 5.77 5.77 5.77 5.77 5.77 5.63824 6.91592 12.9865 10.809 5.406 5.73181 5.77 5.77 5.77 5.77 5.77 5.77 5.64646 11.1179 16.919 22.7198 28.5165 34.3097 40.0992 45.8861 51.67 57.4522 63.2322 69.0108 74.7889 78.945 73.1561 70.7593 68.3717 65.9885 63.3525 57.5778 51.7987 46.0187 40.2381 34.4566 28.6738 22.8898 17.1074 11.3208 5.68582 5.7651 5.77
22.09 16.32 13.93 14.2832 13.4777 7.58741 5.59146 5.74553 5.77 5.77 5.77 5.77 5.77 5.77 5.77 5.77 5.77 5.77 5.77 5.77 5.77 5.77 5.77 5.77 5.77 5.74534 5.29963 10.2104 15.4185 10.4313 5.42356 5.77 5.77 5.77 5.77 5.77 5.77 5.77 5.64317 11.1045 16.9071 22.7093 28.5075 34.3016 40.0927 45.8802 51.6655 57.4478 63.2275 69.0063 74.7842 73.2622 70.7681 64.9729 62.579 60.1974 57.8203 55.4398 50.8188 45.0388 39.2585 33.4777 27.6957 21.9131 16.1384 11.3819 5.71974 5.77 5.77
24.48 22.09 19.7 20.0641 15.8485 13.0904 7.19875 5.55542 5.73955 5.77 5.77 5.77 5.77 5.77 5.77 5.77 5.77 5.77 5.77 5.77 5.77 5.77 5.77 5.77 5.77 5.60366 6.25927 12.2464 15.98 9.7357 5.19586 5.73746 5.77 5.77 5.77 5.77 5.77 5.77 5.64032 11.0917 16.8955 22.6993 28.4986 34.2946 40.0864 45.8758 51.6614 57.4436 63.2224 69.0019 70.7629 68.3625 65.0857 62.5911 56.7848 54.3947 52.0209 49.6502 47.274 42.6539 36.8731 31.0911 25.3065 19.5197 13.7318 7.9762 5.74675 5.77 5.77
30.25 27.86 25.47 24.0778 21.3737 15.4724 12.9789 7.16092 5.61335 5.77 5.77 5.77 5.77 5.77 5.77 5.77 5.77 5.77 5.77 5.77 5.77 5.77 5.77 5.77 5.74632 5.19716 9.47893 14.6735 18.2319 12.0379 6.17974 5.55941 5.77 5.77 5.77 5.77 5.77 5.77 5.63915 11.0822 16.887 22.6914 28.4922 34.2885 40.0825 45.8722 51.6578 57.4391 63.2182 68.9972 64.9831 62.5805 60.184 56.908 54.4107 48.5914 46.2067 43.8427 41.4801 39.1088 34.4918 28.7134 22.9258 17.1336 11.3394 5.68702 5.75844 5.76942 5.77
36.02 33.63 31.24 29.5936 23.7697 21.2865 15.4015 10.5066 5.25864 5.77 5.77 5.77 5.77 5.77 5.77 5.77 5.77 5.77 5.77 5.77 5.77 5.77 5.77 5.77 5.5847 5.93003 11.7411 17.9855 20.2278 14.1717 10.065 5.41833 5.77 5.77 5.77 5.77 5.77 5.77 5.64101 11.0855 16.8903 22.695 28.4955 34.2931 40.0861 45.8749 51.6586 57.4391 63.22 65.1052 62.5926 56.7953 54.3958 52.0021 48.7266 46.2269 40.3932 38.0153 35.6629 33.3094 30.966 28.6967 25.3532 19.5665 13.8237 8.0586 8.15646 5.76914 5.77
41.79 39.4 37.01 31.981 27.8969 22.0347 16.1221 10.1981 4.92329 5.77 5.77 5.77 5.77 5.77 5.77 5.77 5.77 5.77 5.77 5.77 5.77 5.77 5.77 5.74617 5.13001 9.18057 14.2785 20.5218 17.0662 11.3705 5.58554 5.5255 5.77 5.77 5.77 5.77 5.77 5.77 5.64936 11.1145 16.9186 22.7167 28.5188 34.3144 40.1039 45.8896 51.6715 57.4537 62.1882 59.7891 56.9274 54.4142 48.6035 46.205 43.8157 40.5417 38.0399 32.1905 29.8207 27.4813 25.1564 22.9021 22.1439 22.0288 16.2574 13.8742 8.1525 5.76923 5.77
47.56 45.1254 39.3554 33.5514 27.7434 21.86 15.9235 9.97928 4.84877 5.77 5.77 5.77 5.77 5.77 5.77 5.77 5.77 5.77 5.77 5.77 5.77 5.77 5.77 5.56861 5.74647 11.4399 17.669 20.7177 14.3679 8.13128 4.9529 5.73737 5.77 5.77 5.77 5.77 5.77 5.77 5.66763 11.1823 15.9195 21.6932 27.4946 32.2891 38.0522 43.826 49.6123 55.3969 56.4099 54.0071 51.6235 48.7518 46.2319 40.4034 38.0078 35.625 32.3534 29.8499 23.9835 21.6233 19.3186 17.0899 16.3514 16.2905 13.9034 11.5204 5.76523 5.76973 5.77
50.7951 45.0251 39.2551 33.4503 27.6381 21.7442 15.7926 9.83314 4.91549 5.77 5.77 5.77 5.77 5.77 5.77 5.77 5.77 5.77 5.77 5.77 5.77 5.77 5.7501 4.96696 8.87754 13.8169 20.1547 20.6197 14.2785 8.19682 5.11669 5.77 5.77 5.77 5.77 5.77 5.77 5.77 5.71547 7.73366 13.4652 19.2759 24.0789 29.8566 35.6392 41.4331 47.2219 53.0056 50.6265 48.2228 45.8397 44.9364 40.5686 38.0434 32.1949 29.8039 27.43 24.1619 21.6573 15.773 13.4446 11.2471 10.5485 11.4965 8.12887 5.76166 5.76893 5.77 5.77
48.4638 44.9635 39.1935 33.3884 27.5742 21.6753 15.7129 9.75044 4.99423 5.77 5.77 5.77 5.77 5.77 5.77 5.77 5.77 5.77 5.77 5.77 5.77 5.74197 5.2826 4.96451 10.8672 17.1164 22.6242 20.2352 13.876 7.83259 5.04432 5.77 5.77 5.77 5.77 5.77 5.77 5.77 5.757 5.60286 11.0608 15.8525 21.6468 27.4422 33.2469 39.0418 44.8345 47.2525 44.8402 42.4347 40.0492 39.1505 36.7536 32.3803 29.8495 23.9776 21.5933 19.2383 15.9679 13.4843 7.64235 5.59325 5.71722 5.74921 5.76521 5.76925 5.77 5.77 5.77
45.1698 40.3038 37.7221 33.3866 27.5617 21.6752 15.7256 9.76603 5.03925 5.77 5.77 5.77 5.77 5.77 5.77 5.77 5.77 5.77 5.77 5.77 5.74199 5.36798 5.83094 11.047 13.0549 19.3474 25.6562 19.7119 13.3608 7.34519 4.99476 5.77 5.77 5.77 5.77 5.77 5.77 5.77 5.77 5.70871 7.6728 13.4102 19.2268 25.0471 30.8528 36.6527 42.4477 41.4675 39.0522 36.6433 34.2553 33.3579 30.9666 28.5849 24.1921 21.6479 15.7501 13.385 11.1354 7.85182 5.65441 5.75693 5.77001 5.77001 5.77001 5.77001 5.77 5.77 5.77
