tests/full-run-ref/erosion_81_12_73.110.asc
ncols 512
nrows 512
xllcorner -3.24582
yllcorner -4.08743
cellsize 5
NODATA_value -99999
[rows 462 to 494 of 512, columns 148 to 221 of 512]
5.77006 5.77006 5.77006 5.77006 5.77006 5 5.77006 5 5.77006 5 5.77006 5.77006 5.77006 5.77006 5.77006 5.77006 5.77006 5 5.77006 5 5.77006 5 5.77006 5 5.77006 5 5.77006 5 5.77006 5 5.77006 5 5.77006 5 5.77006 5 5.77006 5 5.77006 5 5.77006 5 5.77006 5 5.77006 5.77006 5 5.77006 5 5.77006 5 5.77004 5 5.77004 5 5.77004 5 5.77004 5 5.77004 5 5.77004 5.77004 5.77004 5.77004 5.77004 5 5.77004 5 5.77004 5.77004 5.77004 5.77004 5.77004
5.77006 5 5.77006 5 5.77006 5.77006 5.77006 5.77006 5.77006 5.77006 5.77006 5 5.77006 5 5.77006 5 5.77006 5.77006 5.77006 5.77006 5.77006 5.77006 5.77006 5.77006 5.77006 5.77006 5.77006 5.77006 5.77006 5.77006 5.77006 5.77006 5.77006 5.77006 5.77006 5.77006 5.77006 5.77006 5.77006 5.77006 5.77006 5.77006 5.77006 5.77006 5.77006 5 5.77006 5.77006 5.77006 5.77006 5.77006 5.77004 5.77004 5.77004 5.77004 5.77004 5.77004 5.77004 5.77004 5.77004 5.77004 5.77004 5 5.77004 5 5.77004 5.77004 5.77004 5.77004 5.77004 5 5.77004 5 5.77004
5.77006 5.77006 5.77006 5.77006 5.77006 5 5.77006 5 5.77006 5 5.77006 5.77006 5.77006 5.77006 5.77006 5.77006 5.77006 5 5.77006 5 5.77006 5 5.77006 5 5.77006 5 5.77006 5 5.77006 5.77006 5 5.77006 5 5.77006 5 5.77006 5 5.77006 5 5.77006 5 5.77006 5 5.77006 5.77006 5.77006 5.77006 5 5.77006 5 5.77006 5 5.77006 5 5.77004 5 5.77004 5 5.77004 5 5.77004 5.77004 5.77004 5.77004 5.77004 5.77004 5 5.77004 5 5.77004 5.77004 5.77004 5.77004 5.77004
5.77006 5 5.77006 5 5.77006 5.77006 5.77006 5.77006 5.77006 5.77006 5.77006 5 5.77006 5 5.77006 5 5.77006 5.77006 5.77006 5.77006 5.77006 5.77006 5.77006 5.77006 5.77006 5.77006 5.77006 5.77006 5.77006 5 5.77006 5.77006 5.77006 5.77006 5.77006 5.77006 5.77006 5.77006 5.77006 5.77006 5.77006 5.77006 5.77006 5.77006 5 5.77006 5.77006 5.77006 5.77006 5.77006 5.77006 5.77006 5.77006 5.77006 5.77004 5.77004 5.77004 5.77004 5.77004 5.77004 5.77004 5 5.77004 5 5.77004 5.77004 5.77004 5.77004 5.77004 5.77004 5 5.77004 5 5.77004
5.77006 5.77006 5.77006 5.77006 5.77006 5 5.77006 5 5.77006 5 5.77006 5.77006 5.77006 5.77006 5.77006 5.77006 5.77006 5 5.77006 5 5.77006 5 5.77006 5 5.77006 5 5.77006 5.77006 5 5.77006 5.77006 5 5.77006 5.77006 5 5.77006 5 5.77006 5 5.77006 5 5.77006 5 5.77006 5.77006 5.77006 5 5.77006 5 5.77006 5 5.77006 5.77006 5 5.77004 5 5.77004 5 5.77004 5 5.77004 5.77004 5.77004 5.77004 5.77004 5 5.77004 5 5.77004 5.77004 5.77004 5.77004 5.77004 5.77004
5.77006 5 5.77006 5 5.77006 5.77006 5.77006 5.77006 5.77006 5.77006 5.77006 5 5.77006 5 5.77006 5 5.77006 5.77006 5.77006 5.77006 5.77006 5.77006 5.77006 5.77006 5.77006 5.77006 5.77006 5 5.77006 5.77006 5 5.77006 5.77006 5 5.77006 5.77006 5.77006 5.77006 5.77006 5.77006 5.77006 5.77006 5.77006 5.77006 5 5.77006 5.77006 5.77006 5.77006 5.77006 5.77006 5.77006 5.77006 5.77006 5.77004 5.77004 5.77004 5.77004 5.77004 5.77004 5.77004 5 5.77004 5 5.77004 5.77004 5.77004 5.77004 5.77004 5 5.77004 5 5.77004 5.77004
5.77006 5.77006 5.77006 5.77006 5.77006 5 5.77006 5 5.77006 5 5.77006 5.77006 5.77006 5.77006 5.77006 5.77006 5.77006 5 5.77006 5 5.77006 5 5.77006 5 5.77006 5.77006 5 5.77006 5.77006 5 5.77006 5.77006 5 5.77006 5.77006 5 5.77006 5 5.77006 5 5.77006 5 5.77006 5.77006 5.77006 5.77006 5 5.77006 5 5.77006 5 5.77006 5.77006 5 5.77004 5 5.77004 5 5.77004 5 5.77004 5.77004 5.77004 5.77004 5.77004 5 5.77004 5 5.77004 5.77004 5.77004 5.77004 5.77004 5.77004
5.77006 5 5.77006 5 5.77006 5.77006 5.77006 5.77006 5.77006 5.77006 5.77006 5 5.77006 5 5.77006 5 5.77006 5.77006 5.77006 5.77006 5.77006 5.77006 5.77006 5.77006 5.77006 5 5.77006 5.77006 5 5.77006 5.77006 5 5.77006 5.77006 5.77004 5.77006 5.77006 5.77006 5.77006 5.77006 5.77006 5.77006 5.77006 5 5.77006 5.77006 5.77006 5.77006 5.77006 5.77006 5.77006 5.77006 5.77006 5.77006 5.77004 5.77004 5.77004 5.77004 5.77004 5.77004 5.77004 5 5.77004 5 5.77004 5.77004 5.77004 5.77004 5.77004 5 5.77004 5 5.77004 5.77004
5 5.77006 5.77006 5.77006 5.77006 5 5.77006 5 5.77006 5 5.77006 5.77006 5.77006 5.77006 5.77006 5.77006 5.77006 5 5.77006 5 5.77006 5 5.77006 5.77006 5 5.77006 5.77006 5 5.77006 5.77006 5 5.77006 5.77006 5 5.77006 5.77006 5 5.77006 5 5.77006 5 5.77006 5.77006 5.77006 5.77006 5 5.77006 5 5.77006 5 5.77006 5.77006 5 5.77004 5 5.77004 5 5.77004 5 5.77004 5.77004 5.77004 5.77004 5.77004 5.77004 5 5.77004 5 5.77004 5.77004 5.77004 5.77004 5.77004 4.97829
5.77006 5.77006 5 5.77006 4.99998 5.77004 5.77003 5.77006 5.77006 5.77006 5.77006 5 5.77006 5 5.77006 5 5.77006 5.77006 5.77006 5.77006 5.77006 5.77006 5.77006 5 5.77006 5.77006 5 5.77006 5.77006 5 5.77006 5.77006 5.77004 5.77006 5.77006 5.77006 5.77006 5.77006 5.77006 5.77006 5.77006 5.77006 5 5.77006 5.77006 5.77006 5.77006 5.77006 5.77006 5.77006 5.77006 5.77006 5.77006 5.77006 5.77004 5.77004 5.77004 5.77004 5.77004 5.77004 5 5.77004 5 5.77004 5.77004 5.77004 5.77004 5.77004 5.77004 5 5.77004 5 5.77004 5.75733
5 5.77006 5.77006 5.77006 5.77004 6.16008 4.99994 5.77006 5 5.77006 5 5.77006 5.77006 5.77006 5.77006 5.77006 5.77006 5 5.77006 5 5.77006 5.77006 5 5.77006 5.77006 5 5.77006 5.77006 5 5.77006 5.77006 5 5.77006 5.77006 5 5.77006 5 5.77006 5 5.77006 5 5.77006 5.77006 5.77006 5 5.77006 5 5.77006 5 5.77006 5 5.77006 5.77006 5 5.77004 5 5.77004 5 5.77004 5.77004 5.77004 5.77004 5.77004 5.77004 5 5.77004 5 5.77004 5.77004 5.77004 5.77004 5.77004 5.77004 4.98971
5.77006 5.77006 5 5.77006 4.99998 5.77003 5.77002 5.77006 5.77006 5.77006 5.77006 5.77006 5 5.77006 5 5.77006 5 5.77006 5.77006 5.77006 5.77006 5 5.77006 5.77006 5 5.77006 5.77006 5 5.77006 5.77006 5.77004 5.77006 5.77006 5.77006 5.77006 5.77006 5.77006 5.77006 5.77006 5.77006 5.77006 5.77006 5 5.77006 5.77006 5.77006 5.77006 5.77006 5.77006 5.77006 5.77006 5.77006 5.77006 5.77006 5.77006 5.77004 5.77004 5.77004 5.77004 5 5.77004 5 5.77004 5.77004 5.77004 5.77004 5.77004 5.77004 5 5.77004 5 5.77004 5 5.77004
5 5.77006 5.77006 5.77006 5.77006 5.77006 5 5.77006 5 5.77006 5 5.77006 5.77006 5.77006 5.77006 5.77006 5.77006 5.77006 5 5.77006 5 5.77006 5.77006 5 5.77006 5.77006 5 5.77006 5.77006 5 5.77006 5.77006 5 5.77006 5 5.77006 5 5.77006 5 5.77006 5 5.77006 5.77006 5.77006 5 5.77006 5 5.77006 5 5.77006 5 5.77006 5 5.77006 5.77006 5 5.77004 5 5.77004 5.77004 5.77004 5.77004 5.77004 5 5.77004 5 5.77004 5.77004 5.77004 5.77004 5.77004 5.77004 5.77004 5.77004
5.77006 5.77006 4.99998 5.77003 4.99998 5.77006 5.77006 5.77006 5.77006 5.77006 5.77006 5.77006 5 5.77006 5 5.77006 5 5.77006 5.77006 5.77006 5.77006 5.77006 5 5.77006 5.77006 5 5.77006 5.77006 5.77004 5.77006 5.77006 5.77004 5.77006 5.77006 5.77006 5.77006 5.77006 5.77006 5.77006 5.77006 5.77006 5.77006 5 5.77006 5.77006 5.77006 5.77006 5.77006 5.77006 5.77006 5.77006 5.77006 5.77006 5.77006 5.77006 5.77006 5.77004 5.77004 5.77004 5 5.77004 5 5.77004 5.77004 5.77004 5.77004 5.77004 5 5.77004 5 5.77004 5 5.77004 5
5 5.77006 5.77004 6.15878 5.77003 5.77006 5 5.77006 5 5.77006 5 5.77006 5.77006 5.77006 5.77006 5.77006 5.77006 5.77006 5 5.77004 5 5.77006 5.77006 5.77006 5 5.77006 5.77006 5 5.77006 5.77006 5 5.77006 5.77006 5 5.77006 5 5.77006 5 5.77006 5 5.77006 5.77006 5.77006 5.77006 5 5.77006 5 5.77006 5 5.77006 5.77006 5.77006 5 5.77006 5.77006 5.77006 5 5.77004 5.77004 5.77004 5.77004 5.77004 5.77004 5 5.77004 5 5.77004 5.77004 5.77004 5.77004 5.77004 5.77004 5.77004 5.75174
5.77006 5.77006 4.99998 5.77003 4.99998 5.77006 5.77006 5.77006 5.77006 5.77006 5.77006 5.77006 5 5.77006 5 5.77006 5 5.77006 5.77004 5.77004 5.77004 5.77006 5.77006 5 5.77006 5.77006 5.77004 5.77006 5.77006 5.77004 5.77006 5.77006 5.77006 5.77006 5.77006 5.77006 5.77006 5.77006 5.77006 5.77006 5.77006 5 5.77006 5.77006 5.77006 5.77006 5.77006 5.77006 5.77006 5.77006 5.77006 5 5.77006 5.77006 5.77006 5.77004 5.77006 5.77004 5 5.77004 5 5.77004 5.77004 5.77004 5.77004 5.77004 5.77004 5 5.77004 5.76015 4.96307 5.73923 5.74423 4.98658
5.77006 5 5.77006 5.77006 5.77006 5.77006 5 5.77006 5 5.77006 5 5.77006 5.77006 5.77006 5.77006 5.77006 5.77006 5.77006 5 5.77004 5 5.77004 5.77006 5.77006 5.77006 5 5.77006 5.77006 5 5.77006 5.77006 5 5.77006 5 5.77006 5 5.77006 5 5.77006 5 5.77006 5.77006 5.77006 5 5.77006 5 5.77006 5 5.77006 5.77006 5 5.77006 5.77006 5 5.77006 5.77006 5.77006 5.77004 5.77004 5.77004 5.77004 5.77004 5 5.77004 5 5.77004 5.77004 5.77004 5.77004 5.76605 5.98748 5.76912 4.99891 5.99476
5.77006 5.77006 5.77006 5 5.77006 5.77004 5.77006 5.77006 5.77006 5.77006 5.77006 5.77006 5 5.77006 5 5.77006 5 5.77006 5.77004 5.77004 5.77004 5.77004 5.77006 5.77006 5.77004 5.77006 5.77006 5.77004 5.77006 5.77006 5.77006 5.77006 5.77006 5.77006 5.77006 5.77006 5.77006 5.77006 5.77006 5.77006 5.77006 5 5.77006 5.77006 5.77006 5.77006 5.77006 5.77006 5.77006 5 5.77006 5.77006 5.77006 5.77006 5.77006 5 5.77006 5.77006 5 5.77004 5 5.77004 5.77004 5.77004 5.77004 5.77004 5 5.77004 5 5.76564 4.99392 5.99425 5.98959 5.76906
5.77006 5 5.77006 5.77006 5.77006 5 5.77004 5 5.77004 5.77006 5 5.77006 5.77006 5.77006 5.77006 5.77006 5.77006 5.77006 5 5.77004 5 5.77004 5 5.77004 5.77006 5.77006 5 5.77006 5.77006 5.77006 5.77006 5 5.77006 5 5.77006 5 5.77006 5 5.77006 5 5.77006 5.77006 5.77006 5 5.77006 5 5.77006 5.77006 5 5.77006 5.77006 5 5.77006 5 5.77006 5.77006 5.77006 5.77004 5.77006 5.77004 5.77004 5.77004 5 5.77004 5 5.77004 5.77004 5.77004 5.77004 5.77004 5.75854 5.99137 5.76849 4.99938
5.77006 5.77006 5.77006 5 5.77006 5.77004 5.77004 5.77004 5.77004 5.77006 5.77006 5.77006 5 5.77006 5 5.77006 5 5.77006 5.77004 5.77004 5.77004 5.77004 5.77004 5.77004 5.77006 5.77004 5.77006 5.77006 5.77006 5.77006 5 5.77006 5.77006 5.77006 5.77006 5.77006 5.77006 5.77006 5.77006 5.77006 5.77006 5 5.77006 5.77006 5.77006 5.77006 5.77006 5 5.77006 5.77006 5.77006 5.77006 5.77006 5.77006 5.77006 5 5.77006 5.77006 5 5.77004 5 5.77004 5.77004 5.77004 5.77004 5.77004 5 5.77004 5 5.77004 4.99027 5.99423 4.99898 5.77004
5.77006 5 5.77006 5.77006 5.77006 5 5.77004 5 5.77004 5.77006 5 5.77006 5.77006 5.77006 5.77006 5.77006 5.77006 5.77004 5 5.77004 5 5.77004 5 5.77004 5 5.77006 5.77006 5.77006 5.77006 5 5.77006 5.77006 5 5.77006 5 5.77006 5 5.77006 5 5.77006 5.77006 5.77006 5.77006 5 5.77006 5.77006 5 5.77006 5.77006 5 5.77006 5 5.77006 5 5.77006 5.77006 5.77006 5.77004 5.77006 5.77004 5.77004 5.77004 5 5.77004 5 5.77004 5.77004 5.77004 5.77004 5.77004 5.76657 5.76977 5.76969 5.77004
5.77006 5.77006 5.77006 5 5.77006 5.77004 5.77004 5.77004 5.77004 5.77004 5.77006 5.77006 5.77006 5 5.77006 5.77004 5 5.77004 5.77004 5.77004 5.77004 5.77004 5.77004 5.77004 5.77004 5.77006 5.77006 5.77006 5 5.77006 5.77006 5.77006 5.77006 5.77006 5.77006 5.77006 5.77006 5.77006 5.77006 5.77006 5 5.77006 5.77006 5.77006 5.77006 5 5.77006 5.77006 5.77006 5.77006 5.77006 5.77006 5.77006 5.77006 5.77006 5 5.77006 5.77006 5.77006 5 5.77004 5.77004 5.77004 5.77004 5.77004 5.77004 5 5.77004 5 5.77004 5.77004 5 5.77004 5
5.77006 5.77004 5.77006 5.77006 5.77006 5.77004 5 5.77004 5.77004 5.77006 5.77006 5.77006 5.77006 5.77006 5.77006 5 5.77004 5.77004 5 5.77004 5 5.77004 5.77004 5.77004 5 5.77006 5.77006 5 5.77006 5.77006 5 5.77006 5 5.77006 5 5.77006 5 5.77006 5 5.77006 5.77006 5.77006 5.77006 5.77006 5 5.77006 5.77006 5 5.77006 5 5.77006 5 5.77006 5 5.77006 5.77006 5.77006 5.77006 5.77006 5.77006 5.77004 5 5.77004 5 5.77004 5.77004 5.77004 5.77004 5.77004 5.77004 5.77004 5.77004 5.77004 5.77004
5.77004 5 5.77004 5 5.77004 5 5.77004 5.77004 5 5.77004 5.77004 5.77004 5.77004 5.77004 5 5.77004 5.77004 5 5.77004 5.77004 5.77004 5.77004 5 5.77004 5.77004 5.77004 5.77006 5.77006 5.77006 5.77006 5.77006 5.77006 5.77006 5.77006 5.77006 5.77006 5.77006 5.77006 5.77006 5.77006 5.77006 5.77006 5.77006 5 5.77006 5.77006 5.77006 5.77006 5.77006 5.77006 5.77006 5.77006 5.77006 5.77006 5.77006 5.77006 5.77006 5.77006 5.77006 5 5.77004 5.77004 5.77004 5.77004 5.77004 5 5.77004 5 5.77004 5 5.77004 5 5.77004 5
5.77004 5.77004 5.77004 5.77004 5.77004 5.77004 5.77004 5 5.77004 5.77004 5 5.77004 5 5.77004 5.77004 5.77004 5 5.77004 5.77004 5 5.77004 5 5.77004 5.77004 5 5.77004 5 5.77006 5.77006 5.77006 5.77006 5.77006 5.77006 5.77006 5.77006 5.77006 5.77006 5 5.77006 5 5.77006 5 5.77006 5.77006 5.77006 5 5.77006 5 5.77006 5 5.77006 5 5.77006 5 5.77006 5.77004 5.77006 5.77004 5.77004 5.77004 5.77004 5 5.77004 5 5.77004 5.77004 5.77004 5.77004 5.77004 5.77004 5.77004 5.77004 5.77004 5.77004
5 5.77004 5 5.77004 5 5.77004 5 5.77004 5.77004 5 5.77004 5.77004 5.77004 5.77004 5 5.77004 5.77004 5.77004 5 5.77004 5.77004 5.77004 5.77004 5 5.77004 5.77004 5.77004 5.77004 5.77004 5.77004 5.77004 5.77004 5.77004 5.77004 5.77004 5.77004 5.77004 5.77004 5.77004 5.77004 5.77004 5.77004 5.77004 5.77004 5.77004 5.77004 5.77004 5.77004 5.77004 5.77004 5.77004 5.77004 5.77004 5.77004 5.77004 5 5.77004 5 5.77004 5 5.77004 5.77004 5.77004 5.77004 5.77004 5 5.77004 5 5.77004 5 5.77004 5 5.77004 5
5.77004 5.77004 5.77004 5.77004 5.77004 5.77004 5.77004 5.77004 5 5.77004 5.77004 5 5.77004 5 5.77004 5.77004 5 5.77004 5.77004 5.77004 5 5.77004 5 5.77004 5.77004 5 5.77004 5 5.77004 5 5.77004 5 5.77004 5 5.77004 5 5.77004 5 5.77004 5 5.77004 5 5.77004 5 5.77004 5 5.77004 5 5.77004 5 5.77004 5 5.77004 5 5.77004 5.77004 5.77004 5.77004 5.77004 5.77004 5.77004 5 5.77004 5 5.77004 5.77004 5.77004 5.77004 5.77004 5.77004 5.77004 5.77004 5.77004 5.77004
5.77004 5 5.77004 5 5.77004 5 5.77004 5 5.77004 5.77004 5 5.77004 5.77004 5.77004 5.77004 5 5.77004 5.77004 5 5.77004 5.77004 5.77004 5.77004 5.77004 5 5.77004 5.77004 5.77004 5.77004 5.77004 5.77004 5.77004 5.77004 5.77004 5.77004 5.77004 5.77004 5.77004 5.77004 5.77004 5.77004 5.77004 5.77004 5.77004 5.77004 5.77004 5.77004 5.77004 5.77004 5.77004 5.77004 5.77004 5.77004 5.77004 5.77004 5 5.77004 5 5.77004 5 5.77004 5.77004 5.77004 5.77004 5.77004 5 5.77004 5 5.77004 5 5.77004 5 5.77004 5
5.77004 5.77004 5.77004 5.77004 5.77004 5.77004 5.77004 5.77004 5.77004 5 5.77004 5.77004 5 5.77004 5 5.77004 5.77004 5 5.77004 5.77004 5 5.77004 5 5.77004 5.77004 5.77004 5 5.77004 5 5.77004 5 5.77004 5 5.77004 5 5.77004 5 5.77004 5 5.77004 5 5.77004 5 5.77004 5 5.77004 5 5.77004 5 5.77004 5 5.77004 5 5.77004 5 5.77004 5.77004 5.77004 5.77004 5.77004 5.77004 5 5.77004 5 5.77004 5.77004 5.77004 5.77004 5.77004 5.77004 5.77004 5.77004 5.77004 5.77004
5 5.77004 5 5.77004 5 5.77004 5 5.77004 5 5.77004 5.77004 5 5.77004 5.77004 5.77004 5.77004 5 5.77004 5.77004 5 5.77004 5.77004 5.77004 5.76991 4.99968 5.76966 5.77004 5.77004 5.77004 5.77004 5.77004 5.77004 5.77004 5.77004 5.77004 5.77004 5.77004 5.77004 5.77004 5.77004 5.77004 5.77004 5.77004 5.77004 5.77004 5.77004 5.77004 5.77004 5.77004 5.77004 5.77004 5.77004 5.77004 5.77004 5.77004 5.77004 5 5.77004 5 5.77004 5 5.77004 5.77004 5.77004 5.77004 5 5.77004 5 5.77004 5 5.77004 5 5.77004 5
5.77004 5.77004 5.77004 5.77004 5.77004 5.77004 5.77004 5.77004 5.77004 5.77004 5 5.77004 5.77004 5 5.77004 5 5.77004 5.77004 5 5.77004 5.77004 5 5.77004 4.99979 6.15768 5.76976 5 5.77004 5 5.77004 5 5.77004 5 5.77004 5 5.77004 5 5.77004 5 5.77004 5 5.77004 5 5.77004 5 5.77004 5 5.77004 5 5.77004 5 5.77004 5 5.77004 5 5.77004 5.77004 5.77004 5.77004 5.77004 5.77004 5.77004 5 5.77004 5.77004 5.77004 5.77004 5.77004 5.77004 5.77004 5.77004 5.77004 5.77004 5.77004
5.77004 5 5.77004 5 5.77004 5 5.77004 5 5.77004 5 5.77004 5.77004 5 5.77004 5.77004 5.77004 5.77004 5 5.77004 5.77004 5 5.77004 5.77004 5.76992 5.76983 5.76992 5.77004 5.77004 5.77004 5.77004 5.77004 5.77004 5.77004 5.77004 5.77004 5.77004 5.77004 5.77004 5.77004 5.77004 5.77004 5.77004 5.77004 5.77004 5.77004 5.77004 5.77004 5.77004 5.77004 5.77004 5.77004 5.77004 5.77004 5.77004 5.77004 5.77004 5 5.77004 5 5.77004 5 5.77004 5.77004 5.77004 5 5.77004 5 5.77004 5 5.77004 5 5.77004 5 5.77004
5.77004 5.77004 5.77004 5.77004 5.77004 5.77004 5.77004 5.77004 5.77004 5.77004 5.77004 5 5.77004 5.77004 5 5.77004 5 5.77004 5.77004 5 5.77004 5.77004 5 5.77004 5 5.77004 5 5.77004 5 5.77004 5 5.77004 5 5.77004 5 5.77004 5 5.77004 5 5.77004 5 5.77004 5 5.77004 5 5.77004 5 5.77004 5 5.77004 5 5.77004 5 5.77004 5 5.77004 5.77004 5.77004 5.77004 5.77004 5.77004 5.77004 5 5.77004 5.77004 5.77004 5.77004 5.77004 5.77004 5.77004 5.77004 5.77004 5.77004 5.77004
