tests/full-run-ref/erosion_81_12_73.110.asc
ncols 512
nrows 512
xllcorner -3.24582
yllcorner -4.08743
cellsize 5
NODATA_value -99999
[rows 165 to 197 of 512, columns 0 to 73 of 512]
13.16 8.16007 5.77006 5.77006 5.77006 5.77006 5.77006 5.77006 5.77006 5.77006 4.99999 5.77004 5 5.77004 5 5.77006 5.77006 5.77006 5.77006 5.77006 5.77006 5.77006 5.77006 5.77006 5 5.77006 5 5.77006 5 5.77006 5 5.77006 5 5.77006 5 5.77006 5.77006 5.77006 5.77006 5.77006 5 5.77006 5.77006 5.77006 5.77006 5 5.77006 5.77006 5 5.77006 5.77006 5.77006 5.77004 5.77006 5.77004 5.77004 5.77004 5.77004 5.77004 5.77004 5.77004 5.77004 5.77004 5.77004 5.77004 5.77004 5.77004 5.77004 5.77004 5.77004 5.77004 5.77004 5.77004 5.77004
13.16 8.16007 5.77006 5.77004 5.77006 5 5.77006 5 5.77006 5.77001 5.77002 5.77004 5.77004 5.77004 5.77004 5.77006 5 5.77006 5 5.77006 5 5.77006 5 5.77006 5.77006 5.77006 5.77006 5.77006 5.77006 5.77006 5.77006 5.77006 5.77006 5.77006 5.77006 5.77006 5 5.77006 5 5.77006 5.77006 5.77006 5 5.77006 5.77006 5.77006 5.77006 5.77006 5.77006 5.77006 5 5.77004 5 5.77004 5 5.77004 5 5.77004 5 5.77004 5 5.77004 5 5.77004 5 5.77004 5 5.77004 5 5.77004 5 5.77004 5 5.77004
10.77 5.77004 5.77004 5.77004 5.77004 5.77006 5.77006 5.77006 5.77006 4.99999 5.77003 5 5.77004 5 5.77004 5.77004 5.77006 5.77006 5.77006 5.77006 5.77006 5.77006 5.77006 5.77006 5 5.77006 5 5.77006 5 5.77006 5 5.77006 5 5.77006 5 5.77006 5.77006 5.77006 5.77006 5.77006 5 5.77006 5.77006 5.77006 5 5.77006 5.77006 5 5.77006 5.77006 5.77006 5.77004 5.77004 5.77004 5.77004 5.77004 5.77004 5.77004 5.77004 5.77004 5.77004 5.77004 5.77004 5.77004 5.77004 5.77004 5.77004 5.77004 5.77004 5.77004 5.77004 5.77004 5.77004 5.77004
13.16 8.16006 5.77003 5.77004 4.99998 5.76999 4.99995 5.76998 5.77004 5.77 5.77002 5.77004 5.77004 5.77003 5.77004 5.77006 5.77006 5 5.77006 5 5.77006 5 5.77006 5.77006 5.77006 5.77006 5.77006 5.77006 5.77006 5.77006 5.77006 5.77006 5.77006 5.77006 5.77006 5.77006 5 5.77006 5 5.77006 5.77006 5.77006 5 5.77006 5.77006 5.77006 5.77006 5.77006 5.77006 5 5.77004 5 5.77004 5 5.77004 5 5.77004 5 5.77004 5 5.77004 5 5.77004 5 5.77004 5 5.77004 5 5.77004 5 5.77004 5 5.77004 5
10.77 5 5.77004 5.77002 5.77002 5.77003 5.77002 5.77002 5.77002 5.77002 4.99999 5.77004 4.99999 5.77003 4.99999 5.77006 5.77006 5.77006 5.77006 5.77006 5.77006 5.77006 5.77006 5 5.77006 5 5.77006 5 5.77006 5 5.77006 5 5.77006 5 5.77006 5.77006 5.77006 5.77006 5.77006 5.77006 5 5.77006 5.77006 5.77006 5 5.77006 5 5.77006 5.77004 5.77006 5.77004 5.77004 5.77004 5.77004 5.77004 5.77004 5.77004 5.77004 5.77004 5.77004 5.77004 5.77004 5.77004 5.77004 5.77004 5.77004 5.77004 5.77004 5.77004 5.77004 5.77004 5.77004 5.77004 5.77004
10.77 5.77002 5.77004 5.77003 5 5.77002 5 5.77 5.77004 4.99999 5.77001 5.77004 5.77004 5.77002 5.77003 5.77006 5 5.77006 5 5.77006 5 5.77006 5.77006 5.77006 5.77006 5.77006 5.77006 5.77006 5.77006 5.77006 5.77006 5.77006 5.77006 5.77006 5.77006 5 5.77006 5 5.77006 5.77006 5.77006 5.77006 5 5.77006 5.77006 5.77006 5.77006 5.77006 5 5.77004 5 5.77004 5 5.77004 5 5.77004 5 5.77004 5 5.77004 5 5.77004 5 5.77004 5 5.77004 5 5.77004 5 5.77004 5 5.77004 5 5.77004
10.77 5 5.77004 5.77003 5.77002 5.77002 5.77002 5.77001 5.77001 5.77002 5.77004 4.99998 5.77002 4.99999 5.77004 5 5.77006 5.77006 5.77006 5.77006 5.77006 5.77006 5 5.77006 5 5.77006 5 5.77006 5 5.77006 5 5.77006 5 5.77006 5.77006 5.77006 5.77006 5.77006 5.77006 5 5.77006 5.77006 5.77006 5.77006 5 5.77006 5 5.77004 5.77004 5.77004 5.77004 5.77004 5.77004 5.77004 5.77004 5.77004 5.77004 5.77004 5.77004 5.77004 5.77004 5.77004 5.77004 5.77004 5.77004 5.77004 5.77004 5.77004 5.77004 5.77004 5.77004 5.77004 5.77004 5.77004
10.77 5.77002 5.77004 5.77003 4.99999 5.77002 5.77002 5.77002 5.77002 5.77003 5.77002 5.77002 5.77002 5.77002 5.77002 5.77006 5.77006 5 5.77006 5 5.77006 5.77006 5.77006 5.77006 5.77006 5.77006 5.77006 5.77006 5.77006 5.77006 5.77006 5.77006 5.77006 5.77006 5 5.77006 5 5.77006 5.77006 5.77006 5.77006 5 5.77006 5.77006 5.77006 5.77006 5.77006 5.77006 5 5.77004 5 5.77004 5 5.77004 5 5.77004 5 5.77004 5 5.77004 5 5.77004 5 5.77004 5 5.77004 5 5.77004 5 5.77004 5 5.77004 5 5.77004
10.77 5 5.77004 5.77004 5.77004 5.77002 4.99999 5.77002 5 5.77002 5 5.77002 5 5.77002 4.99997 5.77006 5.77006 5.77006 5.77006 5.77006 5.77006 5 5.77006 5 5.77006 5 5.77006 5 5.77006 5 5.77006 5 5.77006 5.77006 5.77006 5.77006 5.77006 5.77006 5 5.77006 5.77006 5.77006 5.77006 5 5.77006 5 5.77006 5.77004 5.77006 5.77004 5.77004 5.77004 5.77004 5.77004 5.77004 5.77004 5.77004 5.77004 5.77004 5.77004 5.77004 5.77004 5.77004 5.77004 5.77004 5.77004 5.77004 5.77004 5.77004 5.77004 5.77004 5.77004 5.77004 5.77004
10.77 5.77002 5.77004 5.77004 5 5.77004 5.77003 5.77004 5.77003 5.77002 5.77002 5.77003 5.77002 5.77003 5.76999 5.77006 5 5.77006 5 5.77006 5.77006 5.77006 5.77006 5.77006 5.77006 5.77006 5.77006 5.77006 5.77006 5.77006 5.77006 5.77006 5.77006 5 5.77006 5 5.77006 5.77006 5.77006 5.77006 5 5.77006 5.77006 5.77006 5.77006 5.77006 5.77006 5.77006 5.77006 5.77006 5 5.77004 5 5.77004 5 5.77004 5 5.77004 5 5.77004 5 5.77004 5 5.77004 5 5.77004 5 5.77004 5 5.77004 5 5.77004 5 5.77004
11.54 5.77002 5.77004 5.76919 5.75754 5.77004 5 5.77004 4.99999 5.77002 5 5.77002 5 5.77002 4.99997 5.77006 5.77006 5.77006 5.77006 5.77006 5 5.77006 5 5.77006 5 5.77006 5 5.77006 5 5.77006 5 5.77006 5.77006 5.77006 5.77006 5.77006 5.77006 5 5.77006 5.77006 5.77006 5.77006 5 5.77006 5 5.77006 5 5.77006 5 5.77006 5.77006 5.77004 5.77006 5.77004 5.77004 5.77004 5.77004 5.77004 5.77004 5.77004 5.77004 5.77004 5.77004 5.77004 5.77004 5.77004 5.77004 5.77004 5.77004 5.77004 5.77004 5.77004 5.77004 5.77004
13.93 8.16001 5 6.1555 4.9913 5.77004 5.77004 5.77003 5.77002 5.77003 5.77002 5.77002 5.77002 5.77002 5.77002 5.77006 5 5.77006 5 5.77006 5.77006 5.77006 5.77006 5.77006 5.77006 5.77006 5.77006 5.77006 5.77006 5.77006 5.77006 5.77006 5 5.77006 5 5.77006 5.77006 5.77006 5.77006 5 5.77006 5.77006 5.77006 5.77006 5.77006 5.77006 5.77006 5.77006 5.77006 5.77006 5.77006 5.77006 5.77006 5.77006 5 5.77004 5 5.77004 5 5.77004 5 5.77004 5 5.77004 5 5.77004 5 5.77004 5 5.77004 5 5.77004 5 5.77004
16.32 10.77 5.77002 5.71515 5.72281 5.77004 5 5.77003 4.99999 5.77002 4.99999 5.77002 5 5.77002 4.99995 5.77006 5.77006 5.77006 5.77006 5.77006 5 5.77006 5 5.77006 5 5.77006 5 5.77006 5 5.77006 5 5.77006 5.77006 5.77006 5.77006 5.77006 5 5.77006 5.77006 5.77006 5.77006 5 5.77006 5 5.77006 5 5.77006 5 5.77006 5 5.77006 5 5.77006 5.77004 5.77004 5.77004 5.77004 5.77004 5.77004 5.77004 5.77004 5.77004 5.77004 5.77004 5.77004 5.77004 5.77004 5.77004 5.77004 5.77004 5.77004 5.77004 5.77004 5.77004
16.54 10.77 5.77002 5.77004 5 5.77004 5.77004 5.77002 5.77002 5.77003 5.77001 5.77002 5.77002 5.77002 5.76999 5.77006 5 5.77006 5 5.77006 5.77006 5.77006 5.77006 5.77006 5.77006 5.77006 5.77006 5.77006 5.77006 5.77006 5.77006 5.77006 5 5.77006 5 5.77006 5.77006 5.77006 5 5.77006 5.77006 5.77006 5.77006 5.77006 5.77006 5.77006 5.77006 5.77006 5.77006 5.77006 5.77006 5.77006 5.77006 5.77006 5 5.77004 5 5.77004 5 5.77004 5 5.77004 5 5.77004 5 5.77004 5 5.77004 5 5.77004 5 5.77004 5 5.77004
16.54 10.77 5 5.77004 5.77004 5.77004 5.77001 5.77002 5 5.77002 4.99999 5.77002 5 5.77002 4.99995 5.77006 5.77006 5.77006 5.77006 5.77006 5 5.77006 5 5.77006 5 5.77006 5 5.77006 5 5.77006 5 5.77006 5.77006 5.77006 5.77006 5.77006 5 5.77006 5.77006 5.77006 5 5.77006 5 5.77006 5 5.77006 5 5.77006 5 5.77006 5 5.77006 5 5.77006 5.77004 5.77004 5.77004 5.77004 5.77004 5.77004 5.77004 5.77004 5.77004 5.77004 5.77004 5.77004 5.77004 5.77004 5.77004 5.77004 5.77004 5.77004 5.77004 5.77004
16.54 10.77 5.77002 5.77004 5.77004 5.77004 5.77003 5 5.77002 5.77002 5.77002 5.77002 5.77002 5.77002 5.77002 5.77006 5 5.77006 5 5.77006 5.77006 5.77006 5.77006 5.77006 5.77006 5.77006 5.77006 5.77006 5.77006 5.77006 5.77006 5.77006 5 5.77006 5 5.77006 5.77006 5.77006 5 5.77006 5.77006 5.77006 5.77006 5.77006 5.77006 5.77006 5.77006 5.77006 5.77006 5.77006 5.77006 5.77006 5.77006 5.77006 5.77006 5 5.77004 5 5.77004 5 5.77004 5 5.77004 5 5.77004 5 5.77004 5 5.77004 5 5.77004 5 5.77004 5
16.54 10.77 5 5.77004 5 5.77004 5.77002 5.77002 5.77002 5 5.77002 5 5.77002 5 5.77001 5 5.77006 5.77006 5.77006 5.77006 5 5.77006 5 5.77006 5 5.77006 5 5.77006 5 5.77006 5 5.77006 5.77006 5.77006 5.77006 5.77006 5 5.77006 5.77006 5.77006 5 5.77006 5 5.77006 5 5.77006 5 5.77006 5 5.77006 5 5.77006 5 5.77006 5.77004 5.77004 5.77004 5.77004 5.77004 5.77004 5.77004 5.77004 5.77004 5.77004 5.77004 5.77004 5.77004 5.77004 5.77004 5.77004 5.77004 5.77004 5.77004 5.77004
16.54 10.77 5.77002 5.77004 5.77004 5.77004 5.77002 5 5.77003 5.77002 5.77002 5.77002 5.77002 5.77002 5.77003 5.77006 5.77006 5 5.77006 5.77006 5.77006 5.77006 5.77006 5.77006 5.77006 5.77006 5.77006 5.77006 5.77006 5.77006 5.77006 5.77006 5 5.77006 5 5.77006 5.77006 5.77006 5 5.77006 5.77006 5.77006 5.77006 5.77006 5.77006 5.77006 5.77006 5.77006 5.77006 5.77006 5.77006 5.77006 5.77006 5.77006 5.77006 5.77006 5 5.77004 5 5.77004 5 5.77004 5 5.77004 5 5.77004 5 5.77004 5 5.77004 5 5.77004 5 5.77004
16.5399 10.7699 5 5.77004 5.77004 5 5.77003 5.77002 5.77001 5 5.77002 5 5.77002 4.99999 5.77001 5 5.77003 5.77006 5.77006 5 5.77006 5 5.77006 5 5.77006 5 5.77006 5 5.77006 5 5.77006 5.77006 5.77006 5.77006 5.77006 5.77006 5 5.77006 5.77006 5.77006 5 5.77006 5 5.77006 5 5.77006 5 5.77006 5 5.77006 5 5.77006 5 5.77006 5 5.77006 5.77004 5.77006 5.77004 5.77004 5.77004 5.77004 5.77004 5.77004 5.77004 5.77004 5.77004 5.77004 5.77004 5.77004 5.77004 5.77004 5.77004 5.77004
16.5399 10.7699 5.77002 5.77004 5.77004 5.77004 5.77003 5.77002 5 5.77002 5.77002 5.77002 5.77002 5.77002 5.77003 5.77006 5.77006 5.77006 5.77006 5.77006 5.77006 5.77006 5.77006 5.77006 5.77006 5.77006 5.77006 5.77006 5.77006 5.77006 5.77006 5 5.77006 5 5.77006 5.77006 5.77006 5.77006 5 5.77006 5.77006 5.77006 5.77006 5.77006 5.77006 5.77006 5.77006 5.77006 5.77006 5.77006 5.77006 5.77006 5.77006 5.77006 5.77006 5.77006 5.77006 5.77006 5.77006 5.77006 5 5.77006 5.77004 5.77006 5 5.77004 5 5.77004 5 5.77004 5 5.77004 5 5.77004
16.5399 10.7699 5 5.77003 5.77002 5.77004 5.77001 5.77002 5.77002 5.77003 5 5.77003 5 5.77002 4.99999 5.77002 5 5.77006 5 5.77006 5 5.77006 5 5.77006 5 5.77006 5 5.77006 5 5.77006 5.77006 5.77006 5.77006 5.77006 5.77006 5 5.77006 5.77006 5.77006 5.77006 5 5.77006 5 5.77006 5 5.77006 5 5.77006 5 5.77006 5 5.77006 5 5.77006 5 5.77006 5 5.77006 5 5.77006 5.77006 5.77006 5 5.77006 5.77006 5.77004 5.77004 5.77004 5.77004 5.77004 5.77004 5.77004 5.77004 5.77004
16.3199 10.7699 5.77002 5.77004 5.77001 5 5.77004 4.99999 5.77002 5 5.77002 5.77002 5.77002 5.77001 5.77002 5.77006 5.77006 5.77006 5.77006 5.77006 5.77006 5.77006 5.77006 5.77006 5.77006 5.77006 5.77006 5.77006 5.77006 5.77006 5 5.77006 5 5.77006 5.77006 5.77006 5.77006 5 5.77006 5.77006 5.77006 5.77006 5.77006 5.77006 5.77006 5.77006 5.77006 5.77006 5.77006 5.77006 5.77006 5.77006 5.77006 5.77006 5.77006 5.77006 5.77006 5.77006 5.77006 5.77006 5 5.77006 5.77006 5.77006 5 5.77006 5 5.77004 5 5.77004 5 5.77004 5 5.77004
13.16 8.15988 5.77002 5 5.77002 5.77002 5.77003 5.77001 5.77003 5.77002 5.77002 5 5.77002 4.99997 5.77006 5 5.77006 5 5.77006 5 5.77006 5 5.77006 5 5.77006 5 5.77006 5 5.77006 5.77006 5.77006 5.77006 5.77006 5.77006 5 5.77006 5.77006 5.77006 5.77006 5 5.77006 5 5.77006 5 5.77006 5 5.77006 5 5.77006 5 5.77006 5 5.77006 5 5.77006 5 5.77006 5 5.77006 5.77006 5.77006 5.77006 5 5.77006 5.77006 5.77004 5.77004 5.77004 5.77004 5.77004 5.77004 5.77004 5.77004 5.77004
10.77 5.77002 5 5.77004 5.77004 4.99999 5.77002 5 5.77002 5 5.77002 5.77002 5.77002 5.77 5.77002 5.77006 5.77006 5.77006 5.77006 5.77006 5.77006 5.77006 5.77006 5.77006 5.77006 5.77006 5.77006 5.77006 5.77006 5 5.77006 5 5.77006 5.77006 5.77006 5.77006 5 5.77006 5.77006 5.77006 5.77006 5.77006 5.77006 5.77006 5.77006 5.77006 5.77006 5.77006 5.77006 5.77006 5.77006 5.77006 5.77006 5.77006 5.77006 5.77006 5.77006 5.77006 5.77006 5 5.77006 5.77006 5.77006 5.77006 5 5.77006 5 5.77004 5 5.77004 5 5.77004 5 5.77004
13.16 8.15993 5.77002 5.77003 5.77004 5.77003 5.77002 5.77002 5.77003 5.77002 5.77002 4.99999 5.77003 5 5.77003 5 5.77006 5 5.77006 5 5.77006 5 5.77006 5 5.77006 5 5.77006 5 5.77006 5.77006 5.77006 5.77006 5.77006 5.77006 5 5.77006 5.77006 5.77006 5 5.77006 5 5.77006 5 5.77006 5 5.77006 5 5.77006 5 5.77006 5 5.77006 5 5.77006 5 5.77006 5 5.77006 5.77006 5.77006 5.77006 5 5.77006 5.77006 5.77006 5.77004 5.77004 5.77004 5.77004 5.77004 5.77004 5.77004 5.77004 5.77004
13.16 8.15993 5 5.77004 5.77004 5.77001 5 5.77002 5 5.77002 5 5.77002 5.77002 5.77002 5.76999 5.77005 5.77006 5.77006 5.77006 5.77006 5.77006 5.77006 5.77006 5.77006 5.77006 5.77006 5.77006 5.77006 5.77006 5 5.77006 5 5.77006 5.77006 5.77006 5.77006 5 5.77006 5.77006 5.77006 5.77006 5.77006 5.77006 5.77006 5.77006 5.77006 5.77006 5.77006 5.77006 5.77006 5.77006 5.77006 5.77006 5.77006 5.77006 5.77006 5.77006 5.77006 5 5.77006 5.77006 5.77006 5.77006 5 5.77006 5.77006 5 5.77004 5 5.77004 5 5.77004 5 5.77004
10.77 5.77002 5.77002 5.77004 5.77003 5.77004 5.77002 5.77002 5.77002 5.77003 5.77002 5.77002 4.99999 5.77003 4.99997 5.77005 5 5.77006 5 5.77006 5 5.77006 5 5.77006 5 5.77006 5 5.77006 5.77006 5.77006 5.77006 5.77006 5.77006 5 5.77006 5.77006 5.77006 5.77006 5 5.77006 5 5.77006 5 5.77006 5 5.77006 5 5.77006 5 5.77006 5 5.77006 5 5.77006 5 5.77006 5 5.77006 5.77006 5.77006 5 5.77006 5.77006 5.77006 5.77006 5.77004 5.77004 5.77004 5.77004 5.77004 5.77004 5.77004 5.77004 5.77004
10.77 5.77002 5 5.77004 5.77004 5.77003 4.99999 5.77002 5 5.77002 5 5.77002 5.77002 5.77002 5.77 5.77005 5.77006 5.77006 5.77006 5.77006 5.77006 5.77006 5.77006 5.77006 5.77006 5.77006 5.77006 5.77006 5 5.77006 5 5.77006 5.77006 5.77006 5.77006 5 5.77006 5.77006 5.77006 5.77006 5.77006 5.77006 5.77006 5.77006 5.77006 5.77006 5.77006 5.77006 5.77006 5.77006 5.77006 5.77006 5.77006 5.77006 5.77006 5.77006 5.77006 5.77006 5 5.77006 5.77006 5.77006 5 5.77006 5 5.77004 5 5.77004 5 5.77004 5 5.77004 5 5.77004
13.16 8.15993 5.77002 5.77004 5.77004 5.77003 5.77002 5.77002 5.77002 5.77002 5.77002 5.77002 5.77003 5 5.77003 4.99999 5.77006 5 5.77006 5 5.77006 5 5.77006 5 5.77006 5 5.77006 5.77006 5.77006 5.77006 5.77006 5.77006 5 5.77006 5.77006 5.77006 5.77006 5 5.77006 5 5.77006 5 5.77006 5 5.77006 5 5.77006 5 5.77006 5 5.77006 5 5.77006 5 5.77006 5 5.77006 5.77006 5.77006 5.77006 5 5.77006 5.77006 5.77004 5.77004 5.77004 5.77004 5.77004 5.77004 5.77004 5.77004 5.77004 5.77004 5.77004
13.16 8.15993 5 5.77004 5.77004 4.99999 5.77002 5 5.77002 5 5.77002 5 5.77002 5.77002 5.77 5.77005 5.77006 5.77006 5.77006 5.77006 5.77006 5.77006 5.77006 5.77006 5.77006 5.77006 5.77006 5 5.77006 5 5.77006 5.77006 5.77006 5.77006 5 5.77006 5.77006 5.77006 5.77006 5.77006 5.77006 5.77006 5.77006 5.77006 5.77006 5.77006 5.77006 5.77006 5.77006 5.77006 5.77006 5.77006 5.77006 5.77006 5.77006 5.77006 5.77006 5 5.77006 5.77006 5.77006 5.77006 5.77006 5.77006 5 5.77004 5 5.77004 5 5.77004 5 5.77004 5 5.77004
10.77 5.77002 5.77002 5.77004 5.77002 5.77003 5.77002 5.77003 5.77001 5.77001 5.77002 5.77002 5.77002 5.77003 4.99997 5.77005 5 5.77006 5 5.77006 5 5.77006 5 5.77006 5 5.77006 5.77006 5.77006 5.77006 5.77006 5.77006 5 5.77006 5.77006 5.77006 5.77006 5 5.77006 5 5.77006 5 5.77006 5 5.77006 5 5.77006 5 5.77006 5 5.77006 5 5.77006 5 5.77006 5 5.77006 5.77006 5.77006 5.77006 5 5.77006 5 5.77006 5.77006 5.77004 5.77004 5.77004 5.77004 5.77004 5.77004 5.77004 5.77004 5.77004 5.77004
10.77 5 5.77004 5.77004 5.77004 5.77004 5.77004 5 5.77004 5 5.77002 5 5.77002 5.77002 5.77 5.77003 5.77006 5.77006 5.77006 5.77006 5.77006 5.77006 5.77006 5.77006 5.77006 5.77006 5 5.77006 5 5.77006 5.77006 5.77006 5.77006 5 5.77006 5.77006 5.77006 5.77006 5.77006 5.77006 5.77006 5.77006 5.77006 5.77006 5.77006 5.77006 5.77006 5.77006 5.77006 5.77006 5.77006 5.77006 5.77006 5.77006 5.77006 5.77006 5 5.77006 5.77006 5.77006 5.77006 5.77006 5.77006 5 5.77006 5 5.77004 5 5.77004 5 5.77004 5 5.77004 5
10.77 5.77002 5.77004 5.77004 5.77004 4.99999 5.77001 5.77001 5.77001 5.77001 5.77002 5.77002 5.77002 5 5.77002 4.99999 5.77006 5 5.77006 5 5.77006 5 5.77006 5 5.77006 5.77006 5.77006 5.77006 5.77006 5.77006 5 5.77006 5.77006 5.77006 5.77006 5 5.77006 5 5.77006 5 5.77006 5 5.77006 5 5.77006 5 5.77006 5 5.77006 5 5.77006 5 5.77006 5 5.77006 5.77006 5.77006 5.77006 5 5.77006 5 5.77006 5.77006 5.77006 5.77004 5.77004 5.77004 5.77004 5.77004 5.77004 5.77004 5.77004 5.77004 5.77004
