tests/full-run-ref/erosion_2010_78_24_-72.835.asc
ncols 512
nrows 512
xllcorner -3.24582
yllcorner -4.08743
cellsize 5
NODATA_value -99999
[rows 0 to 30 of 512, columns 140 to 209 of 512]
19.3181 19.3181 19.3181 19.3181 19.3181 19.3181 19.3181 19.3181 19.3181 19.3181 19.3181 19.3181 19.3181 19.3181 19.3181 19.3181 19.3181 19.3181 19.3181 19.3181 19.3181 19.3181 19.3181 19.3181 19.3181 18.9743 18.3848 18.6705 19.8655 21.0605 22.2555 22.6981 22.6981 22.6981 22.6981 22.6981 22.6981 22.6981 22.6981 22.6981 22.6981 22.4648 21.2698 21.5555 22.7505 23.9455 25.0881 25.0881 25.0881 25.0881 24.48 23.285 20.4 19.205 18.01 16.32 15.125 12.24 11.045 9.85 8.655 8.655 8.655 8.65499 9.85 11.045 12.24 15.125 16.32 15.125
16.4331 16.4331 16.4331 16.4331 16.4331 16.4331 16.4331 16.4331 16.4331 16.4331 16.4331 16.4331 16.4331 16.4331 16.4331 16.4331 16.4331 16.4331 16.4331 16.4331 16.4331 16.4331 16.4331 16.4331 16.4331 16.0893 15.4998 15.7855 16.9805 18.1755 19.3705 19.8131 19.8131 19.8131 19.8131 19.8131 19.8131 19.8131 19.8131 19.8131 19.8131 19.5798 18.3848 18.6705 19.8655 21.0605 22.2031 22.2031 22.2031 22.2031 21.8593 20.4 19.205 16.32 15.125 13.93 12.24 11.045 8.16001 6.965 5.76999 5.77 5.76999 5.76999 6.96499 8.16 11.045 12.24 15.125 12.24
13.5481 13.5481 13.5481 13.5481 13.5481 13.5481 13.5481 13.5481 13.5481 13.5481 13.5481 13.5481 13.5481 13.5481 13.5481 13.5481 13.5481 13.5481 13.5481 13.5481 13.5481 13.5481 13.5481 13.5481 13.5481 13.2043 12.6148 12.9005 14.0955 15.2905 16.4855 16.9281 16.9281 16.9281 16.9281 16.9281 16.9281 16.9281 16.9281 16.9281 16.9281 16.6948 15.4998 15.7855 16.9805 18.1755 19.3181 19.3181 19.3181 19.3181 18.9743 18.6218 16.32 15.125 12.24 11.045 9.85 8.16001 6.965 4.08 2.88501 2.88501 2.88501 2.88501 4.07999 6.96499 8.16001 11.045 12.24 11.045
10.8865 10.8865 10.8865 10.8865 10.8865 10.8865 10.8865 10.8865 10.8865 10.8865 10.8865 10.8865 10.8865 10.8865 10.8865 10.8865 10.8865 10.8865 10.8865 10.8865 10.8865 10.8865 10.8865 10.8865 10.8865 10.7506 9.72981 10.0155 11.2105 12.4055 14.0431 14.0431 14.0431 14.0431 14.0431 14.0431 14.0431 14.0431 14.0431 14.0431 14.0431 13.8098 12.6148 12.9005 14.0955 15.2905 16.4331 16.4331 16.4331 16.4331 16.0893 15.7368 15.125 12.24 11.045 8.16001 6.965 5.77 4.08001 2.88501 2.88501 2.88501 2.88501 2.88501 2.88501 4.08 6.965 9.85 11.045 8.16001
8.27307 8.27307 8.27307 8.27307 8.27307 8.27307 8.27307 8.27307 8.27307 8.27307 8.27307 8.27307 8.27307 8.27307 8.27307 8.27307 8.27307 8.27307 8.27307 8.27307 8.27307 8.27307 8.27307 8.27307 8.27307 8.03982 6.84481 7.13048 8.32549 10.6649 11.1581 11.1581 11.1581 11.1581 11.1581 11.1581 11.1581 11.1581 11.1581 11.1581 11.1581 10.9248 9.72982 10.0155 11.2105 12.4055 13.5481 13.5481 13.5481 13.5481 13.2043 12.8518 13.93 11.045 8.16001 6.965 4.08 2.88501 2.88501 2.88501 2.88501 2.88501 2.88501 2.88501 2.88501 2.88501 5.77 8.655 9.85 6.965
5.38807 5.38807 5.38807 5.38807 5.38807 5.38807 5.38807 5.38807 5.38807 5.38807 5.38807 5.38807 5.38807 5.38807 5.38807 5.38807 5.38807 5.38807 5.38807 5.38807 5.38807 5.38807 5.38807 5.38807 5.38807 5.15482 3.95981 4.24548 6.80158 7.96788 8.27308 8.27308 8.27308 8.27308 8.27308 8.27308 8.27308 8.27308 8.27308 8.27308 8.27308 8.03982 6.84482 7.13048 8.32549 10.6631 10.6631 10.6631 10.6631 10.6631 10.3193 9.96684 11.1618 9.85001 6.96501 4.08001 2.88501 2.88501 2.88501 2.88501 2.88501 2.88501 2.88501 2.88501 2.88501 2.88501 5.77 8.655 8.655 5.77
2.88505 2.88505 2.88505 2.88505 2.88505 2.88505 2.88505 2.88505 2.88505 2.88505 2.88505 2.88505 2.88513 2.88514 2.88514 2.88514 2.88514 2.88514 2.88514 2.88514 2.88514 2.88514 2.88514 2.88514 2.88514 2.88514 2.88514 2.88514 4.08001 5.29005 5.38808 5.38808 5.38808 5.38808 5.38808 5.38808 5.38808 5.38808 5.38808 5.38808 5.38808 5.15483 3.95982 4.24548 6.96501 8.0015 8.0015 8.0015 8.0015 8.0015 7.86561 7.08184 8.27684 8.16002 5.77 2.88501 2.88501 2.88501 2.88501 2.88501 2.88501 2.88501 2.88501 2.88501 2.88501 2.88501 5.77001 8.27969 8.27967 6.96501
2.88505 2.88505 2.88505 2.88505 2.88505 2.88505 2.88505 2.88505 2.88505 2.88505 2.88505 2.88505 2.88513 2.88514 2.88514 2.88514 2.88514 2.88514 2.88514 2.88514 2.88514 2.88514 2.88514 2.88514 2.88514 2.88514 2.88514 2.88514 2.88514 2.88514 2.88513 2.88513 2.88513 2.88513 2.88513 2.88513 2.88513 2.88513 2.88513 2.88513 2.88513 2.88513 2.88513 2.88513 4.08001 5.38808 5.38808 5.38808 5.38808 5.38808 5.30383 4.19684 5.39184 6.96501 4.08001 2.88501 2.88501 2.88501 2.88501 2.88501 2.88501 2.88501 2.88501 2.88501 2.88501 4.08001 5.39469 5.39469 5.39467 4.60536
2.88505 2.88505 2.88505 2.88505 2.88505 2.88505 2.88505 2.88505 2.88505 2.88505 2.88505 2.88513 2.88513 2.88514 2.88514 2.88514 2.88514 2.88514 2.88514 2.88514 2.88514 2.88514 2.88514 2.88514 2.88514 2.88514 2.88514 2.88514 2.88514 2.88514 2.88514 2.88514 2.88514 2.88514 2.88514 2.88514 2.88514 2.88514 2.88514 2.88514 2.88514 2.88514 2.88514 2.88513 2.88513 2.88513 2.88513 2.88513 2.88513 2.88513 2.88513 2.88513 3.29382 4.08001 2.88501 2.88501 2.88501 2.88501 2.88501 2.88501 2.88501 2.88501 2.88501 2.88501 2.88501 2.88501 2.88501 2.88501 2.88501 2.88501
2.88505 2.88505 2.88505 2.88505 2.88505 2.88505 2.88505 2.88505 2.88505 2.88505 2.88513 2.88513 2.88514 2.88514 2.88514 2.88514 2.88514 2.88514 2.88514 2.88514 2.88514 2.88514 2.88514 2.88514 2.88514 2.88514 2.88514 2.88514 2.88514 2.88514 2.88514 2.88514 2.88514 2.88514 2.88514 2.88514 2.88514 2.88514 2.88514 2.88514 2.88514 2.88514 2.88514 2.88514 2.88514 2.88514 2.88514 2.88513 2.88513 2.88513 2.88513 2.88513 2.88514 2.88513 2.88501 2.88501 2.88501 2.88501 2.88501 2.88501 2.88501 2.88501 2.88501 2.88501 2.88501 2.88501 2.88501 2.88501 2.88501 2.88501
2.88505 2.88505 2.88505 2.88505 2.88505 2.88505 2.88505 2.88505 2.88505 2.88513 2.88513 2.88514 2.88514 2.88514 2.88514 2.88514 2.88514 2.88514 2.88514 2.88514 2.88514 2.88514 2.88514 2.88514 2.88514 2.88514 2.88514 2.88514 2.88514 2.88514 2.88514 2.88514 2.88514 2.88514 2.88514 2.88514 2.88514 2.88514 2.88514 2.88514 2.88514 2.88514 2.88514 2.88514 2.88514 2.88514 2.88513 2.88513 2.88513 2.88513 2.88513 2.88514 2.88514 2.88513 2.88501 2.88501 2.88501 2.88501 2.88501 2.88501 2.88501 2.88501 2.88501 2.88501 2.88501 2.88501 2.88501 2.88501 2.88501 2.88501
2.88505 2.88505 2.88505 2.88505 2.88505 2.88505 2.88505 2.88505 2.88513 2.88513 2.88514 2.88514 2.88514 2.88514 2.88514 2.88514 2.88514 2.88514 2.88514 2.88514 2.88514 2.88514 2.88514 2.88514 2.88514 2.88514 2.88514 2.88514 2.88514 2.88514 2.88514 2.88514 2.88514 2.88514 2.88514 2.88514 2.88514 2.88514 2.88514 2.88514 2.88514 2.88514 2.88514 2.88514 2.88514 2.88513 2.88513 2.88513 2.88513 2.88513 2.88514 2.88514 2.88514 2.88513 2.88513 2.88501 2.88501 2.88501 2.88501 2.88501 2.88501 2.88501 2.88501 2.88501 2.88501 2.88501 2.88501 2.88501 2.88501 2.88501
2.88505 2.88505 2.88505 2.88505 2.88505 2.88505 2.88505 2.88513 2.88513 2.88514 2.88514 2.88514 2.88514 2.88514 2.88514 2.88514 2.88514 2.88514 2.88514 2.88514 2.88514 2.88514 2.88514 2.88514 2.88514 2.88514 2.88514 2.88514 2.88514 2.88514 2.88514 2.88514 2.88514 2.88514 2.88514 2.88514 2.88514 2.88514 2.88514 2.88514 2.88514 2.88514 2.88514 2.88514 2.88513 2.88513 2.88513 2.88513 2.88513 2.88514 2.88514 2.88513 2.88514 2.88514 2.88513 2.88513 2.88514 2.88501 2.88501 2.88501 2.88501 2.88501 2.88501 2.88501 2.88501 2.88501 2.88501 2.88501 2.88501 2.88501
2.88505 2.88505 2.88505 2.88505 2.88505 2.88505 2.88513 2.88513 2.88514 2.88514 2.88514 2.88514 2.88514 2.88514 2.88514 2.88514 2.88514 2.88514 2.88514 2.88514 2.88514 2.88514 2.88514 2.88514 2.88514 2.88514 2.88514 2.88514 2.88514 2.88514 2.88514 2.88514 2.88514 2.88514 2.88514 2.88514 2.88514 2.88514 2.88514 2.88514 2.88514 2.88514 2.88514 2.88513 2.88513 2.88513 2.88513 2.88513 2.88513 2.88513 2.88513 2.88514 2.88514 2.88514 2.88514 2.88514 2.88514 2.88514 2.88514 2.88501 2.88501 2.88501 2.88501 2.88501 2.88501 2.88501 2.88501 2.88501 2.88501 2.88501
2.88505 2.88505 2.88505 2.88505 2.88505 2.88513 2.88513 2.88514 2.88514 2.88514 2.88514 2.88514 2.88514 2.88514 2.88514 2.88514 2.88514 2.88514 2.88514 2.88514 2.88514 2.88514 2.88514 2.88514 2.88514 2.88514 2.88514 2.88514 2.88514 2.88514 2.88514 2.88514 2.88514 2.88514 2.88514 2.88514 2.88514 2.88514 2.88514 2.88514 2.88514 2.88514 2.88513 2.88513 2.88513 2.88513 2.88513 2.88513 2.88513 2.88513 2.88513 2.88514 2.88514 2.88514 2.88514 2.88514 2.88514 2.88514 2.88501 2.88501 2.88501 2.88501 2.88501 2.88501 2.88501 2.88501 2.88501 2.88501 2.88501 2.88501
2.88505 2.88505 2.88505 2.88505 2.88513 2.88513 2.88514 2.88514 2.88514 2.88514 2.88514 2.88514 2.88514 2.88514 2.88514 2.88514 2.88514 2.88514 2.88514 2.88514 2.88514 2.88514 2.88514 2.88514 2.88514 2.88514 2.88514 2.88514 2.88514 2.88514 2.88514 2.88514 2.88514 2.88514 2.88514 2.88514 2.88514 2.88514 2.88514 2.88514 2.88514 2.88513 2.88513 2.88513 2.88513 2.88513 2.88513 2.88513 2.88513 2.88513 2.88513 2.88514 2.88514 2.88514 2.88514 2.88513 2.88514 2.88501 2.88501 2.88501 2.88501 2.88501 2.88501 2.88501 2.88501 2.88501 2.88501 2.88501 2.88501 2.88501
2.88505 2.88505 2.88505 2.88513 2.88513 2.88514 2.88514 2.88514 2.88514 2.88514 2.88514 2.88514 2.88514 2.88514 2.88514 2.88514 2.88514 2.88514 2.88514 2.88514 2.88514 2.88514 2.88514 2.88514 2.88514 2.88514 2.88514 2.88514 2.88514 2.88514 2.88514 2.88514 2.88514 2.88514 2.88514 2.88514 2.88514 2.88514 2.88514 2.88514 2.88513 2.88513 2.88513 2.88513 2.88513 2.88513 2.88513 2.88513 2.88513 2.88513 2.88513 2.88514 2.88514 2.88514 2.88513 2.88513 2.88501 2.88501 2.88501 2.88501 2.88501 2.88501 2.88501 2.88501 2.88501 2.88501 2.88501 2.88501 2.88501 2.88501
2.88505 2.88505 2.88513 2.88513 2.88515 2.88514 2.88514 2.88514 2.88514 2.88514 2.88514 2.88514 2.88514 2.88514 2.88514 2.88514 2.88514 2.88514 2.88514 2.88514 2.88514 2.88514 2.88514 2.88514 2.88514 2.88514 2.88514 2.88514 2.88514 2.88514 2.88514 2.88514 2.88514 2.88514 2.88514 2.88514 2.88514 2.88514 2.88514 2.88513 2.88513 2.88513 2.88513 2.88513 2.88513 2.88513 2.88513 2.88513 2.88513 2.88513 2.88513 2.88514 2.88514 2.88513 2.88513 2.88501 2.88501 2.88501 2.88501 2.88501 2.88501 2.88501 2.88501 2.88501 2.88501 2.88501 2.88501 2.88501 2.88501 2.88501
2.88505 2.88513 2.88513 2.88515 2.88515 2.88514 2.88514 2.88514 2.88514 2.88514 2.88514 2.88514 2.88514 2.88514 2.88514 2.88514 2.88514 2.88514 2.88514 2.88514 2.88514 2.88514 2.88514 2.88514 2.88514 2.88514 2.88514 2.88514 2.88514 2.88514 2.88514 2.88514 2.88514 2.88514 2.88514 2.88514 2.88514 2.88514 2.88513 2.88513 2.88513 2.88513 2.88513 2.88513 2.88513 2.88513 2.88513 2.88513 2.88513 2.88513 2.88513 2.88514 2.88513 2.88513 2.88501 2.88501 2.88501 2.88501 2.88501 2.88501 2.88501 2.88501 2.88501 2.88501 2.88501 2.88501 2.88501 2.88501 2.88501 2.88501
2.88513 2.88513 2.88515 2.88515 2.88515 2.88514 2.88514 2.88514 2.88514 2.88514 2.88514 2.88514 2.88514 2.88514 2.88514 2.88514 2.88514 2.88514 2.88514 2.88514 2.88514 2.88514 2.88514 2.88514 2.88514 2.88514 2.88514 2.88514 2.88514 2.88514 2.88514 2.88514 2.88514 2.88514 2.88514 2.88514 2.88514 2.88513 2.88513 2.88513 2.88513 2.88513 2.88513 2.88513 2.88513 2.88513 2.88513 2.88513 2.88513 2.88513 2.88513 2.88513 2.88513 2.88501 2.88501 2.88501 2.88501 2.88501 2.88501 2.88501 2.88501 2.88501 2.88501 2.88501 2.88501 2.88501 2.88501 2.88501 2.88501 2.88501
2.88513 2.88515 2.88515 2.88515 2.88515 2.88514 2.88514 2.88514 2.88514 2.88514 2.88514 2.88514 2.88514 2.88514 2.88514 2.88514 2.88514 2.88514 2.88514 2.88514 2.88514 2.88514 2.88514 2.88514 2.88514 2.88514 2.88514 2.88514 2.88514 2.88514 2.88514 2.88514 2.88514 2.88514 2.88514 2.88514 2.88513 2.88513 2.88513 2.88513 2.88513 2.88513 2.88513 2.88513 2.88513 2.88513 2.88513 2.88513 2.88513 2.88513 2.88513 2.88513 2.88501 2.88501 2.88501 2.88501 2.88501 2.88501 2.88501 2.88501 2.88501 2.88501 2.88501 2.88501 2.88501 2.88501 2.88501 2.88501 2.88501 2.88501
2.88515 2.88515 2.88515 2.88515 2.88515 2.88514 2.88514 2.88514 2.88514 2.88514 2.88514 2.88514 2.88514 2.88514 2.88514 2.88514 2.88514 2.88514 2.88514 2.88514 2.88514 2.88514 2.88514 2.88514 2.88514 2.88514 2.88514 2.88514 2.88514 2.88514 2.88514 2.88514 2.88514 2.88514 2.88514 2.88513 2.88513 2.88513 2.88513 2.88513 2.88513 2.88513 2.88513 2.88513 2.88513 2.88513 2.88513 2.88513 2.88513 2.88513 2.88513 2.88501 2.88501 2.88501 2.88501 2.88501 2.88501 2.88501 2.88501 2.88501 2.88501 2.88501 2.88501 2.88501 2.88501 2.88501 2.88501 2.88501 2.88501 2.88501
2.88515 2.88515 2.88515 2.88515 2.88515 2.88514 2.88514 2.88514 2.88514 2.88514 2.88514 2.88514 2.88514 2.88514 2.88514 2.88514 2.88514 2.88514 2.88514 2.88514 2.88514 2.88514 2.88514 2.88514 2.88514 2.88514 2.88514 2.88514 2.88514 2.88514 2.88514 2.88514 2.88514 2.88514 2.88513 2.88513 2.88513 2.88513 2.88513 2.88513 2.88513 2.88513 2.88513 2.88513 2.88513 2.88513 2.88513 2.88513 2.88513 2.88513 2.88501 2.88501 2.88501 2.88501 2.88501 2.88501 2.88501 2.88501 2.88501 2.88501 2.88501 2.88501 2.88501 2.88501 2.88501 2.88501 2.88501 2.88501 2.88501 2.88501
2.88515 2.88515 2.88515 2.88515 2.88515 2.88514 2.88514 2.88514 2.88514 2.88514 2.88514 2.88514 2.88514 2.88514 2.88514 2.88514 2.88514 2.88514 2.88514 2.88514 2.88514 2.88514 2.88514 2.88514 2.88514 2.88514 2.88514 2.88514 2.88514 2.88514 2.88514 2.88514 2.88514 2.88513 2.88513 2.88513 2.88513 2.88513 2.88513 2.88513 2.88513 2.88513 2.88513 2.88513 2.88513 2.88513 2.88513 2.88513 2.88513 2.88501 2.88501 2.88501 2.88501 2.88501 2.88501 2.88501 2.88501 2.88501 2.88501 2.88501 2.88501 2.88501 2.88501 2.88501 2.88501 2.88501 2.88501 2.88501 2.88501 2.88501
2.88515 2.88515 2.88515 2.88515 2.88515 2.88514 2.88514 2.88514 2.88514 2.88514 2.88514 2.88514 2.88514 2.88514 2.88514 2.88514 2.88514 2.88514 2.88514 2.88514 2.88514 2.88514 2.88514 2.88514 2.88514 2.88514 2.88514 2.88514 2.88514 2.88514 2.88514 2.88514 2.88513 2.88513 2.88513 2.88513 2.88513 2.88513 2.88513 2.88513 2.88513 2.88513 2.88513 2.88513 2.88513 2.88513 2.88513 2.88513 2.88501 2.88501 2.88501 2.88501 2.88501 2.88501 2.88501 2.88501 2.88501 2.88501 2.88501 2.88501 2.88501 2.88501 2.88501 2.88501 2.88501 2.88501 2.88501 2.88501 2.88501 2.88501
2.88515 2.88515 2.88515 2.88515 2.88515 2.88514 2.88514 2.88514 2.88514 2.88514 2.88514 2.88514 2.88514 2.88514 2.88514 2.88514 2.88514 2.88514 2.88514 2.88514 2.88514 2.88514 2.88514 2.88514 2.88514 2.88514 2.88514 2.88514 2.88514 2.88514 2.88514 2.88513 2.88513 2.88513 2.88513 2.88513 2.88513 2.88513 2.88513 2.88513 2.88513 2.88513 2.88513 2.88513 2.88513 2.88513 2.88513 2.88501 2.88501 2.88501 2.88501 2.88501 2.88501 2.88501 2.88501 2.88501 2.88501 2.88501 2.88501 2.88501 2.88501 2.88501 2.88501 2.88501 2.88501 2.88501 2.88501 2.88501 2.88501 2.88501
2.88515 2.88515 2.88515 2.88515 2.88515 2.88514 2.88514 2.88514 2.88514 2.88514 2.88514 2.88514 2.88514 2.88514 2.88514 2.88514 2.88514 2.88514 2.88514 2.88514 2.88514 2.88514 2.88514 2.88514 2.88514 2.88514 2.88514 2.88514 2.88514 2.88514 2.88513 2.88513 2.88513 2.88513 2.88513 2.88513 2.88513 2.88513 2.88513 2.88513 2.88513 2.88513 2.88513 2.88513 2.88513 2.88513 2.88501 2.88501 2.88501 2.88501 2.88501 2.88501 2.88501 2.88501 2.88501 2.88501 2.88501 2.88501 2.88501 2.88501 2.88501 2.88501 2.88501 2.88501 2.88501 2.88501 2.88501 2.88501 2.88501 2.88501
2.88515 2.88515 2.88515 2.88515 2.88515 2.88514 2.88514 2.88514 2.88514 2.88514 2.88514 2.88514 2.88514 2.88514 2.88514 2.88514 2.88514 2.88514 2.88514 2.88514 2.88514 2.88514 2.88514 2.88514 2.88514 2.88514 2.88514 2.88514 2.88514 2.88513 2.88513 2.88513 2.88513 2.88513 2.88513 2.88513 2.88513 2.88513 2.88513 2.88513 2.88513 2.88513 2.88513 2.88513 2.88513 2.88501 2.88501 2.88501 2.88501 2.88501 2.88501 2.88501 2.88501 2.88501 2.88501 2.88501 2.88501 2.88501 2.88501 2.88501 2.88501 2.88501 2.88501 2.88501 2.88501 2.88501 2.88501 2.88501 2.88501 2.88501
2.88515 2.88515 2.88515 2.88515 2.88515 2.88514 2.88514 2.88514 2.88514 2.88514 2.88514 2.88514 2.88514 2.88514 2.88514 2.88514 2.88514 2.88514 2.88514 2.88514 2.88514 2.88514 2.88514 2.88514 2.88514 2.88514 2.88514 2.88514 2.88513 2.88513 2.88513 2.88513 2.88513 2.88513 2.88513 2.88513 2.88513 2.88513 2.88513 2.88513 2.88513 2.88513 2.88513 2.88513 2.88502 2.88501 2.88501 2.88501 2.88501 2.88501 2.88501 2.88501 2.88501 2.88501 2.88501 2.88501 2.88501 2.88501 2.88501 2.88501 2.88501 2.88501 2.88501 2.88501 2.88501 2.88501 2.88501 2.88501 2.88501 2.88501
2.88515 2.88515 2.88515 2.88515 2.88515 2.88514 2.88514 2.88514 2.88514 2.88514 2.88514 2.88514 2.88514 2.88514 2.88514 2.88514 2.88514 2.88514 2.88514 2.88514 2.88514 2.88514 2.88514 2.88514 2.88514 2.88514 2.88514 2.88513 2.88513 2.88513 2.88513 2.88513 2.88513 2.88513 2.88513 2.88513 2.88513 2.88513 2.88513 2.88513 2.88513 2.88513 2.88513 2.88502 2.88502 2.88501 2.88501 2.88501 2.88501 2.88501 2.88501 2.88501 2.88501 2.88501 2.88501 2.88501 2.88501 2.88501 2.88501 2.88501 2.88501 2.88501 2.88501 2.88501 2.88501 2.88501 2.88501 2.88501 2.88501 2.88501
2.88515 2.88515 2.88515 2.88515 2.88515 2.88514 2.88514 2.88514 2.88514 2.88514 2.88514 2.88514 2.88514 2.88514 2.88514 2.88514 2.88514 2.88514 2.88514 2.88514 2.88514 2.88514 2.88514 2.88514 2.88514 2.88514 2.88513 2.88513 2.88513 2.88513 2.88513 2.88513 2.88513 2.88513 2.88513 2.88513 2.88513 2.88513 2.88513 2.88513 2.88513 2.88513 2.88502 2.88502 2.88502 2.88501 2.88501 2.88501 2.88501 2.88501 2.88501 2.88501 2.88501 2.88501 2.88501 2.88501 2.88501 2.88501 2.88501 2.88501 2.88501 2.88501 2.88501 2.88501 2.88501 2.88501 2.88501 2.88501 2.88501 2.88501
