tests/full-run-ref/erosion_2010_78_21_-27.869.asc
ncols 512
nrows 512
xllcorner -3.24582
yllcorner -4.08743
cellsize 5
NODATA_value -99999
[rows 93 to 123 of 512, columns 70 to 139 of 512]
2.88512 2.88512 2.88512 2.88512 2.88512 2.88511 2.88511 2.88504 2.88504 2.88504 2.88504 2.88504 2.88504 2.88504 2.88504 2.88504 2.88504 2.88504 2.88504 2.88504 2.88504 2.88504 2.88504 2.88504 2.88504 2.88504 2.88504 2.88504 2.88504 2.88504 2.88504 2.88504 3.34627 6.2178 8.16001 6.96498 4.08001 2.88503 2.88503 2.88503 2.88503 2.88503 2.88503 2.88503 2.88503 4.08001 4.08001 2.88503 2.88503 2.88503 2.88502 2.88502 2.88502 2.88502 2.88502 2.88502 2.88502 2.88502 5.07379 7.95879 10.8438 12.24 11.54 8.655 5.77 2.88511 2.88511 2.8851 2.8851 2.8851
2.88512 2.88512 2.88512 2.88512 2.88512 2.88511 2.88504 2.88504 2.88504 2.88504 2.88504 2.88504 2.88504 2.88504 2.88504 2.88504 2.88504 2.88504 2.88504 2.88504 2.88504 2.88504 2.88504 2.88504 2.88504 2.88504 2.88504 2.88504 2.88504 2.88504 2.88504 2.88504 2.88504 5.02279 5.77 4.08001 2.88503 2.88503 2.88503 2.88503 2.88503 2.88503 2.88503 2.88503 2.88503 2.88503 4.08001 5.77 2.88503 2.88503 2.88502 2.88502 2.88502 2.88502 2.88502 2.88502 2.88502 2.88502 3.87878 6.76378 8.16001 11.045 12.24 9.85001 6.96501 4.08001 2.8851 2.8851 2.96178 4.15679
2.88512 2.88512 2.88512 2.88512 2.88511 2.88511 2.88504 2.88504 2.88504 2.88504 2.88504 2.88504 2.88504 2.88504 2.88504 2.88504 2.88504 2.88504 2.88504 2.88504 2.88504 2.88504 2.88504 2.88504 2.88504 2.88504 2.88504 2.88504 2.88504 2.88504 2.88504 2.88504 2.88504 4.08001 2.88511 2.88503 2.88503 2.88503 2.88503 2.88503 2.88503 2.88503 2.88503 2.88503 2.88503 2.88503 2.88503 5.77 2.88503 2.88503 2.88502 2.88502 2.88502 2.88502 2.88502 2.88502 2.88502 2.88502 2.88502 4.08001 6.96501 8.16001 9.91089 11.045 8.16002 6.96501 5.77 5.11303 5.84678 4.08001
2.88512 2.88512 2.88512 2.88512 2.88511 2.88504 2.88504 2.88504 2.88504 2.88504 2.88504 2.88504 2.88504 2.88504 2.88504 2.88504 2.88504 2.88504 2.88504 2.88504 2.88504 2.88504 2.88504 2.88504 2.88504 2.88504 2.88504 2.88504 2.88504 2.88504 2.88504 2.88504 2.88504 2.88511 2.88511 2.88511 2.88503 2.88503 2.88503 2.88503 2.88503 2.88503 2.88503 2.88503 2.88503 2.88503 2.88503 5.77 4.08001 2.88503 2.88502 2.88502 2.88502 2.88502 2.88502 2.88502 2.88502 2.88502 2.88502 2.88502 4.08001 5.83089 7.02589 8.2209 11.045 9.85001 8.16002 6.96501 4.08001 2.8851
2.88512 2.88512 2.88512 2.88512 2.88511 2.88504 2.88504 2.88504 2.88504 2.88504 2.88504 2.88504 2.88504 2.88504 2.88504 2.88504 2.88504 2.88504 2.88504 2.88504 2.88504 2.88504 2.88511 2.88511 2.88504 2.88504 2.88504 2.88504 2.88504 2.88504 2.88511 2.88504 2.88511 2.88511 2.88511 2.88503 2.88503 2.88503 2.88503 2.88503 2.88503 2.88503 2.88503 2.88503 2.88503 2.88503 3.96616 6.85116 4.08001 2.88503 2.88502 2.88502 2.88502 2.88502 2.88502 2.88502 2.88502 2.88502 2.88502 2.88502 2.88502 2.94589 4.14089 7.02589 9.91089 8.16002 6.96501 4.08001 2.8851 2.8851
2.88512 2.88512 2.88512 2.88512 2.88511 2.88504 2.88504 2.88504 2.88504 2.88504 2.88504 2.88504 2.88504 2.88504 2.88504 2.88504 2.88504 2.88504 2.88504 2.88504 2.88504 2.88511 2.88511 2.88511 2.88504 2.88504 2.88504 2.88504 2.88504 2.88504 2.88511 2.88511 2.88511 2.88511 2.88511 2.88503 2.88503 2.88503 2.88503 2.88503 2.88503 2.88503 2.88503 2.88503 2.88503 2.88503 2.88503 5.77 2.88511 2.88502 2.88503 2.88503 2.88503 2.88503 2.88503 2.88503 2.88503 2.88503 2.88503 2.88503 2.88503 2.88503 2.94589 5.83089 8.16002 6.96501 4.08001 2.8851 2.8851 2.8851
2.88512 2.88512 2.88512 2.88512 2.88511 2.88504 2.88504 2.88504 2.88504 2.88504 2.88504 2.88504 2.88504 2.88504 2.88504 2.88504 2.88504 2.88504 2.88504 2.88504 2.88511 2.88511 2.88511 2.88511 2.88511 2.88504 2.88504 2.88504 2.88504 2.88504 2.88511 2.88511 2.88511 2.88511 2.88511 2.88511 2.88503 2.88503 2.88503 2.88503 2.88503 2.88503 2.88503 2.88503 2.88503 2.88503 2.88503 5.76976 2.88511 2.88503 2.88503 2.88503 2.88503 2.88503 2.88503 2.88503 2.88503 2.88503 2.88503 2.88503 2.88503 2.88503 2.88503 5.77 6.96501 4.08001 2.8851 2.8851 2.8851 2.8851
2.88512 2.88512 2.88512 2.88512 2.88511 2.88504 2.88504 2.88504 2.88504 2.88504 2.88504 2.88504 2.88504 2.88504 2.88504 2.88504 2.88504 2.88504 2.88504 4.08001 2.88511 2.88511 2.88511 2.88511 2.88511 2.88511 2.88504 2.88504 2.88504 2.88504 2.88511 2.88511 2.88511 2.88511 2.88511 2.88511 2.88511 2.88503 2.88503 2.88503 2.88503 2.88503 2.88503 2.88503 2.88503 2.88503 2.88502 4.08001 2.88502 2.88503 2.88503 2.88503 2.88503 2.88503 2.88503 2.88503 2.88503 2.88503 2.88503 2.88503 2.88503 2.88503 2.88503 5.77 4.08001 2.8851 2.8851 2.8851 2.8851 2.8851
2.88512 2.88512 2.88512 2.88512 2.88511 2.88504 2.88504 2.88504 2.88504 2.88504 2.88504 2.88504 2.88504 2.88504 2.88504 2.88504 2.88504 2.88504 2.88504 4.08001 4.08001 2.88511 2.88511 2.88511 2.88511 2.88511 2.88511 2.88504 2.88504 2.88511 2.88511 2.88511 2.88511 2.88511 2.88511 2.88511 2.88511 2.88511 2.88503 2.88503 2.88503 2.88503 2.88503 2.88503 2.88503 2.88503 4.08001 2.88502 2.88503 2.88503 2.88503 2.88503 2.88503 2.88503 2.88503 2.88503 2.88503 2.88503 2.88503 2.88503 2.88503 2.88503 2.88503 4.08001 2.8851 2.8851 2.8851 2.8851 2.8851 2.8851
2.88512 2.88512 2.88512 2.88512 2.88511 2.88504 2.88504 2.88504 2.88504 2.88504 2.88504 2.88504 2.88504 2.88504 2.88504 2.88504 2.88504 2.88504 2.88504 2.88504 4.08001 2.88511 2.88511 2.88511 2.88511 2.88511 2.88511 2.88511 2.88511 2.88511 2.88511 2.88511 2.88511 2.88511 2.88511 2.88511 2.88511 2.88511 2.88503 2.88503 2.88503 2.88503 2.88503 2.88503 2.88503 2.88503 2.88511 2.88503 2.88503 2.88503 2.88503 2.88503 2.88503 2.88503 2.88503 2.88503 2.88503 2.88503 2.88503 2.88503 2.88503 2.88503 2.88503 2.8851 2.8851 2.8851 2.8851 2.8851 2.8851 2.8851
2.88512 2.88512 2.88512 2.88512 2.88511 2.88504 2.88504 2.88504 2.88504 2.88504 2.88504 2.88504 2.88504 2.88504 2.88504 2.88504 2.88504 2.88504 2.88504 2.88504 2.88504 2.88511 2.88511 2.88511 2.88511 2.88511 2.88511 2.88511 2.88511 2.88511 2.88511 2.88511 2.88511 2.88511 2.88511 2.88511 2.88511 2.88503 2.88503 2.88503 2.88503 2.88503 2.88503 2.88503 2.88503 2.88503 2.88511 2.88503 2.88503 2.88503 2.88503 2.88503 2.88503 2.88503 2.88503 2.88503 2.88503 2.88503 2.88503 2.88503 2.88503 2.88503 2.88503 2.8851 2.8851 2.8851 2.8851 2.8851 2.8851 2.8851
2.88512 2.88512 2.88512 2.88512 2.88511 2.88504 2.88504 2.88504 2.88504 2.88504 2.88504 2.88504 2.88504 2.88504 2.88504 2.88504 2.88504 2.88504 2.88504 2.88504 2.88504 2.88511 2.88511 2.88511 2.88511 2.88511 2.88511 2.88511 2.88511 2.88511 2.88511 2.88511 2.88511 2.88511 2.88511 2.88511 2.88503 2.88503 2.88503 2.88503 2.88503 2.88511 2.88511 2.88503 2.88503 2.88511 2.88511 2.88503 2.88503 2.88503 2.88503 2.88503 2.88503 2.88503 2.88503 2.88503 2.88503 2.88503 2.88503 2.88503 2.88503 2.88503 2.8851 2.8851 2.8851 2.8851 2.8851 2.8851 2.8851 2.8851
2.88512 2.88512 2.88512 2.88511 2.88511 2.88504 2.88504 2.88504 2.88504 2.88504 2.88504 2.88504 2.88504 2.88504 2.88504 2.88504 2.88504 2.88504 2.88504 2.88504 2.88504 2.88511 2.88511 2.88511 2.88511 2.88511 2.88511 2.88511 2.88511 2.88511 2.88511 2.88511 2.88511 2.88511 2.88511 2.88503 2.88503 2.88503 2.88503 2.88503 2.88511 2.88511 2.88511 2.88511 2.88511 2.88511 2.88503 2.88503 2.88503 2.88503 2.88503 2.88503 2.88503 2.88503 2.88503 2.88503 2.88503 2.88503 2.88503 2.88503 2.88503 2.8851 2.8851 2.8851 2.8851 2.8851 2.8851 2.8851 2.8851 2.8851
2.88512 2.88512 2.88511 2.88511 2.88504 2.88504 2.88504 2.88504 2.88504 2.88504 2.88504 2.88504 2.88504 2.88504 2.88504 2.88504 2.88504 2.88504 2.88504 2.88504 2.88511 2.88511 2.88511 2.88511 2.88511 2.88511 2.88511 2.88511 2.88511 2.88511 2.88511 2.88511 2.88511 2.88511 2.88503 2.88503 2.88503 2.88503 2.88503 2.88511 2.88511 2.88511 2.88511 2.88511 2.88511 2.88503 2.88503 2.88503 2.88503 2.88503 2.88503 2.88503 2.88503 2.88503 2.88503 2.88503 2.88503 2.88503 2.88503 2.88503 2.88503 2.88503 2.8851 2.8851 2.8851 2.8851 2.8851 2.8851 2.8851 2.8851
2.88512 2.88512 2.88511 2.88504 2.88504 2.88504 2.88504 2.88504 2.88504 2.88504 2.88504 2.88504 2.88504 2.88504 2.88504 2.88504 2.88504 2.88504 2.88504 4.08001 4.08001 2.88511 2.88511 2.88511 2.88511 2.88511 2.88511 2.88511 2.88511 2.88511 2.88511 2.88511 2.88511 2.88503 2.88503 2.88503 2.88503 2.88503 2.88511 2.88511 2.88511 2.88511 2.88511 2.88511 2.88503 2.88503 2.88503 2.88503 2.88503 2.88503 2.88503 2.88503 2.88503 2.88503 2.88503 2.88503 2.88503 2.88503 2.88503 2.88503 2.88503 2.8851 2.8851 2.8851 2.8851 2.8851 2.8851 2.8851 2.8851 2.8851
2.88512 2.88511 2.88511 2.88504 2.88504 2.88504 2.88504 2.88504 2.88504 2.88504 2.88504 2.88504 2.88504 2.88504 2.88504 2.88504 2.88504 2.88504 2.88504 5.77 2.88511 2.88511 2.88511 2.88511 2.88511 2.88511 2.88511 2.88511 2.88511 2.88511 2.88511 2.88511 2.88503 2.88503 2.88503 2.88503 2.88503 2.88511 2.88511 2.88511 2.88511 2.88511 2.88511 2.88503 2.88503 2.88503 2.88503 2.88503 2.88503 2.88503 2.88503 2.88503 2.88503 2.88503 2.88503 2.88503 2.8851 2.8851 2.8851 2.8851 2.8851 2.8851 2.8851 2.8851 2.8851 2.8851 2.8851 2.8851 2.8851 2.8851
2.88511 2.88511 2.88504 2.88504 2.88504 2.88504 2.88504 2.88504 2.88504 2.88504 2.88504 2.88504 2.88504 2.88504 2.88504 2.88504 2.88504 2.88504 2.88504 5.76976 2.88511 2.88511 2.88511 2.88511 2.88511 2.88511 2.88511 2.88511 2.88511 2.88511 2.88511 2.88503 2.88503 2.88503 2.88503 2.88503 2.88511 2.88511 2.88511 2.88511 2.88511 2.88511 2.88503 2.88503 2.88503 2.88503 2.88503 2.88503 2.88503 2.88503 2.88503 2.88503 2.88503 2.88503 2.88503 2.88503 2.8851 2.8851 2.8851 2.8851 2.8851 2.8851 2.8851 2.8851 2.8851 2.8851 2.8851 2.8851 2.8851 2.8851
2.88511 2.88504 2.88504 2.88504 2.88504 2.88504 2.88504 2.88504 2.88504 2.88504 2.88504 2.88504 2.88504 2.88504 2.88504 2.88504 2.88504 2.88504 2.88504 5.77 4.08001 2.88511 2.88511 2.88511 2.88511 2.88511 2.88511 2.88511 2.88511 2.88511 2.88503 2.88503 2.88503 2.88503 2.88503 2.88511 2.88511 2.88511 2.88511 2.88511 2.88511 2.88503 2.88503 2.88503 2.88503 2.88503 2.88503 2.88503 2.88503 2.88503 2.88503 2.88503 2.88503 2.88503 2.88503 2.88503 2.8851 2.8851 2.8851 2.8851 2.8851 2.8851 2.8851 2.8851 2.8851 2.8851 2.8851 2.8851 2.8851 2.8851
2.88504 2.88504 2.88504 2.88504 2.88504 2.88504 2.88504 2.88504 2.88504 2.88504 2.88504 2.88504 2.88504 2.88504 2.88504 2.88504 2.88504 2.88504 2.88504 5.77 5.77 2.88511 2.88511 2.88511 2.88511 2.88511 2.88511 2.88511 2.88511 2.88503 2.88503 2.88503 2.88503 2.88503 2.88511 2.88511 2.88511 2.88511 2.88511 2.88511 2.88511 2.88503 2.88503 2.88503 2.88503 2.88503 2.88503 2.88503 2.88503 2.88503 2.88503 2.88503 2.88503 2.88503 2.88503 2.88503 2.8851 2.88503 2.8851 2.8851 2.8851 2.8851 2.8851 2.8851 2.8851 2.8851 2.8851 2.8851 2.8851 2.8851
2.88504 2.88504 2.88504 2.88504 2.88504 2.88504 2.88504 2.88504 2.88504 2.88504 2.88504 2.88504 2.88504 2.88504 2.88504 2.88504 2.88504 2.88504 2.88504 5.77 5.77 2.88511 2.88511 2.88511 2.88511 2.88511 2.88511 2.88511 2.88503 2.88503 2.88503 2.88503 2.88503 2.88511 2.88511 2.88511 2.88511 2.88511 2.88511 2.88511 2.88503 2.88503 2.88503 2.88503 2.88503 2.88503 2.88503 2.88503 2.88503 2.88503 2.88503 2.88503 2.88503 2.88503 2.88503 2.88503 2.88503 2.8851 2.8851 2.8851 2.8851 2.8851 2.8851 2.8851 2.8851 2.8851 2.8851 2.8851 2.8851 2.8851
2.88504 2.88504 2.88504 2.88504 2.88504 2.88504 2.88504 2.88504 2.88504 2.88504 2.88504 2.88504 2.88504 2.88504 2.88504 2.88504 2.88504 2.88504 2.88504 5.77 5.77 2.88511 2.88511 2.88511 2.88511 2.88511 2.88511 2.88503 2.88503 2.88503 2.88503 2.88503 2.88511 2.88511 2.88511 2.88511 2.88511 2.88511 2.88511 2.88511 2.88503 2.88503 2.88503 2.88503 2.88503 2.88503 2.88503 2.88503 2.88503 2.88503 2.88503 2.88503 2.88503 2.88503 2.88503 2.88503 2.8851 2.8851 2.8851 2.8851 2.8851 2.8851 2.8851 2.8851 2.8851 2.8851 2.8851 2.8851 2.8851 2.8851
2.88504 2.88504 2.88504 2.88504 2.88504 2.88504 2.88504 2.88504 2.88504 2.88504 2.88504 2.88504 2.88504 2.88504 2.88504 2.88504 2.88504 2.88504 2.88504 4.08001 5.77 2.88511 2.88511 2.88511 2.88511 2.88511 2.88503 2.88503 2.88503 2.88503 2.88503 2.88511 2.88511 2.88511 2.88511 2.88511 2.88511 2.88511 2.88511 2.88503 2.88503 2.88503 2.88503 2.88503 2.88503 2.88503 2.88503 2.88503 2.88503 2.88503 2.88503 2.88503 2.88503 2.88503 2.88503 2.8851 2.8851 2.8851 2.8851 2.8851 2.8851 2.8851 2.8851 2.8851 2.8851 2.8851 2.8851 2.8851 2.8851 2.8851
2.88504 2.88504 2.88504 2.88504 2.88504 2.88504 2.88504 2.88504 2.88504 2.88504 2.88504 2.88504 2.88504 4.08001 2.88504 2.88504 2.88504 2.88504 2.88504 2.88504 4.08001 2.88511 2.88511 2.88511 2.88511 2.88503 2.88503 2.88503 2.88503 2.88503 2.88511 2.88511 2.88511 2.88511 2.88511 2.88511 2.88511 2.88511 2.88503 2.88503 2.88503 2.88503 2.88503 2.88503 2.88503 2.88503 2.88503 2.88503 2.88503 2.88503 2.88503 2.88503 2.88503 2.88503 2.8851 3.67569 4.08001 2.8851 2.8851 2.8851 2.8851 2.8851 2.8851 2.8851 2.8851 2.8851 2.8851 2.8851 2.8851 2.8851
2.88504 2.88504 2.88504 2.88504 2.88504 2.88504 2.88504 2.88504 2.88504 2.88504 2.88504 2.88504 4.08001 6.96501 4.08001 2.88504 2.88504 2.88504 2.88504 2.88504 2.88504 2.88511 2.88511 2.88511 2.88503 2.88503 2.88503 2.88503 2.88503 2.88511 2.88511 2.88511 2.88511 2.88511 2.88511 2.88511 2.88511 2.88503 2.88503 2.88503 2.88503 2.88503 2.88503 2.88503 2.88503 2.88503 2.88503 2.88503 2.88503 2.88503 2.88503 4.08001 5.38806 4.60536 4.74653 5.67024 4.93843 4.08001 2.8851 2.8851 2.8851 2.8851 2.8851 2.8851 2.8851 2.8851 2.8851 2.8851 2.8851 2.8851
2.88504 2.88504 2.88504 2.88504 2.88504 2.88504 2.88504 2.88504 2.88504 2.88504 2.88504 2.88504 4.08001 6.96501 6.96501 4.08001 2.88504 2.88504 2.88504 2.88504 2.88504 2.88511 2.88511 2.88503 2.88503 2.88503 2.88503 2.88503 2.88511 2.88511 2.88511 2.88511 2.88511 2.88511 2.88511 2.88511 2.88511 2.88503 2.88503 2.88503 2.88503 2.88503 2.88503 2.88503 2.88503 2.88503 2.88503 2.88503 2.88503 2.88503 2.88503 2.8851 2.88503 2.8851 3.83514 2.8851 2.8851 4.01009 2.8851 2.8851 2.8851 2.8851 2.8851 2.8851 2.8851 2.8851 2.8851 2.8851 2.8851 2.8851
2.88504 2.88504 2.88504 2.88504 2.88504 2.88504 2.88504 2.88504 2.88504 2.88504 2.88504 2.88504 2.88503 5.77 8.16001 6.96501 4.08001 2.8851 2.88511 2.88504 2.88511 2.8851 2.88503 2.88503 2.88503 2.88503 2.88503 2.88511 2.88511 2.88511 2.88511 2.88511 2.88511 2.88511 2.88511 2.88511 2.88503 2.88503 2.88503 2.88503 2.88503 2.88503 2.88503 2.88503 2.88503 2.88503 2.88503 2.88503 2.88503 2.88503 2.88503 2.88503 2.8851 2.8851 2.8851 2.8851 2.8851 2.8851 2.8851 2.8851 2.8851 2.8851 2.8851 2.8851 2.8851 2.8851 2.8851 2.8851 2.8851 2.8851
2.88511 2.88504 2.88504 2.88504 2.88504 2.88504 2.88504 2.88504 2.88504 2.88503 2.88503 2.88503 4.08001 6.96501 9.11284 8.16002 5.77 2.8851 2.8851 2.8851 2.8851 2.88503 2.88503 2.88503 2.88503 2.88503 2.8851 2.8851 2.88511 2.88511 2.88511 2.88511 2.88511 2.88511 2.88511 2.8851 2.88503 2.88503 2.88503 2.88503 2.88503 2.88503 2.88503 2.88503 2.88503 2.88503 2.88503 2.88503 2.88503 2.88503 2.88503 2.8851 2.8851 2.8851 2.8851 2.8851 2.8851 2.8851 2.8851 2.8851 2.8851 2.8851 2.8851 2.8851 2.8851 2.8851 2.8851 2.8851 2.8851 2.8851
2.88511 2.88511 2.88504 2.88504 2.88504 2.88504 2.88504 2.88504 2.88504 2.88503 2.88503 2.88503 3.83782 5.03283 7.91783 6.96501 4.08001 2.8851 2.8851 2.8851 2.88503 2.88503 2.88503 2.88503 2.88503 2.8851 2.8851 2.88511 2.88511 2.88511 2.88511 2.88511 2.88511 2.88511 2.88511 2.8851 2.88503 2.88503 2.88503 2.88503 2.88503 2.88503 2.88503 2.88503 2.88503 2.88503 2.88503 2.88503 2.88503 2.88503 2.8851 2.8851 2.8851 2.8851 2.8851 2.8851 2.8851 2.8851 2.8851 2.8851 2.8851 2.8851 2.8851 2.8851 2.8851 2.8851 2.8851 2.8851 2.8851 2.88503
2.88511 2.88511 2.88511 2.88504 2.88504 2.88504 2.88504 2.88504 2.88504 2.88503 2.88503 2.88503 2.88503 3.83782 6.72282 5.77 2.8851 2.8851 2.8851 2.88503 2.88503 2.88503 2.88503 2.88503 2.8851 2.8851 2.88511 2.88511 2.88511 2.88511 2.88511 2.88511 2.88511 2.88511 2.88511 2.8851 2.88503 2.88503 2.88503 2.88503 2.88503 2.88503 2.88503 2.88503 2.88503 2.88503 2.88503 2.88503 2.88503 2.8851 2.8851 2.8851 2.8851 2.8851 2.8851 2.8851 2.8851 2.8851 2.8851 2.8851 2.8851 2.8851 2.8851 2.8851 2.8851 2.8851 2.8851 2.8851 2.88503 2.88503
2.88511 2.88511 2.88511 2.88504 2.88504 2.88504 2.88504 2.88504 2.88504 2.88503 2.88503 2.88503 2.88503 2.88503 4.08001 6.96501 4.08001 2.8851 2.88503 2.88503 2.88503 2.88503 2.88503 2.8851 2.8851 2.88511 2.88511 2.88511 2.88511 2.88511 2.88511 2.88511 2.88511 2.88511 2.88511 2.8851 2.88503 2.88503 2.88503 2.88503 2.88503 2.88503 2.88503 2.88503 2.88503 2.88503 2.88503 2.88503 2.8851 2.8851 2.8851 2.8851 2.8851 2.8851 2.8851 2.8851 2.8851 2.8851 2.8851 2.8851 2.8851 2.8851 2.8851 2.8851 2.8851 2.8851 2.8851 2.88503 2.88503 2.88503
2.88511 2.88511 2.88511 2.88503 1.1415e-06 2.88504 2.88504 2.88504 2.88504 2.88503 2.88503 2.88503 2.88503 2.88503 2.88503 4.08001 2.8851 2.88503 2.88503 2.88503 2.88503 2.88503 2.8851 2.8851 2.88511 2.88511 2.88511 2.88511 2.88511 2.88511 2.88511 2.88511 2.88511 2.88511 2.88511 2.8851 2.88503 2.88503 2.88503 2.88503 2.88503 2.88503 2.88503 2.88503 2.88503 2.88503 2.88503 2.8851 2.8851 2.8851 2.8851 2.8851 2.8851 2.8851 2.8851 2.8851 2.8851 2.8851 2.8851 2.8851 2.8851 2.8851 2.8851 2.8851 2.8851 2.8851 2.88503 2.88503 2.88503 2.88503
