tests/full-run-ref/erosion_2010_78_20_-12.873.asc
ncols 512
nrows 512
xllcorner -3.24582
yllcorner -4.08743
cellsize 5
NODATA_value -99999
[rows 116 to 144 of 512, columns 134 to 200 of 512]
2.8851 2.8851 2.8851 2.8851 2.8851 2.8851 2.8851 2.8851 2.8851 2.8851 2.8851 2.8851 2.8851 2.8851 2.8851 2.8851 2.8851 2.8851 2.8851 2.1923e-06 2.8851 1.04878e-06 2.8851 2.8851 2.8851 2.8851 2.8851 2.8851 2.8851 2.8851 2.8851 2.8851 2.8851 2.8851 2.8851 2.8851 2.8851 2.8851 2.8851 2.8851 2.20103e-06 2.2232e-06 2.22488e-06 2.22488e-06 2.22368e-06 2.22313e-06 2.22368e-06 2.22488e-06 2.22666e-06 2.24277e-06 2.2546e-06 2.16313e-06 1.20992 2.885 2.1763e-06 1.14155e-06 1.14155e-06 1.14155e-06 1.14155e-06 1.10683e-06 2.54915 2.22389e-06 1.12489e-06 1.12416e-06 1.12955e-06 1.14155e-06 1.09654e-06
2.8851 2.8851 2.8851 2.8851 2.8851 2.8851 2.8851 2.8851 2.8851 2.8851 2.8851 2.8851 2.8851 2.8851 2.8851 2.8851 2.8851 2.8851 2.19022e-06 2.8851 1.04675e-06 2.8851 2.8851 2.8851 2.8851 2.8851 2.8851 2.8851 2.8851 2.8851 2.8851 2.8851 2.8851 2.8851 2.8851 2.8851 2.8851 2.8851 2.8851 2.8851 2.8851 2.8851 2.8851 2.8851 2.8851 2.8851 2.8851 2.8851 2.8851 2.8851 2.22829e-06 2.23075e-06 0.241412 2.88451 2.20158e-06 1.14155e-06 1.14155e-06 1.14155e-06 1.14155e-06 1.08924e-06 2.49265 2.20282e-06 1.07173e-06 2.24535 1.11036e-06 1.14155e-06 1.0711e-06
2.8851 2.8851 2.8851 2.8851 2.8851 2.8851 2.8851 2.8851 2.8851 2.8851 2.8851 2.8851 2.8851 2.8851 2.8851 2.8851 2.8851 2.18814e-06 2.8851 1.04476e-06 2.8851 2.8851 2.8851 2.8851 2.8851 2.8851 2.8851 2.8851 2.8851 2.8851 2.8851 2.8851 2.8851 2.8851 2.8851 2.8851 2.8851 2.8851 2.8851 2.8851 2.8851 2.8851 2.8851 2.8851 2.8851 2.8851 2.8851 2.8851 2.8851 2.8851 2.19481e-06 1.13882e-06 1.1146e-06 2.21543e-06 2.24792e-06 3.4101e-06 1.14155e-06 1.14155e-06 1.14155e-06 2.2458e-06 2.23578e-06 2.19725e-06 3.14773e-06 2.63678 1.09879e-06 1.14155e-06 1.06183e-06
2.8851 2.8851 2.8851 2.8851 2.8851 2.8851 2.8851 2.06442e-06 1.74048e-06 1.47647e-06 2.8851 2.8851 2.8851 2.8851 2.8851 2.8851 2.18603e-06 2.8851 1.04276e-06 2.8851 2.8851 2.8851 2.8851 2.8851 2.8851 2.8851 2.8851 2.8851 2.8851 2.8851 2.8851 2.8851 2.8851 2.8851 2.8851 2.8851 2.8851 2.8851 2.8851 2.8851 2.8851 2.8851 2.8851 2.8851 2.8851 2.8851 2.8851 2.8851 2.1669e-06 2.49281 2.21023e-06 1.14155e-06 1.14155e-06 1.14155e-06 3.4101e-06 1.14155e-06 3.4101e-06 1.14155e-06 2.2831e-06 2.24685e-06 2.88508 2.88508 2.88508 0.872883 1.10167e-06 1.14155e-06 1.05874e-06
2.8851 2.8851 2.8851 2.8851 2.8851 2.8851 2.09243e-06 2.25977e-06 1.14155e-06 9.33214e-07 5.9857e-07 2.8851 2.8851 2.8851 2.8851 2.1839e-06 2.8851 1.04073e-06 2.8851 2.8851 2.8851 2.8851 2.8851 2.8851 2.8851 2.8851 2.8851 2.8851 2.8851 2.8851 2.8851 2.8851 2.8851 2.8851 2.8851 2.8851 2.8851 2.8851 2.8851 2.8851 2.8851 2.8851 2.8851 2.16546e-06 2.15088e-06 2.48848 2.1684e-06 2.23976e-06 2.24526e-06 1.09852e-06 2.25422e-06 1.14155e-06 1.14155e-06 3.4101e-06 1.14155e-06 3.42466e-06 1.14155e-06 3.33288e-06 3.30886e-06 3.21455e-06 3.0704e-06 2.88508 2.88508 2.885 1.0874e-06 1.14155e-06 1.06327e-06
2.8851 2.8851 2.8851 2.8851 2.8851 2.09261e-06 2.25976e-06 1.14155e-06 1.14155e-06 1.14155e-06 1.00229e-06 2.8851 2.8851 2.8851 2.18387e-06 2.8851 1.03868e-06 2.8851 2.8851 2.8851 2.8851 2.8851 2.8851 2.8851 2.8851 2.8851 2.8851 2.8851 2.8851 2.8851 2.8851 2.8851 2.8851 2.8851 2.8851 2.8851 2.8851 2.8851 2.8851 2.8851 2.8851 2.8851 2.188e-06 2.26587e-06 1.09434e-06 2.23797e-06 3.39557e-06 1.14155e-06 1.14155e-06 1.14155e-06 1.14155e-06 1.14155e-06 3.4101e-06 1.14155e-06 3.42466e-06 1.14155e-06 3.33376e-06 3.19768e-06 3.15743e-06 1.00112e-06 2.88508 2.88508 3.35624 2.885 1.08179e-06 1.14155e-06 1.09006e-06
2.8851 2.8851 2.8851 2.8851 2.09387e-06 2.2598e-06 1.14155e-06 1.14155e-06 1.14155e-06 1.12525e-06 1.03624e-06 2.8851 2.8851 2.21456e-06 2.8851 1.03865e-06 2.8851 2.8851 2.8851 2.8851 2.8851 2.8851 2.8851 2.8851 2.8851 2.8851 2.8851 2.8851 2.8851 2.8851 2.8851 2.8851 2.8851 2.8851 2.8851 2.8851 2.8851 2.8851 2.8851 2.8851 2.8851 2.17746e-06 2.26537e-06 1.14155e-06 2.28311e-06 2.28311e-06 1.14155e-06 1.14155e-06 1.14155e-06 1.14155e-06 1.14155e-06 3.4101e-06 1.14155e-06 3.42466e-06 1.14155e-06 1.14155e-06 1.12317e-06 1.09034e-06 1.04119e-06 2.88508 4.08001 5.00563 4.08001 2.885 1.09803e-06 1.14155e-06 1.12405e-06
2.8851 2.8851 2.8851 2.09633e-06 2.25993e-06 1.14155e-06 1.14155e-06 1.14155e-06 1.12525e-06 1.0692e-06 2.8851 2.8851 2.24478e-06 2.8851 1.06779e-06 2.8851 2.8851 2.8851 2.8851 2.8851 2.8851 2.8851 2.8851 2.8851 2.8851 2.8851 2.8851 2.8851 2.8851 2.8851 2.8851 2.8851 2.8851 2.8851 2.8851 2.8851 2.8851 2.8851 2.8851 2.8851 2.16672e-06 2.26482e-06 1.14155e-06 2.28311e-06 2.28311e-06 1.14155e-06 1.14155e-06 1.14155e-06 1.14155e-06 1.14155e-06 3.4101e-06 1.14155e-06 3.42466e-06 1.14155e-06 1.14155e-06 1.14155e-06 1.11902e-06 2.88508 2.88508 4.08001 6.9089 4.08001 2.885 1.0639e-06 1.12514e-06 1.14155e-06 1.14155e-06
2.8851 2.8851 2.09957e-06 2.26013e-06 1.14155e-06 1.14155e-06 1.14155e-06 1.12525e-06 1.0692e-06 2.8851 2.8851 2.8851 2.8851 1.10291e-06 2.8851 2.8851 2.8851 2.8851 2.8851 2.8851 2.8851 2.8851 2.8851 2.8851 2.8851 2.8851 2.8851 2.8851 2.8851 2.8851 2.8851 2.8851 2.8851 2.8851 2.8851 2.8851 2.8851 2.8851 2.8851 2.15567e-06 2.26421e-06 1.14155e-06 2.28311e-06 2.28311e-06 2.28311e-06 1.14155e-06 1.14155e-06 1.14155e-06 1.14155e-06 3.4101e-06 1.14155e-06 1.14155e-06 1.14155e-06 1.14155e-06 1.14155e-06 1.14155e-06 1.12604e-06 1.06301e-06 2.88508 5.77 4.08001 2.885 1.05614e-06 1.12426e-06 1.14155e-06 1.14155e-06 1.14155e-06
2.8851 2.10305e-06 2.26038e-06 1.14155e-06 1.14155e-06 1.14155e-06 1.12525e-06 1.0692e-06 2.8851 2.8851 2.8851 2.8851 1.14155e-06 2.8851 2.8851 2.8851 2.8851 2.8851 2.8851 2.8851 2.8851 2.8851 2.8851 2.8851 2.8851 2.8851 2.8851 2.8851 2.8851 2.8851 2.8851 2.8851 2.8851 2.8851 2.8851 2.8851 2.8851 2.8851 2.14427e-06 2.26355e-06 1.14155e-06 2.28311e-06 2.28311e-06 2.28311e-06 1.14155e-06 1.14155e-06 1.14155e-06 1.14155e-06 3.42466e-06 1.14155e-06 1.14155e-06 1.14155e-06 3.35305e-06 1.11159e-06 2.25224e-06 1.14155e-06 1.14155e-06 1.07616e-06 2.88508 5.74954 2.885 1.04359e-06 1.12411e-06 1.14155e-06 1.14155e-06 1.14155e-06 1.14155e-06
2.10667e-06 2.26062e-06 1.14155e-06 1.14155e-06 1.14155e-06 1.12559e-06 1.07864e-06 2.8851 2.8851 2.8851 2.8851 1.14155e-06 2.8851 2.8851 2.8851 2.8851 2.8851 2.8851 2.8851 2.8851 2.8851 2.8851 2.8851 2.8851 2.8851 2.8851 2.8851 2.8851 2.8851 2.8851 2.8851 2.8851 2.8851 2.8851 2.8851 2.8851 2.88509 2.13282e-06 2.28311e-06 1.06466e-06 2.26775e-06 2.28311e-06 1.14155e-06 1.14155e-06 1.14155e-06 1.14155e-06 1.14155e-06 3.42466e-06 1.14155e-06 1.14155e-06 1.14155e-06 3.37387e-06 1.0765e-06 2.88508 2.22073e-06 1.06219e-06 1.08702e-06 1.06873e-06 2.88508 2.88508 2.885 1.08807e-06 1.14155e-06 1.14155e-06 1.14155e-06 1.14155e-06 1.14155e-06
2.26089e-06 1.14155e-06 1.14155e-06 1.14155e-06 1.12559e-06 1.08302e-06 2.8851 2.8851 2.8851 2.8851 1.14155e-06 2.8851 2.8851 2.8851 2.8851 2.88509 2.88509 2.88509 2.88509 2.88509 2.88509 2.88509 2.88509 2.88509 2.88509 2.88509 2.88509 2.88509 2.88509 2.88509 2.88509 2.88509 2.88509 2.88509 2.88509 2.88509 2.12187e-06 2.28311e-06 1.02451e-06 2.88509 2.26088e-06 1.14155e-06 1.14155e-06 1.14155e-06 1.14155e-06 1.14155e-06 3.42466e-06 1.14155e-06 1.14155e-06 1.14155e-06 1.14155e-06 1.09637e-06 2.88508 2.88508 2.20299e-06 2.88508 2.88508 2.88508 2.88508 2.14036e-06 2.19236e-06 2.25025e-06 1.14155e-06 1.14155e-06 1.14155e-06 1.14155e-06 1.14155e-06
1.14155e-06 1.14155e-06 1.14155e-06 1.12559e-06 1.08218e-06 2.8851 2.8851 2.21341e-06 2.8851 1.14155e-06 2.8851 2.8851 2.8851 2.8851 2.8851 2.88509 2.88509 2.88509 2.88509 2.88509 2.88509 2.88509 2.88509 2.88509 2.88509 2.88509 2.88509 2.88509 2.88509 2.88509 2.88509 2.88509 2.88509 2.88509 2.88509 2.11195e-06 2.28311e-06 9.58058e-07 2.88509 2.24241e-06 2.26775e-06 1.14155e-06 1.14155e-06 1.14155e-06 1.14155e-06 1.14155e-06 1.14155e-06 1.14155e-06 1.14155e-06 1.14155e-06 1.1259e-06 1.0684e-06 2.88508 2.88508 2.88508 2.88508 1.11024e-06 2.88508 2.88508 2.22082e-06 1.14155e-06 1.14155e-06 1.14155e-06 1.14155e-06 1.14155e-06 1.14155e-06 1.14155e-06
1.14155e-06 1.14155e-06 1.12559e-06 1.08218e-06 2.8851 2.8851 2.2361e-06 2.28311e-06 1.05603e-06 2.8851 2.8851 2.8851 2.8851 2.8851 2.8851 2.88509 2.88509 2.88509 2.88509 2.88509 2.88509 2.88509 2.88509 2.88509 2.88509 2.88509 2.88509 2.88509 2.88509 2.88509 2.88509 2.88509 2.88509 2.88509 2.10338e-06 2.28311e-06 9.47983e-07 2.88509 2.88509 2.24455e-06 1.14155e-06 1.14155e-06 1.14155e-06 1.14155e-06 1.14155e-06 1.14155e-06 1.14155e-06 1.14155e-06 1.14155e-06 1.14155e-06 1.11873e-06 2.88508 2.88508 2.88508 2.88508 1.14155e-06 2.88508 2.88508 2.88508 2.17421e-06 2.20812e-06 2.21193e-06 2.2336e-06 2.26548e-06 1.14155e-06 1.14155e-06 1.14155e-06
1.14155e-06 1.12559e-06 1.08218e-06 2.8851 2.8851 2.2605e-06 2.8851 1.06139e-06 2.8851 2.8851 2.8851 2.8851 2.8851 2.8851 2.8851 2.88509 2.88509 2.88509 2.88509 2.88509 2.88509 2.88509 2.88509 2.88509 2.88509 2.88509 2.88509 2.88509 2.88509 2.88509 2.88509 2.88509 2.88509 2.09632e-06 2.2831e-06 9.389e-07 2.88509 2.88509 2.22539e-06 2.26737e-06 1.14155e-06 1.14155e-06 1.14155e-06 1.14155e-06 1.14155e-06 1.14155e-06 1.14155e-06 1.14155e-06 1.14155e-06 1.14155e-06 1.1259e-06 1.0794e-06 2.88508 2.88508 1.14155e-06 2.88508 2.88508 2.88508 2.88508 2.88508 2.88508 2.88508 2.88508 2.14515e-06 2.22547e-06 2.26475e-06 1.14155e-06
1.12559e-06 1.08218e-06 2.8851 2.8851 2.26033e-06 2.8851 1.10627e-06 2.8851 2.8851 2.8851 2.8851 2.8851 2.8851 2.8851 2.8851 2.88509 2.88509 2.88509 2.88509 2.88509 2.88509 2.88509 2.88509 2.88509 2.88509 2.88509 2.88509 2.88509 2.88509 2.88509 2.88509 2.88509 2.09076e-06 2.2831e-06 9.30714e-07 2.88509 2.88509 2.216e-06 2.26714e-06 1.14155e-06 1.14155e-06 1.14155e-06 1.14155e-06 1.14155e-06 1.14155e-06 1.14155e-06 1.14155e-06 1.14155e-06 1.14155e-06 1.14155e-06 1.14155e-06 1.11774e-06 1.11135e-06 1.10399e-06 2.88508 2.88508 2.88508 2.88508 2.88508 2.88508 2.88508 2.88508 2.88508 2.88508 2.88508 2.12655e-06 2.19213e-06
1.08218e-06 2.8851 2.8851 2.26033e-06 2.8851 1.10605e-06 2.8851 2.8851 2.8851 2.8851 2.8851 2.8851 2.8851 2.8851 2.8851 2.88509 2.88509 2.88509 2.88509 2.88509 2.88509 2.88509 2.88509 2.88509 2.88509 2.88509 2.88509 2.88509 2.88509 2.88509 2.88509 2.13281e-06 2.25772e-06 9.22877e-07 2.88509 2.88509 2.88509 2.24212e-06 1.14155e-06 1.14155e-06 1.14155e-06 1.14155e-06 1.14155e-06 1.14155e-06 1.14155e-06 1.14155e-06 1.14155e-06 1.14155e-06 1.14155e-06 1.14155e-06 1.14155e-06 1.11902e-06 2.885 2.88508 4.07989 2.88508 2.88508 2.88508 2.88508 2.88508 2.88508 2.88508 2.88508 2.88508 2.88508 2.88508 2.88508
2.8851 2.8851 2.26033e-06 2.8851 1.10605e-06 2.8851 2.8851 2.8851 2.8851 2.8851 2.8851 2.8851 2.8851 2.8851 2.8851 2.88509 2.88509 2.88509 2.88509 2.88509 2.88509 2.88509 2.88509 2.88509 2.88509 2.88509 2.88509 2.88509 2.88509 2.88509 2.21318e-06 2.88509 9.75815e-07 2.88509 2.88509 2.88509 2.20776e-06 2.26714e-06 1.14155e-06 1.14155e-06 1.14155e-06 1.14155e-06 1.14155e-06 1.14155e-06 1.14155e-06 1.14155e-06 1.14155e-06 1.14155e-06 1.14155e-06 1.14155e-06 1.14155e-06 1.11582e-06 1.03109e-06 2.88508 5.77 4.08001 2.88508 2.88508 2.88508 2.88508 2.88508 2.88508 2.88508 2.88508 2.88508 2.88508 2.88508
2.8851 2.26033e-06 2.8851 1.10605e-06 2.8851 2.8851 2.8851 2.8851 2.8851 2.8851 2.8851 2.8851 2.8851 2.8851 2.8851 2.88509 2.88509 2.88509 2.88509 2.88509 2.88509 2.88509 2.88509 2.88509 2.88509 2.88509 2.88509 2.88509 2.88509 2.21239e-06 2.88509 1.06656e-06 2.88509 2.88509 2.88509 2.88509 2.22204e-06 1.14155e-06 1.14155e-06 1.14155e-06 1.14155e-06 1.14155e-06 1.14155e-06 1.14155e-06 1.14155e-06 1.14155e-06 1.14155e-06 1.14155e-06 1.14155e-06 1.14155e-06 1.14155e-06 1.08329e-06 2.885 4.08001 6.96501 6.96501 4.08001 2.88508 2.88508 2.88508 2.88508 2.88508 2.88508 2.88508 2.88508 2.88508 2.88508
2.26033e-06 2.88509 1.10605e-06 2.88509 2.88509 2.88509 2.88509 2.88509 2.88509 2.88509 2.88509 2.88509 2.88509 2.88509 2.88509 2.88509 2.88509 2.88509 2.88509 2.88509 2.88509 2.88509 2.88509 2.88509 2.88509 2.88509 2.88509 2.88509 2.21189e-06 2.88509 1.06578e-06 2.88509 2.88509 2.88509 2.88509 2.88509 2.22148e-06 1.14155e-06 1.14155e-06 1.14155e-06 1.14155e-06 1.14155e-06 1.14155e-06 1.14155e-06 1.14155e-06 1.14155e-06 1.14155e-06 1.14155e-06 1.14155e-06 1.14155e-06 1.12383e-06 1.01162e-06 2.885 5.77 8.16001 8.16001 6.96501 4.08001 2.88508 2.88508 2.88508 2.88508 2.88508 2.88508 2.88508 2.88508 2.88508
2.88509 1.10605e-06 2.88509 2.88509 2.88509 2.88509 2.88509 2.88509 2.88509 2.88509 2.88509 2.88509 2.88509 2.88509 2.88509 2.88509 2.88509 2.88509 2.88509 2.88509 2.88509 2.88509 2.88509 2.88509 2.88509 2.88509 2.88509 2.21157e-06 2.88509 1.06531e-06 2.88509 2.88509 2.88509 2.88509 2.88509 2.88509 2.21904e-06 1.14155e-06 1.14155e-06 1.14155e-06 1.14155e-06 1.14155e-06 1.14155e-06 1.14155e-06 1.14155e-06 1.14155e-06 1.14155e-06 1.14155e-06 1.14155e-06 1.14155e-06 1.08495e-06 2.885 4.08001 6.96501 9.85001 11.045 8.16001 6.96501 4.08001 2.88508 2.88508 2.88508 2.88508 2.88508 2.88508 2.88508 2.88508
1.10605e-06 2.88509 2.88509 2.88509 2.88509 2.88509 2.88509 2.88509 2.88509 2.88509 2.88509 2.88509 2.88509 2.88509 2.88509 2.88509 2.88509 2.88509 2.88509 2.88509 2.88509 2.88509 2.11276e-06 1.92751e-06 1.78832e-06 2.88509 2.22677e-06 2.88509 1.06501e-06 2.88509 2.88509 2.88509 2.88509 2.88509 2.88509 2.88509 2.21725e-06 1.14155e-06 1.14155e-06 1.14155e-06 1.14155e-06 1.14155e-06 1.14155e-06 1.14155e-06 1.12801e-06 1.12197e-06 1.12801e-06 1.14155e-06 1.14155e-06 1.12561e-06 1.03253e-06 2.885 5.77 8.16001 11.045 12.24 11.045 8.16001 6.96501 4.08001 2.88508 2.88508 2.88508 2.88508 2.88508 2.88508 2.88508
2.88509 2.88509 2.88509 2.88509 2.88509 2.88509 2.88509 2.88509 2.88509 2.88509 2.88509 2.88509 2.88509 2.88509 2.88509 2.88509 2.88509 2.88509 2.88509 2.88509 2.88509 2.88509 2.22025e-06 1.14155e-06 1.01112e-06 9.52148e-07 2.88509 1.09338e-06 2.88509 2.88509 2.88509 2.88509 2.88509 2.88509 2.88509 2.88509 2.21556e-06 1.14155e-06 1.14155e-06 1.14155e-06 1.14155e-06 1.14155e-06 1.14155e-06 1.14155e-06 1.11589e-06 2.54914 1.11589e-06 1.14155e-06 1.14155e-06 1.11815e-06 2.885 4.08001 6.96501 9.85001 15.125 15.125 12.24 11.045 8.16001 6.96501 4.08001 2.88508 2.88508 2.88508 2.88508 2.88508 2.88508
2.88509 2.88509 2.88509 2.88509 2.88509 2.88509 2.88509 2.88509 2.88509 2.88509 2.88509 2.88509 2.88509 2.88509 2.88509 2.88509 2.88509 2.88509 2.88509 2.88509 2.88509 2.1736e-06 2.26714e-06 1.14155e-06 1.14155e-06 1.11719e-06 1.08438e-06 2.88509 2.88509 2.88509 2.88509 2.88509 2.88509 2.88509 2.88509 2.88509 2.21409e-06 1.14155e-06 1.14155e-06 1.14155e-06 1.14155e-06 1.14155e-06 1.14155e-06 1.14155e-06 1.11939e-06 1.13605 1.11939e-06 1.14155e-06 1.14155e-06 1.12561e-06 1.02852e-06 2.885 5.77 11.045 11.54 11.045 9.85001 8.655 8.655 8.16001 6.96501 4.08001 2.88508 2.88508 2.88508 2.88508 2.88508
2.88509 2.88509 2.88509 2.88509 2.88509 2.88509 2.88509 2.88509 2.88509 2.88509 2.88509 2.88509 2.88509 2.88509 2.88509 2.88509 2.88509 2.88509 2.88509 2.88509 2.18661e-06 2.2668e-06 1.14155e-06 1.12404e-06 1.09908e-06 1.0596e-06 2.88509 2.88509 2.88509 2.88509 2.88509 2.88509 2.88509 2.88509 2.88509 2.88509 2.21273e-06 1.14155e-06 1.14155e-06 1.14155e-06 1.14155e-06 1.14155e-06 1.14155e-06 1.14155e-06 1.13546e-06 1.13271e-06 1.13176e-06 1.11949e-06 1.12628e-06 1.14155e-06 1.05669e-06 2.885 5.77 8.655 8.655 8.16001 6.96501 5.77 5.77 6.96501 8.16001 6.96501 4.08001 2.88508 2.88508 2.88508 2.88508
2.88509 2.88509 2.88509 2.88509 2.88509 2.88509 2.88509 2.88509 2.88509 2.88509 2.88509 2.02324e-06 2.12388e-06 2.21679e-06 2.22115e-06 2.22368e-06 2.22368e-06 2.22115e-06 2.22195e-06 2.24032e-06 2.26714e-06 1.14155e-06 1.12329e-06 1.0702e-06 2.88509 2.88509 2.88509 2.88509 2.88509 2.88509 2.88509 2.88509 2.88509 2.88509 2.88509 2.88509 2.21368e-06 1.14155e-06 1.14155e-06 1.14155e-06 1.14155e-06 1.14155e-06 1.14155e-06 1.14155e-06 1.14155e-06 1.14155e-06 1.11949e-06 2.885 1.12476e-06 1.09824e-06 1.0404e-06 2.885 5.77 5.77 5.77 5.77 4.08001 2.885 2.885 4.08001 5.77 6.96501 6.96501 4.08001 2.88508 2.88508 2.88508
2.88509 3.92335 2.88509 2.88509 2.88509 2.88509 2.88509 2.88509 2.88509 2.88509 2.13818e-06 2.26296e-06 1.14155e-06 1.14155e-06 1.14155e-06 1.14155e-06 1.14155e-06 1.14155e-06 1.14155e-06 1.14155e-06 1.14155e-06 1.12373e-06 1.0692e-06 2.88509 2.88509 2.88509 2.88509 2.88509 2.88509 2.88509 2.88509 2.88509 2.88509 2.88509 2.88509 2.88509 2.23464e-06 1.14155e-06 1.14155e-06 1.14155e-06 1.14155e-06 1.14155e-06 1.14155e-06 1.14155e-06 1.14155e-06 1.14155e-06 1.12628e-06 1.11949e-06 1.11476e-06 2.885 2.885 4.08001 2.885 2.885 2.885 2.885 2.885 9.9301e-07 1.00146e-06 2.885 2.885 4.08001 6.96501 6.96501 4.08001 2.88508 2.88508
4.72913 5.76977 2.88509 2.88509 2.88509 2.88509 2.88509 2.88509 2.88509 2.13546e-06 2.26275e-06 1.14155e-06 1.14155e-06 1.14155e-06 1.14155e-06 1.14155e-06 1.14155e-06 1.14155e-06 1.14155e-06 1.14155e-06 1.12532e-06 1.06343e-06 2.88509 2.88509 2.88509 2.88509 2.88509 2.88509 2.88509 2.88509 2.88509 2.88509 2.88509 2.88509 2.88509 2.16855e-06 2.26569e-06 1.14155e-06 1.14155e-06 1.14155e-06 1.14155e-06 1.14155e-06 1.14155e-06 1.14155e-06 1.14155e-06 1.14155e-06 1.14155e-06 1.14155e-06 1.08375e-06 2.885 4.08001 2.84244 1.04166e-06 1.06098e-06 1.05976e-06 1.06324e-06 1.08969e-06 1.12396e-06 1.12445e-06 1.08853e-06 1.02658e-06 2.885 4.08001 6.96501 6.96501 4.08001 2.88508
7.61413 5.77 2.88509 2.88509 2.88509 2.88509 2.88509 2.88509 2.11401e-06 2.26263e-06 1.14155e-06 1.14155e-06 1.14155e-06 1.14155e-06 1.14155e-06 1.14155e-06 1.14155e-06 1.14155e-06 1.14155e-06 1.14155e-06 1.09631e-06 2.88509 2.88509 2.88509 2.88509 2.88509 2.88509 2.88509 2.88509 2.88509 2.88509 2.88509 2.88509 2.88509 2.13881e-06 2.26413e-06 1.14155e-06 1.14155e-06 1.14155e-06 1.14155e-06 1.14155e-06 1.14155e-06 1.14155e-06 1.14155e-06 1.14155e-06 1.14155e-06 1.14155e-06 1.14155e-06 1.0823e-06 2.885 2.885 1.04633e-06 1.12251e-06 1.14155e-06 1.14155e-06 1.14155e-06 1.14155e-06 1.14155e-06 1.14155e-06 1.14155e-06 1.12349e-06 1.03797e-06 2.885 5.60978 6.96501 6.96501 4.08001
