tests/full-run-ref/erosion_2010_78_16_47.110.asc
ncols 512
nrows 512
xllcorner -3.24582
yllcorner -4.08743
cellsize 5
NODATA_value -99999
[rows 141 to 187 of 512, columns 96 to 191 of 512]
0 0 0 0 0 0 0 0 0 0 0 0 0 0 283.5 286.385 289.27 292.155 295.04 297.925 300.81 300.81 299.785 298.59 297.395 267.512 267.512 267.512 267.512 267.512 267.511 267.511 267.511 267.511 267.511 267.511 267.511 288.302 335.826 331.605 306.413 268.135 259.48 253.71 245.055 245.055 245.055 245.055 245.055 245.055 245.055 245.055 245.055 245.055 245.055 245.055 245.055 190.735 190.735 0 0 0 0 0 0 0 0 0 0 0 0 0 240.473 237.494 0 0 0 217.562 0 0 0 0 0 0 0 0 0 0 0 0 0 0 0 0 0 0
0 0 0 0 0 0 0 0 0 0 0 0 0 0 280.615 283.5 286.385 289.27 292.155 295.04 297.925 297.925 296.9 295.705 267.512 267.512 267.512 267.512 267.512 267.511 267.511 267.511 267.511 267.511 267.511 267.511 267.511 285.427 335.546 331.605 306.413 268.135 259.48 253.71 245.055 245.055 245.055 245.055 245.055 245.055 245.055 245.055 245.055 245.055 245.055 245.055 245.055 190.735 190.735 0 0 0 0 0 0 0 0 0 0 0 0 249.888 212.326 212.328 212.328 212.327 295.858 0 0 0 0 0 0 0 0 0 0 0 0 0 0 0 0 0 0 0
0 0 0 0 0 0 0 0 0 0 0 0 0 0 277.73 280.615 283.5 286.385 289.27 292.155 295.04 295.04 294.015 267.512 267.512 267.512 267.512 267.512 267.512 267.511 267.511 267.511 267.511 267.511 267.511 267.511 267.511 282.55 335.274 306.413 273.905 268.135 259.48 253.71 245.055 245.055 245.055 245.055 245.055 245.055 245.055 245.055 245.055 245.055 245.055 245.055 245.055 190.735 190.735 0 0 0 0 0 0 0 0 0 0 0 224.208 251.522 295.892 212.33 212.33 212.33 295.889 211.794 0 0 0 0 0 0 0 0 0 0 0 0 0 0 0 0 0 0
0 0 0 0 0 0 0 0 0 0 0 0 0 0 274.845 277.73 280.615 283.5 286.385 289.27 292.155 292.155 267.512 267.512 267.512 267.512 267.512 267.512 267.512 267.511 267.511 267.511 267.511 267.511 267.511 267.511 267.511 267.509 306.413 273.905 271.02 268.135 259.48 253.71 245.055 245.055 245.055 245.055 245.055 245.055 245.055 245.055 245.055 245.055 245.055 245.055 245.055 190.735 190.735 0 0 0 0 0 0 0 0 0 0 0 255.603 295.893 212.33 212.33 212.33 212.33 295.888 208.919 0 0 0 0 0 0 0 0 0 0 0 0 0 0 0 0 0 0
0 0 0 0 0 0 0 0 0 0 0 0 0 0 271.96 274.845 277.73 280.615 283.5 286.385 289.27 267.512 267.512 267.512 267.512 267.512 267.512 267.512 267.512 267.511 267.511 267.511 267.511 267.511 267.511 267.511 267.511 267.509 273.905 271.02 268.135 265.25 259.48 253.71 245.055 245.055 245.055 245.055 245.055 245.055 245.055 245.055 245.055 245.055 245.055 245.055 245.055 190.735 190.735 0 0 0 0 0 0 0 0 0 0 259.683 295.893 295.748 212.328 293.889 212.327 295.893 295.889 206.043 0 0 0 0 0 0 0 0 0 0 0 0 0 0 0 0 0 0
0 0 0 0 0 0 0 0 0 0 0 0 0 0 267.512 267.512 267.512 267.512 267.512 267.512 267.512 267.512 267.512 267.512 267.512 267.512 267.512 267.512 267.512 267.511 267.511 267.511 267.511 267.511 267.511 267.511 267.511 267.509 271.02 268.135 265.25 262.365 259.48 253.71 245.055 245.055 245.055 245.055 245.055 245.055 245.055 245.055 245.055 245.055 245.055 245.055 245.055 190.735 190.735 0 0 0 0 0 0 0 0 0 261.774 295.893 295.894 295.892 213.52 212.274 213.144 287.396 204.661 203.167 0 0 0 0 0 0 0 0 0 0 0 0 0 0 0 0 0 0
0 0 0 0 0 0 0 0 0 0 0 0 0 0 266.19 267.512 267.512 267.512 267.512 267.512 267.512 267.512 267.512 267.512 267.512 267.512 267.512 267.512 267.512 267.511 267.511 267.511 267.511 267.511 267.511 266.94 265.25 265.247 268.135 265.25 262.365 259.48 256.595 253.71 245.055 245.055 245.055 245.055 245.055 245.055 245.055 245.055 245.055 245.055 245.055 245.055 245.055 190.735 190.735 0 0 0 0 0 0 0 0 182.928 295.893 0 214.719 217.548 210.638 205.365 208.198 208.966 201.776 200.294 0 0 0 0 0 0 0 0 0 0 0 0 0 0 0 0 0 0
0 0 0 0 0 0 0 0 0 0 0 0 0 0 263.305 266.19 267.512 267.512 267.512 267.512 267.512 267.512 267.512 267.512 267.512 267.512 267.512 267.512 267.511 267.511 267.511 267.511 267.511 266.445 265.25 264.055 262.365 262.362 265.25 262.365 259.48 256.595 253.71 250.825 245.055 245.055 245.055 245.055 245.055 245.055 245.055 245.055 245.055 245.055 245.055 245.055 245.055 190.735 190.735 0 0 0 0 0 0 0 199.008 295.893 0 0 293.969 214.667 207.754 202.48 201.285 202.609 148.884 197.423 0 0 0 0 0 0 0 0 0 0 0 0 0 0 0 0 0 0
0 0 0 0 0 0 0 0 0 0 0 0 0 0 260.42 263.305 266.19 267.512 267.512 267.512 267.512 267.512 267.512 267.512 267.512 267.512 267.512 267.512 267.511 267.511 267.145 265.95 264.755 263.56 262.365 261.17 259.48 259.477 262.365 259.48 256.595 253.71 250.825 247.94 245.055 245.055 245.055 245.055 245.055 245.055 245.055 245.055 245.055 245.055 245.055 245.055 245.055 190.735 190.735 0 0 0 0 0 0 186.512 295.893 0 0 0 295.892 211.82 204.869 199.595 198.4 148.887 148.887 0 0 0 0 0 0 0 0 0 0 0 0 0 0 0 0 0 0 0
0 0 0 0 0 0 0 0 0 0 0 0 0 0 257.535 260.42 263.305 266.19 267.512 267.512 267.512 267.512 267.512 267.512 267.512 267.512 267.512 267.512 266.65 265.455 264.26 263.065 261.87 260.675 259.48 258.285 256.595 256.591 259.48 256.595 253.71 250.825 247.94 245.055 245.055 245.055 245.055 245.055 245.055 245.055 245.055 245.055 245.055 245.055 245.055 245.055 245.055 190.735 190.735 0 0 0 0 0 0 0 0 0 0 0 295.892 208.934 201.984 196.71 148.887 148.887 0 0 0 0 0 0 0 0 0 0 0 0 0 0 0 0 0 0 0 0
0 0 0 0 0 0 0 0 0 0 0 0 0 0 254.65 257.535 260.42 263.305 266.19 267.512 267.512 267.512 267.512 267.512 267.512 267.35 266.155 264.96 263.765 262.57 261.375 260.18 258.985 257.79 256.595 255.4 253.71 253.706 256.595 253.71 250.825 247.94 245.055 245.055 245.055 245.055 245.055 245.055 245.055 245.055 245.055 245.055 245.055 245.055 245.055 245.055 245.055 190.735 190.735 0 0 0 0 0 0 0 0 0 0 0 295.892 206.049 199.098 148.888 148.887 0 0 0 0 0 0 0 0 0 0 0 0 0 0 0 0 0 0 0 0 0
0 0 0 0 0 0 0 0 0 0 0 0 0 0 251.765 254.65 257.535 260.42 263.305 266.19 267.512 267.512 267.512 266.855 265.66 264.465 263.27 262.075 260.88 259.685 258.49 257.295 256.1 254.905 253.71 252.515 250.825 250.821 253.709 250.825 247.94 245.055 245.055 245.055 245.055 245.055 245.055 245.055 245.055 245.055 245.055 245.055 245.055 245.055 245.055 245.055 245.055 190.735 190.735 0 0 0 0 0 0 0 0 0 0 0 295.892 204.844 196.214 148.888 0 0 0 0 0 0 0 0 0 0 0 0 0 0 0 0 0 0 0 0 0 0
0 0 0 0 0 0 0 0 0 0 0 0 0 0 248.88 251.765 254.65 257.535 260.42 263.305 266.19 266.19 265.165 263.97 262.775 261.58 260.385 259.19 257.995 256.8 255.605 254.41 253.215 252.02 250.825 249.63 247.94 247.936 250.824 247.94 245.055 245.055 245.055 245.055 245.055 245.055 245.055 245.055 245.055 245.055 245.055 245.055 245.055 245.055 245.055 245.055 245.055 190.735 190.735 0 0 0 0 0 0 0 0 0 0 0 295.892 0 0 0 0 0 0 0 0 0 0 0 0 0 0 0 0 0 0 0 0 0 0 0 0 0
0 0 0 0 0 0 0 0 0 0 0 0 0 0 247.685 248.88 251.765 254.65 257.535 260.42 263.305 263.305 262.28 261.085 259.89 258.695 257.5 256.305 255.11 253.915 252.72 251.525 250.33 249.135 247.94 246.745 245.055 245.05 247.939 245.055 245.055 245.055 245.055 245.055 245.055 245.055 245.055 245.055 245.055 245.055 245.055 245.055 245.055 245.055 245.055 245.055 245.055 190.735 190.735 0 0 0 0 0 0 0 0 0 0 0 295.893 0 171.356 0 0 0 0 0 0 0 0 0 0 0 0 0 0 0 0 0 0 0 0 0 0 0
0 0 0 0 0 0 0 0 0 0 0 0 0 0 247.685 247.685 248.88 251.765 254.65 257.535 260.42 260.42 259.395 258.2 257.005 255.81 254.615 253.42 252.225 251.03 249.835 248.64 247.445 246.25 245.055 243.86 243.86 246.844 245.054 245.055 245.055 245.055 245.055 245.055 245.055 245.055 245.055 245.055 245.055 245.055 245.055 245.055 245.055 245.055 245.055 245.055 190.735 190.735 0 0 0 0 0 0 0 0 0 0 0 0 0 0 0 0 0 0 0 0 0 0 0 0 0 0 0 0 0 0 0 0 0 0 0 0 0 0
0 0 0 0 0 0 0 0 0 0 0 0 0 243.605 247.685 247.685 247.685 248.88 251.765 254.65 257.535 257.535 256.51 255.315 254.12 252.925 251.73 250.535 249.34 248.145 246.95 245.755 244.56 243.365 242.17 240.975 240.975 244.963 332.132 245.055 245.055 245.055 245.055 245.055 245.055 245.055 245.055 245.055 245.055 245.055 245.055 245.055 245.055 245.055 245.055 190.735 190.735 0 0 0 0 0 0 0 0 0 0 0 0 0 295.893 181.787 184.669 0 0 0 0 0 0 0 0 0 0 0 0 0 0 0 0 0 0 0 0 0 0 0
0 0 0 0 0 0 0 0 0 0 0 0 239.525 243.605 247.685 247.685 247.685 247.685 248.88 251.765 254.65 254.65 253.625 252.43 251.235 250.04 248.845 247.65 246.455 245.26 244.065 242.87 241.675 240.48 239.285 238.09 238.09 242.076 331.879 245.055 245.055 245.055 245.055 245.055 245.055 245.055 245.055 245.055 245.055 245.055 245.055 245.055 245.055 245.055 190.735 190.735 0 0 0 0 0 0 0 0 0 0 0 0 0 295.893 180.097 177.209 0 0 0 0 0 0 0 0 0 0 0 0 0 0 0 0 0 0 0 0 0 0 0 0
0 0 0 0 0 0 0 0 0 0 0 235.445 239.525 243.605 243.605 247.48 247.685 247.685 247.685 248.88 251.765 251.765 250.74 249.545 248.35 247.155 245.96 244.765 243.57 242.375 241.18 239.985 238.79 237.595 236.4 235.205 235.205 239.19 331.332 245.055 245.055 245.055 245.055 245.055 245.055 245.055 245.055 245.055 245.055 245.055 245.055 245.055 245.055 190.735 190.735 0 0 0 0 0 0 0 0 0 0 0 0 0 177.42 295.643 177.209 0 0 0 0 0 0 0 0 0 0 0 0 0 0 0 0 0 0 0 0 0 0 0 0 0
0 0 0 0 0 0 0 0 0 0 231.365 235.445 239.525 239.525 243.4 243.605 245.79 246.985 247.685 247.685 248.88 248.88 247.855 246.66 245.465 244.27 243.075 241.88 240.685 239.49 238.295 237.1 235.905 234.71 233.515 232.32 232.32 236.305 328.534 245.055 245.055 245.055 245.055 245.055 245.055 245.055 245.055 245.055 245.055 245.055 245.055 245.055 190.735 190.735 0 0 0 0 0 0 0 0 0 0 0 0 0 134.897 177.42 177.417 174.325 0 0 0 0 0 0 0 0 0 0 0 0 0 0 0 0 0 0 0 0 0 0 0 0 0
0 0 0 0 0 0 0 0 0 227.285 231.365 235.445 235.445 239.32 239.525 241.71 242.905 244.1 245.295 246.49 247.36 246.165 244.97 243.775 242.58 241.385 240.19 238.995 237.8 236.605 235.41 234.215 233.02 231.825 230.63 229.435 229.435 233.42 327.25 245.055 245.055 245.055 245.055 245.055 245.055 245.055 245.055 245.055 245.055 245.055 245.055 190.735 190.735 0 0 0 0 0 0 0 0 0 0 0 0 0 0 134.897 295.893 177.417 180.296 0 0 0 0 0 0 0 0 0 0 0 0 0 0 0 0 0 0 0 0 0 0 0 0 0
0 0 0 0 0 0 0 0 223.205 227.285 231.365 231.365 235.24 235.445 237.63 238.825 240.02 241.215 242.41 243.605 244.475 243.28 242.085 240.89 239.695 238.5 237.305 236.11 234.915 233.72 232.525 231.33 230.135 228.94 227.745 226.55 226.55 230.536 324.454 245.055 245.055 245.055 245.055 245.055 245.055 245.055 245.055 245.055 245.055 245.055 190.735 190.735 144.784 144.785 0 0 0 0 0 0 0 0 0 0 0 0 0 134.897 295.802 174.529 168.558 0 0 0 0 0 0 0 0 0 0 0 0 0 0 0 0 0 0 0 0 0 0 0 0 0
0 0 0 0 0 0 0 219.125 223.205 227.285 227.285 231.16 231.365 233.55 234.745 235.94 237.135 238.33 239.525 240.72 241.59 240.395 239.2 238.005 236.81 235.615 234.42 233.225 232.03 230.835 229.64 228.445 227.25 226.055 224.86 223.665 223.665 227.652 323.169 245.055 245.055 245.055 245.055 245.055 245.055 245.055 245.055 245.055 245.055 190.735 190.735 144.784 144.785 144.785 144.785 0 0 0 0 0 0 0 0 0 0 0 0 134.897 174.737 171.645 174.529 0 0 0 0 0 0 0 0 0 0 0 0 0 0 0 0 0 0 0 0 0 0 0 0 0
0 0 0 0 0 0 215.045 219.125 223.205 223.205 227.08 227.285 229.47 230.665 231.86 233.055 234.25 235.445 236.64 239.525 238.705 237.51 236.315 235.12 233.925 232.73 231.535 230.34 229.145 227.95 226.755 225.56 224.365 223.17 221.975 220.78 220.78 224.768 320.374 245.055 245.055 245.055 245.055 245.055 245.055 245.055 245.055 245.055 190.735 190.735 144.784 144.785 144.785 162.005 159.12 157.925 0 0 0 0 0 0 0 0 0 0 0 134.897 174.737 168.761 171.644 0 0 0 0 0 0 0 0 0 0 0 0 0 0 0 0 0 0 0 0 0 0 0 0 0
0 0 0 0 0 210.965 215.045 219.125 219.125 223 223.205 225.39 226.585 227.78 228.975 230.17 231.365 232.56 235.445 236.64 235.82 234.625 233.43 232.235 231.04 229.845 228.65 227.455 226.26 225.065 223.87 222.675 221.48 220.285 219.09 217.895 217.895 221.884 319.09 245.055 245.055 245.055 245.055 245.055 245.055 245.055 245.055 190.735 190.735 144.784 144.785 144.785 164.89 164.89 162.005 159.12 157.925 0 0 0 0 0 0 0 0 0 0 134.896 295.891 174.726 168.759 0 0 0 0 0 0 0 0 0 0 0 0 0 0 0 0 0 0 0 0 0 0 0 0 0
0 0 0 0 206.885 210.965 215.045 215.045 218.92 219.125 221.31 222.505 223.7 224.895 226.09 227.285 228.48 231.365 232.56 234.13 232.935 231.74 230.545 229.35 228.155 226.96 225.765 224.57 223.375 222.18 220.985 219.79 218.595 217.4 216.205 215.01 215.009 219.001 316.294 245.055 245.055 245.055 245.055 245.055 245.055 245.055 190.735 190.735 144.784 170.165 166.085 166.085 166.085 166.085 164.89 162.005 159.12 157.925 0 0 0 0 0 0 0 0 0 295.891 170.655 160.603 165.874 0 0 0 0 0 0 0 0 0 0 0 0 0 0 0 0 0 0 0 0 0 0 0 0 0
0 0 0 202.805 206.885 210.965 210.965 214.84 215.045 217.23 218.425 219.62 220.815 222.01 223.205 224.4 227.285 228.48 231.365 231.245 230.05 228.855 227.66 226.465 225.27 224.075 222.88 221.685 220.49 219.295 218.1 216.905 215.71 214.515 213.32 212.125 212.124 216.118 315.011 245.055 245.055 245.055 245.055 245.055 245.055 190.735 190.735 144.784 173.05 173.05 170.165 166.085 166.085 166.085 166.085 164.89 162.005 159.12 157.925 0 0 0 0 0 0 0 295.891 166.574 156.523 152.729 152.73 0 0 0 0 0 0 0 0 0 0 0 0 0 0 0 0 0 0 0 0 0 0 0 0 0
0 0 198.725 202.805 206.885 206.885 210.76 210.965 213.15 214.345 215.54 216.735 217.93 219.125 220.32 223.205 224.4 227.285 229.555 228.36 227.165 225.97 224.775 223.58 222.385 221.19 219.995 218.8 217.605 216.41 215.215 214.02 212.825 211.63 210.435 209.24 209.239 213.235 312.214 245.055 245.055 245.055 245.055 245.055 190.735 190.735 144.784 180.51 180.51 180.51 173.05 170.165 170.165 170.165 166.085 166.085 164.89 162.005 159.12 157.925 0 0 0 0 0 295.891 162.494 154.833 152.73 152.445 0 0 0 0 0 0 0 0 0 0 0 0 0 0 0 0 0 0 0 0 0 0 0 0 0 0
0 194.645 198.725 202.805 202.805 206.68 206.885 209.07 210.265 211.46 212.655 213.85 215.045 216.24 219.125 220.32 223.205 226.09 226.67 225.475 224.28 223.085 221.89 220.695 219.5 218.305 217.11 215.915 214.72 213.525 212.33 211.135 209.94 208.745 207.55 206.355 206.354 210.352 310.934 245.055 245.055 245.055 245.055 190.735 190.735 144.785 144.785 180.51 180.51 180.51 180.51 173.05 173.05 173.05 170.165 166.085 166.085 164.89 162.005 159.12 157.925 0 0 0 295.891 158.415 126.799 126.8 126.8 0 0 0 0 0 0 0 0 0 0 0 0 0 0 0 0 0 0 0 0 0 0 0 0 0 0 0
190.565 194.645 198.725 198.725 202.6 202.805 204.99 206.185 207.38 208.575 209.77 210.965 212.16 215.045 216.24 219.125 222.01 224.895 223.785 222.59 221.395 220.2 219.005 217.81 216.615 215.42 214.225 213.03 211.835 210.64 209.445 208.25 207.055 205.86 204.665 203.47 203.469 207.47 308.133 245.055 245.055 245.055 190.735 190.735 144.785 144.785 144.785 180.51 180.51 180.51 180.51 295.888 293.831 175.933 173.048 170.163 166.083 166.083 164.888 162.003 159.118 157.923 295.891 157.92 0 0 0 0 0 0 0 0 0 0 0 0 0 0 0 0 0 0 0 0 0 0 0 0 0 0 0 0 0 0 0 0
190.565 194.645 194.645 198.52 198.725 200.91 202.105 203.3 204.495 205.69 206.885 208.08 210.965 212.16 215.045 217.93 220.815 222.095 220.9 219.705 218.51 217.315 216.12 214.925 213.73 212.535 211.34 210.145 208.95 207.755 206.56 205.365 204.17 202.975 201.78 200.585 200.584 204.588 306.858 245.055 245.055 190.735 190.735 144.785 144.785 144.785 144.785 180.51 184.06 184.06 295.894 180.509 174.242 171.357 170.162 166.081 166.081 163.196 162.001 159.116 0 0 0 0 0 0 0 0 0 0 0 0 0 0 0 0 0 0 0 0 0 0 0 0 0 0 0 0 0 0 0 0 0 0 0 0
190.565 190.565 194.44 194.645 196.83 198.025 199.22 200.415 201.61 202.805 204 206.885 208.08 210.965 213.85 216.735 219.62 219.21 218.015 216.82 215.625 214.43 213.235 212.04 210.845 209.65 208.455 207.26 206.065 204.87 203.675 202.48 201.285 200.09 198.895 197.7 197.699 201.706 304.053 245.055 190.735 190.735 144.785 144.785 144.785 144.785 179.98 184.06 184.06 295.894 184.059 174.242 171.359 170.165 167.28 166.085 163.2 124.197 124.196 0 0 0 0 0 0 0 0 0 0 0 0 0 0 0 0 0 0 0 0 0 0 0 0 0 0 0 0 0 0 0 0 0 0 0 0 0
186.485 190.36 190.565 192.75 193.945 195.14 196.335 197.53 198.725 199.92 202.805 204 206.885 209.77 212.655 215.54 217.52 216.325 215.13 213.935 212.74 211.545 210.35 209.155 207.96 206.765 205.57 204.375 203.18 201.985 200.79 199.595 198.4 197.205 196.01 194.815 194.814 198.794 302.8 190.735 190.735 144.785 144.785 144.785 144.785 144.785 179.98 295.894 295.893 184.059 174.243 171.359 175.92 167.28 166.085 124.196 124.196 0 0 0 0 0 0 0 0 0 0 0 0 0 0 0 0 0 0 0 0 0 0 0 0 0 0 0 0 0 0 0 0 0 0 0 0 0 0 0
186.28 186.485 188.67 189.865 191.06 192.255 193.45 194.645 195.84 198.725 199.92 202.805 205.69 208.575 211.46 214.345 214.635 213.44 212.245 211.05 209.855 208.66 207.465 206.27 205.075 203.88 202.685 201.49 200.295 199.1 197.905 196.71 195.515 194.32 193.125 191.93 190.734 194.482 190.734 298.735 190.735 174.21 144.785 144.785 144.785 144.785 295.894 179.979 175.438 184.05 171.359 174.245 124.196 124.197 124.197 0 0 0 0 0 0 0 0 0 0 0 0 0 0 0 0 0 0 0 0 0 0 0 0 0 0 0 0 0 0 0 0 0 0 0 0 0 0 0 0 0
182.405 184.59 185.785 186.98 188.175 189.37 190.565 191.76 194.645 195.84 198.725 201.61 204.495 207.38 210.265 212.945 211.75 210.555 209.36 208.165 206.97 205.775 204.58 203.385 202.19 200.995 199.8 198.605 197.41 196.215 195.02 193.825 192.63 191.435 190.24 189.045 187.849 190.693 183.248 294.544 294.289 176.105 174.21 174.21 174.21 144.784 174.209 174.208 173.509 129.668 0 0 0 0 0 0 0 0 0 0 0 0 0 0 0 0 0 0 0 0 0 0 0 0 0 0 0 0 0 0 0 0 0 0 0 0 0 0 0 0 0 0 0 0 0 0
180.51 181.705 182.9 184.095 185.29 186.485 187.68 190.565 191.76 194.645 197.53 200.415 203.3 206.185 209.07 210.06 208.865 207.67 206.475 205.28 204.085 202.89 201.695 200.5 199.305 198.11 196.915 195.72 194.525 193.33 192.135 190.94 189.745 188.55 187.355 186.16 184.965 183.252 186.617 182.572 182.574 176.105 294.246 174.209 174.209 174.209 144.782 0 0 0 0 0 0 0 0 0 0 0 0 0 0 0 0 0 0 0 0 0 0 0 0 0 0 0 0 0 0 0 0 0 0 0 0 0 0 0 0 0 0 0 0 0 0 0 0 0
177.625 178.82 180.015 181.21 182.405 183.6 186.485 187.68 190.565 193.45 196.335 199.22 202.105 204.99 207.055 207.175 205.98 204.785 203.59 202.395 201.2 200.005 198.81 197.615 196.42 195.225 194.03 192.835 191.64 190.445 189.25 188.055 186.86 185.665 184.47 183.275 182.08 180.885 179.69 182.54 176.103 176.104 174.208 173.713 172.518 175.385 0 0 0 0 0 0 0 0 0 0 0 0 0 0 0 0 0 0 0 0 0 0 0 0 0 0 0 0 0 0 0 0 0 0 0 0 0 0 0 0 0 0 0 0 0 0 0 0 0 0
174.74 175.935 177.13 178.325 179.52 182.405 183.6 186.485 189.37 192.255 195.14 198.025 200.91 202.975 204.17 204.29 203.095 201.9 200.705 199.51 198.315 197.12 195.925 194.73 193.535 192.34 191.145 189.95 188.755 187.56 186.365 185.17 183.975 182.78 181.585 180.39 179.195 178 176.805 175.61 178.493 173.219 161.977 161.978 161.978 0 0 0 0 0 0 0 0 0 0 0 0 0 0 0 0 0 0 0 0 0 0 0 0 0 0 0 0 0 0 0 0 0 0 0 0 0 0 0 0 0 0 0 0 0 0 0 0 0 0 0
171.855 173.05 174.245 175.44 178.325 179.52 182.405 185.29 188.175 191.06 193.945 196.83 198.895 200.09 201.285 201.405 200.21 199.015 197.82 196.625 195.43 194.235 193.04 191.845 190.65 189.455 188.26 187.065 185.87 184.675 183.48 182.285 181.09 179.895 178.7 177.505 176.31 175.115 173.92 172.725 171.53 161.978 161.978 161.978 0 0 0 0 0 0 0 0 0 0 0 0 0 0 0 0 0 0 0 0 0 0 0 0 0 0 0 0 0 0 0 0 0 0 0 0 0 0 0 0 0 0 0 0 0 0 0 0 0 0 0 0
168.97 170.165 171.36 174.245 175.44 178.325 181.21 184.095 186.98 189.865 192.75 194.815 196.01 197.205 198.4 198.52 197.325 196.13 194.935 193.74 192.545 191.35 190.155 188.96 187.765 186.57 185.375 184.18 182.985 181.79 180.595 179.4 178.205 177.01 175.815 174.62 173.425 172.23 171.035 169.84 161.977 161.978 161.978 0 0 0 0 0 0 0 0 0 0 0 0 0 0 0 0 0 0 0 0 0 0 0 0 0 0 0 0 0 0 0 0 0 0 0 0 0 0 0 0 0 0 0 0 0 0 0 0 0 0 0 0 0
166.085 167.28 170.165 171.36 174.245 177.13 180.015 182.9 185.785 188.67 190.735 191.93 193.125 194.32 195.515 195.635 194.44 193.245 192.05 190.855 189.66 188.465 187.27 186.075 184.88 183.685 182.49 181.295 180.1 178.905 177.71 176.515 175.32 174.125 172.93 171.735 170.54 169.345 168.15 161.977 161.977 161.978 0 0 0 0 0 0 0 0 0 0 0 0 0 0 0 0 0 0 0 0 0 0 0 0 0 0 0 0 0 0 0 0 0 0 0 0 0 0 0 0 0 0 0 0 0 0 0 0 0 0 0 0 0 0
163.2 166.085 167.28 170.165 173.05 175.935 178.82 181.705 184.59 186.655 187.85 189.045 190.24 191.435 192.63 192.75 191.555 190.36 189.165 187.97 186.775 185.58 184.385 183.19 181.995 180.8 179.605 178.41 177.215 176.02 174.825 173.63 172.435 171.24 170.045 168.85 167.655 166.46 161.977 161.977 161.977 0 0 0 0 0 0 0 0 0 0 0 0 0 0 0 0 0 0 0 0 0 0 0 0 0 0 0 0 0 0 0 0 0 0 0 0 0 0 0 0 0 0 0 0 0 0 0 0 0 0 0 0 0 0 0
162.005 163.2 166.085 168.97 171.855 174.74 177.625 180.51 182.575 183.77 184.965 186.16 187.355 188.55 189.745 189.865 188.67 187.475 186.28 185.085 183.89 182.695 181.5 180.305 179.11 177.915 176.72 175.525 174.33 173.135 171.94 170.745 169.55 168.355 167.16 165.965 164.77 161.978 161.977 161.185 0 0 0 0 0 0 0 0 0 0 0 0 0 0 0 0 0 0 0 0 0 0 0 0 0 0 0 0 0 0 0 0 0 0 0 0 0 0 0 0 0 0 0 0 0 0 0 0 0 0 0 0 0 0 0 0
159.12 162.005 164.89 167.775 170.66 173.545 176.43 178.495 179.69 180.885 182.08 183.275 184.47 185.665 186.86 186.98 185.785 184.59 183.395 182.2 181.005 179.81 178.615 177.42 176.225 175.03 173.835 172.64 171.445 170.25 169.055 167.86 166.665 165.47 164.275 163.08 161.885 160.69 159.495 0 0 0 0 0 0 0 0 0 0 0 0 0 0 0 0 0 0 0 0 0 0 0 0 0 0 0 0 0 0 0 0 0 0 0 0 0 0 0 0 0 0 0 0 0 0 0 0 0 0 0 0 0 0 0 0 0
157.925 160.81 163.695 166.58 169.465 172.35 174.415 175.61 176.805 178 179.195 180.39 181.585 182.78 183.975 184.095 182.9 181.705 180.51 179.315 178.12 176.925 175.73 174.535 173.34 172.145 170.95 169.755 168.56 167.365 166.17 164.975 163.78 162.585 161.39 160.195 159 157.805 0 0 0 0 0 0 0 0 0 0 0 0 0 0 0 0 0 0 0 0 0 0 0 0 0 0 0 0 0 0 0 0 0 0 0 0 0 0 0 0 0 0 0 0 0 0 0 0 0 0 0 0 0 0 0 0 0 0
156.73 159.615 162.5 165.385 168.27 170.335 171.53 172.725 173.92 175.115 176.31 177.505 178.7 179.895 181.09 181.21 180.015 178.82 177.625 176.43 175.235 174.04 172.845 171.65 170.455 169.26 168.065 166.87 165.675 164.48 163.285 162.09 160.895 159.7 158.505 157.31 156.115 0 0 0 0 0 0 0 0 0 0 0 0 0 0 0 0 0 0 0 0 0 0 0 0 0 0 0 0 0 0 0 0 0 0 0 0 0 0 0 0 0 0 0 0 0 0 0 0 0 0 0 0 0 0 0 0 0 0 0
155.535 158.42 161.305 164.19 167.075 167.45 168.645 169.84 171.035 172.23 173.425 174.62 175.815 177.01 178.205 178.325 177.13 175.935 174.74 173.545 172.35 171.155 169.96 168.765 167.57 166.375 165.18 163.985 162.79 161.595 160.4 159.205 158.01 156.815 155.62 154.425 0 0 0 0 0 0 0 0 0 0 0 0 0 0 0 0 0 0 0 0 0 0 0 0 0 0 0 0 0 0 0 0 0 0 0 0 0 0 0 0 0 0 0 0 0 0 0 0 0 0 0 0 0 0 0 0 0 0 0 0
154.34 157.225 160.11 162.995 164.19 164.565 165.76 166.955 168.15 169.345 170.54 171.735 172.93 174.125 175.32 175.44 174.245 173.05 171.855 170.66 169.465 168.27 167.075 165.88 164.685 163.49 162.295 161.1 159.905 158.71 157.515 156.32 155.125 153.93 152.735 0 0 0 0 0 0 0 0 0 0 0 0 0 0 0 0 0 0 0 0 0 0 0 0 0 0 0 0 0 0 0 0 0 0 0 0 0 0 0 0 0 0 0 0 0 0 0 0 0 0 0 0 0 0 0 0 0 0 0 0 0
