tests/full-run-ref/erosion_2010_78_15_62.100.asc
ncols 512
nrows 512
xllcorner -3.24582
yllcorner -4.08743
cellsize 5
NODATA_value -99999
[rows 273 to 311 of 512, columns 87 to 173 of 512]
164.803 0 0 0 0 0 0 139.014 238.727 235.842 232.957 194.904 189.629 0 0 0 0 0 0 0 0 0 0 0 0 0 0 0 0 0 0 0 0 0 0 0 0 0 0 0 0 0 0 0 0 0 0 0 0 0 0 0 0 0 0 0 0 0 0 0 0 0 0 0 0 0 0 0 0 0 0 0 0 0 0 0 0 0 0 0 0 0 0 0 0 0 0
163.608 0 0 0 0 0 151.081 240.417 0 0 231.762 228.877 190.824 185.549 0 0 0 0 0 0 0 0 0 0 0 0 0 0 0 0 0 0 0 0 0 0 0 0 0 0 0 0 0 0 0 0 0 0 0 0 0 0 0 0 0 0 0 0 0 0 0 0 0 0 0 0 0 0 0 0 0 0 0 0 0 0 0 0 0 0 0 0 0 0 0 0 0
162.413 0 0 0 0 160.944 244.497 0 0 0 0 227.682 224.797 186.744 181.469 0 0 0 0 0 0 0 0 0 0 0 0 0 0 0 0 0 0 0 0 0 0 0 0 0 0 0 0 0 0 0 0 0 0 0 0 0 0 0 0 0 0 0 0 0 0 0 0 0 0 0 0 0 0 0 0 0 0 0 0 0 0 0 0 0 0 0 0 0 0 0 0
163.608 0 226.844 0 151.844 245.902 0 0 0 234.647 0 0 0 216.187 182.664 179.779 176.893 174.008 171.124 0 0 0 0 0 0 0 0 0 0 0 0 0 0 0 0 0 0 0 0 0 0 0 0 0 0 0 0 0 0 0 0 0 0 0 0 0 0 0 0 0 0 0 0 0 0 0 0 0 0 0 0 0 0 0 0 0 0 0 0 0 0 0 0 0 0 0 0
179.324 0 233.809 0 226.844 0 0 0 238.182 0 0 0 0 171.307 215.742 220.717 220.717 64.0137 0 0 0 0 0 0 0 0 0 0 0 0 0 0 0 0 0 0 0 0 0 128.344 128.344 128.344 128.344 128.344 128.344 128.344 128.344 128.344 128.344 128.344 128.344 128.344 128.344 128.344 128.344 128.344 128.344 128.344 128.344 128.344 128.344 128.344 128.344 128.344 128.344 128.344 128.344 128.344 128.344 128.344 128.344 128.344 128.344 128.344 128.344 128.344 128.344 128.344 128.344 128.344 128.344 128.344 128.344 128.344 128.344 128.344 128.344
176.435 0 235.004 230.924 0 0 0 238.229 0 0 169.639 0 0 0 64.014 64.0141 64.0141 220.717 64.0136 168.183 165.311 0 0 0 0 0 0 0 0 0 0 0 0 0 0 128.344 128.344 128.344 128.344 128.344 128.344 128.344 128.344 128.344 128.344 128.344 128.344 128.344 128.344 128.344 128.344 128.344 128.344 128.344 128.344 128.344 128.344 128.344 128.344 128.344 128.344 128.344 128.344 128.344 128.344 128.344 128.344 128.344 128.344 128.344 128.344 128.344 128.344 128.344 128.344 128.344 128.344 128.344 128.344 128.344 128.344 128.344 128.344 128.344 128.344 128.344 128.344
173.556 0 246.389 0 0 0 238.229 0 0 167.949 0 0 0 165.175 156.204 220.5 156.204 220.717 147.549 64.0135 149.239 89.2043 0 0 0 0 0 0 0 0 0 0 0 0 0 0 0 0 0 0 0 0 0 0 0 128.344 128.344 128.344 128.344 128.344 128.344 128.344 128.344 128.344 128.344 128.344 128.344 128.344 128.344 128.344 128.344 128.344 128.344 128.344 128.344 128.344 128.344 128.344 128.344 128.344 128.344 128.344 128.344 128.344 128.344 128.344 128.344 128.344 128.344 128.344 128.344 128.344 128.344 128.344 128.344 128.344 128.344
170.778 0 0 0 0 238.229 0 0 169.639 0 0 0 0 160.221 156.204 156.204 220.717 220.717 220.717 64.0136 64.0141 0 0 0 0 0 0 0 0 0 0 0 0 0 128.344 128.344 128.344 128.344 128.344 128.344 128.344 128.344 128.344 128.344 128.344 128.344 128.344 128.344 128.344 128.344 128.344 128.344 128.344 128.344 128.344 128.344 128.344 128.344 128.344 128.344 128.344 128.344 128.344 128.344 128.344 128.344 128.344 128.344 128.344 128.344 128.344 128.344 128.344 128.344 128.344 128.344 128.344 128.344 128.344 128.344 128.344 128.344 128.344 128.344 128.344 128.344 128.344
117.439 0 0 0 238.229 0 0 171.329 0 0 0 0 0 0 156.139 139.389 139.389 220.717 143.432 126.325 0 0 0 0 0 0 0 0 0 0 0 0 0 132.424 131.229 131.229 131.229 131.229 128.344 0 0 0 0 0 0 0 0 0 0 0 0 128.344 128.344 128.344 128.344 128.344 128.344 128.344 128.344 128.344 128.344 128.344 128.344 128.344 128.344 128.344 128.344 128.344 128.344 128.344 128.344 128.344 128.344 128.344 128.344 128.344 128.344 128.344 128.344 128.344 128.344 128.344 128.344 128.344 128.344 128.344 128.344
0 0 0 238.229 0 0 173.019 0 0 0 0 0 0 0 0 152.047 136.504 135.309 111.565 0 0 0 0 0 0 0 0 0 0 0 0 0 0 0 131.229 131.229 131.229 131.229 128.344 128.344 0 128.344 128.344 128.344 128.344 128.344 128.344 128.344 128.344 128.344 128.344 128.344 128.344 128.344 128.344 128.344 128.344 128.344 128.344 128.344 128.344 128.344 128.344 128.344 128.344 128.344 128.344 128.344 128.344 128.344 128.344 128.344 128.344 128.344 128.344 128.344 128.344 128.344 128.344 128.344 128.344 128.344 128.344 128.344 128.344 128.344 128.344
0 0 238.229 0 0 174.709 0 0 0 0 0 0 0 0 0 0 150.408 135.786 0 0 0 0 0 0 0 0 0 0 0 0 0 0 0 0 0 0 0 0 0 0 0 0 0 0 0 0 0 0 0 0 128.344 128.344 128.344 128.344 128.344 128.344 128.344 128.344 128.344 128.344 128.344 128.344 128.344 128.344 128.344 128.344 128.344 128.344 128.344 128.344 128.344 128.344 128.344 0 93.823 128.344 128.344 128.344 128.344 128.344 128.344 128.344 128.344 128.344 128.344 128.344 128.344
0 0 238.229 0 176.399 0 0 0 0 0 0 0 0 0 0 0 145.159 135.309 0 0 0 0 0 0 0 0 0 0 0 0 0 0 0 0 0 0 0 0 0 0 0 0 0 0 0 0 0 0 0 0 0 0 0 0 0 0 0 0 0 0 0 0 0 0 0 0 0 0 0 0 0 0 0 93.823 93.823 128.344 128.344 128.344 128.344 128.344 128.344 128.344 128.344 128.344 128.344 128.344 128.344
0 177.248 180.974 178.089 0 0 0 0 0 0 0 0 0 0 0 0 0 0 0 0 0 0 0 0 0 0 0 0 0 0 0 0 0 0 0 0 0 0 0 0 0 0 0 0 0 0 0 0 0 0 0 0 0 0 0 0 0 0 0 0 0 0 0 0 0 0 0 0 0 0 0 0 0 93.823 93.823 128.344 128.344 128.344 128.344 128.344 128.344 128.344 128.344 128.344 128.344 128.344 128.344
54.03 173.657 179.779 49.95 0 0 0 0 0 0 0 0 0 0 0 0 0 0 0 0 0 128.344 128.344 128.344 128.344 128.344 128.344 128.344 128.344 128.344 128.344 128.344 128.344 128.344 128.344 128.344 128.344 128.344 128.344 128.344 128.344 128.344 128.344 128.344 128.344 128.344 128.344 128.344 128.344 0 128.344 128.344 128.344 128.344 128.344 128.344 128.344 128.344 128.344 128.344 0 0 0 0 0 0 0 0 0 0 0 0 0 93.823 93.823 128.344 128.344 128.344 128.344 128.344 128.344 128.344 128.344 128.344 128.344 128.344 128.344
41.295 51.145 180.13 49.95 48.755 0 0 0 0 0 0 0 0 0 0 0 0 0 0 0 0 0 0 0 0 0 0 0 0 0 0 0 0 0 0 0 0 0 0 0 0 0 0 0 0 0 0 0 0 0 128.344 128.344 128.344 128.344 128.344 128.344 128.344 128.344 128.344 0 0 0 0 0 0 0 0 0 93.823 93.823 93.823 93.823 93.823 93.823 93.823 128.344 128.344 128.344 128.344 128.344 128.344 128.344 128.344 128.344 128.344 128.344 106.063
41.295 41.295 51.145 49.95 48.755 48.755 0 0 0 0 0 0 0 0 0 0 0 0 0 0 0 0 0 0 0 0 0 0 0 0 0 0 0 0 0 0 0 0 0 0 0 0 0 0 0 0 0 0 0 0 0 0 0 0 0 0 0 0 0 0 0 0 0 0 0 128.344 0 93.823 93.823 93.823 93.823 93.823 93.823 93.823 93.823 128.344 128.344 128.344 128.344 128.344 128.344 128.344 128.344 128.344 128.344 106.063 106.063
41.295 41.295 49.95 48.755 48.755 45.665 0 0 0 0 0 0 0 0 0 0 0 0 0 0 0 0 0 0 0 0 0 0 0 0 0 0 0 0 0 0 0 0 0 0 0 0 0 0 0 128.344 128.344 0 0 0 0 0 0 0 0 0 0 0 0 0 0 0 0 128.344 128.344 128.344 128.344 124.719 93.823 93.823 93.823 93.823 93.823 93.823 93.823 128.344 128.344 128.344 128.344 128.344 128.344 128.344 128.344 128.344 128.344 106.063 106.063
41.295 41.295 48.755 48.755 45.665 0 0 0 0 0 0 0 0 0 0 0 0 0 0 0 0 0 0 0 84.182 130.354 133.946 134.114 0 0 131.229 90.1702 134.114 134.114 134.114 135.309 128.871 131.344 134.114 134.114 134.114 134.114 134.114 134.114 135.309 134.114 134.114 134.114 0 0 0 0 0 0 131.117 127.763 128.344 128.344 128.344 128.344 128.344 128.344 128.344 128.344 128.344 128.344 128.344 127.438 124.719 93.823 93.823 93.823 93.823 93.823 93.823 128.344 128.344 128.344 128.344 128.344 128.344 128.344 128.344 128.344 106.063 106.063 106.063
37.01 48.734 48.755 177.342 45.665 0 0 0 0 0 0 0 0 0 0 0 0 0 0 0 0 0 0 0 149.239 152.061 154.931 160.218 0 186.463 199.274 178.305 177.11 175.915 174.72 175.915 182.097 179.779 176.894 174.009 171.124 168.239 165.354 162.469 159.584 156.699 151.424 148.539 0 0 0 0 0 130.516 128.344 93.8228 93.8229 93.8229 93.8227 93.8227 93.8227 93.8229 93.8229 93.8229 93.8229 93.8229 93.8229 93.8229 93.8229 128.344 128.344 128.344 127.152 124.483 93.823 128.344 128.344 128.344 128.344 128.344 128.344 128.344 128.344 128.344 106.063 106.063 106.063
37.01 49.7127 45.665 170.211 45.665 0 0 0 0 0 0 0 0 0 0 0 0 0 0 0 0 0 0 0 0 0 156.204 185.27 0 0 179.995 177.11 0 0 0 0 0 167.755 167.755 167.755 167.044 0 164.159 0 0 0 0 0 0 0 134.466 133.856 132.94 132.37 93.8228 93.823 93.823 93.823 93.823 93.823 93.823 93.823 93.823 93.823 93.823 93.823 93.823 93.823 93.823 93.823 93.823 93.823 93.823 93.823 128.344 93.823 93.823 128.344 128.344 128.344 128.344 106.063 128.344 106.063 106.063 106.063 106.063
37.01 39.895 53.8106 45.665 177.594 0 0 0 0 0 0 0 0 0 0 0 0 144.664 0 0 0 0 0 0 0 157.399 185.27 156.204 0 0 0 0 0 0 0 0 0 0 0 0 0 0 0 0 0 0 0 0 0 0 78.4696 93.8229 93.8229 93.8229 93.823 93.823 93.823 93.823 93.823 93.823 93.823 93.823 93.823 93.823 93.823 93.823 93.823 93.823 93.823 93.823 93.823 93.823 93.823 93.8229 130.147 128.344 128.344 128.344 128.344 128.344 106.063 106.063 106.063 106.063 106.063 106.063 106.063
35.815 37.01 39.895 48.55 178.291 0 0 0 0 0 0 0 0 0 0 145.521 145.521 148.434 148.744 0 0 0 155.699 0 0 158.594 184.075 156.204 0 0 0 0 0 0 0 164.87 0 0 0 0 0 0 164.244 0 93.823 93.823 93.823 93.823 93.823 93.823 93.823 93.823 93.823 93.823 93.823 93.823 93.823 93.823 93.823 93.823 93.823 93.823 93.823 93.823 93.823 93.823 93.823 93.823 93.823 93.823 93.823 93.823 93.823 93.8229 128.344 128.344 128.344 128.344 128.344 106.063 106.063 106.063 106.063 106.063 106.063 106.063 107.913
35.815 37.01 38.7 44.47 47.355 0 0 0 0 0 0 0 0 0 150.19 151.709 151.709 151.709 151.709 151.709 151.709 0 0 0 0 155.709 185.217 179.995 0 0 0 0 0 166.065 0 161.985 90.6053 0 0 0 0 0 0 93.823 93.823 93.823 93.823 93.823 93.823 93.823 93.823 93.823 93.823 93.823 93.823 93.823 93.823 93.823 93.823 93.823 93.823 93.823 93.823 93.823 93.823 93.823 93.823 93.823 93.823 93.823 93.823 93.823 93.823 128.344 128.344 128.344 128.344 128.344 128.344 128.344 128.344 128.344 128.344 127.702 125.776 106.063 128.344
35.815 38.7 38.7 44.47 47.355 0 0 0 0 0 0 0 0 0 161.869 156.594 220.717 220.717 218.418 218.418 218.418 220.717 0 156.904 156.904 156.904 162.693 101.913 175.915 0 0 0 0 0 93.8225 0 93.8229 0 0 0 0 0 0 0 0 0 0 0 0 0 0 0 0 0 0 0 0 0 0 0 0 0 0 0 0 0 0 0 0 0 0 0 0 93.823 93.8229 93.8229 93.8229 93.8229 93.8229 93.8229 93.8229 93.823 93.823 93.8211 106.061 126.301 107.912
37.01 38.7 38.7 45.665 48.55 0 0 0 0 0 0 0 0 163.869 156.594 220.717 218.418 218.418 218.418 0 0 0 0 156.904 0 156.904 220.717 168.95 175.793 0 0 0 0 0 0 0 0 0 0 0 0 0 0 0 0 0 0 0 0 0 0 0 0 0 0 0 0 0 0 0 0 0 0 0 0 0 0 0 0 0 0 0 0 0 0 0 0 0 0 0 0 0 0 0 93.8213 110.137 126.162
35.815 38.7 47.9345 50.8708 183.569 0 0 0 0 0 0 0 168.029 167.144 220.717 220.717 220.119 218.418 220.717 0 220.717 0 0 0 156.904 220.717 220.716 168.95 130.882 0 0 0 0 0 0 0 90.0481 0 0 0 0 0 0 0 0 0 0 0 0 0 0 0 0 0 0 0 0 0 0 0 0 0 0 0 0 0 0 0 93.823 0 0 0 0 0 0 0 0 0 0 0 0 0 0 0 93.821 93.8181 93.8175
35.815 193.419 190.534 0 0 181.879 177.698 174.821 174.914 172.109 170.914 172.102 170.739 114.718 117.603 116.408 117.603 0 0 0 220.649 106.558 0 0 220.717 0 174.58 171.791 0 0 0 0 0 157.94 158.748 161.542 0 93.7699 0 0 0 0 0 0 0 0 0 0 93.823 93.823 93.823 93.823 93.823 93.823 93.823 93.823 93.823 93.823 93.823 93.823 93.823 93.823 93.823 93.823 93.823 93.823 93.823 93.823 93.823 93.823 93.823 93.823 93.823 93.823 93.823 93.823 93.823 93.823 93.823 93.823 93.823 93.823 93.823 93.8222 93.8221 93.8227 93.823
39.895 194.614 170.32 192.614 191.729 217.655 0 179.074 215.641 159.574 170.914 220.717 118.768 109.443 114.718 0 0 115.912 118.684 0 106.556 0 0 0 0 0 115.209 0 0 0 0 0 0 0 93.8158 93.8177 93.8178 93.8196 0 93.823 93.823 93.823 93.823 93.823 93.823 93.823 93.823 93.823 93.823 93.823 93.823 93.823 93.823 93.823 93.823 93.823 93.823 93.823 93.823 93.823 93.823 93.823 93.823 93.823 93.823 93.823 93.823 93.823 93.823 93.823 93.823 93.823 93.823 93.823 93.823 93.823 93.823 93.823 93.823 93.823 93.823 93.823 93.823 93.823 93.823 93.823 93.823
41.09 201.579 198.694 218.195 220.559 0 220.717 216.141 220.717 220.717 220.717 104.868 111.833 105.363 0 0 0 0 0 0 0 0 0 0 0 110.14 111.131 0 112.328 93.8226 0 0 0 0 0 0 0 0 93.823 93.823 93.823 93.823 93.823 93.823 93.823 93.823 93.823 93.823 93.823 93.823 93.823 93.823 93.823 93.823 93.823 93.823 93.823 93.823 93.823 93.823 93.823 93.823 93.823 93.823 93.823 93.823 93.823 93.823 93.823 93.823 93.823 93.823 93.823 93.823 93.823 93.823 93.823 93.823 93.823 93.823 93.823 93.823 93.823 93.823 93.823 93.823 93.8228
15.9412 220.717 198.694 198.694 30.745 30.745 30.745 216.141 220.717 220.717 104.868 30.745 0 0 0 0 0 0 0 0 0 0 0 0 0 0 0 0 109.443 0 0 0 0 0 0 0 0 0 93.823 93.823 93.823 93.823 93.823 93.823 93.823 93.823 93.823 93.823 93.823 93.823 93.823 93.823 93.823 93.823 93.823 93.823 93.823 93.823 93.823 93.823 93.823 93.823 93.823 93.823 93.823 93.823 93.823 93.823 93.823 93.823 93.823 93.823 93.823 93.823 93.823 93.823 93.823 93.823 93.823 93.823 93.823 93.823 93.823 93.823 93.823 93.8228 96.8364
15.9412 30.745 198.694 198.694 30.745 30.745 220.717 220.717 30.745 220.717 30.7449 0 0 0 0 0 0 0 0 0 0 0 0 0 0 0 0 0 0 107.753 93.823 0 0 0 81.7241 92.7959 93.823 93.823 93.823 93.823 93.823 93.823 93.823 0 0 0 0 0 0 0 0 0 0 0 0 0 0 0 93.823 93.823 93.823 93.823 93.823 93.823 93.823 93.823 93.823 93.823 93.823 93.823 93.823 93.823 93.823 93.823 93.823 93.823 93.823 93.823 93.823 93.823 93.823 93.823 93.823 93.823 93.8229 93.8221 192.163
15.9412 30.745 220.717 220.717 30.745 30.745 30.745 30.745 220.717 30.7449 93.8132 0 0 0 0 0 0 0 0 0 0 0 0 0 0 0 0 0 0 0 0 0 0 112.973 115.841 118.712 121.585 124.461 127.341 130.226 133.115 136.009 0 0 77.2708 0 0 0 0 0 0 0 0 0 0 0 0 93.823 93.823 93.823 93.823 93.823 93.823 93.823 93.823 93.823 93.823 93.823 93.823 93.823 93.823 93.823 93.823 93.823 93.823 93.823 93.823 93.823 93.823 93.823 93.823 93.823 93.823 93.8229 93.8223 185.328 185.329
30.745 30.745 30.745 30.745 30.745 30.745 30.745 30.745 220.717 30.7449 0 0 0 0 0 0 0 0 0 0 0 0 0 0 0 0 0 0 0 0 0 0 0 0 0 0 0 0 0 0 0 0 137.798 0 0 93.5718 0 0 0 0 0 0 0 0 0 0 93.823 93.823 93.823 93.823 93.823 93.823 93.823 93.823 93.823 93.823 93.823 93.823 93.823 93.823 93.823 93.823 93.823 93.823 93.823 93.823 93.823 93.823 93.823 93.823 93.823 93.823 93.8229 93.8225 182.445 181.667 105.028
30.745 30.745 30.745 30.745 30.745 30.745 30.745 220.717 30.7449 101.983 0 0 0 0 0 0 0 0 0 0 0 0 0 0 0 0 0 0 0 0 0 104.867 110.089 113.028 115.834 118.706 121.58 124.458 127.34 130.161 133.119 136.014 138.913 141.788 93.8229 0 0 0 0 0 0 0 0 0 0 93.823 93.823 93.823 93.823 93.823 93.823 93.823 93.823 93.823 93.823 93.823 93.823 93.823 93.823 93.823 93.823 93.823 93.823 93.823 93.823 93.823 93.823 93.823 93.823 93.823 93.823 93.8229 93.8226 179.558 178.811 105.028 105.028
38.0183 30.745 30.745 36.515 36.515 30.745 30.745 220.717 30.7449 0 0 0 0 0 0 0 0 0 0 93.823 0 0 0 0 0 0 0 0 0 0 0 70.4922 70.4923 70.4924 70.4924 217.674 217.416 216.619 100.788 217.674 217.674 217.674 217.674 138.993 217.674 93.8229 0 0 0 0 0 0 0 0 93.823 93.823 93.823 93.823 93.823 93.823 93.823 93.823 93.823 93.823 93.823 93.823 93.823 93.823 93.823 93.823 93.823 93.823 93.823 93.823 93.823 0 0 0 0 0 0 0 171.332 176.701 93.823 93.823 93.823
0 33.3111 0 0 30.7449 30.7449 30.745 30.745 101.983 0 0 0 0 0 0 0 0 0 93.823 93.823 0 0 0 0 0 0 0 0 0 0 0 99.5929 99.5928 70.4922 70.4922 70.4922 96.7078 97.9028 100.788 217.541 217.674 217.674 93.823 93.823 93.823 93.8229 0 0 0 0 0 0 0 93.823 93.823 93.823 93.823 93.823 93.823 93.823 93.823 93.823 93.823 93.823 93.823 93.823 93.823 93.823 93.823 93.823 93.823 93.823 93.823 93.823 0 0 0 45.5586 0 0 0 59.4297 93.8229 93.823 93.823 93.823 93.823
0 0 0 0 0 30.745 205.074 30.745 0 0 0 0 0 0 0 93.823 93.823 93.823 93.823 93.823 0 0 0 0 0 0 0 0 0 0 0 0 0 0 0 0 0 100.156 106.063 0 0 217.674 93.823 93.823 217.674 93.8229 93.8229 0 0 0 0 0 93.823 93.823 93.823 93.823 93.823 93.823 93.823 93.823 93.823 93.823 93.823 93.823 93.823 93.823 93.823 93.823 93.823 93.823 0 0 0 0 0 0 0 106.063 93.3092 108.78 93.8226 119.499 93.8229 93.823 93.823 93.823 93.823
0 0 0 0 0 0 48.036 100.742 0 0 0 0 0 0 93.823 93.823 93.823 0 93.823 93.823 0 0 0 0 0 0 0 0 0 0 0 0 0 0 0 0 0 0 0 107.678 0 93.8228 93.8228 93.8229 93.8229 93.8228 21.5409 0 0 0 93.823 93.823 93.823 93.823 93.823 93.823 93.823 93.823 93.823 93.823 93.823 93.823 93.823 93.823 93.823 93.823 93.823 93.823 93.823 0 0 0 0 0 0 0 0 0 0 0 115.253 93.823 153.843 0 176.701 176.701 176.701
0 0 0 0 0 0 0 97.2474 0 0 0 0 93.823 93.823 93.823 93.823 0 0 0 0 0 0 0 0 0 0 0 0 0 0 0 93.823 93.823 0 0 93.823 0 0 0 0 99.5929 99.5668 93.8228 93.8228 99.5924 90.9337 93.823 93.823 93.823 93.823 93.823 93.823 93.823 93.823 93.823 93.823 93.823 93.823 93.823 93.823 93.823 93.823 93.823 93.823 93.823 93.823 93.823 93.823 0 0 0 0 0 0 0 0 0 0 0 0 117.108 82.4978 0 23.9921 132.913 135.798 138.683
