tests/full-run-ref/erosion_2010_078_17_32.116.asc
ncols 512
nrows 512
xllcorner -3.24582
yllcorner -4.08743
cellsize 5
NODATA_value -99999
[rows 377 to 405 of 512, columns 134 to 200 of 512]
255.003 255.003 255.003 255.003 255.003 255.003 255.003 255.003 255.003 248.656 245.771 244.576 241.691 240.496 237.611 236.416 233.531 232.336 229.451 228.256 225.371 224.176 221.291 220.096 221.291 224.176 225.371 227.061 228.256 229.451 239.301 242.186 249.151 250.847 250.847 250.847 250.847 250.847 250.847 250.847 250.847 250.847 250.847 250.847 250.847 250.847 250.847 250.847 250.847 250.847 250.847 250.847 250.847 250.847 250.847 250.847 250.847 250.847 250.847 250.847 250.847 250.847 250.847 250.847 250.847 250.847 250.847
257.888 255.003 255.003 255.003 255.003 255.003 255.003 255.003 255.003 245.771 244.576 241.691 240.496 237.611 236.416 233.531 232.336 229.451 228.256 225.371 224.176 221.291 220.096 217.211 220.096 221.291 222.981 224.176 225.371 228.256 231.141 234.026 236.911 239.796 250.847 250.847 250.847 250.847 250.847 250.847 250.847 250.847 250.847 250.847 250.847 250.847 250.847 250.847 250.847 250.847 250.847 250.847 250.847 250.847 250.847 250.847 250.847 250.847 250.847 250.847 250.847 250.847 250.847 250.847 250.847 250.847 250.847
255.003 255.003 255.003 255.003 255.003 255.003 255.003 255.003 245.771 244.576 241.691 240.496 237.611 236.416 233.531 232.336 229.451 228.256 225.371 224.176 221.291 220.096 217.211 217.211 217.211 220.096 220.096 221.291 224.176 227.061 229.451 232.335 235.716 238.601 243.876 246.761 249.646 250.847 250.847 250.847 250.847 250.847 250.847 250.847 250.847 250.847 250.847 250.847 250.847 250.847 250.847 250.847 250.847 250.847 250.847 250.847 250.847 250.847 250.847 250.847 250.847 250.847 250.847 250.847 250.847 250.847 250.847
255.003 255.003 255.003 255.003 255.003 255.003 255.003 255.003 244.576 241.691 240.496 237.611 236.416 233.531 232.336 229.451 228.256 225.371 224.176 221.291 220.096 217.211 217.211 217.211 217.211 217.211 217.211 220.096 222.981 225.371 228.255 229.45 232.335 239.796 242.681 245.566 248.451 250.847 250.847 250.847 250.847 250.847 250.847 250.847 250.847 250.847 250.847 250.847 250.847 250.847 250.847 250.847 250.847 250.847 250.847 250.847 250.847 250.847 250.847 250.847 250.847 250.847 250.847 250.847 250.847 250.847 250.847
255.003 255.003 255.003 255.003 255.003 255.003 255.003 244.576 241.691 240.496 237.611 236.416 233.531 232.336 229.451 228.256 225.371 224.176 221.291 220.096 217.211 217.211 217.211 217.211 217.211 217.211 217.211 220.095 221.291 224.175 225.37 228.255 229.45 231.14 234.025 236.91 239.795 242.68 250.847 250.847 250.847 250.847 250.847 250.847 250.847 250.847 250.847 250.847 250.847 250.847 250.847 250.847 250.847 250.847 250.847 250.847 250.847 250.847 250.847 250.847 250.847 250.847 250.847 250.847 250.847 250.847 250.847
255.003 255.003 255.003 255.003 255.003 255.003 255.003 241.691 240.496 237.611 236.416 233.531 232.336 229.451 228.256 225.371 224.176 221.291 220.096 217.211 217.211 217.211 217.211 217.211 217.211 217.211 220.095 217.21 220.095 221.29 224.175 225.37 225.865 227.06 228.255 229.45 232.335 235.22 238.105 240.99 243.875 246.76 249.645 250.847 250.847 250.847 250.847 250.847 250.847 250.847 250.847 250.847 250.847 250.847 250.847 250.847 250.847 250.847 250.847 250.847 250.847 250.847 250.847 250.847 250.847 250.847 250.847
254.921 253.726 252.531 253.726 254.921 255.003 255.003 240.496 237.611 236.416 233.531 232.336 229.451 228.256 225.371 224.176 221.291 220.096 217.211 217.211 217.211 217.211 218.352 217.211 217.211 220.096 217.211 220.095 217.21 220.095 221.29 222.98 222.98 224.175 225.37 228.255 231.14 234.025 236.91 239.795 242.68 245.565 248.45 250.847 250.847 250.847 250.847 250.847 250.847 250.847 250.847 250.847 250.847 250.847 250.847 250.847 250.847 250.847 250.847 250.847 250.847 250.847 250.847 250.847 250.847 250.847 250.847
252.036 250.841 249.646 250.841 252.036 253.231 240.496 237.611 236.416 233.531 232.336 229.451 228.256 225.371 224.176 221.291 220.096 217.211 217.211 217.211 217.211 220.096 217.211 217.211 220.096 217.211 220.095 217.21 220.095 217.21 220.095 220.095 220.095 221.29 224.175 227.06 229.45 232.335 235.715 238.6 241.485 244.37 247.255 250.14 250.847 250.847 250.847 250.847 250.847 250.847 250.847 250.847 250.847 250.847 250.847 250.847 250.847 250.847 250.847 250.847 250.847 250.847 250.847 250.847 250.847 250.847 250.847
249.151 247.956 246.761 247.956 249.151 240.496 237.611 236.416 233.531 232.336 229.451 228.256 225.371 224.176 221.291 220.096 217.211 217.211 220.096 217.211 220.096 217.211 217.211 220.096 217.211 220.096 217.211 220.095 217.21 220.095 217.21 217.21 217.21 220.095 222.98 225.37 228.255 229.45 231.14 239.795 242.68 245.565 248.45 250.847 250.847 250.847 250.847 250.847 250.847 250.847 250.847 250.847 250.847 250.847 250.847 250.847 250.847 250.847 250.847 250.847 250.847 250.847 250.847 250.847 250.847 250.847 250.847
246.266 245.071 243.876 245.071 240.496 237.611 236.416 233.531 232.336 229.451 228.256 225.371 224.176 221.291 220.096 217.211 217.211 217.211 217.211 220.096 217.211 217.211 220.096 217.211 220.096 217.211 220.095 217.21 220.095 217.21 217.21 217.21 217.21 220.095 221.29 224.175 225.37 225.865 227.06 228.255 229.45 246.76 249.645 250.847 250.847 250.847 250.847 250.847 250.847 250.847 250.847 250.847 250.847 250.847 250.847 250.847 250.847 250.847 250.847 250.847 250.847 250.847 250.847 250.847 250.847 250.847 250.847
240.991 242.186 240.991 242.186 237.611 236.416 233.531 232.336 229.451 228.256 225.371 224.176 221.291 220.096 217.211 217.211 217.211 217.211 217.211 220.096 220.096 220.096 217.211 220.096 217.211 220.096 217.211 220.095 217.21 217.21 217.21 217.21 220.095 217.21 220.095 221.29 222.98 222.98 224.175 225.37 228.255 229.45 250.84 250.847 250.847 250.847 250.847 250.847 250.847 250.847 250.847 250.847 250.847 250.847 250.847 250.847 250.847 250.847 250.847 250.847 250.847 250.847 250.847 250.847 250.847 250.847 250.847
238.106 239.301 238.106 236.911 235.716 233.531 232.336 229.451 228.256 225.371 224.176 221.291 220.096 217.211 217.211 217.211 217.211 217.211 217.211 220.096 220.096 217.211 220.096 217.211 220.096 217.211 220.095 217.21 217.21 217.21 217.21 220.095 217.21 220.095 217.21 220.095 220.095 220.095 221.29 224.175 225.37 225.865 225.865 227.06 228.255 229.45 232.335 235.22 238.105 240.99 250.848 250.848 250.848 250.848 250.848 250.848 250.848 250.848 250.848 250.848 250.848 250.848 250.848 250.848 250.848 250.848 250.848
235.221 234.026 235.221 234.026 232.831 232.336 229.451 228.256 225.371 224.176 221.291 220.096 217.211 217.211 217.211 217.211 217.211 217.211 217.211 220.096 221.291 220.096 217.211 220.096 217.211 220.096 217.211 217.21 217.21 217.21 220.095 217.21 220.095 217.21 220.095 217.21 217.21 217.21 220.095 221.29 222.98 222.98 222.98 224.175 225.37 228.255 231.14 234.025 236.91 239.795 245.07 250.848 250.848 250.848 250.848 250.848 250.848 250.848 250.848 250.848 250.848 250.848 250.848 250.848 250.848 250.848 250.848
232.336 231.141 229.946 231.141 229.946 228.751 228.256 225.371 224.176 221.291 220.096 217.211 217.211 217.211 217.211 217.211 217.211 217.211 217.211 220.096 220.096 217.211 220.096 217.211 220.096 217.211 217.211 217.21 217.21 220.095 217.21 220.095 217.21 220.095 217.21 217.21 217.21 217.21 217.21 220.095 220.095 220.095 220.095 221.29 224.175 227.06 228.255 229.45 232.335 240.99 243.875 249.15 250.848 250.848 250.848 250.848 250.848 250.848 250.848 250.848 250.848 250.848 250.848 249.645 246.76 243.875 240.99
229.451 228.256 227.061 228.256 227.061 225.866 225.371 224.176 221.291 220.096 217.211 217.211 217.211 217.211 217.211 217.211 217.211 217.211 220.096 221.291 221.291 220.096 217.211 220.096 217.211 217.211 217.211 217.21 220.095 217.21 220.095 217.21 220.095 217.21 217.21 217.21 217.21 217.21 217.21 217.21 217.21 217.21 217.21 220.095 222.98 224.175 225.37 225.865 227.06 228.255 229.45 247.955 250.848 250.848 250.848 250.848 250.848 250.848 250.848 250.848 250.848 250.848 250.848 248.45 245.565 242.68 239.795
228.256 225.371 224.176 222.981 222.981 222.981 224.176 221.291 220.096 217.211 217.211 217.211 217.211 217.211 217.211 217.211 217.211 217.211 220.096 221.291 220.096 217.211 220.096 217.211 217.211 217.211 217.211 220.095 217.21 220.095 217.21 220.095 217.21 217.21 217.21 217.21 217.21 217.21 217.21 217.21 217.21 217.21 217.21 220.095 220.095 221.29 222.98 222.98 224.175 225.37 225.865 227.06 228.255 229.45 250.848 250.848 250.848 250.848 250.848 250.848 250.848 250.848 250.848 249.645 246.76 243.875 240.99
227.061 224.176 221.291 220.096 220.096 220.096 221.291 220.096 217.211 217.211 217.211 217.211 217.211 217.211 217.211 217.211 217.211 217.211 220.096 220.096 217.211 220.096 217.211 217.211 217.211 217.211 220.095 217.21 220.095 217.21 220.095 217.21 217.21 217.21 217.21 217.21 217.21 217.21 217.21 217.21 217.21 217.21 220.095 217.21 217.21 220.095 220.095 220.095 221.29 222.98 222.98 224.175 225.37 228.255 229.45 250.848 250.848 250.848 250.848 250.848 250.848 250.848 250.848 250.84 238.105 235.22 232.335
228.256 222.981 220.096 217.211 217.211 217.211 220.096 217.211 217.211 217.211 217.211 217.211 217.211 217.211 217.211 217.211 217.211 220.096 221.291 221.291 220.096 217.211 217.211 219.063 217.211 220.096 217.211 220.095 217.21 220.095 217.21 217.21 217.21 217.21 217.21 217.21 217.21 217.21 217.21 217.21 217.21 220.095 217.21 217.21 217.21 217.21 217.21 217.21 220.095 220.095 220.095 221.29 224.175 225.37 225.865 225.865 227.06 228.255 229.45 249.645 246.76 243.875 240.99 238.105 235.22 232.335 229.45
229.451 224.176 221.291 220.096 220.096 217.211 217.211 217.211 217.211 217.211 217.211 217.211 217.211 217.211 217.211 217.211 220.096 221.291 221.291 220.096 217.211 217.211 220.096 217.211 220.096 217.211 220.095 217.21 220.095 217.21 217.21 217.21 217.21 217.21 217.21 217.21 217.21 218.651 217.21 217.21 220.095 217.21 217.21 217.21 217.21 217.21 217.21 217.21 217.21 217.21 217.21 220.095 221.29 222.98 222.98 222.98 224.175 225.37 227.06 228.255 229.45 232.335 238.105 235.22 232.335 229.45 228.255
233.531 225.371 222.981 220.096 217.211 217.211 217.211 220.096 217.211 217.211 217.211 217.211 217.211 217.211 217.211 220.096 221.291 221.291 220.096 217.211 217.211 220.096 217.211 220.096 217.211 220.096 217.211 220.095 217.21 217.21 217.21 217.21 217.21 217.21 217.21 217.21 220.095 217.21 217.21 220.095 217.21 217.21 217.21 217.21 217.21 217.21 217.21 217.21 217.21 217.21 217.21 217.21 220.095 220.095 220.095 220.095 221.29 222.98 224.175 225.37 225.865 225.865 225.865 225.865 225.865 225.865 225.37
232.336 227.061 224.176 221.291 220.096 220.096 217.211 217.211 220.096 220.096 220.096 217.211 217.211 217.211 220.096 221.291 221.291 220.096 217.211 217.211 220.096 217.211 220.096 217.211 220.096 217.211 220.095 217.21 217.21 217.21 217.21 217.21 217.21 217.21 217.21 220.095 217.21 217.21 220.095 217.21 217.21 217.21 217.21 217.21 217.21 217.21 217.21 217.21 217.21 217.21 217.21 217.21 217.21 217.21 217.21 217.21 220.095 220.095 221.29 222.98 222.98 222.98 222.98 222.98 222.98 222.98 222.98
231.141 228.256 225.371 224.176 222.981 221.291 220.096 217.211 217.211 220.096 221.291 220.096 220.096 217.211 220.096 221.291 220.096 217.211 217.211 220.096 217.211 220.096 217.211 220.096 217.211 220.096 217.211 217.21 217.21 217.21 217.21 217.21 217.21 217.21 220.095 217.21 217.21 220.095 217.21 217.21 217.21 217.21 217.21 218.651 217.21 217.21 217.21 217.21 217.21 217.21 217.21 217.21 217.21 217.21 217.21 217.21 217.21 217.21 220.095 220.095 220.095 220.095 220.095 220.095 220.095 220.095 220.095
232.336 229.451 232.336 228.256 225.371 224.176 221.291 220.096 217.211 217.211 220.096 221.291 221.291 224.176 221.291 220.096 217.211 217.211 220.096 217.211 220.096 217.211 220.096 217.211 220.096 217.211 217.211 217.21 217.21 217.21 217.21 217.21 217.21 220.095 217.21 217.21 220.095 217.21 217.21 217.21 217.21 217.21 220.095 217.21 217.21 217.21 217.21 217.21 217.21 217.21 217.21 217.21 217.21 217.21 217.21 217.21 217.21 217.21 217.21 217.21 217.21 217.21 217.21 217.21 217.21 217.21 217.21
233.531 234.416 233.531 231.141 228.256 225.371 224.176 221.291 220.096 217.211 217.211 220.096 220.096 221.291 220.096 217.211 217.211 220.096 217.211 220.096 217.211 220.096 217.211 220.096 217.211 217.211 217.211 217.21 217.21 217.21 217.21 217.21 220.095 217.21 217.21 220.095 217.21 217.21 217.21 217.21 217.21 220.095 217.21 217.21 217.21 217.21 217.21 217.21 217.21 217.21 217.21 217.21 217.21 217.21 217.21 217.21 217.21 217.21 217.21 217.21 217.21 217.21 217.21 217.21 217.21 217.21 217.21
236.496 237.301 235.221 232.336 231.141 228.256 225.371 224.176 221.291 220.096 217.211 217.211 217.211 220.096 221.291 220.096 221.291 221.291 222.981 220.096 217.211 217.211 217.211 217.211 217.211 219.03 217.211 217.21 217.21 217.21 217.21 220.095 217.21 217.21 220.095 217.21 217.21 217.21 217.21 217.21 220.095 217.21 217.21 217.21 217.21 217.21 217.21 217.21 217.21 217.21 217.21 217.21 217.21 217.21 217.21 217.21 217.21 217.21 217.21 217.21 217.21 217.21 217.21 217.21 217.21 217.21 217.21
239.691 239.301 236.416 239.301 232.336 231.141 228.256 225.371 224.176 221.291 221.291 220.096 220.096 221.291 224.176 223.371 224.176 221.291 220.096 220.096 220.096 217.211 217.211 217.211 217.211 217.211 217.211 217.21 217.21 217.21 220.095 217.21 217.21 220.095 217.21 217.21 217.21 217.21 217.21 220.095 217.21 217.21 217.21 217.21 217.21 217.21 217.21 217.21 217.21 217.21 217.21 217.21 217.21 217.21 217.21 217.21 217.21 217.21 217.21 217.21 217.21 217.21 217.21 217.21 217.21 217.21 217.21
242.576 240.496 242.656 240.496 241.381 232.336 231.141 228.256 225.371 225.061 224.176 224.176 222.981 224.176 225.371 225.866 222.981 220.096 217.211 217.211 217.211 217.211 217.211 217.211 217.211 217.211 217.211 217.21 217.21 220.095 217.21 217.21 220.095 217.21 217.21 217.21 217.21 217.21 220.095 217.21 217.21 217.21 217.21 217.21 217.21 217.21 217.21 217.21 217.21 217.21 217.21 217.21 217.21 217.21 217.21 217.21 217.21 217.21 217.21 217.21 217.21 217.21 217.21 217.21 217.21 217.21 217.21
244.576 244.736 244.576 244.736 244.266 243.461 232.336 234.416 231.141 228.256 231.141 228.256 231.141 228.256 229.946 225.866 222.981 220.096 217.211 217.211 217.211 217.211 217.211 217.211 217.211 217.211 217.211 217.21 220.095 217.21 217.21 220.095 217.21 217.21 217.21 217.21 217.21 220.095 217.21 217.21 217.21 217.21 217.21 217.21 217.21 217.21 217.21 217.21 217.21 217.21 217.21 217.21 217.21 217.21 217.21 217.21 217.21 217.21 217.21 217.21 217.21 217.21 217.21 217.21 217.21 217.21 217.21
247.461 247.621 248.816 247.621 248.816 243.381 238.106 235.221 232.336 235.221 232.336 235.221 232.336 232.831 229.946 225.866 222.981 220.096 217.211 217.211 217.211 217.211 217.211 217.211 217.211 217.211 217.211 217.21 217.21 217.21 220.095 217.21 217.21 217.21 217.21 217.21 220.095 217.21 217.21 217.21 217.21 217.21 217.21 217.21 217.21 217.21 217.21 217.21 217.21 217.21 217.21 217.21 217.21 217.21 217.21 217.21 217.21 217.21 217.21 217.21 217.21 217.21 217.21 217.21 217.21 217.21 217.21
