tests/full-run-ref/erosion_80_12_73.027.asc
ncols 512
nrows 512
xllcorner -3.24582
yllcorner -4.08743
cellsize 5
NODATA_value -99999
[rows 174 to 202 of 512, columns 0 to 66 of 512]
17.31 11.54 5.77003 5.77005 5.77005 5.77003 5.77001 5.77003 5.77005 5.77003 5.77002 5.77002 5.77002 5.77004 5.77002 5.77001 5.77 5.77003 5.77004 5.77001 5.77004 5.77004 5.76999 5.77001 5.77004 5.77003 5.77 5.77002 5.77004 5.77004 5.77004 5.77005 5.77005 5.77005 5.77004 5.77001 5.77004 5.77004 5.77002 5.77004 5.77004 5.77002 5.77005 5.77 5.77002 5.77004 5.77005 5.77005 5.77005 5.77005 5.77005 5.77005 5.77002 5.77003 5.77003 5.77003 5.77002 5.77002 5.77002 5.77002 5.77003 5.77002 5.77002 5.77003 5.77003 5.77002 5.77002
17.31 11.54 5.77003 5.77005 5.77004 5.77004 5.77 5.77004 5.77005 5.77003 5.76999 5.77002 5.77002 5.77004 5.76997 5.77002 5.77003 5.77004 5.77003 5.77003 5.77004 5.77001 5.77003 5.77004 5.77002 5.77004 5.77001 5.77003 5.77001 5.77001 5.77002 5.77004 5.77005 5.77004 5.77 5.77001 5.77004 5.77002 5.77004 5.77004 5.77004 5.77 5.77005 5.77001 5.77002 5.77003 5.77005 5.77004 5.77005 5.77005 5.77004 5.77005 5.77002 5.77003 5.77003 5.77003 5.77002 5.77002 5.77002 5.77002 5.77002 5.77002 5.77003 5.77003 5.77003 5.77002 5.77002
17.31 11.54 5.77003 5.77005 5.77004 5.77002 5.77005 5.77003 5.77004 5.77004 5.77002 5.77002 5.76996 5.77004 5.77003 5.77002 5.77 5.76999 5.77004 5.77004 5.77002 5.77004 5.77004 5.77002 5.77004 5.76999 5.77002 5.77002 5.77001 5.77002 5.77002 5.77004 5.77005 5.77004 5.77002 5.77004 5.77004 5.77004 5.46765 5.75261 5.54651 5.77002 5.76999 5.77005 5.77005 5.77005 5.77004 5.77004 5.77002 5.77004 5.77005 5.77005 5.77002 5.77003 5.77003 5.77003 5.77003 5.77002 5.77002 5.77002 5.77002 5.77002 5.77003 5.77003 5.77003 5.77003 5.77002
17.31 11.54 5.77003 5.77005 5.77005 5.77003 5.77005 5.77004 5.77002 5.77005 5.77002 5.77001 5.77003 5.77001 5.77001 5.77003 5.77 5.77002 5.77004 5.77001 5.77004 5.77004 5.76996 5.77003 5.77004 5.77003 5.77003 5.77003 5.77 5.77001 5.77003 5.77005 5.77005 5.77004 5.77002 5.77004 5.77003 5.77004 5.75001 6.82844 5.43885 5.52962 5.77005 5.77005 5.77005 5.77005 5.77005 5.77002 5.77004 5.77005 5.77005 5.77005 5.77002 5.77003 5.77003 5.77003 5.77003 5.77002 5.77002 5.77002 5.77002 5.77002 5.77003 5.77003 5.77003 5.77002 5.77002
17.31 11.54 5.77003 5.77005 5.77005 5.77005 5.77005 5.77004 5.77002 5.77 5.77004 5.76999 5.77002 5.77004 5.77004 5.77002 5.77004 5.77004 5.77 5.77003 5.77004 5.77001 5.77002 5.77001 5.77004 5.77 5.77002 5.77003 5.77004 5.77004 5.77005 5.77005 5.77004 5.77001 5.77003 5.6256 5.73167 5.74832 5.76396 5.73786 6.58038 5.6067 5.77002 5.77002 5.77002 5.77002 5.77002 5.77005 5.77005 5.77005 5.77005 5.77002 5.77002 5.77003 5.77003 5.77003 5.77003 5.77002 5.77002 5.77002 5.77002 5.77002 5.77003 5.77003 5.77003 5.77002 5.77002
17.31 11.54 5.77003 5.77005 5.77005 5.77004 5.77005 5.77004 5.77003 5.77002 5.77003 5.77004 5.77001 5.77003 5.77002 5.77004 5.76997 5.76999 5.77004 5.77004 5.77001 5.77004 5.77004 5.77004 5.77001 5.77004 5.77002 5.77004 5.77003 5.77004 5.77005 5.77004 5.77002 5.77003 5.76095 5.71684 6.30847 5.75214 5.76373 5.72804 5.72227 5.67452 5.77005 5.77005 5.77005 5.77005 5.77005 5.77 5.77002 5.77002 5.77002 5.77002 5.77002 5.68942 5.73115 5.75487 5.76025 5.7391 5.77003 5.77002 5.77002 5.77003 5.77003 5.77003 5.77003 5.77002 5.77002
17.31 11.54 5.77003 5.77005 5.77004 5.77004 5.77005 5.77004 5.77 5.77002 5.77003 5.77004 5.77002 5.77004 5.77004 5.77001 5.77001 5.77004 5.77002 5.77 5.77004 5.77001 5.77004 5.77 5.77001 5.77004 5.77003 5.77001 5.77002 5.77004 5.77005 5.77003 5.77004 5.77004 5.76735 5.78564 5.75756 5.90364 5.75876 5.77003 5.77005 5.77005 5.77005 5.77005 5.77005 5.77005 5.77003 5.77002 5.77003 5.77003 5.77003 5.77003 5.77003 5.67814 7.45969 5.7645 6.68008 5.73862 5.77002 5.77003 5.77002 5.77003 5.77003 5.77003 5.77003 5.77003 5.77002
17.31 11.54 5.77003 5.77005 5.77004 5.77004 5.77005 5.77004 5.77 5.77003 5.77 5.77005 5.77002 5.77004 5.77001 5.77003 5.77004 5.77 5.77002 5.77003 5.77004 5.76999 5.77004 5.77004 5.77004 5.77004 5.77002 5.77 5.77004 5.77004 5.77002 5.77004 5.77004 5.77004 5.76712 5.69325 6.58387 5.73371 5.7622 5.77005 5.77005 5.77005 5.77005 5.77004 5.77002 5.77003 5.77002 5.77002 5.77003 5.77002 5.77003 5.77003 5.77002 5.70659 5.69478 5.73657 5.74806 5.73929 5.77002 5.77002 5.77002 5.77002 5.77003 5.77003 5.77003 5.77002 5.77002
17.31 11.54 5.77003 5.77005 5.77003 5.77004 5.77005 5.77004 5.77003 5.77004 5.77001 5.77003 5.77004 5.77004 5.77004 5.77004 5.76999 5.77001 5.77004 5.77004 5.77001 5.77001 5.77001 5.77003 5.77004 5.77001 5.77001 5.77004 5.77004 5.77002 5.77004 5.77004 5.77004 5.77004 5.77003 5.69933 5.72654 5.71951 5.77005 5.77005 5.77005 5.77005 5.77004 5.77002 5.77002 5.77002 5.77002 5.77002 5.77003 5.77002 5.77002 5.77002 5.77002 5.77002 5.77003 5.77003 5.77003 5.77003 5.77002 5.77002 5.77003 5.77003 5.77003 5.77003 5.77003 5.77003 5.77002
16.32 11.5399 5.77003 5.77005 5.77005 5.77004 5.77005 5.77002 5.77 5.77004 5.77001 5.77001 5.77 5.77001 5.77002 5.77 5.77001 5.76999 5.77004 5.77001 5.77002 5.77004 5.77003 5.77004 5.77004 5.77001 5.77004 5.77005 5.77004 5.77003 5.77004 5.77002 5.77003 5.77003 5.77005 5.77005 5.77004 5.77005 5.77004 5.77004 5.77005 5.77004 5.77002 5.77002 5.77002 5.77003 5.77002 5.77003 5.77002 5.77002 5.77002 5.77002 5.77002 5.77002 5.77002 5.77003 5.77003 5.77002 5.77002 5.77002 5.77002 5.77003 5.77003 5.77003 5.77003 5.77002 5.77003
13.93 8.15995 5.77003 5.77005 5.77003 5.77004 5.77004 5.77001 5.77 5.77004 5.77004 5.77001 5.77001 5.77004 5.77004 5.77003 5.76996 5.77002 5.77004 5.77004 5.77004 5.77004 5.77004 5.76999 5.76999 5.77004 5.77004 5.77004 5.77002 5.77003 5.77004 5.71228 5.69212 5.66529 5.77 5.77002 5.77003 5.77003 5.77004 5.77005 5.77005 5.77004 5.77002 5.77003 5.77003 5.74893 5.75159 5.74869 5.77002 5.77002 5.77002 5.77002 5.77002 5.77002 5.77002 5.77002 5.77003 5.77003 5.77003 5.77002 5.77003 5.77002 5.77002 5.77002 5.77002 5.77002 5.77005
11.54 5.77003 5.77004 5.77005 5.77005 5.77004 5.77004 5.77 5.77002 5.77002 5.77001 5.77003 5.77004 5.76999 5.77002 5.77002 5.77004 5.77004 5.77001 5.77001 5.77002 5.77004 5.77002 5.77001 5.77003 5.77001 5.77005 5.71085 5.60573 5.63758 5.77004 5.7426 6.55059 5.65603 5.77004 5.77005 5.77005 5.77004 5.77004 5.77005 5.77005 5.77004 5.77002 5.77002 5.77003 5.7467 6.14272 5.74156 5.77002 5.77002 5.77002 5.77002 5.77002 5.77002 5.77002 5.77003 5.77003 5.77003 5.77003 5.77003 5.77002 5.77002 5.77002 5.77002 5.77003 5.77005 5.77005
11.54 5.77003 5.77005 5.77005 5.77005 5.77004 5.77001 5.77001 5.77001 5.77005 5.76998 5.77004 5.76999 5.77001 5.77003 5.77004 5.77 5.77 5.77004 5.77003 5.77004 5.77004 5.77002 5.77004 5.77004 5.77004 5.77005 5.72202 6.62138 5.57166 5.77004 5.44889 5.34059 5.59926 5.77005 5.77004 5.77002 5.77002 5.77004 5.77005 5.77005 5.77004 5.77002 5.77002 5.77002 5.74825 5.75222 5.75332 5.77003 5.77003 5.77002 5.77002 5.77002 5.77002 5.77002 5.77003 5.77003 5.77003 5.77003 5.77003 5.77002 5.77002 5.77002 5.77003 5.77005 5.77005 5.77005
11.54 5.77003 5.77005 5.77005 5.77005 5.77005 5.77005 5.77002 5.77004 5.77004 5.77005 5.77005 5.77002 5.76999 5.77002 5.77004 5.77002 5.77004 5.77003 5.77005 5.77004 5.77 5.77003 5.54883 5.6092 5.652 5.77004 5.59108 5.50875 5.50727 5.77002 5.77004 5.77002 5.77005 5.77004 5.77002 5.77002 5.77002 5.77003 5.77005 5.77005 5.77004 5.77002 5.77002 5.77002 5.77003 5.77003 5.77003 5.75801 5.74401 5.74471 5.75347 5.74462 5.73687 5.75196 5.77003 5.77003 5.77003 5.77003 5.77003 5.77002 5.77002 5.77002 5.77003 5.77005 5.77005 5.77005
11.54 5.77003 5.77005 5.77005 5.77005 5.77005 5.77004 5.77005 5.77005 5.77003 5.77004 5.77005 5.77005 5.77004 5.77004 5.77 5.77001 5.77004 5.77004 5.77004 5.77004 5.77004 5.77001 5.53468 7.11205 5.62584 5.77003 5.77003 5.77003 5.77002 5.77002 5.77002 5.77005 5.77003 5.77003 5.77002 5.77002 5.77002 5.77003 5.77004 5.77005 5.77004 5.77002 5.77002 5.77002 5.77002 5.77002 5.77003 5.75934 6.12839 6.10044 5.7694 6.0684 6.11119 5.75991 5.77003 5.77002 5.77002 5.77002 5.77002 5.77003 5.77002 5.77002 5.77002 5.77005 5.77005 5.77005
11.54 5.77003 5.77004 5.77005 5.77005 5.77005 5.77005 5.77005 5.77005 5.77004 5.77003 5.77004 5.77005 5.77003 5.77002 5.77 5.77004 5.77004 5.77 5.77001 5.77005 5.77005 5.77005 5.66313 5.7269 5.66485 5.59243 5.77001 5.77004 5.77004 5.77004 5.77005 5.77004 5.77004 5.77004 5.77004 5.77004 5.77004 5.77004 5.77005 5.77005 5.77004 5.77002 5.77002 5.77002 5.77002 5.77002 5.77003 5.75277 5.74282 5.74783 5.76116 5.76035 5.76751 5.75006 5.77003 5.77002 5.77002 5.77002 5.77002 5.77003 5.77003 5.77002 5.77002 5.77004 5.77005 5.77005
11.54 5.77003 5.77004 5.77004 5.77005 5.77005 5.77005 5.77005 5.77005 5.77004 5.77003 5.77004 5.77004 5.77002 5.77004 5.77004 5.77004 5.77001 5.77003 5.77001 5.77005 5.77004 5.77003 5.61584 6.33526 6.45762 5.587 5.77002 5.77004 5.77004 5.77004 5.77004 5.77005 5.77005 5.77005 5.77005 5.77005 5.77005 5.77005 5.77005 5.77005 5.77004 5.77002 5.77002 5.77002 5.77002 5.77002 5.77002 5.77003 5.77003 5.77003 5.77003 5.75158 6.27039 5.72477 5.77002 5.77002 5.77002 5.77002 5.77002 5.77002 5.77002 5.77002 5.77002 5.77005 5.77005 5.77005
11.54 5.77003 5.77004 5.77004 5.77005 5.77005 5.77005 5.77005 5.77005 5.77005 5.77004 5.77002 5.77002 5.77002 5.77002 5.77004 5.77001 5.77002 5.77004 5.77005 5.77005 5.77 5.77002 5.61768 5.65793 5.44544 5.3871 5.77004 5.76998 5.76999 5.77 5.76997 5.77003 5.77004 5.77004 5.77004 5.77004 5.77004 5.77004 5.77005 5.77005 5.77004 5.77002 5.77002 5.77002 5.77002 5.77002 5.77002 5.77002 5.77002 5.77002 5.77003 5.74182 6.11635 5.71898 5.77002 5.77002 5.77002 5.77002 5.77002 5.77002 5.77002 5.77002 5.77005 5.77005 5.77005 5.77005
11.54 5.77003 5.77004 5.77004 5.77005 5.77005 5.77005 5.77005 5.77005 5.77005 5.77004 5.77002 5.77003 5.77001 5.77004 5.77004 5.77002 5.77004 5.77005 5.77004 5.76999 5.77001 5.77001 5.77004 5.77004 5.77001 5.77002 5.77003 5.77 5.77002 5.77003 5.77002 5.77002 5.77002 5.77002 5.77002 5.77002 5.77001 5.77001 5.77004 5.77005 5.77005 5.77005 5.77002 5.77002 5.77002 5.77002 5.77002 5.77002 5.77002 5.77002 5.77003 5.74848 5.75082 5.74841 5.77002 5.77002 5.77002 5.77002 5.77002 5.77002 5.77003 5.77005 5.77005 5.77005 5.77005 5.77005
11.54 5.77003 5.77004 5.77004 5.77004 5.77005 5.77005 5.77005 5.77005 5.77005 5.77003 5.77002 5.77001 5.77003 5.77004 5.76999 5.77004 5.77004 5.77004 5.77 5.77003 5.77003 5.77001 5.77004 5.77004 5.77001 5.77 5.77004 5.77002 5.77004 5.77001 5.77003 5.77003 5.77003 5.77002 5.77003 5.77003 5.77003 5.77002 5.77002 5.77004 5.77005 5.77005 5.77002 5.77002 5.77002 5.77002 5.77002 5.77002 5.77002 5.77002 5.77002 5.77003 5.77003 5.77003 5.77003 5.77002 5.77002 5.77002 5.77002 5.77002 5.77002 5.77005 5.77005 5.77005 5.77005 5.77005
13.93 8.15998 5.77004 5.77004 5.77004 5.77005 5.77005 5.77005 5.77005 5.77005 5.77004 5.77004 5.77005 5.77003 5.77001 5.77004 5.77001 5.77 5.77 5.77001 5.77003 5.77001 5.77003 5.77004 5.77003 5.77001 5.76999 5.77004 5.76999 5.77002 5.77002 5.77003 5.77 5.76999 5.76999 5.77 5.76998 5.77002 5.77003 5.77001 5.77004 5.77005 5.77005 5.77004 5.77002 5.77002 5.77002 5.77002 5.77002 5.77002 5.77002 5.77002 5.77002 5.77002 5.77002 5.77002 5.77003 5.77002 5.77002 5.77002 5.76508 5.76601 5.76812 5.77005 5.77005 5.77005 5.77005
11.54 5.77003 5.77004 5.77004 5.77004 5.77005 5.77005 5.77005 5.77005 5.77005 5.77004 5.77004 5.77002 5.77003 5.77004 5.77004 5.77 5.77002 5.77004 5.77003 5.77002 5.77 5.77004 5.77004 5.77 5.77002 5.77 5.77004 5.76998 5.76999 5.77003 5.77003 5.77 5.77 5.77 5.76999 5.77003 5.77001 5.77003 5.77002 5.77003 5.77004 5.77005 5.77005 5.77004 5.77002 5.77002 5.77002 5.77002 5.77002 5.77002 5.77002 5.77002 5.77002 5.77002 5.77002 5.77003 5.77003 5.77003 5.77002 5.76303 5.85065 5.76669 5.77005 5.77005 5.77005 5.77005
11.54 5.77003 5.77004 5.77004 5.77004 5.77004 5.77005 5.77004 5.77005 5.77005 5.77001 5.77004 5.77003 5.77004 5.77004 5.77003 5.77001 5.77002 5.77001 5.77002 5.77004 5.77 5.77004 5.77001 5.77001 5.77003 5.77 5.77004 5.76999 5.77001 5.77003 5.77 5.77003 5.77003 5.77004 5.77003 5.77002 5.77002 5.77002 5.77002 5.77 5.77004 5.77005 5.77005 5.77005 5.77004 5.77002 5.77002 5.77002 5.77002 5.77002 5.77002 5.77002 5.77002 5.77002 5.77002 5.77002 5.77003 5.77003 5.77003 5.76591 5.76609 5.76727 5.77005 5.77005 5.77005 5.77005
11.54 5.77003 5.77004 5.77004 5.77003 5.77003 5.77003 5.77 5.77003 5.77002 5.77003 5.77004 5.77004 5.77004 5.77003 5.77 5.77003 5.77003 5.77003 5.77001 5.77 5.77004 5.77004 5.77001 5.77002 5.77001 5.77 5.77004 5.77 5.77003 5.77001 5.77004 5.77 5.76999 5.77 5.77002 5.77003 5.77001 5.77 5.77003 5.77003 5.77001 5.77004 5.77005 5.77005 5.77005 5.77004 5.77002 5.77002 5.77002 5.77002 5.77002 5.77002 5.77002 5.77002 5.77002 5.77002 5.77003 5.77003 5.77003 5.77003 5.77003 5.77002 5.77005 5.77005 5.77005 5.77005
11.54 5.77003 5.77004 5.77004 5.77003 5.77001 5.77001 5.77002 5.77002 5.77003 5.77004 5.77004 5.77004 5.77002 5.77001 5.77003 5.77002 5.77 5.76998 5.77003 5.76999 5.77004 5.77 5.77001 5.77003 5.77002 5.76999 5.77004 5.76998 5.77 5.76999 5.77004 5.76999 5.77 5.77 5.77 5.77003 5.77001 5.77002 5.77003 5.77003 5.77002 5.77003 5.77004 5.77005 5.77005 5.77005 5.77004 5.77002 5.77002 5.77002 5.77002 5.77002 5.77002 5.77002 5.77002 5.77002 5.77002 5.77003 5.77003 5.77003 5.77002 5.77002 5.77005 5.77005 5.77005 5.77005
11.54 5.77003 5.77004 5.77004 5.77004 5.77004 5.62214 5.54656 5.62988 5.77004 5.77004 5.77004 5.77003 5.77 5.77003 5.77002 5.77001 5.77001 5.77001 5.77 5.77003 5.77004 5.77 5.77002 5.77001 5.77 5.76998 5.77004 5.76998 5.77001 5.77002 5.77003 5.77003 5.77003 5.77003 5.77003 5.77003 5.77001 5.77003 5.77001 5.77002 5.77003 5.77002 5.77002 5.77004 5.77005 5.77005 5.77005 5.77005 5.77004 5.77004 5.77003 5.77004 5.77004 5.77005 5.77002 5.77002 5.77002 5.77002 5.77003 5.77003 5.77002 5.77002 5.77005 5.77005 5.77005 5.77005
11.54 5.77003 5.77004 5.76358 5.75471 5.7588 5.75886 6.15247 5.68534 5.77004 5.77004 5.77001 5.77 5.77003 5.77002 5.77002 5.77 5.77 5.77001 5.76998 5.77004 5.77001 5.77001 5.77003 5.77002 5.77001 5.76998 5.77004 5.76996 5.77001 5.77003 5.77 5.77003 5.77001 5.77001 5.77003 5.77003 5.77002 5.77001 5.77002 5.77003 5.77003 5.77003 5.77001 5.77003 5.77004 5.77004 5.77005 5.77005 5.77005 5.77005 5.77005 5.77005 5.77005 5.77005 5.77005 5.77002 5.77002 5.77002 5.77003 5.77003 5.77002 5.77002 5.77005 5.77005 5.77005 5.77005
13.93 8.15999 5.77004 5.76892 6.15434 5.76696 5.74669 5.71717 5.68877 5.77002 5.77002 5.77001 5.77002 5.77003 5.77001 5.77002 5.77002 5.77002 5.77003 5.77002 5.77004 5.77001 5.77002 5.77002 5.77 5.77002 5.76998 5.77004 5.77 5.77003 5.76999 5.76999 5.77003 5.77002 5.77003 5.77003 5.77001 5.77003 5.77003 5.77002 5.77002 5.77 5.77003 5.77003 5.77003 5.77003 5.77001 5.77004 5.77005 5.77005 5.77005 5.77005 5.77005 5.77005 5.77005 5.77005 5.77005 5.77002 5.77002 5.77002 5.77003 5.77003 5.77002 5.77005 5.77005 5.77005 5.77005
11.54 5.77004 5.77004 5.75876 5.74727 5.7544 5.77004 5.77004 5.77004 5.72857 5.70166 5.67769 5.77001 5.77003 5.77 5.77002 5.77003 5.77002 5.76998 5.77004 5.77001 5.77001 5.77003 5.77 5.77002 5.77001 5.76998 5.77004 5.77002 5.77004 5.76998 5.76999 5.77003 5.77003 5.77001 5.76999 5.77003 5.77001 5.77003 5.77 5.77003 5.77001 5.77001 5.77003 5.77002 5.77001 5.77001 5.77003 5.77005 5.77005 5.77005 5.77005 5.77005 5.77005 5.77005 5.77005 5.77005 5.77005 5.77002 5.77002 5.77003 5.77003 5.77002 5.77005 5.77005 5.77005 5.77005
