tests/full-run-ref/erosion_2010_78_19_2.123.asc
ncols 512
nrows 512
xllcorner -3.24582
yllcorner -4.08743
cellsize 5
NODATA_value -99999
[rows 217 to 247 of 512, columns 142 to 212 of 512]
0 0 0 2.88509 0 0 0 0 0 0 0 0 0 0 0 19.205 46.7401 0 46.7952 47.6002 48.4052 49.2102 50.0152 50.9167 53.0401 51.8451 48.9601 47.7651 44.8801 43.6851 40.8001 39.6051 36.7201 35.525 32.64 31.445 28.56 27.365 24.48 23.285 20.4 19.205 16.32 15.125 12.24 11.045 8.16001 6.96501 4.08001 2.88508 2.88508 2.88508 2.88508 2.88508 2.88508 2.88507 2.88507 2.88507 2.88507 2.88507 2.88507 2.88507 2.88507 2.88507 2.88507 2.88507 2.88507 2.88507 2.88507 2.88507 2.88507
0 0 0 4.08001 2.88509 0 0 0 0 0 0 0 0 0 21.285 48.8201 0 48.8752 49.6802 50.4852 51.2902 52.0952 52.9002 54.2012 55.9251 53.0401 51.8451 48.9601 47.7651 44.8801 43.6851 40.8001 39.6051 36.7201 35.525 32.64 31.445 28.56 27.365 24.48 23.285 20.4 19.205 16.32 15.125 12.24 11.045 8.16001 5.77 2.88508 2.88508 2.88508 2.88508 2.88508 2.88508 2.88507 2.88507 2.88507 2.88507 2.88507 2.88507 2.88507 2.88507 2.88507 2.88507 2.88507 2.88507 2.88507 2.88507 2.88507 2.88507
0 0 0 0 4.08001 2.88509 0 0 0 0 0 0 0 23.365 50.9001 0 50.9552 51.7602 52.5652 53.3702 54.1752 54.9802 55.7852 57.7936 57.1201 55.9251 53.0401 51.8451 48.9601 47.7651 44.8801 43.6851 40.8001 39.6051 36.7201 35.5251 32.64 31.445 28.56 27.365 24.48 23.285 20.4 19.205 16.32 15.125 12.24 9.85001 6.96501 4.08001 2.88508 2.88508 2.88508 2.88508 2.88508 2.88507 2.88507 2.88507 2.88507 2.88507 2.88507 2.88507 2.88507 2.88507 2.88507 2.88507 2.88507 2.88507 2.88507 2.88507 2.88507
0 0 0 0 0 2.88509 0 0 0 0 0 0 25.445 52.9801 0 52.2595 53.8402 54.6452 55.4502 56.2552 57.0602 57.8652 58.6702 61.0301 60.0051 57.1201 55.9251 53.0401 51.8451 48.9601 47.7651 44.8801 43.6851 40.8001 39.6051 36.7201 35.5251 32.6401 31.445 28.56 27.365 24.48 23.285 20.4 19.205 16.32 13.93 11.045 8.16001 5.77 2.88508 2.88508 2.88508 2.88508 2.88508 2.88507 2.88507 2.88507 2.88507 2.88507 2.88507 2.88507 2.88507 2.88507 2.88507 2.88507 2.88507 2.88507 2.88507 2.88507 2.88507
0 0 0 0 0 0 0 0 0 0 8.53896 27.525 55.0601 0 49.9131 55.9202 56.7252 57.5302 58.3352 59.1402 59.9452 60.7502 61.9228 63.9151 61.2001 60.0051 57.1201 55.9251 53.0401 51.8451 48.9601 47.7651 44.8801 43.6851 40.8001 39.6051 36.7201 35.5251 32.6401 31.445 28.56 27.365 24.48 23.08 20.195 17.31 14.425 11.54 8.655 5.77 2.88508 2.88508 2.88508 2.88508 2.88508 2.88507 2.88507 2.88507 2.88507 2.88507 2.88507 2.88507 2.88507 2.88507 2.88507 2.88507 2.88507 2.88507 2.88507 2.88507 2.88507
0 0 0 0 0 0 0 0 0 26.33 29.6051 57.1401 0 36.7178 56.7424 58.8052 59.6102 60.4152 61.2202 62.0252 62.9095 64.5587 65.9951 65.2801 64.0851 61.2001 60.0051 57.1201 55.515 52.63 49.745 46.86 43.975 41.09 38.205 37.01 35.815 35.815 35.5251 32.6401 31.445 28.56 25.965 23.08 20.195 17.31 14.425 11.54 8.655 5.77 2.88508 2.88508 2.88508 2.88508 2.88507 2.88507 2.88507 2.88507 2.88507 2.88507 2.88507 2.88507 2.88507 2.88507 2.88507 2.88507 2.88507 2.88507 2.88507 2.88507 2.88507
1.76251 0 0 0 0 0 0 0 8.16001 31.6851 59.1759 0 0.471935 53.2145 60.8852 61.6902 62.4952 63.3734 65.0229 66.4108 67.2491 67.755 64.87 61.985 59.0992 56.2141 53.329 50.444 47.5591 44.6743 41.7895 38.905 37.71 36.515 35.32 34.125 32.93 31.735 31.735 31.735 31.735 28.85 25.965 23.08 20.195 17.31 14.425 11.54 8.655 5.77 2.88508 2.88508 2.88508 2.88508 2.88508 2.88507 2.88507 2.88507 2.88507 2.88507 2.88507 2.88507 2.88507 2.88507 2.88507 2.88507 2.88507 2.88507 2.88507 2.88507 2.88507
2.88509 0 0 0 0 0 0 3.57275 12.735 59.5894 0 0 35.9419 64.4272 64.4226 63.7204 63.76 67.7401 68.2484 65.3632 62.4781 59.5931 56.7081 53.8231 50.9381 48.0532 45.1684 42.2838 39.4 38.205 37.215 36.02 34.825 33.63 32.435 31.24 30.045 28.85 28.4747 27.928 29.8288 28.85 25.965 23.08 20.195 17.31 14.425 11.54 8.655 5.77 2.88508 2.88508 2.88508 2.88508 2.88508 2.88507 2.88507 2.88507 2.88507 2.88507 2.88507 2.88507 2.88507 2.88507 2.88507 2.88507 2.88507 2.88507 2.88507 2.88507 2.88507
2.88509 2.88509 0 0 0 0 0 0 12.735 52.8796 0 0 36.7978 61.2833 58.3981 55.5131 52.6282 49.7414 46.7574 43.7655 40.9419 38.1467 35.3128 32.4331 29.5481 26.665 25.4553 14.5208 6.76599 25.551 31.0112 33.135 31.94 30.745 29.55 28.355 27.16 25.965 25.5897 24.798 25.2375 28.355 25.965 23.08 20.195 17.31 14.425 11.54 8.655 5.77 2.88508 2.88508 2.88508 2.88508 2.88508 2.88507 2.88507 2.88507 2.88507 2.88507 2.88507 2.88507 2.88507 2.88507 2.88507 2.88507 2.88507 2.88507 2.88507 2.88507 2.88507
0 0 0 0 0 0 0 0 12.735 46.3174 0 49.7433 46.8581 43.9731 41.0881 38.2031 35.3182 32.4332 29.5484 26.6636 23.78 22.585 21.39 21.39 21.39 19.1739 0 0 0 0 26.5882 30.25 29.055 27.86 26.665 25.47 24.275 23.08 22.7047 21.913 21.6521 24.8582 24.48 23.08 20.195 17.31 14.425 11.54 8.655 5.77 2.88508 2.88508 2.88508 2.88508 2.88507 2.88507 2.88507 2.88507 2.88507 2.88507 2.88507 2.88507 2.88507 2.88507 2.88507 2.88507 2.88507 2.88507 2.88507 2.88507 2.88507
0 0 0 0 0 0 0 0 12.3022 38.1958 42.7783 39.8933 37.0084 34.1236 31.2388 28.354 25.4692 22.585 21.39 21.39 20.195 19.7 18.505 17.2121 0 0 0 0 0 0 4.38474 27.365 26.17 24.975 23.78 22.585 21.39 20.195 19.8197 19.028 18.7671 20.6203 23.285 20.4 19.205 16.32 14.425 11.54 8.655 5.77 2.88508 2.88508 2.88508 2.88508 2.88508 2.88507 2.88507 2.88507 2.88507 2.88507 2.88507 2.88507 2.88507 2.88507 2.88507 2.88507 2.88507 2.88507 2.88507 2.88507 2.88507
0 0 0 0 0 0 0 0 0 0 28.3534 25.4687 22.585 21.39 21.39 20.895 19.7 18.505 17.31 17.1666 17.31 16.815 15.62 14.425 0 0 0 0 0 0 0 24.48 23.285 22.09 20.895 19.7 18.505 17.31 16.9347 15.3796 14.6035 15.8378 22.09 19.205 16.32 15.125 12.24 11.045 8.16001 5.77 2.88508 2.88508 2.88508 2.88508 2.88508 2.88507 2.88507 2.88507 2.88507 2.88507 2.88507 2.88507 2.88507 2.88507 2.88507 2.88507 2.88507 2.88507 2.88507 2.88507 2.88507
0.754086 0 0 0 0 0 0 0 0 0 16.815 16.815 15.9015 17.8083 17.31 17.31 16.815 15.62 14.425 14.0497 14.425 13.93 12.735 11.421 0 0 0 0 0 0 0 11.5896 20.4 19.205 18.01 16.815 15.62 14.425 14.0497 0 0 0 17.3825 18.01 15.125 12.24 11.045 8.16001 6.96501 4.08001 2.88508 2.88508 2.88508 2.88508 2.88508 2.88507 2.88507 2.88507 2.88507 2.88507 2.88507 2.88507 2.88507 2.88507 2.88507 2.88507 2.88507 2.88507 2.88507 2.88507 2.88507
2.88509 0.823967 0 0 0 0 0 0 0 0 0 10.7685 11.2869 12.2645 13.9193 14.425 13.93 12.735 11.54 11.1647 11.54 11.045 9.85001 8.655 0 0 0 0 0 0 0 0 19.205 16.32 15.125 13.93 12.735 11.54 9.43911 0 0 0 3.97263 16.815 13.93 11.045 8.16001 6.96501 4.08001 2.88508 2.88508 2.88508 2.88508 2.88508 2.88508 2.88507 2.88507 2.88507 2.88507 2.88507 2.88507 2.88507 2.88507 2.88507 2.88507 2.88507 2.88507 2.88507 2.88507 2.88507 2.88507
2.88509 2.88509 0 0 0 0 0 0 0 0 0 0 0 9.68658 10.8529 11.54 11.045 9.85001 8.655 8.27968 8.58911 8.16001 6.96501 5.77 0 0 0 0 0 0 0 0 16.32 15.125 12.24 11.045 9.85001 8.64843 0 0 0 0 0 15.62 12.735 9.85001 6.96501 4.08001 2.88508 2.88508 2.88508 2.88508 2.88508 2.88508 2.88508 2.88507 2.88507 2.88507 2.88507 2.88507 2.88507 2.88507 2.88507 2.88507 2.88507 2.88507 2.88507 2.88507 2.88507 2.88507 2.88507
2.88509 2.88509 0 0 0 0 0 0 0 0 0 0 0 0 0 8.58911 8.16001 6.96501 5.77 5.39472 5.49691 5.77 4.08001 2.88508 0 0 0 0 0 0 0 0 13.93 12.24 11.045 8.16001 6.96501 5.77 0 0 0 0 0 14.425 11.54 8.655 5.77 2.88508 2.88508 2.88508 2.88508 2.88508 2.88508 2.88508 2.88508 2.88507 2.88507 2.88507 2.88507 2.88507 2.88507 2.88507 2.88507 2.88507 2.88507 2.88507 2.88507 2.88507 2.88507 2.88507 2.88507
2.88509 2.88509 0 0 0 0 0 0 0 0 0 0 0 0 0 0 5.77 4.08001 2.88508 2.88508 0 2.79863 2.88508 2.88508 0 0 0 0 0 0 0 0 11.045 9.85001 8.16001 6.96501 4.08001 2.88508 0 0 0 0 0 13.93 11.045 8.16001 5.77 2.88508 2.88508 2.88508 2.88508 2.88508 2.88508 2.88508 2.88508 2.88507 2.88507 2.88507 2.88507 2.88507 2.88507 2.88507 2.88507 2.88507 2.88507 2.88507 2.88507 2.88507 2.88507 2.88507 2.88507
2.88509 2.88509 2.88509 0 0 0 0 0 0 0 0 0 0 0 0 0 0 2.88508 2.88508 2.88508 0 0.483319 2.88508 2.88508 2.88508 0 0 0 0 0 0 0 8.16001 6.96501 5.77 4.08001 2.88508 0 0 0 0 0 0 12.0364 9.85001 6.96501 4.08001 2.88508 2.88508 2.88508 2.82084 2.88508 2.88508 2.88508 2.88508 2.88507 2.88507 2.88507 2.42175 2.77096 2.88507 2.88507 2.88507 2.88507 2.88507 2.88507 2.88507 2.88507 2.88507 2.88507 2.88507
2.88509 2.88509 2.88509 0 0 0 0 0 0 0 0 0 0 0 0 0 0 2.88508 2.88508 0 0.739504 2.66885 2.88004 2.88508 2.88508 0 0 0 0 0 0 0 6.96501 4.08001 2.88508 2.88508 2.88508 2.88508 0 0 0 0 0 11.045 8.16001 5.77 2.88508 2.88508 2.88508 0 2.35534 2.88508 2.88508 2.88508 2.88508 2.88507 2.88507 2.88507 0 2.41079 2.88507 2.88507 2.88507 2.88507 2.88507 2.88507 2.88507 2.88507 2.88507 2.88507 2.88507
2.88509 2.88509 2.88509 2.35086 2.67208 0 0 0 0 0 0 0 0 0 0 0 0 0 0 0 0 2.81178 2.88508 2.88508 2.88508 2.88508 2.08121 0 0 0 0 0 4.08001 2.88508 2.88508 2.88508 2.88508 0 0 0 0 0 6.8739 8.16001 6.96501 4.08001 2.88508 2.88508 0 0 1.51717 2.87261 2.62984 2.88508 2.88508 2.88507 2.88507 0 0 2.68869 2.88507 2.88507 2.88507 2.88507 2.88507 2.88507 2.88507 2.88507 2.88507 2.88507 2.88507
2.88509 2.88509 2.88509 2.88509 2.88509 0 0 0 0 0 0 0 0 0 0 0 0 0 0 0 0.481475 2.84825 2.88508 2.88508 2.88508 2.88508 2.88508 0 0 0 0 0 2.88508 2.88508 2.88508 0 0 0 0 0 0 0 7.33568 6.96501 4.08001 2.88508 2.88508 0 2.88508 0 0 0 1.82709 2.88508 2.88508 2.88507 2.88507 0 2.8827 2.86438 2.88507 2.88507 2.88507 2.88507 2.88507 2.88507 2.88507 2.88507 2.88507 2.88507 2.88507
2.88509 2.88509 2.88509 2.88509 2.88509 2.88509 0 0 0 0 0 0 0 0 0 0 0 0 0 0 2.12399 2.88002 2.88508 2.88508 2.88508 2.88508 2.88508 2.88508 0 0 0 0 2.88508 2.88508 0 0 0 0 0 0 0 0 4.69144 5.77 2.88508 2.88508 0 0 0 0 0 0 2.88483 2.88508 2.88508 2.88507 0 2.87896 2.88507 2.88507 2.88507 2.88507 2.88507 2.88507 2.88507 2.88507 2.88507 2.88507 2.88507 2.88507 2.88507
2.88509 2.88509 2.88509 2.88509 2.88509 2.88509 2.88509 0 0 0 0 0 1.57285 0 0 0.521673 0 0 0.553408 2.10922 2.79138 2.88508 2.88508 2.88508 2.88508 2.88508 2.88508 2.88508 0 0 0 0 0 0 0 0 0 0 0 0 0 0 0 4.08001 2.88508 2.88508 0 4.08001 2.88508 0 0 2.88396 2.88508 2.88508 2.88508 0 2.88507 2.88507 2.88507 2.88507 2.88507 2.88507 2.88507 2.88507 2.88507 2.88507 2.88507 2.88507 2.88507 2.88507 2.88507
2.88509 2.88509 2.88509 2.88509 2.88509 2.88509 2.88509 2.88509 0 0 1.66939 2.66806 2.84833 2.88508 2.34661 2.70233 2.3901 2.7643 2.69534 2.88092 2.88508 2.88508 2.88508 2.88508 2.88508 2.88508 2.88508 2.88508 2.88508 0 0 0 0 0 0 0 0 0 0 0 0 0 0 2.88508 2.88508 0 0 4.08001 4.08001 6.92708 4.08001 2.88508 2.88508 2.88508 0 0 2.88507 2.88507 2.88507 2.88507 2.88507 2.88507 2.88507 2.88507 2.88507 2.88507 2.88507 2.88507 2.88507 2.88507 2.88507
2.88509 2.88509 2.88509 2.88509 2.88509 2.88509 2.88509 2.88509 2.40359 2.7665 2.83236 2.88509 2.88509 2.88508 2.88508 2.88508 2.88508 2.88508 2.88508 2.88508 2.88508 2.88508 2.88508 2.88508 2.88508 2.88508 2.88508 2.88508 2.88508 0 0 0 0 0 0 0 0 0 0 0 0 0 0 2.88508 2.88508 0 0 0 4.08001 4.08001 2.88508 2.88508 2.88508 0 0 0 2.88507 2.88507 2.88507 2.88507 2.88507 2.88507 2.88507 2.88507 2.88507 2.88507 2.88507 2.88507 2.88507 2.88507 2.88507
2.88509 2.88509 2.88509 2.88509 2.88509 2.88509 2.88509 2.88509 2.88509 2.88509 2.88509 2.88509 2.88509 2.88508 2.88508 2.88508 2.88508 2.88508 2.88508 2.88508 2.88508 2.88508 2.88508 2.88508 2.88508 2.88508 2.88508 2.88508 2.88508 2.88508 0 0 0 0 0 0 0 0 0 0.528558 0 0 0 0 0 0 0 0 0 2.88508 2.88508 2.88508 2.88508 0 0 0 2.88507 2.88507 2.88507 2.88507 2.88507 2.88507 2.88507 2.88507 2.88507 2.88507 2.88507 2.88507 2.88507 2.88507 2.88507
2.88509 2.88509 2.88509 2.88509 2.88509 2.88509 2.88509 2.88509 2.88509 2.88509 2.88509 2.88509 2.88509 2.88508 2.88508 2.88508 2.88508 2.88508 2.88508 2.88508 2.88508 2.88508 2.88508 2.88508 2.88508 2.88508 2.88508 2.88508 2.88508 2.88508 2.88508 0 0 0 0 0 0 0 0.527616 2.67118 2.88061 0 0 0 0 0 0 0 0 2.88508 2.88508 0 0 0 0 0 2.88507 2.88507 2.88507 2.88507 2.88507 2.88507 2.88507 2.88507 2.88507 2.88507 2.88507 2.88507 2.88507 2.88507 2.88507
2.88509 2.88509 2.88509 2.88509 2.88509 2.88509 2.88509 2.88509 2.88509 2.88509 2.88509 2.88509 2.88509 2.88508 2.88508 2.88508 2.88508 2.88508 2.88508 2.88508 2.88508 2.88508 2.88508 2.88508 2.88508 2.88508 2.88508 2.88508 2.88508 2.88508 2.88508 0 0 0.360513 0 0 0 0.233051 2.64797 2.88059 2.88508 0 0 0 0 0 0 0 0 0 0 0 0 0 0 0.877359 2.57014 2.88507 2.88507 2.88507 2.88507 2.88507 2.88507 2.88507 2.88507 2.88507 2.88507 2.88507 2.88507 2.88507 2.88507
2.88509 2.88509 2.88509 2.88509 2.88509 2.88509 2.88509 2.88509 2.88509 2.88509 2.88509 2.88509 2.88509 2.88508 2.88508 2.88508 2.88508 2.88508 2.88508 2.88508 2.88508 2.88508 2.88508 2.88508 2.88508 2.88508 2.88508 2.88508 2.88508 2.88508 2.88508 2.88508 2.18462 2.79948 0 1.14397 1.67702 2.70696 2.8769 2.88508 2.88508 2.88508 0 0 0 0 0 0 0 0 0 0 0 0 0 2.77444 2.88498 2.88507 2.88507 2.88507 2.88507 2.88507 2.88507 2.88507 2.88507 2.88507 2.88507 2.88507 2.88507 2.88507 2.88507
2.88509 2.88509 2.88509 2.88509 2.88509 2.88509 2.88509 2.88509 2.88509 2.88509 2.88509 2.88509 2.88509 2.88508 2.88508 2.88508 2.88508 2.88508 2.88508 2.88508 2.88508 2.88508 2.88508 2.88508 2.88508 2.88508 2.88508 2.88508 2.88508 2.88508 2.88508 2.88508 2.88508 2.88508 2.67009 2.83213 2.88508 2.88508 2.88508 2.88508 2.88508 2.88508 0 0 0 0 0 0 0 0 0 0 0 0 1.05205 2.86455 2.88507 2.88507 2.88507 2.88507 2.88507 2.88507 2.88507 2.88507 2.88507 2.88507 2.88507 2.88507 2.88507 2.88507 2.88507
2.88509 2.88509 2.88509 2.88509 2.88509 2.88509 2.88509 2.88509 2.88509 2.88509 2.88509 2.88509 2.88509 2.88508 2.88508 2.88508 2.88508 2.88508 2.88508 2.88508 2.88508 2.88508 2.88508 2.88508 2.88508 2.88508 2.88508 2.88508 2.88508 2.88508 2.88508 2.88508 2.88508 2.88508 2.88508 2.88508 2.88508 2.88508 2.88508 2.88508 2.88508 2.88508 0 0 0 0 0 0 0 1.39117 0 0 0 0 2.38563 2.88507 2.88507 2.88507 2.88507 2.88507 2.88507 2.88507 2.88507 2.88507 2.88507 2.88507 2.88507 2.88507 2.88507 2.88507 2.88507
