tests/full-run-ref/erosion_81_12_73.110.asc
ncols 512
nrows 512
xllcorner -3.24582
yllcorner -4.08743
cellsize 5
NODATA_value -99999
[rows 29 to 57 of 512, columns 335 to 401 of 512]
5.76997 5.77 5.76998 5.76996 5.77 5.76996 5.76999 5.77 5.77 5.76999 5.76987 5.77007 5.77007 5.77008 5.77008 5.77008 5.77008 5.77008 5.77008 5.77007 5.77007 5.77007 5.77007 5.77007 5.77007 5.77007 5.77007 5.77007 5.77007 5.77007 5.77007 5.77007 5.77007 5.77007 5.77007 5.77007 5.77007 5.77007 5.77007 5.77007 5.77007 5.77007 5.77007 5.77007 5.77007 5.77008 5.77008 5.77008 5.77007 5.77008 5.77008 5.77008 5.77008 5.77008 5.77008 5.77008 5.77007 5.77007 5.77007 5.77007 5.77007 5.77007 5.77007 5.77007 5.77007 5.77007 5.77007
5.76997 5.77 5.76999 5.77 5.76997 5.77001 5.76998 5.76999 5.76999 5.76991 5.76993 5.77007 5.77008 5.77008 5.77008 5.77008 5.77008 5.77008 5.77008 5.77008 5.77007 5.77007 5.77007 5.77007 5.77007 5.77007 5.77007 5.77007 5.77007 5.77007 5.77007 5.77007 5.77007 5.77007 5.77007 5.77007 5.77007 5.77007 5.77007 5.77007 5.77007 5.77007 5.77007 5.77007 5.77007 5.77007 5.77008 5.77008 5.77007 5.77008 5.77008 5.77008 5.77008 5.77008 5.77008 5.77008 5.77008 5.77008 5.77008 5.77008 5.77008 5.77007 5.77007 5.77007 5.77007 5.77007 5.77007
5.76996 5.77 5.77 5.76999 5.76998 5.76996 5.76999 5.76996 5.76989 5.77004 5.77007 5.77008 5.77008 5.77008 5.77008 5.77008 5.77008 5.77008 5.77008 5.77008 5.77008 5.77007 5.77007 5.77007 5.77007 5.77007 5.77007 5.77007 5.77007 5.77007 5.77007 5.77007 5.77007 5.77007 5.77007 5.77007 5.77007 5.77007 5.77007 5.77007 5.77007 5.77007 5.77007 5.77007 5.77007 5.77007 5.77007 5.77007 5.77008 5.77008 5.77008 5.77008 5.77008 5.77008 5.77008 5.77008 5.77008 5.77008 5.77008 5.77008 5.77008 5.77007 5.77007 5.77007 5.77007 5.77007 5.77007
5.76999 5.76999 5.76999 5.76999 5.76999 5.76999 5.76991 5.77003 5.76991 5.77004 5.77008 5.77008 5.77008 5.77008 5.77008 5.77008 5.77008 5.77008 5.77008 5.77008 5.77008 5.77008 5.77008 5.77007 5.77007 5.77007 5.77007 5.77007 5.77007 5.77007 5.77007 5.77007 5.77007 5.77007 5.77007 5.77007 5.77007 5.77007 5.77007 5.77007 5.77007 5.77007 5.77007 5.77007 5.77007 5.77007 5.77007 5.77008 5.77008 5.77008 5.77008 5.77008 5.77008 5.77008 5.77007 5.77008 5.77008 5.77008 5.77008 5.77008 5.77008 5.77007 5.77007 5.77007 5.77007 5.77007 5.77007
5.76999 5.77 5.77 5.77 5.76999 5.77 5.76995 5.76997 5.76989 5.76979 5.77004 5.77008 5.77008 5.77008 5.77008 5.77008 5.77008 5.77008 5.77008 5.77008 5.77008 5.77008 5.77008 5.77008 5.77007 5.77007 5.77007 5.77007 5.77007 5.77007 5.77007 5.77007 5.77007 5.77007 5.77007 5.77007 5.77007 5.77007 5.77007 5.77007 5.77007 5.77007 5.77007 5.77007 5.77007 5.77007 5.77007 5.77007 5.77008 5.77008 5.77008 5.77008 5.77008 5.77007 5.77008 5.77008 5.77008 5.77008 5.77008 5.77008 5.77008 5.77007 5.77007 5.77007 5.77007 5.77007 5.77007
5.76999 5.76999 5.77 5.76999 5.76999 5.76999 5.77 5.77 5.76999 5.76998 5.76972 5.77004 5.77008 5.77008 5.77008 5.77008 5.77008 5.77008 5.77008 5.77008 5.77008 5.77008 5.77008 5.77008 5.77008 5.77008 5.77007 5.77007 5.77007 5.77007 5.77007 5.77007 5.77007 5.77007 5.77007 5.77007 5.77007 5.77007 5.77007 5.77007 5.77007 5.77007 5.77007 5.77007 5.77007 5.77007 5.77007 5.77007 5.77007 5.77007 5.77008 5.77008 5.77007 5.77008 5.77008 5.77008 5.77008 5.77008 5.77008 5.77008 5.77008 5.77008 5.77007 5.77007 5.77007 5.77007 5.77007
5.76999 5.76999 5.77 5.76999 5.77 5.76999 5.76999 5.76999 5.77 5.76995 5.77001 5.76984 5.77004 5.77008 5.77008 5.77008 5.77008 5.77008 5.77008 5.77008 5.77008 5.77008 5.77008 5.77008 5.77008 5.77008 5.77008 5.77008 5.77007 5.77007 5.77007 5.77007 5.77007 5.77007 5.77007 5.77007 5.77007 5.77007 5.77007 5.77007 5.77007 5.77007 5.77007 5.77007 5.77007 5.77007 5.77007 5.77007 5.77007 5.77007 5.77008 5.77007 5.77008 5.77008 5.77008 5.77008 5.77008 5.77008 5.77008 5.77008 5.77008 5.77008 5.77004 5.77004 5.77005 5.77007 5.77008
5.76999 5.76999 5.77 5.77 5.76999 5.76999 5.76999 5.77 5.77 5.76998 5.76995 5.77001 5.76992 5.77005 5.77008 5.77008 5.77008 5.77008 5.77008 5.77008 5.77008 5.77008 5.77008 5.77008 5.77008 5.77008 5.77008 5.77008 5.77007 5.77007 5.77007 5.77007 5.77007 5.77007 5.77007 5.77007 5.77007 5.77007 5.77007 5.77007 5.77007 5.77007 5.77007 5.77007 5.77007 5.77007 5.77007 5.77007 5.77007 5.77007 5.77007 5.77008 5.77008 5.77008 5.77008 5.77008 5.77008 5.77008 5.77008 5.77008 5.77008 5.77008 5.76984 7.75922 5.77003 5.77007 5.77008
5.76999 5.76999 5.77 5.76999 5.76999 5.76999 5.77 5.76999 5.77 5.76999 5.77001 5.76995 5.76999 5.76983 5.77005 5.77008 5.77008 5.77008 5.77008 5.77008 5.77008 5.77008 5.77008 5.77008 5.77008 5.77008 5.77008 5.77008 5.77007 5.77007 5.77007 5.77007 5.77007 5.77007 5.77007 5.77007 5.77007 5.77007 5.77007 5.77007 5.77007 5.77007 5.77007 5.77007 5.77007 5.77007 5.77007 5.77007 5.77007 5.77007 5.77007 5.77007 5.77008 5.77008 5.77008 5.77008 5.77008 5.77008 5.77008 5.77008 5.77008 5.77008 5.76982 5.76982 5.76991 5.77008 5.77008
5.77 5.76999 5.77 5.76999 5.76999 5.77 5.76999 5.76999 5.76995 5.76997 5.76996 5.77 5.77 5.76999 5.76986 5.77005 5.77008 5.77008 5.77008 5.77008 5.77008 5.77008 5.77008 5.77008 5.77008 5.77008 5.77008 5.77008 5.77007 5.77007 5.77007 5.77007 5.77007 5.77007 5.77007 5.77007 5.77007 5.77007 5.77007 5.77007 5.77007 5.77007 5.77007 5.77007 5.77007 5.77007 5.77007 5.77007 5.77007 5.77007 5.77007 5.77007 5.77008 5.77008 5.77008 5.77008 5.77008 5.77008 5.77008 5.77008 5.77008 5.77008 5.77008 5.77008 5.77008 5.77008 5.77008
5.76999 5.76999 5.76999 5.76999 5.77 5.76999 5.76996 5.76994 5.76992 5.77003 5.76994 5.76999 5.77 5.77 5.76999 5.76991 5.77005 5.77008 5.77008 5.77008 5.77008 5.77008 5.77008 5.77008 5.77008 5.77008 5.77008 5.77008 5.77008 5.77007 5.77007 5.77007 5.77007 5.77007 5.77007 5.77007 5.77007 5.77007 5.77007 5.77007 5.77007 5.77007 5.77007 5.77007 5.77007 5.77007 5.77007 5.77007 5.77007 5.77007 5.77007 5.77008 5.77008 5.77008 5.77008 5.77008 5.77008 5.77008 5.77008 5.77008 5.77008 5.77008 5.77008 5.77008 5.77008 5.77008 5.77008
5.76999 5.76999 5.76999 5.77 5.77 5.76999 5.76994 5.77002 5.76997 5.76995 5.76993 5.77 5.76999 5.77 5.77 5.77 5.76989 5.77005 5.77008 5.77008 5.77008 5.77008 5.77008 5.77008 5.77008 5.77008 5.77008 5.77008 5.77008 5.77007 5.77007 5.77007 5.77007 5.77007 5.77007 5.77007 5.77007 5.77007 5.77007 5.77007 5.77007 5.77007 5.77007 5.77007 5.77007 5.77007 5.77007 5.77007 5.77007 5.77007 5.77007 5.77008 5.77008 5.77008 5.77008 5.77008 5.77008 5.77008 5.77008 5.77008 5.77008 5.77008 5.77008 5.77008 5.77008 5.77008 5.77007
5.76999 5.76999 5.76999 5.76998 5.77 5.76993 5.77 5.76994 5.76998 5.77 5.77 5.77 5.76999 5.76998 5.77001 5.76998 5.76999 5.76992 5.77005 5.77008 5.77008 5.77008 5.77008 5.77008 5.77008 5.77008 5.77008 5.77008 5.77008 5.77008 5.77007 5.77007 5.77007 5.77007 5.77007 5.77007 5.77007 5.77007 5.77007 5.77007 5.77007 5.77007 5.77007 5.77007 5.77007 5.77007 5.77007 5.77007 5.77007 5.77007 5.77008 5.77008 5.77008 5.77008 5.77008 5.77008 5.77008 5.77008 5.77008 5.77008 5.77008 5.77008 5.77008 5.77008 5.77008 5.77007 5.77007
5.76999 5.76999 5.76998 5.77001 5.76998 5.77001 5.7699 5.76998 5.77 5.76999 5.76998 5.77 5.76999 5.76999 5.76997 5.76999 5.77 5.76999 5.76983 5.77005 5.77008 5.77008 5.77008 5.77008 5.77008 5.77008 5.77008 5.77008 5.77008 5.77008 5.77007 5.77007 5.77007 5.77007 5.77007 5.77007 5.77007 5.77007 5.77007 5.77007 5.77007 5.77007 5.77007 5.77007 5.77007 5.77007 5.77007 5.77007 5.77007 5.77007 5.77007 5.77008 5.77008 5.77008 5.77008 5.77008 5.77008 5.77008 5.77008 5.77008 5.77008 5.77008 5.77008 5.77008 5.77007 5.77007 5.77007
5.76999 5.76998 5.77 5.76995 5.76995 5.76994 5.77001 5.76997 5.77 5.76998 5.77001 5.76996 5.77 5.76998 5.76996 5.76998 5.77 5.76998 5.77 5.7699 5.77005 5.77008 5.77008 5.77008 5.77008 5.77008 5.77008 5.77008 5.77008 5.77008 5.77008 5.77008 5.77007 5.77007 5.77007 5.77007 5.77007 5.77007 5.77007 5.77007 5.77007 5.77007 5.77007 5.77007 5.77007 5.77007 5.77007 5.77007 5.77007 5.77008 5.77008 5.77008 5.77008 5.77008 5.77008 5.77008 5.77008 5.77008 5.77008 5.77008 5.77008 5.77008 5.77008 5.77007 5.77007 5.77007 5.77007
5.76994 5.77 5.76997 5.76999 5.77 5.76999 5.76996 5.76999 5.76995 5.76999 5.76996 5.76998 5.76999 5.76997 5.77001 5.76998 5.76993 5.76996 5.76996 5.77001 5.76986 5.77005 5.77008 5.77008 5.77008 5.77008 5.77008 5.77008 5.77008 5.77008 5.77008 5.77008 5.77008 5.77007 5.77007 5.77007 5.77007 5.77007 5.77007 5.77007 5.77007 5.77007 5.77007 5.77007 5.77007 5.77007 5.77007 5.77008 5.77008 5.77008 5.77008 5.77008 5.77008 5.77008 5.77008 5.77008 5.77008 5.77008 5.77008 5.77008 5.77008 5.77008 5.77007 5.77007 5.77007 5.77007 5.77007
5.76998 5.76998 5.76998 5.76996 5.76996 5.77 5.76994 5.77003 5.76993 5.77 5.77 5.76999 5.76999 5.76994 5.76996 5.76995 5.77002 5.76994 5.76997 5.76998 5.77 5.76993 5.77005 5.77008 5.77008 5.77008 5.77008 5.77008 5.77008 5.77008 5.77008 5.77008 5.77008 5.77008 5.77007 5.77007 5.77007 5.77007 5.77008 5.77007 5.77007 5.77007 5.77007 5.77007 5.77007 5.77007 5.77007 5.77008 5.77008 5.77008 5.77008 5.77008 5.77008 5.77008 5.77008 5.77008 5.77008 5.77008 5.77008 5.77008 5.77008 5.77007 5.77007 5.77007 5.77007 5.77007 5.77007
5.77001 5.76999 5.76998 5.77002 5.76995 5.77 5.76996 5.76999 5.76994 5.77 5.76999 5.76999 5.76999 5.76999 5.77 5.76994 5.7699 5.76998 5.77 5.77 5.76998 5.76999 5.7699 5.77005 5.77007 5.77008 5.77008 5.77008 5.77008 5.77008 5.77008 5.77008 5.77008 5.77007 5.77008 5.77008 5.77007 5.77008 5.77008 5.77008 5.77008 5.77008 5.77007 5.77007 5.7624 5.7687 5.76868 5.76833 5.76858 5.77008 5.77008 5.77008 5.77008 5.77008 5.77008 5.77008 5.77008 5.77008 5.77008 5.77008 5.77007 5.77007 5.77007 5.77007 5.77007 5.77007 5.77007
5.76998 5.76998 5.76998 5.76993 5.76999 5.76999 5.76999 5.77 5.76998 5.76998 5.76998 5.76999 5.76997 5.76997 5.77 5.76995 5.76994 5.76995 5.76999 5.77 5.77 5.76999 5.77001 5.76988 5.77005 5.77008 5.77008 5.77008 5.77008 5.77008 5.77008 5.77008 5.77008 5.77008 5.77008 5.77008 5.77008 5.77007 5.77008 5.77008 5.77008 5.77007 5.77008 5.77008 5.7484 7.34057 5.76741 6.12405 5.76933 5.77008 5.77008 5.77008 5.77008 5.77008 5.77008 5.77008 5.77008 5.77008 5.77008 5.77007 5.77007 5.77007 5.77007 5.77007 5.77007 5.77007 5.77008
5.76999 5.76992 5.76993 5.76997 5.76998 5.76998 5.76998 5.76999 5.77 5.76997 5.76999 5.76994 5.77001 5.76995 5.77 5.76998 5.77003 5.76997 5.76999 5.76996 5.76996 5.77 5.76995 5.77 5.76983 5.77005 5.77008 5.77008 5.77008 5.77008 5.77008 5.77008 5.77008 5.77008 5.77008 5.77008 5.77008 5.77008 5.77008 5.77008 5.77008 5.77008 5.77008 5.77007 5.75257 5.80351 5.76691 5.76927 5.76862 5.77008 5.77008 5.77008 5.77008 5.77008 5.77008 5.77008 5.77008 5.77008 5.77008 5.77007 5.77007 5.77007 5.77007 5.77007 5.77007 5.77007 5.77008
5.77002 5.76995 5.77003 5.76996 5.77002 5.76999 5.77001 5.76996 5.76998 5.76998 5.77 5.76998 5.76995 5.76998 5.76998 5.76996 5.76997 5.76996 5.76999 5.77001 5.77 5.76998 5.77 5.76994 5.77002 5.76991 5.77005 5.77008 5.77008 5.77008 5.77008 5.77008 5.77008 5.77008 5.77008 5.77008 5.77008 5.77008 5.77008 5.77008 5.77008 5.77008 5.77008 5.77008 5.76975 5.76987 5.76987 5.77007 5.77008 5.77008 5.77008 5.77008 5.77008 5.77008 5.77008 5.77008 5.77008 5.77008 5.77008 5.77007 5.77007 5.77007 5.77007 5.77007 5.77007 5.77007 5.77007
5.76993 5.76996 5.76983 5.76998 5.76999 5.76997 5.76996 5.76995 5.77 5.77 5.76999 5.77 5.76998 5.77001 5.76999 5.77001 5.76999 5.77002 5.76998 5.76995 5.76994 5.76999 5.76999 5.76999 5.76999 5.77 5.76987 5.77007 5.77008 5.77008 5.77008 5.77008 5.77008 5.77008 5.77008 5.77008 5.77008 5.77008 5.77008 5.77008 5.77008 5.77008 5.77008 5.77008 5.77008 5.77007 5.77007 5.77007 5.77008 5.77008 5.77008 5.77008 5.77008 5.77008 5.77008 5.77008 5.77008 5.77008 5.77008 5.77007 5.77007 5.77007 5.77007 5.77007 5.77007 5.77007 5.77007
5.77 5.76998 5.76996 5.76998 5.77002 5.76992 5.77 5.76999 5.77 5.76999 5.76999 5.77 5.76998 5.76997 5.76995 5.76993 5.76995 5.76992 5.76996 5.76999 5.76999 5.76999 5.77 5.77 5.77 5.76999 5.76993 5.76992 5.77007 5.77007 5.77008 5.77008 5.77008 5.77008 5.77008 5.77008 5.77008 5.77008 5.77008 5.77008 5.77008 5.77008 5.77008 5.77008 5.77008 5.77008 5.77008 5.77008 5.77008 5.77008 5.77008 5.77008 5.77008 5.77008 5.77008 5.77007 5.77008 5.77008 5.77008 5.77007 5.77007 5.77007 5.77007 5.77007 5.77007 5.77007 5.77007
5.76999 5.76995 5.77003 5.76994 5.76996 5.76993 5.76994 5.77 5.76999 5.77 5.76997 5.76998 5.77 5.77 5.77 5.76999 5.77 5.76999 5.76999 5.77 5.76998 5.77 5.76995 5.76999 5.76995 5.76999 5.76998 5.76997 5.76991 5.77006 5.77007 5.77008 5.77007 5.77007 5.77008 5.77007 5.77007 5.77008 5.77008 5.77007 5.77008 5.77008 5.77008 5.77008 5.77008 5.77008 5.77008 5.77008 5.77008 5.77007 5.77008 5.77007 5.77008 5.77007 5.77007 5.77008 5.77008 5.77008 5.77008 5.77008 5.77007 5.77007 5.77007 5.77007 5.77007 5.77007 5.77007
5.77001 5.76996 5.76998 5.76998 5.76996 5.77002 5.7699 5.76999 5.77 5.76995 5.77001 5.76994 5.76998 5.76999 5.76999 5.76999 5.76994 5.76996 5.76994 5.76999 5.76998 5.77 5.76994 5.77001 5.76994 5.7699 5.77003 5.76995 5.76997 5.76989 5.77006 5.77007 5.77008 5.77007 5.77007 5.77007 5.77006 5.77008 5.77006 5.77007 5.77008 5.77008 5.77008 5.77008 5.77008 5.77008 5.77008 5.77008 5.77007 5.77002 5.77007 5.77008 5.77008 5.77008 5.74967 5.74647 5.76985 5.77008 5.77008 5.77008 5.77008 5.77007 5.77007 5.77007 5.77007 5.77007 5.77007
5.76997 5.76997 5.76993 5.77004 5.76993 5.76994 5.76993 5.76999 5.76999 5.76999 5.76996 5.77001 5.76999 5.77001 5.76998 5.76998 5.76995 5.77003 5.76989 5.77 5.77 5.77 5.76995 5.76998 5.76995 5.76995 5.76993 5.77003 5.76997 5.76999 5.76983 5.77007 5.77007 5.77008 5.77003 5.77007 5.76999 5.77008 5.77001 5.77008 5.77008 5.77008 5.77008 5.77008 5.77008 5.77007 5.77008 5.77008 5.77001 5.77007 5.77008 5.77008 5.77008 5.77008 5.76995 6.15836 5.76995 5.77008 5.77008 5.77008 5.77007 5.77007 5.77007 5.77007 5.77007 5.77007 5.77007
5.77002 5.76993 5.76997 5.76999 5.76999 5.76992 5.77 5.76999 5.77 5.76999 5.77 5.76999 5.76999 5.76999 5.77002 5.76997 5.76998 5.76998 5.76999 5.76999 5.76999 5.76999 5.76998 5.76998 5.77 5.76999 5.76998 5.76998 5.77002 5.77003 5.76999 5.76981 5.77007 5.77008 5.77008 5.76994 5.76999 5.77008 5.76999 5.77007 5.77007 5.77007 5.77008 5.77008 5.77008 5.77006 5.77007 5.77 5.77008 5.77008 5.77008 5.77008 5.77008 5.77008 5.76992 5.76299 5.76401 5.77008 5.77008 5.77007 5.77007 5.77007 5.77007 5.77007 5.77007 5.77007 5.77007
5.76997 5.77001 5.76995 5.76993 5.77004 5.76989 5.76999 5.76998 5.76998 5.77 5.76999 5.77 5.77 5.76996 5.77 5.76989 5.76995 5.77001 5.7699 5.77002 5.76997 5.77 5.77001 5.76998 5.76996 5.76999 5.77001 5.76998 5.7699 5.76987 5.77003 5.76998 5.76987 5.77007 5.77008 5.77007 5.76998 5.77008 5.77007 5.77 5.77006 5.77006 5.77007 5.77007 5.77008 5.77007 5.77 5.77007 5.77008 5.77008 5.77008 5.77008 5.77008 5.77007 5.77007 5.77007 5.77007 5.77008 5.77007 5.77007 5.77007 5.77007 5.77007 5.77007 5.77007 5.77007 5.77007
5.77002 5.76998 5.77001 5.76996 5.76994 5.77 5.76998 5.77 5.77003 5.77002 5.76998 5.76996 5.77004 5.77005 5.77004 5.77005 5.77 5.77005 5.77004 5.76999 5.77 5.76991 5.76994 5.77003 5.77002 5.76998 5.76998 5.76999 5.76998 5.76992 5.76993 5.77 5.77002 5.76994 5.77007 5.77007 5.76999 5.77008 5.77008 5.77007 5.76997 5.77006 5.77007 5.77005 5.77007 5.76998 5.77008 5.77007 5.77008 5.77008 5.77008 5.77008 5.77007 5.77008 5.77008 5.77008 5.77008 5.77007 5.77007 5.77007 5.77007 5.77007 5.77007 5.77007 5.77007 5.77007 5.77007
