tests/full-run-ref/erosion_78_24_-72.835.asc
ncols 512
nrows 512
xllcorner -3.24582
yllcorner -4.08743
cellsize 5
NODATA_value -99999
[rows 87 to 115 of 512, columns 268 to 334 of 512]
5.77001 5.76542 11.5336 5.76355 5.76192 5.77001 5.77001 5.77001 5.77001 5.77001 5.77001 5.77001 5.74845 5.22903 10.4599 16.512 16.7184 10.7784 7.98079 8.15976 8.15994 8.15985 8.11399 8.05591 7.99905 7.95552 13.7343 16.3047 16.2585 11.4705 5.71309 5.76523 5.77001 5.77001 5.75592 5.53977 11.133 10.6857 5.22847 5.68289 5.7475 5.77001 5.77001 5.77001 5.77001 5.77001 5.77001 5.76377 8.12969 5.76091 5.77001 5.77001 5.77001 5.77001 5.77001 5.77001 5.77001 5.77001 5.77001 5.77001 5.77001 5.77001 5.77001 5.77001 5.77001 5.73457 5.77124
5.77001 5.75086 11.5257 5.7609 5.76104 5.77001 5.77001 5.77001 5.77001 5.77001 5.77001 5.77001 5.74829 5.41707 10.6249 16.6147 16.6145 10.6129 7.96578 8.15976 8.15976 8.09818 7.82761 13.5015 13.3909 13.4389 16.135 15.5344 13.1306 8.0682 5.76016 5.77001 5.77001 5.77001 5.77001 5.6842 7.37855 12.5345 6.42467 7.12885 5.64713 5.77001 5.77001 5.77001 5.77001 5.77001 5.77001 5.76878 5.76803 5.76766 5.77001 5.77001 5.77001 5.77001 5.77001 5.77001 5.77001 5.77001 5.77001 5.77001 5.77001 5.77001 5.77001 5.77001 5.77001 5.74928 5.37922
5.77001 5.7591 5.76421 8.14277 5.75618 5.77001 5.77001 5.77001 5.77001 5.77001 5.77001 5.77001 5.6417 6.86034 12.7181 18.7281 18.7411 12.6455 7.43861 7.94082 8.01486 7.87052 10.0638 15.5872 19.2387 19.2946 18.2118 12.8636 6.91696 5.5903 5.76805 5.77001 5.77001 5.77001 5.77001 5.75465 5.54686 11.1364 12.456 10.0403 5.35501 5.75815 5.77001 5.77001 5.77001 5.77001 5.76788 5.76914 5.76931 5.77001 5.77001 5.77001 5.77001 5.77001 5.77001 5.77001 5.77001 5.77001 5.77001 5.77001 5.77001 5.77001 5.77001 5.77001 5.77001 5.77001 5.77
5.77001 5.77001 5.76853 5.76708 5.75964 5.77001 5.77001 5.77001 5.77001 5.77001 5.77001 5.73258 5.42622 10.2054 15.1241 21.113 20.7724 14.5452 11.143 6.54515 12.3226 6.90257 11.1297 17.599 23.6641 21.5346 15.4823 9.2336 4.62727 5.65428 5.74043 5.76983 5.77001 5.77001 5.77001 5.77001 5.66396 11.1158 15.956 11.9631 5.88165 5.46727 5.69071 5.75435 5.77001 5.77001 5.76719 8.0607 5.76891 5.77001 5.77001 5.77001 5.77001 5.77001 5.77001 5.77001 5.77001 5.77001 5.77001 5.77001 5.77001 5.77001 5.77001 5.77001 5.77001 5.77001 5.77001
5.77001 5.77001 5.76825 5.76647 5.75911 5.77001 5.77001 5.77001 5.77001 5.77001 5.77001 5.7146 7.3176 12.8608 18.2415 22.5688 23.2073 18.184 11.3773 10.1682 12.2099 11.69 12.4661 18.9123 25.2192 23.2173 17.0209 10.7502 4.86727 6.96718 5.5231 5.70571 5.77001 5.77001 5.77001 5.77001 5.72146 7.66482 13.5256 14.4697 11.9271 6.38905 7.63171 5.70237 5.77001 5.77001 5.76734 5.76755 5.76835 5.77001 5.77001 5.77001 5.77001 5.77001 5.77001 5.77001 5.77001 5.77001 5.77001 5.77001 5.77001 5.77001 5.77001 5.77001 5.77001 5.77001 5.77001
5.77001 5.7686 5.76551 8.15035 5.75396 5.77001 5.77001 5.77001 5.77001 5.77001 5.77001 5.73481 5.14506 9.65329 13.8591 18.8436 23.9541 20.643 17.5098 15.7276 17.922 17.4451 19.6166 21.2717 27.5457 25.5437 19.3285 13.1187 11.0066 12.9685 11.172 5.61673 5.77001 5.77001 5.77001 5.77001 5.76141 5.64319 11.1509 16.0687 14.8433 12.3784 7.31118 5.69264 5.77001 5.77001 5.77001 5.77001 5.77001 5.77001 5.77001 5.77001 5.77001 5.77001 5.77001 5.77001 5.77001 5.77001 5.77001 5.76833 5.76781 5.76503 5.77001 5.77001 5.77001 5.77001 5.77001
5.77001 5.76399 8.13987 5.75571 5.75336 5.77001 5.77001 5.77001 5.77001 5.77001 5.77001 5.77001 5.52482 5.0779 9.6986 14.7019 21.0611 26.7315 23.7472 22.7499 23.8802 24.6896 25.6167 28.2388 29.8794 27.9144 21.8154 19.4794 17.3308 16.6322 10.71 5.54051 5.77001 5.77001 5.77001 5.77001 5.77001 5.73157 7.81585 13.6538 13.0238 7.08744 5.56728 5.74181 5.77001 5.77001 5.77001 5.77001 5.77001 5.77001 5.77001 5.77001 5.77001 5.77001 5.77001 5.77001 5.76987 5.76981 5.76988 5.76896 8.0607 5.76053 5.77001 5.77001 5.77001 5.77001 5.77001
5.77001 5.75763 11.5243 8.08868 5.75295 5.77001 5.77001 5.77001 5.77001 5.77001 5.77001 5.77001 5.74865 4.80537 5.49922 11.3668 17.7616 24.2543 29.8863 29.1395 31.4092 30.6301 31.7262 34.2077 35.7697 30.4083 27.97 25.6267 22.013 16.1041 10.1725 5.45878 5.77001 5.77001 5.77001 5.77001 5.77001 5.76361 5.69054 11.3963 11.2958 5.58079 5.75286 5.77001 5.77001 5.77001 5.77001 5.77001 5.77001 5.77001 5.77001 5.77001 5.77001 5.77001 5.77001 5.77001 5.76906 6.15086 5.76535 5.76626 5.7684 5.76259 5.77001 5.77001 5.77001 5.77001 5.77001
5.77001 5.75432 11.5051 5.73345 5.75039 5.77001 5.77001 5.77001 5.77001 5.77001 5.77001 5.77001 5.77001 5.0431 5.90508 11.4536 17.8203 24.0873 30.406 35.305 37.6332 40.0411 37.6787 36.1517 33.7359 34.0462 33.4555 27.5699 21.669 15.7504 9.82565 5.34495 5.75196 5.77001 5.77001 5.77001 5.77001 5.77001 5.75046 8.06218 8.03004 5.74424 5.77001 5.77001 5.77001 5.77001 5.77001 5.77001 5.77001 5.77001 5.77001 5.77001 5.77001 5.77001 5.77001 5.77001 5.76886 8.15431 8.13308 11.5185 5.76045 5.76385 5.77001 5.77001 5.77001 5.77001 5.77001
5.77001 5.75485 11.5213 8.05966 5.73955 5.77001 5.77001 5.77001 5.77001 5.77001 5.77001 5.77001 5.77001 4.95974 6.21048 11.7721 17.5943 23.811 30.0794 36.5334 37.417 34.7736 32.3768 30.0787 27.7561 28.1071 30.4043 29.2769 23.3859 18.3184 12.8947 7.28328 5.71304 5.77001 5.77001 5.77001 5.77001 5.77001 5.76664 5.75821 5.75772 5.76527 5.77001 5.77001 5.77001 5.77001 5.77001 5.77001 5.77001 5.77001 5.77001 5.77001 5.77001 5.77001 5.77001 5.77001 5.76918 5.76343 11.527 13.8948 8.11749 5.76773 5.77001 5.77001 5.77001 5.77001 5.77001
5.77001 5.75738 11.5263 8.08389 5.74809 5.77001 5.77001 5.77001 5.77001 5.77001 5.77001 5.77001 5.77001 4.89244 6.66047 12.2954 18.1745 24.3486 30.5617 37.1918 34.675 28.0265 25.6576 23.5799 21.537 22.0746 24.4514 26.8627 20.9703 15.0893 12.7945 7.63534 5.7163 5.77001 5.77001 5.77001 5.77001 5.77001 5.77001 5.77001 5.77001 5.77001 5.77001 5.77001 5.77001 5.77001 5.77001 5.77001 5.77001 5.77001 5.77001 5.77001 5.77001 5.77001 5.77001 5.77001 5.77001 5.76137 11.5183 11.5095 5.7461 5.76731 5.77001 5.77001 5.77001 5.77001 5.77001
5.77001 5.76148 11.5227 5.75223 5.76541 5.77001 5.77001 5.77001 5.77001 5.77001 5.77001 5.77001 5.77001 4.86119 7.1485 12.8794 18.9342 25.0967 31.3392 37.8712 31.9236 25.1409 18.1719 16.1021 14.5781 15.7515 18.3731 21.1288 18.5918 12.6355 6.80358 5.56394 5.75744 5.77001 5.77001 5.77001 5.77001 5.77001 5.77001 5.77001 5.77001 5.77001 5.77001 5.77001 5.77001 5.77001 5.77001 5.77001 5.77001 5.77001 5.77001 5.77001 5.77001 5.77001 5.77001 5.77001 5.77001 5.75849 11.5069 13.8558 8.0704 5.76219 5.77001 5.77001 5.77001 5.77001 5.77001
5.77001 5.76529 8.15089 8.15296 5.76775 5.77001 5.77001 5.77001 5.77001 5.77001 5.77001 5.77001 5.73118 4.60464 7.52003 13.435 19.5806 25.7317 32.0741 36.0305 29.2559 22.498 15.2038 7.60299 6.42697 8.7419 12.0596 15.1586 15.5663 10.4493 5.41897 5.74983 5.77001 5.77001 5.77001 5.77001 5.77001 5.77001 5.77001 5.77001 5.77001 5.76928 5.76755 5.76598 5.76756 5.76938 5.76979 5.77001 5.77001 5.77001 5.77001 5.77001 5.77001 5.77001 5.77001 5.77001 5.77001 5.75723 11.4884 16.2485 11.4698 5.75591 5.77001 5.77001 5.77001 5.77001 5.77001
5.77001 5.7684 5.76464 8.7536 5.76222 5.76566 5.76877 5.77001 5.77001 5.77001 5.77001 5.75967 5.38256 5.92479 11.461 16.572 22.591 28.6005 34.8227 33.5735 26.9642 20.1193 12.8611 5.26319 0.610774 2.78826 5.78505 9.26667 12.9893 7.32091 5.67947 5.77001 5.77001 5.77001 5.77001 5.77001 5.77001 5.77001 5.77001 5.77001 5.77001 5.7691 8.09835 8.1374 6.11749 6.13745 5.76715 5.77001 5.77001 5.77001 5.77001 5.77001 5.77001 5.77001 5.77001 5.77001 5.77001 5.75781 11.4898 17.2582 11.4754 5.75254 5.76892 5.77001 5.77001 5.77001 5.77001
5.77001 5.77001 5.7664 8.14571 8.13099 8.12262 5.75659 5.76796 5.77001 5.77001 5.77001 5.71548 7.74584 12.5109 14.6373 20.348 25.4415 31.3599 37.3517 32.5232 26.2315 19.5458 12.4155 5.39034 2.88679 5.30895 4.95541 4.9273 7.43204 5.59289 5.75874 5.76993 5.76993 5.76995 5.77001 5.77001 5.77001 5.77001 5.77001 5.77001 5.77001 5.76908 5.76179 11.5185 11.8917 11.5127 5.76082 5.77001 5.77001 5.77001 5.77001 5.77001 5.77001 5.77001 5.77001 5.77001 5.77001 5.75999 11.5031 17.2812 13.8849 8.10857 5.7644 5.77001 5.77001 5.77001 5.77001
5.77001 5.77001 5.76351 5.72692 11.4811 13.8678 8.08145 5.76005 5.77001 5.77001 5.77001 5.64946 11.1481 15.9432 20.8681 23.1743 28.8321 33.9122 38.3018 32.3612 26.2683 19.8487 12.9585 6.31593 3.37861 5.50815 5.77001 5.7516 5.73976 5.7523 5.76996 6.1589 6.1595 5.76993 5.77001 5.77001 5.77001 5.77001 5.77001 5.77001 5.77001 5.77001 5.75899 11.4998 17.264 11.4844 5.75399 5.77001 5.77001 5.77001 5.77001 5.77001 5.77001 5.77001 5.77001 5.77001 5.76871 5.75814 11.5117 17.2833 16.2799 11.519 5.75759 5.77001 5.77001 5.77001 5.77001
5.77001 5.76217 5.70707 7.94951 13.7681 16.2592 11.4364 5.70003 5.7475 5.74932 5.74379 5.48769 10.9351 16.7781 22.6058 28.4168 31.4798 37.1268 38.3028 32.4174 26.4434 20.255 13.6986 7.14513 5.23604 5.03887 5.77001 5.77001 5.77001 5.77001 5.76995 5.76982 5.76989 5.76979 5.77001 5.77001 5.77001 5.77001 5.77001 5.77001 5.77001 5.77001 5.75507 11.4814 17.2431 11.4562 5.7493 5.77001 5.77001 5.77001 5.77001 5.77001 5.77001 5.77001 5.77001 5.77001 5.7655 8.13227 13.8971 11.5083 11.5201 8.13826 5.7604 5.77001 5.77001 5.77001 5.77001
5.77001 5.73078 7.7926 13.614 16.1665 17.2913 13.7517 7.93051 8.01639 5.98571 5.71871 7.46278 13.2588 19.109 24.9406 30.7625 36.5706 39.7148 40.6893 34.852 28.9882 23.0443 16.9504 11.3692 8.03212 4.68545 5.73931 5.77001 5.77001 5.77001 5.77001 5.76984 6.15575 5.76967 5.77001 5.76822 5.7674 5.76802 5.77001 5.77001 5.77001 5.77001 5.75232 11.4706 17.2327 11.4429 5.74582 5.77001 5.77001 5.77001 5.77001 5.77001 5.77001 5.77001 5.77001 5.77001 5.76356 11.5296 8.12245 5.7567 5.75428 5.74074 5.76015 5.77001 5.77001 5.77001 5.77001
5.76339 5.67353 11.1743 16.0025 17.2874 17.3025 16.1525 13.7304 13.7962 11.784 11.5688 13.3714 15.6924 21.5203 27.341 33.1537 38.9631 44.7749 42.1896 36.3654 30.5319 24.6714 18.7679 12.9157 10.1622 5.89372 5.51941 5.77001 5.77001 5.77001 5.77001 5.76979 5.76968 5.76706 5.75361 5.74319 8.12181 5.75848 5.77001 5.77001 5.77001 5.77001 5.74893 11.4603 17.223 11.4307 5.74346 5.77001 5.77001 5.77001 5.77001 5.77001 5.77001 5.76886 5.76952 5.7686 5.76298 11.53 5.75963 5.75408 5.77001 5.77001 5.77001 5.77001 5.77001 5.77001 5.77001
6.10657 7.94076 13.7091 19.4455 17.2495 17.3085 17.2975 17.2756 17.2762 17.2841 17.2922 17.1057 21.6095 23.9536 29.7533 35.557 41.3595 47.1725 42.3014 36.4791 30.6431 24.7854 18.9026 13.1826 10.9775 11.253 5.3633 5.77001 5.77001 5.77001 5.77001 5.77001 5.77001 5.75801 10.9087 8.04569 11.4679 5.7296 5.76509 5.77001 5.77001 5.76694 5.73213 11.4395 17.2118 11.4174 5.74138 5.77001 5.77001 5.77001 5.77001 5.77001 5.77001 5.76728 6.14824 6.14229 8.1565 8.14397 5.74889 5.77001 5.77001 5.77001 5.77001 5.77001 5.77001 5.77001 5.77001
5.71645 11.4091 16.156 21.9339 17.2399 17.3098 17.31 17.3099 17.3099 17.31 17.3096 17.1067 22.7773 28.5668 32.1826 37.9755 43.7671 48.0651 42.246 36.4216 30.5794 24.7136 18.8238 13.1391 10.9907 11.3517 5.47625 5.77001 5.77001 5.77001 5.77001 5.77001 5.77001 5.74776 11.4757 13.837 13.7935 7.99098 5.68265 5.74396 5.73295 5.70243 8.02428 13.8174 17.2019 11.4063 5.73238 5.76628 5.77001 5.77001 5.77001 5.77001 5.77001 5.76623 11.5041 11.4833 8.1443 5.7561 5.76083 5.77001 5.77001 5.77001 5.77001 5.77001 5.77001 5.77001 5.77001
8.04418 13.8239 19.5986 23.0137 17.2338 17.3098 17.31 17.31 17.31 17.31 17.3094 17.1044 22.7588 28.5572 34.3511 38.1295 41.4166 46.1399 42.1956 36.36 30.5114 24.6369 18.7366 13.0462 10.5134 6.57649 5.57497 5.77001 5.77001 5.77001 5.77001 5.77001 5.77001 5.75527 8.01781 13.8094 16.1927 13.6793 7.82965 5.75239 7.88201 7.86882 13.4453 16.2212 17.1964 13.8421 8.06309 5.76168 5.77001 5.77001 5.77001 5.77001 5.77001 5.75631 5.72472 5.69619 5.72405 5.75789 5.77001 5.77001 5.77001 5.77001 5.77001 5.77001 5.77001 5.77001 5.77001
14.0372 16.2193 22.0068 23.0117 17.2334 17.3098 17.31 17.31 17.31 17.31 17.3095 17.0911 22.8282 27.5567 29.9213 33.2045 37.9179 41.2293 42.1536 36.3026 30.4473 24.5638 18.6525 12.9504 10.138 5.10603 5.7372 5.77001 5.77001 5.77001 5.77001 5.77001 5.77001 5.76645 5.72205 11.3965 17.1959 16.0776 13.6271 11.5392 13.612 13.6806 15.8854 13.4775 11.3999 11.4644 8.09434 5.76192 5.77001 5.77001 5.77001 5.77001 5.77001 5.77001 5.77001 5.77001 5.77001 5.77001 5.77001 5.77001 5.77001 5.77001 5.77001 5.77001 5.77001 5.77001 5.77001
19.8135 22.0009 24.3983 23.0059 17.2287 17.3098 17.31 17.31 17.3096 17.3098 17.3097 17.0924 19.4966 21.7076 24.9688 29.6854 32.9716 38.7845 42.1095 36.2471 30.385 24.4928 18.5707 12.8625 9.96657 5.26828 5.77001 5.77001 5.77001 5.77001 5.77001 5.77001 5.77001 5.77001 5.73881 11.4108 16.1967 21.8472 19.4547 17.3736 19.4351 19.0253 13.4112 7.55791 5.65004 5.74678 5.75857 5.76657 5.77001 5.77001 5.77001 5.77001 5.77001 5.77001 5.77001 5.77001 5.77001 5.77001 5.77001 5.77001 5.77001 5.77001 5.77001 5.77001 5.77001 5.77001 5.77001
25.5914 27.7751 28.7461 22.9632 17.1814 17.2972 17.3099 17.3095 17.3094 17.2542 17.2566 17.2413 17.1455 17.0143 21.445 24.6943 30.5218 36.3662 42.0558 36.1961 30.3236 24.4235 18.4918 12.7834 9.87668 5.25679 5.77001 5.77001 5.77001 5.77001 5.77001 5.77001 5.77001 5.77001 5.75354 8.00598 13.6396 16.0348 21.7102 23.1985 22.412 16.5616 10.6651 5.53921 5.75949 5.77001 5.77001 5.77001 5.77001 5.77001 5.77001 5.77001 5.77001 5.77001 5.77001 5.77001 5.77001 5.77001 5.77001 5.77001 5.77001 5.77001 5.77001 5.77001 5.77001 5.77001 5.77001
31.363 33.5481 31.1328 25.3483 19.5739 17.2529 17.2616 17.2805 17.2538 17.2567 17.2569 17.2568 17.2566 17.1987 16.9209 22.2466 28.1106 33.9579 39.8223 36.1547 30.267 24.3603 18.4206 12.7143 9.79198 5.23874 5.77001 5.77001 5.77001 5.77001 5.77001 5.77001 5.77001 5.77001 5.76578 5.7156 7.81612 13.4658 15.8641 21.5992 22.2549 16.3756 10.4672 5.50947 5.75744 5.77001 5.77001 5.77001 5.77001 5.77001 5.77001 5.77001 5.77001 5.77001 5.77001 5.77001 5.77001 5.77001 5.77001 5.77001 5.77001 5.77001 5.77001 5.77001 5.77001 5.77001 5.77001
37.1378 39.2805 33.503 27.7192 21.9272 17.2178 21.8243 17.1119 17.1849 17.2542 17.2569 17.2569 17.2569 17.2567 17.0211 22.3651 28.2047 34.0357 39.8906 36.1189 30.2221 24.3101 18.3645 12.6598 9.72162 5.22324 5.77001 5.77001 5.77001 5.77001 5.77001 5.77001 5.77001 5.77001 5.77001 5.76266 5.67829 7.63072 13.3354 15.7523 21.6255 18.8322 13.0887 7.26469 5.7001 5.77001 5.77001 5.77001 5.77001 5.77001 5.77001 5.77001 5.77001 5.77001 5.77001 5.77001 5.77001 5.77001 5.77001 5.77001 5.77001 5.77001 5.77001 5.77001 5.77001 5.77001 5.77001
42.913 41.6666 35.8902 30.108 24.3214 22.983 24.3662 22.9002 17.5565 17.2164 17.2568 17.2569 17.2569 17.2567 17.0444 22.3767 28.2057 34.0326 39.8877 36.0937 30.1938 24.2785 18.329 12.626 9.66098 5.19699 5.77001 5.77001 5.77001 5.77001 5.76873 5.76822 5.76782 5.77001 5.77001 5.77001 5.75643 5.64837 7.49693 13.3387 19.2119 21.4235 15.5766 10.9989 5.6146 5.76353 5.77001 5.77001 5.77001 5.77001 5.77001 5.77001 5.77001 5.77001 5.77001 5.77001 5.77001 5.77001 5.77001 5.77001 5.77001 5.77001 5.77001 5.77001 5.77001 5.77001 5.77001
40.7457 38.3474 35.9575 32.5117 30.1243 28.7722 30.1514 25.7314 22.0111 17.2117 17.2569 17.2568 17.2567 17.2567 17.002 22.3094 28.1583 33.994 39.8525 36.0839 30.1825 24.2657 18.3146 12.6235 9.68303 4.94126 5.73492 5.77001 5.77001 5.77001 5.76758 8.1553 5.76533 5.77001 5.77001 5.77001 5.77001 5.75766 5.60872 11.1208 16.0119 20.3658 17.968 13.6307 7.81514 5.73964 5.77001 5.77001 5.77001 5.77001 5.77001 5.77001 5.77001 5.77001 5.77001 5.77001 5.77001 5.77001 5.77001 5.77001 5.77001 5.77001 5.77001 5.77001 5.77001 5.77001 5.77001
