tests/full-run-ref/erosion_2010_78_20_-12.873.asc
ncols 512
nrows 512
xllcorner -3.24582
yllcorner -4.08743
cellsize 5
NODATA_value -99999
[rows 0 to 36 of 512, columns 83 to 165 of 512]
349.915 349.79 349.66 349.524 349.38 349.226 349.062 348.895 348.729 348.564 348.396 348.233 348.082 347.945 347.819 347.703 347.597 347.505 347.426 347.353 347.279 347.205 347.135 347.062 346.981 346.889 346.791 345.28 339.51 333.74 327.97 322.2 316.43 310.66 304.89 299.12 293.35 287.58 281.81 276.04 270.27 264.5 258.73 252.96 250.57 248.18 250.57 342.224 339.85 334.08 328.31 322.54 316.77 311 305.23 299.46 293.69 287.92 282.15 276.38 270.61 264.84 259.07 253.3 247.53 241.76 235.99 230.22 224.45 218.68 212.91 207.14 201.37 195.6 189.83 184.06 178.29 172.52 166.75 160.98 155.21 149.44 143.67
351.068 350.944 350.814 350.677 350.532 350.375 350.207 350.035 349.865 349.694 349.521 349.352 349.196 349.054 348.923 348.803 348.694 348.599 348.519 348.445 348.371 348.298 348.229 348.159 348.08 347.992 347.897 342.89 337.12 331.35 325.58 319.81 314.04 308.27 302.5 296.73 290.96 285.19 279.42 273.65 267.88 262.11 256.34 250.57 244.8 242.41 240.02 242.41 337.46 331.69 325.92 320.15 314.38 308.61 302.84 297.07 291.3 285.53 279.76 273.99 268.22 262.45 256.68 250.91 245.14 239.37 233.6 227.83 222.06 216.29 210.52 204.75 198.98 193.21 187.44 181.67 175.9 170.13 164.36 158.59 152.82 147.05 141.28
351.215 351.092 350.963 350.826 350.68 350.52 350.349 350.172 349.997 349.822 349.643 349.468 349.307 349.161 349.026 348.902 348.79 348.693 348.611 348.537 348.463 348.391 348.324 348.257 348.181 348.096 346.27 340.5 334.73 328.96 323.19 317.42 311.65 305.88 300.11 294.34 288.57 282.8 277.03 271.26 265.49 259.72 253.95 248.18 242.41 236.64 234.25 231.86 234.25 329.3 323.53 317.76 311.99 306.22 300.45 294.68 288.91 283.14 277.37 271.6 265.83 260.06 254.29 248.52 242.75 236.98 231.21 225.44 219.67 213.9 208.13 202.36 196.59 190.82 185.05 179.28 173.51 167.74 161.97 156.2 150.43 144.66 138.89
351.351 351.23 351.102 350.965 350.817 350.656 350.481 350.3 350.121 349.941 349.757 349.578 349.413 349.263 349.124 348.997 348.883 348.785 348.7 348.622 348.542 348.463 348.391 348.321 348.237 348 343.437 337.633 331.933 326.233 320.526 314.808 309.079 303.341 297.596 291.845 286.089 280.331 274.57 268.808 263.045 257.28 251.515 245.749 239.982 234.216 228.45 226.078 223.652 225.966 321.018 315.331 309.585 303.814 298.042 292.272 286.501 280.731 274.96 269.19 263.42 257.65 251.88 246.11 240.34 234.57 228.801 223.031 217.261 211.492 205.724 199.955 194.186 188.417 182.647 176.877 171.108 165.338 159.568 153.798 148.027 142.257 136.487
351.478 351.36 351.233 351.096 350.948 350.784 350.606 350.422 350.239 350.055 349.867 349.683 349.514 349.361 349.219 349.089 348.974 348.874 348.789 348.71 348.63 348.551 348.481 348.417 348.236 346.797 340.733 334.997 329.307 323.619 317.926 312.224 306.511 300.79 295.06 289.323 283.581 277.835 272.085 266.333 260.578 254.821 249.062 243.302 237.541 231.778 226.017 220.253 217.891 215.447 217.719 312.804 307.153 301.418 295.644 289.87 284.098 278.326 272.555 266.784 261.013 255.242 249.472 243.701 237.93 232.16 226.39 220.619 214.849 209.08 203.311 197.543 191.774 186.005 180.236 174.467 168.697 162.927 157.156 151.386 145.615 139.844 134.073
351.597 351.482 351.357 351.221 351.072 350.907 350.726 350.538 350.352 350.164 349.972 349.785 349.612 349.456 349.311 349.179 349.062 348.962 348.877 348.798 348.719 348.642 348.578 348.523 348.265 343.935 338.045 332.343 326.655 320.972 315.288 309.598 303.901 298.196 292.483 286.763 281.037 275.304 269.568 263.827 258.082 252.335 246.585 240.832 235.078 229.322 223.563 217.805 212.043 209.699 207.215 209.434 304.618 298.981 293.25 287.473 281.698 275.924 270.151 264.379 258.606 252.834 247.062 241.29 235.518 229.746 223.974 218.202 212.43 206.659 200.888 195.118 189.349 183.579 177.809 172.039 166.269 160.497 154.726 148.954 143.182 137.41 131.637
351.705 351.593 351.469 351.334 351.185 351.019 350.836 350.645 350.456 350.265 350.069 349.879 349.703 349.545 349.398 349.265 349.147 349.048 348.962 348.884 348.806 348.734 348.677 348.549 347.687 341.44 335.54 329.815 324.105 318.406 312.711 307.017 301.321 295.62 289.915 284.204 278.488 272.767 267.04 261.31 255.575 249.837 244.095 238.351 232.603 226.854 221.102 215.348 209.591 203.827 201.502 198.986 201.225 296.458 290.818 285.086 279.308 273.53 267.754 261.978 256.202 250.426 244.651 238.876 233.101 227.326 221.551 215.775 210 204.225 198.449 192.675 186.901 181.128 175.354 169.581 163.807 158.033 152.258 146.483 140.708 134.932 129.156
351.798 351.688 351.567 351.432 351.283 351.116 350.932 350.739 350.547 350.355 350.156 349.963 349.785 349.626 349.478 349.344 349.227 349.128 349.043 348.966 348.891 348.824 348.779 348.562 344.898 338.908 333.152 327.38 321.638 315.911 310.195 304.484 298.778 293.072 287.365 281.656 275.944 270.228 264.509 258.785 253.058 247.328 241.594 235.857 230.117 224.374 218.629 212.881 207.129 201.373 195.606 193.302 190.76 193.056 288.308 282.665 276.927 271.145 265.363 259.583 253.804 248.024 242.246 236.467 230.689 224.911 219.133 213.354 207.576 201.797 196.017 190.238 184.459 178.681 172.903 167.125 161.347 155.57 149.792 144.013 138.234 132.453 126.672
351.875 351.769 351.649 351.515 351.367 351.199 351.013 350.819 350.626 350.431 350.231 350.036 349.857 349.697 349.549 349.416 349.3 349.202 349.119 349.043 348.973 348.914 348.828 348.637 342.573 336.546 330.769 324.999 319.231 313.477 307.736 302.004 296.28 290.561 284.845 279.13 273.416 267.7 261.982 256.262 250.54 244.814 239.086 233.355 227.621 221.884 216.145 210.403 204.659 198.909 193.15 187.379 185.099 182.533 184.9 284.944 279.302 273.552 267.773 261.994 256.217 250.44 244.663 238.886 233.109 227.333 221.556 215.779 210.002 204.224 198.446 192.667 186.888 181.109 175.331 169.553 163.776 157.998 152.219 146.44 140.66 134.879 129.097
351.939 351.836 351.717 351.585 351.437 351.269 351.082 350.887 350.693 350.498 350.296 350.1 349.921 349.761 349.614 349.482 349.367 349.271 349.188 349.116 349.052 349.005 348.836 345.948 340.073 334.257 328.428 322.637 316.857 311.085 305.322 299.569 293.826 288.09 282.36 276.634 270.912 265.19 259.47 253.749 248.027 242.303 236.577 230.85 225.12 219.388 213.654 207.917 202.178 196.437 190.687 184.925 179.147 176.892 174.285 176.772 281.574 275.923 270.179 264.404 258.628 252.854 247.079 241.304 235.53 229.755 223.98 218.205 212.43 206.654 200.877 195.099 189.321 183.542 177.764 171.985 166.207 160.428 154.649 148.869 143.088 137.307 131.525
351.989 351.888 351.772 351.64 351.493 351.326 351.14 350.945 350.75 350.555 350.353 350.157 349.979 349.82 349.674 349.544 349.432 349.337 349.256 349.189 349.133 349.07 348.903 343.595 337.548 331.841 326.071 320.279 314.492 308.711 302.936 297.168 291.408 285.656 279.91 274.171 268.437 262.706 256.978 251.252 245.527 239.801 234.075 228.348 222.62 216.891 211.159 205.426 199.691 193.954 188.214 182.464 176.696 170.91 168.681 166.025 168.641 275.818 270.155 264.41 258.634 252.857 247.082 241.307 235.531 229.756 223.981 218.205 212.429 206.653 200.874 195.095 189.314 183.533 177.751 171.968 166.185 160.402 154.619 148.835 143.051 137.267 131.482
352.022 351.925 351.812 351.682 351.537 351.372 351.187 350.992 350.799 350.605 350.405 350.21 350.033 349.876 349.733 349.605 349.495 349.402 349.324 349.262 349.217 349.067 347 341.055 335.227 329.421 323.664 317.895 312.117 306.337 300.558 294.783 289.013 283.248 277.49 271.737 265.991 260.249 254.511 248.777 243.045 237.314 231.585 225.856 220.127 214.397 208.667 202.935 197.203 191.468 185.732 179.994 174.242 168.466 162.67 160.467 157.759 160.51 272.455 266.781 261.032 255.256 249.481 243.706 237.932 232.157 226.383 220.608 214.833 209.057 203.281 197.503 191.723 185.943 180.161 174.379 168.596 162.813 157.031 151.249 145.466 139.684 133.903
352.037 351.944 351.834 351.707 351.565 351.403 351.22 351.028 350.837 350.645 350.447 350.255 350.081 349.927 349.787 349.663 349.554 349.463 349.39 349.337 349.298 349.123 344.545 338.464 332.772 327.017 321.247 315.485 309.719 303.948 298.174 292.399 286.626 280.855 275.088 269.326 263.568 257.816 252.068 246.324 240.584 234.846 229.111 223.377 217.645 211.913 206.181 200.449 194.717 188.983 183.249 177.513 171.775 166.02 160.235 154.426 152.25 149.469 152.38 269.089 263.405 257.655 251.88 246.106 240.332 234.559 228.785 223.011 217.238 211.464 205.689 199.913 194.137 188.359 182.58 176.801 171.021 165.242 159.463 153.684 147.906 142.128 136.352
352.036 351.947 351.84 351.718 351.579 351.42 351.24 351.052 350.864 350.676 350.482 350.293 350.123 349.973 349.837 349.716 349.61 349.522 349.456 349.413 349.273 348.064 341.913 336.076 330.299 324.564 318.816 313.06 307.302 301.54 295.775 290.006 284.235 278.464 272.694 266.926 261.162 255.401 249.644 243.892 238.143 232.397 226.655 220.915 215.177 209.441 203.706 197.971 192.237 186.503 180.769 175.034 169.298 163.558 157.8 152.002 146.18 144.031 141.162 144.25 265.724 260.029 254.277 248.503 242.73 236.957 231.183 225.411 219.637 213.864 208.091 202.317 196.543 190.768 184.993 179.217 173.442 167.666 161.89 156.115 150.34 144.566 138.793
352.023 351.938 351.836 351.717 351.583 351.428 351.253 351.069 350.886 350.703 350.513 350.33 350.165 350.019 349.888 349.77 349.667 349.582 349.526 349.494 349.334 345.259 339.13 333.57 327.856 322.115 316.376 310.63 304.878 299.122 293.364 287.601 281.836 276.068 270.299 264.531 258.763 252.998 247.235 241.476 235.719 229.966 224.216 218.47 212.725 206.983 201.243 195.505 189.767 184.031 178.295 172.559 166.822 161.086 155.345 149.581 143.77 137.932 135.809 132.841 136.119 262.358 256.653 250.899 245.126 239.353 233.58 227.808 222.035 216.263 210.49 204.718 198.946 193.173 187.401 181.628 175.856 170.083 164.31 158.536 152.763 146.991 141.219
352.001 351.921 351.823 351.71 351.581 351.432 351.263 351.084 350.908 350.731 350.547 350.37 350.211 350.072 349.944 349.831 349.729 349.653 349.607 349.586 349.47 348.455 336.698 331.105 325.456 319.714 313.965 308.215 302.463 296.709 290.952 285.193 279.431 273.667 267.902 262.135 256.367 250.6 244.834 239.07 233.308 227.549 221.793 216.04 210.289 204.541 198.795 193.052 187.31 181.569 175.83 170.091 164.353 158.616 152.877 147.135 141.364 135.538 129.683 127.585 124.505 127.988 258.993 253.277 247.521 241.749 235.976 230.204 224.432 218.66 212.889 207.117 201.346 195.575 189.804 184.033 178.261 172.489 166.717 160.945 155.172 149.4 143.628
351.969 351.893 351.801 351.693 351.57 351.428 351.266 351.096 350.927 350.758 350.582 350.413 350.261 350.128 350.006 349.895 349.799 349.734 349.7 349.687 349.612 345.898 340.043 328.836 323.214 317.407 311.623 305.849 300.082 294.318 288.556 282.794 277.032 271.269 265.504 259.738 253.972 248.205 242.438 236.671 230.906 225.143 219.382 213.623 207.866 202.113 196.361 190.612 184.865 179.12 173.376 167.634 161.893 156.153 150.413 144.673 138.928 133.15 127.307 121.433 119.36 116.157 119.857 255.627 249.901 244.143 238.371 232.599 226.828 221.056 215.285 209.515 203.744 197.973 192.202 186.431 180.659 174.887 169.115 163.343 157.571 151.799 146.027
351.925 351.854 351.768 351.667 351.551 351.417 351.264 351.103 350.943 350.783 350.617 350.457 350.312 350.187 350.069 349.964 349.878 349.825 349.802 349.795 349.752 348.652 337.59 326.999 321.131 315.22 309.371 303.554 297.756 291.971 286.193 280.42 274.65 268.882 263.115 257.347 251.58 245.812 240.045 234.277 228.51 222.744 216.979 211.216 205.455 199.696 193.94 188.185 182.433 176.683 170.934 165.188 159.443 153.699 147.957 142.215 136.472 130.724 124.939 119.077 113.182 111.134 107.797 111.725 252.26 246.525 240.765 234.993 229.222 223.451 217.68 211.91 206.139 200.368 194.597 188.825 183.053 177.281 171.509 165.737 159.965 154.193 148.422
351.875 351.81 351.73 351.635 351.528 351.402 351.259 351.108 350.958 350.808 350.653 350.503 350.368 350.249 350.137 350.039 349.967 349.927 349.912 349.91 349.874 346.218 335.557 324.868 319.034 313.103 307.196 301.33 295.493 289.676 283.874 278.082 272.298 266.519 260.743 254.97 249.199 243.428 237.658 231.889 226.12 220.352 214.584 208.818 203.053 197.29 191.529 185.77 180.013 174.258 168.505 162.753 157.004 151.256 145.51 139.765 134.021 128.276 122.525 116.73 110.848 104.932 102.908 99.4247 103.59 248.891 243.148 237.386 231.615 225.844 220.073 214.303 208.532 202.76 196.989 191.217 185.445 179.673 173.901 168.129 162.357 156.586 150.815
351.826 351.765 351.691 351.604 351.504 351.388 351.255 351.115 350.977 350.838 350.694 350.554 350.427 350.315 350.211 350.125 350.067 350.038 350.03 350.03 350.012 343.917 333.289 327.541 316.791 310.965 305.045 299.149 293.279 287.431 281.601 275.786 269.982 264.187 258.398 252.615 246.835 241.059 235.284 229.511 223.738 217.967 212.197 206.428 200.66 194.893 189.128 183.365 177.603 171.844 166.086 160.33 154.576 148.824 143.074 137.325 131.577 125.83 120.083 114.328 108.524 102.621 96.6819 94.6816 91.0427 95.4507 245.518 239.771 234.007 228.236 222.465 216.694 210.923 205.152 199.38 193.608 187.836 182.064 176.292 170.521 164.749 158.978 153.208
351.774 351.717 351.649 351.57 351.479 351.372 351.251 351.124 350.998 350.871 350.739 350.611 350.494 350.388 350.296 350.226 350.181 350.16 350.157 350.16 350.156 341.591 335.801 325.173 314.58 308.751 302.863 296.969 291.084 285.216 279.363 273.526 267.702 261.888 256.084 250.286 244.495 238.709 232.926 227.146 221.369 215.593 209.819 204.047 198.275 192.505 186.737 180.969 175.204 169.44 163.678 157.918 152.159 146.403 140.648 134.895 129.143 123.393 117.644 111.895 106.135 100.321 94.3952 88.433 86.4555 82.6513 87.3061 242.143 236.392 230.628 224.857 219.086 213.315 207.543 201.771 196 190.228 184.456 178.684 172.912 167.141 161.371 155.6
351.719 351.666 351.605 351.533 351.451 351.355 351.247 351.133 351.02 350.907 350.788 350.672 350.564 350.471 350.394 350.34 350.307 350.292 350.291 350.296 349.782 344 333.425 322.853 312.276 306.482 300.624 294.754 288.878 283.005 277.142 271.289 265.448 259.618 253.797 247.985 242.18 236.382 230.589 224.801 219.016 213.234 207.454 201.677 195.901 190.127 184.354 178.583 172.814 167.046 161.28 155.516 149.753 143.992 138.233 132.476 126.72 120.966 115.213 109.462 103.709 97.946 92.1207 86.1715 80.1853 78.2298 74.2514 79.156 238.766 233.012 227.248 221.477 215.706 209.934 204.162 198.391 192.619 186.847 181.075 175.304 169.533 163.763 157.993
351.665 351.616 351.56 351.496 351.423 351.338 351.243 351.142 351.044 350.944 350.838 350.733 350.637 350.559 350.5 350.459 350.435 350.425 350.426 350.434 350.441 341.601 331.05 320.492 309.936 304.155 298.333 292.492 286.637 280.776 274.915 269.057 263.207 257.365 251.532 245.706 239.889 234.078 228.274 222.475 216.681 210.891 205.104 199.32 193.539 187.76 181.983 176.208 170.434 164.662 158.892 153.123 147.357 141.591 135.828 130.067 124.307 118.549 112.792 107.037 101.283 95.5279 89.76 83.9232 77.9499 71.9392 70.0049 65.844 71.0006 235.386 229.632 223.868 218.097 212.325 206.553 200.782 195.01 189.238 183.467 177.696 171.926 166.155 160.386
351.617 351.571 351.52 351.462 351.398 351.324 351.24 351.153 351.068 350.98 350.886 350.793 350.712 350.652 350.607 350.578 350.559 350.552 350.557 350.567 349.812 339.249 328.676 318.121 307.571 301.799 296.001 290.186 284.356 278.514 272.666 266.814 260.964 255.118 249.277 243.442 237.615 231.793 225.978 220.169 214.365 208.566 202.771 196.98 191.192 185.406 179.624 173.843 168.065 162.289 156.514 150.741 144.97 139.201 133.434 127.668 121.904 116.141 110.381 104.622 98.8644 93.1079 87.3499 81.5772 75.7284 69.7303 63.6949 61.781 57.4298 62.8401 232.004 226.251 220.487 214.716 208.944 203.173 197.402 191.63 185.859 180.088 174.318 168.549 162.779
351.573 351.529 351.482 351.431 351.375 351.31 351.239 351.165 351.092 351.016 350.934 350.856 350.793 350.748 350.716 350.695 350.682 350.679 350.688 350.701 347.422 336.866 326.308 315.747 305.199 299.427 293.642 287.847 282.039 276.218 270.386 264.548 258.706 252.863 247.021 241.183 235.349 229.52 223.697 217.878 212.065 206.257 200.454 194.654 188.859 183.067 177.278 171.492 165.708 159.927 154.147 148.37 142.594 136.821 131.049 125.279 119.511 113.744 107.98 102.216 96.4551 90.6952 84.9362 79.1753 73.3977 67.5364 61.513 55.4526 53.5583 49.0097 54.6767 228.622 222.87 217.107 211.336 205.565 199.794 194.023 188.252 182.482 176.712 170.942 165.173
351.533 351.49 351.447 351.402 351.353 351.298 351.239 351.178 351.117 351.053 350.985 350.924 350.877 350.848 350.827 350.811 350.804 350.805 350.818 350.834 345.033 334.479 323.926 308.588 302.823 297.049 291.27 285.486 279.693 273.89 268.077 262.254 256.424 250.59 244.754 238.918 233.083 227.251 221.422 215.598 209.778 203.962 198.151 192.344 186.541 180.742 174.946 169.153 163.364 157.577 151.792 146.01 140.229 134.451 128.675 122.9 117.128 111.357 105.588 99.821 94.0555 88.2917 82.5293 76.7679 71.0039 65.2212 59.347 53.298 47.2124 45.337 40.5846 46.512 225.236 219.461 213.681 207.904 202.123 196.345 190.582 184.828 179.067 173.3 167.534
351.498 351.456 351.416 351.376 351.333 351.288 351.24 351.191 351.141 351.089 351.037 350.994 350.962 350.943 350.929 350.922 350.919 350.926 350.943 350.963 342.644 332.091 316.758 306.209 300.439 294.666 288.891 283.112 277.329 271.539 265.741 259.933 254.118 248.296 242.469 236.639 230.808 224.976 219.147 213.32 207.496 201.675 195.858 190.045 184.235 178.429 172.627 166.828 161.032 155.239 149.448 143.661 137.875 132.092 126.311 120.532 114.755 108.98 103.207 97.4353 91.6656 85.8977 80.1314 74.3666 68.6025 62.8355 57.0475 51.16 45.0849 39.0298 37.2508 31.8808 28.8398 33.5779 33.5673 33.5565 33.543 33.533 33.5243 77.7321 71.9719 66.2132 60.45
351.472 351.43 351.391 351.355 351.318 351.281 351.243 351.204 351.164 351.125 351.089 351.06 351.041 351.029 351.022 351.019 351.023 351.035 351.055 350.806 340.253 324.921 314.372 303.822 298.052 292.279 286.506 280.731 274.953 269.172 263.384 257.589 251.786 245.976 240.159 234.337 228.51 222.686 216.862 211.037 205.213 199.39 193.57 187.752 181.938 176.126 170.318 164.513 158.711 152.912 147.116 141.323 135.532 129.744 123.958 118.174 112.393 106.613 100.835 95.059 89.2849 83.5125 77.742 71.973 66.2056 60.4388 54.6684 48.8747 42.9736 37.0555 32.622 33.452 33.6079 33.63 33.63 33.63 33.63 33.63 33.6238 33.6143 33.6068 55.71 49.941
351.454 351.41 351.372 351.339 351.307 351.275 351.245 351.215 351.186 351.16 351.137 351.12 351.109 351.104 351.102 351.106 351.115 351.131 351.153 348.413 333.08 322.532 311.982 301.43 295.66 289.888 284.116 278.343 272.569 266.793 261.013 255.228 249.436 243.638 237.832 232.02 226.178 220.359 214.561 208.743 202.923 197.102 191.281 185.462 179.644 173.829 168.017 162.207 156.4 150.596 144.794 138.995 133.199 127.405 121.614 115.825 110.038 104.253 98.4698 92.6888 86.9097 81.1324 75.3568 69.5829 63.8107 58.0399 52.2695 46.495 40.695 35.0842 33.3828 33.63 33.63 33.63 33.63 33.63 33.63 33.63 33.63 33.63 33.6266 40.7958 40.7952
351.442 351.396 351.359 351.327 351.298 351.272 351.249 351.227 351.209 351.194 351.182 351.174 351.169 351.17 351.175 351.185 351.199 351.218 351.241 341.242 330.691 320.142 309.589 303.819 298.049 292.278 286.507 280.737 274.966 269.194 263.421 257.646 251.869 246.087 240.301 234.507 228.698 218.021 212.235 206.438 200.623 194.805 188.987 183.168 177.35 171.532 165.717 159.903 154.091 148.282 142.475 136.67 130.867 125.067 119.269 113.473 107.679 101.887 96.0974 90.3093 84.5229 78.7383 72.9554 67.174 61.3943 55.616 49.839 44.0622 38.3504 32.9493 33.5901 33.63 33.63 33.63 33.63 33.63 33.63 33.63 33.63 33.63 33.6289 38.4089 38.4086
351.439 351.39 351.352 351.321 351.295 351.273 351.255 351.243 351.234 351.227 351.223 351.222 351.224 351.23 351.242 351.256 351.274 351.294 349.403 338.85 328.301 317.747 311.979 306.209 300.438 294.668 288.898 283.128 277.358 271.588 265.818 260.047 254.276 248.504 242.73 236.95 226.359 220.581 209.903 204.127 198.312 192.496 186.679 180.86 175.04 169.22 163.4 157.58 151.762 145.944 140.127 134.312 128.499 122.687 116.877 111.068 105.261 99.4555 93.6516 87.8493 82.0484 76.2491 70.4512 64.6547 58.8596 53.0658 47.2732 41.4818 35.9652 33.2427 33.63 33.63 33.63 33.63 33.63 33.63 33.63 33.63 33.63 33.63 33.6297 36.0195 36.0192
351.443 351.392 351.353 351.322 351.298 351.279 351.268 351.262 351.26 351.26 351.261 351.266 351.274 351.286 351.302 351.32 351.34 351.361 347.013 336.46 325.906 320.137 314.368 308.598 302.828 297.058 291.288 285.519 279.749 273.98 268.21 262.44 256.67 250.9 245.13 234.571 228.8 218.213 207.626 201.82 196.002 190.186 184.368 178.549 172.727 166.903 161.078 155.252 149.425 143.597 137.769 131.942 126.114 120.287 114.461 108.635 102.81 96.9868 91.1643 85.3428 79.5226 73.7035 67.8857 62.069 56.2533 50.4388 44.6258 38.8142 33.5543 33.4198 33.63 33.63 33.63 33.63 33.63 33.63 33.63 33.63 33.63 33.63 33.6299 33.6299 33.6295
351.457 351.403 351.361 351.331 351.307 351.29 351.283 351.283 351.286 351.289 351.295 351.305 351.317 351.334 351.352 351.372 351.393 351.416 344.624 334.064 328.296 322.527 316.757 310.987 305.218 299.449 293.679 287.91 282.141 276.371 270.601 264.832 259.062 253.293 242.739 236.97 226.413 215.857 207.693 201.906 196.098 190.291 184.484 178.674 172.863 167.049 161.234 155.416 149.597 143.776 137.954 132.131 126.307 120.483 114.659 108.835 103.011 97.1873 91.3643 85.5418 79.72 73.8988 68.078 62.2572 56.4377 50.6198 44.8034 38.9882 33.6782 33.4342 33.63 33.63 33.63 33.63 33.63 33.63 33.63 33.63 33.63 33.63 33.6296 36.0197 36.0194
351.477 351.42 351.377 351.345 351.321 351.306 351.302 351.305 351.31 351.317 351.327 351.34 351.355 351.374 351.393 351.415 351.437 351.459 342.223 336.455 330.686 324.917 319.147 313.378 307.609 301.84 296.071 290.302 284.532 278.762 272.993 267.223 261.453 250.899 245.131 234.577 224.026 215.865 210.096 204.325 198.547 192.76 186.97 181.179 175.387 169.593 163.797 158.001 152.202 146.403 140.602 134.801 128.999 123.196 117.392 111.589 105.785 99.9807 94.1768 88.3728 82.5688 76.7637 70.9554 65.1497 59.3481 53.5474 47.7471 41.9472 36.33 33.344 33.63 33.63 33.63 33.63 33.63 33.63 33.63 33.63 33.63 33.63 33.6291 39.3999 33.6285
351.507 351.446 351.401 351.367 351.343 351.33 351.328 351.333 351.339 351.348 351.361 351.376 351.393 351.412 351.433 351.455 351.477 350.389 344.615 338.846 333.077 327.308 321.539 315.77 310.001 304.232 298.463 292.693 286.923 281.153 275.383 269.613 259.057 253.288 242.735 232.184 224.025 218.257 212.489 206.72 200.95 195.178 189.403 183.625 177.846 172.066 166.285 160.503 154.72 148.937 143.152 137.368 131.582 125.796 120.01 114.223 108.436 102.649 96.8607 91.0715 85.2829 79.5037 73.6868 67.8785 62.096 56.3112 50.5253 44.739 38.9789 33.3044 33.6297 33.63 33.63 33.63 33.63 33.63 33.63 33.63 33.63 33.6294 33.6289 37.0092 31.2368
351.545 351.482 351.435 351.401 351.376 351.363 351.362 351.37 351.377 351.388 351.402 351.419 351.437 351.455 351.477 351.498 351.518 351.538 347.01 341.237 335.469 329.699 323.93 318.163 312.394 306.624 300.854 295.084 289.314 283.544 277.772 267.217 261.445 250.889 240.34 232.184 226.418 220.65 214.881 209.112 203.343 197.573 191.803 186.032 180.259 174.485 168.711 162.936 157.161 151.385 145.608 139.831 134.054 128.277 122.499 116.721 110.942 105.163 99.3881 93.5945 87.796 82.0219 79.7165 73.9775 68.2271 62.4676 56.703 50.9354 45.1661 39.3964 33.6275 33.6296 33.63 33.63 33.63 33.63 33.63 33.63 33.6285 33.6253 40.3876 34.6161 28.843
351.592 351.528 351.48 351.445 351.421 351.408 351.407 351.414 351.423 351.433 351.448 351.465 351.482 351.5 351.521 351.54 351.56 351.579 349.401 343.63 337.861 332.091 326.322 315.77 310.001 304.23 298.46 292.69 286.92 281.15 275.378 269.609 263.831 253.278 242.729 234.574 228.808 223.042 217.274 211.505 205.735 199.966 194.196 188.426 182.656 176.885 171.114 165.342 159.57 153.797 148.024 142.251 136.478 130.705 124.931 119.159 113.371 107.583 101.799 100.843 97.0883 91.3247 85.5572 79.7876 74.0174 68.2469 62.4763 56.7057 50.9349 45.1641 39.3937 33.6243 33.627 33.6288 33.6298 33.63 33.63 33.6276 33.6185 48.5446 42.7746 37.0018 31.23
