tests/full-run-ref/erosion_2010_78_23_-57.856.asc
ncols 512
nrows 512
xllcorner -3.24582
yllcorner -4.08743
cellsize 5
NODATA_value -99999
[rows 0 to 29 of 512, columns 201 to 267 of 512]
73.03 75.943 72.737 70.347 67.957 65.567 60.2571 54.5135 49.8468 47.4568 45.0668 41.79 39.4 37.01 37.01 37.01 32.64 30.25 27.86 25.47 27.86 30.25 33.63 38.41 44.18 49.9469 55.7121 50.94 45.17 39.4 33.63 27.86 22.09 16.32 13.93 11.54 11.54 11.54 11.54 11.54 11.54 11.54 11.54 11.54 11.54 11.54 11.54 11.54 11.54 11.54 11.54 11.54 11.54 11.54 11.54 11.54 11.54 11.54 11.54 11.54 11.54 11.54 11.54 11.54 11.54 11.54 11.54
70.64 70.173 67.783 64.577 62.187 59.797 57.407 52.0971 46.3535 41.6868 39.2968 36.9068 33.63 31.24 31.24 31.24 30.25 25.47 25.47 25.47 25.47 25.47 30.25 36.02 41.7869 47.5521 53.3221 48.55 42.78 37.01 31.24 25.47 19.7 13.93 8.16002 5.77 5.77 5.77 5.77 5.77 5.77 5.77 5.77 5.77 5.77 5.76999 5.76999 5.76999 5.76999 5.76999 5.76999 5.76999 5.76999 5.76999 5.76999 5.77 5.77 5.77 5.76999 5.76999 5.76999 5.76999 5.77 5.77 5.77 5.77 5.77
68.25 64.4123 62.013 59.623 56.417 54.027 51.637 49.247 43.9371 38.1935 33.5268 31.1368 30.25 25.47 25.47 25.47 25.47 25.47 25.47 25.47 25.47 25.47 27.86 33.6269 39.3921 45.1621 50.9321 46.16 40.39 34.62 28.85 23.08 17.31 11.54 5.77 5.77001 5.77001 5.77001 5.77001 5.77001 5.77001 5.77001 5.77001 5.77001 5.77001 5.77001 5.77 5.77 5.77 5.77 5.77 5.77 5.77 5.77 5.77 5.77 5.77 5.77 5.77 5.77 5.77 5.77 5.77 5.77 5.77 5.77 5.77
64.012 61.617 56.2229 53.8233 51.4316 48.2238 45.8294 43.439 41.1482 35.7335 29.9559 25.3771 25.3938 25.4116 25.47 25.47 25.47 25.47 25.47 25.47 25.47 25.4693 25.4652 31.2279 36.9997 42.7711 48.542 46.1499 40.3789 34.6078 28.8365 23.0649 17.2932 11.5214 5.76459 5.77001 5.77001 5.77001 5.77001 5.77001 5.77001 5.77001 5.77001 5.77001 5.77001 5.77 5.77 5.77 5.77 5.77 5.77 5.77 5.77 5.77 5.77 5.77 5.77 5.77 5.77 5.77 5.77 5.77 5.77 5.77 5.77 5.77 5.77
61.582 55.702 53.3446 47.9506 45.575 43.2013 39.9803 37.5782 35.2879 33.0858 27.5177 25.4258 25.47 25.47 25.47 25.47 25.47 25.47 25.47 25.47 25.47 25.4677 27.8459 33.6132 39.3857 45.1579 50.9294 46.1406 40.3689 34.5968 28.8244 23.0516 17.2785 11.5051 5.75993 5.77001 5.77001 5.77001 5.77001 5.77001 5.77001 5.77001 5.77001 5.77001 5.77 5.77 5.77 5.77 5.77 5.77 5.77 5.77 5.77 5.77 5.77 5.77 5.77 5.77 5.77 5.77 5.77 5.77 5.77 5.77 5.77 5.77 5.77
59.1054 53.1802 47.2999 45.0045 39.5921 37.2371 34.8468 31.6185 29.3658 27.2282 25.3537 25.4536 25.47 25.47 25.47 25.47 25.47 25.47 25.47 25.47 25.47 25.4647 27.8297 33.6025 39.3767 45.1499 50.9232 46.1319 40.3595 34.5866 28.8132 23.0394 17.2652 11.4907 5.75584 5.77001 5.77001 5.77001 5.77001 5.77001 5.77001 5.77001 5.77001 5.77 5.77 5.77 5.77 5.77 5.77 5.77 5.77 5.77 5.77 5.77 5.77 5.77 5.77 5.77 5.77 5.77 5.77 5.77 5.77 5.77 5.77 5.77 5.77
55.3482 50.6795 44.752 38.8044 36.6038 31.1783 28.858 26.7129 25.1896 25.3929 25.4521 25.47 25.47 25.47 25.47 25.47 25.47 25.47 25.47 25.47 25.4686 25.4559 30.2011 35.9754 41.7502 47.524 51.8988 46.1253 40.3523 34.5788 28.8049 23.0305 17.2557 11.4806 5.75302 5.77001 5.77001 5.77001 5.77001 5.77001 5.77001 5.77001 5.77 5.77 5.77 5.77 5.77 5.77 5.77 5.77 5.77 5.77 5.77 5.77 5.77 5.77 5.77 5.77 5.77 5.77 5.77 5.77 5.77 5.77 5.77 5.77 5.77
52.7944 46.8879 42.2443 36.2464 30.2984 28.7732 24.9657 25.3436 25.4451 25.47 25.47 25.47 25.47 25.47 25.47 25.47 25.47 25.47 25.47 25.4691 25.4636 31.2069 33.5866 38.3662 44.1401 49.9146 51.8953 46.121 40.3476 34.5738 28.7996 23.0249 17.2499 11.4746 5.75131 5.77001 5.77001 5.77001 5.77001 5.77001 5.77001 5.77 5.77 5.77 5.77 5.77 5.77 5.77 5.77 5.77 5.77 5.77 5.77 5.77 5.77 5.77 5.77 5.77 5.77 5.77 5.77 5.77 5.77 5.77 5.77 5.77 5.77
50.1776 44.3015 38.3572 33.7522 27.9158 24.6879 25.3863 25.47 25.47 25.47 25.47 25.47 25.47 25.47 25.47 25.47 25.47 25.47 25.4696 25.4672 31.2227 33.6028 39.3641 41.7522 46.5313 52.3058 51.8938 46.1195 40.3461 34.5723 28.798 23.0233 17.2483 11.473 5.75079 5.77001 5.77001 5.77001 5.77001 5.77001 5.77 5.77 5.77 5.77 5.77 5.77 5.77 5.77 5.77 5.77 5.77 5.77 5.77 5.77 5.77 5.77 5.77 5.77 5.77 5.77 5.77 5.77 5.77 5.77 5.77 5.77 5.77
47.3482 41.6112 35.6875 29.7947 25.7647 25.1136 25.47 25.47 25.47 25.47 25.47 25.47 25.47 25.47 25.47 25.47 25.47 25.47 25.4693 31.2347 33.6173 39.3766 41.7657 47.5269 49.9166 54.6964 51.8946 46.1211 40.3479 34.5743 28.8003 23.0259 17.251 11.4759 5.75149 5.77001 5.77001 5.77001 5.77001 5.77 5.77 5.77 5.77 5.77 5.77 5.77 5.77 5.77 5.77 5.77 5.77 5.77 5.77 5.77 5.77 5.77 5.77 5.77 5.77 5.77 5.77 5.77 5.77 5.77 5.77 5.77 5.77
44.643 38.6772 32.9123 27.3067 24.738 25.3716 25.47 25.47 25.47 25.47 25.47 25.47 25.47 25.47 25.47 25.47 25.47 25.47 25.4693 31.2354 33.6233 39.3925 45.163 49.9273 55.689 57.6706 51.898 46.1255 40.3527 34.5795 28.8059 23.0319 17.2575 11.4827 5.75325 5.77001 5.77001 5.77001 5.77 5.77 5.77 5.77 5.77 5.77 5.77 5.77 5.77 5.77 5.77 5.77 5.77 5.77 5.77 5.77 5.77 5.77 5.77 5.77 5.77 5.77 5.77 5.77 5.77 5.77 5.77 5.77 5.77
41.9287 35.9035 29.9923 25.0736 25.2422 25.47 25.47 25.47 25.47 25.47 25.47 25.47 25.47 25.47 25.47 25.47 25.47 25.47 25.4698 25.4669 31.2312 37.0018 42.7725 48.5431 54.3138 57.6757 51.9035 46.1317 40.3595 34.5868 28.8138 23.0403 17.2664 11.4922 5.75576 5.77001 5.77001 5.77 5.77 5.77 5.77 5.77 5.77 5.77 5.77 5.77 5.77 5.77 5.77 5.77 5.77 5.77 5.77 5.77 5.77 5.77 5.77 5.77 5.77 5.77 5.77 5.77 5.77 5.77 5.77 5.77 5.77
39.3361 33.1629 27.4235 24.4492 25.4366 25.47 25.47 25.47 25.47 25.47 25.47 25.47 25.47 25.47 25.47 25.47 25.47 25.47 25.47 25.4681 31.2347 37.0053 42.7758 48.5463 54.3169 57.6813 51.9099 46.1386 40.3669 34.5948 28.8224 23.0495 17.2763 11.5027 5.75864 5.77001 5.77 5.77 5.77 5.77 5.77 5.77 5.77 5.77 5.77 5.77 5.77 5.77 5.77 5.77 5.77 5.77 5.77 5.77 5.77 5.77 5.77 5.77 5.77 5.77 5.77 5.77 5.77 5.77 5.77 5.77 5.77
37.1813 30.9668 25.3219 24.9762 25.47 25.47 25.47 25.47 25.47 25.47 25.47 25.47 25.47 25.47 25.47 25.47 25.47 25.47 25.47 25.4684 30.2461 36.0165 41.787 47.5574 53.3279 57.6865 51.9158 46.145 40.3738 34.6023 28.8305 23.0583 17.2858 11.5129 5.76147 5.77 5.77 5.77 5.77 5.77 5.77 5.77 5.77 5.77 5.77 5.77 5.77 5.77 5.77 5.77 5.77 5.77 5.77 5.77 5.77 5.77 5.77 5.77 5.77 5.77 5.77 5.77 5.77 5.77 5.77 5.77 5.77
38.34 32.2434 26.6634 25.0773 25.47 25.47 25.47 25.47 25.47 25.47 25.47 25.47 25.47 25.47 25.47 25.47 25.47 25.47 25.4698 30.2492 32.6382 38.4075 44.1777 49.948 55.7182 57.6907 51.9204 46.1499 40.3792 34.6083 28.837 23.0654 17.2934 11.5211 5.76374 5.77 5.77 5.77 5.77 5.77 5.77 5.77 5.77 5.77 5.77 5.77 5.77 5.77 5.77 5.77 5.77 5.77 5.77 5.77 5.77 5.77 5.77 5.77 5.77 5.77 5.77 5.77 5.77 5.77 5.77 5.77 5.77
39.0728 33.0934 27.3832 25.1688 25.47 25.47 25.47 25.47 25.47 25.47 25.47 25.47 25.47 25.47 25.47 25.47 25.47 25.47 30.2499 32.6397 38.4092 40.7991 46.5682 52.3383 58.1083 57.6921 51.922 46.1518 40.3814 34.6108 28.8399 23.0686 17.2967 11.5241 5.76428 5.77 5.77 5.77 5.77 5.77 5.77 5.77 5.77 5.77 5.77 5.77 5.77 5.77 5.77 5.77 5.77 5.77 5.77 5.77 5.77 5.77 5.77 5.77 5.77 5.77 5.77 5.77 5.77 5.77 5.77 5.77 5.77
39.355 33.4557 27.7556 25.236 25.47 25.47 25.47 25.47 25.47 25.47 25.47 25.47 25.47 25.47 25.47 25.47 25.47 27.86 32.64 36.0188 38.4087 41.7871 47.5557 53.3258 59.0958 57.6884 51.9183 46.1482 40.3778 34.607 28.8357 23.0636 17.2907 11.5167 5.76161 5.77 5.77 5.77 5.77 5.77 5.77 5.77 5.77 5.77 5.77 5.77 5.77 5.77 5.77 5.77 5.77 5.77 5.77 5.77 5.77 5.77 5.77 5.77 5.77 5.77 5.77 5.77 5.77 5.77 5.77 5.77 5.77
39.412 33.5439 27.882 25.2654 25.47 25.47 25.47 25.47 25.47 25.47 25.47 25.47 25.47 25.47 25.47 25.47 25.47 25.4698 27.8589 30.2472 33.6256 39.3948 45.1652 50.9355 56.7057 57.6793 51.9092 46.1388 40.3678 34.5962 28.8236 23.0499 17.275 11.4986 5.75568 5.77 5.77 5.77 5.77 5.77 5.77 5.77 5.77 5.77 5.77 5.77 5.77 5.77 5.77 5.77 5.77 5.77 5.77 5.77 5.77 5.77 5.77 5.77 5.77 5.77 5.77 5.77 5.77 5.77 5.77 5.77 5.77
39.3978 33.5342 27.883 25.2728 25.47 25.47 25.47 25.47 25.47 25.47 25.47 25.47 25.47 25.47 25.47 25.47 25.47 25.47 25.4697 25.4648 31.2307 37.0028 42.7741 48.5449 54.3155 57.6649 51.8944 46.1232 40.3512 34.578 28.8033 23.0271 17.2491 11.4694 5.74647 5.77 5.77 5.77 5.77 5.77 5.77 5.77 5.77 5.77 5.77 5.77 5.77 5.77 5.77 5.77 5.77 5.77 5.77 5.77 5.77 5.77 5.77 5.77 5.77 5.77 5.77 5.77 5.77 5.77 5.77 5.77 5.77
39.3808 33.5193 27.8251 25.2517 25.47 25.47 25.47 25.47 25.47 25.47 25.47 25.47 25.47 25.47 25.47 25.47 25.47 25.47 25.47 25.4606 31.2164 36.9912 42.7644 48.5361 54.3073 57.6443 51.8727 46.1004 40.3264 34.5507 28.773 22.9932 17.2113 11.4276 5.73364 5.77 5.77 5.77 5.77 5.77 5.77 5.77 5.77 5.77 5.77 5.77 5.77 5.77 5.77 5.77 5.77 5.77 5.77 5.77 5.77 5.77 5.77 5.77 5.77 5.77 5.77 5.77 5.77 5.77 5.77 5.77 5.77
41.9185 36.1423 30.477 25.1791 25.4599 25.47 25.47 25.47 25.47 25.47 25.47 25.47 25.47 25.47 25.47 25.47 25.47 25.47 25.47 25.4505 31.1863 36.9659 42.7425 48.5172 54.2899 57.6172 51.8437 46.0691 40.2923 34.513 28.7313 22.9471 17.1606 11.3723 5.71713 5.77 5.77 5.77 5.77 5.77 5.77 5.77 5.77 5.77 5.77 5.77 5.77 5.77 5.77 5.77 5.77 5.77 5.77 5.77 5.77 5.77 5.77 5.77 5.77 5.77 5.77 5.77 5.77 5.77 5.77 5.77 5.77
44.4817 38.8161 33.1664 27.4753 25.4238 25.47 25.47 25.47 25.47 25.47 25.47 25.47 25.47 25.47 25.47 25.47 25.47 25.47 25.47 25.4285 31.1296 36.9175 42.7003 48.4793 54.257 57.5844 51.8073 46.0294 40.2485 34.4648 28.6784 22.8893 17.0977 11.3049 5.69749 5.77 5.77 5.77 5.77 5.77 5.77 5.77 5.77 5.77 5.77 5.77 5.77 5.77 5.77 5.77 5.77 5.77 5.77 5.77 5.77 5.77 5.77 5.77 5.77 5.77 5.77 5.77 5.77 5.77 5.77 5.77 5.77
47.0647 41.4311 35.6861 29.9761 25.3466 25.4559 25.4677 25.47 25.47 25.47 25.47 25.47 25.47 25.47 25.47 25.47 25.47 25.47 25.463 25.3872 31.0399 36.8377 42.6301 48.416 54.2004 57.5473 51.7647 45.9823 40.1968 34.4083 28.617 22.823 17.0264 11.2295 5.67596 5.77 5.77 5.77 5.77 5.77 5.77 5.77 5.77 5.77 5.77 5.77 5.77 5.77 5.77 5.77 5.77 5.77 5.77 5.77 5.77 5.77 5.77 5.77 5.77 5.77 5.77 5.77 5.77 5.77 5.77 5.77 5.77
49.6444 43.9082 38.1868 32.451 31.1317 30.2191 25.4607 25.4684 25.47 25.47 25.47 25.47 25.47 25.47 25.47 25.47 25.4682 25.4669 25.4315 31.1066 33.423 39.2118 45.0072 50.7968 56.5872 57.5076 51.7184 45.9315 40.1414 34.3483 28.5524 22.7539 16.9529 11.1528 5.65439 5.77 5.77 5.77 5.77 5.77 5.77 5.77 5.77 5.77 5.77 5.77 5.77 5.77 5.77 5.77 5.77 5.77 5.77 5.77 5.77 5.77 5.77 5.77 5.77 5.77 5.77 5.77 5.77 5.77 5.77 5.77 5.77
52.1082 46.388 40.6639 38.3047 36.9437 33.6047 27.8327 25.4632 25.4622 25.4608 25.4591 25.4608 25.4613 25.4626 25.4597 25.457 25.4451 28.1762 25.3759 30.9363 36.7305 41.599 47.3907 53.1823 58.9788 57.4678 51.6738 45.8827 40.0886 34.2916 28.492 22.6899 16.8855 11.0833 5.63506 5.77 5.77 5.77 5.77 5.77 5.77 5.77 5.77 5.77 5.77 5.77 5.77 5.77 5.77 5.77 5.77 5.77 5.77 5.77 5.77 5.77 5.77 5.77 5.77 5.77 5.77 5.77 5.77 5.77 5.77 5.77 5.77
51.8955 46.2306 40.4949 38.1321 35.7528 33.3709 30.9846 28.7518 28.7799 28.7767 28.7581 31.1486 31.0924 28.7026 31.0921 30.6001 31.2141 30.4794 32.2346 33.337 39.1233 44.9096 49.7817 55.5703 61.3704 57.4327 51.6371 45.8429 40.0459 34.2462 28.4442 22.6398 16.8331 11.0299 5.62023 5.77 5.77 5.77 5.77 5.77 5.77 5.77 5.77 5.77 5.77 5.77 5.77 5.77 5.77 5.77 5.77 5.77 5.77 5.77 5.77 5.77 5.77 5.77 5.77 5.77 5.77 5.77 5.77 5.77 5.77 5.77 5.77
49.4717 43.6974 38.0323 32.2794 29.9306 27.5718 25.1971 22.9658 22.9972 22.9919 22.9682 25.3604 25.3002 22.9011 25.2952 27.6913 30.0942 32.4873 38.0338 39.1793 41.5365 47.3131 53.0942 57.9683 63.2091 57.4089 51.6143 45.8185 40.0201 34.2194 28.4163 22.611 16.8034 11.0001 5.61176 5.77 5.77 5.77 5.77 5.77 5.77 5.77 5.77 5.77 5.77 5.77 5.77 5.77 5.77 5.77 5.77 5.77 5.77 5.77 5.77 5.77 5.77 5.77 5.77 5.77 5.77 5.77 5.77 5.77 5.77 5.77 5.77
47.0393 41.2613 35.4818 29.8099 24.0499 21.7281 19.3877 17.1747 17.2141 17.2085 17.1818 19.5783 19.5139 17.0997 19.4957 21.8949 24.2865 30.0671 32.4592 38.2398 44.0194 48.8261 54.6048 60.3807 63.2099 57.4035 51.6099 45.8141 40.016 34.2156 28.4129 22.6079 16.8008 10.9979 5.61072 5.77 5.77 5.77 5.77 5.77 5.77 5.77 5.77 5.77 5.77 5.77 5.77 5.77 5.77 5.77 5.77 5.77 5.77 5.77 5.77 5.77 5.77 5.77 5.77 5.77 5.77 5.77 5.77 5.77 5.77 5.77 5.77
44.589 38.8038 33.0178 27.2285 21.5463 15.7733 13.4981 11.3471 11.425 11.4213 11.3924 13.8068 13.7772 11.2887 13.6908 16.0867 21.8803 24.2661 30.053 35.8379 40.6525 46.4311 52.2047 57.9873 63.2226 57.4192 51.6252 45.8309 40.0344 34.2356 28.4345 22.6311 16.8255 11.0236 5.6172 5.77 5.77 5.77 5.77 5.77 5.77 5.77 5.77 5.77 5.77 5.77 5.77 5.77 5.77 5.77 5.77 5.77 5.77 5.77 5.77 5.77 5.77 5.77 5.77 5.77 5.77 5.77 5.77 5.77 5.77 5.77 5.77
42.0925 36.2933 30.4926 24.6901 18.8816 13.1854 7.48468 5.55627 5.72833 5.73515 5.72109 8.06305 8.03116 5.65696 7.89466 13.6906 16.0738 21.8726 27.6648 32.4813 38.2623 44.0414 49.821 55.6009 61.3888 57.4536 51.6578 45.866 40.0721 34.2758 28.4773 22.6766 16.8736 11.0731 5.63029 5.77 5.77 5.77 5.77 5.77 5.77 5.77 5.77 5.77 5.77 5.77 5.77 5.77 5.77 5.77 5.77 5.77 5.77 5.77 5.77 5.77 5.77 5.77 5.77 5.77 5.77 5.77 5.77 5.77 5.77 5.77 5.77
