tests/full-run-ref/erosion_78_24_-72.835.asc
ncols 512
nrows 512
xllcorner -3.24582
yllcorner -4.08743
cellsize 5
NODATA_value -99999
[rows 0 to 28 of 512, columns 67 to 133 of 512]
350.632 350.759 350.853 350.915 350.946 350.943 350.904 350.843 350.771 350.688 350.588 350.479 350.37 350.261 350.151 350.036 349.915 349.79 349.66 349.524 349.38 349.226 349.062 348.895 348.729 348.564 348.396 348.233 348.082 347.945 347.819 347.703 347.597 347.505 347.426 347.353 347.279 347.205 347.135 347.062 346.981 346.889 346.791 346.685 346.571 346.449 346.319 346.181 346.034 345.88 345.719 345.546 345.358 345.154 344.938 344.705 344.454 344.183 343.893 343.587 343.268 342.934 342.585 342.224 341.856 341.481 341.097
351.729 351.853 351.945 352.005 352.038 352.037 352.002 351.946 351.879 351.803 351.711 351.61 351.506 351.403 351.297 351.186 351.068 350.944 350.814 350.677 350.532 350.375 350.207 350.035 349.865 349.694 349.521 349.352 349.196 349.054 348.923 348.803 348.694 348.599 348.519 348.445 348.371 348.298 348.229 348.159 348.08 347.992 347.897 347.796 347.686 347.569 347.443 347.31 347.167 347.016 346.857 346.687 346.502 346.3 346.085 345.854 345.605 345.335 345.047 344.743 344.425 344.093 343.745 343.386 343.018 342.643 342.257
351.813 351.934 352.023 352.083 352.116 352.118 352.088 352.038 351.978 351.909 351.825 351.731 351.635 351.538 351.437 351.329 351.215 351.092 350.963 350.826 350.68 350.52 350.349 350.172 349.997 349.822 349.643 349.468 349.307 349.161 349.026 348.902 348.79 348.693 348.611 348.537 348.463 348.391 348.324 348.257 348.181 348.096 348.006 347.909 347.804 347.691 347.57 347.441 347.301 347.153 346.997 346.829 346.645 346.445 346.231 346.001 345.753 345.485 345.198 344.895 344.579 344.249 343.903 343.545 343.178 342.803 342.416
351.884 352.002 352.089 352.148 352.182 352.187 352.162 352.118 352.064 352.002 351.926 351.841 351.752 351.661 351.565 351.462 351.351 351.23 351.102 350.965 350.817 350.656 350.481 350.3 350.121 349.941 349.757 349.578 349.413 349.263 349.124 348.997 348.882 348.779 348.675 348.555 348.37 347.948 347.091 346.323 345.841 345.685 346.128 346.727 347.114 347.283 347.235 347.2 347.114 347.016 346.904 346.774 346.622 346.448 346.253 346.033 345.79 345.523 345.233 344.924 344.601 344.259 343.901 343.529 343.147 342.755 342.35
351.943 352.056 352.141 352.199 352.234 352.243 352.223 352.186 352.139 352.085 352.018 351.941 351.86 351.775 351.684 351.586 351.478 351.36 351.233 351.096 350.948 350.784 350.606 350.422 350.239 350.055 349.867 349.683 349.514 349.361 349.219 349.089 348.973 348.867 348.755 348.607 348.294 347.495 346.587 347.166 347.475 347.475 347.4 347.286 347.249 347.274 347.278 347.24 347.194 347.127 347.036 346.915 346.765 346.589 346.388 346.164 345.915 345.641 345.346 345.033 344.703 344.356 343.991 343.612 343.222 342.82 342.405
351.988 352.098 352.18 352.238 352.274 352.286 352.272 352.242 352.203 352.157 352.099 352.032 351.958 351.88 351.795 351.702 351.597 351.482 351.357 351.221 351.072 350.907 350.726 350.538 350.352 350.164 349.972 349.785 349.612 349.456 349.311 349.179 349.06 348.953 348.833 348.65 348.124 346.82 346.724 347.475 347.475 347.145 347.02 347.104 347.399 347.536 347.577 347.558 347.498 347.407 347.293 347.151 346.981 346.784 346.566 346.329 346.072 345.791 345.492 345.174 344.841 344.49 344.125 343.745 343.351 342.945 342.526
352.022 352.127 352.207 352.264 352.302 352.317 352.309 352.286 352.255 352.217 352.168 352.11 352.044 351.973 351.894 351.806 351.705 351.593 351.469 351.334 351.185 351.019 350.836 350.645 350.456 350.265 350.069 349.879 349.703 349.545 349.398 349.264 349.143 349.034 348.902 348.657 347.803 346.116 346.73 347.475 346.689 346.703 347.171 347.644 347.845 347.903 347.889 347.833 347.745 347.633 347.501 347.346 347.165 346.961 346.738 346.496 346.234 345.952 345.651 345.332 344.999 344.651 344.287 343.909 343.519 343.116 342.699
352.046 352.147 352.223 352.279 352.318 352.336 352.334 352.317 352.293 352.262 352.222 352.173 352.115 352.05 351.977 351.894 351.798 351.688 351.567 351.432 351.283 351.116 350.932 350.739 350.547 350.355 350.156 349.963 349.785 349.626 349.478 349.343 349.221 349.106 348.956 348.561 347.222 345.922 347.475 345.686 346.36 347.239 347.885 348.141 348.203 348.185 348.134 348.054 347.951 347.826 347.683 347.52 347.334 347.127 346.903 346.66 346.398 346.117 345.816 345.499 345.168 344.824 344.464 344.091 343.702 343.301 342.887
352.06 352.155 352.228 352.283 352.322 352.343 352.345 352.334 352.316 352.293 352.261 352.22 352.169 352.111 352.045 351.967 351.875 351.769 351.649 351.515 351.367 351.199 351.013 350.819 350.626 350.431 350.231 350.036 349.857 349.697 349.548 349.413 349.29 349.168 348.974 348.258 346.192 344.376 344.944 345.887 347.248 348.075 348.385 348.462 348.452 348.403 348.333 348.243 348.13 347.998 347.85 347.684 347.498 347.293 347.069 346.826 346.565 346.286 345.988 345.675 345.347 345.005 344.65 344.279 343.894 343.494 343.079
352.062 352.152 352.221 352.274 352.313 352.337 352.343 352.339 352.327 352.31 352.286 352.253 352.21 352.158 352.098 352.027 351.939 351.836 351.717 351.585 351.437 351.269 351.082 350.887 350.693 350.498 350.296 350.1 349.921 349.761 349.613 349.477 349.351 349.215 348.9 347.577 345.128 347.455 343.461 346.879 348.196 348.586 348.679 348.684 348.647 348.585 348.507 348.41 348.294 348.161 348.013 347.849 347.665 347.461 347.239 346.998 346.74 346.463 346.168 345.858 345.533 345.195 344.842 344.475 344.09 343.69 343.273
352.057 352.14 352.206 352.256 352.295 352.32 352.331 352.332 352.326 352.315 352.298 352.272 352.236 352.191 352.137 352.071 351.989 351.888 351.772 351.64 351.493 351.326 351.14 350.945 350.75 350.555 350.353 350.157 349.979 349.82 349.672 349.535 349.404 349.231 348.617 346.387 341.968 342.112 345.917 348.051 348.736 348.862 348.879 348.858 348.81 348.744 348.663 348.566 348.452 348.323 348.178 348.017 347.836 347.635 347.417 347.179 346.924 346.65 346.36 346.053 345.732 345.396 345.046 344.679 344.295 343.892 343.473
352.045 352.122 352.184 352.232 352.27 352.296 352.31 352.315 352.314 352.309 352.298 352.278 352.248 352.209 352.161 352.1 352.022 351.925 351.812 351.682 351.537 351.372 351.187 350.992 350.799 350.605 350.405 350.21 350.033 349.875 349.728 349.59 349.447 349.183 347.898 344.661 346.466 341.653 347.453 348.757 349.015 349.045 349.037 349.007 348.956 348.89 348.811 348.718 348.61 348.484 348.344 348.188 348.012 347.816 347.602 347.37 347.12 346.852 346.566 346.263 345.945 345.612 345.262 344.895 344.509 344.103 343.678
352.024 352.095 352.152 352.197 352.234 352.261 352.277 352.286 352.289 352.288 352.282 352.269 352.244 352.21 352.167 352.111 352.037 351.944 351.834 351.707 351.565 351.403 351.22 351.028 350.837 350.645 350.447 350.255 350.081 349.925 349.777 349.634 349.461 348.941 346.55 339.658 340.353 346.279 348.569 349.114 349.189 349.189 349.172 349.14 349.093 349.03 348.957 348.87 348.767 348.648 348.514 348.364 348.194 348.005 347.799 347.573 347.329 347.067 346.786 346.489 346.174 345.841 345.489 345.119 344.73 344.318 343.886
351.995 352.06 352.112 352.154 352.189 352.216 352.234 352.245 352.251 352.254 352.253 352.245 352.225 352.195 352.157 352.106 352.036 351.947 351.84 351.718 351.579 351.42 351.24 351.052 350.864 350.676 350.482 350.293 350.122 349.967 349.818 349.661 349.398 348.182 343.471 345.911 342.085 348.037 349.119 349.3 349.325 349.315 349.296 349.268 349.225 349.168 349.101 349.021 348.925 348.813 348.687 348.544 348.382 348.202 348.003 347.786 347.551 347.295 347.02 346.726 346.412 346.078 345.725 345.35 344.954 344.535 344.093
351.963 352.021 352.068 352.107 352.14 352.166 352.185 352.198 352.207 352.213 352.215 352.211 352.195 352.169 352.135 352.088 352.023 351.938 351.836 351.717 351.583 351.428 351.253 351.069 350.886 350.703 350.513 350.329 350.162 350.007 349.85 349.651 349.041 346.411 340.929 337.714 347.268 348.958 349.368 349.436 349.445 349.434 349.418 349.394 349.357 349.307 349.246 349.173 349.083 348.98 348.861 348.727 348.574 348.402 348.214 348.008 347.779 347.53 347.261 346.971 346.658 346.324 345.967 345.587 345.184 344.756 344.303
351.931 351.984 352.027 352.063 352.093 352.119 352.138 352.152 352.161 352.169 352.174 352.171 352.158 352.136 352.105 352.062 352.001 351.921 351.823 351.71 351.581 351.432 351.263 351.084 350.908 350.731 350.547 350.369 350.204 350.047 349.867 349.55 348.007 337.574 340.303 346.205 348.74 349.397 349.525 349.559 349.564 349.555 349.543 349.524 349.491 349.447 349.391 349.325 349.242 349.145 349.037 348.911 348.767 348.606 348.428 348.232 348.013 347.771 347.509 347.223 346.912 346.577 346.215 345.829 345.419 344.982 344.519
351.897 351.944 351.983 352.016 352.044 352.068 352.086 352.1 352.11 352.118 352.124 352.123 352.112 352.092 352.065 352.025 351.969 351.893 351.801 351.693 351.57 351.428 351.266 351.096 350.927 350.758 350.581 350.409 350.246 350.078 349.838 349.072 346.115 341.6 334.213 347.997 349.385 349.601 349.659 349.681 349.685 349.679 349.671 349.655 349.628 349.588 349.539 349.478 349.401 349.312 349.213 349.097 348.963 348.812 348.647 348.462 348.252 348.019 347.764 347.483 347.175 346.837 346.472 346.08 345.661 345.215 344.739
351.86 351.902 351.937 351.967 351.993 352.014 352.031 352.044 352.053 352.061 352.066 352.066 352.056 352.038 352.014 351.978 351.925 351.854 351.768 351.667 351.551 351.417 351.264 351.103 350.943 350.783 350.615 350.448 350.28 350.081 349.67 347.849 329.214 333.181 346.543 349.123 349.666 349.752 349.785 349.802 349.809 349.806 349.802 349.79 349.767 349.731 349.686 349.631 349.561 349.481 349.39 349.285 349.162 349.024 348.871 348.697 348.499 348.275 348.026 347.751 347.445 347.105 346.736 346.336 345.91 345.451 344.964
351.828 351.866 351.898 351.924 351.947 351.966 351.98 351.991 351.998 352.004 352.008 352.007 351.998 351.981 351.958 351.924 351.875 351.81 351.73 351.635 351.528 351.402 351.259 351.108 350.958 350.807 350.649 350.484 350.299 350.005 349.028 346.034 340.251 340.773 348.532 349.683 349.847 349.887 349.911 349.929 349.937 349.938 349.936 349.926 349.906 349.875 349.834 349.784 349.721 349.648 349.566 349.473 349.361 349.234 349.094 348.935 348.747 348.531 348.291 348.021 347.718 347.378 347.003 346.597 346.162 345.694 345.193
351.808 351.843 351.871 351.895 351.915 351.93 351.941 351.948 351.953 351.956 351.957 351.954 351.943 351.926 351.904 351.872 351.826 351.765 351.691 351.604 351.504 351.388 351.255 351.115 350.977 350.836 350.683 350.512 350.274 349.615 347.407 331.064 322.842 347.454 349.52 349.927 349.995 350.018 350.039 350.059 350.07 350.073 350.072 350.065 350.048 350.019 349.982 349.934 349.878 349.813 349.741 349.657 349.556 349.441 349.315 349.168 348.991 348.785 348.553 348.29 347.99 347.648 347.271 346.859 346.417 345.938 345.424
351.797 351.829 351.855 351.877 351.893 351.905 351.912 351.914 351.914 351.913 351.91 351.902 351.889 351.87 351.848 351.817 351.774 351.717 351.649 351.57 351.479 351.372 351.251 351.124 350.997 350.866 350.717 350.523 350.114 348.535 341.085 335.889 344.953 349.21 349.973 350.104 350.137 350.155 350.178 350.198 350.21 350.215 350.215 350.208 350.192 350.165 350.13 350.086 350.034 349.976 349.913 349.839 349.749 349.646 349.533 349.4 349.234 349.038 348.815 348.559 348.263 347.923 347.543 347.127 346.676 346.189 345.663
351.792 351.824 351.847 351.867 351.881 351.888 351.889 351.886 351.881 351.874 351.865 351.852 351.834 351.813 351.79 351.76 351.719 351.666 351.605 351.533 351.451 351.355 351.247 351.133 351.018 350.896 350.741 350.475 349.548 345.34 337.568 342.594 348.686 349.957 350.201 350.259 350.281 350.299 350.322 350.344 350.357 350.361 350.361 350.354 350.339 350.314 350.28 350.239 350.191 350.139 350.084 350.019 349.939 349.849 349.75 349.63 349.476 349.29 349.078 348.831 348.54 348.201 347.819 347.398 346.943 346.447 345.908
351.803 351.832 351.855 351.871 351.881 351.884 351.879 351.869 351.857 351.843 351.826 351.807 351.785 351.761 351.735 351.704 351.665 351.616 351.56 351.496 351.423 351.338 351.242 351.141 351.039 350.921 350.734 350.208 348.377 333.809 327.805 347.848 349.9 350.289 350.373 350.405 350.426 350.446 350.468 350.491 350.503 350.508 350.507 350.499 350.483 350.459 350.427 350.387 350.344 350.299 350.251 350.196 350.126 350.047 349.962 349.855 349.714 349.54 349.339 349.1 348.815 348.479 348.096 347.671 347.21 346.705 346.155
351.833 351.859 351.88 351.893 351.899 351.896 351.885 351.868 351.847 351.826 351.799 351.772 351.744 351.716 351.687 351.655 351.617 351.571 351.52 351.462 351.398 351.323 351.239 351.15 351.057 350.928 350.609 349.41 338.151 335.347 346.948 349.8 350.368 350.478 350.518 350.545 350.566 350.587 350.61 350.631 350.644 350.648 350.646 350.638 350.622 350.598 350.567 350.53 350.49 350.451 350.411 350.364 350.305 350.239 350.166 350.073 349.945 349.781 349.592 349.363 349.084 348.75 348.368 347.941 347.474 346.961 346.4
351.88 351.906 351.925 351.936 351.937 351.928 351.908 351.883 351.854 351.822 351.786 351.748 351.711 351.678 351.645 351.61 351.572 351.528 351.481 351.43 351.374 351.308 351.236 351.16 351.069 350.883 350.142 346.265 341.081 346.219 349.707 350.446 350.583 350.624 350.655 350.683 350.706 350.726 350.749 350.771 350.783 350.787 350.782 350.773 350.757 350.734 350.702 350.667 350.631 350.598 350.565 350.527 350.477 350.423 350.364 350.285 350.169 350.018 349.841 349.623 349.351 349.021 348.639 348.21 347.739 347.218 346.646
351.946 351.971 351.988 351.995 351.992 351.975 351.947 351.912 351.874 351.831 351.785 351.734 351.689 351.646 351.607 351.569 351.529 351.487 351.445 351.4 351.351 351.295 351.235 351.168 351.059 350.65 348.547 341.391 341.711 349.596 350.508 350.691 350.735 350.762 350.792 350.821 350.844 350.865 350.889 350.909 350.921 350.922 350.917 350.906 350.889 350.865 350.835 350.801 350.769 350.74 350.715 350.685 350.645 350.601 350.557 350.491 350.389 350.251 350.086 349.879 349.615 349.289 348.909 348.479 348.004 347.437 345.046
352.025 352.05 352.065 352.069 352.06 352.037 351.999 351.953 351.904 351.851 351.792 351.731 351.675 351.624 351.577 351.533 351.49 351.45 351.411 351.372 351.329 351.283 351.233 351.169 350.963 349.952 342.166 340.93 349.457 350.547 350.792 350.843 350.867 350.893 350.923 350.953 350.976 350.997 351.02 351.04 351.05 351.05 351.043 351.03 351.013 350.989 350.959 350.927 350.898 350.874 350.856 350.834 350.804 350.772 350.741 350.69 350.601 350.475 350.323 350.128 349.873 349.552 348.838 346.447 344.057 341.666 339.276
352.116 352.14 352.152 352.152 352.137 352.107 352.06 352.004 351.943 351.88 351.81 351.737 351.672 351.614 351.559 351.508 351.462 351.421 351.383 351.348 351.311 351.274 351.233 351.137 350.639 344.669 343.16 349.528 350.59 350.874 350.936 350.962 350.984 351.01 351.04 351.069 351.094 351.115 351.137 351.155 351.165 351.164 351.156 351.141 351.123 351.101 351.071 351.041 351.016 350.998 350.986 350.973 350.953 350.934 350.915 350.879 350.803 350.69 350.551 350.238 347.848 345.458 343.067 340.677 338.287 335.896 333.506
352.224 352.245 352.255 352.25 352.23 352.192 352.134 352.067 351.997 351.922 351.838 351.755 351.679 351.613 351.551 351.494 351.443 351.399 351.362 351.33 351.299 351.265 351.219 350.967 347.396 345.724 349.676 350.679 350.945 351.012 351.041 351.064 351.085 351.112 351.143 351.172 351.197 351.218 351.239 351.257 351.265 351.263 351.254 351.239 351.22 351.199 351.171 351.144 351.123 351.111 351.107 351.104 351.094 351.085 351.081 351.059 350.996 349.248 346.858 344.468 342.078 339.687 337.297 334.907 332.517 330.126 327.736
