tests/full-run-ref/erosion_79_12_72.935.asc
ncols 512
nrows 512
xllcorner -3.24582
yllcorner -4.08743
cellsize 5
NODATA_value -99999
[rows 116 to 144 of 512, columns 67 to 133 of 512]
4.48368 5.77001 5.77 5.77 5.77001 5.77001 5.77001 5.77001 5.77001 5.77001 5.77002 5.77002 5.39895 4.03109 3.68112 133.582 639.656 192.103 50.8217 67.0428 2.40159 167.163 1.48537 3.54184 4.84878 5.77002 5.77002 4.96553 0.855493 15.5705 18.4303 25.281 31.4728 37.7405 43.7577 49.6246 77.7432 650.752 103.107 83.5245 77.2474 70.7045 63.7079 32.3684 15.4614 17.3389 18.7165 18.7206 18.7312 18.7494 18.7494 18.7372 18.7267 18.7282 16.4287 12.9945 99.6314 43.4847 552.102 384.395 252.24 37.1592 16.6621 745.214 428.728 230.953 718.878
1.44282 5.77001 5.77 5.77 5.77001 5.77001 5.77001 5.77001 5.77001 5.77002 5.77002 5.77002 4.53821 5.23481 222.144 605.814 76.278 36.3972 130.551 2.85109 4.29507 4.58243 4.78885 5.77002 5.77002 5.77002 5.77002 5.77002 2.67286 33.9767 19.5362 24.8969 30.993 37.3094 43.3178 49.1792 62.4083 772.685 196.475 65.108 58.9406 52.5533 56.5541 44.419 52.3721 13.4348 14.4329 15.7189 18.7106 18.7494 18.7494 18.7494 18.7494 18.7355 18.6734 16.0283 15.5416 59.4736 352.99 234.64 38.2966 11.2944 17.9232 18.5531 81.5082 67.6216 39.5533
5.77001 5.77001 5.77001 5.77 5.77001 5.77001 5.77001 5.77001 5.77002 5.77002 4.59724 3.93438 3.8803 90.1788 747.616 101.502 85.6286 2.38311 4.30205 4.72498 5.77002 5.77002 5.77002 5.77002 5.77002 5.77002 5.77002 5.77002 3.76935 21.2306 12.7094 18.4947 25.2966 31.6354 37.6411 43.5129 49.3503 250.078 420.39 67.6534 61.6087 59.3316 56.7128 188.642 74.92 618.481 443.799 15.9421 18.7071 18.7494 18.7494 18.7494 18.7494 18.7474 18.7326 18.7158 14.5503 257.411 153.221 293.753 331.481 19.0905 17.6174 16.6178 17.7741 18.7989 36.7379
5.77001 5.77001 5.77 4.94882 4.79942 5.28211 5.77001 5.77002 5.77002 5.77002 4.66881 425.484 221.356 286.004 652.789 58.0266 3.16858 4.70594 5.77002 5.77002 5.77002 5.77002 5.77002 5.77002 5.77002 5.77002 5.77002 5.77002 4.71289 0.661838 17.0318 22.3702 29.3102 35.6226 41.6239 47.5066 53.3493 105.311 987.363 110.389 104.429 112.567 206.17 125.281 81.5665 114.312 15.6249 16.7961 18.7091 18.7494 18.7494 18.7494 18.7494 18.7494 18.7494 18.7061 12.2355 16.191 17.3419 240.624 329.169 18.9996 17.4269 18.7157 18.4484 18.1706 39.2705
2.38942 5.56857 3.43358 5.708 5.91436 5.24347 0.677839 4.20359 5.77002 3.99665 3.71439 165.392 130.968 64.1253 66.6947 142.218 3.29868 5.77002 5.77002 5.77002 5.77002 5.77002 5.77002 5.77002 5.77002 5.77002 5.77002 5.2316 3.63574 3.4437 12.8255 19.3108 25.8665 32.0072 37.946 43.7998 49.6214 110.017 489.57 90.575 84.5926 86.3218 81.2235 64.6691 44.4917 15.3086 17.0645 18.6426 18.7209 18.7494 18.7494 18.7494 18.7494 18.7494 18.7494 18.705 18.7089 18.6565 17.7712 239.573 635.777 102.264 18.0661 16.1633 17.0872 18.0702 44.1718
4.09003 5.03738 6.01855 162.529 105.477 15.0419 166.653 3.76675 2.84446 3.8808 232.689 305.414 133.121 2.91088 3.01049 298.358 3.40006 5.77002 5.77002 5.77002 5.77001 5.77001 5.77002 5.77002 5.77002 5.77002 5.77002 5.05274 5.71312 54.7613 25.8965 32.6653 38.9584 44.9943 50.8907 56.7188 62.5192 189.721 766.355 115.757 109.795 103.687 97.308 90.4586 93.2834 383.754 16.7673 18.7118 18.7332 18.7494 18.7494 18.7494 18.7494 18.7494 18.7494 18.7494 18.6821 18.4996 18.2237 17.9396 347.792 717.927 19.7442 815.463 17.1205 17.6993 48.7129
44.4319 22.7233 33.2343 92.1049 257.033 401.717 31.3192 41.0309 250.935 186.466 309.522 203.869 3.50443 4.97607 4.86641 4.62172 4.67137 5.77002 5.77002 5.77002 5.77001 5.77001 5.77002 5.77002 5.77002 5.77002 5.77002 5.24145 3.62037 3.93133 15.7182 22.7707 29.2186 35.3358 41.27 47.1137 52.9208 104.427 582.169 94.9124 85.7878 79.6934 73.3262 66.4711 62.2464 15.238 17.0681 18.717 18.7075 18.7044 18.6912 18.7314 18.7494 18.7494 18.7494 18.7494 18.6856 18.7356 18.6535 17.4694 17.383 18.3337 756.235 17.6431 17.9138 108.118 32.8613
947.98 745.034 609.207 1296.07 13.9297 820.635 458.613 1069.96 143.044 189.451 263.515 3.75692 5.02048 5.77002 5.77002 5.77002 5.77002 5.77002 5.77002 5.77001 5.77002 5.77002 5.77002 5.77002 5.77002 5.77002 5.77002 4.40007 2.7666 3.14384 18.397 23.4524 29.9463 36.0869 42.0315 47.8794 53.6886 66.43 737.306 82.5037 66.4308 60.4467 54.2662 55.042 56.2525 49.7987 14.3109 15.085 16.8821 17.8595 17.8495 18.6946 18.7494 18.7494 18.7494 18.7494 18.7494 18.7323 18.7251 18.7285 18.684 17.8077 17.4857 18.565 231.44 66.3436 430.646
13.8816 13.8908 13.9265 13.9287 13.9298 13.9148 597.148 57.3782 139.439 4.09871 4.89287 5.09967 5.77002 5.01477 5.22275 5.32982 5.77002 5.77002 5.77002 5.77002 5.77002 5.77002 5.77002 5.77002 5.77002 5.77002 5.77002 3.40892 367.946 61.0615 18.1814 21.5641 27.8926 33.9497 39.8558 45.686 51.4844 57.2711 746.505 91.2403 68.9039 63.0106 64.2781 55.3822 86.1723 61.2139 452.877 415.606 17.7977 19.5654 17.9741 18.7098 18.7494 18.7494 18.7494 18.7494 18.7494 18.7494 18.7494 18.747 18.7414 18.7352 18.6051 18.9625 234.35 55.954 589.339
13.93 13.93 13.9249 13.9227 13.9139 13.8618 392.09 66.8766 4.53403 5.31431 5.77002 5.77002 5.77002 5.19623 7.54062 4.95119 5.77002 5.77001 5.77002 5.77002 5.77002 5.77002 5.77002 5.77002 5.77002 5.77002 5.77002 3.40114 63.2813 31.0769 21.5407 25.3091 31.5721 37.5978 43.4905 49.314 55.106 63.9549 872.379 128.253 102.281 96.4375 107.762 244.638 129.729 121.524 344.485 16.4452 17.6922 18.2653 18.1194 18.7197 18.7494 18.7494 18.7494 18.7494 18.7494 18.7494 18.7494 18.7494 18.7494 18.7494 18.731 18.3455 18.1436 60.4485 293.734
13.6594 13.4978 13.4774 13.5993 13.888 14.1261 396.032 75.1542 5.07014 5.77002 5.77002 5.77002 5.77002 5.43241 5.18854 5.15507 5.77002 5.77002 5.77002 5.77002 5.77002 5.77002 5.77002 5.77002 5.77002 5.77002 5.77002 3.99876 3.44625 24.008 19.535 26.0322 32.2197 38.1989 44.0703 49.8852 55.6733 69.863 729.122 100.183 89.6142 83.7633 93.1755 91.244 68.1479 91.6008 15.62 16.337 17.4763 18.719 18.7222 18.7302 18.7494 18.7494 18.7494 18.7494 18.7494 18.7494 18.7494 18.7494 18.7494 18.7494 18.7494 18.2578 288.441 88.4829 474.129
13.2912 61.5054 31.9506 22.7688 48.4904 250.884 203.679 70.6341 5.3679 5.77002 5.77002 5.77002 5.77002 5.77002 5.77002 5.77002 5.77002 5.77002 5.77002 5.77002 5.77002 5.77002 5.77002 5.77002 5.77002 5.77002 5.14194 2.8286 35.1624 14.9679 21.1709 27.2204 33.3033 39.2555 45.1081 50.9161 56.7021 71.516 683.509 79.461 73.6697 67.8486 61.9672 55.9662 60.62 45.085 81.715 127.856 15.5176 17.32 18.7178 18.7344 18.7494 18.7494 18.7494 18.7494 18.7494 18.7494 18.7494 18.7494 18.7494 18.7494 18.7494 18.5123 402.205 126.649 45.2913
30.9283 23.2714 72.174 57.5481 81.4523 138.8 67.8004 66.1407 5.53022 5.73869 5.77002 5.77002 5.77002 5.77002 5.77002 5.77002 5.77002 5.77002 5.77002 5.77002 5.77002 5.77002 5.77002 5.77002 5.77002 5.07998 3.43692 27.0725 19.6089 20.2803 24.3532 30.0165 35.7502 41.6525 47.5068 53.3094 59.0939 73.9073 685.9 81.855 76.0742 70.2775 64.4476 69.4116 51.8361 63.3455 94.4 42.4391 132.751 15.6952 16.9619 18.7153 18.7086 18.7084 18.726 18.7494 18.7494 18.7494 18.7494 18.7494 18.7494 18.7494 18.7494 18.7243 18.614 18.3799 20.26
30.3375 34.3461 31.538 135.327 120.677 54.8557 41.3831 42.045 254.504 5.6438 5.77002 5.77002 5.77002 5.77002 5.77002 5.77002 5.77002 5.77002 5.77002 5.77002 5.77002 5.77002 5.77002 5.77002 5.77002 3.97691 66.3397 16.4844 28.1057 24.0546 29.3854 33.0516 38.4689 44.0629 49.8878 55.7017 61.4846 76.2976 688.29 84.2464 78.4689 72.6811 77.7291 60.3396 72.113 92.2032 51.6319 102.247 48.2875 114.634 14.773 14.5532 14.3631 15.0269 18.7298 18.7494 18.7494 18.7494 18.7494 18.7494 18.7494 18.7494 18.7494 18.7494 18.7493 18.6732 18.3866
39.1691 37.8246 48.1801 213.451 102.141 66.1277 70.5388 134.9 98.5588 5.52419 5.77002 5.77002 5.77002 5.77002 5.77002 5.77002 5.77002 5.77002 5.77002 5.77002 5.77002 5.77002 5.77002 5.09204 3.67677 1.94968 34.5681 39.7239 22.9892 37.5043 32.9788 37.9713 41.4492 46.7548 52.2868 58.0784 63.8755 78.6878 690.68 86.6367 80.8604 85.933 68.6046 80.4689 100.692 60.3409 111.176 51.7397 99.5452 40.0058 76.3223 83.4465 368.345 16.4928 18.7258 18.731 18.7432 18.7494 18.7494 18.7494 18.7494 18.7494 18.7494 18.7494 18.7494 18.7464 18.3585
47.298 106.644 343.96 129.825 91.7947 80.6123 82.4383 77.1558 68.0133 5.41686 5.77002 5.77002 5.77002 5.77002 5.77002 5.77002 5.77002 5.77002 5.77002 5.77002 5.77002 5.08958 3.47453 1.94742 77.9807 43.8138 25.4278 26.0093 45.2517 32.0321 46.2181 41.4744 46.3154 49.7098 54.9668 60.4725 66.2502 81.0778 693.075 89.0264 94.1081 76.8021 88.6989 108.975 68.7155 119.649 60.446 108.873 42.6247 32.6764 37.9656 166.116 83.2798 14.7317 15.2419 17.2588 18.7278 18.7395 18.7493 18.7494 18.7494 18.7494 18.7494 18.7494 18.7494 18.7382 18.3675
145.049 391.112 138.27 90.9128 85.1173 79.2957 73.4316 67.5011 69.4823 5.28779 5.77002 5.77002 5.77002 5.77002 5.77002 5.77002 5.77002 5.77002 5.77002 5.15827 4.08097 2.83741 79.2323 100.919 23.6782 63.7656 33.3229 31.6459 35.0012 53.8797 40.5764 54.6152 49.7752 54.5513 57.9101 63.1468 68.6419 142.681 1208.35 195.532 123.575 135.449 117.179 76.956 127.934 68.8328 117.398 52.3236 40.3885 50.4564 76.5392 71.184 37.4974 90.2219 158.85 16.4636 17.7909 18.6258 18.7492 18.7494 18.7494 18.7494 18.7494 18.7494 18.7494 18.6564 19.0866
365.387 148.991 96.5644 90.774 84.9632 79.1179 73.2187 67.238 70.8352 5.15882 5.77002 5.77002 5.77002 5.77002 5.77002 5.77002 5.77002 5.77002 5.77002 4.88821 455.395 309.875 27.9966 115.869 46.4379 27.1105 49.5013 36.381 40.5144 43.5236 62.2379 48.8941 62.8696 57.9889 62.7388 66.0839 118.789 679.216 278.273 249.161 485.663 1084.55 172.422 211.057 77.0795 125.71 60.7748 48.8176 60.3135 110.957 64.021 71.1797 499.377 793.401 241.687 465.821 19.0909 18.6456 18.7492 18.7494 18.7494 18.7494 18.7493 18.6642 18.6917 18.6027 144.371
147.975 102.247 96.4621 90.6626 84.8371 78.9703 73.0401 67.0157 71.8656 5.048 5.77002 5.77002 5.77002 5.77002 5.77002 5.77002 5.77002 5.77002 5.77002 4.71933 3.14426 92.2116 119.02 41.3176 68.018 36.0498 35.1897 50.9211 45.0329 48.986 51.8374 70.4785 57.1147 71.0637 66.1672 135.289 645.327 203.216 87.7591 79.7167 96.6649 175.23 624.072 263.2 284.817 72.0495 78.1353 342.757 291.871 122.508 113.013 199.18 132.164 45.4267 115.891 16.524 17.9551 18.6542 18.7493 18.7494 18.7494 18.7494 18.7493 18.7355 626.803 462.727 128.664
107.964 102.184 96.3945 90.587 84.7502 78.8673 72.9146 66.8591 72.5132 4.96995 5.77002 5.77002 5.77002 5.77002 5.77002 5.77002 5.77002 5.77002 5.77002 4.04313 231.802 25.9764 35.3588 64.1521 66.9161 51.4269 41.666 43.7622 59.3457 53.4127 57.2793 60.0602 78.6697 69.4426 235.841 659.072 193.453 84.376 76.3261 73.925 84.0212 67.8419 105.855 306.481 536.762 368.806 652.589 205.328 102.479 83.1681 80.2886 70.0414 54.8135 60.2404 14.7614 17.7283 18.7372 18.7456 18.7494 18.7494 18.7494 18.7494 18.7494 18.7014 18.6728 194.196 127.19
107.936 102.154 96.3616 90.5496 84.7068 78.8159 72.8525 66.7829 72.7773 4.9343 5.77002 5.77002 5.77002 5.77002 5.77002 5.77002 5.77002 5.77002 5.77002 3.77676 126.186 35.8171 25.4726 36.755 51.7702 97.8209 72.5418 52.3724 52.1147 67.624 61.6655 65.492 103.37 564.449 515.064 157.845 77.724 72.941 70.5313 68.1122 78.1911 62.0338 62.1892 74.4063 152.935 383.345 350.885 129.048 89.9739 83.892 77.5759 70.8824 63.575 26.9798 14.5145 16.1579 18.2015 18.7457 18.7494 18.7494 18.7494 18.7494 18.7494 18.7494 18.7278 18.6616 142.109
107.939 102.157 96.3642 90.5522 84.7097 78.82 72.859 66.7938 72.6719 4.94518 5.77002 5.77002 5.77002 5.77002 5.77002 5.77002 5.77002 5.77002 5.77002 4.41023 5.16744 30.7473 25.5059 31.8729 38.0279 53.4556 80.8542 89.6792 64.3587 60.5466 75.8329 97.051 420.353 353.21 107.783 71.9642 69.5592 67.1445 64.7158 62.2616 72.3061 56.186 56.3855 58.8059 61.198 97.9298 393.54 373.629 114.685 65.0267 58.9161 52.5585 54.1922 49.1179 340.69 231.028 18.0451 18.7407 18.7493 18.7494 18.7494 18.7494 18.7494 18.7494 18.7494 18.7198 18.6743
107.977 102.196 96.4049 90.5969 84.7607 78.8809 72.935 66.8922 72.199 5.00092 5.77002 5.77002 5.77002 5.77002 5.77002 5.77002 5.77002 5.77002 5.77002 4.37827 30.3257 19.3438 25.8754 32.1618 38.2745 44.2671 52.8795 67.5984 113.024 83.1962 94.1378 638.788 541.563 89.2323 79.9576 66.1798 63.7628 61.3286 58.8662 56.3485 66.3303 50.272 50.5496 53.0092 55.4154 57.7917 94.3634 416.057 356.425 70.8794 70.0417 44.9492 37.3093 152.77 90.7713 16.6122 16.4836 17.2886 18.4284 18.7486 18.7494 18.7494 18.7494 18.7494 18.7494 18.7494 18.7139
157.944 124.662 96.4854 90.6839 84.8587 78.9957 73.0751 67.069 71.3568 5.0941 5.77002 5.77002 5.77002 5.77002 5.77002 5.77002 5.77002 5.77002 5.77002 4.27167 32.5236 20.7786 27.188 33.3933 39.4528 45.4086 51.2953 57.134 72.4858 128.619 512.42 396.097 97.8509 118.119 66.9769 71.7582 57.9483 55.4823 52.9628 50.3355 60.2086 44.2503 44.6603 47.1894 49.6104 51.8423 59.2974 76.2266 1140.55 185.344 67.6541 63.4073 49.064 66.9109 42.0365 29.686 115.476 288.942 17.942 18.7456 18.7494 18.7494 18.7494 18.7494 18.7494 18.7494 18.7428
163.136 268.048 143.226 91.3669 84.9955 79.1533 73.2636 67.3027 70.1736 5.21234 5.77002 5.77002 5.77002 5.77002 5.77002 5.77002 5.77002 5.77002 5.70023 4.04341 24.2271 22.3344 28.6303 34.7565 40.7615 46.6822 52.5451 58.37 64.1707 133.327 882.98 128.521 82.3492 74.5161 109.925 58.7482 63.4811 49.5881 46.9762 44.1677 53.8601 38.0593 38.6858 41.3146 43.6348 51.1153 49.7614 69.215 160.498 320.513 184.578 73.5274 68.4567 48.0918 32.1777 41.7493 138.757 94.2505 17.3566 18.404 18.7493 18.7494 18.7494 18.7494 18.7494 18.7494 18.7222
67.1278 115.202 377.566 149.612 85.271 79.3334 73.4757 67.5619 68.7439 5.34039 5.77002 5.77002 5.77002 5.77002 5.77002 5.77002 5.77002 5.77002 5.18596 4.64392 28.7548 23.7315 29.9196 35.9698 41.9229 47.8086 53.649 59.4598 65.2519 259.665 399.704 78.586 72.8075 74.1662 66.3028 101.659 50.3925 55.0012 40.8603 37.7656 47.1685 31.6093 32.563 35.2222 42.8583 41.5588 61.0309 49.6354 75.3609 532.993 276.69 76.8049 56.6473 41.0011 50.2321 110.154 66.4013 45.5551 159.383 17.5959 18.598 18.7493 18.7494 18.7494 18.7494 18.7253 18.6425
57.2278 63.3224 116.254 420.996 142.291 79.5104 73.6811 67.8108 67.2266 5.46311 5.77002 5.77002 5.77002 5.77002 5.77002 5.77002 5.77002 5.77002 4.75802 175.606 28.4248 25.0488 31.1334 37.1106 43.0132 48.8656 54.6848 60.4825 67.3295 542.058 243.509 76.1933 70.4104 64.6095 65.9307 57.9863 93.2128 41.7085 45.9453 31.0057 39.9684 24.7572 26.0823 34.2711 33.2136 52.7927 41.4348 45.0594 48.3131 178.613 537.282 75.1347 84.9086 166.455 163.695 74.8865 51.9175 103.91 42.6799 159.199 17.9902 18.6369 18.7493 18.7493 18.7328 18.6734 265.856
51.4171 57.5086 65.2089 132.72 384.529 113.778 73.8514 68.0174 65.8031 5.56832 5.77002 5.77002 5.77002 5.77002 5.77002 5.77002 5.77002 5.77002 4.86439 111.834 47.0574 29.509 39.8589 45.9662 47.9848 53.8083 59.6095 65.3965 95.8074 1098.82 131.471 73.7982 68.0079 62.1976 56.3375 57.5666 49.425 84.3191 32.113 35.1648 31.984 17.2623 24.6073 24.3457 44.3366 33.1292 36.8333 40.1225 45.9162 67.3416 699.096 696.975 726.193 689.499 315.736 88.8118 124.933 49.8525 105.834 45.5004 148.453 18.0686 18.4255 18.6035 18.6609 347.142 284.919
52.5133 51.6499 59.3606 63.8151 251.015 265.915 74.4022 68.1629 64.6213 5.64888 5.77002 5.77002 5.77002 5.77002 5.77002 5.77002 5.77002 5.77002 5.17697 177.919 37.709 28.6228 42.9303 38.3822 39.7701 45.5947 51.3963 57.1841 146.649 266.586 130.437 81.7201 65.601 59.7755 53.9002 47.9024 48.9158 40.2816 74.2337 22.6945 0 3.03209 20.0431 35.221 24.5069 28.4655 31.8625 37.7064 43.5116 59.6559 300.823 117.151 90.873 107.184 295.455 1032.35 142.122 218.841 52.5596 99.9724 33.4715 47.5338 182.011 671.141 388.331 284.7 36.5625
