tests/full-run-ref/erosion_78_21_-27.869.asc
ncols 512
nrows 512
xllcorner -3.24582
yllcorner -4.08743
cellsize 5
NODATA_value -99999
[rows 108 to 143 of 512, columns 82 to 163 of 512]
108.055 113.414 115.803 118.192 120.581 122.971 125.362 127.752 130.143 132.533 134.923 137.314 139.704 142.093 144.483 146.873 150.253 152.643 155.033 160.802 181.479 175.709 169.938 164.167 158.396 152.625 146.853 144.465 142.076 139.687 137.296 134.906 132.517 130.127 125.326 119.554 113.781 108.007 102.232 96.4558 90.6798 84.9005 79.1143 73.325 70.9523 68.5785 66.194 63.8016 61.4049 59.0105 56.5914 54.1802 56.6144 54.6518 52.2585 49.8626 47.4642 45.0556 42.6489 42.6349 40.2112 42.6368 45.0718 47.4843 49.8381 52.2337 54.6247 60.395 70.9396 89.6925 87.3087 81.5342 79.1406 73.3673 70.9696 65.195 62.6942 56.9223 54.1221 48.3383 42.5515 36.7539
102.286 107.643 110.032 112.422 114.811 117.201 119.591 121.982 124.373 126.763 129.153 131.543 133.933 136.322 138.712 142.092 144.483 146.873 152.643 155.031 179.088 173.319 167.548 161.777 156.006 150.235 144.463 138.691 136.303 133.915 131.526 129.136 126.746 124.357 121.967 117.166 111.393 105.62 99.8461 94.0705 88.2932 82.5161 76.7351 70.9461 65.1539 62.784 60.4124 58.0279 55.6335 53.2393 50.8196 48.4074 50.8455 48.8844 46.4885 44.0931 41.6944 39.2858 36.8732 36.8687 34.4303 36.869 39.3044 41.7163 44.063 46.4579 52.239 58.0042 71.9469 87.3055 81.532 79.1381 73.3608 70.9689 65.192 62.7965 57.0188 54.6165 48.8363 45.9403 40.1531 34.3643
99.4839 101.873 104.262 106.651 109.041 111.431 113.821 116.212 118.602 120.992 123.382 125.772 128.161 130.551 133.932 136.322 138.712 144.483 146.874 152.64 175.315 170.929 165.158 159.387 153.616 147.845 142.073 136.301 130.528 128.141 125.754 123.365 120.975 118.586 116.196 113.807 109.005 103.233 97.4595 91.6851 85.9086 80.1303 74.3521 68.5693 62.7774 56.9819 54.6148 52.2451 49.8595 47.4686 45.0475 42.6339 45.0716 45.1156 40.7193 38.3209 35.9234 33.5203 31.1189 31.1296 28.7044 31.1221 33.5389 35.9443 38.2871 44.0749 49.8519 55.629 66.1772 81.533 79.1434 73.362 70.9702 65.1906 62.8001 57.0202 54.6261 48.8443 46.4433 40.6591 38.2498 32.4662
93.7132 96.1024 98.4915 100.881 103.27 105.66 108.051 110.441 112.831 115.221 117.611 120.001 122.39 125.77 128.161 130.551 136.323 138.713 144.483 150.25 169.544 168.539 162.767 156.996 151.225 145.454 139.683 133.912 128.139 122.365 119.979 117.592 115.204 112.815 110.425 108.036 105.647 100.845 95.0723 89.2988 83.5239 77.7466 71.9671 66.1877 60.4032 54.608 48.8089 46.4443 44.0757 41.6976 39.2756 36.8593 39.2965 39.3468 38.3584 32.5532 30.1705 27.8006 27.8228 27.8272 27.8337 27.8225 27.8101 30.1759 35.9229 41.7044 47.4754 53.245 63.7889 79.1498 73.3706 70.9753 65.1927 62.8027 57.0207 54.6314 48.8485 46.4556 40.6699 38.2702 32.481 30.0734
87.9431 90.332 92.7212 95.1104 97.4998 99.89 102.281 104.671 107.061 109.45 111.84 114.23 117.609 120 122.39 128.162 130.553 136.324 138.713 144.479 163.773 166.15 160.377 154.606 148.835 143.064 137.293 131.522 125.75 119.977 114.203 111.817 109.431 107.043 104.654 102.265 99.8757 97.4866 92.6847 86.9118 81.138 75.3626 69.5843 63.8036 58.0231 52.2365 46.4378 40.6344 38.2721 35.9133 33.5109 31.0977 33.5321 33.5686 35.9862 30.2001 27.8354 27.8555 27.86 27.86 27.86 27.86 27.8546 27.8184 33.5434 39.3211 45.0879 55.6364 66.1955 73.3857 70.9834 65.2003 62.8079 57.0237 54.6351 48.8507 46.4627 40.6767 38.2851 32.4952 30.0968 24.3016
82.1729 84.5617 86.9507 89.3398 91.7292 94.1196 96.5101 98.9001 101.29 103.679 106.069 109.449 111.838 114.228 120.001 122.392 128.163 130.553 136.323 138.709 158.001 163.76 157.987 152.216 146.445 140.674 134.903 129.132 123.361 117.589 111.815 106.039 103.655 101.27 98.8824 96.4936 94.1044 91.7154 89.3263 84.5248 78.7517 72.9776 67.2015 61.4222 55.6402 49.8585 44.0698 38.2671 32.4732 30.1356 27.7895 27.8168 27.8181 27.8253 30.226 27.8421 27.8565 27.86 27.86 27.86 27.86 27.86 27.8445 30.1045 35.8746 41.6498 47.482 58.03 71.9286 70.9905 65.2091 62.8153 57.0311 54.6408 48.8547 46.4676 40.6807 38.2939 32.5047 30.1143 24.3201 21.9228
76.4023 78.7912 81.1802 83.569 85.9588 88.3491 90.7396 93.1292 95.5186 97.9078 101.287 103.677 106.067 111.84 114.231 120.002 122.392 128.163 130.553 136.32 152.23 161.369 155.597 149.826 144.055 138.284 132.513 126.742 120.97 115.199 109.427 103.652 97.8762 95.4924 93.1084 90.7217 88.3331 85.944 83.5551 81.166 76.3725 70.5992 64.8247 59.0479 53.2675 47.4844 41.7014 35.9105 30.1328 27.8172 27.8545 27.86 27.86 27.8582 27.8566 27.8577 27.86 27.86 27.86 27.86 27.86 27.86 27.8294 33.4747 38.2654 44.0345 49.865 63.7561 70.9809 65.2107 62.8166 57.0391 54.6478 48.8622 46.4736 40.6857 38.2998 32.5105 30.1249 24.3324 21.9432 16.1446
70.6318 73.0207 75.4095 77.7983 80.1883 82.5787 84.9687 87.358 89.7473 93.1265 95.5159 97.9058 103.679 106.071 111.842 114.232 120.003 122.393 128.164 130.55 146.459 158.979 153.207 147.435 141.664 135.893 130.122 124.351 118.58 112.809 107.038 101.265 95.4895 89.7127 87.3299 84.947 82.5609 80.1725 77.7835 75.3947 73.0057 68.2156 62.442 56.6671 50.8895 45.1081 39.3236 33.5433 27.804 27.8545 27.86 27.86 27.86 27.86 27.86 27.86 27.86 27.86 27.86 27.86 27.86 27.86 27.8248 33.4191 39.1877 46.4097 55.574 66.1571 65.2055 62.8067 57.0398 54.6489 48.8698 46.4806 40.6933 38.3064 32.5164 30.1319 24.34 21.9557 16.1598 13.7795
64.8613 67.25 69.6385 72.0278 74.4179 76.8079 79.1976 81.5868 84.9661 87.3547 89.7442 95.5185 97.9097 103.681 106.071 111.842 114.232 120.003 122.393 128.161 140.689 156.588 150.817 145.045 139.274 133.503 127.732 121.96 116.189 110.418 104.647 98.8759 93.1029 87.3266 81.549 79.1672 76.7854 74.4 72.0119 69.623 67.2342 64.8453 60.0601 54.2862 48.5107 42.7322 36.9495 31.1744 27.8418 27.86 27.86 27.86 27.86 27.86 27.86 27.86 27.86 27.86 27.86 27.86 27.86 27.86 27.8298 33.4496 39.2166 47.3837 57.9569 65.1883 62.7861 57.0258 54.6376 48.8698 46.4812 40.7005 38.3133 32.5243 30.1389 24.3469 21.9638 16.1692 13.7932 8.01482
59.0906 61.4791 63.8677 66.2573 68.6472 71.0369 73.4263 76.8055 79.1939 81.5827 87.3573 89.7489 95.5206 97.9103 103.682 106.072 111.843 114.232 120.003 125.772 134.918 154.197 148.427 142.655 136.884 131.112 125.341 119.57 113.799 108.028 102.257 96.4855 90.714 84.9406 79.1635 73.385 71.0044 68.6238 66.239 63.8512 61.4624 59.0737 56.6903 51.9084 46.1346 40.358 34.5787 28.8072 27.852 27.86 27.86 27.86 27.86 27.86 27.86 27.86 27.86 27.86 27.86 27.86 27.86 27.86 27.8263 33.474 39.231 47.3766 65.1277 62.7663 56.9942 54.6094 48.8525 46.4682 40.6994 38.3131 32.5309 30.1457 24.3549 21.9712 16.177 13.8018 8.02429 5.72318
53.3198 55.7081 58.097 60.4865 62.8762 65.2657 68.645 71.033 73.4216 79.1963 81.5877 87.3601 89.7497 95.5213 97.9116 103.683 106.071 111.842 117.613 123.383 129.148 151.807 146.037 140.265 134.493 128.722 122.951 117.179 111.408 105.637 99.8659 94.0947 88.3235 82.5519 76.7781 71.0001 65.2206 62.8413 60.462 58.0779 55.6904 53.3017 50.9185 48.5355 46.148 40.3751 34.5992 28.8312 27.856 27.86 27.86 27.86 27.86 27.86 27.86 27.86 27.86 27.86 27.86 27.86 27.86 27.8558 27.8144 33.4839 39.2366 49.7642 62.7457 56.9631 54.5756 48.8144 46.4361 40.6784 38.298 32.5281 30.1445 24.3608 21.9776 16.185 13.8088 8.0312 5.72567 5.76566
47.5487 49.9372 52.3262 54.7155 57.1049 60.4843 62.8723 65.2604 71.0356 73.4266 79.1992 81.5891 87.3609 89.7511 95.5222 97.9108 103.682 109.453 115.224 120.994 126.76 149.417 143.647 137.875 132.104 126.332 120.56 114.789 109.018 103.246 97.4751 91.7039 85.9327 80.1614 74.3896 68.6154 62.8365 57.0559 54.678 52.3 49.9167 47.5295 45.1463 42.7627 40.3759 40.3802 34.6096 28.8395 27.8572 27.86 27.86 27.86 27.86 27.86 27.86 27.86 27.86 27.86 27.86 27.86 27.86 27.8477 33.5221 35.891 41.6362 50.8193 56.9831 54.5651 48.7774 46.3981 40.6352 38.2624 32.5034 30.127 24.3558 21.9752 16.1899 13.813 8.03703 5.72801 5.76584 5.77
41.7777 44.1662 46.555 48.9442 52.3235 54.7115 57.0993 62.8749 65.2657 71.0384 73.4282 79.2004 81.5906 87.3618 89.7504 95.5219 101.293 107.064 112.834 118.605 124.372 143.665 141.258 135.486 129.714 123.942 118.17 112.399 106.627 100.856 95.0844 89.3132 83.5419 77.7706 71.9992 66.2272 60.4525 54.6725 48.8908 46.5144 44.1379 41.7554 39.3739 36.9904 34.6026 34.608 34.6148 28.8436 27.856 27.86 27.86 27.86 27.86 27.86 27.86 27.86 27.86 27.86 27.86 27.86 27.86 27.8425 31.1448 36.9141 42.6692 53.2392 54.596 48.7775 46.3831 40.5941 38.2211 32.456 30.0881 24.3274 21.9551 16.1824 13.8087 8.03905 5.72994 5.76603 5.77 5.77
36.0065 38.3949 40.7836 44.1629 46.5505 48.9383 54.7141 57.1049 62.8777 65.2671 71.0399 73.4301 79.2015 81.59 87.3617 93.1332 98.9041 104.675 110.445 116.215 121.984 137.895 138.869 133.097 127.324 121.553 115.781 110.009 104.237 98.4654 92.6939 86.9225 81.1511 75.3797 69.6083 63.8368 58.0646 52.2894 46.5083 40.7253 38.3504 35.9755 33.5993 31.2176 28.8296 28.8342 31.2298 30.2473 27.8568 27.8591 27.86 27.86 27.86 27.86 27.86 27.86 27.86 27.86 27.86 27.86 27.86 27.8401 33.5534 39.3145 45.0782 53.3015 48.8106 46.3946 40.5888 38.2031 32.4115 30.0442 24.2762 21.9132 16.1503 13.7871 8.02942 5.72942 5.76608 5.77 5.77 5.77
30.2351 32.6233 36.0023 38.3895 40.7771 46.5533 48.944 54.7172 57.1062 62.8793 65.2696 71.0411 73.4296 79.2014 84.9732 90.7441 96.5146 102.285 108.055 113.826 119.595 132.125 136.48 130.708 124.936 119.163 113.391 107.62 101.847 96.0754 90.3037 84.532 78.7605 72.9889 67.2174 61.4459 55.6742 49.9018 44.126 38.3436 32.5593 30.1861 27.8183 25.4424 23.056 23.0604 25.4567 27.8477 22.0763 27.8564 27.86 27.86 27.86 27.86 27.86 27.86 27.86 27.86 27.86 27.86 27.86 27.8388 33.5831 39.3579 45.1346 48.8488 46.421 40.615 38.2125 32.4026 30.0237 24.229 21.8669 16.0958 13.746 7.99919 5.72322 5.76575 5.77 5.77 5.77 5.77
24.4633 27.8418 30.2286 32.6159 38.3925 40.7831 46.5568 48.9456 54.7188 57.109 62.8808 65.2691 71.0411 76.8131 82.5841 88.3546 94.125 99.8953 105.666 111.436 117.205 126.355 134.09 128.319 122.547 116.775 111.002 105.23 99.4583 93.6859 87.9138 82.1419 76.37 70.5983 64.8266 59.0549 53.2832 47.5114 41.7386 35.9621 30.1784 24.3926 22.03 19.666 17.2881 17.2936 19.6836 22.0685 24.4672 27.8556 27.8585 27.86 27.86 27.86 27.86 27.86 27.86 27.8565 27.8469 27.8366 27.8354 27.8132 33.5511 39.3295 45.1143 46.4573 40.6513 38.2379 32.4285 30.0315 24.2173 21.8444 16.0462 13.7014 7.95209 5.7105 5.76483 5.77 5.77 5.77 5.77 5.77
19.682 22.0677 24.4546 30.2317 32.6222 38.3962 40.785 46.5583 48.9483 54.7204 57.1087 62.8809 68.653 74.4241 80.1946 85.965 91.7353 97.5056 103.276 109.046 114.816 120.586 131.702 125.931 120.16 114.388 108.616 102.843 97.0712 91.299 85.5264 79.7541 73.9819 68.2098 62.4378 56.6658 50.8939 45.1218 39.3496 33.5776 27.8004 22.0192 16.2614 16.298 16.3066 16.3073 16.3038 16.3004 22.0655 24.4511 27.8514 27.8586 27.8595 27.8593 27.8539 27.8528 27.8506 27.825 29.9609 33.7589 29.924 33.7377 35.9443 41.7316 46.4778 40.6801 38.2669 32.4656 30.057 24.2422 21.8505 16.0321 13.678 7.90993 5.69616 5.76341 5.77 5.77 5.77 5.77 5.77 5.76886
13.9075 16.2934 22.0708 24.4614 30.2357 32.6245 38.3979 40.7877 46.5599 48.9482 54.7206 60.4929 66.2642 72.0347 77.805 83.5753 89.3456 95.1158 100.886 106.656 112.426 118.196 129.312 123.541 117.771 111.999 106.227 100.455 94.6822 88.9098 83.1371 77.3641 71.5912 65.8185 60.0458 54.2731 48.5003 42.7276 36.9547 31.1817 25.41 19.6441 16.2923 16.3105 16.3105 16.3105 16.3105 16.3076 16.2919 22.053 27.8329 28.2373 27.8469 28.23 27.8373 30.2064 27.812 33.5049 35.7311 38.0902 41.8948 38.1094 41.7281 44.1363 40.6985 38.2872 32.493 30.0869 24.2797 21.8756 16.0556 13.6824 7.89599 5.6877 5.76217 5.77 5.77 5.77 5.77 5.77 5.7687 5.76191
8.13684 13.9106 16.3005 22.0751 24.464 30.2375 32.627 38.3995 40.7878 46.5603 52.3328 58.1042 63.8748 69.6451 75.4154 81.1856 86.9558 92.726 98.4962 104.266 110.037 115.806 126.922 121.152 115.381 109.61 103.839 98.0667 92.2941 86.521 80.7481 74.9749 69.2012 63.4276 57.654 51.8804 46.1067 40.333 34.5591 28.7852 23.011 17.2598 16.3023 16.3105 16.3105 16.3105 16.3105 16.3105 16.2993 22.0462 27.823 30.224 32.615 32.6212 36.3831 32.577 38.3532 35.9032 41.5143 43.9097 46.283 46.9091 46.3135 40.6938 38.2944 32.5082 30.1083 24.309 21.9063 16.093 13.7043 7.91246 5.68896 5.76177 5.77 5.77 5.77 5.77 5.77 5.76853 5.76096 8.14125
5.76201 8.14312 13.915 16.3034 22.077 24.4664 30.239 32.6273 38.4 44.1727 49.9442 55.7148 61.4852 67.2554 73.0256 78.7958 84.566 90.3362 96.1064 101.877 107.647 113.416 126.924 121.154 115.383 109.613 103.842 98.0709 92.2994 86.5273 80.7544 74.9818 69.2089 63.4355 57.6621 51.8886 46.1151 40.3414 34.5678 28.794 23.0201 17.2719 16.3058 16.3105 16.3105 16.3105 16.3105 16.3105 16.305 22.055 22.0562 24.4424 30.2187 35.9922 40.7564 44.5504 40.7559 44.1136 44.0845 49.6985 48.8647 46.4606 40.676 38.2831 32.5016 30.1131 24.3244 21.9285 16.1235 13.7323 7.94166 5.69727 5.76225 5.77 5.77 5.77 5.77 5.77 5.76841 5.76016 8.14187 13.9011
5.76936 5.76385 8.1459 13.9172 16.3058 22.0785 24.4668 30.2397 36.0126 41.7842 47.5549 53.3252 59.0955 64.8657 70.6359 76.406 82.1762 87.9464 93.7165 99.4867 105.257 111.027 116.797 121.156 115.385 109.615 103.844 98.0734 92.3026 86.5314 80.7595 74.9868 69.2146 63.442 57.6688 51.8957 46.1224 40.3491 34.5756 28.802 23.0283 17.2769 16.3064 16.3105 16.3105 16.3105 16.3105 16.3105 16.3082 16.3037 16.2935 22.0514 27.8261 33.5999 39.3738 45.1259 42.7328 40.3303 42.7048 45.0949 46.456 40.665 38.2735 32.4893 30.1033 24.3176 21.9332 16.1392 13.753 7.96672 5.70684 5.76312 5.77 5.77 5.77 5.77 5.77 5.76828 5.75943 8.1409 13.9028 8.12004
5.77 5.76947 5.76481 8.14786 13.9185 16.3063 22.0794 27.8525 33.6242 39.3949 45.1652 50.9355 56.7057 62.4759 68.246 74.0162 79.7864 85.5565 91.3266 97.0968 102.867 108.637 114.407 121.156 115.386 109.615 103.845 98.0742 92.3036 86.5328 80.7618 74.99 69.2173 63.4452 57.6727 51.8995 46.1265 40.3532 34.5798 28.8062 23.0325 17.2793 16.3067 16.3105 16.3105 16.3105 16.3105 16.3105 16.3105 16.3105 16.3034 19.6782 25.4497 31.2219 36.9953 39.3515 36.9464 34.5352 36.9091 39.3102 40.6849 38.2764 32.4825 30.0951 24.305 21.9234 16.1325 13.7585 7.97971 5.71346 5.76392 5.77 5.77 5.77 5.77 5.77 5.76818 5.75871 8.13942 13.9008 8.11998 5.75613
5.77 5.77 5.76954 5.76527 8.14815 13.9194 19.6926 25.4644 31.2351 37.0055 42.7757 48.5459 54.3161 60.0863 65.8565 71.6266 77.3968 83.1669 88.937 94.7071 100.477 106.247 112.018 121.156 115.385 109.615 103.844 98.0739 92.3033 86.5326 80.7617 74.9905 69.2187 63.446 57.6737 51.901 46.1274 40.354 34.5803 28.8065 23.0325 17.2791 16.3068 16.3105 16.3105 16.3105 16.3105 16.3105 16.3105 16.3105 16.3077 17.2932 23.0594 28.8339 34.6066 33.5769 31.1677 28.745 31.1297 33.5316 35.9434 32.511 30.1001 24.2996 21.9161 16.1202 13.7507 7.97587 5.71498 5.76439 5.77 5.77 5.77 5.77 5.77 5.76811 5.75821 8.13825 13.8991 8.11695 5.75538 5.76857
5.77 5.77 5.77 5.76955 5.76421 11.5332 17.305 23.0757 28.846 34.6163 40.3865 46.1567 51.9269 57.6971 63.4673 69.2374 75.0076 80.7777 86.5478 92.3179 98.0879 103.858 114.408 116.794 114.404 109.614 103.844 98.073 92.3023 86.5315 80.7607 74.9896 69.2183 63.4463 57.6731 51.9003 46.1271 40.3531 34.5791 28.805 23.0309 17.2741 16.3042 16.3105 16.3105 16.3105 16.3105 16.3105 16.3105 16.3105 16.3082 17.2947 23.0649 28.8397 30.2188 27.8014 25.3849 22.9585 25.3507 27.7564 30.1689 30.135 24.3291 21.9218 16.1164 13.7455 7.96719 5.71267 5.76437 5.77 5.77 5.77 5.77 5.77 5.76811 5.75801 8.13757 13.8982 8.11456 5.75444 5.76847 5.77
5.77 5.77 5.77 5.77 5.76805 11.5364 17.3068 23.0771 28.8473 34.6175 40.3876 46.1578 51.928 57.6981 63.4682 69.2384 75.0085 80.7786 86.5486 92.3187 98.0887 106.248 113.414 111.024 108.634 106.244 103.854 100.464 94.6931 88.9224 83.1517 77.381 71.6102 65.839 60.0671 54.2941 48.5219 42.7495 36.9763 31.2034 25.4332 19.6681 16.2965 16.3105 16.3105 16.3105 16.3105 16.3105 16.3105 16.3105 16.3063 19.6846 25.457 30.2278 24.4479 22.0397 19.6028 17.1732 19.5716 21.9844 24.4082 24.3945 21.9561 16.1464 13.7523 7.96637 5.71083 5.76416 5.77 5.77 5.77 5.77 5.77 5.76815 5.75814 8.13752 13.8982 8.11323 5.7538 5.76839 5.77 5.77
5.77 5.77 5.77 5.77 5.76882 11.5373 17.3075 23.0776 28.8477 34.6179 40.388 46.1581 51.9283 57.6984 63.4685 69.2386 75.0087 80.7787 86.5488 92.3189 98.0888 108.639 107.644 105.254 102.863 100.473 98.0835 100.474 97.0839 91.3133 85.5428 79.7724 74.0018 68.2312 62.4603 56.6887 50.9162 45.1452 39.3738 33.6036 27.8338 22.0663 16.3065 16.3105 16.3105 16.3105 16.3105 16.3102 16.3089 16.3057 16.3018 22.0723 27.8466 27.8349 22.0546 16.2656 13.8416 11.3969 13.7995 16.2143 22.0353 22.0122 16.2088 13.7853 7.99172 5.71461 5.76418 5.77 5.77 5.77 5.77 5.77 5.76819 5.75831 8.13806 13.8982 8.11319 5.75356 5.76835 5.77 5.77 5.77
5.77 5.77 5.77 5.77 5.76905 11.5376 17.3078 23.0779 28.848 34.6181 40.3882 46.1583 51.9284 57.6985 63.4686 69.2387 75.0087 80.7788 86.5489 92.3189 100.479 104.264 101.874 99.4835 97.0933 94.703 92.3128 94.7036 94.6948 88.9239 83.1532 77.3825 71.6117 65.8408 60.0697 54.2982 48.5256 42.7522 36.98 31.2073 25.4348 19.6686 16.2993 16.3105 16.3105 16.3105 16.3105 16.3101 17.3076 22.0742 22.4619 24.4632 30.238 25.4393 19.6611 13.883 8.10169 8.11388 8.08341 13.8562 19.6584 16.2549 13.8329 8.04241 5.7265 5.76494 5.77 5.77 5.77 5.77 5.77 5.7683 5.75831 8.13762 13.8959 8.11431 5.75377 5.76835 5.77 5.77 5.77 5.77
5.77 5.77 5.77 5.77 5.76915 11.5378 17.3079 23.078 28.8481 34.6182 40.3883 46.1584 51.9285 57.6986 63.4687 69.2387 75.0088 80.7789 86.5489 92.3189 100.884 98.4941 96.1037 93.7134 91.3231 88.9326 86.5421 88.9329 91.3238 86.5342 80.7632 74.9921 69.221 63.4496 57.6781 51.9062 46.1337 40.3601 34.5854 28.8113 23.0364 17.2749 16.3046 16.3105 16.3105 16.3105 16.3105 16.3102 16.3062 16.3085 22.0753 24.4614 28.8323 23.0556 17.2794 11.5051 8.14349 8.16001 8.14257 11.5055 16.2841 13.8692 8.08289 5.74108 5.76631 5.77 5.77 5.77 5.77 5.77 5.76845 5.75921 8.1343 13.8933 8.10902 5.75341 5.76842 5.77 5.77 5.77 5.77 5.77
5.77 5.77 5.77 5.77 5.76921 11.538 17.308 23.0781 28.8482 34.6183 40.3884 46.1584 51.9285 57.6986 63.4687 69.2388 75.0089 80.779 86.549 94.7092 95.1143 92.7239 90.3336 87.9433 85.5529 83.1622 80.7715 83.1623 85.5534 86.5348 80.7639 74.9925 69.2213 63.4498 57.6781 51.9061 46.1339 40.361 34.5871 28.8117 23.0364 17.2755 16.3047 16.3105 16.3105 16.3105 16.3105 16.3105 16.3105 16.3056 16.3017 22.07 24.4688 23.0642 17.2876 11.5139 8.15011 8.15539 8.14925 11.5282 13.8945 8.1095 5.75163 5.76731 5.77 5.77 5.77 5.77 5.77 5.76854 5.75981 8.1365 13.9134 11.5114 5.74855 5.76623 5.76961 5.77 5.77 5.77 5.77 5.77
5.77 5.77 5.77 5.77 5.76924 11.538 17.3081 23.0782 28.8482 34.6183 40.3884 46.1585 51.9286 57.6986 63.4687 69.2388 75.009 80.779 86.5491 91.7344 89.344 86.9537 84.5635 82.1731 79.7827 77.3918 75.0009 77.3918 79.7828 82.1737 83.1549 77.3838 71.6124 65.8411 60.0697 54.2981 48.5262 42.7541 36.9815 31.2079 25.4343 19.6656 16.2992 16.3105 16.3105 16.3105 16.3105 16.3105 16.3105 16.3105 16.3051 16.3028 22.0775 25.4565 19.6803 13.904 8.14009 13.9133 8.14437 13.9066 8.12565 5.75772 5.76788 5.77 5.77 5.77 5.77 5.77 5.76866 5.7608 8.1411 13.8984 11.5107 11.5166 8.14769 8.159 5.76941 5.77 5.77 5.77 5.77 5.77
5.77 5.77 5.77 5.77 5.76926 11.5381 17.3082 23.0782 28.8483 34.6184 40.3884 46.1585 51.9286 57.6987 63.4688 69.239 75.009 80.7791 88.3544 85.9642 83.5738 81.1836 78.7933 76.403 74.0125 71.6214 69.2302 71.6212 74.0122 76.4028 78.7936 79.7749 74.0036 68.2321 62.4608 56.6893 50.9177 45.1459 39.3739 33.6027 27.8286 22.0535 16.2882 16.3051 16.3096 16.3105 16.3105 16.3105 16.3105 16.3105 16.3105 16.3035 19.688 25.4626 22.0716 16.2967 17.5052 15.7366 13.904 8.11808 5.75686 5.76815 5.77 5.77 5.77 5.77 5.77 5.76864 5.76119 8.14079 13.8987 8.11597 5.74927 5.76028 5.7652 5.76813 5.76942 5.77 5.77 5.77 5.77 5.77
5.77 5.77 5.77 5.77 5.76928 11.5381 17.3082 23.0783 28.8483 34.6184 40.3885 46.1585 51.9286 57.6988 63.4689 69.239 75.0091 80.7792 82.5843 80.1939 77.8036 75.4134 73.0231 70.6328 68.2422 65.8509 63.4595 65.8506 68.2417 70.6321 73.0225 75.4136 76.3948 70.6232 64.8515 59.0801 53.3085 47.5368 41.7662 35.9936 30.2196 24.4455 22.0616 17.2907 16.3069 16.3105 16.3105 16.3105 16.3105 16.3105 16.3105 16.3068 17.2967 23.0709 24.314 22.0625 16.2916 13.8987 8.12789 5.75746 5.76793 5.77 5.77 5.77 5.77 5.77 5.76868 5.76125 8.14278 13.9021 11.5136 5.75416 5.76849 5.77 5.77 5.77 5.77 5.77 5.77 5.77 5.77 5.77
5.77 5.77 5.77 5.77 5.7693 11.5382 17.3082 23.0783 28.8483 34.6184 40.3885 46.1586 51.9287 57.6989 63.469 69.2391 75.0092 79.2056 76.814 74.4237 72.0335 69.6433 67.253 64.8626 62.4719 60.0804 57.6888 60.08 62.471 64.8614 67.2518 69.6425 72.0335 73.0146 67.2428 61.4708 55.6993 49.929 44.157 38.3842 32.6118 30.2255 25.4437 19.6697 16.3009 16.3105 16.3105 16.3105 16.3105 16.3105 16.3105 16.307 19.6913 22.4461 22.0622 16.2847 13.8933 8.12149 5.75998 5.76837 5.77 5.77 5.77 5.77 5.77 5.76868 5.76145 8.14116 13.9021 8.12117 5.75538 5.76799 5.77 5.77 5.77 5.77 5.77 5.77 5.77 5.77 5.77 5.77
5.77 5.77 5.77 5.77 5.76931 11.5382 17.3082 23.0783 28.8484 34.6184 40.3885 46.1587 51.9289 57.6989 63.469 69.2391 75.0093 73.4363 71.045 68.6535 66.2633 63.8731 61.4828 59.0924 56.7016 54.3098 51.9179 54.3092 56.7003 59.0906 61.4813 63.8717 66.2625 68.6532 69.6344 63.8624 58.0917 52.32 46.5481 40.7767 38.3889 33.6061 27.8309 22.0555 16.29 16.305 16.3105 16.3105 16.3105 16.3105 16.3105 16.3063 17.3033 22.0673 16.2888 13.8932 8.1194 5.75874 5.76844 5.77 5.77 5.77 5.77 5.77 5.76875 5.76178 8.14381 13.9041 11.5141 5.75544 5.76865 5.77 5.77 5.77 5.77 5.77 5.77 5.77 5.77 5.77 5.77 5.77
5.77 5.77 5.77 5.77 5.76934 11.5382 17.3083 23.0784 28.8484 34.6185 40.3886 46.1588 51.9289 57.699 63.4691 69.2392 73.4378 71.0462 65.2755 62.8844 60.493 58.1029 55.7126 53.3222 50.9313 48.5393 46.1469 48.5382 50.9293 53.3202 55.7105 58.1013 60.4918 62.8828 65.2742 66.2556 60.4835 54.7118 48.9412 46.552 41.7689 35.9951 30.2207 24.4475 22.0573 16.2919 16.3047 16.3105 16.3105 16.3105 16.3105 16.3043 19.6973 16.2954 13.8977 8.12316 5.75894 5.76854 5.77 5.77 5.77 5.77 5.77 5.76883 5.76226 8.1451 13.9059 8.12424 5.75622 5.76803 5.77 5.77 5.77 5.77 5.77 5.77 5.77 5.77 5.77 5.77 5.77 5.77
5.77 5.77 5.77 5.77 5.76939 11.5383 17.3084 23.0784 28.8485 34.6186 40.3888 46.1588 51.9289 57.699 63.4691 69.2393 71.0478 65.2773 62.8858 57.1149 54.7239 52.3326 49.9424 47.552 45.161 42.7686 40.3758 42.7671 45.1586 47.5493 49.9402 52.331 54.7218 57.112 62.8837 63.867 61.4764 57.1057 54.716 49.9329 44.1596 38.3858 32.6138 30.2219 24.4497 22.0531 16.2866 16.2932 16.2957 16.2966 16.305 16.3175 16.2827 13.8915 8.12665 5.76004 5.76862 5.77 5.77 5.77 5.77 5.7686 5.76726 5.76129 8.14584 13.9089 8.12888 5.75817 5.76876 5.77 5.77 5.77 5.77 5.77 5.77 5.77 5.77 5.77 5.77 5.77 5.77 5.77
