tests/full-run-ref/erosion_78_15_62.100.asc
ncols 512
nrows 512
xllcorner -3.24582
yllcorner -4.08743
cellsize 5
NODATA_value -99999
[rows 468 to 503 of 512, columns 81 to 161 of 512]
357.961 358.366 358.724 359.027 359.29 359.51 359.685 359.811 359.89 359.928 359.931 359.903 359.84 359.737 359.589 359.398 359.166 358.887 358.556 358.161 357.707 357.217 356.714 356.183 355.614 355.056 354.557 354.116 353.709 353.366 353.116 352.976 352.929 352.956 353.036 353.186 353.412 353.67 353.916 354.153 354.401 354.632 354.814 354.941 355.029 355.074 355.074 355.022 354.92 354.78 354.615 354.419 354.187 353.936 353.68 353.417 353.138 352.861 352.602 352.358 352.121 351.907 351.729 351.588 351.478 351.403 351.369 351.383 351.439 351.53 351.648 351.794 351.972 352.173 352.389 352.618 352.864 353.126 353.399 353.685 353.984
358.265 358.693 359.071 359.394 359.675 359.911 360.097 360.231 360.315 360.355 360.356 360.323 360.251 360.138 359.98 359.776 359.53 359.238 358.895 358.491 358.029 357.532 357.027 356.497 355.933 355.381 354.89 354.46 354.067 353.738 353.5 353.371 353.333 353.367 353.45 353.597 353.816 354.066 354.302 354.526 354.759 354.975 355.145 355.263 355.344 355.386 355.386 355.339 355.247 355.12 354.968 354.788 354.575 354.343 354.103 353.854 353.588 353.321 353.068 352.827 352.59 352.372 352.189 352.042 351.922 351.838 351.795 351.8 351.848 351.931 352.042 352.183 352.358 352.557 352.77 352.997 353.243 353.503 353.773 354.054 354.348
358.565 359.015 359.414 359.755 360.054 360.305 360.504 360.646 360.735 360.776 360.777 360.74 360.661 360.539 360.371 360.157 359.9 359.596 359.245 358.834 358.366 357.867 357.361 356.835 356.278 355.736 355.255 354.837 354.458 354.142 353.916 353.795 353.764 353.802 353.885 354.027 354.237 354.475 354.698 354.908 355.125 355.324 355.481 355.59 355.664 355.702 355.703 355.661 355.579 355.465 355.328 355.164 354.97 354.757 354.535 354.301 354.049 353.794 353.549 353.313 353.077 352.859 352.673 352.52 352.393 352.299 352.248 352.244 352.283 352.358 352.462 352.597 352.767 352.961 353.17 353.394 353.636 353.893 354.159 354.434 354.721
358.863 359.335 359.753 360.112 360.428 360.694 360.905 361.055 361.149 361.192 361.193 361.153 361.067 360.937 360.761 360.54 360.273 359.96 359.603 359.188 358.718 358.219 357.717 357.197 356.649 356.118 355.649 355.243 354.878 354.575 354.359 354.244 354.218 354.257 354.339 354.474 354.672 354.896 355.105 355.299 355.499 355.681 355.825 355.924 355.991 356.024 356.025 355.989 355.916 355.815 355.692 355.544 355.37 355.177 354.973 354.755 354.518 354.277 354.044 353.814 353.583 353.366 353.18 353.024 352.892 352.791 352.732 352.721 352.751 352.817 352.912 353.04 353.204 353.392 353.595 353.812 354.048 354.299 354.558 354.824 355.102
359.158 359.65 360.087 360.462 360.795 361.076 361.298 361.457 361.556 361.603 361.604 361.561 361.471 361.334 361.152 360.924 360.65 360.332 359.971 359.556 359.088 358.593 358.096 357.586 357.051 356.533 356.077 355.684 355.333 355.043 354.835 354.726 354.702 354.74 354.816 354.941 355.126 355.333 355.525 355.702 355.883 356.047 356.176 356.265 356.324 356.353 356.353 356.322 356.259 356.17 356.061 355.931 355.776 355.604 355.419 355.219 355 354.775 354.554 354.335 354.111 353.898 353.714 353.559 353.423 353.317 353.252 353.234 353.255 353.311 353.397 353.517 353.671 353.85 354.044 354.252 354.48 354.721 354.97 355.226 355.491
359.449 359.961 360.415 360.807 361.156 361.452 361.686 361.853 361.957 362.007 362.01 361.966 361.872 361.73 361.544 361.312 361.033 360.711 360.349 359.937 359.474 358.985 358.498 358 357.48 356.978 356.537 356.158 355.821 355.543 355.343 355.237 355.212 355.246 355.315 355.428 355.595 355.783 355.957 356.115 356.275 356.42 356.534 356.612 356.663 356.687 356.687 356.66 356.607 356.531 356.436 356.323 356.189 356.037 355.873 355.692 355.492 355.285 355.08 354.872 354.658 354.453 354.274 354.12 353.982 353.873 353.803 353.778 353.79 353.836 353.912 354.021 354.165 354.333 354.516 354.712 354.928 355.158 355.395 355.637 355.89
359.74 360.27 360.742 361.15 361.515 361.824 362.07 362.245 362.355 362.409 362.413 362.368 362.27 362.124 361.934 361.699 361.418 361.094 360.733 360.326 359.87 359.391 358.915 358.431 357.929 357.445 357.019 356.654 356.331 356.064 355.871 355.766 355.74 355.768 355.827 355.926 356.074 356.242 356.396 356.534 356.673 356.799 356.898 356.964 357.007 357.027 357.026 357.004 356.959 356.895 356.815 356.719 356.604 356.475 356.331 356.17 355.991 355.803 355.615 355.421 355.219 355.023 354.85 354.699 354.563 354.451 354.378 354.346 354.35 354.386 354.451 354.549 354.68 354.836 355.006 355.189 355.392 355.608 355.83 356.058 356.295
360.032 360.581 361.07 361.495 361.874 362.198 362.454 362.637 362.752 362.808 362.814 362.768 362.667 362.516 362.323 362.086 361.802 361.478 361.12 360.718 360.272 359.804 359.342 358.873 358.389 357.923 357.514 357.163 356.853 356.597 356.409 356.305 356.274 356.294 356.342 356.426 356.556 356.702 356.835 356.954 357.073 357.18 357.264 357.319 357.354 357.37 357.369 357.35 357.314 357.262 357.196 357.116 357.021 356.912 356.789 356.648 356.491 356.323 356.152 355.974 355.785 355.601 355.437 355.291 355.157 355.045 354.969 354.932 354.928 354.954 355.008 355.095 355.213 355.355 355.511 355.68 355.867 356.067 356.274 356.487 356.708
360.328 360.895 361.402 361.842 362.236 362.573 362.84 363.03 363.15 363.209 363.215 363.168 363.062 362.907 362.711 362.473 362.188 361.865 361.511 361.118 360.683 360.23 359.782 359.331 358.866 358.42 358.028 357.691 357.393 357.147 356.964 356.858 356.822 356.832 356.868 356.935 357.044 357.168 357.281 357.38 357.478 357.567 357.635 357.68 357.707 357.718 357.716 357.702 357.673 357.632 357.579 357.515 357.439 357.351 357.248 357.128 356.992 356.846 356.695 356.535 356.362 356.192 356.039 355.901 355.771 355.662 355.584 355.543 355.532 355.548 355.592 355.666 355.77 355.896 356.036 356.189 356.359 356.541 356.73 356.925 357.129
360.625 361.211 361.734 362.189 362.598 362.948 363.225 363.422 363.546 363.607 363.614 363.565 363.456 363.297 363.099 362.861 362.576 362.256 361.908 361.525 361.104 360.666 360.235 359.803 359.36 358.936 358.561 358.238 357.953 357.715 357.536 357.428 357.383 357.382 357.403 357.453 357.54 357.641 357.732 357.81 357.888 357.958 358.011 358.045 358.064 358.071 358.068 358.057 358.036 358.005 357.964 357.916 357.859 357.791 357.709 357.611 357.498 357.374 357.244 357.103 356.949 356.795 356.655 356.527 356.404 356.299 356.222 356.177 356.159 356.166 356.198 356.259 356.348 356.457 356.579 356.714 356.864 357.027 357.197 357.373 357.558
360.919 361.523 362.063 362.533 362.957 363.319 363.606 363.809 363.937 364 364.007 363.957 363.845 363.682 363.483 363.245 362.962 362.645 362.304 361.933 361.527 361.107 360.695 360.283 359.862 359.46 359.102 358.794 358.52 358.29 358.113 358.001 357.947 357.933 357.939 357.97 358.034 358.112 358.181 358.239 358.297 358.349 358.388 358.412 358.424 358.426 358.424 358.416 358.402 358.381 358.353 358.32 358.281 358.233 358.172 358.096 358.006 357.906 357.798 357.676 357.542 357.405 357.279 357.162 357.047 356.946 356.87 356.823 356.798 356.796 356.817 356.864 356.937 357.029 357.132 357.248 357.378 357.52 357.67 357.826 357.991
361.206 361.828 362.385 362.871 363.308 363.682 363.979 364.188 364.319 364.383 364.392 364.34 364.224 364.059 363.858 363.621 363.341 363.029 362.696 362.338 361.948 361.547 361.154 360.762 360.364 359.983 359.643 359.348 359.084 358.861 358.686 358.569 358.505 358.476 358.466 358.478 358.52 358.574 358.622 358.661 358.7 358.735 358.762 358.777 358.783 358.783 358.781 358.778 358.771 358.761 358.746 358.729 358.708 358.68 358.639 358.584 358.517 358.44 358.352 358.251 358.135 358.016 357.904 357.797 357.689 357.593 357.519 357.469 357.438 357.427 357.437 357.47 357.527 357.601 357.687 357.783 357.893 358.015 358.145 358.282 358.428
361.492 362.133 362.707 363.208 363.659 364.045 364.35 364.565 364.699 364.764 364.773 364.72 364.6 364.431 364.229 363.994 363.717 363.41 363.087 362.742 362.37 361.989 361.616 361.245 360.87 360.51 360.188 359.905 359.651 359.433 359.258 359.135 359.059 359.015 358.988 358.98 359 359.03 359.057 359.078 359.099 359.119 359.134 359.141 359.142 359.141 359.141 359.143 359.145 359.146 359.144 359.141 359.139 359.13 359.11 359.075 359.031 358.976 358.909 358.828 358.731 358.63 358.532 358.436 358.337 358.246 358.174 358.122 358.085 358.065 358.064 358.084 358.125 358.181 358.247 358.325 358.415 358.515 358.625 358.743 358.869
361.775 362.435 363.025 363.542 364.006 364.404 364.718 364.938 365.074 365.14 365.148 365.093 364.97 364.797 364.595 364.362 364.089 363.79 363.476 363.147 362.794 362.434 362.081 361.732 361.38 361.042 360.737 360.467 360.221 360.007 359.831 359.701 359.612 359.551 359.506 359.478 359.475 359.482 359.488 359.491 359.496 359.501 359.505 359.505 359.503 359.502 359.504 359.511 359.522 359.534 359.545 359.558 359.573 359.584 359.583 359.57 359.547 359.515 359.47 359.408 359.332 359.248 359.165 359.081 358.991 358.906 358.836 358.782 358.74 358.711 358.699 358.706 358.729 358.767 358.815 358.872 358.941 359.021 359.11 359.209 359.316
362.045 362.724 363.331 363.862 364.339 364.748 365.07 365.296 365.434 365.5 365.508 365.452 365.326 365.151 364.949 364.72 364.452 364.161 363.859 363.545 363.213 362.875 362.544 362.217 361.888 361.572 361.284 361.025 360.788 360.577 360.4 360.261 360.158 360.08 360.016 359.968 359.942 359.926 359.912 359.897 359.886 359.879 359.873 359.867 359.863 359.863 359.868 359.882 359.902 359.926 359.95 359.978 360.011 360.041 360.06 360.067 360.067 360.056 360.031 359.989 359.932 359.866 359.798 359.724 359.643 359.564 359.496 359.441 359.393 359.356 359.333 359.326 359.333 359.352 359.381 359.419 359.467 359.526 359.595 359.674 359.762
362.294 362.991 363.614 364.158 364.648 365.067 365.398 365.628 365.769 365.836 365.844 365.788 365.66 365.484 365.284 365.06 364.8 364.518 364.229 363.932 363.621 363.306 362.997 362.693 362.388 362.093 361.822 361.574 361.344 361.137 360.957 360.81 360.692 360.596 360.514 360.446 360.397 360.359 360.326 360.294 360.268 360.249 360.234 360.225 360.22 360.221 360.232 360.253 360.284 360.32 360.359 360.403 360.454 360.503 360.541 360.568 360.589 360.598 360.593 360.57 360.53 360.48 360.425 360.361 360.288 360.213 360.147 360.089 360.035 359.99 359.956 359.936 359.927 359.928 359.939 359.958 359.986 360.025 360.075 360.135 360.205
362.527 363.241 363.879 364.436 364.938 365.367 365.706 365.941 366.084 366.152 366.162 366.106 365.977 365.802 365.605 365.387 365.135 364.865 364.59 364.312 364.023 363.732 363.446 363.164 362.883 362.61 362.355 362.118 361.894 361.689 361.506 361.349 361.217 361.102 361.001 360.913 360.841 360.781 360.728 360.681 360.642 360.611 360.59 360.577 360.573 360.579 360.596 360.626 360.669 360.72 360.775 360.835 360.904 360.972 361.03 361.077 361.117 361.147 361.16 361.154 361.131 361.095 361.052 360.997 360.93 360.859 360.793 360.732 360.672 360.618 360.574 360.54 360.515 360.499 360.492 360.493 360.502 360.521 360.551 360.594 360.646
362.744 363.474 364.127 364.697 365.21 365.649 365.995 366.235 366.38 366.45 366.461 366.406 366.278 366.103 365.911 365.701 365.459 365.201 364.942 364.684 364.419 364.152 363.89 363.631 363.373 363.122 362.883 362.656 362.438 362.234 362.047 361.881 361.732 361.598 361.477 361.369 361.275 361.193 361.122 361.06 361.008 360.967 360.94 360.926 360.924 360.935 360.96 361.001 361.057 361.124 361.194 361.272 361.36 361.447 361.524 361.59 361.65 361.699 361.729 361.739 361.731 361.709 361.677 361.63 361.569 361.5 361.435 361.371 361.305 361.242 361.186 361.14 361.099 361.066 361.041 361.024 361.013 361.013 361.026 361.051 361.086
362.939 363.685 364.351 364.933 365.456 365.904 366.257 366.502 366.651 366.722 366.735 366.683 366.556 366.384 366.197 365.996 365.766 365.522 365.28 365.042 364.801 364.559 364.321 364.086 363.852 363.622 363.4 363.183 362.971 362.767 362.577 362.401 362.236 362.083 361.943 361.816 361.7 361.597 361.508 361.432 361.368 361.319 361.286 361.271 361.273 361.29 361.323 361.375 361.446 361.528 361.615 361.71 361.816 361.922 362.017 362.101 362.18 362.246 362.294 362.318 362.324 362.315 362.292 362.253 362.196 362.13 362.064 361.997 361.925 361.853 361.787 361.728 361.672 361.622 361.581 361.546 361.518 361.499 361.494 361.502 361.521
363.106 363.865 364.543 365.136 365.669 366.125 366.485 366.736 366.887 366.961 366.978 366.929 366.805 366.638 366.458 366.267 366.05 365.821 365.597 365.381 365.164 364.948 364.734 364.522 364.312 364.104 363.897 363.691 363.485 363.284 363.091 362.906 362.727 362.557 362.399 362.253 362.117 361.994 361.888 361.798 361.723 361.666 361.629 361.613 361.618 361.642 361.684 361.747 361.831 361.928 362.031 362.143 362.267 362.391 362.504 362.605 362.701 362.783 362.845 362.884 362.902 362.904 362.889 362.856 362.804 362.74 362.673 362.603 362.525 362.446 362.37 362.299 362.229 362.164 362.106 362.056 362.01 361.974 361.952 361.944 361.947
363.245 364.015 364.704 365.305 365.847 366.311 366.679 366.934 367.09 367.168 367.189 367.145 367.026 366.865 366.694 366.516 366.313 366.101 365.896 365.702 365.511 365.321 365.132 364.944 364.758 364.571 364.382 364.187 363.988 363.788 363.593 363.4 363.207 363.02 362.846 362.682 362.525 362.383 362.261 362.158 362.073 362.008 361.967 361.952 361.961 361.992 362.043 362.118 362.216 362.329 362.448 362.577 362.718 362.86 362.99 363.108 363.219 363.317 363.393 363.443 363.473 363.483 363.476 363.448 363.399 363.337 363.269 363.195 363.111 363.024 362.939 362.856 362.773 362.694 362.621 362.555 362.493 362.44 362.402 362.378 362.365
363.359 364.138 364.836 365.446 365.996 366.467 366.841 367.103 367.263 367.345 367.372 367.334 367.221 367.068 366.908 366.743 366.556 366.363 366.178 366.007 365.842 365.679 365.516 365.352 365.19 365.025 364.852 364.668 364.476 364.28 364.082 363.882 363.676 363.473 363.282 363.101 362.926 362.765 362.627 362.512 362.417 362.345 362.301 362.287 362.301 362.34 362.401 362.487 362.601 362.73 362.866 363.01 363.169 363.329 363.475 363.607 363.734 363.846 363.934 363.995 364.034 364.052 364.051 364.027 363.98 363.918 363.849 363.772 363.682 363.587 363.493 363.4 363.305 363.211 363.125 363.044 362.966 362.897 362.844 362.804 362.777
363.449 364.236 364.941 365.558 366.115 366.594 366.974 367.241 367.407 367.494 367.528 367.497 367.392 367.247 367.099 366.948 366.778 366.604 366.439 366.292 366.153 366.016 365.877 365.738 365.6 365.456 365.3 365.128 364.944 364.751 364.553 364.346 364.129 363.912 363.707 363.51 363.317 363.139 362.987 362.861 362.757 362.679 362.632 362.62 362.638 362.684 362.754 362.852 362.979 363.124 363.274 363.435 363.61 363.785 363.946 364.093 364.233 364.357 364.455 364.526 364.573 364.598 364.603 364.582 364.538 364.477 364.406 364.326 364.231 364.129 364.028 363.925 363.819 363.713 363.614 363.519 363.427 363.344 363.276 363.222 363.18
363.516 364.309 365.02 365.643 366.207 366.692 367.079 367.352 367.524 367.617 367.658 367.635 367.538 367.404 367.267 367.131 366.977 366.821 366.676 366.551 366.437 366.325 366.21 366.094 365.979 365.856 365.717 365.557 365.381 365.193 364.997 364.786 364.561 364.334 364.117 363.907 363.699 363.507 363.343 363.208 363.095 363.011 362.961 362.949 362.972 363.024 363.101 363.208 363.347 363.504 363.668 363.841 364.03 364.218 364.392 364.551 364.703 364.838 364.946 365.025 365.08 365.112 365.121 365.105 365.063 365.003 364.932 364.849 364.751 364.645 364.536 364.426 364.311 364.195 364.085 363.978 363.873 363.777 363.696 363.629 363.574
363.557 364.354 365.069 365.697 366.267 366.758 367.151 367.431 367.609 367.71 367.758 367.745 367.658 367.534 367.41 367.289 367.152 367.014 366.89 366.786 366.696 366.609 366.517 366.423 366.331 366.229 366.107 365.96 365.795 365.614 365.42 365.208 364.978 364.742 364.516 364.297 364.077 363.872 363.697 363.554 363.434 363.344 363.291 363.279 363.304 363.36 363.444 363.559 363.707 363.875 364.05 364.234 364.435 364.635 364.82 364.989 365.151 365.295 365.412 365.498 365.559 365.597 365.611 365.598 365.558 365.5 365.429 365.346 365.245 365.135 365.022 364.906 364.783 364.659 364.539 364.423 364.307 364.198 364.105 364.026 363.959
363.573 364.373 365.091 365.723 366.297 366.794 367.193 367.48 367.665 367.774 367.832 367.828 367.752 367.64 367.53 367.424 367.305 367.186 367.081 366.999 366.932 366.869 366.8 366.727 366.657 366.576 366.471 366.338 366.184 366.011 365.822 365.611 365.378 365.137 364.904 364.677 364.447 364.231 364.048 363.897 363.77 363.675 363.619 363.606 363.633 363.693 363.782 363.903 364.06 364.238 364.422 364.615 364.826 365.036 365.23 365.408 365.578 365.729 365.853 365.946 366.013 366.055 366.073 366.063 366.026 365.969 365.9 365.816 365.714 365.602 365.486 365.365 365.236 365.105 364.978 364.852 364.726 364.607 364.503 364.414 364.334
363.571 364.371 365.091 365.726 366.304 366.806 367.212 367.506 367.699 367.817 367.884 367.891 367.826 367.726 367.63 367.54 367.437 367.335 367.249 367.187 367.142 367.101 367.053 367.001 366.952 366.89 366.802 366.683 366.541 366.377 366.195 365.987 365.752 365.509 365.272 365.04 364.803 364.579 364.389 364.232 364.1 364 363.941 363.928 363.956 364.018 364.11 364.236 364.399 364.584 364.775 364.976 365.194 365.413 365.614 365.799 365.975 366.133 366.263 366.361 366.433 366.48 366.502 366.496 366.462 366.407 366.339 366.256 366.155 366.042 365.924 365.8 365.667 365.53 365.397 365.265 365.131 365.003 364.89 364.79 364.701
363.555 364.354 365.075 365.713 366.295 366.803 367.216 367.516 367.717 367.844 367.921 367.939 367.885 367.797 367.713 367.637 367.549 367.464 367.394 367.35 367.324 367.302 367.273 367.24 367.209 367.165 367.093 366.988 366.858 366.704 366.53 366.326 366.094 365.851 365.614 365.379 365.138 364.911 364.716 364.556 364.419 364.316 364.255 364.24 364.268 364.331 364.424 364.553 364.72 364.909 365.104 365.31 365.533 365.757 365.964 366.154 366.335 366.499 366.633 366.737 366.814 366.865 366.891 366.889 366.859 366.808 366.742 366.661 366.562 366.45 366.332 366.206 366.071 365.931 365.794 365.656 365.516 365.382 365.262 365.155 365.057
363.523 364.319 365.04 365.68 366.266 366.78 367.199 367.507 367.717 367.853 367.941 367.968 367.925 367.85 367.778 367.715 367.641 367.569 367.515 367.486 367.476 367.471 367.458 367.442 367.429 367.401 367.344 367.253 367.135 366.994 366.829 366.633 366.406 366.167 365.933 365.7 365.458 365.23 365.034 364.872 364.733 364.627 364.564 364.548 364.573 364.636 364.728 364.857 365.024 365.214 365.411 365.619 365.844 366.07 366.28 366.473 366.658 366.825 366.963 367.071 367.152 367.208 367.239 367.242 367.216 367.169 367.107 367.03 366.934 366.824 366.708 366.583 366.448 366.307 366.168 366.028 365.884 365.745 365.62 365.507 365.403
363.473 364.266 364.986 365.627 366.217 366.736 367.161 367.477 367.697 367.844 367.941 367.98 367.948 367.884 367.824 367.773 367.712 367.653 367.611 367.597 367.601 367.61 367.612 367.611 367.613 367.6 367.558 367.48 367.377 367.248 367.094 366.908 366.69 366.458 366.23 366.001 365.763 365.536 365.341 365.179 365.039 364.932 364.866 364.848 364.872 364.931 365.022 365.148 365.314 365.502 365.697 365.904 366.129 366.355 366.565 366.759 366.946 367.116 367.257 367.368 367.454 367.514 367.55 367.557 367.537 367.495 367.438 367.365 367.274 367.169 367.056 366.933 366.799 366.66 366.52 366.379 366.234 366.092 365.964 365.847 365.738
363.411 364.2 364.917 365.559 366.153 366.677 367.109 367.433 367.662 367.82 367.928 367.977 367.957 367.904 367.856 367.816 367.765 367.718 367.688 367.685 367.701 367.723 367.738 367.75 367.765 367.766 367.737 367.672 367.582 367.466 367.324 367.149 366.942 366.719 366.499 366.277 366.044 365.822 365.63 365.47 365.33 365.222 365.155 365.135 365.155 365.211 365.298 365.421 365.583 365.767 365.96 366.164 366.386 366.611 366.82 367.015 367.203 367.374 367.518 367.632 367.722 367.787 367.828 367.841 367.826 367.79 367.739 367.672 367.586 367.486 367.378 367.259 367.128 366.991 366.853 366.713 366.568 366.425 366.296 366.177 366.064
363.342 364.125 364.84 365.482 366.079 366.609 367.048 367.38 367.619 367.786 367.906 367.965 367.956 367.914 367.877 367.847 367.806 367.768 367.748 367.755 367.781 367.813 367.838 367.86 367.886 367.899 367.881 367.829 367.751 367.648 367.518 367.354 367.158 366.946 366.735 366.521 366.296 366.081 365.894 365.737 365.599 365.491 365.423 365.401 365.418 365.47 365.552 365.671 365.827 366.007 366.195 366.396 366.615 366.838 367.046 367.24 367.429 367.602 367.749 367.867 367.962 368.032 368.079 368.097 368.089 368.06 368.016 367.955 367.875 367.781 367.677 367.563 367.436 367.303 367.168 367.03 366.886 366.744 366.615 366.496 366.382
363.262 364.04 364.751 365.394 365.995 366.53 366.975 367.315 367.564 367.743 367.873 367.943 367.944 367.912 367.884 367.863 367.831 367.801 367.788 367.802 367.835 367.873 367.906 367.937 367.971 367.993 367.986 367.944 367.878 367.787 367.67 367.519 367.335 367.136 366.937 366.735 366.52 366.314 366.134 365.982 365.848 365.741 365.674 365.649 365.662 365.709 365.786 365.899 366.048 366.221 366.403 366.598 366.813 367.031 367.237 367.431 367.62 367.795 367.944 368.066 368.166 368.243 368.295 368.321 368.32 368.298 368.261 368.207 368.134 368.046 367.949 367.841 367.719 367.59 367.46 367.326 367.185 367.047 366.919 366.802 366.689
363.173 363.944 364.652 365.294 365.898 366.439 366.891 367.239 367.498 367.688 367.828 367.908 367.919 367.898 367.879 367.865 367.839 367.815 367.808 367.828 367.865 367.908 367.946 367.982 368.023 368.053 368.053 368.022 367.968 367.889 367.784 367.647 367.478 367.294 367.109 366.919 366.718 366.523 366.353 366.208 366.078 365.974 365.907 365.881 365.889 365.93 366.001 366.106 366.247 366.411 366.585 366.774 366.982 367.195 367.398 367.589 367.779 367.955 368.106 368.232 368.338 368.421 368.48 368.513 368.52 368.507 368.477 368.431 368.365 368.286 368.196 368.094 367.979 367.857 367.732 367.603 367.468 367.334 367.211 367.097 366.987
363.076 363.839 364.542 365.185 365.791 366.337 366.795 367.152 367.421 367.622 367.773 367.863 367.885 367.873 367.863 367.857 367.837 367.818 367.816 367.839 367.879 367.925 367.966 368.007 368.053 368.088 368.096 368.073 368.029 367.962 367.87 367.746 367.592 367.423 367.252 367.077 366.89 366.708 366.548 366.41 366.285 366.185 366.119 366.091 366.095 366.129 366.193 366.291 366.422 366.577 366.743 366.925 367.127 367.335 367.534 367.724 367.914 368.091 368.246 368.376 368.488 368.578 368.644 368.685 368.7 368.696 368.675 368.637 368.579 368.507 368.425 368.331 368.224 368.108 367.99 367.868 367.738 367.611 367.493 367.384 367.279
362.973 363.728 364.426 365.067 365.675 366.226 366.69 367.055 367.335 367.547 367.709 367.81 367.843 367.841 367.84 367.841 367.827 367.814 367.816 367.843 367.885 367.933 367.977 368.022 368.071 368.109 368.123 368.108 368.072 368.015 367.933 367.822 367.682 367.527 367.37 367.208 367.034 366.864 366.714 366.584 366.465 366.368 366.303 366.273 366.273 366.302 366.36 366.45 366.574 366.72 366.879 367.055 367.252 367.456 367.653 367.843 368.034 368.215 368.374 368.509 368.627 368.725 368.799 368.848 368.872 368.876 368.864 368.834 368.785 368.721 368.646 368.56 368.46 368.351 368.241 368.125 368.003 367.881 367.77 367.666 367.567
