tests/full-run-ref/erosion_81_12_73.110.asc
ncols 512
nrows 512
xllcorner -3.24582
yllcorner -4.08743
cellsize 5
NODATA_value -99999
[rows 310 to 340 of 512, columns 284 to 354 of 512]
11.54 11.54 11.54 11.54 11.5387 11.539 11.54 11.5396 11.5399 11.54 0 11.9852 10.549 10.6019 10.0404 11.2048 11.4635 11.54 11.54 11.5273 11.5289 11.5173 11.5216 11.54 11.54 11.54 11.5383 11.5395 11.5388 11.5379 11.54 11.54 11.54 11.54 11.54 11.54 11.54 11.5375 11.54 11.5361 11.54 11.54 11.54 11.54 11.54 11.54 11.54 11.54 11.54 11.54 11.54 11.54 11.54 11.54 11.54 11.54 11.5323 11.5361 11.5309 11.5365 11.537 11.5377 11.5382 11.5385 11.5375 11.5373 11.5394 11.5392 11.5391 11.5395 11.5396
11.5394 11.5399 11.54 11.54 11.5376 11.5389 11.5386 11.539 11.54 11.54 9.1791 11.3093 11.3182 11.54 11.54 11.54 11.54 11.5399 11.5399 11.5298 11.539 11.5388 11.5387 11.539 11.5393 11.5391 11.5394 11.5394 11.5389 11.5388 11.5387 11.5385 11.5387 11.5387 11.539 11.5394 11.5396 11.5362 11.5359 11.5361 11.5396 11.5396 11.5396 11.5396 11.5396 11.5395 11.5395 11.5395 11.5394 11.5393 11.539 11.5387 11.5379 11.5373 11.5369 11.5358 11.5365 11.5354 11.5364 11.5371 11.5375 11.538 11.5384 11.5388 11.5395 11.5396 11.5397 11.54 11.54 11.54 11.54
11.54 11.5399 11.54 11.54 11.5343 11.54 11.54 11.5379 11.5398 11.5399 11.54 11.54 11.54 11.54 11.5399 11.54 11.54 11.54 11.54 11.5391 11.5387 11.5368 11.5363 11.5373 11.5325 11.5293 11.5382 11.5326 11.53 11.539 11.5372 11.5371 11.5371 11.5375 11.538 11.5386 11.539 11.5396 11.5397 11.5397 11.5396 11.5391 11.5391 11.5391 11.539 11.5389 11.5389 11.5388 11.5388 11.5385 11.538 11.5371 11.5354 11.5343 11.5335 11.5365 11.5373 11.5375 11.5382 11.5386 11.5388 11.5388 11.5392 11.5395 11.5393 11.5396 11.5396 11.5398 11.5398 11.5398 11.5398
11.5393 11.5398 11.5385 11.5305 11.5322 11.54 11.54 11.5351 11.54 11.5384 11.5382 11.5377 11.5386 11.5396 11.5398 11.5399 11.54 11.54 11.54 11.5391 11.5386 11.5383 11.5382 11.5384 11.5278 11.54 11.54 11.54 11.53 11.5393 11.539 11.5389 11.539 11.5392 11.5393 11.5395 11.5395 11.5396 11.5397 11.5396 11.5396 11.5397 11.5396 11.5396 11.5396 11.5396 11.5395 11.5395 11.5395 11.5395 11.5394 11.5389 11.5383 11.5378 11.5377 11.5372 11.5375 11.5366 11.5378 11.5376 11.5385 11.5384 11.5391 11.5393 11.5395 11.5398 11.5398 11.5398 11.5395 11.5395 11.5395
11.5389 11.54 11.5306 11.5393 11.5391 11.5388 11.5382 11.536 11.5354 11.5376 11.5396 11.5397 11.5398 11.5398 11.5399 11.5399 11.5399 11.5399 11.54 11.5329 11.54 11.54 11.54 11.54 11.5242 11.5051 11.4993 11.5144 11.5308 11.54 11.54 11.5392 11.5393 11.5394 11.5395 11.5396 11.5396 11.5397 11.5397 11.5397 11.5397 11.5397 11.5397 11.5397 11.5396 11.5396 11.5396 11.5396 11.5396 11.5397 11.5396 11.5392 11.5386 11.54 11.54 11.54 11.54 11.54 11.54 11.54 11.54 11.54 11.54 11.54 11.54 11.54 11.54 11.54 11.54 11.54 11.54
11.5313 11.5242 11.5254 11.5389 11.5381 11.5391 11.5379 11.5392 11.5395 11.5395 11.5396 11.5396 11.5397 11.5398 11.5399 11.5399 11.54 11.5398 11.54 11.5053 11.54 11.5375 11.54 11.5378 11.5382 11.5385 11.5389 11.5392 11.5395 11.5395 11.54 11.54 11.54 11.54 11.54 11.54 11.54 11.54 11.54 11.54 11.5398 11.54 11.54 11.54 11.54 11.54 11.54 11.5397 11.5398 11.5398 11.5397 11.5395 11.5386 11.54 11.54 11.54 11.54 11.5374 11.538 11.54 11.54 11.54 11.54 11.5396 11.5397 11.5397 11.5396 11.54 11.54 11.54 11.54
11.5394 11.5392 11.5391 11.539 11.5391 11.5389 11.539 11.5392 11.5393 11.5394 11.5394 11.5396 11.5396 11.5397 11.5399 11.5399 11.54 11.5399 11.54 11.4917 11.5372 11.5347 11.5324 11.5344 11.5351 11.5362 11.537 11.538 11.5387 11.5388 11.54 11.54 11.5393 11.5394 11.54 11.5395 11.54 11.5396 11.5398 11.5398 11.5398 11.54 11.54 11.54 11.54 11.5397 11.5397 11.5398 11.5398 11.5398 11.5399 11.5397 11.538 11.5386 11.5345 11.5358 11.5338 11.5351 11.5351 11.5376 11.5365 11.5384 11.5381 11.539 11.5392 11.5393 11.5388 11.5391 11.5386 11.5391 11.5387
11.5394 11.5393 11.5393 11.5392 11.539 11.5392 11.5392 11.5392 11.5393 11.5394 11.5395 11.5395 11.5396 11.5397 11.5374 11.5392 11.5371 11.5333 11.5203 11.5055 11.5327 11.5297 11.5367 11.537 11.5375 11.5381 11.5386 11.5391 11.5394 11.5394 11.5396 11.5385 11.5386 11.5384 11.539 11.539 11.5386 11.5392 11.5365 11.5385 11.5377 11.5398 11.5393 11.5395 11.5392 11.5394 11.5398 11.5398 11.5399 11.5386 11.5391 11.5369 11.5387 11.5374 11.5382 11.5346 11.5377 11.5377 11.5381 11.5374 11.5391 11.538 11.5393 11.5396 11.5396 11.5396 11.5395 11.539 11.5395 11.5386 11.5394
11.5393 11.5389 11.5391 11.539 11.5392 11.5393 11.5392 11.5393 11.5393 11.5394 11.5394 11.5395 11.5395 11.5396 11.5343 11.54 11.5325 11.5396 11.5386 11.54 11.54 11.54 11.54 11.54 11.54 11.54 11.54 11.5279 11.5345 11.5352 11.5393 11.5396 11.5396 11.5396 11.5379 11.5385 11.5396 11.5397 11.5348 11.54 11.5366 11.5396 11.5398 11.5394 11.5397 11.5398 11.5398 11.5399 11.5399 11.5388 11.54 11.5363 11.539 11.5388 11.5381 11.538 11.5381 11.5382 11.5382 11.5389 11.5388 11.5393 11.5395 11.5395 11.5396 11.5396 11.5395 11.5395 11.5393 11.5394 11.5394
11.5395 11.5393 11.5391 11.5392 11.5392 11.5393 11.5393 11.5393 11.5393 11.5393 11.5394 11.5393 11.5393 11.5393 11.5302 11.5284 11.5308 11.5394 11.538 11.5378 11.5373 11.5373 11.5376 11.5379 11.5384 11.5389 11.5394 11.5291 11.54 11.5317 11.54 11.54 11.54 11.54 11.54 11.54 11.54 11.54 11.5345 11.5358 11.5373 11.54 11.54 11.5398 11.5398 11.5398 11.5399 11.5399 11.5399 11.5392 11.5395 11.538 11.5392 11.5392 11.539 11.539 11.5391 11.5389 11.5391 11.5388 11.5392 11.5394 11.5395 11.5395 11.5395 11.5396 11.5395 11.5396 11.5396 11.5396 11.5396
11.5395 11.5393 11.5393 11.5393 11.5393 11.5394 11.5393 11.5394 11.5394 11.5394 11.5394 11.5394 11.5393 11.5393 11.5393 11.5394 11.5395 11.5393 11.5379 11.5375 11.5328 11.5335 11.5334 11.5352 11.5358 11.5376 11.5381 11.5351 11.5349 11.5315 11.54 11.5393 11.5391 11.5392 11.5392 11.5393 11.5394 11.5394 11.54 11.5398 11.5399 11.5399 11.5398 11.5399 11.5399 11.5399 11.5399 11.5399 11.5399 11.54 11.54 11.5399 11.5394 11.5393 11.5387 11.5389 11.5386 11.539 11.5389 11.5392 11.5394 11.5395 11.5395 11.5396 11.5396 11.5396 11.5395 11.5396 11.5394 11.5395 11.5394
11.5397 11.5396 11.5396 11.5396 11.5396 11.5396 11.5396 11.5396 11.5396 11.5396 11.5396 11.5396 11.5395 11.5394 11.5394 11.5394 11.5392 11.5393 11.5378 11.54 11.54 11.54 11.54 11.54 11.54 11.5389 11.5396 11.5399 11.5398 11.5392 11.5393 11.5386 11.5386 11.5387 11.5386 11.5388 11.5388 11.539 11.539 11.5395 11.5396 11.5397 11.5399 11.5399 11.5399 11.54 11.54 11.54 11.54 11.54 11.54 11.5399 11.5396 11.5396 11.5394 11.5391 11.5391 11.5394 11.5395 11.5395 11.5396 11.5396 11.5397 11.5397 11.5397 11.5397 11.5397 11.5396 11.5395 11.5396 11.5396
11.5397 11.5395 11.5396 11.5394 11.5395 11.5394 11.5395 11.5394 11.5395 11.5394 11.5395 11.5393 11.5394 11.5392 11.5393 11.5392 11.5393 11.5394 11.5378 11.5375 11.5366 11.5366 11.5371 11.538 11.5196 11.5323 11.5394 11.5399 11.5397 11.5381 11.538 11.537 11.5376 11.537 11.5377 11.5371 11.5381 11.5382 11.5397 11.5398 11.5399 11.5399 11.5399 11.5399 11.5399 11.54 11.5399 11.5399 11.5399 11.5392 11.5395 11.5394 11.5397 11.5396 11.5394 11.5394 11.5394 11.5396 11.5393 11.5395 11.5394 11.5396 11.5395 11.5396 11.5395 11.5396 11.5396 11.5396 11.5396 11.5396 11.5395
11.5398 11.5397 11.5395 11.5395 11.5396 11.5396 11.5395 11.5395 11.5396 11.5396 11.5395 11.5395 11.5396 11.5396 11.5395 11.5396 11.5396 11.5396 11.5379 11.5371 11.5327 11.5325 11.5337 11.5353 11.5115 11.54 11.5397 11.5398 11.54 11.54 11.54 11.54 11.54 11.54 11.54 11.54 11.54 11.54 11.54 11.5398 11.5399 11.54 11.5399 11.5399 11.5398 11.5399 11.5398 11.5399 11.5399 11.5393 11.54 11.5394 11.5398 11.5398 11.5397 11.5397 11.5397 11.5396 11.5395 11.5396 11.5396 11.5395 11.5395 11.5397 11.5397 11.5396 11.5397 11.5396 11.5396 11.5397 11.5397
11.5398 11.5396 11.5396 11.5395 11.5396 11.5395 11.5395 11.5395 11.5396 11.5395 11.5396 11.5396 11.5396 11.5395 11.5395 11.5396 11.5394 11.5395 11.538 11.5372 11.54 11.54 11.54 11.54 11.5129 11.5289 11.5399 11.5378 11.54 11.5394 11.54 11.54 11.5387 11.5388 11.539 11.539 11.5393 11.54 11.5367 11.539 11.5399 11.5399 11.5398 11.5399 11.54 11.5398 11.5397 11.5398 11.5399 11.5397 11.5398 11.5397 11.5398 11.5398 11.5396 11.5397 11.5397 11.5397 11.5396 11.5396 11.5395 11.5396 11.5396 11.5397 11.5396 11.5396 11.5397 11.5397 11.5396 11.5397 11.5396
11.5398 11.5398 11.5397 11.5397 11.5395 11.5396 11.5396 11.5395 11.5397 11.5397 11.5398 11.5397 11.5396 11.5396 11.5397 11.5395 11.5396 11.5397 11.5383 11.537 11.5365 11.536 11.5365 11.5373 11.5382 11.5206 11.54 11.5374 11.5398 11.5389 11.5376 11.5378 11.538 11.5382 11.5382 11.5384 11.5384 11.5384 11.5345 11.54 11.54 11.54 11.5397 11.5399 11.5399 11.5399 11.54 11.54 11.54 11.54 11.54 11.54 11.5399 11.5399 11.5398 11.5397 11.5397 11.5397 11.5396 11.5397 11.5397 11.5397 11.5397 11.5396 11.5397 11.5397 11.5397 11.5397 11.5396 11.5397 11.5398
11.5398 11.5396 11.5396 11.5395 11.5395 11.5395 11.5395 11.5395 11.5397 11.5396 11.5398 11.5397 11.5397 11.5397 11.5396 11.5396 11.5397 11.5397 11.5385 11.5371 11.5362 11.5314 11.5321 11.5337 11.5357 11.5217 11.5323 11.5383 11.54 11.5374 11.5389 11.5364 11.5352 11.5364 11.5359 11.5372 11.5371 11.5393 11.5343 11.5355 11.5377 11.5391 11.5399 11.54 11.5399 11.5399 11.5395 11.5396 11.5398 11.5399 11.5399 11.54 11.5399 11.5399 11.5398 11.5398 11.5397 11.5397 11.5396 11.5397 11.5395 11.5396 11.5396 11.5396 11.5397 11.5397 11.5397 11.5397 11.5396 11.5397 11.5397
11.5398 11.5397 11.5396 11.5395 11.5395 11.5395 11.5395 11.5396 11.5397 11.5398 11.5398 11.5398 11.5397 11.5398 11.5398 11.5398 11.5398 11.5397 11.5381 11.54 11.54 11.54 11.54 11.54 11.54 11.54 11.5389 11.54 11.54 11.5385 11.54 11.54 11.54 11.54 11.54 11.54 11.54 11.54 11.54 11.54 11.54 10.989 11.516 11.4883 11.5399 11.54 11.5398 11.54 11.54 11.54 11.5399 11.54 11.5399 11.5399 11.5399 11.5398 11.5398 11.5398 11.5397 11.5396 11.5396 11.5397 11.5398 11.5398 11.5399 11.5399 11.5398 11.5398 11.5397 11.5397 11.5397
11.5398 11.5397 11.5396 11.5395 11.5395 11.5395 11.5395 11.5396 11.5397 11.5397 11.5398 11.5398 11.5398 11.5398 11.5397 11.5398 11.5397 11.5397 11.5375 11.54 11.54 11.5351 11.5356 11.54 11.54 11.5389 11.5385 11.5383 11.5399 11.5312 11.539 11.54 11.54 11.54 11.54 11.5393 11.5391 11.5393 11.54 11.54 11.54 10.4109 11.5471 11.4983 11.54 11.5399 11.5396 11.5394 11.5396 11.5398 11.5399 11.54 11.5399 11.54 11.54 11.54 11.54 11.54 11.54 11.54 11.54 11.54 11.54 11.54 11.54 11.54 11.54 11.54 11.54 11.54 11.54
11.5398 11.5398 11.5397 11.5397 11.5396 11.5397 11.5397 11.5397 11.5396 11.5398 11.5398 11.5398 11.5398 11.5399 11.5399 11.5398 11.5398 11.5398 11.536 11.5371 11.5286 11.5294 11.5294 11.5353 11.5345 11.5372 11.5395 11.5398 11.54 11.5265 11.5383 11.5381 11.5371 11.5387 11.5379 11.5383 11.5384 11.5381 11.5387 11.5385 11.5393 10.6775 11.5374 11.4858 11.54 11.54 11.54 11.54 11.54 11.54 11.54 11.54 11.5398 11.54 11.54 11.54 11.54 11.54 11.54 11.54 11.54 11.5397 11.5398 11.5398 11.5398 11.5398 11.5397 11.54 11.54 11.5395 11.5396
11.5398 11.5397 11.5397 11.5395 11.5396 11.5395 11.5396 11.5396 11.5397 11.5398 11.5398 11.5398 11.5399 11.5399 11.5399 11.5399 11.5399 11.5399 11.5373 11.5345 11.5368 11.537 11.5375 11.5341 11.5382 11.5394 11.5397 11.5327 11.5266 11.5272 11.5389 11.5382 11.5391 11.5381 11.5393 11.5394 11.5394 11.5392 11.5388 11.5394 11.5389 11.5351 11.54 11.5395 11.54 11.54 11.54 11.54 11.54 11.54 11.5396 11.5398 11.5371 11.5397 11.539 11.5392 11.5388 11.5392 11.5388 11.5394 11.5391 11.5394 11.5395 11.5396 11.5395 11.5394 11.539 11.5393 11.5387 11.539 11.539
11.5398 11.5398 11.5397 11.5396 11.5397 11.5397 11.5397 11.5398 11.5399 11.5399 11.5399 11.5399 11.5399 11.5399 11.5387 11.538 11.5389 11.5399 11.5376 11.5371 11.5355 11.5366 11.5368 11.5381 11.5393 11.54 11.5394 11.54 11.54 11.54 11.54 11.54 11.54 11.54 11.5394 11.54 11.54 11.54 11.54 11.54 11.54 11.536 11.5384 11.5396 11.54 11.54 11.54 11.54 11.54 11.54 11.5395 11.54 11.5353 11.5395 11.5396 11.5389 11.5394 11.5392 11.5396 11.5392 11.5397 11.5398 11.5398 11.5398 11.5398 11.5397 11.5396 11.5392 11.5396 11.5396 11.5397
11.5398 11.5397 11.5397 11.5397 11.5397 11.5397 11.5397 11.5398 11.5398 11.5398 11.5398 11.5398 11.5398 11.5399 11.54 11.54 11.5373 11.5369 11.509 11.5376 11.5371 11.5366 11.5117 11.5274 11.5396 11.5395 11.5299 11.5392 11.539 11.5391 11.5393 11.5393 11.5395 11.5396 11.5397 11.5396 11.5395 11.5393 11.5394 11.5395 11.5396 11.5398 11.5399 11.54 11.54 11.54 11.54 11.54 11.54 11.54 11.5397 11.5397 11.5368 11.5397 11.5395 11.5395 11.5395 11.5396 11.5396 11.5397 11.5398 11.54 11.54 11.54 11.54 11.54 11.54 11.54 11.54 11.54 11.54
11.5399 11.5398 11.5398 11.5398 11.5397 11.5398 11.5398 11.5398 11.5398 11.5399 11.5398 11.5398 11.5398 11.5399 11.5371 11.54 11.54 11.54 11.4822 11.54 11.54 11.54 11.4773 11.54 11.54 11.54 11.5223 11.539 11.5373 11.5379 11.5382 11.5387 11.539 11.5398 11.5398 11.5396 11.5388 11.5386 11.5386 11.5386 11.539 11.5356 11.5382 11.5397 11.54 11.54 11.54 11.54 11.54 11.54 11.54 11.54 11.5398 11.5398 11.5397 11.5397 11.5397 11.5396 11.5397 11.5398 11.5398 11.5398 11.5398 11.5398 11.5397 11.5397 11.5395 11.5395 11.5395 11.5394 11.5395
11.5399 11.5398 11.5398 11.5398 11.5398 11.5398 11.5398 11.5398 11.5399 11.5399 11.5398 11.5398 11.5399 11.5399 11.538 11.513 11.4701 11.4585 11.4746 11.5351 11.54 11.54 11.4278 11.429 11.4515 11.4775 11.5059 11.54 11.54 11.54 11.54 11.5396 11.5398 11.54 11.5397 11.54 11.54 11.54 11.54 11.54 11.54 11.5335 11.54 11.5397 11.54 11.54 11.54 11.54 11.54 11.54 11.54 11.54 11.5398 11.5398 11.5396 11.5397 11.5396 11.5397 11.5397 11.5398 11.54 11.54 11.5397 11.5394 11.5393 11.5392 11.539 11.539 11.5387 11.5388 11.5389
11.5399 11.5399 11.5399 11.5399 11.5398 11.5399 11.5399 11.5399 11.5399 11.5399 11.5398 11.5398 11.5398 11.5398 11.5399 11.5386 11.5381 11.5375 11.536 11.5309 11.5271 11.521 11.5331 11.5353 11.5312 11.5363 11.537 11.5377 11.5382 11.5389 11.5393 11.5398 11.5399 11.5399 11.5359 11.5395 11.5394 11.5393 11.5393 11.5393 11.5395 11.5345 11.537 11.5387 11.5394 11.5398 11.5398 11.54 11.54 11.54 11.54 11.54 11.5398 11.54 11.54 11.54 11.54 11.54 11.54 11.54 11.54 11.5397 11.54 11.54 11.54 11.54 11.54 11.54 11.54 11.54 11.54
11.5399 11.5399 11.5399 11.5399 11.5399 11.5399 11.5399 11.5399 11.5399 11.5399 11.5399 11.5399 11.5398 11.5398 11.5399 11.5384 11.5375 11.5368 11.5358 11.5329 11.5275 11.5335 11.5339 11.5248 11.528 11.5305 11.5328 11.5343 11.5359 11.5232 11.5323 11.5399 11.5399 11.54 11.5323 11.5394 11.5385 11.5384 11.5385 11.5387 11.539 11.5397 11.5399 11.5398 11.5386 11.54 11.5398 11.5398 11.5399 11.1995 11.449 10.7649 11.5398 11.5398 11.5397 11.5397 11.5397 11.5397 11.5398 11.5396 11.5397 11.5394 11.5395 11.5397 11.5397 11.5396 11.5396 11.5395 11.5394 11.54 11.54
11.5399 11.5399 11.54 11.5399 11.5399 11.54 11.5399 11.5399 11.5399 11.5399 11.5399 11.5399 11.5399 11.5399 11.5398 11.5381 11.54 11.54 11.54 11.54 11.54 11.54 11.54 11.54 11.54 11.54 11.54 11.54 11.54 11.5097 11.54 11.5248 11.5228 11.5118 11.5209 11.54 11.54 11.54 11.54 11.54 11.54 11.54 11.5396 11.5397 11.5386 11.5391 11.5397 11.54 11.5398 11.1495 11.6294 10.6993 11.5398 11.5398 11.5394 11.5394 11.5394 11.5395 11.5395 11.5391 11.5392 11.5389 11.5393 11.5393 11.5393 11.5392 11.5391 11.5389 11.5385 11.539 11.5385
11.5392 11.5385 11.5378 11.5386 11.5394 11.5399 11.5399 11.5399 11.5399 11.5399 11.5399 11.5398 11.5399 11.5398 11.5398 11.538 11.5373 11.5363 11.535 11.5325 11.54 11.5296 11.5287 11.5303 11.54 11.5341 11.54 11.5361 11.537 11.5055 11.5035 11.5104 11.54 11.54 11.5382 11.5384 11.5387 11.54 11.5392 11.5395 11.54 11.5397 11.54 11.54 11.54 11.54 11.5391 11.5397 11.5399 11.1427 11.5399 11.0616 11.5399 11.5398 11.5397 11.5397 11.5397 11.5398 11.5397 11.54 11.54 11.54 11.54 11.54 11.54 11.54 11.54 11.54 11.54 11.5395 11.5395
11.5394 11.54 11.54 11.54 11.5389 11.54 11.5399 11.54 11.54 11.5399 11.5399 11.5399 11.5398 11.5398 11.5398 11.5379 11.537 11.5316 11.5276 11.5188 11.5232 11.5217 11.5229 11.5229 11.518 11.5237 11.531 11.5337 11.5349 11.5361 11.5379 11.5374 11.538 11.5344 11.5358 11.5364 11.5365 11.5381 11.5389 11.5392 11.539 11.5398 11.54 11.54 11.54 11.54 11.54 11.5391 11.54 11.2587 11.6294 11.2311 11.5398 11.54 11.54 11.54 11.54 11.54 11.54 11.54 11.54 11.54 11.54 11.54 11.54 11.54 11.54 11.5396 11.5395 11.54 11.54
11.5391 11.5374 11.5369 11.5386 11.5397 11.54 11.5395 11.5385 11.5386 11.5384 11.5393 11.5399 11.5398 11.5399 11.5399 11.5379 11.54 11.54 11.54 11.54 11.522 11.5022 11.5117 11.5079 11.532 11.5338 11.528 11.5263 11.5327 11.5379 11.5342 11.537 11.5357 11.5382 11.5386 11.5388 11.5389 11.5362 11.5379 11.533 11.5358 11.5386 11.5399 11.5397 11.5398 11.5397 11.5399 11.539 11.5389 9.87996 10.065 11.3702 11.5376 11.5398 11.5397 11.5396 11.5396 11.5397 11.5394 11.5397 11.5391 11.5395 11.5392 11.5396 11.5393 11.5397 11.5393 11.5393 11.5389 11.5395 11.54
