tests/full-run-ref/erosion_2010_79_1_-87.555.asc
ncols 512
nrows 512
xllcorner -3.24582
yllcorner -4.08743
cellsize 5
NODATA_value -99999
[rows 145 to 173 of 512, columns 134 to 200 of 512]
5.77001 5.77001 5.77001 5.77001 5.77001 5.77001 5.77001 5.77001 5.77001 5.77001 5.76418 5.72164 7.95342 13.7521 13.7978 11.4077 5.73576 5.77001 5.7624 5.75565 5.75203 5.74558 8.07988 13.8637 12.675 15.4206 15.4605 15.4547 17.2565 11.479 5.74815 5.76603 5.77001 5.77001 5.77001 5.77001 5.77001 5.77001 5.77001 5.77001 5.77001 5.77001 5.77001 5.77001 5.77001 5.77001 5.77001 5.77001 5.77001 5.77001 5.77001 5.77001 5.77001 5.77001 5.77001 5.77001 5.77001 5.77001 5.77001 5.77001 5.77001 5.77001 5.77001 5.77001 5.77001 5.77001 5.77001
5.77001 5.77001 5.77001 5.77001 5.77001 5.77001 5.77001 5.76576 5.75788 5.71952 5.68391 7.8687 13.6782 16.1558 15.9916 11.3463 5.71683 5.77001 5.77001 5.77001 5.77001 5.76816 5.7393 8.49055 9.35063 9.64373 9.68364 9.67625 11.4898 11.5136 8.13267 5.76561 5.77001 5.77001 5.77001 5.76499 5.76179 5.75128 5.77001 5.77001 5.77001 5.77001 5.77001 5.77001 5.77001 5.77001 5.77001 5.77001 5.77001 5.77001 5.77001 5.77001 5.77001 5.77001 5.77001 5.77001 5.77001 5.77001 5.77001 5.77001 5.77001 5.77001 5.77001 5.77001 5.77001 5.77001 5.77001
5.77001 5.77001 5.77001 5.77001 5.77001 5.77001 5.77001 5.75639 8.09289 11.4553 7.7803 13.5845 16.0825 19.3293 13.565 7.74843 5.70234 5.77001 5.77001 5.77001 5.77001 5.76983 5.76263 5.80603 6.12239 6.11591 6.08554 6.03932 5.95995 6.12477 5.76253 5.76118 5.77001 5.77001 5.77001 5.76242 8.1206 5.72251 5.77001 5.77001 5.77001 5.77001 5.77001 5.77001 5.77001 5.77001 5.77001 5.77001 5.77001 5.77001 5.77001 5.77001 5.77001 5.77001 5.77001 5.77001 5.77001 5.77001 5.77001 5.77001 5.77001 5.77001 5.77001 5.77001 5.77001 5.77001 5.77001
5.77001 5.77001 5.77001 5.77001 5.77001 5.77001 5.77001 5.75455 7.94632 13.7262 13.6041 15.9811 21.8064 16.9088 11.0563 5.61496 5.73054 5.76828 5.77001 5.76961 5.76883 5.76804 5.96881 6.14404 6.15974 6.15999 6.15995 6.15971 6.15918 5.76297 5.7696 5.77001 5.77001 5.77001 5.77001 5.75654 11.4895 5.71611 5.77001 5.77001 5.77001 5.77001 5.77001 5.77001 5.77001 5.77001 5.77001 5.77001 5.77001 5.77001 5.77001 5.77001 5.77001 5.77001 5.77001 5.77001 5.77001 5.77001 5.77001 5.77001 5.77001 5.77001 5.77001 5.77001 5.77001 5.77001 5.77001
5.77001 5.77001 5.76939 5.7647 5.75353 5.7396 5.72079 5.65355 5.51546 11.0525 16.9126 21.7824 22.5406 16.6979 10.8206 5.47292 6.00207 5.7396 5.76389 5.76801 6.03737 6.1427 6.15922 6.15966 6.16001 6.16002 6.1593 6.08045 5.76919 5.76983 5.77001 5.77001 5.77001 5.77001 5.77001 5.75404 11.5025 5.72969 5.75062 5.77001 5.77001 5.77001 5.77001 5.77001 5.77001 5.77001 5.77001 5.77001 5.77001 5.77001 5.77001 5.77001 5.77001 5.77001 5.77001 5.77001 5.77001 5.77001 5.77001 5.77001 5.77001 5.77001 5.77001 5.77001 5.77001 5.77001 5.77001
5.77001 5.75824 5.75411 6.05399 8.03725 7.93505 7.80502 11.2614 7.26677 13.0962 18.9988 24.8458 24.876 19.0282 13.1564 7.34381 8.02375 6.06868 6.15921 6.15881 6.15865 6.15957 6.15999 6.16002 6.16002 6.16002 6.158 5.76635 5.76966 5.77001 5.77001 5.77001 5.77001 5.77001 5.77001 5.75265 11.5146 8.0312 5.72256 5.77001 5.77001 5.77001 5.77001 5.77001 5.77001 5.77001 5.77001 5.77001 5.77001 5.77001 5.77001 5.77001 5.77001 5.77001 5.77001 5.77001 5.77001 5.77001 5.77001 5.77001 5.77001 5.77001 5.77001 5.77001 5.77001 5.77001 5.77001
5.77001 5.76632 8.11354 11.8385 13.8202 13.7256 13.6045 15.6371 13.1552 15.4903 21.3675 27.236 27.2662 21.4194 15.5778 13.2229 7.71261 6.06386 6.15999 6.16002 6.16002 6.16002 6.16002 6.16002 6.16002 6.16002 6.1576 6.15788 5.7688 5.7697 5.77001 5.77001 5.77001 5.77001 5.77001 5.7505 11.4967 11.4608 5.70372 5.75956 5.77001 5.77001 5.77001 5.77001 5.77001 5.77001 5.77001 5.77001 5.77001 5.77001 5.77001 5.77001 5.77001 5.77001 5.77001 5.77001 5.77001 5.77001 5.77001 5.77001 5.77001 5.77001 5.77001 5.77001 5.77001 5.77001 5.77001
5.77001 5.76689 5.73866 11.4296 17.2117 19.5275 19.4194 21.444 19.0044 21.3776 23.7655 29.6274 27.948 22.081 16.2142 10.2999 5.76263 6.12761 6.15999 6.16002 6.16002 6.16002 6.16002 6.16002 6.16002 6.16002 6.16002 6.15918 6.15904 5.76923 5.77001 5.77001 5.77001 5.77001 5.77001 5.75797 8.05271 13.789 7.98915 5.74235 5.77001 5.77001 5.77001 5.77001 5.77001 5.77001 5.77001 5.77001 5.77001 5.77001 5.77001 5.77001 5.77001 5.77001 5.77001 5.77001 5.77001 5.77001 5.77001 5.77001 5.77001 5.77001 5.77001 5.77001 5.77001 5.77001 5.77001
5.77001 5.7673 8.08934 13.8634 19.5033 21.8939 24.2819 27.2511 24.8335 27.2044 29.5954 32.0083 27.604 21.7174 15.7989 9.86478 5.69994 6.04029 6.14416 6.16 6.16002 6.16002 6.16002 6.16002 6.16002 6.16001 6.16002 6.15915 6.15903 5.76916 5.77001 5.77001 5.77001 5.77001 5.77001 5.76709 5.73922 11.4921 11.4598 5.72478 5.77001 5.77001 5.77001 5.77001 5.77001 5.77001 5.77001 5.77001 5.77001 5.77001 5.77001 5.77001 5.77001 5.77001 5.77001 5.77001 5.77001 5.77001 5.77001 5.77001 5.77001 5.77001 5.77001 5.77001 5.77001 5.77001 5.77001
5.76986 5.76749 5.75135 11.4487 13.6983 16.0817 21.7707 24.1704 29.8399 32.2272 35.4057 35.8387 30.0008 24.1435 18.2586 12.5797 7.00098 8.05025 6.12991 6.15999 6.16002 6.16002 6.16002 6.16002 6.16002 6.15998 6.15625 6.15769 5.76871 5.76955 5.77001 5.77001 5.77001 5.77001 5.77001 5.77001 5.75566 8.06769 11.4935 5.73189 5.77001 5.77001 5.77001 5.77001 5.77001 5.77001 5.77001 5.77001 5.77001 5.77001 5.77001 5.77001 5.77001 5.77001 5.77001 5.77001 5.77001 5.77001 5.77001 5.77001 5.77001 5.77001 5.77001 5.77001 5.77001 5.77001 5.77001
5.76984 6.15577 8.15032 5.72083 7.88411 13.5611 15.9412 21.6184 24.0046 29.6024 32.0046 37.8204 32.425 26.594 20.9715 15.278 10.738 5.77201 6.14021 6.15999 6.16002 6.16002 6.16002 6.16002 6.16002 6.15998 6.15112 5.76222 5.76977 5.77001 5.77001 5.77001 5.77001 5.77001 5.77001 5.77001 5.76542 5.74607 11.5048 5.74451 5.75899 5.77001 5.77001 5.77001 5.77001 5.77001 5.77001 5.77001 5.77001 5.77001 5.77001 5.77001 5.77001 5.77001 5.77001 5.77001 5.77001 5.77001 5.77001 5.77001 5.77001 5.77001 5.77001 5.77001 5.77001 5.77001 5.77001
5.76862 5.76605 5.76782 5.764 5.69608 7.73336 13.3879 15.7589 21.3678 23.7519 29.585 35.4189 33.9666 28.1431 22.3165 16.4756 10.6252 5.7975 6.15776 6.15999 6.16002 6.16002 6.16002 6.16002 6.16002 6.16 6.1542 5.76445 5.76977 5.77001 5.77001 5.77001 5.77001 5.77001 5.77001 5.77001 5.77001 5.75975 8.13308 8.11298 5.75703 5.77001 5.77001 5.77001 5.77001 5.77001 5.77001 5.77001 5.77001 5.77001 5.77001 5.77001 5.77001 5.77001 5.77001 5.77001 5.77001 5.77001 5.77001 5.77001 5.77001 5.77001 5.77001 5.77001 5.77001 5.77001 5.77001
5.74443 8.10439 8.10479 5.75271 5.76918 5.65781 7.54036 13.1102 15.4683 21.3386 27.1881 33.0193 33.9852 28.1645 22.3385 16.4916 10.6401 5.80344 6.15701 6.16001 6.16002 6.16002 6.16002 6.16002 6.16002 6.16001 6.15827 6.15794 5.76598 5.76898 5.77001 5.77001 5.77001 5.77001 5.77001 5.77001 5.77001 5.76563 5.75891 8.1505 5.76176 5.75927 5.77001 5.77001 5.77001 5.77001 5.77001 5.77001 5.77001 5.77001 5.77001 5.77001 5.77001 5.77001 5.77001 5.77001 5.77001 5.77001 5.77001 5.77001 5.77001 5.77001 5.77001 5.77001 5.77001 5.77001 5.77001
8.03534 13.8255 13.8387 8.05548 5.74867 5.76809 5.60376 7.21543 13.0518 18.9482 24.796 30.6183 34.032 28.2206 22.3979 16.5548 10.7048 5.81802 6.1576 6.16002 6.16002 6.16002 6.16002 6.16002 6.16002 6.16002 6.16002 6.15898 6.12701 5.75757 5.76966 5.77001 5.77001 5.77001 5.77001 5.77001 5.77001 5.77001 5.76595 5.76468 8.15049 5.76159 5.75852 5.77001 5.77001 5.77001 5.77001 5.77001 5.77001 5.77001 5.77001 5.77001 5.77001 5.77001 5.77001 5.77001 5.77001 5.77001 5.77001 5.77001 5.77001 5.77001 5.77001 5.77001 5.77001 5.77001 5.74261
13.8173 16.2161 16.2318 13.8324 8.05471 5.74674 5.65109 5.48985 10.8187 16.7122 22.5498 28.3541 32.3841 28.2899 22.4715 16.6362 10.7891 5.83699 6.1593 6.16002 6.16002 6.16002 6.16002 6.16002 6.16002 6.16002 6.16002 6.15982 6.15143 6.15606 5.76365 5.76871 5.76896 5.7693 5.76964 5.77001 5.77001 5.77001 5.77001 5.76583 5.7641 8.15004 5.75926 5.75214 5.77001 5.77001 5.77001 5.77001 5.77001 5.77001 5.77001 5.77001 5.77001 5.77001 5.77001 5.77001 5.77001 5.77001 5.77001 5.77001 5.77001 5.77001 5.77001 5.77001 5.77001 5.77001 5.67101
19.5997 21.9924 22.0055 16.2294 13.8354 8.06627 11.4543 7.73562 13.5897 19.1923 21.7901 24.1791 29.9912 28.332 22.5153 16.684 10.8362 5.8272 6.15958 6.15991 6.16002 6.16002 6.16002 6.16002 6.16002 6.16002 6.16002 6.15997 6.16 6.15607 6.15746 6.158 6.15766 6.15828 5.76924 5.76957 5.76964 5.77001 5.77001 5.77001 5.76526 5.76385 8.14927 5.75607 5.7455 5.77001 5.77001 5.77001 5.77001 5.77001 5.77001 5.77001 5.77001 5.77001 5.77001 5.77001 5.77001 5.77001 5.77001 5.77001 5.77001 5.77001 5.77001 5.77001 5.77001 5.77001 5.671
25.376 27.7682 24.3992 22.0077 16.2389 13.8504 16.0572 13.6683 11.4109 13.6796 15.9689 21.7786 27.5935 28.3028 22.4807 16.6449 10.7782 5.75083 6.12573 6.15971 6.15998 6.16002 6.15998 6.16002 6.16002 6.16002 6.16002 6.16002 6.16001 6.16001 6.16002 6.16002 6.16002 6.15932 6.15942 6.15938 5.76967 5.77001 5.77001 5.77001 5.77001 5.76287 5.76163 8.14397 5.74162 5.72159 5.74259 5.76513 5.77001 5.77001 5.77001 5.77001 5.77001 5.77001 5.77001 5.77001 5.77001 5.77001 5.77001 5.77001 5.77001 5.77001 5.77001 5.77001 5.77001 5.77001 5.6918
22.9936 27.8542 27.8568 24.4061 22.0155 19.6244 13.8973 11.5092 11.5178 11.3971 13.6044 19.4024 25.212 30.7019 24.8938 19.0653 13.2335 7.40801 5.85364 6.1371 6.15979 6.15993 6.16002 6.16002 6.16002 6.16002 6.16002 6.16002 6.16002 6.16002 6.16002 6.16002 6.15925 6.15838 5.76917 5.76937 5.76946 5.77001 5.77001 5.77001 5.77001 5.77001 5.76443 5.74112 7.97272 7.95149 6.0067 5.76384 5.77001 5.77001 5.77001 5.7494 5.70747 5.59375 5.40026 5.0263 5.06265 5.52161 5.51621 5.37599 5.55508 5.77001 5.77001 5.77001 5.77001 5.77001 5.50949
23.0116 23.0061 23.0109 25.4038 23.0479 17.275 11.5025 11.5358 11.54 11.5222 11.3558 17.038 22.8454 28.6498 27.3022 21.5024 15.6684 13.2788 7.70749 5.8804 6.13385 6.15977 6.15999 6.16002 6.16002 6.16002 6.16002 6.16002 6.16002 6.16002 6.16002 6.15924 6.15791 5.76869 5.76963 5.77001 5.77001 5.77001 5.77001 5.77001 5.77001 5.77001 5.7587 5.63533 11.3068 11.1771 5.57342 5.74346 5.77001 5.77001 5.72833 5.73482 8.04915 10.8075 10.4906 10.4206 6.4296 3.72001 4.21859 7.04752 5.29286 5.77001 5.77001 5.77001 5.77001 5.77001 4.64279
17.2364 17.2285 17.2329 19.6292 17.2749 16.2594 11.5107 11.5375 11.54 11.54 11.3919 17.0962 22.8945 28.6904 29.725 23.9111 21.5077 15.91 13.5117 7.76216 5.88966 6.14076 6.15947 6.15998 6.16002 6.16002 6.16002 6.16002 6.16001 6.16001 6.15858 6.15827 5.76867 5.7693 5.77001 5.77001 5.77001 5.77001 5.77001 5.77001 5.77001 5.75545 5.64935 7.49289 13.384 13.04 7.16481 5.70198 5.77001 5.77001 5.72182 8.11413 5.72767 5.10979 4.75396 8.10813 11.3899 8.10588 10.087 4.54805 4.5967 5.77001 5.77001 5.77001 5.77001 5.77001 3.89684
11.4538 11.4478 11.4524 13.8818 11.4984 13.8437 8.06962 11.5327 11.536 11.5221 11.378 17.0759 22.8735 28.6681 32.1163 29.709 24.1239 21.7214 15.9536 13.5608 7.80854 5.90654 6.14145 6.15954 6.15999 6.16002 6.16002 6.16001 6.16001 6.15634 6.1574 5.76784 5.76967 5.77001 5.77001 5.77001 5.77001 5.76707 5.76238 5.7536 5.72038 5.64988 7.47824 13.3182 15.7956 12.9284 7.28732 5.71118 5.77001 5.77001 5.58945 5.46921 5.58321 5.77001 5.17301 4.12095 6.28968 10.3336 13.3704 5.75666 3.36731 5.1997 5.67707 5.69295 5.77001 5.77001 4.41656
5.74582 5.74968 5.74748 8.11337 5.72849 8.03488 13.8448 11.5121 13.9077 11.401 13.7146 19.4938 25.2715 31.0594 36.8435 32.3168 29.9151 24.1608 21.7647 15.9972 13.6092 7.86718 5.74918 6.13933 6.15957 6.15999 6.16002 6.16001 6.15515 6.15724 5.76434 5.76968 5.77001 5.77001 5.77001 5.77001 5.77001 5.76762 7.84247 8.08361 11.4599 7.77773 13.3295 15.7633 16.2907 10.3472 4.8944 5.67629 5.77001 5.65511 5.49816 5.34936 5.56914 5.77001 5.77 5.02218 4.42846 3.30762 9.18272 9.72149 4.4408 2.27949 3.0288 1.93369 1.50854 2.03463 1.72189
5.76791 5.77001 5.76696 5.7666 5.76597 5.72853 11.4987 15.2887 16.284 17.2073 16.1392 21.8998 27.6865 33.4538 39.2352 37.8091 32.0232 29.9557 24.199 21.8076 16.0586 13.5195 7.62318 5.51859 6.14017 6.15981 6.16001 6.15867 6.1574 5.76305 5.76969 5.77001 5.77001 5.77001 5.77001 5.77001 5.77001 5.7667 5.75459 11.495 16.0322 13.6401 16.0136 19.0344 17.1969 11.3028 4.80647 5.05203 5.35993 5.45368 6.20177 6.36278 4.8635 5.77001 5.77 5.77 5.77 4.23348 5.31489 10.7542 9.37774 3.15871 5.83344 3.30862 5.85561 3.02688 4.93408
5.77001 5.77001 5.77001 5.77001 5.768 8.12847 13.8576 16.2476 22.0199 22.9873 21.9456 24.3237 30.0854 35.863 41.6264 40.2026 37.8059 32.3839 29.2293 24.0401 19.3613 15.9422 13.2884 7.6011 5.42159 6.14549 6.15943 6.15826 5.76807 5.76974 5.77001 5.77001 5.77001 5.77001 5.77001 5.77001 5.77001 5.77001 5.74846 11.4579 11.4475 11.363 11.1471 13.1803 15.6293 13.789 10.9578 7.10482 3.48136 4.32088 2.53511 8.07278 3.10677 5.00222 5.77001 5.77 5.77 5.19529 3.62528 5.97039 11.409 17.2939 12.8472 15.1541 12.4833 12.5422 12.6508
5.77001 5.77001 5.77001 5.77001 5.76854 5.75692 8.06953 13.8459 19.6254 25.2535 27.6442 30.0315 32.4146 38.188 43.9639 45.8204 40.5604 37.4071 31.8001 26.0101 20.2129 14.4304 15.9662 13.4652 7.75505 5.48159 6.13935 5.75041 5.76831 5.77001 5.77001 5.77001 5.77001 5.77001 5.77001 5.77001 5.77001 5.77001 5.5254 5.6874 5.69718 5.69687 5.57795 7.24708 9.8345 12.2479 15.3568 9.65356 4.91536 1.21849 4.05348 8.67475 4.18639 3.52697 5.77001 5.77 5.77 5.77 4.06113 2.08856 7.02989 14.1384 20.7669 23.1547 21.4434 22.9232 20.53
5.77001 5.77001 5.77001 5.77001 5.76875 5.76545 5.74214 11.4658 17.2161 19.466 21.8494 24.2354 30.0155 35.7941 41.5711 40.0443 41.9932 36.2131 30.4196 24.6126 18.7683 14.3626 15.5656 15.9927 13.5165 7.71015 5.39559 6.07394 5.75479 5.7694 5.77001 5.77001 5.77001 5.77001 5.77001 5.77001 5.77001 5.77001 5.77001 5.77001 5.77001 5.77001 5.75479 5.45192 4.59082 5.83826 8.21207 15.0751 11.8325 7.37535 10.2699 13.8774 6.54227 0 4.7478 5.77 5.77 5.77 5.77 3.12189 4.00673 10.8488 17.5684 24.2664 30.0834 23.1794 17.0572
5.77001 5.77001 5.77001 5.77001 5.76771 8.15155 8.13175 13.8652 11.4239 13.6553 16.0371 21.8308 27.6195 33.4014 36.6605 34.2598 36.6587 38.6124 32.8247 27.0139 21.1905 20.0654 21.3099 21.1531 15.9142 13.4495 7.73148 7.95762 5.93885 5.73747 5.76518 5.77001 5.77001 5.77001 5.77001 5.77001 5.77001 5.77001 5.77001 5.77001 5.77001 5.77001 5.77001 5.77001 5.51412 3.76362 3.32892 10.3531 17.5906 16.5468 17.8433 17.424 8.44283 0 0 2.48446 4.33665 5.33493 5.50418 3.85899 0 7.3565 15.1098 21.8634 27.456 19.6854 11.8508
5.77001 5.77001 5.77001 5.77001 5.76583 5.76503 8.14433 8.11154 5.68538 7.83314 13.6277 19.434 25.2295 28.6062 30.8781 28.4693 30.8681 33.2747 35.2304 29.4471 27.0349 25.8954 27.11 24.1205 21.6602 15.9396 13.5713 13.7629 11.7455 8.03478 5.75683 5.77001 5.77001 5.77001 5.77001 5.77001 5.77001 5.77001 5.77001 5.77001 5.77001 5.77001 5.77001 5.77001 5.77001 4.04176 3.23025 9.15571 17.0284 23.8942 24.9441 19.6753 10.496 3.58969 0 0 0 0 0 0 0 7.98142 17.6336 24.9761 24.6615 16.1779 7.88706
5.77001 5.77001 5.77001 5.77001 5.77001 5.76794 5.76585 5.76736 5.76187 5.66901 11.272 17.0878 22.8842 22.8213 25.0905 22.6682 25.0711 27.4772 29.8895 32.2995 32.8461 31.7026 32.3119 29.85 24.069 21.6911 16.0822 13.6913 11.4214 8.07147 5.75835 5.77001 5.76893 5.76738 5.76747 5.76801 5.77001 5.77001 5.77001 5.77001 5.77001 5.77001 5.77001 5.77001 5.77001 3.23935 0.634433 6.86473 15.0189 22.8789 29.6261 21.7576 15.7915 7.87655 3.60227 1.64786 3.51121 0 0 0 0.751089 8.45341 19.7339 27.6854 20.6696 11.6967 2.86741
