tests/full-run-ref/erosion_78_23_-57.856.asc
ncols 512
nrows 512
xllcorner -3.24582
yllcorner -4.08743
cellsize 5
NODATA_value -99999
[rows 0 to 30 of 512, columns 0 to 68 of 512]
349.833 349.805 349.778 349.748 349.716 349.684 349.648 349.606 349.557 349.502 349.441 349.371 349.291 349.202 349.105 349.003 348.892 348.773 348.65 348.527 348.402 348.275 348.148 348.024 347.903 347.784 347.669 347.56 347.457 347.357 347.266 347.186 347.117 347.058 347.011 346.979 346.965 346.966 346.978 347 347.032 347.076 347.125 347.173 347.217 347.261 347.306 347.351 347.392 347.43 347.475 347.536 347.614 347.703 347.81 347.945 348.112 348.307 348.522 348.75 348.997 349.266 349.537 349.79 350.026 350.255 350.462 350.632 350.759
350.061 351.043 351.025 351.004 350.979 350.954 350.923 350.886 350.84 350.788 350.728 350.659 350.58 350.492 350.396 350.294 350.186 350.069 349.949 349.828 349.706 349.582 349.458 349.336 349.216 349.097 348.98 348.868 348.759 348.652 348.552 348.462 348.383 348.311 348.252 348.208 348.181 348.17 348.171 348.181 348.203 348.238 348.279 348.319 348.357 348.396 348.436 348.478 348.517 348.554 348.599 348.661 348.74 348.831 348.941 349.077 349.245 349.441 349.657 349.883 350.127 350.393 350.66 350.908 351.139 351.362 351.564 351.729 351.853
350.279 351.271 351.262 351.249 351.232 351.212 351.187 351.154 351.111 351.061 351.003 350.935 350.857 350.769 350.674 350.573 350.466 350.352 350.234 350.116 349.998 349.878 349.757 349.637 349.519 349.4 349.283 349.168 349.055 348.942 348.834 348.736 348.647 348.564 348.493 348.437 348.398 348.375 348.364 348.364 348.376 348.401 348.434 348.467 348.498 348.532 348.568 348.607 348.644 348.68 348.725 348.787 348.867 348.959 349.071 349.208 349.377 349.573 349.787 350.011 350.252 350.512 350.773 351.016 351.24 351.457 351.652 351.813 351.934
350.49 351.49 351.49 351.484 351.473 351.459 351.439 351.409 351.369 351.32 351.262 351.195 351.117 351.029 350.933 350.832 350.727 350.615 350.499 350.382 350.268 350.151 350.035 349.917 349.8 349.683 349.566 349.449 349.333 349.215 349.102 348.996 348.899 348.807 348.726 348.659 348.61 348.575 348.552 348.538 348.534 348.54 348.545 348.538 348.519 348.489 348.46 348.438 348.443 348.422 348.422 348.636 348.843 349.015 349.177 349.338 349.509 349.703 349.914 350.135 350.37 350.624 350.879 351.114 351.332 351.541 351.729 351.884 352.002
350.693 351.702 351.709 351.71 351.704 351.695 351.679 351.652 351.613 351.565 351.507 351.439 351.361 351.271 351.175 351.074 350.969 350.858 350.745 350.631 350.52 350.408 350.296 350.182 350.069 349.954 349.839 349.723 349.606 349.486 349.369 349.26 349.156 349.057 348.967 348.892 348.834 348.789 348.758 348.735 348.725 348.725 348.725 348.714 348.681 348.626 348.538 348.411 348.231 348.113 348.222 348.582 348.913 349.125 349.303 349.47 349.64 349.832 350.039 350.255 350.483 350.729 350.975 351.202 351.412 351.613 351.793 351.943 352.056
350.887 351.904 351.918 351.925 351.925 351.92 351.907 351.882 351.845 351.796 351.738 351.669 351.59 351.499 351.401 351.3 351.195 351.086 350.974 350.864 350.755 350.648 350.541 350.432 350.323 350.212 350.102 349.989 349.872 349.751 349.633 349.519 349.412 349.306 349.21 349.128 349.061 349.009 348.967 348.937 348.92 348.914 348.912 348.901 348.871 348.82 348.736 348.6 348.389 348.182 348.251 348.605 349.002 349.236 349.429 349.601 349.772 349.959 350.161 350.369 350.59 350.827 351.062 351.28 351.481 351.672 351.845 351.988 352.098
351.073 352.097 352.118 352.13 352.134 352.133 352.122 352.099 352.062 352.013 351.953 351.883 351.802 351.709 351.609 351.507 351.403 351.294 351.184 351.076 350.971 350.869 350.767 350.664 350.558 350.454 350.347 350.238 350.122 350.003 349.884 349.77 349.659 349.55 349.448 349.36 349.287 349.228 349.178 349.141 349.117 349.106 349.1 349.089 349.062 349.018 348.946 348.826 348.625 348.386 348.374 348.664 349.087 349.348 349.552 349.731 349.903 350.085 350.28 350.48 350.692 350.917 351.142 351.35 351.54 351.722 351.885 352.022 352.127
351.252 352.282 352.308 352.325 352.332 352.333 352.324 352.302 352.264 352.214 352.152 352.08 351.997 351.901 351.798 351.695 351.59 351.481 351.372 351.266 351.165 351.066 350.968 350.87 350.769 350.67 350.569 350.464 350.352 350.235 350.118 350.005 349.894 349.783 349.678 349.587 349.509 349.443 349.389 349.345 349.316 349.3 349.289 349.276 349.254 349.215 349.153 349.046 348.865 348.615 348.526 348.736 349.145 349.455 349.673 349.859 350.034 350.209 350.396 350.587 350.788 351.002 351.215 351.412 351.592 351.763 351.917 352.046 352.147
351.425 352.459 352.489 352.509 352.518 352.521 352.512 352.49 352.451 352.398 352.333 352.258 352.171 352.072 351.966 351.86 351.754 351.644 351.535 351.43 351.331 351.237 351.143 351.049 350.955 350.861 350.766 350.667 350.56 350.449 350.336 350.226 350.117 350.007 349.901 349.808 349.73 349.661 349.602 349.554 349.521 349.499 349.486 349.471 349.449 349.416 349.362 349.267 349.1 348.859 348.697 348.83 349.205 349.56 349.799 349.991 350.166 350.334 350.512 350.692 350.881 351.082 351.282 351.466 351.634 351.794 351.938 352.06 352.155
351.591 352.628 352.661 352.683 352.694 352.696 352.687 352.663 352.622 352.566 352.497 352.419 352.328 352.224 352.114 352.005 351.896 351.785 351.675 351.571 351.474 351.383 351.293 351.204 351.116 351.03 350.942 350.849 350.75 350.646 350.539 350.434 350.329 350.221 350.119 350.028 349.948 349.878 349.818 349.767 349.73 349.705 349.687 349.671 349.651 349.622 349.575 349.495 349.348 349.113 348.905 348.964 349.285 349.661 349.928 350.125 350.297 350.459 350.625 350.794 350.97 351.157 351.341 351.512 351.668 351.816 351.949 352.062 352.152
351.747 352.787 352.822 352.845 352.856 352.858 352.849 352.823 352.779 352.719 352.646 352.564 352.469 352.361 352.247 352.134 352.023 351.91 351.799 351.695 351.6 351.512 351.427 351.342 351.259 351.18 351.1 351.015 350.922 350.825 350.726 350.628 350.528 350.425 350.327 350.237 350.159 350.088 350.028 349.975 349.936 349.908 349.886 349.869 349.85 349.825 349.788 349.725 349.605 349.394 349.168 349.15 349.399 349.767 350.057 350.258 350.426 350.58 350.734 350.89 351.052 351.224 351.394 351.551 351.694 351.83 351.952 352.057 352.14
351.894 352.935 352.971 352.995 353.005 353.007 352.996 352.968 352.922 352.859 352.783 352.697 352.598 352.486 352.368 352.253 352.14 352.025 351.913 351.809 351.715 351.629 351.547 351.466 351.388 351.315 351.241 351.163 351.078 350.988 350.896 350.804 350.709 350.612 350.518 350.432 350.356 350.286 350.224 350.172 350.131 350.1 350.076 350.056 350.038 350.016 349.988 349.939 349.844 349.676 349.451 349.372 349.539 349.868 350.172 350.38 350.546 350.692 350.834 350.979 351.127 351.284 351.439 351.583 351.713 351.837 351.949 352.045 352.122
352.03 353.071 353.108 353.131 353.14 353.141 353.128 353.098 353.049 352.983 352.903 352.814 352.712 352.596 352.475 352.357 352.241 352.124 352.011 351.906 351.813 351.728 351.648 351.571 351.497 351.429 351.361 351.289 351.211 351.129 351.045 350.961 350.873 350.782 350.693 350.611 350.538 350.471 350.41 350.358 350.316 350.284 350.259 350.238 350.219 350.199 350.175 350.138 350.068 349.931 349.736 349.601 349.692 349.967 350.274 350.496 350.659 350.798 350.929 351.06 351.194 351.336 351.476 351.606 351.724 351.836 351.937 352.024 352.095
352.156 353.197 353.232 353.254 353.262 353.26 353.245 353.213 353.161 353.091 353.008 352.916 352.811 352.691 352.567 352.446 352.327 352.208 352.093 351.988 351.894 351.81 351.732 351.657 351.588 351.524 351.462 351.397 351.326 351.252 351.176 351.1 351.019 350.936 350.854 350.779 350.709 350.645 350.586 350.537 350.495 350.462 350.436 350.414 350.395 350.377 350.357 350.329 350.276 350.173 350.004 349.844 349.859 350.076 350.372 350.61 350.769 350.898 351.016 351.133 351.254 351.381 351.506 351.621 351.727 351.826 351.917 351.995 352.06
352.272 353.312 353.346 353.366 353.372 353.368 353.35 353.315 353.261 353.189 353.103 353.008 352.9 352.778 352.651 352.528 352.408 352.287 352.17 352.064 351.97 351.886 351.809 351.737 351.671 351.612 351.555 351.495 351.43 351.363 351.295 351.226 351.153 351.077 351.002 350.933 350.869 350.807 350.752 350.703 350.664 350.63 350.603 350.581 350.561 350.544 350.527 350.507 350.47 350.396 350.265 350.103 350.058 350.206 350.471 350.715 350.871 350.991 351.095 351.2 351.307 351.418 351.529 351.631 351.724 351.812 351.893 351.963 352.021
352.377 353.415 353.447 353.465 353.469 353.463 353.444 353.407 353.352 353.278 353.191 353.095 352.986 352.863 352.736 352.611 352.491 352.369 352.252 352.145 352.052 351.968 351.892 351.82 351.756 351.7 351.647 351.591 351.531 351.471 351.409 351.346 351.279 351.208 351.138 351.074 351.013 350.956 350.902 350.856 350.816 350.783 350.756 350.732 350.713 350.696 350.681 350.665 350.641 350.592 350.5 350.366 350.278 350.352 350.567 350.804 350.958 351.07 351.164 351.256 351.35 351.45 351.547 351.637 351.719 351.798 351.869 351.931 351.984
352.469 353.505 353.534 353.551 353.553 353.546 353.525 353.488 353.431 353.358 353.271 353.175 353.067 352.945 352.818 352.694 352.574 352.452 352.335 352.229 352.135 352.051 351.975 351.904 351.841 351.786 351.735 351.681 351.625 351.569 351.511 351.452 351.39 351.324 351.259 351.198 351.141 351.086 351.035 350.989 350.951 350.918 350.891 350.867 350.847 350.831 350.817 350.804 350.787 350.756 350.697 350.599 350.501 350.508 350.66 350.872 351.031 351.136 351.22 351.302 351.384 351.47 351.556 351.636 351.709 351.778 351.841 351.897 351.944
352.55 353.583 353.61 353.624 353.624 353.616 353.594 353.556 353.5 353.427 353.342 353.247 353.14 353.02 352.895 352.773 352.654 352.534 352.418 352.312 352.219 352.134 352.057 351.986 351.923 351.868 351.817 351.765 351.71 351.657 351.603 351.547 351.488 351.427 351.366 351.308 351.253 351.201 351.152 351.109 351.071 351.039 351.012 350.988 350.968 350.952 350.939 350.927 350.913 350.893 350.857 350.793 350.702 350.669 350.757 350.928 351.086 351.189 351.266 351.336 351.408 351.483 351.558 351.628 351.692 351.754 351.811 351.86 351.902
352.62 353.65 353.674 353.686 353.686 353.676 353.653 353.616 353.561 353.49 353.406 353.314 353.211 353.094 352.972 352.854 352.737 352.619 352.504 352.4 352.306 352.221 352.144 352.072 352.009 351.953 351.901 351.849 351.796 351.744 351.691 351.638 351.581 351.523 351.466 351.411 351.358 351.307 351.26 351.218 351.182 351.15 351.123 351.1 351.08 351.063 351.05 351.039 351.027 351.012 350.988 350.948 350.88 350.825 350.855 350.979 351.13 351.234 351.304 351.366 351.427 351.493 351.559 351.62 351.677 351.733 351.784 351.828 351.866
352.682 353.709 353.731 353.741 353.739 353.729 353.706 353.67 353.617 353.549 353.469 353.381 353.281 353.169 353.053 352.938 352.825 352.71 352.599 352.496 352.404 352.319 352.241 352.17 352.105 352.049 351.996 351.943 351.889 351.837 351.786 351.733 351.678 351.621 351.565 351.512 351.462 351.411 351.365 351.324 351.289 351.258 351.229 351.206 351.186 351.17 351.155 351.143 351.132 351.119 351.103 351.077 351.034 350.974 350.966 351.043 351.169 351.272 351.339 351.394 351.448 351.505 351.564 351.619 351.671 351.721 351.767 351.809 351.843
352.734 353.759 353.778 353.786 353.784 353.773 353.752 353.717 353.667 353.604 353.529 353.446 353.352 353.247 353.137 353.029 352.921 352.811 352.704 352.604 352.514 352.43 352.352 352.28 352.214 352.155 352.1 352.046 351.991 351.937 351.884 351.831 351.775 351.718 351.663 351.61 351.559 351.509 351.463 351.422 351.387 351.355 351.328 351.303 351.283 351.266 351.252 351.239 351.226 351.213 351.199 351.182 351.154 351.111 351.084 351.12 351.207 351.3 351.365 351.416 351.465 351.517 351.569 351.62 351.668 351.716 351.76 351.798 351.83
352.777 353.798 353.815 353.822 353.82 353.81 353.79 353.758 353.712 353.654 353.585 353.509 353.423 353.326 353.224 353.123 353.021 352.918 352.816 352.721 352.633 352.55 352.472 352.399 352.332 352.27 352.212 352.154 352.096 352.04 351.984 351.928 351.871 351.813 351.756 351.702 351.65 351.601 351.554 351.512 351.476 351.445 351.417 351.392 351.371 351.353 351.337 351.323 351.309 351.295 351.28 351.265 351.246 351.217 351.186 351.194 351.246 351.32 351.382 351.432 351.478 351.527 351.576 351.623 351.67 351.715 351.758 351.795 351.825
352.811 353.83 353.845 353.851 353.848 353.839 353.822 353.793 353.752 353.699 353.638 353.569 353.491 353.403 353.31 353.217 353.124 353.027 352.931 352.841 352.756 352.675 352.597 352.524 352.455 352.391 352.33 352.269 352.208 352.148 352.089 352.03 351.97 351.91 351.851 351.795 351.743 351.692 351.644 351.602 351.565 351.534 351.505 351.48 351.458 351.438 351.422 351.405 351.389 351.372 351.355 351.338 351.318 351.292 351.264 351.257 351.285 351.338 351.396 351.448 351.495 351.542 351.59 351.636 351.681 351.727 351.77 351.806 351.834
352.841 353.858 353.87 353.876 353.873 353.865 353.85 353.824 353.788 353.742 353.687 353.626 353.556 353.477 353.394 353.309 353.224 353.135 353.046 352.961 352.88 352.801 352.725 352.652 352.583 352.517 352.453 352.389 352.326 352.263 352.201 352.139 352.077 352.014 351.954 351.896 351.842 351.791 351.742 351.699 351.662 351.629 351.601 351.574 351.551 351.531 351.512 351.494 351.474 351.455 351.434 351.414 351.39 351.361 351.331 351.317 351.329 351.369 351.419 351.472 351.521 351.57 351.619 351.664 351.71 351.757 351.8 351.835 351.862
352.866 353.88 353.891 353.895 353.893 353.887 353.873 353.852 353.82 353.781 353.734 353.68 353.619 353.551 353.477 353.402 353.325 353.245 353.164 353.085 353.008 352.933 352.86 352.788 352.719 352.652 352.586 352.52 352.454 352.388 352.322 352.257 352.192 352.128 352.065 352.005 351.95 351.897 351.848 351.803 351.765 351.732 351.702 351.675 351.65 351.628 351.607 351.586 351.564 351.54 351.516 351.492 351.464 351.431 351.398 351.378 351.384 351.413 351.456 351.507 351.559 351.611 351.661 351.709 351.756 351.803 351.849 351.884 351.909
352.883 353.895 353.905 353.909 353.908 353.903 353.892 353.875 353.849 353.816 353.777 353.733 353.681 353.623 353.56 353.495 353.427 353.356 353.284 353.212 353.141 353.071 353 352.93 352.862 352.794 352.726 352.658 352.589 352.52 352.451 352.383 352.315 352.247 352.181 352.12 352.062 352.008 351.958 351.911 351.872 351.837 351.807 351.778 351.751 351.728 351.704 351.681 351.654 351.627 351.598 351.57 351.538 351.501 351.463 351.441 351.439 351.461 351.5 351.547 351.602 351.66 351.714 351.764 351.815 351.866 351.913 351.951 351.975
352.897 353.907 353.915 353.918 353.918 353.915 353.907 353.893 353.873 353.847 353.816 353.78 353.738 353.69 353.637 353.582 353.525 353.463 353.4 353.335 353.271 353.205 353.138 353.071 353.003 352.935 352.866 352.797 352.726 352.654 352.582 352.511 352.441 352.37 352.302 352.238 352.179 352.123 352.072 352.025 351.983 351.948 351.916 351.886 351.858 351.832 351.807 351.781 351.751 351.718 351.685 351.652 351.615 351.572 351.529 351.502 351.497 351.514 351.551 351.6 351.657 351.719 351.78 351.834 351.886 351.942 351.993 352.03 352.055
352.908 353.915 353.922 353.925 353.926 353.924 353.918 353.908 353.893 353.873 353.849 353.821 353.787 353.749 353.706 353.661 353.612 353.559 353.504 353.448 353.389 353.329 353.266 353.202 353.137 353.069 353.001 352.931 352.859 352.786 352.712 352.639 352.568 352.496 352.426 352.361 352.3 352.244 352.191 352.144 352.101 352.065 352.033 352.001 351.971 351.943 351.916 351.887 351.854 351.818 351.78 351.742 351.701 351.652 351.603 351.57 351.561 351.577 351.614 351.664 351.727 351.793 351.858 351.916 351.972 352.031 352.083 352.122 352.145
352.915 353.921 353.926 353.929 353.93 353.929 353.926 353.919 353.908 353.894 353.876 353.855 353.829 353.8 353.766 353.73 353.69 353.646 353.6 353.551 353.499 353.444 353.387 353.327 353.265 353.199 353.132 353.063 352.992 352.918 352.844 352.771 352.699 352.626 352.556 352.49 352.429 352.372 352.319 352.271 352.229 352.192 352.158 352.125 352.094 352.064 352.035 352.003 351.967 351.928 351.886 351.845 351.799 351.744 351.691 351.653 351.642 351.656 351.693 351.746 351.813 351.885 351.955 352.015 352.075 352.136 352.192 352.23 352.251
352.919 353.923 353.927 353.93 353.931 353.931 353.93 353.926 353.919 353.91 353.898 353.883 353.865 353.844 353.819 353.791 353.76 353.726 353.688 353.646 353.601 353.553 353.502 353.447 353.388 353.326 353.261 353.194 353.125 353.052 352.978 352.905 352.833 352.76 352.69 352.624 352.563 352.507 352.454 352.406 352.363 352.326 352.291 352.257 352.224 352.192 352.161 352.126 352.087 352.045 352 351.956 351.906 351.849 351.791 351.751 351.737 351.751 351.79 351.845 351.916 351.993 352.067 352.131 352.193 352.258 352.314 352.353 352.373
352.921 353.923 353.926 353.927 353.929 353.93 353.93 353.928 353.925 353.921 353.915 353.906 353.894 353.881 353.864 353.844 353.821 353.795 353.765 353.731 353.694 353.652 353.606 353.557 353.503 353.445 353.383 353.319 353.251 353.18 353.107 353.036 352.965 352.893 352.823 352.758 352.698 352.642 352.589 352.541 352.499 352.461 352.427 352.392 352.356 352.323 352.29 352.253 352.212 352.167 352.119 352.072 352.022 351.961 351.902 351.859 351.846 351.861 351.899 351.957 352.03 352.11 352.187 352.255 352.319 352.385 352.443 352.482 352.499
