tests/full-run-ref/erosion_86_12_73.390.asc
ncols 512
nrows 512
xllcorner -3.24582
yllcorner -4.08743
cellsize 5
NODATA_value -99999
[rows 210 to 239 of 512, columns 340 to 407 of 512]
5.72981 5.7141 5.10414 5.70727 5.64711 5.72927 6.07469 6.55571 5.65881 5.96307 5.09761 5.46621 4.96172 5.9515 5.30638 6.61625 5.6499 6.27343 6.37025 6.61354 5.40954 4.73699 4.94091 5.34975 5.81754 6.33713 4.87732 6.16188 4.23282 5.49752 5.15091 6.03125 6.54182 6.40654 5.63236 5.31187 5.22033 5.22571 5.65573 4.8284 5.59776 5.22685 5.14667 5.15926 6.202 5.58518 6.00141 5.37617 4.93323 4.9506 5.48251 4.77081 5.45488 4.78214 5.46867 5.18244 5.02549 5.21214 5.21875 5.38017 5.78858 5.43159 5.84369 4.87527 5.55095 5.62078 5.33108 6.09477
6.18327 6.13498 6.03376 5.75309 6.2792 5.73222 6.10765 5.39968 4.81626 5.2598 4.54751 5.34673 5.80594 6.06545 6.38764 5.66183 4.99531 6.00389 5.10701 6.09577 5.93228 6.58074 5.37738 4.61972 4.85083 4.98944 4.41076 4.80067 5.33766 5.79328 6.00707 5.78718 5.53634 6.01872 5.40243 5.56439 5.69234 5.99072 5.72487 5.03136 5.53879 4.92274 4.87312 5.10922 5.35996 5.90627 6.00162 5.88309 5.72234 5.00849 5.07332 5.04759 4.56987 4.64572 5.21547 4.68235 4.56776 5.44002 6.16618 5.76333 6.11316 5.36556 6.41021 5.2803 5.92888 5.81299 4.8312 5.79884
6.01986 5.98351 5.74191 5.6332 6.55932 6.34316 6.41728 6.62233 5.86523 5.14792 5.62661 5.66913 4.6865 6.45746 6.52679 7.19987 6.48197 6.64923 6.286 5.40729 5.59897 5.09589 5.66988 4.85625 5.04483 5.14087 5.22401 4.8587 5.08292 5.44354 5.09874 5.55553 6.35679 6.02311 5.58185 5.5844 5.27949 5.33783 4.84873 4.15435 5.351 5.30372 6.56365 5.29757 6.20747 5.88105 6.85096 5.44044 5.20214 5.46312 4.44456 4.76043 4.92761 5.06324 5.47743 5.05257 4.71762 5.38187 5.20849 5.18874 5.54531 5.2861 6.17717 5.05226 5.11846 5.41324 5.6684 5.63304
5.89664 6.10115 6.09533 5.85014 6.52228 5.58442 6.45743 5.24184 5.41908 5.17101 5.56996 5.67214 5.92252 5.91546 5.74678 5.97805 5.5271 6.25025 5.27754 5.87285 5.59899 5.00806 5.51655 6.09305 5.01673 5.11015 4.49073 5.97666 4.73049 5.05938 5.13132 5.14009 5.05936 5.11868 5.65255 6.03278 5.59454 4.86672 5.3855 4.81662 5.3836 4.49666 5.87262 6.19993 5.48375 5.40266 4.96893 5.06226 4.89382 5.75062 4.89577 5.204 5.41523 5.15554 4.79601 5.47624 5.22091 5.16627 5.47696 6.02446 4.64053 5.6474 5.58991 5.71056 5.88151 6.22446 5.59945 5.89359
6.48698 6.23914 6.30902 5.68876 6.09003 5.31883 6.55491 5.26511 5.83075 5.74613 6.12697 5.8668 5.74781 6.24178 6.91576 6.69608 6.21306 6.41665 5.02148 5.63797 5.38845 5.2054 4.95638 5.03602 5.43048 5.32341 4.32773 5.76268 5.5073 4.59167 5.568 5.69715 5.16714 5.5364 4.46172 5.30517 5.32742 5.24233 4.8116 4.25816 5.52946 5.30722 6.27625 5.57714 5.75541 5.58854 5.36093 5.50833 5.75763 5.51589 5.31339 5.07041 5.94653 5.18702 5.29109 5.69831 5.04646 5.1129 5.48143 5.3558 4.68168 7.03329 5.9317 6.00181 5.88793 6.47408 6.19478 5.99203
5.75611 5.7375 5.9356 5.55531 6.12977 5.31953 6.40766 5.48601 6.08657 6.15377 6.84576 5.83188 5.64837 5.19647 5.13586 5.70053 5.76244 5.06778 5.19928 5.60699 4.85736 6.0612 5.05642 4.21132 5.43379 5.11058 5.83618 5.32207 5.72858 5.57267 5.49969 5.33079 4.80242 5.33931 5.09802 5.81018 4.82108 5.02374 4.79984 4.39479 5.5746 4.46118 5.37416 4.94578 5.55854 4.45596 5.22426 5.53613 5.1961 4.66176 5.25079 5.39037 5.12535 5.10639 5.22626 5.87481 5.93403 5.86146 5.94118 5.17846 5.01728 5.75792 4.97925 5.35427 5.5625 5.46365 5.96728 5.75453
5.59314 5.43329 6.12302 5.30067 6.30492 4.47719 5.45451 4.971 5.70678 6.05652 6.8818 6.7311 5.86868 6.89644 5.82525 6.14258 5.65837 5.70513 5.87918 5.79057 5.29026 5.12675 4.86099 5.32457 5.59476 5.23358 6.37892 5.38969 5.08191 4.97921 5.37554 5.95861 5.91582 5.13645 4.81747 5.41562 4.39392 5.0544 5.2708 3.88621 5.92257 4.46264 5.11232 5.31971 6.09989 5.37416 5.69887 5.46578 4.954 5.68055 4.95623 5.91646 4.8522 4.96473 5.35429 5.48387 5.20708 5.06861 4.75266 5.71844 5.63033 5.78132 5.19803 5.82906 5.4024 6.31504 6.28749 5.81027
5.51888 5.65597 5.72384 4.77241 5.93912 4.95106 5.96839 5.13421 5.84616 5.86806 5.48944 5.28133 6.37374 5.23478 6.43995 6.11194 5.96961 5.75544 6.05931 6.1175 5.22975 5.89514 5.50073 5.19204 5.49137 5.26202 5.77877 5.02124 5.66446 5.82311 6.0253 5.48105 5.46997 4.7979 4.85428 5.54885 5.55553 5.23819 4.79015 4.25628 6.57315 4.85569 5.15322 5.29405 6.63959 6.69827 5.07904 5.7257 4.34683 5.72745 5.26481 5.38863 4.71245 5.4347 5.36706 5.11751 5.42301 5.83809 6.34686 6.34639 5.06078 5.31205 4.79653 5.08302 5.32081 5.16873 5.78316 5.57047
5.1854 5.6408 6.13928 5.98459 5.64671 5.15758 6.49122 5.97934 5.26748 6.06367 5.99393 6.4323 6.0794 6.26989 6.03955 5.33786 5.56523 4.99922 4.98831 5.37307 4.87976 5.91258 4.82916 5.0343 5.14278 4.96881 5.27914 5.31055 5.57109 6.09844 4.9227 5.57867 5.35464 5.4894 4.81761 4.72053 5.25093 4.73943 5.01393 5.02066 6.5631 4.35695 5.40019 6.19404 5.38871 6.02504 4.68117 5.75864 3.87909 5.79644 4.67642 5.49287 5.18329 5.10728 5.00622 5.15134 5.7524 5.75566 6.02713 5.72395 5.59885 6.08359 5.35908 5.97723 6.28298 6.26843 6.3361 6.57085
6.2852 6.0517 5.41393 5.57337 5.6452 6.04659 5.77771 6.28083 5.85711 6.11783 5.2472 5.37659 5.78247 5.3791 5.29778 4.83632 5.5906 5.27787 5.37427 5.22969 5.25248 3.68787 4.82727 5.50052 4.58064 5.53206 5.05541 4.8582 5.15946 6.13741 5.02153 5.8234 4.69644 5.25594 5.7123 4.69894 5.31544 5.40852 5.46127 5.3735 5.523 5.7291 4.95358 5.49888 5.27651 6.7234 4.28156 6.99114 5.48292 5.13905 4.97344 4.64459 4.9531 5.06557 5.08941 5.35114 5.54422 5.91327 6.07781 5.92902 5.03885 6.58639 5.86007 5.4126 5.39228 5.48184 5.58596 5.05377
5.14007 5.18367 5.91146 5.99553 5.12294 5.60174 6.54511 6.16168 6.15968 6.32453 5.86426 5.92534 6.24325 5.4085 5.88968 5.85401 5.6051 5.51711 6.07637 5.60493 4.38946 5.86858 4.5706 4.68172 4.93121 4.86894 5.74747 5.37897 6.03737 5.62531 5.56534 5.75322 5.6395 5.06023 5.9668 4.92701 5.19353 4.886 4.58281 5.13264 5.62537 5.49312 5.22303 5.17146 5.94162 5.52811 4.14702 6.21272 4.10765 5.58236 4.81637 5.09299 4.84375 4.83566 5.92242 4.76279 5.29273 5.6634 5.67666 5.69072 5.03097 5.2921 4.98421 5.15233 5.6463 5.44147 6.38716 6.55827
5.66873 5.30722 5.96007 6.59532 5.95588 5.93363 5.76843 5.70864 5.3487 5.59445 5.60762 5.66794 6.05622 4.89616 5.01795 5.2017 5.44734 5.47781 5.17916 5.6665 4.65937 5.63773 4.7644 5.40558 4.73703 5.00866 5.13249 4.28114 5.21061 5.19485 5.57415 6.07968 5.11109 4.73475 5.56839 4.70108 5.3553 5.45892 5.30847 5.54332 5.73593 5.71055 6.86446 5.68984 5.74894 5.09898 4.62399 5.05748 4.57577 5.73884 4.77876 6.03709 5.12829 5.32463 5.81541 4.75119 5.43145 5.58021 6.00442 5.976 5.31318 5.18825 5.20821 4.72072 4.75845 5.52948 5.84656 5.2981
5.76364 6.52924 6.33272 5.43885 6.86554 6.17958 6.50129 6.26452 5.46812 5.57631 4.69819 5.8577 4.86978 5.49233 5.51868 5.66032 6.22245 4.55255 5.99233 5.07614 5.16655 5.64016 5.07328 5.68132 4.84985 4.59549 4.82862 5.27404 5.54302 5.70949 5.88896 5.80222 5.89305 4.35769 5.36059 4.47417 5.5572 4.96387 5.07558 4.91556 4.64342 5.29352 5.14467 5.16114 5.6497 4.99567 5.46084 4.76077 4.60941 4.33239 4.48585 5.38112 4.68123 4.54895 5.35771 5.80937 5.71358 5.48283 5.91262 5.51996 6.07724 5.36846 5.25594 5.37927 5.42601 6.67064 6.66761 5.88623
5.42634 5.07832 5.71092 5.28744 6.51279 6.27837 5.96995 5.8095 4.86742 5.05758 4.10831 5.45322 5.77676 5.38019 5.67265 5.88963 5.75228 5.1862 5.89998 4.24158 5.40481 5.53313 5.53288 6.33742 5.54727 5.15744 5.5141 5.02386 5.83609 5.82231 4.86529 5.38986 5.00593 4.78188 5.19469 5.51574 5.64258 5.14838 4.93492 5.03104 4.95819 5.90807 6.10275 5.5351 5.79895 4.74599 5.61029 4.81925 5.09936 4.42673 4.35 5.1441 5.22194 5.65727 5.38822 4.73251 6.44143 5.41528 6.03789 5.68303 6.0024 4.75991 4.82455 5.10014 5.47581 5.38127 5.94174 5.07076
5.43466 4.61941 6.28336 5.9602 5.954 5.27636 5.44245 5.9811 5.69273 5.25315 5.59433 5.62312 5.17499 5.23783 5.65686 6.46405 5.48572 6.31741 5.64005 4.75385 5.57658 5.5275 5.54251 5.05131 5.0441 5.27259 4.95015 4.81921 4.60829 4.70062 4.78136 5.28796 5.09119 5.01767 7.17555 4.90383 5.7127 5.2897 5.30335 5.23198 4.9525 5.63294 5.51706 5.43328 7.72638 5.07853 6.64237 4.86554 5.65878 4.24594 5.35195 5.68844 4.99611 5.8191 5.45453 4.19134 6.09549 4.65916 5.36985 5.51372 5.10081 5.57391 5.68595 6.60467 6.01518 6.43128 5.44414 5.76821
5.79926 5.81461 5.37906 4.82413 4.8106 5.53283 6.34876 5.24963 6.15104 5.31745 5.67349 5.62472 4.67843 5.8925 5.71207 6.58139 5.17766 5.41657 5.83967 5.51562 5.36311 5.08689 5.54033 4.61312 5.56172 4.72226 5.48362 5.01673 5.30557 5.62108 5.45238 5.74601 4.54687 4.72284 5.69633 5.12112 4.92709 5.40309 4.8292 4.8972 3.97263 4.59618 5.32508 6.24372 7.34362 5.32868 5.34127 4.15411 5.72634 4.27208 4.48129 4.83767 5.00338 6.50463 6.2412 5.28841 5.98109 5.45017 5.7527 5.24134 5.23367 4.61356 4.89734 5.38056 5.61248 5.5519 4.86719 5.96921
6.06941 5.02184 5.43638 5.20244 5.68287 5.74712 4.41624 6.30251 5.45195 5.00462 5.1869 4.43063 4.95835 5.19859 5.06154 5.66426 5.64248 5.89357 5.06996 4.96299 6.29488 5.96106 6.07047 6.18084 5.394 4.5255 5.73013 4.48713 5.21971 5.17633 4.7489 5.54597 4.65309 5.15823 5.86196 5.06263 5.19618 5.47197 4.26096 5.30033 4.41249 4.09095 5.77805 5.22311 11.54 11.54 11.54 4.25478 4.79395 5.04508 4.63069 5.22674 5.21493 4.67969 5.75937 4.87699 6.07209 5.43565 4.68179 4.89966 5.20082 6.0887 6.04762 5.21061 5.22374 5.61568 5.78093 5.64907
5.99675 5.31572 5.60552 5.25108 5.43251 6.15731 6.02713 5.81806 4.53899 5.87485 5.83759 5.3226 5.27285 5.01395 5.34672 6.43496 5.001 6.55997 5.29976 5.60217 6.8528 5.09054 5.86854 5.33041 5.06494 3.94916 5.36613 4.71235 5.57851 5.50135 5.31381 5.16495 5.57573 5.12697 5.38581 5.13451 5.01188 4.88016 5.07555 5.03427 4.8489 5.65469 5.7948 6.21497 7.3957 6.672 11.54 11.54 11.54 11.54 5.14505 6.3184 6.80382 7.11263 6.40289 5.80919 5.06631 5.38385 5.60397 5.11203 5.65423 5.3036 4.70574 5.85857 5.77163 5.62273 5.063 6.09338
5.71345 4.77084 5.50376 6.1418 5.25974 5.65138 5.32494 5.46946 4.86514 5.89043 5.11201 5.06623 4.79289 5.34839 5.02852 5.30039 5.8798 7.54372 6.55834 6.92772 5.10696 5.36653 5.82781 5.1125 5.27587 4.80802 5.0952 4.83847 5.21058 5.68461 5.24471 5.44758 5.60507 5.03125 5.48823 5.03199 5.72788 5.77538 6.18813 11.54 11.54 11.54 5.71232 8.18818 7.98778 1.31688 6.64776 4.67226 5.12359 5.88107 7.03592 8.09709 8.30602 8.85692 8.06176 6.20488 6.85542 6.0468 5.94949 5.66494 6.00075 6.55386 4.89699 5.03203 6.41405 6.39383 5.78012 6.38045
5.5434 5.26693 4.88329 5.42928 5.47 5.6621 6.17964 5.98371 5.97674 6.67749 6.45942 5.54723 5.73531 4.99967 5.58264 5.36101 5.29852 5.56525 6.95025 6.03052 6.07008 5.91403 5.85751 4.94085 5.63625 5.59581 5.56785 5.57232 5.8654 6.04838 5.42732 5.33338 5.03931 4.64178 6.15784 5.21841 5.30971 4.94141 5.34379 6.29738 9.24693 8.28383 9.30688 10.3854 9.42525 7.88321 7.36978 6.33336 6.39551 6.89818 7.90481 9.34831 9.24139 10.6973 8.56993 7.72711 6.84005 5.29354 5.93125 5.23555 5.38031 5.47385 5.46797 6.02965 5.57147 5.77699 5.74741 6.99161
5.01369 5.46913 4.93844 6.63803 7.08135 6.38536 5.74436 5.60811 5.11685 5.61368 5.78281 5.2685 6.99346 6.05474 5.70162 6.65071 5.24987 6.43124 7.29388 6.72138 6.18989 5.85891 5.65004 5.3425 4.57916 5.15714 4.48074 5.70508 5.34442 4.7297 4.82648 4.68021 5.06606 6.77133 4.78339 6.36721 4.86497 5.71173 5.98018 6.56455 3.64514 10.6571 11.2325 10.7083 10.093 8.87639 8.36046 7.9844 7.84457 8.1742 8.87931 9.31071 9.59859 9.85911 8.6017 8.02201 6.84471 5.49092 5.76428 5.33099 5.96386 5.13535 5.15972 4.95345 5.12914 6.30155 5.30381 6.09829
5.71058 5.12486 5.85394 6.39287 5.86122 6.27936 5.81784 4.67312 5.40737 6.13561 6.78097 5.82914 6.24124 5.78973 5.92766 7.28112 6.82745 5.39508 6.68536 6.85187 7.05192 6.63218 5.98059 5.51326 5.64089 5.76486 5.38039 5.94815 5.08893 4.52653 6.05107 5.58322 6.41013 5.94323 5.59473 6.39157 5.03873 6.38926 6.71301 7.44774 8.32405 11.54 11.0715 11.1407 8.89451 8.79425 9.3032 8.91878 8.52516 8.8578 8.87465 9.35307 9.89825 9.63956 8.39071 7.37078 6.16829 5.22084 5.52921 5.30161 5.65471 4.55253 5.09142 5.57383 6.92819 5.74966 6.22751 6.38628
6.18987 6.46818 6.67996 6.58982 6.9475 6.38128 5.6786 5.25168 5.0268 5.37464 5.85628 5.27355 5.73584 6.10901 5.4285 7.24626 5.58378 5.59033 6.49657 7.42113 8.47828 6.6312 5.83892 5.39486 5.0781 5.65644 5.01396 4.89463 4.98767 5.05799 5.95757 6.2724 7.38794 7.08765 7.4137 5.09733 6.09318 6.54568 7.10746 9.28446 9.63065 10.0498 9.00793 7.46635 7.75835 8.22917 9.55161 8.68924 7.86821 8.0355 8.3256 9.25226 9.3903 9.29789 8.23959 7.41872 5.9472 5.42025 5.4521 5.87474 5.82987 5.62568 5.45467 4.88284 5.45088 5.23893 5.54967 5.35294
6.17193 5.84688 5.92308 6.4337 5.9933 6.16862 5.75392 4.52777 5.22966 4.90009 5.3394 5.3575 5.31115 5.68044 6.3788 6.10569 5.64219 5.38856 5.26918 5.79017 5.61471 5.43942 5.70481 5.76605 4.80234 5.40495 4.29999 4.98268 5.31372 5.62847 5.77142 6.45746 8.6581 7.4905 7.27896 6.39812 6.41491 6.64932 11.54 11.54 11.54 9.70665 8.6587 7.64885 7.46312 7.71336 7.43404 7.91987 7.6049 7.31107 8.28435 8.87105 9.4143 9.28442 8.28744 7.23105 5.77148 5.77233 5.04536 5.41704 5.57885 5.46559 4.96164 4.66645 5.88736 5.4558 5.35944 5.33101
5.98264 6.31589 6.25092 6.79476 5.97083 6.07931 4.42506 5.52001 5.57586 6.02445 5.62958 5.30194 5.05048 5.35026 5.01051 5.44708 5.48142 6.29615 6.13936 5.89655 6.04925 5.93683 5.59829 5.20031 5.3334 4.87082 4.60469 5.05675 5.29691 5.06994 11.54 11.54 11.54 11.54 11.54 11.54 11.54 11.54 11.54 11.54 10.687 9.80704 8.02076 6.9367 6.71695 5.53978 6.58088 5.9073 6.63573 6.61454 6.3701 7.64351 8.04107 9.28923 8.06166 7.25382 6.3018 5.34008 4.58279 5.07952 5.05037 5.85994 6.19134 6.46892 5.19051 4.45998 5.77932 5.2592
4.83987 5.948 5.63781 5.53903 4.98961 5.51762 4.71788 5.4173 5.74529 4.9536 5.82527 5.11256 5.29397 5.27644 5.51923 5.60376 5.56783 6.05384 5.06667 5.49171 5.72243 5.43537 5.52569 4.79053 5.78707 4.79917 5.09732 5.74372 5.53389 7.39455 8.69397 9.65588 9.06743 8.14774 7.46894 7.30358 7.63849 6.51254 9.50958 9.65337 10.8136 9.54561 7.78816 6.44009 5.27163 5.25463 6.23541 5.50157 5.38922 6.60685 6.80484 7.37206 7.36446 7.66992 7.72358 7.06542 5.53584 5.13813 5.1833 4.80693 5.40762 4.61935 5.87897 5.39896 5.7665 5.20274 5.62446 5.73903
5.80682 5.98815 5.91014 5.22528 4.74862 5.74594 5.33286 5.2186 5.25063 4.81343 5.95158 4.50561 5.25722 5.46578 5.20404 5.43611 6.57647 6.034 6.74572 6.36508 6.61702 5.98846 6.01208 5.08672 5.12853 4.88611 5.23292 5.70449 7.98315 7.64265 8.92553 6.14259 6.90884 4.29388 2.46941 2.43921 7.20558 11.54 8.44296 8.0333 11.54 6.84092 7.53864 5.91251 5.30208 5.25448 5.57914 5.43968 6.22482 5.48859 5.15032 5.50227 6.1772 6.47319 6.766 6.95079 6.15432 5.29947 5.52022 4.95742 4.83094 5.25861 5.67696 4.88898 6.14054 5.05018 5.52675 5.41654
5.01464 5.01016 5.00496 5.81464 6.05509 5.33835 5.64124 4.84164 5.14575 4.5521 5.32901 4.23676 5.45769 5.60781 5.23351 7.09625 6.30716 7.25052 9.1023 7.67486 7.65893 6.3414 5.28204 5.35705 5.96904 5.21122 5.79562 5.76091 7.04956 8.38081 8.67533 9.66792 9.57199 8.84892 7.40462 7.16913 8.0101 8.88689 11.54 8.72752 7.77656 1.6888 6.50172 5.41392 4.62169 4.44455 5.6698 5.90513 5.34633 6.28459 6.08419 5.6724 6.30793 6.54033 6.58923 6.73338 5.82954 5.17623 5.77085 5.5132 6.73467 5.20488 4.42345 5.11502 6.97982 5.24989 6.47285 5.52562
4.36605 5.48313 5.98244 5.15188 5.74933 4.73461 5.5204 5.07457 4.99219 5.23396 4.86583 4.31142 4.28566 5.48895 6.00924 6.87119 8.65883 9.37749 8.20552 7.05363 7.14203 6.52168 4.75941 6.63827 4.61937 5.05879 4.94906 5.76762 8.08282 9.89988 10.4538 10.3398 10.0045 8.82279 7.44774 7.35176 7.24228 8.18266 11.54 10.1242 9.80552 7.83824 6.71366 5.33244 5.53504 6.00079 6.3891 5.75867 5.68753 5.07573 4.72621 4.45141 5.2793 5.42294 5.93541 6.13887 6.05796 4.74644 5.37408 4.12173 5.07086 4.50464 4.80829 4.62883 6.54216 4.91328 5.44814 4.88473
5.57589 5.59994 5.26591 5.07375 6.12722 5.08464 5.05232 5.21973 5.16722 4.83023 3.77888 5.24382 5.44614 6.76698 6.61234 6.42512 8.42143 8.83923 8.98338 8.63831 8.49407 7.09621 6.47382 6.90729 5.02561 4.44891 11.54 11.54 11.54 11.54 11.54 10.5838 10.3616 9.4321 8.55695 7.34916 7.53246 8.04418 8.61493 9.59447 9.52087 7.68457 6.82122 5.9926 4.96607 5.29005 5.46077 5.03157 4.91953 5.55521 5.23296 5.51059 5.47137 5.9613 5.69792 5.43489 5.4345 4.25646 5.3054 4.34019 5.4384 5.52489 6.52737 4.93806 5.49317 4.30194 5.43641 5.81786
