tests/full-run-ref/erosion_87_12_73.418.asc
ncols 512
nrows 512
xllcorner -3.24582
yllcorner -4.08743
cellsize 5
NODATA_value -99999
[rows 462 to 494 of 512, columns 150 to 224 of 512]
5.7702 5.7702 5.7702 5 5.7702 5 5.7702 5 5.7702 5.7702 5.7702 5.7702 5.7702 5.7702 5.7702 5 5.7702 5 5.7702 5 5.7702 5 5.7702 5 5.7702 5 5.7702 5 5.7702 5 5.7702 5 5.7702 5 5.7702 5 5.7702 5 5.7702 5 5.7702 5 5.7702 5.7702 5 5.7702 5 5.7702 5 5.77018 5 5.77018 5 5.77018 5 5.77018 5 5.77018 5 5.77018 5.77018 5.77018 5.77018 5.77018 5 5.77018 5 5.77018 5.77018 5.77018 5.77018 5.77018 5.77018 5.77018 5.77018
5.7702 5 5.7702 5.7702 5.7702 5.7702 5.7702 5.7702 5.7702 5 5.7702 5 5.7702 5 5.7702 5.7702 5.7702 5.7702 5.7702 5.7702 5.7702 5.7702 5.7702 5.7702 5.7702 5.7702 5.7702 5.7702 5.7702 5.7702 5.7702 5.7702 5.7702 5.7702 5.7702 5.7702 5.7702 5.7702 5.7702 5.7702 5.7702 5.7702 5.7702 5 5.7702 5.7702 5.7702 5.7702 5.7702 5.77018 5.77018 5.77018 5.77018 5.77018 5.77018 5.77018 5.77018 5.77018 5.77018 5.77018 5 5.77018 5 5.77018 5.77018 5.77018 5.77018 5.77018 5 5.77018 5 5.77018 5 5.77018 5
5.7702 5.7702 5.7702 5 5.7702 5 5.7702 5 5.7702 5.7702 5.7702 5.7702 5.7702 5.7702 5.7702 5 5.7702 5 5.7702 5 5.7702 5 5.7702 5 5.7702 5 5.7702 5.7702 5 5.7702 5 5.7702 5 5.7702 5 5.7702 5 5.7702 5 5.7702 5 5.7702 5.7702 5.7702 5.7702 5 5.7702 5 5.7702 5 5.7702 5 5.77018 5 5.77018 5 5.77018 5 5.77018 5.77018 5.77018 5.77018 5.77018 5.77018 5 5.77018 5 5.77018 5.77018 5.77018 5.77018 5.77018 5.77018 5.77018 5.77018
5.7702 5 5.7702 5.7702 5.7702 5.7702 5.7702 5.7702 5.7702 5 5.7702 5 5.7702 5 5.7702 5.7702 5.7702 5.7702 5.7702 5.7702 5.7702 5.7702 5.7702 5.7702 5.7702 5.7702 5.7702 5 5.7702 5.7702 5.7702 5.7702 5.7702 5.7702 5.7702 5.7702 5.7702 5.7702 5.7702 5.7702 5.7702 5.7702 5 5.7702 5.7702 5.7702 5.7702 5.7702 5.7702 5.7702 5.7702 5.7702 5.77018 5.77018 5.77018 5.77018 5.77018 5.77018 5.77018 5 5.77018 5 5.77018 5.77018 5.77018 5.77018 5.77018 5.77018 5 5.77018 5 5.77018 5 5.77018 5
5.7702 5.7702 5.7702 5 5.7702 5 5.7702 5 5.7702 5.7702 5.7702 5.7702 5.7702 5.7702 5.7702 5 5.7702 5 5.7702 5 5.7702 5 5.7702 5 5.7702 5.7702 5 5.7702 5.7702 5 5.7702 5.7702 5 5.7702 5 5.7702 5 5.7702 5 5.7702 5 5.7702 5.7702 5.7702 5 5.7702 5 5.7702 5 5.7702 5.7702 5 5.77018 5 5.77018 5 5.77018 5 5.77018 5.77018 5.77018 5.77018 5.77018 5 5.77018 5 5.77018 5.77018 5.77018 5.77018 5.77018 5.77018 5.77018 5.77018 5.77018
5.7702 5 5.7702 5.7702 5.7702 5.7702 5.7702 5.7702 5.7702 5 5.7702 5 5.7702 5 5.7702 5.7702 5.7702 5.7702 5.7702 5.7702 5.7702 5.7702 5.7702 5.7702 5.7702 5 5.7702 5.7702 5 5.7702 5.7702 5 5.7702 5.7702 5.7702 5.7702 5.7702 5.7702 5.7702 5.7702 5.7702 5.7702 5 5.7702 5.7702 5.7702 5.7702 5.7702 5.7702 5.7702 5.7702 5.7702 5.77018 5.77018 5.77018 5.77018 5.77018 5.77018 5.77018 5 5.77018 5 5.77018 5.77018 5.77018 5.77018 5.77018 5 5.77018 5 5.77018 5.77018 5 5.77018 5
5.7702 5.7702 5.7702 5 5.7702 5 5.7702 5 5.7702 5.7702 5.7702 5.7702 5.7702 5.7702 5.7702 5 5.7702 5 5.7702 5 5.7702 5 5.7702 5.7702 5 5.7702 5.7702 5 5.7702 5.7702 5 5.7702 5.7702 5 5.7702 5 5.7702 5 5.7702 5 5.7702 5.7702 5.7702 5.7702 5 5.7702 5 5.7702 5 5.7702 5.7702 5 5.77018 5 5.77018 5 5.77018 5 5.77018 5.77018 5.77018 5.77018 5.77018 5 5.77018 5 5.77018 5.77018 5.77018 5.77018 5.77018 5.77018 5.77018 5.77018 5.77018
5.7702 5 5.7702 5.7702 5.7702 5.7702 5.7702 5.7702 5.7702 5 5.7702 5 5.7702 5 5.7702 5.7702 5.7702 5.7702 5.7702 5.7702 5.7702 5.7702 5.7702 5 5.7702 5.7702 5 5.7702 5.7702 5 5.7702 5.7702 5.77018 5.7702 5.7702 5.7702 5.7702 5.7702 5.7702 5.7702 5.7702 5 5.7702 5.7702 5.7702 5.7702 5.7702 5.7702 5.7702 5.7702 5.7702 5.7702 5.77018 5.77018 5.77018 5.77018 5.77018 5.77018 5.77018 5 5.77018 5 5.77018 5.77018 5.77018 5.77018 5.77018 5 5.77018 5 5.77018 5.77018 5 5.77018 5
5.7702 5.7702 5.7702 5 5.7702 5 5.7702 5 5.7702 5.7702 5.7702 5.7702 5.7702 5.7702 5.7702 5 5.7702 5 5.7702 5 5.7702 5.7702 5 5.7702 5.7702 5 5.7702 5.7702 5 5.7702 5.7702 5 5.7702 5.7702 5 5.7702 5 5.7702 5 5.7702 5.7702 5.7702 5.7702 5 5.7702 5 5.7702 5 5.7702 5.7702 5 5.77018 5 5.77018 5 5.77018 5 5.77018 5.77018 5.77018 5.77018 5.77018 5.77018 5 5.77018 5 5.77018 5.77018 5.77018 5.77018 5.77018 4.95667 5.76777 5.76878 5.77018
5 5.7702 4.99997 5.77016 5.77015 5.7702 5.7702 5.7702 5.7702 5 5.7702 5 5.7702 5 5.7702 5.7702 5.7702 5.7702 5.7702 5.7702 5.7702 5 5.7702 5.7702 5 5.7702 5.7702 5 5.7702 5.7702 5.77018 5.7702 5.7702 5.7702 5.7702 5.7702 5.7702 5.7702 5.7702 5.7702 5 5.7702 5.7702 5.7702 5.7702 5.7702 5.7702 5.7702 5.7702 5.7702 5.7702 5.7702 5.77018 5.77018 5.77018 5.77018 5.77018 5.77018 5 5.77018 5 5.77018 5.77018 5.77018 5.77018 5.77018 5.77018 5 5.77018 5 5.77018 5.74443 6.1533 4.99762 5.77018
5.7702 5.7702 5.77015 6.16021 4.9999 5.7702 5 5.7702 5 5.7702 5.7702 5.7702 5.7702 5.7702 5.7702 5 5.7702 5 5.7702 5.7702 5 5.7702 5.7702 5 5.7702 5.7702 5 5.7702 5.7702 5 5.7702 5.7702 5 5.7702 5 5.7702 5 5.7702 5 5.7702 5.7702 5.7702 5 5.7702 5 5.7702 5 5.7702 5 5.7702 5.7702 5 5.77018 5 5.77018 5 5.77018 5.77018 5.77018 5.77018 5.77018 5.77018 5 5.77018 5 5.77018 5.77018 5.77018 5.77018 5.77018 5.77018 4.97919 5.75345 5.76879 5.77018
5 5.7702 4.99996 5.77015 5.77013 5.7702 5.7702 5.7702 5.7702 5.7702 5 5.7702 5 5.7702 5 5.7702 5.7702 5.7702 5.7702 5 5.7702 5.7702 5 5.7702 5.7702 5 5.7702 5.7702 5.77018 5.7702 5.7702 5.7702 5.7702 5.7702 5.7702 5.7702 5.7702 5.7702 5.7702 5.7702 5 5.7702 5.7702 5.7702 5.7702 5.7702 5.7702 5.7702 5.7702 5.7702 5.7702 5.7702 5.7702 5.77018 5.77018 5.77018 5.77018 5 5.77018 5 5.77018 5.77018 5.77018 5.77018 5.77018 5.77018 5 5.77018 5 5.77018 5 5.77018 5.77018 5 5.77018
5.7702 5.7702 5.7702 5.7702 5 5.7702 5 5.7702 5 5.7702 5.7702 5.7702 5.7702 5.7702 5.7702 5.7702 5 5.7702 5 5.7702 5.7702 5 5.7702 5.7702 5 5.7702 5.7702 5 5.7702 5.7702 5 5.7702 5 5.7702 5 5.7702 5 5.7702 5 5.7702 5.7702 5.7702 5 5.7702 5 5.7702 5 5.7702 5 5.7702 5 5.7702 5.7702 5 5.77018 5 5.77018 5.77018 5.77018 5.77018 5.77018 5 5.77018 5 5.77018 5.77018 5.77018 5.77018 5.77018 5.77018 5.77018 5.77018 5.77018 5.77018 5.77018
4.99996 5.77014 4.99996 5.7702 5.7702 5.7702 5.7702 5.7702 5.7702 5.7702 5 5.7702 5 5.7702 5 5.7702 5.7702 5.7702 5.7702 5.7702 5 5.7702 5.7702 5 5.7702 5.7702 5.77018 5.7702 5.7702 5.77018 5.7702 5.7702 5.7702 5.7702 5.7702 5.7702 5.7702 5.7702 5.7702 5.7702 5 5.7702 5.7702 5.7702 5.7702 5.7702 5.7702 5.7702 5.7702 5.7702 5.7702 5.7702 5.7702 5.7702 5.77018 5.77018 5.77018 5 5.77018 5 5.77018 5.77018 5.77018 5.77018 5.77018 5 5.77018 5 5.77018 5 5.77018 5 5.77018 5 5.77018
5.77015 6.15892 5.77014 5.7702 5 5.7702 5 5.7702 5 5.7702 5.7702 5.7702 5.7702 5.7702 5.7702 5.7702 5 5.77018 5 5.7702 5.7702 5.7702 5 5.7702 5.7702 5 5.7702 5.7702 5 5.7702 5.7702 5 5.7702 5 5.7702 5 5.7702 5 5.7702 5.7702 5.7702 5.7702 5 5.7702 5 5.7702 5 5.7702 5.7702 5.7702 5 5.7702 5.7702 5.7702 5 5.77018 5.77018 5.77018 5.77018 5.77018 5.77018 5 5.77018 5 5.77018 5.77018 5.77018 5.77018 5.77018 5.77018 5.77018 5.73848 5.76628 5.76699 5.77018
4.99997 5.77015 4.99997 5.7702 5.7702 5.7702 5.7702 5.7702 5.7702 5.7702 5 5.7702 5 5.7702 5 5.7702 5.77018 5.77018 5.77018 5.7702 5.7702 5 5.7702 5.7702 5.77018 5.7702 5.7702 5.77018 5.7702 5.7702 5.7702 5.7702 5.7702 5.7702 5.7702 5.7702 5.7702 5.7702 5.7702 5 5.7702 5.7702 5.7702 5.7702 5.7702 5.7702 5.7702 5.7702 5.7702 5 5.7702 5.7702 5.7702 5.77018 5.7702 5.77018 5 5.77018 5 5.77018 5.77018 5.77018 5.77018 5.77018 5.77018 5 5.77018 4.98131 5.70039 5.71206 5.71811 4.97454 5.94218 4.99867 5.77018
5.7702 5.7702 5.7702 5.7702 5 5.7702 5 5.7702 5 5.7702 5.7702 5.7702 5.7702 5.7702 5.7702 5.7702 5 5.77018 5 5.77018 5.7702 5.7702 5.7702 5 5.7702 5.7702 5 5.7702 5.7702 5 5.7702 5 5.7702 5 5.7702 5 5.7702 5 5.7702 5.7702 5.7702 5 5.7702 5 5.7702 5 5.7702 5.7702 5 5.7702 5.7702 5 5.7702 5.7702 5.7702 5.77018 5.77018 5.77018 5.77018 5.77018 5 5.77018 5 5.77018 5.77018 5.77018 5.77018 5.76264 5.97238 4.99804 5.76797 5.99331 5.76364 5.7669 5.77018
5.7702 5 5.7702 5.77018 5.7702 5.7702 5.7702 5.7702 5.7702 5.7702 5 5.7702 5 5.7702 5 5.7702 5.77018 5.77018 5.77018 5.77018 5.7702 5.7702 5.77018 5.7702 5.7702 5.77018 5.7702 5.7702 5.7702 5.7702 5.7702 5.7702 5.7702 5.7702 5.7702 5.7702 5.7702 5.7702 5.7702 5 5.7702 5.7702 5.7702 5.7702 5.7702 5.7702 5.7702 5 5.7702 5.7702 5.7702 5.7702 5.7702 5 5.7702 5.7702 5 5.77018 5 5.77018 5.77018 5.77018 5.77018 5.77018 5 5.77018 5 5.7619 4.98822 5.98686 5.96686 4.99804 5.76916 5 5.77018
5.7702 5.7702 5.7702 5 5.77018 5 5.77018 5.7702 5 5.7702 5.7702 5.7702 5.7702 5.7702 5.7702 5.7702 5 5.77018 5 5.77018 5 5.77018 5.7702 5.7702 5 5.7702 5.7702 5.7702 5.7702 5 5.7702 5 5.7702 5 5.7702 5 5.7702 5 5.7702 5.7702 5.7702 5 5.7702 5 5.7702 5.7702 5 5.7702 5.7702 5 5.7702 5 5.7702 5.7702 5.7702 5.77018 5.7702 5.77018 5.77018 5.77018 5 5.77018 5 5.77018 5.77018 5.77018 5.77018 5.77018 5.74802 5.97877 5.767 5.76944 5.77018 5.77018 5.77018
5.7702 5 5.7702 5.77018 5.77018 5.77018 5.77018 5.7702 5.7702 5.7702 5 5.7702 5 5.7702 5 5.7702 5.77018 5.77018 5.77018 5.77018 5.77018 5.77018 5.7702 5.77018 5.7702 5.7702 5.7702 5.7702 5 5.7702 5.7702 5.7702 5.7702 5.7702 5.7702 5.7702 5.7702 5.7702 5.7702 5 5.7702 5.7702 5.7702 5.7702 5.7702 5 5.7702 5.7702 5.7702 5.7702 5.7702 5.7702 5.7702 5 5.7702 5.7702 5 5.77018 5 5.77018 5.77018 5.77018 5.77018 5.77018 5 5.77018 5 5.77018 4.98132 5.98239 5.76867 5 5.77018 5 5.77018
5.7702 5.7702 5.7702 5 5.77018 5 5.77018 5.7702 5 5.7702 5.7702 5.7702 5.7702 5.7702 5.7702 5.77018 5 5.77018 5 5.77018 5 5.77018 5 5.7702 5.7702 5.7702 5.7702 5 5.7702 5.7702 5 5.7702 5 5.7702 5 5.7702 5 5.7702 5.7702 5.7702 5.7702 5 5.7702 5.7702 5 5.7702 5.7702 5 5.7702 5 5.7702 5 5.7702 5.7702 5.7702 5.77018 5.7702 5.77018 5.77018 5.77018 5 5.77018 5 5.77018 5.77018 5.77018 5.77018 5.77018 5.76351 5.76969 5.76977 5.77018 5.77018 5.77018 5.77018
5.7702 5 5.7702 5.77018 5.77018 5.77018 5.77018 5.77018 5.7702 5.7702 5.7702 5 5.7702 5 5.77018 5.77018 5.77018 5.77018 5.77018 5.77018 5.77018 5.77018 5.77018 5.7702 5.7702 5.7702 5 5.7702 5.7702 5.7702 5.7702 5.7702 5.7702 5.7702 5.7702 5.7702 5.7702 5.7702 5 5.7702 5.7702 5.7702 5.7702 5 5.7702 5.7702 5.7702 5.7702 5.7702 5.7702 5.7702 5.7702 5.7702 5 5.7702 5.7702 5.7702 5 5.77018 5.77018 5.77018 5.77018 5.77018 5.77018 5 5.77018 5 5.77018 5 5.77018 5 5.77018 5 5.77018 5
5.7702 5.7702 5.7702 5 5.77018 5.77018 5 5.7702 5.7702 5.7702 5.7702 5.7702 5.7702 5.77018 5.77018 5 5.77018 5.77018 5 5.77018 5.77018 5.77018 5 5.7702 5.7702 5 5.7702 5.7702 5 5.7702 5 5.7702 5 5.7702 5 5.7702 5 5.7702 5.7702 5.7702 5.7702 5.7702 5 5.7702 5.7702 5 5.7702 5 5.7702 5 5.7702 5 5.7702 5.7702 5.7702 5.7702 5.7702 5.7702 5.77018 5 5.77018 5 5.77018 5.77018 5.77018 5.77018 5.77018 5.77018 5.77018 5.77018 5.77018 5.77018 5.77018 5.77018 5.77018
5 5.77018 5 5.77018 5.77018 5 5.77018 5.77018 5.77018 5.77018 5 5.77018 5.77018 5.77018 5 5.77018 5.77018 5 5.77018 5.77018 5 5.77018 5.77018 5.77018 5.7702 5.7702 5.7702 5.7702 5.7702 5.7702 5.7702 5.7702 5.7702 5.7702 5.7702 5.7702 5.7702 5.7702 5.7702 5.7702 5.7702 5 5.7702 5.7702 5.7702 5.7702 5.7702 5.7702 5.7702 5.7702 5.7702 5.7702 5.7702 5.7702 5.7702 5.7702 5.7702 5 5.77018 5.77018 5.77018 5.77018 5.77018 5 5.77018 5 5.77018 5 5.77018 5 5.77018 5 5.77018 5 5.77018
5.77018 5.77018 5.77018 5.77018 5 5.77018 5.77018 5 5.77018 5 5.77018 5.77018 5 5.77018 5.77018 5.77018 5 5.77018 5.77018 5 5.77018 5.77018 5 5.77018 5 5.7702 5.7702 5.7702 5.7702 5.7702 5.7702 5.7702 5.7702 5.7702 5.7702 5 5.7702 5 5.7702 5 5.7702 5.7702 5.7702 5 5.7702 5 5.7702 5 5.7702 5 5.7702 5 5.7702 5.77018 5.7702 5.77018 5.77018 5.77018 5.77018 5 5.77018 5 5.77018 5.77018 5.77018 5.77018 5.77018 5.77018 5.77018 5.77018 5.77018 5.77018 5.77018 5.77018 5.77018
5.77018 5 5.77018 5 5.77018 5.77018 5 5.77018 5.77018 5.77018 5.77018 5 5.77018 5.77018 5 5.77018 5.77018 5.77018 5 5.77018 5.77018 5 5.77018 5.77018 5.77018 5.77018 5.77018 5.77018 5.77018 5.77018 5.77018 5.77018 5.77018 5.77018 5.77018 5.77018 5.77018 5.77018 5.77018 5.77018 5.77018 5.77018 5.77018 5.77018 5.77018 5.77018 5.77018 5.77018 5.77018 5.77018 5.77018 5.77018 5.77018 5 5.77018 5 5.77018 5 5.77018 5.77018 5.77018 5.77018 5.77018 5 5.77018 5 5.77018 5 5.77018 5 5.77018 5 5.77018 5 5.77018
5.77018 5.77018 5.77018 5.77018 5.77018 5 5.77018 5.77018 5 5.77018 5 5.77018 5.77018 5 5.77018 5.77018 5 5.77018 5.77018 5.77018 5 5.77018 5.77018 5 5.77018 5 5.77018 5 5.77018 5 5.77018 5 5.77018 5 5.77018 5 5.77018 5 5.77018 5 5.77018 5 5.77018 5 5.77018 5 5.77018 5 5.77018 5 5.77018 5 5.77018 5.77018 5.77018 5.77018 5.77018 5.77018 5.77018 5 5.77018 5 5.77018 5.77018 5.77018 5.77018 5.77018 5.77018 5.77018 5.77018 5.77018 5.77018 5.77018 5.77018 5.77018
5 5.77018 5 5.77018 5 5.77018 5.77018 5 5.77018 5.77018 5.77018 5.77018 5 5.77018 5.77018 5 5.77018 5.77018 5 5.77018 5.77018 5.77018 5 5.77018 5.77018 5.77018 5.77018 5.77018 5.77018 5.77018 5.77018 5.77018 5.77018 5.77018 5.77018 5.77018 5.77018 5.77018 5.77018 5.77018 5.77018 5.77018 5.77018 5.77018 5.77018 5.77018 5.77018 5.77018 5.77018 5.77018 5.77018 5.77018 5.77018 5 5.77018 5 5.77018 5 5.77018 5.77018 5.77018 5.77018 5.77018 5 5.77018 5 5.77018 5 5.77018 5 5.77018 5 5.77018 5 5.77018
5.77018 5.77018 5.77018 5.77018 5.77018 5.77018 5 5.77018 5.77018 5 5.77018 5 5.77018 5.77018 5 5.77018 5.77018 5 5.77018 5.77018 5 5.77018 5.77018 5.77018 5 5.77018 5 5.77018 5 5.77018 5 5.77018 5 5.77018 5 5.77018 5 5.77018 5 5.77018 5 5.77018 5 5.77018 5 5.77018 5 5.77018 5 5.77018 5 5.77018 5 5.77018 5.77018 5.77018 5.77018 5.77018 5.77018 5 5.77018 5 5.77018 5.77018 5.77018 5.77018 5.77018 5.77018 5.77018 5.77018 5.77018 5.77018 5.77018 5.77018 5.77018
5.77018 5 5.77018 5 5.77018 5 5.77018 5.77018 5 5.77018 5.77018 5.77018 5.77018 5 5.77018 5.77018 5 5.77018 5.77018 5 5.77018 5.76993 4.99951 5.76974 5.77018 5.77018 5.77018 5.77018 5.77018 5.77018 5.77018 5.77018 5.77018 5.77018 5.77018 5.77018 5.77018 5.77018 5.77018 5.77018 5.77018 5.77018 5.77018 5.77018 5.77018 5.77018 5.77018 5.77018 5.77018 5.77018 5.77018 5.77018 5.77018 5.77018 5 5.77018 5 5.77018 5 5.77018 5.77018 5.77018 5.77018 5 5.77018 5 5.77018 5 5.77018 5 5.77018 5 5.77018 5 5.77018
5.77018 5.77018 5.77018 5.77018 5.77018 5.77018 5.77018 5 5.77018 5.77018 5 5.77018 5 5.77018 5.77018 5 5.77018 5.77018 5 5.77018 5.77018 4.99957 6.15782 5.76971 5 5.77018 5 5.77018 5 5.77018 5 5.77018 5 5.77018 5 5.77018 5 5.77018 5 5.77018 5 5.77018 5 5.77018 5 5.77018 5 5.77018 5 5.77018 5 5.77018 5 5.77018 5.77018 5.77018 5.77018 5.77018 5.77018 5.77018 5 5.77018 5.77018 5.77018 5.77018 5.77018 5.77018 5.77018 5.77018 5.77018 5.77018 5.77018 5.77018 5.77018 5.77018
5 5.77018 5 5.77018 5 5.77018 5 5.77018 5.77018 5 5.77018 5.77018 5.77018 5.77018 5 5.77018 5.77018 5 5.77018 5.77018 5 5.76993 5.76976 5.76993 5.77018 5.77018 5.77018 5.77018 5.77018 5.77018 5.77018 5.77018 5.77018 5.77018 5.77018 5.77018 5.77018 5.77018 5.77018 5.77018 5.77018 5.77018 5.77018 5.77018 5.77018 5.77018 5.77018 5.77018 5.77018 5.77018 5.77018 5.77018 5.77018 5.77018 5 5.77018 5 5.77018 5 5.77018 5.77018 5.77018 5 5.77018 5 5.77018 5 5.77018 5 5.77018 5 5.77018 5 5.77018 5
5.77018 5.77018 5.77018 5.77018 5.77018 5.77018 5.77018 5.77018 5 5.77018 5.77018 5 5.77018 5 5.77018 5.77018 5 5.77018 5.77018 5 5.77018 5.77018 5 5.77018 5 5.77018 5 5.77018 5 5.77018 5 5.77018 5 5.77018 5 5.77018 5 5.77018 5 5.77018 5 5.77018 5 5.77018 5 5.77018 5 5.77018 5 5.77018 5 5.77018 5 5.77018 5.77018 5.77018 5.77018 5.77018 5.77018 5.77018 5 5.77018 5.77018 5.77018 5.77018 5.77018 5.77018 5.77018 5.77018 5.77018 5.77018 5.77018 5.77018 5.77018 5.77018
