tests/full-run-ref/erosion_2010_78_22_-42.864.asc
ncols 512
nrows 512
xllcorner -3.24582
yllcorner -4.08743
cellsize 5
NODATA_value -99999
[rows 36 to 71 of 512, columns 0 to 81 of 512]
270.608 268.218 265.828 268.218 270.608 272.998 211.746 197.816 187.266 181.496 179.106 176.716 174.326 171.936 169.546 167.156 164.766 162.376 159.986 157.596 155.209 152.819 150.429 148.039 145.649 143.259 140.869 138.479 138.479 140.869 142.262 136.492 130.722 124.952 119.181 113.411 107.641 101.87 96.0991 90.3284 84.5577 78.7871 73.0164 67.2456 61.4748 55.7038 49.9326 44.1607 38.3873 32.6133 30.2221 24.4464 23.0616 23.0714 23.0773 23.08 23.08 23.08 23.08 23.08 23.08 23.08 23.08 23.08 23.08 23.08 23.08 23.08 23.08 23.08 23.08 23.08 23.0577 25.3454 31.0896 36.838 42.6197 48.3992 54.1777 59.9564 65.7359 70.9744
264.838 262.448 260.058 262.448 264.838 267.228 269.618 203.586 189.656 179.106 173.336 170.946 168.556 166.166 163.776 161.386 158.996 156.606 154.216 151.826 149.439 147.049 144.659 142.269 139.879 137.489 135.099 132.709 132.709 135.099 137.489 134.103 128.333 122.563 116.792 111.022 105.252 99.4814 93.7107 87.9399 82.1691 76.3983 70.6276 64.8568 59.0859 53.315 47.544 41.7727 36.0005 30.2269 24.457 23.0716 23.0788 23.08 23.08 23.08 23.08 23.08 23.08 23.08 23.08 23.08 23.08 23.08 23.08 23.08 23.08 23.08 23.08 23.08 23.08 23.0765 23.0079 27.6501 33.3595 39.1179 44.9026 50.6832 56.4602 62.2353 68.0143 73.7891
259.068 256.678 254.288 256.678 259.068 261.458 263.848 266.237 195.426 181.496 170.946 165.176 162.786 160.396 158.006 155.616 153.226 150.836 148.446 146.056 143.669 141.279 138.889 136.499 134.109 131.719 129.329 126.939 126.939 129.329 131.719 131.714 125.944 120.174 114.404 108.634 102.863 97.093 91.3225 85.5518 79.781 74.0102 68.2393 62.4685 56.6976 50.9266 45.1557 39.3846 33.6131 27.8421 23.0701 23.0792 23.08 23.08 23.08 23.08 23.08 23.08 23.08 23.08 23.08 23.08 23.08 23.08 23.08 23.08 23.08 23.08 23.08 23.08 23.08 23.0542 24.2821 30.0153 35.7894 41.5187 47.2789 53.0669 58.8488 64.6115 70.384 76.1682
253.298 250.908 248.518 250.908 253.298 255.688 258.078 260.468 266.237 187.265 173.336 162.786 157.016 154.626 152.236 149.846 147.456 145.066 142.676 140.286 137.899 135.509 133.119 130.729 128.339 125.949 123.559 121.169 121.169 123.559 125.949 128.339 123.555 117.785 112.014 106.244 100.474 94.7039 88.9335 83.163 77.3923 71.6214 65.8505 60.0796 54.3086 48.5375 42.7664 36.9953 31.2239 25.4563 23.0768 23.08 23.08 23.08 23.08 23.08 23.08 23.08 23.08 23.08 23.08 23.08 23.08 23.08 23.08 23.08 23.08 23.08 23.08 23.08 23.0764 22.9976 28.661 32.3924 38.1685 43.9448 49.675 55.4369 61.212 66.9467 72.7274 78.4961
247.528 245.138 242.748 245.138 247.528 249.918 252.307 258.077 268.627 274.397 179.105 165.176 154.626 148.856 146.466 144.076 141.686 139.296 136.906 134.516 132.129 129.739 127.349 124.959 122.569 120.179 117.789 115.399 115.399 117.789 120.179 122.569 121.165 115.395 109.625 103.855 98.0846 92.3144 86.5441 80.7737 75.0031 69.2324 63.4615 57.6905 51.9195 46.1483 40.3771 34.6058 28.8344 23.0719 23.0793 23.08 23.08 23.08 23.0799 23.08 23.08 23.08 23.08 23.08 23.08 23.08 23.08 23.08 23.08 23.08 23.08 23.08 23.08 23.08 23.0562 24.266 29.9954 35.7723 40.548 46.3278 52.0373 57.7066 63.44 69.2437 75.0251 80.8903
241.758 239.368 236.978 239.368 241.757 244.147 249.917 260.465 353.788 353.795 353.806 170.944 157.016 146.466 140.696 138.306 135.916 133.526 131.136 128.746 126.359 123.969 121.579 119.189 116.799 114.409 112.019 109.629 109.629 112.019 114.409 116.799 119.189 115.396 109.626 103.856 98.0861 92.316 86.5459 80.7757 75.0054 69.235 63.4644 57.6937 51.9229 46.1521 40.3811 34.61 28.8389 23.075 23.08 23.08 23.08 23.0799 23.08 23.08 23.08 23.08 23.08 23.08 23.08 23.08 23.08 23.08 23.08 23.08 23.08 23.08 23.08 23.0754 22.9928 27.6199 32.3711 38.1531 43.9306 48.6749 54.3449 60.1271 65.8639 71.596 77.3965 83.2795
235.988 233.598 231.208 233.597 235.987 241.756 252.304 353.765 353.77 353.777 353.787 353.798 162.784 148.855 138.306 132.536 130.146 127.756 125.366 122.976 120.589 118.199 115.809 113.419 111.029 108.639 106.249 103.859 103.859 106.249 108.639 111.029 113.419 115.397 109.627 103.857 98.0873 92.3173 86.5472 80.7771 75.007 69.2368 63.4664 57.696 51.9255 46.1549 40.3843 34.6135 28.8427 23.0767 23.08 23.08 23.0799 23.08 23.08 23.08 23.08 23.08 23.08 23.08 23.08 23.08 23.08 23.08 23.08 23.08 23.08 23.08 23.0775 23.0342 24.2906 29.9909 35.766 40.5376 46.3166 52.0947 56.8377 62.5008 68.2516 73.9535 79.6848 93.7433
230.218 227.828 225.438 227.827 230.215 244.142 353.749 353.75 353.753 353.76 353.77 353.782 353.795 154.625 135.916 130.146 124.376 121.986 119.596 117.206 114.819 112.429 110.039 107.649 105.259 102.869 100.479 98.0888 98.0888 100.479 102.869 105.259 107.649 109.629 109.628 103.858 98.088 92.3179 86.5479 80.7778 75.0078 69.2376 63.4675 57.6973 51.927 46.1566 40.3862 34.6156 28.845 23.0769 23.08 23.0797 23.08 23.08 23.08 23.08 23.08 23.08 23.08 23.08 23.08 23.08 23.08 23.08 23.08 23.08 23.08 23.08 23.0629 24.3871 30.0944 32.4137 38.1581 43.8927 48.7032 54.4792 60.2593 64.9771 70.5733 82.2349 94.1079 91.323
224.448 222.058 219.668 222.057 224.443 353.741 353.737 353.735 353.738 353.744 353.754 353.766 353.779 165.756 138.306 127.756 121.986 116.216 113.826 111.436 109.049 106.659 104.269 101.879 99.489 97.0989 94.7087 92.3188 92.3188 94.709 97.0992 99.4893 101.879 103.859 103.858 103.858 98.0876 92.3176 86.5475 80.7775 75.0074 69.2374 63.4673 57.6971 51.927 46.1567 40.3864 34.6159 28.845 23.0761 23.0792 23.08 23.08 23.08 23.08 23.08 23.08 23.0799 23.08 23.08 23.0799 23.08 23.08 23.08 23.08 23.08 23.08 23.0754 23.0016 27.7064 32.4444 38.2195 40.5526 46.1929 51.9749 56.8686 62.639 68.36 78.8839 84.7574 90.6605 85.9204
218.678 216.288 213.898 216.287 218.672 353.728 353.724 353.721 353.723 353.729 353.739 353.751 353.762 159.985 139.297 130.146 116.216 110.446 108.056 105.666 103.279 100.889 98.4991 96.109 93.719 91.3289 88.9387 86.5487 86.5487 88.939 91.3292 93.7193 96.1094 98.089 98.0884 100.478 100.477 94.7067 88.9366 83.1666 77.3965 71.6265 65.8565 60.0864 54.3163 48.5462 42.7758 37.0051 31.2341 25.4637 23.0782 23.08 23.08 23.0799 23.08 23.08 23.0799 23.08 23.08 23.0799 23.08 23.08 23.08 23.08 23.08 23.08 23.0768 23.0305 24.2739 29.9895 35.7902 40.5998 46.3197 48.7299 54.3659 60.1051 64.9273 70.6543 87.1099 84.7553 84.8801 83.6087
212.908 210.518 208.128 210.517 212.902 353.714 353.714 353.714 353.714 353.715 353.725 353.737 353.748 154.214 133.527 127.757 110.446 104.676 102.286 99.8959 97.5088 95.1188 92.7291 90.339 87.949 85.5589 83.1687 80.7787 80.7787 83.169 85.5592 87.9493 90.3393 92.319 92.3183 94.7079 97.0978 97.0956 91.3255 85.5555 79.7855 74.0154 68.2454 62.4754 56.7053 50.9351 45.1646 39.3938 33.6227 27.8518 23.0773 23.08 23.0796 23.08 23.08 23.0799 23.08 23.08 23.0799 23.08 23.08 23.08 23.08 23.08 23.08 23.0772 23.044 24.3348 30.0299 32.3879 38.1487 43.907 48.5845 54.3739 56.8274 62.3319 78.8004 90.205 84.5122 79.9225 80.0183 80.1065
207.138 204.748 202.358 204.747 207.134 353.71 353.711 353.714 353.712 353.714 353.714 353.724 353.734 148.442 127.757 121.987 104.676 98.9058 96.5159 94.1259 91.7388 89.3487 86.9591 84.569 82.179 79.7889 77.3987 75.0087 75.0087 77.399 79.7892 82.1792 84.5693 86.549 86.5483 88.9379 91.3278 93.7179 92.3142 86.5441 80.7741 75.0041 69.234 63.464 57.6939 51.9235 46.1529 40.3819 34.6105 28.839 23.0749 23.0791 23.08 23.08 23.0799 23.08 23.08 23.0799 23.08 23.08 23.08 23.08 23.08 23.08 23.0765 23.0417 24.3529 30.0644 32.4662 38.1976 40.4894 46.0685 51.8572 56.7286 62.3352 86.908 94.7486 89.0549 83.2701 80.5829 80.7754 80.7733
201.368 198.978 196.588 198.977 201.366 203.755 206.144 208.532 353.714 353.714 353.714 353.714 353.72 142.668 121.986 116.217 98.9052 93.1357 90.7458 88.3559 85.9687 83.5787 81.1891 78.799 76.409 74.0189 71.6287 69.2387 69.2386 71.6289 74.0191 76.4092 78.7993 80.7789 80.7782 83.1678 85.5577 87.9478 90.3379 88.9342 83.1642 77.3941 71.6241 65.8541 60.0839 54.3135 48.5428 42.7718 37.0003 31.2288 25.4595 23.0776 23.08 23.0798 23.08 23.08 23.0799 23.08 23.08 23.08 23.08 23.08 23.08 23.075 23.0258 24.3415 30.0845 32.49 38.23 40.5703 46.1237 48.6676 54.2363 59.867 64.4103 97.9908 92.3507 86.4596 80.7389 80.6952 80.7794 80.7797
195.598 193.208 190.818 193.207 195.597 197.987 200.377 206.146 353.714 353.714 353.714 353.712 353.703 136.889 116.216 110.446 93.1347 87.3655 84.9758 82.5858 80.1987 77.8087 75.419 73.029 70.639 68.2489 65.8587 63.4686 63.4686 65.8589 68.2491 70.6392 73.0292 75.0089 75.0082 77.3978 79.7877 82.1777 84.5678 86.5466 85.5542 79.7842 74.0141 68.2441 62.4739 56.7035 50.9328 45.1616 39.39 33.6182 27.8471 23.0737 23.0793 23.08 23.08 23.0796 23.08 23.08 23.08 23.08 23.08 23.0766 23.0585 22.9919 24.267 30.0657 32.3857 38.1993 40.6008 46.1694 48.7424 54.2943 56.6699 61.9231 106.082 100.488 94.6877 88.8704 83.1343 80.6446 80.7795 80.7703
189.828 187.438 185.048 187.437 189.827 192.216 197.987 203.757 209.527 215.296 221.055 353.706 353.683 131.115 110.445 104.676 87.3643 81.5951 79.2055 76.8157 74.4287 72.0387 69.649 67.259 64.869 62.4789 60.0887 57.6986 57.6986 60.0889 62.4791 64.8691 67.2592 69.2389 69.2381 71.6277 74.0176 76.4077 78.7978 80.7765 80.7754 82.1736 76.4035 70.6334 64.8632 59.0927 53.3218 47.5503 41.7787 36.007 30.2353 24.4663 23.0743 23.0777 23.0771 23.08 23.08 23.08 23.08 23.08 23.074 23.019 24.3364 27.6761 30.0224 32.3452 38.1246 40.5546 46.2505 48.7712 54.3367 56.775 62.0162 114.241 108.659 102.889 97.0931 91.2898 85.4972 80.5486 80.7594 80.7796
184.058 181.668 179.278 181.667 154.217 148.446 142.676 136.906 131.136 125.365 122.972 120.573 122.951 102.269 96.5138 94.1255 84.9741 79.2048 73.4348 71.0453 68.6585 66.2686 63.879 61.489 59.099 56.7089 54.3187 51.9286 51.9285 54.3188 56.709 59.0991 61.4891 63.4688 63.4681 65.8577 68.2476 70.6377 73.0278 75.0065 75.0054 77.3954 78.7936 73.0235 67.2531 61.4824 55.7112 49.9397 44.1684 38.3971 32.6263 30.2393 28.8445 24.4729 23.0701 23.0665 23.0635 23.05 23.0437 23.0181 22.9501 24.195 30.0056 32.4463 35.7857 38.0646 40.5224 46.2951 48.5132 54.323 56.9078 62.2359 122.429 116.835 111.08 105.295 99.4943 93.6817 87.8701 82.1772 80.6708 80.7795
178.288 175.898 173.508 157.598 151.827 146.057 140.287 134.517 128.747 122.977 117.207 114.817 105.665 99.8952 94.1258 88.3554 82.5841 76.8144 71.0445 65.2744 62.8883 60.4984 58.1089 55.719 53.3289 50.9389 48.5486 46.1585 46.1585 48.5488 50.939 53.329 55.7191 57.6988 57.698 60.0876 62.4776 64.8677 67.2577 69.2365 69.2354 71.6254 74.0154 75.4135 69.6431 63.8722 58.1008 52.3298 46.559 40.7888 38.4006 36.0124 32.6352 30.2244 24.4407 28.2126 24.3953 28.1774 24.2973 26.0227 24.0004 29.8355 32.3029 38.157 40.5093 43.8685 46.2388 48.689 54.2413 56.6807 62.429 81.175 124.924 119.275 113.498 107.699 101.893 96.0827 90.2632 84.4582 80.5006 80.7686
172.518 170.128 160.978 155.208 149.438 143.668 137.897 132.127 126.357 120.587 114.817 109.047 103.277 97.5063 91.736 85.9657 80.1956 74.4249 68.655 62.8852 57.1173 54.7281 52.3386 49.9489 47.5589 45.1688 42.7786 40.3885 40.3884 42.7787 45.1689 47.559 49.949 51.9287 51.928 54.3176 56.7075 59.0976 61.4877 63.4665 63.4653 65.8553 68.2452 70.6346 68.2442 65.8537 60.4919 54.7212 48.9511 46.5622 44.1731 40.7963 38.3901 32.6138 32.3852 32.5768 30.3365 32.5127 30.0792 31.8077 29.8043 32.1281 38.0132 40.4926 46.2317 48.6799 52.0397 54.3735 56.86 62.4066 64.7936 78.811 127.288 121.665 115.836 110.033 104.227 98.4135 92.5706 86.6764 80.8663 80.4841
170.128 164.358 158.588 152.818 147.048 141.278 135.508 129.737 123.967 118.197 112.427 106.657 100.887 95.1167 89.3464 83.576 77.8058 72.0348 66.2649 60.4949 54.7272 48.957 46.5678 44.1785 41.7888 39.3988 37.0086 34.6184 34.6184 37.0087 39.3989 41.7889 44.179 46.1587 46.1579 48.5476 50.9375 53.3276 55.7177 57.6964 57.6951 60.0849 62.4746 64.8638 62.4727 60.0826 57.6934 57.1137 54.7239 52.3339 48.9568 46.5516 40.7798 38.5609 38.1605 38.3532 36.1186 38.291 35.8664 37.6107 35.6536 37.978 40.349 46.2064 48.6076 54.4051 56.8397 60.1727 62.5448 65.0269 70.5477 76.4696 95.0094 123.943 118.235 112.401 106.59 100.759 94.8754 88.9399 86.6576 84.4124
167.738 161.968 156.198 150.428 144.658 138.888 133.118 127.348 121.577 115.807 110.037 104.267 98.4972 92.727 86.9566 81.1863 75.416 69.6459 63.8758 58.1058 52.337 46.567 40.7967 38.4076 36.0183 33.6287 31.2385 28.8484 28.8483 31.2386 33.6288 36.0189 38.409 40.3886 40.3879 42.7775 45.1675 47.5575 49.9475 51.9261 51.9246 54.3141 56.7036 59.0926 56.7018 54.3117 51.9222 51.9248 54.3159 54.3126 51.9226 48.9417 46.5511 44.3329 43.9361 44.1287 41.9036 44.0693 42.459 43.3968 42.3508 43.8275 46.1873 48.5593 54.3952 56.7934 62.5726 65.0119 68.341 70.7142 73.197 78.9379 92.7367 103.271 120.624 114.805 108.982 103.123 97.222 94.8567 92.5409 90.2204
165.348 159.578 153.808 148.038 142.268 136.498 130.728 124.958 119.188 113.417 107.647 101.877 96.1073 90.3371 84.5669 78.7966 73.0263 67.256 61.486 55.7159 49.9458 44.1769 38.4068 32.6364 30.2474 27.8582 25.4684 23.0783 23.0782 25.4685 27.8587 30.2489 32.639 34.6186 34.6178 37.0074 39.3973 41.7872 44.1771 46.1557 46.1537 48.5432 50.9326 53.3223 50.9313 48.5407 46.1512 46.1538 48.5453 48.5424 46.1525 48.535 50.9238 50.1053 49.7115 49.9061 47.6843 49.8502 48.2469 49.1866 48.1606 49.651 52.0207 54.3873 56.764 62.5832 64.9788 70.7474 73.1832 76.5114 78.8816 81.3496 90.3894 100.909 122.981 117.197 111.356 105.485 103.101 100.728 98.3812 96.0457
162.958 157.188 151.418 145.648 139.878 134.108 128.338 122.568 116.798 111.028 105.257 99.4874 93.7174 87.9472 82.177 76.4067 70.6365 64.8662 59.0961 53.3261 47.556 41.786 36.0169 30.2467 24.4762 22.0872 19.6979 17.3082 17.3081 19.6984 22.0887 24.4789 28.8491 28.8486 28.8477 31.2372 33.6269 36.0167 38.4066 40.3851 40.3828 42.7722 45.1622 47.5523 45.1609 42.77 40.3801 40.383 42.7749 42.7722 40.3823 42.7645 45.1528 47.5427 49.9319 52.3214 54.7108 55.6341 54.9961 54.9706 54.9312 55.4535 57.8302 60.209 62.5828 64.9643 70.7691 73.1638 78.9222 81.3533 84.6802 87.0383 92.8206 98.5115 125.36 119.579 113.731 111.333 108.945 106.551 104.193 101.864
160.569 154.799 149.029 143.259 137.489 131.719 125.949 120.179 114.408 108.638 102.868 97.0975 91.3274 85.5573 79.7871 74.0168 68.2466 62.4764 56.7063 50.9361 45.1662 39.3961 33.6259 27.8568 22.0865 16.3159 13.9269 11.5377 11.538 13.9283 16.3186 22.0891 23.079 23.0784 23.0774 25.4668 27.8564 30.2462 32.6363 34.6146 34.6118 37.0015 39.3919 41.7821 39.3906 36.9994 34.6091 34.612 37.0044 37.0019 34.6118 36.9939 39.382 41.7709 44.1584 46.5451 48.9307 54.692 60.4596 61.1408 61.1395 61.2436 63.6258 66.0111 68.3941 70.7744 73.1596 78.952 81.3473 87.0963 89.5248 92.8526 95.2227 100.902 127.734 121.965 119.555 117.156 114.757 112.354 109.997 107.672
158.179 152.409 146.639 140.869 135.099 129.329 123.559 117.789 112.019 106.249 100.479 94.7084 88.9384 83.1682 77.3981 71.6278 65.8576 60.0874 54.3172 48.547 42.7768 37.0066 31.2365 25.467 19.6967 13.926 8.15598 5.76811 5.76894 8.15847 13.929 16.3193 17.3089 17.3082 17.307 19.6962 22.0857 24.4757 30.2467 28.8438 28.8409 31.2309 33.6215 36.0119 33.6204 31.2289 28.8382 28.8409 31.2338 31.2316 28.8413 31.2231 33.6106 35.9979 38.3821 40.7646 46.5235 52.2888 57.0623 62.8391 66.9249 68.7692 69.4233 71.8076 74.1961 76.5835 78.9691 81.3572 87.1402 89.5353 95.2765 97.709 101.026 103.31 130.106 127.798 125.362 122.958 120.554 118.152 115.798 113.968
160.568 154.798 149.028 143.258 137.488 131.718 125.948 120.178 114.408 108.638 102.868 92.3191 86.5491 80.779 75.0088 69.2386 63.4684 57.6982 51.928 46.1578 40.3875 34.6173 28.8471 23.0769 17.3066 11.5362 5.76742 5.76977 5.76995 5.76963 8.15943 11.5393 11.5388 11.5379 11.5363 13.9253 16.3151 22.0862 24.4772 23.0728 23.07 25.4603 27.8512 30.2425 27.8502 25.4584 23.0673 23.07 25.4633 25.4611 23.0703 25.4511 27.8357 30.2176 32.5955 38.3543 44.1187 48.8886 54.66 60.4339 65.2403 70.5485 72.9412 75.3233 77.7124 80.1015 82.4918 84.8761 87.2613 89.6497 95.3879 97.7698 103.526 109.153 114.935 133.544 131.18 128.752 126.348 123.948 121.6 119.765
162.958 157.188 151.418 145.648 139.878 134.108 128.338 122.568 116.798 111.028 105.258 94.7083 88.9383 83.1682 77.398 71.6279 65.8578 60.0877 54.3176 48.5483 42.7782 37.0081 31.2379 25.4678 19.6976 13.9277 8.15812 5.7697 5.77 5.76998 5.7699 5.76974 5.76951 5.76914 5.76793 8.15513 13.926 16.3172 19.6947 17.3019 17.299 19.6897 22.0815 24.4736 22.0809 19.6879 17.2964 17.299 19.6927 19.6906 17.2974 19.6738 22.0512 24.4263 30.1958 35.9648 40.7344 46.5054 52.274 57.0698 62.3747 64.7668 67.1581 69.5415 71.9289 74.3176 76.7053 79.0888 81.473 87.2094 89.5824 95.345 101.081 106.846 112.599 118.367 136.93 134.562 132.14 129.742 127.395 126.363
164.359 158.589 152.819 147.049 141.279 135.509 129.739 123.969 118.199 112.429 106.659 97.0983 91.3283 85.5582 79.7881 74.018 68.2479 62.4779 56.7083 50.9387 45.1687 39.3987 33.6286 27.8586 22.0887 16.3188 11.5391 5.76944 5.76999 5.77 5.77 5.77 5.77 5.77 5.76985 5.76876 8.15723 13.9277 13.9258 11.5308 11.528 13.9194 16.312 22.0856 16.3115 13.9181 11.5254 11.528 13.9239 13.9193 11.5185 13.8856 16.2564 22.0279 27.7989 32.569 38.3432 44.1143 48.908 54.2164 56.6007 58.9907 61.3825 63.7645 66.1521 68.5381 70.9198 73.2977 79.0351 81.3997 87.1665 92.9075 98.6795 104.455 110.226 116.013 121.758 140.315 137.945 135.534 133.181 134.149
161.969 156.199 150.429 144.659 138.889 133.119 127.349 121.579 115.809 110.039 104.269 98.4987 92.7288 86.9587 81.1886 75.4185 69.6484 63.8784 58.1084 52.339 46.5691 40.7993 36.019 30.2492 24.4793 19.6995 13.9295 8.15962 5.76994 5.77 5.77 5.77 5.77 5.77 5.77 5.76991 5.76925 8.15845 8.15663 5.76604 5.76463 8.15061 13.9239 19.6961 13.9236 8.14964 5.76344 5.76475 8.15546 8.15352 5.74413 8.09801 13.8618 19.6347 24.4062 30.1819 35.956 40.7475 46.0803 48.4417 50.8241 53.2157 55.6065 57.9866 60.3706 62.7483 65.1227 70.8608 73.2169 78.9878 84.7635 90.5382 96.3136 102.09 107.868 113.641 119.403 125.152 143.704 141.339 142.326 139.924
159.579 153.809 148.039 142.269 136.499 130.729 124.959 119.189 113.419 107.649 101.879 96.1087 90.3387 84.5687 78.7986 73.0285 67.2584 61.4884 55.7183 49.9489 44.1789 38.409 32.6392 30.2494 24.4797 22.0898 16.3198 11.5398 5.76993 5.77 5.77 5.77 5.77 5.77 5.77 5.77 5.76992 5.76982 5.76978 5.76984 5.76971 5.76725 11.5377 16.3195 11.5377 5.76675 5.76932 5.77 5.76926 5.76923 5.76686 5.73671 11.4772 16.2497 22.0255 27.7975 32.589 38.359 40.3041 42.6633 45.0493 47.44 49.8282 52.2026 54.5756 56.9457 62.6857 65.0327 70.8078 76.589 82.3663 88.1429 93.9209 99.6986 105.478 111.256 117.03 122.795 128.566 134.353 148.1 148.945
155.04 151.419 145.649 139.879 134.109 128.339 122.569 116.799 111.029 105.259 99.4888 93.7187 87.9487 82.1787 76.4086 70.6385 64.8684 59.0983 53.3283 47.5587 41.7887 36.0187 30.2488 24.4789 22.0892 16.3196 13.9297 8.15987 5.76997 5.77 5.77 5.77 5.77 5.77 5.77 5.77 6.15996 8.15996 8.15994 5.76999 5.77 5.76979 8.15907 13.9295 13.9286 8.15932 8.15993 5.76971 5.77 5.77 5.77 5.76003 8.10568 13.8683 19.646 24.4303 30.2001 32.5905 34.5264 36.8863 39.2731 41.6611 44.0412 46.4024 48.7672 54.5088 56.8479 62.6274 68.4131 74.1936 79.9706 85.7478 91.5291 97.3091 103.088 108.868 114.646 120.421 126.199 131.971 137.746 143.525
152.65 146.88 143.259 137.489 131.719 125.949 120.179 114.409 108.639 102.869 97.0989 91.3289 85.5589 79.7889 74.0188 68.2487 62.4786 56.7085 50.9384 45.1686 39.3986 33.6285 27.8585 22.0886 16.3186 13.929 8.15956 5.76988 5.77 5.77 5.77 5.77 5.77 5.77 5.77 5.77 5.76995 11.54 5.76995 5.76999 5.77 5.76996 5.76973 11.5397 11.5397 13.9297 11.5399 5.76997 5.77 5.77 5.77 5.76827 5.7447 11.4922 16.2739 22.0469 24.4303 28.7905 28.7484 31.1088 33.4929 35.8711 38.2352 40.5872 46.3309 48.6619 54.4463 60.2378 66.0215 71.7994 77.5789 83.3609 89.1383 94.9203 100.701 106.48 112.259 118.037 123.812 129.586 135.359 141.133
150.26 144.49 138.72 135.099 129.329 123.559 117.789 112.019 106.249 100.479 94.7089 88.9389 83.1689 77.3989 71.6288 65.8587 60.0886 54.3185 48.5483 42.7785 37.0084 31.2383 25.4682 19.6981 13.9281 8.1583 5.76958 5.76999 5.77 5.77 5.77 5.77 5.77 5.77 5.77 5.77 5.76997 8.15996 5.76997 5.76999 5.77 5.76996 8.15988 8.15983 5.76981 8.15977 11.5399 5.76997 5.77 5.77 5.77 5.77 5.76329 8.1257 13.8885 16.2689 22.0494 23.013 22.9664 25.3264 27.6995 30.0586 32.4129 38.1518 40.4748 46.2646 52.0626 57.8499 63.6298 69.41 75.1907 80.9719 86.7532 92.5322 98.3116 104.089 109.865 115.639 121.416 127.191 132.967 138.739
147.87 142.1 136.33 130.56 128.17 122.4 120.01 109.629 103.859 98.0893 92.3193 86.5493 80.7793 75.0093 69.2392 63.4691 57.699 51.9288 46.1586 40.3884 34.6182 28.848 23.0778 17.3077 11.5375 5.76875 5.76964 5.76998 5.77 5.77 5.77 5.77 5.77 5.77 5.77 5.77 5.76999 5.76998 8.15999 5.76998 5.77 5.76996 8.15992 5.76993 5.76998 5.76995 8.15997 5.76998 5.77 5.77 5.77 5.77 5.76892 5.7567 8.11459 13.8908 17.271 17.2313 17.1814 19.5291 21.8799 24.2285 29.9704 32.285 38.0813 43.8866 49.6776 55.4608 61.2423 67.0233 72.8062 78.5843 84.3636 90.1406 95.9156 101.687 107.458 113.239 119.015 124.795 130.572 136.342
145.48 139.71 133.94 128.17 122.4 120.01 114.24 111.85 106.08 100.479 94.7093 88.9393 83.1693 77.3993 71.6293 65.8593 60.0891 54.3189 48.5487 42.7787 37.0085 31.2384 25.4682 19.6981 13.9281 8.15853 11.5398 5.76993 5.77 5.77 5.77 5.77 5.77 5.77 5.77 5.77 5.77 5.76998 5.76997 5.76997 5.77 5.76997 5.76996 5.76997 5.77 5.76999 5.76999 5.76999 5.77 5.77 5.77 5.77 5.77 5.76857 5.75429 11.5193 11.492 11.4489 11.3806 13.7019 16.0409 21.7859 24.0896 29.897 35.7047 41.4997 47.285 53.0677 58.8498 64.6339 70.411 76.1889 81.963 87.7356 93.5041 99.2722 105.051 110.829 116.607 122.388 128.171 133.949
143.09 137.32 131.55 125.78 120.01 114.24 111.85 106.08 103.69 97.9199 95.5298 89.7598 85.5593 79.7893 74.0193 68.2493 62.4792 56.709 50.9389 45.1688 39.3987 33.6286 27.8586 22.0887 16.3187 13.9292 13.9299 8.15989 5.76998 5.77 5.77 5.77 5.77 5.77 5.77 5.77 5.77 5.77 5.77 5.77 5.77 5.77 5.77 5.77 5.77 5.77 5.77 5.77 5.77 5.77 5.77 5.77 5.77 5.77 5.76841 5.76111 5.74854 5.73058 5.65793 7.89279 13.5951 15.8777 21.6915 27.504 33.3021 39.0882 44.8706 50.6509 56.4299 62.2072 67.9851 73.7613 79.5353 85.3075 91.0826 96.8627 102.643 108.414 114.179 119.952 125.751 131.543
139.88 134.93 129.16 123.39 117.62 111.85 106.08 103.69 97.9199 95.5299 89.7599 87.3698 81.5998 79.2095 73.4395 70.6393 64.8692 59.0991 53.329 47.5589 41.7889 36.0188 30.249 24.479 22.0893 19.6995 16.3199 11.5399 5.76996 5.77 5.77 5.77 5.77 5.77 5.77 5.77 5.77 5.77 5.77 5.77 5.77 5.77 5.77 5.77 5.77 5.77 5.77 5.77 5.77 5.77 5.77 5.77 5.77 5.77 5.77 5.77 5.77 5.77 5.76131 5.63999 7.68602 13.4289 19.2411 25.0425 30.832 36.6179 42.4017 48.1834 53.9627 59.7401 65.5217 71.3031 77.0846 82.8678 88.6532 94.44 100.219 105.987 111.717 122.302 128.113 133.908
