tests/full-run-ref/erosion_80_12_73.027.asc
ncols 512
nrows 512
xllcorner -3.24582
yllcorner -4.08743
cellsize 5
NODATA_value -99999
[rows 0 to 28 of 512, columns 67 to 133 of 512]
11.54 11.54 11.54 11.54 11.54 11.54 13.9218 16.3118 17.31 17.31 17.31 17.31 17.31 17.31 17.31 17.31 17.31 17.31 16.32 13.93 11.54 11.54 11.54 11.54 11.54 11.54 11.54 11.54 11.54 11.54 11.54 11.54 11.54 11.54 11.54 11.54 11.54 11.54 11.54 11.54 11.54 11.54 11.54 11.54 11.54 11.54 11.54 11.54 11.54 11.54 11.54 13.93 13.93 11.54 11.54 11.54 11.54 13.9234 16.3134 17.31 17.31 17.31 17.31 17.31 17.31 17.31 17.31
5.77002 5.77002 5.77002 5.77002 5.77002 5.77002 8.15062 11.54 11.54 11.54 11.54 11.54 11.54 11.54 11.54 11.54 11.54 11.54 11.54 8.16003 5.77002 5.77002 5.77002 5.77002 5.77002 5.77002 5.77002 5.77002 5.77002 5.77002 5.77002 5.77002 5.77002 5.77002 5.77002 5.77002 5.77002 5.77002 5.77002 5.77002 5.77002 5.77002 5.77002 5.77002 5.77002 5.77002 5.77002 5.77002 5.77002 5.77002 5.77002 8.16002 8.16002 5.77002 5.77002 5.77002 5.77002 8.15219 11.54 11.54 11.54 11.54 11.54 11.54 11.54 11.54 11.54
5.77003 5.77003 5.77003 5.77003 5.77003 5.77003 5.77002 5.77002 5.77002 5.77002 5.77002 5.77002 5.77002 5.77002 5.77002 5.77002 5.77002 5.77002 5.77002 5.77002 5.77003 5.77003 5.77003 5.77003 5.77003 5.77003 5.77003 5.77003 5.77003 5.77003 5.77003 5.77003 5.77003 5.77003 5.77003 5.77003 5.77003 5.77003 5.77003 5.77003 5.77003 5.77003 5.77003 5.77003 5.77003 5.77003 5.77003 5.77003 5.77003 5.77003 5.77002 5.77002 5.77002 5.77002 5.77003 5.77003 5.77002 5.77002 5.77002 5.77002 5.77002 5.77002 5.77002 5.77002 5.77002 5.77002 5.77002
5.77003 5.77003 5.77003 5.77003 5.77003 5.77003 5.77003 5.77003 5.77003 5.77003 5.77003 5.77003 5.77003 5.77003 5.77003 5.77003 5.77003 5.77003 5.77003 5.77003 5.77003 5.77003 5.77003 5.77003 5.77003 5.77003 5.77003 5.77003 5.77003 5.77003 5.77003 5.77003 5.77003 5.77002 5.76993 5.76985 5.76991 5.76995 5.76995 5.76994 5.76996 5.76997 5.76999 5.76995 5.76999 5.76999 5.76999 5.77 5.77 5.77001 5.77001 5.77002 5.77002 5.77001 5.77001 5.77001 5.77001 5.77002 5.77002 5.77002 5.77002 5.77002 5.77002 5.77002 5.77002 5.77002 5.77002
5.77003 5.77003 5.77003 5.77003 5.77003 5.77003 5.77003 5.77003 5.77003 5.77003 5.77003 5.77003 5.77003 5.77003 5.77003 5.77003 5.77003 5.77003 5.77003 5.77003 5.77003 5.77003 5.77003 5.77003 5.77003 5.77003 5.77003 5.77003 5.77003 5.77003 5.77003 5.77002 5.77002 5.77002 5.76999 5.76996 5.76995 5.76998 5.77 5.77 5.77001 5.77002 5.77 5.77 5.77001 5.76999 5.77 5.77 5.77001 5.77001 5.77002 5.77002 5.77002 5.77002 5.77002 5.77002 5.77002 5.77002 5.77002 5.77002 5.77002 5.77002 5.77002 5.77002 5.77002 5.77002 5.77002
5.77003 5.77003 5.77003 5.77003 5.77003 5.77003 5.77003 5.77003 5.77003 5.77003 5.77003 5.77003 5.77003 5.77003 5.77003 5.77003 5.77003 5.77003 5.77003 5.77003 5.77003 5.77003 5.77003 5.77003 5.77003 5.77003 5.77003 5.77003 5.77002 5.77002 5.77002 5.77002 5.77002 5.77002 5.76998 5.76996 5.76994 5.76996 5.76999 5.76998 5.76999 5.76998 5.76996 5.77 5.76998 5.76996 5.76997 5.76998 5.77 5.77001 5.77001 5.77001 5.77001 5.77002 5.77002 5.77002 5.77002 5.77002 5.77002 5.77002 5.77002 5.77002 5.77002 5.77002 5.77002 5.77002 5.77002
5.77003 5.77003 5.77003 5.77003 5.77003 5.77003 5.77003 5.77003 5.77003 5.77003 5.77003 5.77003 5.77003 5.77003 5.77003 5.77003 5.77003 5.77003 5.77003 5.77003 5.77003 5.77003 5.77003 5.77003 5.77003 5.77003 5.77003 5.77003 5.77002 5.77002 5.77002 5.77002 5.77002 5.77001 5.76997 5.76996 5.76998 5.76996 5.76997 5.76997 5.77 5.76999 5.76999 5.76997 5.76997 5.76993 5.76993 5.76998 5.76999 5.76999 5.77 5.77 5.77 5.77 5.77001 5.77001 5.77001 5.77001 5.77001 5.77001 5.77001 5.77001 5.77001 5.77001 5.77002 5.77002 5.77002
5.77003 5.77003 5.77003 5.77003 5.77003 5.77003 5.77003 5.77003 5.77003 5.77003 5.77003 5.77003 5.77003 5.77003 5.77003 5.77003 5.77003 5.77003 5.77003 5.77003 5.77003 5.77003 5.77003 5.77002 5.77002 5.77002 5.77003 5.77003 5.77003 5.77003 5.77002 5.77002 5.77002 5.77 5.76998 5.76997 5.76995 5.76999 5.76999 5.77001 5.76999 5.76997 5.76999 5.76999 5.76997 5.76993 5.76995 5.76996 5.76997 5.76998 5.76999 5.76999 5.76999 5.76999 5.76999 5.76999 5.77 5.77 5.77 5.77001 5.77001 5.77001 5.77001 5.77001 5.77001 5.77001 5.77001
5.77003 5.77003 5.77003 5.77003 5.77003 5.77003 5.77003 5.77003 5.77003 5.77003 5.77003 5.77003 5.77003 5.77003 5.77003 5.77003 5.77003 5.77003 5.77003 5.77003 5.77003 5.77003 5.77003 5.77002 5.77002 5.77002 5.77002 5.77002 5.77003 5.77003 5.77002 5.77002 5.77002 5.77001 5.76999 5.76999 5.76999 5.76995 5.76997 5.77001 5.76998 5.77 5.76996 5.76996 5.76996 5.76997 5.76996 5.76994 5.76997 5.76998 5.76997 5.76999 5.77 5.76999 5.76999 5.77 5.77 5.77 5.77001 5.77001 5.77001 5.77 5.77001 5.77 5.77 5.77 5.77
5.77003 5.77002 5.77003 5.77003 5.77003 5.77003 5.77003 5.77003 5.77003 5.77003 5.77003 5.77003 5.77003 5.77003 5.77003 5.77003 5.77003 5.77003 5.77002 5.77003 5.77002 5.77002 5.77002 5.77003 5.77002 5.77002 5.77002 5.77002 5.77002 5.77002 5.77002 5.77002 5.77002 5.76999 5.76997 5.76999 5.77001 5.77 5.77001 5.76998 5.76998 5.77 5.76998 5.76995 5.76996 5.76996 5.76995 5.76996 5.76998 5.76999 5.76997 5.76998 5.76999 5.76999 5.76999 5.77 5.77 5.76999 5.77 5.77 5.77 5.77 5.77 5.77 5.77 5.77 5.77001
5.77002 5.77003 5.77003 5.77003 5.77003 5.77003 5.77003 5.77003 5.77003 5.77003 5.77003 5.77003 5.77003 5.77003 5.77003 5.77003 5.77003 5.77003 5.77003 5.77002 5.77003 5.77002 5.77002 5.77002 5.77003 5.77002 5.77002 5.77002 5.77002 5.77002 5.77002 5.77002 5.77002 5.76999 5.76998 5.76999 5.76999 5.76998 5.77001 5.76999 5.76998 5.76998 5.76998 5.76996 5.76998 5.76995 5.76995 5.76998 5.76997 5.76999 5.76997 5.76998 5.76999 5.76999 5.76999 5.77 5.77 5.77 5.77 5.77 5.77 5.77001 5.77001 5.77 5.77 5.77 5.77001
5.77003 5.77003 5.77003 5.77003 5.77003 5.77003 5.77003 5.77003 5.77003 5.77003 5.77003 5.77003 5.77003 5.77003 5.77003 5.77003 5.77003 5.77003 5.77003 5.77003 5.77002 5.77003 5.77002 5.77002 5.77002 5.77002 5.77002 5.77002 5.77002 5.77002 5.77002 5.77 5.76997 5.76996 5.76999 5.76998 5.77 5.77 5.77002 5.77001 5.76999 5.76998 5.76998 5.76996 5.76999 5.76996 5.76998 5.76998 5.76998 5.76998 5.76999 5.76999 5.76998 5.76998 5.76999 5.77 5.77 5.77 5.77 5.77 5.77 5.77 5.77 5.77 5.77 5.77 5.77
5.77003 5.77003 5.77003 5.77003 5.77003 5.77003 5.77002 5.77003 5.77003 5.77003 5.77002 5.77003 5.77003 5.77003 5.77003 5.77003 5.77003 5.77003 5.77003 5.77003 5.77002 5.77002 5.77002 5.77002 5.77002 5.77002 5.77002 5.77002 5.77002 5.77002 5.76996 5.76993 5.77 5.76996 5.76999 5.76999 5.76999 5.77 5.77 5.77001 5.76999 5.76997 5.76996 5.76998 5.76996 5.76997 5.76999 5.76998 5.76998 5.76999 5.76998 5.76998 5.76999 5.76999 5.77 5.76998 5.76998 5.76997 5.76995 5.76995 5.76995 5.76995 5.76995 5.76995 5.76993 5.76992 5.76987
5.77003 5.77003 5.77002 5.77002 5.77003 5.77003 5.77002 5.77003 5.77003 5.77002 5.77003 5.77003 5.77003 5.77003 5.77003 5.77003 5.77003 5.77003 5.77003 5.77003 5.77002 5.77002 5.77002 5.77002 5.77002 5.77002 5.77002 5.77002 5.76995 5.76996 5.77001 5.76997 5.76995 5.76998 5.76998 5.77 5.77 5.77002 5.76999 5.76999 5.76998 5.76995 5.76997 5.76997 5.76997 5.76997 5.76997 5.76998 5.76997 5.76998 5.76997 5.76998 5.77 5.76999 5.76998 5.76998 5.76996 5.76996 5.76996 5.76995 5.76995 5.76995 5.76995 5.76995 5.76995 5.76991 5.76991
5.77003 5.7619 5.74158 5.73061 5.74704 5.73498 5.77003 5.77003 5.77002 5.77003 5.77003 5.77003 5.77003 5.77003 5.77003 5.77003 5.77003 5.77003 5.77003 5.77003 5.77003 5.77002 5.77002 5.77002 5.77002 5.77002 5.77002 5.76992 5.76996 5.76999 5.76999 5.77 5.76997 5.76997 5.76998 5.77 5.77 5.76996 5.76998 5.76996 5.76996 5.76994 5.76999 5.76996 5.76996 5.76999 5.76999 5.76996 5.76998 5.76998 5.76998 5.76999 5.76998 5.76997 5.76997 5.76995 5.76995 5.76996 5.76996 5.76995 5.76994 5.76994 5.76994 5.76994 5.76994 5.76995 5.76988
5.77002 5.74728 6.14512 6.15994 6.15415 5.72038 5.77003 5.77002 5.77003 5.77003 5.77003 5.77003 5.77003 5.77003 5.77003 5.77003 5.77003 5.77003 5.77003 5.77003 5.77003 5.77003 5.77002 5.77002 5.77002 5.77002 5.76995 5.77002 5.77 5.76996 5.76999 5.76999 5.76999 5.76997 5.77 5.76996 5.77 5.76993 5.7699 5.76992 5.76992 5.76995 5.76999 5.76996 5.76998 5.76999 5.76997 5.76998 5.76997 5.76999 5.76999 5.76999 5.76998 5.76998 5.76997 5.76997 5.76999 5.76998 5.76997 5.76998 5.76998 5.76998 5.76998 5.76998 5.76998 5.76998 5.76998
5.77002 5.73456 5.70401 5.71706 5.74457 5.72664 5.77002 5.77003 5.77003 5.77003 5.77003 5.77003 5.77003 5.77003 5.77003 5.77003 5.77003 5.77003 5.77003 5.77003 5.77003 5.77003 5.77002 5.77002 5.77002 5.77001 5.77001 5.77001 5.77 5.76998 5.76998 5.76999 5.76997 5.7699 5.76992 5.76999 5.7698 5.76989 5.76993 5.7699 5.7699 5.76996 5.76997 5.76997 5.76999 5.76997 5.76998 5.76998 5.76995 5.76999 5.76999 5.76998 5.77 5.76999 5.76998 5.77 5.77 5.76999 5.76999 5.77 5.77 5.77 5.77 5.77 5.77 5.77 5.76999
5.77002 5.77002 5.77002 5.77003 5.77003 5.77003 5.77003 5.77003 5.77003 5.77003 5.77003 5.77003 5.77003 5.77003 5.77003 5.77003 5.77003 5.77003 5.77003 5.77003 5.77003 5.77002 5.77002 5.77002 5.77002 5.77001 5.77001 5.77001 5.77 5.77 5.76999 5.76996 5.76992 5.76983 5.76985 5.7699 5.77002 5.76995 5.76997 5.76995 5.76993 5.76998 5.76996 5.76998 5.76999 5.76999 5.76999 5.76998 5.77 5.76996 5.76999 5.76998 5.76999 5.76999 5.77 5.77 5.77 5.77 5.77001 5.77001 5.77 5.77001 5.77 5.77 5.77 5.77 5.76999
5.77002 5.77002 5.77002 5.77002 5.77002 5.77002 5.77003 5.77003 5.77003 5.77003 5.77003 5.77003 5.77003 5.77003 5.77003 5.77003 5.77003 5.77003 5.77003 5.77002 5.77002 5.77002 5.77002 5.77002 5.77002 5.77001 5.77001 5.77001 5.77 5.76999 5.76998 5.76995 5.76986 5.76975 5.76975 5.76992 5.77002 5.77001 5.77 5.76998 5.76995 5.76999 5.76996 5.76998 5.76997 5.76998 5.76999 5.76998 5.76998 5.76998 5.76997 5.76997 5.76999 5.76998 5.76999 5.77 5.76999 5.76998 5.76999 5.76999 5.76998 5.76998 5.76998 5.76998 5.76998 5.76998 5.76997
5.77002 5.77002 5.77002 5.77002 5.77002 5.77002 5.77002 5.77003 5.77003 5.77003 5.77002 5.77003 5.77003 5.77003 5.77003 5.77002 5.77002 5.77003 5.77002 5.77002 5.77002 5.77002 5.77002 5.77002 5.77002 5.77002 5.77002 5.77002 5.77001 5.77001 5.76997 5.76994 5.76992 5.76985 5.76982 5.76989 5.76993 5.76999 5.77 5.76998 5.76994 5.76998 5.76997 5.76998 5.76997 5.76998 5.76998 5.76998 5.76999 5.76999 5.76999 5.76997 5.76998 5.76995 5.76995 5.76997 5.76995 5.76994 5.76994 5.76994 5.76996 5.76995 5.76995 5.76995 5.76995 5.76995 5.76995
5.77002 5.77002 5.77002 5.77002 5.77002 5.77002 5.77002 5.77002 5.77002 5.77002 5.77002 5.77002 5.77002 5.77002 5.77002 5.77002 5.77002 5.77002 5.77002 5.77002 5.77002 5.77002 5.77002 5.77002 5.77002 5.77002 5.77002 5.77002 5.77001 5.77 5.76992 5.7699 5.76989 5.76994 5.76993 5.76997 5.77 5.77 5.77 5.76999 5.76998 5.77 5.76999 5.76999 5.76998 5.76999 5.76999 5.76998 5.77 5.77 5.77 5.77 5.77 5.76998 5.76993 5.76992 5.76994 5.76997 5.7699 5.76995 5.76994 5.76989 5.76992 5.76992 5.76992 5.76992 5.7699
5.77002 5.77002 5.77002 5.77002 5.77002 5.77002 5.77002 5.77002 5.77002 5.77002 5.77002 5.77002 5.77002 5.77002 5.77002 5.77002 5.77002 5.77002 5.77002 5.77002 5.77002 5.77002 5.77002 5.77002 5.77002 5.77002 5.77002 5.77001 5.76999 5.76998 5.76992 5.76987 5.76993 5.76993 5.76999 5.77 5.77 5.77 5.77 5.77 5.77 5.77001 5.77001 5.77001 5.77001 5.77 5.77 5.76999 5.77 5.77001 5.77001 5.77001 5.77001 5.77 5.76997 5.76993 5.76994 5.7699 5.76997 5.76997 5.76997 5.76996 5.76993 5.76995 5.76994 5.76993 5.76995
5.77002 5.77002 5.77002 5.77002 5.77002 5.77002 5.77002 5.77002 5.77002 5.77002 5.77002 5.77002 5.77002 5.77002 5.77002 5.77002 5.77002 5.77002 5.77002 5.77002 5.77002 5.77002 5.77002 5.77002 5.77001 5.77001 5.77 5.77 5.77 5.76997 5.76992 5.76995 5.76993 5.76996 5.77 5.77 5.76997 5.76997 5.77001 5.77001 5.77001 5.77001 5.77002 5.77002 5.77001 5.77001 5.77001 5.77001 5.77001 5.77001 5.77001 5.77001 5.77001 5.77 5.77 5.76998 5.76993 5.76994 5.76993 5.76997 5.76996 5.76994 5.76991 5.76994 5.76982 5.76984 5.76987
5.77002 5.77002 5.77002 5.77002 5.77002 5.77001 5.77002 5.77002 5.77002 5.77002 5.77002 5.77002 5.77002 5.77002 5.77002 5.77002 5.77002 5.77002 5.77002 5.77002 5.77002 5.77002 5.77002 5.77002 5.77 5.76997 5.76999 5.76996 5.76994 5.76992 5.76997 5.76998 5.76996 5.76999 5.77 5.76996 5.76994 5.76998 5.77001 5.77002 5.77002 5.77002 5.77002 5.77002 5.77001 5.77001 5.77002 5.77002 5.77002 5.77001 5.77001 5.77001 5.77001 5.77 5.77001 5.77001 5.76999 5.76998 5.76998 5.76998 5.76995 5.7699 5.77001 5.77001 5.77001 5.77001 5.76997
5.77002 5.77002 5.77002 5.77002 5.77002 5.77001 5.77002 5.77002 5.77002 5.77002 5.77002 5.77002 5.77002 5.77002 5.77002 5.77002 5.77002 5.77002 5.77002 5.77002 5.77001 5.77001 5.77001 5.77 5.76998 5.76997 5.76995 5.76996 5.76992 5.76994 5.76999 5.76999 5.76999 5.76998 5.76999 5.76997 5.76995 5.77 5.77002 5.77002 5.77002 5.77002 5.77001 5.77001 5.77001 5.77002 5.77002 5.77002 5.77002 5.77001 5.77001 5.77001 5.77002 5.77002 5.77002 5.77002 5.77001 5.77002 5.77001 5.77002 5.77002 5.77001 5.77001 5.77001 5.77001 5.76997 5.76999
5.77002 5.77002 5.77002 5.77002 5.77002 5.77002 5.77002 5.77002 5.77002 5.77002 5.77002 5.77002 5.77002 5.77002 5.77002 5.77002 5.77002 5.77002 5.77002 5.77002 5.77001 5.77001 5.77 5.76999 5.76996 5.76997 5.76993 5.76994 5.76997 5.76996 5.76999 5.76999 5.76999 5.76998 5.76998 5.76998 5.77001 5.77001 5.77001 5.77002 5.77002 5.77002 5.77002 5.77001 5.77001 5.77002 5.77002 5.77002 5.77002 5.77002 5.77001 5.77001 5.77002 5.77002 5.77002 5.77002 5.77001 5.77001 5.77001 5.77002 5.77001 5.77001 5.77002 5.77002 5.77001 5.77002 5.77002
5.77002 5.77002 5.77002 5.77002 5.77002 5.77002 5.77002 5.77002 5.77002 5.77002 5.77002 5.77002 5.77002 5.77002 5.77002 5.77002 5.77002 5.77002 5.77002 5.77002 5.77001 5.76999 5.76998 5.76998 5.76996 5.76989 5.76993 5.76996 5.76999 5.77 5.76999 5.77001 5.77001 5.77 5.76999 5.76999 5.77001 5.77002 5.77002 5.77002 5.77002 5.77002 5.77002 5.77001 5.77002 5.77002 5.77002 5.77002 5.77002 5.77002 5.77002 5.77002 5.77002 5.77002 5.77002 5.77002 5.77002 5.77002 5.77002 5.77002 5.77002 5.77002 5.77002 5.77002 5.77002 5.77002 5.77002
5.77002 5.77002 5.77002 5.77002 5.77001 5.77002 5.77002 5.77002 5.77002 5.77002 5.77002 5.77002 5.77002 5.77002 5.77002 5.77002 5.77002 5.77002 5.77002 5.77002 5.77001 5.76999 5.76998 5.76999 5.76995 5.76991 5.76996 5.76998 5.77 5.77001 5.77001 5.77001 5.77001 5.77001 5.77001 5.77002 5.77002 5.77002 5.77002 5.77002 5.77002 5.77002 5.77001 5.77002 5.77001 5.77002 5.77002 5.77002 5.77002 5.77002 5.77002 5.77002 5.77002 5.77002 5.77002 5.77002 5.77002 5.77002 5.77002 5.77002 5.77002 5.77002 5.77002 5.77002 5.77002 5.77002 5.77002
5.77002 5.77002 5.77002 5.77002 5.77002 5.77002 5.77002 5.77002 5.77002 5.77002 5.77002 5.77002 5.77002 5.77002 5.77002 5.77002 5.77002 5.77002 5.77002 5.77001 5.77001 5.76999 5.76999 5.76997 5.76998 5.76992 5.77 5.77001 5.77002 5.77002 5.77002 5.77001 5.77002 5.77002 5.77002 5.77002 5.77002 5.77002 5.77002 5.77002 5.77001 5.77001 5.77001 5.77002 5.77002 5.77002 5.77002 5.77002 5.77002 5.77002 5.77002 5.77002 5.77002 5.77002 5.77002 5.77002 5.77002 5.77002 5.77002 5.77002 5.77002 5.77002 5.77002 5.77002 5.77002 5.77002 5.77002
