tests/full-run-ref/erosion_83_12_73.250.asc
ncols 512
nrows 512
xllcorner -3.24582
yllcorner -4.08743
cellsize 5
NODATA_value -99999
[rows 462 to 494 of 512, columns 148 to 221 of 512]
5.77011 5.77011 5.77011 5.77011 5.77011 5 5.77011 5 5.77011 5 5.77011 5.77011 5.77011 5.77011 5.77011 5.77011 5.77011 5 5.77011 5 5.77011 5 5.77011 5 5.77011 5 5.77011 5 5.77011 5 5.77011 5 5.77011 5 5.77011 5 5.77011 5 5.77011 5 5.77011 5 5.77011 5 5.77011 5.77011 5 5.77011 5 5.77011 5 5.77009 5 5.77009 5 5.77009 5 5.77009 5 5.77009 5 5.77009 5.77009 5.77009 5.77009 5.77009 5 5.77009 5 5.77009 5.77009 5.77009 5.77009 5.77009
5.77011 5 5.77011 5 5.77011 5.77011 5.77011 5.77011 5.77011 5.77011 5.77011 5 5.77011 5 5.77011 5 5.77011 5.77011 5.77011 5.77011 5.77011 5.77011 5.77011 5.77011 5.77011 5.77011 5.77011 5.77011 5.77011 5.77011 5.77011 5.77011 5.77011 5.77011 5.77011 5.77011 5.77011 5.77011 5.77011 5.77011 5.77011 5.77011 5.77011 5.77011 5.77011 5 5.77011 5.77011 5.77011 5.77011 5.77011 5.77009 5.77009 5.77009 5.77009 5.77009 5.77009 5.77009 5.77009 5.77009 5.77009 5.77009 5 5.77009 5 5.77009 5.77009 5.77009 5.77009 5.77009 5 5.77009 5 5.77009
5.77011 5.77011 5.77011 5.77011 5.77011 5 5.77011 5 5.77011 5 5.77011 5.77011 5.77011 5.77011 5.77011 5.77011 5.77011 5 5.77011 5 5.77011 5 5.77011 5 5.77011 5 5.77011 5 5.77011 5.77011 5 5.77011 5 5.77011 5 5.77011 5 5.77011 5 5.77011 5 5.77011 5 5.77011 5.77011 5.77011 5.77011 5 5.77011 5 5.77011 5 5.77011 5 5.77009 5 5.77009 5 5.77009 5 5.77009 5.77009 5.77009 5.77009 5.77009 5.77009 5 5.77009 5 5.77009 5.77009 5.77009 5.77009 5.77009
5.77011 5 5.77011 5 5.77011 5.77011 5.77011 5.77011 5.77011 5.77011 5.77011 5 5.77011 5 5.77011 5 5.77011 5.77011 5.77011 5.77011 5.77011 5.77011 5.77011 5.77011 5.77011 5.77011 5.77011 5.77011 5.77011 5 5.77011 5.77011 5.77011 5.77011 5.77011 5.77011 5.77011 5.77011 5.77011 5.77011 5.77011 5.77011 5.77011 5.77011 5 5.77011 5.77011 5.77011 5.77011 5.77011 5.77011 5.77011 5.77011 5.77011 5.77009 5.77009 5.77009 5.77009 5.77009 5.77009 5.77009 5 5.77009 5 5.77009 5.77009 5.77009 5.77009 5.77009 5.77009 5 5.77009 5 5.77009
5.77011 5.77011 5.77011 5.77011 5.77011 5 5.77011 5 5.77011 5 5.77011 5.77011 5.77011 5.77011 5.77011 5.77011 5.77011 5 5.77011 5 5.77011 5 5.77011 5 5.77011 5 5.77011 5.77011 5 5.77011 5.77011 5 5.77011 5.77011 5 5.77011 5 5.77011 5 5.77011 5 5.77011 5 5.77011 5.77011 5.77011 5 5.77011 5 5.77011 5 5.77011 5.77011 5 5.77009 5 5.77009 5 5.77009 5 5.77009 5.77009 5.77009 5.77009 5.77009 5 5.77009 5 5.77009 5.77009 5.77009 5.77009 5.77009 5.77009
5.77011 5 5.77011 5 5.77011 5.77011 5.77011 5.77011 5.77011 5.77011 5.77011 5 5.77011 5 5.77011 5 5.77011 5.77011 5.77011 5.77011 5.77011 5.77011 5.77011 5.77011 5.77011 5.77011 5.77011 5 5.77011 5.77011 5 5.77011 5.77011 5 5.77011 5.77011 5.77011 5.77011 5.77011 5.77011 5.77011 5.77011 5.77011 5.77011 5 5.77011 5.77011 5.77011 5.77011 5.77011 5.77011 5.77011 5.77011 5.77011 5.77009 5.77009 5.77009 5.77009 5.77009 5.77009 5.77009 5 5.77009 5 5.77009 5.77009 5.77009 5.77009 5.77009 5 5.77009 5 5.77009 5.77009
5.77011 5.77011 5.77011 5.77011 5.77011 5 5.77011 5 5.77011 5 5.77011 5.77011 5.77011 5.77011 5.77011 5.77011 5.77011 5 5.77011 5 5.77011 5 5.77011 5 5.77011 5.77011 5 5.77011 5.77011 5 5.77011 5.77011 5 5.77011 5.77011 5 5.77011 5 5.77011 5 5.77011 5 5.77011 5.77011 5.77011 5.77011 5 5.77011 5 5.77011 5 5.77011 5.77011 5 5.77009 5 5.77009 5 5.77009 5 5.77009 5.77009 5.77009 5.77009 5.77009 5 5.77009 5 5.77009 5.77009 5.77009 5.77009 5.77009 5.77009
5.77011 5 5.77011 5 5.77011 5.77011 5.77011 5.77011 5.77011 5.77011 5.77011 5 5.77011 5 5.77011 5 5.77011 5.77011 5.77011 5.77011 5.77011 5.77011 5.77011 5.77011 5.77011 5 5.77011 5.77011 5 5.77011 5.77011 5 5.77011 5.77011 5.77009 5.77011 5.77011 5.77011 5.77011 5.77011 5.77011 5.77011 5.77011 5 5.77011 5.77011 5.77011 5.77011 5.77011 5.77011 5.77011 5.77011 5.77011 5.77011 5.77009 5.77009 5.77009 5.77009 5.77009 5.77009 5.77009 5 5.77009 5 5.77009 5.77009 5.77009 5.77009 5.77009 5 5.77009 5 5.77009 5.77009
5 5.77011 5.77011 5.77011 5.77011 5 5.77011 5 5.77011 5 5.77011 5.77011 5.77011 5.77011 5.77011 5.77011 5.77011 5 5.77011 5 5.77011 5 5.77011 5.77011 5 5.77011 5.77011 5 5.77011 5.77011 5 5.77011 5.77011 5 5.77011 5.77011 5 5.77011 5 5.77011 5 5.77011 5.77011 5.77011 5.77011 5 5.77011 5 5.77011 5 5.77011 5.77011 5 5.77009 5 5.77009 5 5.77009 5 5.77009 5.77009 5.77009 5.77009 5.77009 5.77009 5 5.77009 5 5.77009 5.77009 5.77009 5.77009 5.77009 4.96934
5.77011 5.77011 5 5.77011 4.99998 5.77008 5.77007 5.77011 5.77011 5.77011 5.77011 5 5.77011 5 5.77011 5 5.77011 5.77011 5.77011 5.77011 5.77011 5.77011 5.77011 5 5.77011 5.77011 5 5.77011 5.77011 5 5.77011 5.77011 5.77009 5.77011 5.77011 5.77011 5.77011 5.77011 5.77011 5.77011 5.77011 5.77011 5 5.77011 5.77011 5.77011 5.77011 5.77011 5.77011 5.77011 5.77011 5.77011 5.77011 5.77011 5.77009 5.77009 5.77009 5.77009 5.77009 5.77009 5 5.77009 5 5.77009 5.77009 5.77009 5.77009 5.77009 5.77009 5 5.77009 5 5.77009 5.75196
5 5.77011 5.77011 5.77011 5.77007 6.16012 4.99992 5.77011 5 5.77011 5 5.77011 5.77011 5.77011 5.77011 5.77011 5.77011 5 5.77011 5 5.77011 5.77011 5 5.77011 5.77011 5 5.77011 5.77011 5 5.77011 5.77011 5 5.77011 5.77011 5 5.77011 5 5.77011 5 5.77011 5 5.77011 5.77011 5.77011 5 5.77011 5 5.77011 5 5.77011 5 5.77011 5.77011 5 5.77009 5 5.77009 5 5.77009 5.77009 5.77009 5.77009 5.77009 5.77009 5 5.77009 5 5.77009 5.77009 5.77009 5.77009 5.77009 5.77009 4.98534
5.77011 5.77011 5 5.77011 4.99997 5.77007 5.77006 5.77011 5.77011 5.77011 5.77011 5.77011 5 5.77011 5 5.77011 5 5.77011 5.77011 5.77011 5.77011 5 5.77011 5.77011 5 5.77011 5.77011 5 5.77011 5.77011 5.77009 5.77011 5.77011 5.77011 5.77011 5.77011 5.77011 5.77011 5.77011 5.77011 5.77011 5.77011 5 5.77011 5.77011 5.77011 5.77011 5.77011 5.77011 5.77011 5.77011 5.77011 5.77011 5.77011 5.77011 5.77009 5.77009 5.77009 5.77009 5 5.77009 5 5.77009 5.77009 5.77009 5.77009 5.77009 5.77009 5 5.77009 5 5.77009 5 5.77009
5 5.77011 5.77011 5.77011 5.77011 5.77011 5 5.77011 5 5.77011 5 5.77011 5.77011 5.77011 5.77011 5.77011 5.77011 5.77011 5 5.77011 5 5.77011 5.77011 5 5.77011 5.77011 5 5.77011 5.77011 5 5.77011 5.77011 5 5.77011 5 5.77011 5 5.77011 5 5.77011 5 5.77011 5.77011 5.77011 5 5.77011 5 5.77011 5 5.77011 5 5.77011 5 5.77011 5.77011 5 5.77009 5 5.77009 5.77009 5.77009 5.77009 5.77009 5 5.77009 5 5.77009 5.77009 5.77009 5.77009 5.77009 5.77009 5.77009 5.77009
5.77011 5.77011 4.99997 5.77007 4.99997 5.77011 5.77011 5.77011 5.77011 5.77011 5.77011 5.77011 5 5.77011 5 5.77011 5 5.77011 5.77011 5.77011 5.77011 5.77011 5 5.77011 5.77011 5 5.77011 5.77011 5.77009 5.77011 5.77011 5.77009 5.77011 5.77011 5.77011 5.77011 5.77011 5.77011 5.77011 5.77011 5.77011 5.77011 5 5.77011 5.77011 5.77011 5.77011 5.77011 5.77011 5.77011 5.77011 5.77011 5.77011 5.77011 5.77011 5.77011 5.77009 5.77009 5.77009 5 5.77009 5 5.77009 5.77009 5.77009 5.77009 5.77009 5 5.77009 5 5.77009 5 5.77009 5
5 5.77011 5.77007 6.15883 5.77007 5.77011 5 5.77011 5 5.77011 5 5.77011 5.77011 5.77011 5.77011 5.77011 5.77011 5.77011 5 5.77009 5 5.77011 5.77011 5.77011 5 5.77011 5.77011 5 5.77011 5.77011 5 5.77011 5.77011 5 5.77011 5 5.77011 5 5.77011 5 5.77011 5.77011 5.77011 5.77011 5 5.77011 5 5.77011 5 5.77011 5.77011 5.77011 5 5.77011 5.77011 5.77011 5 5.77009 5.77009 5.77009 5.77009 5.77009 5.77009 5 5.77009 5 5.77009 5.77009 5.77009 5.77009 5.77009 5.77009 5.77009 5.74493
5.77011 5.77011 4.99998 5.77007 4.99998 5.77011 5.77011 5.77011 5.77011 5.77011 5.77011 5.77011 5 5.77011 5 5.77011 5 5.77011 5.77009 5.77009 5.77009 5.77011 5.77011 5 5.77011 5.77011 5.77009 5.77011 5.77011 5.77009 5.77011 5.77011 5.77011 5.77011 5.77011 5.77011 5.77011 5.77011 5.77011 5.77011 5.77011 5 5.77011 5.77011 5.77011 5.77011 5.77011 5.77011 5.77011 5.77011 5.77011 5 5.77011 5.77011 5.77011 5.77009 5.77011 5.77009 5 5.77009 5 5.77009 5.77009 5.77009 5.77009 5.77009 5.77009 5 5.77009 5.75628 4.94842 5.72711 5.73328 4.98116
5.77011 5 5.77011 5.77011 5.77011 5.77011 5 5.77011 5 5.77011 5 5.77011 5.77011 5.77011 5.77011 5.77011 5.77011 5.77011 5 5.77009 5 5.77009 5.77011 5.77011 5.77011 5 5.77011 5.77011 5 5.77011 5.77011 5 5.77011 5 5.77011 5 5.77011 5 5.77011 5 5.77011 5.77011 5.77011 5 5.77011 5 5.77011 5 5.77011 5.77011 5 5.77011 5.77011 5 5.77011 5.77011 5.77011 5.77009 5.77009 5.77009 5.77009 5.77009 5 5.77009 5 5.77009 5.77009 5.77009 5.77009 4.99442 5.98256 5.76879 4.9985 5.99433
5.77011 5.77011 5.77011 5 5.77011 5.77009 5.77011 5.77011 5.77011 5.77011 5.77011 5.77011 5 5.77011 5 5.77011 5 5.77011 5.77009 5.77009 5.77009 5.77009 5.77011 5.77011 5.77009 5.77011 5.77011 5.77009 5.77011 5.77011 5.77011 5.77011 5.77011 5.77011 5.77011 5.77011 5.77011 5.77011 5.77011 5.77011 5.77011 5 5.77011 5.77011 5.77011 5.77011 5.77011 5.77011 5.77011 5 5.77011 5.77011 5.77011 5.77011 5.77011 5 5.77011 5.77011 5 5.77009 5 5.77009 5.77009 5.77009 5.77009 5.77009 5 5.77009 5 5.76396 5.76154 5.99171 5.9836 5.76876
5.77011 5 5.77011 5.77011 5.77011 5 5.77009 5 5.77009 5.77011 5 5.77011 5.77011 5.77011 5.77011 5.77011 5.77011 5.77011 5 5.77009 5 5.77009 5 5.77009 5.77011 5.77011 5 5.77011 5.77011 5.77011 5.77011 5 5.77011 5 5.77011 5 5.77011 5 5.77011 5 5.77011 5.77011 5.77011 5 5.77011 5 5.77011 5.77011 5 5.77011 5.77011 5 5.77011 5 5.77011 5.77011 5.77011 5.77009 5.77011 5.77009 5.77009 5.77009 5 5.77009 5 5.77009 5.77009 5.77009 5.77009 5.77009 4.98385 5.98726 5.76797 4.99936
5.77011 5.77011 5.77011 5 5.77011 5.77009 5.77009 5.77009 5.77009 5.77011 5.77011 5.77011 5 5.77011 5 5.77011 5 5.77011 5.77009 5.77009 5.77009 5.77009 5.77009 5.77009 5.77011 5.77009 5.77011 5.77011 5.77011 5.77011 5 5.77011 5.77011 5.77011 5.77011 5.77011 5.77011 5.77011 5.77011 5.77011 5.77011 5 5.77011 5.77011 5.77011 5.77011 5.77011 5 5.77011 5.77011 5.77011 5.77011 5.77011 5.77011 5.77011 5 5.77011 5.77011 5 5.77009 5 5.77009 5.77009 5.77009 5.77009 5.77009 5 5.77009 5 5.77009 5.75644 5.99021 5.76888 5.77009
5.77011 5 5.77011 5.77011 5.77011 5 5.77009 5 5.77009 5.77011 5 5.77011 5.77011 5.77011 5.77011 5.77011 5.77011 5.77009 5 5.77009 5 5.77009 5 5.77009 5 5.77011 5.77011 5.77011 5.77011 5 5.77011 5.77011 5 5.77011 5 5.77011 5 5.77011 5 5.77011 5.77011 5.77011 5.77011 5 5.77011 5.77011 5 5.77011 5.77011 5 5.77011 5 5.77011 5 5.77011 5.77011 5.77011 5.77009 5.77011 5.77009 5.77009 5.77009 5 5.77009 5 5.77009 5.77009 5.77009 5.77009 5.77009 4.99513 5.76972 4.99962 5.77009
5.77011 5.77011 5.77011 5 5.77011 5.77009 5.77009 5.77009 5.77009 5.77009 5.77011 5.77011 5.77011 5 5.77011 5.77009 5 5.77009 5.77009 5.77009 5.77009 5.77009 5.77009 5.77009 5.77009 5.77011 5.77011 5.77011 5 5.77011 5.77011 5.77011 5.77011 5.77011 5.77011 5.77011 5.77011 5.77011 5.77011 5.77011 5 5.77011 5.77011 5.77011 5.77011 5 5.77011 5.77011 5.77011 5.77011 5.77011 5.77011 5.77011 5.77011 5.77011 5 5.77011 5.77011 5.77011 5 5.77009 5.77009 5.77009 5.77009 5.77009 5.77009 5 5.77009 5 5.77009 5.77009 5.77009 5.77009 5.77009
5.77011 5.77009 5.77011 5.77011 5.77011 5.77009 5 5.77009 5.77009 5.77011 5.77011 5.77011 5.77011 5.77011 5.77011 5 5.77009 5.77009 5 5.77009 5 5.77009 5.77009 5.77009 5 5.77011 5.77011 5 5.77011 5.77011 5 5.77011 5 5.77011 5 5.77011 5 5.77011 5 5.77011 5.77011 5.77011 5.77011 5.77011 5 5.77011 5.77011 5 5.77011 5 5.77011 5 5.77011 5 5.77011 5.77011 5.77011 5.77011 5.77011 5.77011 5.77009 5 5.77009 5 5.77009 5.77009 5.77009 5.77009 5.77009 5.77009 5 5.77009 5 5.77009
5.77009 5 5.77009 5 5.77009 5 5.77009 5.77009 5 5.77009 5.77009 5.77009 5.77009 5.77009 5 5.77009 5.77009 5 5.77009 5.77009 5.77009 5.77009 5 5.77009 5.77009 5.77009 5.77011 5.77011 5.77011 5.77011 5.77011 5.77011 5.77011 5.77011 5.77011 5.77011 5.77011 5.77011 5.77011 5.77011 5.77011 5.77011 5.77011 5 5.77011 5.77011 5.77011 5.77011 5.77011 5.77011 5.77011 5.77011 5.77011 5.77011 5.77011 5.77011 5.77011 5.77011 5.77011 5 5.77009 5.77009 5.77009 5.77009 5.77009 5 5.77009 5 5.77009 5.77009 5.77009 5.77009 5.77009 5.77009
5.77009 5.77009 5.77009 5.77009 5.77009 5.77009 5.77009 5 5.77009 5.77009 5 5.77009 5 5.77009 5.77009 5.77009 5 5.77009 5.77009 5 5.77009 5 5.77009 5.77009 5 5.77009 5 5.77011 5.77011 5.77011 5.77011 5.77011 5.77011 5.77011 5.77011 5.77011 5.77011 5 5.77011 5 5.77011 5 5.77011 5.77011 5.77011 5 5.77011 5 5.77011 5 5.77011 5 5.77011 5 5.77011 5.77009 5.77011 5.77009 5.77009 5.77009 5.77009 5 5.77009 5 5.77009 5.77009 5.77009 5.77009 5.77009 5 5.77009 5 5.77009 5
5 5.77009 5 5.77009 5 5.77009 5 5.77009 5.77009 5 5.77009 5.77009 5.77009 5.77009 5 5.77009 5.77009 5.77009 5 5.77009 5.77009 5.77009 5.77009 5 5.77009 5.77009 5.77009 5.77009 5.77009 5.77009 5.77009 5.77009 5.77009 5.77009 5.77009 5.77009 5.77009 5.77009 5.77009 5.77009 5.77009 5.77009 5.77009 5.77009 5.77009 5.77009 5.77009 5.77009 5.77009 5.77009 5.77009 5.77009 5.77009 5.77009 5.77009 5 5.77009 5 5.77009 5 5.77009 5.77009 5.77009 5.77009 5.77009 5 5.77009 5 5.77009 5.77009 5.77009 5.77009 5.77009 5.77009
5.77009 5.77009 5.77009 5.77009 5.77009 5.77009 5.77009 5.77009 5 5.77009 5.77009 5 5.77009 5 5.77009 5.77009 5 5.77009 5.77009 5.77009 5 5.77009 5 5.77009 5.77009 5 5.77009 5 5.77009 5 5.77009 5 5.77009 5 5.77009 5 5.77009 5 5.77009 5 5.77009 5 5.77009 5 5.77009 5 5.77009 5 5.77009 5 5.77009 5 5.77009 5 5.77009 5.77009 5.77009 5.77009 5.77009 5.77009 5.77009 5 5.77009 5 5.77009 5.77009 5.77009 5.77009 5.77009 5 5.77009 5 5.77009 5
5.77009 5 5.77009 5 5.77009 5 5.77009 5 5.77009 5.77009 5 5.77009 5.77009 5.77009 5.77009 5 5.77009 5.77009 5 5.77009 5.77009 5.77009 5.77009 5.77009 5 5.77009 5.77009 5.77009 5.77009 5.77009 5.77009 5.77009 5.77009 5.77009 5.77009 5.77009 5.77009 5.77009 5.77009 5.77009 5.77009 5.77009 5.77009 5.77009 5.77009 5.77009 5.77009 5.77009 5.77009 5.77009 5.77009 5.77009 5.77009 5.77009 5.77009 5 5.77009 5 5.77009 5 5.77009 5.77009 5.77009 5.77009 5.77009 5 5.77009 5 5.77009 5.77009 5.77009 5.77009 5.77009 5.77009
5.77009 5.77009 5.77009 5.77009 5.77009 5.77009 5.77009 5.77009 5.77009 5 5.77009 5.77009 5 5.77009 5 5.77009 5.77009 5 5.77009 5.77009 5 5.77009 5 5.77009 5.77009 5.77009 5 5.77009 5 5.77009 5 5.77009 5 5.77009 5 5.77009 5 5.77009 5 5.77009 5 5.77009 5 5.77009 5 5.77009 5 5.77009 5 5.77009 5 5.77009 5 5.77009 5 5.77009 5.77009 5.77009 5.77009 5.77009 5.77009 5 5.77009 5 5.77009 5.77009 5.77009 5.77009 5.77009 5 5.77009 5 5.77009 5
5 5.77009 5 5.77009 5 5.77009 5 5.77009 5 5.77009 5.77009 5 5.77009 5.77009 5.77009 5.77009 5 5.77009 5.77009 5 5.77009 5.77009 5.77009 5.76991 4.99962 5.76969 5.77009 5.77009 5.77009 5.77009 5.77009 5.77009 5.77009 5.77009 5.77009 5.77009 5.77009 5.77009 5.77009 5.77009 5.77009 5.77009 5.77009 5.77009 5.77009 5.77009 5.77009 5.77009 5.77009 5.77009 5.77009 5.77009 5.77009 5.77009 5.77009 5.77009 5 5.77009 5 5.77009 5 5.77009 5.77009 5.77009 5.77009 5 5.77009 5 5.77009 5.77009 5.77009 5.77009 5.77009 5.77009
5.77009 5.77009 5.77009 5.77009 5.77009 5.77009 5.77009 5.77009 5.77009 5.77009 5 5.77009 5.77009 5 5.77009 5 5.77009 5.77009 5 5.77009 5.77009 5 5.77009 4.9997 6.15773 5.76973 5 5.77009 5 5.77009 5 5.77009 5 5.77009 5 5.77009 5 5.77009 5 5.77009 5 5.77009 5 5.77009 5 5.77009 5 5.77009 5 5.77009 5 5.77009 5 5.77009 5 5.77009 5.77009 5.77009 5.77009 5.77009 5.77009 5.77009 5 5.77009 5.77009 5.77009 5.77009 5.77009 5.77009 5 5.77009 5 5.77009 5
5.77009 5 5.77009 5 5.77009 5 5.77009 5 5.77009 5 5.77009 5.77009 5 5.77009 5.77009 5.77009 5.77009 5 5.77009 5.77009 5 5.77009 5.77009 5.76991 5.76979 5.76991 5.77009 5.77009 5.77009 5.77009 5.77009 5.77009 5.77009 5.77009 5.77009 5.77009 5.77009 5.77009 5.77009 5.77009 5.77009 5.77009 5.77009 5.77009 5.77009 5.77009 5.77009 5.77009 5.77009 5.77009 5.77009 5.77009 5.77009 5.77009 5.77009 5.77009 5 5.77009 5 5.77009 5 5.77009 5.77009 5.77009 5 5.77009 5 5.77009 5.77009 5.77009 5.77009 5.77009 5.77009 5.77009
5.77009 5.77009 5.77009 5.77009 5.77009 5.77009 5.77009 5.77009 5.77009 5.77009 5.77009 5 5.77009 5.77009 5 5.77009 5 5.77009 5.77009 5 5.77009 5.77009 5 5.77009 5 5.77009 5 5.77009 5 5.77009 5 5.77009 5 5.77009 5 5.77009 5 5.77009 5 5.77009 5 5.77009 5 5.77009 5 5.77009 5 5.77009 5 5.77009 5 5.77009 5 5.77009 5 5.77009 5.77009 5.77009 5.77009 5.77009 5.77009 5.77009 5 5.77009 5.77009 5.77009 5.77009 5.77009 5 5.77009 5 5.77009 5 5.77009
