tests/full-run-ref/erosion_2010_79_1_-87.555.asc
ncols 512
nrows 512
xllcorner -3.24582
yllcorner -4.08743
cellsize 5
NODATA_value -99999
[rows 464 to 492 of 512, columns 201 to 267 of 512]
6.15835 5.76996 5.77001 5.76976 5.7697 5.76979 8.15959 5.76965 5.7698 5.76996 5.77001 5.77001 5.77001 5.77001 5.76947 6.15717 6.15819 5.76996 5.77001 5.77001 5.77001 5.77001 5.77001 5.77001 5.77001 5.77001 5.76689 8.14233 13.9135 11.5176 5.74763 5.77001 5.77001 5.77001 5.77001 5.77001 4.98648 7.73207 13.5766 19.7189 25.8013 31.8325 37.8096 43.7387 49.6295 55.5144 53.1694 48.0103 43.3491 37.5322 35.1669 32.8369 30.4804 28.0471 23.1426 16.9336 10.4825 4.48439 5.2802 5.77001 5.77001 5.77001 5.77001 5.77001 5.77001 5.77001 5.77001
5.76944 5.76997 5.77001 5.77001 5.77001 5.76989 5.76976 7.93387 6.1588 5.76965 5.76967 5.76987 5.76991 5.76998 5.76919 11.4235 5.76878 5.76945 5.77001 5.77001 5.77001 5.77001 5.77001 5.77001 5.77001 5.77001 5.76635 5.76292 11.5232 11.5156 5.7454 5.77001 5.77001 5.77001 5.75192 5.38035 4.77144 7.21233 13.1588 19.3102 25.4063 31.4486 37.4528 43.4085 49.3258 55.2386 50.7389 44.8593 39.589 34.8114 28.8117 26.5142 24.311 22.0943 22.0545 18.8403 12.416 6.43252 5.2769 5.77001 5.77001 5.77001 5.77001 5.77001 5.77001 5.77001 5.77001
5.7698 5.77001 5.77001 5.77001 5.76997 5.76998 5.76991 5.76979 5.76981 8.15941 6.15797 6.15803 6.1592 5.76997 5.76944 7.18482 8.15745 5.76903 5.77001 5.77001 5.77001 5.77001 5.77001 5.77001 5.77001 5.77001 5.77001 5.76628 5.76332 8.139 5.75421 5.77001 5.77001 5.77001 5.69884 11.2215 5.63713 10.6612 16.027 22.0749 28.0802 34.0584 40.0109 45.9066 51.3707 54.1798 48.2921 42.3688 36.368 30.924 25.9398 19.6077 17.4679 15.5807 15.8963 18.7644 14.3388 8.09092 5.07464 5.75048 5.77001 5.77001 5.77001 5.77001 5.77001 5.77001 5.77001
5.77001 5.77001 5.77001 5.77001 5.76996 6.15985 5.76999 5.77001 5.76988 5.76959 8.15944 8.15893 5.76965 5.76991 5.76985 5.76974 5.76937 5.76922 5.77001 5.77001 5.77001 5.77001 5.77001 5.77001 5.77001 5.77001 5.77001 5.77001 5.7685 5.77 5.76368 5.77001 5.77001 5.77001 5.64617 11.1817 12.1534 14.1192 19.5535 24.901 30.8493 36.7357 40.7372 43.0656 48.4161 51.7701 45.8416 39.8661 33.7873 27.5757 21.8547 16.5412 9.71979 8.13291 9.14777 12.5886 15.9957 12.5109 6.49845 5.63357 5.77001 5.77001 5.77001 5.77001 5.77001 5.77001 5.77001
5.77001 5.77001 5.77001 5.77001 5.76998 5.76998 5.76997 5.77001 5.77001 5.76974 5.76954 5.76958 5.77001 5.76891 7.71617 5.76918 5.77001 5.77001 5.77001 5.77001 5.77001 5.77001 5.77001 5.77001 5.77001 5.77001 5.77001 5.77001 5.76605 8.14559 5.75507 5.77001 5.77001 5.77001 5.64554 11.0606 16.9621 20.5691 22.8295 27.714 30.021 32.3409 34.6004 40.0115 45.988 49.373 43.4002 37.3613 31.1924 24.8624 18.3102 12.1444 6.78555 1.6966 3.52063 7.02688 9.90884 10.9892 11.1787 5.6218 5.76624 5.76935 5.76981 5.76897 5.76719 5.76719 5.76794
5.76979 5.77001 5.77001 5.77001 5.77001 5.77001 5.77001 5.77001 5.77001 5.77001 5.77001 5.77001 5.76918 8.15211 11.5354 5.76791 5.76958 5.77001 5.77001 5.77001 5.77001 5.77001 5.77001 5.77001 5.77001 5.77001 5.77001 5.76717 5.74705 11.5188 5.7482 5.77001 5.77001 5.77001 5.69614 11.2082 12.6161 14.839 19.3005 21.4743 23.7196 25.893 31.4414 37.5169 43.5613 46.9771 40.9667 34.8489 28.5494 22.0308 15.2104 8.15378 2.94027 4.1238 5.19789 4.84498 5.13892 5.54959 5.69292 8.04651 6.08949 6.09984 6.09892 5.76946 8.15773 8.15571 5.76762
5.76896 5.76964 5.77001 5.77001 5.77001 5.77001 5.77001 5.77001 5.77001 5.77001 5.77001 5.76982 5.76808 11.536 13.9235 8.15251 5.76931 5.77001 5.77001 5.77001 5.77001 5.77001 5.77001 5.77001 5.77001 5.77001 5.76571 5.73867 8.05111 11.4869 5.72009 5.76091 5.77001 5.77001 5.75276 5.47641 6.54269 10.8342 12.8037 14.8704 16.8165 22.5884 28.8883 35.0433 41.139 44.5859 38.5696 32.3731 25.9695 19.3406 12.2353 4.89692 1.58074 5.30047 5.77001 5.77001 5.77001 5.77001 5.76697 5.76475 5.76626 5.76934 5.76979 5.76926 5.76839 5.76855 5.76848
8.15774 5.76981 5.77001 5.77001 5.77001 5.77001 5.77001 5.77001 5.76997 5.76997 5.76983 5.76875 8.15509 13.9249 11.5327 5.76751 5.76928 5.77001 5.77001 5.77001 5.77001 5.77001 5.77001 5.77001 5.77001 5.76457 5.72839 7.97544 13.7739 13.7398 7.93349 5.72491 5.76339 5.77001 5.77001 5.74922 5.36251 4.58307 7.06607 7.61208 13.3192 19.9675 26.3618 32.603 38.6902 41.3441 39.8748 33.7826 27.4897 21.0729 15.8817 9.26428 3.06841 4.44945 5.77001 5.77001 5.77001 5.77001 5.77001 5.77001 5.77001 5.77001 5.77001 5.77001 5.77001 5.77001 5.77001
5.76943 5.76985 5.77001 5.77001 5.77001 5.77001 5.77001 5.77001 5.76998 6.16002 5.76982 8.15595 13.9244 8.15383 5.76777 5.76887 5.77001 5.77001 5.77001 5.77001 5.77001 5.77001 5.77001 5.76928 5.76379 5.72438 7.9293 13.721 16.1656 16.1283 13.7013 7.91411 5.73718 5.77001 5.77001 5.77001 5.76758 5.47314 3.93668 4.47873 10.6362 17.4348 23.9561 30.1822 32.791 35.2793 34.8985 31.2669 24.9344 18.2613 11.5502 10.5245 10.3806 4.21754 5.22473 5.74813 5.76685 5.76686 5.76842 5.7695 5.77001 5.77001 5.77001 5.77001 5.77001 5.77001 5.77001
5.77001 5.77001 5.77001 5.77001 5.77001 5.77001 5.77001 5.77001 5.76996 5.76994 5.76969 5.76846 8.1538 5.76833 5.76933 5.77001 5.77001 5.77001 5.77001 5.77001 5.77001 5.77001 5.77001 5.76913 6.09897 7.96804 13.717 16.1169 21.9125 21.8916 16.1033 11.3165 5.70028 5.77001 5.77001 5.77001 5.77001 5.72764 4.94445 2.80523 8.83991 15.6489 22.099 24.2094 26.5589 29.2328 28.885 26.2133 22.4915 15.8021 8.64779 2.63557 5.46399 9.12463 6.03629 5.7432 5.88927 5.77595 5.75728 5.70179 5.77001 5.77001 5.77001 5.77001 5.77001 5.77001 5.77001
5.77001 5.77001 5.77001 5.77001 5.77001 5.77001 5.77001 5.77001 5.77001 5.77001 5.77001 5.76959 5.77001 5.76965 5.77001 5.77001 5.77001 5.77001 5.77001 5.77001 5.77001 5.77001 5.77001 5.76472 5.70216 11.32 16.1452 21.9098 24.2275 21.6518 15.8643 11.2677 5.67917 5.77001 5.77001 5.77001 5.77001 5.72692 6.14861 9.60491 11.5006 17.8972 17.1074 17.6433 20.062 23.057 26.6726 19.776 17.1371 13.9164 7.19408 2.7331 4.51166 4.97783 5.51346 5.7487 5.73042 7.76692 11.1829 5.55085 5.73403 5.77001 5.77001 5.77001 5.77001 5.77001 5.77001
5.77001 5.77001 5.77001 5.77001 5.77001 5.77001 5.77001 5.77001 5.77001 5.77001 5.77001 5.76965 8.15988 5.76963 5.77001 5.77001 5.77001 5.77001 5.77001 5.77001 5.77001 5.77001 5.77001 5.74771 7.93286 13.712 19.5087 24.3413 21.7733 16.004 13.4281 7.57764 5.71778 5.77001 5.77001 5.77001 5.77001 5.74397 5.3834 4.37056 9.29947 11.5811 10.019 10.535 13.1786 20.7405 24.4634 17.3273 9.94252 7.90878 6.90423 4.48622 5.77001 5.77001 5.77001 5.77001 5.74666 5.59572 11.3288 7.20435 5.60377 5.77001 5.77001 5.77001 5.77001 5.77001 5.77001
5.77001 5.77001 5.77001 5.77001 5.77001 5.77001 5.77001 5.77001 5.77001 5.77001 5.77001 5.7698 5.76979 5.76974 5.77001 5.77001 5.77001 5.77001 5.77001 5.77001 5.77001 5.77001 5.77001 5.72813 11.3566 16.1227 21.9113 25.1707 19.3565 13.5463 11.0233 5.5648 5.75103 5.76642 5.76372 5.77001 5.77001 5.77001 5.77001 4.99019 9.60337 5.42055 3.44606 3.96664 11.1017 18.5989 22.1648 15.1854 7.76184 2.28457 4.51313 5.28887 5.77001 5.77001 5.77001 5.77001 5.77001 5.63114 11.2548 11.083 5.44716 5.7327 5.77001 5.74726 5.68817 5.67717 5.73657
5.77001 5.77001 5.77001 5.77001 5.77001 5.77001 5.77001 5.77001 5.77001 5.77001 5.77001 5.77001 5.77001 5.77001 5.77001 5.77001 5.77001 5.77001 5.77001 5.77001 5.77001 5.77001 5.77001 5.72153 11.3347 16.0552 21.85 22.8031 16.977 11.8657 12.1119 7.87642 6.12392 6.15678 5.76662 5.77001 5.77001 5.77001 5.77001 5.55269 6.80842 4.561 4.57655 4.24411 11.0932 18.0625 20.9407 14.2664 7.29751 3.80494 5.77001 5.77001 5.77001 5.77001 5.77001 5.77001 5.77001 5.65137 11.239 13.2394 7.3386 5.61847 5.6641 5.67519 8.04969 7.95586 5.75096
5.77001 5.77001 5.77001 5.77001 5.77001 5.77001 5.77001 5.77001 5.77001 5.77001 5.77001 5.77001 5.77001 5.77001 5.77001 5.77001 5.77001 5.77001 5.77001 5.77001 5.77001 5.77001 5.77001 5.74149 7.84724 13.6313 19.3904 22.8368 17.0194 11.8699 7.39805 5.64295 5.75754 5.76771 5.76839 5.77001 5.77001 5.77001 5.77001 5.736 5.71229 5.71224 5.03347 5.50202 11.7481 18.2908 20.3521 13.8763 7.31237 3.96645 5.44004 5.77001 5.77001 5.77001 5.77001 5.77001 5.77001 5.6608 11.1653 15.6419 13.1905 7.50755 11.2049 7.74821 12.0942 7.96702 5.75117
5.77001 5.77001 5.77001 5.77001 5.77001 5.77001 5.77001 5.77001 5.77001 5.77001 5.77001 5.77001 5.77001 5.77001 5.77001 5.77001 5.77001 5.77001 5.77001 5.77001 5.77001 5.77001 5.77001 5.76419 5.66961 11.1647 15.9453 21.7714 16.7306 10.853 5.43627 5.72752 5.76918 5.76786 5.76811 5.76923 5.77001 5.77001 5.77001 5.76182 5.73844 5.44316 4.9274 7.92378 14.0554 20.2833 22.7673 16.6426 10.4163 6.48588 5.13775 5.77001 5.77001 5.77001 5.77001 5.77001 5.75383 5.5854 11.0077 16.8827 15.7809 13.3503 15.7763 13.5648 11.2423 5.66351 5.76434
5.77001 5.77001 5.77001 5.77001 5.77001 5.77001 5.76968 5.76954 5.76963 5.76996 5.77001 5.77001 5.77001 5.77001 5.77001 5.77001 5.77001 5.77001 5.77001 5.77001 5.77001 5.77001 5.77001 5.77001 5.73069 7.72745 13.5315 19.3696 18.9784 13.1143 7.20679 5.48506 5.57557 5.71097 5.79695 5.69906 5.74757 5.77001 5.77001 5.73755 7.8948 11.2185 5.70585 11.568 16.7665 22.7987 25.1921 19.2295 14.3199 8.28895 5.26704 5.77001 5.77001 5.77001 5.77001 5.76227 5.65206 7.42987 13.2668 19.1329 21.583 19.1702 21.589 16.7376 10.8999 5.65695 5.77001
5.77001 5.77001 5.77001 5.77001 5.77001 5.77001 5.76895 8.15489 6.15276 5.76899 5.76655 5.77001 5.77001 5.77001 5.77001 5.77001 5.77001 5.77001 5.77001 5.77001 5.77001 5.77001 5.77001 5.77001 5.76044 5.65649 11.1255 15.9757 21.3861 15.5698 11.966 11.1467 11.3615 11.5301 11.6069 7.70452 5.68456 5.7601 5.77001 5.70264 9.71662 14.5499 11.9849 14.1875 20.1536 25.2681 22.1824 19.6962 14.4419 9.43599 5.42686 5.77001 5.77001 5.77001 5.77001 5.72333 6.27312 12.0753 15.6614 21.5118 27.3349 24.9748 21.2978 15.4533 10.8866 5.63479 5.77001
5.77001 5.77001 5.77001 5.77001 5.77001 5.77001 5.76826 11.5366 11.9238 8.15686 5.76982 5.77001 5.77001 5.77001 5.77001 5.77001 5.77001 5.77001 5.77001 5.77001 5.77001 5.77001 5.77001 5.77001 5.77001 5.72928 7.76391 13.4225 15.8598 17.1599 12.054 12.3067 12.296 12.3051 12.2654 12.1325 7.7624 5.72548 5.77001 5.71912 7.48481 13.3208 17.8884 20.2362 22.6567 25.651 19.6551 13.5787 11.1834 6.12269 5.62671 5.77001 5.77001 5.77001 5.77001 5.6356 8.42609 14.2946 20.1524 23.9151 29.7377 24.4548 18.6086 12.9525 7.13236 5.69232 5.77001
5.77001 5.77001 5.77001 5.77001 5.77001 5.77001 5.76788 11.5362 11.5354 5.76475 5.76884 5.76963 5.76969 5.76973 5.76974 5.76963 5.76951 5.76948 5.76964 5.76778 5.77001 5.77001 5.77001 5.77001 5.77001 5.75856 5.68089 7.58861 13.4307 17.2196 12.0519 12.3172 12.3199 12.3199 12.3189 12.2295 11.3221 5.69176 5.77001 5.75776 5.50643 10.4678 16.3614 22.231 28.0715 23.1951 17.1881 11.0865 5.14101 5.44435 5.75344 5.77001 5.77001 5.74463 5.66196 4.97224 10.212 16.1885 22.0647 27.9006 27.8682 22.0267 16.156 10.2441 5.46394 5.7564 5.77001
5.77001 5.77001 5.77001 5.77001 5.77001 5.7688 5.75903 11.5303 12.317 8.14691 6.14373 6.14755 6.14964 6.15099 6.15277 6.15463 6.15604 6.15779 6.15912 5.76877 5.77001 5.77001 5.77001 5.77001 5.77001 5.77001 5.7552 5.57999 11.1301 15.5901 12.1102 12.3053 12.3199 12.3199 12.3103 12.1482 7.62228 5.71653 5.77001 5.77001 5.57445 10.6092 16.4847 22.3576 23.4639 20.7948 14.8334 9.44195 5.20451 5.76359 5.77001 5.77001 5.7626 5.39297 6.68948 5.02709 11.2185 17.3774 23.3133 26.8579 24.4383 22.0334 16.2209 10.3015 5.49429 5.75846 5.77001
5.77001 5.77001 5.77001 5.77001 5.76963 5.76205 8.11352 12.314 12.3189 12.3184 11.9161 11.9191 11.9208 11.922 11.9237 11.9254 11.9267 8.15695 5.76963 5.76926 5.77001 5.77001 5.77001 5.77001 5.77001 5.77001 5.77001 5.68374 7.11776 13.1929 10.7379 12.3015 12.3199 12.3193 12.2482 11.1119 5.60321 5.75921 5.77001 5.77001 5.62906 10.8873 15.7132 21.5814 21.0462 15.1124 12.4523 6.56937 5.63744 5.7477 5.60675 5.30501 5.19305 4.92253 11.1668 10.9113 13.492 19.7725 25.742 21.0005 18.5494 16.1805 16.4586 13.3392 7.48386 5.71124 5.77001
5.77001 5.77001 5.77001 5.77001 5.76886 8.15054 13.8964 12.3073 12.3194 12.3199 12.3198 12.3196 12.3197 12.3198 12.3199 12.3197 10.4931 5.76765 5.76961 5.77001 5.77001 5.77001 5.77001 5.77001 5.77001 5.77001 5.77001 5.75265 5.37646 10.4611 12.2828 12.3123 12.3189 12.2428 12.1409 7.58959 5.70276 5.77001 5.77001 5.77001 5.7048 7.49739 13.3186 19.191 15.5418 12.7131 6.8127 5.52765 5.72717 5.37374 6.22246 9.62935 3.83569 8.57786 13.2429 16.9824 19.5539 22.2503 23.1808 18.425 12.3607 10.0784 10.5128 11.2514 11.4146 5.69807 5.77001
5.77001 5.77001 5.77001 5.77001 5.76763 11.5314 16.3123 13.9259 12.3169 12.32 12.32 12.32 12.32 12.32 12.32 12.3197 12.3186 8.15295 5.76954 5.77001 5.77001 5.77001 5.77001 5.77001 5.77001 5.77001 5.77001 5.77001 5.53285 11.1964 12.2425 12.3195 12.2554 12.1161 7.54626 5.6483 5.75666 5.77001 5.77001 5.77001 5.75702 5.62458 11.138 15.9765 13.148 7.25259 5.57085 5.72016 5.3421 4.84714 10.9488 11.6645 8.24815 10.4779 17.2883 21.8456 25.5721 26.5449 20.501 14.2537 9.40732 4.43819 5.06372 5.62552 8.02813 5.74975 5.77001
5.77001 5.77001 5.77001 5.76944 5.76371 11.5242 17.2979 13.9238 12.3167 12.32 12.32 12.32 12.32 12.32 12.32 12.3198 11.5329 5.76586 5.76942 5.77001 5.77001 5.77001 5.77001 5.77001 5.77001 5.77001 5.77001 5.77001 5.71119 7.61637 12.1933 12.3086 12.1825 7.52838 5.64148 5.75475 5.77001 5.77001 5.77001 5.77001 5.77001 5.73593 7.89266 11.3064 7.74423 5.64168 5.75146 5.36695 4.79563 10.6083 13.1118 17.5775 14.4783 16.8983 19.5455 26.0192 29.9243 23.8961 17.6508 11.3294 5.11331 4.85182 5.77001 5.7657 5.76307 5.76611 5.77001
5.77001 5.77001 5.77001 5.76731 8.13365 13.9072 17.3073 12.3134 12.3192 12.32 12.32 12.32 12.32 12.32 12.32 12.3199 12.3177 8.14935 5.76369 5.76753 5.7688 5.76868 5.76848 5.76784 5.76698 5.76643 5.7666 5.76232 5.74031 5.62723 11.3075 12.3198 11.3119 5.59438 5.74855 5.77001 5.77001 5.77001 5.77001 5.77001 5.77001 5.76413 5.74309 5.71883 5.73263 5.76637 5.4614 5.95284 10.7718 13.0018 19.1452 21.6723 20.7727 23.161 25.7044 28.4801 31.6247 25.5208 19.3791 13.2025 9.5207 4.99381 5.77001 5.77001 5.77001 5.77001 5.77001
5.77001 5.77001 5.7693 5.76121 11.513 16.2982 17.3003 12.31 12.3183 12.32 12.32 12.32 12.32 12.32 12.3193 12.32 12.3189 11.7025 8.14294 6.12117 6.12193 6.12716 6.14384 6.15347 6.1532 6.13517 6.1347 6.07261 8.09554 7.97072 12.3121 12.3193 12.3082 7.96855 5.74902 5.77001 5.77001 5.77001 5.77001 5.77001 5.76209 5.76337 5.76466 5.76939 5.77001 5.73264 7.25147 12.0487 14.2733 19.2794 21.6177 27.6577 26.861 29.2653 31.791 34.4271 28.9707 22.6928 16.3393 9.85404 4.13374 5.04544 5.77001 5.77001 5.77001 5.77001 5.77001
5.77001 5.7696 5.76473 8.12665 13.8995 19.6744 19.6759 13.9011 12.3131 12.3152 12.3176 12.3192 12.3177 12.3191 12.32 12.32 12.32 12.3197 12.3182 11.8964 11.8961 11.9014 11.9168 11.9245 11.9246 11.9086 11.9081 11.8573 12.3118 12.3159 12.3145 11.5167 11.5183 11.5199 5.74872 5.77001 5.77001 5.77001 5.77001 5.77001 5.75941 8.14872 6.1141 5.75563 5.76651 5.74818 5.10501 8.75703 14.7246 20.7046 26.6504 30.0822 32.8713 35.27 37.8061 34.8357 28.7396 22.5481 16.1875 9.63736 4.08128 5.50449 5.77001 5.77001 5.77001 5.77001 5.77001
5.77001 5.76824 8.1427 13.9012 16.2914 22.0648 22.0661 16.2932 14.2982 14.3127 13.9248 12.3135 13.9265 12.3163 12.3184 12.32 12.3186 12.32 12.3199 12.3195 12.3191 12.3198 12.3199 12.32 12.32 12.32 12.3199 12.3198 12.3199 12.3131 8.12639 5.7583 5.76163 5.76486 5.76532 5.77001 5.77001 5.77001 5.77001 5.77001 5.75848 5.75614 8.13862 8.13715 5.76414 5.77001 5.20215 8.46345 14.3542 20.3791 26.3908 32.3461 38.2303 41.249 40.6816 34.6998 28.6726 23.4006 17.1855 10.9423 5.19127 4.9696 5.74072 5.77001 5.77001 5.77001 5.77001
