tests/full-run-ref/erosion_2010_078_16_47.110.asc
ncols 512
nrows 512
xllcorner -3.24582
yllcorner -4.08743
cellsize 5
NODATA_value -99999
[rows 420 to 449 of 512, columns 134 to 200 of 512]
258.269 258.269 258.269 258.269 258.269 258.269 258.269 258.269 261.154 264.039 266.924 269.809 272.694 275.579 278.464 281.349 284.234 287.119 290.004 292.889 295.774 298.659 301.544 304.429 307.314 310.199 313.084 315.969 318.854 321.739 324.624 327.509 330.394 333.279 336.164 339.049 341.934 342.093 340.898 339.703 338.508 337.313 336.118 334.923 333.728 332.533 331.338 330.143 328.948 327.753 326.558 325.363 324.168 323.673 322.478 321.283 320.818 321.623 322.428 323.233 323.753 324.558 325.363 324.558 325.753 326.558 327.753
258.269 258.269 258.269 258.269 258.269 258.269 258.269 258.269 261.154 264.039 266.924 269.809 272.694 275.579 278.464 281.349 284.234 287.119 290.004 292.889 295.774 298.659 301.544 304.429 307.314 310.199 313.084 315.969 318.854 321.739 324.624 327.509 330.394 333.279 336.164 339.049 341.934 343.655 343.783 342.588 341.393 340.198 339.003 337.808 336.613 335.418 334.223 333.028 331.833 330.638 329.443 328.248 327.053 326.558 325.363 324.168 323.703 324.508 325.313 326.118 326.638 327.443 328.248 327.833 328.638 329.833 330.638
258.269 258.269 258.269 258.269 258.269 258.269 258.269 261.154 262.349 265.234 268.119 271.004 273.889 276.774 279.659 282.544 285.429 288.314 291.199 294.084 296.969 299.854 302.739 305.624 308.509 311.394 314.279 317.164 320.049 322.934 325.819 328.704 331.589 334.474 337.359 340.244 343.129 344.166 344.592 344.996 344.278 343.083 341.888 340.693 339.498 338.303 337.108 335.913 334.718 333.523 332.328 331.133 329.938 329.443 328.248 327.053 326.588 327.393 328.198 329.003 329.523 330.328 331.133 330.718 331.913 332.718 333.913
258.269 258.269 258.269 258.269 258.269 258.269 258.269 261.154 264.039 266.429 269.314 272.199 275.084 277.969 280.854 283.739 286.624 289.509 292.394 295.279 298.164 301.049 303.934 306.819 309.704 312.589 315.474 318.359 321.244 324.129 327.014 329.899 332.784 335.669 338.554 341.439 344.199 344.671 345.103 345.51 345.871 345.968 344.773 343.578 342.383 341.188 339.993 338.798 337.603 336.408 335.213 334.018 332.823 332.328 331.133 329.938 329.473 330.278 331.083 331.888 332.408 333.213 334.018 333.993 334.798 335.993 336.798
258.269 258.269 261.154 261.154 262.349 261.154 262.349 262.349 265.234 268.119 270.509 273.394 276.279 279.164 282.049 284.934 287.819 290.704 293.589 296.474 299.359 302.244 305.129 308.014 310.899 313.784 316.669 319.554 322.439 325.324 328.209 331.094 333.979 336.864 339.749 342.634 344.694 345.175 345.613 346.023 346.386 346.683 346.908 346.463 345.268 344.073 342.878 341.683 340.488 339.293 338.098 336.903 335.708 335.213 334.018 332.823 332.358 333.163 333.968 334.773 335.293 336.098 336.903 336.878 338.073 338.878 340.073
258.269 261.154 262.349 264.039 265.234 264.429 265.234 265.234 266.429 269.314 272.199 274.589 277.474 280.359 283.244 286.129 289.014 291.899 294.784 297.669 300.554 303.439 306.324 309.209 312.094 314.979 317.864 320.749 323.634 326.519 329.404 332.289 335.174 338.059 340.944 343.829 345.186 345.677 346.121 346.535 346.901 347.2 347.424 347.585 347.686 346.958 345.763 344.568 343.373 342.178 340.983 339.788 338.593 338.098 336.903 335.708 335.243 336.048 336.853 337.658 338.178 338.983 339.788 340.153 340.958 341.834 342.958
258.269 261.154 262.349 265.234 266.429 267.314 268.509 268.119 269.314 270.509 273.394 276.279 278.669 281.554 284.439 287.324 290.209 293.094 295.979 298.864 301.749 304.634 307.519 310.404 313.289 316.174 319.059 321.944 324.829 327.714 330.599 333.484 336.369 339.254 342.139 345.024 345.673 346.173 346.624 347.042 347.41 347.71 347.935 348.094 348.192 348.233 348.209 347.453 346.258 345.063 343.868 342.673 341.478 340.983 339.788 338.593 338.128 338.933 339.738 340.543 341.063 341.868 342.673 343.038 343.843 344.201 344.015
258.269 258.269 261.154 262.349 265.234 270.509 271.394 271.004 272.199 273.394 274.589 277.474 280.359 282.749 285.634 288.519 291.404 294.289 297.174 300.059 302.944 305.829 308.714 311.599 314.484 317.369 320.254 323.139 326.024 328.909 331.794 334.679 337.564 340.449 343.334 345.59 346.149 346.658 347.115 347.538 347.908 348.209 348.433 348.59 348.685 348.723 348.697 348.606 348.468 347.948 346.753 345.558 344.363 343.868 342.673 341.478 341.013 341.818 342.623 343.428 343.948 344.753 345.136 344.949 344.765 344.572 344.369
258.269 258.269 258.269 261.154 264.039 269.314 274.589 273.889 275.084 276.279 277.474 278.669 281.554 284.439 286.829 289.714 292.599 295.484 298.369 301.254 304.139 307.024 309.909 312.794 315.679 318.564 321.449 324.334 327.219 330.104 332.989 335.874 338.759 341.644 344.529 346.048 346.618 347.136 347.599 348.026 348.399 348.7 348.924 349.078 349.17 349.206 349.177 349.084 348.942 348.772 348.568 348.321 347.248 346.753 345.558 344.363 343.898 344.703 345.508 346.213 345.988 345.768 345.558 345.358 345.158 344.95 344.731
258.269 258.269 258.269 261.154 264.039 266.429 273.394 276.774 277.969 279.164 280.359 281.554 282.749 285.634 288.519 290.909 293.794 296.679 299.564 302.449 305.334 308.219 311.104 313.989 316.874 319.759 322.644 325.529 328.414 331.299 334.184 337.069 339.954 342.839 345.724 346.499 347.08 347.607 348.076 348.506 348.881 349.184 349.407 349.559 349.648 349.68 349.649 349.552 349.408 349.236 349.031 348.784 348.516 348.248 347.978 347.248 346.783 347.152 346.902 346.662 346.43 346.202 345.981 345.769 345.556 345.333 345.099
258.269 258.269 258.269 261.154 262.349 265.234 270.509 277.474 280.359 282.049 283.244 284.439 285.634 286.829 289.714 292.599 294.989 297.874 300.759 303.644 306.529 309.414 312.299 315.184 318.069 320.954 323.839 326.724 329.609 332.494 335.379 338.264 341.149 344.034 346.329 346.94 347.53 348.064 348.538 348.973 349.35 349.653 349.875 350.025 350.111 350.14 350.106 350.007 349.86 349.686 349.48 349.234 348.968 348.7 348.431 348.151 347.872 347.603 347.35 347.106 346.868 346.632 346.402 346.178 345.952 345.716 345.467
258.269 258.269 258.269 258.269 261.154 264.039 269.314 274.589 277.474 280.359 283.244 286.129 288.519 289.714 290.909 293.794 296.679 299.069 301.954 304.839 307.724 310.609 313.494 316.379 319.264 322.149 325.034 327.919 330.804 333.689 336.574 339.459 342.344 345.229 346.746 347.365 347.964 348.503 348.982 349.419 349.797 350.101 350.322 350.469 350.552 350.579 350.543 350.441 350.292 350.117 349.912 349.668 349.403 349.137 348.87 348.592 348.313 348.044 347.788 347.541 347.297 347.055 346.815 346.58 346.342 346.093 345.83
258.269 258.269 258.269 258.269 261.154 264.039 268.119 273.394 276.279 279.164 282.049 284.934 287.819 290.704 293.589 294.989 297.874 300.759 303.149 306.034 308.919 311.804 314.689 317.574 320.459 323.344 326.229 329.114 331.999 334.884 337.769 340.654 343.539 346.424 347.152 347.779 348.384 348.929 349.41 349.848 350.227 350.531 350.751 350.895 350.975 351 350.962 350.858 350.709 350.533 350.33 350.088 349.826 349.562 349.297 349.022 348.746 348.477 348.22 347.969 347.722 347.473 347.225 346.98 346.73 346.468 346.192
258.269 258.269 258.269 261.154 262.349 265.234 268.119 272.199 275.084 277.969 280.854 283.739 286.624 289.509 292.394 295.279 298.164 301.049 303.934 306.819 309.704 312.589 315.474 318.359 321.244 324.129 327.014 329.899 332.784 335.669 338.554 341.439 344.324 346.93 347.548 348.181 348.791 349.339 349.823 350.262 350.641 350.943 351.162 351.304 351.381 351.403 351.364 351.259 351.109 350.934 350.732 350.494 350.235 349.975 349.713 349.442 349.169 348.901 348.644 348.392 348.141 347.887 347.631 347.376 347.115 346.842 346.552
258.269 258.269 258.269 261.154 264.039 266.429 269.314 272.199 275.084 277.969 280.854 283.739 286.624 289.509 292.394 295.279 298.164 301.049 303.934 306.819 309.704 312.589 315.474 318.359 321.244 324.129 327.014 329.899 332.784 335.669 338.554 341.439 344.324 347.209 347.929 348.566 349.179 349.729 350.214 350.653 351.031 351.333 351.549 351.689 351.764 351.784 351.744 351.639 351.489 351.315 351.116 350.881 350.627 350.371 350.114 349.847 349.577 349.312 349.055 348.802 348.548 348.289 348.027 347.763 347.492 347.207 346.905
258.269 261.154 261.154 262.349 265.234 268.119 270.509 273.394 276.279 279.164 282.049 284.934 287.819 290.704 293.589 296.474 299.359 302.244 305.129 308.014 310.899 313.784 316.669 319.554 322.439 325.324 328.209 331.094 333.979 336.864 339.749 342.634 345.519 347.666 348.292 348.93 349.543 350.094 350.578 351.016 351.392 351.693 351.907 352.046 352.119 352.138 352.098 351.993 351.845 351.673 351.478 351.247 350.999 350.747 350.494 350.232 349.967 349.704 349.447 349.194 348.938 348.675 348.407 348.134 347.853 347.558 347.244
261.154 262.349 264.429 265.234 266.429 269.314 272.199 274.589 277.474 280.359 283.244 286.129 289.014 291.899 294.784 297.669 300.554 303.439 306.324 309.209 312.094 314.979 317.864 320.749 323.634 326.519 329.404 332.289 335.174 338.059 340.944 343.829 346.714 348.01 348.636 349.273 349.884 350.433 350.915 351.35 351.724 352.022 352.236 352.372 352.445 352.464 352.425 352.322 352.176 352.007 351.816 351.592 351.349 351.103 350.855 350.599 350.338 350.078 349.823 349.569 349.312 349.046 348.772 348.492 348.201 347.896 347.572
262.349 265.234 266.429 268.509 269.314 270.509 273.394 276.279 278.669 281.554 284.439 287.324 290.209 293.094 295.979 298.864 301.749 304.634 307.519 310.404 313.289 316.174 319.059 321.944 324.829 327.714 330.599 333.484 336.369 339.254 342.139 345.024 347.715 348.34 348.963 349.596 350.204 350.749 351.227 351.659 352.03 352.325 352.537 352.673 352.745 352.765 352.727 352.627 352.484 352.32 352.134 351.916 351.68 351.44 351.198 350.948 350.693 350.437 350.183 349.93 349.672 349.403 349.123 348.836 348.537 348.223 347.889
264.039 266.429 269.314 270.509 272.589 273.394 274.589 277.474 280.359 282.749 285.634 288.519 291.404 294.289 297.174 300.059 302.944 305.829 308.714 311.599 314.484 317.369 320.254 323.139 326.024 328.909 331.794 334.679 337.564 340.449 343.334 346.219 348.033 348.654 349.272 349.9 350.502 351.042 351.516 351.943 352.31 352.603 352.813 352.948 353.021 353.042 353.007 352.91 352.772 352.613 352.433 352.221 351.991 351.758 351.523 351.279 351.029 350.777 350.526 350.274 350.016 349.744 349.461 349.167 348.86 348.537 348.194
264.039 268.119 270.509 273.394 274.589 276.669 277.474 278.669 281.554 284.439 286.829 289.714 292.599 295.484 298.369 301.254 304.139 307.024 309.909 312.794 315.679 318.564 321.449 324.334 327.219 330.104 332.989 335.874 338.759 341.644 344.529 347.414 348.335 348.951 349.563 350.183 350.778 351.312 351.781 352.203 352.567 352.857 353.066 353.201 353.275 353.298 353.266 353.173 353.04 352.886 352.712 352.507 352.284 352.057 351.828 351.591 351.347 351.099 350.851 350.6 350.341 350.068 349.781 349.482 349.169 348.838 348.487
264.039 268.119 272.199 274.589 277.474 278.669 280.749 281.554 282.749 285.634 288.519 290.909 293.794 296.679 299.564 302.449 305.334 308.219 311.104 313.989 316.874 319.759 322.644 325.529 328.414 331.299 334.184 337.069 339.954 342.839 345.724 348.001 348.621 349.228 349.832 350.443 351.028 351.554 352.017 352.434 352.794 353.082 353.29 353.426 353.501 353.528 353.5 353.412 353.284 353.136 352.969 352.77 352.555 352.334 352.112 351.881 351.642 351.399 351.153 350.905 350.647 350.373 350.083 349.779 349.461 349.124 348.766
265.234 268.119 272.199 276.279 278.669 281.554 282.749 284.829 285.634 286.829 289.714 292.599 294.989 297.874 300.759 303.644 306.529 309.414 312.299 315.184 318.069 320.954 323.839 326.724 329.609 332.494 335.379 338.264 341.149 344.034 346.919 348.282 348.892 349.489 350.081 350.681 351.256 351.772 352.228 352.639 352.994 353.28 353.487 353.625 353.703 353.733 353.71 353.628 353.507 353.366 353.205 353.014 352.805 352.592 352.376 352.151 351.918 351.679 351.437 351.191 350.934 350.66 350.368 350.061 349.738 349.396 349.032
266.429 269.314 272.199 276.279 280.359 282.749 285.634 286.829 288.909 289.714 290.909 293.794 296.679 299.069 301.954 304.839 307.724 310.609 313.494 316.379 319.264 322.149 325.034 327.919 330.804 333.689 336.574 339.459 342.344 345.229 347.967 348.552 349.15 349.736 350.317 350.905 351.468 351.975 352.423 352.828 353.178 353.461 353.669 353.808 353.889 353.924 353.906 353.83 353.716 353.581 353.427 353.243 353.042 352.834 352.625 352.406 352.179 351.945 351.706 351.463 351.208 350.934 350.641 350.331 350.004 349.658 349.289
268.119 270.509 273.394 276.279 280.359 284.439 286.829 289.714 290.909 292.599 293.794 294.989 297.874 300.759 303.149 306.034 308.919 311.804 314.689 317.574 320.459 323.344 326.229 329.114 331.999 334.884 337.769 340.654 343.539 346.424 348.241 348.815 349.401 349.975 350.544 351.12 351.671 352.169 352.609 353.009 353.355 353.636 353.843 353.985 354.07 354.108 354.095 354.025 353.917 353.79 353.642 353.464 353.269 353.068 352.865 352.652 352.43 352.2 351.965 351.724 351.471 351.198 350.904 350.592 350.262 349.913 349.539
268.119 272.199 274.589 277.474 280.359 284.439 288.519 290.909 293.794 294.989 296.679 297.874 299.069 301.954 304.839 307.229 310.114 312.999 315.884 318.769 321.654 324.539 327.424 330.309 333.194 336.079 338.964 341.849 344.734 347.619 348.504 349.066 349.639 350.201 350.758 351.321 351.861 352.349 352.782 353.176 353.519 353.798 354.006 354.149 354.238 354.281 354.273 354.209 354.108 353.987 353.845 353.674 353.485 353.289 353.091 352.884 352.667 352.441 352.21 351.972 351.721 351.449 351.155 350.842 350.51 350.157 349.78
269.314 272.199 276.279 278.669 281.554 284.439 288.519 292.599 294.989 297.874 299.069 300.759 301.954 303.149 306.034 308.919 311.309 314.194 317.079 319.964 322.849 325.734 328.619 331.504 334.389 337.274 340.159 343.044 345.929 348.242 348.759 349.308 349.867 350.416 350.96 351.509 352.037 352.515 352.941 353.33 353.669 353.946 354.155 354.302 354.395 354.442 354.439 354.382 354.287 354.172 354.036 353.871 353.687 353.498 353.305 353.102 352.89 352.669 352.441 352.207 351.958 351.688 351.394 351.081 350.747 350.393 350.013
270.509 273.394 276.279 280.359 282.749 285.634 288.519 292.599 296.679 299.069 301.954 303.149 304.839 306.034 307.229 310.114 312.999 315.389 318.274 321.159 324.044 326.929 329.814 332.699 335.584 338.469 341.354 344.239 347.124 348.504 349.008 349.544 350.089 350.625 351.156 351.693 352.209 352.678 353.097 353.48 353.816 354.092 354.301 354.45 354.547 354.599 354.601 354.55 354.461 354.352 354.222 354.062 353.884 353.7 353.512 353.314 353.107 352.889 352.665 352.434 352.188 351.919 351.626 351.312 350.978 350.622 350.239
272.199 274.589 277.474 280.359 284.439 286.829 289.714 292.599 296.679 300.759 303.149 306.034 307.229 308.919 310.114 311.309 314.194 317.079 319.469 322.354 325.239 328.124 331.009 333.894 336.779 339.664 342.549 345.434 348.3 348.763 349.256 349.779 350.312 350.835 351.355 351.88 352.385 352.845 353.258 353.636 353.968 354.242 354.452 354.603 354.704 354.76 354.766 354.72 354.637 354.533 354.408 354.254 354.082 353.902 353.719 353.526 353.323 353.109 352.888 352.66 352.416 352.148 351.855 351.541 351.205 350.847 350.462
272.199 276.279 278.669 281.554 284.439 288.519 290.909 293.794 296.679 300.759 304.839 307.229 310.114 311.309 312.999 314.194 315.389 318.274 321.159 323.549 326.434 329.319 332.204 335.089 337.974 340.859 343.744 346.629 348.565 349.018 349.5 350.011 350.532 351.044 351.553 352.068 352.563 353.015 353.422 353.795 354.125 354.397 354.607 354.76 354.863 354.923 354.933 354.891 354.813 354.715 354.595 354.446 354.278 354.104 353.925 353.737 353.538 353.327 353.109 352.883 352.641 352.374 352.081 351.766 351.429 351.069 350.681
272.199 276.279 280.359 282.749 285.634 288.519 292.599 294.989 297.874 300.759 304.839 308.919 311.309 314.194 315.389 317.079 318.274 319.469 322.354 325.239 327.629 330.514 333.399 336.284 339.169 342.054 344.939 347.824 348.827 349.27 349.741 350.24 350.75 351.251 351.749 352.254 352.741 353.186 353.586 353.956 354.282 354.553 354.762 354.917 355.023 355.086 355.099 355.062 354.988 354.894 354.779 354.634 354.472 354.302 354.128 353.943 353.748 353.541 353.326 353.102 352.861 352.595 352.302 351.986 351.647 351.285 350.895
