tests/full-run-ref/erosion_2010_78_15_62.100.asc
ncols 512
nrows 512
xllcorner -3.24582
yllcorner -4.08743
cellsize 5
NODATA_value -99999
[rows 259 to 295 of 512, columns 336 to 419 of 512]
0 0 0 0 0 0 30.435 35.32 0 0 139.444 0 0 0 0 0 0 0 162.532 9.85001 170.69 205.334 15.125 15.125 214.422 101.415 63.7678 0 0 0 0 0 0 0 0 0 0 0 0 0 0 0 0 0 0 0 0 0 0 0 0 0 0 0 0 0 0 0 0 0 0 0 0 0 0 0 0 0 0 0 0 0 0 0 0 0 0 0 0 0 0 0 0 0
0 0 0 0 37.2486 38.595 40.0344 42.8475 0 135.425 0 0 0 0 0 0 0 0 9.85001 166.608 201.267 15.125 15.125 15.125 213.417 82.1503 82.1503 63.7678 0 0 0 0 0 0 0 0 0 0 0 0 0 0 0 0 0 0 0 0 0 0 0 0 0 0 0 0 0 0 0 0 0 0 0 0 0 0 0 0 0 0 0 0 0 0 0 0 0 0 0 0 0 0 0 0
40.331 41.48 0 30.2068 33.0282 0 125.575 0 0 0 0 0 0 148.105 151.045 153.818 156.703 159.588 162.473 197.197 15.125 15.125 15.125 209.34 105.495 106.69 82.1503 82.1503 82.1503 82.1503 94.4751 93.5901 92.3951 91.2001 0 0 0 0 0 0 0 0 0 0 0 0 0 0 0 0 0 0 0 0 0 0 0 0 0 0 0 0 0 0 0 0 0 0 0 0 0 0 0 0 0 0 0 0 0 0 0 0 0 0
55.3226 0 0 28.974 0 0 0 0 0 0 0 0 144.025 178.749 181.685 184.449 187.325 190.202 193.078 15.125 15.125 15.125 205.26 207.089 116.93 107.885 97.5816 97.5816 97.5816 97.5816 97.5816 96.4751 95.2801 94.0851 93.3051 0 0 0 0 0 0 0 0 0 0 0 0 0 0 0 0 0 0 0 0 0 0 0 0 0 0 0 0 0 0 0 0 0 0 0 0 0 0 0 0 0 0 0 0 0 0 0 0 0
0 0 24.9211 0 0 0 0 0 0 0 0 139.945 174.682 15.125 15.125 15.125 15.125 15.125 15.125 15.125 15.125 201.18 204.065 120.958 115.565 97.5816 97.5816 97.5816 97.5816 97.5816 97.5816 97.5816 97.5816 96.9701 96.1901 94.995 0 0 0 0 0 0 0 0 0 0 0 0 0 0 0 0 0 0 0 0 0 0 0 0 0 0 0 0 0 0 0 0 0 0 0 0 0 0 0 0 0 0 0 0 0 0 0 0
0 0 0 0 0 0 0 0 0 0 135.863 170.614 15.125 15.125 15.125 15.125 15.125 15.125 15.125 15.125 197.1 199.985 125.024 119.753 97.5816 97.5816 97.5816 97.5816 97.5816 97.5816 97.5816 97.5816 97.5816 97.5816 97.5816 97.5816 96.685 0 0 0 0 0 0 0 0 0 0 0 0 0 0 0 0 0 0 0 0 0 0 0 0 0 0 0 0 0 0 0 0 0 0 0 0 0 0 0 0 0 0 0 0 0 0 0
0 0 0 0 0 0 0 126.013 128.955 131.728 166.544 15.125 15.125 15.125 15.125 15.125 15.125 15.125 15.125 193.02 127.975 129.117 123.83 97.5816 97.5816 97.5816 97.5816 97.5816 97.5816 97.5816 97.5816 97.5816 97.5816 97.5816 97.5816 97.5816 97.5816 97.5816 97.5816 97.5816 97.5816 97.5816 0 0 0 0 0 0 0 0 0 0 0 0 0 0 0 0 0 0 0 0 0 0 0 0 0 0 0 0 0 0 0 0 0 0 0 0 0 0 0 0 0 0
0 0 0 0 0 119.048 121.99 156.724 159.661 162.425 15.125 15.125 15.125 15.125 15.125 15.125 15.125 15.125 188.94 127.975 127.975 127.909 97.5816 97.5816 97.5816 97.5816 97.5816 97.5816 97.5816 97.5816 97.5816 97.5816 97.5816 97.5816 97.5816 97.5816 97.5816 97.5816 97.5816 97.5816 97.5816 97.5816 97.5816 97.5816 97.5816 97.5816 97.5816 97.5816 97.5816 97.5816 97.5816 97.5816 0 0 0 0 0 0 0 0 0 0 0 0 0 0 0 0 0 0 0 0 0 0 0 0 0 0 0 0 0 0 0 0
103.373 106.258 109.143 112.028 114.913 149.78 152.717 15.125 15.125 15.125 15.125 15.125 15.125 15.125 15.125 15.125 15.125 184.86 127.975 127.975 131.992 97.5816 97.5816 97.5816 97.5816 97.5816 97.5816 97.5816 97.5816 97.5816 97.5816 97.5816 97.5816 97.5816 97.5816 97.5816 97.5816 97.5816 97.5816 97.5816 97.5816 97.5816 97.5816 97.5816 97.5816 97.5816 97.5816 97.5816 97.5816 97.5816 97.5816 97.5816 97.5816 97.5816 0 0 0 0 0 0 0 0 0 0 0 0 0 0 0 0 0 0 0 0 0 0 0 0 0 0 0 0 0 0
134.155 137.032 139.908 142.784 145.661 15.125 15.125 15.125 15.125 15.125 15.125 15.125 15.125 15.125 15.125 15.125 15.125 183.161 127.975 136.076 97.5816 97.5816 97.5816 97.5816 97.5816 97.5816 97.5816 97.5816 97.5816 97.5816 97.5816 97.5816 97.5816 97.5816 97.5816 97.5816 97.5816 97.5816 97.5816 97.5816 97.5816 97.5816 97.5816 97.5816 97.5816 97.5816 97.5816 97.5816 97.5816 97.5816 97.5816 97.5816 97.5816 97.5816 97.5816 97.5816 97.5816 97.5816 97.5816 97.5816 97.5816 97.5816 97.5816 97.5816 97.5816 129.345 130.54 131.735 0 0 0 0 0 0 0 0 0 0 0 0 0 0 0 0
15.125 15.125 15.125 15.125 15.125 15.125 15.125 15.125 15.125 15.125 15.125 15.125 15.125 15.125 15.125 15.125 179.585 145.468 140.163 97.5816 97.5816 97.5816 97.5816 97.5816 97.5816 97.5816 97.5816 97.5816 97.5816 97.5816 97.5816 97.5816 97.5816 97.5816 97.5816 97.5816 97.5816 97.5816 97.5816 97.5816 97.5816 97.5816 97.5816 97.5816 97.5816 97.5816 97.5816 97.5816 97.5816 97.5816 97.5816 97.5816 97.5816 97.5816 97.5816 97.5816 97.5816 97.5816 97.5816 97.5816 97.5816 97.5816 97.5816 97.5816 131.035 136.31 144.93 141.09 142.285 0 0 0 0 0 0 0 0 0 0 0 0 0 0 0
15.125 15.125 15.125 15.125 15.125 15.125 15.125 15.125 15.125 15.125 15.125 15.125 15.125 15.125 15.125 175.505 149.521 144.251 115.773 115.773 97.5816 97.5816 97.5816 97.5816 97.5816 97.5816 97.5816 97.5816 97.5816 97.5816 97.5816 97.5816 97.5816 97.5816 97.5816 97.5816 97.5816 97.5816 97.5816 97.5816 97.5816 97.5816 97.5816 97.5816 97.5816 97.5816 97.5816 97.5816 97.5816 97.5816 97.5816 97.5816 97.5816 97.5816 97.5816 97.5816 97.5816 97.5816 97.5816 97.5816 97.5816 97.5816 97.5816 134.368 138 140.775 181.576 182.804 145.17 146.32 0 0 0 0 0 0 0 0 0 0 0 0 0 0
15.125 15.125 15.125 15.125 15.125 15.125 15.125 15.125 15.125 15.125 15.125 15.125 15.125 15.125 171.425 153.585 148.34 115.773 115.773 115.773 97.5816 97.5816 97.5816 97.5816 97.5816 97.5816 97.5816 97.5816 97.5816 97.5816 97.5816 97.5816 97.5816 97.5816 97.5816 97.5816 97.5816 97.5816 97.5816 97.5816 97.5816 97.5816 97.5816 97.5816 97.5816 97.5816 97.5816 97.5816 97.5816 97.5816 97.5816 97.5816 97.5816 97.5816 97.5816 97.5816 97.5816 97.5816 97.5816 97.5816 97.5816 97.5816 134.415 139.69 176.263 177.453 140.885 145.17 184.525 149.202 150.402 0 0 0 0 0 0 0 0 0 0 0 0 0
15.125 15.125 15.125 15.125 15.125 15.125 15.125 15.125 15.125 15.125 15.125 15.125 15.125 156.535 157.671 152.455 115.773 115.773 115.773 115.773 97.5816 97.5816 97.5816 97.5816 97.5816 97.5816 97.5816 97.5816 97.5816 97.5816 97.5816 97.5816 97.5816 97.5816 97.5816 97.5816 97.5816 97.5816 97.5816 97.5816 97.5816 97.5816 97.5816 97.5816 97.5816 97.5816 97.5816 97.5816 97.5816 97.5816 97.5816 97.5816 97.5816 97.5816 97.5816 97.5816 97.5816 97.5816 97.5816 97.5816 97.5816 140.185 141.38 172.17 139.69 140.885 140.885 145.17 149.25 186.215 153.275 154.485 0 0 0 0 0 0 0 0 0 0 0 0
129.345 132.23 135.115 138 140.885 143.77 146.655 146.655 152.425 15.125 15.125 15.125 156.535 170.93 156.535 115.773 115.773 115.773 115.773 115.773 115.773 97.5816 97.5816 97.5816 97.5816 97.5816 97.5816 97.5816 97.5816 97.5816 97.5816 97.5816 97.5816 97.5816 97.5816 97.5816 97.5816 97.5816 97.5816 97.5816 97.5816 97.5816 97.5816 97.5816 97.5816 97.5816 97.5816 97.5816 97.5816 97.5816 97.5816 97.5816 97.5816 97.5816 97.5816 97.5816 97.5816 97.5816 97.5816 97.5816 141.281 163.447 166.422 139.69 139.69 140.885 140.885 145.17 149.25 153.33 187.905 157.35 158.567 0 0 0 0 0 0 0 0 0 0 0
129.345 134.62 138.7 143.77 143.77 143.77 146.655 157.73 157.73 157.73 15.125 156.535 156.535 156.535 157.73 115.773 115.773 115.773 115.773 115.773 115.773 115.773 97.5816 97.5816 97.5816 97.5816 97.5816 97.5816 97.5816 97.5816 97.5816 97.5816 97.5816 97.5816 97.5816 97.5816 97.5816 97.5816 97.5816 97.5816 97.5816 97.5816 97.5816 97.5816 97.5816 97.5816 97.5816 97.5816 97.5816 97.5816 97.5816 97.5816 97.5816 97.5816 97.5816 97.5816 97.5816 97.5816 97.5816 97.5816 139.69 139.69 139.69 139.69 139.69 140.885 140.885 145.17 149.25 153.33 157.41 189.595 161.426 162.65 0 0 0 0 0 0 0 0 0 0
130.54 134.62 138.7 143.77 143.77 143.77 146.655 151.666 157.73 157.73 157.73 156.535 156.535 157.73 176.178 158.56 115.773 115.773 115.773 115.773 115.773 115.773 115.773 97.5816 97.5816 97.5816 97.5816 97.5816 97.5816 97.5816 97.5816 97.5816 97.5816 97.5816 97.5816 97.5816 97.5816 97.5816 97.5816 97.5816 97.5816 97.5816 97.5816 97.5816 97.5816 97.5816 97.5816 97.5816 97.5816 97.5816 97.5816 97.5816 97.5816 97.5816 97.5816 97.5816 97.5816 97.5816 97.5816 97.5816 139.69 139.69 139.69 139.69 139.69 140.885 140.885 145.17 149.25 153.33 157.41 161.49 191.276 165.504 166.733 0 0 0 0 0 0 0 0 0
130.54 134.62 138.7 143.77 143.77 143.77 146.655 151.666 151.666 157.73 157.73 157.73 157.73 162.64 177.4 159.755 144.079 144.079 144.079 144.079 144.079 144.079 144.079 144.079 97.5816 97.5816 97.5816 97.5816 97.5816 97.5816 97.5816 97.5816 97.5816 97.5816 97.5816 97.5816 97.5816 97.5816 97.5816 97.5816 97.5816 97.5816 97.5816 97.5816 97.5816 97.5816 97.5816 97.5816 97.5816 97.5816 97.5816 97.5816 97.5816 97.5816 97.5816 97.5816 97.5816 97.5816 97.5816 97.5816 139.69 139.69 139.69 139.69 139.69 140.885 140.885 145.17 149.25 153.33 157.41 161.49 165.57 192.961 169.584 170.845 0 0 0 0 0 0 0 0
130.54 134.62 138.7 143.77 143.77 143.77 146.655 151.666 151.666 151.666 157.73 157.73 162.64 162.64 178.595 162.64 144.079 144.079 144.079 144.079 144.079 144.079 144.079 144.079 144.079 97.5816 97.5816 97.5816 97.5816 97.5816 97.5816 97.5816 97.5816 97.5816 97.5816 97.5816 97.5816 97.5816 97.5816 97.5816 97.5816 97.5816 97.5816 97.5816 97.5816 97.5816 97.5816 97.5816 97.5816 97.5816 97.5816 97.5816 97.5816 97.5816 97.5816 97.5816 97.5816 97.5816 97.5816 97.5816 139.69 139.69 139.69 139.69 140.885 140.885 145.17 149.25 153.33 157.41 161.49 165.57 169.65 169.65 196.972 173.665 174.925 0 0 0 0 0 0 0
120.71 134.62 138.7 142.575 143.77 143.77 146.655 151.666 151.666 151.666 151.666 157.73 162.64 162.64 162.64 165.524 144.079 144.079 144.079 144.079 144.079 144.079 144.079 144.079 144.079 144.079 97.5816 97.5816 97.5816 97.5816 97.5816 97.5816 97.5816 97.5816 97.5816 97.5816 97.5816 97.5816 97.5816 97.5816 97.5816 97.5816 97.5816 97.5816 97.5816 97.5816 97.5816 97.5816 97.5816 97.5816 97.5816 97.5816 97.5816 97.5816 97.5816 97.5816 97.5816 97.5816 97.5816 139.69 139.69 139.69 139.69 140.885 140.885 145.17 149.25 153.33 157.41 161.49 165.57 169.65 169.65 173.73 173.73 201.052 177.745 173.73 0 0 0 0 0 0
120.71 120.71 138.495 141.38 143.77 143.77 146.655 151.666 151.666 151.666 151.666 151.666 162.64 162.64 162.64 180.08 167.215 144.079 144.079 144.079 144.079 144.079 144.079 144.079 144.079 144.079 144.079 97.5816 97.5816 97.5816 97.5816 97.5816 97.5816 97.5816 97.5816 97.5816 97.5816 97.5816 97.5816 97.5816 97.5816 97.5816 97.5816 97.5816 97.5816 97.5816 97.5816 97.5816 97.5816 97.5816 97.5816 97.5816 97.5816 97.5816 97.5816 97.5816 149.25 149.25 149.25 139.69 139.69 139.69 140.885 140.885 145.17 149.25 153.33 157.41 161.49 165.57 169.65 169.65 173.73 173.73 185.97 202.33 184.775 181.839 183.085 0 0 0 0 0
120.71 120.71 120.71 140.185 143.07 143.77 146.655 151.666 151.666 151.666 151.666 151.666 151.666 162.64 167.215 167.215 170.1 147.865 144.079 144.079 144.079 144.079 144.079 144.079 144.079 144.079 144.079 144.079 97.5816 97.5816 97.5816 97.5816 97.5816 97.5816 97.5816 97.5816 97.5816 97.5816 97.5816 97.5816 97.5816 97.5816 97.5816 97.5816 97.5816 97.5816 97.5816 97.5816 97.5816 97.5816 97.5816 97.5816 97.5816 97.5816 159.55 159.55 153.33 149.25 149.25 149.25 140.885 140.885 140.885 145.17 149.25 153.33 157.41 161.49 165.57 169.65 169.65 173.73 173.73 185.97 185.97 203.525 185.97 204.654 185.97 187.165 0 0 0 0
120.71 120.71 120.71 120.71 143.07 143.77 146.655 151.666 151.666 151.666 151.666 151.666 151.666 151.666 167.215 170.1 172.985 147.865 147.865 144.079 144.079 144.079 144.079 144.079 144.079 144.079 144.079 144.079 144.079 97.5816 97.5816 97.5816 97.5816 97.5816 97.5816 97.5816 97.5816 97.5816 97.5816 97.5816 97.5816 97.5816 97.5816 97.5816 97.5816 97.5816 97.5816 97.5816 97.5816 97.5816 97.5816 97.5816 97.5816 161.63 162.435 163.24 161.49 153.33 153.33 153.33 149.25 149.25 149.25 149.25 153.33 157.41 161.49 165.57 169.65 169.65 173.73 173.73 185.97 185.97 185.97 185.97 185.97 185.97 212.738 189.986 191.245 0 0 0
120.71 120.71 120.71 120.71 143.07 145.955 148.84 151.666 151.666 151.666 151.666 151.666 151.666 151.666 151.666 170.1 171.79 174.675 147.865 147.865 144.079 144.079 144.079 144.079 144.079 144.079 144.079 144.079 144.079 144.079 97.5816 97.5816 97.5816 97.5816 97.5816 97.5816 97.5816 97.5816 97.5816 97.5816 97.5816 97.5816 97.5816 97.5816 97.5816 97.5816 97.5816 97.5816 97.5816 97.5816 97.5816 97.5816 163.71 164.515 165.32 166.515 165.71 161.49 161.49 161.49 153.33 153.33 153.33 153.33 157.41 161.49 165.57 169.65 169.65 173.73 173.73 185.97 185.97 185.97 185.97 185.97 185.97 190.05 190.05 219.023 194.065 195.293 0 0
120.71 120.71 120.71 120.71 144.265 147.15 150.035 151.666 151.666 151.666 151.666 151.666 151.666 151.666 151.666 151.666 171.79 151.666 147.865 147.865 147.865 144.079 144.079 144.079 144.079 144.079 144.079 144.079 144.079 144.079 144.079 97.5816 97.5816 97.5816 97.5816 97.5816 97.5816 97.5816 97.5816 97.5816 97.5816 97.5816 97.5816 97.5816 97.5816 97.5816 97.5816 97.5816 97.5816 167.01 166.595 166.595 166.595 167.4 168.595 169.4 168.985 168.985 168.985 169.65 161.49 161.49 161.49 161.49 161.49 165.57 169.65 169.65 173.73 173.73 185.97 185.97 185.97 185.97 185.97 185.97 190.05 190.05 194.13 194.13 221.29 198.145 199.405 0
120.71 120.71 120.71 120.71 145.46 148.345 151.23 151.666 151.666 151.666 151.666 151.666 151.666 151.666 151.666 151.666 151.666 151.666 147.865 147.865 147.865 147.865 144.079 144.079 144.079 144.079 144.079 144.079 144.079 144.079 144.079 144.079 97.5816 97.5816 97.5816 97.5816 97.5816 97.5816 97.5816 97.5816 97.5816 97.5816 97.5816 97.5816 97.5816 97.5816 97.5816 97.5816 169.895 169.895 169.48 169.48 169.48 170.675 171.48 172.675 171.87 171.87 171.87 172.675 169.65 169.65 169.65 169.65 169.65 169.65 169.65 173.73 173.73 185.97 185.97 185.97 185.97 185.97 185.97 190.05 190.05 194.13 194.13 198.21 198.21 223.33 202.226 0
120.71 120.71 120.71 120.71 146.655 149.54 151.666 151.666 151.666 151.666 151.666 151.666 151.666 151.666 151.666 151.666 151.666 151.666 147.865 147.865 147.865 147.865 147.865 144.079 144.079 144.079 144.079 144.079 144.079 144.079 144.079 144.079 144.079 97.5816 97.5816 97.5816 97.5816 97.5816 97.5816 97.5816 97.5816 97.5816 97.5816 97.5816 97.5816 97.5816 97.5816 172.34 173.145 172.78 172.755 172.755 172.755 173.56 174.755 175.56 175.145 175.145 175.145 175.95 173.73 173.73 173.73 173.73 173.73 173.73 173.73 173.73 185.225 185.97 185.97 185.97 185.97 185.97 190.05 190.05 194.13 194.13 198.21 198.21 202.29 202.29 224.745 206.308
120.71 120.71 120.71 144.965 147.85 150.735 151.666 151.666 151.666 151.666 151.666 151.666 151.666 151.666 151.666 151.666 151.666 151.666 151.666 147.865 147.865 147.865 147.865 147.865 144.079 144.079 144.079 144.079 144.079 144.079 144.079 144.079 144.079 144.079 97.5816 97.5816 97.5816 97.5816 97.5816 97.5816 97.5816 97.5816 97.5816 97.5816 97.5816 97.5816 174.42 175.225 176.42 176.42 175.64 175.64 175.64 176.835 177.64 178.445 178.03 178.03 178.03 178.835 178.835 178.835 179.64 180.835 182.03 182.835 184.03 185.225 185.97 185.97 185.97 185.97 185.97 190.05 190.05 194.13 194.13 198.21 198.21 202.29 202.29 206.37 206.37 228.65
120.71 120.71 146.735 147.85 149.045 151.666 151.666 151.666 151.666 151.666 151.666 151.666 151.666 151.666 151.666 151.666 151.666 151.666 183.825 151.666 147.865 147.865 147.865 147.865 147.865 144.079 144.079 144.079 144.079 144.079 144.079 144.079 144.079 144.079 144.079 97.5816 97.5816 97.5816 97.5816 97.5816 97.5816 97.5816 97.5816 97.5816 97.5816 176.5 177.305 178.5 179.305 179.305 179.72 179.72 179.72 179.72 180.915 180.915 180.915 180.915 180.915 180.915 180.915 182.11 182.525 183.72 184.915 185.97 185.97 185.97 185.97 185.97 185.97 185.97 190.05 190.05 194.13 194.13 198.21 198.21 202.29 202.29 206.37 206.37 210.45 210.45
120.71 149.045 149.62 150.735 151.666 151.666 151.666 151.666 151.666 151.666 151.666 151.666 151.666 151.666 151.666 151.666 151.666 151.666 151.666 151.666 151.666 147.865 147.865 147.865 147.865 147.865 144.079 144.079 144.079 144.079 144.079 144.079 144.079 144.079 144.079 144.079 97.5816 97.5816 97.5816 97.5816 97.5816 97.5816 97.5816 97.5816 178.58 179.775 180.19 181.385 182.58 182.58 182.63 183.8 183.8 183.8 183.8 184.995 185.8 186.995 186.19 184.995 184.995 184.995 185.41 185.97 185.97 185.97 185.97 185.97 185.97 185.97 185.97 190.05 190.05 194.13 194.13 198.21 198.21 202.29 202.29 206.37 206.37 210.45 210.45 214.53
120.71 151.23 151.666 151.666 151.666 151.666 151.666 151.666 151.666 151.666 151.666 151.666 151.666 151.666 151.666 151.666 151.666 151.666 151.666 188.4 187.205 186.01 147.865 185.921 186.895 188.09 186.895 144.079 144.079 144.079 144.079 144.079 144.079 144.079 144.079 144.079 172.785 172.785 175.545 176.35 184.715 97.5816 97.5816 181.44 181.855 182.66 182.66 184.66 185.465 185.465 185.905 186.71 186.71 186.71 187.075 187.88 188.685 189.88 189.075 188.27 188.27 188.27 188.295 189.49 190.05 190.05 190.05 190.05 190.05 190.05 190.05 190.05 194.13 194.13 198.21 198.21 202.29 202.29 206.37 206.37 210.45 210.45 214.53 214.53
120.71 151.666 151.666 151.666 151.666 151.666 151.666 151.666 151.666 151.666 151.666 151.666 151.666 151.666 151.666 151.666 151.666 151.666 190.09 190.09 190.09 197.533 200.565 203.358 223.97 226.743 190.17 182.425 144.079 144.079 144.079 144.079 144.079 144.079 144.079 175.67 176.43 177.625 178.43 186.795 206.36 188.405 184.325 184.325 185.52 185.935 185.935 186.795 186.795 186.795 188.79 189.985 189.96 189.96 189.96 191.155 191.57 192.765 192.35 191.155 191.155 191.155 191.18 192.375 193.57 194.765 195.96 197.155 197.96 199.155 194.13 194.13 194.13 198.21 198.21 202.29 202.29 206.37 206.37 210.45 210.45 214.53 214.53 222.69
120.71 151.666 151.666 151.666 151.666 151.666 151.666 151.666 151.666 151.666 151.666 151.666 151.666 151.666 151.666 151.666 151.666 151.666 194.215 197.1 197.755 197.755 197.755 200.64 222.775 202.41 197.135 187 144.079 144.079 144.079 144.079 144.079 144.079 178.555 178.555 179.75 180.51 188.875 208.05 186.795 202.28 186.795 186.795 186.795 186.795 186.795 186.795 191.625 191.625 192.065 192.87 192.845 192.845 192.845 194.04 194.455 195.65 195.235 194.43 194.065 194.065 194.065 195.26 196.455 197.65 199.235 202.04 203.235 202.29 202.29 198.21 198.21 198.21 202.29 202.29 206.37 206.37 210.45 210.45 214.53 214.53 222.69 222.69
166.498 177.605 167.55 151.666 151.666 151.666 151.666 151.666 151.666 151.666 151.666 151.666 151.666 151.666 151.666 151.666 151.666 151.666 195.41 197.755 197.755 197.755 200.64 197.755 206.426 201.215 188.195 188.195 196.33 189.885 185.025 183.83 182.635 182.635 182.635 182.635 182.635 190.955 212.13 188.875 188.875 186.795 186.795 186.795 186.795 186.795 194.56 194.56 194.56 194.56 194.95 196.145 196.12 196.12 196.12 196.925 197.73 198.535 198.12 197.315 197.315 197.315 197.34 198.145 199.34 203.315 204.51 205.315 205.315 205.315 206.37 202.29 202.29 202.29 202.29 206.37 206.37 210.45 210.45 214.53 214.53 222.69 222.69 230.85
187.92 178.6 181.631 171.597 151.666 151.666 151.666 151.666 151.666 151.666 151.666 151.666 151.666 151.666 151.666 151.666 151.666 151.666 196.605 197.755 197.755 198 198 197.755 197.755 197.755 198 189.885 189.885 200.122 193.658 186.715 185.52 185.52 185.52 185.52 193.035 216.21 190.955 190.955 188.875 188.875 186.795 186.795 186.795 197.835 197.835 198.25 198.225 198.225 198.225 199.03 199.005 199.005 199.005 199.81 201.005 201.005 201.005 200.2 200.2 200.2 201.395 201.42 205.395 208.2 209.005 209.005 209.005 211.865 210.45 206.37 206.37 206.37 206.37 206.37 210.45 210.45 214.53 214.53 222.69 222.69 230.85 230.85
151.666 151.666 151.666 183.764 175.68 151.666 151.666 151.666 151.666 151.666 151.666 151.666 151.666 151.666 151.666 151.666 151.666 151.666 197.755 197.755 198 198 198 198 197.755 198 198 198 198 204.965 202.08 195.115 189.6 189.6 189.84 195.115 219.67 193.035 193.035 190.955 190.955 190.955 190.955 200.179 200.179 200.179 200.179 200.179 200.179 200.179 200.179 202.305 202.305 202.305 203.085 203.085 205.89 205.085 204.28 204.28 204.28 204.28 204.28 207.475 210.28 213.085 214.67 214.67 215.865 215.555 214.53 210.45 210.45 210.45 210.45 210.45 210.45 214.53 214.53 222.69 222.69 230.85 230.85 230.85
151.666 151.666 151.666 151.666 187.813 179.79 151.666 151.666 151.666 151.666 151.666 151.666 151.666 151.666 151.666 151.666 151.666 151.666 197.755 198 198 198 198 198 198 198 198 198 198 211.228 236.742 198 197.193 196 197.195 218.94 195.115 195.115 193.035 193.035 190.955 190.955 206.36 200.179 200.179 210.019 200.179 200.179 200.179 200.179 205.58 205.58 205.58 206.385 206.385 209.165 209.165 208.36 208.36 208.36 208.36 208.36 211.555 214.36 214.36 218.75 218.75 219.555 219.555 218.83 217.635 214.53 214.53 214.53 214.53 214.53 214.53 214.53 222.69 222.69 230.85 230.85 230.85 230.85
