tests/full-run-ref/erosion_79_12_72.935.asc
ncols 512
nrows 512
xllcorner -3.24582
yllcorner -4.08743
cellsize 5
NODATA_value -99999
[rows 272 to 305 of 512, columns 380 to 455 of 512]
17.3099 17.3099 17.3099 17.3099 17.3099 17.3098 17.3098 17.3099 17.3099 17.31 17.31 17.31 17.3099 17.3099 17.3099 17.3099 17.3099 17.3099 17.3099 17.31 17.31 17.31 17.31 17.31 7.13866 0 0 0 18.4788 18.8867 22.0854 13.4242 21.3612 30.7297 42.9207 66.1852 74.9946 75.0096 75.01 75.0099 75.0097 74.924 74.589 75.144 73.8481 74.0037 74.984 74.9962 74.9929 74.9978 74.9988 74.9988 74.9989 74.9993 74.9993 74.9993 74.9993 74.9961 74.3053 72.0934 55.8923 50.6321 46.3538 42.8548 61.5664 59.5181 60.7254 67.1912 73.6778 82.4617 74.9767 67.7479 58.8386 32.3593 5.67353 0.93544
17.31 17.31 17.3099 17.3099 17.3098 17.3098 17.3099 17.3099 17.31 17.31 17.31 17.31 17.3099 17.3099 17.3099 17.3099 17.3099 17.3099 17.3099 17.3099 17.3099 17.3099 17.3099 17.31 17.31 6.90464 0 0 0 12.2087 4.93742 14.5906 25.6866 36.5168 58.0024 68.5947 74.9957 75.01 75.01 75.01 75.0097 74.9905 74.8646 75.1176 77.1437 73.8087 74.9897 74.9576 74.9817 74.987 74.973 74.9602 74.9934 74.999 74.9993 74.9993 74.9991 74.992 74.7781 72.4164 71.1701 66.0852 55.8991 56.0272 58.5257 58.8196 61.2705 67.8126 76.7319 79.8436 72.2293 64.8992 55.8595 28.5034 0 0
17.3099 17.3099 17.3099 17.3098 17.3098 17.3099 17.3099 17.31 17.31 17.31 17.31 17.3099 17.31 17.3099 17.3099 17.3099 17.3099 17.3099 17.3099 17.3099 17.3099 17.3099 17.3099 17.3099 17.31 17.31 5.98278 0 0 0 7.3826 19.5333 30.071 49.5465 60.322 70.9693 74.9941 75.01 75.01 75.01 75.0099 75.0095 74.9406 74.1611 79.9587 74.0632 74.3457 74.9565 74.9811 74.932 74.8211 74.8832 74.9656 74.999 74.9993 74.9992 74.9984 74.9581 74.6328 71.887 67.5216 68.1721 64.3571 53.8288 55.3265 57.9881 59.2727 66.022 75.3786 82.394 74.8679 67.0788 57.3484 31.0422 33.1407 38.069
17.31 17.3099 17.3098 17.3098 17.3099 17.3099 17.31 17.31 17.31 17.31 17.31 17.31 17.31 17.31 17.31 17.31 17.3099 17.3099 17.3099 17.3099 17.3099 17.3099 17.3099 17.3099 17.3099 17.3099 17.31 1.91241 0 0 9.29712 22.5526 39.0632 51.1865 62.4759 73.3475 75.0022 75.01 75.01 75.01 75.01 75.0097 74.9915 74.4536 78.7885 75.2384 74.5356 74.9859 74.9386 74.8599 74.8137 74.8399 74.9827 74.9991 74.999 74.9985 74.9838 74.9219 74.0762 71.599 64.5343 52.5641 38.6761 50.2987 59.8915 62.2982 56.1392 61.9704 71.688 81.1587 77.7533 68.9831 64.6344 62.212 58.3841 55.6351
17.31 17.31 17.3099 17.3099 17.3099 17.31 17.31 17.31 17.31 17.31 17.31 17.31 17.31 17.31 17.31 17.31 17.3099 17.3099 17.3099 17.3099 17.3099 17.3099 17.3099 17.3099 17.3099 17.3099 17.31 17.31 1.19467 0 0 13.3105 36.5377 51.9137 64.2446 74.9227 75.0078 75.01 75.01 75.01 75.01 75.0098 75.0094 74.7903 76.4425 74.587 74.8935 74.9463 74.8951 74.9648 74.862 74.9552 74.9933 74.9988 74.9938 74.9723 74.9448 74.5798 73.911 70.311 68.8703 50.448 33.6443 55.7491 61.3952 62.5809 55.5705 60.2563 69.961 79.2388 80.2283 75.8232 72.3691 66.8158 61.9673 62.384
17.31 17.31 17.31 17.3099 17.31 17.31 17.31 17.31 17.31 17.31 17.31 17.31 17.31 17.31 17.31 17.3099 17.3099 17.3099 17.3099 17.3099 17.3099 17.3099 17.3099 17.3099 17.3099 17.3099 17.3099 17.3099 0 0 0 0 24.767 49.5071 69.3765 74.8716 75.01 75.01 75.01 75.01 75.01 75.01 75.0096 74.9468 74.9298 74.9487 75.0098 75.0098 74.8662 74.9118 74.9537 74.9796 74.9919 74.9817 74.9665 74.7806 74.4292 74.094 71.9557 71.1106 68.7921 59.7167 48.5179 60.0104 65.8321 62.8972 58.0851 62.7289 71.8723 80.2159 86.74 82.2944 74.4257 65.8382 61.3013 65.396
17.31 17.31 17.31 17.31 17.31 17.31 17.31 17.31 17.31 17.31 17.31 17.31 17.31 17.31 17.3099 17.3099 17.3099 17.3099 17.3099 17.3099 17.3099 17.3099 17.3099 17.3099 17.3099 17.3099 17.3099 17.31 4.9133 0 0 0 0 50.3088 71.3052 74.8777 75.01 75.01 75.01 75.01 75.01 75.01 75.0097 75.0096 75.0096 75.0097 75.0099 75.0099 75.0098 74.8001 74.8276 74.9056 74.9721 74.686 74.5633 74.4326 72.6886 70.9697 69.4033 66.6298 67.8614 53.8679 47.5396 59.4974 61.9831 62.6686 57.487 62.3565 71.2797 79.4178 87.2908 79.7864 70.5504 61.5436 58.7597 64.6825
17.31 17.31 17.31 17.31 17.31 17.31 17.31 17.31 17.31 17.31 17.31 17.31 17.31 17.31 17.3099 17.3098 17.3099 17.3099 17.3099 17.3099 17.3099 17.3099 17.3099 17.3099 17.3099 17.31 17.31 17.31 0 0 0 0 0 41.085 67.504 74.6651 75.01 75.01 75.01 75.01 75.01 75.01 75.01 75.01 75.01 75.01 75.01 75.01 75.0096 74.2294 72.7807 74.2279 74.6015 74.0122 71.5597 71.7224 71.6625 68.0204 63.9363 58.5235 61.3963 52.3462 44.493 62.8609 63.7157 63.9264 54.3819 57.5587 67.3656 76.243 84.7105 83.0368 74.1292 65.5376 59.703 65.1326
17.31 17.31 17.31 17.31 17.31 17.31 17.31 17.31 17.31 17.31 17.31 17.31 17.31 17.31 17.31 17.3099 17.3099 17.3099 17.3099 17.3099 17.3099 17.3099 17.3099 17.3099 17.31 17.31 17.31 1.09047 0 0 0 0 0 0 53.614 74.007 75.01 75.01 75.01 75.01 75.01 75.01 75.01 75.01 75.01 75.01 75.01 75.01 75.0097 74.9796 69.9652 68.3429 72.2024 71.6849 67.1753 64.9319 66.7593 68.1046 69.2183 62.0807 46.8581 36.3955 52.8431 54.2979 55.8389 53.6042 51.2264 63.9668 71.009 79.3153 86.9022 86.5391 78.4658 70.2925 63.4245 60.5294
17.31 17.31 17.31 17.31 17.31 17.31 17.31 17.31 17.31 17.31 17.31 17.31 17.31 17.31 17.31 17.31 17.3099 17.3099 17.3099 17.3099 17.3099 17.3099 17.3099 17.31 17.31 17.31 9.16493 0 0 0 0 0 0 0 0 70.705 75.01 75.01 75.01 75.01 75.01 75.01 75.01 75.01 75.01 75.01 75.01 75.01 75.01 75.0085 74.4258 65.8965 66.8145 68.1558 64.0476 64.3386 65.4057 67.495 60.9755 71.2458 66.8714 45.1542 33.6688 44.497 55.0438 51.1025 62.2145 63.2043 71.0455 75.5419 80.0721 85.637 82.6982 75.2424 67.4656 66.3811
17.31 17.31 17.31 17.31 17.31 17.31 17.31 17.31 17.31 17.31 17.31 17.31 17.31 17.31 17.31 17.31 17.31 17.3099 17.3099 17.3099 17.3099 17.3099 17.31 17.31 17.31 17.31 0 0 0 0 0 0 0 0 0 58.5976 75.01 75.01 75.01 75.01 75.01 75.01 75.01 75.01 75.01 75.01 75.01 75.01 75.01 75.0091 74.6273 63.8918 75.303 76.1163 74.7637 74.2076 73.0077 66.2332 72.0562 75.7964 74.3452 69.7303 38.7598 57.1506 68.1156 67.2357 63.5319 69.0651 64.7869 67.6425 73.1098 78.7506 84.2442 79.4712 76.2699 70.37
17.31 17.31 17.31 17.31 17.31 17.31 17.31 17.31 17.31 17.31 17.31 17.31 17.31 17.31 17.31 17.31 17.31 17.3099 17.3099 17.3099 17.3099 17.31 17.31 17.31 17.31 17.31 0 0 0 0 0 0 0 0 0 31.5116 75.01 75.01 75.01 75.01 75.01 75.01 75.01 75.01 75.01 75.01 75.01 75.01 75.01 75.0096 75.0007 74.0844 74.583 76.7497 70.2799 70.2369 71.599 74.8667 79.3497 77.8245 67.1511 71.4752 70.4501 68.8146 72.5005 72.5226 69.7236 63.6161 67.0761 60.8547 66.7882 71.6787 81.2836 82.0318 73.9709 66.1176
17.31 17.31 17.31 17.31 17.31 17.31 17.31 17.31 17.31 17.31 17.31 17.31 17.31 17.31 17.31 17.31 17.31 17.31 17.3099 17.3099 17.31 17.31 17.31 17.31 17.31 17.31 0 0 0 0 0 0 0 0 0 27.5431 75.01 75.01 75.01 75.01 75.01 75.01 75.01 75.01 75.01 75.01 75.01 75.01 75.01 75.01 75.0079 74.8976 74.2851 73.3143 71.887 72.2159 67.191 77.1081 82.0038 74.6598 64.3088 66.9525 71.4286 72.3605 72.2282 72.3279 72.929 71.2948 62.6672 64.3181 59.8522 69.5231 78.0967 82.6558 74.1343 66.4018
17.31 17.31 17.31 17.31 17.31 17.31 17.31 17.31 17.31 17.31 17.31 17.31 17.31 17.31 17.31 17.31 17.31 17.31 17.31 17.31 17.31 17.31 17.31 17.31 17.31 17.31 9.90713 0 0 0 0 0 0 0 0 59.9052 75.01 75.01 75.01 75.01 75.01 75.01 75.01 75.01 75.01 75.01 75.01 75.01 75.01 75.01 75.0098 75.0084 75.008 74.759 73.7042 70.8294 76.5306 80.4146 80.1247 73.5386 62.5691 70.2327 72.929 73.6325 73.6283 72.0186 71.9821 73.0595 72.2463 70.3128 66.4179 68.0078 75.8592 83.8487 77.5136 70.2642
17.31 17.31 17.31 17.31 17.31 17.31 17.31 17.31 17.31 17.31 17.31 17.31 17.31 17.31 17.31 17.31 17.31 17.31 17.31 17.31 17.31 17.31 17.31 17.31 17.31 17.31 17.31 0 0 0 0 0 0 0 28.0819 71.884 75.01 75.01 75.01 75.01 75.01 75.01 75.01 75.01 75.01 75.01 75.01 75.01 75.01 75.01 75.01 75.01 75.0099 75.0074 73.5658 70.6126 78.4125 79.336 75.8384 63.4786 70.107 66.4915 73.368 73.4319 73.8605 73.2286 73.0348 72.2197 73.0565 70.7527 68.7386 70.546 77.0273 85.1794 80.6266 73.2874
17.31 17.31 17.31 17.31 17.31 17.31 17.31 17.31 17.31 17.31 17.31 17.31 17.31 17.31 17.31 17.31 17.31 17.31 17.31 17.31 17.31 17.31 17.31 17.31 17.31 17.31 14.9879 0 0 0 0 0 0 21.9856 63.4148 74.2642 75.01 75.01 75.01 75.01 75.01 75.01 75.01 75.01 75.01 75.01 75.01 75.01 75.01 75.01 75.01 75.01 75.01 75.0064 74.0397 78.6781 78.8676 74.4134 67.0892 70.428 69.2967 70.4168 73.1855 74.574 74.5589 73.4325 73.5791 72.8728 72.5702 70.2299 66.3754 56.5716 74.155 82.527 79.7045 72.3465
17.31 17.31 17.31 17.31 17.31 17.31 17.31 17.31 17.31 17.31 17.31 17.31 17.31 17.31 17.31 17.31 17.31 17.31 17.31 17.31 17.31 17.31 17.31 17.31 17.31 17.31 10.5208 0 0 0 0 0 26.2449 48.2475 69.6982 74.673 75.01 75.01 75.01 75.01 75.01 75.01 75.01 75.01 75.01 75.01 75.01 75.01 75.01 75.01 75.01 75.01 75.01 75.0076 74.8586 74.0907 72.8332 72.6885 73.3783 72.5121 71.4145 72.1088 73.7937 74.1297 74.1607 74.5089 74.6537 73.579 72.0731 68.5664 70.7957 64.6246 73.1308 81.5676 77.1897 69.5634
17.31 17.31 17.31 17.31 17.31 17.31 17.31 17.31 17.31 17.31 17.31 17.31 17.31 17.31 17.31 17.31 17.31 17.31 17.31 17.31 17.31 17.31 17.31 17.31 17.31 17.31 8.20397 0 0 0 0 22.3604 38.2824 46.6507 59.8554 73.7523 75.01 75.01 75.01 75.01 75.01 75.01 75.01 75.01 75.01 75.01 75.01 75.01 75.01 75.01 75.01 75.01 75.01 75.0094 75.007 75.0056 75.0052 75.0055 75.0075 75.0086 75.0088 75.0094 74.8295 74.4709 74.1716 73.9188 74.1489 74.3189 73.1177 73.1904 70.8582 69.7408 70.8203 78.8494 80.4922 73.3583
17.31 17.31 17.31 17.31 17.31 17.31 17.31 17.31 17.31 17.31 17.31 17.31 17.31 17.31 17.31 17.31 17.31 17.31 17.31 17.31 17.31 17.31 17.31 17.31 17.31 17.31 11.1117 0 0 0 13.8047 30.089 37.917 44.6113 57.6062 71.9698 75.01 75.01 75.01 75.01 75.01 75.01 75.01 75.01 75.01 75.01 75.01 75.01 75.01 75.01 75.01 75.01 75.01 75.01 75.01 75.01 75.01 75.01 75.01 75.01 75.01 75.01 75.0098 75.0098 74.878 74.5245 74.2876 73.7205 73.8469 72.7703 70.2215 70.5722 65.7241 75.2436 83.0908 76.7255
17.31 17.31 17.31 17.31 17.31 17.31 17.31 17.31 17.31 17.31 17.31 17.31 17.31 17.31 17.31 17.31 17.31 17.31 17.31 17.31 17.31 17.31 17.31 17.31 17.31 17.31 14.5953 0 0 0 11.9893 29.0841 36.8447 41.5756 55.094 70.6944 74.6667 75.01 75.01 75.01 75.01 75.01 75.01 75.01 75.01 75.01 75.01 75.01 75.01 75.01 75.01 75.01 75.01 75.01 75.01 75.01 75.01 75.01 75.01 75.01 75.01 75.01 75.01 75.01 75.0098 75.0098 74.9731 74.6655 74.3827 73.4231 73.1153 72.079 67.0219 74.2791 79.2912 75.4856
17.31 17.31 17.31 17.31 17.31 17.31 17.31 17.31 17.31 17.31 17.31 17.31 17.31 17.31 17.31 17.31 17.31 17.31 17.31 17.31 17.31 17.31 17.31 17.31 17.31 17.31 17.31 0 0 0 0 20.8851 31.1964 40.8654 45.8626 60.0992 73.8971 75.01 75.01 75.01 75.01 75.01 75.01 75.01 75.01 75.01 75.01 75.01 75.01 75.01 75.01 75.01 75.01 75.01 75.01 75.01 75.01 75.01 75.01 75.01 75.01 75.01 75.01 75.01 75.01 75.01 75.0099 75.0098 75.0097 74.7387 74.1959 72.7407 69.3871 77.7479 76.5678 68.1565
17.31 17.31 17.31 17.31 17.31 17.31 17.31 17.31 17.31 17.31 17.31 17.31 17.31 17.31 17.31 17.31 17.31 17.31 17.31 17.31 17.31 17.31 17.31 17.31 17.31 17.31 13.0234 0 0 0 0 0.575169 28.702 34.0878 37.8594 57.7347 72.0827 75.01 75.01 75.01 75.01 75.01 75.01 75.01 75.01 75.01 75.01 75.01 75.01 75.01 75.01 75.01 75.01 75.01 75.01 75.01 75.01 75.01 75.01 75.01 75.01 75.01 75.01 75.01 75.01 75.01 75.01 75.01 75.01 75.0098 75.0097 74.4461 72.0211 76.9678 70.1535 72.8968
17.31 17.31 17.31 17.31 17.31 17.31 17.31 17.31 17.31 17.31 17.31 17.31 17.31 17.31 17.31 17.31 17.31 17.31 17.31 17.31 17.31 17.31 17.31 17.31 17.31 17.31 6.26573 0 0 0 0 0 17.7384 27.9727 41.3267 51.4041 68.8872 74.2155 75.01 75.01 75.01 75.01 75.01 75.01 75.01 75.01 75.01 75.01 75.01 75.01 75.01 75.01 75.01 75.01 75.01 75.01 75.01 75.01 75.01 75.01 75.01 75.01 75.01 75.01 75.01 75.01 75.01 75.01 75.01 75.01 75.0099 74.8832 74.5693 74.3103 74.5391 74.7535
17.31 17.31 17.31 17.31 17.31 17.31 17.31 17.31 17.31 17.31 17.31 17.31 17.31 17.31 17.31 17.31 17.31 17.31 17.31 17.31 17.31 17.31 17.31 17.31 17.31 17.31 7.25897 0 0 0 0 0 12.992 26.2039 41.2304 51.7125 62.2077 74.961 75.01 75.01 75.01 75.01 75.01 75.01 75.01 75.01 75.01 75.01 75.01 75.01 75.01 75.01 75.01 75.01 75.01 75.01 75.01 75.01 75.01 75.01 75.01 75.01 75.01 75.01 75.01 75.01 75.01 75.01 75.01 75.01 75.01 75.0095 75.0096 75.0097 75.0099 75.01
17.31 17.31 17.31 17.31 17.31 17.31 17.31 17.31 17.31 17.31 17.31 17.31 17.31 17.31 17.31 17.31 17.31 17.31 17.31 17.31 17.31 17.31 17.31 17.31 17.31 17.31 14.6416 0 0 0 0 0 18.7316 31.3452 44.927 50.3101 64.9326 74.865 75.0012 75.01 75.01 75.01 75.01 75.01 75.01 75.01 75.01 75.01 75.01 75.01 75.01 75.01 75.01 75.01 75.01 75.01 75.01 75.01 75.01 75.01 75.01 75.01 75.01 75.01 75.01 75.01 75.01 75.01 75.01 75.01 75.01 75.01 75.01 75.01 75.01 75.01
17.31 17.31 17.31 17.31 17.31 17.31 17.31 17.31 17.31 17.31 17.31 17.31 17.31 17.31 17.31 17.31 17.31 17.31 17.31 17.31 17.31 17.31 17.31 17.31 17.31 17.31 17.31 0 0 0 0 9.03004 19.8428 36.3002 44.3116 55.0788 65.8619 74.0543 74.9658 75.01 75.01 75.01 75.01 75.01 75.01 75.01 75.01 75.01 75.01 75.01 75.01 75.01 75.01 75.01 75.01 75.01 75.01 75.01 75.01 75.01 75.01 75.01 75.01 75.01 75.01 75.01 75.01 75.01 75.01 75.01 75.01 75.01 75.01 75.01 75.01 75.01
17.31 17.31 17.31 17.31 17.31 17.31 17.31 17.31 17.31 17.31 17.31 17.31 17.31 17.31 17.31 17.31 17.31 17.31 17.31 17.31 17.31 17.31 17.31 17.31 17.31 17.31 17.31 0 0 0 0 10.4152 23.8183 37.1246 47.3175 56.9122 64.9964 71.5678 74.9143 75.01 75.01 75.01 75.01 75.01 75.01 75.01 75.01 75.01 75.01 75.01 75.01 75.01 75.01 75.01 75.01 75.01 75.01 75.01 75.01 75.01 75.01 75.01 75.01 75.01 75.01 75.01 75.01 75.01 75.01 75.01 75.01 75.01 75.01 75.01 75.01 75.01
17.31 17.31 17.31 17.31 17.31 17.31 17.31 17.31 17.31 17.31 17.31 17.31 17.31 17.31 17.31 17.31 17.31 17.31 17.31 17.31 17.31 17.31 17.31 17.31 17.31 17.31 17.31 13.1024 0 0 0 11.4964 23.7879 39.5562 48.6071 56.4681 63.1164 69.1529 74.8508 75.01 75.01 75.01 75.01 75.01 75.01 75.01 75.01 75.01 75.01 75.01 75.01 75.01 75.01 75.01 75.01 75.01 75.01 75.01 75.01 75.01 75.01 75.01 75.01 75.01 75.01 75.01 75.01 75.01 75.01 75.01 75.01 75.01 75.01 75.01 75.01 75.01
17.31 17.31 17.31 17.31 17.31 17.31 17.31 17.31 17.31 17.31 17.31 17.31 17.31 17.31 17.31 17.31 17.31 17.31 17.31 17.31 17.31 17.31 17.31 17.31 17.31 17.31 17.31 17.31 0 0 0.505646 8.877 27.1394 40.4701 48.1093 54.7601 60.7808 66.66 74.8172 75.01 75.01 75.01 75.01 75.01 75.01 75.01 75.01 75.01 75.01 75.01 75.01 75.01 75.01 75.01 75.01 75.01 75.01 75.01 75.01 75.01 75.01 75.01 75.01 75.01 75.01 75.01 75.01 75.01 75.01 75.01 75.01 75.01 75.01 75.01 75.01 75.01
17.31 17.31 17.31 17.31 17.31 17.31 17.31 17.31 17.31 17.31 17.31 17.31 17.31 17.31 17.31 17.31 17.31 17.31 17.31 17.31 17.31 17.31 17.31 17.31 17.31 17.31 17.31 17.31 0.566423 0 0 13.3919 30.9807 39.8414 46.4192 52.422 58.2149 66.5262 74.7679 74.9854 75.01 75.01 75.01 75.01 75.01 75.01 75.01 75.01 75.01 75.01 75.01 75.01 75.01 75.01 75.01 75.01 75.01 75.01 75.01 75.01 75.01 75.01 75.01 75.01 75.01 75.01 75.01 75.01 75.01 75.01 75.01 75.01 75.01 75.01 75.01 75.01
17.31 17.31 17.31 17.31 17.31 17.31 17.31 17.31 17.31 17.31 17.31 17.31 17.31 17.31 17.31 17.31 17.31 17.31 17.31 17.31 17.31 17.31 17.31 17.31 17.31 17.31 17.31 17.31 13.513 0.428259 0 17.481 31.2221 38.0889 44.0564 49.8078 58.0896 66.3983 72.8815 74.921 75.01 75.01 75.01 75.01 75.01 75.01 75.01 75.01 75.01 75.01 75.01 75.01 75.01 75.01 75.01 75.01 75.01 75.01 75.01 75.01 75.01 75.01 75.01 75.01 75.01 75.01 75.01 75.01 75.01 75.01 75.01 75.01 75.01 75.01 75.01 75.01
17.31 17.31 17.31 17.31 17.31 17.31 17.31 17.31 17.31 17.31 17.31 17.31 17.31 17.31 17.31 17.31 17.31 17.31 17.31 17.31 17.31 17.31 17.31 17.31 17.31 17.31 17.31 17.31 17.31 10.6662 2.36467 21.111 29.5307 35.5647 41.3577 49.6917 58.0129 64.2207 70.2309 74.7963 74.9466 75.01 75.01 75.01 75.01 75.01 75.01 75.01 75.01 75.01 75.01 75.01 75.01 75.01 75.01 75.01 75.01 75.01 75.01 75.01 75.01 75.01 75.01 75.01 75.01 75.01 75.01 75.01 75.01 75.01 75.01 75.01 75.01 75.01 75.01 75.01
17.31 17.31 17.31 17.31 17.31 17.31 17.31 17.31 17.31 17.31 17.31 17.31 17.31 17.31 17.31 17.31 17.31 17.31 17.31 17.31 17.31 17.31 17.31 17.31 17.31 17.31 17.31 17.31 17.31 15.1423 5.34184 18.1435 26.6523 32.4512 40.75 49.4545 55.7671 61.5609 67.4005 72.1705 74.3355 74.4357 74.7383 75.01 75.01 75.01 75.01 75.01 75.01 75.01 75.01 75.01 75.01 75.01 75.01 75.01 75.01 75.01 75.01 75.01 75.01 75.01 75.01 75.01 75.01 75.01 75.01 75.01 75.01 75.01 75.01 75.01 75.01 75.01 75.01 75.01
17.31 17.31 17.31 17.31 17.31 17.31 17.31 17.31 17.31 17.31 17.31 17.31 17.31 17.31 17.31 17.31 17.31 17.31 17.31 17.31 17.31 17.31 17.31 17.31 17.31 17.31 17.31 17.31 17.31 17.31 8.45417 16.9073 26.0897 31.9869 40.504 46.5771 53.3179 59.1537 63.5817 66.3517 67.3448 69.8728 74.5036 75.01 75.01 75.01 75.01 75.01 75.01 75.01 75.01 75.01 75.01 75.01 75.01 75.01 75.01 75.01 75.01 75.01 75.01 75.01 75.01 75.01 75.01 75.01 75.01 75.01 75.01 75.01 75.01 75.01 75.01 75.01 75.01 75.01
