tests/full-run-ref/erosion_79_12_72.935.asc
ncols 512
nrows 512
xllcorner -3.24582
yllcorner -4.08743
cellsize 5
NODATA_value -99999
[rows 429 to 461 of 512, columns 438 to 510 of 512]
5 5.77002 5 5.77002 5.77002 5.77002 5.77002 5.77002 5.75973 5.61108 98.2286 536.532 626.869 684.387 734.301 194.641 67.718 138.687 353.837 612.123 725.865 971.948 169.056 5.67387 5.75815 5.75953 5.7512 5.75071 5.77002 5 5.77002 5 5.77002 5 5.77002 5.77002 5.77002 5.77002 5.77001 5.77002 5.75963 4.8374 5.91487 228.515 84.8541 1042.32 112.712 5.21271 5.77001 5.77002 5.77002 5.77002 5.77002 5.57626 1129.01 5.53884 5.77002 5.77002 5.77002 5.77002 5.77002 5.77002 5.77002 5.77002 5.77002 5.77002 5.77002 5.77002 5.77002 5.77002 5.77002 5.77002 5.77002
5.77002 5.77002 5.77002 5.77002 5 5.77002 5 5.77002 5.77001 4.8843 237.863 99.1278 38.0029 25.7972 166.445 287.296 807.714 892.533 142.942 49.6845 66.2102 105.433 411.688 4.95291 5.76173 5 5.77002 5 5.77002 5.77002 5.77002 5.77002 5.77002 5.77002 5.77002 5 5.77002 4.94833 5.6854 4.94869 5.77002 5.76228 5.60487 4.43164 46.7743 862.446 71.9869 4.25828 5.77001 5.77001 5.77002 5.77001 5 5.34405 686.209 4.54642 5.77001 5.77001 5.77002 5.77002 5.77002 5 5.77002 5.77002 5 5.77002 5 5.77002 5 5.77002 5 5.77002 5.77002
5.77002 5 5.77002 5.77002 5.77002 5.77002 5.77002 5.77002 5.77002 5.69228 673.353 4.6623 5.49208 76.8814 31.6756 46.7981 48.2116 283.341 99.5744 67.9729 4.45894 5.30714 5.59243 1294.73 5.72576 5.74411 5.77002 5.77002 5.77002 5 5.77002 5 5.77002 5 5.77002 5.77002 5.75443 5.65578 7.26765 5.59936 5.75686 5.77002 5.77001 5.23544 85.3727 727.79 140.296 5.06405 5.53387 5 5.77001 5.77001 5.77001 4.70138 646.33 4.80778 5.39507 5 5.77002 5.77002 5.77001 5.77002 5.77002 5 5.77002 5.77002 5.77002 5.77002 5.77002 5.77002 5.77002 5.77002 5.77002
5.77002 5.77002 5.77002 5 5.77002 5 5.77002 5 5.77002 4.97209 5.73087 5.69408 5.64286 4.65311 187.215 55.8847 21.8172 344.121 237.743 88.1937 5.08837 5.77001 4.78446 5.3503 868.503 4.82729 5.75874 4.98241 5.74744 5.75746 5.77002 5.77002 5.77002 5.77002 5.77002 5 5.74927 7.54296 1344.48 6.46969 4.79854 5.74811 4.9642 5.33935 7.14789 247.082 130.323 183.921 4.88117 5.40617 5.77001 5 5.77001 3.74688 252.109 455.425 4.5627 5.77001 5.77001 5.77001 5.77002 5.77002 5 5.77002 5.77002 5 5.77002 5 5.77002 5 5.77002 5 5.77002
5 5.77002 5.77002 5.77002 5.77002 5.77002 5.77002 5.77002 5.77002 5.77002 5.77002 5 5.77001 5.65011 5.3673 4.39266 32.5311 250.497 263.069 73.7116 3.88497 4.62534 5.00362 5.38049 517.104 6.42244 5.44354 5.50827 7.14481 4.85832 5.76191 5 5.77002 5.77002 5.77002 5.77002 5.74996 4.849 6.68472 966.006 5.6767 5.34229 6.41437 5.23501 192.213 564.341 798.269 310.76 246.523 3.84151 5.02342 5.23233 5.28425 4.1558 216.835 192.031 3.48027 5.77001 5 5.77002 5.77002 5.77002 5.77002 5.77002 5.77002 5.77002 5.77002 5.77002 5.77002 5.77002 5.77002 5.77002 5.77002
5.77002 5.77002 5 5.77002 5 5.77002 5 5.77002 5 5.77002 5.77002 5.77002 5.77002 5.77002 5.77001 5.22973 47.0423 242.146 378.827 25.0919 18.2463 12.8889 22.4597 22.2389 49.6541 29.1917 18.0102 22.5601 172.71 6.2532 5.6184 5.76256 5.77002 5 5.77002 5.77001 5.77002 5.75762 5.50549 624.405 576.422 614.592 398.26 781.473 289.918 119.963 91.099 109.793 324.035 686.528 4.94253 124.351 2.53237 4.03189 185.986 274.132 4.42351 5.77001 5.77001 5.77001 5.77002 5.77002 5.77002 5 5.77002 5.77002 5 5.77002 5 5.77002 5 5.77002 5.77002
5 5.77002 5.77002 5.77002 5.77002 5.77002 5.77002 5.77002 5.77002 5.77002 5 5.77002 5 5.77002 5.77002 4.70457 104.358 44.8703 477.825 572.6 177.01 226.947 270.515 574.859 688.761 752.302 554.598 524.657 55.432 130.201 6.20795 4.85395 5.75801 5.77002 5.77002 5.77001 4.90792 5.6869 4.90031 7.26325 4.6662 6.16421 207.93 183.305 243.972 4.47643 4.58407 3.13706 3.94365 3.99384 524.792 147.239 152.985 28.9276 119.747 106.952 3.44127 5.21396 5 5.77001 5.77002 5.77002 5 5.77002 5.77002 5 5.77002 5.77002 5.77002 5.77002 5.77002 5.77002 5.77002
5.77002 5.77002 5 5.77002 5 5.77002 5 5.77002 5 5.77002 5.77002 5.77002 5.77002 5.77002 5.77001 5.67313 5.42895 45.8055 129.178 199.234 235.856 442.275 15.8799 16.0102 16.0269 15.6381 14.6755 634.721 791.845 133.435 313.822 7.13277 5.75032 4.98675 5.60661 5.4869 5.55039 657.304 793.2 5.67922 5.74239 5.67348 4.78833 5.54687 5.52275 5.60987 5.77001 5.77001 5.77001 4.84919 3.70474 90.4825 326.787 676.518 531.617 109.211 283.892 5.22291 5.77001 5.77001 5.77002 5 5.77002 5.77002 5 5.77002 5.77002 5 5.77002 5 5.77002 5 5.77002
5.77002 5.77002 5.77002 5.77002 5.77002 5.77002 5.77002 5.77002 5.77002 5.77002 5 5.77002 5 5.77002 5.77002 5 5.48601 213.232 55.6476 21.4762 129.528 584.282 15.9754 16.3164 16.2615 16.314 16.1537 15.6583 13.877 319.821 89.3056 4.7141 5.75865 5.74125 315.168 483.996 451.156 516.466 4.89924 5.73385 5 5.77002 5.77002 5.77002 5.77002 5.77002 5 5.77001 5 5.77001 3.44173 140.17 33.2499 519.607 172.741 45.5599 2.64816 4.99703 5 5.77001 5.77001 5.77002 5.77002 5.77001 5.77002 5.77002 5.77002 5.77002 5.77002 5.77002 5.77002 5.77002 5.77002
5.77002 5 5.77002 5 5.77002 5 5.77002 5.77001 5.75075 5.74891 5.75054 5.77002 5.77002 5.77002 5.77001 5.77002 5.69488 4.60348 4.89291 61.908 23.3651 636.655 16.0131 16.317 16.3195 16.3192 16.3166 16.3104 16.2701 380.833 72.3954 5.41994 5.57839 4.84317 155.435 202.46 278.566 5.67823 5.74035 5.77002 5.77002 5.77002 5 5.77002 5.77001 5.77001 5.77001 5.77001 5.77001 5.77001 4.54121 4.57028 40.5277 304.91 253.149 84.2692 3.78778 5.77001 5.77001 5.77001 5 5.77002 5 5.77002 5.77002 5 5.77002 5 5.77002 5 5.77002 5 5.77002
5.77002 5.77002 5.77002 5.77002 5.77002 5.77002 5.77002 5.77002 4.98733 1686.62 4.98034 5.77002 5.77002 5.77002 5.77002 5.77002 5.77001 5.77001 5.30287 5.74236 29.6447 360.889 15.9418 16.3171 16.3192 16.3199 16.32 16.319 16.1928 338.219 94.0773 4.56925 146.02 7.17177 617.997 314.038 4.89331 5.74727 5 5.77002 5 5.77002 5.77002 5.77002 5 5.77001 5 5.77001 5 5.77001 3.38917 218.173 50.2691 485.47 229.603 68.2908 2.87435 4.92764 5.77001 5.77001 5.77001 5.77001 5.77002 5.77002 5.77002 5.77002 5.77002 5.77002 5.77002 5.77002 5.77002 5.77002 5.77002
5.77002 5 5.77002 5 5.77002 5 5.77002 5.77001 5.76136 5.76014 5.75632 5.77002 5 5.77002 5.77001 4.96545 5.5716 4.65165 4.8559 66.1657 19.5606 446.814 15.7825 16.0145 16.3031 16.3179 16.3032 16.317 15.9486 512.197 59.3443 488.975 111.767 841.943 224.148 5.65784 5.75024 5.77002 5.77002 5.77002 5.77002 5.77002 5.77001 5.77001 5.77001 5.77001 5.77001 5.77001 5.77001 5.77001 4.34873 156.686 34.5223 334.844 340.812 90.0458 285.186 4.8509 5.77001 5 5.77001 5 5.77002 5.77002 5.77002 5 5.77002 5.77002 5 5.77002 5 5.77002 5.77002
5.77002 5.77002 5.77002 5.77002 5.77002 5.77002 5.77002 5.77002 5.77002 5.77001 5.77002 5.77002 5.77002 5.77002 5.77002 5.67063 734.232 5.34751 145.137 27.4099 39.5426 321.203 243.032 15.095 15.4457 15.55 15.7527 15.8154 15.9951 964.216 666.887 375.401 431.495 612.841 115.064 4.93709 5.77002 5 5.77002 5 5.77002 5.77002 5.77002 5 5.77001 4.47443 4.88207 4.10781 5.77001 5 5.12968 3.79239 29.8679 252.561 252.112 46.5686 2.84546 5.10992 5.77001 5.77001 5.77001 5.77 5.77002 5.77002 5 5.77002 5.77002 5.77001 5.77002 5.77002 5.77002 5.77002 5.77002
5.77002 5 5.77002 5 5.77002 5 5.77002 5.77001 4.99763 5.76896 4.99837 5.77002 5.77002 5.77001 5.77002 4.90747 553.302 422.068 134.337 421.787 141.649 301.826 94.99 54.2553 24.0505 51.2297 163.135 405.899 413.309 243.404 37.151 44.5218 51.9151 98.625 453.074 5.71772 5.77002 5.77002 5.77002 5.77002 5.77002 5.77001 5.77001 5.77001 5.77001 5.1752 529.653 4.52914 3.74975 4.73349 5.29646 4.3911 23.0796 321.862 238.949 73.1563 3.3045 5.77001 5 5.77001 5 5.77001 5 5.77001 5.77002 5.77002 5 5.77002 5.77002 5 5.77002 5 5.77002
5.77002 5.77002 5.77002 5.77002 5.77002 5.77002 5.77002 5.77002 5.73552 6.10357 5.75118 5.75767 4.97027 5.74656 5.77002 5.74158 5.39843 3.75874 84.5953 27.8902 32.367 69.338 390.155 310.004 231.576 224.671 439.498 98.3255 170.43 36.1648 99.0406 4.54191 5.44784 4.92464 5.73789 4.9758 5.77001 5.77002 5.77001 5.77001 5 5.77001 5 5.77001 5 4.96826 3.59609 415.621 701.023 3.55825 3.57961 42.6145 17.1781 504.998 123.63 53.4243 1.69462 4.82837 5.77001 5.77001 5.77001 5.77001 5.77001 5.77002 5.77002 5.77001 5.77002 5.77002 5.77002 5.77002 5.77002 5.77002 5.77002
5 5.77002 5 5.77002 5 5.77002 5 5.77002 4.98668 1038.42 1139.95 6.12513 1253.88 5.76346 5.76479 5.77001 5.76935 5.21221 4.18354 82.5224 38.7328 30.2226 87.75 82.2976 1007.71 185.655 65.6535 29.2626 34.0382 119.106 4.38136 5.53309 5.77001 5.77002 5.77002 5.77002 5.77002 5.77001 5.5541 5.37133 5.26351 5.77001 5.77001 5.77001 5.77001 5.77001 4.98226 4.00792 4.56004 337.511 354.271 30.9086 21.7158 616.028 87.4062 87.1794 455.845 4.6083 5.77001 5.77001 5.77001 5.77001 5.77 5.77002 5 5.77002 5.77002 5 5.77002 5.77002 5 5.77002 5.77002
5.77002 5.77002 5.77002 5.77002 5.77002 5.77002 5.77002 5.77002 5.76323 5.75964 5.75566 1238.19 5.76182 1512.88 4.99292 5.77002 5.76911 5.54676 504.773 185.214 64.4193 51.5921 25.7801 29.7095 300.584 374.01 33.8799 17.2252 53.8716 3.30881 5.33527 5.77001 5.77001 5.77002 5 5.77002 5.77001 5.57975 4.35821 518.361 4.73833 4.13278 5.77001 5 5.77001 5 5.77001 5 5.11113 3.20338 90.0625 98.9405 41.5554 1553.51 20.5087 64.9217 2.39006 4.89225 5 5.77001 5 5.77001 5 5.77001 5.77002 5.77002 5.77001 5.77002 5.77002 5.77001 5.77002 5.77002 5.77002
5.77002 5 5.77002 5 5.77002 5 5.77002 5 5.77002 5.77002 5.72686 4.98748 5.75507 4.98579 5.76018 5.77002 4.99948 5.47162 3.90449 4.13882 84.5289 22.6074 21.3444 24.4155 138.567 537.408 34.4031 17.7554 57.8049 2.95092 4.57917 4.64338 5.77001 5.77002 5.77002 5.77002 5.77002 5.36658 587.53 437.907 574.672 4.27668 5.77001 5.77001 5.77001 5.77001 5.77001 5.77001 5.77001 4.7252 4.58456 28.0869 27.8212 1089.71 18.8613 72.1357 3.44801 5.77001 5.77001 5.77001 5.77001 5.77001 5.77001 5.77 5.77002 5 5.77002 5.77002 5 5.77002 5.77002 5 5.77002
5.77002 5.77002 5.77002 5.77002 5.77002 5.77002 5.77002 5.77002 5.77002 5.77001 5.77002 5.77002 5.77002 5.77002 5.77002 5.77002 5.77002 5.77001 5.77001 5.26672 3.65232 28.3356 22.2295 30.0417 166.412 435.463 78.2916 52.1699 28.837 50.8599 222.643 4.88797 5.60138 5.77002 5.77001 5.77002 5.77001 5.19271 4.12622 4.52825 401.302 3.28252 4.09316 5.25279 5.77001 5 5.77001 5 5.77001 3.92452 203.909 39.1326 32.5038 1547.07 17.9287 78.6641 3.62101 5.77001 5.77001 5.77001 5.77001 5 5.77001 5 5.77001 5.77002 5.77002 5.77001 5.77002 5.77002 5.77002 5.77002 5.77002
5.77002 5 5.77002 5 5.77002 5 5.77002 5 5.77002 5.77002 5.77002 5 5.77002 5 5.77002 5.77001 5.75664 5.70567 5.66661 4.14361 5.38822 25.9497 18.7242 57.9515 566.86 246.112 263.969 292.4 360.883 291.458 73.5278 265.673 5.24334 5.77001 5.77001 5.77001 5.77001 5 5.77001 3.36923 127.827 443.249 55.5952 2.28707 4.06857 5.08728 5.77001 5.77001 5.77001 4.80653 4.60427 26.2675 38.5211 1063.16 15.9685 7.90848 2.33218 4.80645 5 5.77001 5 5.77001 5.77001 5.77001 5.77001 5.77002 5 5.77002 5.77002 5 5.77002 5 5.77002
5.77002 5.77002 5.77002 5.77002 5.77002 5.77002 5.77002 5.77002 5.77002 5 5.77002 5.77002 5.77002 5.77002 5.77002 5.7538 4.81512 6.35065 3.28831 4.96038 69.7494 25.8232 33.0326 348.325 452.061 37.3913 47.0812 96.7217 220.099 687.308 383.33 107.453 5.06813 4.08107 4.7042 4.16372 5.15869 5.77001 5.77001 3.96835 60.1921 668.381 28.1364 100.351 87.6379 2.45349 2.85725 1.92318 2.89629 2.12312 61.4822 19.1865 84.3842 428.756 22.5482 36.7631 242.682 3.91676 5.77001 5.77001 5.77001 5.77001 5 5.77001 5 5.77001 5.77002 5.77002 5.77002 5.77002 5.77002 5.77002 5.77002
5.77002 5 5.77002 5 5.77002 5 5.77002 5 5.77002 5.77002 5.77002 5 5.77002 5 5.77002 4.97393 7.22471 449.282 407.704 50.1122 25.3237 54.017 187.299 802.392 63.9942 90.4508 32.5771 49.6883 35.4264 66.0811 515.74 251.969 195.103 105.901 68.0176 172.168 3.76502 2.84536 3.60406 3.05579 35.6912 72.3767 456.108 108.402 20.2069 23.3422 8.50587 20.0794 14.4263 46.8294 24.3092 29.1845 104.649 349.694 40.1882 103.952 18.8806 3.40086 5 5.77001 4.92558 5.6491 5.70352 5.77001 5.77001 5.77 5.77002 5.77002 5.77002 5 5.77002 5.77002 5.77002
5.77002 5.77002 5.77002 5.77002 5.77002 5.77002 5.77002 5.77002 5.77002 5 5.77002 5.77002 5.77002 5.77002 5.77002 5.75364 5.4248 6.71305 104.028 357.942 98.7738 107.197 833.079 71.4733 89.08 40.0148 134.464 3.74863 4.63636 125.092 106.434 115.159 86.7552 817.956 380.18 38.4205 24.0934 28.1501 15.7143 23.1778 17.303 43.94 475.389 68.6046 26.3853 17.9709 22.1716 20.6918 22.6167 20.9797 25.2687 24.8263 127.484 339.901 61.8582 32.3528 85.0982 3.75048 5.77001 5.77001 5.66441 5.9874 4.90163 5.77001 5.77001 5.77 5.77002 5.77002 5.77001 5.77002 5.77002 5 5.77002
5 5.77002 5 5.77002 5 5.77002 5 5.77002 5.77002 5.77002 5.77002 5 5.77002 5 5.77002 5.77001 4.74289 220.091 125.336 213.393 83.3789 918.281 309.729 53.8013 34.5872 130.505 3.79321 4.56134 5.43464 4.4091 5.11096 3.99229 84.0753 45.5535 626.462 220.219 19.9884 17.196 17.6738 17.6421 82.8702 165.52 497.862 974.218 1269.53 1565.83 1455.86 1068.64 1236.76 914.453 715.689 426.462 309.112 692.125 37.2458 17.9547 19.9854 3.2413 5 5.77001 4.90606 5.63114 5.67359 5.77001 5.77001 5.77001 5 5.77001 5.77002 5.77002 5.77002 5.77002 5.77002
5.77002 5.77002 5.77002 5.77002 5.77002 5.77002 5.77002 5.77002 5 5.77002 5.77002 5.77002 5.77002 5.77002 5.77002 5.77002 5.66809 6.16048 68.5562 21.2791 51.6226 174.593 86.57 138.396 78.6511 3.77006 5.47422 5.77001 5.77002 5.77002 5.77001 5.39834 4.06147 52.6143 43.6685 70.4009 45.6323 47.6289 135.812 818.216 759.689 119.865 73.4881 14.6183 14.2884 13.188 13.9909 16.9751 16.7524 23.0245 39.2248 167.435 92.1774 368.881 137.359 32.6596 38.0257 1.74105 5.22924 5.77001 5.77001 5.77001 5 5.77001 5 5.77001 5.77001 5.77002 5.77002 5 5.77002 5.77002 5.77002
5 5.77002 5 5.77002 5 5.77002 5 5.77002 5.77002 5.77002 5 5.77002 5 5.77002 5 5.77002 4.98879 5.60396 4.46495 32.9707 109.212 401.719 33.692 114.136 461.948 5.25381 5.77001 5 5.77002 5.77001 5.51606 4.73233 3.71831 39.252 23.1563 22.9033 89.6118 1472.11 137.463 256.489 50.1601 85.5033 33.0495 35.7813 64.7085 35.0309 53.9172 64.0922 41.4067 29.9287 37.4796 15.3778 18.9972 99.3915 632.789 116.249 41.7266 22.3477 2.76923 3.95585 5.77001 5 5.77001 5.77001 5.77001 5.77001 5.77001 5 5.77002 5.77002 5.77002 5 5.77002
5.77002 5.77002 5.77002 5.77002 5.77002 5.77002 5.77002 5.77002 5 5.77002 5.77002 5.77002 5.77002 5.77002 5.77002 5.77002 5.77002 5.77001 5.26143 31.7816 243.268 307.082 75.7394 5.20295 5.35106 4.88439 5.77002 5.77002 5.76539 5.57893 4.25193 166.724 45.5444 20.9312 22.8208 25.3709 330.45 218.708 82.4963 38.1109 84.5051 52.816 84.6998 3.87412 3.08226 3.77335 3.57086 3.72198 3.16785 127.446 75.1861 31.3227 36.8581 21.3657 304.471 184.812 98.8029 36.0501 312.058 3.64679 5.77001 5.77001 5.77001 5 5.77001 5 5.77001 5.77 5.77002 5.77002 5.77002 5.77002 5.77002
5 5.77002 5 5.77002 5 5.77002 5 5.77002 5.77002 5.77002 5 5.77002 5 5.77002 5 5.77002 5 5.77002 4.70165 74.2222 466.92 322.979 183.843 5.39434 5 5.77001 5.77002 5.76053 4.84067 5.77517 85.6225 28.4667 26.7715 20.0572 29.8028 94.4449 1260.04 122.26 45.8876 74.0583 34.48 86.1822 3.77375 4.44389 5.77001 5.77001 5 5.77001 4.16407 4.08591 2.81756 3.42479 3.93648 23.7727 59.4526 905.669 105.64 119.023 55.5985 1.67375 4.99398 5.77001 5 5.77001 5.77001 5.77001 5.77001 5 5.77002 5 5.77002 5.77002 5.77002
5.77002 5.77002 5.77002 5.77002 5.77002 5.77002 5.77002 5.77002 5 5.77002 5.77002 5.77002 5.77002 5.77002 5.77002 5.77002 5.77002 5.77002 5.70038 250.027 95.903 181.313 7.06858 5.68982 5.77002 5.77002 5.76293 4.8902 6.79825 55.2365 23.2989 130.562 135.062 962.233 692.928 377.88 253.248 107.684 43.1191 44.5673 80.9841 3.83966 4.34299 5.77001 5.77001 5 5.77001 5.77001 5.77001 5.77001 5.77001 4.96292 2.93671 46.8561 66.824 394.635 998.147 163.329 35.7637 85.6176 2.63036 2.81447 4.44184 5.14227 5.77001 5 5.77001 5.77001 5.77001 5.77002 5.77002 5 5.77002
5 5.77002 5 5.77002 5 5.77002 5 5.77002 5.77002 5.77002 5 5.77002 5 5.77002 5 5.77002 5 5.77002 4.94332 5.66287 4.94285 5.67192 5.70846 4.99007 5.77002 5.75797 4.91839 7.46077 104.676 98.7403 462.278 596.985 266.596 140.454 72.4612 62.9182 82.9473 263.317 69.362 61.802 3.50357 5.19216 5.77001 5.77001 4.62636 5.37975 5.50648 5.77001 5.77001 5 5.77001 3.48939 207.744 204.103 191.31 53.8691 110.245 632.728 370.981 25.836 35.0992 63.0333 211.867 3.31976 5.77001 5.77001 5.77001 5 5.77001 5.77002 5 5.77002 5.77002
5.77002 5.77002 5.77002 5.77002 5.77002 5.77002 5.77002 5.77002 5 5.77002 5.77002 5.77002 5.77002 5.77002 5.77002 5.77002 5.77002 5.77002 5.77001 5.77002 5.77002 5.77002 5.77002 5.77002 5.76308 4.95946 359.822 305.093 437.962 372.148 143.209 74.1779 48.7942 51.1243 45.8232 50.6244 49.7384 117.009 289.415 92.7942 4.35705 5.77001 5 5.77001 5.44888 6.85861 4.49362 5.77001 5 5.77001 4.96371 4.73195 316.279 143.076 55.5799 45.1285 37.3375 46.1833 554.758 117.296 81.0545 258.349 100.275 3.49624 5.77001 5 5.77001 5.77001 5.77001 5 5.77002 5.77002 5.77002
5.77002 5 5.77002 5 5.77002 5 5.77002 5.77002 5.77002 5.77002 5 5.77002 5 5.77002 5 5.77002 5 5.77002 5.77002 5.77002 5 5.77002 5 5.77002 5.7622 832.238 292.434 189.587 81.1956 63.067 47.621 59.4584 48.8352 61.6472 49.7526 63.083 49.5876 69.4641 130.911 337.462 4.73588 5 5.77001 5.77001 4.80755 5.40516 5.34841 5.77001 5.77001 4.89157 3.83507 746.903 3.79943 3.98913 3.90252 3.14363 4.14827 28.8935 87.9263 558.383 693.98 25.3274 15.7755 1.01951 3.18799 4.95761 5.77001 5.77001 5.77001 5.77001 5.77002 5 5.77002
5.77002 5.77002 5.77002 5.77002 5.77002 5.77002 5.77002 5 5.77002 5.77002 5.77002 5.77002 5.77002 5.77002 5.77002 5.77002 5.77002 5.77002 5 5.77002 5.77002 5.77002 5.77002 5.77002 4.97013 5.71611 4.9624 5.71278 4.91565 5.62442 4.79975 5.48396 4.64817 5.30572 4.45635 5.12416 4.34272 5.14001 4.43153 673.655 5.6094 5.77002 5.77002 5 5.77001 5.77001 5 4.76203 3.66562 4.89872 779.891 4.77625 4.91079 5.77001 5 5.76338 4.48947 27.4799 22.0395 166.79 358.68 47.3516 17.4093 97.4934 87.1276 1.41348 3.53327 4.15468 5.77001 5 5.77001 5.77002 5.77002
