tests/full-run-ref/erosion_2010_78_23_-57.856.asc
ncols 512
nrows 512
xllcorner -3.24582
yllcorner -4.08743
cellsize 5
NODATA_value -99999
[rows 62 to 92 of 512, columns 69 to 137 of 512]
333.867 331.366 328.99 325.316 322.837 320.294 322.566 324.596 353.158 353.142 353.258 353.521 353.775 353.659 353.24 325.574 305.797 300.645 294.951 289.151 283.347 277.498 271.61 265.685 262.365 256.272 249.852 247.755 245.743 243.609 241.378 239.115 236.836 234.544 232.242 229.931 227.612 225.282 222.93 220.744 221.091 221.248 223.72 224.798 222.414 221.432 222.418 220.028 217.636 219.989 217.597 219.946 221.322 223.701 226.051 228.441 230.817 226.853 221.081 215.31 209.538 203.766 197.993 192.219 186.445 180.669 174.893 169.115 163.337
331.655 325.828 323.397 321.034 317.386 313.055 308.994 306.325 303.585 305.936 307.787 352.949 352.955 352.907 333.871 314.19 304.064 298.42 292.625 286.821 281.002 275.174 269.309 263.331 257.401 254.147 247.988 241.556 239.535 237.598 235.495 233.27 231.004 228.72 226.424 224.118 221.803 219.476 217.125 214.939 215.295 215.459 217.94 219.023 216.64 215.659 216.646 214.256 211.865 214.219 211.827 214.176 215.551 217.931 220.28 222.671 225.047 224.462 218.69 212.918 207.146 201.372 195.598 189.823 184.047 178.271 172.493 166.714 160.934
329.314 323.486 317.646 315.22 312.869 309.235 304.914 300.952 298.164 292.789 290.028 287.141 289.617 291.725 297.622 303.851 301.489 295.873 290.438 284.439 278.451 272.603 266.729 260.838 251.386 249.345 245.985 239.878 233.255 231.314 229.447 227.377 225.158 222.89 220.602 218.302 215.992 213.668 211.318 209.132 209.497 209.668 212.159 213.247 210.865 209.885 210.874 208.485 206.094 208.448 206.056 208.405 209.781 212.16 214.51 216.9 219.275 221.666 216.299 210.526 204.752 198.977 193.202 187.426 181.649 175.87 170.091 164.311 158.53
326.946 321.139 315.306 309.458 307.033 304.702 301.062 296.732 292.798 290.064 284.765 282.381 279.93 277.381 279.671 267.121 264.686 267.085 292.813 286.934 264.944 259.169 253.303 247.444 245.182 242.924 241.331 238.164 231.623 224.984 223.099 221.293 219.254 217.043 214.774 212.483 210.178 207.858 205.509 203.323 203.697 203.876 206.378 207.472 205.089 204.111 205.101 202.713 200.322 202.677 200.285 202.635 204.01 206.389 208.738 211.128 213.503 215.894 213.908 208.132 202.357 196.581 190.805 185.027 179.249 173.47 167.689 161.907 156.124
324.574 318.773 312.954 307.113 301.256 298.847 296.596 292.875 288.559 284.637 281.897 276.576 274.212 271.825 267.886 265.096 259.6 256.927 259.288 273.618 262.901 253.622 247.904 242.037 239.626 237.202 235.501 233.28 230.003 223.402 216.73 214.891 213.138 211.128 208.925 206.656 204.36 202.045 199.697 197.512 197.896 198.082 200.596 201.696 199.314 198.336 199.329 196.94 194.55 196.906 194.514 196.864 198.239 200.617 202.966 205.355 207.73 210.121 211.517 205.74 199.963 194.185 188.407 182.629 176.849 171.068 165.286 159.502 153.717
318.922 316.413 310.607 304.778 298.924 293.051 290.726 288.408 284.698 280.385 276.464 273.723 268.39 266.05 263.73 259.83 256.966 251.397 248.867 246.469 244.048 241.651 239.202 236.774 233.927 231.435 229.718 227.435 225.155 221.841 215.187 208.489 206.69 204.982 202.999 200.805 198.534 196.229 193.882 191.698 192.092 192.287 194.813 195.919 193.538 192.562 193.556 191.168 188.778 191.135 188.743 191.093 192.467 194.844 197.192 199.581 201.956 204.348 206.739 203.349 197.568 191.789 186.01 180.229 174.448 168.665 162.881 157.096 151.308
313.133 310.764 308.257 302.439 296.606 290.735 284.842 282.528 280.224 276.52 272.206 268.292 265.543 260.213 257.892 255.615 251.677 248.788 243.237 240.909 238.582 236.158 233.683 231.098 228.578 225.719 224.004 221.63 219.306 217.015 213.669 206.976 200.256 198.492 196.824 194.867 192.68 190.403 188.063 185.88 186.287 186.491 189.029 190.142 187.761 186.786 187.783 185.395 183.006 185.364 182.971 185.32 186.693 189.069 191.416 193.806 196.181 198.574 200.966 200.96 195.174 189.393 183.611 177.829 172.045 166.261 160.474 154.686 148.897
307.35 304.973 304.992 300.09 294.27 288.43 282.542 276.631 274.33 272.041 268.344 264.028 260.114 257.371 252.05 249.768 247.468 243.517 240.62 235.07 232.741 230.382 227.945 225.449 222.856 220.446 218.215 215.831 213.491 211.171 208.902 205.539 198.729 192.026 190.297 188.666 186.731 184.546 182.234 180.059 180.479 180.692 183.244 184.365 181.984 181.011 182.009 179.622 177.233 179.592 177.198 179.546 180.917 183.292 185.64 188.03 190.406 192.798 195.19 198.572 192.78 186.996 181.212 175.427 169.641 163.854 158.065 152.274 146.481
301.566 299.177 299.202 297.721 291.913 286.096 280.249 274.343 268.416 266.131 263.862 260.168 255.903 251.938 249.586 244.277 241.974 239.672 235.764 232.852 227.206 224.822 222.422 219.954 217.445 214.931 212.454 210.045 207.686 205.349 203.077 202.93 197.269 190.508 183.798 182.103 180.505 178.585 176.373 174.227 174.668 174.892 177.459 178.587 176.207 175.234 176.236 173.849 171.46 173.82 171.424 173.77 175.139 177.514 179.862 182.253 184.628 187.019 192.794 196.182 190.384 184.597 178.81 173.022 167.234 161.443 155.652 149.858 144.062
295.783 293.384 293.403 293.48 289.547 283.734 277.916 272.063 266.142 260.199 257.933 255.683 251.998 247.724 243.749 241.403 236.102 233.803 231.5 227.595 224.667 218.997 216.593 214.175 211.696 209.193 206.712 204.278 201.893 199.525 197.215 197.617 194.711 189.056 182.289 175.572 173.908 172.337 170.405 168.365 168.851 169.09 171.672 172.809 170.429 169.458 170.462 168.075 165.686 168.047 165.647 167.992 169.359 171.734 174.083 176.472 178.845 184.622 190.396 193.79 187.986 182.197 176.407 170.616 164.824 159.03 153.235 147.438 141.639
290 287.59 287.605 287.69 287.176 281.359 275.551 269.733 263.873 257.937 251.98 249.733 247.503 243.823 239.545 235.569 233.233 227.935 225.638 223.335 219.426 216.485 210.784 208.362 205.932 203.458 200.976 198.524 196.112 193.712 191.375 191.776 190.016 186.51 180.851 174.072 167.347 165.709 164.144 162.405 163.019 163.284 165.884 167.03 164.651 163.681 164.687 162.301 159.911 162.271 159.867 162.211 163.576 165.951 168.296 170.683 176.45 182.224 187.995 191.399 185.589 179.796 174.002 168.207 162.412 156.614 150.815 145.014 139.21
284.215 281.795 281.806 281.883 284.337 278.988 273.176 267.368 261.547 255.68 249.729 243.759 241.533 239.323 235.647 231.366 227.391 225.063 219.767 217.472 215.168 211.252 208.295 202.556 200.121 197.693 195.233 192.774 190.341 187.91 185.539 185.935 186.258 181.818 178.309 172.65 165.858 159.12 157.498 156.169 157.139 157.471 160.095 161.25 158.872 157.903 158.922 156.525 154.133 156.494 154.083 156.427 157.789 160.158 162.5 168.294 174.052 179.821 185.594 189.006 183.192 177.394 171.597 165.798 159.997 154.194 148.39 142.583 136.773
278.429 275.998 276.004 276.072 278.547 276.616 270.8 264.991 259.183 253.362 247.488 241.521 235.537 233.332 231.141 227.47 223.187 219.213 216.902 211.596 209.302 206.996 203.073 200.096 194.315 191.876 189.46 187.02 184.575 182.116 179.705 180.073 180.429 178.58 173.613 170.111 164.458 157.659 150.938 149.629 151.131 151.663 154.357 155.479 153.091 152.125 153.155 150.764 148.363 150.772 148.308 150.647 151.991 154.347 160.11 165.899 171.647 177.417 183.2 186.614 180.793 174.991 169.188 163.383 157.575 151.764 145.951 140.134 134.314
272.64 270.198 270.2 270.265 272.745 274.239 268.426 262.617 256.811 251.004 245.179 239.295 233.312 227.313 225.129 222.959 219.338 215.025 211.045 208.73 203.422 201.128 198.819 194.903 191.888 186.065 183.632 181.234 178.806 176.325 173.879 174.238 174.596 173.849 170.383 165.408 161.921 156.457 149.818 144.483 145.657 146.045 152.108 149.71 147.348 146.393 147.411 146.433 146.451 146.45 146.447 146.433 146.363 151.968 157.714 163.499 169.239 175.018 180.808 184.221 178.386 172.576 166.763 160.945 155.123 149.297 143.465 137.628 131.785
266.849 264.394 264.393 264.455 266.936 269.41 266.06 260.245 254.441 248.635 242.827 236.997 231.103 225.103 219.087 216.923 214.774 211.16 206.845 202.866 200.556 195.244 192.95 190.638 186.71 183.673 177.81 175.387 173.002 170.53 168.059 168.406 168.758 169.055 165.688 162.182 157.204 153.735 148.712 146.071 146.47 146.46 146.438 146.432 146.452 146.465 146.466 146.468 146.47 146.47 146.47 146.47 146.411 152.041 157.775 163.555 169.285 175.062 180.855 181.829 175.977 170.158 164.333 158.503 152.665 146.82 140.967 135.106 129.236
261.056 258.588 258.582 258.642 261.133 263.621 263.694 257.879 252.069 246.265 240.46 234.65 228.817 222.912 216.893 210.86 208.716 206.588 202.981 198.665 194.686 192.38 187.062 184.768 182.451 178.511 175.452 169.55 167.131 164.699 162.235 162.576 162.918 163.227 163.408 157.476 153.977 149.127 146.084 146.415 146.47 146.47 146.47 146.47 146.47 146.47 146.47 146.47 146.47 146.47 146.47 146.47 146.423 152.064 157.802 163.581 169.316 175.093 180.886 182.145 176.306 170.492 164.675 158.851 153.021 147.183 141.339 135.485 129.624
255.26 252.777 252.767 252.828 255.331 257.823 260.277 255.515 249.706 243.898 238.093 232.287 226.475 220.637 214.721 208.682 202.629 200.506 198.4 194.8 190.483 186.504 184.202 178.876 176.581 174.259 170.305 167.226 161.274 158.803 156.376 156.748 157.087 157.378 157.654 155.234 149.326 146.213 146.436 146.47 146.47 146.47 146.47 146.47 146.47 146.47 146.47 146.47 146.47 146.47 146.47 146.47 146.42 152.069 157.815 163.595 169.343 175.12 180.909 182.398 176.567 170.76 164.948 159.132 153.31 147.483 141.648 135.807 129.957
249.463 246.964 246.95 247.011 249.53 252.03 254.497 253.149 247.341 241.536 235.729 229.923 224.116 218.301 212.459 206.53 200.469 194.397 192.294 190.211 186.618 182.298 178.32 176.02 170.684 168.387 166.061 162.094 158.99 152.937 150.511 150.935 151.276 151.563 151.824 152.031 147.214 146.432 146.47 146.47 146.47 146.47 146.47 146.47 146.47 146.47 146.47 146.47 146.47 146.47 146.47 146.462 146.4 152.044 157.789 163.571 169.326 175.107 180.897 182.576 176.753 170.949 165.142 159.329 153.513 147.691 141.864 136.029 130.189
243.665 241.148 241.13 241.192 243.729 246.243 248.709 250.771 244.976 239.174 233.37 227.563 221.756 215.946 210.128 204.28 198.338 192.255 186.16 184.079 182.02 178.434 174.112 170.132 167.835 162.486 160.189 157.926 153.903 150.794 145.502 145.907 146.095 146.207 146.298 146.375 146.432 146.464 146.47 146.47 146.47 146.47 146.47 146.47 146.47 146.47 146.47 146.47 146.47 146.47 146.47 146.449 152.14 154.458 160.193 165.969 171.733 177.5 183.294 182.702 176.888 171.087 165.281 159.472 153.657 147.839 142.016 136.187 130.352
237.865 235.329 235.308 235.372 237.927 240.455 242.922 245.366 242.606 236.808 231.008 225.204 219.397 213.589 207.777 201.956 196.102 190.146 184.038 177.92 175.861 173.826 170.247 165.922 161.94 159.645 154.282 152.072 151.363 146.072 146.399 146.47 146.47 146.47 146.47 146.47 146.47 146.47 146.47 146.47 146.47 146.47 146.47 146.47 146.47 146.47 146.47 146.47 146.47 146.47 146.47 146.434 152.104 157.882 162.597 168.371 174.141 179.909 185.69 182.791 176.987 171.187 165.384 159.576 153.765 147.949 142.129 136.303 130.473
232.063 229.508 229.484 229.551 232.124 234.667 237.141 239.586 240.228 234.438 228.643 222.843 217.039 211.232 205.422 199.608 193.783 187.922 181.951 175.818 169.676 167.64 165.633 162.06 157.728 153.748 151.541 146.365 146.23 146.436 146.47 146.47 146.47 146.47 146.47 146.47 146.47 146.47 146.47 146.47 146.47 146.47 146.47 146.47 146.47 146.47 146.47 146.47 146.47 146.47 146.47 146.424 152.081 157.858 163.637 169.415 175.193 180.971 186.766 182.86 177.062 171.266 165.464 159.66 153.85 148.037 142.219 136.396 130.569
226.259 223.685 223.658 223.727 226.32 228.879 231.359 233.804 236.228 232.063 226.272 220.477 214.677 208.873 203.066 197.254 191.438 185.609 179.741 173.754 167.595 161.426 159.42 157.585 153.871 149.631 146.044 146.373 146.464 146.47 146.47 146.47 146.47 146.47 146.47 146.47 146.47 146.47 146.47 146.47 146.47 146.47 146.47 146.47 146.47 146.47 146.47 146.47 146.47 146.47 146.464 146.405 152.061 157.829 163.61 169.39 175.173 180.957 186.751 182.919 177.125 171.331 165.533 159.731 153.925 148.113 142.298 136.478 130.654
220.454 217.86 217.83 217.903 220.515 223.09 225.578 228.025 230.453 229.682 223.895 218.105 212.31 206.511 200.706 194.898 189.084 183.266 177.433 171.558 165.556 159.37 153.183 151.407 149.702 146.152 146.427 146.47 146.47 146.47 146.47 146.47 146.47 146.47 146.47 146.47 146.47 146.47 146.47 146.47 146.47 146.47 146.47 146.47 146.47 146.47 146.47 146.47 146.47 146.47 146.456 152.173 154.508 160.25 166.018 171.796 177.575 183.354 187.131 182.976 177.184 171.392 165.597 159.798 153.994 148.186 142.374 136.557 130.736
214.648 212.033 212 212.076 214.709 217.301 219.798 222.247 224.674 227.085 221.623 215.836 210.046 204.251 198.451 192.646 186.836 181.021 175.201 169.365 163.484 157.469 151.323 145.614 146.045 146.432 146.47 146.47 146.47 146.47 146.47 146.47 146.47 146.47 146.47 146.47 146.47 146.47 146.47 146.47 146.47 146.47 146.47 146.47 146.47 146.47 146.47 146.47 146.47 146.47 146.456 152.149 154.507 160.26 166.035 170.826 176.556 178.945 184.736 183.031 177.241 171.452 165.66 159.863 154.063 148.258 142.45 136.637 130.819
208.842 206.205 206.169 206.248 208.902 211.512 214.017 216.47 218.896 221.311 219.378 213.593 207.806 202.015 196.219 190.418 184.612 178.801 172.985 167.163 161.324 155.438 149.533 146.009 146.463 146.47 146.47 146.47 146.47 146.47 146.47 146.47 146.47 146.47 146.47 146.47 146.47 146.47 146.47 146.47 146.47 146.47 146.47 146.47 146.47 146.47 146.47 146.47 146.47 146.47 146.464 146.419 152.085 157.861 162.65 168.38 170.762 176.551 182.343 183.086 177.298 171.512 165.722 159.93 154.132 148.332 142.527 136.718 130.904
203.035 200.376 200.336 200.419 203.095 205.722 208.236 210.693 213.121 215.535 217.035 211.253 205.467 199.679 193.886 188.09 182.287 176.48 170.668 164.85 159.025 153.193 147.496 146.391 146.47 146.47 146.47 146.47 146.47 146.47 146.47 146.47 146.47 146.47 146.47 146.47 146.47 146.47 146.47 146.47 146.47 146.47 146.47 146.47 146.47 146.47 146.47 146.47 146.47 146.47 146.47 146.446 152.132 154.479 160.203 162.575 168.369 174.161 179.951 183.138 177.354 171.571 165.785 159.995 154.203 148.406 142.605 136.8 130.991
197.227 194.546 194.502 194.588 197.286 199.932 202.455 204.916 207.345 209.758 212.165 208.907 203.121 197.335 191.545 185.751 179.953 174.15 168.341 162.527 156.707 150.921 146.262 146.457 146.47 146.47 146.47 146.47 146.47 146.47 146.47 146.47 146.47 146.47 146.47 146.47 146.47 146.47 146.47 146.47 146.47 146.47 146.47 146.47 146.47 146.47 146.47 146.47 146.47 146.47 146.47 146.463 146.417 152.066 154.382 160.182 165.981 171.774 177.56 181.11 177.408 171.629 165.846 160.06 154.27 148.478 142.682 136.881 131.076
191.419 188.714 188.667 188.756 191.477 194.142 196.674 199.139 201.569 203.983 206.391 206.534 200.749 194.963 189.175 183.383 177.588 171.788 165.982 160.176 154.359 148.643 146.397 146.47 146.47 146.47 146.47 146.47 146.47 146.47 146.47 146.47 146.47 146.47 146.47 146.47 146.47 146.47 146.47 146.47 146.47 146.47 146.47 146.47 146.47 146.47 146.47 146.47 146.47 146.47 146.47 146.47 146.46 146.369 152.004 157.809 163.606 169.395 175.179 175.33 172.937 170.549 165.9 160.117 154.33 148.542 142.75 136.953 131.153
185.61 182.882 182.83 182.923 185.667 188.351 190.893 193.361 195.794 198.208 200.615 203.016 198.366 192.579 186.791 180.998 175.201 169.399 163.592 157.779 151.984 146.327 146.446 146.47 146.47 146.47 146.47 146.47 146.47 146.47 146.47 146.47 146.47 146.47 146.47 146.47 146.47 146.47 146.47 146.47 146.47 146.47 146.47 146.47 146.47 146.47 146.47 146.47 146.47 146.47 146.47 146.47 146.47 146.418 152.102 157.892 163.677 169.463 171.952 169.546 167.15 164.763 162.38 159.996 154.37 148.584 142.794 137.002 131.205
179.801 177.049 176.993 177.09 179.857 182.56 185.111 187.584 190.018 192.434 194.841 197.244 195.983 190.197 184.404 178.61 172.81 167.005 161.194 155.378 149.58 146.313 146.469 146.47 146.47 146.47 146.47 146.47 146.47 146.47 146.47 146.47 146.47 146.47 146.47 146.47 146.47 146.47 146.47 146.47 146.47 146.47 146.47 146.47 146.47 146.47 146.47 146.47 146.47 146.47 146.47 146.47 146.47 146.44 152.149 157.931 163.714 168.576 166.167 163.761 161.364 158.973 156.589 154.208 151.832 148.58 142.79 137.002 131.21
173.991 171.215 171.155 171.255 174.045 176.769 179.33 181.807 184.243 186.66 189.068 191.468 193.869 192.606 186.819 181.029 175.241 169.449 163.653 157.854 152.123 146.43 146.453 146.47 146.47 146.47 146.47 146.47 146.47 146.47 146.47 146.47 146.47 146.47 146.47 146.47 146.47 146.47 146.47 146.47 146.47 146.47 146.47 146.47 146.47 146.47 146.47 146.47 146.47 146.47 146.47 146.47 146.47 146.449 152.177 157.957 163.737 162.795 160.382 157.976 155.576 153.182 150.795 148.413 146.041 148.464 142.708 136.923 131.134
