tests/full-run-ref/erosion_2010_78_18_17.120.asc
ncols 512
nrows 512
xllcorner -3.24582
yllcorner -4.08743
cellsize 5
NODATA_value -99999
[rows 0 to 39 of 512, columns 180 to 269 of 512]
329.894 329.479 329.056 328.638 328.226 327.814 327.407 327.01 326.625 326.25 325.881 325.517 325.156 324.801 324.451 324.105 323.761 323.418 323.085 322.767 322.463 322.171 321.896 321.646 321.424 321.226 321.05 320.894 320.763 320.657 320.566 320.48 320.403 320.337 320.273 320.201 320.12 320.037 319.943 319.834 319.708 319.571 319.415 319.236 319.033 318.81 318.562 318.283 317.971 317.629 317.26 316.864 316.438 315.982 315.505 315.015 314.514 313.995 313.466 312.932 312.396 311.852 311.304 310.753 310.194 309.628 309.064 308.512 307.967 307.424 306.901 306.417 305.973 305.559 305.183 304.854 304.578 304.35 304.16 303.995 303.862 303.763 303.685 303.61 303.537 303.475 303.418 303.359 303.294 303.228
330.721 330.328 329.927 329.531 329.141 328.75 328.363 327.983 327.612 327.248 326.89 326.533 326.179 325.827 325.478 325.134 324.791 324.45 324.117 323.8 323.498 323.207 322.935 322.688 322.47 322.277 322.106 321.956 321.831 321.732 321.648 321.571 321.502 321.446 321.393 321.333 321.266 321.198 321.121 321.029 320.923 320.807 320.673 320.514 320.331 320.129 319.899 319.635 319.333 319 318.633 318.235 317.801 317.33 316.833 316.319 315.787 315.232 314.663 314.088 313.508 312.917 312.322 311.726 311.126 310.52 309.92 309.338 308.77 308.21 307.677 307.189 306.75 306.349 305.992 305.685 305.437 305.242 305.087 304.958 304.859 304.796 304.753 304.711 304.668 304.633 304.601 304.566 304.522 304.475
330.558 330.186 329.808 329.433 329.063 328.693 328.325 327.962 327.605 327.253 326.904 326.555 312.505 312.505 307.151 307.151 307.151 307.151 307.151 307.151 307.151 307.151 307.151 307.151 307.151 307.151 307.151 307.151 307.151 307.151 307.151 307.151 307.151 307.151 307.151 307.151 307.151 307.151 307.151 307.151 307.151 307.151 307.151 307.151 307.151 307.151 307.151 307.151 307.151 307.151 307.151 307.151 248.366 248.366 248.366 248.366 0 0 0 0 0 0 0 0 0 0 0 0 0 0 0 0 0 0 0 0 0 0 0 0 0 0 0 0 0 0 0 0 0 0
330.414 330.062 329.704 329.348 328.997 328.646 328.296 327.948 327.605 327.263 326.923 326.582 312.504 312.504 307.15 307.15 307.15 307.149 307.149 307.149 307.149 307.149 307.15 307.15 307.15 307.15 307.15 307.15 307.15 307.15 307.15 307.15 307.15 307.15 307.15 307.15 307.15 307.15 307.15 307.15 307.151 307.151 307.151 307.151 307.151 307.151 307.151 307.151 307.151 307.151 307.151 307.151 248.366 248.366 248.366 248.366 0 0 0 0 0 0 0 0 0 0 0 0 0 0 0 0 0 0 0 0 0 0 0 0 0 0 0 0 0 0 0 0 0 0
330.285 329.951 329.612 329.275 328.942 328.608 328.275 327.943 327.611 327.281 326.951 326.616 312.503 312.503 307.149 307.149 307.149 307.149 307.149 307.149 307.149 307.149 307.149 307.149 307.149 307.149 307.149 307.15 307.15 307.15 307.15 307.15 307.15 307.15 307.15 307.15 307.15 307.15 307.15 307.151 307.151 307.151 307.151 307.151 307.151 307.151 307.151 307.151 307.151 307.151 307.151 307.151 248.366 248.366 248.366 248.366 0 0 0 0 0 0 0 0 0 0 0 0 0 0 0 0 0 0 0 0 0 0 0 0 0 0 0 0 0 0 0 0 0 0
330.17 329.852 329.531 329.211 328.895 328.579 328.263 327.945 327.625 327.305 326.983 326.656 312.503 312.503 307.148 307.148 307.148 307.148 307.148 307.148 307.148 307.148 307.148 307.149 307.149 307.149 307.149 307.149 307.15 307.15 307.15 307.15 307.15 307.15 307.15 307.15 307.15 307.15 307.151 307.151 307.151 307.151 307.151 307.151 307.151 307.151 307.151 307.151 307.151 307.151 307.151 307.151 248.366 248.366 248.366 248.366 0 0 0 0 0 0 0 0 0 0 0 0 0 0 0 0 0 0 0 0 0 0 0 0 0 0 0 0 0 0 0 0 0 0
330.075 329.773 329.467 329.163 328.862 328.56 328.259 327.954 327.646 327.335 327.021 326.7 312.502 312.502 307.148 307.148 307.148 307.148 307.148 307.148 307.148 307.148 307.148 307.148 307.149 307.149 307.149 307.149 307.15 307.15 307.15 307.15 307.15 307.15 307.151 307.151 307.151 307.151 307.151 307.151 307.151 307.151 307.151 307.151 307.151 307.151 307.151 307.151 307.151 307.151 307.151 307.151 248.366 248.366 248.366 248.366 0 0 0 0 0 0 0 0 0 0 0 0 0 0 0 0 0 0 0 0 0 0 0 0 0 0 0 0 0 0 0 0 0 0
330.007 329.716 329.423 329.131 328.842 328.555 328.265 327.97 327.671 327.369 327.062 326.747 312.502 312.502 307.148 307.148 307.147 307.147 307.147 307.148 307.148 307.148 307.148 307.148 307.149 307.149 307.149 307.149 307.15 307.15 307.15 307.15 307.15 307.151 307.151 307.151 307.151 307.151 307.151 307.151 307.151 307.151 307.151 307.151 307.151 307.151 307.151 307.151 307.151 307.151 307.151 307.151 248.366 248.366 248.366 248.366 0 0 0 0 0 0 0 0 0 0 0 0 0 0 0 0 0 0 0 0 0 0 0 0 0 0 0 0 0 0 0 0 0 0
329.966 329.685 329.401 329.119 328.838 328.561 328.281 327.995 327.704 327.409 327.108 326.796 312.502 312.502 307.148 307.148 307.147 307.147 307.147 307.148 307.148 307.148 307.148 307.148 307.149 307.149 307.149 307.149 307.15 307.15 307.15 307.15 307.15 307.151 307.151 307.151 307.151 321.736 321.741 321.744 321.752 321.765 321.77 321.754 321.722 321.682 321.61 321.483 307.151 307.151 307.151 307.151 248.366 248.366 248.366 248.366 0 0 0 0 0 0 0 0 0 0 0 0 0 0 0 0 0 0 0 0 0 0 0 0 0 0 0 0 0 0 0 0 0 0
329.949 329.674 329.397 329.121 328.849 328.579 328.307 328.028 327.743 327.454 327.157 326.849 312.502 312.502 307.148 307.148 307.148 307.148 307.148 307.148 307.148 307.148 307.148 307.148 307.149 307.149 307.149 307.149 307.15 307.15 307.15 307.15 307.15 307.151 307.151 307.151 307.151 321.739 321.75 321.762 321.78 321.807 321.827 321.827 321.813 321.793 321.741 321.633 321.467 307.151 307.151 307.151 248.366 248.366 248.366 248.366 0 0 0 0 0 0 0 0 0 0 0 0 0 0 0 0 0 0 0 0 0 0 0 0 0 0 0 0 0 0 0 0 0 0
329.958 329.686 329.413 329.142 328.874 328.609 328.342 328.068 327.787 327.502 327.209 326.905 312.502 312.502 307.148 307.148 307.148 307.148 307.148 307.148 307.148 307.148 307.148 307.149 307.149 307.149 307.149 307.149 307.15 307.15 307.15 307.15 307.15 307.151 307.151 307.151 307.151 307.151 321.747 321.766 321.795 321.833 321.867 321.881 321.884 321.881 321.848 321.756 321.606 321.411 307.151 307.151 248.366 248.366 248.366 248.366 0 0 0 0 0 0 0 0 0 0 0 0 0 0 0 0 0 0 0 0 0 0 0 0 0 0 0 0 0 0 0 0 0 0
329.994 329.722 329.45 329.18 328.914 328.652 328.387 328.115 327.837 327.553 327.262 326.96 312.503 312.503 307.148 307.148 307.148 307.148 307.148 307.148 307.148 307.149 307.149 307.149 307.149 307.149 307.149 307.15 307.15 307.15 307.15 307.15 307.15 307.151 307.151 321.731 321.731 321.731 321.739 321.765 321.802 321.85 321.896 321.922 321.938 321.952 321.933 321.855 321.718 321.537 321.292 307.151 248.366 248.366 248.366 248.366 0 0 0 0 0 0 0 0 0 0 0 0 0 0 0 0 0 0 0 0 0 0 0 0 0 0 0 0 0 0 0 0 0 0
330.057 329.783 329.508 329.236 328.969 328.706 328.441 328.169 327.89 327.608 327.318 327.016 312.503 312.503 307.149 307.149 307.149 307.149 307.149 307.149 307.149 307.149 307.149 307.149 307.149 307.149 307.15 307.15 307.15 307.15 307.15 307.15 307.15 307.151 321.731 321.731 321.731 321.731 321.731 321.755 321.799 321.856 321.91 321.947 321.975 322.001 321.995 321.929 321.803 321.633 321.397 321.077 248.366 248.366 248.366 248.366 0 0 0 0 0 0 0 0 0 0 0 0 0 0 0 0 0 0 0 0 0 0 0 0 0 0 0 0 0 0 0 0 0 0
330.149 329.868 329.588 329.311 329.04 328.772 328.504 328.23 327.949 327.666 327.375 327.071 312.504 312.504 307.149 307.149 307.149 307.149 307.149 307.149 307.149 307.149 307.149 307.149 307.149 307.15 307.15 307.15 307.15 307.15 307.15 307.15 307.151 321.731 321.731 321.731 321.731 321.731 321.731 321.734 321.784 321.848 321.91 321.955 321.993 322.029 322.034 321.977 321.861 321.7 321.472 321.158 320.745 248.366 248.366 248.366 0 0 0 0 0 0 0 0 0 0 0 0 0 0 0 0 0 0 0 0 0 0 0 0 0 0 0 0 0 0 0 0 0 0
330.26 329.971 329.683 329.399 329.121 328.848 328.575 328.296 328.012 327.725 327.432 327.128 312.504 312.504 307.15 307.15 307.15 307.15 307.15 307.15 307.15 307.15 307.15 307.15 307.15 307.15 307.15 307.15 307.15 307.15 307.15 307.15 307.151 321.731 321.731 321.731 321.731 321.731 321.731 321.731 321.764 321.833 321.901 321.953 321.997 322.04 322.053 322.004 321.895 321.741 321.52 321.21 320.8 320.301 248.366 248.366 0 0 0 0 0 0 0 0 0 0 0 0 0 0 0 0 0 0 0 0 0 0 0 0 0 0 0 0 0 0 0 0 0 0
330.385 330.087 329.791 329.498 329.213 328.932 328.652 328.367 328.077 327.786 327.49 327.182 312.504 312.504 307.15 307.15 307.15 307.15 307.15 307.15 307.15 307.15 307.15 307.15 307.15 307.15 307.15 307.15 307.15 307.15 307.15 307.151 321.731 321.731 321.731 321.731 321.731 321.731 321.731 321.731 321.746 321.818 321.89 321.945 321.994 322.042 322.059 322.014 321.909 321.759 321.542 321.235 320.827 320.33 319.757 248.366 0 0 0 0 0 0 0 0 0 0 0 0 0 0 0 0 0 0 0 0 0 0 0 0 0 0 0 0 0 0 0 0 0 0
330.529 330.22 329.912 329.61 329.314 329.025 328.736 328.443 328.147 327.851 327.549 327.237 312.505 312.505 307.15 307.15 307.15 307.15 307.15 307.15 307.15 307.15 307.15 307.15 307.15 307.15 307.15 307.15 307.15 307.15 307.15 307.151 321.731 321.731 321.731 321.731 321.731 321.731 321.731 321.731 321.731 321.801 321.874 321.931 321.98 322.029 322.047 322.004 321.9 321.752 321.536 321.231 320.824 320.328 319.756 319.123 0 0 0 0 0 0 0 0 0 0 0 0 0 0 0 0 0 0 0 0 0 0 0 0 0 0 0 0 0 0 0 0 0 0
330.691 330.369 330.049 329.734 329.427 329.126 328.827 328.524 328.22 327.916 327.608 327.291 312.505 312.505 307.15 307.15 307.15 307.15 307.15 307.15 307.15 307.15 307.15 307.15 307.15 307.15 307.15 307.15 307.15 307.15 307.15 307.151 321.731 321.731 321.731 321.731 321.731 321.731 321.731 321.731 321.731 321.779 321.852 321.907 321.955 322.002 322.018 321.973 321.868 321.719 321.503 321.198 320.792 320.297 319.727 319.096 0 0 0 0 0 0 0 0 0 0 0 0 0 0 0 0 0 0 0 0 0 0 0 0 0 0 0 0 0 0 0 0 0 0
330.863 330.528 330.195 329.867 329.547 329.234 328.923 328.61 328.296 327.984 327.668 327.344 312.505 312.505 307.151 307.151 307.15 307.15 307.15 307.15 307.15 307.15 307.15 307.15 307.15 307.15 307.15 307.15 307.15 307.15 307.151 321.731 321.731 321.731 321.731 321.731 321.731 321.731 321.731 321.731 321.731 321.758 321.828 321.88 321.924 321.966 321.978 321.928 321.82 321.667 321.448 321.142 320.735 320.241 319.673 319.045 0 0 0 0 0 0 0 0 0 0 0 0 0 0 0 0 0 0 0 0 0 0 0 0 0 0 0 0 0 0 0 0 0 0
331.036 330.689 330.342 330.002 329.67 329.345 329.022 328.698 328.375 328.053 327.729 327.398 312.505 312.505 307.151 307.151 307.151 307.151 307.151 307.15 307.15 307.15 307.15 307.15 307.15 307.15 307.15 307.15 307.15 307.151 307.151 321.731 321.731 321.731 321.731 321.731 321.731 321.731 321.731 321.731 321.731 321.741 321.807 321.855 321.892 321.927 321.931 321.875 321.76 321.601 321.377 321.067 320.659 320.165 319.598 318.974 0 0 0 0 0 0 0 0 0 0 0 0 0 0 0 0 0 0 0 0 0 0 0 0 0 0 0 0 0 0 0 0 0 0
331.214 330.854 330.495 330.142 329.798 329.46 329.125 328.79 328.456 328.124 327.791 327.452 312.505 312.505 307.151 307.151 307.151 307.151 307.151 307.151 307.151 307.151 307.151 307.151 307.151 307.151 307.151 307.151 307.151 307.151 307.151 321.731 321.731 321.731 321.731 321.731 321.731 321.731 321.731 321.731 321.731 321.731 321.788 321.828 321.857 321.882 321.875 321.809 321.684 321.516 321.285 320.969 320.558 320.063 319.498 318.877 0 0 0 0 0 0 0 0 0 0 0 0 0 0 0 0 0 0 0 0 0 0 0 0 0 0 0 0 0 0 0 0 0 0
331.399 331.025 330.654 330.288 329.932 329.581 329.233 328.886 328.54 328.198 327.854 327.506 312.505 312.505 307.151 307.151 307.151 307.151 307.151 307.151 307.151 307.151 307.151 307.151 307.151 307.151 307.151 307.151 307.151 307.151 307.151 321.731 321.731 321.731 321.731 321.731 321.731 321.731 321.731 321.731 321.731 321.731 321.769 321.8 321.818 321.829 321.809 321.73 321.594 321.414 321.171 320.849 320.433 319.936 319.372 318.755 0 0 0 0 0 0 0 0 0 0 0 0 0 0 0 0 0 0 0 0 0 0 0 0 0 0 0 0 0 0 0 0 0 0
331.583 331.198 330.814 330.437 330.067 329.703 329.343 328.984 328.627 328.273 327.918 327.561 312.505 312.505 307.151 307.151 307.151 307.151 307.151 307.151 307.151 307.151 307.151 307.151 307.151 307.151 307.151 307.151 307.151 307.151 307.151 321.731 321.731 321.731 321.731 321.731 321.731 321.731 321.731 321.731 321.731 321.731 321.753 321.774 321.779 321.775 321.739 321.645 321.495 321.301 321.046 320.714 320.294 319.795 319.231 318.618 0 0 0 0 0 0 0 0 0 0 0 0 0 0 0 0 0 0 0 0 0 0 0 0 0 0 0 0 0 0 0 0 0 0
331.763 331.366 330.972 330.583 330.202 329.826 329.454 329.084 328.715 328.35 327.985 327.617 312.505 312.505 307.151 307.151 307.151 307.151 307.151 307.151 307.151 307.151 307.151 307.151 307.151 307.151 307.151 307.151 307.151 307.151 307.151 321.731 321.731 321.731 321.731 321.731 321.731 321.731 321.731 321.731 321.731 321.731 321.741 321.751 321.743 321.723 321.67 321.561 321.396 321.186 320.918 320.576 320.149 319.646 319.082 318.473 0 0 0 0 0 0 0 0 0 0 0 0 0 0 0 0 0 0 0 0 0 0 0 0 0 0 0 0 0 0 0 0 0 0
331.938 331.532 331.127 330.728 330.336 329.95 329.567 329.185 328.806 328.429 328.053 327.674 312.505 312.505 307.151 307.151 307.151 307.151 307.151 307.151 307.151 307.151 307.151 307.151 307.151 307.151 307.151 307.151 307.151 307.151 307.151 321.731 321.731 321.731 321.731 321.731 321.731 321.731 321.731 321.731 321.731 321.731 321.734 321.732 321.709 321.673 321.602 321.476 321.294 321.067 320.783 320.429 319.994 319.486 318.921 318.315 0 0 0 0 0 0 0 0 0 0 0 0 0 0 0 0 0 0 0 0 0 0 0 0 0 0 0 0 0 0 0 0 0 0
332.11 331.696 331.282 330.873 330.472 330.075 329.681 329.289 328.898 328.51 328.122 327.733 312.505 312.505 307.151 307.151 307.151 307.151 307.151 307.151 307.151 307.151 307.151 307.151 307.151 307.151 307.151 307.151 307.151 307.151 307.151 321.731 321.731 321.731 321.731 321.731 321.731 321.731 321.731 321.731 321.731 321.731 321.731 321.717 321.678 321.623 321.532 321.387 321.187 320.941 320.639 320.271 319.827 319.314 318.747 318.143 0 0 0 0 0 0 0 0 0 0 0 0 0 0 0 0 0 0 0 0 0 0 0 0 0 0 0 0 0 0 0 0 0 0
332.278 331.856 331.434 331.017 330.607 330.201 329.797 329.394 328.993 328.593 328.194 327.794 312.505 312.505 307.151 307.151 307.151 307.151 307.151 307.151 307.151 307.151 307.151 307.151 307.151 307.151 307.151 307.151 307.151 307.151 307.151 321.731 321.731 321.731 321.731 321.731 321.731 321.731 321.731 321.731 321.731 321.731 321.731 321.703 321.649 321.575 321.464 321.3 321.08 320.813 320.493 320.111 319.657 319.137 318.568 317.966 0 0 0 0 0 0 0 0 0 0 0 0 0 0 0 0 0 0 0 0 0 0 0 0 0 0 0 0 0 0 0 0 0 0
332.44 332.012 331.583 331.159 330.74 330.326 329.913 329.501 329.089 328.679 328.269 327.857 312.505 312.505 307.151 307.151 307.151 307.151 307.151 307.151 307.151 307.151 307.151 307.151 307.151 307.151 307.151 307.151 307.151 307.151 307.151 307.151 321.731 321.731 321.731 321.731 321.731 321.731 321.731 321.731 321.731 321.74 321.733 321.693 321.623 321.53 321.4 321.217 320.977 320.691 320.352 319.956 319.492 318.965 318.393 317.794 0 0 0 0 0 0 0 0 0 0 0 0 0 0 0 0 0 0 0 0 0 0 0 0 0 0 0 0 0 0 0 0 0 0
332.595 332.162 331.728 331.297 330.872 330.45 330.03 329.609 329.188 328.767 328.346 327.923 312.505 312.505 307.151 307.151 307.151 307.151 307.151 307.151 307.151 307.151 307.151 307.151 307.151 307.151 307.151 307.151 307.151 307.151 307.151 307.151 321.731 321.731 321.731 321.731 307.151 307.151 307.151 321.746 321.753 321.755 321.738 321.686 321.601 321.49 321.341 321.138 320.88 320.573 320.216 319.805 319.331 318.796 318.221 317.623 0 0 0 0 0 0 0 0 0 0 0 0 0 0 0 0 0 0 0 0 0 0 0 0 0 0 0 0 0 0 0 0 0 0
332.745 332.308 331.869 331.433 331.002 330.574 330.147 329.719 329.288 328.858 328.426 327.992 312.505 312.505 307.151 307.151 307.151 307.151 307.151 307.151 307.151 307.151 307.151 307.151 307.151 307.151 307.151 307.151 307.151 307.151 307.151 307.151 321.731 321.731 321.731 307.151 307.151 307.151 321.763 321.776 321.777 321.772 321.746 321.682 321.582 321.454 321.285 321.063 320.785 320.458 320.081 319.654 319.17 318.627 318.048 317.451 0 0 0 0 0 0 0 0 0 0 0 0 0 0 0 0 0 0 0 0 0 0 0 0 0 0 0 0 0 0 0 0 0 0
332.89 332.449 332.007 331.567 331.132 330.699 330.266 329.83 329.391 328.951 328.509 328.064 312.505 312.505 307.151 307.151 307.151 307.151 307.151 307.151 307.151 307.151 307.151 307.151 307.151 307.151 307.151 307.151 307.151 307.151 307.151 307.151 307.151 321.731 307.151 307.151 307.151 321.768 321.796 321.806 321.802 321.79 321.754 321.679 321.564 321.418 321.231 320.99 320.693 320.345 319.949 319.507 319.012 318.462 317.878 317.283 0 0 0 0 0 0 0 0 0 0 0 0 0 0 0 0 0 0 0 0 0 0 0 0 0 0 0 0 0 0 0 0 0 0
333.029 332.588 332.143 331.701 331.262 330.825 330.387 329.945 329.498 329.048 328.595 328.139 312.505 312.505 307.151 307.151 307.151 307.151 307.151 307.151 307.151 307.151 307.151 307.151 307.151 307.151 307.151 307.151 307.151 307.151 307.151 307.151 307.151 307.151 307.151 307.151 307.151 321.8 321.827 321.834 321.825 321.805 321.761 321.674 321.545 321.382 321.176 320.918 320.602 320.234 319.82 319.364 318.859 318.302 317.716 317.123 0 0 0 0 0 0 0 0 0 0 0 0 0 0 0 0 0 0 0 0 0 0 0 0 0 0 0 0 0 0 0 0 0 0
333.163 332.721 332.276 331.832 331.391 330.951 330.509 330.061 329.608 329.149 328.686 328.219 312.505 312.505 307.151 307.151 307.151 307.151 307.15 307.151 307.151 307.151 307.151 307.151 307.151 307.151 307.151 307.151 307.151 307.151 307.151 307.151 307.151 307.151 307.151 307.151 321.799 321.83 321.856 321.86 321.846 321.82 321.766 321.669 321.526 321.347 321.124 320.848 320.515 320.128 319.696 319.227 318.712 318.149 317.561 316.971 0 0 0 0 0 0 0 0 0 0 0 0 0 0 0 0 0 0 0 0 0 0 0 0 0 0 0 0 0 0 0 0 0 0
333.291 332.851 332.407 331.962 331.52 331.078 330.633 330.181 329.72 329.254 328.781 328.303 312.505 312.505 307.15 307.15 307.15 307.15 307.15 307.15 307.15 307.15 307.15 307.151 307.151 307.151 307.151 307.151 307.151 307.151 307.151 307.151 307.151 307.151 307.151 321.806 321.828 321.86 321.885 321.886 321.866 321.833 321.772 321.664 321.508 321.313 321.073 320.78 320.429 320.024 319.575 319.093 318.57 318.002 317.412 316.825 0 0 0 0 0 0 0 0 0 0 0 0 0 0 0 0 0 0 0 0 0 0 0 0 0 0 0 0 0 0 0 0 0 0
333.415 332.978 332.535 332.091 331.649 331.207 330.759 330.303 329.836 329.362 328.879 328.39 312.505 312.505 307.15 307.15 307.15 307.15 307.15 307.15 307.15 307.15 307.15 307.15 307.151 307.151 307.151 307.151 307.151 307.151 307.151 307.151 307.151 307.151 321.81 321.832 321.855 321.887 321.91 321.909 321.884 321.845 321.775 321.657 321.488 321.277 321.02 320.712 320.344 319.921 319.456 318.962 318.432 317.859 317.269 316.686 0 0 0 0 0 0 0 0 0 0 0 0 0 0 0 0 0 0 0 0 0 0 0 0 0 0 0 0 0 0 0 0 0 0
333.536 333.103 332.664 332.222 331.781 331.338 330.889 330.429 329.956 329.473 328.981 328.48 312.505 312.505 307.15 307.15 307.15 307.15 307.15 307.15 307.15 307.15 307.15 307.15 307.15 307.151 307.151 307.151 307.151 307.151 307.151 307.151 307.151 321.804 321.83 321.853 321.877 321.91 321.933 321.928 321.898 321.853 321.774 321.646 321.464 321.238 320.965 320.64 320.257 319.817 319.337 318.833 318.296 317.72 317.131 316.554 0 0 0 0 0 0 0 0 0 0 0 0 0 0 0 0 0 0 0 0 0 0 0 0 0 0 0 0 0 0 0 0 0 0
333.653 333.226 332.791 332.353 331.914 331.472 331.022 330.558 330.08 329.589 329.087 328.574 312.505 312.505 307.15 307.15 307.15 307.15 307.15 307.15 307.15 307.15 307.15 307.15 307.15 307.15 307.151 307.151 307.151 307.151 307.151 307.151 307.151 321.816 321.845 321.871 321.897 321.93 321.952 321.944 321.91 321.857 321.77 321.631 321.436 321.195 320.906 320.566 320.168 319.712 319.219 318.704 318.163 317.586 316.999 316.429 0 0 0 0 0 0 0 0 0 0 0 0 0 0 0 0 0 0 0 0 0 0 0 0 0 0 0 0 0 0 0 0 0 0
333.766 333.346 332.918 332.484 332.048 331.608 331.157 330.691 330.207 329.709 329.195 328.67 312.504 312.504 307.15 307.15 307.15 307.15 307.15 307.15 307.15 307.15 307.15 307.15 307.15 307.15 307.151 307.151 307.151 307.151 307.151 307.151 307.151 321.823 321.857 321.886 321.913 321.947 321.968 321.958 321.918 321.859 321.763 321.613 321.406 321.149 320.844 320.49 320.077 319.607 319.101 318.578 318.033 317.456 316.873 316.311 0 0 0 0 0 0 0 0 0 0 0 0 0 0 0 0 0 0 0 0 0 0 0 0 0 0 0 0 0 0 0 0 0 0
333.876 333.465 333.045 332.616 332.184 331.746 331.296 330.827 330.338 329.83 329.307 328.77 312.504 312.504 307.15 307.15 307.15 307.15 307.15 307.15 307.15 307.15 307.15 307.15 307.15 307.15 307.15 307.151 307.151 307.151 307.151 307.151 307.151 321.825 321.864 321.896 321.926 321.96 321.981 321.968 321.924 321.857 321.752 321.592 321.372 321.101 320.78 320.411 319.985 319.501 318.983 318.453 317.906 317.33 316.753 316.2 0 0 0 0 0 0 0 0 0 0 0 0 0 0 0 0 0 0 0 0 0 0 0 0 0 0 0 0 0 0 0 0 0 0
333.985 333.584 333.172 332.75 332.322 331.886 331.436 330.964 330.469 329.953 329.419 328.869 312.504 312.504 307.15 307.15 307.15 307.15 307.15 307.15 307.15 307.15 307.15 307.15 307.15 307.15 307.15 307.151 307.151 307.151 307.151 307.151 307.151 321.82 321.865 321.901 321.933 321.97 321.99 321.975 321.925 321.852 321.738 321.568 321.335 321.049 320.713 320.33 319.891 319.395 318.866 318.33 317.782 317.209 316.638 316.095 0 0 0 0 0 0 0 0 0 0 0 0 0 0 0 0 0 0 0 0 0 0 0 0 0 0 0 0 0 0 0 0 0 0
