tests/full-run-ref/erosion_86_12_73.390.asc
ncols 512
nrows 512
xllcorner -3.24582
yllcorner -4.08743
cellsize 5
NODATA_value -99999
[rows 0 to 29 of 512, columns 0 to 66 of 512]
22.8368 17.0668 14.6768 12.2868 12.2868 11.54 11.54 11.54 11.54 11.54 11.54 11.54 11.54 11.54 11.54 11.54 11.54 11.54 11.54 11.54 11.54 11.54 11.54 11.54 11.54 11.54 11.54 11.54 11.54 11.54 11.539 11.523 11.54 11.54 11.54 11.54 11.54 11.54 11.54 11.54 11.54 11.54 11.54 11.54 11.54 11.54 11.54 11.54 11.54 11.54 11.54 13.93 13.93 11.54 8.16001 5.77 5.77 5.77 8.16001 11.54 11.54 11.54 11.54 11.54 13.8696 16.2596 17.3007
20.4468 14.6769 8.90692 6.51694 6.51695 5.77014 5.77014 5.77014 5.77014 5.77014 5.77014 5.77014 5.77014 5.77014 5.77014 5.77014 5.77014 5.77014 5.77014 5.77013 5.77013 5.77013 5.77013 5.77013 5.77013 5.77013 5.77013 5.77013 5.77013 5.77013 5.77013 5.77013 5.77013 5.77013 5.77013 5.77013 5.77013 5.77013 5.77013 5.77013 5.77013 5.77013 5.77013 5.77013 5.77013 5.77013 5.77013 5.77013 5.77013 5.77013 5.77013 8.15995 8.16003 5.77015 5.77015 5.77018 5.77019 5.77018 5.77016 5.77016 5.77016 5.77016 5.77016 5.77016 8.0986 11.5401 11.5308
18.0568 12.2869 6.51694 5.77018 5.77019 5.77019 5.77019 5.77019 5.77019 5.77019 5.77019 5.77019 5.77019 5.77019 5.77019 5.77019 5.77019 5.77019 5.77019 5.77019 5.77019 5.77019 5.77019 5.77019 5.77019 5.77019 5.77019 5.77019 5.77019 5.77019 5.77019 5.77019 5.77019 5.77019 5.77019 5.77019 5.77019 5.77019 5.77019 5.77019 5.77019 5.77019 5.77019 5.77019 5.77019 5.77019 5.77019 5.77019 5.77019 5.77019 5.77015 5.77013 5.77015 5.77018 5.77019 5.77019 5.77019 5.77019 5.77019 5.77019 5.77019 5.77019 5.77019 5.77018 5.77017 5.77017 5.77017
17.31 11.5401 5.77017 5.76913 5.77019 5.77018 5.77017 5.77016 5.77015 5.77013 5.7701 5.77007 5.77003 5.77 5.77 5.77 5.77 5.76985 5.76968 5.76965 5.76968 5.76974 5.7696 5.76953 5.76949 5.7695 5.76944 5.76939 5.76935 5.76934 5.7694 5.76949 5.76956 5.76953 5.76953 5.76962 5.76942 5.76899 5.76864 5.7685 5.76887 5.76895 5.76905 5.769 5.76892 5.76899 5.76908 5.769 5.7689 5.76855 5.76881 5.76861 5.76883 5.76945 5.76985 5.76988 5.77 5.7701 5.77018 5.77019 5.77019 5.77019 5.77019 5.77019 5.77019 5.77019 5.77017
17.31 11.5401 5.77017 5.77018 5.77019 5.77016 5.76992 5.76992 5.76993 5.77 5.76998 5.76996 5.76997 5.76997 5.76996 5.76998 5.76994 5.76992 5.76995 5.77006 5.76995 5.7701 5.76994 5.77006 5.76994 5.77 5.77 5.77 5.77 5.77 5.77 5.77 5.77 5.77 5.77 5.77 5.76999 5.77 5.76999 5.76999 5.77 5.76999 5.77 5.77 5.77 5.77 5.77 5.77 5.76999 5.76999 5.76999 5.76997 5.77 5.76962 5.77009 5.76996 5.77 5.77 5.77009 5.77017 5.77019 5.77019 5.77019 5.77019 5.77019 5.77019 5.77019
17.31 11.5401 5.77017 5.77018 5.77018 5.76999 5.76997 5.77002 5.76999 5.76999 5.76998 5.77 5.76999 5.77005 5.76995 5.77002 5.76995 5.77004 5.76994 5.76988 5.76986 5.76976 5.76981 5.76986 5.76989 5.77 5.76999 5.76999 5.76999 5.76999 5.76999 5.76999 5.77 5.77 5.77 5.77 5.76992 5.76977 5.76979 5.77 5.77 5.76999 5.77 5.76999 5.76999 5.76999 5.76999 5.76999 5.76998 5.76994 5.76996 5.76992 5.76995 5.76942 5.7697 5.76991 5.76997 5.76996 5.76989 5.76999 5.77 5.7701 5.77017 5.77019 5.77019 5.77019 5.77019
17.31 11.5401 5.77017 5.76934 5.77019 5.77004 5.76997 5.76999 5.76997 5.76988 5.77003 5.76994 5.76993 5.7699 5.7699 5.76995 5.76988 5.76993 5.76991 5.77 5.77 5.77 5.77 5.77 5.77 5.77 5.77 5.77 5.77 5.77 5.77 5.77 5.77 5.77 5.77 5.77 5.76992 5.77008 5.76991 5.77 5.76999 5.76999 5.76999 5.76999 5.76998 5.76998 5.76999 5.76998 5.76998 5.76995 5.76995 5.76991 5.76992 5.76996 5.76983 5.76994 5.7699 5.77007 5.76993 5.76997 5.76994 5.76984 5.76977 5.77013 5.77018 5.77019 5.77019
16.3182 11.8333 6.07177 5.76922 5.77019 5.77013 5.77 5.76999 5.7698 5.77015 5.76991 5.76996 5.77 5.77 5.76999 5.77 5.76988 5.77008 5.76974 5.77 5.77 5.77 5.76999 5.76999 5.77 5.76999 5.76998 5.76999 5.76999 5.77 5.76999 5.76999 5.76999 5.77 5.76999 5.76999 5.76972 5.76984 5.76986 5.76999 5.77 5.77 5.76999 5.76998 5.76998 5.76997 5.76999 5.76998 5.76997 5.76996 5.76995 5.76997 5.76995 5.76996 5.76993 5.77003 5.7699 5.76982 5.76994 5.77003 5.76996 5.77 5.76992 5.76992 5.77006 5.77018 5.77019
13.9282 8.15833 5.77017 5.7696 5.77019 5.77015 5.76999 5.76991 5.77016 5.76998 5.76986 5.77 5.77 5.77 5.76999 5.77 5.76984 5.76977 5.76983 5.77 5.77 5.76999 5.76999 5.77 5.76999 5.76999 5.76999 5.76999 5.76999 5.76999 5.77 5.76999 5.76999 5.77 5.77 5.77 5.77 5.77 5.77 5.77 5.77 5.76999 5.76999 5.76999 5.76998 5.76999 5.76996 5.76996 5.76997 5.76997 5.76997 5.76997 5.76998 5.76996 5.76997 5.7699 5.76994 5.77 5.76994 5.76993 5.76987 5.76989 5.77 5.76995 5.76999 5.77013 5.77018
11.54 5.77017 5.77018 5.77019 5.77019 5.77003 5.76997 5.77013 5.76989 5.76991 5.76998 5.77 5.77 5.77 5.77 5.77 5.77 5.77 5.77 5.77 5.76999 5.76999 5.76999 5.76999 5.76999 5.76999 5.77 5.77 5.76999 5.76999 5.77 5.76999 5.77 5.76999 5.76999 5.76999 5.76999 5.76999 5.76999 5.76999 5.76999 5.76999 5.76998 5.76999 5.76999 5.76999 5.76998 5.76995 5.76995 5.76995 5.76996 5.76996 5.76997 5.76997 5.76998 5.77 5.77 5.77 5.76999 5.76992 5.7701 5.7698 5.77001 5.77 5.76992 5.76982 5.77
11.54 5.77017 5.77019 5.77019 5.77017 5.76999 5.77016 5.77005 5.76992 5.77003 5.76998 5.76997 5.76984 5.76984 5.76994 5.76996 5.76998 5.76998 5.76998 5.77 5.77 5.77 5.76999 5.77 5.76999 5.77 5.77 5.77 5.76999 5.76999 5.77 5.76999 5.76999 5.76999 5.77 5.76999 5.77 5.77 5.76999 5.76999 5.76999 5.76999 5.76998 5.76998 5.76998 5.76998 5.76997 5.76996 5.76994 5.76995 5.76996 5.76996 5.76995 5.76996 5.76997 5.76998 5.76999 5.77 5.77 5.76982 5.76988 5.76989 5.76998 5.76999 5.77001 5.76999 5.76999
11.54 5.77017 5.77018 5.77019 5.77015 5.77018 5.77017 5.76999 5.76997 5.76998 5.76999 5.76999 5.77013 5.76998 5.77005 5.76997 5.76998 5.77002 5.76998 5.77 5.77 5.77 5.77 5.76998 5.77001 5.76999 5.77 5.76999 5.76999 5.77 5.77 5.77 5.76999 5.76999 5.76999 5.76999 5.76999 5.76999 5.76999 5.77 5.76999 5.76999 5.76999 5.76999 5.76999 5.76997 5.76996 5.76996 5.76997 5.76997 5.76999 5.76999 5.76996 5.76997 5.76999 5.76999 5.76999 5.76999 5.77 5.76999 5.76979 5.76995 5.76986 5.76988 5.76993 5.76993 5.76998
13.9291 8.15926 5.77017 5.77019 5.77019 5.77018 5.77005 5.76994 5.76997 5.76994 5.76997 5.76986 5.76981 5.76986 5.77 5.76994 5.76992 5.76994 5.76995 5.76995 5.76993 5.76988 5.76994 5.76999 5.76998 5.76998 5.76999 5.76999 5.76999 5.77 5.76999 5.76998 5.76993 5.76996 5.77 5.76984 5.76981 5.76979 5.76999 5.77 5.77 5.76999 5.76999 5.76999 5.76999 5.76997 5.76996 5.76996 5.76997 5.76997 5.76997 5.76996 5.76995 5.76995 5.76997 5.76999 5.76999 5.76998 5.77 5.77 5.76964 5.77015 5.76987 5.77008 5.7699 5.76999 5.77015
11.54 5.77017 5.77018 5.77019 5.77019 5.77018 5.76999 5.76998 5.77005 5.76992 5.77002 5.76996 5.77 5.76991 5.77005 5.76999 5.77005 5.76995 5.77003 5.76996 5.76979 5.77006 5.76991 5.76999 5.77 5.76999 5.76999 5.77 5.76999 5.77 5.76999 5.76992 5.77002 5.76995 5.77 5.76989 5.77008 5.7699 5.77 5.76999 5.77 5.76999 5.76999 5.76999 5.76999 5.76998 5.76997 5.76996 5.76996 5.76996 5.76997 5.76994 5.76992 5.76991 5.76992 5.76994 5.76997 5.76999 5.76999 5.77 5.7697 5.76963 5.76982 5.76989 5.76993 5.76999 5.77017
11.54 5.77017 5.77019 5.77019 5.77019 5.77018 5.76999 5.76998 5.76999 5.76993 5.76996 5.76998 5.77 5.76993 5.76986 5.76983 5.76977 5.76988 5.7699 5.76991 5.76989 5.76964 5.76982 5.77 5.77 5.76999 5.77 5.77 5.76999 5.76994 5.76968 5.76993 5.76995 5.76995 5.76999 5.76994 5.76985 5.76986 5.77 5.76999 5.77 5.77 5.77 5.76999 5.76999 5.76998 5.76997 5.76996 5.76995 5.76997 5.76995 5.76994 5.76992 5.76991 5.76992 5.76994 5.76997 5.76999 5.76999 5.77 5.77 5.76994 5.77003 5.76994 5.77 5.76999 5.77006
11.54 5.77017 5.77019 5.77019 5.77019 5.77019 5.77008 5.76994 5.77004 5.76998 5.76992 5.76988 5.77001 5.76999 5.77 5.77 5.77 5.76993 5.76987 5.76994 5.77 5.77 5.76992 5.76988 5.76997 5.76999 5.77 5.77 5.77 5.76982 5.77005 5.76988 5.77003 5.76991 5.77 5.77 5.77 5.77 5.77 5.77 5.77 5.77 5.77 5.77 5.76999 5.76998 5.76997 5.76996 5.76998 5.76996 5.76996 5.76996 5.76994 5.76991 5.76994 5.76996 5.76997 5.76999 5.77 5.77 5.76999 5.76986 5.76991 5.7699 5.76992 5.76999 5.77003
11.54 5.77017 5.77019 5.77019 5.77019 5.77019 5.77014 5.76991 5.76999 5.76996 5.77008 5.76985 5.76996 5.76994 5.76995 5.77 5.77 5.76992 5.77006 5.76992 5.76996 5.76992 5.76994 5.77004 5.76993 5.77 5.76999 5.76999 5.76999 5.76995 5.7699 5.76992 5.76991 5.76996 5.77 5.77 5.77 5.76999 5.77 5.76999 5.76999 5.76999 5.76999 5.76999 5.76999 5.76998 5.76998 5.76999 5.76999 5.76998 5.76998 5.76995 5.76994 5.76993 5.76994 5.76997 5.76999 5.76999 5.76999 5.76988 5.76987 5.7699 5.77009 5.76986 5.76979 5.77012 5.76993
11.54 5.77017 5.77019 5.77019 5.77019 5.77019 5.77016 5.76996 5.77001 5.76987 5.76974 5.76983 5.76995 5.77003 5.76993 5.77 5.77 5.76991 5.76985 5.76992 5.76995 5.77003 5.76995 5.76993 5.76996 5.76999 5.77 5.77 5.77 5.77 5.77 5.77 5.77 5.77 5.76999 5.77 5.76999 5.77 5.76999 5.76999 5.76999 5.76999 5.76982 5.76971 5.76979 5.77 5.77 5.77 5.77 5.77 5.76999 5.76997 5.76998 5.76988 5.76997 5.76999 5.76998 5.76998 5.76998 5.7696 5.77006 5.7699 5.76989 5.76995 5.76993 5.76996 5.76993
11.54 5.77017 5.77019 5.77019 5.77019 5.77019 5.77018 5.76996 5.77 5.76996 5.77 5.77 5.76996 5.76993 5.76994 5.77 5.77 5.77 5.76998 5.76997 5.76998 5.76991 5.76995 5.77 5.76999 5.76999 5.77 5.76992 5.76993 5.7699 5.76991 5.7699 5.76985 5.76991 5.76999 5.76999 5.77 5.77 5.76999 5.77 5.77 5.77 5.7699 5.77008 5.76988 5.76999 5.76999 5.76999 5.76999 5.76999 5.76999 5.76998 5.76992 5.76988 5.76993 5.76997 5.76998 5.76994 5.76992 5.76994 5.76982 5.76983 5.76999 5.77 5.77 5.77 5.76995
11.54 5.77017 5.77019 5.77019 5.77019 5.77019 5.77018 5.77001 5.77 5.76999 5.76999 5.77 5.76999 5.77 5.77 5.76996 5.76989 5.76997 5.76997 5.77002 5.76995 5.77 5.77 5.77 5.76999 5.77 5.76999 5.76994 5.77005 5.7699 5.77012 5.76989 5.77007 5.76974 5.77 5.76999 5.76999 5.77 5.77 5.77 5.77 5.77 5.7699 5.7698 5.76983 5.77 5.77 5.77 5.77 5.76999 5.76997 5.76999 5.76999 5.76993 5.76996 5.76995 5.76992 5.76991 5.76992 5.76998 5.76999 5.76999 5.76999 5.77 5.77 5.76996 5.76994
11.54 5.77017 5.77019 5.77019 5.77019 5.77019 5.77019 5.77009 5.76999 5.76997 5.76994 5.76994 5.77 5.76998 5.7699 5.76994 5.77005 5.76999 5.76998 5.76996 5.76996 5.76999 5.76999 5.77 5.76999 5.76983 5.76967 5.76993 5.7699 5.76992 5.76985 5.76989 5.76985 5.76981 5.76999 5.76999 5.76999 5.76999 5.76999 5.76999 5.77 5.77 5.77 5.77 5.77 5.77 5.77 5.77 5.76999 5.76999 5.76997 5.76999 5.76996 5.76995 5.76999 5.76997 5.76995 5.76998 5.76997 5.76998 5.76999 5.76999 5.77 5.76999 5.77 5.76992 5.77004
11.54 5.77017 5.77019 5.77019 5.77019 5.77019 5.77019 5.77014 5.76999 5.76995 5.77004 5.76996 5.76996 5.76999 5.77008 5.76999 5.76995 5.76993 5.77 5.77 5.77 5.77 5.7699 5.76987 5.76995 5.76971 5.77018 5.76969 5.7699 5.76994 5.76993 5.77004 5.76984 5.77 5.76999 5.77 5.76998 5.77001 5.76997 5.77 5.77 5.76999 5.76999 5.77 5.77 5.77 5.77 5.77 5.76999 5.76996 5.76998 5.76999 5.76999 5.76998 5.76997 5.76995 5.76995 5.76997 5.76999 5.76999 5.77 5.77 5.77 5.77 5.76999 5.7699 5.76993
11.54 5.77017 5.77019 5.77019 5.77019 5.77019 5.77019 5.77016 5.76999 5.76998 5.76993 5.7699 5.77001 5.77015 5.76998 5.76995 5.76991 5.76985 5.76995 5.77 5.76999 5.77 5.76978 5.77006 5.76977 5.76999 5.76984 5.76987 5.77009 5.76989 5.76996 5.76983 5.76988 5.76999 5.76999 5.76999 5.76989 5.76975 5.76987 5.77 5.77 5.76987 5.76994 5.76983 5.77 5.77 5.77 5.77 5.76999 5.76999 5.76999 5.76999 5.76999 5.76997 5.76996 5.76991 5.76996 5.76997 5.76998 5.76999 5.76999 5.77 5.76999 5.76999 5.77 5.77 5.77
11.54 5.77017 5.77019 5.77019 5.77019 5.77019 5.77019 5.77018 5.77005 5.76999 5.77007 5.77017 5.77012 5.76999 5.76999 5.77 5.7698 5.77012 5.76987 5.76999 5.77 5.77 5.76994 5.7699 5.76992 5.77 5.77 5.76995 5.76985 5.76982 5.76999 5.76999 5.77 5.77 5.76999 5.77 5.76991 5.77009 5.76978 5.77 5.77 5.76991 5.77013 5.76979 5.77 5.77 5.77 5.77 5.76999 5.77 5.77 5.76999 5.76998 5.76995 5.76993 5.76992 5.76991 5.76995 5.76997 5.76999 5.76999 5.77 5.76999 5.76999 5.77 5.76999 5.77
11.54 5.77017 5.77019 5.77019 5.77019 5.77019 5.77019 5.77019 5.77018 5.77018 5.77018 5.76998 5.76997 5.76998 5.76996 5.76981 5.76992 5.76991 5.76989 5.77 5.76999 5.76993 5.7698 5.76997 5.76995 5.76989 5.76989 5.76998 5.76998 5.76999 5.76999 5.77 5.76999 5.76999 5.77 5.77 5.76996 5.76983 5.76987 5.77 5.77 5.76983 5.76988 5.76982 5.77 5.76999 5.76999 5.76999 5.77 5.76999 5.77 5.76999 5.76997 5.76994 5.76993 5.76992 5.76992 5.76994 5.76997 5.76998 5.76999 5.76999 5.76999 5.76999 5.76999 5.76999 5.76999
11.54 5.77017 5.77019 5.77019 5.77019 5.77019 5.77019 5.77019 5.77019 5.77018 5.77008 5.76998 5.77001 5.76996 5.77007 5.76993 5.77011 5.76989 5.77 5.76999 5.77 5.76962 5.77017 5.76967 5.76991 5.77009 5.76983 5.77001 5.76996 5.76999 5.77 5.76999 5.76997 5.76998 5.76998 5.77 5.77 5.77 5.77 5.77 5.76999 5.77 5.77 5.77 5.77 5.76999 5.76999 5.77 5.76999 5.77 5.76999 5.76999 5.76998 5.76998 5.76998 5.76996 5.76996 5.76996 5.76997 5.76998 5.76999 5.76999 5.76999 5.76999 5.77 5.77 5.77
11.54 5.77017 5.77019 5.77019 5.77019 5.77019 5.77019 5.77019 5.77019 5.77016 5.76999 5.76999 5.76998 5.76996 5.76998 5.76993 5.76992 5.76978 5.77 5.77 5.77 5.76997 5.76983 5.76991 5.76994 5.7698 5.76989 5.76996 5.76996 5.77 5.77 5.76999 5.76998 5.77001 5.76998 5.77 5.77 5.77 5.76999 5.76999 5.76999 5.76995 5.76995 5.76994 5.77 5.76999 5.76999 5.77 5.76999 5.77 5.76999 5.76999 5.76999 5.76999 5.76998 5.76996 5.76997 5.76997 5.76998 5.76998 5.76999 5.76999 5.77 5.77 5.77 5.76999 5.77
11.54 5.77017 5.77019 5.77019 5.77019 5.77019 5.77019 5.77019 5.77019 5.77012 5.76999 5.76998 5.77006 5.77 5.77006 5.76987 5.76982 5.76983 5.7698 5.76991 5.76997 5.76992 5.76993 5.76994 5.77 5.77 5.77 5.77 5.77 5.77 5.76999 5.77 5.76999 5.76998 5.76998 5.77 5.76999 5.76999 5.76999 5.76999 5.77 5.76985 5.77003 5.76989 5.77 5.77 5.76999 5.77 5.76999 5.76999 5.76999 5.76999 5.76999 5.76999 5.76999 5.76998 5.76997 5.76998 5.76998 5.76999 5.77 5.77 5.77 5.77 5.76999 5.77 5.77
11.54 5.77017 5.77019 5.77019 5.77019 5.77019 5.77019 5.77019 5.77018 5.77003 5.76999 5.76997 5.76999 5.76996 5.76982 5.76992 5.76962 5.77012 5.76996 5.77015 5.76972 5.76989 5.77007 5.76989 5.76994 5.76994 5.77 5.76999 5.76999 5.76999 5.77 5.77 5.77 5.77 5.76999 5.77 5.77 5.76999 5.76999 5.77 5.76999 5.76995 5.76994 5.76992 5.77 5.76999 5.76994 5.76987 5.76996 5.77 5.77 5.77 5.76999 5.76999 5.76998 5.76997 5.76995 5.76997 5.76997 5.76998 5.76999 5.76999 5.77 5.76999 5.77 5.77 5.77
11.54 5.77017 5.77019 5.77019 5.77019 5.77019 5.77019 5.77019 5.77015 5.76996 5.77 5.76997 5.77007 5.76988 5.77 5.77 5.76987 5.76992 5.7699 5.76953 5.7698 5.76992 5.76992 5.76993 5.77003 5.76993 5.76999 5.76991 5.76981 5.76994 5.77 5.77 5.76999 5.76999 5.77 5.76999 5.76999 5.76999 5.76999 5.76999 5.77 5.77 5.77 5.76999 5.77 5.76999 5.76984 5.77004 5.76993 5.77 5.76999 5.76999 5.76999 5.76999 5.76998 5.76997 5.76994 5.76996 5.76997 5.76998 5.76999 5.76999 5.77 5.77 5.77 5.76999 5.77
