tests/full-run-ref/erosion_87_12_73.418.asc
ncols 512
nrows 512
xllcorner -3.24582
yllcorner -4.08743
cellsize 5
NODATA_value -99999
[rows 396 to 428 of 512, columns 0 to 74 of 512]
10.77 5.77018 5.77018 5.77018 5.77018 5.77018 5.77018 5.77018 5.77018 5.77018 5.77018 5.77018 5.77018 5.77018 5.77018 5.77018 5.77018 5.77018 5.77018 5.77018 5.77018 5.77018 5.7702 5.7702 5.7702 5.77018 5.77018 5.77018 5.77018 5.77018 5.77018 5.77018 5.77018 5.77018 5.77018 5.77018 5.77018 5.77018 5.77018 5.77018 5.77018 5.77018 5.77018 5.77018 5.77018 5.77018 5.77018 5.77018 5.77018 5.77018 5.77018 5.77018 5.77018 5.77018 5.77018 5.77018 5.77018 5.77018 5.77018 5.77018 5.77018 5.77018 5.77018 5.77018 5.77018 5.77018 5.77018 5.77018 5.77018 5.77018 5.77018 5.77018 5.77018 5.77018 5.77018
10.77 5 5.77018 5 5.77018 5 5.77018 5 5.77018 5 5.77018 5 5.77018 5 5.77018 5 5.77018 5 5.77018 5 5.7702 5.7702 5.7702 5 5.7702 5.7702 5 5.77018 5 5.77018 5 5.77018 5 5.77018 5 5.77018 5 5.77018 5 5.77018 5 5.77018 5 5.77018 5 5.77018 5 5.77018 5 5.77018 5 5.77018 5 5.77018 5 5.77018 5 5.77018 5 5.77018 5 5.77018 5 5.77018 5 5.77018 5 5.77018 5 5.77018 5 5.77018 5 5.77018 5
10.77 5.77018 5.77018 5.77018 5.77018 5.77018 5.77018 5.77018 5.77018 5.77018 5.77018 5.77018 5.77018 5.77018 5.77018 5.77018 5.77018 5.77005 5.76957 5.76951 5.76994 5.7702 5.77018 5.7702 5.7702 5.77018 5.77018 5.77018 5.77018 5.77018 5.77018 5.77018 5.77018 5.77018 5.77018 5.77018 5.77018 5.77018 5.77018 5.77018 5.77018 5.77018 5.77018 5.77018 5.77018 5.77018 5.77018 5.77018 5.77018 5.77018 5.77018 5.77018 5.77018 5.77018 5.77018 5.77018 5.77018 5.77018 5.77018 5.77018 5.77018 5.77018 5.77018 5.77018 5.77018 5.77018 5.77018 5.77018 5.77018 5.77018 5.77018 5.77018 5.77018 5.77018 5.77018
10.77 5 5.77018 5 5.77018 5 5.77018 5 5.77018 5 5.77018 5 5.77018 5 5.77018 5 5.77018 4.99979 6.14214 6.12625 4.99961 5.77018 5.7702 5.7702 5 5.77018 5 5.77018 5 5.77018 5 5.77018 5 5.77018 5 5.77018 5 5.77018 5 5.77018 5 5.77018 5 5.77018 5 5.77018 5 5.77018 5 5.77018 5 5.77018 5 5.77018 5 5.77018 5 5.77018 5 5.77018 5 5.77018 5 5.77018 5 5.77018 5 5.77018 5 5.77018 5 5.77018 5 5.77018 5
10.77 5.77018 5.77018 5.77018 5.77018 5.77018 5.77018 5.77018 5.77018 5.77018 5.77018 5.77018 5.77018 5.77018 5.77018 5.77018 5.77018 5.77005 5.76959 5.76953 5.76997 5.76989 4.99949 5.76987 5.77018 5.77018 5.77018 5.77018 5.77018 5.77018 5.77018 5.77018 5.77018 5.77018 5.77018 5.77018 5.77018 5.77018 5.77018 5.77018 5.77018 5.77018 5.77018 5.77018 5.77018 5.77018 5.77018 5.77018 5.77018 5.77018 5.77018 5.77018 5.77018 5.77018 5.77018 5.77018 5.77018 5.77018 5.77018 5.77018 5.77018 5.77018 5.77018 5.77018 5.77018 5.77018 5.77018 5.77018 5.77018 5.77018 5.77018 5.77018 5.77018 5.77018 5.77018
13.16 8.16019 5 5.77018 5 5.77018 5 5.77018 5 5.77018 5 5.77018 5 5.77018 5 5.77018 5 5.77018 5 5.77018 5 5.76974 6.12478 5.76971 5 5.77018 5 5.77018 5 5.77018 5 5.77018 5 5.77018 5 5.77018 5 5.77018 5 5.77018 5 5.77018 5 5.77018 5 5.77018 5 5.77018 5 5.77018 5 5.77018 5 5.77018 5 5.77018 5 5.77018 5 5.77018 5 5.77018 5 5.77018 5 5.77018 5 5.77018 5 5.77018 5 5.77018 5 5.77018 5
13.16 8.16019 5.77018 5.77018 5.77018 5.77018 5.77018 5.77018 5.77018 5.77018 5.77018 5.77018 5.77018 5.77018 5.77018 5.77018 5.77018 5.77018 5.77018 5.77018 5.77018 5.76992 4.99956 5.76992 5.77018 5.77018 5.77018 5.77018 5.77018 5.77018 5.77018 5.77018 5.77018 5.77018 5.77018 5.77018 5.77018 5.77018 5.77018 5.77018 5.77018 5.77018 5.77018 5.77018 5.77018 5.77018 5.77018 5.77018 5.77018 5.77018 5.77018 5.77018 5.77018 5.77018 5.77018 5.77018 5.77018 5.77018 5.77018 5.77018 5.77018 5.77018 5.77018 5.77018 5.77018 5.77018 5.77018 5.77018 5.77018 5.77018 5.77018 5.77018 5.77018 5.77018 5.77018
10.77 5 5.77018 5 5.77018 5 5.77018 5 5.77018 5 5.77018 5 5.77018 5 5.77018 5 5.77018 5 5.77018 5 5.77018 5.77018 5.77018 5.77018 5 5.77018 5 5.77018 5 5.77018 5 5.77018 5 5.77018 5 5.77018 5 5.77018 5 5.77018 5 5.77018 5 5.77018 5 5.77018 5 5.77018 5 5.77018 5 5.77018 5 5.77018 5 5.77018 5 5.77018 5 5.77018 5 5.77018 5 5.77018 5 5.77018 5 5.77018 5 5.77018 5 5.77018 5 5.77018 5
13.16 8.16019 5.77018 5.77018 5.77018 5.77018 5.77018 5.77018 5.77018 5.77018 5.77018 5.77018 5.77018 5.77018 5.77018 5.77018 5.77018 5.77018 5.77018 5.77018 5.77018 5 5.77018 5.77018 5.77018 5.77018 5.77018 5.77018 5.77018 5.77018 5.77018 5.77018 5.77018 5.77018 5.77018 5.77018 5.77018 5.77018 5.77018 5.77018 5.77018 5.77018 5.77018 5.77018 5.77018 5.77018 5.77018 5.77018 5.77018 5.77018 5.77018 5.77018 5.77018 5.77018 5.77018 5.77018 5.77018 5.77018 5.77018 5.77018 5.77018 5.77018 5.77018 5.77018 5.77018 5.77018 5.77018 5.77018 5.77018 5.77018 5.77018 5.77018 5.77018 5.77018 5.77018
16.32 10.77 5 5.77018 5 5.77018 5 5.77018 5 5.77018 5 5.77018 5 5.77018 5 5.77018 5 5.77018 5 5.77018 5.77018 5.77018 5.77018 5 5.77018 5 5.77018 5 5.77018 5 5.77018 5 5.77018 5 5.77018 5 5.77018 5 5.77018 5 5.77018 5 5.77018 5 5.77018 5 5.77018 5 5.77018 5 5.77018 5 5.77018 5 5.77018 5 5.77018 5 5.77018 5 5.77018 5 5.77018 5 5.77018 5 5.77018 5 5.77018 5 5.77018 5 5.77018 5 5.77018
16.3113 10.7701 5.77018 5.77018 5.77018 5.77018 5.77018 5.77018 5.77018 5.77018 5.77018 5.77018 5.77018 5.77018 5.77018 5.77018 5.77018 5.77018 5.77018 5.77018 5 5.77018 5.77018 5.77018 5.77018 5.77018 5.77018 5.77018 5.77018 5.77018 5.77018 5.77018 5.77018 5.77018 5.77018 5.77018 5.77018 5.77018 5.77018 5.77018 5.77018 5.77018 5.77018 5.77018 5.77018 5.77018 5.77018 5.77018 5.77018 5.77018 5.77018 5.77018 5.77018 5.77018 5.77018 5.77018 5.77018 5.77018 5.77018 5.77018 5.77018 5.77018 5.77018 5.77018 5.77018 5.77018 5.77018 5.77018 5.77018 5.77018 5.77018 5.77018 5.77018 5.77018 5.77018
13.16 8.15145 5.7702 5 5.77018 5 5.77018 5 5.77018 4.99999 5.77017 4.99999 5.77018 5 5.77018 5 5.77018 5 5.77018 5.77018 5.77014 5.77013 4.99996 5.77018 5 5.77018 5 5.77018 5 5.77018 5 5.77018 5 5.77018 5 5.77018 5 5.77018 5 5.77018 5 5.77018 5 5.77018 5 5.77018 5 5.77018 5 5.77018 5 5.77018 5 5.77018 5 5.77018 5 5.77018 5 5.77018 5 5.77018 5 5.77018 5 5.77018 5 5.77018 5 5.77018 5 5.77018 5 5.77018 5
10.77 5 5.7702 5.7702 5.7702 5.77019 5.77019 5.77019 5.77018 5.77017 6.15995 5.77016 5.7702 5.7702 5.7702 5.7702 5.7702 5.7702 5.7702 5.7702 4.99991 6.14598 5.7701 5.7702 5.77018 5.7702 5.7702 5.7702 5.77018 5.7702 5.77018 5.7702 5.7702 5.7702 5.7702 5.7702 5.77018 5.7702 5.7702 5.77018 5.77018 5.77018 5.77018 5.77018 5.7702 5.77018 5.7702 5.7702 5.7702 5.7702 5.7702 5.7702 5.7702 5.7702 5.7702 5.7702 5.77018 5.7702 5.77018 5.7702 5.77018 5.7702 5.77018 5.7702 5.77018 5.7702 5.77018 5.7702 5.77018 5.7702 5.77018 5.7702 5.77018 5.77018 5.77018
13.16 8.16021 5.7702 5.7702 5.7702 5 5.7702 5.7702 5 5.77017 4.99998 5.77017 5 5.7702 5.7702 5.7702 5 5.7702 5.7702 5.7702 5.77009 5.77009 4.99994 5.7702 5.7702 5.7702 5 5.7702 5.7702 5.7702 5.7702 5.7702 5 5.77019 5 5.7702 5.7702 5.7702 5.7702 5 5.77018 5 5.77018 5 5.77018 5.7702 5.7702 5 5.7702 5 5.7702 5 5.7702 5 5.7702 5 5.7702 5.7702 5.7702 5.7702 5.7702 5.7702 5.7702 5.7702 5.7702 5.7702 5.7702 5.7702 5.7702 5.7702 5.7702 5.7702 5.7702 5 5.77018
10.77 5 5.7702 5 5.7702 5.7702 5.7702 5.77018 5.77018 5.77018 5.77018 5.7702 5.7702 5.7702 5 5.7702 5.7702 5.7702 5 5.7702 5.7702 5.7702 5.7702 5.76984 4.99993 5.77015 5.7702 5.7702 5 5.7702 5.7702 4.99999 5.77019 6.15997 5.77019 5.7702 5 5.7702 5.7702 5.77018 5.77018 5.77018 5.77018 5.77018 5.77018 5 5.7702 5.7702 5.7702 5.7702 5.7702 5.7702 5.7702 5.7702 5.7702 5.7702 5.7702 5.7702 5.7702 5.7702 5.7702 5.7702 5 5.7702 5.7702 5.7702 5.7702 5.7702 5.7702 5.7702 5.7702 5 5.77018 5.77018 5.77018
10.77 5.7702 5.7702 5.7702 5.7702 5.7702 5 5.77018 5 5.77018 5 5.7702 5.7702 5 5.7702 5.7702 5 5.7702 5.7702 5.7702 5 5.7702 5.77019 5.7696 6.15891 5.77015 4.99997 5.77016 5.7702 5.7702 4.99999 6.16011 5.7702 4.99999 5.7702 5 5.7702 5.7702 5 5.77018 5 5.77018 5 5.77018 5.77018 5.77018 5.7702 5 5.7702 5 5.7702 5 5.7702 5 5.7702 5 5.7702 5 5.7702 5 5.7702 5 5.7702 5.7702 5 5.7702 5 5.7702 5 5.7702 5.77018 5.7702 5.77018 5 5.77018
10.77 5.7702 5 5.7702 5 5.7702 5.7702 5.77018 5.77018 5.77018 5.77018 5.7702 5.7702 5.7702 5.7702 5 5.7702 5.7702 5 5.7702 5.7702 5.7702 5.7702 4.99959 5.77012 5.77014 6.15928 5.77015 5 5.7702 5.7702 5.7702 5 5.7702 5.7702 5.7702 5.7702 5.77018 5.7702 5.77018 5.77018 5.77018 5.77018 5.77018 5 5.7702 5.7702 5.7702 5.7702 5.7702 5.7702 5.7702 5.7702 5.7702 5.7702 5.7702 5.7702 5.7702 5.7702 5.7702 5.7702 5.7702 5.7702 5 5.7702 5.7702 5.7702 5.7702 5.7702 5.7702 5.7702 5.7702 5.7702 5.77018 5.77018
10.77 5.7702 5.7702 5.7702 5.7702 5.7702 5 5.77018 5 5.77018 5 5.7702 5.7702 5 5.7702 5.7702 5.7702 5 5.7702 5.7702 5 5.7702 5.77019 5.77018 5.77019 4.99995 5.77012 5.77005 5.7702 5.7702 5 5.7702 5.7702 5.7702 5 5.7702 5 5.7702 5 5.77018 5 5.77018 5 5.77018 5.77018 5.77018 5 5.7702 5 5.7702 5 5.7702 5 5.7702 5 5.7702 5 5.7702 5 5.7702 5 5.7702 5 5.7702 5.7702 5 5.7702 5 5.7702 5 5.7702 5 5.7702 5 5.7702
10.77 5.7702 5 5.7702 5 5.7702 5.7702 5.7702 5.7702 5.7702 5.7702 5.7702 5 5.7702 5.7702 5 5.7702 5.7702 5.7702 5 5.7702 5.7702 5.7702 5.7702 5.7702 5.77018 5.77019 5.77019 5.77019 5.7702 5.7702 5.7702 4.99999 5.77018 5.77019 5.7702 5.7702 5.77018 5.77018 5.77018 5.77018 5.77018 5.77018 5.77018 5 5.7702 5.7702 5.7702 5.7702 5.7702 5.7702 5.7702 5.7702 5.7702 5.7702 5.7702 5.7702 5.7702 5.7702 5.7702 5.7702 5.7702 5.7702 5.7702 5.77018 5.7702 5.7702 5.7702 5.7702 5.7702 5.7702 5.7702 5.7702 5.7702 5.7702
13.16 8.16021 5.7702 5.7702 5.7702 5.7702 5.7702 5.7702 5.7702 5 5.7702 5.7702 5.7702 5.7702 5 5.7702 5.7702 5 5.7702 5.7702 5.7702 5 5.7702 5.7702 5.7702 5.77019 5.77019 5 5.77019 5.7702 5.7702 5 5.77018 6.15981 4.99998 5.7702 5 5.7702 5 5.77018 5 5.77018 5 5.77018 5.77018 5.77018 5.7702 5 5.77019 5 5.77019 5 5.7702 5 5.7702 5 5.7702 5 5.7702 5 5.7702 5 5.7702 5 5.7702 5.7702 5 5.7702 5 5.7702 5 5.7702 5 5.7702 5
10.77 5.7702 5 5.7702 5 6.16021 5 5.7702 5 5.7702 5.7702 5 5.7702 5 5.7702 5.7702 5 5.7702 5.7702 5 5.7702 5.7702 5.7702 5 5.7702 5.7702 5.77019 5.77019 5.77019 5.7702 5 5.7702 5.77019 4.99998 5.77019 5.7702 5.7702 5.7702 5.77018 5.7702 5.77018 5.77018 5.77018 5.77018 5 5.77018 5.77018 5.77018 5.77018 5.77018 5.77018 5.77018 5.77018 5.77018 5.77018 5.77018 5.77018 5.77018 5.77018 5.77018 5.77018 5.77018 5.77018 5.77018 5.77018 5.77018 5.77018 5.7702 5.7702 5.7702 5.7702 5.7702 5.7702 5.7702 5.7702
10.77 5.7702 5.7702 5.7702 5.7702 5.7702 5.7702 5.7702 5.7702 5.7702 5 5.7702 5.7702 5.7702 5.7702 5 5.7702 5.7702 5 5.7702 5.7702 5 5.7702 5.7702 5.7702 5 5.7702 5.7702 5 5.7702 5.7702 5.7702 5 5.7702 5.7702 5 5.7702 5 5.7702 5.7702 5 5.77018 5 5.77018 5.77018 5.77018 5 5.77018 5 5.77018 5 5.77018 5 5.77018 5 5.77018 5 5.77018 5 5.77018 5 5.77018 5 5.77018 5 5.77018 5 5.77018 5 5.77018 4.99998 5.77012 4.99992 5.77013 4.99998
10.77 5 5.7702 5 5.7702 5 5.7702 5 5.7702 5 5.7702 5.7702 5 5.7702 5 5.7702 5.7702 5 5.7702 5.7702 5 5.7702 5.7702 5 5.7702 5.7702 5.7702 5 5.7702 5.7702 5.7702 5 5.7702 5.7702 5 5.7702 5.7702 5.7702 5.7702 5.7702 5.77018 5.77018 5.77018 5.77018 5 5.77018 5.77018 5.77018 5.77018 5.77018 5.77018 5.77018 5.77018 5.77018 5.77018 5.77018 5.77018 5.77018 5.77018 5.77018 5.77018 5.77018 5.77018 5.77018 5.77018 5.77018 5.77018 5.77018 5.77018 5.77018 5.77015 6.15768 6.15946 6.15891 5.77016
10.77 5.7702 5.7702 5.7702 5.7702 5.7702 5.7702 5.7702 5.7702 5.7702 5.7702 5 5.7702 5.7702 5.7702 5.7702 5 5.7702 5.7702 5 5.7702 5.7702 5 5.7702 5.7702 5 5.7702 5.7702 5.7702 5 5.7702 5.7702 5.7702 5 5.7702 5.7702 5 5.7702 5 5.77018 5 5.77018 5 5.77018 5.77018 5.77018 5 5.77018 5 5.77018 5 5.77018 5 5.77018 5 5.77018 6.00017 6.00018 5 5.77018 5 5.77018 5 5.77018 5 5.77018 5 5.77018 5 5.77018 4.99998 5.77014 4.99994 5.77015 4.99997
10.77 5.7702 5 5.7702 5 5.7702 5 5.7702 5 5.7702 5 5.7702 5.7702 5 5.7702 5 5.7702 5.7702 5 5.7702 5.7702 5 5.7702 5.7702 5 5.7702 5.7702 5 5.7702 5.7702 5.7702 5 5.7702 5.7702 5.7702 5 5.7702 5.7702 5.77018 5.77018 5.77018 5.77018 5.77018 5.77018 5 5.77018 5.77018 5.77018 5.77018 5.77018 5.77018 5.77018 5.77018 5.77018 5.77018 5.77018 5 5.77018 5.77018 5.77018 5.77018 5.77018 5.77018 5.77018 5.77018 5.77018 5.77018 5.77018 5.77018 5.77018 5.77018 5.77018 5.77018 5.77018 5.77015
10.77 5.7702 5.7702 5.7702 5.7702 5.7702 5.7702 5.7702 5.7702 5.7702 5.7702 5.7702 5 5.7702 5.7702 5.7702 5.7702 5 5.7702 5.7702 5 5.7702 5.7702 5 5.7702 5.7702 5 5.7702 5.7702 5 5.7702 5.7702 5.7702 5 5.7702 5.7702 5.7702 5 5.77018 5 5.77018 5 5.77018 5.77018 5.77018 5.77018 5 5.77018 5 5.77018 5 5.77018 5 5.77018 5 5.77018 5.77018 5.77018 5 5.77018 5 5.77018 5 5.7702 5 5.7702 5 5.77018 5 5.77018 5 5.7702 5 5.7702 5
10.77 5 5.7702 5 5.7702 5 5.7702 5 5.7702 5 5.7702 5 5.7702 5.7702 5 5.7702 5 5.7702 5.7702 5 5.7702 5.7702 5 5.7702 5.7702 5 5.7702 5.7702 5 5.7702 5.7702 5 5.7702 5.7702 5.7702 5 5.7702 5.7702 5.77018 5.77018 5.77018 5.77018 5.77018 5 5.77018 5.7702 5.77018 5.7702 5.77018 5.7702 5.77018 5.7702 5.77018 5.7702 5.77018 5.77018 5 5.77018 5.77018 5.77018 5.77018 5.7702 5.7702 5.7702 5.7702 5.7702 5.7702 5.7702 5.7702 5.7702 5.7702 5.7702 5.7702 5.7702 5.7702
10.6292 5.7702 5.7702 5.7702 5.7702 5.7702 5.7702 5.7702 5.7702 5.7702 5.7702 5.7702 5.7702 5 5.7702 5.7702 5.7702 5.7702 5 5.7702 5.7702 5 5.7702 5.7702 5 5.7702 5.7702 5 5.7702 5.7702 5 5.7702 5.7702 5 5.7702 5.7702 5.7702 5 5.77018 5 5.77018 5 5.77018 5.77018 5.77018 5 5.7702 5 5.7702 5 5.7702 5 5.7702 5 5.7702 5.77018 5.7702 5.77018 5.7702 5 5.7702 5 5.7702 5 5.7702 5.7702 5.7702 5.7702 5.7702 5.7702 5.7702 5.7702 5.7702 5.7702 5.7702
10.77 5.7702 5 5.7702 5 5.7702 5 5.7702 5 5.7702 5 5.7702 5 5.7702 5.7702 5 5.7702 5 5.7702 5.7702 5 5.7702 5.7702 5 5.7702 5.7702 5 5.7702 5.7702 5 5.7702 5.7702 5 5.7702 5.7702 5 5.7702 5.77018 5.77018 5.77018 5.77018 5.77018 5.77018 5 5.7702 5.7702 5.7702 5.7702 5.7702 5.7702 5.7702 5.7702 5.7702 5.7702 5.7702 5.7702 5.7702 5.7702 5.7702 5.7702 5.7702 5.7702 5.7702 5.7702 5.7702 5 5.7702 5 5.7702 5 5.7702 5 5.7702 5 5.7702
10.77 5.7702 5.7702 5.7702 5.7702 5.7702 5.7702 5.7702 5.7702 5.7702 5.7702 5.7702 5.7702 5.7702 5 5.7702 5.7702 5.7702 5.7702 5 5.7702 5.7702 5 5.7702 5.7702 5 5.7702 5.7702 5 5.7702 5.7702 5 5.7702 5.7702 5 5.7702 5.7702 5 5.77018 5 5.77018 5 5.77018 5.77018 5.77018 5.7702 5 5.7702 5.7702 5.7702 5 5.7702 5.7702 5 5.7702 5 5.7702 5.7702 5.7702 5 5.7702 5.7702 5.7702 5 5.7702 5.7702 5.7702 5.7702 5.7702 5.7702 5.7702 5.7702 5.7702 5.7702 5.7702
10.77 5 5.7702 5 5.7702 5 5.7702 5 5.7702 5 5.7702 5 5.7702 5 5.7702 5.7702 5 5.7702 5 5.7702 5.7702 5 5.7702 5.7702 5 5.7702 5.7702 5 5.7702 5.7702 5 5.7702 5.7702 5 5.7702 5.7702 5.77018 5.77018 5.77018 5.77018 5.77018 5.77018 5.77018 5.7702 5.7702 5.7702 5.7702 5.7702 5 5.7702 5.7702 5.7702 5 5.7702 5.7702 5.7702 5.7702 5 5.7702 5.7702 5.7702 5 5.7702 5.7702 5.7702 5 5.7702 5 5.7702 5 5.7702 5 5.7702 5 5.7702
10.77 5.7702 5.7702 5.7702 5.7702 5.7702 5.7702 5.7702 5.7702 5.7702 5.7702 5.7702 5.7702 5.7702 5.7702 5 5.7702 5.7702 5.7702 5.7702 5 5.7702 5.7702 5 5.7702 5.7702 5 5.7702 5.7702 5 5.7702 5.7702 5 5.7702 5.7702 5 5.7702 5 5.77018 5 5.77018 5.7702 5 5.7702 5 5.7702 5.7702 5 5.7702 5.7702 5 5.7702 5.7702 5.7702 5 5.7702 5 5.7702 5.7702 5 5.7702 5.7702 5.7702 5 5.7702 5.7702 5.7702 5.7702 5.7702 5.7702 5.7702 5.7702 5.7702 5.7702 5.7702
10.77 5.7702 5 5.7702 5 5.7702 5 5.7702 5 5.7702 5 5.7702 5 5.7702 5 5.7702 5.7702 5 5.7702 5 5.7702 5.7702 5 5.7702 5.7702 5 5.7702 5.7702 5 5.7702 5.7702 5 5.7702 5.7702 5.7702 5.7702 5.77018 5.77018 5.77018 5.7702 5.7702 5.7702 5.7702 5.7702 5.7702 5.7702 5 5.7702 5.7702 5 5.7702 5.7702 5 5.7702 5.7702 5.7702 5.7702 5.7702 5 5.7702 5.7702 5 5.7702 5.7702 5.7702 5 5.7702 5 5.7702 5 5.7702 5 5.7702 5 5.7702
