tests/full-run-ref/erosion_2010_78_23_-57.856.asc
ncols 512
nrows 512
xllcorner -3.24582
yllcorner -4.08743
cellsize 5
NODATA_value -99999
[rows 30 to 59 of 512, columns 272 to 339 of 512]
46.1292 43.7969 41.4662 39.1264 37.2802 35.2036 33.3174 30.9526 33.38 35.7834 30.0685 27.6704 21.993 22.3259 22.3336 22.3336 22.3333 22.3286 22.3048 21.5419 17.6333 11.8785 6.63549 5.59167 5.77 5.77 5.77 5.77 5.74791 11.5055 7.97276 5.44493 7.20035 12.7956 14.4197 19.8578 22.054 27.3971 29.4073 33.4072 36.9245 36.7477 41.3788 42.8076 48.1158 49.9694 54.8209 56.9356 63.283 59.1185 62.197 63.1152 69.8095 77.4863 77.3141 68.2631 60.6844 53.1492 45.5985 37.9921 30.2765 22.4506 14.4301 7.44327 0 0 0 0
40.1092 37.7988 35.5181 33.2279 31.4191 29.3642 27.4855 25.1137 27.5528 29.994 32.4929 27.8347 21.9783 22.33 22.3336 22.3336 22.3328 22.328 22.3174 22.2534 20.9121 15.0936 10.5696 5.44824 5.77 5.77 5.77 5.77 5.75654 8.13097 5.74085 5.74283 5.48041 6.82754 12.2927 13.6868 19.0087 20.8752 24.7067 28.2917 32.2905 36.3911 35.1814 40.2565 41.3357 46.1419 47.8459 54.2803 56.3187 61.7711 53.6466 61.6259 67.7625 75.3543 74.974 65.7619 57.9524 50.1121 42.2051 34.2018 26.073 17.7545 9.24262 0.434993 0 0 0 0
35.9895 31.6827 29.4402 27.2295 25.4961 23.4814 21.6254 19.2583 21.737 24.2707 26.7252 27.9571 22.1398 22.3319 22.3336 22.3336 22.3332 22.3282 22.3287 22.3283 22.2023 16.2329 10.2339 5.31867 5.74799 5.77 5.77 5.77 5.76428 5.76043 8.14961 5.75146 5.75933 5.36351 6.23373 11.4363 12.4908 16.2755 19.6536 23.4519 26.9268 30.6781 36.1058 34.0873 38.4222 39.2466 45.4638 46.8299 49.3169 50.7398 59.8988 60.4413 66.8517 74.1695 72.5911 63.4383 55.4224 47.3021 39.0478 30.6423 22.0606 13.2698 4.18748 0 0 0 0 2.57342
29.8213 27.5127 23.2097 21.0647 19.4783 17.5886 15.809 13.5615 16.0369 18.492 21.7252 24.1964 22.2239 22.3326 22.3336 22.3336 22.3335 22.3284 22.3286 22.3327 22.1983 18.6423 12.653 6.89445 5.63934 5.77 5.77 5.77 5.77 5.75797 8.13622 8.14152 5.74254 5.74755 5.18443 5.18501 10.3135 11.3812 15.0577 18.1911 21.8313 25.8343 29.5766 35.6016 31.6061 37.1566 37.9486 39.9244 40.4103 49.0296 57.0898 63.6715 66.5705 74.0028 70.3298 61.924 53.8193 45.4937 36.968 28.2053 19.1744 9.85164 0.190276 0 0 0 0 5.59017
27.6002 21.2062 19.0469 15.0102 13.5984 13.4168 13.705 13.8617 13.7536 13.4285 15.8631 21.5654 22.26 22.3327 22.3336 22.3336 22.3335 22.3297 22.3287 22.3331 22.2715 21.1832 15.1816 10.3699 5.42523 5.75115 5.77 5.77 5.77 5.75997 5.75041 8.13034 8.13484 5.75986 5.72723 4.99437 4.12438 9.2914 10.1112 13.6128 17.0799 20.9171 25.3253 26.1941 29.3493 29.2512 30.6409 31.0867 39.3265 47.1574 54.2196 60.978 68.4614 69.828 66.5807 60.8546 53.0532 44.4951 35.7147 26.5029 16.8973 6.82424 0 0 0 0 1.28295 5.77
25.5448 19.1332 13.0948 13.0869 13.7055 13.9092 13.9291 13.9294 13.9293 13.9076 13.3623 19.1011 22.2096 22.3324 22.3336 22.3336 22.3335 22.3303 22.3287 22.3335 22.3244 22.0171 18.7846 13.0648 7.4782 5.71445 5.77 5.77 5.77 5.77 5.75871 5.75218 5.7539 5.76185 5.77 5.73209 4.8755 3.12706 8.38327 9.22164 12.9397 16.7358 18.679 19.1651 19.8129 20.0184 22.4655 30.444 37.9249 45.1549 51.9305 58.9745 66.0855 63.0308 59.7732 57.5548 54.5613 46.9411 38.2885 28.8902 19.2082 8.94014 0 0 0 0 4.9237 5.77
23.6145 17.3982 12.8049 13.8393 13.9288 13.9295 13.9299 13.93 13.93 13.9276 13.5147 19.2559 22.2166 22.3326 22.3336 22.3336 22.3335 22.3291 22.3193 22.3293 22.2726 20.8687 14.8949 12.5751 7.64855 5.71477 5.77 5.77 5.77 5.77 5.77 5.77 5.77 5.77 5.77 5.77 5.74734 4.80917 2.34073 8.07806 9.08613 11.744 11.3235 9.43575 7.44798 15.5797 27.2799 30.6861 37.5752 44.5497 51.545 58.1827 61.3044 57.0272 53.0655 50.3406 48.2558 46.6999 42.3935 34.5964 25.0866 14.4657 3.99524 0 0 0 2.7641 5.77
20.7929 14.6764 13.2781 13.9284 13.9294 13.9248 13.93 13.93 13.9234 13.9238 12.6465 18.3352 22.2187 22.3327 22.3336 22.3333 22.3258 22.2865 21.9534 21.6947 21.1052 15.1488 12.4128 6.56067 5.52422 5.75026 5.77 5.77 5.77 5.77 5.77 5.77 5.77 5.77 5.77 5.77 5.77 5.76821 4.99119 2.43338 8.19663 6.23941 1.72552 0 6.05336 15.9997 24.3961 32.4444 39.1007 46.0838 50.2707 52.4102 54.71 51.5457 47.1633 43.1801 40.8484 38.665 37.5343 35.7464 32.9307 24.2922 14.3239 3.45766 0 0 0 5.77
22.119 18.0389 13.0077 13.812 13.9214 13.9294 13.9299 13.9189 13.9186 12.5088 13.3902 16.4526 22.1499 22.3324 22.3334 22.3198 22.2161 20.6802 17.9996 15.4856 15.4851 12.7455 6.7995 5.47433 5.747 5.77 5.77 5.77 5.77 5.77 5.77 5.77 5.77 5.77 5.77 5.77 5.76003 5.74785 5.68105 5.25563 3.0201 4.07418 0 0 8.113 16.5726 24.5013 31.8241 38.4682 41.613 43.4624 45.5324 48.8312 45.548 41.7333 37.0157 33.2048 31.2497 29.0097 27.6473 26.2303 24.6226 20.3826 8.27839 0 0 0 0
22.2429 20.6064 14.4664 13.3564 13.7005 13.9286 13.9176 13.9065 12.5396 13.8415 12.7642 18.7122 22.1814 22.3325 22.3266 22.2582 20.6546 14.5489 11.9602 9.50339 10.3687 7.27445 5.53954 5.74822 5.77 5.77 5.77 5.77 5.77 5.77 5.77 5.77 5.77 5.77 5.77 5.75681 5.69035 7.98982 5.62808 5.67202 5.36707 2.55135 1.12497 6.07508 13.7071 20.8859 28.352 32.364 33.3801 34.8448 36.1472 38.8256 42.8833 44.7195 35.0506 31.1949 26.6622 23.0973 21.3785 19.1556 18.2021 16.3916 22.3708 11.3031 0 0 0 7.54077
22.3051 22.118 20.7314 18.607 13.5262 13.8578 13.9093 11.8916 13.8457 13.3486 15.2188 21.2076 22.2721 22.3167 22.2264 21.7191 18.1494 12.0719 6.05271 5.10747 5.46563 5.65607 5.75172 5.77 5.77 5.77 5.77 5.75439 5.75372 5.74337 5.77 5.77 5.77 5.77 5.75328 5.70096 7.81932 13.5792 7.7235 5.55859 4.69401 3.80287 1.09928 7.52476 14.7711 21.8517 28.4677 25.3998 26.1218 27.243 29.0972 31.3104 41.2581 42.7425 33.8724 23.7244 20.2684 16.0657 12.6518 11.6269 10.1028 7.86738 15.1809 19.6519 3.26695 0 15.8638 8.19922
21.9168 20.0361 20.3043 21.5916 15.7348 14.1809 10.9299 16.1049 13.4382 15.7254 21.2406 22.2019 22.3202 22.1487 19.9016 17.3636 15.896 10.2251 5.16288 5.74168 5.77 5.77 5.77 5.76884 5.76732 5.76698 5.74133 5.65572 8.05572 5.71825 5.77 5.77 5.77 5.77 5.74465 8.01112 11.3075 13.4562 13.3308 7.36452 10.073 1.94563 8.98549 13.0196 19.433 21.7337 21.9986 17.7923 18.1576 19.0014 20.6097 30.7302 37.7967 40.6258 32.0487 23.0873 11.735 8.89616 4.94096 3.38523 8.29794 4.59324 10.8011 21.976 13.2804 23.9863 17.1345 22.234
16.0865 13.5551 13.9474 15.676 13.2449 9.85426 13.4715 16.4224 19.3534 21.6612 22.2438 22.314 22.0984 19.765 13.7207 11.1982 9.90917 11.0737 5.54018 5.77 5.77 5.77 5.77 5.71141 5.80909 5.68675 5.51956 7.69266 11.3651 5.64833 5.77 5.77 5.77 5.77 5.72613 5.68501 5.58611 7.50538 13.4317 13.292 13.0803 15.6502 13.0798 14.5381 14.7845 14.6954 14.6998 9.39624 8.89016 9.92506 20.3823 27.5996 32.915 38.1132 30.2838 21.8359 11.716 0.0667623 0 0 7.63303 8.21798 12.6219 10.8475 17.8181 25.1506 28.9015 26.49
10.5466 7.27441 7.71272 11.3426 6.66163 4.32073 7.32956 12.6437 15.4317 18.5187 20.7819 22.0565 19.8219 13.5884 11.1392 5.23997 4.9867 7.74548 5.66434 5.7025 5.74107 5.77 5.77 5.65472 11.2792 11.4985 11.3223 13.563 11.1877 5.59052 5.77 5.77 5.77 5.77 5.77 5.77 5.74676 5.51125 10.7786 15.5816 18.9142 14.9742 12.2042 7.7767 7.98936 7.83859 7.44004 0 0 10.1342 17.7195 22.5156 29.6737 33.57 28.088 20.8108 12.0303 1.93264 0 7.51342 4.24452 7.45603 4.74898 8.52276 18.9142 27.8316 34.47 37.0948
4.89192 4.8107 4.88535 5.94592 5.18792 5.59893 5.26705 6.99626 10.6359 12.4777 14.7052 17.288 17.4238 11.0837 5.0979 5.33803 5.69297 5.68944 7.55596 7.6029 5.53234 5.74205 5.77 5.67919 7.48926 13.3838 15.1223 12.655 10.8864 5.62321 5.77 5.77 5.77 5.77 5.77 5.77 5.77 5.67048 7.19454 13.1079 12.9931 10.4043 6.02266 4.37981 3.7421 4.72267 1.84978 0 1.54622 7.79284 12.3327 19.3375 28.1078 28.7072 23.2681 19.0031 16.4341 9.08268 6.0655 8.42918 8.81769 7.61883 0 6.90246 17.7078 25.1453 31.5053 37.8053
5.32293 5.75232 5.73013 5.71501 5.73928 5.77 5.74359 5.63267 5.3155 6.51232 8.63535 14.8799 15.4754 9.10407 4.97635 5.75679 5.77 5.69942 7.70386 13.2101 7.35725 5.61119 5.77 5.73969 5.47548 10.8265 12.6293 6.60093 5.4787 5.70341 5.77 5.77 5.77 5.77 5.77 5.77 5.77 5.75217 5.51602 11.0614 7.10596 5.28997 5.56991 5.70869 5.63145 5.17363 4.87958 4.58826 1.74583 3.38549 9.31455 18.233 22.7615 24.1138 18.2033 12.3915 7.88177 6.53481 6.74187 9.94892 11.7346 3.3237 3.4466 12.0513 20.0521 26.8242 33.0657 39.7992
5.70088 5.77 5.77 5.77 5.77 5.77 5.77 5.77 5.73778 5.42036 6.36985 12.5099 16.0205 9.76479 5.15279 5.74569 5.77 5.72963 5.488 7.19287 10.9751 5.32224 5.77 5.77 5.612 7.32085 10.9653 5.37518 5.74801 5.77 5.77 5.77 5.77 5.77 5.77 5.77 5.73677 5.73426 5.70912 7.96688 5.58293 5.72262 5.77 5.77 5.77 5.77 5.57603 3.8166 5.79021 2.18973 9.0305 12.3641 20.6098 22.3893 13.0295 7.2674 2.78183 0.627357 1.51511 6.20541 10.5008 13.2082 13.1828 16.101 22.9909 29.5322 35.8295 41.2503
5.77 5.77 5.77 5.77 5.77 5.77 5.77 5.77 5.77 5.568 8.32914 14.0229 18.2431 12.0335 6.06824 5.56447 5.77 5.77 5.72075 5.32645 10.9685 5.14795 5.77 5.77 5.69785 5.45731 11.2532 5.51522 5.77 5.77 5.77 5.77 5.77 5.77 5.77 5.77 5.73451 8.05713 8.11579 5.71004 5.7298 5.77 5.77 5.77 5.77 5.77 5.77 5.42245 3.17142 6.21228 3.96531 10.743 15.413 20.5428 12.0552 3.06281 2.93476 6.75834 6.75369 3.5288 6.6848 14.1066 20.27 23.4205 26.0178 32.1583 38.7562 38.4138
5.77 5.77 5.77 5.77 5.77 5.77 5.77 5.77 5.77 5.68124 5.62419 11.2987 17.4786 14.6148 9.50477 5.33521 5.77 5.77 5.77 5.48549 11.0425 5.2007 5.77 5.77 5.77 5.45137 11.1673 5.52563 5.77 5.77 5.77 5.77 5.77 5.77 5.77 5.77 5.74832 5.70108 8.02798 6.86861 5.7359 5.77 5.77 5.77 5.77 5.77 5.77 5.77 5.451 3.61022 6.54622 5.96159 13.1555 19.5185 14.947 7.21848 2.64838 5.12703 5.99323 5.32746 10.809 12.6434 13.7861 20.8075 27.2931 33.3975 40.2356 35.7446
5.77 5.77 5.77 5.77 5.77 5.77 5.77 5.77 5.77 5.72736 5.20315 9.91634 16.138 14.3524 9.47565 5.33024 5.77 5.77 5.77 5.56154 11.2641 5.43393 5.77 5.77 5.77 5.53387 7.86568 5.61245 5.77 5.77 5.77 5.77 5.77 5.77 5.77 5.77 5.77 5.71096 5.6666 5.6718 5.70297 5.77 5.77 5.77 5.77 5.77 5.77 5.77 5.77 5.41093 3.50552 7.15263 10.2046 12.3914 16.3646 12.499 10.7568 11.6892 9.39066 4.04463 6.49195 5.01237 11.2056 18.0906 24.5618 30.8498 37.8485 32.951
5.77 5.77 5.77 5.77 5.77 5.77 5.77 5.77 5.77 5.63765 7.15017 13.0796 18.0197 11.8637 5.80077 5.57969 5.77 5.77 5.71376 5.43702 11.2415 5.59416 5.77 5.77 5.77 5.70491 5.73229 5.7242 5.77 5.77 5.77 5.77 5.77 5.77 5.77 5.77 5.77 5.77 5.77 5.77 5.77 5.77 5.77 5.77 5.77 5.77 5.77 5.77 5.77 5.77 4.74607 8.77741 4.09566 5.91244 10.3621 17.4714 11.0388 9.30007 5.83422 10.8041 9.95926 7.82562 12.9213 18.1031 24.2961 30.1012 36.8904 34.3259
5.77 5.77 5.77 5.77 5.77 5.77 5.77 5.77 5.77 5.61642 11.0852 15.5893 16.4275 10.3324 5.16815 5.42978 5.46066 5.36338 5.31007 7.51786 11.4026 5.62026 5.77 5.77 5.77 5.71718 5.71813 5.71889 5.77 5.77 5.77 5.77 5.77 5.77 5.77 5.77 5.77 5.77 5.77 5.77 5.77 5.77 5.77 5.77 5.77 5.77 5.77 5.77 5.77 5.77 5.42913 6.61835 4.69163 3.65483 8.1765 14.4815 9.2316 6.26615 11.4823 11.5185 11.2871 8.09195 10.9158 15.6157 21.8531 27.8646 34.6371 31.7271
5.77 5.77 5.77 5.77 5.77 5.77 5.77 5.77 5.77 5.70061 7.65964 13.3055 15.8075 12.8893 6.88766 10.8563 6.34892 10.6579 10.2475 11.2821 7.67269 5.64053 5.77 5.77 5.72325 5.44742 7.59818 5.54705 5.77 5.77 5.77 5.77 5.77 5.77 5.77 5.77 5.77 5.77 5.77 5.77 5.77 5.77 5.77 5.77 5.77 5.77 5.77 5.77 5.77 5.77 5.67102 5.67462 5.7035 5.46748 5.88163 10.7675 5.45434 11.2781 11.479 11.5385 11.4525 10.5861 13.8375 17.3336 22.1246 28.3877 34.5554 28.9441
5.77 5.77 5.77 5.77 5.77 5.77 5.77 5.77 5.77 5.75124 5.63332 7.42439 13.3434 15.3943 12.9977 14.9326 12.8421 14.9415 12.5866 6.58838 5.46402 5.71744 5.77 5.743 5.35349 6.47485 10.2883 5.30883 5.77 5.77 5.77 5.77 5.77 5.77 5.77 5.77 5.77 5.77 5.77 5.77 5.77 5.77 5.77 5.77 5.77 5.77 5.77 5.77 5.77 5.77 5.77 5.77 5.77 5.73777 5.28575 3.72707 10.828 11.3099 11.3863 10.6563 11.3951 10.5625 9.35405 12.5344 18.7536 24.6812 32.2952 25.7598
5.77 5.77 5.77 5.77 5.77 5.77 5.77 5.77 5.77 5.77 5.74582 5.5263 11.179 13.7149 11.0725 13.5157 15.5302 12.5816 6.56653 5.4122 5.72821 5.77 5.77 5.56188 5.82994 11.9969 8.66135 4.89795 5.63727 5.68489 5.77 5.77 5.77 5.77 5.77 5.77 5.77 5.77 5.77 5.77 5.77 5.77 5.77 5.77 5.77 5.77 5.77 5.77 5.77 5.77 5.77 5.77 5.77 5.77 5.63318 4.69803 10.1944 13.9133 9.93753 13.2616 10.7329 10.1659 11.9083 15.6313 21.4828 27.5924 34.3055 28.4672
5.77 5.77 5.77 5.77 5.77 5.77 5.77 5.77 5.77 5.77 5.73181 7.88971 13.7332 7.96405 7.9661 7.8813 13.1172 7.09116 5.49277 5.73353 5.77 5.77 5.77 5.35892 9.6725 14.5041 10.1902 4.82252 7.33095 5.63338 5.77 5.77 5.77 5.77 5.77 5.77 5.77 5.77 5.77 5.77 5.77 5.77 5.77 5.77 5.77 5.77 5.77 5.77 5.77 5.77 5.77 5.77 5.77 5.77 5.6883 7.88563 11.099 8.86858 11.7981 14.1888 15.537 8.54427 12.6817 17.8226 24.1478 30.0905 36.9492 31.1069
5.77 5.77 5.77 5.77 5.77 5.77 5.77 5.77 5.77 5.77 5.71247 11.4596 11.5068 8.09226 8.11536 8.07788 11.239 5.4659 5.71782 5.77 5.77 5.77 5.77 5.36644 9.76685 14.8435 12.8642 10.5417 7.06364 5.6148 5.77 5.77 5.77 5.77 5.77 5.77 5.77 5.77 5.77 5.77 5.77 5.77 5.77 5.77 5.77 5.77 5.77 5.77 5.77 5.77 5.77 5.77 5.77 5.77 5.66533 8.03231 5.18138 4.61443 4.63252 10.8276 15.3716 18.8196 15.2477 19.8639 26.3659 32.6294 39.3867 33.6672
5.77 5.77 5.77 5.77 5.77 5.77 5.77 5.77 5.77 5.77 5.72686 11.4483 13.8455 8.06052 13.7311 7.87131 7.90311 5.62106 5.77 5.77 5.77 5.77 5.77 5.55326 6.23022 11.9709 8.29891 4.99593 5.42842 5.70274 5.77 5.77 5.77 5.77 5.77 5.77 5.77 5.77 5.77 5.77 5.77 5.77 5.77 5.77 5.77 5.77 5.77 5.77 5.77 5.77 5.77 5.77 5.77 5.77 5.70451 5.73639 5.75738 5.7488 4.64187 5.44554 11.4132 18.0289 22.6437 22.9227 28.7868 35.1931 41.8692 36.2405
5.77 5.77 5.77 5.77 5.77 5.77 5.77 5.77 5.76804 5.76331 5.72272 11.4248 16.2453 13.855 16.1398 11.3447 5.56257 5.7166 5.77 5.77 5.77 5.77 5.77 5.72868 5.42921 6.40213 5.16906 5.61263 5.77 5.77 5.77 5.77 5.77 5.77 5.77 5.77 5.77 5.77 5.77 5.77 5.77 5.77 5.77 5.77 5.77 5.77 5.77 5.77 5.74226 5.73713 5.73919 5.77 5.77 5.77 5.77 5.77 5.77 5.74755 4.64997 4.78604 10.399 16.7907 23.1666 29.1537 31.7282 37.707 44.3837 39.2185
5.77 5.77 5.77 5.77 5.76777 5.7578 5.75611 5.75856 5.75805 6.13739 8.11151 11.4597 11.4043 11.3714 11.3907 13.7538 7.97201 5.74 5.77 5.77 5.77 5.77 5.77 5.77 5.7437 5.73264 5.74578 5.77 5.77 5.77 5.77 5.77 5.77 5.77 5.77 5.77 5.77 5.77 5.77 5.77 5.77 5.77 5.77 5.77 5.77 5.77 5.77 5.77 5.71261 8.06416 5.71938 5.77 5.77 5.77 5.77 5.77 5.73843 5.14408 4.2245 8.32862 13.3001 19.4489 25.5925 31.7525 37.8698 40.8636 46.9534 41.9576
