tests/full-run-ref/erosion_2010_078_23_-57.856.asc
ncols 512
nrows 512
xllcorner -3.24582
yllcorner -4.08743
cellsize 5
NODATA_value -99999
[rows 116 to 144 of 512, columns 0 to 66 of 512]
352.123 353.098 353.066 353.035 353.007 352.977 352.948 352.923 352.904 352.891 352.878 352.862 352.843 352.823 352.8 352.771 352.734 352.69 352.645 352.603 352.562 352.521 352.485 352.463 352.455 352.458 352.472 352.499 352.54 352.596 352.66 352.727 352.798 352.876 352.955 353.031 353.101 353.17 353.236 353.298 353.355 353.407 353.458 353.509 353.561 353.611 353.662 353.716 353.773 353.832 353.893 353.957 354.024 354.095 354.166 354.238 354.31 354.383 354.456 354.525 354.59 354.654 354.714 354.769 354.818 354.863 354.902
352.047 353.017 352.978 352.94 352.906 352.868 352.832 352.8 352.776 352.757 352.739 352.718 352.696 352.673 352.647 352.615 352.576 352.53 352.482 352.438 352.396 352.353 352.316 352.293 352.286 352.29 352.306 352.335 352.381 352.442 352.512 352.586 352.666 352.752 352.841 352.926 353.005 353.083 353.157 353.228 353.292 353.351 353.408 353.464 353.52 353.574 353.629 353.686 353.746 353.807 353.871 353.937 354.007 354.08 354.154 354.228 354.303 354.379 354.454 354.526 354.594 354.661 354.723 354.78 354.831 354.878 354.919
351.955 352.919 352.873 352.829 352.788 352.743 352.7 352.661 352.631 352.606 352.583 352.558 352.531 352.505 352.476 352.442 352.4 352.351 352.301 352.256 352.211 352.167 352.129 352.106 352.099 352.104 352.123 352.156 352.206 352.273 352.35 352.432 352.52 352.616 352.715 352.81 352.899 352.987 353.072 353.151 353.223 353.29 353.353 353.415 353.476 353.535 353.593 353.653 353.716 353.78 353.846 353.915 353.987 354.062 354.139 354.216 354.294 354.373 354.451 354.525 354.597 354.666 354.731 354.791 354.845 354.893 354.936
351.838 352.796 352.744 352.694 352.646 352.595 352.545 352.5 352.464 352.433 352.405 352.376 352.345 352.316 352.284 352.247 352.203 352.152 352.101 352.053 352.008 351.962 351.923 351.901 351.894 351.901 351.922 351.958 352.014 352.087 352.172 352.262 352.36 352.467 352.577 352.683 352.784 352.883 352.978 353.067 353.148 353.223 353.293 353.362 353.428 353.491 353.553 353.617 353.683 353.749 353.818 353.889 353.964 354.042 354.121 354.201 354.282 354.364 354.445 354.523 354.598 354.67 354.739 354.801 354.857 354.908 354.953
351.697 352.65 352.592 352.536 352.482 352.424 352.367 352.317 352.275 352.239 352.206 352.172 352.138 352.105 352.07 352.031 351.984 351.931 351.877 351.828 351.781 351.735 351.696 351.673 351.668 351.677 351.701 351.741 351.803 351.884 351.977 352.077 352.185 352.304 352.427 352.545 352.657 352.769 352.876 352.976 353.067 353.15 353.229 353.305 353.377 353.444 353.51 353.578 353.647 353.716 353.787 353.861 353.938 354.019 354.101 354.184 354.268 354.353 354.438 354.519 354.598 354.674 354.746 354.812 354.871 354.924 354.971
351.535 352.483 352.419 352.357 352.297 352.233 352.17 352.114 352.066 352.025 351.987 351.948 351.91 351.874 351.836 351.794 351.744 351.689 351.634 351.583 351.535 351.488 351.448 351.427 351.423 351.434 351.461 351.507 351.575 351.663 351.766 351.876 351.995 352.128 352.264 352.395 352.521 352.646 352.766 352.878 352.979 353.073 353.16 353.243 353.322 353.394 353.464 353.535 353.608 353.68 353.753 353.83 353.91 353.993 354.078 354.164 354.251 354.341 354.429 354.514 354.596 354.676 354.752 354.822 354.884 354.94 354.99
351.35 352.292 352.224 352.156 352.091 352.021 351.952 351.89 351.838 351.792 351.749 351.706 351.664 351.625 351.584 351.54 351.488 351.431 351.374 351.323 351.274 351.225 351.186 351.165 351.164 351.177 351.208 351.258 351.333 351.43 351.542 351.662 351.794 351.94 352.09 352.235 352.375 352.514 352.648 352.773 352.885 352.989 353.085 353.177 353.262 353.34 353.414 353.49 353.566 353.641 353.717 353.795 353.879 353.965 354.053 354.142 354.233 354.326 354.418 354.507 354.593 354.678 354.757 354.83 354.896 354.955 355.008
351.139 352.077 352.003 351.93 351.86 351.785 351.712 351.645 351.589 351.539 351.493 351.447 351.403 351.361 351.319 351.272 351.219 351.161 351.103 351.051 351.002 350.953 350.913 350.893 350.894 350.909 350.943 350.999 351.081 351.186 351.307 351.438 351.582 351.742 351.906 352.066 352.22 352.373 352.522 352.659 352.783 352.898 353.004 353.104 353.197 353.28 353.36 353.44 353.52 353.598 353.676 353.758 353.844 353.933 354.024 354.117 354.211 354.308 354.405 354.498 354.588 354.676 354.761 354.837 354.906 354.969 355.024
350.899 351.833 351.754 351.678 351.603 351.524 351.447 351.377 351.317 351.265 351.216 351.169 351.123 351.079 351.036 350.989 350.935 350.876 350.817 350.765 350.715 350.665 350.626 350.608 350.61 350.628 350.666 350.727 350.815 350.929 351.06 351.202 351.359 351.532 351.712 351.886 352.055 352.224 352.387 352.538 352.675 352.801 352.918 353.027 353.127 353.217 353.302 353.386 353.47 353.551 353.633 353.718 353.807 353.899 353.993 354.089 354.187 354.288 354.389 354.486 354.58 354.673 354.762 354.843 354.915 354.982 355.04
350.634 351.563 351.481 351.4 351.322 351.24 351.159 351.087 351.025 350.971 350.921 350.872 350.825 350.781 350.737 350.689 350.635 350.575 350.516 350.464 350.414 350.364 350.326 350.308 350.312 350.333 350.375 350.441 350.537 350.659 350.8 350.954 351.123 351.311 351.506 351.696 351.88 352.065 352.244 352.41 352.559 352.698 352.825 352.944 353.052 353.149 353.239 353.329 353.417 353.502 353.586 353.674 353.766 353.861 353.959 354.058 354.16 354.265 354.37 354.472 354.571 354.669 354.762 354.847 354.924 354.993 355.055
350.348 351.273 351.186 351.102 351.021 350.936 350.853 350.778 350.715 350.66 350.609 350.56 350.513 350.469 350.425 350.378 350.324 350.265 350.206 350.154 350.104 350.055 350.017 350.001 350.007 350.03 350.076 350.147 350.25 350.38 350.532 350.696 350.879 351.081 351.291 351.496 351.696 351.897 352.092 352.272 352.435 352.586 352.725 352.854 352.971 353.075 353.171 353.267 353.36 353.448 353.536 353.627 353.723 353.821 353.922 354.024 354.13 354.24 354.349 354.456 354.559 354.662 354.76 354.849 354.929 355.002 355.067
350.047 350.967 350.876 350.788 350.704 350.617 350.532 350.456 350.392 350.336 350.286 350.237 350.191 350.149 350.106 350.06 350.007 349.949 349.891 349.84 349.791 349.743 349.705 349.691 349.699 349.725 349.774 349.851 349.96 350.098 350.258 350.433 350.627 350.843 351.068 351.287 351.502 351.718 351.928 352.123 352.3 352.464 352.615 352.755 352.881 352.993 353.097 353.198 353.297 353.39 353.482 353.578 353.678 353.779 353.883 353.99 354.1 354.213 354.327 354.437 354.545 354.652 354.754 354.847 354.93 355.007 355.074
349.727 350.643 350.547 350.456 350.369 350.279 350.193 350.116 350.053 349.998 349.95 349.903 349.859 349.819 349.779 349.736 349.684 349.628 349.573 349.523 349.475 349.428 349.392 349.379 349.39 349.418 349.47 349.551 349.666 349.811 349.98 350.165 350.37 350.599 350.837 351.07 351.3 351.531 351.757 351.966 352.157 352.334 352.498 352.649 352.785 352.906 353.017 353.126 353.231 353.329 353.426 353.526 353.63 353.735 353.843 353.953 354.066 354.184 354.301 354.416 354.527 354.638 354.744 354.841 354.928 355.007 355.077
349.388 350.299 350.199 350.104 350.015 349.923 349.836 349.76 349.697 349.645 349.599 349.555 349.514 349.478 349.442 349.402 349.354 349.3 349.247 349.2 349.154 349.108 349.073 349.062 349.075 349.106 349.161 349.246 349.367 349.519 349.695 349.889 350.105 350.346 350.598 350.845 351.088 351.335 351.576 351.8 352.004 352.195 352.372 352.536 352.682 352.812 352.932 353.048 353.16 353.264 353.366 353.471 353.579 353.689 353.8 353.913 354.031 354.153 354.274 354.392 354.508 354.622 354.732 354.832 354.922 355.004 355.077
349.037 349.942 349.838 349.739 349.647 349.554 349.466 349.39 349.329 349.279 349.237 349.196 349.159 349.127 349.096 349.06 349.015 348.965 348.915 348.87 348.827 348.783 348.75 348.741 348.756 348.789 348.847 348.936 349.062 349.22 349.404 349.606 349.832 350.084 350.348 350.608 350.865 351.126 351.382 351.62 351.839 352.044 352.235 352.411 352.568 352.709 352.839 352.964 353.083 353.194 353.302 353.412 353.526 353.64 353.755 353.873 353.995 354.12 354.245 354.366 354.485 354.604 354.716 354.819 354.912 354.997 355.072
348.678 349.578 349.468 349.365 349.27 349.175 349.086 349.01 348.95 348.903 348.864 348.827 348.793 348.766 348.74 348.708 348.668 348.622 348.576 348.534 348.494 348.452 348.421 348.415 348.433 348.468 348.528 348.621 348.752 348.915 349.105 349.314 349.549 349.811 350.085 350.357 350.627 350.902 351.171 351.424 351.657 351.876 352.081 352.27 352.44 352.593 352.733 352.869 352.997 353.117 353.232 353.349 353.469 353.589 353.709 353.831 353.957 354.086 354.214 354.339 354.461 354.582 354.697 354.802 354.896 354.983 355.059
348.313 349.206 349.09 348.982 348.884 348.786 348.696 348.619 348.56 348.516 348.48 348.446 348.418 348.396 348.375 348.349 348.313 348.272 348.231 348.194 348.157 348.118 348.09 348.087 348.107 348.145 348.208 348.304 348.438 348.606 348.8 349.016 349.258 349.529 349.813 350.095 350.376 350.664 350.947 351.213 351.46 351.694 351.914 352.117 352.301 352.466 352.62 352.766 352.906 353.035 353.159 353.284 353.411 353.537 353.662 353.789 353.919 354.052 354.183 354.31 354.434 354.557 354.673 354.78 354.875 354.962 355.039
347.938 348.824 348.701 348.588 348.486 348.385 348.293 348.216 348.159 348.117 348.084 348.055 348.032 348.016 348.002 347.981 347.951 347.916 347.88 347.847 347.815 347.779 347.755 347.755 347.778 347.818 347.883 347.982 348.12 348.291 348.489 348.71 348.959 349.237 349.529 349.82 350.112 350.413 350.709 350.988 351.249 351.499 351.733 351.951 352.149 352.329 352.497 352.657 352.808 352.948 353.082 353.216 353.35 353.483 353.614 353.746 353.881 354.016 354.15 354.28 354.405 354.529 354.646 354.753 354.849 354.936 355.012
347.554 348.433 348.303 348.184 348.078 347.974 347.88 347.803 347.746 347.707 347.678 347.653 347.635 347.625 347.617 347.603 347.579 347.55 347.519 347.492 347.464 347.433 347.412 347.415 347.441 347.484 347.551 347.653 347.793 347.967 348.169 348.394 348.648 348.932 349.231 349.531 349.833 350.144 350.453 350.745 351.02 351.285 351.535 351.768 351.981 352.177 352.36 352.534 352.698 352.85 352.996 353.141 353.284 353.425 353.563 353.701 353.84 353.979 354.116 354.247 354.374 354.498 354.615 354.722 354.817 354.903 354.979
347.164 348.035 347.898 347.773 347.662 347.555 347.458 347.38 347.324 347.286 347.261 347.24 347.226 347.222 347.22 347.212 347.194 347.171 347.146 347.125 347.101 347.075 347.059 347.065 347.094 347.139 347.209 347.313 347.456 347.631 347.836 348.064 348.322 348.611 348.916 349.223 349.534 349.856 350.175 350.48 350.769 351.048 351.314 351.563 351.792 352.005 352.203 352.393 352.572 352.739 352.898 353.055 353.209 353.359 353.506 353.651 353.796 353.94 354.079 354.213 354.341 354.465 354.581 354.687 354.781 354.865 354.94
346.768 347.631 347.486 347.355 347.238 347.127 347.027 346.947 346.891 346.855 346.832 346.814 346.805 346.805 346.809 346.806 346.794 346.777 346.759 346.744 346.726 346.705 346.693 346.704 346.736 346.784 346.856 346.962 347.106 347.283 347.489 347.72 347.981 348.273 348.583 348.896 349.215 349.546 349.876 350.193 350.495 350.79 351.072 351.337 351.584 351.814 352.03 352.237 352.433 352.616 352.791 352.961 353.129 353.29 353.447 353.6 353.751 353.899 354.042 354.178 354.306 354.429 354.543 354.647 354.739 354.82 354.892
346.364 347.219 347.066 346.928 346.806 346.689 346.586 346.503 346.447 346.412 346.392 346.377 346.371 346.377 346.385 346.389 346.383 346.373 346.361 346.352 346.34 346.325 346.318 346.333 346.369 346.419 346.494 346.601 346.747 346.924 347.131 347.363 347.626 347.92 348.233 348.552 348.877 349.216 349.557 349.885 350.201 350.511 350.81 351.093 351.357 351.605 351.841 352.066 352.28 352.482 352.674 352.86 353.042 353.216 353.384 353.547 353.705 353.858 354.004 354.141 354.269 354.39 354.502 354.602 354.691 354.769 354.837
345.952 346.798 346.638 346.492 346.365 346.243 346.136 346.051 345.994 345.961 345.942 345.931 345.928 345.938 345.952 345.961 345.961 345.958 345.954 345.951 345.945 345.936 345.934 345.954 345.993 346.046 346.123 346.232 346.378 346.556 346.762 346.995 347.259 347.554 347.869 348.191 348.522 348.869 349.218 349.557 349.886 350.211 350.526 350.826 351.108 351.376 351.631 351.876 352.109 352.331 352.542 352.746 352.943 353.132 353.313 353.487 353.653 353.812 353.961 354.101 354.23 354.349 354.457 354.555 354.64 354.713 354.776
345.531 346.369 346.201 346.049 345.916 345.79 345.679 345.592 345.535 345.502 345.486 345.477 345.478 345.493 345.512 345.526 345.533 345.536 345.539 345.543 345.543 345.539 345.544 345.568 345.611 345.666 345.744 345.855 346.001 346.178 346.384 346.616 346.88 347.176 347.492 347.817 348.152 348.505 348.861 349.21 349.55 349.889 350.219 350.535 350.835 351.122 351.398 351.662 351.916 352.158 352.39 352.613 352.828 353.034 353.23 353.415 353.592 353.758 353.913 354.056 354.186 354.304 354.41 354.504 354.586 354.654 354.712
345.099 345.929 345.755 345.597 345.459 345.328 345.214 345.124 345.066 345.034 345.019 345.013 345.017 345.036 345.06 345.08 345.093 345.103 345.113 345.123 345.13 345.132 345.142 345.171 345.217 345.275 345.355 345.467 345.613 345.789 345.993 346.225 346.488 346.783 347.099 347.425 347.763 348.12 348.483 348.84 349.191 349.542 349.887 350.219 350.536 350.843 351.139 351.425 351.7 351.965 352.22 352.464 352.698 352.923 353.136 353.337 353.525 353.7 353.863 354.01 354.142 354.259 354.362 354.452 354.529 354.592 354.644
344.657 345.481 345.299 345.136 344.993 344.858 344.74 344.648 344.589 344.557 344.543 344.539 344.546 344.57 344.599 344.625 344.644 344.661 344.677 344.694 344.707 344.715 344.731 344.764 344.814 344.875 344.956 345.069 345.215 345.389 345.591 345.821 346.083 346.375 346.69 347.016 347.357 347.717 348.084 348.448 348.809 349.172 349.531 349.878 350.214 350.541 350.858 351.166 351.464 351.753 352.032 352.299 352.555 352.801 353.034 353.251 353.452 353.638 353.809 353.961 354.095 354.211 354.311 354.397 354.469 354.525 354.57
344.208 345.025 344.838 344.669 344.521 344.382 344.261 344.167 344.107 344.075 344.063 344.061 344.072 344.1 344.135 344.166 344.191 344.215 344.239 344.262 344.281 344.296 344.317 344.355 344.408 344.471 344.554 344.667 344.812 344.984 345.184 345.411 345.67 345.96 346.272 346.598 346.939 347.301 347.672 348.041 348.41 348.784 349.155 349.517 349.87 350.216 350.555 350.885 351.206 351.52 351.824 352.114 352.393 352.662 352.916 353.151 353.366 353.565 353.745 353.905 354.042 354.157 354.255 354.339 354.406 354.456 354.494
343.753 344.564 344.371 344.197 344.045 343.903 343.779 343.684 343.623 343.592 343.581 343.582 343.597 343.631 343.672 343.709 343.741 343.773 343.804 343.834 343.86 343.881 343.908 343.95 344.006 344.071 344.155 344.268 344.411 344.581 344.777 345.001 345.256 345.542 345.851 346.175 346.515 346.877 347.25 347.624 348 348.382 348.763 349.139 349.507 349.871 350.23 350.58 350.924 351.262 351.591 351.906 352.208 352.5 352.776 353.03 353.263 353.476 353.667 353.836 353.978 354.095 354.193 354.275 354.339 354.383 354.415
343.29 344.095 343.897 343.719 343.564 343.418 343.292 343.196 343.136 343.106 343.098 343.102 343.122 343.161 343.208 343.252 343.291 343.331 343.37 343.408 343.44 343.467 343.5 343.546 343.605 343.672 343.757 343.869 344.011 344.177 344.369 344.588 344.84 345.121 345.425 345.745 346.084 346.444 346.817 347.194 347.574 347.962 348.353 348.74 349.122 349.503 349.88 350.251 350.618 350.98 351.334 351.674 352.001 352.319 352.619 352.895 353.145 353.375 353.58 353.759 353.908 354.03 354.128 354.21 354.271 354.311 354.337
