tests/full-run-ref/erosion_2010_78_17_32.116.asc
ncols 512
nrows 512
xllcorner -3.24582
yllcorner -4.08743
cellsize 5
NODATA_value -99999
[rows 252 to 293 of 512, columns 94 to 187 of 512]
5.77 5.77 5.77 5.77 5.77 5.77 5.77 5.77 5.77 5.77 5.77 5.77 5.77 5.77 5.77 5.77 5.77 5.77 5.77 5.77 5.77 5.77 5.77 5.77 5.77 5.77 5.77 5.77 5.77 5.77 5.77 5.77 5.77 5.77 5.77 5.77 5.77 5.77 5.76703 5.76495 11.5354 17.3057 23.0759 28.8461 34.6163 40.3866 46.1569 51.9272 57.1178 62.8881 65.2781 71.0482 73.4377 79.208 81.5976 87.3684 93.1391 98.0891 98.0891 97.0986 97.0987 102.86 94.7079 94.7086 94.709 102.622 96.8583 91.0879 88.6979 86.308 83.9179 81.5279 79.1378 76.7478 68.5868 68.586 68.5848 65.2795 68.6587 62.8876 57.1167 54.7268 48.9559 46.566 40.7948 38.405 32.6334 30.2439 24.472 22.0826 16.3099 13.922 11.5292 0
5.77 5.77 5.77 5.77 5.77 5.77 5.77 5.77 5.77 5.77 5.77 5.77 5.77 5.77 5.77 5.77 5.77 5.77 5.77 5.77 5.77 5.77 5.77 5.77 5.77 5.77 5.77 5.77 5.77 5.77 5.77 5.77 5.77 5.77 5.77 5.77 5.77 5.77 5.76783 5.76603 11.5363 16.3165 23.0767 28.8469 32.6371 38.4076 46.1578 48.958 54.7283 57.1178 62.8879 65.2774 71.0477 73.4372 79.2081 84.9788 90.7493 92.319 92.3191 91.3285 91.3286 97.0902 88.9376 88.9384 88.9388 88.9389 94.4617 88.6981 82.9275 80.5376 78.1476 75.7576 73.3675 70.9677 62.816 62.8149 62.8134 62.8119 62.8125 0 62.8882 57.1171 54.7268 48.9557 46.5657 40.7942 38.4045 32.6328 30.2432 24.4707 22.0824 19.687 13.9211 8.14961
5.77 5.77 5.77 5.77 5.77 5.77 5.77 5.77 5.77 5.77 5.77 5.77 5.77 5.77 5.77 5.77 5.77 5.77 5.77 5.77 5.77 5.77 5.77 5.77 5.77 5.77 5.77 5.77 5.77 5.77 5.77 5.77 5.77 5.77 5.77 5.77 5.77 5.77 5.76826 5.7668 11.537 16.3172 23.0774 28.8476 32.6379 38.4082 40.7978 46.5678 48.9573 54.7276 57.117 62.8873 65.2767 71.0477 76.8184 82.5892 84.9793 86.5489 86.549 85.5584 85.5584 91.32 83.1674 83.1683 83.1687 83.1687 83.1693 86.3014 80.5377 74.767 72.3772 69.9872 67.5972 65.1988 57.0455 57.0444 57.0429 57.0411 0 0 47.8932 62.8884 57.1169 54.7264 48.9551 46.5652 40.7936 38.4039 32.6315 30.243 27.8473 22.0816 16.3083 13.9204
5.77 5.77 5.77 5.77 5.77 5.77 5.77 5.77 5.77 5.77 5.77 5.77 5.77 5.77 5.77 5.77 5.77 5.77 5.77 5.77 5.77 5.77 5.77 5.77 5.77 5.77 5.77 5.77 5.77 5.77 5.77 5.77 5.77 5.77 5.77 5.77 5.77 5.77 5.76862 5.7675 11.5376 16.3178 22.0881 24.4778 30.2478 32.6373 38.4075 40.7969 46.5672 48.9565 54.7269 57.1161 62.8872 68.658 74.4288 80.1995 80.1991 80.7788 80.7789 43.6514 43.651 85.5501 77.3972 77.3981 77.3986 77.3984 77.3991 83.911 78.1411 72.3774 66.6065 64.2167 61.8268 59.4285 51.2751 51.274 51.2724 0 0 0 0 47.8928 62.8545 57.1161 54.7259 48.9545 46.5647 40.7925 38.4035 36.0076 30.2421 24.469 22.081 16.309
5.77 5.77 5.77 5.77 5.77 5.77 5.77 5.77 5.77 5.77 5.77 5.77 5.77 5.77 5.77 5.77 5.77 5.77 5.77 5.77 5.77 5.77 5.77 5.77 5.77 5.77 5.77 5.77 5.77 5.77 5.77 5.77 5.77 5.77 5.77 5.77 5.77 5.77 5.76901 5.76809 8.15796 13.928 16.3174 22.0874 24.4768 30.2471 32.6364 38.4068 40.796 46.5665 48.9555 54.7268 60.4977 66.2685 72.0392 75.0093 75.0087 43.6516 43.6519 80.7785 43.6511 43.6508 43.6501 71.6281 71.6285 71.6282 71.6289 73.3687 75.7506 69.9807 64.217 58.446 56.0562 53.6581 45.5047 45.5036 0 0 0 0 0 47.8915 65.2773 62.8867 57.1154 54.7255 48.9537 46.5641 44.1677 38.4026 32.6298 30.2416 24.4698 22.0814
5.77 5.77 5.77 5.77 5.77 5.77 5.77 5.77 5.77 5.77 5.77 5.77 5.77 5.77 5.77 5.77 5.77 5.77 5.77 5.77 5.77 5.77 5.77 5.77 5.77 5.77 5.77 5.77 5.77 5.77 5.77 5.77 5.77 5.77 5.77 5.77 5.77 5.77 5.7695 5.76817 5.76757 8.15683 13.927 16.3162 22.0867 24.4759 30.2465 32.6355 38.406 40.7949 46.5663 52.3373 58.1082 63.8788 69.6494 69.2391 43.6515 43.6515 43.6519 75.0084 0 0 0 43.6503 74.0071 63.4676 63.468 63.469 73.3603 67.5903 61.8203 56.0565 50.2852 47.8872 39.734 0 0 0 0 0 0 47.8885 47.8932 65.2766 62.8863 57.1153 54.725 52.3279 46.5631 40.7909 38.4022 32.6308 30.242 24.4707
5.77 5.77 5.77 5.77 5.77 5.77 5.77 5.77 5.77 5.77 5.77 5.77 5.77 5.77 5.77 5.77 5.77 5.77 5.77 5.77 5.77 5.77 5.77 5.77 5.77 5.77 5.77 5.77 5.77 5.77 5.77 5.77 5.77 5.77 5.77 5.77 5.77 5.77 5.76988 5.76872 5.76697 5.76661 8.15574 13.9263 16.3154 22.086 24.475 30.2455 32.6342 38.4057 44.1768 49.9478 55.7185 61.4891 65.8594 71.6208 43.6514 43.6514 43.6518 69.2384 0 0 0 63.4666 43.6501 57.6977 57.6972 57.6977 70.9697 65.1996 59.4298 53.6598 47.8958 42.1167 0 0 0 0 0 0 0 50.1672 73.4122 70.9252 65.1483 45.5124 45.5123 54.7243 48.9527 46.5632 40.7925 38.4029 32.6329 30.2441
5.77 5.77 5.77 5.77 5.77 5.77 5.77 5.77 5.77 5.77 5.77 5.77 5.77 5.77 5.77 5.77 5.77 5.77 5.77 5.77 5.77 5.77 5.77 5.77 5.77 5.77 5.77 5.77 5.77 5.77 5.77 5.77 5.77 5.77 5.77 5.77 5.77 5.77 5.77 5.76982 5.76823 5.76608 5.76587 8.15492 13.9256 16.3144 22.085 24.4734 30.2449 36.0162 44.1775 49.9483 55.7188 56.7094 60.0893 65.8506 43.6512 43.6513 43.6518 63.4684 62.4691 60.0872 0 0 0 0 0 51.9282 57.6979 57.6984 56.0611 50.2907 45.4999 39.7358 0 0 0 0 0 0 0 0 45.5047 45.495 47.8182 42.1268 45.5131 57.1065 54.7265 48.9561 46.156 40.3854 34.6147 28.8438
5.77 5.77 5.77 5.77 5.77 5.77 5.77 5.77 5.77 5.77 5.77 5.77 5.77 5.77 5.77 5.77 5.77 5.77 5.77 5.77 5.77 5.77 5.77 5.77 5.77 5.77 5.77 5.77 5.77 5.77 5.77 5.77 5.77 5.77 5.77 5.77 5.77 5.77 5.77 5.77 5.76978 5.76787 5.76539 5.76516 8.15383 13.9244 16.3126 22.0842 27.8554 36.0175 41.7884 47.5587 50.939 56.7097 62.4789 60.0804 43.6511 43.6512 43.6518 57.6984 56.6987 54.3077 0 0 0 0 0 0 46.1585 46.1588 50.2938 47.9017 42.1332 39.7345 0 0 0 0 0 0 0 0 0 0 33.9685 39.7385 45.5134 62.8893 57.119 54.319 48.5487 42.778 37.0075 31.2369
5.77 5.77 5.77 5.77 5.77 5.77 5.77 5.77 5.77 5.77 5.77 5.77 5.77 5.77 5.77 5.77 5.77 5.77 5.77 5.77 5.77 5.77 5.77 5.77 5.77 5.77 5.77 5.77 5.77 5.77 5.77 5.77 5.77 5.77 5.77 5.77 5.77 5.77 5.77 5.77 5.77 5.76975 5.76748 5.76439 5.76377 8.15174 13.9236 19.6949 27.8573 33.6278 39.3983 45.1686 50.939 50.9396 56.7085 54.3102 43.6509 43.6511 43.6517 51.9284 50.9382 48.5393 0 0 0 0 0 0 0 39.3989 39.3992 42.1338 39.7437 33.9738 33.9747 33.9748 33.9748 33.9748 33.9748 0 0 0 0 0 33.9706 45.5102 45.5129 65.2792 60.0888 54.3185 48.548 42.7776 37.0072 31.2367
5.77 5.77 5.77 5.77 5.77 5.77 5.77 5.77 5.77 5.77 5.77 5.77 5.77 5.77 5.77 5.77 5.77 5.77 5.77 5.77 5.77 5.77 5.77 5.77 5.77 5.77 5.77 5.77 5.77 5.77 5.77 5.77 5.77 5.77 5.77 5.77 5.77 5.77 5.77 5.77 5.77 5.77 5.7697 5.76673 5.76239 5.76283 11.5344 19.697 24.4775 27.858 36.0183 42.7786 48.549 62.4517 50.938 48.54 40.3878 40.388 40.3887 46.1584 45.1683 42.7694 0 0 0 0 0 0 0 0 33.6291 39.3992 33.9737 28.8494 28.8497 28.8499 28.85 28.85 0 0 0 0 0 0 33.9721 45.51 45.5118 63.4689 57.6979 51.9272 46.1565 40.3859 34.6153 28.8445
5.77 5.77 5.77 5.77 5.77 5.77 5.77 5.77 5.77 5.77 5.77 5.77 5.77 5.77 5.77 5.77 5.77 5.77 5.77 5.77 5.77 5.77 5.77 5.77 5.77 5.77 5.77 5.77 5.77 5.77 5.77 5.77 5.77 5.77 5.77 5.77 5.77 5.77 5.77 5.77 5.77 5.77 5.77 5.76959 5.76512 5.76395 11.5365 17.3071 23.0775 24.4779 27.8583 36.0186 46.159 60.0209 45.1675 42.7699 34.6176 34.6179 34.6187 40.3884 39.3983 36.9994 0 0 0 0 0 0 0 0 0 33.6291 31.2331 23.0784 23.0788 25.4693 27.8597 0 0 0 0 0 0 0 33.9718 39.7404 45.5102 45.5132 60.0882 54.3175 48.5467 42.776 37.0053 31.2345
5.77 5.77 5.77 5.77 5.77 5.77 5.77 5.77 5.77 5.77 5.77 5.77 5.77 5.77 5.77 5.77 5.77 5.77 5.77 5.77 5.77 5.77 5.77 5.77 5.77 5.77 5.77 5.77 5.77 5.77 5.77 5.77 5.77 5.77 5.77 5.77 5.77 5.77 5.77 5.77 5.77 5.77 5.77 5.77 5.76751 5.76624 11.5365 17.3071 23.0775 24.478 24.4784 27.8588 36.0192 57.5737 39.3973 36.9998 28.8475 28.8478 28.8487 34.6184 33.6283 31.2294 0 0 0 0 0 0 0 0 0 27.8588 25.4606 0 0 0 0 0 0 0 0 0 0 0 33.9722 39.7419 42.1313 45.5122 58.1083 55.7185 50.938 45.167 39.3958 33.6251
5.77 5.77 5.77 5.77 5.77 5.77 5.77 5.77 5.77 5.77 5.77 5.77 5.77 5.77 5.77 5.77 5.77 5.77 5.77 5.77 5.77 5.77 5.77 5.77 5.77 5.77 5.77 5.77 5.77 5.77 5.77 5.77 5.77 5.77 5.77 5.77 5.77 5.77 5.77 5.77 5.77 5.77 5.77 5.77 5.76811 5.76683 11.5372 17.3076 23.078 24.4784 24.4788 27.8594 51.9285 36.0169 33.616 31.2289 23.0773 23.0777 23.0786 28.8484 27.8583 25.4593 0 0 0 0 0 0 0 0 0 22.0887 19.6903 0 0 0 0 0 0 0 0 0 0 0 33.9726 33.9722 39.742 42.1319 44.1776 49.9472 47.5576 47.5585 41.7773 22.0861
0 0 0 0 0 0 0 0 0 0 0 0 0 0 0 0 0 0 0 0 0 0 0 0 0 0 0 0 0 0 0 0 0 0 0 0 0 0 0 0 0 0 0 0 0 5.76732 11.5377 17.3081 23.0785 24.4791 24.479 46.1585 27.8568 25.4539 22.9724 17.3075 17.3075 17.3076 17.3085 0 22.0882 19.6893 0 0 0 0 0 0 0 0 0 0 13.9201 0 0 0 0 0 0 0 0 0 0 0 33.973 33.9721 33.9719 39.7427 38.4075 44.1672 41.7769 2.77713 31.2381 31.239
0 0 0 0 0 0 0 0 0 0 0 0 0 0 0 0 0 0 0 0 0 0 0 0 0 0 0 0 0 0 0 0 0 0 0 0 0 0 0 0 0 0 0 0 0 5.76771 11.5381 17.3084 23.0789 24.4797 30.2487 24.4775 22.0879 19.6902 11.538 11.5378 11.5377 11.5378 0 0 0 13.9192 0 0 0 0 0 0 0 0 0 0 0 0 0 0 0 0 0 0 0 0 0 0 0 28.8484 33.9727 33.9728 40.7884 38.4067 36.0062 33.6109 31.2345 33.6247
0 0 0 0 0 0 0 0 0 0 0 0 0 0 0 0 0 0 0 0 0 0 0 6.15925 6.1593 0 0 0 5.76909 5.76921 6.1593 8.15955 13.8846 8.15944 0 0 0 0 0 0 0 0 0 0 0 5.76787 11.5382 17.3086 23.0791 24.4798 27.8418 22.0885 16.3181 13.9199 0 0 0 0 0 0 0 0 0 0 0 0 0 0 0 0 0 0 0 0 0 0 0 0 0 28.8491 28.8486 0 0 0 28.8499 33.9742 28.849 28.8485 34.6174 32.6369 30.2461 27.8457 25.4518 17.3041
0 0 0 0 0 0 0 0 0 0 0 0 0 0 0 0 0 0 0 0 0 0 5.7692 5.76947 5.76933 5.76876 5.76925 5.76807 5.76883 8.15923 11.9296 17.2799 11.5389 5.76907 0 0 0 0 0 0 0 0 0 0 0 5.76782 11.5383 17.3087 23.0793 24.4799 25.4613 19.6915 13.9281 8.15503 0 0 0 0 0 0 0 0 0 0 0 0 0 0 0 0 0 0 0 0 0 0 0 0 0 28.8491 33.9729 33.6298 31.2398 28.8496 0 28.8494 25.4689 0 28.8473 27.8573 24.4762 22.0856 19.6872 11.5347
0 0 0 0 0 0 0 0 0 0 0 0 0 0 0 0 0 0 0 0 0 0 5.76916 8.15947 8.15914 8.15915 8.15854 21.9666 8.15811 13.9292 16.3196 17.309 11.5385 5.76561 0 0 0 0 0 0 0 0 0 0 0 5.76791 11.5384 17.3088 23.0793 25.4698 27.8582 17.3007 11.5332 5.76819 0 0 0 0 0 0 0 0 0 0 0 0 0 0 0 0 0 0 0 0 0 0 0 0 0 28.849 28.8493 0 33.6256 31.1403 0 0 0 25.4589 23.077 22.0872 19.6966 16.3155 13.9169 5.76405
0 0 0 0 0 0 0 0 0 0 0 0 0 0 0 0 0 0 0 0 0 5.76863 5.76873 11.5385 24.4782 24.4775 28.134 24.4777 30.0124 24.4786 25.4693 19.6964 13.9281 8.15803 5.76905 6.15933 0 0 0 0 0 0 0 0 0 5.76796 11.5385 17.3089 23.0793 27.8599 30.2491 19.6985 13.9286 8.15846 0 0 0 0 0 0 0 0 0 0 0 0 0 0 0 0 0 0 0 0 0 0 0 0 0 28.8495 32.6383 30.2476 27.8566 25.4557 0 0 22.0846 19.6895 11.537 8.15729 13.9266 11.5362 0 0
0 0 0 0 0 0 0 0 0 0 0 0 0 0 0 0 0 0 0 0 5.76904 5.76881 8.15847 22.0249 56.5395 54.3188 50.9388 45.1689 39.3987 33.6288 27.8587 22.0884 16.3179 14.3181 14.3058 6.1594 6.15971 0 0 0 0 0 0 0 5.76883 5.76859 11.5389 17.3094 23.0795 23.0793 28.8493 22.0891 16.319 13.9291 8.15885 0 0 0 0 0 0 0 0 0 0 0 0 0 0 0 0 0 0 0 0 0 0 0 23.0785 27.8597 30.248 24.4768 22.0858 19.6853 0 0 0 13.9183 5.76627 5.76817 8.15689 0 0 0
0 0 0 0 0 0 0 0 0 0 0 0 0 0 0 0 0 0 0 0 5.76871 8.15875 13.9283 24.4558 22.0887 48.5491 47.5577 45.1677 41.7894 36.0192 30.2488 24.4778 22.088 24.4346 22.0896 16.3198 13.9298 8.1595 0 0 0 0 0 0 5.76905 5.76871 11.5393 17.3094 17.309 17.3088 17.3091 16.3196 22.0897 16.3197 13.9294 8.15905 0 0 0 0 0 0 0 0 0 0 0 0 0 0 0 0 0 0 0 0 0 17.3083 23.0791 33.6217 27.8508 22.0868 16.3148 13.9148 0 0 0 0 0 5.76853 0 0 0 0
6.16001 0 6.16001 6.16 5.77 0 0 0 0 0 0 0 0 0 0 0 0 0 6.15939 5.76864 5.76848 11.5386 16.3178 22.0883 22.0896 22.089 22.0889 39.3972 37.0071 22.0893 22.0898 22.0897 33.5712 25.4691 19.6992 13.9292 8.15926 0 0 0 0 0 0 0 0 5.76892 11.5394 11.5391 11.5387 11.5386 11.5387 11.5389 11.5394 8.15966 13.9297 11.5395 0 0 0 0 0 0 0 0 0 0 0 0 0 0 0 0 0 0 0 0 11.5385 16.3183 25.4695 31.2307 25.46 19.6898 13.9255 8.15047 0 0 0 0 0 0 0 0 0 0
0 0 0 0 0 0 0 0 0 0 0 0 0 0 0 0 0 0 5.76949 6.15903 8.15779 13.9274 16.3182 22.0893 39.3919 22.0885 22.0891 33.6267 31.21 22.0883 22.0887 22.0884 28.8455 23.0791 17.3015 11.534 5.62397 0 0 0 0 0 0 0 0 5.76932 5.76939 5.7687 5.76843 5.76834 5.76841 5.76864 5.76899 5.76936 0 0 0 0 0 0 0 0 0 0 0 0 0 0 0 0 0 0 5.76985 5.76968 6.15924 8.15838 13.9285 16.3192 22.0893 28.84 23.0693 17.2996 11.5316 5.76598 0 0 0 0 0 0 0 0 0 0
0 0 0 0 0 0 0 0 0 0 0 0 0 0 0 0 0 0 5.76927 11.5392 13.9284 16.3186 16.3198 16.3193 33.6207 22.0881 22.0887 31.2371 25.4586 17.3078 17.3077 17.3084 17.3091 23.0796 17.3094 11.5391 5.76409 0 0 0 0 0 0 0 0 5.76957 5.76935 5.76904 5.76909 5.76906 5.76909 5.7692 5.76936 0 0 0 0 0 0 0 0 0 0 0 0 0 0 0 0 0 0 0 5.76955 5.76958 8.15932 13.9292 16.3196 16.3188 25.4672 22.0857 16.3148 13.9264 11.5376 5.76853 0 0 0 0 0 0 0 0 0 0
0 0 0 0 0 0 0 0 0 0 0 0 0 0 0 0 0 0 5.7693 11.5392 13.9287 16.3193 32.6388 30.2484 27.8502 11.5376 11.5386 11.5394 23.0765 0 0 17.309 17.3093 17.3097 17.3097 11.5377 5.76844 0 0 0 0 0 0 0 0 0 0 0 0 0 0 0 0 0 0 0 0 0 6.16001 6.16001 6.16001 6.16001 6.16001 6.16001 6.16001 0 0 0 0 0 0 0 0 5.76919 5.76927 11.5395 13.929 19.6979 19.6978 16.3173 13.927 8.15475 5.76686 0 0 0 0 0 0 0 0 0 0 0
0 0 0 0 0 0 0 0 0 0 0 0 0 0 0 0 0 5.76971 5.76964 11.5396 16.3195 16.3195 30.2492 24.4782 22.0782 11.5368 11.5368 11.5387 11.5386 11.5391 0 0 0 0 0 13.9284 8.15848 0 0 0 0 0 0 0 0 0 0 0 0 0 0 0 0 0 0 0 0 0 0 0 0 0 0 0 0 0 0 0 0 0 0 0 0 0 5.76953 11.5398 16.3192 13.919 0 0 8.15765 5.7678 0 0 0 0 0 0 0 0 0 0 0 0
0 0 0 0 0 0 0 0 0 0 6.15999 6.15999 6.15998 6.16 6.16 6.15997 5.76998 5.76993 8.15983 8.15962 13.9296 16.3198 24.4795 22.089 16.3083 13.9117 0 0 8.15762 13.9299 11.5397 11.5398 0 11.54 11.54 0 13.9297 8.15983 0 0 0 0 5.76999 5.76999 0 0 0 0 0 0 0 0 0 0 0 0 0 0 0 0 0 0 0 0 0 0 0 0 0 0 0 0 0 0 5.76985 8.15996 13.9296 8.15597 0 0 0 0 0 0 0 0 0 0 0 0 0 0 0 6.15992
12.32 6.16 6.16 6.15999 14.32 0 0 0 0 6.15998 6.15998 6.15997 6.15997 12.1992 6.16 6.16 5.76999 5.76995 5.76974 8.15966 11.5397 16.32 22.0897 16.3192 13.9286 8.15424 0 0 0 8.15943 11.5396 0 11.54 11.54 11.54 13.93 0 0 0 0 0 5.77 5.76999 5.76999 0 0 5.76999 6.15993 6.1598 5.76971 5.76995 6.15999 6.16001 0 0 0 0 0 0 0 0 0 0 0 0 0 0 0 0 0 0 0 0 0 5.76996 5.76997 8.15978 0 0 0 0 0 0 0 0 0 0 0 0 0 0 0 0 0
12.32 12.32 12.32 12.32 12.32 11.54 11.54 11.54 11.54 11.54 11.54 12.32 12.32 20.48 17.31 11.54 5.76999 5.76999 5.76992 8.15971 11.5399 11.54 19.6929 13.9296 8.15916 0 0 0 0 0 0 0 0 0 0 0 11.54 0 0 0 0 0 0 0 0 0 0 5.76989 6.15986 6.15996 5.76999 5.76999 5.76999 0 0 0 0 0 0 0 0 0 0 0 0 0 0 0 0 0 0 0 0 5.76995 5.76998 11.535 5.76322 0 0 0 5.76916 0 0 0 0 0 0 0 0 0 0 0 0 0
12.32 12.32 12.32 12.32 12.32 16.3103 13.9182 11.54 5.76997 5.76998 8.15999 13.93 19.7 26.64 19.7 13.93 8.15997 8.15996 8.15985 8.15985 11.5399 23.0699 17.3024 11.5348 5.47464 0 0 0 0 0 0 0 0 0 0 0 0 0 0 0 0 0 0 0 0 0 5.76994 5.76985 5.76976 5.76981 5.76987 5.76994 0 0 0 0 0 0 0 0 0 0 0 0 0 0 0 0 0 0 0 0 5.76999 5.76998 5.76998 5.76999 5.76996 5.76991 6.15922 5.76879 5.76889 8.15302 0 0 0 0 0 0 0 0 0 0 0 0
10.1707 10.1707 10.1707 10.1707 10.1707 13.93 8.15722 5.76998 0 0 0 11.54 13.93 19.7 22.09 16.32 20.0273 16.3199 21.9541 8.15985 13.93 23.0799 17.3099 11.5398 5.75967 0 0 0 0 0 0 0 0 0 0 0 0 0 0 0 0 0 0 0 0 0 0 0 0 0 0 0 0 0 0 0 0 0 0 0 0 0 0 0 0 0 0 0 0 0 0 6.41507 6.41506 6.41504 6.41501 5.76997 5.76999 5.76997 6.15993 6.15948 8.15945 13.9142 8.15643 0 0 0 0 0 0 0 0 0 0 0
10.1707 10.1707 10.1707 10.1707 0 0 5.76998 0 0 0 0 0 13.93 0 16.32 16.32 16.32 16.32 13.93 16.32 28.8499 23.0799 17.3099 11.5398 5.7699 0 0 0 0 0 0 0 0 0 0 0 0 0 0 0 0 0 0 0 0 0 0 0 0 0 0 0 0 0 0 0 0 0 0 0 0 0 0 0 0 0 0 0 0 0 0 0 0 0 0 6.41503 5.76996 5.76998 5.7697 5.76949 8.15957 8.15915 13.9244 0 0 0 0 0 0 0 0 0 0 0
10.1706 10.1707 10.1707 0 0 5.76998 5.76707 0 0 0 0 0 0 0 0 0 0 11.5399 11.5399 13.9299 28.7763 23.0799 17.3098 11.5398 5.76986 0 0 0 0 0 0 0 0 0 0 0 0 0 0 0 0 0 0 0 0 0 0 0 0 0 0 0 0 0 0 0 0 0 0 0 0 0 0 0 0 0 0 0 0 0 0 0 0 0 0 0 0 5.76988 5.76941 5.76898 5.76931 13.926 8.15711 0 0 0 0 0 0 0 0 0 0 0
18.329 15.9303 0 0 0 5.76999 8.1597 0 0 0 0 0 0 0 0 0 0 0 5.76988 8.15984 11.54 25.4699 19.6999 13.9298 8.15985 0 0 0 0 0 0 0 0 0 0 0 0 0 0 0 0 0 0 0 0 0 0 0 0 0 0 0 0 0 0 0 0 0 0 0 0 0 0 0 0 0 0 0 0 0 0 0 0 0 0 0 0 0 0 0 5.76955 0 0 0 0 0 0 0 0 0 0 0 0 0
24.0575 18.3307 15.9406 0 5.77 0.0909822 8.15999 0 0 0 0 0 0 0 0 0 0 0 0 5.76982 11.5399 27.86 22.0899 16.3199 13.9299 0 0 0 0 0 0 0 0 0 0 0 0 0 0 0 0 0 0 0 0 0 0 0 0 0 0 0 0 0 0 0 0 0 0 0 0 0 0 0 0 0 0 0 0 0 0 0 0 0 0 0 0 0 0 0 5.76988 0 0 0 0 0 0 0 0 0 0 0 0 0
26.4907 21.7106 15.9406 0.0909746 0.0909796 11.54 0 0 0 0 0 0 0 0 0 0 0 0 0 5.76984 11.5399 25.4699 19.6999 13.9299 8.15987 0 0 0 0 0 0 0 0 0 0 0 0 0 0 0 0 0 0 0 0 0 0 0 0 0 0 0 0 0 0 0 0 0 0 0 0 0 0 0 0 0 0 0 0 0 0 0 0 0 0 0 0 0 0 0 0 0 0 0 0 0 0 0 0 0 0 0 0 0
21.7107 24.1007 18.3306 16.3306 17.2994 11.54 0 0 0 0 0 0 5.76998 0 0 0 0 6.16001 5.76996 5.76991 11.5399 23.072 17.3024 11.5349 5.47493 0 0 0 0 0 0 0 0 0 0 0 0 0 0 0 0 0 0 0 0 0 0 0 0 0 0 0 0 0 0 0 0 0 0 0 0 0 0 0 0 0 0 0 0 0 0 0 0 0 0 0 0 0 0 0 0 0 0 0 0 0 0 0 0 0 0 0 0 0
21.7107 26.4903 16.3307 16.3307 19.7 13.93 0 5.76997 0 5.7699 6.15989 5.7699 5.76998 8.15635 0 0 0 0 5.76996 5.76994 11.5399 16.32 17.3099 11.5399 5.75965 0 0 0 0 0 0 0 0 0 0 0 0 0 0 0 0 0 0 0 0 0 0 0 0 0 0 0 0 0 0 0 0 0 0 0 0 0 0 0 0 0 0 0 0 0 0 0 0 0 0 0 0 0 0 0 0 0 0 0 0 0 0 0 0 0 0 0 0 0
17.31 17.31 17.31 17.31 22.0797 8.16 8.16 8.15998 8.15993 14.2232 14.3198 6.15987 8.15996 11.5399 0 0 0 0 0 5.76994 8.15995 13.93 19.7 13.9299 8.1599 0 0 0 0 0 0 0 0 0 0 0 6.16 6.16 6.16001 6.16001 6.16001 0 0 0 0 0 0 0 0 0 0 0 0 0 0 0 0 0 0 0 0 0 0 0 0 0 0 0 0 0 0 0 0 0 0 0 0 0 0 0 0 0 0 0 0 0 0 0 0 0 0 0 0 0
11.54 11.54 11.54 11.54 13.93 8.16 8.16 8.15999 13.93 13.93 13.9299 22.971 17.3099 11.5368 5.7699 0 0 0 0 5.76995 5.76995 8.15998 13.93 16.32 11.5399 0 0 0 0 0 0 0 0 0 5.76999 5.77 6.16 6.16 6.16 6.16 0 0 0 0 6.16001 6.16 0 0 0 0 0 0 0 0 0 0 0 0 0 0 0 0 0 0 0 0 0 0 0 0 0 0 0 0 0 0 0 0 0 0 0 0 0 0 0 0 0 0 0 0 0 0 0 0
5.76999 5.76998 5.76998 5.76998 8.16 13.9222 5.76993 5.76993 8.15994 13.93 13.93 25.47 19.6999 13.9299 8.15991 0 0 0 0 0 5.76993 5.76993 8.15997 11.54 11.5399 5.76989 0 0 0 0 0 0 0 0 5.76999 5.76999 5.76999 5.77 5.77 0 0 5.77 0 0 6.15999 0 0 0 0 0 0 0 0 0 0 0 0 0 0 0 0 0 0 0 0 0 0 0 0 0 0 0 0 0 0 0 0 0 0 0 0 0 0 0 0 0 0 0 0 0 0 0 0 0
