tests/full-run-ref/erosion_78_21_-27.869.asc
ncols 512
nrows 512
xllcorner -3.24582
yllcorner -4.08743
cellsize 5
NODATA_value -99999
[rows 108 to 143 of 512, columns 0 to 81 of 512]
69.2398 63.4698 57.6998 51.9297 46.1597 40.3896 34.6196 28.8495 23.0794 17.3094 11.5393 5.76974 5.77 5.77 5.77 5.77 5.77 5.77 5.77 5.77 5.77 5.77 5.76921 5.76501 5.74758 8.10759 11.4673 13.8326 16.2064 17.1532 19.5229 21.9014 24.2825 27.6818 30.0663 32.4503 35.8488 38.2312 40.6047 43.9526 46.2864 48.6228 54.4897 60.3479 65.2139 71.0082 73.3996 79.1794 84.9585 90.7344 90.3241 87.9259 85.5225 83.107 80.6946 83.1049 85.5182 87.9196 87.9183 85.506 83.0759 80.6383 80.6375 83.0741 85.504 87.9152 90.3172 87.9229 85.5192 83.102 80.6804 80.6797 80.6865 83.1097 85.5276 87.9319 90.3291 92.7225 95.1139 97.5041 99.8932 102.282
69.2397 63.4697 57.6997 51.9297 46.1597 40.3896 34.6195 28.8494 23.0793 17.3092 11.5392 5.76968 5.77 5.77 5.77 5.77 5.77 5.77 5.77 5.77 5.77 5.77 5.77 5.77 5.76813 5.75894 5.72809 8.06942 11.4336 11.3647 13.7332 16.1162 19.5164 21.9014 24.2858 27.6851 30.0676 32.4404 35.787 38.1165 40.4486 46.3194 52.182 57.0502 62.846 65.237 71.0174 76.797 82.5731 86.9474 84.5531 82.1556 79.7522 77.3366 74.9242 77.3346 79.7479 82.1494 82.148 79.7358 77.3055 74.8678 74.8671 77.3041 79.7342 82.1457 84.5471 82.1533 79.7493 77.332 74.9103 74.9095 74.9162 77.3395 79.7576 82.162 84.5592 86.9525 89.3437 91.7334 94.1228 96.5133
69.2397 63.4697 57.6997 51.9296 46.1596 40.3895 34.6194 28.8493 23.0792 17.3091 11.539 5.76962 5.77 5.77 5.77 5.77 5.77 5.77 5.77 5.77 5.77 5.77 5.77 5.77 5.77 5.77 5.76653 5.75194 5.72442 5.67471 7.99319 11.3599 13.7354 16.1202 19.5216 21.9034 24.2758 27.6211 29.9465 32.2743 38.1491 44.0161 48.8866 54.6838 57.0744 62.8554 68.6356 74.4118 80.1853 81.1771 78.7826 76.3854 73.9819 71.5662 69.1536 71.5642 73.9776 76.3791 76.3777 73.9655 71.5351 69.0974 69.0968 71.534 73.9644 76.3757 78.7776 76.3834 73.9794 71.562 69.1401 69.1393 69.146 71.5694 73.9876 76.392 78.7892 81.1824 83.5733 85.9627 88.3523 94.1252
69.2396 63.4696 57.6996 51.9296 46.1595 40.3894 34.6193 28.8491 23.079 17.3089 11.5388 5.76954 5.77 5.77 5.77 5.77 5.77 5.77 5.77 5.77 5.77 5.77 5.77 5.77 5.77 5.77 5.77 5.77 5.77 5.76397 5.73867 5.67654 7.99978 11.3669 13.7395 16.1106 19.4637 21.7764 24.1001 29.9789 35.8502 40.7229 46.5216 48.9118 54.6935 60.4743 66.2508 72.0241 77.796 75.4064 73.0124 70.6152 68.2117 65.7958 63.3831 65.7937 68.2072 70.6088 70.6075 68.1953 65.7648 63.327 63.3264 65.764 68.1944 70.6061 73.0076 70.6135 68.2094 65.792 63.37 63.3692 63.3758 65.7993 68.2175 70.622 73.0192 75.4122 77.8028 80.1924 82.5828 88.3559
69.2395 63.4695 57.6995 51.9295 46.1594 40.3893 34.6191 28.849 23.0788 17.3087 11.5386 5.76945 5.77 5.77 5.77 5.77 5.77 5.77 5.77 5.77 5.77 5.77 5.77 5.77 5.77 5.77 5.77 5.77 5.77 5.77 5.77 5.7642 5.73909 5.67476 7.99353 11.3278 13.6151 15.9259 21.8087 27.6844 32.5593 38.3593 40.749 46.5314 52.3129 58.0897 63.8631 69.6354 72.0282 69.6359 67.2422 64.845 62.4414 60.0254 57.6124 60.0232 62.4368 64.8385 64.8374 62.4251 59.9947 57.5566 57.5562 59.9938 62.4246 64.8361 67.2376 64.8434 62.4394 60.0219 57.5999 57.599 57.6056 60.0292 62.4475 64.852 67.2491 69.6419 72.0325 74.4228 76.8139 82.5864
69.2394 63.4694 57.6994 51.9294 46.1593 40.3891 34.6189 28.8488 23.0786 17.3084 11.5383 5.76934 5.77 5.77 5.77 5.77 5.77 5.77 5.77 5.77 5.77 5.77 5.77 5.77 5.77 5.77 5.77 5.77 5.77 5.77 5.77 5.77 5.77 5.76401 5.73454 5.60701 7.82205 13.6474 19.5272 24.3956 30.1969 32.5861 38.3692 44.1514 49.9286 55.7021 61.4742 67.246 66.2578 63.8657 61.472 59.0748 56.6712 54.2549 51.8416 54.2526 56.6664 59.0683 59.0674 56.6552 54.2244 51.7864 51.7859 54.2238 56.6546 59.0661 61.4673 59.0733 56.6694 54.2519 51.8298 51.8288 51.8355 54.259 56.6775 59.082 61.479 63.8717 66.2622 68.6525 74.4255 79.784
69.2393 63.4693 57.6993 51.9292 46.1592 40.389 34.6188 28.8485 23.0783 17.3081 11.5379 5.76921 5.77 5.77 5.77 5.77 5.77 5.77 5.77 5.77 5.77 5.77 5.77 5.77 5.77 5.77 5.77 5.77 5.77 5.77 5.77 5.77 5.77 5.77 5.77 5.75703 5.62408 11.3949 16.2319 22.0344 24.423 30.2069 35.9898 41.7673 47.5409 53.3131 59.085 62.8814 60.4873 58.0954 55.7018 53.3046 50.9009 48.4843 46.0708 48.482 50.8961 53.2983 53.2976 50.8851 48.4543 46.016 46.0157 48.4536 50.8845 53.2958 55.698 53.3032 50.8994 48.4819 46.0597 46.0587 46.0653 48.4889 50.9074 53.3119 55.7089 58.1014 60.4925 62.8837 68.6565 74.0136
69.2392 63.4692 57.6992 51.9291 46.159 40.3888 34.6186 28.8483 23.078 17.3078 11.5376 5.76907 5.77 5.77 5.77 5.77 5.77 5.77 5.77 5.77 5.77 5.77 5.77 5.77 5.77 5.77 5.77 5.77 5.77 5.77 5.77 5.77 5.77 5.77 5.77 5.77 5.74998 8.08886 13.8747 16.2596 22.0443 27.8279 33.6058 39.3796 45.1518 50.9235 56.6957 57.1125 54.72 52.3252 49.9316 47.5344 45.1306 42.7137 40.2999 42.7113 45.126 47.5286 47.5275 45.1152 42.6841 40.2458 40.2454 42.6834 45.1143 47.5264 49.9285 47.5333 45.1294 42.7119 40.2896 40.2886 40.2951 42.7188 45.1373 47.5418 49.9387 52.3312 54.7221 60.4958 65.8548 68.2433
69.239 63.469 57.699 51.9289 46.1588 40.3886 34.6183 28.848 23.0777 17.3074 11.5371 5.7689 5.77 5.77 5.77 5.77 5.77 5.77 5.77 5.77 5.77 5.77 5.77 5.77 5.77 5.77 5.77 5.77 5.77 5.77 5.77 5.77 5.77 5.77 5.77 5.77 5.76731 5.74631 8.10574 13.8822 19.6667 25.445 31.2191 36.9916 42.7634 48.535 54.3072 54.7229 48.9508 46.558 44.1614 41.7642 39.3603 36.9431 34.529 36.9408 39.3559 41.7588 41.7594 39.345 36.914 34.4755 34.4751 36.9131 39.3448 41.7569 44.1591 41.7635 39.3594 36.9418 34.5195 34.5184 34.525 36.9487 39.3673 41.7717 44.1686 46.5616 48.9533 54.7266 60.0843 62.4726
69.2388 63.4688 57.6988 51.9287 46.1586 40.3884 34.618 28.8477 23.0773 17.307 11.5366 5.76871 5.77 5.77 5.77 5.77 5.77 5.77 5.77 5.77 5.77 5.77 5.77 5.77 5.77 5.77 5.77 5.77 5.77 5.77 5.77 5.77 5.77 5.77 5.77 5.77 5.77 5.76797 5.74441 11.5069 17.2854 23.0598 28.8329 34.6048 40.3762 46.1477 51.9198 52.3331 46.5615 40.7886 38.3941 35.9939 33.5899 31.1724 28.7581 31.1702 33.5859 35.989 35.9904 33.5767 31.1438 28.7053 28.7047 31.1436 33.5753 35.9876 38.3904 35.9939 33.5895 31.1718 28.7494 28.7483 28.7549 31.1786 33.5972 36.0017 38.3987 40.7918 46.5664 51.9259 54.3139 56.702
69.2386 63.4686 57.6986 51.9285 46.1584 40.3881 34.6177 28.8473 23.0769 17.3065 11.5361 5.76849 5.77 5.77 5.77 5.77 5.77 5.77 5.77 5.77 5.77 5.77 5.77 5.77 5.77 5.77 5.77 5.77 5.77 5.77 5.77 5.77 5.77 5.77 5.77 5.77 5.77 5.77 5.76074 11.5214 17.2944 23.0669 28.8387 32.629 38.4002 44.1716 49.9435 49.9431 44.1718 38.4002 32.6248 30.2267 27.8193 25.4017 22.9872 25.3997 27.8159 30.2218 30.2217 27.8076 25.375 22.9357 22.935 25.3739 27.8056 30.2195 32.6239 30.226 27.8209 25.4033 22.981 22.9788 22.9847 25.4085 27.8274 30.2318 32.6285 38.4052 44.178 46.1554 48.5432 50.9314
69.2384 63.4684 57.6984 51.9283 46.1581 40.3878 34.6174 28.847 23.0765 17.3059 11.5355 5.76824 5.77 5.77 5.77 5.77 5.77 5.77 5.77 5.77 5.77 5.77 5.77 5.77 5.77 5.77 5.77 5.77 5.77 5.77 5.77 5.77 5.77 5.77 5.77 5.77 5.77 5.77 5.76489 11.5283 16.3089 22.0789 24.4674 30.2389 36.0105 41.782 47.5534 47.5531 41.782 36.0109 30.2381 24.4572 22.0521 19.6307 17.2162 19.629 22.0491 24.457 24.4573 22.0399 19.6109 17.1874 17.1869 19.6095 22.0372 24.4512 30.2422 24.4574 22.0515 19.637 17.226 17.2293 17.2293 19.6424 22.0574 24.4615 30.2434 36.0176 40.3876 40.3846 42.7725 45.1606
69.2381 63.4681 57.6981 51.928 46.1579 40.3875 34.6171 28.8465 23.076 17.3054 11.5348 5.76796 5.77 5.77 5.77 5.77 5.77 5.77 5.77 5.77 5.77 5.77 5.77 5.77 5.77 5.77 5.77 5.77 5.77 5.77 5.77 5.77 5.77 5.77 5.77 5.77 5.77 5.77 5.76762 8.14918 13.9169 16.3048 22.0771 27.8493 33.6211 39.3924 41.7854 44.1761 39.3924 33.6214 27.85 22.0744 16.2825 13.8635 11.4441 13.8616 16.2799 22.0743 22.0782 16.2779 13.8767 13.8874 13.8873 13.8762 16.2756 22.074 24.4775 22.0774 16.2876 13.8921 13.8997 13.9018 13.9 13.8932 16.2922 22.0798 27.8568 33.6287 34.617 34.6138 37.0016 39.3895
69.2379 63.4679 57.6979 51.9277 46.1576 40.3872 34.6167 28.8461 23.0754 17.3047 11.5341 5.76763 5.77 5.77 5.77 5.77 5.77 5.77 5.77 5.77 5.77 5.77 5.77 5.77 5.77 5.77 5.77 5.77 5.77 5.77 5.77 5.77 5.77 5.77 5.77 5.77 5.77 5.77 5.76938 5.76521 8.144 13.9148 19.6879 25.4603 31.2318 33.6244 36.0148 38.4059 37.0029 31.232 25.461 19.6886 13.9068 8.10404 5.71011 8.10244 13.9059 16.3105 19.6957 13.9139 13.9283 13.93 13.93 13.9282 13.9178 16.3134 22.0886 16.3146 13.921 13.9287 13.93 13.93 13.93 13.9288 13.9183 19.6956 25.4686 28.8485 28.8462 28.8429 31.2305 33.6183
69.2375 63.4675 57.6975 51.9274 46.1572 40.3868 34.6163 28.8456 23.0748 17.304 11.5333 5.76725 5.77 5.77 5.77 5.77 5.77 5.77 5.77 5.77 5.77 5.77 5.77 5.77 5.77 5.77 5.77 5.77 5.77 5.77 5.77 5.77 5.77 5.77 5.77 5.77 5.77 5.77 5.77 5.76935 5.76243 11.5276 17.3007 23.0722 25.4637 27.8537 30.2444 32.6358 34.6166 28.8456 23.0748 17.3036 11.529 5.74754 5.76546 5.7541 8.14768 13.924 17.3096 13.9291 13.93 13.93 13.93 13.93 13.9298 13.9283 16.3198 13.9286 13.9298 13.93 13.93 13.93 13.93 13.93 13.9291 17.3084 23.0794 23.0781 23.0755 23.0718 25.4593 27.847
69.2372 63.4672 57.6972 51.9271 46.1568 40.3864 34.6158 28.845 23.0742 17.3033 11.5324 5.76682 5.77 5.77 5.77 5.77 5.77 5.77 5.77 5.77 5.77 5.77 5.77 5.77 5.77 5.77 5.77 5.77 5.77 5.77 5.77 5.77 5.77 5.77 5.77 5.77 5.77 5.77 5.77 5.77 5.76688 11.5335 16.3157 17.3036 19.6927 22.0831 24.4739 30.2458 34.6183 28.8475 23.0769 17.3063 11.5355 5.7673 5.77 5.76952 5.76494 11.5371 17.3092 13.9298 13.93 13.93 13.93 13.93 13.93 13.93 13.93 13.93 13.93 13.93 13.93 13.93 13.93 13.93 13.9297 17.3098 19.6991 17.3074 17.3046 17.3005 19.6879 22.0754
69.2368 63.4668 57.6968 51.9267 46.1564 40.386 34.6153 28.8445 23.0735 17.3025 11.5315 5.76631 5.77 5.77 5.77 5.77 5.77 5.77 5.77 5.77 5.77 5.77 5.77 5.77 5.77 5.77 5.77 5.77 5.77 5.77 5.77 5.77 5.77 5.77 5.77 5.77 5.77 5.77 5.77 5.77 5.76878 8.15505 13.9247 11.5318 13.9216 16.3121 22.0844 27.8557 32.6377 28.8478 23.0773 17.3069 11.5364 5.76855 5.77 5.77 5.76929 11.5393 17.3096 16.3196 13.9298 13.93 13.93 13.93 13.93 13.93 13.93 13.93 13.93 13.93 13.93 13.93 13.93 13.93 13.93 16.3198 13.9287 11.5366 11.5337 11.529 13.9161 16.3034
69.2364 63.4664 57.6964 51.9263 46.156 40.3855 34.6147 28.8438 23.0728 17.3016 11.5304 5.76573 5.77 5.77 5.77 5.77 5.77 5.77 5.77 5.77 5.77 5.77 5.77 5.77 5.77 5.77 5.77 5.77 5.77 5.77 5.77 5.77 5.77 5.77 5.77 5.77 5.77 5.77 5.77 5.77 5.76973 5.76821 8.15606 5.76475 8.15102 13.9229 19.6945 24.4763 30.2473 27.8572 22.0867 16.3166 11.5369 5.7688 5.77 5.77 5.76968 11.5392 17.3094 22.0895 16.3193 13.9296 14.3196 14.3196 14.3197 16.3198 13.9299 13.9299 13.93 13.93 13.93 13.93 13.93 13.93 16.32 13.9297 8.15864 5.76782 5.7667 5.76302 8.14735 11.5236
69.236 63.466 57.696 51.9258 46.1555 40.3849 34.6141 28.8431 23.072 17.3007 11.5293 5.76507 5.77 5.77 5.77 5.77 5.77 5.77 5.77 5.77 5.77 5.77 5.77 5.77 5.77 5.77 5.77 5.77 5.76939 5.76899 5.7689 5.76936 5.76976 5.77 5.77 5.77 5.77 5.77 5.77 5.77 5.77 5.7697 5.76955 5.76946 5.76638 11.5344 16.315 22.0858 27.8569 25.467 19.696 13.9256 8.15612 5.76934 5.77 5.77 5.76962 11.539 17.3092 23.0794 22.0894 22.4793 20.0894 20.0895 20.4796 22.0896 16.3195 20.0898 16.3197 13.9297 14.3198 14.3198 14.3199 16.32 17.3099 11.5398 5.76946 5.76995 5.77 5.76956 5.76733 5.75859
69.2355 63.4655 57.6955 51.9253 46.155 40.3844 34.6135 28.8424 23.0711 17.2997 11.5281 5.76431 5.77 5.77 5.77 5.77 5.77 5.77 5.77 5.77 5.77 5.77 5.75359 5.74313 5.75205 5.76626 5.76094 5.75621 5.75248 6.13433 6.14236 6.14861 5.76545 5.76875 5.76955 5.76972 5.7699 5.77 5.77 5.77 5.77 5.77 5.77 5.77 5.76899 8.15471 13.9245 19.6952 25.4668 23.077 17.3057 11.5348 5.76755 5.76984 5.77 5.77 5.76956 11.5388 17.309 23.0792 27.8595 28.2494 26.2495 28.2495 26.2496 24.4791 28.2495 24.4794 22.0896 22.4795 20.0896 20.4797 20.4798 22.0899 17.3098 11.5398 5.76988 5.77 5.77 5.77 5.77 5.76913
69.235 63.465 57.695 51.9247 46.1544 40.3837 34.6128 28.8416 23.0701 17.2986 11.5268 5.76344 5.77 5.77 5.77 5.77 5.77 5.77 5.77 5.77 5.77 5.75987 5.73002 8.10903 6.08828 6.08982 6.07959 8.09869 8.10652 11.904 11.9138 11.9188 8.14827 6.14972 6.15289 6.15521 5.76825 5.76969 5.77 5.77 5.77 5.77 5.77 5.77 5.76973 5.76712 11.534 17.3053 23.0768 23.0774 17.306 11.5351 5.76807 5.77 5.77 5.77 5.7695 11.5387 17.3088 23.079 28.8492 34.0195 36.4094 34.0196 32.0196 34.4097 32.6392 30.2496 28.6395 28.2497 26.6397 26.6398 28.2499 25.4698 19.6998 13.9298 8.1598 5.76996 5.77 5.77 5.77 5.77
69.2344 63.4644 57.6944 51.9241 46.1538 40.383 34.612 28.8407 23.0691 17.2973 11.5254 5.76247 5.77 5.77 5.77 5.77 5.77 5.77 5.77 5.77 5.75977 5.72918 8.08046 13.8673 12.2343 11.8335 11.8313 13.8572 13.8892 16.2967 17.2842 16.3138 13.9213 11.9191 12.3101 11.9237 8.15335 5.76846 5.77 5.77 5.77 5.77 5.77 5.77 5.77 5.76796 11.5346 17.3055 23.0769 23.0774 17.3059 11.535 5.76802 5.77 5.77 5.77 5.76945 11.5385 17.3087 23.0789 28.849 34.6191 40.3893 40.1797 40.1796 40.1797 38.4093 36.0196 34.4097 34.0197 32.7998 34.4099 33.6298 27.8598 22.0898 16.3198 11.5398 5.76989 5.77 5.77 5.77 5.77
69.2338 63.4638 57.6938 51.9235 46.1531 40.3823 34.6111 28.8397 23.068 17.296 11.5238 5.76138 5.77 5.77 5.77 5.77 5.77 5.77 5.77 5.7583 5.7333 8.09755 13.8611 16.2501 18.0245 18.3853 17.6219 19.6504 16.2516 13.8641 11.4994 13.9006 16.3089 18.0837 18.0823 16.3125 11.5313 5.7664 5.77 5.77 5.77 5.77 5.77 5.77 5.77 5.76801 11.5345 17.3054 23.0768 23.0771 17.3054 11.5345 5.76755 5.76983 5.77 5.77 5.76941 11.5384 17.3086 23.0787 28.8489 34.619 40.3891 46.1592 48.3397 45.9497 44.1793 41.7896 40.1797 39.7897 40.5699 40.1799 36.0198 30.2498 24.4798 19.6998 13.9298 8.15984 5.76997 5.77 5.77 5.77
69.2331 63.4631 57.6931 51.9228 46.1523 40.3814 34.6102 28.8386 23.0667 17.2946 11.5221 5.76014 5.77 5.77 5.77 5.77 5.77 5.77 5.77 5.74524 8.14179 13.8791 16.2533 22.0179 23.8079 24.1839 23.4124 19.5783 13.8007 8.02839 5.72337 8.137 13.9131 19.6869 23.0737 17.2998 11.5273 5.76479 5.77 5.77 5.77 5.77 5.77 5.77 5.77 5.76796 11.5344 17.3053 23.0766 25.4671 19.6957 13.9256 8.15687 5.76975 5.77 5.77 5.76937 11.5383 17.3085 23.0787 28.8488 34.6189 40.389 46.1591 51.9292 52.3394 49.9493 47.5596 45.9497 46.7299 46.3399 42.7797 37.0097 31.2396 25.4696 19.6996 13.9296 8.15975 5.76997 5.77 5.77 5.77
69.2323 63.4623 57.6923 51.922 46.1515 40.3805 34.6092 28.8374 23.0654 17.293 11.5202 5.75867 5.77 5.77 5.77 5.77 5.77 5.77 5.77 5.74103 5.74351 8.05359 13.8082 19.5648 25.3632 28.7618 22.9505 17.1391 11.3321 5.67597 5.76364 5.75873 11.5211 16.3035 22.0797 17.2984 11.5251 5.76396 5.77 5.77 5.77 5.77 5.77 5.77 5.77 5.76791 11.5343 17.3052 23.0766 23.0769 17.3051 11.5341 5.76736 5.76981 5.77 5.77 5.76933 11.5383 17.3084 23.0786 28.8488 34.6189 40.389 46.159 51.9292 57.6992 55.7198 54.1097 54.8899 51.9297 46.1596 40.3895 34.6195 28.8494 23.0794 17.3093 11.5393 5.76969 5.76999 5.77 5.77 5.77
69.2315 63.4615 57.6915 51.9211 46.1506 40.3795 34.608 28.8361 23.0639 17.2912 11.5181 5.75681 5.77 5.77 5.77 5.77 5.77 5.77 5.77 5.77 5.7644 5.68931 11.3491 17.1478 22.9499 28.7602 22.933 17.1261 11.3222 5.68914 5.77 5.76455 8.13962 13.9106 19.6868 17.2992 11.5243 5.76348 5.77 5.77 5.77 5.77 5.77 5.77 5.77 5.76788 11.5342 17.3051 23.0767 23.0769 17.3052 11.5342 5.76769 5.77 5.77 5.77 5.7693 11.5382 17.3084 23.0785 28.8487 34.6188 40.3889 46.159 51.9291 57.6992 62.2699 61.8798 57.6996 51.9296 46.1595 40.3894 34.6194 28.8494 23.0793 17.3093 11.5392 5.7697 5.77 5.77 5.77 5.77
69.2305 63.4605 57.6905 51.9201 46.1496 40.3784 34.6068 28.8347 23.0622 17.2893 11.5158 5.75438 5.77 5.77 5.77 5.77 5.77 5.77 5.77 5.77 5.77 5.69838 11.3327 17.1296 22.9311 28.7586 22.9236 17.1176 11.3144 5.68657 5.77 5.76802 5.75827 11.5173 17.2964 17.2998 11.5238 5.76313 5.77 5.77 5.77 5.77 5.77 5.77 5.77 5.76784 11.5341 17.305 23.0766 23.0768 17.3051 11.534 5.76762 5.77 5.77 5.77 5.76927 11.5381 17.3083 23.0785 28.8486 34.6188 40.3889 46.1589 51.929 57.6991 63.4692 63.4697 57.6996 51.9295 46.1595 40.3894 34.6194 28.8493 23.0793 17.3092 11.5392 5.76969 5.77 5.77 5.77 5.77
69.2294 63.4594 57.6894 51.919 46.1484 40.3771 34.6054 28.8331 23.0604 17.2872 11.5133 5.75122 5.77 5.77 5.77 5.77 5.77 5.77 5.77 5.77 5.77 5.69282 11.31 17.1084 22.9148 28.747 22.9192 17.1163 11.3153 5.68655 5.77 5.77 5.75953 11.5174 17.2957 17.2997 11.523 5.76282 5.77 5.77 5.77 5.77 5.77 5.77 5.77 5.7678 11.534 17.3049 23.0765 23.0767 17.3047 11.5336 5.76709 5.76977 5.77 5.77 5.76923 11.538 17.3082 23.0784 28.8486 34.6187 40.3888 46.1589 51.929 57.6991 63.4692 63.4697 57.6995 51.9295 46.1594 40.3894 34.6193 28.8493 23.0792 17.3092 11.5392 5.76967 5.77 5.77 5.77 5.77
69.2282 63.4582 57.6882 51.9177 46.1471 40.3757 34.6037 28.8313 23.0583 17.2848 11.5103 5.74737 5.77 5.77 5.77 5.77 5.77 5.77 5.77 5.77 5.77 5.68593 11.2886 17.0897 22.9056 27.7113 21.8931 16.1043 11.3364 5.69307 5.77 5.77 5.75765 11.5154 17.2944 17.299 11.522 5.76246 5.77 5.77 5.77 5.77 5.77 5.77 5.77 5.76776 11.5339 17.3048 23.0763 25.4668 19.6952 13.9249 8.15629 5.76967 5.77 5.77 5.7692 11.538 17.3082 23.0784 28.8485 34.6187 40.3888 46.1589 51.9289 57.699 63.4691 63.4697 57.6995 51.9295 46.1594 40.3893 34.6193 28.8493 23.0792 17.3092 11.5391 5.76967 5.77 5.77 5.77 5.77
69.2266 63.4566 57.6866 51.9161 46.1454 40.3739 34.6018 28.8291 23.0559 17.282 11.5068 5.74292 5.77 5.77 5.77 5.77 5.77 5.77 5.77 5.77 5.77 5.67933 11.2699 17.074 22.9063 25.3065 19.4517 13.6551 7.90353 5.72716 5.77 5.77 5.75573 11.5128 17.2927 17.298 11.5199 5.76138 5.77 5.76951 5.76941 5.76875 5.77 5.77 5.77 5.76773 11.5338 17.3048 23.0764 23.0765 17.3045 11.5333 5.76693 5.76977 5.77 5.77 5.76917 11.5379 17.3081 23.0783 28.8485 34.6186 40.3887 46.1588 51.9289 57.699 63.4691 63.4697 57.6995 51.9295 46.1594 40.3893 34.6193 28.8493 23.0792 17.3092 11.5391 5.76967 5.77 5.77 5.77 5.77
69.2248 63.4548 57.6848 51.9142 46.1435 40.3718 34.5996 28.8266 23.0531 17.2788 11.5027 5.73788 5.77 5.77 5.77 5.77 5.77 5.77 5.77 5.77 5.77 5.67243 11.2495 17.0572 22.9071 22.906 17.0329 11.1974 5.60845 5.76054 5.77 5.77 5.75374 11.5091 17.29 17.2952 11.5137 5.75156 5.7596 5.76369 8.1576 5.768 5.77 5.77 5.77 5.76769 11.5337 17.3047 23.0764 23.0765 17.3045 11.5332 5.76726 5.77 5.77 5.77 5.76913 11.5378 17.308 23.0783 28.8485 34.6186 40.3887 46.1588 51.9289 57.6989 63.4691 63.4697 57.6995 51.9295 46.1594 40.3894 34.6193 28.8493 23.0792 17.3092 11.5392 5.76968 5.77 5.77 5.77 5.77
69.2226 63.4526 57.6826 51.912 46.1412 40.3694 34.597 28.8238 23.0499 17.2751 11.4979 5.73001 5.77 5.77 5.77 5.77 5.77 5.77 5.77 5.77 5.77 5.66467 11.2262 17.0355 22.893 22.899 17.0228 11.1903 5.60883 5.76024 5.77 5.77 5.75148 11.5042 17.2852 19.6782 13.8933 8.11347 11.9075 8.14063 11.5352 5.7659 5.77 5.77 5.77 5.76764 11.5336 17.3046 23.0762 23.0762 17.3039 11.5325 5.76637 5.76972 5.77 5.77 5.7691 11.5378 17.308 23.0782 28.8484 34.6185 40.3887 46.1588 51.9288 57.6989 63.469 62.4795 57.6996 51.9296 46.1595 40.3894 34.6194 28.8493 23.0793 17.3093 11.5392 5.7697 5.77 5.77 5.77 5.77
69.2202 63.4502 57.6802 51.9095 46.1387 40.3668 34.5941 28.8206 23.0464 17.271 11.4926 5.71453 5.77 5.77 5.77 5.77 5.77 5.77 5.77 5.77 5.77 5.65796 11.1996 17.0125 22.8641 25.3017 19.4439 13.6562 7.94443 5.73933 5.77 5.77 5.74892 11.4979 17.2785 22.0676 16.2828 18.0593 16.2863 15.2981 11.5283 5.76331 5.77 5.77 5.77 5.76759 11.5334 17.3044 23.0759 25.4663 19.6943 13.9235 8.15394 5.76884 5.77 5.77 5.76907 11.5377 17.3079 23.0782 28.8484 34.6185 40.3886 46.1587 51.9288 57.6989 59.0993 56.7093 54.3194 51.9295 46.1596 40.3895 34.6195 28.8494 23.0794 17.3093 11.5393 5.76972 5.77 5.77 5.77 5.77
69.2176 63.4476 57.6776 51.9069 46.136 40.3639 34.591 28.8172 23.0426 17.2666 11.4869 5.69782 5.77 5.77 5.77 5.77 5.77 5.77 5.77 5.77 5.77 5.65348 11.1843 16.9909 22.8516 25.2824 19.4199 13.6423 7.93401 5.7383 5.77 5.77 5.74612 11.4904 17.2705 23.0491 26.2287 23.8339 23.0637 17.2912 11.5176 5.76071 5.77 5.77 5.77 5.76754 11.5333 17.3043 23.0756 27.8565 22.0852 16.3149 11.5355 5.76821 5.77 5.77 5.76903 11.5376 17.3079 23.0781 28.8484 34.6185 40.3886 46.1587 51.9288 55.7194 53.3292 50.9392 48.5493 46.1594 46.1596 40.3896 34.6196 28.8495 23.0794 17.3094 11.5393 5.76975 5.77 5.77 5.77 5.77
69.2149 63.4449 57.6749 51.9042 46.1332 40.3609 34.5878 28.8137 23.0386 17.262 11.4809 5.68796 5.77 5.77 5.77 5.77 5.77 5.77 5.77 5.77 5.77 5.65494 11.1837 16.9981 22.8525 22.8763 16.9878 11.1523 5.59492 5.75738 5.77 5.77 5.74322 11.4826 17.263 23.0407 28.8189 28.8308 23.0547 17.2794 11.5092 5.75813 5.77 5.77 5.77 5.76751 11.5333 17.3043 23.0757 25.4661 19.694 13.9233 8.15369 5.76879 5.77 5.77 5.769 11.5375 17.3078 23.0781 28.8484 34.6185 40.3886 46.1587 51.9288 49.9492 47.5591 45.1691 42.7791 40.3892 40.3895 40.3897 34.6196 28.8496 23.0795 17.3095 11.5394 5.76977 5.77 5.77 5.77 5.77
69.2122 63.4422 57.6722 51.9014 46.1303 40.3579 34.5846 28.8101 23.0346 17.2572 11.4748 5.6864 5.77 5.77 5.77 5.77 5.77 5.77 5.77 5.77 5.77 5.66636 11.2282 15.8949 21.7091 22.8883 17.0007 11.1639 5.6223 5.77 5.77 5.77 5.74032 11.475 17.2563 23.0345 28.8148 28.8285 23.048 17.2739 11.503 5.75606 5.77 5.77 5.77 5.76749 11.5332 17.3043 23.076 23.0759 17.3035 11.5318 5.76604 5.76971 5.77 5.77 5.76896 11.5375 17.3078 23.0781 28.8483 34.6185 40.3886 46.1588 46.5693 44.1791 41.789 39.399 37.009 34.6191 34.6194 37.0096 34.6197 28.8496 23.0796 17.3095 11.5394 5.76978 5.77 5.77 5.77 5.77
