tests/full-run-ref/erosion_2010_78_22_-42.864.asc
ncols 512
nrows 512
xllcorner -3.24582
yllcorner -4.08743
cellsize 5
NODATA_value -99999
[rows 0 to 35 of 512, columns 82 to 163 of 512]
40.8001 38.41 32.64 30.25 27.86 30.25 27.86 30.25 33.63 36.02 39.4 41.79 44.18 49.95 55.72 128.209 122.439 116.669 110.899 105.129 99.3586 93.5886 87.8186 82.0486 76.2786 70.5086 64.7386 58.9686 54.2459 49.0744 45.17 39.4 36.02 30.25 27.86 25.47 23.08 25.47 27.86 31.24 37.01 39.4 45.17 50.94 68.25 62.48 56.71 50.94 45.17 39.4 33.63 27.86 22.09 16.32 13.93 11.54 11.54 11.54 11.54 11.54 11.54 11.54 11.54 11.54 11.54 11.54 11.54 11.54 11.54 11.54 11.54 11.54 11.54 11.54 11.54 11.54 11.54 11.54 11.54 11.54 11.54 11.54
38.4101 32.6401 30.25 27.86 27.86 27.86 27.86 27.86 27.86 33.63 33.63 36.02 41.79 47.56 53.33 125.819 120.049 114.279 108.509 102.739 96.9686 91.1986 85.4286 79.6586 73.8886 68.1186 62.3486 56.5786 50.8086 46.0858 40.9144 37.01 31.24 27.86 23.08 23.08 23.08 23.08 23.08 28.85 31.24 37.01 42.78 48.55 65.86 60.09 54.32 48.55 42.78 37.01 31.24 25.47 19.7 13.93 8.16001 5.77 5.77 5.77 5.77 5.77 5.77 5.77 5.77 5.77 5.77 5.77 5.77 5.77 5.77 5.77 5.77 5.77 5.77 5.77 5.77 5.77 5.77 5.77 5.77 5.77 5.77 5.77
32.6401 30.25 27.86 27.86 27.86 27.86 27.86 27.86 27.86 27.86 27.86 33.63 39.4 45.17 50.94 123.429 117.659 111.889 106.119 100.349 94.5786 88.8086 83.0386 77.2686 71.4986 65.7286 59.9586 54.1886 48.4186 42.6486 37.9258 32.7544 28.85 23.08 23.08 23.08 23.08 23.08 23.08 23.08 28.85 34.62 40.39 46.16 63.47 57.7 51.93 46.16 40.39 34.62 28.85 23.08 17.31 11.54 5.77 5.77 5.77 5.77 5.77 5.77 5.77 5.77 5.77 5.77 5.77 5.77 5.77 5.77 5.77 5.77 5.77 5.77 5.77 5.77 5.77 5.77 5.77 5.77 5.77 5.77 5.77 5.77
30.25 27.86 27.86 27.86 27.86 27.86 27.86 27.86 27.86 27.86 27.8596 33.6287 39.3978 45.1678 50.9361 121.037 115.268 109.498 103.727 97.9502 92.1641 86.3605 80.5306 74.6672 68.7491 62.7217 56.6092 50.5377 44.4732 38.4263 32.4178 27.8504 22.9232 23.0744 23.08 23.08 23.08 23.08 23.08 23.0632 28.7651 34.5064 40.2788 46.0313 63.3485 57.5718 51.7893 46.0068 40.2238 34.4401 28.6555 22.8702 17.084 11.2983 5.69237 5.77 5.77 5.77 5.77 5.77 5.77 5.77 5.77 5.77 5.77 5.77 5.77 5.77 5.77 5.77 5.77 5.77 5.77 5.77 5.77 5.77 5.77 5.77 5.77 5.77 5.77 5.77
27.86 27.86 27.86 27.86 27.86 27.86 27.86 27.86 27.86 27.8598 27.8584 33.6269 39.3957 45.1658 50.933 118.646 112.878 107.107 101.336 95.5554 89.756 83.922 78.0283 72.0427 65.861 59.4583 53.0401 46.6385 40.2406 33.8529 27.5636 21.7466 20.3242 22.9173 23.08 23.08 23.08 23.08 23.08 23.0446 28.6854 34.4063 40.1825 45.9207 63.2473 57.4647 51.671 45.8774 40.0827 34.2866 28.4891 22.6902 16.8898 11.0924 5.62697 5.77 5.77 5.77 5.77 5.77 5.77 5.77 5.77 5.77 5.77 5.77 5.77 5.77 5.77 5.77 5.77 5.77 5.77 5.77 5.77 5.77 5.77 5.77 5.77 5.77 5.77 5.77
27.86 27.86 27.86 27.86 27.86 27.86 27.86 27.86 27.86 27.8575 33.6272 36.0158 41.7851 47.5556 53.3228 120.205 114.436 108.666 102.893 97.1077 91.2956 85.4375 79.4998 73.4188 66.995 60.5356 54.1029 47.6493 41.2183 34.7909 28.3526 22.475 19.7789 22.7828 23.08 23.08 23.08 23.08 23.08 23.0009 28.5915 34.3083 40.0924 45.8223 63.1586 57.3703 51.5662 45.7619 39.9561 34.1485 28.3389 22.5275 16.7143 10.9078 5.56879 5.77 5.77 5.77 5.77 5.77 5.77 5.77 5.77 5.77 5.77 5.77 5.77 5.77 5.77 5.77 5.77 5.77 5.77 5.77 5.77 5.77 5.77 5.77 5.77 5.77 5.77 5.77
27.86 27.86 27.86 27.86 27.86 27.86 27.86 27.86 27.86 27.8429 32.627 38.4024 44.1738 49.9454 55.7135 122.31 116.541 110.77 104.996 99.2032 93.3771 87.4961 81.5263 75.3023 68.8351 62.4503 56.0249 49.6628 43.3053 36.9408 30.5698 24.3763 20.5773 21.852 23.08 23.08 23.08 23.08 23.0555 22.8819 28.3756 34.1086 39.917 45.642 63.0939 57.2979 51.4846 45.6711 39.856 34.0389 28.2199 22.3989 16.576 10.7644 5.52327 5.77 5.77 5.77 5.77 5.77 5.77 5.77 5.77 5.77 5.77 5.77 5.77 5.77 5.77 5.77 5.77 5.77 5.77 5.77 5.77 5.77 5.77 5.77 5.77 5.77 5.77 5.77
27.86 27.86 27.86 27.86 27.86 27.86 27.86 27.86 27.857 27.8261 30.201 35.9902 41.7739 47.5512 53.3146 124.7 118.931 113.159 107.38 101.578 95.7318 89.8202 83.7758 77.3862 71.0317 64.6986 58.4157 52.1111 45.8061 39.5141 33.1998 27.1458 21.4487 19.4658 21.9061 22.797 22.9093 22.946 22.8201 28.2532 30.6763 36.3867 42.2182 47.9549 63.0448 57.2321 51.4095 45.5872 39.7636 33.9385 28.1117 22.2833 16.4533 10.6392 5.4837 5.77 5.77 5.77 5.77 5.77 5.77 5.77 5.77 5.77 5.77 5.77 5.77 5.77 5.77 5.77 5.77 5.77 5.77 5.77 5.77 5.77 5.77 5.77 5.77 5.77 5.77 5.77
27.86 27.86 27.86 27.86 27.86 27.86 27.86 27.8501 27.8096 33.5996 32.5682 38.3537 44.1485 49.9335 55.6898 127.09 121.321 115.546 109.759 103.938 98.0615 92.1014 85.9011 79.5675 73.2912 67.0392 60.8303 54.6234 48.4381 42.2293 36.2351 29.744 23.7381 24.1805 26.3744 25.7299 28.1728 27.9462 28.7528 30.5042 36.3595 38.6414 44.4733 50.2294 63.0073 57.167 51.3348 45.5043 39.6736 33.8422 28.0097 22.1761 16.3413 10.5274 5.44886 5.77 5.77 5.77 5.77 5.77 5.77 5.77 5.77 5.77 5.77 5.77 5.77 5.77 5.77 5.77 5.77 5.77 5.77 5.77 5.77 5.77 5.77 5.77 5.77 5.77 5.77 5.77
27.86 27.86 27.86 27.86 27.86 27.86 27.8345 27.7133 33.5259 35.9574 39.7402 40.7242 46.5149 52.3088 58.069 73.4147 123.705 117.929 112.128 106.281 100.365 94.3386 88.0454 81.8052 75.5815 69.4097 63.2774 57.1948 51.0988 45.2562 39.0303 32.876 32.1269 31.7219 32.6622 31.8487 33.9167 34.3539 34.5431 36.8595 38.4247 44.2886 46.8256 52.5949 62.983 57.1029 51.2621 45.4253 39.5899 33.7547 27.9192 22.0831 16.2462 10.4346 5.42022 5.77 5.77 5.77 5.77 5.77 5.77 5.77 5.77 5.77 5.77 5.77 5.77 5.77 5.77 5.77 5.77 5.77 5.77 5.77 5.77 5.77 5.77 5.77 5.77 5.77 5.77 5.77
27.86 27.86 27.86 27.86 27.86 27.8107 27.5422 33.3628 35.8139 41.6978 44.1266 47.9044 48.8853 54.6774 60.4557 70.9783 126.08 120.31 114.488 108.61 102.66 96.5501 90.3549 84.2061 78.0993 72.0194 65.9769 59.9672 54.2253 48.1949 42.2461 41.07 39.6586 38.3587 40.0909 37.651 39.7166 40.1242 42.458 42.6467 45.0564 46.6278 52.4271 54.958 62.9581 57.0448 51.1996 45.3607 39.5242 33.6885 27.8528 22.0168 16.1802 10.372 5.40056 5.77 5.77 5.77 5.77 5.77 5.77 5.77 5.77 5.77 5.77 5.77 5.77 5.77 5.77 5.77 5.77 5.77 5.77 5.77 5.77 5.77 5.77 5.77 5.77 5.77 5.77 5.77
27.86 27.86 27.86 27.8439 27.7437 27.3272 33.1104 35.5348 41.5273 44.0069 49.8785 52.2962 56.0678 57.0478 62.773 73.2533 126.197 122.696 116.875 110.979 105.006 98.9169 92.9237 86.9217 80.9306 74.9587 68.9973 63.2638 57.3139 51.4756 49.9453 48.2035 46.1628 48.2752 45.8566 46.3269 45.4948 45.9235 48.234 50.6517 50.8363 53.175 54.6722 68.6227 62.8725 57.0012 51.161 45.3251 39.4912 33.6578 27.8244 21.9905 16.156 10.3508 5.39265 5.77 5.77 5.77 5.77 5.77 5.77 5.77 5.77 5.77 5.77 5.77 5.77 5.77 5.77 5.77 5.77 5.77 5.77 5.77 5.77 5.77 5.77 5.77 5.77 5.77 5.77 5.77
27.8531 27.8415 27.8129 27.6656 29.8461 33.4287 35.1874 41.249 43.7262 49.7178 52.2041 58.0597 60.4571 64.1768 64.9179 122.802 120.438 117.984 115.58 113.451 107.429 101.479 95.5543 89.652 83.7638 77.8779 72.2025 66.3141 60.5286 58.6787 56.6778 54.4825 56.469 54.0604 54.5201 52.0903 54.1388 51.6916 54.0368 56.4254 58.7706 58.8516 74.3758 68.6827 62.822 56.9915 51.1605 45.3311 39.5019 33.6727 27.843 22.0127 16.1815 10.3778 5.3981 5.77 5.77 5.77 5.77 5.77 5.77 5.77 5.77 5.77 5.77 5.77 5.77 5.77 5.77 5.77 5.77 5.77 5.77 5.77 5.77 5.77 5.77 5.77 5.77 5.77 5.77 5.77
32.0069 32.3777 32.5558 33.4425 35.6848 37.8791 41.1163 43.3341 49.4225 51.9257 57.9146 60.4061 66.1936 68.3915 119.377 117.024 114.51 111.967 109.532 112.119 110.003 104.147 98.2356 92.354 86.5124 80.8769 75.0421 69.3127 67.2291 65.0492 62.7537 64.6604 62.2574 62.7098 60.2885 62.3279 59.8993 62.2394 59.805 62.1681 64.4597 80.2124 74.511 68.6677 62.848 57.0246 51.2031 45.3803 39.5571 33.733 27.9079 22.0819 16.2548 10.4513 5.41658 5.77 5.77 5.77 5.77 5.77 5.77 5.77 5.77 5.77 5.77 5.77 5.77 5.77 5.77 5.77 5.77 5.77 5.77 5.77 5.77 5.77 5.77 5.77 5.77 5.77 5.77 5.77
37.7816 38.1568 38.3535 39.284 41.5853 43.8293 46.0015 49.2442 51.4937 57.6048 60.1343 66.071 68.461 122.437 116.696 111.135 108.466 105.787 103.364 106.008 104.934 103.201 100.901 95.0546 89.3774 83.5635 77.8619 75.6294 73.3388 70.9836 72.6368 70.4448 70.8917 68.4783 70.5124 68.0946 70.4268 68.0053 70.3821 67.8804 86.0648 80.3531 74.527 68.7179 62.9042 57.0917 51.2773 45.462 39.645 33.8268 28.0072 22.1862 16.364 10.5603 5.44571 5.77 5.77 5.77 5.77 5.77 5.77 5.77 5.77 5.77 5.77 5.77 5.77 5.77 5.77 5.77 5.77 5.77 5.77 5.77 5.77 5.77 5.77 5.77 5.77 5.77 5.77 5.77
43.5561 43.9369 44.1452 45.0975 47.4355 49.7326 51.9531 54.1243 57.3714 59.6679 65.7944 68.1722 85.692 119.595 114.186 108.174 102.155 99.3466 96.8826 99.9497 98.8508 97.0915 95.369 97.8182 91.9843 86.2628 83.9362 81.5787 79.1913 80.8164 78.4174 79.0682 76.6607 78.6901 76.2792 78.6056 76.1921 78.5757 76.1136 91.9238 86.1956 80.3847 74.585 68.7813 62.9781 57.1726 51.366 45.5575 39.7476 33.9358 28.1225 22.3075 16.491 10.6878 5.48153 5.77 5.77 5.77 5.77 5.77 5.77 5.77 5.77 5.77 5.77 5.77 5.77 5.77 5.77 5.77 5.77 5.77 5.77 5.77 5.77 5.77 5.77 5.77 5.77 5.77 5.77 5.77
40.766 46.3636 48.7457 50.897 53.256 55.5835 57.8761 60.0907 62.2338 65.4786 67.8037 73.7321 82.8307 117.106 111.263 105.289 98.816 92.7401 90.3684 93.7434 92.7619 90.9839 89.2164 92.1194 94.5769 92.1878 89.7877 87.3843 88.9933 86.596 87.2415 84.8385 86.8641 84.4582 86.7797 84.3717 86.7585 84.3233 97.7768 92.0307 86.2299 80.4383 74.6433 68.8483 63.0513 57.2531 51.4529 45.6513 39.8479 34.0429 28.2361 22.4276 16.6175 10.8163 5.51949 5.77 5.77 5.77 5.77 5.77 5.77 5.77 5.77 5.77 5.77 5.77 5.77 5.77 5.77 5.77 5.77 5.77 5.77 5.77 5.77 5.77 5.77 5.77 5.77 5.77 5.77 5.77
38.1712 40.5208 46.1774 51.8357 57.3357 61.4084 63.754 66.0388 68.2309 70.325 73.4585 79.392 84.6586 114.512 108.462 101.891 96.1479 89.5958 83.8009 88.6871 86.4623 84.8693 83.1347 86.6739 89.3829 92.0806 94.5565 97.1724 94.7745 95.4134 93.0134 95.0356 92.6337 94.9511 92.5473 94.9355 92.5174 103.612 97.8547 92.0611 86.2746 80.4859 74.6973 68.9071 63.1158 57.3229 51.5287 45.7329 39.9356 34.1366 28.3362 22.5341 16.7303 10.9323 5.55562 5.77 5.77 5.77 5.77 5.77 5.77 5.77 5.77 5.77 5.77 5.77 5.77 5.77 5.77 5.77 5.77 5.77 5.77 5.77 5.77 5.77 5.77 5.77 5.77 5.77 5.77 5.77
32.2533 37.9054 43.5562 49.0557 54.8419 60.6383 66.4286 71.9126 74.2318 76.4107 78.4677 81.6623 86.4984 112.099 105.975 99.9917 93.5328 87.2701 81.4849 82.7891 80.2141 79.4151 80.0758 80.856 83.7723 86.358 92.1594 97.9356 101.711 101.189 103.206 100.807 103.121 100.72 103.109 100.702 109.432 103.667 97.879 92.0961 86.3117 80.5272 74.7416 68.9554 63.1679 57.3794 51.5896 45.7987 40.0064 34.2127 28.4177 22.6212 16.8233 11.0291 5.58727 5.77 5.77 5.77 5.77 5.77 5.77 5.77 5.77 5.77 5.77 5.77 5.77 5.77 5.77 5.77 5.77 5.77 5.77 5.77 5.77 5.77 5.77 5.77 5.77 5.77 5.77 5.77
29.5358 35.1906 40.6927 46.4803 52.2676 58.0556 63.8421 69.6479 75.4609 81.246 84.6512 86.6987 88.8644 111.132 105.889 99.3726 94.3447 88.1075 82.9952 80.3313 79.5723 80.6592 80.7423 80.6741 80.5895 83.9879 89.7705 95.5454 101.319 106.965 108.982 111.291 108.892 111.28 108.88 115.239 109.47 103.686 97.9055 92.1241 86.3426 80.5601 74.7771 68.9933 63.2087 57.4232 51.6368 45.8495 40.0611 34.2716 28.4809 22.6891 16.8961 11.1055 5.61334 5.77 5.77 5.77 5.77 5.77 5.77 5.77 5.77 5.77 5.77 5.77 5.77 5.77 5.77 5.77 5.77 5.77 5.77 5.77 5.77 5.77 5.77 5.77 5.77 5.77 5.77 5.77
26.6127 32.1219 37.9278 43.7339 49.5406 55.3443 61.1446 66.942 72.7328 78.5443 84.1515 89.5641 94.3341 100.532 105.651 99.2901 93.3366 87.1698 81.7673 79.3123 80.5594 80.7797 80.7797 80.7797 80.7732 81.6134 87.3868 93.1598 98.9321 104.704 110.476 116.246 119.454 117.058 121.038 115.264 109.484 103.706 97.9265 92.1471 86.3669 80.5862 74.8048 69.0228 63.2401 57.4568 51.6728 45.888 40.1024 34.316 28.5287 22.7405 16.9513 11.1639 5.63394 5.77 5.77 5.77 5.77 5.77 5.77 5.77 5.77 5.77 5.77 5.77 5.77 5.77 5.77 5.77 5.77 5.77 5.77 5.77 5.77 5.77 5.77 5.77 5.77 5.77 5.77 5.77
23.1233 28.962 34.8029 40.6474 46.4916 52.3348 58.1755 64.0108 69.8368 75.6881 80.9649 86.6738 92.4529 98.1091 104.434 97.5011 91.5254 85.2995 79.8729 79.9449 80.7325 80.7797 80.7797 80.7797 80.7787 80.7633 86.5043 92.2763 98.0477 103.819 109.589 113.384 119.149 121.549 121.058 115.276 109.499 103.722 97.944 92.1653 86.3863 80.6066 74.8264 69.0456 63.2644 57.4826 51.7003 45.9173 40.1337 34.3495 28.5647 22.7791 16.9928 11.2078 5.64987 5.77 5.77 5.77 5.77 5.77 5.77 5.77 5.77 5.77 5.77 5.77 5.77 5.77 5.77 5.77 5.77 5.77 5.77 5.77 5.77 5.77 5.77 5.77 5.77 5.77 5.77 5.77
19.7435 25.6178 31.5022 37.3882 43.2764 49.1671 55.0592 60.951 66.84 72.7771 78.077 83.9995 89.8782 95.8498 104.31 100.873 94.5701 88.7372 84.4947 80.2289 80.6201 80.7793 80.7796 80.7797 80.7793 81.6585 87.4254 93.1962 97.0661 102.826 105.222 110.984 113.381 119.15 121.069 115.29 109.513 103.736 97.9583 92.1804 86.4019 80.6229 74.8435 69.0637 63.2834 57.5027 51.7216 45.94 40.1578 34.3752 28.5921 22.8084 17.0242 11.2411 5.66221 5.77 5.77 5.77 5.77 5.77 5.77 5.77 5.77 5.77 5.77 5.77 5.77 5.77 5.77 5.77 5.77 5.77 5.77 5.77 5.77 5.77 5.77 5.77 5.77 5.77 5.77 5.77
19.4007 25.2854 31.172 37.0618 42.9556 48.8538 54.7582 60.6695 66.5892 72.5409 78.5651 83.5154 89.4848 95.4382 101.808 103.781 97.8782 93.4291 88.3819 83.3446 80.5532 82.0681 80.7794 80.7797 80.7795 80.776 86.5237 88.9089 94.6756 97.0589 102.822 105.219 110.986 113.382 117.744 115.304 109.525 103.748 97.9707 92.1929 86.4148 80.6363 74.8576 69.0784 63.2989 57.5191 51.7388 45.9582 40.1772 34.3958 28.614 22.8317 17.049 11.2673 5.67206 5.77 5.77 5.77 5.77 5.77 5.77 5.77 5.77 5.77 5.77 5.77 5.77 5.77 5.77 5.77 5.77 5.77 5.77 5.77 5.77 5.77 5.77 5.77 5.77 5.77 5.77 5.77
19.3694 25.2404 31.1186 36.9983 42.8815 48.77 54.6649 60.5706 66.4907 72.4375 78.3368 84.3483 90.3363 96.4482 102.746 101.206 99.3632 94.9938 90.0468 84.5584 80.6374 80.7794 80.7795 80.7797 80.7797 80.7786 80.7729 86.5171 88.9 94.6711 97.0553 102.824 105.219 109.576 111.969 114.365 109.537 103.759 97.9814 92.2039 86.4261 80.6482 74.8699 69.0914 63.3125 57.5333 51.7539 45.9741 40.1939 34.4135 28.6327 22.8516 17.0701 11.2895 5.6804 5.77 5.77 5.77 5.77 5.77 5.77 5.77 5.77 5.77 5.77 5.77 5.77 5.77 5.77 5.77 5.77 5.77 5.77 5.77 5.77 5.77 5.77 5.77 5.77 5.77 5.77 5.77
22.6439 28.4825 34.3195 40.159 45.9994 51.8421 57.6884 63.5397 69.4011 75.2767 81.1775 87.0724 93.2516 97.3116 96.763 95.2339 93.3863 91.8639 87.9592 82.2353 80.6768 80.7797 80.7797 80.7797 80.7797 80.7797 80.7783 80.7691 86.5116 88.8954 94.6688 97.056 102.829 103.802 106.193 108.589 109.548 103.77 97.9916 92.2145 86.4373 80.6597 74.882 69.1039 63.3257 57.5471 51.7683 45.9892 40.2099 34.4303 28.6504 22.8702 17.0897 11.3099 5.68802 5.77 5.77 5.77 5.77 5.77 5.77 5.77 5.77 5.77 5.77 5.77 5.77 5.77 5.77 5.77 5.77 5.77 5.77 5.77 5.77 5.77 5.77 5.77 5.77 5.77 5.77 5.77
26.0146 31.5918 37.405 43.2159 49.0289 54.8423 60.6565 66.471 72.2885 78.1194 83.9925 90.0696 94.0087 91.2808 90.845 89.3644 87.5052 85.9699 85.7141 80.5279 80.7672 80.7797 80.7797 80.7797 80.7797 80.7797 80.7797 80.778 80.7664 86.51 88.8948 94.6689 97.0552 98.0272 100.417 102.813 105.215 103.782 98.0024 92.2259 86.449 80.672 74.8947 69.1173 63.3396 57.5616 51.7835 46.005 40.2264 34.4475 28.6684 22.889 17.1094 11.3303 5.6955 5.77 5.77 5.77 5.77 5.77 5.77 5.77 5.77 5.77 5.77 5.77 5.77 5.77 5.77 5.77 5.77 5.77 5.77 5.77 5.77 5.77 5.77 5.77 5.77 5.77 5.77 5.77
28.8778 34.5534 40.1278 45.9314 51.7408 57.5572 63.3721 69.1782 74.9984 80.8186 86.7541 92.3202 88.0973 85.3358 85.015 83.7052 81.8967 80.4068 80.6123 80.7547 80.7797 80.7797 80.7797 80.7797 80.7797 80.7797 80.7797 80.7797 80.7778 80.7659 86.5102 88.8966 92.2713 92.2514 94.6425 97.04 102.824 103.794 98.0146 92.2381 86.462 80.6855 74.9088 69.1319 63.3548 57.5775 51.7999 46.0222 40.2442 34.466 28.6875 22.9089 17.13 11.3516 5.70317 5.77 5.77 5.77 5.77 5.77 5.77 5.77 5.77 5.77 5.77 5.77 5.77 5.77 5.77 5.77 5.77 5.77 5.77 5.77 5.77 5.77 5.77 5.77 5.77 5.77 5.77 5.77
31.4797 37.2568 42.832 48.4619 54.1797 59.8824 65.4532 71.283 77.1357 83.0161 88.8984 86.5625 83.8503 79.8803 79.8569 80.3738 80.6442 80.7576 80.7797 80.7797 80.7797 80.7797 80.7797 80.7797 80.7797 80.7797 80.7797 80.7797 80.7797 80.7779 80.7675 86.5145 86.4963 86.475 88.8681 94.6556 97.0718 102.85 98.0269 92.251 86.4755 80.6999 74.9239 69.1477 63.3712 57.5946 51.8177 46.0406 40.2633 34.4857 28.708 22.93 17.1519 11.3741 5.71113 5.77 5.77 5.77 5.77 5.77 5.77 5.77 5.77 5.77 5.77 5.77 5.77 5.77 5.77 5.77 5.77 5.77 5.77 5.77 5.77 5.77 5.77 5.77 5.77 5.77 5.77 5.77
37.6418 39.8096 45.5727 51.1369 56.7634 62.4873 68.1842 73.8059 79.7591 81.2753 83.4973 84.3011 79.4578 80.3396 80.7749 80.7795 80.7797 80.7797 80.7797 80.7797 80.7797 80.7797 80.7797 80.7797 80.7797 80.7797 80.7797 80.7797 80.7797 80.7797 80.7779 80.7724 80.7633 80.7502 86.4979 88.9056 94.683 100.46 98.0383 92.2632 86.489 80.7142 74.9391 69.1638 63.3881 57.6122 51.836 46.0597 40.283 34.5062 28.7292 22.952 17.1745 11.3973 5.71928 5.77 5.77 5.77 5.77 5.77 5.77 5.77 5.77 5.77 5.77 5.77 5.77 5.77 5.77 5.77 5.77 5.77 5.77 5.77 5.77 5.77 5.77 5.77 5.77 5.77 5.77 5.77
40.3445 45.8807 48.1075 53.8606 59.4113 65.0256 70.7611 76.4803 81.5017 77.2091 77.8605 79.8931 80.62 80.7789 80.7795 80.7797 80.7797 80.7797 80.7797 80.7797 80.7797 80.7797 80.7797 80.7797 80.7797 80.7797 80.7797 80.7797 80.7797 80.7797 80.7797 80.7797 80.7797 80.7773 80.7653 86.5243 92.3 97.0924 98.0479 92.2743 86.5012 80.7275 74.9535 69.179 63.4043 57.6292 51.8539 46.0783 40.3025 34.5264 28.7502 22.9737 17.197 11.4204 5.72735 5.77 5.77 5.77 5.77 5.77 5.77 5.77 5.77 5.77 5.77 5.77 5.77 5.77 5.77 5.77 5.77 5.77 5.77 5.77 5.77 5.77 5.77 5.77 5.77 5.77 5.77 5.77
46.2286 48.5533 54.1079 56.3863 62.1379 67.67 73.3024 79.2079 77.284 80.1518 80.7704 80.7762 80.779 80.7796 80.7797 80.7797 80.7797 80.7797 80.7797 80.7797 80.7797 80.7797 80.7797 80.7797 80.7797 80.7797 80.7797 80.7797 80.7797 80.7797 80.7797 80.7797 80.7797 80.7797 80.7761 86.5416 88.9302 94.7021 98.056 92.2835 86.5115 80.7389 74.9658 69.1924 63.4186 57.6445 51.8701 46.0954 40.3205 34.5453 28.7698 22.9942 17.2183 11.4424 5.73503 5.77 5.77 5.77 5.77 5.77 5.77 5.77 5.77 5.77 5.77 5.77 5.77 5.77 5.77 5.77 5.77 5.77 5.77 5.77 5.77 5.77 5.77 5.77 5.77 5.77 5.77 5.77
52.0706 54.4125 56.7545 62.3281 64.6487 70.4163 76.0001 78.1995 80.288 80.7728 80.779 80.7797 80.7797 80.7797 80.7797 80.7797 80.7797 80.7797 80.7797 80.7797 80.7797 80.7797 80.7797 80.7797 80.7797 80.7797 80.7797 80.7797 80.7797 80.7797 80.7797 80.7797 80.7797 80.7797 80.7789 80.7763 86.541 92.3124 98.0629 92.291 86.5196 80.7478 74.9757 69.2033 63.4304 57.6573 51.8838 46.1101 40.336 34.5617 28.7872 23.0124 17.2374 11.4623 5.742 5.77 5.77 5.77 5.77 5.77 5.77 5.77 5.77 5.77 5.77 5.77 5.77 5.77 5.77 5.77 5.77 5.77 5.77 5.77 5.77 5.77 5.77 5.77 5.77 5.77 5.77 5.77
56.9782 60.2385 62.5968 64.8785 70.5452 72.8903 78.6768 80.2477 80.7722 80.779 80.7797 80.7797 80.7797 80.7797 80.7797 80.7797 80.7797 80.7797 80.7797 80.7797 80.7797 80.7797 80.7797 80.7797 80.7797 80.7797 80.7797 80.7797 80.7797 80.7797 80.7797 80.7797 80.7797 80.7797 80.7797 80.7778 86.5436 92.3142 98.0687 92.2969 86.5259 80.7547 74.9832 69.2115 63.4395 57.6673 51.8947 46.1218 40.3487 34.5753 28.8017 23.0278 17.2536 11.4793 5.74805 5.77 5.77 5.77 5.77 5.77 5.77 5.77 5.77 5.77 5.77 5.77 5.77 5.77 5.77 5.77 5.77 5.77 5.77 5.77 5.77 5.77 5.77 5.77 5.77 5.77 5.77 5.77
62.7675 65.1326 68.4045 70.7106 73.0821 78.7504 80.7539 80.7721 80.7785 80.7797 80.7797 80.7797 80.7797 80.7797 80.7797 80.7797 80.7797 80.7797 80.7797 80.7797 80.7797 80.7797 80.7797 80.7797 80.7797 80.7797 80.7797 80.7797 80.7797 80.7797 80.7797 80.7797 80.7797 80.7797 80.7797 80.7783 86.5445 92.3151 98.0732 92.3022 86.5311 80.7602 74.9891 69.2179 63.4465 57.6748 51.903 46.1309 40.3586 34.586 28.8132 23.0401 17.2668 11.4933 5.75307 5.77 5.77 5.77 5.77 5.77 5.77 5.77 5.77 5.77 5.77 5.77 5.77 5.77 5.77 5.77 5.77 5.77 5.77 5.77 5.77 5.77 5.77 5.77 5.77 5.77 5.77 5.77
68.5506 70.8943 73.2922 76.5134 78.9255 80.7594 80.7757 80.7797 80.7797 80.7797 80.7797 80.7797 80.7797 80.7797 80.7797 80.7797 80.7797 80.7797 80.7797 80.7797 80.7797 80.7797 80.7797 80.7797 80.7797 80.7797 80.7797 80.7797 80.7797 80.7797 80.7797 80.7797 80.7797 80.7797 80.7797 80.7785 86.5459 92.3166 92.3177 92.3067 86.5358 80.7649 74.994 69.223 63.4519 57.6807 51.9093 46.1378 40.3661 34.5941 28.822 23.0497 17.2771 11.5044 5.75708 5.77 5.77 5.77 5.77 5.77 5.77 5.77 5.77 5.77 5.77 5.77 5.77 5.77 5.77 5.77 5.77 5.77 5.77 5.77 5.77 5.77 5.77 5.77 5.77 5.77 5.77 5.77
