tests/full-run-ref/erosion_79_12_72.935.asc
ncols 512
nrows 512
xllcorner -3.24582
yllcorner -4.08743
cellsize 5
NODATA_value -99999
[rows 87 to 115 of 512, columns 268 to 334 of 512]
5.77002 5.75918 552.829 783.202 5.71155 5.77002 5.77002 5.77002 5.77002 5.77002 5.77002 5.77002 5.77002 5.56753 6.75398 639.849 5.25409 5.33353 5.77002 5.77002 5.77002 5.77002 4.96421 262.368 78.5876 472.472 466.893 72.728 223.2 5.00902 7.15893 7.9682 7.97035 7.96994 7.94238 6.05676 469.861 312.427 4.82137 5.77002 5.77002 5.77002 5.77002 5.77002 5.77002 5.77002 5.77002 5.77002 5.36739 223.017 315.198 5.59092 5.75877 5.77002 5.77002 5.76635 5.76092 5.75836 5.74044 5.77002 5.77002 5.77002 5.77002 5.77002 5.77002 5.77002 5.62387
5.77002 5.73744 805.211 5.75247 5.70408 5.77002 5.77002 5.77002 5.77002 5.77002 5.77002 5.77002 5.77002 5.59588 6.17484 492.455 358.591 4.85894 5.77002 5.77002 5.77002 5.77002 5.10985 4.90631 47.211 171.361 337.887 468.414 155.422 5.14384 5.92654 7.96699 7.97014 7.97027 7.9482 7.5576 5.88598 546.698 4.84575 5.35074 5.46722 5.77002 5.77002 5.77002 5.77002 5.77002 5.77002 5.77002 5.63815 381.277 508.067 5.71291 5.77002 5.77002 5.77002 5.58679 1020.8 1218.19 5.75923 5.77002 5.77002 5.77002 5.77002 5.77002 5.77002 5.77002 5.73249
5.77002 5.74962 5.75614 1488.92 5.69348 5.77002 5.77002 5.77002 5.77002 5.77002 5.77002 5.77002 5.77002 5.30477 5.75573 336.209 194.638 4.70617 5.77002 5.77002 5.77002 5.77002 5.16636 405.311 67.1763 255.163 295.862 10.4026 141.216 4.8336 6.00179 7.49401 7.96839 7.97033 7.9667 7.81759 5.87327 268.311 444.136 362.796 5.02999 5.77002 5.77002 5.77002 5.77002 5.77002 5.77002 5.77002 5.75154 847.498 5.70203 5.74732 5.77002 5.77002 5.77002 5.61054 5.76136 5.75765 5.75802 5.77002 5.77002 5.77002 5.77002 5.77002 5.77002 5.77002 5.74079
5.77002 5.77002 5.76354 5.76019 5.71066 5.77002 5.77002 5.77002 5.77002 5.77002 5.77002 5.77002 5.42128 4.88771 216.864 805.264 171.637 4.46409 5.77002 5.77002 5.77002 5.77002 5.08548 4.72139 34.4673 126.146 458.304 821.913 165.573 507.596 5.97879 6.95851 7.96624 7.97035 7.97023 7.96244 6.12607 251.156 355.897 172.203 4.6475 5.54829 5.77002 5.77002 5.77002 5.77002 5.77002 5.77002 5.75967 5.76048 5.56475 5.77002 5.77002 5.77002 5.77002 5.77002 5.77002 5.77002 5.77002 5.77002 5.77002 5.77002 5.77002 5.77002 5.77002 5.77002 5.77002
5.77002 5.77002 5.76255 5.75755 5.7077 5.77002 5.77002 5.77002 5.77002 5.77002 5.77002 5.77002 5.35121 699.989 284.762 201.945 313.018 4.77773 5.00932 5.77002 5.77002 5.77002 5.34693 4.64095 28.4602 133.592 522.396 44.6321 146.231 4.80398 5.92135 7.4747 7.96862 7.97035 7.97035 7.96477 7.71676 5.77905 200.702 101.599 188.649 5.24337 5.45923 5.77002 5.77002 5.77002 5.77002 5.77002 5.77002 5.77002 5.77002 5.77002 5.77002 5.77002 5.77002 5.77002 5.77002 5.77002 5.77002 5.77002 5.77002 5.77002 5.77002 5.77002 5.77002 5.77002 5.77002
5.77002 5.76159 5.74914 1477.52 5.67883 5.77002 5.77002 5.77002 5.77002 5.77002 5.77002 5.77002 5.39372 5.00258 4.93045 4.95735 428.386 482.801 4.41752 4.70282 4.34469 3.45394 3.9655 30.7771 24.0946 296.831 253.329 67.2714 4.74674 5.42214 5.9369 7.88027 7.9702 7.97034 7.97035 7.96884 7.88488 5.8244 49.6405 894.877 131.059 293.721 4.97853 5.28965 5.51865 5.7257 5.77002 5.77002 5.77002 5.77002 5.77002 5.77002 5.77002 5.77002 5.77002 5.77002 5.77002 5.77002 5.77002 5.76085 5.75908 5.7455 5.77002 5.77002 5.77002 5.77002 5.77002
5.77002 5.72707 799.034 5.73083 5.6759 5.77002 5.77002 5.77002 5.77002 5.77002 5.77002 5.77002 5.77002 5.77002 5.77002 5.06631 4.32786 406.407 345.304 3.77866 125.828 194.499 61.5146 78.0314 173.29 860.418 202.856 62.1459 4.44155 5.55225 6.12331 7.74197 7.93306 7.96998 7.97035 7.9703 7.96238 5.71782 40.2228 843.876 99.6728 303.128 827.007 7.45967 1433.02 5.70459 5.77002 5.77002 5.77002 5.77002 5.77002 5.77002 5.77002 5.77002 5.77002 5.76491 5.7619 5.75737 5.75507 5.73396 884.063 5.59358 5.77002 5.77002 5.77002 5.77002 5.77002
5.77002 5.70412 547.492 779.366 5.67486 5.77002 5.77002 5.77002 5.77002 5.77002 5.77002 5.77002 5.77002 5.77002 5.77002 5.77002 4.90802 4.0803 342.613 548.278 129.02 664.38 842.113 592.672 266.446 177.571 830.497 97.6401 148.811 4.20011 3.73011 5.39485 7.6991 7.96792 7.97035 7.97035 7.96286 5.74989 117.074 264.113 152.381 5.15906 5.2239 5.41724 5.57082 5.73542 5.77002 5.77002 5.77002 5.77002 5.77002 5.77002 5.77002 5.77002 5.77002 5.76611 1342.28 6.09175 5.96069 631.485 675.12 5.5611 5.77002 5.77002 5.77002 5.77002 5.77002
5.77002 5.71245 806.25 5.71832 5.68276 5.77002 5.77002 5.77002 5.77002 5.77002 5.77002 5.77002 5.77002 5.77002 5.77002 5.77002 5.77002 5.09148 4.50415 176.212 117.792 68.3815 57.9704 59.4364 58.2481 46.937 73.3024 906.782 124.177 59.6228 128.687 317.149 6.06146 7.92787 7.97029 7.97035 7.96684 6.22506 258.666 279.804 6.04091 5.57248 5.77002 5.77002 5.77002 5.77002 5.77002 5.77002 5.77002 5.77002 5.77002 5.77002 5.77002 5.77002 5.77002 5.76757 5.75725 876.534 334.225 344.571 5.73522 5.66029 5.77002 5.77002 5.77002 5.77002 5.77002
5.77002 5.74105 802.453 5.72052 5.6809 5.77002 5.77002 5.77002 5.77002 5.77002 5.77002 5.77002 5.77002 5.77002 5.77002 5.77002 5.77002 5.06979 4.53037 315.445 201.583 3.32346 3.98602 4.35157 4.51481 4.58298 173.499 113.973 150.952 528.708 626.469 102.096 5.88315 7.58257 7.96595 7.96852 7.96524 6.82227 334.962 247.748 5.54464 5.75968 5.77002 5.77002 5.77002 5.77002 5.77002 5.77002 5.77002 5.77002 5.77002 5.77002 5.77002 5.77002 5.77002 5.77002 5.76656 5.74628 226.988 370.645 651.53 5.75611 5.77002 5.77002 5.77002 5.77002 5.77002
5.77002 5.7459 552.168 777.565 5.6733 5.77002 5.77002 5.77002 5.77002 5.77002 5.77002 5.77002 5.77002 5.77002 5.77002 5.77002 5.77002 4.36482 313.532 277.402 4.19944 5.14226 5.77002 5.77002 5.77002 5.29455 4.80069 4.81208 117.957 44.862 995.345 101.836 192.186 7.68234 8.07674 7.63981 7.18688 7.97789 318.179 186.62 5.73433 5.76387 5.77002 5.77002 5.77002 5.77002 5.77002 5.77002 5.77002 5.77002 5.77002 5.77002 5.77002 5.77002 5.77002 5.77002 5.77002 5.73787 196.647 281.472 5.69676 5.74895 5.77002 5.77002 5.77002 5.77002 5.77002
5.77002 5.75304 849.239 5.73113 5.75516 5.77002 5.77002 5.77002 5.77002 5.77002 5.77002 5.77002 5.77002 5.77002 5.77002 5.77002 5.77002 4.33443 221.457 237.449 4.26769 5.77002 5.77002 5.77002 5.77002 5.77002 5.77002 5.31274 4.81777 85.5438 58.5543 655.323 69.734 35.366 18.232 16.6756 83.8961 283.991 514.234 169.378 265.472 5.74741 5.76541 5.77002 5.77002 5.77002 5.77002 5.77002 5.77002 5.77002 5.77002 5.77002 5.77002 5.77002 5.77002 5.77002 5.75824 5.70136 122.59 173.005 247.1 5.73032 5.77002 5.77002 5.77002 5.77002 5.77002
5.77002 5.76015 5.76435 5.76506 5.76675 5.77002 5.77002 5.77002 5.77002 5.77002 5.77002 5.77002 5.77002 5.77002 5.77002 5.77002 5.04142 4.36928 222.084 196.314 4.03231 5.77002 5.77002 5.77002 5.77002 5.77002 5.77002 5.77002 5.36071 4.91898 32.9112 128.466 909.916 906.136 406.865 899.566 758.87 111.952 184.119 177.382 183.522 263.117 5.72525 5.72131 5.74227 5.76851 5.76925 5.77002 5.77002 5.77002 5.77002 5.77002 5.77002 5.77002 5.77002 5.77002 5.73051 203.191 85.0272 761.741 95.6082 5.71737 5.77002 5.77002 5.77002 5.77002 5.77002
5.77002 5.77002 5.74753 828.122 5.69602 5.72506 5.75915 5.77002 5.77002 5.77002 5.77002 5.77002 5.77002 5.77002 5.77002 5.10178 3.78139 119.964 203.17 160.99 4.3373 5.77002 5.77002 5.77002 5.77002 5.77002 5.77002 5.77002 5.77002 5.22338 63.4677 294.199 134.815 112.1 128.497 346.023 33.2203 130.816 5.74072 179.636 185.311 200.335 255.211 257.695 5.72013 5.98317 5.75953 5.77002 5.77002 5.77002 5.77002 5.77002 5.77002 5.77002 5.77002 5.77002 5.73108 206.452 80.9019 678.363 91.9119 5.70434 5.76009 5.77002 5.77002 5.77002 5.77002
5.77002 5.77002 5.74326 548.925 432.225 454.288 5.67634 5.7611 5.77002 5.77002 5.77002 5.56681 4.9916 4.61463 4.18207 3.67435 84.0887 46.7835 465.666 76.1546 4.27542 5.179 5.77002 5.77002 5.77002 5.77002 5.77002 5.77002 5.77002 5.51327 272.033 93.5194 46.6555 43.6601 40.9051 113.706 144.076 5.75122 5.76145 5.74913 251.291 204.874 185.789 143.533 288.204 290.146 5.72425 5.77002 5.77002 5.77002 5.77002 5.77002 5.77002 5.77002 5.77002 5.77002 5.75872 5.70894 41.5511 556.595 94.016 247.101 5.74073 5.77002 5.77002 5.77002 5.77002
5.77002 5.77002 5.71458 5.54093 192.145 307.205 7.29541 5.71877 5.77002 5.77002 5.77002 5.35246 473.462 294.391 100.162 41.6425 16.5327 169.822 277.328 37.2477 131.765 3.86725 5.17499 5.77002 5.77002 5.77002 5.77002 5.77002 5.77002 5.75453 5.74354 5.74145 5.7616 5.76108 5.75681 319.407 487.369 5.76471 5.77002 5.76729 5.76096 5.71367 179.609 112.43 799.618 95.5972 5.68829 5.77002 5.77002 5.77002 5.77002 5.77002 5.77002 5.77002 5.77002 5.77002 5.76246 5.72692 91.9176 655.935 771.645 160.098 5.72551 5.77002 5.77002 5.77002 5.77002
5.77002 5.77002 5.63648 6.43044 103.5 469.333 154.012 5.24247 5.77002 5.77002 5.77002 5.35327 3.912 207.525 93.4526 236.647 167.185 61.3842 97.8989 86.4027 51.0913 235.638 4.24653 5.77002 5.77002 5.77002 5.77002 5.77002 5.77002 5.77002 5.77002 5.77002 5.77002 5.77002 5.76448 5.76168 5.7616 5.76425 5.77002 5.77002 5.77002 5.75643 5.69393 42.2359 915.988 71.0432 5.67765 5.77002 5.77002 5.77002 5.77002 5.77002 5.77002 5.77002 5.77002 5.77002 5.75056 263.477 375.296 132.841 95.186 368.115 5.73936 5.77002 5.77002 5.77002 5.77002
5.77002 5.77002 5.34171 108.762 111.419 367.508 83.9708 5.02074 5.16449 5.06007 5.32172 5.77002 4.82642 3.74933 34.9142 36.2161 76.0487 217.195 271.207 51.1526 69.786 59.6265 3.10175 5.08697 5.77002 5.77002 5.77002 5.77002 5.77002 5.77002 5.77002 5.77002 5.77002 5.77002 5.76383 765.968 658.211 5.73068 5.76042 5.77002 5.77002 5.77002 5.72251 25.232 979.461 74.2326 5.68696 5.77002 5.77002 5.77002 5.77002 5.77002 5.77002 5.77002 5.77002 5.77002 5.74949 335.587 382.997 5.73292 5.72925 5.6396 5.70052 5.77002 5.77002 5.77002 5.77002
5.76124 5.53348 5.09336 43.9696 109.701 349.972 27.2318 27.3287 57.3639 165.532 3.78225 3.5431 2.49731 71.3724 25.2935 19.1412 26.1904 290.423 206.921 47.4561 41.3881 36.4136 262.82 4.24034 4.77702 4.53965 5.51309 5.77002 5.77002 5.77002 5.77002 5.77002 5.77002 5.77002 5.74215 5.6641 524.563 775.575 5.71476 5.77002 5.77002 5.77002 5.71039 26.3164 970.151 77.2861 5.69749 5.77002 5.77002 5.77002 5.77002 5.77002 5.77002 5.77002 5.76681 5.76336 5.75178 846.334 5.7404 5.61147 5.77002 5.77002 5.77002 5.77002 5.77002 5.77002 5.77002
5.64407 5.78534 79.0962 19.3796 208.394 587.548 773.959 378.621 250.431 34.5643 43.1021 17.1504 27.3138 18.5681 35.8076 23.4122 27.636 270.453 237.502 56.2038 28.9186 89.1726 102 3.84885 5.03546 990.965 5.31726 5.77002 5.77002 5.77002 5.77002 5.77002 5.77002 5.75891 5.69107 7.3719 483.113 5.63219 5.69129 5.77002 5.77002 5.76202 5.6373 28.746 895.721 77.0309 5.69545 5.77002 5.77002 5.77002 5.77002 5.77002 5.77002 5.77002 5.7636 7.15309 602.534 692.063 5.69478 5.77002 5.77002 5.77002 5.77002 5.77002 5.77002 5.77002 5.77002
5.37712 92.9372 27.185 337.343 597.196 16.7489 17.2123 17.2267 516.813 296.811 140.482 220.513 55.6798 21.7423 19.6543 35.6199 31.8517 266.533 199.469 28.7034 24.2952 13.2287 61.8978 3.34536 4.78549 778.757 5.40168 5.77002 5.77002 5.77002 5.77002 5.77002 5.77002 5.74378 7.60836 218.485 209.909 249.201 5.44736 5.77002 5.77002 5.53724 7.09581 62.208 692.07 96.9154 5.64668 5.71816 5.77002 5.77002 5.77002 5.77002 5.77002 5.77002 5.76207 635.157 576.108 5.68957 5.71806 5.77002 5.77002 5.77002 5.77002 5.77002 5.77002 5.77002 5.77002
5.65793 50.2504 59.3162 780.602 16.6818 17.2783 17.3097 17.2961 17.2845 17.2979 1163.51 15.8076 263.215 545.583 960.956 181.137 124.893 530.847 161.106 42.5068 33.9866 10.4016 60.933 3.25274 4.83318 4.48123 5.50037 5.77002 5.77002 5.77002 5.77002 5.77002 5.77002 5.74242 7.26213 105.019 785.52 110.83 5.2586 4.91919 5.27466 5.41691 186.653 380.114 578.607 198.712 413.047 5.70596 5.77002 5.77002 5.77002 5.77002 5.77002 5.77002 5.65732 5.52713 5.62146 5.71807 5.77002 5.77002 5.77002 5.77002 5.77002 5.77002 5.77002 5.77002 5.77002
30.4894 14.9562 152.269 500.776 16.4942 17.2998 17.31 17.31 17.31 17.3062 17.2765 15.5981 327.056 92.9083 81.741 166.601 73.7102 49.4088 103.163 244.085 48.3151 9.70895 65.7266 3.38018 5.77002 5.77002 5.77002 5.77002 5.77002 5.77002 5.77002 5.77002 5.77002 5.76106 5.61173 39.8795 500.537 79.6743 17.7518 17.1786 14.2819 117.641 329.8 147.752 88.2674 170.121 492.424 5.71135 5.77002 5.77002 5.77002 5.77002 5.77002 5.77002 5.77002 5.77002 5.77002 5.77002 5.77002 5.77002 5.77002 5.77002 5.77002 5.77002 5.77002 5.77002 5.77002
86.3681 375.323 97.9244 287.704 16.5487 17.3031 17.3096 17.3099 17.3054 17.3088 17.2979 15.5533 15.8237 15.0287 157.482 62.5659 31.5282 33.6749 48.9595 49.6746 40.2937 10.5259 65.8828 3.434 5.77002 5.77002 5.77002 5.77002 5.77002 5.77002 5.77002 5.77002 5.77002 5.77002 5.64069 115.918 185.064 884.441 432.55 225.525 460.782 601.641 164.423 5.12747 5.29368 5.50204 5.72685 5.75245 5.77002 5.77002 5.77002 5.77002 5.77002 5.77002 5.77002 5.77002 5.77002 5.77002 5.77002 5.77002 5.77002 5.77002 5.77002 5.77002 5.77002 5.77002 5.77002
27.4131 286.345 407.98 103.529 16.409 17.2398 17.3004 17.2924 17.3026 17.1112 17.2444 16.9929 15.7988 15.6784 14.718 14.7473 43.0432 28.2289 122.265 85.6161 30.0097 11.8609 66.0918 3.46305 5.77002 5.77002 5.77002 5.77002 5.77002 5.77002 5.77002 5.77002 5.77002 5.77002 5.69892 6.7233 64.4468 30.2898 239.097 329.102 256.65 53.2544 250.231 5.05086 5.77002 5.77002 5.77002 5.77002 5.77002 5.77002 5.77002 5.77002 5.77002 5.77002 5.77002 5.77002 5.77002 5.77002 5.77002 5.77002 5.77002 5.77002 5.77002 5.77002 5.77002 5.77002 5.77002
25.6119 209.177 262.486 53.1167 18.0762 16.5825 16.4455 16.6282 17.0571 17.2513 17.2564 17.2397 17.2092 16.3894 15.8047 14.5823 29.2708 37.5031 397.992 86.2016 33.0544 15.0503 65.0141 3.4567 5.77002 5.77002 5.77002 5.77002 5.77002 5.77002 5.77002 5.77002 5.77002 5.77002 5.75472 5.60117 5.36343 77.5955 21.6324 346.189 254.556 83.0964 5.04879 5.29584 5.77002 5.77002 5.77002 5.77002 5.77002 5.77002 5.77002 5.77002 5.77002 5.77002 5.77002 5.77002 5.77002 5.77002 5.77002 5.77002 5.77002 5.77002 5.77002 5.77002 5.77002 5.77002 5.77002
37.9649 216.443 255.657 50.881 110.346 15.9381 305.405 15.5993 16.4099 17.2406 17.2545 17.2567 17.2526 17.2395 15.6145 14.9269 43.1886 86.517 862.964 96.8777 25.7963 61.4435 83.1886 3.54269 5.77002 5.77002 5.77002 5.77002 5.77002 5.77002 5.77002 5.77002 5.77002 5.77002 5.77002 5.77002 5.55702 5.0922 81.3047 38.6691 1029.4 63.1603 141.122 4.83432 5.55261 5.77002 5.77002 5.77002 5.77002 5.77002 5.77002 5.77002 5.77002 5.77002 5.77002 5.77002 5.77002 5.77002 5.77002 5.77002 5.77002 5.77002 5.77002 5.77002 5.77002 5.77002 5.77002
30.1278 226.284 242.567 127.864 26.6276 43.4719 51.4418 195.979 16.5117 16.8656 17.2472 17.2569 17.2568 17.2354 15.9348 15.9403 38.017 154.424 348.525 32.6379 23.9191 41.663 173.536 4.2073 5.77002 5.77002 5.77002 5.77002 5.77002 5.77002 5.76328 5.76073 5.76059 5.77002 5.77002 5.77002 5.77002 5.50193 4.87664 42.3262 271.288 674.184 49.8026 269.516 5.33651 5.77002 5.77002 5.77002 5.77002 5.77002 5.77002 5.77002 5.77002 5.77002 5.77002 5.77002 5.77002 5.77002 5.77002 5.77002 5.77002 5.77002 5.77002 5.77002 5.77002 5.77002 5.77002
788.854 580.577 485.836 252.032 1538.36 350.858 422.042 136.649 578.841 16.4068 17.2515 17.2441 17.2364 17.2355 15.9332 15.2673 41.6942 85.4694 897.951 34.6286 17.2339 51.742 3.24621 5.08743 5.77002 5.77002 5.77002 5.77002 5.77002 5.77002 5.75675 820.934 5.73181 5.75601 5.76939 5.77002 5.77002 5.77002 5.18479 148.017 42.165 762.978 612.516 183.434 5.37343 5.65354 5.77002 5.77002 5.77002 5.77002 5.77002 5.77002 5.77002 5.77002 5.77002 5.77002 5.77002 5.77002 5.77002 5.77002 5.77002 5.77002 5.77002 5.77002 5.77002 5.77002 5.77002
