tests/full-run-ref/erosion_78_20_-12.873.asc
ncols 512
nrows 512
xllcorner -3.24582
yllcorner -4.08743
cellsize 5
NODATA_value -99999
[rows 0 to 35 of 512, columns 82 to 163 of 512]
350.036 349.915 349.79 349.66 349.524 349.38 349.226 349.062 348.895 348.729 348.564 348.396 348.233 348.082 347.945 347.819 347.703 347.597 347.505 347.426 347.353 347.279 347.205 347.135 347.062 346.981 346.889 346.791 346.685 346.571 346.449 346.319 346.181 346.034 345.88 345.719 345.546 345.358 345.154 344.938 344.705 344.454 344.183 343.893 343.587 343.268 342.934 342.585 342.224 341.856 341.481 341.097 340.706 340.312 339.911 339.504 339.095 338.692 338.289 337.884 337.491 337.122 336.778 336.45 336.151 335.891 335.677 335.503 335.361 335.243 335.156 335.104 335.065 335.019 331.52 325.75 319.98 314.21 308.44 302.67 296.9 291.13
351.186 351.068 350.944 350.814 350.677 350.532 350.375 350.207 350.035 349.865 349.694 349.521 349.352 349.196 349.054 348.923 348.803 348.694 348.599 348.519 348.445 348.371 348.298 348.229 348.159 348.08 347.992 347.897 347.796 347.686 347.569 347.443 347.31 347.167 347.016 346.857 346.687 346.502 346.3 346.085 345.854 345.605 345.335 345.047 344.743 344.425 344.093 343.745 343.386 343.018 342.643 342.257 341.864 341.465 341.058 340.643 340.225 339.812 339.397 338.98 338.573 338.192 337.835 337.495 337.184 336.914 336.692 336.51 336.362 336.237 336.144 336.086 336.041 334.9 329.13 323.36 317.59 311.82 306.05 300.28 294.51 288.74
351.329 351.215 351.092 350.963 350.826 350.68 350.52 350.349 350.172 349.997 349.822 349.643 349.468 349.307 349.161 349.026 348.902 348.79 348.693 348.611 348.537 348.463 348.391 348.324 348.257 348.181 348.096 348.006 347.909 347.804 347.691 347.57 347.441 347.301 347.153 346.997 346.829 346.645 346.445 346.231 346.001 345.753 345.485 345.198 344.895 344.579 344.249 343.903 343.545 343.178 342.803 342.416 342.021 341.618 341.206 340.783 340.356 339.933 339.507 339.076 338.656 338.262 337.893 337.541 337.218 336.937 336.705 336.516 336.36 336.228 336.128 336.063 336.012 332.51 326.74 320.97 315.2 309.43 303.66 297.89 292.12 286.35
351.462 351.351 351.23 351.102 350.965 350.817 350.656 350.481 350.3 350.121 349.941 349.757 349.578 349.413 349.263 349.124 348.997 348.883 348.784 348.7 348.622 348.541 348.46 348.385 348.311 348.233 348.149 348.066 347.979 347.885 347.783 347.674 347.555 347.424 347.283 347.132 346.968 346.786 346.589 346.376 346.147 345.9 345.633 345.348 345.046 344.731 344.402 344.058 343.702 343.334 342.958 342.57 342.173 341.765 341.347 340.916 340.481 340.047 339.611 339.167 338.734 338.328 337.947 337.582 337.248 336.956 336.715 336.517 336.354 336.214 336.106 336.033 335.887 330.108 324.338 318.568 312.799 307.03 301.261 295.492 289.722 283.953
351.586 351.478 351.36 351.233 351.096 350.948 350.784 350.606 350.422 350.239 350.055 349.867 349.683 349.514 349.361 349.219 349.089 348.974 348.874 348.789 348.709 348.629 348.547 348.473 348.403 348.33 348.254 348.177 348.098 348.011 347.914 347.81 347.693 347.565 347.426 347.276 347.113 346.933 346.735 346.522 346.293 346.046 345.779 345.495 345.195 344.881 344.554 344.212 343.856 343.49 343.113 342.724 342.325 341.914 341.49 341.052 340.608 340.165 339.716 339.26 338.815 338.395 338.002 337.624 337.278 336.974 336.723 336.516 336.342 336.193 336.077 335.988 333.476 327.697 321.929 316.161 310.393 304.625 298.857 293.089 287.321 281.552
351.702 351.597 351.482 351.357 351.221 351.072 350.907 350.726 350.538 350.352 350.164 349.972 349.785 349.612 349.456 349.311 349.179 349.062 348.962 348.877 348.797 348.717 348.637 348.568 348.505 348.441 348.374 348.306 348.233 348.151 348.058 347.956 347.842 347.715 347.575 347.426 347.262 347.081 346.882 346.669 346.439 346.191 345.925 345.642 345.343 345.03 344.704 344.364 344.011 343.645 343.268 342.878 342.477 342.064 341.633 341.189 340.736 340.283 339.824 339.356 338.896 338.465 338.058 337.667 337.308 336.993 336.73 336.512 336.327 336.168 336.038 335.93 331.051 325.278 319.512 313.746 307.98 302.214 296.447 290.68 284.913 279.145
351.806 351.705 351.593 351.469 351.334 351.185 351.019 350.836 350.645 350.456 350.265 350.069 349.879 349.703 349.545 349.398 349.265 349.147 349.048 348.962 348.883 348.803 348.727 348.665 348.612 348.556 348.498 348.438 348.37 348.292 348.201 348.101 347.99 347.865 347.726 347.577 347.413 347.231 347.033 346.818 346.588 346.34 346.074 345.792 345.493 345.182 344.858 344.519 344.167 343.802 343.425 343.035 342.63 342.213 341.777 341.325 340.864 340.401 339.931 339.451 338.979 338.534 338.115 337.712 337.34 337.012 336.737 336.508 336.313 336.142 335.99 334.417 328.624 322.857 317.093 311.328 305.563 299.799 294.033 288.267 282.5 276.733
351.894 351.798 351.688 351.567 351.432 351.283 351.116 350.932 350.739 350.547 350.355 350.156 349.963 349.785 349.626 349.478 349.344 349.227 349.128 349.043 348.965 348.888 348.816 348.764 348.719 348.673 348.622 348.568 348.505 348.43 348.343 348.246 348.137 348.015 347.878 347.731 347.568 347.388 347.189 346.975 346.745 346.498 346.233 345.951 345.654 345.342 345.019 344.681 344.33 343.964 343.584 343.192 342.785 342.361 341.92 341.459 340.989 340.517 340.037 339.544 339.059 338.603 338.171 337.756 337.372 337.032 336.747 336.506 336.3 336.119 335.944 332 326.208 320.442 314.676 308.911 303.146 297.381 291.615 285.849 280.083 274.316
351.967 351.875 351.769 351.649 351.515 351.367 351.199 351.013 350.819 350.626 350.431 350.231 350.036 349.857 349.697 349.549 349.416 349.3 349.202 349.119 349.042 348.969 348.905 348.861 348.828 348.79 348.745 348.695 348.638 348.567 348.483 348.391 348.287 348.167 348.033 347.887 347.727 347.549 347.352 347.139 346.909 346.663 346.399 346.118 345.822 345.511 345.187 344.85 344.496 344.129 343.747 343.349 342.937 342.509 342.059 341.59 341.111 340.629 340.137 339.633 339.137 338.667 338.224 337.797 337.402 337.052 336.754 336.502 336.285 336.085 335.419 329.598 323.812 318.038 312.267 306.498 300.73 294.963 289.196 283.429 277.661 271.892
352.027 351.939 351.836 351.717 351.585 351.437 351.269 351.082 350.887 350.693 350.498 350.296 350.1 349.921 349.761 349.614 349.482 349.367 349.271 349.188 349.115 349.047 348.993 348.961 348.936 348.904 348.865 348.822 348.769 348.703 348.624 348.537 348.436 348.321 348.191 348.048 347.89 347.714 347.519 347.308 347.08 346.835 346.572 346.292 345.996 345.685 345.361 345.022 344.668 344.296 343.91 343.508 343.09 342.654 342.196 341.719 341.229 340.736 340.234 339.719 339.211 338.731 338.276 337.838 337.43 337.069 336.761 336.498 336.27 336.048 332.996 327.198 321.422 315.643 309.867 304.092 298.32 292.548 286.777 281.007 275.235 269.464
352.071 351.989 351.888 351.772 351.64 351.493 351.326 351.14 350.945 350.75 350.555 350.353 350.157 349.979 349.82 349.674 349.544 349.432 349.337 349.256 349.187 349.127 349.084 349.062 349.045 349.019 348.984 348.946 348.899 348.838 348.765 348.682 348.587 348.476 348.351 348.212 348.057 347.884 347.692 347.484 347.258 347.015 346.753 346.475 346.18 345.869 345.543 345.202 344.845 344.471 344.079 343.671 343.244 342.801 342.335 341.847 341.347 340.844 340.332 339.806 339.287 338.796 338.331 337.882 337.464 337.091 336.773 336.499 336.259 336.023 330.607 324.812 319.033 313.254 307.474 301.694 295.916 290.139 284.364 278.589 272.813 267.038
352.1 352.022 351.925 351.812 351.682 351.537 351.372 351.187 350.992 350.799 350.605 350.405 350.21 350.033 349.876 349.733 349.605 349.495 349.402 349.324 349.26 349.21 349.178 349.164 349.153 349.132 349.101 349.068 349.026 348.971 348.905 348.828 348.737 348.632 348.511 348.377 348.227 348.059 347.871 347.667 347.445 347.205 346.946 346.669 346.375 346.064 345.738 345.394 345.033 344.654 344.255 343.839 343.405 342.952 342.477 341.979 341.468 340.955 340.432 339.896 339.367 338.866 338.392 337.934 337.507 337.126 336.799 336.516 336.258 334.015 328.223 322.438 316.654 310.872 305.09 299.307 293.525 287.744 281.963 276.184 270.405 264.626
352.111 352.037 351.944 351.834 351.707 351.565 351.403 351.22 351.028 350.837 350.645 350.447 350.255 350.081 349.927 349.787 349.663 349.554 349.463 349.39 349.336 349.296 349.273 349.265 349.259 349.241 349.215 349.187 349.152 349.104 349.043 348.972 348.887 348.788 348.674 348.546 348.402 348.239 348.057 347.859 347.642 347.406 347.151 346.877 346.584 346.273 345.944 345.596 345.23 344.845 344.439 344.013 343.569 343.106 342.62 342.11 341.589 341.065 340.533 339.987 339.45 338.94 338.457 337.991 337.557 337.169 336.833 336.542 336.275 331.627 325.835 320.06 314.279 308.496 302.713 296.93 291.146 285.363 279.58 273.797 268.016 262.236
352.106 352.036 351.947 351.84 351.718 351.579 351.42 351.24 351.052 350.864 350.676 350.482 350.293 350.123 349.973 349.837 349.716 349.61 349.522 349.456 349.412 349.383 349.368 349.366 349.362 349.35 349.328 349.306 349.277 349.235 349.18 349.115 349.037 348.945 348.838 348.717 348.58 348.425 348.251 348.058 347.848 347.618 347.367 347.096 346.805 346.493 346.161 345.81 345.437 345.044 344.629 344.192 343.736 343.26 342.763 342.242 341.71 341.176 340.634 340.079 339.533 339.015 338.525 338.053 337.612 337.219 336.877 336.576 335.035 329.245 323.461 317.681 311.902 306.122 300.34 294.558 288.774 282.991 277.208 271.425 265.642 259.861
352.088 352.023 351.938 351.836 351.717 351.583 351.428 351.253 351.069 350.886 350.703 350.513 350.33 350.165 350.019 349.888 349.77 349.667 349.582 349.525 349.493 349.474 349.465 349.466 349.466 349.458 349.443 349.426 349.402 349.366 349.318 349.259 349.188 349.102 349.003 348.89 348.761 348.613 348.447 348.263 348.061 347.836 347.59 347.323 347.034 346.722 346.388 346.031 345.652 345.251 344.826 344.377 343.908 343.422 342.912 342.38 341.835 341.29 340.739 340.177 339.623 339.099 338.603 338.125 337.679 337.28 336.933 336.624 332.643 326.859 321.083 315.304 309.525 303.747 297.967 292.186 286.405 280.623 274.84 269.057 263.275 257.493
352.062 352.001 351.921 351.823 351.71 351.581 351.432 351.263 351.084 350.908 350.731 350.547 350.37 350.211 350.072 349.944 349.831 349.729 349.653 349.607 349.585 349.573 349.569 349.572 349.576 349.573 349.562 349.55 349.531 349.5 349.457 349.404 349.34 349.26 349.167 349.063 348.942 348.803 348.646 348.472 348.278 348.06 347.819 347.557 347.272 346.961 346.625 346.263 345.877 345.468 345.033 344.573 344.091 343.59 343.069 342.524 341.968 341.413 340.854 340.284 339.724 339.194 338.693 338.21 337.76 337.357 337.005 336.044 330.258 324.478 318.702 312.926 307.148 301.371 295.592 289.813 284.033 278.253 272.471 266.69 260.907 255.125
352.025 351.969 351.893 351.801 351.693 351.57 351.428 351.266 351.096 350.927 350.758 350.582 350.413 350.261 350.128 350.006 349.895 349.799 349.734 349.7 349.687 349.68 349.678 349.685 349.692 349.692 349.685 349.677 349.662 349.636 349.598 349.551 349.492 349.418 349.333 349.237 349.125 348.995 348.847 348.684 348.5 348.291 348.057 347.801 347.519 347.21 346.871 346.505 346.113 345.695 345.25 344.776 344.281 343.769 343.235 342.678 342.111 341.546 340.978 340.401 339.835 339.3 338.795 338.31 337.857 337.452 337.096 333.65 327.872 322.097 316.321 310.545 304.769 298.992 293.214 287.436 281.657 275.878 270.097 264.316 258.535 252.752
351.978 351.925 351.854 351.768 351.667 351.551 351.417 351.264 351.103 350.943 350.783 350.617 350.457 350.312 350.187 350.069 349.964 349.878 349.825 349.802 349.795 349.792 349.792 349.801 349.811 349.815 349.812 349.808 349.796 349.774 349.74 349.697 349.644 349.577 349.5 349.412 349.31 349.19 349.053 348.901 348.728 348.529 348.303 348.053 347.776 347.469 347.128 346.758 346.358 345.932 345.475 344.989 344.479 343.953 343.407 342.838 342.259 341.684 341.109 340.527 339.956 339.417 338.909 338.422 337.969 337.563 337.044 331.264 325.488 319.714 313.939 308.164 302.388 296.612 290.836 285.058 279.281 273.502 267.723 261.942 256.162 250.38
351.924 351.875 351.81 351.73 351.635 351.528 351.402 351.259 351.108 350.958 350.808 350.653 350.503 350.368 350.249 350.137 350.039 349.967 349.927 349.912 349.91 349.908 349.911 349.923 349.936 349.943 349.943 349.941 349.932 349.913 349.883 349.844 349.796 349.735 349.665 349.586 349.494 349.384 349.258 349.118 348.958 348.769 348.551 348.309 348.038 347.733 347.393 347.018 346.612 346.177 345.71 345.21 344.685 344.145 343.587 343.005 342.414 341.829 341.247 340.659 340.085 339.542 339.032 338.544 338.09 337.684 337.045 331.271 325.498 319.724 313.951 308.178 302.404 296.63 290.856 285.081 279.305 273.529 267.753 261.976 256.198 250.42
351.872 351.826 351.765 351.691 351.604 351.504 351.388 351.255 351.115 350.977 350.838 350.694 350.554 350.427 350.315 350.211 350.125 350.067 350.038 350.03 350.03 350.03 350.036 350.05 350.066 350.075 350.078 350.077 350.07 350.054 350.027 349.991 349.946 349.891 349.828 349.758 349.675 349.575 349.46 349.333 349.185 349.006 348.798 348.566 348.301 348 347.658 347.28 346.868 346.426 345.948 345.435 344.897 344.345 343.774 343.179 342.577 341.983 341.392 340.799 340.22 339.675 339.162 338.672 338.218 337.811 334.654 328.881 323.11 317.338 311.565 305.792 300.019 294.246 288.471 282.697 276.922 271.146 265.37 259.594 253.817 248.039
351.817 351.774 351.717 351.649 351.57 351.479 351.372 351.251 351.124 350.998 350.871 350.739 350.611 350.494 350.388 350.296 350.226 350.181 350.16 350.157 350.159 350.162 350.17 350.187 350.204 350.215 350.219 350.219 350.213 350.198 350.172 350.139 350.097 350.047 349.99 349.928 349.854 349.764 349.66 349.546 349.412 349.245 349.047 348.823 348.566 348.269 347.929 347.548 347.132 346.682 346.195 345.67 345.118 344.553 343.97 343.363 342.749 342.145 341.548 340.949 340.367 339.818 339.303 338.813 338.359 337.951 334.656 328.884 323.113 317.342 311.571 305.799 300.027 294.254 288.482 282.708 276.935 271.161 265.386 259.612 253.837 248.062
351.76 351.719 351.666 351.605 351.533 351.451 351.355 351.247 351.133 351.02 350.907 350.788 350.672 350.564 350.471 350.394 350.34 350.307 350.292 350.291 350.296 350.302 350.312 350.33 350.349 350.361 350.365 350.365 350.358 350.344 350.32 350.288 350.249 350.203 350.151 350.096 350.031 349.951 349.86 349.76 349.638 349.483 349.296 349.083 348.835 348.543 348.204 347.822 347.401 346.946 346.45 345.912 345.347 344.769 344.174 343.554 342.929 342.316 341.712 341.108 340.521 339.97 339.453 338.963 338.509 338.102 334.657 328.886 323.115 317.345 311.574 305.803 300.032 294.26 288.488 282.716 276.943 271.171 265.398 259.625 253.851 248.078
351.704 351.665 351.616 351.56 351.496 351.423 351.338 351.243 351.142 351.044 350.944 350.838 350.733 350.637 350.559 350.5 350.459 350.435 350.425 350.426 350.434 350.443 350.456 350.475 350.495 350.507 350.511 350.51 350.503 350.488 350.465 350.434 350.396 350.354 350.31 350.262 350.206 350.135 350.055 349.968 349.86 349.718 349.543 349.341 349.102 348.817 348.48 348.097 347.673 347.212 346.707 346.157 345.579 344.988 344.381 343.75 343.113 342.49 341.879 341.27 340.68 340.125 339.607 339.116 338.662 338.255 334.658 328.887 323.117 317.346 311.576 305.805 300.034 294.263 288.492 282.72 276.948 271.176 265.404 259.632 253.86 248.088
351.655 351.617 351.571 351.52 351.462 351.398 351.324 351.24 351.153 351.068 350.98 350.886 350.793 350.712 350.652 350.607 350.578 350.559 350.552 350.557 350.568 350.58 350.595 350.615 350.635 350.647 350.651 350.649 350.641 350.626 350.603 350.573 350.538 350.499 350.46 350.42 350.372 350.312 350.244 350.17 350.076 349.947 349.783 349.593 349.364 349.085 348.751 348.369 347.942 347.475 346.962 346.401 345.81 345.207 344.588 343.945 343.296 342.664 342.045 341.43 340.836 340.278 339.757 339.266 338.812 338.404 334.658 328.888 323.117 317.347 311.576 305.806 300.035 294.265 288.493 282.722 276.951 271.179 265.407 259.636 253.864 248.093
351.612 351.573 351.529 351.482 351.431 351.375 351.31 351.239 351.165 351.092 351.016 350.934 350.856 350.792 350.748 350.716 350.695 350.682 350.679 350.688 350.702 350.717 350.733 350.754 350.774 350.786 350.789 350.785 350.776 350.761 350.738 350.708 350.674 350.639 350.606 350.572 350.533 350.482 350.426 350.366 350.286 350.17 350.019 349.841 349.623 349.351 349.021 348.639 348.21 347.739 347.219 346.647 346.044 345.429 344.798 344.141 343.481 342.838 342.212 341.591 340.992 340.43 339.906 339.413 338.958 338.549 334.659 328.888 323.118 317.347 311.577 305.807 300.036 294.265 288.494 282.723 276.952 271.18 265.409 259.638 253.867 248.096
351.574 351.533 351.49 351.447 351.402 351.353 351.298 351.239 351.178 351.117 351.053 350.985 350.924 350.877 350.848 350.827 350.811 350.804 350.805 350.818 350.836 350.853 350.871 350.893 350.912 350.923 350.924 350.919 350.908 350.892 350.869 350.84 350.807 350.775 350.746 350.72 350.689 350.648 350.603 350.558 350.492 350.389 350.251 350.086 349.879 349.615 349.289 348.909 348.479 348.004 347.477 346.894 346.279 345.652 345.01 344.341 343.47 343.015 342.381 341.08 341.149 340.583 340.056 339.561 339.105 338.694 334.659 328.888 323.118 317.348 311.577 305.807 300.036 294.266 288.495 282.723 276.952 271.181 265.41 259.639 253.868 248.097
351.542 351.498 351.456 351.416 351.376 351.333 351.288 351.24 351.191 351.141 351.089 351.037 350.994 350.962 350.943 350.929 350.922 350.919 350.926 350.943 350.964 350.983 351.002 351.023 351.042 351.052 351.052 351.045 351.032 351.015 350.992 350.963 350.932 350.903 350.879 350.86 350.837 350.806 350.773 350.741 350.69 350.601 350.475 350.323 350.128 349.873 349.552 349.173 348.743 348.265 347.73 347.138 346.511 344.87 342.48 340.09 337.7 335.31 337.7 335.31 332.919 335.309 340.202 339.706 339.248 338.836 334.659 328.888 323.118 317.348 311.577 305.807 300.036 294.265 288.495 282.723 276.952 271.181 265.41 259.639 253.868 248.097
351.518 351.472 351.43 351.391 351.355 351.318 351.281 351.243 351.204 351.164 351.125 351.089 351.06 351.041 351.029 351.022 351.019 351.022 351.035 351.055 351.078 351.099 351.119 351.14 351.157 351.166 351.165 351.157 351.143 351.125 351.103 351.074 351.045 351.02 351.002 350.989 350.975 350.954 350.934 350.915 350.879 350.803 350.69 350.551 350.367 350.12 349.804 349.428 348.997 348.516 346.27 343.88 341.49 339.1 336.71 334.32 331.93 329.54 327.149 329.54 327.149 324.759 327.149 339.844 339.386 338.972 337.049 331.279 325.508 319.738 313.968 308.197 302.427 296.656 290.885 285.114 279.343 273.572 267.802 262.031 256.261 250.49
351.504 351.454 351.41 351.372 351.339 351.307 351.275 351.245 351.215 351.186 351.16 351.137 351.119 351.109 351.104 351.102 351.106 351.115 351.131 351.154 351.179 351.201 351.221 351.241 351.258 351.266 351.264 351.255 351.24 351.222 351.201 351.174 351.147 351.126 351.114 351.109 351.105 351.094 351.085 351.081 351.059 350.996 350.896 350.77 350.598 350.36 350.048 347.67 345.28 342.89 340.5 338.11 335.72 333.33 330.94 328.55 326.16 323.77 321.38 318.989 321.379 318.989 316.598 318.988 339.515 339.099 338.73 333.669 327.899 322.128 316.358 310.587 304.817 299.047 293.276 287.505 281.734 275.964 270.193 264.423 258.652 252.881
351.497 351.442 351.396 351.359 351.327 351.298 351.272 351.249 351.227 351.209 351.194 351.182 351.174 351.169 351.17 351.175 351.185 351.199 351.218 351.243 351.269 351.292 351.312 351.332 351.347 351.355 351.352 351.341 351.325 351.308 351.288 351.263 351.239 351.223 351.218 351.221 351.225 351.225 351.228 351.238 351.23 351.181 351.095 350.981 349.07 346.68 344.29 341.9 339.51 337.12 334.73 332.34 329.95 327.56 325.17 322.78 320.39 318 315.61 313.219 310.829 313.219 310.829 308.438 310.827 339.221 338.847 336.059 330.289 324.518 318.748 312.978 307.207 301.437 295.666 289.896 284.125 278.354 272.584 266.813 261.042 255.271
351.499 351.439 351.39 351.352 351.321 351.295 351.273 351.255 351.243 351.234 351.227 351.223 351.222 351.224 351.23 351.241 351.256 351.274 351.295 351.322 351.349 351.372 351.392 351.411 351.425 351.431 351.428 351.416 351.4 351.384 351.365 351.342 351.322 351.31 351.311 351.322 351.336 351.346 351.361 351.384 351.391 351.355 351.281 345.69 343.3 340.91 338.52 336.13 333.74 331.35 328.96 326.57 324.18 321.79 319.4 317.01 314.62 312.23 309.84 307.449 305.059 302.669 305.059 302.669 300.278 302.666 338.962 338.449 332.679 326.909 321.138 315.368 309.598 303.827 298.057 292.286 286.516 280.745 274.975 269.204 263.433 257.662
351.508 351.443 351.392 351.353 351.322 351.298 351.279 351.268 351.262 351.26 351.26 351.261 351.266 351.274 351.286 351.302 351.32 351.34 351.363 351.391 351.418 351.441 351.46 351.478 351.491 351.497 351.492 351.48 351.464 351.448 351.431 351.411 351.394 351.387 351.394 351.413 351.435 351.455 351.482 351.518 351.537 351.46 345.69 339.92 337.53 335.14 332.75 330.36 327.97 325.58 323.19 320.8 318.41 316.02 313.63 311.24 308.85 306.46 304.07 301.679 299.289 296.899 294.509 296.899 294.509 292.117 294.505 338.736 334.659 328.889 323.119 317.348 311.578 305.808 300.037 294.267 288.496 282.726 276.956 271.184 265.413 259.642
351.526 351.457 351.403 351.361 351.331 351.307 351.29 351.283 351.283 351.285 351.289 351.295 351.305 351.317 351.334 351.352 351.372 351.393 351.418 351.445 351.472 351.494 351.513 351.529 351.541 351.546 351.542 351.529 351.513 351.499 351.484 351.467 351.453 351.451 351.465 351.491 351.523 351.552 351.59 351.639 351.46 345.69 339.92 334.15 331.76 329.37 326.98 324.59 322.2 319.81 317.42 315.03 312.64 310.25 307.86 305.47 303.08 300.69 298.3 295.909 293.519 291.129 288.739 286.348 288.739 286.349 283.957 286.344 334.656 328.889 323.119 317.348 311.578 305.807 300.037 294.266 288.496 282.726 276.955 271.184 265.412 259.641
351.551 351.477 351.42 351.377 351.345 351.321 351.306 351.302 351.305 351.31 351.317 351.327 351.34 351.355 351.374 351.393 351.415 351.437 351.461 351.488 351.513 351.535 351.552 351.567 351.578 351.582 351.577 351.565 351.55 351.537 351.525 351.511 351.502 351.505 351.525 351.559 351.599 351.638 351.687 351.747 345.69 339.92 334.15 328.38 325.99 323.6 321.21 318.82 316.43 314.04 311.65 309.26 306.87 304.48 302.09 299.7 297.31 294.92 292.53 290.139 287.749 285.359 282.969 280.579 278.188 280.579 278.188 275.796 278.182 331.276 325.509 319.739 313.968 308.197 302.427 296.656 290.886 285.116 279.345 273.574 267.803 262.032
351.584 351.507 351.446 351.401 351.367 351.343 351.33 351.328 351.333 351.339 351.348 351.361 351.376 351.393 351.412 351.433 351.455 351.477 351.5 351.525 351.549 351.57 351.586 351.599 351.609 351.612 351.607 351.595 351.581 351.57 351.56 351.548 351.543 351.551 351.578 351.618 351.666 351.714 351.772 351.843 339.92 334.15 328.38 322.61 320.22 317.83 315.44 313.05 310.66 308.27 305.88 303.49 301.1 298.71 296.32 293.93 291.54 289.15 286.76 284.369 281.979 279.589 277.199 274.809 272.418 270.028 272.418 270.028 267.635 270.02 327.895 322.129 316.358 310.588 304.817 299.047 293.276 287.506 281.735 275.964 270.193 264.423
351.626 351.545 351.482 351.435 351.401 351.376 351.363 351.362 351.37 351.377 351.388 351.402 351.419 351.437 351.455 351.477 351.498 351.519 351.541 351.565 351.588 351.606 351.621 351.633 351.641 351.644 351.639 351.627 351.613 351.603 351.594 351.585 351.583 351.594 351.625 351.671 351.725 351.779 351.845 348.08 330.77 325 319.23 316.84 314.45 312.06 309.67 307.28 304.89 302.5 300.11 297.72 295.33 292.94 290.55 288.16 285.77 283.38 280.99 278.599 276.209 273.819 271.429 269.039 266.648 264.258 261.868 264.258 261.868 259.474 261.858 324.513 318.748 312.978 307.208 301.438 295.667 289.896 284.125 278.355 272.584 266.813
