tests/full-run-ref/erosion_2010_78_17_32.116.asc
ncols 512
nrows 512
xllcorner -3.24582
yllcorner -4.08743
cellsize 5
NODATA_value -99999
[rows 420 to 461 of 512, columns 0 to 93 of 512]
28.1558 22.3858 16.6158 13.93 13.93 13.93 13.93 13.93 13.93 0 0 0 0 0 0 0 0 0 0 0 0 12.32 16.2836 13.9299 8.15994 0 0 0 0 0 0 0 0 0 0 0 0 0 0 0 0 0 0 0 0 0 0 0 0 0 0 0 0 0 0 0 0 6.15998 5.7698 5.7697 11.5397 16.3196 19.699 22.089 24.4794 30.25 32.64 32.64 38.3905 35.9998 33.6298 33.6209 17.3099 17.3099 17.3073 194.863 205.991 205.99 28.2435 16.3174 22.0457 16.3197 20.0323 16.3198 13.9298 8.1598 0 0 0 0 0 0 0 0
28.1558 22.3858 16.6158 13.93 13.93 13.93 13.93 13.93 13.93 0 0 0 0 0 0 0 0 0 0 0 14.1702 14.1702 21.9966 16.3199 11.5399 0 0 0 0 0 0 0 0 0 0 0 0 0 0 5.76998 5.76998 0 0 0 0 0 0 0 0 0 0 0 0 0 0 0 0 0 5.76988 5.7698 8.15956 11.5391 13.9285 16.3185 20.5679 20.5685 20.5688 20.5688 32.64 30.2405 27.8494 25.2865 17.3099 27.7939 17.3086 187.86 19.6966 205.993 211.736 36.3564 24.4075 28.1836 24.4799 22.0899 16.3198 13.9298 8.15985 0 0 0 5.76997 0 0 0
28.1558 22.3858 16.6158 13.93 13.9299 13.9299 13.9298 13.9298 13.9298 0 0 0 0 0 0 0 0 0 0 14.1701 14.1701 22.09 25.4564 19.6999 13.9298 8.15984 5.76991 6.15994 0 0 0 0 6.16 6.16 6.16 6.15999 6.15999 6.15999 5.76997 5.76998 6.15998 14.32 0 0 0 0 0 0 0 11.076 0 0 0 0 0 0 0 0 0 5.7696 5.76913 5.76826 8.15794 13.9287 16.3194 20.5686 20.5687 20.5688 30.25 24.4799 22.0805 19.689 11.5398 17.3097 11.5389 13.4799 0 0 30.1703 24.479 24.48 32.5895 30.2499 24.4799 22.0899 16.3198 11.5398 5.76987 0 0 0 0 0 0
30.5458 24.7758 18.4526 16.6157 16.6157 16.6156 16.6156 16.6156 16.6156 16.6156 0 0 0.448087 0 0 0 0 0 14.1701 14.1701 22.3856 24.7757 27.8525 22.0899 16.3198 14.3199 13.918 11.9299 5.76994 5.76997 6.16 5.77 5.76999 5.76999 5.76999 5.76999 6.16 6.16 6.16 8.16 11.54 11.54 11.54 11.54 11.54 11.54 11.54 8.16001 13.93 8.15999 0 0 0 0 0 0 0 0 0 0 0 5.76793 5.76819 8.15896 13.9297 19.6999 20.5687 20.5687 27.8531 22.0899 16.3199 13.9218 5.76984 5.76981 0 0 0 0 16.3198 22.0898 24.48 30.25 32.639 30.2498 24.4799 19.6999 13.9298 8.15984 0 0 0 0 0 0
32.9359 30.5458 22.7758 22.7757 22.7757 22.7756 22.7756 22.7756 22.7756 22.7756 22.7757 0 0 7.58336 0 0 0 14.1701 14.1701 24.7756 24.7756 35.9958 30.2499 24.4799 22.4799 22.0709 16.32 13.93 5.76997 5.76999 5.76999 5.76999 5.76999 5.76999 5.76999 5.76999 5.76998 5.76998 5.76998 5.76997 5.76997 5.76997 5.76997 5.76997 5.76997 5.76997 5.76997 5.76997 8.15998 0 0 0 0 0 0 0 0 0 0 0 0 0 5.76871 5.76939 11.5399 17.3099 17.3099 19.7 24.4779 19.693 13.9299 8.15709 5.76987 0 0 0 0 0 13.9297 16.3197 22.0898 24.4799 30.25 40.7785 27.8598 22.0899 16.3199 13.9299 8.15993 5.76997 0 0 0 0
38.7059 36.3158 28.9359 28.9357 28.9357 28.9356 28.9357 34.9749 28.9356 28.9357 28.9357 30.5457 0 0 29.6662 0 14.1701 23.3444 37.0957 39.0956 44.0363 38.41 32.6399 30.25 25.4699 19.6999 13.9298 8.15684 5.76991 5.76997 5.76999 5.77 5.77 5.76999 5.76999 5.76999 5.76998 5.76998 5.76998 5.76998 5.76998 5.76998 5.76998 5.76998 5.76998 5.76998 5.76998 5.76998 0 0 0 0 0 0 0 0 0 0 0 0 0 0 0 5.76976 11.5399 11.5399 11.5399 13.93 19.7 16.3179 11.5351 5.76991 0 0 0 0 0 0 8.15959 13.9296 16.3197 22.0898 24.4798 38.41 30.2499 24.4799 22.09 16.32 13.93 0 0 0 0 0
44.4759 42.0858 35.0959 35.0958 35.0957 35.0957 35.0957 43.0972 35.0957 35.0957 37.0957 36.7057 36.7057 0 0 14.1701 43.2557 47.1472 57.1723 51.9299 46.1599 40.3899 34.6199 28.8499 23.0798 17.3023 11.5349 5.76982 1.76063 1.76066 1.76066 1.76066 1.76066 1.76066 1.76066 1.76066 1.76066 1.76066 1.76066 1.76066 1.76066 1.76066 1.76066 1.76066 1.76066 1.76066 1.76066 0 0 0 0 0 0 0 0 0 0 0 0 6.16 6.16001 6.15997 5.76993 5.76995 5.76992 5.76989 5.76991 8.15996 13.9299 11.5399 8.15937 0 0 0 0 0 0 0 5.76959 8.15957 13.9297 16.3197 22.0898 36.0199 24.4798 22.0899 16.3199 13.9299 8.15992 0 0 0 0 0
50.2459 47.8558 41.2559 41.2558 41.2557 41.2557 41.2557 41.2557 41.2557 41.2557 42.8657 43.2558 42.8658 42.8658 41.2558 41.2557 55.2833 43.2558 58.7195 53.33 47.5599 41.7899 36.0199 30.2499 24.4799 19.6999 13.9298 1.76053 1.76062 1.76064 6.16 6.16 6.16 6.16 6.16 6.16 6.16 6.16 6.16 6.16 6.16 6.16 6.16 6.16 6.16 6.15999 6.15999 6.15999 6.15999 6.15999 6.15998 6.15998 6.15998 6.15998 6.15998 6.15998 5.76999 5.77 5.76998 0 0 0 0 0 0 0 5.76992 5.76997 8.15994 5.76995 0 0 0 0 0 0 0 0 0 5.76961 8.15963 13.9298 16.3198 24.4799 22.0898 16.3198 13.9299 8.15988 0 0 0 0 0 0
56.0159 55.5759 55.5759 47.4158 47.4158 55.3864 49.4157 48.6357 48.6357 48.6357 48.6357 49.0258 49.4158 49.0258 49.0257 49.0257 51.4158 62.3496 56.7099 50.9399 45.1699 39.3999 33.6299 27.8599 22.0898 16.3198 13.9299 5.76996 5.76999 5.77 5.77 5.77 5.77 5.77 5.77 5.77 5.77 5.77 5.77 5.77 5.77 5.77 5.77 5.77 5.77 5.77 5.77 5.77 5.77 5.77 5.77 5.77 5.77 5.77 5.76999 5.76997 5.76995 5.76995 0 0 0 0 0 0 0 0 0 5.76998 5.76995 0 0 0 0 0 0 0 0 0 0 0 5.76968 8.15973 13.9299 22.0899 16.3198 13.9298 8.15983 0 0 0 0 0 0 0
63.7359 63.7359 63.7359 55.5758 55.5758 63.7358 61.7358 55.5758 54.7958 54.7958 54.7958 54.7958 55.1858 55.5758 55.5758 55.5759 65.7367 60.082 54.3119 48.5419 42.7719 37.0018 31.2318 25.4619 19.6933 13.9297 8.15663 5.76986 5.76997 5.76999 5.76999 5.76999 5.76999 5.76999 5.76999 5.76999 5.76999 5.76999 5.76999 5.76999 5.76999 5.76999 5.76999 5.76999 5.76999 5.76998 5.76998 5.76998 5.76998 5.76998 5.76998 5.76998 5.76998 5.76997 5.76997 5.76996 5.76999 0 0 0 0 0 0 0 0 0 0 5.76999 5.76999 0 0 0 0 0 0 0 0 0 0 0 0 5.76979 11.5399 16.3199 13.9299 8.15982 0 0 0 0 0 0 0 0
71.8959 71.8959 63.8042 63.7358 63.7358 69.775 69.8958 67.8958 61.7358 60.9558 60.9558 60.9558 60.9557 61.3458 61.7359 69.1575 63.4619 57.6919 51.9219 46.1518 40.3818 34.6117 28.8417 23.0716 17.3021 11.5347 5.76969 5.76999 5.77 5.77 5.77 5.77 5.77 5.77 5.77 5.77 5.77 5.77 5.77 5.77 5.77 5.77 5.77 5.77 5.77 5.77 5.77 5.77 5.77 5.77 5.77 5.77 5.77 5.77 5.77 5.77 0 0 0 0 0 0 0 0 0 0 0 0 0 0 0 0 0 0 0 0 0 0 0 0 0 5.7699 5.76993 11.5399 8.15988 0 0 0 0 0 0 0 0 0
80.0559 78.0559 69.8959 69.8959 69.8958 78.0558 76.0558 76.0558 74.0558 67.8958 67.8958 74.0558 76.0558 67.1158 74.8651 69.2399 63.4698 57.6998 51.9297 46.1597 40.3897 34.6196 28.8496 23.0796 17.3095 11.5395 5.76957 0 0 0 0 0 0 0 0 0 0 0 0 0 0 0 0 0 0 0 0 0 0 0 0 0 0 0 0 0 0 0 0 0 0 0 0 0 0 0 0 5.76995 5.76996 0 0 0 0 0 0 0 0 0 0 0 0 5.76996 5.76993 5.7699 0 0 0 0 0 0 0 0 0 0
86.216 83.8259 77.6659 77.6659 78.0559 84.0951 84.2159 82.2159 82.2159 80.2158 82.2157 94.0563 88.9399 83.1699 77.3999 71.6298 65.8598 60.0898 54.3197 48.5497 42.7797 37.0097 31.2396 25.4696 19.6996 13.9295 8.15948 0 0 0 0 0 0 0 0 0 0 0 0 0 0 0 0 0 0 0 0 0 0 0 0 0 0 0 0 0 0 0 0 0 0 0 0 0 0 0 0 5.76994 5.76995 8.15671 0 0 0 0 0 0 0 0 0 0 0 0 0 0 0 0 0 0 0 0 0 0 0 0
91.986 92.376 79.79 79.79 79.79 92.3598 90.3236 90.3759 88.3168 90.3757 102.2 97.0999 91.3299 85.5599 79.7899 74.0198 68.2498 62.4798 56.7098 50.9397 45.1697 39.3997 33.6297 27.8596 22.0896 16.3193 14.3195 14.3065 0 0 0 0 0 0 0 0 0 0 0 0 0 0 0 0 0 0 0 0 0 0 0 0 0 0 0 0 0 0 0 0 0 0 0 0 0 0 0 5.76992 8.15998 13.9105 5.76993 5.76997 8.15681 0 0 0 0 0 0 0 0 0 0 0 0 0 0 0 0 0 0 0 0 0
100.536 98.536 84.57 79.79 79.79 79.79 79.79 79.7899 98.5358 110.226 105.26 99.4899 93.7199 87.9499 82.1798 76.4098 70.6398 64.8698 59.0998 53.3298 47.5597 41.7897 36.0197 30.2496 24.4795 30.1165 24.4311 20.4797 0 0 0 12.32 12.32 12.32 12.32 12.32 12.32 12.32 17.2546 11.54 5.61382 0 0 0 0 0 0 0 0 0 0 0 0 0 0 0 0 0 0 0 0 0 0 0 0 0 5.76992 5.76996 11.54 8.16 8.15999 5.76996 13.9244 8.15997 0 0 0 0 0 0 0 0 0 0 0 0 0 0 0 0 0 0 0 0
106.66 104.27 90.1078 84.5451 82.1563 79.7899 81.9864 106.696 96.5359 113.42 107.65 101.88 96.1099 90.3399 84.5698 78.7998 73.0298 67.2598 61.4898 55.7198 49.9498 44.1797 38.4097 24.4797 24.4799 24.4799 46.389 26.6398 8.89357 8.89364 18.48 18.48 18.48 18.48 18.48 18.48 18.48 24.1757 19.7 13.93 8.15997 0 0 0 0 0 0 0 0 0 0 0 0 0 0 0 0 0 0 0 0 0 0 0 0 5.76996 5.76998 8.16 5.76995 8.15998 8.16 11.2183 8.16 13.93 5.76994 5.76992 0 0 0 0 0 0 0 0 0 0 0 0 0 0 0 0 0 0
84.57 82.18 76.3938 74.0075 71.5341 65.8599 76.3886 112.856 106.696 115.713 110.04 104.27 98.4999 92.7299 86.9599 81.1899 75.4199 69.6499 63.8798 58.1098 52.3398 46.5698 40.7998 32.64 24.48 24.48 24.4799 32.8 23.08 23.08 23.08 23.08 23.08 23.08 23.08 23.08 23.08 27.86 22.09 16.32 14.32 0 0 0 0 0 9.5046 12.2829 12.3199 12.3199 12.3199 14.3199 12.3199 12.3199 12.32 6.15994 6.15985 0 0 8.24038 6.15982 6.15995 6.16 6.15999 6.15997 5.76997 5.76999 5.76998 5.76999 5.76998 8.15999 5.76996 5.76997 5.76998 5.76998 5.76998 5.76996 0 0 0 0 0 0 0 0 0 0 0 0 0 0 0 0 0
82.18 76.41 70.64 68.2422 60.0899 60.0899 70.6336 129.74 123.97 118.2 112.43 106.66 100.89 95.1199 89.3499 83.5799 77.8099 72.0399 66.2699 60.4999 54.7299 48.9599 44.1799 38.4099 32.6398 30.2396 27.8598 27.8511 25.4624 17.31 17.31 19.7 19.7 19.7 19.7 19.7 19.7 19.7 24.48 14.32 11.54 0 12.32 0 0 23.9688 18.3207 33.2514 28.2499 22.4799 27.9962 22.4799 29.9677 22.48 12.32 12.32 12.32 12.3199 12.3198 12.3199 11.5399 11.54 11.54 11.54 11.54 22.09 11.539 5.77 5.76999 5.77 5.76998 0 0 5.76998 5.76997 5.76997 0 0 0 0 0 0 0 0 0 0 0 0 0 0 0 0 0 0
69.6501 67.26 64.87 62.4722 53.3299 53.3299 53.3294 74.3866 121.99 116.22 110.45 104.68 98.91 93.14 87.3699 81.5999 76.4098 70.6398 64.8698 59.0998 53.3298 47.5598 41.7898 36.0136 30.2498 24.4798 22.0793 19.6998 19.6906 11.5399 11.54 11.54 19.7 19.7 19.7 19.7 19.7 19.5426 11.54 11.54 11.54 11.54 0 0 0 0 0 0 41.389 11.54 39.2786 33.5004 27.86 22.0841 11.5399 11.5399 11.5399 11.5397 11.5397 11.5399 11.54 11.54 11.54 11.54 11.54 19.7 13.93 5.76999 11.54 5.76999 5.76999 5.76996 0 0 0 0 0 0 0 0 0 0 0 0 0 0 0 0 0 0 0 0 0 0
67.26 61.49 59.1 56.7021 47.5599 47.5599 47.5594 53.3297 119.6 113.83 108.06 102.29 96.5199 90.7499 84.9799 79.2099 73.4399 68.2498 62.4798 56.7098 50.9398 45.1698 39.3918 33.6222 27.8528 22.0897 16.3197 13.9202 0 0 0 0 0 0 0 0 0 0 0 0 0 0 0 0 11.5399 11.5399 11.5399 11.5399 11.5398 11.5398 11.5398 11.5399 11.5399 11.5399 5.7699 5.76987 5.76975 5.76954 5.76729 5.76965 5.76985 5.76996 5.76999 5.76997 5.76998 5.76996 5.76994 5.76997 5.76999 5.76998 5.76999 5.76998 0 0 0 0 0 0 0 0 0 0 0 0 0 0 0 0 0 0 0 0 0 0
64.87 55.72 53.33 50.9321 41.7899 41.7899 41.7893 47.5597 117.202 111.432 105.662 99.892 94.122 88.3519 82.582 76.8121 71.0454 65.2753 60.0818 54.3118 48.5418 42.7718 37.0018 31.2318 25.4622 19.6928 13.9297 8.15691 0 0 0 0 0 0 0 0 0 0 0 0 0 0 0 0 0 0 0 0 0 0 0 0 0 0 0 0 0 0 0 0 0 0 0 0 0 0 0 5.76995 5.76996 5.76997 5.76997 0 0 0 0 0 0 0 0 0 0 0 0 0 0 0 0 0 0 0 0 0 0 0
67.26 49.9239 47.5373 45.0581 24.4798 36.0199 36.0193 41.7897 114.812 109.042 103.272 97.502 91.732 85.9619 80.1919 74.422 68.6521 62.8853 57.1152 51.9218 46.1517 40.3817 34.6117 28.8417 23.0717 17.3022 11.5348 5.76976 0 0 0 0 0 0 0 0 0 0 0 0 0 0 0 0 0 0 0 0 0 0 0 0 0 0 0 0 0 0 0 0 0 0 0 0 0 0 0 0 0 0 0 0 0 0 0 0 0 0 0 0 0 0 0 0 0 0 0 0 0 0 0 0 0 0
69.6501 24.4545 22.0349 24.0805 35.8589 16.3198 33.6292 36.0197 112.422 106.652 100.882 95.112 89.3419 83.5719 77.8019 72.0319 66.2619 60.4921 54.7254 48.9598 44.1798 38.4098 32.6398 27.8598 22.0897 16.3197 11.5398 0 0 0 0 0 0 0 0 0 0 0 0 0 0 0 0 0 0 0 0 0 0 0 0 0 0 0 0 0 0 0 0 0 0 0 0 0 0 0 0 0 0 0 0 0 0 0 0 0 0 0 0 0 0 0 0 0 0 0 0 0 0 0 0 0 0 0
16.32 13.9219 11.54 11.5398 16.2761 13.9298 16.3194 109.822 110.031 104.262 98.492 92.722 86.9519 81.1819 75.4119 69.6419 63.8718 58.1019 52.3323 46.5677 40.7997 36.0197 30.2497 24.4797 19.6997 13.9297 8.15978 0 0 0 0 0 0 0 0 0 0 0 0 0 0 0 0 0 0 0 0 0 0 0 0 0 0 0 0 0 0 0 0 0 0 0 0 0 0 0 0 0 0 0 0 0 0 0 0 0 0 0 0 0 0 0 0 0 0 0 0 0 0 0 0 0 0 0
13.93 11.54 11.54 11.54 11.5398 11.5399 25.4696 27.6448 22.0898 101.872 96.102 90.332 84.5619 78.7919 73.0219 67.2519 61.4818 55.7118 49.942 44.1722 38.4076 32.6375 27.8522 22.0876 16.3175 11.5352 1.72341 0 0 0 0 0 0 0 0 0 0 0 0 0 0 0 0 0 0 0 0 0 0 0 0 0 0 0 0 0 0 0 0 0 0 0 0 0 0 0 0 0 0 0 0 0 0 0 0 0 0 0 0 0 0 0 0 0 0 0 0 0 0 0 0 0 0 0
11.54 11.54 11.54 11.54 11.5399 11.5399 11.5399 13.9293 16.3197 99.482 93.712 87.942 82.1719 76.4019 70.6319 64.8619 59.0918 53.3218 47.5518 41.7819 36.0122 30.2476 24.4775 19.6921 13.9278 8.15915 0 0 0 0 0 0 0 0 0 0 0 0 0 0 0 0 0 0 0 0 0 0 0 0 0 0 0 0 0 0 0 0 0 0 0 0 0 0 0 0 0 0 0 0 0 0 0 0 0 0 0 0 0 0 0 0 0 0 0 0 0 0 0 0 0 0 0 0
11.54 11.54 11.54 11.54 11.54 11.5399 11.5399 11.5394 97.0683 97.0742 91.322 85.552 79.7819 74.0119 68.2419 62.4719 56.7019 50.9318 45.1618 39.3918 33.6219 27.8522 22.0876 16.3175 11.5352 0 0 0 0 0 0 0 0 0 0 0 0 0 0 0 0 0 0 0 0 0 0 0 0 0 0 0 0 0 0 0 0 0 0 0 0 0 0 0 0 0 0 0 0 0 0 0 0 0 0 0 0 0 0 0 0 0 0 0 0 0 0 0 0 0 0 0 0 0
11.54 11.54 11.54 11.54 11.54 11.54 11.54 13.929 16.2564 13.9296 88.9237 83.162 77.3919 71.6219 65.8519 60.0819 54.3118 48.5418 42.7718 37.0018 31.2318 25.4619 19.6921 13.9278 8.15911 0 0 0 0 0 0 0 0 0 0 0 0 0 0 0 0 0 0 0 0 0 0 0 0 0 0 0 0 0 0 0 0 0 0 0 0 0 0 0 0 0 0 0 0 0 0 0 0 0 0 0 0 0 0 0 0 0 0 0 0 0 0 0 0 0 0 0 0 0
11.54 11.54 11.54 11.54 11.54 11.54 11.54 11.54 13.929 11.5393 86.366 80.772 75.0019 69.2319 63.4619 57.6919 51.9219 46.1518 40.3818 34.6118 28.8418 23.0717 17.3018 11.5351 5.76971 0 0 0 0 0 0 0 0 0 0 0 0 0 0 0 0 0 0 0 0 0 0 0 0 0 0 0 0 0 0 0 0 0 0 0 0 0 0 0 0 0 0 0 0 0 0 0 0 0 0 0 0 0 0 0 0 0 0 0 0 0 0 0 0 0 0 0 0 0
11.54 11.54 11.54 11.54 11.54 11.54 11.54 11.54 11.54 11.5394 11.5397 81.19 75.42 69.65 63.88 58.1099 52.3399 46.5699 40.7999 37.0099 31.2399 25.4698 19.6998 13.9298 8.1598 0 0 0 0 0 0 0 0 0 0 0 0 0 0 0 0 0 0 0 0 0 0 0 0 0 0 0 0 0 0 0 0 0 0 0 0 0 0 0 0 0 0 0 0 0 0 5.76999 5.76999 6.16 6.16 6.15999 6.16 6.16 6.16 6.16 6.16 6.16 6.16 6.16001 6.16001 0 0 0 0 0 0 0 0 0
11.54 11.54 11.54 11.54 11.54 11.54 11.54 11.54 11.54 11.5395 11.5397 78.7175 73.03 67.26 61.49 55.7199 49.9499 44.1799 38.4099 32.6399 30.2499 27.86 22.0899 16.3199 0 0 0 0 0 0 0 0 0 0 0 0 0 0 0 0 0 6.15999 0 0 0 0 0 0 0 0 0 0 0 0 0 6.15426 6.15544 6.15648 6.15706 5.76811 5.76904 5.76968 5.76993 6.15998 6.15999 6.15999 6.16 5.76998 5.76999 5.76999 5.76999 5.76999 5.76999 5.76999 5.76999 6.16001 5.76999 5.76999 5.76999 5.76999 5.76999 5.76999 5.76999 5.76999 0 0 0 0 0 0 0 0 0 0
11.54 11.54 11.54 11.54 11.54 11.54 11.54 11.54 11.54 13.9251 11.5396 75.3806 70.632 64.862 59.092 53.322 47.552 41.7822 36.0133 30.2499 24.4799 22.0899 19.6999 11.54 11.54 11.54 11.54 11.54 11.54 11.54 11.54 11.54 11.54 11.54 11.54 11.54 11.54 11.54 11.54 11.54 11.54 11.54 11.54 11.54 11.54 11.54 11.54 11.54 11.54 11.54 11.5399 11.5399 11.5398 11.5397 11.5394 11.5395 11.5394 11.5398 11.5398 11.5399 8.15973 5.76985 5.76992 5.76996 5.76996 5.76997 5.76997 5.76998 5.76998 5.76999 5.76999 5.76999 5.76999 5.76999 5.76999 5.76999 5.76999 5.76999 5.76999 5.76999 5.76999 5.76999 5.76999 0 0 0 0 0 0 0 0 0 0 0
11.54 11.54 11.54 11.54 11.54 11.54 11.54 11.54 11.54 11.54 21.8519 69.0185 67.0068 62.472 56.702 50.932 45.162 39.3919 33.6224 27.8529 22.0898 16.3198 13.9206 5.76988 5.76993 5.76997 5.76999 5.76999 5.76999 5.76999 5.76999 5.76999 5.76999 5.76999 5.76999 5.76999 5.76998 5.76998 5.76998 5.76998 5.76998 5.76997 5.76997 5.76998 5.76997 5.76997 5.76997 5.76996 5.76995 5.76978 5.76921 5.76709 5.76567 5.76386 5.76462 5.76432 5.7659 5.76606 5.76768 5.76815 5.7693 0 0 0 0 0 0 0 0 0 0 0 0 0 0 0 0 0 0 0 0 0 0 0 0 0 0 0 0 0 0 0 0 0
11.54 11.54 11.54 11.54 11.54 11.54 11.54 11.54 11.54 11.54 16.3167 21.9069 61.2602 59.0978 54.312 48.542 42.772 37.0019 31.2319 25.4624 19.6929 13.9298 8.15703 0 0 0 0 0 0 0 0 0 0 0 0 0 0 0 0 0 0 0 0 0 0 0 0 0 0 0 0 0 0 0 0 0 0 0 0 0 0 0 0 0 0 0 0 0 0 0 0 0 0 0 0 0 0 0 0 0 0 0 0 0 0 0 0 0 0 0 0 0 0 0
11.54 11.54 11.54 11.54 11.54 11.54 11.54 11.54 11.54 11.54 11.54 16.2938 55.5218 53.33 50.9378 46.152 40.382 34.6119 28.8419 23.0719 17.3023 11.5349 5.76985 0 0 0 0 0 0 0 0 0 0 0 0 0 0 0 0 0 0 0 0 0 0 0 0 0 0 0 0 0 0 0 0 0 0 0 0 0 0 0 0 0 0 0 0 0 0 0 0 0 0 0 0 0 0 0 0 0 0 0 0 0 0 0 0 0 0 0 0 0 0 0
11.54 11.54 11.54 11.54 11.54 11.54 11.54 11.54 11.54 11.54 11.54 13.9161 47.8165 47.3059 45.17 42.78 40.39 34.6199 28.8499 23.0799 17.3099 11.5399 5.76992 0 0 0 0 0 0 0 0 0 0 0 0 0 0 0 0 0 0 0 0 0 0 0 0 0 0 0 0 0 0 0 0 0 0 0 0 0 0 0 0 0 0 0 0 0 0 0 0 0 0 0 0 0 0 0 0 0 0 0 0 0 0 0 0 0 0 0 0 0 0 0
11.54 11.54 11.54 11.54 11.54 11.54 11.54 11.54 11.54 11.54 11.54 11.5399 16.3088 40.2102 39.2249 37.0039 28.8499 34.62 28.8499 23.0799 17.3099 11.5399 5.76993 0 0 0 0 0 0 0 0 0 0 0 0 0 0 0 0 0 0 0 0 0 0 0 0 0 0 0 0 0 0 0 0 0 0 0 0 0 0 0 0 0 0 0 0 0 0 0 0 0 0 0 0 0 0 0 0 0 0 0 0 0 0 0 0 0 0 0 0 0 0 0
11.54 11.54 11.54 11.54 11.54 11.54 11.54 11.54 11.54 11.54 11.54 11.54 11.5399 16.2814 13.9299 31.2328 13.9299 13.93 28.85 23.0799 17.3099 11.5399 5.76993 0 0 0 0 0 0 0 0 0 0 0 0 0 0 0 0 0 0 0 0 0 0 0 0 0 0 0 0 0 0 0 0 0 0 0 0 0 0 0 0 0 0 0 0 0 0 0 0 0 0 0 0 0 0 0 0 0 0 0 0 0 0 0 0 0 0 0 0 0 0 0
11.54 11.54 11.54 11.54 11.54 11.54 11.54 11.54 11.54 11.54 11.54 11.54 11.54 11.5399 11.5399 13.9299 13.9299 13.93 13.93 25.4692 19.6999 13.9299 8.15994 5.76998 5.77 5.77 5.77 5.77 5.77 5.77 5.77 5.77 5.77 5.77 5.77 5.77 5.77 5.77 5.77 5.77 5.77 5.77 5.77 5.77 5.77 5.77 5.77 5.77 5.77 5.77 5.77 5.77 5.77 5.77 5.77 5.77 5.77 5.77 5.77 5.77 5.77 5.77 5.77 5.77 5.77 5.77 5.77 5.77 5.77 5.77 5.77 5.77 5.77 5.77 5.77 5.77 5.77 5.77 5.77 5.77 5.77 5.77 5.77 5.77 5.77 5.77 5.77 5.77 5.77 5.77 5.77 5.77 5.77 5.77
11.54 11.54 11.54 11.54 11.54 11.54 11.54 11.54 11.54 11.54 11.54 11.54 11.54 11.54 11.5399 11.5399 11.5399 11.5399 13.93 27.8054 22.09 16.32 11.5399 5.76996 5.77 5.77 5.77 5.77 5.77 5.77 5.77 5.77 5.77 5.77 5.77 5.77 5.77 5.77 5.77 5.77 5.77 5.77 5.77 5.77 5.77 5.77 5.77 5.77 5.77 5.77 5.77 5.77 5.77 5.77 5.77 5.77 5.77 5.77 5.77 5.77 5.77 5.77 5.77 5.77 5.77 5.77 5.77 5.77 5.77 5.77 5.77 5.77 5.77 5.77 5.77 5.77 5.77 5.77 5.77 5.77 5.77 5.77 5.77 5.77 5.77 5.77 5.77 5.77 5.77 5.77 5.77 5.77 5.77 5.77
11.54 11.54 11.54 11.54 11.54 11.54 11.54 11.54 11.54 11.54 11.54 11.54 11.54 11.54 11.54 11.54 11.5399 11.5399 11.5399 11.54 24.48 19.7 13.93 8.15997 5.76999 5.77 5.77 5.77 5.77 5.77 5.77 5.77 5.77 5.77 5.77 5.77 5.77 5.77 5.77 5.77 5.77 5.77 5.77 5.77 5.77 5.77 5.77 5.77 5.77 5.77 5.77 5.77 5.77 5.77 5.77 5.77 5.77 5.77 5.77 5.77 5.77 5.77 5.77 5.77 5.77 5.77 5.77 5.77 5.77 5.77 5.77 5.77 5.77 5.77 5.77 5.77 5.77 5.77 5.77 5.77 5.77 5.77 5.77 5.77 5.77 5.77 5.77 5.77 5.77 5.77 5.77 5.77 5.77 5.77
11.54 11.54 11.54 11.54 11.54 11.54 11.54 11.54 11.54 11.54 11.54 11.54 11.54 11.54 11.54 11.54 11.54 11.54 11.5399 11.54 27.801 22.09 16.32 11.54 5.76997 0 0 0 0 0 0 0 0 0 0 0 0 0 0 0 0 0 0 0 0 0 0 0 0 0 0 0 0 0 0 0 0 0 0 0 0 0 0 0 0 0 0 0 0 0 0 0 0 0 0 0 0 0 0 0 0 0 0 0 0 0 0 0 0 0 0 0 0 0
