tests/full-run-ref/erosion_78_17_32.116.asc
ncols 512
nrows 512
xllcorner -3.24582
yllcorner -4.08743
cellsize 5
NODATA_value -99999
[rows 392 to 440 of 512, columns 288 to 383 of 512]
0 0 0 8.15869 0 8.15938 5.76901 5.76979 8.15934 0 0 0 0 0 0 0 0 0 0 0 0 0 0 0 0 0 0 0 0 83.5736 47.3434 0 253.979 283.905 24.48 24.48 24.4799 96.52 96.5201 106.659 106.658 128.747 114.819 104.259 101.517 99.481 97.0921 0 96.9991 101.625 64.0527 80.7795 80.7753 80.7765 80.7799 80.7799 268.329 98.862 96.477 0 0 0 12.0359 36.3884 30.6184 30.6186 30.6186 27.86 30.6185 30.6185 30.6185 30.6184 30.6184 0 0 0 0 0 0 0 0 0 0 0 0 0 0 0 0 0 0 0 0 0 0 0
0 0 0 0 8.15964 8.15939 22.0042 11.5368 0 0 0 0 0 0 0 0 0 0 0 0 0 0 0 0 0 0 0 0 0 85.6719 0 0 248.437 255.352 0 283.862 96.5196 96.5201 106.659 106.658 120.586 106.658 104.27 98.4908 96.1009 93.7109 91.322 0 0 95.9006 124.468 0 136.036 271.583 80.7784 80.7791 83.1687 93.0948 0 0 48.6667 46.9385 44.5485 38.7784 36.3884 30.6184 30.6186 30.6186 30.6182 30.6184 30.6185 0 0 30.6185 0 0 0 0 0 0 0 0 0 0 0 0 0 0 0 0 0 0 0 0 0 0
0 0 0 0 11.5398 16.32 19.6997 13.9293 8.15886 6.15938 0 0 0 0 0 0 0 0 0 0 0 0 0 0 0 0 0 0 0 71.8949 237.637 235.472 233.097 222.862 0 0 229.727 287.548 287.49 112.425 110.02 100.89 98.4998 92.7208 90.3309 87.9409 85.552 0 0 0 0 0 135.764 83.1608 75.0062 75.0081 85.5574 87.3267 84.938 56.8681 54.4785 52.7086 46.9385 44.5485 38.7785 36.3884 30.6184 30.6185 30.6184 30.6185 0 0 0 30.6185 0 0 0 0 0 0 0 0 0 0 0 0 0 0 0 0 0 0 0 0 0 0
0 0 0 11.5386 11.5389 11.5398 13.9299 16.3195 11.5385 0 0 0 0 0 0 0 0 0 0 0 0 0 0 0 0 0 0 0 0 66.2575 232.079 229.714 227.33 0 0 229.636 0 286.463 100.887 106.656 104.255 95.1196 92.7297 86.9508 84.5608 82.1709 79.7819 0 0 0 0 0 140.82 77.3896 69.2397 69.2398 71.6298 73.3982 79.1681 63.2584 60.8686 55.0986 52.7086 46.9385 44.5485 38.7785 36.7784 36.38 30.6183 0 0 0 0 0 0 0 0 0 0 0 0 0 0 0 0 0 0 0 0 0 0 0 0 0 0 0
0 0 0 0 0 11.5394 11.5397 11.5397 13.9224 0 5.76939 0 0 0 0 0 0 0 25.4699 0 0 0 0 0 0 0 0 0 0 55.7169 219.904 67.2584 221.518 0 0 0 0 225.358 95.1171 100.886 98.4873 89.3496 86.9597 81.1807 78.7908 76.4008 74.0119 0 0 0 0 0 0 71.6182 63.4696 63.4697 65.8598 67.6283 73.3982 60.8683 58.4785 56.0886 46.9386 0 46.9386 44.5486 42.5397 38.7784 36.3883 0 30.6185 0 0 0 0 0 0 0 0 0 0 0 0 0 0 0 0 0 0 0 0 0 0 0 0 0
0 0 0 0 0 0 0 8.15977 8.15988 8.15986 16.2861 0 0 0 0 0 11.5394 22.0895 0 25.4614 0 0 0 0 0 0 0 0 0 0 67.2517 208.654 195.113 0 0 0 0 287.58 89.3475 95.1164 92.7173 83.5796 81.1897 75.4107 73.0207 70.6308 68.2418 0 0 0 0 72.953 234.83 0 0 57.6997 60.0898 61.8583 67.5784 55.0983 52.6994 50.3089 0 0 0 42.1586 38.7785 42.1585 36.3884 30.6183 0 0 0 0 0 0 0 0 0 0 0 0 0 0 0 0 0 0 0 0 0 0 0 0 0 0
0 0 0 0 0 0 0 0 8.15973 8.15996 13.9297 0 0 0 0 11.5368 30.248 24.4681 22.08 19.6923 0 0 0 0 0 0 0 0 0 0 0 65.2035 0 178.616 0 0 214.717 217.108 222.966 89.3466 86.9473 77.8095 75.4197 69.6406 67.2507 64.8607 62.4718 0 0 0 0 0 237.219 60.0763 0 0 52.7083 52.7083 61.8095 52.7083 46.9384 44.5403 0 0 0 0 36.3885 42.1585 36.3885 30.6185 30.6185 0 0 0 0 0 0 0 0 0 0 0 0 0 0 0 0 0 0 0 0 0 0 0 0 0
0 0 0 0 0 0 0 0 0 11.54 11.5391 0 0 0 0 11.5351 19.6869 17.3063 13.927 0 0 0 0 0 0 0 0 0 0 0 0 0 0 173.066 0 0 0 77.8098 77.8088 83.5768 81.1774 72.0396 69.6496 63.8706 61.4807 59.0907 56.7002 0 0 0 0 0 54.3172 0 0 0 0 58.4782 52.7082 46.9383 44.5483 38.771 0 0 0 0 0 0 36.3885 30.6185 30.6185 0 0 0 0 0 0 0 0 0 0 0 0 0 0 0 0 0 0 0 0 0 0 0 0 0
0 0 0 0 0 0 0 0 11.5397 11.5399 13.9291 11.539 11.5386 0 0 11.5386 0 0 0 0 0 0 0 0 0 0 0 0 0 0 0 74.1024 0 167.453 0 0 0 77.8099 214.807 77.8069 75.4088 69.6497 63.8796 58.1095 55.7106 53.3206 50.9296 48.5378 0 0 0 55.7198 47.8215 0 0 0 0 0 46.9382 44.5483 38.7783 36.3884 0 0 0 0 0 0 0 30.6186 30.6185 30.6185 0 0 0 0 0 0 0 0 0 0 0 0 0 0 0 0 0 0 0 0 0 0 0 0
0 0 0 0 0 0 0 0 11.5397 13.9299 11.5396 11.5395 11.5386 25.5873 16.3182 0 0 0 0 0 0 0 0 0 0 0 0 0 0 0 0 0 0 0 0 0 0 77.8098 212.416 72.0305 63.8798 72.0001 61.4814 55.7196 49.9495 47.5513 45.1632 0 0 0 0 42.7718 40.3895 0 0 0 0 0 44.5483 38.7782 36.3883 0 30.6186 30.6185 36.6805 36.3883 0 30.6186 30.6185 30.6186 30.6185 0 0 0 0 0 0 0 0 0 0 0 0 0 0 0 0 0 0 0 0 0 0 0 0 0
0 0 0 0 0 0 0 0 11.5397 16.3198 28.2497 24.4793 16.3192 29.849 19.6965 0 0 0 0 0 0 0 0 0 0 0 0 0 0 0 0 0 186.686 184.193 176.351 0 0 200.875 214.805 53.3267 53.3296 58.1099 63.8799 53.3227 47.5595 41.7895 0 0 0 0 0 0 0 0 0 0 0 0 0 36.3883 0 3.96394 30.6185 36.3885 44.54 38.7785 36.3885 0 30.6185 30.6185 30.6186 0 0 0 0 0 0 0 0 0 0 0 0 0 0 0 0 0 0 0 0 0 0 0 0 0
0 0 0 0 11.5377 11.5387 16.3172 0 22.0571 35.6101 32.6396 24.4798 38.4097 27.8593 19.6992 0 0 0 0 0 0 0 0 0 0 0 0 0 0 0 0 69.8716 54.7236 54.7265 0 0 0 55.7125 38.774 38.7764 38.7781 38.7783 38.7785 55.7197 49.9262 39.3991 0 0 0 0 0 0 0 0 0 0 0 0 0 0 30.6185 3.96391 36.3884 38.7785 46.9384 42.1584 36.3884 0 30.6185 30.6185 30.6186 30.6184 30.6184 0 0 0 0 0 0 0 0 0 0 0 0 0 0 0 0 0 0 0 0 0 0 0
0 0 0 22.4735 22.4772 24.4766 24.4724 115.789 16.3178 53.7197 44.5698 32.64 38.4098 30.249 17.309 0 0 0 0 0 0 0 0 0 0 0 0 0 0 0 0 52.3391 52.3359 54.7264 0 58.1092 55.7193 49.9414 0 0 0 38.7783 63.6514 38.7778 38.7779 41.7898 0 0 0 0 0 0 0 0 0 0 0 0 0 0 3.964 38.7785 38.7784 44.5485 47.9282 42.1581 36.3879 30.6175 0 30.6185 0 0 0 0 0 0 0 0 0 0 0 0 0 0 0 0 0 0 0 0 0 0 0 0 0 0
28.1676 28.5027 28.2368 30.6177 32.6387 32.629 117.774 24.4793 64.268 58.0954 47.5596 41.7898 36.0173 30.2495 19.699 13.9295 0 0 0 0 0 0 0 0 0 0 0 0 0 0 0 52.3395 81.1795 52.3354 0 52.339 49.9491 44.173 0 0 0 0 38.7775 178.788 38.7773 38.7783 0 0 0 0 0 0 0 0 0 0 0 0 0 0 0 3.96397 38.7784 40.8 42.1582 44.5481 38.7777 36.3868 0 0 30.6184 0 0 0 0 0 0 0 0 0 0 0 0 0 0 0 0 0 0 0 0 0 0 0 0 0
46.4854 40.6751 38.7875 40.7993 40.7964 115.129 117.357 117.79 24.4789 60.4974 48.7909 39.3995 33.6296 27.8595 22.0894 16.3195 0 0 0 0 0 0 0 0 0 0 0 0 0 0 0 42.7795 52.3396 84.5638 0 46.5686 44.1789 0 0 0 0 0 0 0 0 0 0 0 0 0 0 0 0 0 0 0 0 0 0 0 0 0 0 38.7784 44.18 46.9381 44.5473 38.7767 36.3864 0 0 0 0 0 0 0 0 0 0 0 0 0 0 0 0 0 0 0 0 0 0 0 0 0 0 0
54.6031 0 0 39.1656 0 117.745 0 117.787 117.788 49.9491 52.3378 40.7027 36.0197 30.2496 24.4796 19.6996 0 0 0 0 0 0 0 0 0 0 0 0 0 0 0 0 42.7794 82.1565 0 44.1787 0 0 0 0 0 0 0 0 0 0 0 0 0 0 0 0 0 0 0 0 0 0 0 0 0 0 0 0 41.79 44.5477 46.9372 44.5466 38.7764 36.3864 0 0 0 0 0 0 0 0 0 0 0 0 0 0 0 0 0 0 0 0 0 0 0 0 0 0
48.9309 48.9595 48.9595 0 112.834 0 0 0 48.96 117.79 117.789 36.0186 38.4097 32.6397 27.8597 22.0894 0 0 0 0 0 0 0 0 0 0 0 0 0 0 0 0 65.2965 42.7748 0 41.7871 38.7781 38.7785 38.7785 38.7785 38.7785 38.7785 38.7785 38.7785 38.7785 38.7785 38.7785 38.7785 38.7785 38.7785 38.7785 38.7785 38.7785 38.7785 38.7785 38.7785 38.7785 38.7785 38.7785 38.7785 38.7785 38.7785 0 0 0 45.1699 0 46.9369 44.5468 38.7757 44.407 0 0 0 0 0 0 0 0 0 0 0 0 0 0 0 0 0 0 0 0 0 0 0 0 0
48.9601 48.9601 48.9601 0 0 0 0 48.9601 48.9601 48.9601 117.789 46.5687 40.7998 36.0198 30.2496 24.4793 0 0 16.3194 0 16.3197 0 0 0 0 0 0 0 0 0 0 0 0 42.775 0 39.3991 0 0 0 0 0 0 0 0 0 0 0 0 0 0 0 0 0 0 0 0 0 38.7785 0 0 0 0 0 0 0 0 46.9374 52.707 46.9363 52.5634 46.936 50.6489 0 0 0 0 0 0 0 0 0 0 0 0 0 0 0 0 0 0 0 0 0 0 0 0
48.9601 48.9601 48.9601 0 0 0 0 48.9601 48.9601 48.9601 117.789 48.9588 44.1798 38.4097 32.6395 0 0 34.3979 27.8596 0 0 0 0 0 0 0 0 0 0 0 0 0 0 0 0 0 0 0 0 0 0 0 0 0 0 0 0 0 0 0 0 0 0 0 0 0 0 0 0 0 0 0 0 0 0 0 46.1596 46.9371 46.9371 54.9459 58.815 55.0961 0 0 0 0 0 0 0 0 0 0 0 0 0 0 0 0 0 0 0 0 0 0 0 0
48.9601 48.9601 48.9601 0 0 0 0 48.9601 48.9601 48.9601 48.9595 52.3384 46.5693 40.7996 38.5696 0 38.2235 0 0 0 0 0 0 0 0 0 0 0 0 0 0 0 0 0 0 39.3991 38.7784 0 0 0 0 0 0 0 0 0 0 0 0 0 0 0 0 0 0 0 0 0 0 0 0 0 0 0 0 0 0 46.9367 55.0972 55.097 55.0964 65.0265 62.6363 0 0 0 0 0 0 0 0 0 0 0 0 0 0 0 0 0 0 0 0 0 0 0
48.9601 48.9601 117.79 0 0 0 0 48.9601 48.9601 48.9601 117.79 117.789 0 46.5696 0 0 3.69555 117.787 0 0 0 0 0 0 27.8103 54.707 0 0 0 0 0 0 0 0 0 41.7887 0 0 0 0 0 0 0 0 0 0 0 0 0 0 0 0 0 0 0 0 0 0 0 0 0 0 0 0 0 0 0 0 54.3179 60.0891 63.2571 62.6363 71.1841 68.7959 69.1835 71.3963 0 0 0 0 0 0 0 0 0 0 0 0 0 0 0 0 0 0 0 0
48.9601 48.9601 117.79 0 0 0 0 48.9601 48.9601 48.9601 48.9601 48.9591 0 52.339 0 0 54.8736 0 24.4787 0 0 0 0 0 25.4412 68.6505 0 0 0 0 0 0 102.185 0 49.9401 0 0 38.7785 38.7785 38.7785 38.7785 38.7785 38.7785 38.7785 38.7785 38.7785 38.7785 38.7785 38.7785 0 0 0 0 0 0 0 0 0 0 0 0 0 0 0 0 0 0 0 0 60.0854 63.2556 68.7962 68.7963 88.852 94.4945 85.346 87.7121 0 0 0 0 0 0 0 0 0 0 0 0 0 0 0 0 0 0 0
48.9601 48.9601 117.79 0 0 0 0 0 0 0 48.9601 48.9591 0 0 56.2063 62.9966 24.4795 24.479 24.48 24.48 24.48 24.48 24.48 24.4799 24.4541 71.0328 76.8136 0 0 0 0 94.1152 104.674 0 0 135.706 38.7715 38.7785 38.7785 38.7785 38.7785 38.7785 38.7785 38.7785 38.7785 38.7785 38.7785 38.7785 38.7785 38.7785 38.7785 38.7785 38.7785 38.7785 38.7785 38.7785 38.7785 38.7785 38.7785 38.7785 38.7785 38.7785 38.7747 38.6953 39.2322 0 0 0 0 60.0806 65.8551 68.7949 77.3982 83.1688 85.347 102.869 93.5062 95.8771 0 0 0 0 0 0 0 0 0 0 0 0 0 0 0 0 0 0
48.9601 48.96 115.229 0 0 0 0 0 0 0 0 117.79 95.5864 60.4993 0 113.121 71.2091 24.4787 24.48 24.48 24.48 24.48 24.48 24.4796 25.4482 24.4621 79.1828 84.7385 20.6432 20.6449 20.6459 92.9356 126.147 127.003 105.113 135.07 38.7711 38.7785 38.7785 38.7785 38.7785 0 0 0 0 0 0 0 0 0 0 0 0 0 0 0 0 0 0 0 0 0 0 175.264 182.505 180.255 0 0 0 62.4644 68.2407 74.015 79.7871 85.3458 91.3288 93.507 111.029 101.666 104.037 0 0 0 0 0 0 0 0 0 0 0 0 0 0 0 0 0
48.9592 48.9587 0 0 0 0 0 0 0 0 0 0 112.839 110.285 60.4999 71.21 110.448 24.477 24.4797 24.4799 24.4799 24.4753 24.464 24.4472 27.7381 24.4711 93.1322 87.3642 79.2071 20.6452 20.6469 20.6445 109.405 20.646 20.6503 132.926 39.3901 0 0 0 0 0 0 0 0 0 0 0 0 0 0 38.7775 0 0 0 0 0 0 0 0 38.7785 38.7785 38.7736 38.7487 176.863 174.492 0 0 78.549 64.846 70.6245 76.4007 82.175 87.947 93.5057 99.4887 101.667 119.189 109.826 112.197 0 0 0 0 0 0 0 0 0 0 0 0 0 0 0 0
111.835 0 0 0 0 0 106.079 0 0 0 0 117.776 107.061 24.4797 24.4799 24.4799 24.4795 40.7976 30.2477 24.4754 30.0655 0 111.534 118.995 24.4671 119.012 95.5217 97.2606 87.3669 87.368 20.6466 20.6474 20.646 20.6467 20.6476 135.312 41.776 0 0 0 0 0 0 38.771 38.771 38.7713 38.7695 39.7792 202.162 0 0 53.3147 47.5497 41.7785 38.7658 38.7669 38.7662 0 0 0 0 0 0 0 38.7576 168.725 166.333 151.793 81.0818 86.871 73.0062 78.7846 84.5608 90.3349 96.1069 101.666 107.649 109.827 127.349 117.985 120.356 0 0 0 0 0 0 0 0 0 0 0 0 0 0 0
106.064 0 0 0 0 0 93.1387 106.079 0 0 117.79 117.716 101.29 24.4796 24.4798 24.4799 98.909 24.4787 24.4756 24.4785 0 24.4751 97.3392 0 0 113.237 105.456 103.686 103.457 95.5279 95.5286 20.6484 20.6488 20.6479 20.6485 20.6414 20.6313 24.9393 20.6515 20.6515 38.7702 38.7562 210.192 38.7737 38.7733 191.781 196.393 0 186.624 0 176.047 47.5543 193.39 190.62 190.619 190.619 190.618 0 0 36.1622 38.7317 0 0 0 165.324 162.923 160.565 158.174 160.453 89.2448 95.0184 81.1663 86.9447 92.7208 98.4949 104.267 109.825 115.808 117.987 135.509 126.145 128.516 0 0 0 0 0 0 0 0 0 0 0 0 0 0
100.296 0 0 0 0 0 0 93.1388 114.239 0 117.79 95.528 92.6947 24.4798 24.4799 24.4799 24.48 93.1389 95.5177 97.8884 95.5233 0 0 0 0 0 0 109.417 111.489 111.618 103.688 103.689 20.6492 20.6497 20.6496 139.762 20.6426 20.6357 38.7657 40.7906 38.758 38.7637 38.7739 167.711 178.263 0 0 0 190.627 184.214 56.1765 190.626 190.625 190.625 190.625 190.625 190.624 0 180.302 188.983 127.801 168.544 164.35 161.962 159.563 157.175 154.787 146.635 154.795 89.3444 89.3359 103.172 89.3265 95.1049 100.881 106.655 112.427 117.985 123.968 126.147 143.669 134.304 136.676 0 0 0 0 0 0 0 0 0 0 0 0 0
0 0 0 0 0 0 0 93.1383 93.1391 117.79 117.466 93.1383 0 0 0 0 0 0 0 0 0 0 0 0 0 0 0 0 0 114.965 119.679 111.849 111.849 111.85 20.6509 20.6507 139.878 20.6467 134.426 137.369 38.7744 142.256 148.011 163.972 175.897 0 0 0 184.537 26.6154 153.79 151.403 142.641 130.501 71.7147 133.124 0 0 0 140.993 146.637 146.637 146.638 148.916 143.258 151.405 149.016 89.3473 89.3483 151.416 89.3455 89.3373 111.436 97.4868 103.265 109.041 114.815 120.586 126.145 132.128 134.306 151.829 142.464 148.046 0 0 0 0 0 0 0 0 0 0 0 0
0 0 0 0 0 0 0 110.502 93.1388 117.789 93.1381 93.0442 0 0 0 0 0 0 0 0 0 0 0 0 0 0 0 0 0 119.78 119.78 119.78 111.85 20.6511 20.6509 20.6507 20.6502 20.6497 20.6506 38.7774 38.7773 131.718 145.646 137.488 174.032 0 0 0 0 0 148.025 145.639 143.25 71.7181 0 0 0 0 0 0 135.098 135.099 135.098 135.098 137.488 49.4068 143.245 89.3464 89.3475 89.3483 147.96 150.019 109.729 119.595 105.647 111.425 117.201 122.975 128.746 134.305 140.288 142.466 159.989 150.624 156.225 0 0 0 0 0 0 0 0 0 0 0
93.1392 0 0 0 0 0 0 0 117.789 93.1381 93.139 93.1392 93.1392 93.1392 93.1392 93.1392 93.1392 93.1392 93.1392 93.1392 93.1392 93.1392 93.1392 0 0 0 105.083 117.788 117.788 0 0 0 0 0 20.6509 20.6507 20.6503 20.6501 20.6496 20.6498 38.777 129.328 148.036 169.611 0 0 0 0 0 135.095 135.097 137.488 137.479 0 0 0 0 0 0 0 0 0 49.4074 49.4073 49.4071 137.486 137.473 89.3452 89.3465 89.3476 89.348 113.829 153.767 121.899 127.755 113.808 119.586 125.361 131.134 136.906 142.464 148.447 150.626 168.148 158.783 164.384 0 0 0 0 0 0 0 0 0 0
93.1392 93.1392 93.1392 93.1392 93.1392 93.1392 93.1392 93.1389 93.1388 93.1389 93.1392 93.1392 93.1392 93.1392 93.1392 93.1392 93.1392 93.1392 93.1392 93.1392 93.1392 0 0 0 0 0 0 0 0 0 0 0 0 0 0 0 0 0 0 0 38.7773 38.7767 129.202 125.469 59.254 0 0 0 0 0 0 0 0 0 0 0 0 0 0 0 0 0 0 49.407 129.326 49.4055 89.3446 89.344 89.3451 89.3453 89.3465 113.827 121.989 157.16 130.04 135.914 121.968 127.746 133.521 139.294 145.065 150.624 156.607 158.786 176.308 166.943 172.544 0 0 0 0 0 0 0 0 0
93.1392 93.1392 93.1392 93.1392 93.1392 93.1392 93.1392 93.1392 93.1392 93.1392 93.1392 93.1392 93.1392 93.1392 93.1392 93.1392 93.1392 93.1392 93.1392 93.1392 93.1392 93.1392 0 0 0 93.1377 0 117.79 117.79 117.79 117.79 117.79 117.79 117.79 0 0 0 0 0 0 0 0 0 0 0 0 0 0 0 0 0 0 0 0 0 0 0 0 0 0 0 0 0 0 0 0 49.4044 49.4009 89.3393 89.3419 89.3435 113.825 121.986 130.149 160.54 138.193 144.074 130.129 135.907 141.682 147.454 153.225 158.784 164.767 166.946 184.468 175.103 180.704 0 0 0 0 0 0 0 0
93.1392 93.1392 93.1392 93.1392 93.1392 93.1392 93.1392 93.1392 93.1392 93.1392 93.1392 93.1392 93.1392 93.1392 93.1392 93.1392 93.1392 93.1392 93.1392 93.1392 93.1392 93.1392 93.1392 0 0 114.28 93.1387 0 0 117.789 0 0 0 0 0 0 0 0 0 0 0 0 0 0 0 0 0 0 0 0 0 0 0 0 0 0 0 0 0 0 0 0 0 0 0 0 0 0 49.3897 89.3345 89.3386 113.821 121.984 130.146 138.308 163.923 146.357 152.007 138.29 144.068 149.842 155.614 161.385 166.944 172.927 175.106 192.628 183.262 188.864 0 0 0 0 0 0 0
93.1392 93.1392 93.1392 93.1392 93.1392 93.1392 93.1392 93.1392 93.1392 93.1392 93.1392 93.1392 93.1392 93.1392 93.1392 93.1392 93.1392 93.1392 93.1392 93.1392 93.1392 93.1392 0 0 0 102.667 97.913 49.95 0 0 0 0 0 0 0 0 0 0 0 0 0 0 0 0 0 0 0 0 75.5702 0 0 0 0 0 0 0 49.9414 0 49.9383 0 116.909 49.9403 0 0 0 0 0 0 49.3727 89.3215 89.3293 113.816 121.98 130.143 138.305 146.468 169.711 154.618 160.188 146.452 152.229 158.002 163.774 169.545 175.104 181.087 183.266 200.788 191.422 197.024 0 0 0 0 0 200.006
93.1392 93.1392 93.1392 93.1392 93.1392 93.1392 93.1392 93.1392 93.1392 93.1392 93.1392 93.1392 93.1392 93.1392 93.1392 93.1392 93.1392 93.1392 93.1392 93.1392 93.1392 93.1392 93.1392 93.1392 60.8878 60.8864 97.9127 97.9138 49.95 49.95 49.95 49.95 0 0 0 0 0 0 0 0 0 0 0 0 0 0 0 117.2 117.786 37.0617 0 0 0 0 0 0 0 0 0 0 49.9377 0 0 0 0 0 0 0 49.3454 89.297 89.3087 113.8 121.97 130.136 138.301 146.463 154.626 175.477 162.779 168.351 154.613 160.39 166.163 171.935 177.706 183.264 189.247 191.426 208.948 199.582 205.184 0 0 0 200.007 211.125
93.1392 93.1392 93.1392 93.1392 93.1392 93.1392 93.1392 93.1392 93.1392 93.1392 93.1392 93.1392 93.1392 93.1392 93.1392 93.1392 93.1392 93.1392 93.1392 93.1392 60.8886 60.8886 60.8886 60.8885 60.8873 60.8859 97.9126 97.9134 97.9131 49.9493 49.9493 49.9493 49.9492 0 0 0 0 0 0 0 0 0 0 0 0 0 123.893 123.933 49.9423 49.9489 49.95 49.95 49.95 49.95 49.95 49.95 49.95 49.95 49.95 0 47.8119 49.9459 0 0 0 0 49.8632 49.9174 49.8774 89.2851 113.772 121.943 130.117 138.29 146.457 154.621 162.784 162.786 183.637 170.939 176.511 162.775 168.551 174.324 180.095 185.866 191.424 197.407 199.586 217.108 207.731 213.344 0 200.007 203.475 213.515
93.1392 93.1392 93.1392 93.1392 93.1392 93.1392 93.1392 93.1392 93.1392 93.1392 93.1392 93.1392 93.1392 93.1392 93.1392 93.1392 93.1392 93.1392 93.1392 93.1392 93.1392 60.8886 60.8883 60.8868 60.8865 72.8976 97.9111 108.463 108.463 108.463 49.9488 49.9488 49.9488 49.9486 49.9484 49.9486 49.9484 49.9484 0 0 112.855 0 0 0 0 130.109 130.086 49.9448 49.9489 49.95 49.95 49.95 49.95 49.95 49.95 49.95 49.95 49.95 49.95 49.95 49.95 49.95 49.95 49.95 49.95 49.8942 49.6573 49.8093 134.074 113.753 121.93 130.083 138.255 146.436 154.61 160.549 162.781 170.944 170.946 191.798 179.1 184.672 170.936 176.712 182.484 188.256 194.026 199.584 203.477 203.477 225.268 215.86 221.504 203.475 203.476 215.905
93.1392 93.1392 93.1392 93.1392 93.1392 93.1392 93.1392 93.1392 93.1392 93.1392 93.1392 93.1392 93.1392 93.1392 93.1392 93.1392 93.1392 93.1392 93.1392 93.1392 93.1392 60.8886 60.8876 93.1381 72.8965 72.8976 72.8971 108.462 110.853 110.853 110.853 49.949 49.949 49.9488 49.9489 49.9489 49.9488 49.9486 49.9486 0 0 0 0 0 134.071 135.837 49.9444 49.9488 0 0 0 0 0 0 0 0 0 0 0 0 0 0 0 0 0 0 49.8546 49.6678 141.238 147.683 142.085 146.381 145.542 151.357 157.149 162.771 168.709 170.941 179.104 179.106 199.958 187.26 192.832 179.098 184.873 190.645 196.416 202.187 203.476 203.477 203.478 203.478 203.477 203.478 203.477 221.676
93.1392 93.1392 93.1392 93.1392 93.1392 93.1392 93.1392 93.1392 93.1392 93.1392 93.1392 93.1392 93.1392 93.1392 93.1392 93.1392 93.1392 93.1392 93.1392 35.46 35.46 35.46 60.8865 93.136 108.851 72.8965 110.756 134.108 110.853 113.243 113.243 113.243 49.9491 49.9492 49.9493 49.9493 49.9492 49.9492 49.9491 49.9489 49.9485 49.9482 0 0 0 49.9382 49.9487 0 0 0 49.95 49.95 49.95 49.95 49.95 49.95 49.95 49.95 49.95 49.95 49.95 49.95 49.95 49.95 49.95 49.95 49.95 49.8477 49.5988 49.7567 49.9214 155.756 167.489 153.718 159.52 165.311 170.932 176.869 179.101 187.264 187.266 208.118 195.42 200.992 187.259 193.034 198.806 203.476 203.476 203.477 203.478 203.479 203.479 224.068 224.068 224.067
93.1392 93.1392 93.1392 93.1392 93.1392 93.1392 93.1392 93.1392 93.1392 93.1392 93.1392 93.1392 93.1392 93.1392 93.1392 93.1392 93.1392 93.1392 93.1392 93.1392 35.46 60.8886 35.4564 117.01 113.23 116.998 113.225 110.844 113.238 129.326 136.266 136.266 136.267 49.9467 49.9477 49.947 144.426 143.978 49.9461 143.923 49.9442 49.943 49.9427 0 0 0 0 0 0 0 49.95 49.95 49.95 49.95 49.95 49.95 49.95 49.95 49.95 49.95 49.95 49.95 49.95 49.95 49.95 49.95 49.95 49.95 49.8012 49.5347 49.7311 58.0827 170.07 175.619 161.882 167.683 173.472 179.092 185.03 187.261 195.424 195.426 216.278 203.581 209.158 195.421 201.195 203.476 203.477 203.477 203.479 226.653 203.477 203.477 220.899 223.288
93.1392 93.1392 93.1385 93.1373 93.1365 93.1374 93.1386 93.1391 93.1391 93.1392 93.1392 93.1392 93.1392 93.1392 93.1392 93.1392 93.1392 93.1392 93.1392 93.1392 93.1392 93.1392 93.1347 93.131 126.949 212.29 209.903 113.236 129.326 140.267 142.267 142.427 142.428 143.648 49.9458 49.9397 49.9437 49.943 49.9369 49.9425 203.799 49.9456 49.9453 49.9449 0 0 0 0 0 0 0 0 0 0 0 0 0 0 0 0 0 0 0 0 0 0 0 0 0 49.8065 49.5321 49.7234 196.337 178.234 183.793 170.047 175.846 181.634 187.253 193.19 195.421 203.584 203.587 223.197 211.741 217.331 203.472 203.476 203.477 203.477 234.8 220.888 203.476 203.476 203.476 220.898
93.1373 93.1363 93.1339 117.786 117.788 117.788 93.1341 96.9219 93.1379 93.1389 50.6856 50.6856 50.6856 50.6856 50.6856 50.6856 50.6856 50.6856 50.6856 0 0 0 0 93.1294 107.465 107.466 212.29 129.325 0 204.143 49.95 49.9472 49.9433 204.138 204.105 49.9443 49.95 49.95 49.9472 49.935 49.9434 49.9497 49.9497 49.9496 0 0 0 0 0 0 0 0 0 0 0 0 0 0 49.95 49.95 49.95 49.95 49.95 49.95 49.95 49.95 49.95 49.95 49.95 49.95 49.8129 49.4699 49.7199 202.099 186.397 191.973 178.212 184.01 189.796 195.414 201.351 203.582 211.745 211.747 229.358 219.902 225.505 203.475 203.477 206.97 237.069 215.084 203.475 203.475 203.476 218.507
99.3146 93.1346 93.1369 93.138 113.249 117.789 117.789 117.427 105.086 93.1368 93.1382 50.6852 50.6853 50.6854 50.6854 50.6855 50.6855 50.6855 50.6855 50.6854 0 0 0 0 133.12 0 0 131.706 134.095 204.134 203.717 0 0 35.6842 0 0 0 0 0 0 209.907 209.907 209.907 209.906 209.904 0 0 49.95 49.95 49.95 49.95 49.95 49.95 49.95 49.95 49.95 49.95 49.95 49.95 49.95 49.95 49.95 49.95 49.95 49.95 49.95 49.95 49.95 49.95 49.95 49.95 49.7111 57.6403 55.4942 200.59 194.557 200.135 186.378 192.174 197.958 203.575 209.512 211.743 219.905 219.907 235.492 228.065 233.687 228.069 233.836 206.91 204.462 198.804 203.476 203.476 213.316
113.113 93.1362 93.1377 113.249 117.79 113.249 105.089 105.089 117.789 113.148 99.2648 97.3093 50.6845 50.6846 53.25 93.1386 93.1387 93.1388 93.1387 93.1386 93.1386 0 0 0 0 0 62.3545 0 50.9235 49.9319 23.3007 0 0 0 0 0 0 0 0 0 0 49.94 49.9387 49.937 48.9688 0 0 0 0 0 0 0 0 0 0 0 0 0 0 0 0 0 0 0 0 0 0 0 0 0 0 0 0 65.814 63.6595 208.75 202.717 208.294 194.546 200.339 206.12 211.737 217.672 219.904 228.066 228.067 241.669 236.227 0 0 196.3 190.643 196.415 202.186 203.474 210.925
107.478 107.478 107.478 108.413 113.249 117.79 108.413 105.089 105.089 117.79 117.751 107.386 105.478 105.478 103.478 103.478 103.479 103.479 103.479 105.473 103.082 96.9226 0 0 0 0 60.0824 54.3183 0 0 0 0 0 0 0 0 0 0 0 0 0 0 49.95 0 0 0 0 0 0 0 0 0 0 0 0 0 0 0 0 0 0 0 0 0 0 0 0 0 0 0 0 0 0 0 73.9912 71.8248 216.909 210.877 216.454 202.715 208.504 214.284 219.898 225.835 228.066 237.379 247.448 180.088 0 185.921 0 188.255 194.026 196.994 202.765 208.535
107.479 108.413 108.413 108.413 108.413 108.413 117.79 108.413 105.089 103.729 103.729 103.729 111.951 103.478 113.639 111.639 103.083 103.083 103.083 103.083 113.41 103.083 111.471 113.242 115.632 0 0 51.9286 49.9497 49.95 49.95 49.95 49.95 49.95 49.95 49.95 49.95 49.95 49.95 49.95 49.95 49.95 49.95 49.95 49.95 49.95 49.95 49.95 49.95 49.95 49.95 49.95 49.95 49.95 49.95 49.95 49.95 49.95 49.95 49.95 49.95 49.95 49.95 49.95 49.95 49.95 49.95 49.95 49.95 0 0 0 0 0 0 82.169 79.9923 225.069 219.039 224.615 210.887 216.671 222.448 228.062 233.997 247.927 253.203 182.424 180.003 0 0 185.865 188.833 194.604 200.374 206.145
108.413 108.413 108.413 108.413 108.413 108.413 108.413 117.79 108.413 103.729 103.729 103.729 108.413 108.413 108.413 108.413 108.413 108.413 111.639 113.633 103.083 103.083 117.787 0 0 0 60.0874 54.3191 49.9496 49.95 49.95 49.95 49.95 49.95 49.95 49.95 49.95 49.95 49.95 49.95 49.95 49.95 49.95 49.95 49.95 49.95 49.95 49.95 49.95 49.95 49.95 49.95 49.95 49.95 49.95 49.95 49.95 49.95 49.95 49.95 49.95 49.95 49.95 49.95 49.95 49.95 49.95 49.95 0 0 0 0 0 0 0 0 90.3577 88.1644 240.497 227.207 232.788 219.059 224.838 230.613 244.543 250.294 174.256 171.836 0 0 0 180.672 186.443 192.214 197.984 203.754
115.535 108.413 108.413 115.535 115.535 108.413 108.413 108.413 108.413 108.413 103.729 103.729 108.413 108.413 108.413 108.413 108.413 108.413 108.413 117.79 108.413 0 0 0 63.031 63.8485 62.4792 56.7095 50.9394 49.9499 49.95 49.95 49.95 49.95 49.95 49.95 49.95 49.95 49.95 49.95 49.95 49.95 0 0 0 0 0 0 0 0 0 0 0 0 0 0 0 0 0 0 0 0 0 0 0 0 0 0 0 0 0 0 0 0 0 0 0 98.3279 241.259 246.763 235.27 240.791 235.278 241.082 246.881 166.065 161.537 0 0 0 0 178.282 184.053 189.823 195.594 201.364
