tests/full-run-ref/erosion_2010_78_20_-12.873.asc
ncols 512
nrows 512
xllcorner -3.24582
yllcorner -4.08743
cellsize 5
NODATA_value -99999
[rows 74 to 110 of 512, columns 249 to 331 of 512]
5.77 5.77 5.77 5.77 5.77 5.77 5.77 5.76971 6.1589 8.1585 13.9294 8.15766 13.9285 13.9225 11.5173 11.5033 13.8847 16.2725 22.063 24.5477 22.1467 23.012 17.2178 12.2317 12.3199 12.32 12.32 12.3155 11.4755 5.70688 5.77 5.77 5.77 5.77 5.7695 5.76726 5.7591 8.14202 13.9025 16.2721 22.0461 40.3815 34.6069 28.8292 23.0531 17.2749 11.4957 5.73782 5.76825 5.77 5.77 5.77 5.77 5.77 5.77 5.77 5.77 5.77 5.77 5.77 5.77 5.7406 8.09189 13.8604 13.9145 11.4902 11.5259 11.54 11.54 11.54 11.54 11.54 11.54 11.54 11.5358 11.5064 11.4166 13.7816 16.2353 13.6657 7.66731 5.31899 5.37979
5.77 5.77 5.77 5.77 5.77 5.77 5.77 5.76932 11.5387 13.929 16.3198 13.9296 11.538 8.15141 5.75358 5.73874 8.11207 13.8892 19.6799 18.769 16.3661 18.774 17.245 12.2506 12.3199 12.32 12.32 12.3162 11.471 5.66119 5.76124 5.77 5.76968 5.76946 5.76968 5.77 5.76916 5.76179 8.1423 13.911 19.6692 42.7691 37.0023 31.2254 25.4497 19.6729 13.8958 8.12784 5.75765 5.76707 5.76928 5.7698 5.77 5.77 5.77 5.77 5.77 5.77 5.77 5.77 5.77 5.72457 11.4804 16.3037 11.4526 11.5098 11.54 11.54 11.54 11.54 11.54 11.5382 11.5376 11.5387 11.54 11.54 11.5311 11.4869 13.8903 11.3556 5.44955 5.73165 5.74054
5.77 5.77 5.77 5.77 5.77 5.77 5.77 5.7692 11.5389 16.3172 11.9367 8.15652 5.7654 5.76687 5.76908 5.76776 5.73931 11.5078 16.7198 12.989 10.5923 12.993 16.7221 12.2742 12.3199 12.32 12.32 12.318 12.1356 8.00694 5.68325 5.72314 5.73606 6.13531 5.75328 5.76738 5.77 5.76879 5.75687 11.5263 17.2892 36.003 39.3922 33.62 27.8423 22.0669 16.2931 11.3428 8.1482 8.15743 6.15888 5.76973 5.77 5.77 5.77 5.77 5.77 5.77 5.77 5.77 5.77 5.72855 11.4957 17.2997 13.9051 11.5194 11.5297 11.5346 11.54 11.54 11.5245 11.4728 11.8638 11.5109 11.54 11.54 11.54 11.5279 11.54 11.4024 5.568 5.77 5.77
5.77 5.77 5.77 5.77 5.77 5.77 5.77 5.76926 11.5392 11.5383 8.1583 5.76847 5.76926 5.77 5.77 5.77 5.75415 11.5203 14.3355 8.53629 8.39621 8.53841 14.3333 12.2896 12.319 12.3175 12.3188 12.3197 12.1743 13.8592 8.02868 13.8688 8.05344 11.8749 8.10058 5.72675 5.76481 5.76931 8.15558 13.9243 16.309 22.0713 27.8421 33.6212 27.8482 22.0718 16.3004 13.9159 11.535 8.15744 5.76774 5.76983 5.77 5.77 5.77 5.77 5.77 5.77 5.77 5.77 5.77 5.74908 9.9813 15.7664 16.3179 14.3079 13.9113 11.5088 11.5078 11.4742 11.4251 13.7809 16.2261 11.4303 11.54 11.54 11.54 11.5233 13.9197 11.3962 5.57154 5.77 5.77
5.77 5.77 5.77 5.77 5.77 5.77 5.77 5.76945 11.5392 11.5395 5.76892 5.7699 5.77 5.77 5.77 5.76945 5.75567 11.5259 11.9445 8.40013 8.4118 8.40806 11.93 12.2862 12.2985 11.4832 12.3018 12.3164 12.203 16.2382 20.009 16.2046 20.0067 16.2244 13.836 8.04476 5.709 5.77 5.76629 8.15245 13.9207 16.3073 22.0788 23.0674 25.4613 19.6847 13.9084 8.13719 5.75752 5.76801 5.76904 5.77 5.76731 5.76098 5.75868 5.75983 5.76415 5.77 5.77 5.77 5.77 5.76235 7.6011 11.5151 13.9076 16.3075 16.289 14.2215 13.7169 16.0375 13.4955 16.0575 17.1176 11.2854 11.5038 11.5185 11.5224 11.5276 13.8952 11.3985 5.6202 5.77 5.77
5.77 5.77 5.77 5.77 5.77 5.77 5.77 5.7697 11.5396 10.5269 5.76976 5.77 5.77 5.77 5.77 5.76794 8.15023 13.9162 13.9249 8.56544 11.8165 8.56463 8.39695 10.7838 8.09855 5.67579 8.05802 12.277 12.1662 16.7481 22.588 25.9262 24.3886 21.969 16.1675 13.7968 8.02236 5.70741 5.77 5.76522 8.14984 13.9215 17.3022 17.2984 19.6923 17.3014 11.5244 5.75443 5.76886 5.77 5.77 5.77 5.75851 8.13312 6.09713 8.1168 5.7414 5.77 5.77 5.77 5.77 5.76833 5.76158 5.74368 8.10979 13.8873 19.6688 25.4071 35.9558 36.9326 31.0256 25.0947 19.1039 13.4068 11.2255 13.8113 11.4633 13.8641 7.97063 5.59819 5.71138 5.77 5.77
5.77 5.77 5.77 5.77 5.77 5.77 5.77 5.76993 5.76976 5.76983 5.76997 5.77 5.77 5.77 5.76981 5.76597 11.5364 13.9285 13.9297 13.9298 13.924 8.14392 5.74818 5.74566 5.74727 5.75756 5.61584 11.3776 13.5228 19.2774 19.7328 25.5 31.2869 27.7176 21.9015 16.1379 13.7918 8.03862 5.72558 5.77 5.76423 11.535 11.5309 11.5272 13.9199 16.3156 11.5302 5.76266 5.77 5.77 5.77 5.77 5.74407 11.4925 14.2695 11.4661 5.70798 5.77 5.77 5.77 5.77 5.77 5.76958 5.76463 5.71464 11.4662 17.2281 27.7822 35.9743 39.3876 33.5244 39.1933 33.0545 15.5304 19.7421 16.1078 15.2037 11.3794 5.55812 5.74549 5.77 5.77 5.77
5.77 5.77 5.77 5.77 5.77 5.77 5.77 5.77 5.77 5.77 5.77 5.77 5.77 5.77 5.76911 8.15703 13.929 13.9278 11.5382 9.53964 11.5345 5.75815 5.76716 5.77 5.77 5.75033 8.04947 13.8736 15.6669 21.4737 25.5519 27.8936 33.7114 33.5558 27.6956 21.9115 16.1768 13.8464 8.11015 5.76538 5.76933 5.76693 5.76478 5.76098 8.14835 13.9256 11.5327 5.76094 5.76913 5.77 5.77 5.77 5.7363 11.4754 17.3019 11.4283 5.68156 5.77 5.77 5.77 5.77 5.77 5.76937 6.15151 8.12077 13.8675 19.6221 27.7846 33.5725 38.3777 41.2178 38.7759 36.2476 32.3812 27.6686 21.9244 16.1894 11.3218 5.61107 5.77 5.77 5.77 5.77
5.77 5.77 5.77 5.77 5.77 5.77 5.77 5.77 5.77 5.77 5.77 5.77 5.77 5.77 5.76848 11.538 13.9289 8.1569 5.76722 5.76573 8.15544 5.76212 5.7658 5.77 5.77 5.75356 8.10529 13.8763 17.2736 19.6415 21.996 33.6886 33.5851 31.1802 33.4074 22.8769 17.1521 11.3818 5.6682 5.75809 5.76961 5.77 5.77 5.76944 5.76153 11.5324 13.9254 8.14839 5.76599 5.77 5.77 5.77 5.73933 11.4782 16.3009 11.4089 5.66769 5.77 5.77 5.77 5.77 5.77 5.76945 5.75943 8.11614 13.8709 19.6238 27.7986 30.1744 34.6732 32.1843 32.8432 30.3958 28.0278 24.2182 19.4292 13.6807 7.95066 5.68067 5.77 5.77 5.77 5.77
5.77 5.77 5.77 5.77 5.77 5.77 5.77 5.77 5.77 5.77 5.77 5.77 5.77 5.77 5.76825 11.5382 8.1582 5.76846 5.76982 5.76953 5.76796 8.15798 5.76539 5.77 5.77 5.76518 5.71687 11.4887 11.4608 13.8281 16.1825 21.9349 27.7336 25.3178 27.7679 25.3739 19.584 13.814 8.07175 8.15299 5.76736 5.76983 5.77 5.77 5.76463 11.5301 16.3156 11.528 5.76064 5.76695 5.76827 5.77 5.75389 8.09296 13.896 11.4527 5.65015 5.77 5.77 5.77 5.77 5.77 5.77 5.76604 5.72093 11.4635 16.2234 21.9523 24.3638 24.3014 26.432 27.0321 24.5245 22.1628 21.8084 15.9438 11.2297 5.56744 5.73761 5.77 5.77 5.77 5.77
5.77 5.77 5.77 5.77 5.77 5.77 5.77 5.77 5.77 5.77 5.77 5.77 5.77 5.77 5.76888 8.15822 5.76843 5.76987 5.77 5.77 5.76902 5.77 5.76785 5.77 5.77 5.77 5.74484 8.1196 5.68479 8.04848 13.8316 16.1883 19.5365 19.5109 21.9524 24.4139 22.027 16.2805 14.313 13.9284 8.15747 5.76932 5.77 5.77 5.76594 11.5306 19.6979 13.9252 8.15423 8.15723 5.76837 5.77 5.76697 5.7117 11.4975 11.3518 5.62513 5.75826 5.77 5.77 5.77 5.77 5.77 5.77 5.74888 8.07913 13.7858 16.218 20.8534 18.5293 20.6527 21.3355 18.7412 16.3032 18.7064 13.5284 7.81047 5.67484 5.77 5.77 5.77 5.77 5.76341
5.77 5.77 5.77 5.77 5.77 5.77 5.77 5.77 5.77 5.77 5.77 5.77 5.77 5.77 5.76967 5.76937 5.76956 5.77 5.77 5.77 5.76953 8.15959 5.76851 5.76892 5.77 5.77 5.76406 5.75742 5.75673 5.71643 8.07388 11.4354 11.3391 13.7122 16.1295 22.0267 16.2041 13.854 11.5078 13.9261 11.5384 5.76924 5.76992 5.77 5.7672 11.535 22.0887 16.3171 14.3163 11.536 5.76639 5.76938 5.77 5.7381 11.4948 13.7822 7.92863 5.69484 5.76264 5.77 5.77 5.77 5.77 5.77 5.76511 5.71059 8.03778 13.8473 15.0748 12.7378 14.8903 15.5871 13.1036 10.515 12.9176 11.2935 5.50623 5.73527 5.77 5.77 5.77 5.77 5.76011
5.77 5.77 5.77 5.77 5.77 5.76999 5.76999 5.77 5.77 5.77 5.77 5.77 5.77 5.76988 5.76966 5.76961 5.77 5.77 5.77 5.77 5.76926 11.5399 8.15869 5.76735 5.77 5.77 5.77 5.77 5.77 5.76218 5.74306 5.70885 5.62956 7.9596 13.7871 19.6622 13.8271 8.04483 5.69957 8.14136 5.76172 8.15968 5.76988 5.77 5.76467 11.5344 22.0885 22.0891 19.6973 13.9259 8.15562 5.76853 5.77 5.75649 8.1116 13.8973 13.7798 7.94875 5.69447 5.76245 5.77 5.77 5.77 5.77 5.77 5.76344 5.70036 11.4937 9.73089 7.991 9.67733 11.3607 7.90169 7.96837 7.97356 9.95227 5.62887 5.77 5.77 5.77 5.77 5.77 5.76381
5.76999 5.77 5.77 5.77 5.76999 8.16001 5.76997 5.76999 5.77 5.77 5.77 5.77 5.77 5.76981 8.16001 5.76973 5.77 5.77 5.77 5.77 5.7692 8.15953 5.7665 5.76649 5.77 5.77 5.77 5.77 5.77 5.77 5.77 5.77 5.75566 5.64845 11.4378 17.3043 11.4518 5.6927 5.76016 5.76428 5.76624 5.76625 5.75936 5.75973 5.72365 11.516 22.0887 22.0899 22.0892 16.3162 11.3193 5.76713 5.77 5.7676 5.73835 8.09012 13.8975 13.762 7.92235 5.68883 5.76201 5.77 5.77 5.77 5.77 5.77 5.75366 8.09266 8.12495 8.14787 8.12413 8.12103 8.1468 8.16001 8.14441 8.13514 5.72505 5.77 5.77 5.77 5.77 5.77 5.77
5.76999 5.77 5.77 5.77 5.77 5.76997 8.15998 5.76996 5.77 5.77 5.77 5.77 5.77 5.76984 5.76976 5.76971 5.77 5.77 5.77 5.77 5.76945 5.76824 8.15885 5.76341 5.77 5.77 5.77 5.77 5.77 5.77 5.77 5.77 5.75452 8.1081 13.8748 19.6853 11.453 5.70713 5.76406 5.77 5.75336 8.12151 8.11761 6.07786 8.08904 13.8854 22.0892 22.0899 20.4707 14.6972 8.92395 5.76591 5.77 5.77 5.76654 5.71118 11.4665 16.1757 13.7118 7.90565 5.68683 5.76223 5.77 5.77 5.77 5.77 5.76703 5.74002 8.15902 8.16001 8.16001 8.16001 8.16001 8.16001 8.15834 10.3201 5.7504 5.77 5.77 5.77 5.77 5.77 5.77
5.76997 5.77 5.77 5.76999 5.76996 5.76993 11.54 5.76993 5.76999 5.77 5.77 5.77 5.77 5.77 5.77 5.77 5.77 5.77 5.77 5.77 5.77 5.76806 8.158 5.76274 5.77 5.77 5.77 5.77 5.77 5.77 5.77 5.77 5.75574 8.10529 13.8664 19.6973 13.8693 8.06718 5.68757 5.68873 5.67642 11.4736 13.8606 16.232 13.8294 16.2523 22.058 22.087 22.0894 17.0795 11.3102 5.76246 5.77 5.77 5.77 5.73807 11.4798 19.6711 16.1322 13.6936 7.91206 5.69916 5.76465 5.77 5.77 5.77 5.77 5.76834 8.15808 8.16001 8.16001 8.16001 8.16001 8.16001 8.15803 8.15699 5.76784 5.77 5.77 5.77 5.77 5.77 5.77
8.15999 5.77 5.77 8.15999 13.93 8.15996 11.54 8.15994 5.76997 5.77 5.77 5.77 5.77 5.77 5.77 5.77 5.77 5.77 5.77 5.77 5.77 5.76925 5.76756 5.76655 5.77 5.77 5.77 5.77 5.77 5.77 5.77 5.77 5.76352 5.68283 11.416 19.6656 16.2426 13.8095 7.97125 13.8356 7.9597 13.7794 22.3975 21.9926 24.4089 22.0159 27.8314 22.0597 20.4857 14.7079 8.94233 5.76018 5.76955 5.77 5.77 5.75198 11.5046 16.2833 21.9561 16.1007 13.7103 7.98457 5.74136 5.77 5.77 5.77 5.77 5.76904 8.15835 8.15919 8.15922 8.15925 8.16001 8.15921 8.15931 5.76632 5.76968 5.77 5.77 5.77 5.77 5.77 5.77
5.76992 5.76998 5.76999 5.76992 11.54 14.3199 11.5399 11.54 5.76993 5.76999 5.77 5.77 5.77 5.77 5.77 5.77 5.77 5.77 5.77 5.77 5.77 5.77 5.77 5.77 5.77 5.77 5.77 5.77 5.77 5.77 5.7588 5.74947 5.68202 5.61669 11.2995 21.835 21.6963 15.7116 19.6583 15.8999 21.7934 15.9946 28.0861 30.547 30.1725 32.6052 30.2051 24.4317 22.0668 16.2944 10.9709 8.15542 5.76931 5.77 5.77 5.76267 8.12857 13.8869 22.0733 21.945 16.1267 11.3729 5.71865 5.77 5.77 5.77 5.77 5.7697 5.76919 5.76874 5.7665 8.15757 8.15931 8.15751 5.76709 5.76983 5.77 5.77 5.77 5.77 5.77 5.77 5.77
8.15988 8.1599 6.15988 8.15991 13.93 17.3099 11.5399 11.54 8.15993 5.76993 5.77 5.77 5.77 5.77 5.77 5.77 5.77 5.77 5.77 5.77 5.76956 5.76879 5.76803 5.77 5.77 5.77 5.77 5.77 5.77 5.77 5.7562 8.12364 13.878 7.89005 13.3188 23.6395 66.7229 61.021 55.2617 49.5992 43.8706 38.1228 36.5999 38.3116 38.7621 36.9856 31.2047 25.4329 19.6574 13.8831 8.12542 5.76049 5.76954 5.77 5.77 5.76867 5.74891 11.5083 16.2881 19.5737 13.7308 7.93466 5.73192 5.77 5.77 5.77 5.77 5.77 5.77 5.77 5.76914 5.76828 8.15839 5.76775 5.76956 5.77 5.77 5.77 5.77 5.77 5.77 5.77 5.77
14.3198 14.3198 14.3198 14.3199 16.32 17.3099 11.5399 11.54 11.5399 6.33428 5.76998 5.77 5.77 5.77 5.77 5.77 5.77 5.77 5.77 5.77 5.76754 8.1567 5.76226 5.77 5.77 5.77 5.77 5.77 5.77 5.77 5.76147 5.70742 11.4234 21.794 15.0748 75.8309 70.9287 65.1615 62.8195 60.4462 58.0442 54.5661 48.8031 46.1083 40.342 34.5653 28.7836 23.0104 17.2367 11.4622 5.72324 5.76827 5.77 5.77 5.77 5.77 5.76383 8.13451 13.9077 16.2775 11.4123 5.6849 5.76116 5.77 5.77 5.77 5.77 5.77 5.77 5.77 5.76948 8.15965 5.7692 5.76967 5.76997 5.76987 5.76983 5.76984 5.76994 5.77 5.77 5.77 5.77
24.4798 24.4798 28.2494 24.48 23.0799 17.3099 11.5399 11.54 11.54 8.72428 5.76993 5.76987 5.77 5.77 5.77 5.77 5.77 5.77 5.77 5.77 5.76473 11.5379 5.75599 5.77 5.77 5.77 5.77 5.77 5.77 5.77 5.77 5.7121 11.3773 21.535 72.3829 70.5374 68.1473 62.7428 56.9231 54.5711 52.2215 49.8549 47.4829 45.1016 40.3249 34.5545 28.7786 23.0027 17.227 11.4513 5.72274 5.77 5.77 5.77 5.77 5.77 5.76889 5.75544 11.5255 13.8921 8.09595 5.75126 5.77 5.77 5.77 5.77 5.77 5.77 5.77 5.77 5.76981 5.76974 5.76973 5.77 5.76966 6.15708 6.15632 6.15707 5.76861 5.77 5.77 5.77 5.77
36.0197 30.2498 24.4797 22.0897 19.6998 17.3099 11.5399 11.54 11.54 11.54 8.15994 5.76916 5.76967 5.77 5.77 5.77 5.77 5.77 5.77 5.77 5.7629 11.54 5.75253 5.77 5.77 5.77 5.77 5.77 5.77 5.77 5.77 5.71468 11.4011 19.0623 70.2201 64.7092 62.2979 59.9388 54.5289 48.6842 46.3458 44.0085 41.644 39.2704 36.9142 34.5119 28.7402 22.9664 17.1852 11.4067 5.71235 5.76764 5.77 5.77 5.77 5.77 5.77 5.76695 8.15367 8.14013 5.75493 5.76789 5.77 5.77 5.77 5.77 5.77 5.77 5.77 5.77 5.77 5.77 5.77 5.77 5.76966 8.15856 11.9267 11.5351 5.7661 5.76956 5.77 5.77 5.77
33.6297 27.8596 22.0896 16.3195 13.9297 11.5398 11.54 11.54 11.54 11.54 11.54 8.15855 5.76866 5.77 5.77 5.77 5.77 5.77 5.77 5.77 5.76339 11.5387 5.74949 5.76511 5.77 5.77 5.77 5.77 5.77 5.77 5.77 5.7235 11.4419 16.8465 68.0074 62.3468 56.4173 54.0497 51.7408 46.323 40.4516 38.1255 35.8018 33.4479 31.0863 28.7515 28.8209 24.417 19.6164 13.8528 8.10538 5.76391 5.77 5.77 5.77 5.77 5.77 5.76956 5.76833 5.76775 5.76925 5.77 5.77 5.77 5.77 5.77 5.77 5.77 5.77 5.77 5.77 5.77 5.77 5.77 5.76985 5.76762 11.5378 13.9242 8.15069 5.7691 5.77 5.77 5.77
31.2396 25.4696 19.6995 13.9296 11.5398 11.54 11.54 11.54 11.54 11.54 11.54 11.5387 5.76657 5.76957 5.77 5.77 5.77 5.77 5.77 5.77 5.76469 11.5387 8.14653 5.76754 5.77 5.77 5.77 5.77 5.77 5.77 5.77 5.73604 11.4768 17.071 65.7467 60.0164 54.0942 48.1371 45.8131 43.5454 38.1187 32.2211 29.907 27.5992 25.2623 22.9227 23.0131 22.0337 16.2553 13.882 8.13053 5.76444 5.77 5.77 5.77 5.77 5.77 5.77 5.77 5.77 5.77 5.77 5.77 5.77 5.77 5.77 5.77 5.77 5.77 5.77 5.77 5.77 5.77 5.77 5.77 5.76785 11.5376 13.9282 8.15661 5.76887 5.77 5.77 5.77
28.8496 23.0796 17.3096 11.5397 11.54 11.54 11.54 11.54 11.54 11.54 11.54 11.5391 8.15617 5.76745 5.76962 5.77 5.77 5.77 5.77 5.77 5.76663 10.8305 5.76307 5.76871 5.77 5.77 5.77 5.77 5.77 5.77 5.77 5.74793 11.5015 17.1712 63.4291 57.6753 51.8029 45.8483 39.8632 37.5804 35.3498 29.9139 23.9902 21.6899 19.4017 17.0922 17.2005 17.2693 13.8712 8.09849 5.75283 5.76881 5.77 5.77 5.77 5.77 5.77 5.77 5.77 5.77 5.77 5.77 5.77 5.77 5.77 5.77 5.77 5.77 5.77 5.77 5.77 5.77 5.77 5.77 5.77 5.76775 11.5379 11.5372 5.76344 5.76947 5.77 5.77 5.77
31.2396 25.4697 19.6998 13.9298 11.5399 11.54 11.54 11.54 11.54 11.54 11.54 11.5396 11.5281 8.15768 5.76954 5.77 5.77 5.77 5.77 5.77 5.76824 8.15857 8.15874 5.76875 5.77 5.77 5.77 5.77 5.77 5.77 5.76909 5.75311 11.4827 19.5956 61.0856 55.3129 49.4863 43.5941 37.6052 31.5927 29.3489 27.1534 21.7075 15.7581 13.4725 11.2199 11.3822 11.4725 11.4981 5.74496 5.76795 5.77 5.77 5.77 5.77 5.77 5.77 5.77 5.77 5.77 5.76978 5.76887 5.7685 5.76926 5.76992 5.77 5.77 5.77 5.77 5.77 5.77 5.77 5.77 5.77 5.77 5.76719 11.5378 11.5271 5.76338 5.77 5.77 5.77 5.77
33.6298 27.8599 22.0899 16.3198 13.9299 11.5399 11.54 11.54 11.54 11.54 11.5399 11.5389 9.2203 5.76718 5.76964 5.77 5.77 5.77 5.77 5.77 5.76958 5.76595 11.5384 5.76569 5.76826 5.76946 5.77 5.77 5.77 5.77 5.7665 8.14675 13.8716 64.4596 58.7231 52.9358 47.1357 41.3005 35.3866 29.3638 23.324 21.1183 18.9796 13.4978 7.63208 5.44615 5.65655 5.71741 5.75153 5.76663 5.77 5.77 5.77 5.77 5.77 5.77 5.77 5.77 5.77 5.77 5.76966 8.1059 8.15308 6.1507 5.76646 5.76921 5.77 5.77 5.77 5.77 5.77 5.77 5.77 5.77 5.77 5.76695 11.5369 11.5295 5.7644 5.77 5.77 5.77 5.77
31.24 28.85 24.4799 22.0899 16.3199 11.5398 11.54 11.54 11.54 11.54 11.54 10.1444 6.8315 5.76941 5.77 5.77 5.77 5.77 5.77 5.77 5.77 5.76753 8.15764 8.15687 8.15524 5.76585 5.76951 5.77 5.77 5.77 5.76446 11.5305 16.2712 62.0774 56.3272 50.5491 44.7638 38.9605 33.1155 27.1798 21.1241 15.0582 12.9368 10.817 5.49648 5.74142 5.77 5.77 5.77 5.77 5.77 5.77 5.77 5.77 5.77 5.77 5.77 5.77 5.77 5.77 5.76973 5.76661 11.5363 11.9211 11.5324 5.76667 5.77 5.77 5.77 5.77 5.77 5.77 5.77 5.77 5.77 5.76655 11.5377 11.5321 5.76619 5.77 5.77 5.77 5.77
25.47 23.0799 24.4799 22.0899 17.3099 11.5398 11.54 11.54 11.54 11.54 11.4957 7.75496 5.76929 5.76993 5.77 5.77 5.77 5.77 5.77 5.77 5.77 5.76896 5.76188 11.5332 13.9253 8.15188 5.76746 5.77 5.77 5.77 5.76358 11.529 17.2681 59.7355 53.9798 48.2021 42.4222 36.6347 30.8273 24.9726 19.0164 12.9323 7.02806 5.35904 5.73164 5.77 5.77 5.77 5.77 5.77 5.77 5.77 5.77 5.77 5.77 5.77 5.77 5.77 5.77 5.77 5.77 5.76607 11.5341 17.3013 11.5249 5.76356 5.77 5.77 5.77 5.77 5.77 5.77 5.77 5.77 5.77 5.76717 11.5385 8.15067 5.76823 5.77 5.77 5.77 5.77
19.6999 17.3099 19.6999 16.3198 13.9298 11.5399 11.5197 8.1599 5.76992 8.15997 8.15998 5.76976 5.76996 5.77 5.77 5.77 5.77 5.77 5.77 5.77 5.77 5.76629 8.14686 13.9204 16.3149 11.5286 5.76136 5.76942 5.77 5.77 5.7623 11.5264 17.2655 57.4863 51.7343 45.955 40.1748 34.3927 28.6034 22.7942 16.9354 10.9719 5.29531 5.73436 5.77 5.77 5.77 5.77 5.77 5.77 5.77 5.77 5.77 5.77 5.77 5.77 5.77 5.77 5.77 5.77 5.77 5.76527 11.5315 17.2994 11.5173 5.76152 5.77 5.77 5.77 5.77 5.77 5.77 5.77 5.77 5.77 5.76692 11.5337 5.76509 5.76963 5.77 5.77 5.77 5.77
13.9299 11.5398 13.9299 13.9297 8.15979 5.7698 5.78975 5.76993 5.76999 5.76999 5.76998 5.77 5.77 5.77 5.77 5.77 5.77 5.77 5.77 5.77 5.7688 5.75471 11.5232 16.3121 17.3042 13.9186 8.14744 5.76695 5.77 5.77 5.76084 11.5237 17.2707 35.965 51.8659 46.087 40.3079 34.5291 28.7494 22.966 17.1717 11.3481 5.6331 5.75147 5.76811 5.76952 5.77 5.77 5.77 5.77 5.77 5.77 5.76991 5.76918 5.76752 5.76749 5.76916 5.77 5.77 5.77 5.77 5.76438 11.53 17.2979 11.514 5.75996 5.77 5.77 5.77 5.77 5.77 5.77 5.77 5.77 5.76971 5.76728 11.5343 5.76666 5.77 5.77 5.77 5.77 5.77
8.15982 5.76983 8.15989 8.15982 5.76985 5.76998 5.77 5.76995 5.7697 8.1599 5.76988 5.77 5.77 5.77 5.77 5.77 5.77 5.77 5.77 5.77 5.76366 8.13209 13.9093 17.297 17.308 16.3117 11.5276 5.76066 5.76982 5.77 5.75915 11.5213 17.2805 30.1996 54.2487 48.4812 42.7061 36.9308 31.1558 25.3803 19.6034 13.8255 8.10531 9.53377 8.15825 5.7696 5.77 5.77 5.77 5.77 5.77 5.77 5.76849 6.15363 8.15101 8.14612 5.7631 5.77 5.77 5.77 5.77 5.76318 11.5284 17.2965 11.5109 5.75884 5.77 5.77 5.77 5.77 5.77 5.77 5.76994 5.76953 5.76814 8.15877 8.15393 5.76806 5.77 5.77 5.77 5.77 5.77
5.76989 5.76999 5.76997 5.76994 5.76995 5.77 5.76992 5.76941 8.15913 11.5392 5.76894 5.76973 5.76994 5.77 5.77 5.77 5.77 5.77 5.77 5.76929 5.75477 11.5098 16.2885 17.3009 17.3097 17.3059 11.9778 6.20926 5.76622 5.76599 5.75463 11.5188 17.2841 27.8185 54.2601 48.5031 42.7268 36.9519 31.1764 25.4011 19.6257 13.8608 8.1122 5.75334 5.76809 5.76973 5.77 5.77 5.77 5.77 5.77 5.77 5.76546 11.5319 14.3116 11.5186 5.75191 5.7682 5.77 5.77 5.7693 5.75948 11.5265 17.2943 11.5077 5.75739 5.77 5.77 5.77 5.77 5.77 5.77 5.76894 6.15772 8.15798 11.535 5.76696 5.76949 5.77 5.77 5.77 5.77 5.77
5.76997 5.77 5.77 5.77 5.77 5.76991 5.76933 8.15873 13.9292 13.9292 8.15842 8.15896 5.7694 5.7699 5.77 5.77 5.77 5.77 5.7698 5.76509 8.14476 13.9091 23.0657 17.2882 17.31 17.3072 14.369 8.59355 6.20719 8.60448 8.14329 13.914 19.6834 27.8356 30.1986 46.0906 40.3352 34.5546 28.7753 22.9959 17.2169 11.4379 5.72375 5.7677 5.77 5.77 5.77 5.77 5.77 5.77 5.77 5.77 5.76315 11.5271 16.3143 13.9156 8.13714 5.75519 5.76374 5.76558 5.75687 8.14651 13.9199 17.2918 11.5061 5.75323 5.76875 5.77 5.77 5.77 5.77 5.77 5.76839 11.5327 11.5354 8.15051 5.7679 5.77 5.77 5.77 5.77 5.77 5.77
5.76999 5.77 5.77 5.77 5.76993 5.76931 8.15852 13.9287 16.319 16.3188 14.317 13.9291 8.15874 5.76935 5.76989 5.76999 5.77 5.76987 5.76831 8.15562 13.9223 16.3076 23.0673 17.285 17.31 17.3089 16.7654 14.3717 14.7671 14.3788 14.7699 16.3134 19.6883 22.0712 23.0422 25.4065 40.3233 34.565 28.7788 22.9981 17.2175 11.4375 5.73139 5.77 5.77 5.77 5.77 5.77 5.77 5.77 5.77 5.77 5.76562 8.14052 13.9151 16.3145 13.9124 8.13155 8.13788 6.12833 8.13284 13.5274 16.317 17.2865 13.9079 8.13809 5.76654 5.77 5.77 5.77 5.77 5.77 5.7688 5.7667 5.76674 5.76768 5.76686 5.77 5.77 5.77 5.77 5.77 5.77
5.76994 5.77 5.77 5.77 5.7696 8.15863 13.9286 16.3184 22.0889 22.0887 22.0892 16.3186 13.9289 8.15881 6.15966 5.76999 5.76989 5.76881 8.1573 13.9259 16.3127 28.8361 23.0634 17.2871 17.31 17.3098 17.3087 17.3086 16.3179 13.927 11.5349 11.5307 13.9145 16.2985 17.2786 19.6549 22.0282 34.5564 28.7896 23.0026 17.2209 11.439 5.7319 5.77 5.77 5.77 5.77 5.77 5.77 5.77 5.77 5.77 5.76895 5.75382 11.5186 19.694 16.3069 16.2958 13.8906 14.2812 14.2941 16.2807 13.8806 11.5026 11.5194 8.143 5.76641 5.77 5.77 5.77 5.77 5.77 5.77 5.77 5.77 5.77 5.77 5.77 5.77 5.77 5.77 5.77 5.77
5.76891 5.76977 5.76974 5.76928 5.76734 11.5379 16.3183 22.0887 24.4787 30.2495 24.4789 22.089 16.3186 11.5382 5.76791 5.76831 5.7683 8.15769 13.9264 16.313 34.6103 28.841 23.0665 17.2895 17.31 17.31 17.31 17.3078 13.9239 11.5132 11.5171 11.517 11.512 11.5288 11.5179 13.9006 16.2725 22.0383 28.7811 23.0109 17.2205 11.4348 5.72964 5.77 5.77 5.77 5.77 5.77 5.77 5.77 5.77 5.77 5.77 5.76044 11.5234 16.3076 22.081 22.0668 22.4473 22.4551 19.6139 13.8438 8.06499 5.73623 5.7597 5.76461 5.76851 5.77 5.77 5.77 5.77 5.77 5.77 5.77 5.77 5.77 5.77 5.77 5.77 5.77 5.77 5.77 5.77
