tests/full-run-ref/erosion_87_12_73.418.asc
ncols 512
nrows 512
xllcorner -3.24582
yllcorner -4.08743
cellsize 5
NODATA_value -99999
[rows 150 to 179 of 512, columns 0 to 66 of 512]
11.54 5.77014 5.77022 5.77011 5.76978 5.76996 5.76986 5.76984 5.7699 5.77008 5.76992 5.77 5.76999 5.77 5.76984 5.76995 5.77 5.77014 5.77007 5.77011 5.76979 5.77015 5.76992 5.77 5.77 5.77 5.77 5.77 5.76996 5.76999 5.76999 5.76989 5.76999 5.77021 5.77008 5.76999 5.7696 5.77003 5.76996 5.76991 5.76997 5.76992 5.76999 5.77005 5.77023 5.77024 5.77022 5.76989 5.76998 5.77022 5.77024 5.7702 5.76989 5.76997 5.76994 5.76991 5.76991 5.76999 5.76993 5.77021 5.77 5.77021 5.77016 5.76987 5.77004 5.76987 5.76997
11.54 5.77014 5.77022 5.77005 5.76993 5.76992 5.76993 5.77 5.76986 5.76986 5.76993 5.76992 5.77014 5.76974 5.76999 5.76997 5.76986 5.76996 5.7699 5.76984 5.76995 5.77017 5.76995 5.76991 5.76987 5.7698 5.76974 5.76985 5.76995 5.77006 5.76992 5.76999 5.77021 5.77014 5.76999 5.76955 5.77022 5.76963 5.76991 5.76993 5.77008 5.76997 5.76999 5.7702 5.77024 5.77024 5.77021 5.76985 5.77003 5.77021 5.77024 5.77019 5.76982 5.77 5.76993 5.77009 5.77 5.77009 5.7702 5.76999 5.77021 5.77022 5.7702 5.76988 5.76999 5.76968 5.77019
11.54 5.77014 5.77022 5.77 5.76994 5.77008 5.76989 5.77 5.77 5.77 5.77 5.7699 5.76986 5.77007 5.76993 5.76991 5.77018 5.7702 5.77018 5.77021 5.77016 5.77018 5.77 5.76988 5.77006 5.76977 5.77015 5.76971 5.76994 5.76991 5.76996 5.7702 5.77 5.76999 5.76984 5.77013 5.76967 5.76982 5.77008 5.76991 5.76995 5.76993 5.77009 5.77023 5.77024 5.77023 5.77011 5.76987 5.76999 5.77022 5.77024 5.77021 5.7698 5.77003 5.76992 5.76988 5.76993 5.77 5.77021 5.77022 5.77022 5.77022 5.77019 5.76995 5.77001 5.76989 5.7697
11.54 5.77014 5.77022 5.76999 5.76991 5.7699 5.76988 5.76992 5.76989 5.76976 5.76977 5.7698 5.76986 5.76994 5.76994 5.76993 5.76999 5.77 5.76978 5.76969 5.7698 5.76999 5.76991 5.76986 5.76989 5.76976 5.76983 5.76976 5.77002 5.76995 5.76998 5.76997 5.76965 5.76989 5.77 5.76999 5.76995 5.76993 5.76986 5.76991 5.76992 5.76999 5.77021 5.77024 5.77024 5.77019 5.76999 5.76996 5.77 5.77022 5.77024 5.7702 5.76983 5.76999 5.76998 5.76998 5.76997 5.76993 5.77018 5.77 5.7702 5.77022 5.7702 5.76994 5.77001 5.76989 5.76991
11.54 5.77014 5.77022 5.77022 5.76991 5.76996 5.76994 5.76969 5.77013 5.77018 5.77021 5.77021 5.77021 5.77021 5.77021 5.77021 5.77019 5.77012 5.76992 5.77002 5.76994 5.77009 5.77019 5.77 5.77 5.77 5.76984 5.76971 5.76975 5.76993 5.77005 5.76988 5.77 5.76953 5.77007 5.76999 5.76999 5.76992 5.76985 5.77 5.76973 5.77012 5.77023 5.77024 5.77023 5.77 5.76999 5.77 5.76999 5.77021 5.77024 5.77019 5.76993 5.76997 5.7698 5.7699 5.77004 5.76997 5.76997 5.77019 5.77018 5.77022 5.77018 5.76996 5.77 5.76991 5.77017
11.54 5.77014 5.77022 5.77022 5.76995 5.76998 5.77017 5.76982 5.77023 5.76997 5.76998 5.76994 5.76998 5.7699 5.7699 5.76968 5.76967 5.76981 5.76998 5.76995 5.7699 5.76996 5.76994 5.76996 5.76989 5.76993 5.76982 5.77018 5.76996 5.76993 5.76994 5.76949 5.7697 5.76999 5.77021 5.77023 5.77023 5.7702 5.76983 5.76989 5.76961 5.77021 5.77024 5.77024 5.77021 5.76997 5.76999 5.77 5.76999 5.77022 5.77024 5.7702 5.76999 5.76995 5.7702 5.76987 5.76996 5.76997 5.76987 5.76968 5.77019 5.77022 5.77022 5.77001 5.7699 5.76998 5.76981
11.54 5.77014 5.77022 5.77022 5.77 5.77022 5.76997 5.7702 5.7702 5.76999 5.77009 5.77021 5.77013 5.76999 5.76999 5.76988 5.76987 5.76989 5.76999 5.77008 5.76998 5.77022 5.76992 5.77008 5.76998 5.77007 5.76992 5.76998 5.76999 5.77 5.77017 5.77018 5.77 5.76998 5.77007 5.77 5.76992 5.76995 5.77 5.76999 5.77016 5.77024 5.77024 5.77019 5.77001 5.77023 5.76998 5.76997 5.76999 5.7702 5.77024 5.77017 5.76999 5.76994 5.76974 5.7698 5.76998 5.76999 5.77001 5.76979 5.7701 5.7702 5.77022 5.77021 5.77007 5.76991 5.76995
11.54 5.77014 5.77022 5.77022 5.7702 5.76996 5.77 5.77 5.76998 5.76989 5.76992 5.76982 5.76996 5.76998 5.77007 5.76994 5.77012 5.76986 5.76997 5.7698 5.76966 5.76962 5.76985 5.7699 5.76993 5.76991 5.76987 5.76992 5.76982 5.76956 5.76996 5.76976 5.76995 5.77 5.76998 5.76994 5.76994 5.76998 5.77007 5.77021 5.77024 5.77024 5.77023 5.7702 5.76998 5.77023 5.77008 5.76989 5.76999 5.77017 5.77024 5.7701 5.76998 5.76993 5.76998 5.77003 5.76995 5.77 5.76999 5.76994 5.76999 5.77 5.77015 5.77021 5.7702 5.76999 5.76999
11.54 5.77014 5.77022 5.77021 5.76996 5.77015 5.76996 5.77013 5.76991 5.76992 5.76987 5.76985 5.76992 5.76974 5.76998 5.76986 5.76978 5.76973 5.77023 5.76953 5.77 5.7698 5.77008 5.7698 5.77019 5.77 5.77019 5.76993 5.77004 5.77017 5.77021 5.7702 5.77008 5.76999 5.76999 5.77009 5.77016 5.77022 5.77024 5.77024 5.77019 5.77023 5.77022 5.76998 5.77023 5.77024 5.77017 5.76982 5.76999 5.7701 5.77024 5.77021 5.77023 5.77002 5.76998 5.76995 5.76993 5.76977 5.76993 5.76984 5.7699 5.76995 5.76993 5.76991 5.77021 5.77017 5.77005
11.54 5.77014 5.77022 5.76998 5.77021 5.77011 5.77023 5.77013 5.76992 5.76986 5.77009 5.76987 5.77004 5.76964 5.77023 5.76965 5.77 5.76975 5.76999 5.76972 5.76973 5.76946 5.76962 5.76978 5.76999 5.76996 5.77002 5.7699 5.76989 5.76987 5.76992 5.77 5.76996 5.77008 5.77022 5.77024 5.77024 5.77024 5.77023 5.77022 5.77 5.77024 5.77021 5.76999 5.77023 5.77023 5.76982 5.7702 5.77 5.76999 5.77023 5.77024 5.77021 5.76999 5.76998 5.76987 5.77005 5.76976 5.77019 5.76987 5.77009 5.76991 5.77002 5.76991 5.77013 5.77022 5.77019
11.5275 5.77015 5.77 5.7702 5.77021 5.77017 5.76999 5.76996 5.76997 5.76994 5.76981 5.76976 5.76986 5.76961 5.76999 5.76972 5.77 5.77 5.76999 5.77 5.76999 5.7702 5.77015 5.77017 5.76999 5.77017 5.76991 5.76998 5.76995 5.76993 5.76997 5.7702 5.77021 5.77014 5.77018 5.77022 5.77022 5.77016 5.7702 5.77 5.77023 5.77024 5.77021 5.76991 5.77023 5.77022 5.76971 5.76991 5.7699 5.76997 5.77018 5.77024 5.77023 5.77023 5.77016 5.76981 5.76981 5.76998 5.76994 5.76983 5.76985 5.76989 5.76998 5.76993 5.77018 5.77021 5.77022
8.16001 5.77 5.77022 5.77022 5.77021 5.7702 5.77017 5.77017 5.76999 5.77002 5.76997 5.77 5.77 5.76999 5.77 5.77 5.77 5.76986 5.77 5.77022 5.77012 5.76996 5.76988 5.76994 5.76995 5.76989 5.76989 5.76993 5.77007 5.76995 5.77016 5.7698 5.7697 5.76978 5.76998 5.77013 5.76998 5.77002 5.76987 5.77022 5.77024 5.77023 5.77019 5.76973 5.77023 5.77021 5.76966 5.77009 5.76993 5.76996 5.77001 5.77024 5.77024 5.77023 5.77004 5.76995 5.77018 5.76986 5.77008 5.76994 5.77 5.77 5.77 5.77 5.77013 5.77 5.77015
5.77 5.7702 5.77021 5.7702 5.77003 5.76997 5.7699 5.76987 5.76998 5.76999 5.76998 5.77 5.76999 5.77 5.77 5.77 5.76999 5.76982 5.77015 5.77 5.76992 5.76999 5.76994 5.77005 5.76999 5.76985 5.77013 5.76984 5.7699 5.76983 5.76987 5.76987 5.77 5.76989 5.76998 5.7701 5.76998 5.76977 5.77022 5.77023 5.77024 5.77022 5.76975 5.77012 5.77023 5.77021 5.7697 5.76987 5.7699 5.76988 5.77009 5.77023 5.77024 5.77022 5.76999 5.76988 5.76992 5.76986 5.76994 5.76998 5.77 5.77 5.76992 5.76998 5.76997 5.76997 5.76999
8.16001 6.16017 5.77019 5.77021 5.77018 5.76998 5.76997 5.76999 5.77001 5.76999 5.76996 5.77 5.77 5.77 5.76985 5.77 5.76993 5.76995 5.76997 5.7702 5.76992 5.77 5.77019 5.76995 5.77 5.76987 5.7698 5.76981 5.77 5.76995 5.77004 5.76996 5.76988 5.76975 5.77021 5.77021 5.76988 5.77019 5.77024 5.77023 5.77021 5.77023 5.76997 5.77015 5.76999 5.76988 5.77 5.77 5.77 5.76985 5.76999 5.77023 5.77024 5.77022 5.76999 5.7699 5.77009 5.76989 5.76998 5.76998 5.7698 5.77 5.7699 5.77007 5.76998 5.77 5.77
13.93 11.5401 5.77016 5.77022 5.77021 5.7702 5.77021 5.77016 5.77 5.77018 5.76999 5.76996 5.76999 5.76997 5.76998 5.77015 5.76996 5.77021 5.76997 5.77 5.76994 5.76999 5.76997 5.77 5.76989 5.77 5.77 5.76989 5.7698 5.76993 5.76996 5.76989 5.76999 5.77022 5.77013 5.76959 5.77015 5.77022 5.77023 5.76999 5.76998 5.76984 5.77023 5.77017 5.76999 5.77019 5.76986 5.76993 5.76988 5.76983 5.77011 5.77023 5.77024 5.77022 5.77002 5.76989 5.76994 5.76989 5.76982 5.7702 5.76976 5.77 5.7699 5.76992 5.76995 5.76999 5.76995
17.31 11.5401 5.77014 5.77022 5.77021 5.7701 5.76987 5.76993 5.76999 5.76989 5.77017 5.7702 5.77021 5.77021 5.77018 5.76999 5.76997 5.76996 5.7699 5.77015 5.76997 5.76996 5.76996 5.76993 5.77021 5.76996 5.77 5.76985 5.77008 5.76987 5.76999 5.77 5.77022 5.76999 5.76965 5.77 5.77005 5.77024 5.77023 5.77008 5.77021 5.77 5.77022 5.76999 5.77012 5.76987 5.76991 5.76982 5.77007 5.76982 5.77005 5.77023 5.77024 5.77022 5.76999 5.76989 5.77014 5.76993 5.76994 5.76996 5.76983 5.77 5.76998 5.76999 5.77011 5.76996 5.76996
17.31 11.5401 5.77014 5.7702 5.77016 5.76988 5.76999 5.76987 5.76993 5.76999 5.77008 5.76976 5.76971 5.76974 5.76993 5.76998 5.7702 5.76984 5.77 5.77017 5.76999 5.77016 5.76999 5.76999 5.76997 5.76994 5.76987 5.76986 5.76999 5.76991 5.76998 5.77022 5.76997 5.76981 5.77 5.76997 5.7702 5.77023 5.77022 5.7702 5.77023 5.76967 5.76994 5.76999 5.76998 5.76994 5.77 5.76979 5.77 5.76989 5.77008 5.77023 5.77024 5.77022 5.76999 5.76987 5.7697 5.76986 5.76994 5.77007 5.76991 5.77 5.76989 5.77004 5.77019 5.76998 5.77021
17.3084 11.5385 5.77014 5.77014 5.77021 5.76992 5.76992 5.77016 5.76994 5.77019 5.76994 5.76995 5.77006 5.76997 5.77002 5.76996 5.76996 5.76995 5.77 5.76998 5.76977 5.76973 5.76984 5.77 5.77 5.76983 5.77016 5.7699 5.77009 5.76999 5.7701 5.77 5.76977 5.77004 5.77 5.77 5.77023 5.7702 5.76998 5.77 5.77017 5.76989 5.77017 5.76988 5.76999 5.76983 5.76989 5.76984 5.77008 5.76987 5.77 5.77023 5.77024 5.77022 5.76999 5.77 5.77 5.77 5.76997 5.76997 5.76989 5.76994 5.76992 5.77016 5.77021 5.77014 5.77019
17.2444 11.4745 5.77014 5.77017 5.77015 5.76998 5.7702 5.76999 5.77009 5.76968 5.76987 5.76996 5.76985 5.76988 5.76995 5.76997 5.76993 5.76999 5.77 5.77 5.76999 5.7699 5.76974 5.76982 5.76992 5.76999 5.76983 5.76984 5.76988 5.76988 5.76995 5.76946 5.77021 5.76999 5.76995 5.77017 5.77023 5.77013 5.76999 5.7702 5.77023 5.76997 5.77023 5.76933 5.77001 5.76979 5.77015 5.76993 5.76994 5.76997 5.76986 5.77022 5.77024 5.77021 5.76999 5.77 5.77 5.76985 5.76999 5.76989 5.77015 5.76996 5.76999 5.77003 5.77021 5.77016 5.76998
17.31 11.5401 5.77014 5.77018 5.77006 5.76997 5.76995 5.76992 5.77016 5.76999 5.76999 5.77002 5.76977 5.77021 5.76995 5.76995 5.77017 5.76998 5.77 5.77 5.77 5.7698 5.77009 5.76982 5.77021 5.76992 5.76984 5.76973 5.76991 5.77 5.76955 5.7701 5.76997 5.77 5.77 5.77023 5.77022 5.76989 5.76995 5.7702 5.77017 5.769 5.77024 5.76926 5.77 5.76996 5.76982 5.76986 5.76994 5.77 5.76984 5.77021 5.77024 5.7702 5.77 5.76989 5.76989 5.7699 5.77011 5.76992 5.7698 5.76986 5.76998 5.76967 5.7702 5.77022 5.77021
17.31 11.5401 5.77014 5.77017 5.7702 5.77013 5.7701 5.76998 5.76989 5.76998 5.76998 5.76997 5.76976 5.77 5.76996 5.77 5.76997 5.76998 5.77 5.77 5.76967 5.76979 5.76979 5.7699 5.76998 5.76981 5.76976 5.77017 5.76982 5.76994 5.76988 5.77013 5.76984 5.7698 5.77019 5.77021 5.77003 5.77 5.7699 5.77002 5.76993 5.76989 5.77024 5.76985 5.77001 5.77 5.7699 5.77006 5.76989 5.76995 5.76988 5.77023 5.77024 5.77022 5.76997 5.76993 5.7702 5.76986 5.76998 5.76984 5.77 5.77 5.77 5.76945 5.77018 5.77021 5.77018
17.31 11.5401 5.77014 5.77015 5.77 5.76996 5.76988 5.76998 5.77 5.76999 5.77 5.77 5.7699 5.76997 5.76997 5.77 5.77 5.77 5.77 5.77 5.76962 5.7702 5.76999 5.77022 5.76978 5.76988 5.76998 5.76969 5.76991 5.77 5.77008 5.76984 5.76999 5.76967 5.77023 5.76999 5.76991 5.76999 5.76994 5.77023 5.76991 5.76984 5.77024 5.76987 5.76999 5.77 5.76994 5.76994 5.76994 5.76999 5.77013 5.77024 5.77021 5.77022 5.76995 5.76994 5.76996 5.76987 5.7701 5.76985 5.77 5.76999 5.77001 5.76942 5.77018 5.76999 5.76999
17.2445 11.4746 5.77015 5.77004 5.77021 5.77004 5.77 5.76979 5.77014 5.76976 5.77 5.77 5.76985 5.77008 5.76994 5.76995 5.76989 5.76981 5.77 5.77 5.76987 5.76999 5.76988 5.76987 5.76985 5.77021 5.76974 5.77 5.77 5.76999 5.76996 5.76995 5.7698 5.7701 5.77021 5.77005 5.76995 5.77 5.76997 5.77024 5.76997 5.76973 5.77023 5.76987 5.76998 5.76996 5.76997 5.77003 5.76997 5.76999 5.77023 5.77022 5.7701 5.76999 5.77006 5.76998 5.76992 5.7699 5.76985 5.76995 5.76991 5.76983 5.76992 5.76953 5.7702 5.76997 5.77
17.31 11.5401 5.77014 5.77023 5.77018 5.76998 5.76998 5.76995 5.77023 5.76943 5.76987 5.76989 5.76981 5.76996 5.76982 5.76977 5.77019 5.76989 5.76989 5.76996 5.76974 5.77018 5.76987 5.77 5.76985 5.76987 5.76982 5.77 5.77 5.76991 5.76987 5.76992 5.76998 5.77023 5.76998 5.76975 5.76967 5.77013 5.76996 5.77023 5.76998 5.76974 5.77022 5.76988 5.76998 5.77016 5.76997 5.76992 5.7699 5.77019 5.77024 5.76999 5.76998 5.77006 5.77022 5.77019 5.76979 5.76995 5.76992 5.76995 5.77016 5.76991 5.77006 5.76975 5.7702 5.76954 5.76993
17.31 11.5401 5.77014 5.77022 5.77 5.76999 5.77 5.76996 5.77022 5.76947 5.77007 5.76985 5.76994 5.77023 5.76997 5.76982 5.76998 5.77 5.77019 5.76973 5.76997 5.76997 5.76998 5.76988 5.76994 5.77007 5.76991 5.7699 5.76995 5.76999 5.77016 5.76999 5.77016 5.7701 5.77 5.76995 5.76998 5.77021 5.76994 5.77023 5.76998 5.76989 5.77017 5.76972 5.76993 5.76993 5.76999 5.77017 5.77021 5.77023 5.7702 5.76999 5.76998 5.77019 5.77022 5.77015 5.76971 5.76989 5.77013 5.76997 5.76997 5.76988 5.76995 5.76978 5.77021 5.76961 5.76984
17.31 11.5401 5.77014 5.77021 5.76999 5.77 5.76995 5.76998 5.77015 5.76971 5.76984 5.76986 5.76975 5.76978 5.76974 5.76986 5.77018 5.76997 5.76992 5.76996 5.76999 5.77 5.76995 5.77016 5.76983 5.76994 5.76983 5.77014 5.76974 5.76981 5.76977 5.76997 5.77021 5.76974 5.7699 5.76984 5.77011 5.76992 5.77 5.77017 5.77 5.76986 5.77002 5.7699 5.77001 5.76998 5.77004 5.76993 5.76999 5.77014 5.77 5.77023 5.76997 5.77014 5.77022 5.77006 5.76977 5.76998 5.76985 5.76998 5.76981 5.76996 5.76997 5.76999 5.77019 5.76992 5.76987
17.31 11.5401 5.77014 5.77019 5.77 5.76992 5.77004 5.76998 5.77 5.76999 5.76976 5.77 5.76992 5.77003 5.76996 5.76991 5.76978 5.7698 5.76988 5.77019 5.76974 5.76998 5.76989 5.7699 5.76999 5.77 5.76988 5.76983 5.76979 5.77 5.76995 5.76997 5.77021 5.76973 5.77 5.76993 5.77001 5.76998 5.4697 5.71083 5.56007 5.76997 5.76968 5.76981 5.76974 5.76979 5.76989 5.76997 5.76991 5.76997 5.77023 5.77023 5.76992 5.7701 5.77021 5.77019 5.76994 5.76989 5.76989 5.76995 5.77019 5.76974 5.76998 5.77015 5.77 5.76998 5.76992
17.31 11.54 5.77014 5.77019 5.76997 5.76994 5.77018 5.76996 5.76987 5.77022 5.76972 5.77 5.76978 5.76963 5.76981 5.77007 5.76992 5.77002 5.7699 5.76979 5.76981 5.77002 5.76996 5.76995 5.76998 5.76993 5.77 5.76995 5.76972 5.76978 5.7697 5.77005 5.76999 5.7699 5.77 5.77 5.76994 5.77022 5.65019 6.7538 5.52185 5.76993 5.77017 5.77022 5.77022 5.77023 5.77023 5.76914 5.77 5.77023 5.77024 5.77021 5.76993 5.76999 5.77001 5.7702 5.77 5.76997 5.77016 5.76992 5.76985 5.76978 5.76998 5.77021 5.76964 5.76997 5.76984
17.31 11.54 5.77014 5.77018 5.77007 5.76999 5.77022 5.76998 5.76997 5.76974 5.76998 5.76998 5.76993 5.77021 5.76987 5.76992 5.76995 5.76999 5.76983 5.76992 5.76988 5.76996 5.76995 5.7699 5.77015 5.76981 5.77 5.76984 5.77017 5.76999 5.77008 5.77019 5.76996 5.76986 5.76996 5.59114 5.65707 5.64532 5.50933 5.46069 5.75937 5.76998 5.76962 5.76976 5.76947 5.76987 5.77 5.77023 5.77024 5.77022 5.77019 5.76987 5.76996 5.77 5.76998 5.77019 5.76999 5.76992 5.76995 5.76987 5.77009 5.76991 5.76999 5.77021 5.76954 5.77003 5.76981
17.31 11.54 5.77013 5.77016 5.76997 5.76992 5.77022 5.76998 5.77 5.77 5.76998 5.77002 5.76983 5.76997 5.76995 5.77 5.76964 5.76944 5.76997 5.77015 5.76991 5.77005 5.76998 5.77 5.76989 5.76995 5.77 5.76999 5.76996 5.76998 5.77017 5.76997 5.7699 5.77017 5.76989 5.67607 6.30762 5.56743 5.77017 5.76988 5.77 5.76997 5.76999 5.76999 5.7702 5.77023 5.77023 5.76904 5.76984 5.76998 5.76995 5.76996 5.76998 5.2005 5.59324 5.68078 5.58127 5.3473 5.76999 5.7699 5.76986 5.76994 5.76978 5.77022 5.7696 5.76996 5.76979
