tests/full-run-ref/erosion_2010_78_20_-12.873.asc
ncols 512
nrows 512
xllcorner -3.24582
yllcorner -4.08743
cellsize 5
NODATA_value -99999
[rows 108 to 143 of 512, columns 0 to 82 of 512]
69.24 63.47 57.7 51.9299 46.1599 40.3899 34.6198 28.8498 23.0799 22.48 22.48 22.48 22.48 22.48 22.48 22.48 22.48 22.48 27.86 28.85 23.0799 17.3098 11.5395 5.76946 5.77 5.77 5.77 5.77 5.77 5.77 5.77 5.77 5.77 5.77 5.77 5.77 5.77 5.77 5.77 5.77 5.77 5.77 5.77 5.77 5.77 5.77 5.77 5.77 5.77 5.77 5.77 5.77 5.77 5.77 5.77 5.77 5.77 5.77 5.77 5.77 5.77 5.77 5.77 5.77 5.77 5.77 5.77 5.77 5.77 5.77 5.77 5.77 5.77 5.77 5.76999 5.76998 5.76995 5.76991 6.15986 8.15975 11.9297 14.3196 13.9287
69.24 63.47 57.7 51.9299 46.1599 40.3898 34.6198 28.8498 23.0799 22.48 22.48 22.48 22.48 22.48 22.48 22.48 22.48 22.48 22.48 28.85 23.0798 17.3097 11.5394 5.76924 5.77 5.77 5.77 5.77 5.77 5.77 5.77 5.77 5.77 5.77 5.77 5.77 5.77 5.77 5.77 5.77 5.77 5.77 5.77 5.77 5.77 5.77 5.77 5.77 5.77 5.77 5.77 5.77 5.77 5.77 5.77 5.77 5.77 5.77 5.77 5.77 5.77 5.77 5.77 5.77 5.77 5.77 5.77 5.77 5.76998 5.76994 5.76992 5.76994 5.77 5.77 5.76997 8.15996 13.93 8.15986 11.9298 13.9298 16.3197 20.0897 22.4796
69.24 63.47 57.7 51.9299 46.1599 40.3898 34.6198 28.8498 23.0799 22.48 22.48 22.48 22.48 22.48 22.48 22.48 22.48 22.48 22.48 28.85 23.0798 17.3096 11.5392 5.76894 5.77 5.77 5.77 5.77 5.77 5.77 5.77 5.77 5.77 5.77 5.77 5.77 5.77 5.77 5.77 5.77 5.77 5.77 5.77 5.77 5.77 5.77 5.77 5.77 5.77 5.77 5.77 5.77 5.77 5.77 5.77 5.77 5.77 5.77 5.77 5.77 5.77 5.77 5.77 5.77 5.77 5.77 5.77 5.76998 5.76993 8.15996 8.15993 5.76993 5.77 5.77 5.76996 11.54 16.32 19.7 16.32 19.7 22.0899 24.4799 28.2498
68.25 62.48 56.71 50.94 45.1699 39.3998 33.6297 27.8597 22.4798 22.48 22.48 22.48 22.48 22.48 22.48 22.48 22.48 22.48 22.48 27.86 23.0799 17.3097 11.5389 5.76856 5.77 5.77 5.77 5.77 5.77 5.77 5.77 5.77 5.77 5.77 5.77 5.77 5.77 5.77 5.77 5.77 5.77 5.77 5.77 5.77 5.77 5.77 5.77 5.77 5.77 5.77 5.77 5.77 5.77 5.77 5.77 5.77 5.77 5.77 5.77 5.77 5.77 5.77 5.77 5.77 5.77 5.77 5.76999 5.76995 8.15998 8.15996 5.76987 5.76994 5.77 5.77 5.76996 11.54 16.32 13.9299 11.5399 13.9298 16.3197 22.0897 27.8596
65.86 60.09 54.32 48.55 42.7799 37.0097 31.2396 25.4695 22.4799 22.48 22.48 22.48 22.48 22.48 22.48 22.48 22.48 22.48 22.48 22.48 23.0799 17.3096 11.539 5.76799 5.77 5.77 5.77 5.77 5.77 5.77 5.77 5.77 5.77 5.77 5.77 5.77 5.77 5.77 5.77 5.77 5.77 5.77 5.77 5.77 5.77 5.77 5.77 5.77 5.77 5.77 5.77 5.77 5.77 5.77 5.77 5.77 5.77 5.77 5.77 5.77 5.77 5.77 5.77 5.77 5.77 5.76999 5.76995 8.15999 8.15998 5.76991 5.76995 5.77 5.77 5.77 5.76998 8.15995 13.93 8.15993 5.7698 8.15966 13.9296 19.6997 25.4694
68.25 62.48 56.71 50.94 45.1699 39.3997 33.6295 27.8595 22.4798 22.48 22.48 22.48 22.48 22.48 22.48 22.48 22.48 22.48 22.48 22.48 23.0779 17.3073 11.5363 5.7667 5.76706 5.76765 5.76867 5.77 5.77 5.77 5.77 5.77 5.77 5.77 5.77 5.77 5.77 5.77 5.77 5.77 5.77 5.77 5.77 5.77 5.77 5.77 5.77 5.77 5.77 5.77 5.77 5.77 5.77 5.77 5.77 5.77 5.77 5.77 5.77 5.77 5.77 5.77 5.77 5.77 5.76999 5.76996 8.15999 8.15999 5.76993 5.76995 5.77 5.77 5.77 5.77 5.76999 5.76997 8.16 5.76997 5.76998 5.76968 11.5396 17.3096 23.0793
70.64 64.87 59.1 53.33 47.5599 41.7898 42.1791 25.4692 22.4799 22.48 22.48 22.48 22.48 22.48 22.48 22.48 22.48 22.48 22.48 22.48 25.4665 19.6958 13.9241 8.15179 11.922 8.15066 5.76727 5.77 5.77 5.77 5.77 5.77 5.77 5.77 5.77 5.77 5.77 5.77 5.77 5.77 5.77 5.77 5.77 5.77 5.77 5.77 5.77 5.77 5.77 5.77 5.77 5.77 5.77 5.77 5.77 5.77 5.77 5.77 5.77 5.77 5.77 5.77 5.77 5.76999 5.76996 8.15999 8.15999 5.76995 5.76996 5.77 5.77 5.77 5.77 5.77 5.77 5.77 5.76999 5.77 5.76992 8.15977 13.9297 19.6998 25.4696
73.03 67.26 61.49 55.72 49.9499 47.5595 41.789 23.0788 22.4799 22.48 22.48 22.48 22.48 22.48 22.48 22.48 22.48 22.48 22.48 22.4799 27.8565 22.0855 16.3137 18.0847 16.3124 11.5284 5.76439 5.77 5.77 5.77 5.77 5.77 5.77 5.77 5.77 5.77 5.77 5.77 5.77 5.77 5.77 5.77 5.77 5.77 5.77 5.77 5.77 5.77 5.77 5.77 5.77 5.77 5.77 5.77 5.77 5.77 5.77 5.77 5.77 5.77 5.77 5.77 5.76999 5.76996 8.15999 8.15999 5.76995 5.76997 5.77 5.77 5.77 5.77 5.77 5.77 5.77 5.76999 5.76998 5.76996 8.15996 13.9299 16.3199 22.0899 27.8599
74.0196 68.2496 62.4796 56.7095 50.9395 45.1695 39.3989 25.4688 22.4798 22.48 22.48 22.48 22.48 22.48 22.48 22.48 22.48 22.48 22.48 22.4797 30.2464 24.4755 26.2459 23.0708 17.2987 11.5244 5.76239 5.77 5.77 5.77 5.77 5.77 5.77 5.77 5.77 5.77 5.77 5.77 5.77 5.77 5.77 5.77 5.77 5.77 5.77 5.77 5.77 5.77 5.77 5.77 5.77 5.77 5.77 5.77 5.77 5.77 5.77 5.77 5.77 5.77 5.77 5.76999 5.76996 8.15999 8.15999 5.76996 5.76998 5.77 5.77 5.77 5.77 5.77 5.77 5.77 5.77 5.76998 11.54 8.15999 13.93 16.32 22.09 24.48 27.8599
71.6296 65.8596 60.0896 54.3195 48.5494 42.7791 38.4088 27.8587 22.4793 22.48 22.48 22.48 22.48 22.48 22.48 22.48 22.48 22.48 22.48 22.4796 32.6362 32.4065 28.8402 23.0684 17.2956 11.5212 5.76125 5.77 5.77 5.77 5.77 5.77 5.77 5.77 5.77 5.77 5.77 5.77 5.77 5.77 5.77 5.77 5.77 5.77 5.77 5.77 5.77 5.77 5.77 5.77 5.77 5.77 5.77 5.77 5.77 5.77 5.77 5.77 5.77 5.77 5.76999 5.76996 8.15999 8.15999 5.76996 5.76998 5.77 5.77 5.77 5.77 5.77 5.77 5.77 5.77 5.77 5.76998 8.15999 11.54 11.54 13.93 16.3199 19.6999 22.0898
74.017 68.247 62.477 56.7069 50.9368 45.1666 39.3962 34.019 28.2493 22.4797 22.48 22.48 22.48 22.48 22.48 22.48 22.48 22.48 22.48 22.4793 38.4061 34.6096 28.8383 23.0664 17.2934 11.5185 5.76019 5.77 5.77 5.77 5.77 5.77 5.77 5.77 5.77 5.77 5.77 5.77 5.77 5.77 5.77 5.77 5.77 5.77 5.77 5.77 5.77 5.77 5.77 5.77 5.77 5.77 5.77 5.77 5.77 5.77 5.77 5.77 5.77 5.76999 5.76996 8.15999 8.15999 5.76996 5.76999 5.77 5.77 5.77 5.77 5.77 5.77 5.77 5.77 5.77 5.77 5.77 5.76998 5.76997 5.76996 8.15994 11.5399 13.9298 16.3197
76.407 70.637 64.867 59.0969 53.3268 47.5567 44.175 38.4046 30.6392 23.0796 22.48 22.48 22.48 22.48 22.48 22.48 22.48 22.48 22.48 22.4789 40.3786 34.608 28.8366 23.0645 17.2911 11.5158 5.75913 5.77 5.77 5.77 5.77 5.77 5.77 5.77 5.77 5.77 5.77 5.77 5.77 5.77 5.77 5.77 5.77 5.77 5.77 5.77 5.77 5.77 5.77 5.77 5.77 5.77 5.77 5.77 5.77 5.77 5.77 5.76999 5.76997 5.76995 8.15999 8.15999 5.76996 5.76999 5.77 5.77 5.77 5.77 5.77 5.77 5.77 5.77 5.77 6.16001 5.76999 5.77 5.77 5.77 5.77 5.76998 5.76986 8.15972 13.9297
78.797 73.027 67.257 61.4869 55.7169 52.335 39.3992 33.6291 27.8592 22.4794 22.48 22.48 22.48 22.48 22.48 22.48 22.48 22.48 22.4797 22.4779 40.3775 34.6065 28.8349 23.0625 17.2888 11.513 5.75802 5.77 5.77 5.77 5.77 5.77 5.77 5.77 5.77 5.77 5.77 5.77 5.77 5.77 5.77 5.77 5.77 5.77 5.77 5.77 5.77 5.77 5.77 5.77 5.77 5.77 5.77 5.77 5.77 5.77 5.76999 5.76989 8.15993 8.15997 8.15999 5.76995 5.76999 5.77 5.77 5.77 5.77 5.76997 5.76994 5.76995 5.77 5.77 5.77 5.76999 8.16001 5.76999 5.77 5.77 5.77 5.77 5.76998 5.7698 11.5398
73.03 70.64 64.87 59.1 53.3298 47.5594 37.009 31.239 25.4691 22.4797 22.48 22.48 22.48 22.48 22.48 22.48 22.48 22.4797 22.4781 46.1458 40.3762 34.6049 28.8331 23.0603 17.2862 11.51 5.75685 5.77 5.77 5.77 5.77 5.77 5.77 5.77 5.77 5.77 5.77 5.77 5.77 5.77 5.77 5.77 5.77 5.77 5.77 5.77 5.77 5.77 5.77 5.77 5.77 5.77 5.77 5.77 5.77 5.76999 5.76988 8.15984 13.93 8.15991 5.76995 5.76999 5.77 5.77 5.77 5.77 5.76997 5.76986 8.15992 5.76988 5.77 5.77 5.77 5.76999 8.16 8.16 5.76998 5.77 5.77 5.77 5.76999 8.15993 13.9299
67.26 64.87 62.48 56.7099 50.9398 45.1694 34.6187 28.8487 23.0788 22.4798 22.48 22.48 22.48 22.48 22.48 22.48 22.48 22.4788 51.9144 46.1451 40.3742 34.603 28.831 23.058 17.2835 11.5068 5.7556 5.77 5.77 5.77 5.77 5.77 5.77 5.77 5.77 5.77 5.77 5.77 5.77 5.77 5.77 5.77 5.77 5.77 5.76997 5.76996 5.76998 5.77 5.77 5.77 5.77 5.77 5.77 5.77 5.76998 5.76986 8.1598 13.9299 11.5399 5.76974 5.76996 5.77 5.77 5.77 5.77 5.76998 5.76983 8.15989 8.15989 5.76988 5.77 5.77 5.77 5.76999 5.76998 11.54 8.15999 5.76998 5.77 5.77 5.76999 8.15995 13.9299
61.49 59.1 56.71 54.3199 48.5498 42.7794 37.009 31.2386 25.4688 22.4796 22.48 22.48 22.48 22.48 22.48 22.48 22.4794 22.4763 51.9132 46.1432 40.3723 34.6009 28.8287 23.0554 17.2806 11.5034 5.75427 5.77 5.77 5.77 5.77 5.77 5.77 5.77 5.77 5.77 5.77 5.77 5.77 5.77 5.77 5.77 5.77 5.77 5.76996 6.15994 5.76981 5.76986 5.76999 5.77 5.77 5.77 5.77 5.76998 5.76981 8.15968 13.9298 16.3199 13.9298 8.15971 6.15992 5.77 5.77 5.77 5.76998 5.76991 8.15991 11.5399 5.76978 5.76995 5.77 5.77 5.77 5.77 5.76998 11.54 11.54 8.16 5.76999 5.77 5.76999 5.76993 11.5399
55.72 53.33 50.94 53.33 50.9399 45.1695 39.3992 33.6286 25.4684 22.4796 22.48 22.48 22.48 22.48 22.48 22.48 22.4774 57.6802 51.912 46.1412 40.3702 34.5986 28.8262 23.0526 17.2773 11.4997 5.75285 5.77 5.77 5.77 5.77 5.77 5.77 5.77 5.77 5.77 5.77 5.77 5.77 5.77 5.77 5.77 5.77 5.77 5.76998 5.76983 8.15976 6.15965 5.76964 5.76993 5.76998 5.76995 5.76992 5.76979 8.15959 13.9295 16.3196 22.0899 16.3198 11.5397 5.76977 5.77 5.77 5.76998 5.76992 8.15997 8.15995 5.76982 5.76989 5.77 5.77 5.77 5.77 5.77 5.76999 8.16 5.76998 8.16001 8.16 6.15999 8.16 8.15997 13.93
49.95 47.56 45.17 47.5599 50.94 45.1695 39.3991 33.6284 23.0782 22.4798 22.48 22.48 22.48 22.48 22.48 22.48 22.4745 57.6779 51.9097 46.1389 40.3677 34.5961 28.8234 23.0495 17.2738 11.4957 5.75132 5.77 5.77 5.77 5.77 5.77 5.77 5.77 5.77 5.77 5.77 5.77 5.77 5.77 5.77 5.77 5.77 5.77 5.77 5.76983 8.15983 11.54 8.15977 5.76994 6.16 6.15994 8.15988 8.15973 13.9296 16.3194 28.8496 23.0797 17.3096 11.5395 5.76942 5.76989 5.76989 5.76983 8.15994 8.15996 5.7699 5.76996 5.77 5.77 5.77 5.77 5.77 5.77 5.77 5.77 5.77 5.76999 11.54 14.32 13.93 11.54 13.93
44.18 41.79 39.4 41.7897 53.3298 47.5599 41.7889 31.2378 25.469 22.4797 22.48 22.48 22.48 22.48 22.48 22.48 22.4723 57.6748 51.9075 46.1364 40.3651 34.5933 28.8204 23.0461 17.2701 11.4915 5.7497 5.77 5.77 5.77 5.77 5.77 5.77 5.77 5.77 5.77 5.77 5.77 5.77 5.77 5.77 5.77 5.77 5.77 5.77 5.76992 5.76979 5.76973 5.76983 5.76996 5.76999 5.76993 8.1599 13.9298 16.3198 22.0895 31.2398 25.4696 19.6995 13.9293 8.15923 6.15932 8.1596 8.15967 11.5398 5.76977 5.76995 5.77 5.77 5.77 5.77 5.77 5.77 5.77 5.77 5.77 5.77 5.76999 11.54 13.93 8.15999 5.76996 8.15995
38.41 36.02 33.63 31.2396 33.629 49.9491 55.7191 28.8471 23.0788 22.4797 22.48 22.48 22.48 22.48 22.48 22.48 22.4696 57.6716 51.9051 46.1338 40.3624 34.5903 28.8172 23.0425 17.2661 11.487 5.74798 5.77 5.77 5.77 5.77 5.77 5.77 5.77 5.77 5.77 5.77 5.77 5.77 5.77 5.77 5.77 5.77 5.77 5.77 5.77 5.77 5.77 5.77 5.77 5.77 5.76998 5.76984 8.15962 13.9295 19.6994 33.6297 27.8597 22.0895 16.319 13.929 14.3192 14.3194 16.3198 13.9298 8.15976 5.76995 5.77 5.77 5.77 5.77 5.77 5.77 5.77 5.77 5.77 5.77 5.77 8.16 11.54 5.76999 5.77 5.76997
32.64 30.25 27.86 25.4696 27.8592 30.248 63.4692 31.2382 25.469 22.4796 22.48 22.48 22.48 22.48 22.48 22.48 22.4693 57.6682 51.9028 46.1312 40.3596 34.5873 28.8138 23.0388 17.2619 11.4822 5.74617 5.77 5.77 5.77 5.77 5.77 5.77 5.77 5.77 5.77 5.77 5.77 5.77 5.77 5.77 5.77 5.77 5.77 5.77 5.77 5.77 5.77 5.77 5.77 5.77 5.77 5.76997 5.76964 11.5395 17.3093 27.8594 30.2495 24.4788 30.2492 24.4791 28.8495 23.0796 17.3096 11.5395 5.76961 5.76996 5.77 5.77 5.77 5.77 5.77 5.77 5.77 5.77 5.77 5.77 5.77 5.77 5.77 5.77 5.77 5.77
30.25 24.48 22.09 19.6998 17.3094 19.6984 22.088 33.6293 27.8594 22.4778 22.4788 22.4799 22.48 22.48 22.4778 22.477 22.4723 57.6672 51.9004 46.1288 40.3569 34.5843 28.8105 23.035 17.2575 11.4773 5.7443 5.77 5.77 5.77 5.77 5.77 5.77 5.77 5.77 5.77 5.77 5.77 5.77 5.77 5.77 5.77 5.77 5.77 5.77 5.77 5.77 5.77 5.77 5.77 5.77 5.77 5.77 5.76976 11.5396 16.3195 22.0886 51.9293 46.1594 40.3895 34.6196 28.8496 23.0794 17.3094 11.5393 5.7696 5.77 5.77 5.77 5.77 5.77 5.77 5.77 5.77 5.77 5.77 5.77 5.77 5.77 5.77 5.77 5.77 5.77
27.86 22.09 17.31 17.31 17.31 17.3098 17.3091 17.3086 30.2484 61.4683 28.2494 22.4786 22.4782 22.4775 22.4748 66.6603 22.4709 57.6679 51.899 46.1266 40.3545 34.5814 28.8072 23.0311 17.2531 11.4722 5.7424 5.77 5.77 5.77 5.77 5.77 5.77 5.77 5.77 5.77 5.77 5.77 5.77 5.77 5.77 5.77 5.77 5.77 5.77 5.77 5.76991 5.76988 5.76992 5.76999 5.77 5.77 5.77 5.76988 8.15956 13.9294 19.6984 51.9292 46.1597 40.3896 34.6195 28.8495 23.0793 17.3093 11.5392 5.76949 5.76996 5.77 5.77 5.77 5.77 5.77 5.77 5.77 5.77 5.77 5.77 5.77 5.77 5.77 5.77 5.77 5.77
24.48 19.7 17.31 17.31 17.31 17.31 17.31 17.3091 17.3079 17.3058 17.3073 63.4696 30.6398 61.4698 30.6378 68.6617 63.4397 57.6691 51.8974 46.1254 40.3523 34.579 28.804 23.0274 17.2487 11.4673 5.74063 5.77 5.77 5.77 5.77 5.77 5.77 5.77 5.77 5.77 5.77 5.77 5.77 5.77 5.77 5.77 5.77 5.77 5.77 5.77 5.76966 8.15961 6.15958 5.76985 5.77 5.77 5.77 5.76998 5.76962 11.5394 17.3085 47.5586 45.1691 40.7994 37.0097 31.2396 25.4696 19.6994 13.9294 8.15959 5.76994 5.77 5.77 5.77 5.77 5.77 5.77 5.77 5.77 5.77 5.77 5.77 5.77 5.77 5.77 5.77 5.77
22.09 17.31 17.31 17.31 17.31 17.31 17.31 17.31 17.31 17.31 17.3071 27.8582 25.4674 23.0762 25.4656 27.854 30.2412 57.6655 51.8959 46.1241 40.3516 34.5769 28.8017 23.0244 17.2455 11.4635 5.73921 5.77 5.77 5.77 5.77 5.77 5.77 5.77 5.77 5.77 5.77 5.77 5.77 5.77 5.77 5.77 5.77 5.77 5.77 5.77 5.76941 11.5395 11.5396 5.76946 5.76994 5.77 5.77 5.77 5.76974 11.5395 17.3088 41.7887 39.399 37.009 32.6393 28.8496 23.0795 17.3094 11.5392 5.76949 5.76995 5.77 5.77 5.77 5.77 5.77 5.77 5.77 5.77 5.77 5.77 5.77 5.77 5.77 5.77 5.77 5.77
19.7 17.31 17.31 17.31 17.31 17.31 17.31 17.31 17.31 17.31 17.309 22.0893 19.6988 17.3084 19.6979 22.0873 24.4698 57.6633 51.8954 46.1238 40.3516 34.578 28.8008 23.0236 17.245 11.4633 5.73897 5.77 5.77 5.77 5.77 5.77 5.77 5.77 5.77 5.77 5.77 5.77 5.77 5.77 5.77 5.77 5.77 5.77 5.77 5.77 5.76932 11.5395 13.9298 8.15932 5.76968 5.77 5.77 5.76998 5.7697 11.5395 19.6992 36.0189 33.629 31.2389 28.8493 24.4793 22.0893 16.3192 11.5395 5.76964 5.77 5.77 5.77 5.77 5.77 5.77 5.77 5.77 5.77 5.77 5.77 5.77 5.77 5.77 5.77 5.77 5.77
17.31 17.31 17.31 17.31 17.31 17.31 17.31 17.31 17.31 17.31 17.3097 17.3097 17.3096 17.3098 17.3093 17.3071 22.0782 56.6629 50.8956 45.1236 39.3511 33.5774 27.8012 22.0214 16.2462 11.4685 5.74116 5.77 5.77 5.77 5.77 5.77 5.77 5.77 5.77 5.77 5.77 5.77 5.77 5.77 5.77 5.77 5.77 5.77 5.77 5.77 5.76945 11.5395 11.5395 11.5394 5.76975 5.77 5.76999 5.76987 8.15968 13.9296 22.0895 30.2492 27.8589 25.4689 23.0792 22.0894 16.3192 13.9293 8.15928 5.76984 5.77 5.77 5.77 5.77 5.77 5.77 5.77 5.77 5.77 5.77 5.77 5.77 5.77 5.77 5.77 5.77 5.77
17.31 17.31 17.31 17.31 17.31 17.31 17.31 17.31 17.31 17.31 17.31 17.31 17.31 17.31 17.31 17.3079 19.6786 54.2703 48.5036 42.73 36.9558 31.1803 25.4027 19.6209 13.8347 8.06786 5.75356 5.77 5.77 5.77 5.77 5.77 5.77 5.77 5.77 5.77 5.77 5.77 5.77 5.77 5.77 5.77 5.77 5.77 5.77 5.77 5.76971 8.15961 5.76913 5.76966 5.76991 5.77 5.76993 8.15981 13.9297 16.3197 27.8596 24.4794 22.0889 19.6988 17.3091 16.3194 13.9294 8.15932 5.76976 5.76998 5.77 5.77 5.77 5.77 5.77 5.77 5.77 5.77 5.77 5.77 5.77 5.77 5.77 5.77 5.77 5.77 5.77
17.31 17.31 17.31 17.31 17.31 17.31 17.31 17.31 17.31 17.31 17.31 17.31 17.31 17.31 17.31 17.299 22.0584 51.8784 46.1098 40.3343 34.5581 28.7805 23.0005 17.217 11.4274 5.70228 5.76307 5.77 5.77 5.77 5.77 5.77 5.77 5.77 5.77 5.77 5.77 5.77 5.77 5.77 5.77 5.77 5.77 5.77 5.77 5.77 5.76993 5.76982 5.7699 5.77 5.77 5.77 5.76986 11.5397 16.3198 24.4797 22.0896 19.6994 16.3191 13.9287 11.539 11.5394 8.15954 5.76979 5.76998 5.77 5.77 5.77 5.77 5.77 5.77 5.77 5.77 5.77 5.77 5.77 5.77 5.77 5.77 5.77 5.77 5.77 5.77
17.31 17.31 17.31 17.31 17.31 17.31 17.31 17.31 17.31 17.31 17.31 17.3096 17.3091 17.3093 17.3092 17.288 60.0303 54.271 48.4989 42.7243 36.9491 31.1726 25.3942 19.6133 13.8303 8.06203 5.74865 5.77 5.77 5.77 5.77 5.77 5.77 5.77 5.77 5.77 5.77 5.77 5.77 5.77 5.77 5.77 5.77 5.77 5.77 5.77 5.77 5.77 5.77 5.77 5.77 5.76997 5.76974 11.5396 22.0899 22.0897 16.3194 13.9293 11.5392 8.15909 5.76951 5.76975 5.76991 5.76999 5.77 5.77 5.77 5.77 5.77 5.77 5.77 5.77 5.77 5.77 5.77 5.77 5.77 5.77 5.77 5.77 5.77 5.77 5.77
17.31 17.31 17.31 17.31 17.31 17.31 17.31 17.31 17.31 17.31 17.3092 17.3075 22.0873 17.3031 22.084 17.2742 62.4246 56.6625 50.8895 45.1161 39.3423 33.5675 27.791 22.0134 16.2349 11.4583 5.73083 5.76435 5.77 5.77 5.77 5.77 5.77 5.77 5.77 5.77 5.77 5.77 5.77 5.77 5.77 5.77 5.77 5.77 5.77 5.77 5.77 5.77 5.77 5.77 5.77 5.76988 8.15968 13.9297 22.0897 16.3196 13.9295 8.15933 5.76963 5.76986 5.76997 5.77 5.77 5.77 5.77 5.77 5.77 5.77 5.77 5.77 5.77 5.77 5.77 5.77 5.77 5.77 5.77 5.77 5.77 5.77 5.77 5.77 5.77
17.31 17.31 17.31 17.31 17.31 17.31 17.31 17.31 17.31 17.31 17.3088 22.0864 24.4735 30.2432 24.4595 36.2805 64.8192 59.0529 53.28 47.5074 41.7342 35.9595 30.1852 24.4103 19.6316 13.8555 8.08979 5.7474 5.77 5.77 5.77 5.77 5.77 5.77 5.77 5.77 5.77 5.77 5.77 5.77 5.77 5.77 5.77 5.77 5.77 5.77 5.77 5.77 5.77 5.77 5.77 5.76977 11.5397 16.3199 16.3197 13.9296 8.15954 5.7698 5.76998 5.77 5.77 5.77 5.77 5.77 5.77 5.77 5.77 5.77 5.77 5.77 5.77 5.77 5.77 5.77 5.77 5.77 5.77 5.77 5.77 5.77 5.77 5.77 5.77
17.31 17.31 17.31 17.31 17.31 17.31 17.31 17.31 17.31 17.31 17.3082 19.6916 36.404 32.6261 42.4462 72.9763 67.2139 61.4428 55.6704 49.8976 44.1244 38.3519 32.5798 27.8032 22.0287 16.2533 11.463 5.72865 5.77 5.77 5.77 5.77 5.77 5.77 5.77 5.77 5.77 5.77 5.77 5.77 5.77 5.77 5.77 5.77 5.77 5.77 5.77 5.77 5.77 5.77 5.77 5.76977 11.5398 11.5394 11.5396 8.15966 5.76986 5.76998 5.77 5.77 5.77 5.77 5.77 5.77 5.77 5.77 5.77 5.77 5.77 5.77 5.77 5.77 5.77 5.77 5.77 5.77 5.77 5.77 5.77 5.77 5.77 5.77 5.77
17.31 17.31 17.31 17.31 17.31 17.31 17.31 17.31 17.31 17.31 17.3074 22.0818 36.0081 48.6086 80.7248 74.9619 69.1904 63.4186 57.6466 51.8744 46.1015 40.328 34.554 28.7781 23.0004 17.2229 11.443 5.71867 5.77 5.77 5.77 5.77 5.77 5.77 5.77 5.77 5.77 5.77 5.77 5.77 5.77 5.77 5.77 5.77 5.77 5.77 5.77 5.77 5.77 5.77 5.77 5.76987 8.15939 5.7697 5.76983 5.76993 5.76999 5.77 5.77 5.77 5.77 5.77 5.77 5.77 5.77 5.77 5.77 5.77 5.77 5.77 5.77 5.77 5.77 5.77 5.77 5.77 5.77 5.77 5.77 5.77 5.77 5.77 5.77
17.31 17.31 17.31 17.31 17.31 17.31 17.31 17.31 17.31 17.3096 17.3051 23.0703 33.6054 86.4889 80.7297 74.9576 69.1857 63.4136 57.6414 51.8688 46.0957 40.3217 34.5466 28.7701 22.992 17.2125 11.4316 5.71429 5.77 5.77 5.77 5.77 5.77 5.77 5.77 5.77 5.77 5.77 5.77 5.77 5.77 5.77 5.77 5.77 5.77 5.77 5.77 5.77 5.77 5.77 5.77 5.76997 5.76996 5.76998 5.77 5.77 5.77 5.77 5.77 5.77 5.77 5.77 5.77 5.77 5.77 5.77 5.77 5.77 5.77 5.77 5.77 5.77 5.77 5.77 5.77 5.77 5.77 5.77 5.77 5.77 5.77 5.77 5.77
19.7 17.31 17.31 17.31 17.31 17.31 17.31 17.31 17.31 17.3083 19.6944 25.4498 35.9818 86.4887 80.7258 74.9536 69.1813 63.409 57.6364 51.8635 46.0899 40.3156 34.54 28.7631 22.9846 17.2045 11.4231 5.71067 5.77 5.77 5.77 5.77 5.77 5.77 5.77 5.77 5.77 5.77 5.77 5.77 5.77 5.77 5.77 5.77 5.77 5.77 5.77 5.77 5.77 5.77 5.77 5.77 5.77 5.77 5.77 5.77 5.77 5.77 5.77 5.77 5.77 5.77 5.77 5.77 5.77 5.77 5.77 5.77 5.77 5.77 5.77 5.77 5.77 5.77 5.77 5.77 5.77 5.77 5.77 5.77 5.77 5.77 5.77
