tests/full-run-ref/erosion_82_12_73.185.asc
ncols 512
nrows 512
xllcorner -3.24582
yllcorner -4.08743
cellsize 5
NODATA_value -99999
[rows 93 to 123 of 512, columns 207 to 275 of 512]
5.77008 5.77008 5.76999 5.76999 5.77009 5.7701 5.7701 5.7701 5.7701 5.7701 5.7701 5.7701 5.7701 5.7701 5.7701 5.7701 5.7701 5.7701 5.7701 5.7701 5.7701 5.7701 5.7701 5.7701 5.7701 5.7701 5.7701 5.7701 5.7701 5.7701 5.7701 5.7701 5.7701 5.7701 5.7701 5.7701 5.7701 5.7701 5.7701 5.7701 5.7701 5.7701 5.7701 5.7701 5.7701 5.7701 5.7701 5.76963 5.76995 5.97401 5.97413 5.96875 5.76875 5.7701 5.7701 5.7701 5.7701 5.7701 5.77009 5.77009 5.7701 5.7701 5.77009 5.7701 5.77008 5.77004 5.77008 5.77009 5.76994
5.77004 5.76999 5.77004 5.7701 5.77004 5.76999 5.77006 5.7701 5.7701 5.7701 5.7701 5.7701 5.7701 5.7701 5.7701 5.7701 5.7701 5.7701 5.7701 5.7701 5.7701 5.7701 5.7701 5.7701 5.7701 5.7701 5.7701 5.7701 5.7701 5.7701 5.7701 5.7701 5.7701 5.7701 5.7701 5.7701 5.7701 5.7701 5.7701 5.7701 5.7701 5.7701 5.7701 5.7701 5.7701 5.7701 5.7701 5.76952 5.97105 5.97423 5.97379 5.76961 5.76884 5.77009 5.7701 5.7701 5.7701 5.7701 5.7701 5.77009 5.77009 5.77009 5.77009 5.7701 5.77008 5.77004 5.77008 5.77009 5.76994
5.76996 5.76997 5.77009 5.76999 5.76992 5.76995 5.76999 5.77005 5.7701 5.7701 5.7701 5.7701 5.7701 5.7701 5.7701 5.7701 5.7701 5.7701 5.7701 5.7701 5.7701 5.7701 5.77 5.7701 5.7701 5.7701 5.7701 5.7701 5.7701 5.7701 5.7701 5.7701 5.7701 5.7701 5.7701 5.7701 5.7701 5.7701 5.7701 5.7701 5.7701 5.7701 5.7701 5.7701 5.7701 5.7701 5.7701 5.76939 5.96882 5.97363 5.77003 5.76984 5.7701 5.77009 5.77009 5.7701 5.7701 5.7701 5.7701 5.7701 5.7701 5.7701 5.77009 5.7701 5.77009 5.77002 5.77007 5.77009 5.76996
5.76993 5.77 5.77007 5.76991 5.76996 5.76998 5.76997 5.76999 5.77006 5.7701 5.7701 5.7701 5.7701 5.7701 5.7701 5.7701 5.7701 5.7701 5.7701 5.7701 5.7701 5.77 5.7701 5.7701 5.7701 5.7701 5.7701 5.7701 5.7701 5.7701 5.7701 5.7701 5.7701 5.7701 5.7701 5.7701 5.7701 5.7701 5.7701 5.7701 5.7701 5.7701 5.7701 5.7701 5.7701 5.7701 5.7701 5.76873 5.7677 5.76994 5.77005 5.7701 5.7701 5.7701 5.77009 5.7701 5.77009 5.7701 5.7701 5.7701 5.7701 5.7701 5.77009 5.7701 5.77008 5.77004 5.77003 5.77004 5.76998
5.76988 5.77009 5.76999 5.76995 5.77003 5.76994 5.77 5.76994 5.77 5.77006 5.7701 5.7701 5.7701 5.7701 5.7701 5.7701 5.7701 5.7701 5.7701 5.7701 5.76998 5.7701 5.7701 5.7701 5.7701 5.7701 5.7701 5.7701 5.7701 5.7701 5.7701 5.7701 5.7701 5.7701 5.7701 5.7701 5.7701 5.7701 5.7701 5.7701 5.7701 5.7701 5.7701 5.7701 5.7701 5.7701 5.7701 5.7701 5.7701 5.7701 5.7701 5.7701 5.7701 5.77009 5.77009 5.77009 5.7701 5.7701 5.7701 5.7701 5.77009 5.7701 5.77006 5.77009 5.77009 5.77003 5.7701 5.77009 5.77006
5.76997 5.77007 5.76989 5.76998 5.76995 5.76994 5.77 5.77 5.76999 5.76999 5.77007 5.7701 5.7701 5.7701 5.7701 5.7701 5.7701 5.77008 5.7701 5.77009 5.76999 5.77 5.77009 5.7701 5.7701 5.7701 5.7701 5.7701 5.7701 5.7701 5.7701 5.7701 5.7701 5.7701 5.7701 5.7701 5.7701 5.7701 5.7701 5.7701 5.77009 5.7701 5.7701 5.7701 5.7701 5.77009 5.77009 5.77009 5.7701 5.7701 5.7701 5.7701 5.7701 5.77009 5.77009 5.77009 5.77009 5.7701 5.7701 5.7701 5.77005 5.7701 5.76998 5.77009 5.77008 5.77006 5.7701 5.7701 5.7701
5.77008 5.76996 5.76999 5.76999 5.76992 5.76996 5.76992 5.76995 5.77 5.76993 5.77 5.77009 5.7701 5.7701 5.7701 5.7701 5.7701 5.7701 5.76996 5.76998 5.77009 5.77008 5.7701 5.7701 5.7701 5.7701 5.7701 5.7701 5.7701 5.7701 5.7701 5.7701 5.7701 5.7701 5.7701 5.7701 5.7701 5.76967 5.76999 5.76909 5.7701 5.7701 5.7701 5.7701 5.7701 5.7701 5.77009 5.77009 5.7701 5.77009 5.7701 5.7701 5.77009 5.7701 5.7701 5.77009 5.77009 5.77009 5.77009 5.7701 5.7701 5.76996 5.76998 5.77009 5.77009 5.76999 5.7701 5.7701 5.7701
5.77009 5.76991 5.76996 5.77005 5.76989 5.76995 5.77003 5.76992 5.77 5.77 5.76999 5.77005 5.7701 5.7701 5.7701 5.7701 5.7701 5.77 5.7701 5.7701 5.7701 5.7701 5.7701 5.7701 5.7701 5.7701 5.7701 5.7701 5.7701 5.7701 5.7701 5.7701 5.7701 5.7701 5.7701 5.7701 5.7701 5.76932 6.15912 5.76995 5.76879 5.7701 5.7701 5.7701 5.7701 5.7701 5.77009 5.77007 5.77009 5.7701 5.7701 5.7701 5.7701 5.77009 5.7701 5.77009 5.77009 5.7701 5.77009 5.77009 5.7701 5.7701 5.76995 5.77009 5.77008 5.76998 5.76995 5.77007 5.7701
5.77006 5.76993 5.76999 5.76994 5.76999 5.76995 5.76994 5.76998 5.76989 5.76994 5.76996 5.77 5.77007 5.77009 5.7701 5.7701 5.76996 5.7701 5.7701 5.7701 5.7701 5.7701 5.7701 5.7701 5.7701 5.7701 5.7701 5.7701 5.7701 5.7701 5.7701 5.7701 5.7701 5.7701 5.7701 5.7701 5.7701 5.76821 6.15864 6.15826 5.76757 5.7701 5.7701 5.7701 5.7701 5.7701 5.77009 5.77005 5.77009 5.7701 5.77009 5.77009 5.77009 5.7701 5.77009 5.7701 5.7701 5.7701 5.7701 5.77009 5.7701 5.7701 5.7701 5.76991 5.77009 5.77008 5.62954 5.74161 5.74638
5.77 5.77008 5.76984 5.77 5.76996 5.76998 5.76997 5.76995 5.77005 5.76991 5.77 5.76993 5.76999 5.77 5.76992 5.76995 5.7701 5.77002 5.7701 5.7701 5.7701 5.7701 5.7701 5.7701 5.7701 5.7701 5.7701 5.7701 5.7701 5.7701 5.7701 5.7701 5.7701 5.7701 5.7701 5.7701 5.7701 5.76907 5.76988 6.1581 5.76894 5.7701 5.7701 5.77009 5.7701 5.7701 5.77006 5.77009 5.7701 5.77009 5.7701 5.77009 5.7701 5.77009 5.7701 5.7701 5.7701 5.77009 5.77009 5.77007 5.7701 5.77009 5.76992 5.76998 5.76992 5.32919 5.72316 6.64962 5.42233
5.76999 5.76999 5.77006 5.76999 5.77007 5.77 5.77008 5.7699 5.76992 5.76994 5.77 5.77 5.77 5.76996 5.77004 5.77009 5.76999 5.77008 5.77009 5.7701 5.7701 5.7701 5.7701 5.7701 5.7701 5.7701 5.7701 5.7701 5.7701 5.7701 5.7701 5.7701 5.7701 5.7701 5.7701 5.7701 5.7701 5.7701 5.76975 5.76962 5.76954 5.7701 5.77009 5.7701 5.7701 5.77002 5.7701 5.7701 5.7701 5.7701 5.7701 5.77008 5.76998 5.77008 5.77009 5.77009 5.77009 5.76999 5.77006 5.7701 5.7701 5.7701 5.76994 5.77 5.77001 5.23553 7.23934 5.46331 5.41628
5.76994 5.76999 5.76996 5.76996 5.76993 5.76997 5.76994 5.76991 5.77001 5.76989 5.76999 5.76993 5.76994 5.77 5.7701 5.7701 5.7701 5.7701 5.7701 5.7701 5.7701 5.7701 5.7701 5.7701 5.7701 5.7701 5.7701 5.7701 5.7701 5.7701 5.7701 5.7701 5.7701 5.7701 5.7701 5.7701 5.7701 5.7701 5.7701 5.7701 5.7701 5.77009 5.77004 5.77009 5.7701 5.77009 5.77003 5.7701 5.7701 5.7701 5.7701 5.77009 5.77003 5.76997 5.77009 5.77004 5.76999 5.77009 5.77009 5.7701 5.7701 5.77009 5.76989 5.76993 5.77009 5.49499 5.68008 5.54685 5.76999
5.76998 5.77 5.77 5.76999 5.76994 5.76995 5.76999 5.76975 5.76971 5.76982 5.77009 5.76993 5.77 5.77007 5.7701 5.7701 5.7701 5.7701 5.7701 5.7701 5.7701 5.7701 5.7701 5.7701 5.7701 5.7701 5.7701 5.7701 5.7701 5.7701 5.7701 5.7701 5.7701 5.7701 5.7701 5.7701 5.77009 5.7701 5.7701 5.7701 5.7701 5.77009 5.76999 5.77009 5.7701 5.77004 5.77009 5.7701 5.7701 5.7701 5.7701 5.77009 5.77008 5.77009 5.76986 5.77007 5.76996 5.77009 5.7701 5.7701 5.76995 5.76988 5.76998 5.76995 5.77 5.77002 5.75794 5.71578 5.683
5.77007 5.76996 5.76999 5.76998 5.77004 5.77009 5.7701 5.7701 5.77009 5.77009 5.76989 5.76998 5.76998 5.76996 5.77009 5.7701 5.7701 5.7701 5.7701 5.7701 5.7701 5.7701 5.7701 5.7701 5.7701 5.7701 5.7701 5.7701 5.7701 5.7701 5.7701 5.7701 5.7701 5.7701 5.7701 5.7701 5.7701 5.77009 5.7701 5.7701 5.7701 5.77 5.7701 5.7701 5.7701 5.69808 5.63687 5.76845 5.76982 5.7701 5.7701 5.7701 5.77009 5.77 5.76998 5.76998 5.76999 5.77009 5.77009 5.77009 5.76994 5.77 5.76999 5.77 5.77007 5.77006 5.72551 5.97465 5.93312
5.76995 5.76999 5.77 5.77009 5.76997 5.76997 5.76997 5.76998 5.77 5.77009 5.77008 5.76995 5.76996 5.76997 5.76997 5.7701 5.7701 5.7701 5.7701 5.7701 5.7701 5.7701 5.7701 5.7701 5.7701 5.7701 5.7701 5.7701 5.7701 5.7701 5.7701 5.7701 5.7701 5.7701 5.7701 5.7701 5.7701 5.7701 5.76997 5.77009 5.77 5.77009 5.77009 5.7701 5.7701 5.76753 6.15708 6.15828 5.76953 5.7701 5.7701 5.77009 5.77008 5.77009 5.77006 5.77009 5.76999 5.7701 5.77006 5.76991 5.76996 5.77 5.77001 5.77009 5.76999 5.76999 5.69769 5.74498 5.73341
5.76999 5.76999 5.77009 5.76997 5.77002 5.76999 5.55308 5.54399 5.61935 5.77009 5.76991 5.77006 5.77009 5.77009 5.7701 5.77004 5.7701 5.7701 5.7701 5.7701 5.7701 5.7701 5.7701 5.7701 5.7701 5.7701 5.7701 5.77009 5.77009 5.77009 5.7701 5.7701 5.7701 5.7701 5.7701 5.7701 5.77009 5.77001 5.76997 5.76993 5.7701 5.7701 5.7701 5.7701 5.77009 5.76754 5.76732 5.76819 5.76839 5.7701 5.77009 5.77008 5.77002 5.76988 5.76989 5.7699 5.77009 5.7699 5.76999 5.77005 5.76998 5.77 5.76995 5.77009 5.77 5.76996 5.77002 5.77003 5.77005
5.76982 5.77009 5.76996 5.76999 5.77009 5.76997 5.44574 7.05387 5.67256 5.7701 5.76998 5.76998 5.77007 5.7701 5.7701 5.7701 5.7701 5.7701 5.7701 5.7701 5.7701 5.7701 5.7701 5.7701 5.7701 5.7701 5.7701 5.7701 5.77009 5.7701 5.77009 5.7701 5.7701 5.7701 5.7701 5.7701 5.77009 5.77009 5.77009 5.76994 5.7701 5.7701 5.77009 5.7701 5.77006 5.77009 5.7701 5.7701 5.7701 5.77009 5.77006 5.76996 5.76995 5.76999 5.77 5.76986 5.7701 5.76987 5.77 5.77009 5.76999 5.76997 5.76997 5.77007 5.77009 5.77008 5.77009 5.77009 5.77009
5.7701 5.76991 5.77003 5.77008 5.76997 5.77009 5.56682 3.93483 3.44303 5.77006 5.76975 5.77 5.77002 5.7701 5.7701 5.7701 5.7701 5.7701 5.7701 5.7701 5.7701 5.7701 5.7701 5.7701 5.7701 5.7701 5.7701 5.7701 5.7701 5.7701 5.7701 5.77008 5.7701 5.7701 5.7701 5.7701 5.7701 5.7701 5.77008 5.76997 5.77008 5.77004 5.77007 5.76998 5.76996 5.77007 5.77009 5.77009 5.77008 5.77006 5.76999 5.76997 5.76999 5.77002 5.76999 5.76993 5.76994 5.76998 5.77 5.76996 5.77005 5.77006 5.77007 5.77009 5.77007 5.76997 5.77009 5.76999 5.77006
5.76992 5.76999 5.77008 5.75174 5.7452 5.75027 5.77009 5.77007 5.77003 5.76994 5.76999 5.76995 5.77007 5.7701 5.7701 5.7701 5.7701 5.7701 5.7701 5.7701 5.7701 5.7701 5.7701 5.7701 5.7701 5.7701 5.7701 5.7701 5.7701 5.77008 5.77004 5.77003 5.77009 5.7701 5.7701 5.7701 5.7701 5.7701 5.77009 5.77003 5.76994 5.76993 5.77009 5.76995 5.76999 5.77004 5.77009 5.77005 5.76998 5.76996 5.76998 5.77008 5.76995 5.76997 5.76998 5.77001 5.76992 5.77008 5.76992 5.76998 5.76997 5.77007 5.77009 5.77009 5.77 5.77 5.76988 5.77009 5.77006
5.77001 5.77008 5.34714 5.65125 5.88536 5.73846 5.77006 5.7698 5.76979 5.77008 5.76976 5.77 5.77005 5.7701 5.7701 5.7701 5.7701 5.7701 5.7701 5.7701 5.7701 5.7701 5.7701 5.7701 5.7701 5.7701 5.7701 5.7701 5.77009 5.76999 5.76999 5.76998 5.77007 5.77009 5.77009 5.77009 5.77009 5.7701 5.7701 5.77009 5.76998 5.76999 5.76994 5.77007 5.77004 5.77008 5.77009 5.76999 5.76998 5.76998 5.76991 5.76997 5.76999 5.76993 5.76997 5.76998 5.76999 5.77 5.76998 5.76996 5.76999 5.77008 5.7701 5.77009 5.77006 5.76995 5.76998 5.76994 5.76998
5.77008 5.76997 5.61611 7.09032 5.46919 5.7307 5.76998 5.76998 5.76999 5.77008 5.76991 5.77 5.77002 5.7701 5.7701 5.7701 5.7701 5.7701 5.7701 5.7701 5.7701 5.7701 5.7701 5.7701 5.7701 5.7701 5.7701 5.7701 5.77009 5.77007 5.76994 5.76993 5.77008 5.77005 5.76999 5.77001 5.77006 5.77009 5.7701 5.7701 5.77008 5.76998 5.77008 5.76995 5.76999 5.77006 5.7701 5.77006 5.76998 5.77002 5.76999 5.77 5.76983 5.77007 5.7699 5.77 5.76994 5.77007 5.77 5.77009 5.77006 5.77008 5.77007 5.77009 5.76994 5.76999 5.76993 5.77005 5.76994
5.60751 5.71092 5.7028 5.53943 5.50078 5.76994 5.76999 5.77005 5.77009 5.77 5.76998 5.77 5.76996 5.77009 5.7701 5.7701 5.7701 5.7701 5.7701 5.7701 5.7701 5.7701 5.7701 5.7701 5.7701 5.7701 5.7701 5.7701 5.7701 5.77009 5.77009 5.77008 5.76991 5.76999 5.76997 5.76999 5.76999 5.77004 5.77009 5.7701 5.77009 5.77006 5.76996 5.77009 5.77004 5.77005 5.77009 5.77008 5.77002 5.76996 5.76997 5.77 5.76997 5.76999 5.53375 5.52201 5.61216 5.77002 5.77007 5.72012 5.7153 5.72048 5.75511 5.77009 5.77006 5.76999 5.77 5.77008 5.77008
5.69983 6.26874 5.64936 5.77 5.76996 5.77008 5.76998 5.77 5.7701 5.76999 5.77 5.77001 5.76995 5.77008 5.7701 5.7701 5.7701 5.7701 5.7701 5.7701 5.7701 5.7701 5.7701 5.7701 5.7701 5.7701 5.7701 5.7701 5.7701 5.77009 5.77 5.76997 5.76999 5.77008 5.77 5.77 5.76998 5.76999 5.77009 5.77009 5.77009 5.76996 5.77009 5.74551 5.72655 5.74316 5.77009 5.77009 5.76999 5.76999 5.76996 5.7699 5.77004 4.99051 5.41908 6.37305 5.72071 5.74658 5.74145 5.76362 6.12673 6.14608 5.76122 5.77009 5.77009 5.77009 5.77009 5.77009 5.77009
6.49558 5.5809 5.64844 5.76999 5.76996 5.77009 5.76997 5.76999 5.7701 5.77001 5.77 5.77 5.76997 5.77005 5.7701 5.7701 5.7701 5.7701 5.7701 5.7701 5.7701 5.7701 5.7701 5.7701 5.7701 5.7701 5.7701 5.7701 5.7701 5.7701 5.7701 5.76996 5.76998 5.76997 5.76997 5.76998 5.76998 5.77003 5.77007 5.77006 5.76974 5.77009 5.77009 5.76218 6.15817 5.76782 5.77009 5.77009 5.77003 5.76998 5.76997 5.77008 5.76999 5.48978 6.75187 5.72316 5.75665 5.76703 6.13863 5.76731 5.75175 5.74766 5.75221 5.77008 5.77004 5.77002 5.76999 5.77007 5.77005
5.67087 5.63411 5.77 5.76996 5.77006 5.77008 5.76992 5.76992 5.7701 5.76999 5.77 5.76999 5.76999 5.77 5.77009 5.7701 5.7701 5.7701 5.7701 5.7701 5.7701 5.7701 5.7701 5.7701 5.7701 5.7701 5.7701 5.7701 5.7701 5.7701 5.77001 5.76996 5.77 5.77 5.76997 5.77001 5.77009 5.77009 5.76999 5.76989 5.76998 5.77009 5.77008 5.76391 5.7674 5.76834 5.77009 5.7701 5.77009 5.77009 5.77004 5.77008 5.76995 5.50241 5.7468 5.7584 5.77009 5.76385 5.7612 5.74873 5.77009 5.77008 5.77009 5.77003 5.73588 5.72287 5.72612 5.74543 5.77008
5.66338 5.76999 5.76997 5.77008 5.77008 5.76993 5.77003 5.7699 5.77009 5.77001 5.76998 5.77002 5.76999 5.76999 5.77006 5.7701 5.7701 5.7701 5.7701 5.7701 5.7701 5.7701 5.7701 5.7701 5.7701 5.7701 5.7701 5.76998 5.77001 5.76998 5.76993 5.77 5.76999 5.76997 5.76999 5.77009 5.77 5.76983 5.76996 5.76997 5.76998 5.77005 5.77009 5.77009 5.7701 5.77009 5.7701 5.7701 5.77009 5.77009 5.77008 5.77009 5.76994 5.77008 5.77009 5.77009 5.77009 5.77009 5.77009 5.77009 5.77006 5.77007 5.76999 5.77004 5.7291 6.12787 6.01562 5.64498 5.77004
5.77 5.76997 5.77008 5.77001 5.76997 5.76998 5.76998 5.77006 5.7701 5.77006 5.76994 5.76997 5.76998 5.76998 5.76999 5.77006 5.7701 5.7701 5.7701 5.7701 5.7701 5.7701 5.7701 5.7701 5.7701 5.7701 5.7701 5.76996 5.77007 5.77006 5.76996 5.76999 5.77005 5.77009 5.77009 5.76998 5.76994 5.76999 5.77008 5.76999 5.76999 5.77009 5.77009 5.77003 5.77009 5.77007 5.77009 5.77009 5.77007 5.77008 5.77 5.77008 5.77009 5.77005 5.77009 5.77009 5.77007 5.76999 5.77006 5.76999 5.77007 5.76995 5.76999 5.77009 5.51516 5.76043 6.11101 5.56481 5.76996
5.76997 5.77005 5.77005 5.76997 5.76999 5.77007 5.76999 5.76993 5.7701 5.77005 5.76991 5.77 5.77 5.76999 5.76999 5.77005 5.7701 5.7701 5.7701 5.7701 5.7701 5.7701 5.7701 5.7701 5.7701 5.7701 5.7701 5.76993 5.76996 5.76998 5.77007 5.76997 5.76996 5.77009 5.77009 5.77009 5.77 5.76997 5.76998 5.76999 5.77004 5.77007 5.77003 5.77009 5.77009 5.77006 5.76999 5.77002 5.76999 5.76994 5.77008 5.77009 5.77007 5.77009 5.76997 5.77009 5.76998 5.77006 5.76997 5.77 5.76996 5.77003 5.77006 5.76995 5.77008 5.7666 5.76706 5.66709 5.76998
5.77004 5.77006 5.76997 5.76998 5.77004 5.77006 5.76995 5.76999 5.7701 5.76999 5.76995 5.77 5.76998 5.76998 5.77003 5.77005 5.7701 5.7701 5.7701 5.7701 5.7701 5.7701 5.77009 5.77009 5.77009 5.77009 5.7701 5.76992 5.77005 5.76992 5.76979 5.77002 5.77004 5.77004 5.77009 5.7701 5.7701 5.76996 5.77005 5.66873 5.5776 5.7204 5.74633 5.77009 5.77009 5.77002 5.76996 5.76998 5.76999 5.77 5.76991 5.76999 5.77009 5.77 5.77008 5.77009 5.77005 5.76996 5.76998 5.76996 5.76991 5.77009 5.77008 5.77009 5.77009 5.77009 5.77009 5.77009 5.76995
5.77008 5.76996 5.76999 5.76997 5.77008 5.76995 5.76999 5.77001 5.7701 5.77005 5.76992 5.76999 5.76998 5.77003 5.77 5.76999 5.76999 5.77008 5.77007 5.76991 5.76994 5.76995 5.76988 5.76994 5.76988 5.76987 5.76993 5.76994 5.76997 5.76998 5.76999 5.76997 5.76998 5.76993 5.76988 5.76989 5.76978 5.7699 5.77007 5.71415 6.10006 6.13945 5.76708 5.77009 5.77008 5.76996 5.76999 5.77 5.77007 5.76997 5.77 5.76999 5.76991 5.77009 5.77006 5.77009 5.77003 5.76995 5.77001 5.7699 5.77008 5.76998 5.77009 5.7701 5.7701 5.7701 5.77009 5.77009 5.7699
5.76991 5.77 5.77 5.76997 5.76997 5.77005 5.76997 5.77008 5.7701 5.7701 5.77006 5.76989 5.76996 5.76995 5.77 5.76996 5.76997 5.77 5.76995 5.77002 5.77003 5.77006 5.77 5.77 5.76999 5.76996 5.77002 5.76999 5.77002 5.76997 5.77003 5.77 5.77003 5.76997 5.77 5.76995 5.76997 5.76995 5.77 5.71445 5.75238 5.76128 5.76466 5.77009 5.77006 5.77 5.76999 5.76999 5.76984 5.7699 5.77 5.76999 5.76997 5.77006 5.76999 5.77009 5.77008 5.76997 5.76992 5.76999 5.77007 5.77 5.7701 5.7701 5.7701 5.77009 5.77009 5.7698 5.76995
