tests/full-run-ref/erosion_81_12_73.110.asc
ncols 512
nrows 512
xllcorner -3.24582
yllcorner -4.08743
cellsize 5
NODATA_value -99999
[rows 0 to 30 of 512, columns 284 to 354 of 512]
28.0055 30.3955 32.6255 33.1785 33.8675 36.2575 37.7505 40.1405 38.6955 37.99 36.6302 34.3842 34.2069 33.8866 33.9414 35.7405 38.1305 40.5147 42.3225 43.5499 45.2683 47.6583 47.8346 45.4446 44.3367 41.9467 44.3367 46.7267 49.1168 47.7845 45.3945 47.7845 50.1534 47.7633 45.3733 47.582 45.192 47.582 47.9944 45.6044 44.2969 42.6295 40.6834 39.9357 39.0682 36.6782 34.2882 34.8517 36.8216 34.4316 33.5578 35.9478 35.4509 33.0609 32.7291 32.9177 34.3546 31.9646 33.3301 30.9401 30.369 28.6799 28.6121 28.5453 28.3547 26.3769 26.2745 26.4326 27.7045 27.6525 26.0913
22.2355 24.6255 26.8555 27.4085 28.0975 30.4875 31.9805 34.3705 32.9255 32.22 30.8602 28.6142 28.4369 28.1166 28.1714 29.9705 32.3605 34.7447 36.5525 37.7799 39.4983 41.8883 42.0646 39.6746 38.5667 36.1767 38.5667 40.9567 43.3468 42.0145 39.6245 42.0145 44.3834 41.9933 39.6033 41.812 39.422 41.812 42.2244 39.8344 38.5269 36.8595 34.9134 34.1657 33.2982 30.9082 28.5182 29.0817 31.0516 28.6616 27.7878 30.1778 29.6809 27.2909 26.9591 27.1477 28.5846 26.1946 27.5601 25.1701 24.599 22.91 22.8421 22.7753 22.5848 20.6069 20.5045 20.6626 21.9346 21.8826 20.3213
16.4655 18.8699 21.0855 21.6385 22.3275 24.7175 26.2105 28.6005 27.1556 26.45 25.0902 22.8442 22.6669 22.3466 22.4014 24.2005 26.5905 28.9747 30.7825 32.0099 33.7283 36.1183 36.2946 33.9046 32.7967 30.4067 32.7967 35.1867 37.5768 36.2445 33.8545 36.2445 38.6134 36.2233 33.8333 36.042 33.652 36.042 36.4544 34.0644 32.7569 31.0895 29.1434 28.3957 27.5282 25.1382 22.7482 23.3117 25.2816 22.8916 22.0178 24.4078 23.9109 21.5209 21.1891 21.3777 22.8146 20.4246 21.7901 19.4001 18.829 17.1399 17.0721 17.0053 16.8148 14.8369 14.7345 14.8926 16.1646 16.1126 14.5513
11.0733 12.9967 15.24 15.8098 16.5146 19.0273 20.4186 22.8156 21.3743 20.6713 19.3123 17.0678 16.8922 16.5727 16.6279 18.3657 22.3886 23.1939 25.0066 26.2371 27.9566 30.3471 30.5236 28.1337 27.0255 24.636 27.0261 29.4162 32.5874 30.4739 28.084 30.4739 32.8429 30.4528 28.0628 30.2714 27.8814 30.2713 30.6837 28.2936 26.9861 25.3186 23.3724 22.6238 22.3211 19.3651 16.9687 17.5302 19.501 17.1047 16.1996 18.6594 18.0941 15.7024 15.3674 15.5226 17.3226 14.5502 16.2851 13.5021 12.9257 11.3859 11.2952 11.2296 11.0961 9.04098 8.94406 9.09855 10.7076 10.5813 10.6809
11.4494 11.3287 11.2601 11.1491 11.1185 15.0879 14.5227 18.3949 15.5156 14.7909 13.3915 11.2976 11.1503 10.8936 10.9091 14.7454 16.5542 17.37 19.1976 20.4373 22.17 24.5704 24.7492 22.3505 21.2316 18.8196 21.2367 24.4178 26.8141 24.6975 22.298 24.6969 27.2297 24.6745 22.276 24.4963 22.0968 24.4967 24.9082 22.5091 21.1909 19.5105 17.5507 16.8017 16.4897 15.2009 11.1944 11.5928 15.8084 11.3507 11.0982 15.5782 13.8548 9.92916 9.95251 10.0283 13.6521 11.1364 11.4299 11.3153 11.4348 11.4537 11.4222 13.8918 11.3258 11.54 11.54 11.54 11.54 11.54 11.54
11.1175 11.1662 11.54 11.54 11.2623 11.3635 10.9274 12.5354 11.11 11.2168 11.2764 10.9127 11.54 11.54 11.2155 11.087 11.0062 11.3511 13.2332 14.5006 16.3014 18.7647 18.9443 16.4949 15.5252 12.7982 16.1335 18.5967 21.8126 19.0592 16.4243 19.0443 21.7559 19.0064 16.3977 18.9532 16.2289 19.0058 19.2233 16.6492 15.2866 13.5641 11.557 10.9872 10.9473 11.0836 11.305 11.2777 11.3381 11.2774 11.2104 11.2897 11.2152 11.1706 11.54 11.1964 11.3813 10.9601 11.54 11.54 11.54 11.54 10.861 10.3398 10.7163 11.54 11.54 10.3666 9.70822 10.3928 11.54
12.3994 10.8393 11.54 11.54 11.54 11.54 11.3576 11.4442 11.1823 11.54 11.54 11.54 11.54 11.54 11.4139 12.0819 11.4314 11.2069 10.75 10.7769 10.5157 16.3169 14.3631 10.6309 10.4975 10.6013 10.3874 15.5312 15.9405 15.6576 11.0584 14.513 17.7762 13.3378 11.0271 14.6798 10.9479 16.0892 13.8021 11.1601 10.602 10.8447 11.2982 11.5201 11.54 11.54 11.54 11.54 11.54 11.54 11.54 11.54 11.54 11.54 11.54 11.54 11.54 11.54 11.54 11.54 11.54 11.54 11.54 11.54 11.54 11.54 11.54 9.76915 12.4988 9.73042 11.54
11.1129 11.006 11.54 11.54 11.54 11.54 11.54 11.54 11.54 11.54 11.54 11.54 11.54 11.54 11.4428 11.4684 11.4361 11.54 11.54 11.54 10.667 14.3691 10.9345 11.262 11.54 11.54 11.0801 11.1519 10.9157 11.2282 11.1057 10.9864 13.0186 10.9584 11.2411 11.2907 11.0427 11.3411 10.5851 11.1628 11.54 11.54 11.54 11.54 11.54 11.54 11.54 11.54 11.54 11.54 11.54 11.54 11.54 11.54 11.54 11.54 11.54 11.5399 11.5398 11.5398 11.5398 11.5399 11.54 11.54 11.54 11.1272 11.0042 11.3496 9.69569 10.417 11.54
11.54 11.54 11.54 11.124 11.0915 11.287 11.54 11.54 11.54 11.54 11.54 11.54 10.9359 10.7534 11.0697 11.54 11.54 11.54 11.54 11.54 10.8903 13.1942 11.051 11.54 11.54 11.54 11.54 11.54 11.54 11.54 11.54 11.2243 11.4254 11.26 11.54 11.54 11.54 11.54 11.54 11.54 11.54 11.54 11.54 11.54 11.54 11.5358 11.5292 11.5286 11.5311 11.5353 11.5367 11.5365 11.5385 11.5399 11.54 11.54 11.54 11.5398 11.54 11.54 11.54 11.54 11.54 11.54 11.54 9.6887 12.6559 10.9865 11.54 11.54 11.54
9.89937 9.00599 9.94222 10.6514 12.3582 11.1441 11.54 11.54 11.54 11.54 11.54 11.54 10.7102 13.6867 10.7222 11.54 11.54 11.54 11.54 10.75 11.3918 11.3547 11.0018 11.54 11.54 11.54 11.4624 11.4921 11.4291 11.54 11.54 11.3656 11.4146 11.3834 11.54 11.54 11.54 11.54 11.54 11.54 11.54 11.54 11.54 11.5341 11.5291 11.5289 11.5391 11.5393 11.5396 11.5397 11.5398 11.5398 11.5399 11.5399 11.54 11.54 11.54 11.54 11.54 11.54 11.54 11.54 11.54 11.54 11.54 9.84374 11.0516 11.5106 10.997 11.2484 11.54
8.61135 12.844 8.83585 9.91701 11.1337 10.6054 11.1847 10.9196 11.198 11.54 11.54 11.54 11.1418 10.8094 10.9571 11.54 11.54 11.54 11.54 10.3612 13.5709 11.0962 11.54 11.54 11.54 11.54 11.4366 11.7325 11.3369 11.54 11.54 10.9775 12.225 11.23 11.54 11.54 11.54 11.54 11.54 11.54 11.54 11.5277 11.5157 11.5163 11.54 11.54 11.54 11.54 11.54 11.54 11.54 11.54 11.54 11.54 11.54 11.54 11.54 11.54 11.5399 11.5399 11.5399 11.54 11.54 11.54 10.2346 11.0403 11.2951 11.0635 12.7957 11.1119 10.3808
9.85942 9.02726 9.38125 11.54 11.54 11.54 10.9825 11.8328 10.0938 10.0295 9.86544 10.7076 11.0622 11.54 11.54 11.54 11.54 10.4964 9.97786 11.3187 11.0693 11.1296 11.54 11.54 11.54 11.54 11.4952 11.4857 11.41 11.54 11.54 10.9997 6.73647 7.43691 11.5399 11.54 11.54 11.54 11.5394 11.5301 11.5176 11.5118 11.5386 11.5357 11.5371 11.5373 11.54 11.5384 11.539 11.5394 11.54 11.54 11.54 11.5398 11.54 11.5399 11.54 11.54 11.54 11.54 11.54 11.54 11.54 11.54 8.63647 11.7285 11.1164 11.1227 10.8768 12.4964 10.4931
11.54 11.54 11.54 11.54 11.54 11.54 11.1832 10.8013 9.23626 12.6342 11.2221 12.8371 10.5321 11.54 11.54 11.54 11.54 10.6121 14.2002 10.4908 11.4294 11.4179 11.4214 11.54 11.54 11.54 11.54 11.54 11.5399 11.5398 11.5399 11.54 11.5397 11.54 11.5397 11.54 11.5394 11.5395 11.5389 11.5392 11.5389 11.5388 11.5344 11.533 11.5332 11.5328 11.5356 11.5375 11.5384 11.5389 11.5388 11.5395 11.5394 11.5397 11.5396 11.54 11.54 11.54 11.54 11.54 11.5399 11.5399 11.5399 11.54 8.01149 8.12273 9.73646 11.5399 11.0609 11.0774 11.0087
11.54 11.54 11.54 11.54 11.54 10.2804 10.0265 10.1327 10.0567 9.97577 10.1208 9.79463 10.22 10.8567 10.9637 10.6706 11.203 10.8348 10.585 10.7019 11.3581 11.8855 11.3618 11.54 11.54 11.54 11.54 11.54 11.54 11.54 11.5393 11.5389 11.5392 11.5399 11.5394 11.54 11.5389 11.5398 11.5396 11.5389 11.5382 11.54 11.54 11.54 11.5377 11.5377 11.5317 11.5354 11.536 11.5383 11.5397 11.5393 11.5397 11.5395 11.5398 11.54 11.54 11.54 11.54 11.5399 11.5399 11.5399 11.5399 11.54 11.54 11.54 11.54 11.5396 11.54 11.54 11.54
11.54 11.54 11.54 11.54 11.54 9.8201 12.625 9.89595 11.54 11.54 11.54 10.3971 12.1132 10.5349 10.6507 12.2991 10.9378 11.54 11.54 11.54 11.4203 11.392 11.426 11.54 11.54 11.54 11.54 11.54 11.54 11.5399 11.5399 11.5399 11.5399 11.5399 11.5389 11.5386 11.5386 11.5398 11.5395 11.5389 11.5375 11.54 11.54 11.54 11.54 11.54 11.54 11.54 11.54 11.54 11.54 11.54 11.5398 11.5399 11.54 11.54 11.54 11.54 11.54 11.54 11.54 11.54 11.54 11.5399 11.54 11.5399 11.54 11.5395 11.5396 11.5398 11.54
11.54 11.54 11.54 11.54 11.54 10.6113 10.0301 10.5844 11.54 11.54 11.54 10.6595 10.1 10.6638 11.1936 10.7975 11.0754 11.54 11.54 11.54 11.54 11.54 11.54 11.54 11.54 11.54 11.54 11.54 11.54 11.5399 11.5399 11.5398 11.5398 11.5398 11.5399 11.5399 11.5398 11.54 11.54 11.54 11.5373 11.5374 11.5306 11.5366 11.5374 11.54 11.5382 11.54 11.54 11.5394 11.54 11.5398 11.5399 11.54 11.54 11.54 11.54 11.54 11.54 11.5399 11.5399 11.5399 11.5399 11.5399 11.5399 11.5399 11.54 11.54 11.54 11.54 11.54
11.54 11.54 11.54 11.54 11.54 11.54 11.54 11.54 11.54 11.54 11.54 11.54 11.54 11.54 10.7803 10.0465 10.2242 10.705 11.0648 11.54 11.54 11.54 11.54 10.2368 9.30339 10.1465 11.54 11.54 11.54 11.5399 11.5399 11.5399 11.5399 11.5399 11.5398 11.5398 11.5397 11.54 11.54 11.54 11.54 11.5375 11.5371 11.5367 11.5326 11.5357 11.5372 11.5365 11.5388 11.5395 11.5391 11.5399 11.54 11.54 11.54 11.54 11.54 11.54 11.54 11.5399 11.5399 11.5399 11.5399 11.5399 11.5399 11.5399 11.54 11.54 11.54 11.54 11.54
11.54 11.54 11.54 11.54 11.54 11.54 11.54 11.54 11.54 11.54 11.54 11.54 11.5399 11.54 10.1134 12.2344 10.9919 12.0072 10.7497 11.54 11.54 11.54 11.54 9.09203 12.7182 9.04837 11.4501 11.4786 11.54 11.5399 11.5399 11.5398 11.5398 11.5398 11.5398 11.5398 11.5394 11.5396 11.5382 11.5383 11.5369 11.54 11.54 11.54 11.54 11.5369 11.5344 11.5388 11.5389 11.5391 11.54 11.54 11.54 11.54 11.54 11.54 11.54 11.54 11.54 11.5399 11.5399 11.5399 11.54 11.54 11.54 11.54 11.5399 11.54 11.54 11.5399 11.54
11.54 11.54 11.54 11.54 11.54 11.54 11.54 11.54 11.54 11.54 11.54 11.5399 11.54 11.54 10.0813 10.1651 9.72165 10.5343 11.0039 11.54 11.54 11.54 11.54 9.72799 8.46348 8.5183 11.5931 11.4495 11.54 11.5399 11.5399 11.5399 11.5398 11.5398 11.5398 11.5397 11.54 11.5396 11.5394 11.5371 11.5354 11.54 11.54 11.54 11.5381 11.54 11.54 11.54 11.54 11.54 11.5399 11.5399 11.54 11.54 11.54 11.54 11.54 11.54 11.5399 11.5399 11.5399 11.54 11.5399 11.5399 11.5399 11.54 11.54 11.54 11.5399 11.5399 11.5399
11.54 11.54 11.54 11.54 11.54 11.54 11.54 11.54 11.54 11.54 8.16463 9.80194 10.8437 11.5399 11.54 11.54 11.54 11.0822 10.7907 10.9479 11.54 11.54 11.54 11.54 11.54 11.421 11.3825 11.035 11.5399 11.5399 11.5399 11.5398 11.5398 11.5398 11.5398 11.5397 11.5396 11.5396 11.5394 11.539 11.5371 11.5384 11.5343 11.5366 11.5395 11.5383 11.54 11.5396 11.5399 11.5398 11.5398 11.5398 11.5399 11.5399 11.5399 11.54 11.54 11.5399 11.5399 11.5399 11.5399 11.5399 11.5399 11.5399 11.5399 11.5399 11.54 11.54 11.5399 11.5399 11.5399
11.54 11.54 11.54 11.54 11.54 11.54 11.54 11.54 11.54 11.54 11.1388 13.7976 11.1473 11.54 11.54 11.54 11.54 10.7255 11.7855 10.7749 11.54 11.54 11.54 11.54 11.54 11.54 11.54 11.54 11.5399 11.5399 11.5399 11.5399 11.5399 11.5399 11.5399 11.5398 11.5397 11.5397 11.5397 11.5395 11.5384 11.5375 11.5386 11.5342 11.5365 11.54 11.5396 11.5398 11.5398 11.5399 11.5399 11.54 11.5398 11.5399 11.5399 11.5399 11.5399 11.5399 11.5399 11.5399 11.5399 11.5399 11.5399 11.5399 11.5399 11.5399 11.54 11.54 11.5399 11.5399 11.5399
11.54 11.54 11.54 11.54 11.54 11.54 11.54 11.54 11.54 11.54 11.2601 11.2012 11.1972 11.54 11.54 11.54 11.54 10.9712 10.7472 10.9023 11.54 11.54 11.54 11.54 11.54 11.54 11.54 11.5399 11.5399 11.5399 11.5399 11.5398 11.5398 11.5398 11.5398 11.5397 11.5397 11.5397 11.5396 11.5395 11.5389 11.54 11.54 11.54 11.5385 11.54 11.5398 11.5399 11.5399 11.5399 11.5399 11.5399 11.5399 11.54 11.54 11.54 11.54 11.5399 11.5399 11.5399 11.5399 11.5399 11.5399 11.5399 11.5399 11.54 11.5399 11.54 11.5399 11.5399 11.5399
11.54 11.54 11.54 11.54 11.54 11.54 11.54 11.54 11.54 11.54 11.54 11.54 11.54 11.54 11.54 11.54 11.54 11.54 11.54 11.54 11.54 11.54 11.54 11.54 11.54 11.54 11.54 11.5399 11.5399 11.5399 11.5399 11.5399 11.5398 11.5398 11.5399 11.5398 11.5397 11.5398 11.5398 11.5397 11.5394 11.54 11.54 11.54 11.5395 11.5393 11.5398 11.5399 11.54 11.54 11.5399 11.5399 11.54 11.54 11.54 11.54 11.54 11.5399 11.5399 11.5399 11.5399 11.5399 11.5399 11.5399 11.5399 11.5399 11.5399 11.5399 11.5399 11.5399 11.5399
11.5399 11.54 11.54 11.54 11.54 11.54 11.54 11.54 11.54 11.54 11.54 11.54 11.54 11.54 11.54 11.54 11.54 11.54 11.54 11.54 11.54 11.54 11.54 11.54 11.54 11.54 11.54 11.5399 11.5399 11.5399 11.5399 11.5398 11.5399 11.5399 11.5399 11.5398 11.5398 11.5398 11.5398 11.5398 11.5395 11.54 11.54 11.5396 11.5394 11.5398 11.5399 11.5399 11.5399 11.54 11.54 11.54 11.54 11.54 11.54 11.54 11.54 11.5399 11.5399 11.5399 11.5399 11.5399 11.5399 11.5399 11.5399 11.5399 11.5399 11.5399 11.5399 11.5399 11.5398
11.54 11.54 11.54 11.54 11.54 11.54 11.54 11.54 11.54 11.54 11.54 11.54 11.54 11.54 11.54 11.54 11.54 11.54 11.54 11.54 11.54 11.54 11.54 11.54 11.54 11.54 11.54 11.5399 11.5399 11.5399 11.5399 11.5399 11.5399 11.5399 11.5399 11.5399 11.5398 11.5398 11.5399 11.5399 11.5399 11.5393 11.54 11.539 11.5397 11.5398 11.5399 11.5399 11.5399 11.54 11.54 11.54 11.54 11.54 11.54 11.54 11.54 11.5399 11.5399 11.5399 11.5399 11.5399 11.5399 11.5399 11.5399 11.5399 11.5399 11.5399 11.5399 11.5399 11.5399
11.54 11.54 11.54 11.54 11.54 11.54 11.54 11.54 11.54 11.54 11.54 11.54 11.54 11.54 11.54 11.54 11.54 11.54 11.54 11.54 11.54 11.54 11.54 11.54 11.54 11.54 11.54 11.54 11.5399 11.5399 11.5399 11.5398 11.5399 11.5399 11.5399 11.5399 11.5399 11.5399 11.5399 11.5399 11.5397 11.5397 11.54 11.5397 11.5399 11.5399 11.5399 11.5399 11.54 11.54 11.54 11.54 11.54 11.54 11.54 11.54 11.54 11.5399 11.5399 11.5399 11.5399 11.5399 11.5399 11.5399 11.5399 11.5399 11.5399 11.5399 11.5399 11.5399 11.5398
11.54 11.5398 11.5399 11.5399 11.5399 11.5399 11.5399 11.5399 11.5399 11.54 11.5398 11.54 11.5399 11.54 11.54 11.54 11.54 11.54 11.54 11.54 11.54 11.54 11.54 11.54 11.54 11.54 11.54 11.5399 11.5399 11.5399 11.5399 11.5399 11.5399 11.5399 11.5399 11.5399 11.5399 11.5399 11.5399 11.5399 11.5397 11.54 11.5398 11.5398 11.5399 11.5399 11.5399 11.5399 11.54 11.54 11.54 11.54 11.54 11.54 11.54 11.54 11.54 11.5399 11.5399 11.5399 11.5399 11.5399 11.5399 11.5399 11.5399 11.5399 11.5399 11.5399 11.5399 11.5399 11.5399
11.5393 11.5395 11.5395 11.5396 11.5396 11.5397 11.5397 11.5397 11.5395 11.5396 11.5396 11.5396 11.5398 11.5399 11.54 11.5399 11.54 11.54 11.54 11.54 11.54 11.54 11.54 11.54 11.54 11.54 11.54 11.54 11.5399 11.5399 11.5399 11.5399 11.5399 11.5399 11.5399 11.5399 11.5399 11.5399 11.5399 11.5392 11.5396 11.5398 11.5398 11.5399 11.5399 11.5399 11.5399 11.54 11.54 11.54 11.54 11.54 11.54 11.54 11.54 11.54 11.54 11.5399 11.5399 11.5399 11.5399 11.5399 11.5399 11.5399 11.5399 11.5399 11.5399 11.5399 11.5399 11.5399 11.5398
11.5396 11.5396 11.5397 11.5397 11.5397 11.5398 11.5398 11.5398 11.5397 11.5393 11.5392 11.5398 11.5399 11.5399 11.5398 11.5399 11.54 11.54 11.54 11.54 11.54 11.54 11.54 11.54 11.54 11.54 11.54 11.54 11.5399 11.5399 11.5399 11.5399 11.5399 11.54 11.54 11.54 11.5399 11.5399 11.54 11.5393 11.54 11.5393 11.54 11.54 11.5399 11.5399 11.5399 11.54 11.54 11.54 11.54 11.54 11.54 11.54 11.54 11.54 11.54 11.5399 11.5399 11.5399 11.5399 11.5399 11.5399 11.5399 11.5399 11.5399 11.5399 11.5399 11.5398 11.5399 11.5399
11.54 11.54 11.54 11.54 11.54 11.54 11.54 11.54 11.54 11.54 11.5398 11.5399 11.5399 11.5399 11.5399 11.54 11.54 11.54 11.54 11.54 11.54 11.54 11.54 11.54 11.54 11.54 11.54 11.54 11.54 11.5399 11.5399 11.5399 11.5399 11.5399 11.54 11.5399 11.54 11.54 11.54 11.5397 11.5397 11.5394 11.54 11.5399 11.5399 11.54 11.54 11.54 11.54 11.54 11.54 11.54 11.54 11.54 11.54 11.54 11.54 11.5399 11.5399 11.5399 11.5399 11.5399 11.5399 11.5399 11.5399 11.54 11.5399 11.5399 11.5399 11.5399 11.5398
11.5387 11.5387 11.5388 11.5389 11.5391 11.5392 11.5393 11.5395 11.5396 11.5397 11.5397 11.5399 11.5398 11.5399 11.5399 11.54 11.54 11.54 11.54 11.54 11.54 11.54 11.54 11.54 11.54 11.54 11.54 11.54 11.54 11.5399 11.54 11.5399 11.5399 11.5399 11.54 11.54 11.54 11.54 11.54 11.54 11.54 11.54 11.54 11.54 11.54 11.54 11.54 11.54 11.54 11.54 11.54 11.54 11.54 11.54 11.54 11.54 11.54 11.5399 11.5399 11.5399 11.5399 11.54 11.54 11.5399 11.5399 11.5399 11.5399 11.5399 11.5399 11.5399 11.5399
