tests/full-run-ref/erosion_2010_78_22_-42.864.asc
ncols 512
nrows 512
xllcorner -3.24582
yllcorner -4.08743
cellsize 5
NODATA_value -99999
[rows 64 to 95 of 512, columns 142 to 212 of 512]
195.009 192.621 186.856 184.443 178.661 176.175 170.384 167.862 162.072 159.435 153.639 150.603 144.77 142.394 140.034 137.663 135.279 132.89 130.504 128.127 125.758 123.386 121.006 118.616 116.225 113.835 111.446 109.056 106.665 104.113 98.3104 92.4972 86.6982 80.8841 78.5486 76.2224 74.8917 73.8774 72.9423 72.5489 71.5011 66.7786 60.9903 55.2038 49.4117 43.6124 37.7882 31.9341 34.1157 32.0466 34.2361 32.4928 34.3808 32.5871 30.1957 24.4536 22.0629 16.296 13.9057 8.13365 5.76123 5.76895 5.77 5.77 5.77 5.77 5.77 5.77 5.77 5.77 5.77
192.595 186.833 184.446 178.677 176.267 170.48 167.996 162.198 159.679 153.882 151.248 145.441 142.401 136.544 134.175 131.824 129.456 127.071 124.681 122.291 119.903 117.514 115.124 112.731 110.339 107.946 105.555 103.164 100.77 98.5045 96.34 94.9354 89.1621 86.8134 84.4356 82.0493 80.685 79.6585 78.72 78.3253 74.9517 69.1736 63.3927 57.6099 51.8195 46.0212 40.1995 40.3197 39.9157 40.4168 40.0432 38.1167 32.4837 30.0938 24.4116 22.0263 16.2863 13.8981 8.13297 5.76316 5.76934 5.77 5.77 5.77 5.77 5.77 5.77 5.77 5.77 5.77 5.77
186.805 184.42 178.653 176.269 170.495 168.088 162.295 159.813 154.008 151.492 145.687 143.056 137.236 134.191 128.305 125.945 123.606 121.244 118.859 116.468 114.076 111.683 109.29 106.896 104.501 102.106 99.7111 97.3152 94.9149 92.6308 90.4326 89.3832 87.0343 84.8657 85.2768 85.647 85.929 85.4431 84.4979 81.5102 77.3452 71.5693 65.7939 60.01 54.2256 48.4369 48.538 46.1451 45.7526 40.3576 37.9475 32.2641 29.8971 24.2721 21.9056 16.2303 13.8536 8.12014 5.76114 5.76932 5.77 5.77 5.77 5.77 5.77 5.77 5.77 5.77 5.77 5.77 5.77
184.412 178.623 176.241 170.468 168.088 162.308 159.905 154.105 151.627 145.813 143.301 137.486 134.859 129.023 125.971 120.053 117.704 115.38 113.025 110.641 108.248 105.853 103.458 101.061 98.6636 96.2657 93.8672 91.4662 89.0581 86.7614 84.5494 83.4901 81.1095 78.9238 79.3855 79.8109 80.1246 80.3488 80.5014 79.1168 73.3428 70.9068 65.1317 62.414 56.6344 54.2488 48.6397 46.1497 40.3266 37.8976 32.0693 29.7026 24.0275 21.6842 16.0616 13.7129 8.05349 5.74861 5.76896 5.77 5.77 5.77 5.77 5.77 5.77 5.77 5.77 5.77 5.77 5.77 5.77
178.638 176.231 170.437 168.058 162.28 159.903 154.117 151.718 145.911 143.436 137.612 135.104 129.278 126.655 120.801 117.742 111.786 109.451 107.145 104.799 102.416 100.021 97.6236 95.2245 92.8245 90.4236 88.0214 85.615 83.1984 80.8886 78.6639 77.608 75.2129 73.0226 73.5211 73.9828 74.3225 74.5606 74.7226 73.3679 70.9511 65.1748 62.7379 56.9572 54.4961 48.7061 46.22 40.4059 37.9162 32.0754 29.6623 23.8175 21.4717 15.787 13.4822 7.87712 5.7126 5.76713 5.77 5.77 5.77 5.77 5.77 5.77 5.77 5.77 5.77 5.77 5.77 5.77 5.77
176.248 170.449 168.046 162.246 159.872 154.086 151.714 145.921 143.527 137.711 135.241 129.405 126.903 121.064 118.445 112.569 109.502 103.503 101.184 98.9003 96.5643 94.1824 91.786 89.3852 86.9826 84.5788 82.1728 79.7607 77.3354 75.0117 72.7739 71.7213 69.3077 67.1072 67.6427 68.1429 68.5107 68.7673 68.9406 69.0535 65.2031 62.7848 57.0048 54.5667 48.7786 46.3144 40.5096 38.0197 32.1845 29.6947 23.8279 21.4265 15.563 13.2781 7.6236 5.6542 5.76263 5.77 5.77 5.77 5.77 5.77 5.77 5.77 5.77 5.77 5.77 5.77 5.77 5.77 5.77
170.529 168.062 162.255 159.858 154.049 151.681 145.887 143.522 137.719 135.332 129.506 127.041 121.192 118.696 112.842 110.228 104.325 101.249 95.2018 92.9029 90.6443 88.3204 85.9399 83.5413 81.1372 78.7305 76.3206 73.9029 71.4684 69.1305 66.879 65.829 63.3931 61.1773 61.7501 62.2907 62.6889 62.9665 63.1527 63.275 62.816 57.0357 54.6171 48.8326 46.3931 40.5962 38.129 32.308 29.8152 23.9569 21.4687 15.5766 13.2296 7.43652 5.59764 5.75664 5.77 5.77 5.77 5.77 5.77 5.77 5.77 5.77 5.77 5.77 5.77 5.77 5.77 5.77 5.77
168.149 162.336 159.872 154.057 151.664 145.847 143.485 137.682 135.324 129.512 127.132 121.295 118.836 112.972 110.483 104.612 102.002 96.0702 92.9836 86.8809 84.6055 82.3762 80.0662 77.6873 75.2863 72.8779 70.4645 68.0411 65.5973 63.2444 60.9786 59.9305 57.4681 55.2324 55.8433 56.4262 56.8569 57.158 57.36 57.4917 57.0577 54.6501 48.8673 46.4481 40.6582 38.2171 32.4098 29.9396 24.1011 21.6062 15.7239 13.2751 7.4484 5.57453 5.75245 5.77 5.77 5.77 5.77 5.77 5.77 5.77 5.77 5.77 5.77 5.77 5.77 5.77 5.77 5.77 5.77
162.452 159.96 154.137 151.678 145.852 143.467 137.639 135.285 129.472 127.122 121.299 118.928 113.077 110.625 104.745 102.263 96.3731 93.768 87.802 84.7036 78.5388 76.2905 74.0949 71.8006 69.4235 67.0191 64.6035 62.1747 59.7214 57.3532 55.0723 54.0255 51.5325 49.2718 49.9217 50.5491 51.0146 51.3413 51.5614 51.7055 51.7967 48.8948 46.4841 40.6974 38.2777 32.4814 30.0383 24.2194 21.7464 15.8891 13.4167 7.58376 5.59115 5.75244 5.77 5.77 5.77 5.77 5.77 5.77 5.77 5.77 5.77 5.77 5.77 5.77 5.77 5.77 5.77 5.77 5.77
160.075 154.256 151.767 145.933 143.479 137.642 135.264 129.425 127.08 121.255 118.915 113.079 110.718 104.853 102.409 96.5107 94.0371 88.1246 85.5246 79.5196 76.408 70.1735 67.9565 65.799 63.5225 61.1465 58.7355 56.3029 53.8403 51.4564 49.1597 48.1136 45.5855 43.2949 43.9848 44.6591 45.1616 45.5161 45.7563 45.9138 46.0154 46.0742 40.7286 38.3166 32.5261 30.1056 24.3019 21.8569 16.0249 13.5641 7.74084 5.62781 5.75519 5.77 5.77 5.77 5.77 5.77 5.77 5.77 5.77 5.77 5.77 5.77 5.77 5.77 5.77 5.77 5.77 5.77 5.77
154.352 151.885 146.055 143.57 137.724 135.276 129.425 127.056 121.205 118.87 113.032 110.702 104.854 102.502 96.6217 94.186 88.2679 85.8036 79.866 77.2712 71.2221 68.0957 61.7832 59.6017 57.4872 55.2297 52.8518 50.4232 47.9532 45.5536 43.2406 42.1944 39.6268 37.3011 38.032 38.7557 39.2975 39.682 39.9444 40.1174 40.2277 40.2959 38.3453 32.5605 30.1482 24.3532 21.9319 16.1198 13.6816 7.87245 5.66622 5.75876 5.77 5.77 5.77 5.77 5.77 5.77 5.77 5.77 5.77 5.77 5.77 5.77 5.77 5.77 5.77 5.77 5.77 5.77 5.77
151.988 146.155 143.691 137.85 135.369 129.509 127.068 121.203 118.844 112.978 110.654 104.802 102.485 96.6213 94.2815 88.3834 85.9572 80.0168 77.5624 71.5967 69.0072 62.9081 59.7652 53.3659 51.2245 49.1573 46.9174 44.526 42.0574 39.6438 37.3144 36.2677 33.6559 31.2896 32.0625 32.8382 33.4219 33.8388 34.1253 34.3159 34.4385 34.5163 32.5868 30.1798 24.3912 21.9788 16.1787 13.7621 7.96592 5.69759 5.762 5.77 5.77 5.77 5.77 5.77 5.77 5.77 5.77 5.77 5.77 5.77 5.77 5.77 5.77 5.77 5.77 5.77 5.77 5.77 5.77
146.25 143.798 137.953 135.494 129.64 127.165 121.289 118.855 112.974 110.626 104.745 102.433 96.5662 94.2617 88.3823 86.0551 80.1377 77.7219 71.7571 69.3134 63.3162 60.7319 54.5764 51.4152 44.9195 42.8225 40.8045 38.5716 36.1424 33.7246 31.3804 30.3328 27.6721 25.2597 26.0755 26.9058 27.5341 27.9857 28.2985 28.5085 28.6448 28.7323 30.2021 24.4207 22.0129 16.2208 13.813 8.02485 5.71965 5.76444 5.77 5.77 5.77 5.77 5.77 5.77 5.77 5.77 5.77 5.77 5.77 5.77 5.77 5.77 5.77 5.77 5.77 5.77 5.77 5.77 5.77
143.882 138.053 135.605 129.748 127.294 121.426 118.956 113.064 110.638 104.74 102.403 96.5051 94.2074 88.3235 86.0335 80.1365 77.8231 71.8845 69.48 63.4884 61.0562 55.0234 52.4442 46.2255 43.0442 36.4412 34.3911 32.4153 30.1651 27.7851 25.4358 24.3893 21.675 19.2105 20.0702 20.9578 21.6334 22.1223 22.4637 22.695 22.8459 22.941 24.4318 22.0377 16.2538 13.8488 8.06513 5.73446 5.76606 5.77 5.77 5.77 5.77 5.77 5.77 5.77 5.77 5.77 5.77 5.77 5.77 5.77 5.77 5.77 5.77 5.77 5.77 5.77 5.77 5.77 5.77
138.077 135.692 129.853 127.409 121.54 119.09 113.207 110.743 104.833 102.416 96.4995 94.1753 88.2589 85.9761 80.0742 77.7998 71.8839 69.5852 63.6237 61.2315 55.211 52.791 46.7181 44.1432 37.8541 34.6505 27.9261 25.9183 23.9653 21.7814 19.4823 18.4514 15.6677 13.1398 14.0456 14.9931 15.7188 16.2478 16.6202 16.8747 17.042 17.1476 19.5985 16.2735 13.8752 8.09596 5.74536 5.76722 5.77 5.77 5.77 5.77 5.77 5.77 5.77 5.77 5.77 5.77 5.77 5.77 5.77 5.77 5.77 5.77 5.77 5.77 5.77 5.77 5.77 5.77 5.77
135.667 129.878 127.498 121.649 119.21 113.328 110.884 104.984 102.526 96.5973 94.1897 88.2533 85.9426 80.0064 77.7396 71.8183 69.5609 63.6245 61.3417 55.3552 52.9761 46.9245 44.5172 38.4001 35.8286 29.4612 26.2315 19.3626 17.3884 15.541 13.4577 12.7849 9.76153 7.32586 8.24632 9.13998 9.85203 10.3898 10.7796 11.0522 11.2345 11.3486 13.8466 13.8919 8.11608 5.75324 5.76812 5.77 5.77 5.77 5.77 5.77 5.77 5.77 5.77 5.77 5.77 5.77 5.77 5.77 5.77 5.77 5.77 5.77 5.77 5.77 5.77 5.77 5.77 5.77 5.77
129.807 127.473 121.676 119.303 113.443 111.009 105.113 102.674 96.7571 94.3059 88.3566 85.9592 80.0013 77.7051 71.7477 69.498 63.556 61.3167 55.3583 53.0923 47.0787 44.7138 38.6288 36.2345 30.0688 27.4997 21.0451 17.7929 10.7628 9.03599 7.49308 7.39307 5.05294 4.33153 4.75737 4.97663 5.18167 5.35222 5.48463 5.58169 5.64883 5.68045 8.09247 8.1305 5.75772 5.76869 5.77 5.77 5.77 5.77 5.77 5.77 5.77 5.77 5.77 5.77 5.77 5.77 5.77 5.77 5.77 5.77 5.77 5.77 5.77 5.77 5.77 5.77 5.77 5.77 5.77
127.361 121.6 119.276 113.471 111.106 105.234 102.806 96.8947 94.4624 88.5262 86.0821 80.1111 77.7246 71.7439 69.4629 63.4829 61.2515 55.2874 53.0673 47.0853 44.837 38.7941 36.4446 30.3235 27.9423 21.7234 19.1633 12.632 9.64706 3.41523 4.08104 5.09618 5.48757 5.726 5.77 5.77 5.77 5.77 5.77 5.77 5.77 5.76759 5.76321 5.76401 5.76894 5.77 5.77 5.77 5.77 5.77 5.77 5.77 5.77 5.77 5.77 5.77 5.77 5.77 5.77 5.77 5.77 5.77 5.77 5.77 5.77 5.77 5.77 5.77 5.77 5.77 5.77
121.479 119.16 113.392 111.078 105.264 102.906 97.022 94.6 88.6735 86.2475 80.2916 77.8549 71.861 69.4859 63.481 61.2162 55.2121 53 47.0124 44.8127 38.8055 36.5756 30.5015 28.1681 22.0081 19.646 13.3847 11.0529 5.07052 4.82409 5.7249 5.77 5.77 5.77 5.77 5.77 5.77 5.77 5.77 5.77 5.77 5.77 5.77 5.77 5.77 5.77 5.77 5.77 5.77 5.77 5.77 5.77 5.77 5.77 5.77 5.77 5.77 5.77 5.77 5.77 5.77 5.77 5.77 5.77 5.77 5.77 5.77 5.77 5.77 5.77 5.77
119.078 113.264 110.957 105.181 102.878 97.0549 94.7046 88.8076 86.3922 80.4494 78.0301 72.0533 69.6244 63.6064 61.2433 55.2128 52.9647 46.935 44.7434 38.7311 36.5529 30.5188 28.3081 22.2006 19.889 13.6998 11.535 5.67469 5.03056 5.71508 5.77 5.77 5.77 5.77 5.77 5.77 5.77 5.77 5.77 5.77 5.77 5.77 5.77 5.77 5.77 5.77 5.77 5.77 5.77 5.77 5.77 5.77 5.77 5.77 5.77 5.77 5.77 5.77 5.77 5.77 5.77 5.77 5.77 5.77 5.77 5.77 5.77 5.77 5.77 5.77 5.77
113.19 110.871 105.046 102.752 96.9672 94.6754 88.8433 86.5013 80.5908 78.1822 72.2225 69.8101 63.8115 61.3908 55.3477 52.9972 46.9396 44.7088 38.6518 36.4817 30.4435 28.2877 22.2251 20.0384 13.9061 11.7728 5.93737 5.10687 5.71744 5.77 5.77 5.77 5.77 5.77 5.77 5.77 5.77 5.77 5.77 5.77 5.77 5.77 5.77 5.77 5.77 5.77 5.77 5.77 5.77 5.77 5.77 5.77 5.77 5.77 5.77 5.77 5.77 5.77 5.77 5.77 5.77 5.77 5.77 5.77 5.77 5.77 5.77 5.77 5.77 5.77 5.77
110.879 104.969 102.661 96.8257 94.5445 88.7516 86.4716 80.6294 78.296 72.3716 69.9702 63.9928 61.5875 55.5661 53.1539 47.0849 44.7474 38.6616 36.4486 30.3628 28.2151 22.1496 20.0215 13.9387 11.9115 6.106 5.14611 5.71904 5.77 5.77 5.77 5.77 5.77 5.77 5.77 5.77 5.77 5.77 5.77 5.77 5.77 5.77 5.77 5.77 5.77 5.77 5.77 5.77 5.77 5.77 5.77 5.77 5.77 5.77 5.77 5.77 5.77 5.77 5.77 5.77 5.77 5.77 5.77 5.77 5.77 5.77 5.77 5.77 5.77 5.77 5.77
105.032 102.669 96.7457 94.4494 88.6032 86.3356 80.5339 78.2661 72.4134 70.089 64.15 61.7562 55.7604 53.3626 47.3174 44.9142 38.8181 36.4941 30.3789 28.1844 22.0684 19.9487 13.8653 11.9068 6.14056 5.16251 5.72026 5.77 5.77 5.77 5.77 5.77 5.77 5.77 5.77 5.77 5.77 5.77 5.77 5.77 5.77 5.77 5.77 5.77 5.77 5.77 5.77 5.77 5.77 5.77 5.77 5.77 5.77 5.77 5.77 5.77 5.77 5.77 5.77 5.77 5.77 5.77 5.77 5.77 5.77 5.77 5.77 5.77 5.77 5.77 5.77
102.734 96.8107 94.4574 88.5194 86.2359 80.3784 78.1251 72.3142 70.059 64.1953 61.8802 55.9262 53.5403 47.5254 45.1353 39.0654 36.6718 30.5477 28.2376 22.0917 19.9211 13.7858 11.8453 6.0873 5.15382 5.72006 5.77 5.77 5.77 5.77 5.77 5.77 5.77 5.77 5.77 5.77 5.77 5.77 5.77 5.77 5.77 5.77 5.77 5.77 5.77 5.77 5.77 5.77 5.77 5.77 5.77 5.77 5.77 5.77 5.77 5.77 5.77 5.77 5.77 5.77 5.77 5.77 5.77 5.77 5.77 5.77 5.77 5.77 5.77 5.77 5.77
96.9307 94.5255 88.587 86.2433 80.2906 78.0206 72.1516 69.9129 64.0927 61.8502 55.9752 53.6696 47.7001 45.3223 39.2878 36.9056 30.8105 28.4268 22.2738 19.9826 13.8169 11.8222 6.0302 5.13554 5.71877 5.77 5.77 5.77 5.77 5.77 5.77 5.77 5.77 5.77 5.77 5.77 5.77 5.77 5.77 5.77 5.77 5.77 5.77 5.77 5.77 5.77 5.77 5.77 5.77 5.77 5.77 5.77 5.77 5.77 5.77 5.77 5.77 5.77 5.77 5.77 5.77 5.77 5.77 5.77 5.77 5.77 5.77 5.77 5.77 5.77 5.77
94.6302 88.714 86.3153 80.3604 78.0272 72.0596 69.8035 63.9228 61.6993 55.8692 53.64 47.753 45.4573 39.4717 37.1024 31.0475 28.6737 22.5528 20.1832 14.0109 11.8885 6.06181 5.12742 5.7175 5.77 5.77 5.77 5.77 5.77 5.77 5.77 5.77 5.77 5.77 5.77 5.77 5.77 5.77 5.77 5.77 5.77 5.77 5.77 5.77 5.77 5.77 5.77 5.77 5.77 5.77 5.77 5.77 5.77 5.77 5.77 5.77 5.77 5.77 5.77 5.77 5.77 5.77 5.77 5.77 5.77 5.77 5.77 5.77 5.77 5.77 5.77
88.8131 86.4262 80.4946 78.1029 72.1313 69.8092 63.8263 61.5849 55.6922 53.4843 47.644 45.4281 39.5287 37.2433 31.241 28.8805 22.8046 20.4423 14.303 12.0793 6.22147 5.14534 5.71727 5.77 5.77 5.77 5.77 5.77 5.77 5.77 5.77 5.77 5.77 5.77 5.77 5.77 5.77 5.77 5.77 5.77 5.77 5.77 5.77 5.77 5.77 5.77 5.77 5.77 5.77 5.77 5.77 5.77 5.77 5.77 5.77 5.77 5.77 5.77 5.77 5.77 5.77 5.77 5.77 5.77 5.77 5.77 5.77 5.77 5.77 5.77 5.77
86.5117 80.6011 78.2201 72.2726 69.8883 63.8997 61.5893 55.591 53.3648 47.4599 45.2677 39.4168 37.2147 31.3024 29.0275 23.0079 20.6587 14.5672 12.3223 6.45789 5.191 5.71902 5.77 5.77 5.77 5.77 5.77 5.77 5.77 5.77 5.77 5.77 5.77 5.77 5.77 5.77 5.77 5.77 5.77 5.77 5.77 5.77 5.77 5.77 5.77 5.77 5.77 5.77 5.77 5.77 5.77 5.77 5.77 5.77 5.77 5.77 5.77 5.77 5.77 5.77 5.77 5.77 5.77 5.77 5.77 5.77 5.77 5.77 5.77 5.77 5.77
80.6661 78.3109 72.3868 70.012 64.048 61.6717 55.6657 53.3677 47.3538 45.1433 39.2258 37.0497 31.1878 28.9997 23.074 20.8116 14.7786 12.5298 6.67603 5.24972 5.7227 5.77 5.77 5.77 5.77 5.77 5.77 5.77 5.77 5.77 5.77 5.77 5.77 5.77 5.77 5.77 5.77 5.77 5.77 5.77 5.77 5.77 5.77 5.77 5.77 5.77 5.77 5.77 5.77 5.77 5.77 5.77 5.77 5.77 5.77 5.77 5.77 5.77 5.77 5.77 5.77 5.77 5.77 5.77 5.77 5.77 5.77 5.77 5.77 5.77 5.77
78.3706 72.457 70.1085 64.1703 61.802 55.8209 53.4532 47.4294 45.1446 39.1149 36.9205 30.9901 28.8303 22.9568 20.7847 14.8489 12.6709 6.84842 5.3037 5.72699 5.77 5.77 5.77 5.77 5.77 5.77 5.77 5.77 5.77 5.77 5.77 5.77 5.77 5.77 5.77 5.77 5.77 5.77 5.77 5.77 5.77 5.77 5.77 5.77 5.77 5.77 5.77 5.77 5.77 5.77 5.77 5.77 5.77 5.77 5.77 5.77 5.77 5.77 5.77 5.77 5.77 5.77 5.77 5.77 5.77 5.77 5.77 5.77 5.77 5.77 5.77
72.5082 70.1716 64.2462 61.9045 55.9516 53.5901 47.5914 45.2328 39.191 36.92 30.8744 28.6965 22.7527 20.6118 14.7305 12.6477 6.90711 5.33573 5.73061 5.77 5.77 5.77 5.77 5.77 5.77 5.77 5.77 5.77 5.77 5.77 5.77 5.77 5.77 5.77 5.77 5.77 5.77 5.77 5.77 5.77 5.77 5.77 5.77 5.77 5.77 5.77 5.77 5.77 5.77 5.77 5.77 5.77 5.77 5.77 5.77 5.77 5.77 5.77 5.77 5.77 5.77 5.77 5.77 5.77 5.77 5.77 5.77 5.77 5.77 5.77 5.77
70.2198 64.3007 61.9713 56.0337 53.6989 47.7307 45.3763 39.3595 37.0106 30.9506 28.694 22.6324 20.4741 14.5224 12.4914 6.81312 5.32876 5.73169 5.77 5.77 5.77 5.77 5.77 5.77 5.77 5.77 5.77 5.77 5.77 5.77 5.77 5.77 5.77 5.77 5.77 5.77 5.77 5.77 5.77 5.77 5.77 5.77 5.77 5.77 5.77 5.77 5.77 5.77 5.77 5.77 5.77 5.77 5.77 5.77 5.77 5.77 5.77 5.77 5.77 5.77 5.77 5.77 5.77 5.77 5.77 5.77 5.77 5.77 5.77 5.77 5.77
