tests/full-run-ref/erosion_86_12_73.390.asc
ncols 512
nrows 512
xllcorner -3.24582
yllcorner -4.08743
cellsize 5
NODATA_value -99999
[rows 210 to 239 of 512, columns 0 to 66 of 512]
13.9295 8.15946 5.77007 5.76999 5.77017 5.76998 5.76995 5.76996 5.76991 5.7697 5.7699 5.77 5.77 5.7698 5.76983 5.76997 5.76996 5.76989 5.63887 5.88803 5.47724 5.77003 5.76991 5.76996 5.76997 5.77 5.76971 5.76993 5.76988 5.77016 5.76984 5.76992 5.76975 5.76989 5.76967 5.76973 5.76963 5.76986 5.76982 5.77 5.76999 5.77 5.76992 5.76989 5.76985 5.77 5.77 5.76976 5.77021 5.76997 5.76987 5.76986 5.76993 5.77012 5.76994 5.76992 5.76996 5.76991 5.77016 5.7702 5.77017 5.77012 5.76986 5.77021 5.76977 5.76999 5.77008
16.3195 11.5394 5.77 5.76999 5.77014 5.77011 5.77 5.7699 5.77004 5.76987 5.77 5.76999 5.77 5.77 5.7699 5.77006 5.76994 5.76989 5.60498 5.49452 5.50617 5.76991 5.76993 5.77 5.76991 5.76989 5.76977 5.77017 5.76979 5.76995 5.76992 5.76995 5.76988 5.76991 5.76998 5.77001 5.76997 5.77 5.77 5.76999 5.77 5.76999 5.77 5.77 5.77 5.77 5.77 5.76957 5.77021 5.76999 5.76982 5.7702 5.76994 5.77 5.76991 5.77008 5.76994 5.76999 5.77021 5.76997 5.76996 5.76994 5.76996 5.77021 5.76984 5.76982 5.7702
17.3093 11.5393 5.77 5.77007 5.76999 5.77019 5.76997 5.76995 5.76992 5.76988 5.76988 5.77 5.77 5.77 5.76978 5.76996 5.7699 5.77008 5.76984 5.77 5.77 5.77 4.93475 4.41038 4.27784 5.77007 5.76982 5.76978 5.76986 5.76995 5.76989 5.76985 5.77017 5.76977 5.76974 5.76969 5.76998 5.76984 5.76979 5.76966 5.77 5.77 5.76977 5.76979 5.7697 5.77 5.77 5.7695 5.7702 5.76997 5.76986 5.76993 5.76996 5.76999 5.76994 5.76985 5.76995 5.77 5.77021 5.76999 5.77008 5.77016 5.76985 5.77021 5.7698 5.77018 5.76989
17.3093 11.5393 5.77 5.77016 5.76997 5.77007 5.77 5.76999 5.76986 5.77006 5.76983 5.77 5.76994 5.76986 5.76974 5.77017 5.7698 5.7699 5.76986 5.76987 5.77 5.77 4.47058 6.73177 3.98113 5.76984 5.76987 5.77 5.77 5.76991 5.77012 5.76987 5.76981 5.76986 5.77015 5.76963 5.77 5.76966 5.77016 5.76968 5.76996 5.76998 5.76991 5.77019 5.76975 5.77 5.77 5.76964 5.77017 5.76987 5.76993 5.7699 5.77019 5.7699 5.77 5.77001 5.76975 5.77014 5.77021 5.77019 5.77021 5.77019 5.76991 5.7702 5.76975 5.7699 5.76994
17.3093 11.5393 5.77 5.77018 5.76983 5.76998 5.77019 5.76994 5.7699 5.76988 5.76986 5.76981 5.76987 5.77005 5.76983 5.76996 5.76982 5.76987 5.77009 5.76975 5.77 5.77 3.95042 3.53052 4.12948 5.77 5.77 5.77 5.77 5.76987 5.76979 5.76984 5.77 5.76985 5.76984 5.76974 5.77 5.76971 5.76985 5.76977 5.77002 5.76998 5.76989 5.7699 5.76985 5.77 5.77 5.76979 5.77006 5.76989 5.77006 5.76983 5.76992 5.76994 5.77 5.76998 5.76972 5.77019 5.77021 5.7701 5.77021 5.7702 5.77013 5.76985 5.76993 5.76996 5.76992
17.3093 11.5393 5.77 5.77017 5.76977 5.7699 5.76982 5.77017 5.77 5.76985 5.77011 5.76974 5.76978 5.76984 5.76988 5.77003 5.76998 5.76985 5.76978 5.76984 5.77 5.77 5.77 5.77 5.77 5.77 5.77 5.77 5.77 5.76999 5.77001 5.76999 5.77 5.77 5.77 5.76999 5.76999 5.76994 5.77003 5.76995 5.76997 5.76998 5.77002 5.76999 5.77 5.76994 5.76987 5.76988 5.76992 5.76989 5.76984 5.76989 5.76981 5.76997 5.76998 5.77 5.77004 5.77018 5.7702 5.76999 5.77021 5.7702 5.76995 5.7702 5.76976 5.77004 5.77019
17.3093 11.5393 5.77 5.77013 5.76979 5.77003 5.7697 5.7702 5.76996 5.76991 5.76982 5.76986 5.76961 5.77015 5.7698 5.76998 5.76999 5.7698 5.77 5.76987 5.76987 5.76991 5.77 5.77 5.76984 5.76971 5.76982 5.76983 5.76979 5.76952 5.76943 5.76948 5.76971 5.76972 5.76988 5.76987 5.76999 5.76968 5.76962 5.76968 5.76999 5.76982 5.76978 5.76982 5.76999 5.77 5.7701 5.77005 5.7701 5.77015 5.77018 5.77014 5.76966 5.77002 5.76997 5.76998 5.76986 5.77015 5.7702 5.76994 5.77015 5.7702 5.77 5.77019 5.76973 5.76998 5.7702
17.3093 11.5393 5.77 5.77007 5.76987 5.76997 5.76974 5.77019 5.76995 5.77 5.76991 5.77004 5.76982 5.76976 5.76989 5.76983 5.77012 5.76979 5.76999 5.76979 5.77008 5.76988 5.77 5.77 5.76984 5.77016 5.76999 5.77015 5.7702 5.7702 5.77021 5.77021 5.77021 5.77021 5.77021 5.77021 5.77021 5.77021 5.77021 5.77021 5.77021 5.77021 5.77021 5.77021 5.77021 5.7702 5.7702 5.7702 5.7702 5.7702 5.77021 5.77021 5.76959 5.76997 5.76998 5.77 5.76992 5.76976 5.77021 5.76985 5.7698 5.7702 5.76997 5.7702 5.76963 5.77001 5.7702
17.3093 11.5393 5.77 5.77003 5.76995 5.77 5.76989 5.77013 5.76999 5.76999 5.76995 5.76993 5.76996 5.76982 5.7701 5.76988 5.76981 5.76999 5.76978 5.7699 5.7699 5.76985 5.76985 5.77 5.76987 5.76998 5.76995 5.7697 5.76978 5.76978 5.76976 5.76973 5.76975 5.76977 5.76975 5.76969 5.76972 5.76967 5.76966 5.76964 5.76966 5.76968 5.76979 5.76992 5.76999 5.76995 5.76988 5.76987 5.7699 5.76988 5.76979 5.76991 5.77 5.76987 5.76977 5.76979 5.76983 5.7701 5.76992 5.76998 5.76992 5.76998 5.76995 5.77001 5.7702 5.76985 5.7702
17.3093 11.5393 5.77 5.77 5.76995 5.76997 5.76996 5.76998 5.7702 5.76997 5.77 5.77 5.77 5.76986 5.76984 5.76984 5.76998 5.77017 5.76997 5.77 5.76977 5.77012 5.76981 5.77 5.76988 5.76999 5.76991 5.76998 5.76998 5.76998 5.76999 5.76999 5.76999 5.77 5.76999 5.76999 5.77 5.76999 5.76999 5.76999 5.76999 5.76999 5.77 5.76996 5.77012 5.77007 5.76999 5.77009 5.77013 5.77011 5.77004 5.77011 5.77016 5.77018 5.77019 5.7702 5.7702 5.77019 5.77007 5.76998 5.76999 5.77017 5.76986 5.76996 5.76996 5.77021 5.76983
17.3094 11.5394 5.77 5.76999 5.77014 5.76996 5.77 5.76989 5.77014 5.76999 5.76998 5.76995 5.77 5.76986 5.7699 5.76992 5.76998 5.77 5.76999 5.76992 5.76992 5.76984 5.76989 5.76985 5.77 5.77018 5.7702 5.77021 5.7702 5.77019 5.77019 5.77019 5.77019 5.7702 5.7702 5.7702 5.7702 5.77021 5.7702 5.7702 5.7702 5.77021 5.77021 5.77021 5.77021 5.77021 5.77021 5.77021 5.77021 5.77021 5.77021 5.77021 5.77021 5.77021 5.77021 5.77021 5.77021 5.77021 5.7702 5.77016 5.77019 5.7701 5.77019 5.77012 5.76998 5.77019 5.7702
17.3094 11.5394 5.77 5.76998 5.77019 5.76964 5.76999 5.76999 5.76999 5.77018 5.77012 5.76999 5.76996 5.76986 5.77018 5.76986 5.77 5.76986 5.77009 5.76998 5.77 5.76986 5.7701 5.76978 5.77013 5.76982 5.76953 5.76958 5.76982 5.77 5.77019 5.76999 5.7701 5.77006 5.76999 5.77006 5.76995 5.76994 5.76995 5.77008 5.77005 5.76999 5.77003 5.77011 5.76999 5.77017 5.77021 5.7702 5.7702 5.76997 5.77021 5.76996 5.77021 5.77 5.77021 5.77021 5.77021 5.77017 5.77021 5.77021 5.77021 5.77021 5.77021 5.77021 5.7702 5.77004 5.7699
17.3094 11.5394 5.77 5.76998 5.7702 5.76987 5.76986 5.77006 5.76994 5.76997 5.77017 5.7701 5.76995 5.76977 5.76955 5.76972 5.77 5.76978 5.77016 5.76998 5.77 5.76984 5.76982 5.76963 5.7702 5.7696 5.77 5.77 5.76996 5.76998 5.77018 5.76996 5.77 5.76998 5.76999 5.77 5.76999 5.77001 5.76999 5.76999 5.77 5.76998 5.76995 5.76997 5.76997 5.77017 5.77 5.76999 5.76999 5.77021 5.76996 5.77021 5.76999 5.77021 5.77021 5.77021 5.7702 5.77 5.77021 5.77021 5.77021 5.77021 5.77021 5.77021 5.77021 5.77018 5.76993
17.3094 11.5394 5.77 5.76998 5.7702 5.76997 5.77017 5.76974 5.76999 5.76982 5.77015 5.76999 5.76999 5.76998 5.77001 5.76973 5.7698 5.76999 5.76996 5.76999 5.76988 5.77 5.77 5.76969 5.77019 5.76966 5.77 5.77 5.76995 5.77008 5.77019 5.76995 5.77017 5.76979 5.76992 5.7699 5.76992 5.76994 5.76997 5.76994 5.76996 5.77 5.77006 5.77012 5.77019 5.7702 5.76998 5.76973 5.77021 5.77 5.77021 5.77021 5.77021 5.77019 5.77021 5.77018 5.76998 5.77016 5.77021 5.77018 5.7702 5.76997 5.7702 5.77021 5.77021 5.77021 5.77001
17.3094 11.5394 5.77 5.76998 5.7702 5.76999 5.77006 5.7699 5.7699 5.76998 5.77018 5.77019 5.76998 5.76974 5.76998 5.76958 5.77018 5.76978 5.76991 5.77008 5.76971 5.76985 5.76983 5.76976 5.77012 5.76986 5.77 5.77 5.76997 5.76999 5.77018 5.76977 5.77013 5.76981 5.77008 5.76997 5.77007 5.76989 5.76994 5.77004 5.76992 5.76998 5.76993 5.77016 5.77018 5.77012 5.76993 5.77021 5.76988 5.77021 5.76988 5.77021 5.76986 5.77021 5.77021 5.77021 5.76993 5.77021 5.77021 5.77021 5.77 5.77021 5.77016 5.77018 5.77021 5.77021 5.77004
17.3094 11.5394 5.77 5.76998 5.7702 5.7698 5.76994 5.76997 5.76985 5.77019 5.77002 5.77016 5.77018 5.77002 5.76999 5.76984 5.76985 5.76978 5.76963 5.7702 5.76993 5.76987 5.77009 5.76988 5.76993 5.76989 5.77 5.77 5.77 5.76993 5.76996 5.76999 5.76993 5.76991 5.76992 5.76991 5.76992 5.76995 5.76996 5.76993 5.76996 5.77 5.76991 5.76976 5.76968 5.76979 5.77 5.76998 5.77005 5.76999 5.77012 5.76996 5.77015 5.76995 5.76996 5.76992 5.76993 5.76999 5.77021 5.76985 5.77021 5.77019 5.77021 5.76997 5.77021 5.77021 5.77021
17.3095 11.5395 5.77 5.76999 5.77018 5.76976 5.76999 5.76994 5.76998 5.77016 5.76995 5.76997 5.77019 5.76998 5.76993 5.76988 5.7701 5.76986 5.76996 5.77011 5.76991 5.76994 5.76986 5.76996 5.76988 5.76999 5.76996 5.76997 5.76998 5.76998 5.76995 5.77 5.76996 5.76998 5.77 5.76999 5.76999 5.77 5.76998 5.76985 5.76979 5.77 5.76988 5.76998 5.76998 5.76997 5.77002 5.77014 5.77014 5.77019 5.77017 5.77019 5.77018 5.77019 5.77018 5.77017 5.77014 5.76988 5.77016 5.76995 5.76998 5.77021 5.76996 5.77019 5.77021 5.77017 5.77021
17.3095 11.5395 5.77 5.76999 5.77009 5.76957 5.77002 5.76987 5.77009 5.77013 5.76991 5.76999 5.77007 5.77018 5.77 5.76994 5.76979 5.76988 5.76963 5.77011 5.76996 5.76993 5.76987 5.76994 5.77005 5.77018 5.7702 5.77021 5.77021 5.7702 5.77019 5.7702 5.77019 5.77019 5.7702 5.7702 5.7702 5.77021 5.7702 5.77019 5.7702 5.7702 5.77021 5.7702 5.77021 5.77021 5.77021 5.77021 5.77021 5.77021 5.77021 5.77021 5.77021 5.77021 5.77021 5.77021 5.77021 5.7702 5.76991 5.77015 5.77005 5.77017 5.76991 5.77021 5.76996 5.77 5.7702
17.3095 11.5395 5.77 5.76999 5.76998 5.76998 5.7699 5.76993 5.7702 5.7699 5.77016 5.76998 5.77004 5.76999 5.77019 5.76998 5.76994 5.77003 5.76954 5.77017 5.76996 5.76988 5.77009 5.76989 5.76991 5.76999 5.76938 5.76983 5.76981 5.76985 5.77018 5.76999 5.77009 5.77003 5.76999 5.77006 5.76999 5.76985 5.76999 5.77017 5.77016 5.77014 5.76983 5.7702 5.76973 5.77021 5.76999 5.77021 5.76996 5.77021 5.77 5.7702 5.77021 5.77021 5.77021 5.77021 5.77021 5.77021 5.77021 5.77021 5.77021 5.77021 5.77021 5.76998 5.7702 5.77016 5.76998
16.3197 11.5381 5.77 5.76997 5.77012 5.76956 5.77018 5.76997 5.77021 5.76999 5.76987 5.76989 5.77016 5.76987 5.77017 5.76999 5.76984 5.76987 5.76944 5.7702 5.76997 5.76987 5.76993 5.76986 5.76996 5.76994 5.77 5.76996 5.77004 5.76982 5.77021 5.7699 5.76999 5.76996 5.76994 5.76991 5.76996 5.76996 5.76999 5.77003 5.76999 5.76995 5.7702 5.76987 5.77021 5.77001 5.77021 5.77017 5.77021 5.76995 5.77021 5.7702 5.77021 5.77016 5.77021 5.77016 5.77021 5.77018 5.77021 5.76999 5.77018 5.77021 5.77019 5.76997 5.77019 5.77021 5.7702
13.9297 8.15966 5.77006 5.7702 5.7702 5.7701 5.76986 5.76999 5.77019 5.76981 5.76998 5.77013 5.76978 5.7702 5.76986 5.77013 5.76999 5.77012 5.76963 5.77018 5.76998 5.76992 5.77006 5.76991 5.76999 5.77008 5.76998 5.76995 5.76998 5.76984 5.7702 5.76976 5.7701 5.76986 5.77 5.76999 5.76999 5.77016 5.77019 5.76997 5.7698 5.77017 5.7702 5.77021 5.76998 5.77021 5.76981 5.77021 5.76996 5.77021 5.77015 5.77021 5.77 5.77021 5.76999 5.77021 5.77 5.77021 5.76999 5.77011 5.7702 5.77021 5.77016 5.76996 5.77019 5.77004 5.77019
11.54 5.77006 5.77016 5.77018 5.77021 5.76999 5.76991 5.76998 5.7702 5.76993 5.77007 5.76997 5.76995 5.77018 5.76989 5.76994 5.76995 5.76998 5.76983 5.7701 5.77 5.76995 5.76992 5.76973 5.77012 5.76996 5.76993 5.77005 5.76998 5.77 5.77019 5.76947 5.76984 5.76994 5.76993 5.77002 5.77021 5.77009 5.77 5.76976 5.77018 5.76997 5.7702 5.76998 5.77021 5.77 5.77021 5.77 5.77021 5.77 5.77021 5.77021 5.77021 5.76996 5.77021 5.77 5.77021 5.76993 5.7702 5.77021 5.77021 5.77021 5.77016 5.76995 5.77021 5.76999 5.77018
11.54 5.77006 5.77021 5.7702 5.77021 5.7701 5.76993 5.77018 5.77002 5.77019 5.76999 5.77017 5.76998 5.7702 5.76985 5.77006 5.76999 5.77008 5.76997 5.76978 5.76988 5.76984 5.76999 5.76989 5.7702 5.76997 5.76993 5.76986 5.76998 5.77007 5.77017 5.7695 5.76998 5.76991 5.76999 5.77019 5.76926 5.76979 5.76979 5.77018 5.77019 5.7702 5.76993 5.77021 5.76996 5.77021 5.77 5.77021 5.7699 5.77021 5.77021 5.77021 5.7702 5.77021 5.76996 5.77021 5.76984 5.7702 5.77021 5.77018 5.77 5.77021 5.77016 5.76997 5.77021 5.76995 5.77017
11.54 5.77006 5.77021 5.77019 5.77021 5.77004 5.77 5.76972 5.77019 5.76992 5.76996 5.77012 5.76994 5.7702 5.76987 5.76997 5.76996 5.76994 5.76999 5.76982 5.77 5.76974 5.77018 5.76994 5.7702 5.76995 5.77016 5.76978 5.76998 5.76986 5.76992 5.76985 5.77 5.77006 5.77019 5.7693 5.77002 5.76926 5.7702 5.76989 5.7702 5.77 5.77021 5.77015 5.77021 5.77 5.77021 5.76996 5.77021 5.77019 5.77021 5.76999 5.77021 5.77011 5.77021 5.76977 5.77019 5.77021 5.7702 5.76996 5.76994 5.77021 5.77021 5.7699 5.77019 5.77019 5.76988
11.54 5.77006 5.77021 5.77007 5.77017 5.77019 5.76999 5.76999 5.76996 5.77009 5.7702 5.76991 5.76999 5.77018 5.77002 5.76998 5.7699 5.76998 5.77017 5.76978 5.76977 5.76994 5.76988 5.76997 5.77017 5.76989 5.76991 5.76981 5.7699 5.76973 5.77019 5.76955 5.76997 5.77019 5.76999 5.76996 5.76932 5.7702 5.76998 5.77021 5.76999 5.77021 5.76981 5.77021 5.7698 5.77021 5.77 5.77021 5.77009 5.77021 5.77012 5.77021 5.76998 5.77021 5.76988 5.7702 5.77021 5.77021 5.77011 5.76995 5.76999 5.77021 5.77021 5.77021 5.76976 5.76982 5.7702
11.54 5.77006 5.77016 5.76994 5.76996 5.77016 5.77012 5.76999 5.76998 5.76999 5.76989 5.76999 5.77019 5.76997 5.76986 5.76999 5.76983 5.77017 5.77 5.76996 5.77011 5.76972 5.76998 5.77 5.77011 5.76986 5.76994 5.77005 5.76982 5.77017 5.77015 5.7696 5.77 5.77013 5.76947 5.76975 5.77018 5.77 5.77021 5.76999 5.77021 5.76999 5.77021 5.76999 5.77021 5.76996 5.77021 5.76999 5.77021 5.77021 5.77021 5.76999 5.77021 5.76972 5.7702 5.77021 5.7702 5.77015 5.77001 5.76982 5.77016 5.77021 5.77021 5.77021 5.76985 5.77011 5.77021
13.9297 8.15972 5.77008 5.77017 5.77 5.76997 5.7702 5.77004 5.76983 5.76963 5.76997 5.77001 5.77017 5.76999 5.77 5.76992 5.77008 5.76998 5.76997 5.76996 5.76993 5.76997 5.77012 5.76999 5.76998 5.76999 5.76994 5.76996 5.76978 5.77021 5.77 5.76997 5.76987 5.76994 5.76998 5.76999 5.76998 5.7702 5.77 5.7702 5.77 5.7702 5.76999 5.77021 5.77 5.77021 5.77019 5.77021 5.77021 5.77021 5.77013 5.77021 5.7698 5.7702 5.77021 5.77019 5.76999 5.76975 5.76992 5.77014 5.77021 5.7702 5.77014 5.76963 5.76999 5.77019 5.77021
16.3197 11.5397 5.77008 5.77021 5.77018 5.76999 5.76996 5.76975 5.76994 5.77015 5.77011 5.7702 5.77007 5.76999 5.68076 5.64639 5.64502 5.76998 5.77 5.76999 5.76999 5.76998 5.76999 5.7701 5.77007 5.77017 5.76999 5.76998 5.76999 5.77018 5.76969 5.76995 5.7701 5.76999 5.77017 5.77015 5.7702 5.77017 5.77021 5.77018 5.77021 5.7702 5.77021 5.77017 5.77021 5.7702 5.77021 5.77012 5.77019 5.76999 5.77021 5.76995 5.7702 5.77021 5.7702 5.77006 5.76995 5.76996 5.76989 5.77013 5.7702 5.77016 5.7698 5.76999 5.77019 5.77021 5.77021
13.9297 8.15973 5.77008 5.77021 5.77021 5.77011 5.77 5.77019 5.76961 5.76956 5.77018 5.76999 5.77 5.77 5.19586 6.55707 5.6188 5.76997 5.76992 5.77005 5.76999 5.77006 5.77018 5.77021 5.77021 5.77021 5.77019 5.77003 5.77018 5.77 5.76979 5.76991 5.76999 5.77019 5.77014 5.76999 5.76993 5.77001 5.76964 5.7701 5.76998 5.76999 5.77012 5.77021 5.77017 5.77016 5.76989 5.77 5.76966 5.7702 5.76968 5.7702 5.77019 5.77014 5.77011 5.76978 5.76998 5.77019 5.76999 5.76949 5.77021 5.7697 5.77008 5.7702 5.77021 5.77021 5.77021
11.54 5.77006 5.77016 5.77021 5.7702 5.76997 5.76994 5.7702 5.76985 5.7701 5.76992 5.77017 5.7699 5.76998 5.24164 5.59308 5.53105 5.76996 5.77017 5.7702 5.77021 5.7702 5.7702 5.77018 5.77016 5.77015 5.77019 5.7702 5.77021 5.77021 5.77021 5.77021 5.77015 5.76944 5.76999 5.77 5.76999 5.76999 5.76999 5.76989 5.76985 5.76968 5.77019 5.76998 5.77 5.76999 5.76999 5.76986 5.77 5.76969 5.76994 5.76976 5.76971 5.76972 5.76998 5.76997 5.76998 5.77018 5.77009 5.76985 5.76978 5.76999 5.77019 5.77021 5.77021 5.77021 5.77021
