tests/full-run-ref/erosion_2010_78_20_-12.873.asc
ncols 512
nrows 512
xllcorner -3.24582
yllcorner -4.08743
cellsize 5
NODATA_value -99999
[rows 116 to 144 of 512, columns 201 to 267 of 512]
2.88508 2.88508 4.08001 6.96501 14.425 11.54 8.655 5.77 2.885 1.80015e-06 1.08841e-06 1.08986e-06 2.88507 4.08001 5.77 2.88507 2.88507 2.88507 2.88507 2.88507 2.88507 2.88507 2.88507 2.88507 2.88507 2.88507 2.88507 2.88507 2.88507 2.88507 2.88507 2.88507 2.88507 2.21075e-06 2.2668e-06 1.14155e-06 1.14155e-06 1.14155e-06 1.14155e-06 1.12525e-06 1.0692e-06 2.88507 2.88507 2.88506 2.88506 2.88506 2.88506 2.88506 2.88506 2.88506 2.88506 2.88506 2.88506 2.88506 2.88506 2.88506 2.88506 2.88506 2.88506 2.88506 2.88506 2.88506 2.88506 2.88506 2.88506 2.88506 2.88506
2.88508 5.77 6.96501 8.16001 14.425 11.54 8.65499 5.76999 2.88499 1.84819e-06 1.08529e-06 1.11975e-06 1.04214e-06 2.88507 4.08001 2.88507 2.88507 2.88507 2.88507 2.88507 2.88507 2.88507 2.88507 2.88507 2.88507 2.88507 2.88507 2.88507 2.88507 2.88507 2.88507 2.88507 2.21075e-06 2.2668e-06 1.14155e-06 1.14155e-06 1.14155e-06 1.14155e-06 1.12525e-06 1.0692e-06 2.88507 2.88507 2.88507 2.88506 2.88506 2.88506 2.88506 2.88506 2.88506 2.88506 2.88506 2.88506 2.88506 2.88506 2.88506 2.88506 2.88506 2.88506 2.88506 2.88506 2.88506 2.88506 2.88506 2.88506 2.88506 2.88506 2.88506
2.88508 5.77 8.655 18.505 15.62 12.735 9.84999 6.96499 4.08001 2.885 2.09294e-06 1.07971e-06 1.01272e-06 2.88507 2.88507 2.88507 2.88507 2.88507 2.88507 2.88507 2.88507 2.88507 2.88507 2.88507 2.88507 2.88507 2.88507 2.88507 2.88507 2.88507 2.88507 2.21075e-06 2.2668e-06 1.14155e-06 1.14155e-06 1.14155e-06 1.14155e-06 1.12525e-06 1.0692e-06 2.88507 2.88507 2.88507 2.88507 2.88506 2.88506 2.88506 2.88506 2.88506 2.88506 2.88506 2.88506 2.88506 2.88506 2.88506 2.88506 2.88506 2.88506 2.88506 2.88506 2.88506 2.88506 2.88506 2.88506 2.88506 2.88506 2.88506 2.88506
2.88508 5.77 8.655 16.815 16.32 13.93 11.045 8.16001 6.96501 4.08001 2.885 2.10787e-06 2.88507 2.88507 2.88507 2.88507 2.88507 2.88507 2.88507 2.88507 2.88507 2.88507 2.88507 2.88507 2.88507 2.88507 2.88507 2.88507 2.88507 2.88507 2.21075e-06 2.2668e-06 1.14155e-06 1.14155e-06 1.14155e-06 1.14155e-06 1.12525e-06 1.0692e-06 2.88507 2.88507 2.88507 2.88507 2.88507 2.88506 2.88506 2.88506 2.88506 2.88506 2.88506 2.88506 2.88506 2.88506 2.88506 2.88506 2.88506 2.88506 2.88506 2.88506 2.88506 2.88506 2.88506 2.88506 2.88506 2.88506 2.88506 2.88506 2.88506
2.88508 5.77 8.16001 13.93 15.125 12.24 11.045 8.16001 6.96501 4.08001 2.88507 2.88507 2.88507 2.88507 2.88507 2.88507 2.88507 2.88507 2.88507 2.88507 2.88507 2.88507 2.88507 2.88507 2.88507 2.88507 2.88507 2.88507 2.88507 2.21075e-06 2.2668e-06 1.14155e-06 1.14155e-06 1.14155e-06 1.14155e-06 1.12525e-06 1.0692e-06 2.88507 2.88507 2.88507 2.88507 2.88507 2.88507 2.88506 2.88506 2.88506 2.88506 2.88506 2.88506 2.88506 2.88506 2.88506 2.88506 2.88506 2.88506 2.88506 2.88506 2.88506 2.88506 2.88506 2.88506 2.88506 2.88506 2.88506 2.88506 2.88506 2.88506
2.88508 4.08001 6.96501 11.045 12.24 11.045 8.16001 6.96501 4.08001 2.88507 2.88507 2.88507 2.88507 2.88507 2.88507 2.88507 2.88507 2.88507 2.88507 2.88507 2.88507 2.88507 2.88507 2.88507 2.88507 2.88507 2.88507 2.88507 2.21075e-06 2.2668e-06 1.14155e-06 1.14155e-06 1.14155e-06 1.14155e-06 1.12525e-06 1.0692e-06 2.88507 2.88507 2.88507 2.88507 2.88507 2.88507 2.88507 2.88506 2.88506 2.88506 2.88506 2.88506 2.88506 2.88506 2.88506 2.88506 2.88506 2.88506 2.88506 2.88506 2.88506 2.88506 2.88506 2.88506 2.88506 2.88506 2.88506 2.88506 2.88506 2.88506 2.88506
1.01246e-06 2.88508 5.77 8.16001 11.045 8.16001 6.96501 4.08001 2.88507 2.88507 2.88507 2.88507 2.88507 2.88507 2.88507 2.88507 2.88507 2.88507 2.88507 2.88507 2.88507 2.88507 2.88507 2.88507 2.88507 2.88507 2.88507 2.21075e-06 2.2668e-06 1.14155e-06 1.14155e-06 1.14155e-06 1.14155e-06 1.12525e-06 1.0692e-06 2.88507 2.88507 2.88507 2.88507 2.88507 2.88507 2.88507 2.88507 2.88506 2.88506 2.88506 2.88506 2.88506 2.88506 2.88506 2.88506 2.88506 2.88506 2.88506 2.88506 2.88506 2.88506 2.88506 2.88506 2.88506 2.88506 2.88506 2.88506 2.88506 2.88506 2.88506 2.88506
1.08237e-06 2.88507 4.08001 6.96501 8.16001 6.96501 4.08001 2.88507 2.88507 2.88507 2.88507 2.88507 2.88507 2.88507 2.88507 2.88507 2.88507 2.88507 2.88507 2.88507 2.88507 2.88507 2.88507 2.88507 2.88507 2.88507 2.21075e-06 2.2668e-06 1.14155e-06 1.14155e-06 1.14155e-06 1.14155e-06 1.12525e-06 1.0692e-06 2.88507 2.88507 2.88507 2.88507 2.88507 2.88507 2.88507 2.88507 2.88507 2.88506 2.88506 2.88506 2.88506 2.88506 2.88506 2.88506 2.88506 2.88506 2.88506 2.88506 2.88506 2.88506 2.88506 2.88506 2.88506 2.88506 2.88506 2.88506 2.88506 2.88506 2.88506 2.88506 2.88506
1.12391e-06 1.01997e-06 2.88507 5.77 6.96501 4.08001 2.88507 2.88507 2.88507 2.88507 2.88507 2.88507 2.88507 2.88507 2.88507 3.68901 2.88507 2.88507 2.88507 2.88507 2.88507 2.88507 2.88507 2.88507 2.88507 2.21075e-06 2.2668e-06 1.14155e-06 1.14155e-06 1.14155e-06 1.14155e-06 1.12525e-06 1.0692e-06 2.88507 2.88507 2.88507 2.88507 2.88507 2.88507 2.88507 2.88507 2.88507 2.88507 2.88506 2.88506 2.88506 2.88506 2.88506 2.88506 2.88506 2.88506 2.88506 2.88506 2.88506 2.88506 2.88506 2.88506 2.88506 2.88506 2.88506 2.88506 2.88506 2.88506 2.88506 2.88506 2.88506 2.88506
1.14155e-06 1.08725e-06 2.88507 4.08001 5.77 2.88507 2.88507 2.88507 2.88507 2.88507 2.88507 2.88507 2.88507 2.88507 3.34966 4.88401 2.88507 2.88507 2.88507 2.88507 2.88507 2.88507 2.88507 2.88507 2.21075e-06 2.2668e-06 1.14155e-06 1.14155e-06 1.14155e-06 1.14155e-06 1.12525e-06 1.0692e-06 2.88507 2.88507 2.88507 2.88507 2.88507 2.88507 2.88507 2.88507 2.88507 2.88507 2.88507 2.88506 2.88506 2.88506 2.88506 2.88506 2.88506 2.88506 2.88506 2.88506 2.88506 2.88506 2.88506 2.88506 2.88506 2.88506 2.88506 2.88506 2.88506 2.88506 2.88506 2.88506 2.88506 2.88506 2.88506
1.14155e-06 1.12461e-06 1.03932e-06 2.88507 4.08001 2.88507 2.88507 2.88507 2.88507 2.88507 2.88507 2.88507 1.02625e-06 2.88507 4.18315 4.08001 2.88507 2.88507 2.88507 2.88507 2.88507 2.88507 2.88507 2.21075e-06 2.2668e-06 1.14155e-06 1.14155e-06 1.14155e-06 1.14155e-06 1.12525e-06 1.0692e-06 2.88507 2.88507 2.88507 2.88507 2.88507 2.88507 2.88507 2.88507 2.88507 2.88507 2.88507 2.88507 2.88506 2.88506 2.88506 2.88506 2.88506 2.88506 2.88506 2.88506 2.88506 2.88506 2.88506 2.88506 2.88506 2.88506 2.88506 2.88506 2.88506 2.88506 2.88506 2.88506 2.88506 2.88506 2.88506 2.88506
1.14155e-06 1.1259e-06 1.06012e-06 2.88507 2.88507 2.88507 2.88507 2.88507 2.88507 2.88507 2.88507 1.0815e-06 0.779786 3.66479 4.08001 2.88507 2.88507 2.88507 2.88507 2.88507 2.88507 2.88507 2.21075e-06 2.2668e-06 1.14155e-06 1.14155e-06 1.14155e-06 1.14155e-06 1.12525e-06 1.0692e-06 2.88507 2.88507 2.88507 2.88507 2.88507 2.88507 2.88507 2.88507 2.88507 2.88507 2.88507 2.88507 2.88507 2.88506 2.88506 2.88506 2.88506 2.88506 2.88506 2.88506 2.88506 2.88506 2.88506 2.88506 2.88506 2.88506 2.88506 2.88506 2.88506 2.88506 2.88506 2.88506 2.88506 2.88506 2.88506 2.88506 2.88506
1.14155e-06 1.11873e-06 2.88507 2.88507 2.88507 2.88507 2.88507 2.88507 2.88507 2.88507 1.09003e-06 0.7863 3.66479 4.08001 2.88507 2.88507 2.88507 2.88507 2.88507 2.88507 2.88507 2.21075e-06 2.2668e-06 1.14155e-06 1.14155e-06 1.14155e-06 1.14155e-06 1.12525e-06 1.0692e-06 2.88507 2.88507 2.88507 2.88507 2.88507 2.88507 2.88507 2.88507 2.88507 2.88507 2.88507 2.88507 2.88507 2.88507 2.88506 2.88506 2.88506 2.88506 2.88506 2.88506 2.88506 2.88506 2.88506 2.88506 2.88506 2.88506 2.88506 2.88506 2.88506 2.88506 2.88506 2.88506 2.88506 2.88506 2.88506 2.88506 2.88506 2.88506
1.14155e-06 1.1259e-06 1.06552e-06 2.88507 2.88507 2.88507 2.88507 1.01696e-06 1.07034e-06 1.10282e-06 0.808607 3.6713 4.08001 2.88507 2.88507 2.88507 2.88507 2.88507 2.88507 2.88507 2.21075e-06 2.2668e-06 1.14155e-06 1.14155e-06 1.14155e-06 1.14155e-06 1.12525e-06 1.0692e-06 2.88507 2.88507 2.88507 2.88507 2.88507 2.88507 2.88507 2.88507 2.88507 2.88507 2.88507 2.88507 2.88507 2.88507 2.88507 2.88506 2.88506 2.88506 2.88506 2.88506 2.88506 2.88506 2.88506 2.88506 2.88506 2.88506 2.88506 2.88506 2.88506 2.88506 2.88506 2.88506 2.88506 2.88506 2.88506 2.88506 2.88506 2.88506 2.88506
1.14155e-06 1.10683e-06 1.03367e-06 2.88507 2.88507 2.88507 2.17332e-06 1.10582e-06 1.14155e-06 1.08942e-06 2.88507 4.08001 2.88507 2.88507 2.88507 2.88507 2.88507 2.88507 2.88507 2.21075e-06 2.2668e-06 1.14155e-06 1.14155e-06 1.14155e-06 1.14155e-06 1.12525e-06 1.0692e-06 2.88507 2.88507 2.88507 2.88507 2.88507 2.88507 2.88507 2.88507 2.88507 2.88507 2.88507 2.88507 2.88507 2.88507 2.88507 2.88507 2.88506 2.88506 2.88506 2.88506 2.88506 2.88506 2.88506 2.88506 2.88506 2.88506 2.88506 2.88506 2.88506 2.88506 2.88506 2.88506 2.88506 2.88506 2.88506 2.88506 2.88506 2.88506 2.88506 2.88506
2.19468e-06 2.15833e-06 2.88507 2.88507 2.88507 2.88507 2.18674e-06 1.14155e-06 1.14155e-06 1.08133e-06 2.88507 2.88507 2.88507 2.88507 2.88507 2.88507 2.88507 2.88507 2.21075e-06 2.2668e-06 1.14155e-06 1.14155e-06 1.14155e-06 1.14155e-06 1.12525e-06 1.0692e-06 2.88507 2.88507 2.88507 2.88507 2.88507 2.88507 2.88507 2.88507 2.88507 2.88507 2.88507 2.88507 2.88507 2.88507 2.88507 2.88507 2.88507 2.88506 2.88506 2.88506 2.88506 2.88506 2.88506 2.88506 2.88506 2.88506 2.88506 2.88506 2.88506 2.88506 2.88506 2.88506 2.88506 2.88506 2.88506 2.88506 2.88506 2.88506 2.88506 2.88506 2.88506
2.88507 2.88507 2.88507 2.88507 2.88507 2.88507 2.09105e-06 2.23616e-06 1.06087e-06 1.03467e-06 2.88507 2.88507 2.88507 2.88507 2.88507 2.88507 2.88507 2.21075e-06 2.2668e-06 1.14155e-06 1.14155e-06 1.14155e-06 1.14155e-06 1.12525e-06 1.07612e-06 2.88507 2.88507 2.88507 2.88507 2.88507 2.88507 2.88507 2.88507 2.88507 2.88507 2.88507 2.88507 2.88507 2.88507 2.88507 2.88507 2.88507 2.88507 2.88506 2.88506 2.88506 2.88506 2.88506 2.88506 2.88506 2.88506 2.88506 2.88506 2.88506 2.88506 2.88506 2.88506 2.88506 2.88506 2.88506 2.88506 2.88506 2.88506 2.88506 2.88506 2.88506 2.88506
2.88508 2.88507 2.88507 2.88507 2.88507 2.88507 2.88507 2.02742e-06 0.10212 2.88507 2.88507 2.88507 2.88507 2.88507 2.88507 2.88507 2.21075e-06 2.2668e-06 1.14155e-06 1.14155e-06 1.14155e-06 1.14155e-06 1.12525e-06 1.07612e-06 2.88507 2.88507 2.88507 2.88507 2.88507 2.88507 2.88507 2.88507 2.88507 2.88507 2.88507 2.88507 2.88507 2.88507 2.88507 2.88507 2.88507 2.88507 2.88507 2.88506 2.88506 2.88506 2.88506 2.88506 2.88506 2.88506 2.88506 2.88506 2.88506 2.88506 2.88506 2.88506 2.88506 2.88506 2.88506 2.88506 2.88506 2.88506 2.88506 2.88506 2.88506 2.88506 2.88506
2.88508 2.88507 2.88507 2.88507 2.88507 2.88507 2.88507 2.88507 2.88507 2.88507 2.88507 2.88507 2.88507 2.88507 2.88507 2.21075e-06 2.2668e-06 1.14155e-06 1.14155e-06 1.14155e-06 1.14155e-06 1.12525e-06 1.07612e-06 2.88507 2.88507 2.88507 1.06515e-06 1.08048e-06 1.08771e-06 1.05809e-06 2.88507 2.88507 2.88507 2.88507 2.88507 2.88507 2.88507 2.88507 2.88507 2.88507 2.88507 2.88507 2.88507 2.88506 2.88506 2.88506 2.88506 2.88506 2.88506 2.88506 2.88506 2.88506 2.88506 2.88506 2.88506 2.88506 2.88506 2.88506 2.88506 2.88506 2.88506 2.88506 2.88506 2.88506 2.88506 2.88506 2.88506
2.88508 2.88507 2.88507 2.88507 2.88507 2.88507 2.88507 2.88507 2.88507 2.88507 2.88507 2.88507 2.88507 2.88507 2.16924e-06 2.2668e-06 1.14155e-06 1.14155e-06 1.14155e-06 1.14155e-06 1.12525e-06 1.07612e-06 2.88507 2.88507 2.88507 1.07612e-06 1.12525e-06 1.12428e-06 1.06265e-06 2.88507 2.88507 2.88507 2.88507 2.88507 2.88507 2.88507 2.88507 2.88507 2.88507 2.88507 2.88507 2.88507 2.88507 2.88506 2.88506 2.88506 2.88506 2.88506 2.88506 2.88506 2.88506 2.88506 2.88506 2.88506 2.88506 2.88506 2.88506 2.88506 2.88506 2.88506 2.88506 2.88506 2.88506 2.88506 2.88506 2.88506 2.88506
2.88508 2.88507 2.88507 2.88507 2.88507 2.88507 2.88507 2.88507 2.88507 2.88507 2.88507 2.88507 2.88507 2.88507 2.21104e-06 1.14155e-06 1.14155e-06 1.14155e-06 1.14155e-06 1.12525e-06 1.0692e-06 2.88507 2.88507 2.88507 1.04508e-06 1.12525e-06 1.12425e-06 1.05902e-06 2.88507 4.08001 4.08001 2.88507 2.88507 2.88507 2.88507 2.88507 2.88507 2.88507 2.88507 2.88507 2.88507 2.88507 2.88507 2.88506 2.88506 2.88506 2.88506 2.88506 2.88506 2.88506 2.88506 2.88506 2.88506 2.88506 2.88506 2.88506 2.88506 2.88506 2.88506 2.88506 2.88506 2.88506 2.88506 2.88506 2.88506 2.88506 2.88506
2.88508 2.88507 2.88507 2.88507 2.88507 2.88507 2.88507 2.88507 2.88507 2.88507 2.88507 2.88507 2.88507 2.88507 2.21631e-06 1.14155e-06 1.14155e-06 1.14155e-06 1.1259e-06 1.07749e-06 2.88507 2.88507 2.88507 2.14144e-06 1.06713e-06 1.09908e-06 1.04905e-06 2.88507 4.08001 4.08001 2.88507 2.88507 2.88507 2.88507 2.88507 2.88507 2.88507 2.88507 2.88507 2.88507 2.88507 2.88507 2.88507 2.88506 2.88506 2.88506 2.88506 2.88506 2.88506 2.88506 2.88506 2.88506 2.88506 2.88506 2.88506 2.88506 2.88506 2.88506 2.88506 2.88506 2.88506 2.88506 2.88506 2.88506 2.88506 2.88506 2.88506
2.88508 2.88507 2.88507 2.88507 2.88507 2.88507 2.88507 2.88507 2.88507 2.88507 2.88507 2.88507 2.88507 2.88507 2.21988e-06 1.14155e-06 1.14155e-06 1.14155e-06 1.11873e-06 2.88507 2.88507 2.88507 2.88507 2.7197 2.7197 0.856855 2.88507 3.85473 5.77 2.88507 2.88507 2.88507 2.88507 2.88507 2.88507 2.88507 2.88507 2.88507 2.88507 2.88507 2.88507 2.88507 2.88507 2.88506 2.88506 2.88506 2.88506 2.88506 2.88506 2.88506 2.88506 2.88506 2.88506 2.88506 2.88506 2.88506 2.88506 2.88506 2.88506 2.88506 2.88506 2.88506 2.88506 2.88506 2.88506 2.88506 2.88506
2.88508 2.88507 2.88507 2.88507 2.88507 2.88507 2.88507 2.88507 2.88507 2.88507 2.88507 2.88507 2.88507 2.88507 2.22443e-06 1.14155e-06 1.14155e-06 1.14155e-06 1.1259e-06 1.06612e-06 2.88507 4.08001 2.88507 2.88507 2.88507 2.88507 2.88507 4.08001 6.96501 4.08001 2.88507 2.88507 2.88507 2.88507 2.88507 2.88507 2.88507 2.88507 2.88507 2.88507 2.88507 2.88507 2.88507 2.88506 2.88506 2.88506 2.88506 2.88506 2.88506 2.88506 2.88506 2.88506 2.88506 2.88506 2.88506 2.88506 2.88506 2.88506 2.88506 2.88506 2.88506 2.88506 2.88506 2.88506 2.88506 2.88506 2.88506
2.88508 2.88507 2.88507 2.88507 2.88507 2.88507 2.88507 2.88507 2.88507 2.88507 2.88507 2.88507 2.88507 2.88507 2.24212e-06 2.28311e-06 1.14155e-06 1.14155e-06 1.14155e-06 1.09797e-06 2.88507 2.88507 2.88507 2.88507 1.00297e-06 1.07641e-06 1.04076e-06 2.88507 5.41832 2.88507 2.88507 2.88507 2.88507 2.88507 2.88507 2.88507 2.88507 2.88507 2.88507 2.88507 2.88507 2.88507 2.88507 2.88506 2.88506 2.88506 2.88506 2.88506 2.88506 2.88506 2.88506 2.88506 2.88506 2.88506 2.88506 2.88506 2.88506 2.88506 2.88506 2.88506 2.88506 2.88506 2.88506 2.88506 2.88506 2.88506 2.88506
2.88508 2.88507 2.88507 2.88507 2.88507 2.88507 2.88507 2.88507 2.88507 2.88507 2.88507 2.88507 2.88507 2.21176e-06 2.26714e-06 1.14155e-06 1.14155e-06 1.14155e-06 1.14155e-06 1.11653e-06 1.0509e-06 2.88507 2.88507 2.18661e-06 2.25647e-06 1.09083e-06 1.02435e-06 2.88507 4.08001 2.88507 2.88507 2.88507 2.88507 2.88507 2.88507 2.88507 2.88507 2.88507 2.88507 2.88507 2.88507 2.88507 2.88507 2.88506 2.88506 2.88506 2.88506 2.88506 2.88506 2.88506 2.88506 2.88506 2.88506 2.88506 2.88506 2.88506 2.88506 2.88506 2.88506 2.88506 2.88506 2.88506 2.88506 2.88506 2.88506 2.88506 2.88506
2.88508 2.88507 2.88507 2.88507 2.88507 2.88507 2.88507 2.88507 2.88507 2.88507 2.88507 2.88507 2.21075e-06 2.2668e-06 1.14155e-06 1.14155e-06 1.14155e-06 1.14155e-06 1.12525e-06 1.0692e-06 2.88507 2.88507 2.88507 2.88507 2.16345e-06 2.15387e-06 2.88507 2.88507 2.88507 2.88507 2.88507 2.88507 2.88507 2.88507 2.88507 2.88507 2.88507 2.88507 2.88507 2.88507 2.88507 2.88507 2.88507 2.88506 2.88506 2.88506 2.88506 2.88506 2.88506 2.88506 2.88506 2.88506 2.88506 2.88506 2.88506 2.88506 2.88506 2.88506 2.88506 2.88506 2.88506 2.88506 2.88506 2.88506 2.88506 2.88506 2.88506
2.88508 2.88507 2.88507 2.88507 2.88507 2.88507 2.88507 2.88507 2.88507 2.88507 2.88507 2.21075e-06 2.2668e-06 1.14155e-06 1.14155e-06 1.14155e-06 1.14155e-06 1.12525e-06 1.0692e-06 2.88507 2.88507 2.88507 2.88507 2.88507 2.88507 2.88507 2.88507 2.88507 2.88507 2.88507 2.88507 2.88507 2.88507 2.88507 2.88507 2.88507 2.88507 2.88507 2.88507 2.88507 2.88507 2.88507 2.88507 2.88506 2.88506 2.88506 2.88506 2.88506 2.88506 2.88506 2.88506 2.88506 2.88506 2.88506 2.88506 2.88506 2.88506 2.88506 2.88506 2.88506 2.88506 2.88506 2.88506 2.88506 2.88506 2.88506 2.88506
2.88507 2.88507 2.88507 2.88507 2.88507 2.88507 2.88507 2.88507 2.88507 2.88507 2.21075e-06 2.2668e-06 1.14155e-06 1.14155e-06 1.14155e-06 1.14155e-06 1.12525e-06 1.0692e-06 2.88507 2.88507 2.88507 2.88507 2.88507 2.88507 2.88507 2.88507 2.88507 2.88507 2.88507 2.88507 2.88507 2.88507 2.88507 2.88507 2.88507 2.88507 2.88507 2.88507 2.88507 2.88507 2.88507 2.88507 2.88507 2.88506 2.88506 2.88506 2.88506 2.88506 2.88506 2.88506 2.88506 2.88506 2.88506 2.88506 2.88506 2.88506 2.88506 2.88506 2.88506 2.88506 2.88506 2.88506 2.88506 2.88506 2.88506 2.88506 2.88506
