tests/full-run-ref/erosion_78_20_-12.873.asc
ncols 512
nrows 512
xllcorner -3.24582
yllcorner -4.08743
cellsize 5
NODATA_value -99999
[rows 108 to 143 of 512, columns 0 to 81 of 512]
92.32 86.55 80.78 75.0099 69.2399 63.4699 57.6998 51.9298 46.1598 40.3898 34.6198 28.8498 23.0798 17.3098 11.5398 5.76988 5.77 5.77 5.77 5.77 5.77 5.77 5.77 5.77 5.77 5.77 5.77 5.77 5.77 5.7683 5.76151 5.74663 8.13068 11.5104 13.9017 16.2946 17.2806 19.6662 22.0464 24.426 30.2115 32.5962 38.3799 44.1625 48.9478 54.7196 57.1045 62.8779 68.6523 74.4252 80.1967 85.9675 91.738 97.5084 103.279 109.049 114.819 113.419 109.049 106.659 109.049 108.059 105.669 108.059 107.069 104.678 107.068 104.678 107.068 104.677 102.286 104.677 110.448 116.218 121.989 127.758 146.468 165.179 179.109 197.819 211.75 218.1
92.32 86.55 80.78 75.0099 69.2399 63.4698 57.6998 51.9298 46.1598 40.3898 34.6197 28.8497 23.0797 17.3097 11.5397 5.76985 5.77 5.77 5.77 5.77 5.77 5.77 5.77 5.77 5.77 5.77 5.77 5.77 5.77 5.77 5.77 5.76841 5.76274 5.75149 8.13823 11.5188 11.5055 13.8844 16.2646 22.0506 24.4352 30.2192 36.0021 40.7876 46.5596 48.9447 54.7181 60.4924 66.2652 72.0367 77.8074 83.5779 89.3484 95.1187 100.889 106.659 105.259 100.889 98.4985 100.889 99.8988 97.5085 99.8988 98.9086 96.5182 98.9086 96.5178 98.908 96.5172 94.1269 94.1271 96.5176 102.288 108.059 113.829 125.369 135.919 154.629 173.339 187.269 204.17 198.399
92.32 86.55 80.78 75.0099 69.2399 63.4698 57.6998 51.9297 46.1597 40.3897 34.6197 28.8497 23.0797 17.3097 11.5397 5.76982 5.77 5.77 5.77 5.77 5.77 5.77 5.77 5.77 5.77 5.77 5.77 5.77 5.77 5.77 5.77 5.77 5.77 5.7689 5.76483 5.75805 5.73996 8.1124 13.8896 16.274 22.0584 27.8417 32.6274 38.3996 40.7848 46.5582 52.3325 58.1052 63.8766 69.6473 75.4178 81.1883 86.9586 92.7291 98.4994 97.0988 92.7285 90.3385 92.7288 91.7387 89.3485 91.7388 90.7487 88.3583 90.7487 88.358 90.7482 88.3575 85.9672 85.9671 88.3577 90.7482 96.5189 102.289 108.059 113.829 133.529 144.079 162.789 181.499 195.43 192.629
92.32 86.55 80.78 75.0099 69.2399 63.4698 57.6997 51.9297 46.1597 40.3896 34.6196 28.8496 23.0796 17.3096 11.5396 5.76978 5.77 5.77 5.77 5.77 5.77 5.77 5.77 5.77 5.77 5.77 5.77 5.77 5.77 5.77 5.77 5.77 5.77 5.77 5.77 5.77 5.76785 5.74974 8.12102 13.8976 19.6812 24.4671 30.2395 32.6249 38.3982 44.1724 49.9451 55.7164 61.4872 67.2577 73.0281 78.7985 84.5689 90.3393 93.7194 84.5685 82.1784 84.5687 83.5786 81.1884 83.5788 82.5886 80.1984 82.5887 80.1982 82.5884 80.1978 77.8075 77.8071 80.1974 82.5876 88.3587 94.1292 99.8994 105.67 111.439 121.989 141.689 152.239 170.95 173.92 168.149
92.32 86.55 80.78 75.0099 69.2399 63.4698 57.6997 51.9296 46.1596 40.3896 34.6195 28.8495 23.0795 17.3095 11.5395 5.76973 5.77 5.77 5.77 5.77 5.77 5.77 5.77 5.77 5.77 5.77 5.77 5.77 5.77 5.77 5.77 5.77 5.77 5.77 5.77 5.77 5.77 5.76822 5.75009 11.5221 16.3068 22.0793 24.4648 30.2382 36.0123 41.7849 47.5562 53.327 59.0975 64.8679 70.6383 76.4087 82.179 87.9496 87.9494 78.7985 76.4084 75.4184 73.0283 75.4187 74.4286 72.0384 74.4288 72.0383 74.4285 72.038 69.6478 69.6473 72.0374 74.4275 76.8177 82.5889 88.3593 94.1294 99.8995 105.669 119.599 130.149 149.85 160.4 168.15 162.38
92.32 86.55 80.78 75.0099 69.2398 63.4697 57.6996 51.9296 46.1595 40.3895 34.6194 28.8494 23.0794 17.3094 11.5394 5.76967 5.77 5.77 5.77 5.77 5.77 5.77 5.77 5.77 5.77 5.77 5.77 5.77 5.77 5.77 5.77 5.77 5.77 5.77 5.77 5.77 5.77 5.77 5.76678 8.14961 13.9192 16.3046 22.078 27.8521 33.6247 39.396 45.1667 50.9373 56.7077 62.4781 68.2485 74.0188 79.7892 85.5597 82.1792 73.0285 67.2582 64.8681 67.2586 66.2685 63.8783 66.2688 63.8784 66.2686 63.8781 61.488 61.4875 63.8775 66.2675 68.6577 71.0481 76.8192 82.5894 88.3595 94.1296 99.8995 113.829 127.76 138.31 158.01 162.38 156.61
92.32 86.55 80.78 75.0099 69.2398 63.4697 57.6996 51.9295 46.1594 40.3894 34.6193 28.8493 23.0793 17.3093 11.5392 5.76959 5.77 5.77 5.77 5.77 5.77 5.77 5.77 5.77 5.77 5.77 5.77 5.77 5.77 5.77 5.77 5.77 5.77 5.77 5.77 5.77 5.77 5.77 5.76949 5.7645 8.14697 13.9176 19.6917 25.4642 31.2356 37.0064 42.7769 48.5474 54.3178 60.0882 65.8586 71.6289 77.3992 83.1697 76.409 67.2587 61.4883 59.098 58.1082 55.7183 58.1087 55.7184 58.1087 55.7182 53.3281 53.3276 55.7176 58.1075 60.4976 62.8879 65.2785 71.0494 76.8195 82.5896 88.3597 94.1296 108.06 121.99 135.92 146.47 141.69 135.92
92.32 86.55 80.78 75.0099 69.2398 63.4697 57.6995 51.9294 46.1593 40.3892 34.6192 28.8492 23.0791 17.3091 11.5391 5.76949 5.77 5.77 5.77 5.77 5.77 5.77 5.77 5.77 5.77 5.77 5.77 5.77 5.77 5.77 5.77 5.77 5.77 5.77 5.77 5.77 5.77 5.77 5.77 5.76938 5.76193 11.5313 17.3037 23.0751 28.8461 34.6167 40.3871 46.1575 51.928 57.6983 63.4687 69.239 75.0094 79.7896 70.639 61.4888 55.7184 49.9478 47.5578 49.9486 47.5583 49.9487 47.5583 45.1682 45.1678 47.5577 49.9477 52.3375 54.727 57.1166 62.8885 68.6592 74.4294 80.1995 85.9696 91.7396 102.29 116.22 130.15 141.69 135.92 130.15
92.32 86.55 80.78 75.0099 69.2398 63.4696 57.6994 51.9293 46.1592 40.3891 34.619 28.849 23.079 17.3089 11.5389 5.76936 5.77 5.77 5.77 5.77 5.77 5.77 5.77 5.77 5.77 5.77 5.77 5.77 5.77 5.77 5.77 5.77 5.77 5.77 5.77 5.77 5.77 5.77 5.77 5.77 5.76651 11.5349 17.3058 23.0767 28.8474 32.6371 38.4073 44.1778 49.9482 55.7185 61.4888 67.2592 73.0296 74.0195 64.8689 55.7188 49.9487 44.1781 41.7881 39.3979 41.7886 39.3982 37.0083 37.0079 39.3979 41.7878 44.1778 46.5676 44.1762 41.7855 44.1767 49.9484 55.7188 61.4889 67.259 73.029 99.8997 110.45 124.38 121.99 116.22 110.45
92.32 86.55 80.78 75.0099 69.2398 63.4696 57.6994 51.9292 46.159 40.3889 34.6188 28.8488 23.0788 17.3087 11.5387 5.7692 5.77 5.77 5.77 5.77 5.77 5.77 5.77 5.77 5.77 5.77 5.77 5.77 5.77 5.77 5.77 5.77 5.77 5.77 5.77 5.77 5.77 5.77 5.77 5.77 5.76789 11.5367 16.3167 22.0872 24.4765 30.2469 36.0174 41.7878 47.5582 53.3286 59.0989 64.8692 70.6397 68.2493 59.0989 49.9489 44.1789 38.4083 36.0182 33.6281 31.2381 28.8483 28.8481 31.238 33.6279 36.018 38.4084 36.0176 33.6271 31.2369 28.8471 28.8484 28.849 31.2391 33.6292 36.019 81.1895 108.06 118.61 116.22 110.45 104.68
92.32 86.55 80.78 75.0099 69.2398 63.4695 57.6993 51.9291 46.1589 40.3887 34.6186 28.8486 23.0785 17.3085 11.5384 5.769 5.77 5.77 5.77 5.77 5.77 5.77 5.77 5.77 5.77 5.77 5.77 5.77 5.77 5.77 5.77 5.77 5.77 5.77 5.77 5.77 5.77 5.77 5.77 5.77 5.76897 8.15679 13.9265 16.3156 22.0863 27.8569 33.6275 39.3979 45.1683 50.9386 56.709 62.4793 68.2498 62.4792 53.3289 44.179 38.409 32.6385 30.2483 27.8582 25.4684 23.0784 23.0781 25.468 27.858 30.2484 32.639 30.2484 27.858 25.4679 23.0781 23.079 23.0795 25.4697 27.8598 30.2495 44.1796 89.3498 104.68 98.9099 93.1398 87.3696
92.32 86.55 80.78 75.0099 69.2397 63.4695 57.6992 51.9289 46.1587 40.3885 34.6184 28.8483 23.0783 17.3082 11.5381 5.76875 5.77 5.77 5.77 5.77 5.77 5.77 5.77 5.77 5.77 5.77 5.77 5.77 5.77 5.77 5.77 5.77 5.77 5.77 5.77 5.77 5.77 5.77 5.77 5.77 5.76975 5.76796 8.15548 13.9254 19.6963 25.467 31.2375 37.008 42.7784 48.5487 54.319 60.0894 65.8597 56.7091 47.5591 41.7893 36.0192 30.249 24.4783 22.0882 19.6982 17.3081 17.3079 19.6979 22.0881 24.4786 30.2497 24.4786 22.0881 19.6979 17.308 17.3087 17.3093 19.6997 22.0898 24.4798 38.4098 52.3397 90.7499 84.9799 79.2098 76.8195
92.32 86.55 80.78 75.0099 69.2397 63.4694 57.6991 51.9288 46.1585 40.3883 34.6181 28.848 23.078 17.3079 11.5377 5.76845 5.77 5.77 5.77 5.77 5.77 5.77 5.77 5.77 5.77 5.77 5.77 5.77 5.77 5.77 5.77 5.77 5.77 5.77 5.77 5.77 5.77 5.77 5.77 5.77 5.77 5.76974 5.76667 11.5356 17.3065 23.0771 28.8478 34.6182 40.3884 46.1588 51.9291 57.6994 63.4697 50.9392 45.1694 39.3994 33.6293 27.8592 22.0888 16.3182 13.9285 11.5386 11.5386 13.9284 16.3184 22.0893 24.4799 22.0893 16.3182 13.9279 11.5379 11.5385 11.5391 13.9296 16.3198 22.0899 24.4799 46.5699 60.4999 71.0499 68.6596 66.2674
92.32 86.55 80.78 75.0099 69.2397 63.4694 57.699 51.9287 46.1583 40.3881 34.6179 28.8477 23.0776 17.3075 11.5373 5.76808 5.77 5.77 5.77 5.77 5.77 5.77 5.77 5.77 5.77 5.77 5.77 5.77 5.77 5.77 5.77 5.77 5.77 5.77 5.77 5.77 5.77 5.77 5.77 5.77 5.77 5.77 5.76795 11.5369 17.3074 23.078 28.8484 32.6384 38.4086 44.1789 49.9492 55.7195 61.4898 48.5493 42.7795 37.0094 31.2393 25.4692 19.699 13.9289 11.5394 11.5399 11.5399 11.5395 13.9293 16.3196 22.09 16.3196 13.9291 8.1582 5.76856 5.7692 5.76939 8.15958 13.9297 16.3194 22.0892 32.6399 52.3399 49.9485 52.3367 54.7256
92.32 86.55 80.78 75.0099 69.2397 63.4693 57.6989 51.9285 46.1581 40.3878 34.6176 28.8474 23.0772 17.3071 11.5368 5.76766 5.77 5.77 5.77 5.77 5.77 5.77 5.77 5.77 5.77 5.77 5.77 5.77 5.77 5.77 5.77 5.77 5.77 5.77 5.77 5.77 5.77 5.77 5.77 5.77 5.77 5.77 5.76862 11.5379 16.3179 22.0883 24.478 30.2483 36.0187 41.789 47.5593 53.3295 59.0999 46.1594 40.3895 34.6194 28.8493 23.0792 17.309 11.539 11.5399 11.54 11.54 11.54 11.5398 13.9299 16.32 13.9298 8.15948 5.76941 5.76992 5.77 5.76998 5.76964 8.15887 13.9286 19.6981 30.2482 32.6361 38.4057 46.566 52.3368
92.32 86.55 80.78 75.0098 69.2396 63.4693 57.6988 51.9284 46.1579 40.3875 34.6172 28.847 23.0768 17.3067 11.5363 5.76717 5.77 5.77 5.77 5.77 5.77 5.77 5.77 5.77 5.77 5.77 5.77 5.77 5.77 5.77 5.77 5.77 5.77 5.77 5.77 5.77 5.77 5.77 5.77 5.77 5.77 5.77 5.76931 8.15791 13.9278 16.3174 22.0879 27.8583 33.6287 39.399 45.1693 50.9396 56.7099 48.5497 42.7797 37.0096 31.2395 25.4693 19.6991 13.9291 11.5396 11.54 11.54 11.54 11.54 11.54 13.93 8.15991 5.76983 5.76998 5.77 5.77 5.77 5.76995 5.76873 11.5378 17.3071 24.4765 30.2467 36.0161 44.1768 48.957
92.32 86.55 80.78 75.0098 69.2396 63.4692 57.6987 51.9282 46.1577 40.3872 34.6169 28.8466 23.0764 17.3062 11.5356 5.76661 5.77 5.77 5.77 5.77 5.77 5.77 5.77 5.77 5.77 5.77 5.77 5.77 5.77 5.77 5.77 5.77 5.77 5.77 5.77 5.77 5.77 5.77 5.77 5.77 5.77 5.77 5.76983 5.76872 8.15728 13.9273 19.6979 25.4683 31.2387 37.009 42.7793 48.5496 54.3199 50.9398 45.1698 39.3997 33.6295 27.8593 22.089 16.3185 13.9293 11.5398 11.5399 11.5399 11.5399 13.93 11.54 5.76994 5.76999 5.77 5.77 5.77 5.77 5.77 5.76907 11.5381 16.3172 22.0866 27.8566 36.0176 40.7973 46.5677
92.32 86.55 80.78 75.0098 69.2396 63.4691 57.6986 51.928 46.1574 40.3869 34.6165 28.8461 23.0759 17.3056 11.5349 5.76597 5.77 5.77 5.77 5.77 5.77 5.77 5.77 5.77 5.77 5.77 5.77 5.77 5.77 5.77 5.77 5.77 5.77 5.77 5.77 5.77 5.77 5.77 5.77 5.77 5.77 5.77 5.77 5.76983 5.76794 11.5374 17.3079 23.0784 28.8487 34.619 40.3893 46.1596 51.9299 53.33 47.5598 41.7896 36.0194 30.2491 24.4787 30.2494 16.3189 13.9294 14.3197 14.3198 14.3199 16.32 13.93 8.15997 6.16 5.77 5.77 5.77 5.77 5.77 5.76953 8.15789 13.927 19.697 27.8581 32.6377 38.4079 44.1781
92.32 86.55 80.78 75.0098 69.2395 63.4691 57.6985 51.9278 46.1572 40.3866 34.6161 28.8456 23.0753 17.305 11.5341 5.76526 5.77 5.77 5.77 5.77 5.77 5.77 5.77 5.77 5.77 5.77 5.77 5.77 5.77 5.77 5.76979 5.76957 5.7695 5.76967 5.76988 5.77 5.77 5.77 5.77 5.77 5.77 5.77 5.77 5.77 5.76856 11.5379 17.3083 23.0786 28.8489 34.6192 40.3894 46.1596 51.9298 55.72 49.9498 44.1795 38.409 32.6387 36.4092 32.639 30.2492 24.4794 22.4796 22.0898 24.48 22.09 16.32 11.54 5.76998 5.77 5.77 5.77 5.77 5.77 5.76991 5.7684 11.5375 19.6984 24.478 30.2481 36.0183 44.179
92.32 86.55 80.78 75.0098 69.2395 63.469 57.6983 51.9276 46.1569 40.3862 34.6156 28.8451 23.0747 17.3043 11.5333 5.76448 5.77 5.77 5.77 5.77 5.77 5.77 5.76269 5.76127 5.76578 5.7685 5.76865 5.76887 5.76772 5.76677 5.76546 6.15519 6.1555 6.15666 5.76779 5.76953 5.77 5.77 5.77 5.77 5.77 5.77 5.77 5.77 5.76896 11.5381 17.3084 23.0787 28.849 34.6192 40.3894 46.1595 51.9296 57.6998 52.3394 46.5691 50.3394 46.5692 40.799 44.5695 40.7996 36.4097 30.6398 27.8599 22.0899 16.3198 13.9299 11.54 5.76998 5.77 5.77 5.77 5.77 5.77 5.77 5.76929 11.5388 16.3183 22.0883 27.8585 36.0192 44.1793
92.32 86.55 80.78 75.0098 69.2394 63.4689 57.6982 51.9274 46.1566 40.3858 34.6151 28.8446 23.0741 17.3036 11.5323 5.76361 5.77 5.77 5.77 5.77 5.77 5.7623 5.75258 8.15454 6.15657 6.16001 6.16001 6.16001 6.1588 8.15919 8.15894 11.5392 11.5399 11.5396 8.15937 5.76954 5.77 5.77 5.77 5.77 5.77 5.77 5.77 5.77 5.76899 11.5382 17.3085 23.0788 28.849 34.6192 40.3893 46.1588 54.3187 60.089 64.2695 60.4993 54.7292 48.9592 50.7296 48.5496 42.7796 37.0096 31.2396 25.4696 19.6995 13.9295 8.15957 5.76983 5.77 5.77 5.77 5.77 5.77 5.77 5.77 5.76974 8.15887 13.9286 19.6987 27.8594 36.0194 44.1795
92.32 86.55 80.78 75.0097 69.2394 63.4688 57.698 51.9272 46.1563 40.3854 34.6146 28.844 23.0734 17.3028 11.5312 5.76264 5.77 5.77 5.77 5.77 5.76229 5.74471 8.15218 8.15647 5.76539 5.76908 5.76909 5.76922 5.76839 5.7678 5.76733 5.76702 5.76746 5.76842 5.76931 5.76985 5.77 5.77 5.77 5.77 5.77 5.77 5.77 5.76992 5.76879 11.5382 17.3086 23.0789 28.8491 34.6191 40.3881 48.5471 80.199 74.4292 68.6591 62.8893 64.6596 60.8895 56.7095 48.5493 40.3892 34.6193 28.8492 23.0792 17.3091 11.5391 5.76945 5.76998 5.77 5.77 5.77 5.77 5.77 5.77 5.77 5.76995 5.76925 11.539 19.6995 27.8595 36.0196 44.1796
92.32 86.55 80.78 75.0097 69.2393 63.4687 57.6978 51.9269 46.1559 40.3849 34.6141 28.8433 23.0726 17.3019 11.53 5.76146 5.77 5.77 5.77 5.77 5.76014 8.15171 11.5391 5.76106 5.76763 5.77 5.77 5.77 5.77 5.77 5.77 5.77 5.77 5.77 5.77 5.77 5.77 5.77 5.77 5.77 5.77 5.77 5.77 5.7699 8.15908 13.9287 19.699 24.4792 30.2492 36.0192 41.787 88.3577 82.5891 76.8193 78.5897 74.8197 70.6397 64.8696 59.0993 48.5487 40.389 34.6191 28.849 23.079 17.309 11.539 5.76947 5.77 5.77 5.77 5.77 5.77 5.77 5.77 5.77 5.77 5.76971 11.5396 19.6996 27.8596 36.0196 44.1796
92.32 86.55 80.78 75.0097 69.2393 63.4685 57.6976 51.9266 46.1555 40.3844 34.6135 28.8426 23.0718 17.301 11.5287 5.75982 5.77 5.77 5.77 5.77 5.76469 5.7645 8.15542 5.7634 5.77 5.77 5.77 5.77 5.77 5.77 5.77 5.77 5.77 5.77 5.77 5.77 5.77 5.77 5.77 5.77 5.77 5.77 5.77 5.7699 5.76904 11.5386 16.3187 22.0888 27.8588 36.019 41.7861 97.0977 91.3294 85.5594 79.7895 74.0194 68.2493 62.4791 56.7089 50.9387 40.3886 34.6189 28.8489 23.0789 17.3089 11.5389 5.76933 5.76997 5.77 5.77 5.77 5.77 5.77 5.77 5.77 5.77 5.76987 11.5397 19.6997 27.8597 36.0197 44.1797
92.32 86.55 80.78 75.0097 69.2392 63.4684 57.6974 51.9263 46.1551 40.3839 34.6128 28.8418 23.071 17.2999 11.5271 5.75738 5.77 5.77 5.77 5.77 5.77 5.76909 5.76799 5.76763 5.77 5.77 5.77 5.77 5.77 5.77 5.77 5.77 5.77 5.77 5.77 5.77 5.77 5.77 5.77 5.77 5.77 5.77 5.77 5.77 5.7696 8.15851 13.9281 19.6981 27.8586 33.6287 41.7851 97.0974 91.3294 85.5593 79.7892 74.0191 68.2491 62.479 56.7087 48.5484 42.7788 37.0091 31.2391 25.4691 19.6991 13.9291 8.15944 5.76995 5.77 5.77 5.77 5.77 5.77 5.77 5.77 5.77 5.76989 11.5397 19.6997 27.8597 36.0197 46.5698
92.32 86.55 80.78 75.0096 69.2391 63.4683 57.6972 51.9259 46.1546 40.3833 34.6121 28.841 23.07 17.2988 11.525 5.75411 5.77 5.77 5.77 5.77 5.77 5.77 5.77 5.77 5.77 5.77 5.77 5.77 5.77 5.77 5.77 5.77 5.77 5.77 5.77 5.77 5.77 5.77 5.77 5.77 5.77 5.77 5.77 5.77 5.76991 5.76854 11.5374 19.6976 27.8581 33.6283 44.1747 99.4873 93.7194 87.9493 82.1793 76.4092 70.6391 64.8691 59.0987 48.548 40.3883 34.6185 28.8485 23.0785 17.3084 11.5384 5.76909 5.76997 5.77 5.77 5.77 5.77 5.77 5.77 5.77 5.77 5.76991 11.5398 19.6998 27.8598 38.4098 44.1798
92.32 86.55 80.78 75.0096 69.2391 63.4681 57.6969 51.9256 46.1541 40.3827 34.6114 28.8402 23.069 17.2975 11.5222 5.75045 5.77 5.77 5.77 5.77 5.77 5.77 5.77 5.77 5.77 5.77 5.77 5.77 5.77 5.77 5.77 5.77 5.77 5.77 5.77 5.77 5.77 5.77 5.77 5.77 5.77 5.77 5.77 5.77 5.77 5.76873 11.5373 19.6967 30.2477 36.0178 46.5641 97.0973 91.3293 85.559 79.7889 74.0188 68.2487 62.4786 56.7082 50.9382 40.3881 34.6184 28.8484 23.0783 17.3083 11.5383 5.76899 5.76996 5.77 5.77 5.77 5.77 5.77 5.77 5.77 5.77 5.76993 11.5398 19.6998 30.2499 36.0198 44.1799
92.32 86.55 80.78 75.0096 69.239 63.4679 57.6967 51.9252 46.1536 40.382 34.6106 28.8392 23.0679 17.296 11.5189 5.74692 5.77 5.77 5.77 5.77 5.77 5.77 5.77 5.77 5.77 5.77 5.77 5.77 5.77 5.77 5.77 5.77 5.77 5.77 5.77 5.77 5.77 5.77 5.77 5.77 5.77 5.77 5.77 5.77 5.76986 5.76795 11.5364 22.086 32.6367 38.4066 58.1046 99.4876 93.7193 87.9492 82.1791 76.409 70.639 64.8689 59.0985 48.5477 42.7784 37.0087 31.2387 25.4687 19.6986 13.9286 8.15918 5.76993 5.77 5.77 5.77 5.77 5.77 5.77 5.77 5.77 5.76994 11.5399 22.0899 27.8598 36.0199 41.7899
92.32 86.55 80.78 75.0095 69.2389 63.4678 57.6964 51.9247 46.153 40.3813 34.6097 28.8382 23.0667 17.2942 11.5155 5.74375 5.77 5.77 5.77 5.77 5.77 5.77 5.77 5.77 5.77 5.77 5.77 5.77 5.77 5.77 5.77 5.77 5.77 5.77 5.77 5.77 5.77 5.77 5.77 5.77 5.77 5.77 5.77 5.76989 5.76881 8.15716 13.9255 24.474 44.1769 49.9475 60.4948 99.4878 93.7193 87.9491 82.179 76.4089 70.6389 64.8688 59.0984 50.9378 40.3877 34.618 28.848 23.078 17.308 11.538 5.76869 5.76991 5.77 5.77 5.77 5.77 5.77 5.77 5.77 5.77 5.76996 11.5399 16.3198 27.8599 33.6299 44.1799
92.32 86.55 80.78 75.0095 69.2388 63.4676 57.696 51.9243 46.1524 40.3805 34.6087 28.8371 23.0654 17.2923 11.5121 5.74101 5.77 5.77 5.77 5.77 5.77 5.77 5.77 5.77 5.77 5.77 5.77 5.77 5.77 5.77 5.77 5.77 5.77 5.77 5.77 5.77 5.77 5.77 5.77 5.77 5.77 5.77 5.77 5.76945 8.15794 13.9272 16.3139 36.0144 46.5668 52.3375 62.8847 97.0979 91.3291 85.5588 79.7886 74.0185 68.2484 62.4782 56.7078 50.9378 42.778 37.0084 31.2384 25.4684 19.6984 13.9285 8.15898 5.76981 5.77 5.77 5.77 5.77 5.77 5.77 5.77 5.77 5.76998 8.15993 13.9299 22.0898 36.0199 45.1697
92.32 86.55 80.78 75.0095 69.2387 63.4674 57.6957 51.9238 46.1517 40.3797 34.6077 28.8359 23.064 17.2903 11.5088 5.73863 5.77 5.77 5.77 5.77 5.77 5.77 5.77 5.77 5.77 5.77 5.77 5.77 5.77 5.77 5.77 5.77 5.77 5.77 5.77 5.77 5.77 5.77 5.77 5.77 5.77 5.77 5.77 5.7688 11.5375 16.316 27.8547 38.4047 48.9564 54.7264 71.0451 99.4883 93.7192 87.949 82.1789 76.4088 70.6387 64.8685 59.0981 48.5469 42.7779 37.0082 31.2382 25.4682 19.6982 13.9282 8.15884 5.76981 5.77 5.77 5.77 5.77 5.77 5.77 5.77 5.77 5.77 5.76994 11.5399 16.3198 33.6296 47.5591
92.32 86.55 80.78 75.0094 69.2386 63.4672 57.6954 51.9232 46.151 40.3787 34.6066 28.8346 23.0624 17.2882 11.5058 5.73656 5.77 5.77 5.77 5.77 5.77 5.77 5.77 5.77 5.77 5.77 5.77 5.77 5.77 5.77 5.77 5.77 5.77 5.77 5.77 5.77 5.77 5.77 5.77 5.77 5.77 5.77 5.77 5.76823 11.5362 19.6947 30.2442 40.7937 57.1163 62.8866 76.8158 97.0986 91.3289 85.5586 79.7884 74.0183 68.2481 62.478 56.7074 50.9374 40.387 34.6174 28.8474 23.0774 17.3074 11.5373 5.76827 5.76988 5.77 5.77 5.77 5.77 5.77 5.77 5.77 5.77 5.77 5.76998 8.15993 13.9299 27.8591 178.12
92.32 86.55 80.78 75.0094 69.2385 63.4669 57.695 51.9227 46.1502 40.3778 34.6054 28.8332 23.0608 17.2861 11.503 5.73473 5.77 5.77 5.77 5.77 5.77 5.77 5.77 5.77 5.77 5.77 5.77 5.77 5.77 5.77 5.77 5.77 5.77 5.77 5.77 5.77 5.77 5.77 5.77 5.77 5.77 5.77 5.76982 5.7671 11.5344 22.0833 32.6322 48.9532 62.8864 68.657 79.2059 99.4889 93.719 87.9488 82.1787 76.4086 70.6385 64.8684 59.0978 48.5465 42.7776 37.008 31.2379 25.4679 19.6979 13.9279 8.1587 5.76989 5.77 5.77 5.77 5.77 5.77 5.77 5.77 5.77 5.77 5.77 5.76993 11.5399 22.0888 172.349
91.7401 86.55 80.78 75.0093 69.2384 63.4667 57.6946 51.9221 46.1494 40.3768 34.6042 28.8318 23.059 17.284 11.5003 5.73305 5.77 5.77 5.77 5.77 5.77 5.77 5.77 5.77 5.77 5.77 5.77 5.77 5.77 5.77 5.77 5.77 5.77 5.77 5.77 5.77 5.77 5.77 5.77 5.77 5.77 5.77 5.76907 8.15623 13.9233 24.4709 40.7919 54.7238 65.276 71.0461 87.3665 99.4894 93.7189 87.9487 82.1785 76.4084 70.6383 64.8681 59.0976 50.9367 40.3866 34.6171 28.8471 23.0771 17.307 11.537 5.76805 5.76986 5.77 5.77 5.77 5.77 5.77 5.77 5.77 5.77 5.77 5.77 5.76996 11.5399 16.3186 166.579
85.9701 83.5801 80.78 75.0094 69.2384 63.4665 57.6942 51.9215 46.1486 40.3757 34.603 28.8303 23.0573 17.2819 11.4977 5.73148 5.77 5.77 5.77 5.77 5.77 5.77 5.77 5.77 5.77 5.77 5.77 5.77 5.77 5.77 5.77 5.77 5.77 5.77 5.77 5.77 5.77 5.77 5.77 5.77 5.77 5.76982 5.76724 11.5353 16.3112 32.6305 46.5625 57.113 73.4362 79.2065 93.1375 97.0998 91.3285 85.558 79.7878 74.0176 68.2474 62.4772 56.7066 50.9366 42.7771 37.0077 31.2378 25.4678 19.6978 13.9278 8.15851 5.76973 5.77 5.77 5.77 5.77 5.77 5.77 5.77 5.77 5.77 5.77 5.76998 8.15991 13.9285 160.809
80.2001 77.8101 75.4201 73.0294 69.2384 63.4667 57.6941 51.9211 46.148 40.3748 34.6018 28.8289 23.0557 17.2799 11.4953 5.72997 5.77 5.77 5.77 5.77 5.77 5.77 5.77 5.77 5.77 5.77 5.77 5.77 5.77 5.77 5.77 5.77 5.77 5.77 5.77 5.77 5.77 5.77 5.77 5.77 5.77 5.76909 8.15617 13.9236 24.4707 38.4012 48.9513 65.2729 79.2065 84.9773 95.528 99.4894 93.7184 87.9482 82.1781 76.408 70.6379 64.8678 59.097 48.5458 42.7771 37.0076 31.2376 25.4675 19.6975 13.9274 8.1583 5.76972 5.77 5.77 5.77 5.77 5.77 5.77 5.77 5.77 5.77 5.77 5.77 5.76991 11.5383 158.419
