tests/full-run-ref/erosion_86_12_73.390.asc
ncols 512
nrows 512
xllcorner -3.24582
yllcorner -4.08743
cellsize 5
NODATA_value -99999
[rows 240 to 269 of 512, columns 272 to 339 of 512]
5.99425 5.53548 5.47724 5.34387 5.91639 6.18336 6.14831 5.83838 5.7641 5.58189 5.33915 5.11675 5.17573 6.25085 6.89867 7.05374 6.11958 5.54427 5.00479 4.78427 4.80048 5.60528 5.38945 5.06827 5.56837 5.30735 5.90797 6.62149 6.45713 6.62656 6.51029 6.15364 5.19402 5.49011 6.26988 6.44948 5.95775 5.68515 5.24891 5.65081 5.76875 5.3966 5.94216 5.78878 5.01719 5.84173 5.56911 6.4615 6.63858 6.55011 6.54401 6.67296 5.84204 5.99757 5.73145 6.58807 6.34649 6.49775 5.28415 5.78852 5.96425 6.17693 5.76746 5.5251 5.8597 4.85132 5.04688 5.32508
5.78103 5.63165 6.3502 5.78072 4.73394 4.92611 5.01713 5.09289 5.36395 6.26432 5.80014 5.42288 5.2573 5.21303 5.80847 6.03537 5.54132 5.18864 4.52751 4.79334 4.53644 6.66215 5.99169 6.18534 6.12043 6.19378 6.64682 7.22902 6.57286 6.4895 5.24059 5.61539 5.31453 4.98049 5.72109 5.72889 5.21553 4.5225 5.22668 5.69902 5.71437 5.19941 5.10349 5.42157 4.65308 5.89392 4.38285 5.49364 6.09294 5.61991 5.76893 5.42946 5.75655 6.71486 6.70059 5.79559 5.92915 5.73679 5.7436 5.76854 5.62764 6.05476 5.64448 5.67143 5.02952 5.46244 5.00195 5.88347
5.5702 5.47798 5.56543 5.26033 5.1407 5.35882 4.53048 5.44434 5.41949 5.02211 5.42235 4.94301 6.04396 5.30878 5.57771 5.54898 5.38051 5.38887 4.97674 4.85355 4.92101 5.3195 5.21424 5.65845 6.28599 6.47912 7.10851 7.26029 6.60256 6.40613 5.12132 5.4279 5.48078 5.95622 5.40769 5.16088 4.28335 5.01257 5.19209 5.40011 5.80886 5.93475 6.25407 6.47965 5.24095 5.69034 5.46203 6.38389 5.83291 5.11459 5.99508 6.49889 6.46007 6.30327 5.4486 6.14628 5.8623 5.48436 5.39807 5.73525 5.59675 5.92125 5.42494 5.70476 5.70679 5.50837 4.79563 5.69124
6.23393 6.12585 5.68798 4.70621 4.84256 5.41189 5.2038 4.87408 5.01138 5.65807 5.81717 5.60063 6.52452 5.04294 6.42288 5.95643 6.51696 5.73042 5.55563 5.13064 4.63117 5.7134 5.31821 6.05671 6.56103 6.7176 6.94835 7.26951 6.36888 6.26203 5.82752 5.83257 5.77238 5.75509 5.6604 5.8151 5.48513 4.91297 5.44152 5.51557 5.55781 5.70018 6.00028 6.94603 5.7463 5.46745 4.37238 5.43636 5.35994 4.40564 5.50451 5.52049 4.94693 5.94603 6.26875 5.68264 5.97434 6.32174 6.5833 6.2852 5.39503 5.78276 4.82451 5.45465 5.39844 4.68745 5.37923 5.72984
5.22566 5.23527 5.32892 5.6164 5.31142 6.09787 5.24496 6.03558 5.6855 5.98674 5.08026 5.11958 6.44229 6.38747 5.77199 5.41317 5.30316 6.15267 7.31434 6.1476 5.96103 6.0726 5.71644 6.3798 6.74776 6.81093 6.98793 7.07726 6.07273 5.69882 5.4661 5.71748 5.86622 6.23938 5.36681 5.21303 5.10024 4.86629 5.13948 5.46243 5.51801 6.39635 7.05819 6.85493 5.08689 6.03897 4.9338 4.9783 6.09109 6.12767 5.97784 6.54944 6.51996 6.12521 5.60276 5.05122 5.54292 5.66475 5.16959 6.06313 5.12353 5.58841 5.62321 5.82565 5.78314 5.54085 5.48806 5.40606
5.90206 6.08071 5.22985 5.53275 4.9056 5.94591 5.47474 5.23491 5.57723 6.44122 6.02936 6.8963 6.55826 6.37881 5.74149 6.1989 6.0309 5.7408 8.04306 6.30172 6.17544 5.99468 6.52018 6.26276 5.9459 6.29647 6.34716 5.79598 4.92626 5.40835 5.79998 5.55876 6.22114 5.09969 5.58615 4.58651 4.82786 4.62068 4.86261 5.37656 5.2582 5.76682 5.76711 6.89162 5.60713 6.36806 5.01422 5.60195 6.26781 5.73056 6.03813 6.0041 5.42646 5.78581 5.94607 5.6794 5.40668 5.80494 5.22653 5.69042 4.79647 5.1281 5.16427 5.19081 5.21165 5.08187 5.80603 6.35346
5.56497 5.16329 4.62524 5.40098 4.16414 5.79199 5.67465 5.09014 5.14605 5.8231 5.34326 5.99145 6.56382 5.99706 5.50872 4.92944 5.06018 6.3476 6.61545 6.30272 6.19131 5.32214 5.51185 4.69686 5.12259 4.71601 4.80312 5.47469 5.635 5.82023 5.86875 6.02092 6.23795 5.53001 4.49296 4.40263 4.49122 4.67632 4.91972 5.14952 6.13324 6.49318 6.53044 5.93011 4.95441 5.40262 4.98455 6.39265 6.84681 7.04771 6.62006 6.79693 6.74508 6.57245 6.14323 5.90113 5.62524 6.00824 6.06653 5.58769 5.65285 5.69727 5.37358 5.9234 6.27576 5.71854 7.12397 6.74825
5.56218 5.88469 5.2956 5.61358 5.01897 6.35236 5.87499 5.75661 4.79214 5.71632 6.43948 5.73986 5.7958 5.29012 5.64077 5.18304 4.22038 5.14408 6.1703 5.64404 5.99271 5.72869 5.94767 5.57614 5.38515 5.57401 5.5868 5.34141 5.42787 5.47243 5.76399 5.1 5.20083 5.09772 4.40706 4.50649 5.2742 4.67231 6.51872 5.34178 6.51869 6.68663 5.59735 6.77078 6.01532 5.46124 5.46234 5.64931 6.57787 5.81379 6.0981 6.08747 5.55664 6.36263 6.7757 6.16324 6.2194 5.79725 5.34828 5.13628 5.47547 5.7 5.41017 5.30533 5.45995 5.60985 7.16669 5.59205
4.90405 5.61876 4.59435 5.40609 4.55857 5.7583 5.86192 4.71718 4.59472 6.66444 5.03503 5.21624 5.45294 4.65964 4.85138 5.21969 5.1378 5.66681 4.99977 5.69165 5.61709 5.45586 5.33015 4.95307 5.52733 4.96126 5.3048 5.35797 5.39342 5.79742 6.4304 6.06926 5.69263 5.20379 4.69462 4.52121 5.17876 5.4231 7.10384 6.42366 5.24404 5.52174 4.90649 5.15699 5.06181 5.7388 5.63286 6.23737 6.76091 6.93015 6.58589 6.63555 6.89575 6.84652 6.25887 6.28438 6.3371 5.6826 4.7719 5.62413 5.43649 5.51848 5.70701 5.11293 5.58342 5.51747 6.72246 6.23413
6.0833 6.45486 4.66406 5.35955 4.97014 6.73005 5.238 4.6014 5.41874 6.64395 5.73786 5.95305 4.65841 4.38733 4.64894 5.39558 4.54802 5.45804 5.50591 5.9201 4.82229 4.67732 5.18567 4.75852 5.75736 4.93291 5.09431 4.92414 5.59681 5.82463 5.01782 5.46092 5.09045 5.70405 4.8339 4.68944 4.85034 5.34262 5.27627 4.77241 5.33939 5.67103 6.51522 6.34237 5.90868 6.17762 5.14538 5.60137 5.69282 5.30841 6.04294 5.92868 5.37443 6.52393 7.0519 6.62194 5.87872 5.84861 5.31329 5.63028 5.48713 5.96199 5.46186 5.65571 5.68989 5.76555 5.90973 5.84386
4.9514 5.46285 4.71636 5.71319 5.79099 6.93777 5.84413 5.96579 5.4683 5.59987 5.02477 5.08068 5.67611 3.88304 4.12975 5.21645 4.36632 5.08466 5.27321 5.25712 5.9298 5.65804 6.16681 5.33542 5.66302 4.84925 4.8772 4.64149 5.78283 5.22085 4.74706 5.37502 5.10345 5.69069 4.73903 5.70314 4.61002 5.63415 5.70594 5.56025 5.61966 6.04026 5.47351 5.33811 5.25194 5.64885 4.92345 5.38318 5.59568 6.24592 6.17127 6.22965 6.29603 6.06747 5.08126 5.63921 5.77891 5.94606 5.06651 5.05912 4.83778 5.51853 5.02738 5.23218 5.06573 5.6923 5.88945 5.66732
5.25677 5.97405 5.55056 6.11697 5.9491 7.01434 7.09414 5.4255 5.38742 5.06163 6.25465 5.28723 4.90218 5.241 4.32605 4.81522 4.07252 4.70309 4.81759 5.37162 5.42971 5.48104 4.59768 4.86604 4.97881 4.80717 5.96608 5.62152 5.13149 5.69696 5.37937 5.62486 4.88683 5.97792 4.68962 5.06098 4.11749 5.2021 5.05634 5.47838 5.98965 6.19096 6.3625 6.6605 5.6012 5.93195 4.85146 5.56467 5.10877 5.75242 5.96767 5.96971 5.75126 6.48511 5.82267 6.44366 5.67329 6.01218 5.27634 5.52834 5.89157 5.67032 5.725 5.18712 5.5822 5.58572 5.35959 5.31726
6.61317 6.14885 5.73712 6.01279 6.7706 8.18243 8.0137 5.63592 5.73623 5.56447 5.25855 5.18458 5.70639 6.54596 5.25701 4.67796 5.15552 4.7826 4.30116 5.78718 4.87383 5.06925 4.43566 4.83251 5.61036 5.68182 7.57249 11.54 11.54 5.97142 5.43658 5.17468 5.65107 6.05044 4.96176 5.20476 4.84243 5.1911 5.697 6.09034 6.07079 5.86101 5.25679 5.37251 5.58063 6.11043 4.82257 5.37713 5.05793 6.08884 6.25093 6.25856 5.95439 6.26143 5.53402 6.30358 5.62915 6.64821 5.185 5.23109 5.43027 5.63081 5.5436 5.47473 4.93652 5.36026 5.71922 6.37406
5.24035 6.19221 6.31018 7.23162 8.32577 8.78643 7.56591 5.80198 6.41595 5.33886 5.34875 5.19015 5.2477 6.51384 6.81226 5.31257 4.36316 5.65331 3.99362 5.50438 5.06212 5.47162 5.59732 5.06671 6.09382 9.00231 6.415 7.23458 6.29004 5.81176 4.9726 5.4115 5.74453 5.88681 4.96174 5.11637 4.81359 5.93528 6.04455 6.26828 6.23458 5.90767 5.84943 5.51301 5.46396 6.185 4.95557 5.51201 5.29107 6.31288 6.52057 6.54271 6.31045 6.64554 6.2289 6.99249 5.6894 5.89937 5.27776 5.59713 5.59225 6.1966 5.91119 5.33336 5.5661 5.75602 6.2145 6.44989
6.19359 6.3178 5.80713 7.18107 7.59189 6.962 6.16567 5.16978 6.30566 4.82926 5.9334 5.08927 5.1046 5.39247 5.63322 5.72825 4.94421 5.87307 4.20601 5.87155 4.82015 5.53982 6.10184 5.69773 9.72016 8.5526 7.95157 7.42847 5.98786 5.32673 5.21847 5.47602 5.29211 6.06663 4.58524 5.17437 4.75194 5.49675 6.43554 6.62213 6.49416 5.89649 5.43983 4.82901 4.89969 6.02499 5.13679 5.64608 5.05312 5.8886 6.20082 6.37078 5.69953 5.7316 4.9908 5.66294 5.65588 5.29125 5.03564 5.58399 5.65455 6.8881 5.9795 5.48631 5.43839 5.67361 6.97246 7.37207
5.07687 5.59844 5.53132 5.87874 5.72896 6.02679 5.79622 4.44978 4.69833 5.85221 7.03926 6.63706 5.6788 6.29761 5.66076 5.52069 4.37694 5.84587 4.29579 5.74422 4.38395 5.41279 7.35557 9.19444 8.97481 10.2754 8.86631 7.52726 6.18943 5.52062 5.47303 5.6963 5.35247 4.94238 4.57305 5.15158 4.66567 5.07424 5.85642 6.08 6.57053 6.39007 6.13869 5.41658 5.93548 6.22002 5.14098 5.92084 4.99686 5.45251 4.91287 5.09406 5.73096 6.24508 6.06661 5.53133 5.93484 5.44159 5.88837 5.67661 5.32768 5.76643 5.52973 5.13002 5.51665 6.1765 7.30442 7.87224
4.16566 5.56984 4.8294 6.0959 6.41204 5.2442 5.60439 4.7691 5.15129 5.17023 6.20423 7.23671 7.00452 7.20103 5.66987 5.50303 4.43402 5.63523 5.42164 4.99698 5.33623 6.31639 8.95095 8.13652 10.3309 11.0792 8.81609 11.54 11.54 6.01852 5.55464 5.48737 4.99044 4.98822 5.17545 5.42482 5.54499 5.6509 6.14052 6.24483 5.36832 6.13499 6.24536 5.99221 5.49962 6.05988 6.32483 6.1703 5.2321 5.47822 5.56365 5.88229 5.503 5.54375 5.16014 5.15285 5.48018 5.3611 5.39781 5.1318 5.68096 6.06028 5.68499 6.16641 6.01927 7.6766 7.58196 8.45906
4.60958 4.69466 4.80806 5.63922 5.40992 4.74331 4.98763 5.28122 5.43854 5.67151 7.07752 8.26167 7.49437 6.91002 5.51808 5.51008 5.16392 5.44548 4.73754 6.08707 5.61653 7.76826 7.60225 9.93282 11.2631 11.3348 8.46831 7.28656 5.79979 5.60971 5.69823 5.6333 5.17544 4.99634 4.45023 5.28216 4.93221 5.25667 5.41348 5.60814 6.36321 6.53418 6.53466 5.80163 5.53107 5.91141 5.34574 5.51751 5.29005 5.31568 5.23031 5.57431 6.00699 6.08403 6.17529 6.23078 5.98854 5.63746 4.87463 5.6811 5.79904 6.33832 5.39815 6.37272 6.53287 7.73881 8.54044 9.54891
4.72675 4.7085 5.08336 5.83933 6.18813 5.59141 5.69015 6.88656 6.91135 7.47407 8.4213 8.03021 7.25572 7.10831 6.38655 5.85786 5.05943 5.73486 5.10097 5.97962 6.74255 6.61046 9.42334 11.1577 11.3083 11.2639 8.29351 7.46114 6.25519 5.42343 5.22848 5.22276 5.16172 5.51947 5.73177 5.55248 5.14784 5.6752 5.46022 5.41814 5.43388 5.25071 5.3549 5.26975 5.84673 6.19951 5.41906 5.937 6.1859 5.55686 5.82301 5.72303 5.92413 5.90642 6.01931 6.14996 5.5602 5.05268 5.16984 5.51449 5.18276 5.73171 5.28836 5.90867 6.79971 8.17223 9.96438 10.1988
4.83101 5.1139 5.38651 5.3115 5.90926 6.37085 5.88154 6.84096 6.87397 6.7879 7.55361 6.97333 6.01604 6.94498 6.64732 5.94772 5.41856 5.39234 6.08044 8.72926 7.68723 9.27713 11.3706 11.3978 11.0106 11.54 11.54 11.54 5.73681 5.65434 6.06432 5.40806 6.09061 5.44395 5.31499 5.70735 5.49098 5.55284 5.44099 5.45215 5.5135 6.13408 6.08646 5.18289 4.94544 5.39749 4.73169 5.31046 5.68582 5.55794 5.29175 5.09887 6.15401 6.53411 6.44966 5.78741 5.07314 5.83909 5.46525 4.89223 5.31934 5.45865 5.48478 6.57337 7.61297 11.2449 10.4439 10.4077
4.96303 4.44133 5.81109 5.47925 5.60703 5.90104 5.95363 8.12871 6.603 6.84697 5.86462 6.54074 5.9636 6.6134 7.06743 5.77381 6.63062 6.36216 9.44965 8.6349 10.0639 11.377 11.4307 11.3935 10.7582 10.0797 7.64854 6.38618 5.2965 5.21753 5.03182 5.17219 5.19095 5.06761 5.71201 5.55257 4.93988 4.66303 4.54771 5.32941 5.78212 4.87723 5.20917 4.4533 4.51825 5.49095 5.79814 5.82344 5.89306 5.18468 5.66685 5.93343 5.54883 5.17966 4.63273 5.34223 5.47537 5.59706 4.85733 5.64759 5.41208 5.5421 4.91611 5.76712 7.07261 8.53496 10.9201 10.4965
5.05342 5.05921 5.05688 5.47165 5.95008 6.52513 6.8986 6.77902 5.77061 5.63056 4.92401 5.35085 6.13939 6.61013 11.54 11.54 11.54 11.54 11.54 11.54 11.4309 11.4658 11.4377 11.4683 10.6028 9.51337 3.71407 7.11457 6.18464 5.95763 5.46613 5.69961 5.41487 5.614 5.76448 5.52529 5.47627 5.46743 5.74543 5.79473 6.25593 5.62482 5.60864 4.82905 5.44716 5.07341 5.61113 5.43805 5.62233 5.39579 5.49359 5.48661 5.28043 5.83674 5.68608 5.34668 4.90431 4.8341 5.33977 5.31208 5.03943 4.69221 5.36379 6.32437 7.46078 8.75245 10.721 10.2611
4.83511 5.56872 5.35592 5.60048 5.40916 5.52556 5.47589 6.06115 5.91106 5.61657 5.66238 5.30973 5.65362 5.4906 6.67083 6.72563 9.42278 11.54 11.54 10.9153 11.4475 11.4372 11.4834 11.5051 10.5582 9.41385 7.3364 6.26442 5.40899 5.40289 5.19088 5.51305 5.15597 4.77742 4.31141 5.38949 5.27403 5.38996 5.69302 6.33871 6.78157 5.91804 5.94023 4.94242 4.91695 4.57238 5.00988 5.71004 5.75199 6.11936 5.23836 4.9795 5.91693 5.21134 5.4703 5.5919 5.18213 5.96834 5.2083 5.14978 5.55986 5.87398 5.79997 6.32802 7.83697 8.44094 9.43177 9.59534
4.91772 6.43645 4.63644 5.6986 4.55991 5.28428 5.43275 4.94505 4.75212 5.73407 4.77825 5.03209 4.9354 5.66621 6.4024 3.02315 4.64431 10.7129 8.03856 11.0304 11.4628 11.4927 11.5084 11.5288 10.5248 9.39874 7.21736 6.34069 6.00725 6.10182 6.33291 5.58446 5.41168 5.31177 5.52508 4.84984 4.78065 5.02958 5.66436 6.0908 6.94637 5.75689 5.37303 5.09436 5.71063 6.02076 5.44633 4.78862 5.50545 5.56018 5.66256 5.30198 5.49112 5.08183 5.3231 5.93873 5.35333 7.3567 7.69745 5.56143 5.86129 5.93364 6.33022 7.17208 7.76626 8.36185 8.77976 8.97074
4.83424 6.14344 5.45609 5.10636 5.64619 5.5198 4.29098 4.66708 4.23865 5.42873 5.01576 4.80321 5.34283 5.19713 6.2933 8.7317 10.6429 9.46392 11.3175 11.4533 11.4843 11.4725 11.4792 11.5398 9.26593 9.35772 7.21951 6.43368 4.99125 5.06774 4.99547 5.59903 5.49472 4.84919 4.98927 5.10088 5.7623 6.21942 6.50474 7.46992 6.10013 5.65838 5.75886 5.18597 5.32448 5.18956 5.82527 5.01067 5.35707 5.73068 5.32335 5.60459 5.52655 5.76915 4.99339 6.67839 6.27921 6.1037 6.51702 5.04017 6.09417 6.04841 6.91174 7.08354 7.54228 7.70407 8.35048 8.6402
5.09241 7.35435 5.11625 4.54966 5.15602 4.73672 5.37975 5.09588 5.00847 6.60897 4.44541 5.36101 4.89759 6.33463 7.26652 9.75324 9.67435 11.0613 11.4596 11.4794 11.504 11.4708 11.54 11.54 6.96814 9.25767 7.09277 6.55005 5.87602 5.99364 5.79547 5.46939 5.92633 5.55907 5.36694 5.16932 5.53271 5.2263 5.03299 5.55117 5.54352 5.5943 5.74807 6.12198 5.93269 4.79596 5.71974 5.59589 5.43165 5.50395 4.77876 5.63052 5.37866 6.06428 5.40631 5.39742 5.61328 5.24157 5.34395 5.37655 5.7747 6.35339 6.54798 6.82401 7.14914 7.07399 7.63251 8.29365
5.53578 6.83514 5.67426 5.32422 5.14268 4.99827 5.12843 5.70277 6.05801 5.86825 5.47415 5.33543 6.00521 8.06728 10.145 9.58645 10.954 11.4759 11.487 11.5021 11.514 11.4768 11.5036 8.26027 6.18158 9.22848 7.20679 6.11405 5.25622 5.25051 5.30597 6.18796 5.5609 5.66623 6.37192 5.59195 6.06952 5.83112 5.30707 5.83477 5.49787 6.26749 6.15235 6.05783 6.38709 4.81466 5.87564 5.47868 5.80735 5.7722 5.24471 5.34976 4.86208 4.9288 4.79424 4.32275 5.70668 5.50225 5.48589 5.46352 6.00401 6.39043 6.69284 6.36135 6.28315 6.15055 7.01836 8.26775
7.428 6.4407 5.03342 5.79996 4.81891 6.33606 4.57984 5.98546 5.75352 5.12146 5.51122 6.90005 7.25697 9.42862 9.23612 10.8223 11.5041 11.5099 11.5132 11.5216 11.525 11.5326 11.5374 10.8113 10.6755 9.86176 7.147 6.14921 5.38227 5.10251 5.02636 5.21842 5.39118 4.94314 5.65102 5.49756 5.84298 6.73575 5.74584 5.65363 5.84383 5.21331 5.87466 5.26692 5.63901 4.60429 5.80227 4.987 5.45755 5.62962 5.30709 6.01598 5.75067 5.91352 5.88488 5.72361 5.22577 5.45444 5.25071 5.82527 5.67545 5.73996 6.22418 5.69423 5.74239 5.11663 6.48317 6.72903
7.71628 8.04704 5.35622 5.79781 3.99259 5.24489 5.66422 5.14122 5.48597 5.7342 7.49793 9.21438 10.4241 9.75711 10.8763 11.5102 11.511 11.5045 11.5146 11.5119 11.5255 11.5276 11.5368 10.6497 10.3433 9.01568 7.0179 6.52664 5.72829 6.09346 5.67279 5.48061 6.28156 5.66188 6.62958 5.4514 5.27002 5.13662 4.44716 5.10348 5.76086 6.08216 5.75142 5.46006 6.14625 6.03739 5.52457 5.10284 5.4149 5.91575 5.43095 5.84142 4.9575 5.38337 5.48587 5.10361 5.85 5.98726 5.60129 6.10047 5.46938 6.00054 5.25179 5.24463 5.64335 5.79254 5.8097 7.59885
8.62198 7.77266 6.61375 7.39665 5.6807 5.05158 5.20298 5.39131 6.62255 8.28314 8.89371 10.1994 9.99451 10.994 11.523 11.5202 11.5229 11.5259 11.5213 11.5251 11.5359 11.5369 11.5374 10.6515 10.5308 9.14148 6.33544 5.64985 4.67447 5.09584 5.14953 5.21521 5.36627 5.25372 5.43557 5.51179 5.59582 5.50713 5.59275 5.33557 6.05398 5.26103 5.78053 5.1442 5.43748 5.22466 5.78148 6.26765 5.96615 6.49773 6.24522 5.43836 5.52748 5.20345 6.07456 5.72145 6.25676 6.92676 5.56947 6.30449 5.15687 5.78644 5.96929 6.23013 5.19692 5.7431 5.27651 6.61055
