tests/full-run-ref/erosion_2010_78_21_-27.869.asc
ncols 512
nrows 512
xllcorner -3.24582
yllcorner -4.08743
cellsize 5
NODATA_value -99999
[rows 105 to 139 of 512, columns 79 to 157 of 512]
5.77 5.76772 5.74036 11.4901 17.2621 23.0336 28.805 34.5766 40.3483 46.1203 51.8843 62.4382 68.1996 83.5398 89.3153 95.0806 100.85 106.626 112.398 118.158 128.699 159.382 163.168 159.387 165.158 160.539 166.31 168.708 171.325 168.928 163.152 160.761 154.987 152.596 146.821 144.429 138.652 136.256 130.477 128.079 122.297 119.901 114.113 111.729 105.944 103.568 97.8 95.4279 89.6696 87.2943 81.5371 79.1566 73.3931 71.006 65.2287 62.8336 57.0423 54.641 48.8386 46.4369 40.6234 38.2287 32.407 30.0259 24.2006 21.8356 16.01 13.669 7.88894 5.66726 5.7602 5.77 5.77 5.77 5.77 5.77 5.77 5.77 5.77
5.76964 5.76052 8.12695 13.8889 19.66 25.4318 31.2034 36.975 42.7469 48.5184 54.2816 64.8227 80.1558 85.9325 91.7073 97.4771 103.247 109.019 114.791 120.561 126.323 136.87 158.973 161.372 163.763 169.533 168.704 171.326 168.93 163.153 160.762 154.987 152.597 146.821 144.432 138.655 136.264 130.486 128.092 122.312 119.914 114.13 111.735 105.945 103.563 97.7765 95.403 89.6334 87.2629 81.5039 79.1303 73.3728 70.9936 65.2298 62.8434 57.0653 54.6706 48.8782 46.4772 40.6733 38.2722 32.4571 30.0632 24.2398 21.8599 16.0328 13.6808 7.8978 5.66992 5.76041 5.77 5.77 5.77 5.77 5.77 5.77 5.77 5.77 5.77
5.76801 8.15041 13.9121 16.2806 22.0515 27.8228 33.5942 39.3661 45.1374 50.906 56.6683 71.9919 82.5487 88.3263 94.0969 99.8678 105.639 111.411 117.183 122.955 128.724 134.488 145.04 155.595 161.366 171.923 171.326 168.932 163.156 160.764 154.988 152.598 146.821 144.433 138.656 136.268 130.49 128.1 122.321 119.927 114.145 111.749 105.962 103.569 97.7774 95.3967 89.6094 87.2375 81.4669 79.098 73.3382 70.9662 65.2083 62.8304 57.0662 54.6806 48.9018 46.5075 40.7139 38.3133 32.5079 30.1075 24.2907 21.8978 16.0727 13.7048 7.91732 5.67496 5.76071 5.77 5.77 5.77 5.77 5.77 5.77 5.77 5.77 5.77 5.77
5.76457 11.5274 16.3016 22.0591 24.4456 30.2152 35.9845 41.7559 47.5278 53.2935 63.8358 74.3804 88.3204 94.0964 99.867 105.638 111.41 117.183 122.954 125.348 131.118 136.887 142.656 149.821 163.754 171.328 168.933 163.158 160.766 154.991 152.6 146.823 144.434 138.656 136.269 130.491 128.103 122.325 119.936 114.155 111.763 105.979 103.584 97.795 95.4023 89.6094 87.2305 81.4422 79.0719 73.3003 70.933 65.1724 62.8019 57.0437 54.667 48.9025 46.5177 40.7382 38.3443 32.5496 30.1493 24.3425 21.9427 16.1244 13.7414 7.95056 5.68442 5.76137 5.77 5.77 5.77 5.77 5.77 5.77 5.77 5.77 5.77 5.77 5.77
8.15274 13.9176 19.6874 24.4621 30.2207 32.608 38.3747 44.144 49.9172 55.6804 66.2211 80.1508 90.3139 96.0908 101.862 107.633 113.406 119.179 124.951 130.722 133.512 139.282 141.672 144.046 171.319 168.936 163.16 160.768 154.993 152.602 146.826 144.436 138.658 136.27 130.491 128.105 122.326 119.939 114.159 111.771 105.99 103.598 97.813 95.4179 89.6273 87.2358 81.4413 79.0643 73.2749 70.9063 65.1337 62.7679 57.0065 54.6376 48.8788 46.5035 40.7385 38.3546 32.5744 30.181 24.3851 21.9853 16.177 13.7844 7.99324 5.6982 5.7625 5.77 5.77 5.77 5.77 5.77 5.77 5.77 5.77 5.77 5.77 5.77 5.77
11.5324 16.3073 22.0768 27.8463 32.6209 38.379 44.1477 49.9177 52.307 58.067 71.9903 82.1471 92.7052 98.4808 104.252 110.024 115.798 121.57 126.345 128.734 131.123 133.512 135.899 138.269 168.929 163.163 160.77 154.996 152.604 146.829 144.438 138.661 136.272 130.494 128.106 122.327 119.94 114.161 111.775 105.994 103.607 97.8239 95.433 89.6465 87.2521 81.4594 79.0691 73.273 70.8979 65.1073 62.7405 56.9668 54.6026 48.8404 46.473 40.7137 38.3397 32.5742 30.1913 24.4103 22.0176 16.2205 13.8253 8.03684 5.71417 5.76397 5.77 5.77 5.77 5.77 5.77 5.77 5.77 5.77 5.77 5.77 5.77 5.77 5.77
11.529 17.299 23.0685 28.8368 36.0031 41.7734 47.5434 53.3146 58.0775 63.838 73.987 84.5395 95.0977 100.873 106.645 112.417 115.794 118.183 120.572 122.961 125.35 127.74 130.127 132.496 163.156 160.774 154.999 152.607 146.831 144.441 138.664 136.275 130.497 128.108 122.329 119.942 114.162 111.776 105.995 103.611 97.8285 95.4423 89.6581 87.268 81.4798 79.086 73.2913 70.9024 65.1046 62.7313 56.9395 54.5744 48.7997 46.4371 40.674 38.3082 32.5482 30.1756 24.4096 22.0277 16.246 13.8561 8.07279 5.72942 5.76551 5.77 5.77 5.77 5.77 5.77 5.77 5.77 5.77 5.77 5.77 5.77 5.77 5.77 5.77
11.5258 17.2959 23.0659 28.8331 36.9897 42.7618 48.5316 54.3016 60.0708 65.8343 76.3794 86.9333 96.0951 101.869 105.24 107.631 110.02 112.41 114.8 117.189 119.579 121.968 124.357 126.723 160.769 155.005 152.611 146.835 144.444 138.667 136.278 130.5 128.111 122.332 119.945 114.164 111.778 105.997 103.612 97.8302 95.4464 89.6631 87.2778 81.4923 79.1029 73.3129 70.9198 65.123 62.7354 56.936 54.5645 48.7714 46.4081 40.6322 38.2713 32.5072 30.143 24.3823 22.011 16.2444 13.8645 8.09322 5.7411 5.76682 5.77 5.77 5.77 5.77 5.77 5.77 5.77 5.77 5.77 5.77 5.77 5.77 5.77 5.77 5.77
11.5224 17.2925 23.0627 28.8292 39.3795 45.1526 50.9222 56.6918 62.461 68.2255 78.7733 87.9326 94.6882 97.0764 99.4659 101.858 104.249 106.639 109.029 111.418 113.807 116.197 118.586 120.953 154.999 152.616 146.84 144.447 138.671 136.28 130.503 128.114 122.336 119.948 114.168 111.781 106 103.614 97.8318 95.4483 89.6651 87.2822 81.4976 79.1133 73.3263 70.9377 65.1457 62.7534 56.9544 54.5683 48.7672 46.3975 40.603 38.2414 32.4642 30.105 24.3398 21.9772 16.2156 13.8477 8.09004 5.74584 5.7676 5.77 5.77 5.77 5.77 5.77 5.77 5.77 5.77 5.77 5.77 5.77 5.77 5.77 5.77 5.77 5.77
13.9143 19.6841 25.454 31.2206 41.7716 47.5447 53.3145 59.0841 64.8533 70.6193 79.7731 86.5273 88.9147 91.3028 93.6939 96.0865 98.4777 100.867 103.257 105.647 108.036 110.426 112.816 115.182 152.613 146.848 144.453 138.676 136.284 130.507 128.117 122.339 119.951 114.172 111.784 106.003 103.617 97.8348 95.4504 89.6669 87.2842 81.4999 79.1179 73.3321 70.9486 65.1602 62.7723 56.9783 54.5868 48.7856 46.401 40.5981 38.2303 32.4341 30.0744 24.2956 21.9383 16.1717 13.8149 8.06444 5.74124 5.76755 5.77 5.77 5.77 5.77 5.77 5.77 5.77 5.77 5.77 5.77 5.77 5.77 5.77 5.77 5.77 5.77 5.77
16.3067 22.076 27.8456 33.6126 42.7667 48.5393 54.3092 60.0791 65.8486 71.6168 79.7782 80.7544 83.1409 85.5308 87.9228 90.3156 92.7064 95.0963 97.4865 99.8762 102.266 104.656 107.046 109.414 146.844 144.46 138.684 136.29 130.512 128.121 122.343 119.954 114.175 111.788 106.008 103.621 97.839 95.4535 89.6701 87.2865 81.502 79.1201 73.3346 70.9535 65.1666 62.7839 56.9939 54.6066 48.8105 46.4199 40.6166 38.2336 32.4287 30.0627 24.2648 21.9069 16.1265 13.7777 8.02717 5.7302 5.76672 5.77 5.77 5.77 5.77 5.77 5.77 5.77 5.77 5.77 5.77 5.77 5.77 5.77 5.77 5.77 5.77 5.77 5.77
17.3006 23.07 28.8396 34.6073 42.767 48.5392 54.3096 60.0801 65.8505 71.6195 74.4128 74.9794 77.3682 79.7595 82.152 84.5447 86.9354 89.3253 91.7157 94.1055 96.4955 98.886 101.277 103.647 144.458 138.693 136.297 130.52 128.127 122.349 119.958 114.179 111.791 106.011 103.624 97.8433 95.4573 89.6744 87.2898 81.5054 79.1226 73.337 70.956 65.1694 62.7891 57.0009 54.619 48.8274 46.4408 40.6426 38.2529 32.4474 30.0659 24.2591 21.8949 16.0951 13.748 7.9897 5.71716 5.76558 5.77 5.77 5.77 5.77 5.77 5.77 5.77 5.77 5.77 5.77 5.77 5.77 5.77 5.77 5.77 5.77 5.77 5.77 5.77
17.2995 23.0693 28.8391 34.6075 42.7682 48.5405 54.3115 60.0824 63.8682 66.2532 68.6383 69.206 71.5962 73.9885 76.3813 78.7737 81.1644 83.5545 85.945 88.3352 90.7254 93.1162 95.5102 97.8811 138.691 136.305 130.529 128.134 122.357 119.964 114.185 111.795 106.016 103.628 97.8474 95.461 89.679 87.2937 81.5099 79.126 73.3406 70.9586 65.172 62.7918 57.0041 54.6247 48.8351 46.4541 40.6607 38.2748 32.4743 30.0857 24.2779 21.8981 16.0892 13.7366 7.96423 5.70619 5.7643 5.77 5.77 5.77 5.77 5.77 5.77 5.77 5.77 5.77 5.77 5.77 5.77 5.77 5.77 5.77 5.77 5.77 5.77 5.77 5.77
17.2997 23.0697 28.8397 34.6087 42.7705 48.5429 53.3202 55.7082 58.0938 60.4788 62.8651 63.4332 65.8246 68.2177 70.6105 73.0027 75.3934 77.7841 80.1746 82.5649 84.9552 87.3487 89.7421 95.5021 136.304 130.538 128.142 122.366 119.971 114.193 111.801 106.022 103.632 97.852 95.4648 89.6833 87.2977 81.5146 79.1301 73.3453 70.9622 65.1757 62.7946 57.0069 54.6276 48.8387 46.4602 40.6692 38.289 32.4938 30.1086 24.3058 21.9183 16.1084 13.7398 7.95993 5.70082 5.7635 5.77 5.77 5.77 5.77 5.77 5.77 5.77 5.77 5.77 5.77 5.77 5.77 5.77 5.77 5.77 5.77 5.77 5.77 5.77 5.77 5.77
17.3009 23.071 28.8412 34.6111 42.7702 45.1594 47.5474 49.9345 52.3202 54.7057 57.093 57.6614 60.0532 62.4469 64.8397 67.2319 69.623 72.014 74.4043 76.7944 79.1871 81.58 87.3566 89.7408 130.537 128.149 122.375 119.98 114.203 111.809 106.03 103.638 97.8582 95.4695 89.6882 87.3017 81.5193 79.1342 73.3502 70.9665 65.1806 62.7984 57.0109 54.6306 48.8417 46.4634 40.6732 38.2956 32.5032 30.1237 24.3266 21.9422 16.1372 13.7594 7.97606 5.70242 5.76335 5.77 5.77 5.77 5.77 5.77 5.77 5.77 5.77 5.77 5.77 5.77 5.77 5.77 5.77 5.77 5.77 5.77 5.77 5.77 5.77 5.77 5.77
17.3026 23.0728 28.8437 34.611 36.9987 39.3866 41.7745 44.1611 46.547 48.9347 51.8995 51.8894 54.2819 56.6761 59.0691 61.4615 63.8529 66.2436 68.6337 71.0257 73.418 79.1953 81.5924 87.3538 128.149 122.382 119.987 114.212 111.817 106.04 103.646 97.8667 95.4757 89.6947 87.3065 81.5244 79.1385 73.3551 70.9708 65.1858 62.8028 57.0159 54.6345 48.8459 46.4665 40.6765 38.299 32.5076 30.1309 24.337 21.9583 16.1593 13.7825 8.00052 5.70896 5.76383 5.77 5.77 5.77 5.77 5.77 5.77 5.77 5.77 5.77 5.77 5.77 5.77 5.77 5.77 5.77 5.77 5.77 5.77 5.77 5.77 5.77 5.77 5.77
17.3046 23.0751 28.8442 28.8391 31.2264 33.6142 36.0011 38.3869 40.7743 46.138 46.1272 46.1171 48.5106 50.9055 53.2987 55.6914 58.0826 60.4727 62.8645 65.2561 71.034 73.4312 79.204 81.5861 122.381 119.993 114.22 111.825 106.049 103.655 97.8769 95.4838 89.7035 87.313 81.5312 79.1435 73.3606 70.9752 65.191 62.8073 57.0213 54.639 48.8511 46.4705 40.6809 38.3024 32.5112 30.1346 24.3419 21.966 16.1707 13.7985 8.02 5.71627 5.76459 5.77 5.77 5.77 5.77 5.77 5.77 5.77 5.77 5.77 5.77 5.77 5.77 5.77 5.77 5.77 5.77 5.77 5.77 5.77 5.77 5.77 5.77 5.77 5.77
16.3156 22.0857 23.0722 23.0663 25.4539 27.8408 30.2263 32.6131 38.3915 40.3666 40.3535 40.3448 42.7395 45.135 47.5286 49.9211 52.3116 54.7032 57.0944 62.8727 65.27 71.0435 73.4351 79.197 119.993 114.225 111.831 106.057 103.663 97.8869 95.4928 89.7139 87.3213 81.5402 79.1503 73.3676 70.9806 65.1967 62.812 57.0267 54.6437 48.8567 46.4752 40.6863 38.3065 32.5158 30.1381 24.3458 21.9701 16.1761 13.8066 8.03049 5.72132 5.7652 5.77 5.77 5.77 5.77 5.77 5.77 5.77 5.77 5.77 5.77 5.77 5.77 5.77 5.77 5.77 5.77 5.77 5.77 5.77 5.77 5.77 5.77 5.77 5.77 5.77
13.926 16.3142 17.3002 17.2938 19.6802 22.0654 24.4517 30.2307 34.6044 34.5932 34.5813 34.5728 36.9684 39.3647 41.7584 44.1501 46.5419 48.9327 54.7115 57.1088 62.8827 65.2746 71.0456 73.4277 114.224 111.836 106.063 103.67 97.8952 95.5012 89.7243 87.3305 81.5509 79.1588 73.3769 70.9875 65.204 62.8175 57.0328 54.6486 48.8624 46.4801 40.6921 38.3114 32.5213 30.1424 24.3505 21.9738 16.1803 13.8108 8.0356 5.72399 5.76554 5.77 5.77 5.77 5.77 5.77 5.77 5.77 5.77 5.77 5.77 5.77 5.77 5.77 5.77 5.77 5.77 5.77 5.77 5.77 5.77 5.77 5.77 5.77 5.77 5.77 5.77
8.15582 11.534 11.5284 11.52 13.9043 16.2901 22.0689 27.8466 28.8319 28.8202 28.8091 28.8011 31.1975 33.5943 35.9873 38.3801 40.771 46.5504 48.9476 54.722 57.114 62.8853 65.275 71.0372 111.835 106.067 103.674 97.9014 95.5081 89.7331 87.3393 81.5617 79.1683 73.3879 70.9963 65.2136 62.8247 57.0404 54.6544 48.8688 46.4853 40.698 38.3164 32.5273 30.1474 24.3562 21.9782 16.1852 13.8145 8.0393 5.72555 5.76571 5.77 5.77 5.77 5.77 5.77 5.77 5.77 5.77 5.77 5.77 5.77 5.77 5.77 5.77 5.77 5.77 5.77 5.77 5.77 5.77 5.77 5.77 5.77 5.77 5.77 5.77 5.77
5.76913 5.76739 5.76447 5.75602 8.13303 13.9077 19.6867 23.0692 23.0589 23.048 23.0371 23.0294 25.4266 27.8231 30.2173 32.609 38.3893 40.7864 46.5612 48.9533 54.7248 57.1146 62.8825 73.4286 106.067 103.678 97.9057 95.5131 89.7397 87.3465 81.5709 79.1773 73.399 71.006 65.2249 62.8337 57.0503 54.6619 48.8767 46.4913 40.7047 38.3218 32.5335 30.1526 24.3624 21.9833 16.1911 13.8189 8.04346 5.727 5.76583 5.77 5.77 5.77 5.77 5.77 5.77 5.77 5.77 5.77 5.77 5.77 5.77 5.77 5.77 5.77 5.77 5.77 5.77 5.77 5.77 5.77 5.77 5.77 5.77 5.77 5.77 5.77 5.77
5.77 5.77 5.77 5.76899 5.75794 11.5289 17.3032 17.2967 17.2865 17.2759 17.2652 17.2578 19.6549 22.0529 24.446 30.228 32.6253 38.4005 40.7926 46.5644 48.9542 54.7252 60.4906 96.1009 101.876 97.9087 95.5167 89.7442 87.3518 81.5779 79.1849 73.4087 71.0154 65.2364 62.8437 57.0618 54.6711 48.8869 46.499 40.713 38.3281 32.5405 30.1583 24.3689 21.9888 16.1975 13.8239 8.04842 5.7287 5.76598 5.77 5.77 5.77 5.77 5.77 5.77 5.77 5.77 5.77 5.77 5.77 5.77 5.77 5.77 5.77 5.77 5.77 5.77 5.77 5.77 5.77 5.77 5.77 5.77 5.77 5.77 5.77 5.77 5.76771
5.77 5.77 5.77 5.77 5.76785 11.5379 11.5327 11.524 11.5145 11.504 11.4935 11.4854 13.8845 16.2814 22.0663 24.4641 30.2398 32.6319 38.404 40.7938 46.5651 52.3361 57.1115 90.331 96.1049 95.519 89.7472 87.3555 81.5827 79.1905 73.416 71.0232 65.2464 62.8533 57.0737 54.6813 48.8987 46.5084 40.7234 38.336 32.5491 30.1648 24.3762 21.9946 16.2042 13.8293 8.05388 5.73063 5.76616 5.77 5.77 5.77 5.77 5.77 5.77 5.77 5.77 5.77 5.77 5.77 5.77 5.77 5.77 5.77 5.77 5.77 5.77 5.77 5.77 5.77 5.77 5.77 5.77 5.77 5.77 5.77 5.77 5.76747 5.76135
5.77 5.77 5.77 5.77 5.76983 5.76849 5.76584 5.76277 5.75907 5.75499 5.75069 5.74122 8.11964 13.9039 16.3029 22.0793 24.4713 30.2436 32.6335 38.4049 44.1761 48.9569 54.7224 84.5612 90.335 89.7487 87.3577 81.5857 79.1943 73.4211 71.0291 65.2542 62.8615 57.0841 54.6913 48.9109 46.5189 40.7356 38.3457 32.5599 30.173 24.3852 22.0015 16.2119 13.8352 8.05974 5.7327 5.76635 5.77 5.77 5.77 5.77 5.77 5.77 5.77 5.77 5.77 5.77 5.77 5.77 5.77 5.77 5.77 5.77 5.77 5.77 5.77 5.77 5.77 5.77 5.77 5.77 5.77 5.77 5.77 5.77 5.76706 5.76102 8.14525
5.77 5.77 5.77 5.77 5.77 5.77 5.77 5.77 5.77 5.77 5.77 5.76849 5.7584 8.14405 13.9185 16.3106 22.0832 24.4731 30.2447 36.016 40.7968 46.5671 52.3332 78.792 84.5647 87.3598 81.5869 79.1966 73.4243 71.0331 65.2596 62.8677 57.0922 54.6998 48.9217 46.5292 40.7481 38.3565 32.5723 30.183 24.3962 22.0099 16.2211 13.842 8.06635 5.73496 5.76655 5.77 5.77 5.77 5.77 5.77 5.77 5.77 5.77 5.77 5.77 5.77 5.77 5.77 5.77 5.77 5.77 5.77 5.77 5.77 5.77 5.77 5.77 5.77 5.77 5.77 5.77 5.77 5.77 5.77 5.76373 8.14548 13.9013
5.77 5.77 5.77 5.77 5.77 5.77 5.77 5.77 5.77 5.77 5.77 5.77 5.76937 5.76484 8.15161 13.9233 16.3128 22.0846 27.8559 32.6368 38.4071 44.1773 48.9541 73.0226 78.7947 84.9705 79.1978 73.4254 71.0354 65.2629 62.8719 57.0979 54.7062 48.9302 46.538 40.7593 38.367 32.5852 30.194 24.409 22.0201 16.2325 13.8504 8.07434 5.7376 5.76677 5.77 5.77 5.77 5.77 5.77 5.77 5.77 5.77 5.77 5.77 5.77 5.77 5.77 5.77 5.77 5.77 5.77 5.77 5.77 5.77 5.77 5.77 5.77 5.77 5.77 5.77 5.77 5.77 5.77 5.76713 5.7546 11.5261 8.1198
5.77 5.77 5.77 5.77 5.77 5.77 5.77 5.77 5.77 5.77 5.77 5.77 5.77 5.76967 5.76699 8.15396 13.9248 19.6963 24.4768 30.2472 36.0174 40.7975 46.5653 67.2539 73.025 82.5808 76.8091 71.0366 65.2638 62.8742 57.1014 54.7107 48.9362 46.5447 40.7682 38.3761 32.5967 30.2048 24.4222 22.0314 16.2456 13.8605 8.08405 5.74082 5.76705 5.77 5.77 5.77 5.77 5.77 5.77 5.77 5.77 5.77 5.77 5.77 5.77 5.77 5.77 5.77 5.77 5.77 5.77 5.77 5.77 5.77 5.77 5.77 5.77 5.77 5.77 5.77 5.77 5.77 5.77 5.76054 8.12509 11.511 5.74325
5.77 5.77 5.77 5.77 5.77 5.77 5.77 5.77 5.77 5.77 5.77 5.77 5.77 5.77 5.76976 5.76715 11.5367 16.3168 22.0872 27.8575 32.6376 38.4078 44.1765 61.4852 67.2554 80.1908 74.4199 68.6483 62.8754 57.1023 54.713 48.9399 46.5494 40.7745 38.3832 32.606 30.2142 24.4341 22.0425 16.2591 13.8714 8.09511 5.74462 5.76739 5.77 5.77 5.77 5.77 5.77 5.77 5.77 5.77 5.77 5.77 5.77 5.77 5.77 5.77 5.77 5.77 5.77 5.77 5.77 5.77 5.77 5.77 5.77 5.77 5.77 5.77 5.77 5.77 5.77 5.77 5.76708 5.73688 11.4985 11.4653 5.72107
5.77 5.77 5.77 5.77 5.77 5.77 5.77 5.77 5.77 5.77 5.77 5.77 5.77 5.77 5.77 5.76946 8.1577 13.9275 19.6977 24.4777 30.2479 36.0182 40.7974 55.7161 61.4856 77.8007 72.0303 66.2594 60.4875 54.7143 48.9408 46.5518 40.7783 38.388 32.6127 30.2215 24.4438 22.0522 16.2714 13.8823 8.10648 5.74875 5.76778 5.77 5.77 5.77 5.77 5.77 5.77 5.77 5.77 5.77 5.77 5.77 5.77 5.77 5.77 5.77 5.77 5.77 5.77 5.77 5.77 5.77 5.77 5.77 5.77 5.77 5.77 5.77 5.77 5.77 5.76952 5.7673 5.74749 8.08423 13.8747 13.8271 8.02826
5.77 5.77 5.77 5.77 5.77 5.77 5.77 5.77 5.77 5.77 5.77 5.77 5.77 5.77 5.77 5.76991 5.76876 11.538 16.3178 22.088 27.8583 32.6384 38.4082 49.9466 55.7156 75.4106 69.6405 63.8699 58.0988 52.3267 46.5531 40.7791 38.3905 32.6167 30.2266 24.4507 22.0598 16.2814 13.8918 8.11692 5.75279 5.76818 5.77 5.77 5.77 5.77 5.77 5.77 5.77 5.77 5.77 5.77 5.77 5.77 5.77 5.77 5.77 5.77 5.77 5.77 5.77 5.77 5.77 5.77 5.77 5.77 5.77 5.77 5.77 5.77 5.77 5.77 5.76962 6.14746 8.11388 13.8664 16.2658 16.2201 13.8242
5.77 5.77 5.77 5.77 5.77 5.77 5.77 5.77 5.77 5.77 5.77 5.77 5.77 5.77 5.77 5.77 5.76966 8.15846 13.9282 19.6985 24.4785 30.2487 36.0186 44.177 49.9455 73.0205 67.2505 61.48 55.7094 49.9383 44.1659 38.3918 32.6174 30.2291 24.4549 22.065 16.2887 13.8993 8.1255 5.75632 5.76855 5.77 5.77 5.77 5.77 5.77 5.77 5.77 5.77 5.77 5.77 5.77 5.77 5.77 5.77 5.77 5.77 5.77 5.77 5.77 5.77 5.77 5.77 5.77 5.77 5.77 5.77 5.77 5.77 5.77 5.77 5.77 5.76975 5.75456 11.4958 16.2727 22.0495 22.0047 16.2691
5.77 5.77 5.77 5.77 5.77 5.77 5.77 5.77 5.77 5.77 5.77 5.77 5.77 5.77 5.77 5.77 5.76994 5.76917 11.5387 16.3185 22.0887 27.8589 32.6382 38.4071 44.1754 70.6304 64.8605 59.0901 53.3196 47.5489 41.7777 36.0051 30.2305 24.4556 22.0676 16.2931 13.9045 8.13179 5.75908 5.76884 5.77 5.77 5.77 5.77 5.77 5.77 5.77 5.77 5.77 5.77 5.77 5.77 5.77 5.77 5.77 5.77 5.77 5.77 5.77 5.77 5.77 5.77 5.77 5.77 5.77 5.77 5.77 5.77 5.77 5.77 5.77 5.77 5.77 5.7555 11.4887 17.2674 23.047 22.0457 16.2729
5.77 5.77 5.77 5.77 5.77 5.77 5.77 5.77 5.77 5.77 5.77 5.77 5.77 5.77 5.77 5.77 5.77 5.76978 8.15897 13.9288 19.699 24.4783 30.2475 32.6373 38.4053 68.2402 62.4705 56.7001 50.9297 45.1591 39.3883 33.6169 27.844 22.069 16.2935 13.9063 8.13555 5.76095 5.76906 5.77 5.77 5.77 5.77 5.77 5.77 5.77 5.77 5.77 5.77 5.77 5.77 5.77 5.77 5.77 5.77 5.77 5.77 5.77 5.77 5.77 5.77 5.77 5.77 5.77 5.77 5.77 5.77 5.77 5.77 5.77 5.77 5.77 5.77 5.75507 11.492 17.27 22.0326 16.2622 13.8698
5.77 5.77 5.77 5.77 5.77 5.77 5.77 5.77 5.77 5.77 5.77 5.77 5.77 5.77 5.77 5.77 5.77 5.76996 5.76948 11.5391 16.3183 22.0875 24.4773 30.2467 32.6352 63.8775 60.0806 54.3103 48.5398 42.7691 36.9983 31.2272 25.4556 19.6824 13.9068 8.13432 5.76162 5.76919 5.77 5.77 5.77 5.76978 5.76968 5.76966 5.77 5.77 5.77 5.77 5.77 5.77 5.77 5.77 5.77 5.77 5.77 5.77 5.77 5.77 5.77 5.77 5.77 5.77 5.77 5.77 5.77 5.77 5.77 5.77 5.77 5.77 5.77 5.77 5.76832 5.74789 11.4911 17.2794 16.2541 13.8521 8.0917
5.77 5.77 5.77 5.77 5.77 5.77 5.77 5.77 5.77 5.77 5.77 5.77 5.77 5.77 5.77 5.77 5.77 5.77 5.76986 8.15935 13.9287 16.3172 22.0866 24.4763 30.2455 36.0152 55.7173 51.9213 46.1508 40.3796 34.6086 28.8375 23.0662 17.2942 11.5203 5.75761 5.7674 5.76966 5.77 5.77 5.76978 5.76912 8.15901 5.76876 5.77 5.77 5.77 5.77 5.77 5.77 5.77 5.77 5.77 5.77 5.77 5.77 5.77 5.77 5.77 5.77 5.77 5.77 5.77 5.77 5.77 5.77 5.77 5.77 5.77 5.77 5.77 5.77 5.76231 8.1176 13.8884 19.6453 13.852 8.06589 5.74757
