tests/full-run-ref/erosion_2010_78_15_62.100.asc
ncols 512
nrows 512
xllcorner -3.24582
yllcorner -4.08743
cellsize 5
NODATA_value -99999
[rows 370 to 406 of 512, columns 0 to 83 of 512]
259.76 256.875 249.91 247.025 244.14 241.255 238.37 235.485 232.6 229.715 226.83 223.945 221.06 218.175 215.29 212.405 209.52 206.635 194.246 194.246 194.246 194.246 192.21 189.325 186.44 183.555 182.36 181.165 179.97 178.775 177.58 0 0 0 0 0 0 0 0 0 0 0 0 0 173.238 163.648 160.953 33.9407 33.9407 0 0 0 0 0 0 0 0 0 0 0 0 0 0 0 0 0 0 0 0 0 0 0 0 0 0 0 0 0 0 0 0 0 0 0
260.955 258.07 251.105 248.22 245.335 242.45 239.565 236.68 233.795 230.91 228.025 225.14 222.255 219.37 216.485 213.6 210.715 207.83 194.246 194.246 194.246 194.246 193.405 190.52 187.635 186.44 185.245 184.05 182.855 181.66 180.465 179.27 0 0 0 0 0 0 0 0 0 0 0 0 0 177.318 165.728 165.037 159.8 151.584 0 0 0 0 0 0 0 0 0 0 0 0 0 0 0 0 0 0 0 0 0 0 0 0 0 0 0 0 0 0 0 0 0 0
262.15 259.265 252.3 249.415 246.53 243.645 240.76 237.875 234.99 232.105 229.22 226.335 223.45 220.565 217.68 214.795 211.91 209.025 194.246 194.246 194.246 194.246 194.246 191.715 190.52 189.325 188.13 186.935 185.74 184.545 183.35 182.155 181.35 0 0 0 0 0 0 0 0 0 0 0 0 0 181.394 169.761 169.119 155.675 0 0 0 0 0 0 0 0 0 0 0 0 0 0 0 0 0 0 0 0 0 0 0 0 0 0 0 0 0 0 0 0 0 0
263.345 260.46 253.495 250.61 247.725 244.84 241.955 239.07 236.185 233.3 230.415 227.53 224.645 221.76 218.875 215.99 213.105 210.22 194.246 194.246 194.246 194.246 194.246 194.246 193.405 192.21 191.015 189.82 188.625 187.43 186.235 185.04 184.235 183.04 0 0 0 0 0 0 0 0 0 0 0 0 0 177.94 173.843 158.56 0 0 0 0 0 0 0 0 0 0 0 0 0 0 0 0 0 0 0 0 0 0 0 0 0 0 0 0 0 0 0 0 0 0
264.54 261.655 254.69 251.805 248.92 246.035 243.15 240.265 237.38 234.495 231.61 228.725 225.84 222.955 220.07 217.185 214.3 211.415 194.246 194.246 194.246 194.246 194.246 194.246 194.246 194.246 193.9 192.705 191.51 190.315 189.12 187.925 187.12 186.315 185.12 0 0 0 0 0 0 0 0 0 0 0 174.29 186.395 170.21 0 0 0 0 0 0 0 0 0 0 0 0 0 0 0 0 0 0 0 0 0 0 0 0 0 0 0 0 0 0 0 0 0 0 0
265.735 262.85 255.885 253 250.115 247.23 244.345 241.46 238.575 235.69 232.805 229.92 227.035 224.15 221.265 218.38 215.495 212.61 194.246 194.246 194.246 194.246 194.246 194.246 194.246 194.246 194.246 194.246 194.246 193.2 192.005 191.2 190.005 189.2 188.005 187.2 0 0 0 0 0 0 0 0 0 177.175 190.085 174.29 169.015 0 0 0 0 0 0 0 0 0 0 0 0 0 0 0 0 0 0 0 0 0 0 0 0 0 0 0 0 0 0 0 0 0 0 0
266.93 264.045 257.08 254.195 251.31 248.425 245.54 242.655 239.77 236.885 234 231.115 228.23 225.345 222.46 219.575 216.69 213.805 194.246 194.246 194.246 194.246 194.246 194.246 194.246 194.246 194.246 194.246 194.246 194.246 194.246 194.085 193.28 192.085 191.28 190.085 189.28 0 0 0 0 0 0 0 177.175 177.175 178.326 0 0 0 0 0 0 0 0 0 0 0 0 0 0 0 0 0 0 0 0 0 0 0 0 0 0 0 0 0 0 0 0 0 0 0 0 0
268.125 265.24 258.275 255.39 252.505 249.62 246.735 243.85 240.965 238.08 235.195 232.31 229.425 226.54 223.655 220.77 217.885 215 212.115 194.246 194.246 194.246 194.246 194.246 194.246 194.246 194.246 194.246 194.246 194.246 194.246 194.246 194.246 194.246 194.165 192.97 192.165 192.165 192.165 0 0 0 0 0 0 0 0 0 0 0 0 0 0 0 0 0 0 0 0 0 0 0 0 0 0 0 0 0 0 0 0 0 0 0 0 0 0 0 0 0 0 0 0 0
269.32 266.435 259.47 256.585 253.7 250.815 247.93 245.045 242.16 239.275 236.39 233.505 230.62 227.735 224.85 221.965 219.08 216.195 215 213.805 194.246 194.246 194.246 194.246 194.246 194.246 194.246 194.246 194.246 194.246 194.246 194.246 194.246 194.246 194.246 194.246 194.246 194.246 194.246 194.245 0 0 0 0 0 0 0 0 0 0 0 0 0 0 0 0 0 0 0 0 0 0 0 0 0 0 0 0 0 0 0 0 0 0 0 0 0 0 0 0 0 0 0 0
270.515 267.63 260.665 257.78 254.895 252.01 249.125 246.24 243.355 240.47 237.585 234.7 231.815 228.93 226.045 223.16 220.275 219.08 217.885 216.69 215.495 194.246 194.246 194.246 194.246 194.246 194.246 194.246 194.246 194.246 194.246 194.246 194.246 194.246 194.246 194.246 194.246 194.246 194.246 194.246 0 0 0 0 0 0 0 0 0 0 0 0 0 0 0 0 0 0 0 0 0 0 0 0 0 0 0 0 0 0 0 0 0 0 0 0 0 0 0 0 0 0 0 0
271.71 268.825 261.86 258.975 256.09 253.205 250.32 247.435 244.55 241.665 238.78 235.895 233.01 230.125 227.24 224.355 223.16 221.965 220.77 219.575 218.38 217.185 194.246 194.246 194.246 194.246 194.246 194.246 194.246 194.246 194.246 194.246 194.246 194.246 194.246 194.246 194.246 194.246 194.246 194.246 0 0 0 0 0 0 0 0 0 0 0 0 0 0 0 0 0 0 0 0 0 0 0 0 0 0 0 0 0 0 0 0 0 0 0 0 0 0 0 0 0 0 0 0
272.905 270.02 263.055 260.17 257.285 254.4 251.515 248.63 245.745 242.86 239.975 237.09 234.205 231.32 228.435 227.24 226.045 224.85 223.655 222.46 221.265 220.07 218.875 194.246 194.246 194.246 194.246 194.246 194.246 194.246 194.246 194.246 194.246 194.246 194.246 194.246 194.246 194.246 194.246 194.246 0 0 0 0 0 0 0 0 0 0 0 0 0 0 0 0 0 0 0 0 0 0 0 0 0 0 0 0 0 0 0 0 0 0 0 0 0 0 0 0 0 0 0 0
274.1 271.215 264.25 261.365 258.48 255.595 252.71 249.825 246.94 244.055 241.17 238.285 235.4 232.515 231.32 230.125 228.93 227.735 226.54 225.345 224.15 222.955 221.76 220.565 194.246 194.246 194.246 194.246 194.246 194.246 194.246 194.246 194.246 194.246 194.246 194.246 194.246 194.246 194.246 194.246 0 0 0 0 0 0 0 0 0 0 0 0 0 0 0 0 0 0 0 0 0 0 0 0 0 0 0 0 0 0 0 0 0 0 0 0 0 0 0 0 0 0 0 0
275.295 272.41 265.445 262.56 259.675 256.79 253.905 251.02 248.135 245.25 242.365 239.48 236.595 235.4 234.205 233.01 231.815 230.62 229.425 228.23 227.035 225.84 224.645 223.45 222.255 194.246 194.246 194.246 194.246 194.246 194.246 194.246 194.246 194.246 194.246 194.246 194.246 194.246 194.246 194.246 0 0 0 0 0 0 0 0 0 0 0 0 0 0 0 0 0 0 0 0 0 0 0 0 0 0 0 0 0 0 0 0 0 0 0 0 0 0 0 0 0 0 0 0
276.49 273.605 266.64 263.755 260.87 257.985 255.1 252.215 249.33 246.445 243.56 240.675 239.48 238.285 237.09 235.895 234.7 233.505 232.31 231.115 229.92 228.725 227.53 226.335 225.14 223.945 194.246 194.246 194.246 194.246 194.246 194.246 194.246 194.246 194.246 194.246 194.246 194.246 194.246 194.246 194.246 0 0 0 0 0 0 0 0 0 0 0 0 0 0 0 0 0 0 0 0 0 0 0 0 0 0 0 0 0 0 0 0 0 0 0 0 0 0 0 0 0 0 0
277.685 274.8 267.835 264.95 262.065 259.18 256.295 253.41 250.525 247.64 244.755 243.56 242.365 241.17 239.975 238.78 237.585 236.39 235.195 234 232.805 231.61 230.415 229.22 228.025 226.83 225.635 194.246 194.246 194.246 194.246 194.246 194.246 194.246 194.246 194.246 194.246 194.246 194.246 194.246 194.246 194.246 0 0 0 0 0 0 0 0 0 0 0 0 0 0 0 0 0 0 0 0 0 0 0 0 0 0 0 0 0 0 0 0 0 0 0 0 0 0 0 0 0 0
278.88 275.995 269.03 266.145 263.26 260.375 257.49 254.605 251.72 248.835 247.64 246.445 245.25 244.055 242.86 241.665 240.47 239.275 238.08 236.885 235.69 234.495 233.3 232.105 230.91 229.715 228.52 227.715 194.246 194.246 194.246 194.246 194.246 194.246 194.246 194.246 194.246 194.246 194.246 194.246 194.246 194.246 194.246 0 0 0 0 0 0 0 0 0 0 0 0 0 0 0 0 0 0 0 0 0 0 0 0 0 0 0 0 0 0 0 0 0 0 0 0 0 0 0 0 0
280.075 277.19 270.225 267.34 264.455 261.57 258.685 255.8 252.915 251.72 250.525 249.33 248.135 246.94 245.745 244.55 243.355 242.16 240.965 239.77 238.575 237.38 236.185 234.99 233.795 232.6 231.405 230.6 229.405 194.246 194.246 194.246 194.246 194.246 194.246 194.246 194.246 194.246 194.246 194.246 194.246 194.246 194.246 194.246 0 0 0 0 0 0 0 0 0 0 0 0 0 0 0 0 0 0 0 0 0 0 0 0 0 0 0 0 0 0 0 0 0 0 0 0 0 0 0 0
281.27 278.385 271.42 268.535 265.65 262.765 259.88 256.995 255.8 254.605 253.41 252.215 251.02 249.825 248.63 247.435 246.24 245.045 243.85 242.655 241.46 240.265 239.07 237.875 236.68 235.485 234.68 233.485 232.29 231.485 194.246 194.246 194.246 194.246 194.246 194.246 194.246 194.246 194.246 194.246 194.246 194.246 194.246 194.246 194.246 0 0 0 0 0 0 0 0 0 0 0 0 0 0 0 0 0 0 0 0 0 0 0 0 0 0 0 0 0 0 0 0 0 0 0 0 0 0 0
282.465 279.58 272.615 269.73 266.845 263.96 261.075 259.88 258.685 257.49 256.295 255.1 253.905 252.71 251.515 250.32 249.125 247.93 246.735 245.54 244.345 243.15 241.955 240.76 239.565 238.76 237.565 236.37 235.565 234.37 233.595 194.246 194.246 194.246 194.246 194.246 194.246 194.246 194.246 194.246 194.246 194.246 194.246 194.246 194.246 194.246 194.246 0 0 0 0 0 0 0 0 0 0 0 0 0 0 0 0 0 0 0 0 0 0 0 0 0 0 0 0 0 0 0 0 0 0 0 0 0
283.66 280.775 273.81 270.925 268.04 265.155 263.96 262.765 261.57 260.375 259.18 257.985 256.79 255.595 254.4 253.205 252.01 250.815 249.62 248.425 247.23 246.035 244.84 243.645 242.45 241.645 240.45 239.255 238.45 237.255 234.79 194.246 194.246 194.246 194.246 194.246 194.246 194.246 194.246 194.246 194.246 194.246 194.246 194.246 194.246 194.246 194.246 194.246 0 0 0 0 194.246 0 0 0 0 0 0 0 0 0 0 0 0 0 0 0 0 0 0 0 0 0 0 0 0 0 0 0 0 0 0 0
284.855 281.97 275.005 272.12 269.235 268.04 266.845 265.65 264.455 263.26 262.065 260.87 259.675 258.48 257.285 256.09 254.895 253.7 252.505 251.31 250.115 248.92 247.725 246.53 245.725 244.53 243.335 242.53 241.335 238.87 235.985 194.246 194.246 194.246 194.246 194.246 194.246 194.246 194.246 194.246 194.246 194.246 194.246 194.246 194.246 194.246 194.246 194.246 194.246 194.246 194.246 194.246 194.246 194.246 0 0 0 0 0 0 0 0 0 0 0 0 0 0 0 0 0 0 0 0 0 0 0 0 0 0 0 0 0 0
286.05 283.165 276.2 273.315 272.12 270.925 269.73 268.535 267.34 266.145 264.95 263.755 262.56 261.365 260.17 258.975 257.78 256.585 255.39 254.195 253 251.805 250.61 249.415 248.61 247.415 246.22 245.415 242.95 240.065 237.18 194.246 194.246 194.246 194.246 194.246 194.246 194.246 194.246 194.246 194.246 194.246 194.246 194.246 194.246 194.246 194.246 194.246 194.246 194.246 194.246 194.246 194.246 194.246 194.246 221.325 0 0 0 0 0 0 0 0 0 0 0 0 0 0 0 0 0 0 0 0 0 0 0 0 0 0 0 0
287.245 284.36 277.395 276.2 275.005 273.81 272.615 271.42 270.225 269.03 267.835 266.64 265.445 264.25 263.055 261.86 260.665 259.47 258.275 257.08 255.885 254.69 253.495 252.69 251.495 250.3 249.495 247.03 244.145 241.26 238.375 194.246 194.246 194.246 194.246 194.246 194.246 194.246 194.246 194.246 194.246 194.246 194.246 194.246 194.246 194.246 194.246 194.246 194.246 194.246 194.246 194.246 194.246 194.246 224.29 224.21 223.015 0 0 0 0 0 0 0 0 0 0 0 0 0 0 0 0 0 0 0 0 0 0 0 0 0 0 0
288.44 285.555 280.28 279.085 277.89 276.695 275.5 274.305 273.11 271.915 270.72 269.525 268.33 267.135 265.94 264.745 263.55 262.355 261.16 259.965 258.77 257.575 256.77 255.575 254.38 253.575 251.11 248.225 245.34 242.455 239.57 238.375 194.246 194.246 194.246 194.246 194.246 194.246 194.246 194.246 194.246 194.246 194.246 194.246 194.246 194.246 194.246 194.246 194.246 194.246 194.246 226.815 226.815 228.37 227.98 227.095 225.9 224.705 0 0 0 0 0 0 0 0 0 0 0 156.23 156.23 0 0 0 0 0 0 0 0 0 0 0 0 0
289.635 288.44 283.165 281.97 280.775 279.58 278.385 277.19 275.995 274.8 273.605 272.41 271.215 270.02 268.825 267.63 266.435 265.24 264.045 262.85 261.655 260.46 259.655 258.46 257.655 255.19 252.305 249.42 246.535 243.65 242.455 241.26 240.065 194.246 194.246 194.246 194.246 194.246 194.246 194.246 194.246 194.246 194.246 194.246 194.246 194.246 194.246 194.246 194.246 194.246 228.505 228.505 232.45 231.175 231.175 229.98 228.785 227.59 226.395 0 0 0 0 0 0 0 0 0 156.23 156.23 220.395 220.395 220.395 221.59 0 0 0 0 0 0 0 0 0 0
292.52 291.325 286.05 284.855 283.66 282.465 281.27 280.075 278.88 277.685 276.49 275.295 274.1 272.905 271.71 270.515 269.32 268.125 266.93 265.735 264.54 263.735 262.54 261.735 259.27 256.385 253.5 250.615 247.73 246.535 245.34 244.145 242.95 241.755 194.246 194.246 194.246 194.246 194.246 194.246 194.246 194.246 194.246 194.246 194.246 194.246 194.246 194.246 194.246 194.246 231.78 234.665 234.665 236.14 232.865 232.865 231.67 237.734 235.05 232.165 0 0 0 0 0 0 156.23 156.23 223.67 223.67 223.67 223.67 223.67 224.475 224.475 225.255 226.06 226.945 0 0 0 0 0 0
295.405 294.21 288.935 287.74 286.545 285.35 284.155 282.96 281.765 280.57 279.375 278.18 276.985 275.79 274.595 273.4 272.205 271.01 269.815 268.62 267.815 266.62 265.815 263.35 260.465 257.58 254.695 251.81 250.615 249.42 248.225 247.03 245.835 244.64 243.445 194.246 194.246 194.246 194.246 194.246 194.246 194.246 194.246 194.246 194.246 194.246 194.246 194.246 194.246 233.47 234.665 234.665 240.22 239.83 239.83 237.935 237.935 232.165 232.165 243.72 0 0 0 0 0 156.23 156.23 226.945 226.555 226.555 226.555 226.555 226.555 227.75 228.14 228.14 228.945 229.83 229.025 0 0 0 0 0
298.29 297.095 291.82 290.625 289.43 288.235 287.04 285.845 284.65 283.455 282.26 281.065 279.87 278.675 277.48 276.285 275.09 273.895 272.7 271.505 270.7 269.505 267.43 264.545 261.66 258.775 255.89 254.695 253.5 252.305 251.11 249.915 248.72 247.525 246.33 245.135 194.246 194.246 194.246 194.246 194.246 194.246 194.246 194.246 194.246 194.246 194.246 194.246 194.246 236.745 236.745 244.3 243.91 243.91 243.91 243.91 243.91 244.9 243.005 156.23 156.23 156.23 156.23 156.23 156.23 156.23 229.83 230.635 229.83 229.83 229.83 230.635 230.635 230.635 231.44 231.44 231.83 233.025 231.91 231.91 231.91 232.715 233.91 235.025
301.175 299.98 294.705 293.51 292.315 291.12 289.925 288.73 287.535 286.34 285.145 283.95 282.755 281.56 280.365 279.17 277.975 276.78 275.585 274.39 273.585 271.51 268.625 265.74 262.855 259.97 258.775 257.58 256.385 255.19 253.995 252.8 251.605 250.41 249.215 248.02 247.215 194.246 194.246 194.246 194.246 194.246 194.246 194.246 194.246 194.246 194.246 194.246 194.246 239.63 244.515 244.515 247.99 247.99 247.99 247.99 248.98 245.395 243.005 156.23 156.23 156.23 156.23 156.23 156.23 232.715 232.715 232.715 232.715 232.715 232.715 233.91 234.325 234.325 234.325 234.325 234.715 235.91 235.185 235.185 235.185 235.6 236.795 237.91
304.06 302.865 297.59 296.395 295.2 294.005 292.81 291.615 290.42 289.225 288.03 286.835 285.64 284.445 283.25 282.055 280.86 279.665 278.47 277.275 275.59 272.705 269.82 266.935 264.05 262.855 261.66 260.465 259.27 258.075 256.88 255.685 254.49 253.295 252.1 250.905 250.1 248.905 194.246 194.246 194.246 194.246 194.246 194.246 194.246 194.246 194.246 194.246 194.246 244.515 244.515 250.285 250.285 252.07 252.07 253.06 249.475 245.395 244.2 156.23 156.23 156.23 156.23 236.795 236.795 236.795 237.6 236.405 236.405 236.405 236.405 236.795 237.6 237.6 237.6 237.6 237.6 238.795 238.485 238.485 238.485 238.485 239.68 240.795
306.945 305.75 300.475 299.28 298.085 296.89 295.695 294.5 293.305 292.11 290.915 289.72 288.525 287.33 286.135 284.94 283.745 282.55 281.355 279.67 276.785 273.9 271.015 268.13 266.935 265.74 264.545 263.35 262.155 260.96 259.765 258.57 257.375 256.18 254.985 254.18 252.985 251.79 250.985 194.246 194.246 194.246 194.246 194.246 194.246 194.246 194.246 194.246 194.246 247.4 250.285 250.285 256.15 256.15 257.14 256.44 249.475 246.59 245.395 156.23 156.23 156.23 240.12 240.12 240.875 240.875 240.485 240.485 240.485 239.68 239.68 239.68 240.875 241.29 241.29 241.29 241.29 241.68 241.68 241.76 241.76 241.76 242.565 243.76
309.83 308.635 303.36 302.165 300.97 299.775 298.58 297.385 296.19 294.995 293.8 292.605 291.41 290.215 289.02 287.825 286.63 285.435 283.75 280.865 277.98 275.095 272.21 271.015 269.82 268.625 267.43 266.235 265.04 263.845 262.65 261.455 260.26 259.065 257.87 257.065 255.87 254.675 253.87 252.675 194.246 194.246 194.246 194.246 194.246 194.246 194.246 194.246 194.246 250.285 250.285 256.445 256.445 261.22 260.52 257.14 249.475 249.475 246.59 156.23 156.23 244.2 243.76 243.76 243.76 244.565 243.76 243.76 243.37 242.955 242.955 242.955 243.76 244.565 245.37 244.565 244.565 244.565 244.565 244.645 245.45 245.45 245.45 246.645
312.715 311.52 306.245 305.05 303.855 302.66 301.465 300.27 299.075 297.88 296.685 295.49 294.295 293.1 291.905 290.71 289.515 287.83 284.945 282.06 279.175 276.29 275.095 273.9 272.705 271.51 270.315 269.12 267.925 266.73 265.535 264.34 263.145 261.95 260.755 259.95 258.755 257.95 256.755 255.56 254.365 194.246 194.246 194.246 194.246 194.246 194.246 194.246 194.246 253.56 256.445 256.445 262.605 262.605 261.22 257.195 257.14 249.475 249.475 246.59 246.59 246.59 246.59 246.59 246.645 247.45 247.45 247.45 246.255 246.255 246.255 246.255 246.645 247.45 248.645 247.45 247.45 247.45 247.45 247.53 248.361 248.361 248.361 248.361
315.6 314.405 309.13 307.935 306.74 305.545 304.35 303.155 301.96 300.765 299.57 298.375 297.18 295.985 294.79 293.595 291.91 289.025 286.14 283.255 280.37 279.175 277.98 276.785 275.59 274.395 273.2 272.005 270.81 269.615 268.42 267.225 266.03 264.835 263.64 262.835 262.03 260.835 259.64 258.445 257.25 256.445 194.246 194.246 194.246 194.246 194.246 194.246 194.246 256.445 256.445 262.605 262.605 262.605 262.605 261.715 257.195 257.195 254.31 249.475 249.475 249.475 249.475 249.475 249.92 250.725 250.725 250.335 249.53 249.53 249.53 249.53 249.53 250.335 251.53 250.725 250.725 250.725 250.805 248.361 248.361 248.361 248.361 248.361
318.485 317.29 312.015 310.82 309.625 308.43 307.235 306.04 304.845 303.65 302.455 301.26 300.065 298.87 297.675 295.99 293.105 290.22 287.335 284.45 283.255 282.06 280.865 279.67 278.475 277.28 276.085 274.89 273.695 272.5 271.305 270.11 268.915 267.72 266.525 265.72 264.915 263.72 262.525 261.33 260.525 259.33 258.525 194.246 194.246 194.246 194.246 194.246 194.246 259.72 262.605 262.605 262.605 262.605 262.605 262.605 262.965 260.08 257.195 254.31 254.31 253.61 252.805 252.805 252.805 253.61 254.415 253.61 252.415 252.415 252.415 252.415 252.415 253.22 254.415 253.61 253.61 253.61 254.415 254.415 254.495 248.361 248.361 248.361
321.37 320.175 314.9 313.705 312.51 311.315 310.12 308.925 307.73 306.535 305.34 304.145 302.95 301.755 300.07 297.185 294.3 291.415 288.53 287.335 286.14 284.945 283.75 282.555 281.36 280.165 278.97 277.775 276.58 275.385 274.19 272.995 271.8 270.605 269.8 268.605 267.8 266.605 265.41 264.605 263.41 262.605 261.41 260.605 194.246 194.246 194.246 194.246 194.246 262.605 262.605 262.605 262.605 262.605 262.605 268.68 265.85 262.965 260.08 257.195 257.195 256.495 255.69 255.69 255.69 256.495 257.69 256.495 255.69 255.3 255.3 255.3 255.3 256.105 257.3 256.495 256.495 256.495 257.69 257.69 257.69 257.69 257.77 258.185
