tests/full-run-ref/erosion_79_1_-87.555.asc
ncols 512
nrows 512
xllcorner -3.24582
yllcorner -4.08743
cellsize 5
NODATA_value -99999
[rows 29 to 57 of 512, columns 268 to 334 of 512]
5.77001 5.77001 5.77001 5.77001 5.77001 5.77001 5.77001 5.77001 5.77001 5.77001 5.77001 5.77001 5.77001 5.77001 5.72872 7.76958 5.56064 11.602 17.7629 15.5041 9.47369 5.39076 5.77001 5.77001 5.77001 5.77001 5.77001 5.77001 5.77001 5.77001 5.77001 5.70668 10.8407 9.78922 11.7243 11.6874 13.1345 16.5217 19.1931 20.4904 22.1128 27.6239 30.9289 34.1724 36.37 43.3209 39.5504 33.2897 26.4154 20.0515 18.4197 11.6216 8.51824 4.60601 2.90208 1.09663 1.01417 2.5781 4.21265 5.41671 5.55179 5.34231 5.31588 5.56757 5.77 5.77 5.77
5.77001 5.77001 5.77001 5.77001 5.77001 5.77001 5.77001 5.77001 5.77001 5.77001 5.77001 5.77001 5.74171 5.65355 5.55038 5.37175 8.1059 14.0247 18.1281 12.0152 7.75202 5.2605 5.77001 5.77001 5.77001 5.77001 5.77001 5.77001 5.77001 5.77001 5.77001 5.73834 5.26297 3.9528 3.50515 0.911124 4.10002 10.5152 18.0956 25.1457 30.301 33.788 37.3961 33.992 35.1301 28.2175 28.1438 28.3317 22.6991 15.7811 8.64224 6.23843 0 0 1.68024 4.26191 5.53386 5.77 5.77 5.77 5.77 5.77 5.77 5.77 5.77 5.77 5.77
5.77001 5.77001 5.77001 5.77001 5.77001 5.77001 5.77001 5.77001 5.77001 5.77001 5.77001 5.77001 5.62195 6.83146 9.51896 4.27894 6.8717 13.8601 15.147 8.9873 4.39793 5.65764 5.34035 5.70919 5.77001 5.77001 5.77001 5.77001 5.77001 5.77001 5.77001 5.77001 5.77001 5.66066 5.21388 1.23268 0 5.53763 13.6411 21.3745 28.8091 35.6714 29.5383 22.8666 17.0847 24.6876 18.4527 18.8632 18.5893 11.8901 2.48996 0 0 4.33348 5.77 5.77 5.77 5.77 5.77 5.77 5.77 5.77 5.77 5.77 5.77 5.77 5.77
5.77001 5.77001 5.77001 5.77001 5.77001 5.77001 5.77001 5.77001 5.77001 5.77001 5.77001 5.73588 5.2682 9.63595 11.6927 10.0572 8.92963 16.0122 12.1476 5.40414 4.38515 3.49942 8.93095 5.36806 5.77001 5.77001 5.77001 5.77001 5.77001 5.77001 5.77001 5.73547 5.36521 4.34313 2.59979 1.01115 4.59487 11.5877 19.2754 24.0917 25.6592 28.553 25.2438 12.2147 23.2825 14.8884 10.9063 7.40384 10.5708 9.24343 0 0 3.9901 5.77 5.77 5.77 5.77 5.77 5.77 5.77 5.77 5.77 5.77 5.77 5.77 5.77 5.77
5.77001 5.77001 5.77001 5.77001 5.77001 5.77001 5.77001 5.77001 5.77001 5.77001 5.77001 5.67406 6.33205 12.0847 16.7987 16.4895 18.5454 16.5107 9.29754 2.54858 4.87083 4.52336 7.83216 4.84769 5.77001 5.77001 5.77001 5.77001 5.77001 5.77001 5.77001 5.57392 6.88006 8.93655 8.91511 11.0661 13.3837 15.653 17.2936 14.8562 15.4593 26.4177 16.9753 22.1078 18.1454 8.95885 1.64785 0 0 10.897 0 0 3.57842 5.77 5.77 5.77 5.77 5.77 5.77 5.77 5.77 5.77 5.77 5.77 5.77 5.77 5.77
5.77001 5.77001 5.77001 5.77001 5.77001 5.77001 5.77001 5.77001 5.77001 5.77001 5.77001 5.67216 6.79501 8.52754 10.0065 12.0518 14.7599 18.5618 11.0058 3.25514 2.38129 8.97344 4.40121 4.98218 5.04371 5.4675 5.75816 5.77001 5.77001 5.77001 5.77001 5.51523 11.0575 13.0032 10.2877 8.65285 9.30393 7.08866 7.86155 2.29859 10.9818 21.6778 18.5121 20.0893 9.8022 0 0 0 0 0 8.72214 0.529921 3.65375 5.77 5.77 5.77 5.77 5.77 5.77 5.77 5.77 5.77 5.77 5.77 5.77 5.77 5.77
5.77001 5.77001 5.77001 5.77001 5.77001 5.77001 5.77001 5.77001 5.77001 5.77001 5.77001 5.73951 5.45727 4.55451 3.58735 4.35289 8.40435 15.9707 14.2797 10.4239 9.77325 8.30434 3.017 5.36991 10.1738 5.78309 5.7505 5.77001 5.77001 5.77001 5.77001 5.66037 6.99124 9.12757 3.45018 2.05247 5.02812 0 0 4.26343 13.0319 19.9554 5.19079 1.4545 5.77228 0.313201 0 0 0 0 1.49766 0 4.18176 5.77 5.77 5.77 5.77 5.77 5.77 5.77 5.77 5.77 5.77 5.77 5.77 5.77 5.77
5.77001 5.77001 5.77001 5.77001 5.77001 5.77001 5.77001 5.77001 5.77001 5.77001 5.77001 5.77001 5.77001 5.77001 5.29857 2.67263 4.59448 12.1494 19.3448 17.9134 16.606 10.9429 9.23435 9.90334 4.43446 5.11286 5.75866 5.77001 5.77001 5.77001 5.77001 5.74804 5.57713 5.0499 4.6326 5.08858 5.09969 4.37326 0 3.24112 12.7607 20.9077 0.109126 0 0 2.99188 0 4.16723 5.77 4.40796 4.70595 4.62802 4.02941 5.77 5.77 5.77 5.77 5.77 5.77 5.77 5.76999 5.77 5.77 5.77 5.77 5.77 5.77
5.77001 5.77001 5.77001 5.77001 5.77001 5.77001 5.77001 5.77001 5.77001 5.77001 5.77001 5.73065 5.35729 4.62203 4.17079 2.0341 7.20763 14.6639 21.931 21.0165 15.0544 10.1123 7.58095 3.81792 4.8686 5.77001 5.77001 5.77001 5.77001 5.77001 5.77001 5.77001 5.77001 5.77001 5.77001 5.77 5.77 3.27596 2.86406 9.51344 18.6584 18.9428 4.86028 0 0 0 3.77485 5.77 5.77 5.77 4.57401 7.17175 3.59419 4.11314 5.77 5.77 5.77 5.77 5.77 5.77 5.77 5.77 5.77 5.77 5.77 5.77 5.77
5.77001 5.77001 5.77001 5.77001 5.77001 5.77001 5.77001 5.77001 5.77001 5.77001 5.77001 5.70914 6.67174 9.29515 4.07876 5.68126 10.9691 17.4155 24.6422 18.0028 10.7343 4.55336 3.09175 4.87224 5.77001 5.77001 5.77001 5.77001 5.77001 5.77001 5.77001 5.77001 5.77001 5.77001 5.77001 5.77 5.77 2.67949 7.7846 13.6621 21.6817 15.8886 6.36842 0 4.0519 5.77 5.77 5.77 5.77 5.77 4.83301 3.87682 7.12938 4.40628 5.77 5.77 5.77 5.77 5.77 5.77 5.77 5.77 5.77 5.77 5.77 5.77 5.77
5.77001 5.77001 5.77001 5.77001 5.77001 5.77001 5.77001 5.77001 5.77001 5.77001 5.77001 5.73646 5.12132 4.42656 5.98908 11.0785 15.5958 21.2403 22.1235 14.6268 6.81346 0.986599 4.58583 5.77001 5.77001 5.77001 5.77001 5.77001 5.77001 5.77001 5.77001 5.77001 5.77001 5.77001 5.77001 5.31172 4.1019 1.92338 7.40157 14.8133 22.7558 14.1953 7.11013 1.26966 5.77 5.77 5.77 5.77 5.77 5.77 5.77 4.4965 4.41489 4.8507 5.77 5.77 5.77 5.77 5.77 5.77 5.77 5.77 5.77 5.77 5.77 5.77 5.77
5.77001 5.77001 5.77001 5.77001 5.77001 5.77001 5.77001 5.77001 5.77001 5.77001 5.77001 5.77001 5.77001 5.30855 1.892 6.9391 14.3743 21.835 24.5013 17.2656 9.78877 3.80945 2.95013 4.73279 5.47386 5.77001 5.77001 5.77001 5.77001 5.77001 5.77001 5.77001 5.77001 5.77001 5.51282 4.2626 6.52884 7.91968 11.6452 18.5035 23.0102 14.1868 6.37447 1.88859 5.77 5.27453 4.72347 4.5642 4.65751 4.80206 4.86437 5.2737 5.77 5.77 5.77 5.77 5.77 5.77 5.77 5.77 5.77 5.77 5.77 5.77 5.77 5.77 5.77
5.77001 5.77001 5.77001 5.77001 5.77001 5.77001 5.77001 5.77001 5.77001 5.77001 5.77001 5.77001 5.77001 5.06436 1.80107 4.5049 11.8724 19.8849 25.5591 20.1796 14.2672 8.11506 6.01164 5.80325 5.5095 5.77001 5.77001 5.77001 5.77001 5.77001 5.77001 5.77001 5.77001 5.77001 5.37815 9.59446 12.0701 11.8675 13.4939 14.5042 21.9294 13.9958 5.65974 0.414103 4.89813 5.19898 5.99043 6.52653 6.23753 5.83411 5.77119 4.70968 5.76903 5.77 5.77 5.77 5.77 5.77 5.77 5.77 5.77 5.77 5.77 5.77 5.77 5.77 5.77
5.77001 5.77001 5.77001 5.77001 5.77001 5.77001 5.77001 5.77001 5.77001 5.77001 5.77001 5.51992 4.61184 3.31625 5.37209 8.99363 15.8721 22.8959 22.8273 15.6921 10.5759 8.47955 5.32584 4.55312 5.53596 5.77001 5.77001 5.77001 5.77001 5.77001 5.77001 5.77001 5.77001 5.77001 5.55349 4.98591 6.01854 3.15063 4.60118 9.91023 18.8787 18.0472 9.21976 4.80869 3.62332 3.40155 4.51359 5.29474 5.25848 5.77908 6.07068 4.20006 5.23115 5.77 5.77 5.77 5.77 5.77 5.77 5.77 5.77 5.77 5.77 5.77 5.77 5.77 5.76999
5.77001 5.77001 5.77001 5.77001 5.77001 5.77001 5.77001 5.77001 5.77001 5.77001 5.77001 5.20871 8.65481 9.47267 11.3293 13.8788 15.3379 17.7206 19.9578 12.4721 5.08134 1.31329 3.85229 5.19256 5.77001 5.77001 5.77001 5.77001 5.77001 5.77001 5.77001 5.77001 5.77001 5.77001 5.76845 5.61061 5.13937 3.99429 1.03847 7.1704 16.741 14.195 6.75936 5.36518 8.44665 7.54433 4.44776 7.2612 3.45133 5.07852 6.12415 5.54353 3.99663 5.33689 5.77 5.77 5.77 5.77 5.77 5.77 5.77 5.77 5.77 5.77 5.77 5.77 5.77
5.77001 5.77001 5.77001 5.77001 5.77001 5.77001 5.77001 5.77001 5.77001 5.77001 5.77001 5.13536 8.59015 4.58953 4.90174 6.14124 7.21007 10.1732 16.8592 9.27344 2.50286 4.15844 5.77001 5.77001 5.77001 5.77001 5.77001 5.77001 5.77001 5.77001 5.77001 5.77001 5.77001 5.77001 5.77001 5.77001 5.77001 4.60945 1.63444 7.4185 15.3101 11.8371 3.52851 2.50411 2.49389 8.15102 6.058 7.21083 6.50432 5.65808 5.53188 6.07701 5.68225 5.09375 5.77 5.77 5.77 5.77 5.77 5.77 5.77 5.77 5.77 5.77 5.77 5.77 5.77
5.77001 5.77001 5.77001 5.77001 5.77001 5.77001 5.77001 5.77001 5.77001 5.77001 5.77001 5.47614 4.97914 4.72638 4.64281 3.32811 0.88535 5.54659 14.5743 6.71908 1.81565 5.26878 5.77001 5.77 5.77001 5.77001 5.77001 5.77001 5.77001 5.77001 5.77001 5.77001 5.77001 5.77001 5.77001 5.77001 5.77001 4.7277 9.05992 11.528 18.0311 11.8379 5.05885 4.15843 4.42623 3.6438 9.13883 3.88046 4.06056 4.7383 5.10768 5.45741 4.45682 5.20243 5.77 5.77 5.77 5.77 5.77 5.77 5.77 5.77 5.77 5.77 5.77 5.77 5.77
5.77001 5.77001 5.77001 5.77001 5.77001 5.77001 5.77001 5.77001 5.77001 5.77001 5.77001 5.77001 5.77001 5.77001 5.77001 5.77 3.04727 2.4044 12.8959 5.99497 2.89244 5.77001 5.77001 5.77 5.77001 5.77001 5.77001 5.77001 5.77001 5.77001 5.77001 5.77001 5.77001 5.77001 5.77001 5.77001 5.77001 4.94496 8.79954 10.955 15.7076 9.25166 7.17973 4.92357 7.38183 7.02522 3.99777 8.90884 2.94973 3.85112 4.91418 4.4011 5.16762 5.70025 5.77 5.77 5.77 5.77 5.77 5.77 5.77 5.77 5.77 5.77 5.77 5.77 5.77
5.77001 5.77001 5.77001 5.77001 5.77001 5.77001 5.77001 5.77001 5.77001 5.77001 5.77001 5.71555 5.65865 5.56434 5.77001 4.67873 1.48013 5.87402 14.7169 6.09121 2.94815 5.77001 5.77001 5.77 5.77001 5.77001 5.77001 5.77001 5.77001 5.77001 5.77001 5.77001 5.77001 5.77001 5.77001 5.77001 5.77001 5.45916 4.43785 8.5033 13.2784 6.37999 3.6238 7.5444 6.73455 4.59262 8.42042 4.42993 8.26396 5.99605 4.78803 5.77 5.77 5.77 5.15528 5.058 4.88389 5.77 5.77 5.77 5.77 5.77 5.77 5.77 5.77 5.77 5.77
5.77001 5.77001 5.77001 5.77001 5.77001 5.77001 5.77001 5.77001 5.77001 5.77001 5.77001 5.64162 6.2492 5.42899 5.77001 3.14179 4.97483 10.2134 15.0752 6.29659 2.70905 5.77001 5.77001 5.77 5.77001 5.77001 5.77001 5.77001 5.77001 5.77001 5.77001 5.77001 5.77001 5.77001 5.77001 5.77001 5.77001 5.77001 5.00085 9.42813 8.01778 7.0703 5.43201 3.9271 9.23755 7.76425 2.04598 3.08289 3.03723 4.95007 5.03688 5.66432 5.56866 5.77 4.51815 7.38602 4.09997 5.77 5.77 5.77 5.77 5.77 5.77 5.77 5.77 5.77 4.70762
5.77001 5.77001 5.77001 5.77001 5.77001 5.77001 5.77001 5.77001 5.77001 5.72168 5.38305 4.52333 4.90749 4.3023 2.69296 0 5.57602 15.1258 14.6938 6.11594 2.46416 5.77001 5.77001 5.77001 5.77001 5.77001 5.77001 5.77001 5.77001 5.77001 5.77001 5.77001 5.77001 5.77001 5.77001 5.77001 5.77001 5.77001 5.53558 6.82282 4.97456 6.28071 4.86436 8.58949 5.56029 9.24782 3.90051 5.0665 5.38592 5.24406 5.58089 5.24962 2.28714 0 3.1189 7.71277 4.08482 5.77 5.77 5.77 5.77 5.77 5.32484 4.11336 2.34632 0 0
5.77001 5.77001 5.77001 5.77001 5.77001 5.77001 5.77001 5.77001 5.77001 5.65648 6.83123 8.90768 4.12411 5.63507 6.39204 0.871738 7.86066 18.0057 13.8328 5.43125 2.1081 5.77001 5.77001 5.77001 5.77001 5.77001 5.77001 5.77001 5.77001 5.77001 5.77001 5.77001 5.77001 5.77001 5.77001 5.77001 5.77001 5.77001 5.72574 5.7174 5.67147 5.47668 8.20189 4.42961 3.96902 5.60939 5.51214 4.35628 5.01236 5.77 5.64885 2.53556 1.27656 8.8437 1.27054 2.78479 4.5102 5.77 5.77 5.77 4.95167 3.78237 0.0714951 3.15564 0 6.61434 0
5.77001 5.77001 5.77001 5.77001 5.77001 5.77001 5.77001 5.77001 5.77001 5.68629 5.07904 7.61588 9.665 11.7125 13.3083 15.4135 13.1937 20.5243 14.3228 6.09789 0.954325 5.50337 5.77001 5.77001 5.77001 5.77001 5.77001 5.77001 5.77001 5.77001 5.77001 5.77001 5.77001 5.77001 5.77001 5.77001 5.77001 5.77001 5.77001 5.70879 8.16002 5.69227 6.9357 5.10091 4.84213 7.32364 10.4032 5.41614 5.46481 5.40574 4.64989 0 4.8163 14.7537 4.87438 0 5.77 5.77 5.77 4.65443 2.14767 2.64367 10.6412 0.434691 10.2781 6.50574 15.146
5.77001 5.77001 5.77001 5.77001 5.77001 5.77001 5.77001 5.77001 5.77001 5.77001 5.39741 4.16493 2.16818 7.92545 14.9533 19.4352 21.5334 23.1846 15.3142 7.22126 1.07636 4.40725 5.77001 5.77001 5.77001 5.77001 5.77001 5.77001 5.77001 5.77001 5.77001 5.77001 5.77001 5.77001 5.77001 5.77001 5.77001 5.77001 5.77001 5.70971 5.7293 5.72865 5.16887 4.17232 6.33095 3.65911 6.26 4.44659 5.56242 5.55481 0.867237 0 8.73123 16.7009 3.45626 0 0 0 0 1.58465 0.841712 8.52868 11.816 19.2701 10.9849 20.1906 17.5657
5.77001 5.77001 5.77001 5.77001 5.77001 5.77001 5.77001 5.77001 5.77001 5.77001 5.53061 4.52127 6.30634 10.556 8.94367 9.92527 17.3054 25.6857 18.4102 10.4856 3.35276 2.89378 5.77001 5.77001 5.77001 5.77001 5.77001 5.77001 5.77001 5.77001 5.77001 5.77001 5.77001 5.77001 5.77001 5.77001 5.77001 5.77001 5.77001 5.77001 5.73383 5.69256 7.57184 8.87037 4.10978 5.46245 4.93973 4.79639 5.56556 4.38244 4.61646 6.98244 14.335 14.7041 4.46883 3.04566 10.4388 2.20417 7.61977 3.11919 10.82 12.4165 19.7823 22.9904 28.7636 24.4726 30.8383
5.77001 5.77001 5.77001 5.77001 5.77001 5.77001 5.77001 5.77001 5.77001 5.77001 5.05846 6.58211 8.41574 3.15203 0.070075 5.49596 13.5426 22.429 21.4376 13.3297 5.4171 1.11374 5.45343 5.77001 5.77001 5.77001 5.77001 5.77001 5.77001 5.77001 5.77001 5.77001 5.77001 5.77001 5.77001 5.77001 5.77001 5.77001 5.77001 5.77001 5.70797 8.10872 5.36032 4.96633 6.60809 5.29364 5.77 5.77 5.77 4.69851 0.657939 2.36791 11.7969 9.38594 0 0 0 1.43361 11.8368 13.6364 15.6246 15.3976 16.8615 19.3036 20.9285 23.925 26.2025
5.77001 5.77001 5.77001 5.77001 5.77001 5.77001 5.77001 5.77001 5.77001 5.77001 5.30945 9.37211 5.42845 4.08453 0.827361 3.11573 10.8253 19.3189 23.5237 15.4578 7.25969 1.0928 4.32048 5.77001 5.77001 5.77001 5.77001 5.77001 5.77001 5.77001 5.77001 5.77001 5.77001 5.77001 5.77001 5.77001 5.77001 5.77001 5.77001 5.77001 5.7133 5.71763 5.61681 5.59988 6.28761 4.88429 5.77 5.77 5.77 5.52854 3.05464 0.691931 10.6336 2.29711 0 4.07832 4.14925 0 2.58587 11.899 10.8669 3.97823 6.91004 10.3335 12.0978 14.6121 17.317
5.77001 5.77001 5.77001 5.77001 5.77001 5.77001 5.77001 5.77001 5.77001 5.77001 5.6736 5.11228 4.56613 5.61435 2.69374 4.38401 11.4135 19.1409 26.097 18.4906 10.5388 3.35226 2.28355 5.50266 5.77001 5.77001 5.77001 5.77001 5.77001 5.77001 5.77001 5.77001 5.77001 5.77001 5.77001 5.77001 5.77001 5.77001 5.77001 5.77001 5.77001 5.69302 8.16002 5.31806 5.55961 5.54334 5.77 5.77 5.60967 4.35964 2.44486 7.09442 10.6206 0.671154 4.51255 5.77 5.77 4.27586 0.415064 9.19837 2.12245 0 0 3.03782 2.32138 4.55937 7.56212
5.77001 5.77001 5.77001 5.77001 5.77001 5.77001 5.77001 5.77001 5.77001 5.77001 5.77001 5.77001 5.50864 4.77369 2.08822 4.42788 11.4353 18.8692 26.4994 21.4596 13.848 6.10319 1.36531 4.29633 5.77001 5.77001 5.77001 5.77001 5.77001 5.77001 5.77001 5.77001 5.77001 5.77001 5.77001 5.77001 5.77001 5.77001 5.77001 5.77001 5.77001 5.70782 5.72992 5.47879 5.77 5.77 5.77 5.77 4.52772 2.69573 5.29916 13.3985 5.08637 3.28939 5.77 5.77 5.77 5.63473 2.72434 6.2914 1.98306 3.99189 1.89572 0 0 0 1.80808
