tests/full-run-ref/erosion_2010_78_24_-72.835.asc
ncols 512
nrows 512
xllcorner -3.24582
yllcorner -4.08743
cellsize 5
NODATA_value -99999
[rows 150 to 179 of 512, columns 0 to 66 of 512]
18.01 15.125 12.24 11.045 8.16001 6.96501 4.08001 2.88502 2.88502 2.88502 2.88502 2.88502 2.88502 2.88502 2.88502 2.88502 2.88502 2.88502 2.88502 2.88502 2.88502 2.88502 2.88502 2.88502 4.08001 6.96501 8.16002 11.045 13.93 15.125 12.24 11.045 8.16002 6.96501 4.08001 2.88513 2.88513 2.88513 2.88513 2.88513 2.88513 2.88513 2.88513 2.88512 2.88512 2.88512 2.88512 2.88512 2.88512 2.88512 2.88512 2.88512 2.88512 2.88512 2.88511 2.88511 2.88511 2.88511 2.88511 2.88511 2.88511 2.88511 2.88511 2.88511 2.88511 2.88511 2.88511
19.205 16.32 15.125 12.24 11.045 8.16002 5.77001 2.88502 2.88502 2.88502 2.88502 2.88502 2.88502 2.88502 2.88502 2.88502 2.88502 2.88502 2.88502 2.88502 2.88502 2.88502 2.88502 2.88502 5.77 8.16002 11.045 12.24 15.125 12.24 11.045 8.16002 6.96501 4.08001 2.88513 2.88513 2.88513 2.88513 2.88513 2.88513 2.88513 2.88513 2.88513 2.88512 2.88512 2.88512 2.88512 2.88512 2.88512 2.88512 2.88512 2.88512 2.88512 2.88512 2.88511 2.88511 2.88511 2.88511 2.88511 2.88511 2.88511 2.88511 2.88511 2.88511 2.88511 2.88511 2.88511
20.4 19.205 16.32 15.125 12.24 9.85001 6.96501 4.08001 2.88502 2.88502 2.88502 2.88502 2.88502 2.88502 2.88502 2.88502 2.88502 2.88502 2.88502 2.88502 2.88502 2.88502 2.88502 4.08001 6.96501 9.85001 12.24 15.125 12.24 11.045 8.16002 6.96501 4.08001 2.88513 2.88513 2.88513 2.88513 2.88513 2.88513 2.88513 2.88513 2.88513 2.88513 2.88513 2.88512 2.88512 2.88512 2.88512 2.88512 2.88512 2.88512 2.88512 2.88512 2.88512 2.88511 2.88511 2.88511 2.88511 2.88511 2.88511 2.88511 2.88511 2.88511 2.88511 2.88511 2.88511 2.88511
23.285 20.4 19.205 16.32 13.93 11.045 8.16002 6.96501 4.08001 2.88502 2.88502 2.88502 2.88502 2.88502 2.88502 2.88502 2.88502 2.88502 2.88502 2.88502 2.88502 2.88502 4.08001 6.96501 8.16002 11.045 13.93 12.24 11.045 8.16002 6.96501 4.08001 2.88513 2.88513 2.88513 2.88513 2.88513 2.88513 2.88513 2.88513 2.88513 2.88513 2.88513 2.88513 2.88513 2.88512 2.88512 2.88512 2.88512 2.88512 2.88512 2.88512 2.88512 2.88512 2.88511 2.88511 2.88511 2.88511 2.88511 2.88511 2.88511 2.88511 2.88511 2.88511 2.88511 2.88511 2.88511
20.895 19.7 18.01 15.125 12.24 9.85001 6.96501 4.08001 2.88502 2.88502 2.88502 2.88502 2.88502 2.88502 2.88502 2.88502 2.88502 2.88502 2.88502 2.88502 2.88502 4.08001 6.96501 8.16002 11.045 12.24 12.24 11.045 8.16002 6.96501 4.08001 2.88512 2.88512 2.88512 2.88512 2.88512 2.88512 2.88512 2.88512 2.88512 2.88512 2.88512 2.88512 2.88512 2.88512 2.88512 2.88512 2.88512 2.88512 2.88512 2.88512 2.88512 2.88512 2.88512 2.88511 2.88511 2.88511 2.88511 2.88511 2.88511 2.88511 2.88511 2.88511 2.88511 2.88511 2.88511 2.88511
18.01 16.815 15.62 13.93 11.045 8.16002 5.77 2.88502 2.88502 2.88502 2.88502 2.88502 2.88502 2.88502 2.88502 2.88502 2.88502 2.88502 2.88502 2.88502 4.08001 6.96501 8.16002 11.045 12.24 12.24 11.045 8.16002 6.96501 4.08001 2.88512 2.88512 2.88512 2.88512 2.88512 2.88512 2.88512 2.88512 2.88512 2.88512 2.88512 2.88512 2.88512 2.88512 2.88512 2.88512 2.88512 2.88512 2.88512 2.88512 2.88512 2.88512 2.88512 2.88512 2.88511 2.88511 2.88511 2.88511 2.88511 2.88511 2.88511 2.88511 2.88511 2.88511 2.88511 2.88511 2.88511
15.125 13.93 12.735 11.54 9.85001 6.96501 4.08001 2.88502 2.88502 2.88502 2.88502 2.88502 2.88502 2.88502 2.88502 2.88502 2.88502 2.88502 2.88502 4.08001 6.96501 8.16002 11.045 12.24 12.24 11.045 8.16002 6.96501 4.08001 2.88512 2.88512 2.88512 2.88512 2.88512 2.88512 2.88512 2.88512 2.88512 2.88512 2.88512 2.88512 2.88512 2.88512 2.88512 2.88512 2.88512 2.88512 2.88512 2.88512 2.88512 2.88512 2.88512 2.88512 2.88512 2.88511 2.88511 2.88511 2.88511 2.88511 2.88511 2.88511 2.88511 2.88511 2.88511 2.88511 2.88511 2.88511
12.24 11.045 9.85001 8.655 8.16002 5.77 2.88502 2.88502 2.88502 2.88502 2.88502 2.88502 2.88502 2.88502 4.08001 4.08001 2.88502 4.08001 5.77001 6.96501 8.16002 11.045 12.24 12.24 11.045 8.16002 6.96501 4.08001 2.88512 2.88512 2.88512 2.88512 2.88512 2.88512 2.88512 2.88512 2.88512 2.88512 2.88512 2.88512 2.88512 2.88512 2.88512 2.88512 2.88512 2.88512 2.88512 2.88512 2.88512 2.88512 2.88512 2.88512 2.88512 2.88512 2.88511 2.88511 2.88511 2.88511 2.88511 2.88511 2.88511 2.88511 2.88511 2.88511 2.88511 2.88511 2.88511
11.045 8.16001 6.96501 5.77 5.77 4.08001 2.88502 2.88502 2.88502 2.88502 2.88502 2.88502 2.88502 4.08001 6.96501 6.96501 5.77001 6.96501 8.16002 9.85001 11.045 12.24 12.24 11.045 8.16002 6.96501 4.08001 2.88512 2.88512 2.88512 2.88512 2.88512 2.88512 2.88512 2.88512 2.88512 2.88512 2.88512 2.88512 2.88512 2.88512 2.88512 2.88512 2.88512 2.88512 2.88512 2.88512 2.88512 2.88512 2.88512 2.88512 2.88512 2.88512 2.88512 2.88511 2.88511 2.88511 2.88511 2.88511 2.88511 2.88511 2.88511 2.88511 2.88511 2.88511 2.88511 2.88511
9.85001 6.965 4.08 2.88502 2.88502 2.88502 2.88502 2.88502 2.88502 2.88502 2.88502 2.88502 4.08001 6.96501 8.16002 9.85001 8.65501 9.85001 11.045 12.24 13.93 12.24 11.045 8.16002 6.96501 4.08001 2.88512 2.88512 2.88512 2.88512 2.88512 2.88512 2.88512 2.88512 2.88512 2.88512 2.88512 2.88512 2.88512 2.88512 2.88512 2.88512 2.88512 2.88512 2.88512 2.88512 2.88512 2.88512 2.88512 2.88512 2.88512 2.88512 2.88512 2.88512 2.88511 2.88511 2.88511 2.88511 2.88511 2.88511 2.88511 2.88511 2.88511 2.88511 2.88511 2.88511 2.88511
8.655 5.77 2.88502 2.88502 2.88502 2.88502 2.88502 2.88502 2.88502 2.88502 2.88502 4.08001 6.96501 8.16002 11.045 12.24 11.54 12.735 13.93 15.125 12.24 11.045 8.16002 6.96501 4.08001 2.88512 2.88512 2.88512 2.88512 2.88512 2.88512 2.88512 2.88512 2.88512 2.88512 2.88512 2.88512 2.88512 2.88512 2.88512 2.88512 2.88512 2.88512 2.88512 2.88512 2.88512 2.88512 2.88512 2.88512 2.88512 2.88512 2.88512 2.88512 2.88512 2.88511 2.88511 2.88511 2.88511 2.88511 2.88511 2.88511 2.88511 2.88511 2.88511 2.88511 2.88511 2.88511
9.85001 6.96501 4.08001 2.88502 2.88502 2.88502 2.88502 4.08001 4.08001 5.77001 4.08001 6.96501 8.16002 11.045 12.24 15.125 14.425 15.62 15.125 12.24 11.045 8.16002 6.96501 4.08001 2.88512 2.88512 2.88512 2.88512 2.88512 2.88512 2.88512 2.88512 2.88512 2.88512 2.88512 2.88512 2.88512 2.88512 2.88512 2.88512 2.88512 2.88512 2.88512 2.88512 2.88512 2.88512 2.88512 2.88512 2.88512 2.88512 2.88512 2.88512 2.88512 2.88512 2.88511 2.88511 2.88511 2.88511 2.88511 2.88511 2.88511 2.88511 2.88511 2.88511 2.88511 2.88511 2.88511
11.045 8.16001 6.96501 4.08001 2.88502 4.08001 4.08001 6.96501 6.96501 8.16002 6.96501 8.16002 11.045 12.24 15.125 16.32 16.32 15.125 12.24 11.045 8.16002 6.96501 4.08001 2.88512 2.88512 2.88512 2.88512 2.88512 2.88512 2.88512 2.88512 2.88512 2.88512 2.88512 2.88512 2.88512 2.88512 2.88512 2.88512 2.88512 2.88512 2.88512 2.88512 2.88512 2.88512 2.88512 2.88512 2.88512 2.88512 2.88512 2.88512 2.88512 2.88512 2.88512 2.88511 2.88511 2.88511 2.88511 2.88511 2.88511 2.88511 2.88511 2.88511 2.88511 2.88511 2.88511 2.88511
12.24 11.045 8.16001 6.96501 5.77001 6.96501 6.96501 8.16002 9.85001 11.045 9.85001 11.045 12.24 15.125 16.32 16.32 15.125 12.24 11.045 8.16002 6.96501 4.08001 2.88512 2.88512 2.88512 2.88512 2.88512 2.88512 2.88512 2.88512 2.88512 2.88512 2.88512 2.88512 2.88512 2.88512 2.88512 2.88512 2.88512 2.88512 2.88512 2.88512 2.88512 2.88512 2.88512 2.88512 2.88512 2.88512 2.88512 2.88512 2.88512 2.88512 2.88512 2.88512 2.88511 2.88511 2.88511 2.88511 2.88511 2.88511 2.88511 2.88511 2.88511 2.88511 2.88511 2.88511 2.88511
15.125 12.24 11.045 9.85001 8.65501 9.85001 9.85001 11.045 12.24 13.93 12.735 13.93 15.125 16.32 16.32 15.125 12.24 11.045 8.16002 6.96501 4.08001 2.88512 2.88512 2.88512 2.88512 2.88512 2.88512 2.88512 2.88512 2.88512 2.88512 2.88512 2.88512 2.88512 2.88512 2.88512 2.88512 2.88512 2.88512 2.88512 2.88512 2.88512 2.88512 2.88512 2.88512 2.88512 2.88512 2.88512 2.88512 2.88512 2.88512 2.88512 2.88512 2.88512 2.88511 2.88511 2.88511 2.88511 2.88511 2.88511 2.88511 2.88511 2.88511 2.88511 2.88511 2.88511 2.88511
16.32 15.125 13.93 12.735 11.54 12.735 12.735 13.93 15.125 16.32 15.62 16.815 18.01 16.32 15.125 12.24 11.045 8.16002 6.96501 4.08001 2.88512 2.88512 2.88512 2.88512 2.88512 2.88512 2.88512 2.88512 2.88512 2.88512 2.88512 2.88512 2.88512 2.88512 2.88512 2.88512 2.88512 2.88512 2.88512 2.88512 2.88512 2.88512 2.88512 2.88512 2.88512 2.88512 2.88512 2.88512 2.88512 2.88512 2.88512 2.88512 2.88512 2.88512 2.88511 2.88511 2.88511 2.88511 2.88511 2.88511 2.88511 2.88511 2.88511 2.88511 2.88511 2.88511 2.88511
19.205 18.01 16.815 15.62 14.425 15.62 15.62 16.815 18.01 19.205 18.505 19.205 16.32 15.125 12.24 11.045 8.16002 6.96501 4.08001 2.88512 2.88512 2.88512 2.88512 2.88512 2.88512 2.88512 2.88512 2.88512 2.88512 2.88512 2.88512 2.88512 2.88512 2.88512 2.88512 2.88512 2.88512 2.88512 2.88512 2.88512 2.88512 2.88512 2.88512 2.88512 2.88512 2.88512 2.88512 2.88512 2.88512 2.88512 2.88512 2.88512 2.88512 2.88512 2.88511 2.88511 2.88511 2.88511 2.88511 2.88511 2.88511 2.88511 2.88511 2.88511 2.88511 2.88511 2.88511
22.09 20.895 19.7 18.505 17.31 18.505 18.505 19.7 20.895 20.4 19.205 16.32 15.125 12.24 11.045 8.16002 6.96501 4.08001 2.88512 2.88512 2.88512 2.88512 2.88512 2.88512 2.88512 2.88512 2.88512 2.88512 2.88512 2.88512 2.88512 2.88512 2.88512 2.88512 2.88512 2.88512 2.88512 2.88512 2.88512 2.88512 2.88512 2.88512 2.88512 2.88512 2.88512 2.88512 2.88512 2.88512 2.88512 2.88512 2.88512 2.88512 2.88512 2.88512 2.88511 2.88511 2.88511 2.88511 2.88511 2.88511 2.88511 2.88511 2.88511 2.88511 2.88511 2.88511 2.88511
24.975 23.78 22.585 21.39 20.195 21.39 21.39 22.585 20.4 19.205 16.32 15.125 12.24 11.045 8.16002 6.96501 4.08001 2.88512 2.88512 2.88512 2.88512 2.88512 2.88512 2.88512 2.88512 2.88512 2.88512 2.88512 2.88512 2.88512 2.88512 2.88512 2.88512 2.88512 2.88512 2.88512 2.88512 2.88512 2.88512 2.88512 2.88512 2.88512 2.88512 2.88512 2.88512 2.88512 2.88512 2.88512 2.88512 2.88512 2.88512 2.88512 2.88512 2.88512 2.88511 2.88511 2.88511 2.88511 2.88511 2.88511 2.88511 2.88511 2.88511 2.88511 2.88511 2.88511 2.88511
27.86 26.665 25.47 24.275 23.08 24.275 23.285 20.4 19.205 16.32 15.125 12.24 11.045 8.16002 6.96501 4.08001 2.88513 2.88512 2.88512 2.88512 2.88512 2.88512 2.88512 2.88512 2.88512 2.88512 2.88512 2.88512 2.88512 2.88512 2.88512 2.88512 2.88512 2.88512 2.88512 2.88512 2.88512 2.88512 2.88512 2.88512 2.88512 2.88512 2.88512 2.88512 2.88512 2.88512 2.88512 2.88512 2.88512 2.88512 2.88512 2.88512 2.88512 2.88512 2.88511 2.88511 2.88511 2.88511 2.88511 2.88511 2.88511 2.88511 2.88511 2.88511 2.88511 2.88511 2.88511
30.745 29.55 28.355 27.16 24.48 23.285 20.4 19.205 16.32 15.125 12.24 11.045 8.16002 6.96501 4.08001 2.88513 2.88513 2.88512 2.88512 2.88512 2.88512 2.88512 2.88512 2.88512 2.88512 2.88512 2.88512 2.88512 2.88512 2.88512 2.88512 2.88512 2.88512 2.88512 2.88512 2.88512 2.88512 2.88512 2.88512 2.88512 2.88512 2.88512 2.88512 2.88512 2.88512 2.88512 2.88512 2.88512 2.88512 2.88512 2.88512 2.88512 2.88512 2.88512 2.88511 2.88511 2.88511 2.88511 2.88511 2.88511 2.88511 2.88511 2.88511 2.88511 2.88511 2.88511 2.88511
31.445 28.56 27.365 24.48 23.285 20.4 19.205 16.32 15.125 12.24 11.045 8.16002 6.96501 4.08001 2.88513 2.88513 2.88513 2.88512 2.88512 2.88512 2.88512 2.88512 2.88512 2.88512 2.88512 2.88512 2.88512 2.88512 2.88512 2.88512 2.88512 2.88512 2.88512 2.88512 2.88512 2.88512 2.88512 2.88512 2.88512 2.88512 2.88512 2.88512 2.88512 2.88512 2.88512 2.88512 2.88512 2.88512 2.88512 2.88512 2.88512 2.88512 2.88512 2.88512 2.88511 2.88511 2.88511 2.88511 2.88511 2.88511 2.88511 2.88511 2.88511 2.88511 2.88511 2.88511 2.88511
28.56 27.365 24.48 23.285 20.4 19.205 16.32 15.125 12.24 11.045 8.16002 6.96501 4.08001 2.88513 2.88513 2.88513 2.88513 2.88512 2.88512 2.88512 2.88512 2.88512 2.88512 2.88512 2.88512 2.88512 2.88512 2.88512 2.88512 2.88512 2.88512 2.88512 2.88512 2.88512 2.88512 2.88512 2.88512 2.88512 2.88512 2.88512 2.88512 2.88512 2.88512 2.88512 2.88512 2.88512 2.88512 2.88512 2.88512 2.88512 2.88512 2.88512 2.88512 2.88512 2.88511 2.88511 2.88511 2.88511 2.88511 2.88511 2.88511 2.88511 2.88511 2.88511 2.88511 2.88511 2.88511
27.365 24.48 23.285 20.4 19.205 16.32 15.125 12.24 11.045 8.16002 6.96501 4.08001 2.88513 2.88513 2.88513 2.88513 2.88513 2.88512 2.88512 2.88512 2.88512 2.88512 2.88512 2.88512 2.88512 2.88512 2.88512 2.88512 2.88512 2.88512 2.88512 2.88512 2.88512 2.88512 2.88512 2.88512 2.88512 2.88512 2.88512 2.88512 2.88512 2.88512 2.88512 2.88512 2.88512 2.88512 2.88512 2.88512 2.88512 2.88512 2.88512 2.88512 2.88512 2.88512 2.88511 2.88511 2.88511 2.88511 2.88511 2.88511 2.88511 2.88511 2.88511 2.88511 2.88511 2.88511 2.88511
24.48 23.285 20.4 19.205 16.32 15.125 12.24 11.045 8.16002 6.96501 4.08001 2.88513 2.88513 2.88513 2.88513 2.88513 2.88513 2.88512 2.88512 2.88512 2.88512 2.88512 2.88512 2.88512 2.88512 2.88512 2.88512 2.88512 2.88512 2.88512 2.88512 2.88512 2.88512 2.88512 2.88512 2.88512 2.88512 2.88512 2.88512 2.88512 2.88512 2.88512 2.88512 2.88512 2.88512 2.88512 2.88512 2.88512 2.88512 2.88512 2.88512 2.88512 2.88512 2.88512 2.88511 2.88511 2.88511 2.88511 2.88511 2.88511 2.88511 2.88511 2.88511 2.88511 2.88511 2.88511 2.88511
23.285 20.4 19.205 16.32 15.125 12.24 11.045 8.16002 6.96501 4.08001 2.88513 2.88513 2.88513 2.88513 2.88513 2.88513 2.88513 2.88512 2.88512 2.88512 2.88512 2.88512 2.88512 2.88512 2.88512 2.88512 2.88512 2.88512 2.88512 2.88512 2.88512 2.88512 2.88512 2.88512 2.88512 2.88512 2.88512 2.88512 2.88512 2.88512 2.88512 2.88512 2.88512 2.88512 2.88512 2.88512 2.88512 2.88512 2.88512 2.88512 2.88512 2.88512 2.88512 2.88512 2.88511 2.88511 2.88511 2.88511 2.88511 2.88511 2.88511 2.88511 2.88511 2.88511 2.88511 2.88511 2.88511
20.4 19.205 16.32 15.125 12.24 11.045 8.16001 6.96501 4.08001 2.88513 2.88513 2.88513 2.88513 2.88513 2.88513 2.88513 2.88513 2.88512 2.88512 2.88512 2.88512 2.88512 2.88512 2.88512 2.88512 2.88512 2.88512 2.88512 2.88512 2.88512 2.88512 2.88512 2.88512 2.88512 2.88512 2.88512 2.88512 2.88512 2.88512 2.88512 2.88512 2.88512 2.88512 2.88512 2.88512 2.88512 2.88512 2.88512 2.88512 2.88512 2.88512 2.88512 2.88512 2.88512 2.88511 2.88511 2.88511 2.88511 2.88511 2.88511 2.88511 2.88511 2.88511 2.88511 2.88511 2.88511 2.88511
19.205 16.32 15.125 12.24 11.045 8.16001 6.96501 4.08001 2.88513 2.88513 2.88513 2.88513 2.88513 2.88513 2.88513 2.88513 2.88513 2.88512 2.88512 2.88512 2.88512 2.88512 2.88512 2.88512 2.88512 2.88512 2.88512 2.88512 2.88512 2.88512 2.88512 2.88512 2.88512 2.88512 2.88512 2.88512 2.88512 2.88512 2.88512 2.88512 2.88512 2.88512 2.88512 2.88512 2.88512 2.88512 2.88512 2.88512 2.88512 2.88512 2.88512 2.88512 2.88512 2.88512 2.88511 2.88511 2.88511 2.88511 2.88511 2.88511 2.88511 2.88511 2.88511 2.88511 2.88511 2.88511 2.88511
16.32 15.125 12.24 11.045 8.16001 6.96501 4.08001 2.88513 2.88513 2.88513 2.88513 2.88513 2.88513 2.88513 2.88513 2.88513 2.88513 2.88512 2.88512 2.88512 2.88512 2.88512 2.88512 2.88512 2.88512 2.88512 2.88512 2.88512 2.88512 2.88512 2.88512 2.88512 2.88512 2.88512 2.88512 2.88512 2.88512 2.88512 2.88512 2.88512 2.88512 2.88512 2.88512 2.88512 2.88512 2.88512 2.88512 2.88512 2.88512 2.88512 2.88512 2.88512 2.88512 2.88512 2.88511 2.88511 2.88511 2.88511 2.88511 2.88511 2.88511 2.88511 2.88511 2.88511 2.88511 2.88511 2.88511
15.125 12.24 11.045 8.16001 6.96501 4.08001 2.88513 2.88513 2.88513 2.88513 2.88513 2.88513 2.88513 2.88513 2.88513 2.88513 2.88513 2.88512 2.88512 2.88512 2.88512 2.88512 2.88512 2.88512 2.88512 2.88512 2.88512 2.88512 2.88512 2.88512 2.88512 2.88512 2.88512 2.88512 2.88512 2.88512 2.88512 2.88512 2.88512 2.88512 2.88512 2.88512 2.88512 2.88512 2.88512 2.88512 2.88512 2.88512 2.88512 2.88512 2.88512 2.88512 2.88512 2.88512 2.88511 2.88511 2.88511 2.88511 2.88511 2.88511 2.88511 2.88511 2.88511 2.88511 2.88511 2.88511 2.88511
