tests/full-run-ref/erosion_2010_78_19_2.123.asc
ncols 512
nrows 512
xllcorner -3.24582
yllcorner -4.08743
cellsize 5
NODATA_value -99999
[rows 0 to 30 of 512, columns 284 to 354 of 512]
9.85001 11.045 12.24 15.125 16.32 18.01 20.4 18.01 15.125 12.24 11.045 9.85001 8.655 8.16001 6.96501 5.77 5.77 5.77 5.77 6.96501 8.16001 9.85001 8.655 9.85001 11.045 11.045 8.16001 6.96501 5.77 5.77 5.77 5.77 5.77 5.77 5.77 5.77 5.77 5.77 5.77 4.08001 2.885 4.08001 6.96501 8.16001 8.16001 6.96501 5.77 5.77 4.08001 2.885 4.08001 5.77 6.96501 8.16001 8.655 8.655 8.655 8.655 8.655 8.16001 6.96501 5.77 5.77 5.77 5.77 5.77 5.77 5.77 5.77 5.77 5.77
6.96485 8.14933 11.0449 12.2395 13.9299 16.32 18.01 16.815 13.93 11.045 8.16001 6.96501 5.77 5.77 4.08001 2.88505 2.88505 2.88505 2.88505 4.08001 5.77 6.96501 5.77 6.96485 8.16001 8.16001 6.96501 4.08001 2.88505 2.88505 2.88505 2.88505 2.88505 2.88505 2.88505 2.88505 2.88504 2.88504 2.88504 2.88504 2.88504 2.88504 4.08001 5.77 5.77 4.08001 2.88504 2.88504 2.88504 2.88504 2.88504 2.88504 4.08001 5.77 5.77 5.77 5.77 5.77 5.77 5.77 4.08001 2.88504 2.88504 2.88504 2.88504 2.88504 2.88504 2.88504 2.88504 2.88504 2.88504
0 0 0 0 0.0520253 9.99892 15.6786 15.62 12.735 9.85001 6.96501 4.08001 2.88505 2.88505 2.88505 2.88505 2.88505 2.88505 2.88505 2.88505 2.88505 4.08001 2.88505 4.08001 5.02334 6.96501 4.08001 2.88505 2.88505 2.88505 2.88505 2.88505 2.88505 2.88505 2.88505 2.88505 2.88505 2.88505 2.88504 2.88504 2.88504 2.88504 2.88504 2.88504 2.88504 2.88504 2.88504 2.88504 2.88504 2.88504 2.88504 2.88504 2.88504 2.88504 2.88504 2.88504 2.88504 2.88504 2.88504 2.88504 2.88504 2.88504 2.88504 2.88504 2.88504 2.88504 2.88504 2.88504 2.88504 2.88504 2.88504
0 0 0 0 0 0 9.20371 14.425 11.54 8.655 5.77 2.88505 2.88505 2.88505 2.88505 2.88505 2.88505 2.88505 2.88505 2.88505 2.88505 2.88505 2.88505 2.88505 4.79617 4.08001 2.88505 2.88505 2.88505 2.88505 2.88505 2.88505 2.88505 2.88505 2.88505 2.88505 2.88505 2.88505 2.88505 2.88504 2.88504 2.88504 2.88504 2.88504 2.88504 2.88504 2.88504 2.88504 2.88504 2.88504 2.88504 2.88504 2.88504 2.88504 2.88504 2.88504 2.88504 2.88504 2.88504 2.88504 2.88504 2.88504 2.88504 2.88504 2.88504 2.88504 2.88504 2.88504 2.88504 2.88504 2.88504
0 0 0 0 0 0 0 9.02657 12.735 9.85001 6.96501 4.08001 2.88505 2.88505 2.88505 2.88505 2.88505 2.88505 2.88505 2.88505 2.88505 2.88505 2.88505 2.88505 4.08001 2.88505 2.88505 2.88505 2.88505 2.88505 2.88505 2.88505 2.88505 2.88505 2.88505 2.88505 2.88505 2.88505 2.88505 2.88504 2.88504 2.88504 2.88504 2.88504 2.88504 2.88504 2.88504 2.88504 2.88504 2.88504 2.88504 2.88504 2.88504 2.88504 2.88504 2.88504 2.88504 2.88504 2.88504 2.88504 2.88504 2.88504 2.88504 2.88504 2.88504 2.88504 2.88504 2.88504 2.88504 2.88504 2.88504
0 0 0 0 0 0 0 0.646393 6.55039 11.0447 8.16001 6.96501 4.08001 2.88505 2.88505 2.88505 2.88505 2.88505 2.88505 2.88505 2.88505 2.88505 2.88505 2.88505 2.88505 2.88505 2.88505 2.88505 2.88505 2.88505 2.88505 2.88505 2.88505 2.88505 2.88505 2.88505 2.88505 2.88505 2.88505 2.88504 2.88504 2.88504 2.88504 2.88504 2.88504 2.88504 2.88504 2.88504 2.88504 2.88504 2.88504 2.88504 2.88504 2.88504 2.88504 2.88504 2.88504 2.88504 2.88504 2.88504 2.88504 2.88504 2.88504 2.88504 2.88504 2.88504 2.88504 2.88504 2.88504 2.88504 2.88504
2.88505 0 0 0 2.88505 0 0 0 1.86966 4.66324 7.88027 8.16001 6.96501 4.08001 2.88505 2.88505 2.88505 2.88505 2.88505 2.88505 2.88505 2.88505 2.88505 2.88505 2.88505 2.88505 2.88505 2.88505 2.88505 2.88505 2.88505 2.88505 2.88505 2.88505 2.88505 2.88505 2.88505 2.88505 2.88505 2.88504 2.88504 2.88504 2.88504 2.88504 2.88504 2.88504 2.88504 2.88504 2.88504 2.88504 2.88504 2.88504 2.88504 2.88504 2.88504 2.88504 2.88504 2.88504 2.88504 2.88504 2.88504 2.88504 2.88504 2.88504 2.88504 2.88504 2.88504 2.88504 2.88504 2.88504 2.88504
2.85644 0 0 2.88505 2.88505 0 0 0 0 0 1.98356 8.46128 8.16001 6.96501 4.08001 2.88505 2.88505 2.88505 2.88505 2.88505 2.88505 2.88505 2.88505 2.88505 2.88505 2.88505 2.88505 2.88505 2.88505 2.88505 2.88505 2.88505 2.88505 2.88505 2.88505 2.88505 2.88505 2.88505 2.88505 2.88504 2.88504 2.88504 2.88504 2.88504 2.88504 2.88504 2.88504 2.88504 2.88504 2.88504 2.88504 2.88504 2.88504 2.88504 2.88504 2.88504 2.88504 2.88504 2.88504 2.88504 2.88504 2.88504 2.88504 2.88504 2.88504 2.88504 2.88504 2.88504 2.88504 2.88504 2.88504
0.773235 0 2.88505 2.88505 2.88505 2.88505 0 0 0 0 0 4.44879 6.03468 8.16001 6.96486 4.08001 2.88505 2.88505 2.88505 2.88505 2.88505 2.88505 2.88505 2.88505 2.88505 2.88505 2.88505 2.88505 2.88505 2.88505 2.88505 2.88505 2.88505 2.88505 2.88505 2.88505 2.88505 2.88505 2.88505 2.88504 2.88504 2.88504 2.88504 2.88504 2.88504 2.88504 2.88504 2.88504 2.88504 2.88504 2.88504 2.88504 2.88504 2.88504 2.88504 2.88504 2.88504 2.88504 2.88504 2.88504 2.88504 2.88504 2.88504 2.88504 2.88504 2.88504 2.88504 2.88504 2.88504 2.88504 2.88504
0 0 2.85034 2.88505 2.88505 2.88505 0 0 0 0 0 0 0 0 8.16001 6.96501 4.08001 2.88505 2.88505 2.88505 2.88505 2.88505 2.88505 2.88505 2.88505 2.88505 2.88505 2.88505 2.88505 2.88505 2.88505 2.88505 2.88505 2.88505 2.88505 2.88505 2.88505 2.88505 2.88505 2.88504 2.88504 2.88504 2.88504 2.88504 2.88504 2.88504 2.88504 2.88504 2.88504 2.88504 2.88504 2.88504 2.88504 2.88504 2.88504 2.88504 2.88504 2.88504 2.88504 2.88504 2.88504 2.88504 2.88504 2.88504 2.88504 2.88504 2.88504 2.88504 2.88504 2.88504 2.88504
0 0 2.88486 2.88505 2.88505 2.88505 2.88505 0 0 0 0 0 0 0 11.045 8.16001 6.96501 4.08001 2.88505 2.88505 2.88505 2.88505 2.88505 2.88505 2.88505 2.88505 2.88505 2.88505 2.88505 2.88505 2.88505 2.88505 2.88505 2.88505 2.88505 2.88505 2.88505 2.88505 2.88505 2.88504 2.88504 2.88504 2.88504 2.88504 2.88504 2.88504 2.88504 2.88504 2.88504 2.88504 2.88504 2.88504 2.88504 2.88504 2.88504 2.88504 2.88504 2.88504 2.88504 2.88504 2.88504 2.88504 2.88504 2.88504 2.88504 2.88504 2.88504 2.88504 2.88504 2.88504 2.88504
0 0 4.08001 2.88505 2.88505 2.88505 2.88505 2.88505 0 0 0 0 0 0 2.71496 7.88611 8.16001 6.96501 4.08001 2.88505 2.88505 2.88505 2.88505 2.88505 2.88505 2.88505 2.88505 2.88505 2.88505 2.88505 2.88505 2.88505 2.88505 2.88505 2.88505 2.88505 2.88505 2.88505 2.88505 2.88504 2.88504 2.88504 2.88504 2.88504 2.88504 2.88504 2.88504 2.88504 2.88504 2.88504 2.88504 2.88504 2.88504 2.88504 2.88504 2.88504 2.88504 2.88504 2.88504 2.88504 2.88504 2.88504 2.88504 2.88504 2.88504 2.88504 2.88504 2.88504 2.88504 2.88504 2.88504
0 3.45916 6.96501 4.08001 2.88505 2.88505 2.88505 2.88505 2.88505 0 0 2.26582 4.08001 0 0 3.77917 6.96501 4.08001 2.88505 2.88505 2.88505 2.88505 2.88505 2.88505 2.88505 2.88505 2.88505 2.88505 2.88505 2.88505 2.88505 2.88505 2.88505 2.88505 2.88505 2.88505 2.88505 2.88505 2.88505 2.88504 2.88504 2.88504 2.88504 2.88504 2.88504 2.88504 2.88504 2.88504 2.88504 2.88504 2.88504 2.88504 2.88504 2.88504 2.88504 2.88504 2.88504 2.88504 2.88504 2.88504 2.88504 2.88504 2.88504 2.88504 2.88504 2.88504 2.88504 2.88504 2.88504 2.88504 2.88504
0 5.09847 8.16001 6.96501 4.08001 2.88505 2.88505 2.88505 2.88505 2.88505 0 0 2.88505 1.9432 0 0 4.08001 2.88505 2.88505 2.88505 2.88505 2.88505 2.88505 4.08001 2.88505 2.88505 2.88505 2.88505 2.88505 2.88505 2.88505 2.88505 2.88505 2.88505 2.88505 2.88505 2.88505 2.88505 2.88505 2.88504 2.88504 2.88504 2.88504 2.88504 2.88504 2.88504 2.88504 2.88504 2.88504 2.88504 2.88504 2.88504 2.88504 2.88504 2.88504 2.88504 2.88504 2.88504 2.88504 2.88504 2.88504 2.88504 2.88504 2.88504 2.88504 2.88504 2.88504 2.88504 2.88504 2.88504 2.88504
0 5.38633 10.9915 8.16001 5.77 2.88505 2.88505 2.88505 2.88505 2.88505 2.88505 0 2.88505 0 0 0 0 2.88505 2.88505 2.88505 2.88505 2.88505 4.08001 5.76998 2.88505 2.88505 2.88505 2.88505 2.88505 2.88505 2.88505 2.88505 2.88505 2.88505 2.88505 2.88505 2.88505 2.88505 2.88505 2.88504 2.88504 2.88504 2.88504 2.88504 2.88504 2.88504 2.88504 2.88504 2.88504 2.88504 2.88504 2.88504 2.88504 2.88504 2.88504 2.88504 2.88504 2.88504 2.88504 2.88504 2.88504 2.88504 2.88504 2.88504 2.88504 2.88504 2.88504 2.88504 2.88504 2.88504 2.88504
0 1.54705 9.41832 6.96501 4.08001 2.88505 2.88505 2.88505 2.88505 2.88505 2.88505 0 0 0 0 0 0 2.88505 2.88505 2.88505 2.88505 4.08001 4.72629 5.76998 2.88505 2.88505 2.88505 2.88505 2.88505 2.88505 2.88505 2.88505 2.88505 2.88505 2.88505 2.88505 2.88505 2.88505 2.88505 2.88504 2.88504 2.88504 2.88504 2.88504 2.88504 2.88504 2.88504 2.88504 2.88504 2.88504 2.88504 2.88504 2.88504 2.88504 2.88504 2.88504 2.88504 2.88504 2.88504 2.88504 2.88504 2.88504 2.88504 2.88504 2.88504 2.88504 2.88504 2.88504 2.88504 2.88504 2.88504
0 0 8.21991 5.77 2.88505 2.88505 2.88505 2.88505 2.88505 2.88505 2.88505 2.88505 0 0 0 0 0 2.88505 2.88505 2.88505 2.88505 4.08001 5.64968 5.76998 2.88505 2.88505 2.88505 2.88505 2.88505 2.88505 2.88505 2.88505 2.88505 2.88505 2.88505 2.88505 2.88505 2.88505 2.88505 2.88504 2.88504 2.88504 2.88504 2.88504 2.88504 2.88504 2.88504 2.88504 2.88504 2.88504 2.88504 2.88504 2.88504 2.88504 2.88504 2.88504 2.88504 2.88504 2.88504 2.88504 2.88504 2.88504 2.88504 2.88504 2.88504 2.88504 2.88504 2.88504 2.88504 2.88504 2.88504
0 0.756556 5.72532 6.96501 4.08001 2.88505 2.88505 2.88505 2.88505 2.88505 2.88505 2.88505 0 0 0.496875 0 0.715027 2.5209 2.88505 2.88505 2.88505 2.88505 4.37662 5.76999 2.88505 2.88505 2.88505 2.88505 2.88505 2.88505 2.88505 2.88505 2.88505 2.88505 2.88505 2.88505 2.88505 2.88505 2.88505 2.88504 2.88504 2.88504 2.88504 2.88504 2.88504 2.88504 2.88504 2.88504 2.88504 2.88504 2.88504 2.88504 2.88504 2.88504 2.88504 2.88504 2.88504 2.88504 2.88504 2.88504 2.88504 2.88504 2.88504 2.88504 2.88504 2.88504 2.88504 2.88504 2.88504 2.88504 2.88504
0 0 3.25491 5.63972 6.96501 4.08001 2.88505 2.88505 2.88505 2.88505 2.88505 2.88505 2.57384 2.8084 2.79485 2.88018 2.80309 2.88292 2.88505 2.88505 2.88505 2.88505 4.08001 5.76999 2.88505 2.88505 2.88505 2.88505 2.88505 2.88505 2.88505 2.88505 2.88505 2.88505 2.88505 2.88505 2.88505 2.88505 2.88505 2.88504 2.88504 2.88504 2.88504 2.88504 2.88504 2.88504 2.88504 2.88504 2.88504 2.88504 2.88504 2.88504 2.88504 2.88504 2.88504 2.88504 2.88504 2.88504 2.88504 2.88504 2.88504 2.88504 2.88504 2.88504 2.88504 2.88504 2.88504 2.88504 2.88504 2.88504 2.88504
0 0 0 2.89642 7.74786 6.96501 4.08001 2.88505 2.88505 2.88505 2.88505 2.88505 2.88505 2.88505 2.88505 2.88505 2.88505 2.88505 2.88505 2.88505 2.88505 2.88505 2.88505 4.08001 2.88505 2.88505 2.88505 2.88505 2.88505 2.88505 2.88505 2.88505 2.88505 2.88505 2.88505 2.88505 2.88505 2.88505 2.88505 2.88504 2.88504 2.88504 2.88504 2.88504 2.88504 2.88504 2.88504 2.88504 2.88504 2.88504 2.88504 2.88504 2.88504 2.88504 2.88504 2.88504 2.88504 2.88504 2.88504 2.88504 2.88504 2.88504 2.88504 2.88504 2.88504 2.88504 2.88504 2.88504 2.88504 2.88504 2.88504
2.88505 0 0 4.08001 4.64593 8.16001 6.96501 4.08001 2.88505 2.88505 2.88505 2.88505 2.88505 2.88505 2.88505 2.88505 2.88505 2.88505 2.88505 2.88505 2.88505 2.88505 2.88505 2.88505 2.88505 2.88505 2.88505 2.88505 2.88505 2.88505 2.88505 2.88505 2.88505 2.88505 2.88505 2.88505 2.88505 2.88505 2.88505 2.88504 2.88504 2.88504 2.88504 2.88504 2.88504 2.88504 2.88504 2.88504 2.88504 2.88504 2.88504 2.88504 2.88504 2.88504 2.88504 2.88504 2.88504 2.88504 2.88504 2.88504 2.88504 2.88504 2.88504 2.88504 2.88504 2.88504 2.88504 2.88504 2.88504 2.88504 2.88504
2.88505 2.88505 0 0 2.36453 4.9669 6.54078 6.96501 4.08001 2.88505 2.88505 2.88505 2.88505 2.88505 2.88505 2.88505 2.88505 2.88505 2.88505 2.88505 2.88505 2.88505 2.88505 2.88505 2.88505 2.88505 2.88505 2.88505 2.88505 2.88505 2.88505 2.88505 2.88505 2.88505 2.88505 2.88505 2.88505 2.88505 2.88505 2.88504 2.88504 2.88504 2.88504 2.88504 2.88504 2.88504 2.88504 2.88504 2.88504 2.88504 2.88504 2.88504 2.88504 2.88504 2.88504 2.88504 2.88504 2.88504 2.88504 2.88504 2.88504 2.88504 2.88504 2.88504 2.88504 2.88504 2.88504 2.88504 2.88504 2.88504 2.88504
2.88505 2.88505 2.88505 0 0 0 4.08001 5.06422 6.96492 4.08001 2.88505 2.88505 2.88505 2.88505 2.88505 2.88505 2.88505 2.88505 2.88505 2.88505 2.88505 2.88505 2.88505 2.88505 2.88505 2.88505 2.88505 2.88505 2.88505 2.88505 2.88505 2.88505 2.88505 2.88505 2.88505 2.88505 2.88505 2.88505 2.88505 2.88504 2.88504 2.88504 2.88504 2.88504 2.88504 2.88504 2.88504 2.88504 2.88504 2.88504 2.88504 2.88504 2.88504 2.88504 2.88504 2.88504 2.88504 2.88504 2.88504 2.88504 2.88504 2.88504 2.88504 2.88504 2.88504 2.88504 2.88504 2.88504 2.88504 2.88504 2.88504
2.88505 2.88505 2.88505 2.88505 0 0 0 0 4.08001 6.73166 4.08001 2.88505 2.88505 2.88505 2.88505 2.88505 2.88505 2.88505 2.88505 2.88505 2.88505 2.88505 2.88505 2.88505 2.88505 2.88505 2.88505 2.88505 2.88505 2.88505 2.88505 2.88505 2.88505 2.88505 2.88505 2.88505 2.88505 2.88505 2.88505 2.88504 2.88504 2.88504 2.88504 2.88504 2.88504 2.88504 2.88504 2.88504 2.88504 2.88504 2.88504 2.88504 2.88504 2.88504 2.88504 2.88504 2.88504 2.88504 2.88504 2.88504 2.88504 2.88504 2.88504 2.88504 2.88504 2.88504 2.88504 2.88504 2.88504 2.88504 2.88504
2.88505 2.88505 2.88505 2.88505 2.88505 0 0 0 0 4.08001 6.67599 4.08001 2.88505 2.88505 2.88505 2.88505 2.88505 2.88505 2.88505 2.88505 2.88505 2.88505 2.88505 2.88505 2.88505 2.88505 2.88505 2.88505 2.88505 2.88505 2.88505 2.88505 2.88505 2.88505 2.88505 2.88505 2.88505 2.88505 2.88505 2.88504 2.88504 2.88504 2.88504 2.88504 2.88504 2.88504 2.88504 2.88504 2.88504 2.88504 2.88504 2.88504 2.88504 2.88504 2.88504 2.88504 2.88504 2.88504 2.88504 2.88504 2.88504 2.88504 2.88504 2.88504 2.88504 2.88504 2.88504 2.88504 2.88504 2.88504 2.88504
2.88505 2.88505 2.88505 2.88505 2.88505 0 0 0 0 0 4.00896 6.96492 4.08001 2.88505 2.88505 2.88505 2.88505 2.88505 2.88505 2.88505 2.88505 2.88505 2.88505 2.88505 2.88505 2.88505 2.88505 2.88505 2.88505 2.88505 2.88505 2.88505 2.88505 2.88505 2.88505 2.88505 2.88505 2.88505 2.88505 2.88504 2.88504 2.88504 2.88504 2.88504 2.88504 2.88504 2.88504 2.88504 2.88504 2.88504 2.88504 2.88504 2.88504 2.88504 2.88504 2.88504 2.88504 2.88504 2.88504 2.88504 2.88504 2.88504 2.88504 2.88504 2.88504 2.88504 2.88504 2.88504 2.88504 2.88504 2.88504
2.88505 2.88505 2.88505 2.88505 2.88505 0 0.731421 0 0 4.08001 0 4.08001 6.73166 4.08001 2.88505 2.88505 2.88505 2.88505 2.88505 2.88505 2.88505 2.88505 2.88505 2.88505 2.88505 2.88505 2.88505 2.88505 2.88505 2.88505 2.88505 2.88505 2.88505 2.88505 2.88505 2.88505 2.88505 2.88505 2.88505 2.88504 2.88504 2.88504 2.88504 2.88504 2.88504 2.88504 2.88504 2.88504 2.88504 2.88504 2.88504 2.88504 2.88504 2.88504 2.88504 2.88504 2.88504 2.88504 2.88504 2.88504 2.88504 2.88504 2.88504 2.88504 2.88504 2.88504 2.88504 2.88504 2.88504 2.88504 2.88504
2.88505 2.88505 2.88505 2.88505 2.88505 2.88505 2.86082 2.85078 0 1.14276 0 0 4.08001 6.67599 4.08001 2.88505 2.88505 2.88505 2.88505 2.88505 2.88505 2.88505 2.88505 2.88505 2.88505 2.88505 2.88505 2.88505 2.88505 2.88505 2.88505 2.88505 2.88505 2.88505 2.88505 2.88505 2.88505 2.88505 2.88505 2.88504 2.88504 2.88504 2.88504 2.88504 2.88504 2.88504 2.88504 2.88504 2.88504 2.88504 2.88504 2.88504 2.88504 2.88504 2.88504 2.88504 2.88504 2.88504 2.88504 2.88504 2.88504 2.88504 2.88504 2.88504 2.88504 2.88504 2.88504 2.88504 2.88504 2.88504 2.88504
2.88505 2.88505 2.88505 2.88505 2.88505 2.88505 2.88505 2.88505 2.88505 0 0 0 0 4.00896 6.96492 4.08001 2.88505 2.88505 2.88505 2.88505 2.88505 2.88505 2.88505 2.88505 2.88505 2.55469 2.88505 2.88505 2.88505 2.88505 2.88505 2.88505 2.88505 2.88505 2.88505 2.88505 2.88505 2.88505 2.88505 2.88504 2.88504 2.88504 2.88504 2.88504 2.88504 2.88504 2.88504 2.88504 2.88504 2.88504 2.88504 2.88504 2.88504 2.88504 2.88504 2.88504 2.88504 2.88504 2.88504 2.88504 2.88504 2.88504 2.88504 2.88504 2.88504 2.88504 2.88504 2.88504 2.88504 2.88504 2.88504
2.88505 2.88505 2.88505 2.88505 2.88505 2.88505 2.88505 2.88505 2.88505 0 0 0 4.08001 0 4.08001 6.73166 4.08001 2.88505 2.88505 2.88505 2.88505 2.88505 2.88505 2.88505 0 1.56355 2.88505 2.88505 2.88505 2.88505 2.88505 2.88505 2.88505 2.88505 2.88505 2.88505 2.88505 2.88505 2.88505 2.88504 2.88504 2.88504 2.88504 2.88504 2.88504 2.88504 2.88504 2.88504 2.88504 2.88504 2.88504 2.88504 2.88504 2.88504 2.88504 2.88504 2.88504 2.88504 2.88504 2.88504 2.88504 2.88504 2.88504 2.88504 2.88504 2.88504 2.88504 2.88504 2.88504 2.88504 2.88504
2.88505 2.88505 2.88505 2.88505 2.88505 2.88505 2.88505 2.88505 2.88505 0 0 0 2.88505 0 0 4.08001 6.96501 4.08001 2.88505 2.88505 2.88505 2.88505 2.88505 0 0.220905 2.52158 2.88505 2.88505 2.88505 2.88505 2.88505 2.88505 2.88505 2.88505 2.88505 2.88505 2.88505 2.88505 2.88505 2.88504 2.88504 2.88504 2.88504 2.88504 2.88504 2.88504 2.88504 2.88504 2.88504 2.88504 2.88504 2.88504 2.88504 2.88504 2.88504 2.88504 2.88504 2.88504 2.88504 2.88504 2.88504 2.88504 2.88504 2.88504 2.88504 2.88504 2.88504 2.88504 2.88504 2.88504 2.88504
