tests/full-run-ref/erosion_84_12_73.306.asc
ncols 512
nrows 512
xllcorner -3.24582
yllcorner -4.08743
cellsize 5
NODATA_value -99999
[rows 145 to 173 of 512, columns 134 to 200 of 512]
5.76993 5.76996 5.76991 5.77014 5.77015 5.77016 5.77015 5.76996 5.76999 5.77011 5.77013 5.77014 5.7701 5.77 5.76985 5.77015 5.77015 5.77016 5.77016 5.77013 5.76997 5.76993 5.76999 5.77 5.77 5.77 5.77 5.77 5.7699 5.76989 5.76982 5.77015 5.76994 5.76999 5.77015 5.77015 5.76985 5.77015 5.76983 5.76993 5.77007 5.77014 5.76999 5.77013 5.77014 5.76998 5.76998 5.76997 5.77 5.77 5.77011 5.77015 5.77007 5.77 5.76995 5.77003 5.77 5.77003 5.76997 5.76998 5.77015 5.76988 5.77 5.76987 5.77015 5.77 5.76994
5.76995 5.76992 5.77014 5.77015 5.77015 5.77015 5.76996 5.77001 5.77011 5.77013 5.77013 5.77011 5.77004 5.76996 5.77015 5.7699 5.77013 5.77016 5.77015 5.77002 5.76995 5.7701 5.7699 5.76997 5.76991 5.76995 5.77 5.7699 5.77009 5.77015 5.76988 5.77015 5.77014 5.77013 5.77016 5.76999 5.77004 5.76985 5.76996 5.76997 5.77002 5.77014 5.76997 5.77013 5.77015 5.77008 5.76999 5.77007 5.77 5.77009 5.76999 5.76997 5.76995 5.76998 5.76992 5.76997 5.76995 5.76997 5.77 5.76999 5.77013 5.76992 5.76995 5.7699 5.77015 5.77012 5.76986
5.76987 5.77015 5.77015 5.77015 5.77015 5.76996 5.77004 5.77012 5.77013 5.77013 5.7701 5.77 5.76998 5.77015 5.77015 5.76998 5.77013 5.77016 5.77016 5.7701 5.76993 5.76998 5.76997 5.76999 5.77008 5.76995 5.77014 5.77012 5.76995 5.76969 5.77013 5.76992 5.77 5.77015 5.77015 5.77013 5.77015 5.77009 5.7698 5.76999 5.77014 5.7701 5.76991 5.77002 5.77015 5.77014 5.77 5.76996 5.76992 5.76995 5.76987 5.77 5.77 5.77 5.76995 5.77005 5.76995 5.77 5.77 5.77004 5.77008 5.76994 5.77003 5.77008 5.77013 5.77015 5.77009
5.77011 5.77015 5.77015 5.77015 5.76995 5.77006 5.77012 5.77014 5.77013 5.77011 5.76999 5.76997 5.77012 5.77015 5.77013 5.77 5.77013 5.77016 5.77016 5.77013 5.76999 5.76999 5.76981 5.77014 5.77015 5.76994 5.77 5.7698 5.76999 5.76999 5.77015 5.77013 5.76977 5.77015 5.77015 5.77012 5.77015 5.77 5.77014 5.7698 5.77014 5.77006 5.76991 5.76999 5.77012 5.77015 5.76998 5.77 5.76992 5.77006 5.76987 5.77 5.76992 5.7699 5.76998 5.76998 5.76998 5.76998 5.77 5.77 5.7699 5.76999 5.76999 5.76998 5.77 5.77005 5.76998
5.76973 5.77011 5.76986 5.76994 5.76999 5.77011 5.77014 5.77013 5.77011 5.77001 5.76998 5.77008 5.77015 5.77015 5.77011 5.76998 5.77014 5.77015 5.77016 5.77015 5.77003 5.76999 5.76999 5.76954 5.77009 5.77015 5.77013 5.77001 5.76971 5.77014 5.77015 5.77 5.77015 5.7701 5.77015 5.76999 5.7701 5.76995 5.7699 5.76999 5.77014 5.76999 5.76993 5.76999 5.77 5.77015 5.77 5.77 5.76993 5.76992 5.76991 5.77 5.7699 5.77006 5.77008 5.76995 5.77004 5.76994 5.76999 5.76999 5.76996 5.76995 5.76998 5.76997 5.77012 5.76999 5.76996
5.76996 5.7699 5.77 5.76995 5.77009 5.77013 5.77014 5.77011 5.76999 5.76998 5.77008 5.77014 5.77015 5.77006 5.76993 5.77015 5.76997 5.77013 5.77016 5.77016 5.77009 5.76991 5.77 5.76996 5.76997 5.76989 5.77012 5.76991 5.77015 5.76994 5.76984 5.77013 5.77015 5.77014 5.77015 5.77014 5.76998 5.77015 5.77011 5.7699 5.77006 5.77011 5.76997 5.76993 5.77007 5.77015 5.77009 5.76999 5.77 5.77 5.76984 5.77 5.76998 5.77 5.76996 5.76995 5.76996 5.76995 5.77001 5.76998 5.77 5.77012 5.76998 5.77 5.77014 5.77 5.77014
5.77 5.77 5.76997 5.77006 5.77013 5.77013 5.77012 5.77003 5.76998 5.77007 5.77014 5.77016 5.77012 5.7699 5.76981 5.77015 5.76998 5.77011 5.77016 5.77016 5.77013 5.76999 5.76997 5.76966 5.77 5.7699 5.76996 5.77 5.76991 5.77015 5.76997 5.76997 5.77016 5.76999 5.77015 5.77014 5.76999 5.77015 5.76999 5.76984 5.77013 5.77014 5.76994 5.77 5.77003 5.77014 5.77015 5.77 5.76999 5.76996 5.77012 5.77 5.77014 5.76996 5.76989 5.77015 5.76989 5.76999 5.76989 5.76984 5.77 5.76994 5.76999 5.77012 5.76996 5.76997 5.77014
5.76998 5.76999 5.77 5.77013 5.77013 5.77011 5.76999 5.76998 5.7701 5.77015 5.77015 5.77014 5.77009 5.7698 5.77014 5.77015 5.76998 5.77012 5.77016 5.77016 5.77015 5.77002 5.76992 5.77014 5.77015 5.77015 5.77015 5.77015 5.77014 5.77016 5.77006 5.77011 5.77015 5.77 5.77015 5.77015 5.77014 5.77015 5.76999 5.76997 5.76995 5.76981 5.76992 5.76999 5.76991 5.76983 5.77015 5.77012 5.76998 5.77006 5.76983 5.77 5.76983 5.76993 5.76999 5.76999 5.77 5.77 5.76988 5.77009 5.76993 5.77 5.76994 5.77 5.77012 5.76994 5.77014
5.77012 5.77013 5.77013 5.77011 5.77006 5.76998 5.76998 5.77011 5.77014 5.77015 5.77011 5.76996 5.76988 5.77015 5.77014 5.7701 5.77015 5.77008 5.77015 5.77016 5.77016 5.77011 5.76998 5.76993 5.76988 5.76982 5.76991 5.76984 5.76991 5.7701 5.76997 5.77014 5.77015 5.76995 5.77015 5.77015 5.76998 5.77015 5.76999 5.76997 5.77012 5.76988 5.77002 5.76998 5.77 5.76988 5.77009 5.77014 5.76999 5.76995 5.76998 5.77 5.76988 5.76994 5.76997 5.77013 5.76999 5.76993 5.76997 5.76993 5.76995 5.76997 5.76994 5.77007 5.76999 5.77008 5.77015
5.77008 5.77 5.76998 5.77 5.76997 5.77001 5.76998 5.76999 5.77015 5.77014 5.77 5.76993 5.76982 5.77015 5.76989 5.76999 5.77014 5.76987 5.77009 5.77016 5.77016 5.77014 5.76998 5.76996 5.76998 5.77 5.76997 5.76999 5.77015 5.76997 5.76997 5.77014 5.77015 5.77014 5.76988 5.77015 5.76992 5.77008 5.77014 5.76997 5.77001 5.76991 5.76993 5.76989 5.76992 5.76989 5.76997 5.77015 5.76999 5.76998 5.76995 5.76999 5.77 5.77015 5.77002 5.7699 5.76993 5.76993 5.77009 5.76991 5.76997 5.77003 5.76996 5.76992 5.77007 5.77011 5.77013
5.76999 5.76998 5.76993 5.76999 5.76997 5.76994 5.77001 5.77011 5.77014 5.76978 5.77012 5.77015 5.77012 5.76989 5.77012 5.76993 5.76999 5.76999 5.76992 5.77014 5.77016 5.77015 5.7701 5.76999 5.77013 5.77014 5.77012 5.77011 5.77015 5.76993 5.76999 5.77011 5.77016 5.77015 5.76994 5.76983 5.77013 5.77 5.76998 5.77005 5.77011 5.76999 5.76993 5.77013 5.76997 5.77011 5.76998 5.77002 5.77015 5.77011 5.76999 5.77005 5.76994 5.76985 5.76988 5.76999 5.77 5.76997 5.76998 5.76997 5.76996 5.76997 5.76999 5.77006 5.76999 5.76994 5.76995
5.76987 5.76997 5.77012 5.76998 5.76997 5.77015 5.77015 5.77015 5.77011 5.76992 5.76999 5.77015 5.76998 5.76998 5.76992 5.77013 5.77002 5.77011 5.76993 5.77012 5.77016 5.77016 5.77015 5.77015 5.77016 5.77016 5.77016 5.77014 5.76987 5.76997 5.77011 5.77015 5.77016 5.77014 5.76989 5.77003 5.77013 5.76994 5.77014 5.77015 5.77013 5.76998 5.76998 5.76985 5.76999 5.76983 5.76994 5.76999 5.77008 5.77015 5.77007 5.76998 5.76997 5.77001 5.76999 5.76999 5.76994 5.76992 5.77 5.76996 5.76999 5.77006 5.76998 5.76989 5.77012 5.77003 5.77011
5.77007 5.76996 5.76994 5.76996 5.77015 5.77015 5.76996 5.76996 5.76994 5.7701 5.77014 5.77015 5.7701 5.77 5.76999 5.77011 5.77015 5.77015 5.77008 5.76987 5.77014 5.77016 5.77016 5.77015 5.77007 5.76999 5.77015 5.77016 5.77013 5.76998 5.77015 5.77016 5.77015 5.77 5.77015 5.77016 5.77015 5.77009 5.76994 5.77015 5.77012 5.76999 5.76997 5.76993 5.76993 5.76993 5.76999 5.76995 5.76998 5.77009 5.77015 5.76999 5.76994 5.76986 5.76981 5.77 5.77008 5.77015 5.77015 5.77007 5.77007 5.76998 5.77 5.76998 5.76995 5.77 5.76991
5.7701 5.76998 5.76998 5.77013 5.77 5.77012 5.76999 5.77014 5.77014 5.76993 5.77012 5.77015 5.77016 5.77015 5.77015 5.77015 5.77012 5.77015 5.77015 5.76997 5.76984 5.77015 5.77016 5.77016 5.77016 5.77016 5.76994 5.77016 5.77012 5.77015 5.77016 5.77016 5.76999 5.77014 5.77016 5.7701 5.77014 5.77013 5.76986 5.77015 5.77015 5.77005 5.77015 5.77014 5.77 5.76998 5.77013 5.7699 5.76995 5.76997 5.77015 5.77009 5.76999 5.77007 5.77014 5.77015 5.77015 5.76999 5.7701 5.76999 5.76998 5.76999 5.77 5.77 5.76983 5.77014 5.76997
5.77011 5.76999 5.76997 5.77009 5.77015 5.77014 5.77016 5.77015 5.76997 5.77014 5.76994 5.76998 5.77008 5.77014 5.7698 5.7699 5.76991 5.76998 5.77015 5.77015 5.77004 5.76982 5.77012 5.77016 5.77015 5.76999 5.77016 5.76968 5.7699 5.77014 5.77016 5.77016 5.77012 5.77016 5.77012 5.76999 5.76995 5.76993 5.77 5.76995 5.77015 5.76992 5.76995 5.76987 5.77014 5.76987 5.76996 5.76995 5.77 5.76989 5.76999 5.77015 5.77016 5.77015 5.77001 5.76999 5.76999 5.77009 5.76996 5.77 5.77 5.76995 5.76998 5.77001 5.7699 5.76991 5.76991
5.76998 5.76997 5.76998 5.76993 5.77014 5.77014 5.77009 5.77011 5.76999 5.77015 5.76991 5.77014 5.77015 5.76987 5.76999 5.77013 5.77015 5.76989 5.77005 5.77016 5.77008 5.76997 5.77014 5.77016 5.77016 5.77016 5.76973 5.76998 5.76982 5.77012 5.77016 5.77016 5.77015 5.77016 5.77015 5.76989 5.77015 5.77015 5.77011 5.77004 5.76985 5.7701 5.77013 5.77 5.76989 5.77014 5.76991 5.77008 5.76994 5.76997 5.7701 5.77013 5.77 5.7701 5.76999 5.76999 5.76999 5.76999 5.76996 5.76999 5.77014 5.7701 5.77004 5.76998 5.76999 5.76996 5.76991
5.76992 5.77 5.77001 5.76992 5.77013 5.77 5.76993 5.76998 5.76987 5.77015 5.76996 5.76999 5.77016 5.76984 5.7699 5.77015 5.77016 5.77012 5.76996 5.77016 5.77014 5.77002 5.76989 5.7701 5.77014 5.76977 5.76987 5.76997 5.77007 5.77015 5.77016 5.77015 5.77009 5.77016 5.77015 5.77014 5.77 5.77015 5.77015 5.76999 5.76988 5.77014 5.77015 5.77013 5.76998 5.76998 5.77012 5.7699 5.76998 5.77002 5.77014 5.76994 5.76998 5.77 5.76991 5.76997 5.76991 5.77014 5.77 5.7701 5.76998 5.76999 5.76999 5.76996 5.77 5.76984 5.77012
5.7699 5.76998 5.76998 5.76988 5.77015 5.76998 5.77013 5.76976 5.76988 5.77015 5.7701 5.77014 5.77016 5.77008 5.76995 5.77012 5.77016 5.77015 5.77009 5.77016 5.77016 5.77015 5.77015 5.76984 5.76986 5.77015 5.77008 5.76987 5.76997 5.77015 5.77016 5.77015 5.76999 5.77015 5.77012 5.77015 5.77012 5.77003 5.77015 5.77013 5.76998 5.77014 5.76999 5.77015 5.77015 5.77 5.76999 5.76996 5.77006 5.76979 5.77011 5.77 5.77007 5.76999 5.77009 5.77015 5.77012 5.76994 5.76995 5.76997 5.76998 5.76992 5.76995 5.77 5.77 5.7699 5.76995
5.76999 5.76998 5.77007 5.76998 5.76986 5.77002 5.77015 5.77013 5.76998 5.77015 5.76996 5.77004 5.77016 5.77013 5.76995 5.77015 5.77016 5.77008 5.77006 5.77015 5.77008 5.77015 5.7701 5.76994 5.77007 5.77015 5.77013 5.76981 5.76983 5.77012 5.77016 5.77014 5.76998 5.77016 5.76992 5.77016 5.77015 5.77015 5.77015 5.77014 5.76994 5.77003 5.76998 5.76996 5.77011 5.77014 5.77 5.77013 5.76998 5.77013 5.76983 5.76993 5.77012 5.77012 5.77 5.76997 5.76997 5.76998 5.37341 5.1118 4.9961 5.77008 5.76992 5.77 5.77 5.76999 5.76979
5.77009 5.76996 5.76992 5.77015 5.77013 5.7699 5.77015 5.77013 5.76996 5.76992 5.76999 5.77011 5.77016 5.77014 5.76993 5.77015 5.77016 5.77015 5.77013 5.77008 5.77013 5.77015 5.76999 5.76996 5.77013 5.77015 5.77009 5.76992 5.76999 5.77015 5.77016 5.77015 5.77011 5.76993 5.76993 5.77015 5.76986 5.77005 5.76998 5.76997 5.77015 5.77015 5.77014 5.77015 5.76987 5.76999 5.76972 5.76999 5.77 5.77013 5.76995 5.76999 5.77 5.76998 5.76999 5.38739 5.12159 5.33562 5.10367 6.6028 4.56176 5.76988 5.76992 5.76994 5.76999 5.77001 5.76979
5.77004 5.77 5.77001 5.77015 5.77007 5.76988 5.77015 5.77015 5.77004 5.76997 5.76999 5.77014 5.77016 5.77007 5.76999 5.77008 5.77016 5.77002 5.77009 5.77015 5.77015 5.77015 5.77014 5.76999 5.76988 5.77016 5.76989 5.76996 5.77012 5.77016 5.77016 5.77015 5.76997 5.77016 5.77014 5.76972 5.77013 5.77015 5.77015 5.77013 5.77013 5.77012 5.77 5.77008 5.77 5.77 5.76999 5.76982 5.77014 5.76997 5.76998 5.77012 5.76988 5.76993 5.76995 5.08927 6.6676 4.04825 4.4444 3.69772 4.40828 5.76989 5.77004 5.76985 5.76998 5.76996 5.76997
5.76997 5.76988 5.77008 5.77015 5.76996 5.77014 5.77016 5.77015 5.76983 5.76994 5.77009 5.77015 5.77016 5.77013 5.76997 5.77013 5.77016 5.77014 5.76995 5.7699 5.77016 5.77015 5.76996 5.77003 5.77011 5.77015 5.7701 5.77004 5.77015 5.77016 5.77015 5.7699 5.77015 5.77013 5.77015 5.77015 5.77016 5.77016 5.77015 5.77014 5.76981 5.76988 5.77014 5.76972 5.76989 5.76998 5.76999 5.77004 5.77014 5.77 5.76989 5.7701 5.76991 5.77008 5.7698 4.03664 3.55165 4.2331 5.77001 5.76996 5.77 5.76989 5.76999 5.76986 5.77 5.76999 5.77
5.77 5.76989 5.76996 5.77015 5.77 5.77015 5.77016 5.77014 5.76987 5.76999 5.77014 5.77016 5.77015 5.7701 5.76993 5.77015 5.77016 5.77015 5.76993 5.77013 5.77015 5.7701 5.76989 5.76986 5.77014 5.77016 5.77014 5.76999 5.77015 5.77016 5.76995 5.77015 5.76988 5.76994 5.76997 5.77 5.77013 5.77015 5.77006 5.76998 5.76992 5.76999 5.76976 5.77013 5.76999 5.77006 5.77013 5.77014 5.76996 5.76993 5.77014 5.76981 5.76991 5.76987 5.76983 5.77 5.77 5.76997 2.59897 1.72998 2.99649 5.7699 5.77004 5.76987 5.77 5.76999 5.76996
5.76994 5.76991 5.76996 5.76995 5.77015 5.76996 5.77016 5.77014 5.76992 5.77011 5.77016 5.77016 5.77014 5.77006 5.76974 5.77014 5.77014 5.76986 5.77015 5.76993 5.77016 5.77015 5.76999 5.76991 5.77014 5.77016 5.7701 5.76997 5.77015 5.77016 5.76997 5.77016 5.77006 5.76992 5.77015 5.77015 5.77016 5.77015 5.77015 5.77015 5.77002 5.76997 5.77004 5.76989 5.77014 5.77013 5.76999 5.76998 5.76997 5.77 5.76995 5.76985 5.77005 5.76989 5.77 5.76999 5.76999 5.77 1.88935 7.37866 2.01413 5.76994 5.76989 5.76992 5.76999 5.76999 5.76995
5.77008 5.76997 5.76996 5.77015 5.76999 5.77015 5.77016 5.77014 5.77 5.77014 5.77016 5.77015 5.76995 5.76989 5.76997 5.76975 5.76993 5.77 5.76993 5.77012 5.77015 5.77015 5.77015 5.76997 5.77013 5.77015 5.77014 5.76994 5.77015 5.77005 5.77015 5.77016 5.77013 5.77015 5.76991 5.77012 5.77015 5.77001 5.77013 5.77014 5.76977 5.77002 5.76996 5.77014 5.77013 5.76999 5.76999 5.76986 5.77001 5.7701 5.76994 5.76994 5.76992 5.76992 5.77 5.77 5.77 5.77 2.63611 1.60763 1.69397 5.77 5.77 5.76999 5.77 5.76999 5.76997
5.77005 5.76997 5.77006 5.77015 5.77008 5.77015 5.77016 5.77012 5.76991 5.77015 5.77016 5.77012 5.76991 5.76999 5.76997 5.77009 5.76975 5.76998 5.77 5.76992 5.7701 5.76995 5.77015 5.77015 5.76995 5.77015 5.77006 5.76993 5.77015 5.77015 5.77016 5.77016 5.77015 5.77 5.76998 5.77009 5.77015 5.76998 5.76998 5.76999 5.77015 5.77012 5.77015 5.77012 5.76999 5.76999 5.76982 5.76999 5.77014 5.76991 5.76992 5.77 5.76997 5.7698 5.76981 5.7699 5.76992 5.77 5.77 5.77 5.76999 5.77 5.77 5.77 5.76999 5.77 5.76999
5.77006 5.76996 5.77 5.77014 5.77014 5.77016 5.77015 5.76998 5.76984 5.77016 5.77016 5.7701 5.77014 5.76988 5.76995 5.77014 5.76988 5.77013 5.76995 5.76996 5.76997 5.76997 5.77012 5.77015 5.76994 5.77015 5.77014 5.76996 5.77014 5.77016 5.77016 5.77014 5.77015 5.77015 5.77014 5.76999 5.77015 5.77015 5.77015 5.77014 5.76995 5.77013 5.76999 5.7701 5.76977 5.7698 5.76999 5.77014 5.76999 5.76994 5.76997 5.76989 5.76989 5.77013 5.76989 5.77005 5.76993 5.76992 5.76978 5.76981 5.77 5.77 5.76996 5.76993 5.76987 5.7698 5.76983
5.76999 5.76994 5.76997 5.77014 5.77 5.7701 5.77015 5.76994 5.77015 5.77016 5.77015 5.77016 5.77015 5.76964 5.76999 5.76999 5.77015 5.57256 5.63858 5.64085 5.76998 5.76999 5.77006 5.76999 5.77013 5.77016 5.77006 5.76995 5.77013 5.77015 5.77014 5.77004 5.76989 5.77006 5.77016 5.77015 5.76985 5.77014 5.77002 5.77013 5.77012 5.76998 5.77015 5.76976 5.76999 5.76975 5.77015 5.7699 5.76997 5.7699 5.76989 5.77012 5.76994 5.76991 5.76976 5.76985 5.7699 5.76996 5.7701 5.76982 5.77 5.77 5.76997 5.77006 5.76998 5.77013 5.76999
5.77011 5.76995 5.76997 5.76987 5.77014 5.77016 5.77015 5.77006 5.77014 5.77016 5.77013 5.77 5.77016 5.77012 5.76999 5.77012 5.77015 5.76528 6.1579 5.74274 5.77015 5.77014 5.76993 5.76995 5.77014 5.77016 5.77013 5.76997 5.77014 5.77012 5.77005 5.76991 5.77015 5.76995 5.77015 5.77014 5.77006 5.76994 5.76998 5.77014 5.77 5.77014 5.76985 5.77 5.76973 5.77012 5.76999 5.77008 5.76998 5.77012 5.76993 5.76986 5.76991 5.77007 5.76984 5.77 5.77 5.76984 5.76989 5.76986 5.77 5.77 5.76993 5.76997 5.76988 5.76988 5.76991
