tests/full-run-ref/erosion_2010_78_20_-12.873.asc
ncols 512
nrows 512
xllcorner -3.24582
yllcorner -4.08743
cellsize 5
NODATA_value -99999
[rows 150 to 179 of 512, columns 0 to 66 of 512]
18.01 15.125 12.24 11.045 8.16001 6.96501 4.08001 2.885 2.885 2.885 2.885 2.885 2.885 2.885 2.885 2.885 2.885 2.88501 2.88501 2.88501 2.88501 2.88501 2.88501 2.88501 4.08001 6.96501 8.16001 19.205 16.32 15.125 12.24 11.045 8.16001 6.96501 4.08001 2.88512 2.88512 2.88512 2.88512 2.88512 2.88512 2.88512 2.88512 2.88512 2.88511 2.88511 2.88511 2.88511 2.88511 2.88511 2.88511 2.88511 2.88511 2.88511 2.88511 2.88511 2.88511 2.88511 2.88511 2.88511 2.88511 2.88511 2.88511 2.88511 2.88511 2.88511 2.88511
19.205 16.32 15.125 12.24 11.045 8.16001 5.77 2.885 2.885 2.885 2.885 2.885 2.885 2.885 2.885 2.885 2.885 2.88501 2.88501 2.88501 2.88501 2.88501 2.88501 2.88501 5.77 8.16001 16.32 16.32 15.125 12.24 11.045 8.16001 6.96501 4.08001 2.88512 2.88512 2.88512 2.88512 2.88512 2.88512 2.88512 2.88512 2.88512 2.88512 2.88511 2.88511 2.88511 2.88511 2.88511 2.88511 2.88511 2.88511 2.88511 2.88511 2.88511 2.88511 2.88511 2.88511 2.88511 2.88511 2.88511 2.88511 2.88511 2.88511 2.88511 2.88511 2.88511
20.4 19.205 16.32 15.125 12.24 9.85001 6.96501 4.08001 2.885 2.885 2.885 2.885 2.885 2.885 2.885 2.885 2.885 2.88501 2.88501 2.88501 2.88501 2.88501 2.88501 4.08001 6.96501 12.24 16.32 15.125 12.24 11.045 8.16001 6.96501 4.08001 2.88512 2.88512 2.88512 2.88512 2.88512 2.88512 2.88512 2.88512 2.88512 2.88512 2.88512 2.88512 2.88511 2.88511 2.88511 2.88511 2.88511 2.88511 2.88511 2.88511 2.88511 2.88511 2.88511 2.88511 2.88511 2.88511 2.88511 2.88511 2.88511 2.88511 2.88511 2.88511 2.88511 2.88511
23.285 20.4 19.205 16.32 13.93 11.045 8.16001 6.96501 4.08001 2.88501 2.88501 2.88501 2.88501 2.88501 2.88501 2.88501 2.88501 2.88501 2.88501 2.88501 2.88501 2.88501 4.08001 6.96501 8.16001 16.32 15.125 12.24 11.045 8.16001 6.96501 4.08001 2.88512 2.88512 2.88512 2.88512 2.88512 2.88512 2.88512 2.88512 2.88512 2.88512 2.88512 2.88512 2.88512 2.88512 2.88511 2.88511 2.88511 2.88511 2.88511 2.88511 2.88511 2.88511 2.88511 2.88511 2.88511 2.88511 2.88511 2.88511 2.88511 2.88511 2.88511 2.88511 2.88511 2.88511 2.88511
23.285 20.4 18.01 15.125 12.24 9.85001 6.96501 4.08001 2.88501 2.88501 2.88501 2.88501 2.88501 2.88501 2.88501 2.88501 2.88501 2.88501 2.88501 2.88501 2.88501 4.08001 6.96501 8.16001 16.32 15.125 12.24 11.045 8.16001 6.96501 4.08001 2.88512 2.88512 2.88512 2.88512 2.88512 2.88512 2.88512 2.88512 2.88512 2.88512 2.88512 2.88512 2.88512 2.88512 2.88512 2.88511 2.88511 2.88511 2.88511 2.88511 2.88511 2.88511 2.88511 2.88511 2.88511 2.88511 2.88511 2.88511 2.88511 2.88511 2.88511 2.88511 2.88511 2.88511 2.88511 2.88511
22.09 19.205 16.32 13.93 11.045 8.16001 5.77 2.88501 2.88501 2.88501 2.88501 2.88501 2.88501 2.88501 2.88501 2.88501 2.88501 2.88501 2.88501 2.88501 4.08001 6.96501 8.16001 16.32 15.125 12.24 11.045 8.16001 6.96501 4.08001 2.88512 2.88512 2.88512 2.88512 2.88512 2.88512 2.88512 2.88512 2.88512 2.88512 2.88512 2.88512 2.88512 2.88512 2.88512 2.88512 2.88512 2.88511 2.88511 2.88511 2.88511 2.88511 2.88511 2.88511 2.88511 2.88511 2.88511 2.88511 2.88511 2.88511 2.88511 2.88511 2.88511 2.88511 2.88511 2.88511 2.88511
15.125 16.32 15.125 12.24 9.85001 6.96501 4.08001 2.88501 2.88501 2.88501 2.88501 2.88501 2.88501 2.88501 2.88501 2.88501 2.88501 2.88501 2.88501 4.08001 6.96501 8.16001 16.32 15.125 12.24 11.045 8.16001 6.96501 4.08001 2.88512 2.88512 2.88512 2.88512 2.88512 2.88512 2.88512 2.88512 2.88512 2.88512 2.88512 2.88512 2.88512 2.88512 2.88512 2.88512 2.88512 2.88512 2.88512 2.88511 2.88511 2.88511 2.88511 2.88511 2.88511 2.88511 2.88511 2.88511 2.88511 2.88511 2.88511 2.88511 2.88511 2.88511 2.88511 2.88511 2.88511 2.88511
12.24 11.045 12.24 11.045 8.16001 5.77 2.88501 2.88501 2.88501 2.88501 2.88501 2.88501 2.88501 2.88501 4.08001 4.08001 2.88501 4.08001 6.16001 6.96501 8.16001 16.32 15.125 12.24 11.045 8.16001 6.96501 4.08001 2.88512 2.88512 2.88512 2.88512 2.88512 2.88512 2.88512 2.88512 2.88512 2.88512 2.88512 2.88512 2.88512 2.88512 2.88512 2.88512 2.88512 2.88512 2.88512 2.88512 2.88511 2.88511 2.88511 2.88511 2.88511 2.88511 2.88511 2.88511 2.88511 2.88511 2.88511 2.88511 2.88511 2.88511 2.88511 2.88511 2.88511 2.88511 2.88511
11.045 8.16001 6.96501 5.77 5.77 4.08001 2.88501 2.88501 2.88501 2.88501 2.88501 2.88501 2.88501 4.08001 6.96501 6.96501 6.16001 6.96501 8.16001 12.24 16.32 15.125 12.24 11.045 8.16001 6.96501 4.08001 2.88512 2.88512 2.88512 2.88512 2.88512 2.88512 2.88512 2.88512 2.88512 2.88512 2.88512 2.88512 2.88512 2.88512 2.88512 2.88512 2.88512 2.88512 2.88512 2.88512 2.88512 2.88512 2.88511 2.88511 2.88511 2.88511 2.88511 2.88511 2.88511 2.88511 2.88511 2.88511 2.88511 2.88511 2.88511 2.88511 2.88511 2.88511 2.88511 2.88511
9.85001 6.96501 4.08001 2.88501 2.88501 2.88501 2.88501 2.88501 2.88501 2.88501 2.88501 2.88501 4.08001 6.96501 8.16001 10.24 11.045 12.24 16.32 16.32 15.125 12.24 11.045 8.16001 6.96501 4.08001 2.88512 2.88512 2.88512 2.88512 2.88512 2.88512 2.88512 2.88512 2.88512 2.88512 2.88512 2.88512 2.88512 2.88512 2.88512 2.88512 2.88512 2.88512 2.88512 2.88512 2.88512 2.88512 2.88512 2.88512 2.88511 2.88511 2.88511 2.88511 2.88511 2.88511 2.88511 2.88511 2.88511 2.88511 2.88511 2.88511 2.88511 2.88511 2.88511 2.88511 2.88511
11.045 5.77 2.88501 2.88501 2.88501 2.88501 2.88501 2.88501 2.88501 2.88501 2.88501 4.08001 6.96501 8.16001 18.01 20.4 19.205 19.205 16.32 15.125 12.24 11.045 8.16001 6.96501 4.08001 2.88512 2.88512 2.88512 2.88512 2.88512 2.88512 2.88512 2.88512 2.88512 2.88512 2.88512 2.88512 2.88512 2.88512 2.88512 2.88512 2.88512 2.88512 2.88512 2.88512 2.88512 2.88512 2.88512 2.88512 2.88512 2.88511 2.88511 2.88511 2.88511 2.88511 2.88511 2.88511 2.88511 2.88511 2.88511 2.88511 2.88511 2.88511 2.88511 2.88511 2.88511 2.88511
9.85001 6.96501 4.08001 2.88501 2.88501 2.88501 2.88501 4.08001 4.08001 6.96501 4.08001 6.96501 8.16001 22.09 23.285 20.4 19.205 16.32 15.125 12.24 11.045 8.16001 6.96501 4.08001 2.88512 2.88512 2.88512 2.88512 2.88512 2.88512 2.88512 2.88512 2.88512 2.88512 2.88512 2.88512 2.88512 2.88512 2.88512 2.88512 2.88512 2.88512 2.88512 2.88512 2.88512 2.88512 2.88512 2.88512 2.88512 2.88512 2.88511 2.88511 2.88511 2.88511 2.88511 2.88511 2.88511 2.88511 2.88511 2.88511 2.88511 2.88511 2.88511 2.88511 2.88511 2.88511 2.88511
11.045 8.16001 6.96501 4.08001 2.88501 4.08001 4.08001 6.96501 8.16001 8.16001 11.045 8.16001 24.48 23.285 20.4 19.205 16.32 15.125 12.24 11.045 8.16001 6.96501 4.08001 2.88512 2.88512 2.88512 2.88512 2.88512 2.88512 2.88512 2.88512 2.88512 2.88512 2.88512 2.88512 2.88512 2.88512 2.88512 2.88512 2.88512 2.88512 2.88512 2.88512 2.88512 2.88512 2.88512 2.88512 2.88512 2.88512 2.88512 2.88511 2.88511 2.88511 2.88511 2.88511 2.88511 2.88511 2.88511 2.88511 2.88511 2.88511 2.88511 2.88511 2.88511 2.88511 2.88511 2.88511
12.24 11.045 8.16001 6.96501 6.16001 6.96501 8.16001 8.16001 11.045 15.125 12.24 24.48 23.285 20.4 19.205 16.32 15.125 12.24 11.045 8.16001 6.96501 4.08001 2.88512 2.88512 2.88512 2.88512 2.88512 2.88512 2.88512 2.88512 2.88512 2.88512 2.88512 2.88512 2.88512 2.88512 2.88512 2.88512 2.88512 2.88512 2.88512 2.88512 2.88512 2.88512 2.88512 2.88512 2.88512 2.88512 2.88512 2.88512 2.88511 2.88511 2.88511 2.88511 2.88511 2.88511 2.88511 2.88511 2.88511 2.88511 2.88511 2.88511 2.88511 2.88511 2.88511 2.88511 2.88511
16.32 16.32 23.78 20.895 18.01 15.125 17.205 15.125 19.205 16.32 24.48 23.285 20.4 19.205 16.32 15.125 12.24 11.045 8.16001 6.96501 4.08001 2.88512 2.88512 2.88512 2.88512 2.88512 2.88512 2.88512 2.88512 2.88512 2.88512 2.88512 2.88512 2.88512 2.88512 2.88512 2.88512 2.88512 2.88512 2.88512 2.88512 2.88512 2.88512 2.88512 2.88512 2.88512 2.88512 2.88512 2.88512 2.88512 2.88511 2.88511 2.88511 2.88511 2.88511 2.88511 2.88511 2.88511 2.88511 2.88511 2.88511 2.88511 2.88511 2.88511 2.88511 2.88511 2.88511
37.71 34.825 31.94 29.055 26.17 23.285 20.4 23.285 20.4 24.48 23.285 20.4 19.205 16.32 15.125 12.24 11.045 8.16001 6.96501 4.08001 2.88512 2.88512 2.88512 2.88512 2.88512 2.88512 2.88512 2.88512 2.88512 2.88512 2.88512 2.88512 2.88512 2.88512 2.88512 2.88512 2.88512 2.88512 2.88512 2.88512 2.88512 2.88512 2.88512 2.88512 2.88512 2.88512 2.88512 2.88512 2.88512 2.88512 2.88511 2.88511 2.88511 2.88511 2.88511 2.88511 2.88511 2.88511 2.88511 2.88511 2.88511 2.88511 2.88511 2.88511 2.88511 2.88511 2.88511
40.8001 39.6051 36.7201 35.5251 32.6401 31.445 28.56 27.365 24.48 23.285 20.4 19.205 16.32 15.125 12.24 11.045 8.16001 6.96501 4.08001 2.88512 2.88512 2.88512 2.88512 2.88512 2.88512 2.88512 2.88512 2.88512 2.88512 2.88512 2.88512 2.88512 2.88512 2.88512 2.88512 2.88512 2.88512 2.88512 2.88512 2.88512 2.88512 2.88512 2.88512 2.88512 2.88512 2.88512 2.88512 2.88512 2.88512 2.88512 2.88511 2.88511 2.88511 2.88511 2.88511 2.88511 2.88511 2.88511 2.88511 2.88511 2.88511 2.88511 2.88511 2.88511 2.88511 2.88511 2.88511
39.6051 36.7201 35.5251 32.6401 31.445 28.56 27.365 24.48 23.285 20.4 19.205 16.32 15.125 12.24 11.045 8.16001 6.96501 4.08001 2.88512 2.88512 2.88512 2.88512 2.88512 2.88512 2.88512 2.88512 2.88512 2.88512 2.88512 2.88512 2.88512 2.88512 2.88512 2.88512 2.88512 2.88512 2.88512 2.88512 2.88512 2.88512 2.88512 2.88512 2.88512 2.88512 2.88512 2.88512 2.88512 2.88512 2.88512 2.88512 2.88511 2.88511 2.88511 2.88511 2.88511 2.88511 2.88511 2.88511 2.88511 2.88511 2.88511 2.88511 2.88511 2.88511 2.88511 2.88511 2.88511
36.7201 35.525 32.64 31.445 28.56 27.365 24.48 23.285 20.4 19.205 16.32 15.125 12.24 11.045 8.16001 6.96501 4.08001 2.88512 2.88512 2.88512 2.88512 2.88512 2.88512 2.88512 2.88512 2.88512 2.88512 2.88512 2.88512 2.88512 2.88512 2.88512 2.88512 2.88512 2.88512 2.88512 2.88512 2.88512 2.88512 2.88512 2.88512 2.88512 2.88512 2.88512 2.88512 2.88512 2.88512 2.88512 2.88512 2.88512 2.88511 2.88511 2.88511 2.88511 2.88511 2.88511 2.88511 2.88511 2.88511 2.88511 2.88511 2.88511 2.88511 2.88511 2.88511 2.88511 2.88511
35.525 32.64 31.445 28.56 27.365 24.48 23.285 20.4 19.205 16.32 15.125 12.24 11.045 8.16001 6.96501 4.08001 2.88512 2.88512 2.88512 2.88512 2.88512 2.88512 2.88512 2.88512 2.88512 2.88512 2.88512 2.88512 2.88512 2.88512 2.88512 2.88512 2.88512 2.88512 2.88512 2.88512 2.88512 2.88512 2.88512 2.88512 2.88512 2.88512 2.88512 2.88512 2.88512 2.88512 2.88512 2.88512 2.88512 2.88512 2.88511 2.88511 2.88511 2.88511 2.88511 2.88511 2.88511 2.88511 2.88511 2.88511 2.88511 2.88511 2.88511 2.88511 2.88511 2.88511 2.88511
32.64 31.445 28.56 27.365 24.48 23.285 20.4 19.205 16.32 15.125 12.24 11.045 8.16001 6.96501 4.08001 2.88512 2.88512 2.88512 2.88512 2.88512 2.88512 2.88512 2.88512 2.88512 2.88512 2.88512 2.88512 2.88512 2.88512 2.88512 2.88512 2.88512 2.88512 2.88512 2.88512 2.88512 2.88512 2.88512 2.88512 2.88512 2.88512 2.88512 2.88512 2.88512 2.88512 2.88512 2.88512 2.88512 2.88512 2.88512 2.88511 2.88511 2.88511 2.88511 2.88511 2.88511 2.88511 2.88511 2.88511 2.88511 2.88511 2.88511 2.88511 2.88511 2.88511 2.88511 2.88511
31.445 28.56 27.365 24.48 23.285 20.4 19.205 16.32 15.125 12.24 11.045 8.16001 6.96501 4.08001 2.88512 2.88512 2.88512 2.88512 2.88512 2.88512 2.88512 2.88512 2.88512 2.88512 2.88512 2.88512 2.88512 2.88512 2.88512 2.88512 2.88512 2.88512 2.88512 2.88512 2.88512 2.88512 2.88512 2.88512 2.88512 2.88512 2.88512 2.88512 2.88512 2.88512 2.88512 2.88512 2.88512 2.88512 2.88512 2.88512 2.88511 2.88511 2.88511 2.88511 2.88511 2.88511 2.88511 2.88511 2.88511 2.88511 2.88511 2.88511 2.88511 2.88511 2.88511 2.88511 2.88511
28.56 27.365 24.48 23.285 20.4 19.205 16.32 15.125 12.24 11.045 8.16001 6.96501 4.08001 2.88512 2.88512 2.88512 2.88512 2.88512 2.88512 2.88512 2.88512 2.88512 2.88512 2.88512 2.88512 2.88512 2.88512 2.88512 2.88512 2.88512 2.88512 2.88512 2.88512 2.88512 2.88512 2.88512 2.88512 2.88512 2.88512 2.88512 2.88512 2.88512 2.88512 2.88512 2.88512 2.88512 2.88512 2.88512 2.88512 2.88512 2.88511 2.88511 2.88511 2.88511 2.88511 2.88511 2.88511 2.88511 2.88511 2.88511 2.88511 2.88511 2.88511 2.88511 2.88511 2.88511 2.88511
27.365 24.48 23.285 20.4 19.205 16.32 15.125 12.24 11.045 8.16001 6.96501 4.08001 2.88512 2.88512 2.88512 2.88512 2.88512 2.88512 2.88512 2.88512 2.88512 2.88512 2.88512 2.88512 2.88512 2.88512 2.88512 2.88512 2.88512 2.88512 2.88512 2.88512 2.88512 2.88512 2.88512 2.88512 2.88512 2.88512 2.88512 2.88511 2.88511 2.88511 2.88511 2.88511 2.88511 2.88511 2.88511 2.88511 2.88511 2.88511 2.88511 2.88511 2.88511 2.88511 2.88511 2.88511 2.88511 2.88511 2.88511 2.88511 2.88511 2.88511 2.88511 2.88511 2.88511 2.88511 2.88511
24.48 23.285 20.4 19.205 16.32 15.125 12.24 11.045 8.16001 6.96501 4.08001 2.88512 2.88512 2.88512 2.88512 2.88512 2.88512 2.88512 2.88512 2.88512 2.88512 2.88512 2.88512 2.88512 2.88512 2.88512 2.88512 2.88512 2.88512 2.88512 2.88512 2.88512 2.88512 2.88512 2.88512 2.88512 2.88512 2.88512 2.88512 2.88511 2.88511 2.88511 2.88511 2.88511 2.88511 2.88511 2.88511 2.88511 2.88511 2.88511 2.88511 2.88511 2.88511 2.88511 2.88511 2.88511 2.88511 2.88511 2.88511 2.88511 2.88511 2.88511 2.88511 2.88511 2.88511 2.88511 2.88511
23.285 20.4 19.205 16.32 15.125 12.24 11.045 8.16001 6.96501 4.08001 2.88512 2.88512 2.88512 2.88512 2.88512 2.88512 2.88512 2.88512 2.88512 2.88512 2.88512 2.88512 2.88512 2.88512 2.88512 2.88512 2.88512 2.88512 2.88512 2.88512 2.88512 2.88512 2.88512 2.88512 2.88512 2.88512 2.88512 2.88512 2.88512 2.88511 2.88511 2.88511 2.88511 2.88511 2.88511 2.88511 2.88511 2.88511 2.88511 2.88511 2.88511 2.88511 2.88511 2.88511 2.88511 2.88511 2.88511 2.88511 2.88511 2.88511 2.88511 2.88511 2.88511 2.88511 2.88511 2.88511 2.88511
20.4 19.205 16.32 15.125 12.24 11.045 8.16001 6.96501 4.08001 2.88512 2.88512 2.88512 2.88512 2.88512 2.88512 2.88512 2.88512 2.88512 2.88512 2.88512 2.88512 2.88512 2.88512 2.88512 2.88512 2.88512 2.88512 2.88512 2.88512 2.88512 2.88512 2.88512 2.88512 2.88512 2.88512 2.88512 2.88512 2.88512 2.88512 2.88511 2.88511 2.88511 2.88511 2.88511 2.88511 2.88511 2.88511 2.88511 2.88511 2.88511 2.88511 2.88511 2.88511 2.88511 2.88511 2.88511 2.88511 2.88511 2.88511 2.88511 2.88511 2.88511 2.88511 2.88511 2.88511 2.88511 2.88511
19.205 16.32 15.125 12.24 11.045 8.16001 6.96501 4.08001 2.88512 2.88512 2.88512 2.88512 2.88512 2.88512 2.88512 2.88512 2.88512 2.88512 2.88512 2.88512 2.88512 2.88512 2.88512 2.88512 2.88512 2.88512 2.88512 2.88512 2.88512 2.88512 2.88512 2.88512 2.88512 2.88512 2.88512 2.88512 2.88512 2.88512 2.88512 2.88511 2.88511 2.88511 2.88511 2.88511 2.88511 2.88511 2.88511 2.88511 2.88511 2.88511 2.88511 2.88511 2.88511 2.88511 2.88511 2.88511 2.88511 2.88511 2.88511 2.88511 2.88511 2.88511 2.88511 2.88511 2.88511 2.88511 2.88511
16.32 15.125 12.24 11.045 8.16001 6.96501 4.08001 2.88512 2.88512 2.88512 2.88512 2.88512 2.88512 2.88512 2.88512 2.88512 2.88512 2.88512 2.88512 2.88512 2.88512 2.88512 2.88512 2.88512 2.88512 2.88512 2.88512 2.88512 2.88512 2.88512 2.88512 2.88512 2.88512 2.88512 2.88512 2.88512 2.88512 2.88512 2.88512 2.88511 2.88511 2.88511 2.88511 2.88511 2.88511 2.88511 2.88511 2.88511 2.88511 2.88511 2.88511 2.88511 2.88511 2.88511 2.88511 2.88511 2.88511 2.88511 2.88511 2.88511 2.88511 2.88511 2.88511 2.88511 2.88511 2.88511 2.88511
15.125 12.24 11.045 8.16001 6.96501 4.08001 2.88512 2.88512 2.88512 2.88512 2.88512 2.88512 2.88512 2.88512 2.88512 2.88512 2.88512 2.88512 2.88512 2.88512 2.88512 2.88512 2.88512 2.88512 2.88512 2.88512 2.88512 2.88512 2.88512 2.88512 2.88512 2.88512 2.88512 2.88512 2.88512 2.88512 2.88512 2.88512 2.88512 2.88511 2.88511 2.88511 2.88511 2.88511 2.88511 2.88511 2.88511 2.88511 2.88511 2.88511 2.88511 2.88511 2.88511 2.88511 2.88511 2.88511 2.88511 2.88511 2.88511 2.88511 2.88511 2.88511 2.88511 2.88511 2.88511 2.88511 2.88511
