tests/full-run-ref/erosion_2010_78_16_47.110.asc
ncols 512
nrows 512
xllcorner -3.24582
yllcorner -4.08743
cellsize 5
NODATA_value -99999
[rows 210 to 251 of 512, columns 96 to 191 of 512]
288.739 291.129 293.519 295.909 298.299 300.69 303.08 305.47 307.86 310.25 312.64 315.03 315.03 315.03 315.03 315.03 315.03 315.03 315.03 315.03 315.03 315.03 314.984 314.984 314.984 314.984 314.984 314.984 314.984 314.984 314.984 314.984 314.984 314.984 314.984 314.984 314.984 314.984 314.984 314.984 314.984 314.984 314.984 314.984 316.825 314.04 296.435 296.435 296.435 296.435 296.435 296.435 296.435 296.435 296.435 291.389 291.389 291.389 291.389 291.389 291.389 291.389 291.389 291.389 291.389 291.389 291.389 291.389 291.389 291.389 291.389 291.389 291.389 291.389 291.389 291.389 291.389 291.389 291.389 291.389 291.389 291.389 291.389 291.389 291.389 291.389 291.389 291.389 291.389 291.389 291.389 291.389 291.389 291.389 291.389 291.389
282.969 285.359 287.749 290.139 292.529 294.92 297.31 299.7 302.09 304.48 306.87 309.26 311.65 314.04 314.04 314.04 314.04 314.04 314.04 314.04 314.04 314.04 314.04 314.04 314.04 314.04 314.04 314.04 314.04 314.04 314.04 314.04 314.04 314.04 314.04 314.04 314.04 314.04 314.04 314.04 314.04 314.04 314.04 314.04 314.04 296.435 296.435 296.435 296.435 296.435 296.435 296.435 296.435 296.435 291.389 291.389 291.389 291.389 291.389 291.389 291.389 291.389 291.389 291.389 291.389 291.389 291.389 291.389 291.389 291.389 291.389 291.389 291.389 291.389 291.389 291.389 291.389 291.389 291.389 291.389 291.389 291.389 291.389 291.389 291.389 291.389 291.389 291.389 291.389 291.389 291.389 291.389 291.389 291.389 291.389 291.389
277.199 279.589 281.979 284.369 286.759 289.15 291.54 293.93 296.32 298.71 301.1 303.49 305.88 308.27 310.66 313.05 314.04 314.04 314.04 314.04 314.04 314.04 314.04 314.04 314.04 314.04 314.04 314.04 314.04 314.04 314.04 314.04 314.04 314.04 314.04 314.04 314.04 314.04 314.04 314.04 314.04 314.04 314.04 314.04 296.435 296.435 296.435 296.435 296.435 296.435 296.435 296.435 296.435 291.389 291.389 291.389 291.389 291.389 291.389 291.389 291.389 291.389 291.389 291.389 291.389 291.389 291.389 291.389 291.389 291.389 291.389 291.389 291.389 291.389 291.389 291.389 291.389 291.389 291.389 291.389 291.389 291.389 291.389 291.389 291.389 291.389 291.389 291.389 291.389 291.389 291.389 291.389 291.389 291.389 291.389 291.389
271.429 273.819 276.209 278.599 280.989 283.38 285.77 288.16 290.55 292.94 295.33 297.72 300.11 302.5 304.89 307.28 309.67 312.06 314.04 314.04 314.04 314.04 314.04 314.04 314.04 314.04 314.04 314.04 314.04 314.04 314.04 314.04 314.04 314.04 314.04 314.04 314.04 314.04 314.04 314.04 314.04 314.04 314.04 296.435 296.435 296.435 296.435 296.435 296.435 296.435 296.435 296.435 291.389 291.389 291.389 291.389 291.389 291.389 291.389 291.389 291.389 291.389 291.389 291.389 291.389 291.389 291.389 291.389 291.389 291.389 291.389 291.389 291.389 291.389 291.389 291.389 291.389 291.389 291.389 291.389 291.389 291.389 291.389 291.389 291.389 291.389 291.389 291.389 291.389 291.389 291.389 291.389 291.389 291.389 291.389 291.389
265.659 268.049 270.439 272.829 275.219 277.609 280 282.39 284.78 287.17 289.56 291.95 294.34 296.73 299.12 301.51 303.9 306.29 308.68 311.07 313.46 313.46 313.46 313.46 313.46 313.46 313.46 313.46 313.46 313.46 313.46 313.46 313.46 313.46 313.46 313.46 313.46 313.46 313.46 313.46 313.46 313.46 296.435 296.435 296.435 296.435 296.435 296.435 296.435 296.435 296.435 291.389 291.389 291.389 291.389 291.389 291.389 291.389 291.389 291.389 291.389 291.389 291.389 291.389 291.389 291.389 291.389 291.389 291.389 291.389 291.389 291.389 291.389 291.389 291.389 291.389 291.389 291.389 291.389 291.389 291.389 291.389 291.389 291.389 291.389 291.389 291.389 291.389 291.389 291.389 291.389 291.389 291.389 291.389 291.389 291.389
259.889 262.279 264.669 267.059 269.449 271.839 274.23 276.62 279.01 281.4 283.79 286.18 288.57 290.96 293.35 295.74 298.13 300.52 302.91 305.3 307.69 313.46 313.46 313.46 313.46 313.46 313.46 313.46 313.46 313.46 313.46 313.46 313.46 313.46 313.46 313.46 313.46 313.46 313.46 313.46 313.46 296.435 296.435 296.435 296.435 296.435 296.435 296.435 296.435 296.435 291.389 291.389 291.389 291.389 291.389 291.389 291.389 291.389 291.389 291.389 291.389 291.389 291.389 291.389 291.389 291.389 291.389 291.389 291.389 291.389 291.389 291.389 291.389 291.389 291.389 291.389 291.389 291.389 291.389 291.389 291.389 291.389 291.389 291.389 291.389 291.389 291.389 291.389 291.389 291.389 291.389 291.389 291.389 291.389 291.389 291.389
254.119 256.509 258.899 261.289 263.679 266.069 268.46 270.85 273.24 275.63 278.02 280.41 282.8 285.19 287.58 289.97 292.36 294.75 297.14 299.53 305.3 311.07 311.07 311.07 311.07 311.07 311.07 311.07 311.07 311.07 311.07 311.07 311.07 311.07 311.07 311.07 311.07 311.07 311.07 311.07 296.435 296.435 296.435 296.435 296.435 296.435 296.435 296.435 296.435 291.389 291.389 291.389 291.389 291.389 291.389 291.389 291.389 291.389 291.389 291.389 291.389 291.389 291.389 291.389 291.389 291.389 291.389 291.389 291.389 291.389 291.389 291.389 291.389 291.389 291.389 291.389 291.389 291.389 291.389 291.389 291.389 291.389 291.389 291.389 291.389 291.389 291.389 291.389 291.389 291.389 291.389 291.389 291.389 291.389 291.389 291.389
248.349 250.739 253.129 255.519 257.909 260.299 262.689 265.08 267.47 269.86 272.25 274.64 277.03 279.42 281.81 284.2 286.59 288.98 291.369 297.14 302.91 305.3 307.69 310.08 310.08 310.08 310.08 310.08 310.08 310.08 310.08 310.08 310.08 310.08 310.08 310.08 310.08 310.08 310.08 296.435 296.435 296.435 296.435 296.435 296.435 296.435 296.435 296.435 291.389 291.389 291.389 291.389 291.389 291.389 291.389 291.389 291.389 291.389 291.389 291.389 291.389 291.389 291.389 291.389 291.389 291.389 291.389 291.389 291.389 291.389 291.389 291.389 291.389 291.389 291.389 291.389 291.389 291.389 291.389 291.389 291.389 291.389 291.389 291.389 291.389 291.389 291.389 291.389 291.389 291.389 291.389 291.389 291.389 291.389 291.389 291.389
242.579 244.969 247.359 249.749 252.139 254.529 256.919 259.31 261.7 264.09 266.48 268.87 271.26 273.65 276.04 278.43 280.819 283.209 288.98 294.75 297.14 299.53 301.92 304.89 307.28 309.67 309.67 309.67 309.67 309.67 309.67 309.67 309.67 309.67 309.67 309.67 309.67 309.67 296.435 296.435 296.435 296.435 296.435 296.435 296.435 296.435 296.435 291.389 291.389 291.389 291.389 291.389 291.389 291.389 291.389 291.389 291.389 291.389 291.389 291.389 291.389 291.389 291.389 291.389 291.389 291.389 291.389 291.389 291.389 291.389 291.389 291.389 291.389 291.389 291.389 291.389 291.389 291.389 291.389 291.389 291.389 291.389 291.389 291.389 291.389 291.389 291.389 291.389 291.389 291.389 291.389 291.389 291.389 291.389 291.389 291.389
236.809 239.199 241.589 243.979 246.369 248.759 251.149 253.54 255.93 258.32 260.71 263.1 265.49 267.88 270.27 272.659 275.049 280.82 286.59 288.98 291.37 293.76 296.73 299.12 301.51 303.9 305.809 305.809 305.809 305.809 305.809 305.809 305.809 305.809 305.809 305.809 305.81 296.435 296.435 296.435 296.435 296.435 296.435 296.435 296.435 296.435 291.389 291.389 291.389 291.389 291.389 291.389 291.389 291.389 291.389 291.389 291.389 291.389 291.389 291.389 291.389 291.389 291.389 291.389 291.389 291.389 291.389 291.389 291.389 291.389 291.389 291.389 291.389 291.389 291.389 291.389 291.389 291.389 291.389 291.389 291.389 291.389 291.389 291.389 291.389 291.389 291.389 291.389 291.389 291.389 291.389 291.389 291.389 291.389 291.389 291.389
231.039 233.429 235.819 238.209 240.599 242.989 245.379 247.769 250.16 252.55 254.94 257.33 259.72 262.11 264.499 266.889 272.66 278.43 280.82 283.21 285.6 288.57 290.96 293.35 295.74 298.13 300.039 300.039 300.039 300.039 300.039 300.039 296.435 296.435 296.435 296.435 296.435 296.435 296.435 296.435 296.435 296.435 296.435 296.435 296.435 291.389 291.389 291.389 291.389 291.389 291.389 291.389 291.389 291.389 291.389 291.389 291.389 291.389 291.389 291.389 291.389 291.389 291.389 291.389 291.389 291.389 291.389 291.389 291.389 291.389 291.389 291.389 291.389 291.389 291.389 291.389 291.389 291.389 291.389 291.389 291.389 291.389 291.389 291.389 291.389 291.389 291.389 291.389 291.389 291.389 291.388 291.389 291.389 291.389 291.389 291.389
225.269 227.659 230.049 232.439 234.829 237.219 239.609 241.999 244.39 246.78 249.17 251.56 253.95 256.339 258.729 264.5 270.27 272.66 275.05 277.44 280.41 282.8 285.19 287.58 289.97 292.36 294.269 294.269 294.269 294.269 294.269 294.269 294.269 294.269 294.269 294.269 294.269 294.269 294.269 296.435 296.435 296.435 296.435 296.435 291.389 291.389 291.389 291.389 291.389 291.389 291.389 291.389 291.389 291.389 291.389 291.389 291.389 291.389 291.389 291.389 291.389 291.389 291.389 291.389 291.389 291.389 291.389 291.389 291.389 291.389 291.389 291.389 291.389 291.389 291.389 291.389 291.389 291.389 291.389 291.389 291.389 291.389 291.389 291.389 291.389 291.389 291.388 291.387 291.388 291.387 291.386 291.387 291.388 291.389 291.389 291.389
219.499 221.889 224.279 226.669 229.059 231.449 233.839 236.229 238.62 241.01 243.4 245.789 248.179 250.569 256.34 262.11 264.5 266.89 269.28 272.25 274.64 277.029 279.419 281.809 284.2 286.59 288.499 288.499 288.499 288.499 288.499 288.499 288.499 288.499 288.499 288.499 288.499 288.499 288.499 290.889 291.389 291.389 291.389 291.389 291.389 291.389 291.389 291.389 291.389 291.389 291.389 291.389 291.389 291.389 291.389 291.389 291.389 291.389 291.389 291.389 291.389 291.389 291.389 291.389 291.389 291.389 291.389 291.389 291.389 291.389 291.389 291.389 291.389 291.389 291.389 291.389 291.389 291.389 291.389 291.389 291.389 291.389 291.389 291.389 291.388 291.387 291.387 291.387 290.888 274.639 274.638 288.497 290.888 291.387 291.388 291.389
213.729 216.119 218.509 220.899 223.289 225.679 228.069 230.459 232.849 235.239 237.629 240.019 242.409 248.179 253.95 256.34 258.73 261.12 264.09 266.48 268.869 271.259 273.649 276.039 278.43 280.82 282.729 282.729 282.729 282.729 282.729 282.729 282.729 282.729 282.729 282.729 282.729 282.729 282.729 285.119 287.509 289.899 291.389 291.389 291.389 291.389 291.389 291.389 291.389 291.389 291.389 291.389 291.389 291.389 291.389 291.389 291.389 291.389 291.389 291.389 291.389 291.389 291.389 291.389 291.389 291.389 291.389 291.389 291.389 291.389 291.389 291.389 291.389 291.389 291.389 291.389 291.389 291.389 291.389 291.389 291.389 291.389 291.388 291.388 291.387 271.567 249.07 249.07 274.639 234.067 234.066 274.639 285.118 287.508 289.898 291.387
207.959 210.349 212.739 215.129 217.519 219.909 222.299 224.689 227.079 229.469 231.859 234.249 240.019 245.79 248.18 250.57 252.96 255.93 258.32 260.71 263.099 265.489 267.879 270.269 272.66 275.05 276.959 276.959 276.959 276.959 276.959 276.959 276.959 276.959 276.959 276.959 276.959 276.959 276.959 279.349 281.739 284.129 286.519 288.91 291.3 291.389 291.389 291.389 291.389 291.389 291.389 291.389 291.389 291.389 291.389 291.389 291.389 291.389 291.389 291.389 291.389 291.389 291.389 291.389 291.389 291.389 291.389 291.389 291.389 291.389 291.389 291.389 291.389 291.389 291.389 291.389 291.389 291.389 291.389 291.388 291.388 291.388 262.394 231.852 186.096 86.8956 0 0 0 0 0 234.066 274.639 281.738 284.128 286.518
202.189 204.579 206.969 209.359 211.749 214.139 216.529 218.919 221.309 223.699 226.089 231.859 237.63 240.02 242.41 244.8 247.77 250.16 252.55 254.939 257.329 259.719 262.109 264.499 266.89 269.28 271.189 271.189 271.189 271.189 271.189 271.189 271.189 271.189 271.189 271.189 271.189 271.189 271.189 273.579 275.969 278.359 280.749 283.139 285.53 287.92 290.31 291.389 291.389 291.389 291.389 291.389 291.389 291.389 291.389 291.389 291.389 291.389 291.389 291.389 291.389 291.389 291.389 291.389 291.389 291.389 291.389 291.389 291.389 291.389 291.389 291.389 291.389 291.389 291.389 291.389 291.389 291.388 291.388 291.388 270.454 235.242 135.017 0 0 0 0 0 0 0 0 0 234.067 274.639 278.358 280.748
196.419 198.809 201.199 203.589 205.979 208.369 210.759 213.149 215.539 217.929 223.699 229.47 231.86 234.25 236.64 239.61 242 244.39 246.779 249.169 251.559 253.949 256.339 258.729 261.12 265.419 265.419 265.419 265.419 265.419 265.419 265.419 265.419 265.419 265.419 265.419 265.419 265.419 265.419 267.809 270.199 272.589 274.979 277.369 279.759 282.15 284.54 286.93 289.32 291.389 291.389 291.389 291.389 291.389 291.389 291.389 291.389 291.389 291.389 291.389 291.389 291.389 291.389 291.389 291.389 291.389 291.389 291.389 291.389 291.389 291.389 291.389 291.389 291.389 291.389 291.388 291.388 65.798 0 0 0 0 0 0 0 0 0 0 0 0 0 0 0 234.067 272.588 274.978
190.649 193.039 195.429 197.819 200.209 202.599 204.989 207.379 209.769 215.539 221.31 223.7 226.09 228.48 231.45 233.84 236.23 238.619 241.009 243.399 245.789 248.179 250.569 252.96 258.73 259.649 259.649 259.649 259.649 259.649 259.649 259.649 259.649 259.649 259.649 259.649 259.649 259.649 259.649 262.039 264.429 266.819 269.209 271.599 273.989 276.379 278.77 281.16 283.55 285.94 288.33 290.72 291.389 291.389 291.389 291.389 291.389 291.389 291.389 291.389 291.389 291.389 291.389 291.389 291.389 291.389 291.389 291.389 291.389 291.389 291.389 291.389 291.388 291.388 291.387 269.341 157.332 0 0 0 0 0 0 0 0 0 0 0 0 0 0 0 0 0 234.067 269.208
184.879 187.269 189.659 192.049 194.439 196.829 199.219 201.609 207.379 213.15 215.54 217.93 220.32 223.29 225.68 228.07 230.459 232.849 235.239 237.629 240.019 242.409 244.799 250.57 252.96 252.96 253.879 253.879 253.879 253.879 253.879 253.879 253.879 253.879 253.879 253.879 253.879 253.879 253.879 256.269 258.659 261.049 263.439 265.829 268.219 270.609 272.999 275.389 277.78 280.17 282.56 284.95 287.34 289.73 291.389 291.389 291.389 291.389 291.389 291.389 291.389 291.389 291.389 291.389 291.389 291.389 291.389 291.389 291.389 291.389 291.388 291.387 291.387 272.028 241.775 127.982 0 0 0 0 0 0 0 0 0 0 0 0 0 0 0 0 0 0 0 234.068
179.109 181.499 183.889 186.279 188.669 191.059 193.448 199.219 204.99 207.38 209.77 212.16 215.13 217.52 219.91 222.299 224.689 227.079 229.469 231.859 234.249 236.639 242.41 244.8 248.109 248.109 248.109 248.109 248.109 248.109 248.109 248.109 248.109 248.109 248.109 248.109 248.109 248.109 248.109 250.499 252.889 255.279 257.669 260.059 262.449 264.839 267.229 269.619 272.009 274.4 276.79 279.18 281.57 283.96 286.35 288.74 291.13 291.389 291.389 291.389 291.389 291.389 291.389 291.389 291.389 291.389 291.389 291.389 291.388 291.388 291.128 274.337 248.867 177 0 0 0 0 0 0 0 0 0 0 0 0 0 0 0 0 0 0 0 0 0 0
173.339 175.729 178.119 180.509 182.899 185.288 191.059 196.83 199.22 201.61 204 206.97 209.36 211.75 214.139 216.529 218.919 221.309 223.699 226.089 228.479 234.25 236.64 242.34 242.339 242.339 242.339 242.339 242.339 242.339 242.339 242.339 242.339 242.339 242.339 242.339 242.339 242.339 242.339 244.729 247.119 249.509 251.899 254.289 256.679 259.069 261.459 263.849 266.239 268.629 271.02 273.41 275.8 278.19 280.58 282.97 285.36 287.75 290.14 291.389 291.389 291.389 291.389 291.389 291.389 291.389 291.388 291.388 268.937 244.484 208.388 126.302 0 0 0 0 0 0 0 0 0 0 0 0 0 0 0 0 0 0 0 0 0 0 0 0
167.569 169.959 172.349 174.738 177.128 182.899 188.67 191.06 193.45 195.84 198.81 201.2 203.59 205.979 208.369 210.759 213.149 215.539 217.929 220.319 226.09 228.48 234.25 236.569 236.569 236.569 236.569 236.569 236.569 236.569 236.569 236.569 236.569 236.569 236.569 236.569 236.569 236.569 236.569 238.959 241.349 243.739 246.129 248.519 250.909 253.299 255.689 258.079 260.469 262.859 265.249 267.64 270.03 272.42 274.81 277.2 279.59 281.98 284.37 286.76 289.15 291.389 291.389 291.389 291.389 291.388 273.603 245.498 167.504 0.774004 0 0 0 0 0 0 0 0 0 0 0 0 0 0 0 0 0 0 0 0 0 0 0 0 0 0
161.799 164.189 166.578 168.968 174.739 180.51 182.9 185.29 187.68 190.649 193.039 195.429 197.819 200.209 202.599 204.989 207.379 209.769 212.159 217.929 220.32 226.09 228.48 228.48 228.48 228.479 230.799 230.799 230.799 230.799 230.799 230.799 230.799 230.799 230.799 230.799 230.799 230.798 230.799 233.189 235.579 237.969 240.359 242.749 245.139 247.529 249.919 252.309 254.699 257.089 259.479 261.869 264.26 266.65 269.04 271.43 273.82 276.21 278.6 280.99 283.38 285.77 288.16 290.55 275.065 252.107 186.886 20.0923 0 0 0 0 0 0 0 0 0 0 0 0 0 0 0 0 0 0 0 0 0 0 0 0 0 0 0 0
156.029 158.418 160.808 166.579 172.349 174.74 177.129 179.519 182.489 184.879 187.269 189.659 192.049 194.439 196.829 199.219 201.609 203.999 209.769 212.16 217.93 220.32 225.03 225.029 225.029 225.029 225.029 225.029 225.029 225.029 225.029 225.029 225.029 225.029 225.029 225.029 225.029 225.028 225.029 227.419 229.809 232.199 234.589 236.979 239.369 241.759 244.149 246.539 248.929 251.319 253.709 256.099 258.49 260.88 263.27 265.66 268.05 270.44 272.83 275.065 275.065 275.065 275.065 275.065 227.505 100.056 0 0 0 0 0 0 0 0 0 0 0 0 0 0 0 0 0 0 0 0 0 0 0 0 0 0 0 0 0 0
150.258 152.648 158.419 164.189 166.58 168.969 171.359 174.329 176.719 179.109 181.499 183.889 186.279 188.669 191.059 193.449 195.839 201.609 203.999 209.77 212.16 217.93 219.26 219.259 219.259 219.259 219.259 219.259 219.259 219.259 219.259 219.259 219.259 219.259 219.259 219.259 219.259 219.258 219.259 221.649 224.039 226.429 227.504 227.504 227.505 227.505 227.505 227.505 227.505 227.505 227.505 227.505 227.505 227.505 227.505 227.505 227.505 227.505 227.505 227.505 227.505 227.505 227.505 227.505 39.0883 0 0 0 0 0 0 0 0 0 0 0 0 0 0 0 0 0 0 0 0 0 0 0 0 0 0 0 0 0 0 0
144.488 150.259 156.029 158.419 160.809 163.199 166.169 168.559 170.949 173.339 175.729 178.119 180.509 182.899 185.289 187.679 193.449 195.839 201.61 204 209.77 212.16 213.489 213.489 213.489 213.489 213.489 213.489 213.489 213.489 213.489 213.489 213.489 213.489 213.489 213.488 213.489 39.0872 39.0875 39.0878 39.0879 39.088 39.088 39.088 39.0881 39.0881 39.0881 39.0882 39.0882 39.0882 39.0882 39.0883 39.0883 39.0883 39.0883 39.0883 39.0883 39.0882 39.0882 39.0882 39.0883 39.0883 39.0884 39.0885 0 0 0 0 0 0 0 0 0 0 0 0 0 0 0 0 0 0 0 0 0 0 0 0 0 0 0 0 0 0 0 0
142.098 147.869 150.259 152.649 155.039 158.009 160.399 162.789 165.179 167.569 169.959 172.349 174.739 177.129 179.519 185.289 187.679 193.45 195.84 201.61 204 207.72 207.719 207.719 207.719 207.719 207.719 207.719 207.719 207.719 207.719 207.719 207.719 207.719 207.718 39.0874 39.0877 0 0 0 0 0 0 0 0 0 0 0 0 0 0 0 0 0 0 0 0 0 0 0 0 0 0 0 0 0 0 0 0 0 0 0 0 0 0 0 0 0 0 0 0 0 0 0 0 0 0 0 0 0 0 0 0 0 0 0
139.709 142.099 144.489 146.879 149.849 152.239 154.629 157.019 159.409 161.799 164.189 166.579 168.969 171.359 177.129 179.519 185.29 187.68 193.45 195.84 201.61 201.95 201.949 201.949 201.949 201.949 201.949 201.949 201.949 201.948 201.948 201.948 39.0874 39.0874 39.0874 0 0 0 0 0 0 0 0 0 0 0 0 0 0 0 0 0 0 0 0 0 0 0 0 0 0 0 0 0 0 0 0 0 0 0 0 0 0 0 0 0 0 0 0 0 0 0 0 0 0 0 0 0 0 0 0 0 0 0 0 0
133.939 136.329 138.719 141.689 144.079 146.469 148.859 151.249 153.639 156.029 158.419 160.809 163.198 168.969 171.359 177.13 179.52 185.29 187.68 193.45 195.84 195.84 195.84 195.839 195.839 195.839 196.179 196.179 196.179 196.178 196.178 39.0874 39.0874 39.0874 0 0 0 0 0 0 0 0 0 0 0 0 0 0 0 0 0 0 0 0 0 0 0 0 0 0 0 0 0 0 0 0 0 0 0 0 0 0 0 0 0 0 0 0 0 0 0 0 0 0 0 0 0 0 0 0 0 0 0 0 0 0
128.169 130.559 133.529 135.919 138.309 140.699 143.089 145.479 147.869 150.259 152.649 155.038 160.809 163.199 168.969 171.359 177.13 179.52 185.29 187.68 190.41 190.409 190.409 190.409 190.409 190.409 190.409 190.409 190.408 190.408 39.0874 39.0874 0 0 0 0 0 0 0 0 0 0 0 0 0 0 0 0 0 0 0 0 0 0 0 0 0 0 0 0 0 0 0 0 0 0 0 0 0 0 0 0 0 0 0 0 0 0 0 0 0 0 0 0 0 0 0 0 0 0 0 0 0 0 0 0
0 125.369 127.759 130.149 132.539 134.929 137.319 139.709 142.099 144.489 146.878 152.649 155.039 160.809 163.199 168.97 171.36 177.13 179.52 184.64 184.64 184.639 184.639 184.639 184.639 184.639 184.639 184.639 39.0874 39.0874 0 0 0 0 0 0 0 0 0 0 0 0 0 0 0 0 0 0 0 0 0 0 0 0 0 0 0 0 0 0 0 0 0 0 0 0 0 0 0 0 0 0 0 0 0 0 0 0 0 0 0 0 0 0 0 0 0 0 0 0 0 0 0 0 0 0
0 0 121.989 124.379 126.769 129.159 131.549 133.939 136.328 138.718 144.489 146.879 152.649 155.039 160.81 163.2 168.97 171.36 177.13 177.13 177.13 177.13 177.129 177.129 177.129 39.0878 39.0881 39.088 39.0874 0 0 0 0 0 0 0 0 0 0 0 0 0 0 0 0 0 0 0 0 0 0 0 0 0 0 0 0 0 0 0 0 0 0 0 0 0 0 0 0 0 0 0 0 0 0 0 0 0 0 0 0 0 0 0 0 0 0 0 0 0 0 0 0 0 0 0
0 0 0 118.609 120.999 123.389 125.779 128.168 130.558 136.329 138.719 144.489 146.879 152.65 155.04 160.81 163.2 168.97 171.36 173.1 173.099 173.099 173.099 39.088 39.0879 39.0878 39.0881 39.088 0 0 0 0 0 0 0 0 0 0 0 0 0 0 0 0 0 0 0 0 0 0 0 0 0 0 0 0 0 0 0 0 0 0 0 0 0 0 0 0 0 0 0 0 0 0 0 0 0 0 0 0 0 0 0 0 0 0 0 0 0 0 0 0 0 0 0 0
0 0 0 0 115.229 117.619 120.008 122.398 128.169 130.559 136.329 138.719 144.489 146.879 152.65 155.04 160.81 163.2 167.33 167.329 167.329 167.329 39.0881 39.088 39.0878 39.0878 39.0881 0 0 0 0 0 0 0 0 0 0 0 0 0 0 0 0 0 0 0 0 0 0 0 0 0 0 0 0 0 0 0 0 0 0 0 0 0 0 0 0 0 0 0 0 0 0 0 0 0 0 0 0 0 0 0 0 0 0 0 0 0 0 0 0 0 0 0 0 0
0 0 0 0 0 111.848 114.238 120.009 122.399 128.169 130.559 136.329 138.719 144.49 146.88 152.65 155.04 160.81 161.56 161.559 161.559 39.0882 39.0881 39.0879 39.0878 0 0 0 0 0 0 0 0 0 0 0 0 0 0 0 0 0 0 0 0 0 0 0 0 0 0 0 0 0 0 0 0 0 0 0 0 0 0 0 0 0 0 0 0 0 0 0 0 0 0 0 0 0 0 0 0 0 0 0 0 0 0 0 0 0 0 0 0 0 0 0
0 0 0 0 0 0 111.849 114.239 120.009 122.399 128.169 130.559 136.33 138.719 144.49 146.88 152.65 155.04 155.789 155.789 39.0883 39.0882 39.088 39.0879 0 0 0 0 0 0 0 0 0 0 0 0 0 0 0 0 0 0 0 0 0 0 0 0 0 0 0 0 0 0 0 0 0 0 0 0 0 0 0 0 0 0 0 0 0 0 0 0 0 0 0 0 0 0 0 0 0 0 0 0 0 0 0 0 0 0 0 0 0 0 0 0
0 0 0 0 0 0 106.078 111.849 114.239 120.009 122.399 128.169 130.559 136.33 138.72 144.49 146.88 150.02 150.019 39.0883 39.0882 39.0881 39.088 0 0 0 0 0 0 0 0 0 0 0 0 0 0 0 0 0 0 0 0 0 0 0 0 0 0 0 0 0 0 0 0 0 0 0 0 0 0 0 0 0 215.54 0 0 0 0 0 0 0 0 0 0 0 0 0 0 0 0 0 0 0 0 0 0 0 0 0 0 0 0 0 0 0
0 0 0 0 0 0 0 106.079 111.849 114.239 120.009 122.399 128.17 130.56 136.33 138.72 144.25 144.249 39.0884 39.0883 39.0882 39.0881 0 0 0 0 0 0 0 0 0 0 0 0 0 0 0 0 0 0 0 0 0 0 0 0 0 0 0 0 0 0 0 0 0 0 0 0 0 0 0 0 0 0 0 207.38 0 0 0 0 0 0 0 0 0 0 0 0 0 0 0 0 0 0 0 0 0 0 0 0 0 0 0 0 0 0
0 0 0 0 0 0 0 0 0 0 114.239 120.009 122.399 128.17 130.56 136.33 136.33 39.0884 39.0883 39.0882 39.0881 0 0 0 0 0 0 0 0 0 0 0 0 0 0 0 0 0 0 0 0 0 0 0 0 0 0 0 0 0 0 0 0 0 0 0 0 0 0 0 0 0 0 0 207.38 0 199.219 0 0 0 0 0 0 0 0 0 0 0 0 0 0 0 0 0 0 0 0 0 0 0 0 0 0 0 0 0
0 0 0 0 0 0 0 0 0 0 0 0 0 122.4 128.17 130.56 0 0 0 0 0 0 0 0 0 0 0 0 0 0 0 0 0 0 0 0 0 0 0 0 0 0 0 0 0 0 0 0 0 0 0 0 0 0 0 0 0 0 0 0 0 0 0 0 204.98 199.22 0 191.059 0 0 0 0 0 0 0 0 0 0 0 0 0 0 0 0 0 0 0 0 0 0 0 0 0 0 0 0
0 0 0 0 0 0 0 0 0 0 0 0 0 0 125.78 0 0 0 0 0 0 0 0 0 0 0 0 0 0 0 0 0 0 0 0 0 0 0 0 0 0 0 0 0 0 0 0 0 0 0 0 0 0 0 0 0 0 0 0 0 0 0 0 0 202.589 196.819 191.06 0 182.899 0 0 0 0 0 0 0 0 0 0 0 0 0 0 0 0 0 0 0 0 0 0 0 0 0 0 0
0 0 0 0 0 0 0 0 0 0 0 0 0 0 0 0 0 0 0 0 0 0 0 0 0 0 0 0 0 0 0 0 0 0 0 0 0 0 0 0 0 0 0 0 0 0 0 0 0 0 0 0 0 0 0 0 0 0 0 0 0 0 0 0 200.198 194.429 188.659 182.899 0 174.739 0 0 0 0 0 0 0 0 0 0 0 0 0 0 0 0 0 0 0 0 0 0 0 0 0 0
