tests/full-run-ref/erosion_2010_78_21_-27.869.asc
ncols 512
nrows 512
xllcorner -3.24582
yllcorner -4.08743
cellsize 5
NODATA_value -99999
[rows 72 to 107 of 512, columns 164 to 245 of 512]
23.4403 28.8811 34.7486 40.5641 46.7743 52.593 58.4013 64.2179 70.017 74.5295 76.5833 84.9876 103.667 142.88 137.701 131.872 126.02 120.164 114.318 108.473 102.629 96.787 90.9454 85.1042 79.2634 73.4227 67.582 61.7412 55.9003 50.0591 44.2175 38.3756 32.5332 26.6902 20.8468 15.0027 9.24757 4.91763 5.77 5.77 5.77 5.77 5.77 5.77 5.77 5.77 5.77 5.77 5.77 5.77 5.77 5.77 5.77 5.77 5.77 5.77 5.77 5.77 5.77 5.77 5.77 5.77 5.77 5.77 5.77 5.77 5.77 5.77 5.77 5.77 5.77 5.77 5.77 5.77 5.77 5.77 5.76997 5.7698 11.5397 8.15942 5.76981 5.76998
20.6632 26.5568 32.3623 38.5349 44.3225 50.3087 56.1533 62.0138 67.8383 68.7331 70.9947 75.0061 76.598 95.2442 136.987 131.904 126.088 120.235 114.377 108.527 102.68 96.8358 90.993 85.1512 79.31 73.4692 67.6286 61.7879 55.9471 50.1061 44.2647 38.4229 32.5806 26.7377 20.8943 15.0502 9.29246 4.93689 5.77 5.77 5.77 5.77 5.77 5.77 5.77 5.77 5.77 5.77 5.77 5.77 5.77 5.77 5.77 5.77 5.77 5.77 5.77 5.77 5.77 5.77 5.77 5.77 5.77 5.77 5.77 5.77 5.77 5.77 5.77 5.77 5.77 5.77 5.77 5.77 5.77 5.77 5.76992 8.1596 13.9297 13.9294 8.15928 5.7698
18.7302 24.5507 30.3535 36.1098 42.021 50.424 58.6158 64.5018 63.0044 62.9462 64.4856 64.5901 66.7306 68.1423 87.0942 131.292 126.138 120.288 114.415 108.556 102.704 96.8562 91.011 85.1673 79.3247 73.4826 67.6407 61.7988 55.9568 50.1144 44.2716 38.4283 32.5844 26.74 20.895 15.0493 9.29088 4.94005 5.77 5.77 5.77 5.77 5.77 5.77 5.77 5.77 5.77 5.77 5.77 5.77 5.77 5.77 5.77 5.77 5.77 5.77 5.77 5.77 5.77 5.77 5.77 5.77 5.77 5.77 5.77 5.77 5.77 5.77 5.77 5.77 5.77 5.77 5.77 5.77 5.77 5.77 5.76986 11.5396 16.3197 16.3195 13.9293 8.15931
16.5027 22.3099 28.1115 33.8564 42.1969 50.5005 56.7962 59.5712 57.1381 57.1529 58.7233 58.8692 61.181 63.022 82.0909 87.3301 125.824 120.308 114.422 108.556 102.7 96.8484 91.0001 85.1536 79.3082 73.4634 67.6187 61.7739 55.9288 50.0834 44.2375 38.391 32.5441 26.6965 20.8484 14.9997 9.24302 4.92764 5.77 5.77 5.77 5.77 5.77 5.77 5.77 5.77 5.77 5.77 5.77 5.77 5.77 5.77 5.77 5.77 5.77 5.77 5.77 5.77 5.77 5.77 5.77 5.77 5.77 5.77 5.77 5.77 5.77 5.77 5.77 5.77 5.77 5.77 5.77 5.77 5.77 5.77 5.76985 11.5396 17.3097 22.0895 16.3194 13.9294
16.7541 22.5465 28.346 34.0943 42.3048 48.5097 54.4151 53.7336 51.3146 51.3452 52.9105 53.0286 55.3367 57.1634 76.5414 81.59 125.55 120.279 114.395 108.527 102.667 96.8124 90.9605 85.11 79.2604 73.4111 67.5619 61.7125 55.8628 50.0128 44.1623 38.3114 32.46 26.6082 20.7559 14.9033 9.15137 4.90119 5.77 5.77 5.77 5.77 5.77 5.77 5.77 5.77 5.77 5.77 5.77 5.77 5.77 5.77 5.77 5.77 5.77 5.77 5.77 5.77 5.77 5.77 5.77 5.77 5.77 5.77 5.77 5.77 5.77 5.77 5.77 5.77 5.77 5.77 5.77 5.77 5.77 5.77 5.76986 11.5396 17.3097 23.0798 22.0895 16.3195
16.9051 22.6899 28.4785 34.2203 40.3192 46.1457 50.3525 47.8749 45.4895 45.529 47.089 47.1868 49.5049 51.3001 70.7508 75.6463 125.355 120.231 114.343 108.472 102.609 96.7501 90.8929 85.0369 79.1814 73.3262 67.471 61.6158 55.7603 49.9047 44.0488 38.1927 32.3364 26.4799 20.6232 14.7663 9.02296 4.86395 5.77 5.77 5.77 5.77 5.77 5.77 5.77 5.77 5.77 5.77 5.77 5.77 5.77 5.77 5.77 5.77 5.77 5.77 5.77 5.77 5.77 5.77 5.77 5.77 5.77 5.77 5.77 5.77 5.77 5.77 5.77 5.77 5.77 5.77 5.77 5.77 5.77 5.77 5.76988 11.5397 17.3097 23.0798 24.4797 22.0896
17.0252 22.8083 28.5821 32.2157 37.9671 43.6538 44.5039 42.033 39.6606 39.7045 41.2633 41.3488 43.6746 45.4582 64.9605 69.633 125.167 120.17 114.274 108.401 102.532 96.6652 90.8008 84.9376 79.0751 73.213 67.3513 61.4898 55.6284 49.7672 43.9061 38.0451 32.1842 26.3235 20.4628 14.6022 8.87107 4.82102 5.77 5.77 5.77 5.77 5.77 5.77 5.77 5.77 5.77 5.77 5.77 5.77 5.77 5.77 5.77 5.77 5.77 5.77 5.77 5.77 5.77 5.77 5.77 5.77 5.77 5.77 5.77 5.77 5.77 5.77 5.77 5.77 5.77 5.77 5.77 5.77 5.77 5.77 5.7699 11.5397 17.3098 23.0798 28.8497 23.0797
16.1145 21.7641 24.0673 29.8416 35.4904 37.8175 38.661 36.2046 33.8293 33.8744 35.4367 35.5156 37.8532 39.6325 59.1508 63.5733 124.9 120.095 114.216 108.325 102.443 96.5668 90.6936 84.8225 78.9528 73.0841 67.2164 61.3493 55.4829 49.6171 43.7518 37.887 32.0226 26.1586 20.295 14.4317 8.71541 4.77927 5.77 5.77 5.77 5.77 5.77 5.77 5.77 5.77 5.77 5.77 5.77 5.77 5.77 5.77 5.77 5.77 5.77 5.77 5.77 5.77 5.77 5.77 5.77 5.77 5.77 5.77 5.77 5.77 5.77 5.77 5.77 5.77 5.77 5.77 5.77 5.77 5.77 5.76999 5.76989 11.5397 17.3098 23.0798 28.8498 23.0797
13.7002 15.8954 21.7069 27.3654 29.6544 32.0297 32.8748 30.3811 27.9965 28.0405 29.6103 29.6891 32.0435 33.8674 53.3475 57.87 124.142 119.771 114.172 108.253 102.361 96.4734 90.592 84.7135 78.8375 72.9635 67.0911 61.22 55.3501 49.4813 43.6133 37.7462 31.8797 26.0139 20.1486 14.2837 8.58201 4.74681 5.77 5.77 5.77 5.77 5.77 5.77 5.77 5.77 5.77 5.77 5.77 5.77 5.77 5.77 5.77 5.77 5.77 5.77 5.77 5.77 5.77 5.77 5.77 5.77 5.77 5.77 5.77 5.77 5.77 5.77 5.77 5.77 5.77 5.77 5.77 5.77 5.76999 5.76995 8.15985 13.9298 19.6998 25.4698 28.8498 23.0797
7.86299 13.5975 19.2818 21.513 23.8131 29.676 27.0218 24.5392 22.1574 22.1896 23.7849 23.8562 26.2406 28.2233 39.3915 44.2005 47.7228 118.765 114.165 108.232 102.317 96.4218 90.5318 84.6473 78.7667 72.889 67.0137 61.1405 55.2689 49.3987 43.5297 37.6617 31.7946 25.9282 20.0622 14.197 8.50586 4.73217 5.77 5.77 5.77 5.77 5.77 5.77 5.77 5.77 5.77 5.77 5.77 5.77 5.77 5.77 5.77 5.77 5.77 5.77 5.77 5.77 5.77 5.77 5.77 5.77 5.77 5.77 5.77 5.77 5.77 5.77 5.77 5.77 5.77 5.77 5.77 5.76999 5.76996 8.15989 13.9299 16.3198 22.0898 27.8599 28.8498 23.0797
5.63394 11.3065 13.5013 15.6377 21.5593 23.9713 21.273 18.6728 16.2938 16.3438 17.9325 17.9938 20.2998 26.1575 33.7489 39.6296 42.9288 115.587 113.957 108.326 102.366 96.4527 90.5555 84.6664 78.7821 72.902 67.0254 61.1513 55.2793 49.409 43.5399 37.672 31.8051 25.9396 20.0739 14.2105 8.5243 4.74285 5.77 5.77 5.77 5.77 5.77 5.77 5.77 5.77 5.77 5.77 5.77 5.77 5.77 5.77 5.77 5.77 5.77 5.77 5.77 5.77 5.77 5.77 5.77 5.77 5.77 5.77 5.77 5.77 5.77 5.77 5.77 5.77 5.77 5.77 5.77 5.76998 8.15992 13.9299 16.3199 22.0899 24.4799 30.2499 28.8498 23.0798
5.75357 5.58555 7.69668 13.5178 15.8589 21.7302 15.558 12.9589 10.5385 10.5982 12.1571 12.101 18.0473 23.8417 31.5478 37.4778 42.0838 60.5296 107.695 108.129 102.593 96.6092 90.7035 84.8056 78.9174 73.0355 67.1578 61.2834 55.4113 49.541 43.6724 37.805 31.9388 26.0747 20.2268 14.3684 8.6653 4.78292 5.77 5.77 5.77 5.77 5.77 5.77 5.77 5.77 5.77 5.77 5.77 5.77 5.77 5.77 5.77 5.77 5.77 5.77 5.77 5.77 5.77 5.77 5.77 5.77 5.77 5.77 5.77 5.77 5.77 5.77 5.77 5.77 5.77 5.77 5.76999 5.76995 11.5399 16.3199 22.0899 24.4799 30.2497 27.8596 25.4697 23.0799
5.77 5.75368 5.61654 7.78326 13.6702 16.2182 13.4691 7.64092 7.86401 7.86768 7.4298 11.8876 17.6987 23.5271 29.3475 34.8347 36.8537 40.4284 52.6911 99.7086 102.492 96.976 91.0203 85.0923 79.2002 73.3161 67.4377 61.5628 55.6909 49.8211 43.9533 38.0871 32.2224 26.3596 20.4978 14.6572 8.92215 4.85079 5.77 5.77 5.77 5.77 5.77 5.77 5.77 5.77 5.77 5.77 5.77 5.77 5.77 5.77 5.77 5.77 5.77 5.77 5.77 5.77 5.77 5.77 5.77 5.77 5.77 5.77 5.77 5.77 5.77 5.77 5.76998 5.76997 5.76997 5.76998 5.76995 8.1599 13.9299 19.6999 24.4799 30.2497 24.4797 22.0896 19.6997 17.3099
5.77 5.77 5.75746 5.63668 11.4211 13.8584 8.00914 8.12137 8.15997 8.15998 7.8692 10.6184 16.4897 22.3284 26.7093 29.0135 31.2686 35.821 44.1317 45.0759 92.1486 95.5476 91.4151 85.4322 79.5371 73.6545 67.7766 61.9034 56.0333 50.1659 44.3007 38.4375 32.5762 26.7165 20.8582 14.9983 9.23725 4.93756 5.77 5.77 5.77 5.77 5.77 5.77 5.77 5.77 5.77 5.77 5.77 5.77 5.77 5.77 5.77 5.77 5.77 5.77 5.77 5.77 5.77 5.77 5.77 5.77 5.77 5.77 5.77 5.77 5.77 5.77 5.76996 8.15992 8.15991 6.15987 8.1599 13.9299 16.3199 22.0899 27.8599 27.8597 22.0896 16.3196 13.9296 11.5398
5.77 5.77 5.77 5.75482 8.11297 11.5325 8.14368 8.16 8.16 8.1508 7.91524 13.6594 16.848 18.914 20.8514 23.1202 27.9729 30.4337 39.008 40.1989 86.3301 89.3925 91.6572 85.7082 79.7975 73.9166 68.0443 62.1756 56.3108 50.4485 44.5885 38.7308 32.8748 27.0209 21.1684 15.3163 9.53508 5.0287 5.77 5.77 5.77 5.77 5.77 5.77 5.77 5.77 5.77 5.77 5.77 5.77 5.77 5.77 5.77 5.77 5.77 5.77 5.77 5.77 5.77 5.77 5.77 5.77 5.77 5.77 5.77 5.77 5.77 5.77 5.76994 11.5399 13.9299 14.3199 13.9299 16.3199 22.0899 24.4799 30.25 25.4696 19.6996 13.9298 11.5398 8.15984
5.77 5.77 5.77 5.7677 5.75105 11.5276 8.15004 8.14591 8.14188 8.11936 13.8355 11.3776 10.9958 13.1093 14.9584 19.7914 22.3236 28.2034 33.3012 35.0474 40.5607 83.1977 87.4304 85.8706 80.0102 74.0963 68.2253 62.3641 56.5051 50.6492 44.7959 38.9446 33.0953 27.2475 21.4012 15.5563 9.76791 5.11101 5.77 5.77 5.77 5.77 5.77 5.77 5.77 5.77 5.77 5.77 5.77 5.77 5.77 5.77 5.77 5.77 5.77 5.77 5.77 5.77 5.77 5.77 5.77 5.77 5.77 5.77 5.77 5.77 5.77 5.76999 5.76995 11.5399 17.3099 20.09 20.48 22.0899 24.48 30.25 28.8496 23.0796 17.3097 11.5397 8.1598 5.76992
5.77 5.77 5.77 5.77 5.75934 11.5267 8.12611 13.8539 8.08273 13.8663 8.06371 7.98535 7.94441 7.65658 13.3092 14.1408 20.0677 25.2336 27.4769 31.282 35.3963 67.8265 75.3132 79.1338 80.1566 74.2448 68.351 62.4868 56.6321 50.7814 44.9338 39.0895 33.2472 27.4064 21.5668 15.7282 9.93663 5.17943 5.77 5.77 5.77 5.77 5.77 5.77 5.77 5.77 5.77 5.77 5.77 5.77 5.77 5.77 5.77 5.77 5.77 5.77 5.77 5.77 5.77 5.77 5.77 5.77 5.77 5.77 5.77 5.77 5.77 5.76999 8.15996 13.9299 16.32 22.09 24.48 28.64 30.25 30.25 24.48 22.0899 17.3099 11.5398 5.76988 5.76999
5.77 5.77 5.77 5.77 5.76336 8.13038 13.8939 16.248 17.2243 11.4245 8.08367 8.15971 8.15979 8.08485 7.6679 12.6874 18.0854 19.304 23.0865 28.2136 33.4311 57.5597 59.9262 66.9513 75.7167 74.3537 68.5087 62.6005 56.7437 50.8945 45.0521 39.2122 33.375 27.5397 21.7058 15.8727 10.0792 5.2363 5.77 5.77 5.77 5.77 5.77 5.77 5.77 5.77 5.77 5.77 5.77 5.77 5.77 5.77 5.77 5.77 5.77 5.77 5.77 5.77 5.77 5.77 5.77 5.77 5.77 5.77 5.77 5.77 5.77 5.76999 5.76998 8.15996 13.93 16.32 22.09 27.86 30.25 24.48 22.0899 16.3199 13.9299 11.5399 5.76997 5.77
5.77 5.77 5.77 5.77 5.76855 5.74424 11.4835 16.2653 19.6248 13.8179 8.06939 8.15979 8.15994 8.15977 7.98142 11.1203 13.2476 14.8798 20.0055 25.8838 31.3266 46.0832 49.603 51.7719 58.7772 67.4675 68.5885 62.7888 56.8748 51.0226 45.1756 39.3355 33.4994 27.6659 21.8346 16.0047 10.2086 5.28604 5.77 5.77 5.77 5.77 5.77 5.77 5.77 5.77 5.77 5.77 5.77 5.77 5.77 5.77 5.77 5.77 5.77 5.77 5.77 5.77 5.77 5.77 5.77 5.77 5.77 5.77 5.77 5.77 5.77 5.77 5.77 5.76998 8.15996 13.9299 19.7 25.47 24.48 22.09 16.32 13.9299 8.1599 5.76996 5.76999 5.77
5.77 5.76785 5.76776 5.7686 5.77 5.76022 8.10732 11.4601 13.8508 11.4507 8.04103 8.15969 8.16001 8.15974 8.12381 7.97293 7.56514 13.1952 18.3837 24.2047 29.8109 40.5388 44.0806 46.1874 48.4497 50.7366 59.3348 62.8574 57.0784 51.1615 45.3065 39.4605 33.6211 27.7866 21.9552 16.1263 10.3266 5.33082 5.77 5.77 5.77 5.77 5.77 5.77 5.77 5.77 5.77 5.77 5.77 5.77 5.77 5.77 5.77 5.77 5.77 5.77 5.77 5.77 5.77 5.77 5.77 5.77 5.77 5.77 5.77 5.77 5.77 5.77 5.77 5.77 5.76998 11.5399 17.31 23.08 22.09 16.32 13.9299 8.15993 5.76997 5.77 5.77 5.77
5.77 5.76795 8.15795 5.76744 5.76875 5.76793 5.75883 5.72282 8.07058 11.515 8.07447 8.15957 8.14038 8.15997 8.15989 8.15951 7.87464 10.886 16.2147 22.0436 27.7877 36.1242 38.3259 40.469 42.8627 45.2065 48.7958 51.2577 57.1625 51.3321 45.4226 39.5689 33.7264 27.8905 22.0592 16.2309 10.4285 5.37089 5.77 5.77 5.77 5.77 5.77 5.77 5.77 5.77 5.77 5.77 5.77 5.77 5.77 5.77 5.77 5.77 5.77 5.77 5.77 5.77 5.77 5.77 5.77 5.77 5.77 5.77 5.77 5.77 5.77 5.77 5.77 5.77 5.76999 11.54 16.32 22.09 19.7 13.93 8.15995 5.76998 5.77 5.77 5.77 5.76999
5.77 5.76815 5.7675 8.15795 5.76766 5.77 5.77 5.76594 5.72485 11.5021 8.06635 8.11124 8.15933 8.15969 8.15975 8.09409 7.74925 13.3852 19.1223 24.6729 28.3366 30.368 32.5111 34.6844 37.0782 39.4933 43.1081 45.5241 48.3157 51.4865 45.5037 39.6467 33.8042 27.97 22.1409 16.315 10.5113 5.40632 5.77 5.77 5.77 5.77 5.77 5.77 5.77 5.77 5.77 5.77 5.77 5.77 5.77 5.77 5.77 5.77 5.77 5.77 5.77 5.77 5.77 5.77 5.77 5.77 5.77 5.77 5.77 5.77 5.77 5.77 5.77 5.77 5.77 8.15999 13.93 19.7 17.31 11.54 5.76997 5.77 5.77 5.77 5.77 5.76996
5.77 5.77 5.7678 5.76713 5.76725 5.77 5.77 5.77 5.75668 11.5048 11.5159 8.10341 7.97791 8.07108 8.02116 7.89421 13.4649 15.9247 21.7895 22.7823 22.4258 24.5178 26.714 28.869 31.2881 34.9172 37.2992 39.9395 45.723 51.5549 45.5667 39.7016 33.8635 28.0345 22.2098 16.386 10.5823 5.43876 5.77 5.77 5.77 5.77 5.77 5.77 5.77 5.77 5.77 5.77 5.77 5.77 5.77 5.77 5.77 5.77 5.77 5.77 5.77 5.77 5.77 5.77 5.77 5.77 5.77 5.77 5.77 5.77 5.77 5.77 5.77 5.77 5.77 5.76999 11.54 13.93 16.32 11.54 5.76999 5.77 5.77 5.77 5.76997 8.15993
5.77 5.77 5.77 5.77 5.77 5.77 5.77 5.77 5.76417 5.73255 8.10419 5.53827 13.4685 7.67903 11.5913 13.7331 16.1351 16.9361 16.9277 16.8736 16.5362 18.6791 20.8984 23.0635 26.6993 29.065 31.6495 37.4058 43.1205 49.1198 45.6616 39.7581 33.9303 28.1051 22.2787 16.4585 10.6545 5.47162 5.77 5.77 5.77 5.77 5.77 5.77 5.77 5.77 5.77 5.77 5.77 5.77 5.77 5.77 5.77 5.77 5.77 5.77 5.77 5.77 5.77 5.77 5.77 5.77 5.77 5.77 5.77 5.77 5.77 5.77 5.77 5.77 5.77 5.77 5.77 8.16 13.93 11.54 5.76999 5.76999 5.76999 6.15997 8.15994 13.9299
5.77 5.77 5.77 5.77 5.77 5.77 5.77 5.77 5.77 5.76551 5.52024 11.2781 15.9077 17.7522 15.934 13.5806 11.2342 11.0487 11.0183 11.106 10.9054 13.1374 15.419 18.7991 20.8103 23.3683 29.1685 34.882 40.7262 43.2923 45.6407 39.85 34.0141 28.1974 22.3663 16.5467 10.7411 5.50736 5.77 5.77 5.77 5.77 5.77 5.77 5.77 5.77 5.77 5.77 5.77 5.77 5.77 5.77 5.77 5.77 5.77 5.77 5.77 5.77 5.77 5.77 5.77 5.77 5.77 5.77 5.77 5.77 5.77 5.77 5.77 5.77 5.77 5.77 5.77 5.77 8.16001 13.93 8.16 11.93 8.15997 11.93 13.9299 16.3199
5.77 5.77 5.77 5.77 5.77 5.77 5.77 5.77 5.77 5.76666 5.66648 11.2868 17.1347 19.367 13.3461 7.78473 7.96332 7.99235 7.98148 7.96863 7.91143 7.66418 10.8127 12.9827 15.0811 20.8965 26.6515 32.4987 34.9416 37.6882 39.6913 37.3176 31.8092 28.2989 22.4835 16.6612 10.8546 5.549 5.77 5.77 5.77 5.77 5.77 5.77 5.77 5.77 5.77 5.77 5.77 5.77 5.77 5.77 5.77 5.77 5.77 5.77 5.77 5.77 5.77 5.77 5.77 5.77 5.77 5.77 5.77 5.77 5.77 5.77 5.77 5.77 5.77 5.77 5.77 5.77 5.77 11.54 17.31 16.32 18.09 16.32 19.7 22.0899
5.75732 5.77 5.77 5.77 5.77 5.77 5.77 5.77 5.77 5.76352 8.0817 13.7901 16.1873 17.0415 11.0493 7.91732 8.15922 8.15939 8.15977 8.15945 8.15936 8.10581 7.92829 7.4489 12.9779 18.9319 24.7505 26.9452 29.4244 31.9221 35.447 31.3327 29.0458 23.5352 21.2586 15.7343 11.0038 5.60564 5.77 5.77 5.77 5.77 5.77 5.77 5.77 5.77 5.77 5.77 5.77 5.77 5.77 5.77 5.77 5.77 5.77 5.77 5.77 5.77 5.77 5.77 5.77 5.77 5.77 5.77 5.77 5.77 5.77 5.77 5.77 5.77 5.77 5.77 5.77 5.77 8.16001 13.93 19.7 25.47 23.86 26.25 24.48 27.8599
5.64878 5.75967 5.77 5.77 5.77 5.77 5.77 5.77 5.77 5.76494 5.72044 7.97765 13.7569 16.2262 13.6348 7.87711 8.04087 8.15884 8.15975 8.16001 8.15993 8.15974 8.15946 7.90825 10.9213 16.6975 18.8345 21.1359 23.5999 29.6496 29.7271 27.0439 23.0121 20.7635 15.2162 13.0256 7.62291 5.69112 5.77 5.77 5.77 5.77 5.77 5.77 5.77 5.77 5.77 5.77 5.77 5.77 5.77 5.77 5.77 5.77 5.77 5.77 5.77 5.77 5.77 5.77 5.77 5.77 5.77 5.77 5.77 5.77 5.77 5.77 5.77 5.77 5.77 5.77 5.77 5.77 5.76999 11.54 17.31 23.08 33.63 32.02 32.41 32.64
7.83986 5.70835 5.77 5.77 5.77 5.77 5.77 5.77 5.77 5.77 5.76303 5.70356 7.97605 13.786 16.1356 13.6166 7.88953 8.02371 8.15876 8.15975 8.15999 8.15991 8.15955 8.01112 11.2964 10.856 12.9411 15.2918 21.3964 23.9187 24.1459 21.3793 18.7583 14.7461 12.5913 7.07688 5.53616 5.75412 5.77 5.77 5.77 5.77 5.77 5.77 5.77 5.77 5.77 5.77 5.77 5.77 5.77 5.77 5.77 5.77 5.77 5.77 5.77 5.77 5.77 5.77 5.77 5.77 5.77 5.77 5.77 5.77 5.77 5.77 5.77 5.77 5.77 5.77 5.77 5.77 8.15999 13.93 19.7 25.47 36.02 40.57 40.18 42.57
11.1088 5.54051 5.75379 5.77 5.77 5.77 5.77 5.77 5.77 5.77 5.77 5.76204 5.70349 7.97386 13.7608 16.1385 13.5718 7.86018 8.01942 8.15866 8.15949 8.13012 8.06035 8.09264 8.0575 7.81529 7.50011 13.1229 15.5885 20.8177 18.3119 18.9861 13.0268 12.6376 6.70727 5.42453 5.74358 5.77 5.77 5.77 5.77 5.77 5.77 5.77 5.77 5.77 5.77 5.77 5.77 5.77 5.77 5.77 5.77 5.77 5.77 5.77 5.77 5.77 5.77 5.77 5.77 5.77 5.77 5.77 5.77 5.77 5.77 5.77 5.77 5.77 5.77 5.77 5.77 5.76999 11.54 16.32 22.09 27.86 48.9599 46.5697 44.1797 40.2421
13.4232 7.65821 5.62353 5.75834 5.77 5.77 5.77 5.77 5.77 5.77 5.77 5.77 5.76045 5.69395 7.93867 13.731 16.113 13.5237 7.83339 7.98195 7.98929 7.96787 11.4009 11.4134 8.12061 8.15966 8.06569 7.63886 13.3311 15.0022 12.4977 13.2644 10.7359 7.02439 5.39658 5.73782 5.77 5.77 5.77 5.77 5.77 5.77 5.77 5.77 5.77 5.77 5.77 5.77 5.77 5.77 5.77 5.77 5.77 5.77 5.77 5.77 5.77 5.77 5.77 5.77 5.77 5.77 5.77 5.77 5.77 5.77 5.77 5.77 5.77 5.77 5.77 5.77 5.77 8.15999 13.93 19.7 24.48 30.25 46.5698 40.7998 38.4097 36.0196
15.8203 13.5193 7.80743 5.66195 5.76095 5.77 5.77 5.77 5.77 5.77 5.77 5.77 5.77 5.75789 5.67999 7.90151 13.7007 16.0846 13.2702 7.60778 13.172 7.74097 13.5749 7.83439 8.12304 8.15993 8.15958 7.91111 11.2369 13.0437 7.43715 10.6105 7.54722 5.50964 5.7371 5.77 5.77 5.77 5.77 5.77 5.77 5.77 5.77 5.77 5.77 5.77 5.77 5.77 5.77 5.77 5.77 5.77 5.77 5.77 5.77 5.77 5.77 5.77 5.77 5.77 5.77 5.77 5.77 5.77 5.77 5.77 5.77 5.77 5.77 5.77 5.77 5.77 5.76999 11.54 16.32 22.09 27.86 32.64 44.1798 38.4098 32.6398 30.2496
21.7154 15.9522 13.6223 7.8907 5.69448 5.76421 5.77 5.77 5.77 5.77 5.77 5.77 5.77 5.77 5.75511 5.66554 7.86208 13.6483 15.8424 17.7703 15.5625 13.2113 10.8614 7.77854 8.15819 8.15923 8.15956 7.97798 13.8352 11.9462 10.5763 7.60935 5.59626 5.74804 5.77 5.77 5.77 5.77 5.77 5.77 5.77 5.77 5.77 5.77 5.77 5.77 5.77 5.77 5.77 5.77 5.77 5.77 5.77 5.77 5.77 5.77 5.77 5.77 5.77 5.77 5.77 5.77 5.77 5.77 5.77 5.77 5.77 5.77 5.77 5.77 5.77 8.16001 8.15999 13.93 19.7 24.48 30.25 40.3899 41.7897 36.0197 30.2498 24.4797
24.1718 21.7992 16.0444 13.7061 7.99879 5.74065 5.77 5.77 5.77 5.77 5.77 5.77 5.77 5.77 5.77 5.75221 5.64341 7.769 13.4966 15.956 21.5941 18.974 12.8596 7.41771 7.80177 7.96566 7.9927 7.98947 11.4671 11.3073 7.69521 5.62192 5.74869 5.77 5.77 5.77 5.77 5.77 5.77 5.77 5.77 5.77 5.77 5.77 5.77 5.77 5.77 5.77 5.77 5.77 5.77 5.77 5.77 5.77 5.77 5.77 5.77 5.77 5.77 5.77 5.77 5.77 5.77 5.77 5.77 5.77 5.77 5.77 5.77 5.77 5.77 5.76999 11.54 16.32 22.09 27.86 32.64 34.6199 37.0097 33.6297 27.8597 22.0899
30.0024 24.2574 21.8534 16.1008 11.3792 5.70682 5.77 5.77 5.77 5.77 5.77 5.77 5.77 5.77 5.77 5.77 5.74851 5.60506 7.63773 13.3878 15.8194 21.553 15.436 12.8477 12.8566 7.39772 13.0821 7.77042 13.3485 7.73953 5.65041 5.75236 5.77 5.77 5.77 5.77 5.77 5.77 5.77 5.77 5.77 5.77 5.77 5.77 5.77 5.77 5.77 5.77 5.77 5.77 5.77 5.77 5.77 5.77 5.77 5.77 5.77 5.77 5.77 5.77 5.77 5.77 5.77 5.77 5.77 5.77 5.77 5.77 8.16001 8.16001 6.16001 5.77 8.15998 13.93 19.6999 25.47 31.2399 28.8499 31.2397 31.2398 25.4698 22.0899
30.9133 25.1119 19.2977 13.5307 7.83413 5.72154 5.77 5.77 5.77 5.77 5.77 5.77 5.77 5.77 5.77 5.77 5.77 5.74478 5.57723 7.56028 13.3732 15.8822 21.5718 19.3619 15.4528 17.2206 15.3897 12.9725 7.09889 5.50228 5.75482 5.77 5.77 5.77 5.77 5.77 5.77 5.77 5.77 5.77 5.77 5.77 5.77 5.77 5.77 5.77 5.77 5.77 5.77 5.74318 5.75048 5.75639 5.77 5.77 5.77 5.77 5.77 5.77 5.77 5.77 5.77 5.77 5.77 5.77 5.77 5.77 5.77 5.77 5.77 11.54 5.77 5.77 5.76998 11.5399 17.31 23.08 25.4699 23.0798 25.4697 27.8597 23.0797 22.0897
