tests/full-run-ref/erosion_2010_078_17_32.116.asc
ncols 512
nrows 512
xllcorner -3.24582
yllcorner -4.08743
cellsize 5
NODATA_value -99999
[rows 464 to 492 of 512, columns 402 to 468 of 512]
217.208 217.208 217.208 217.208 217.208 217.208 217.208 217.208 217.208 217.208 217.208 217.208 217.208 217.208 217.208 217.208 217.208 217.208 217.208 217.208 217.208 217.208 217.208 220.093 222.978 225.368 228.253 229.448 232.333 235.218 238.103 240.988 243.873 246.758 249.643 252.528 255.413 258.298 261.183 264.068 266.953 269.838 272.723 275.608 278.493 281.378 284.263 287.148 290.033 292.918 295.803 298.688 301.573 304.458 307.343 310.228 313.113 315.998 318.883 321.768 324.653 327.368 330.253 331.448 334.333 335.528 338.413
217.208 217.208 217.208 217.208 217.208 217.208 217.208 217.208 217.208 217.208 217.208 217.208 217.208 217.208 217.208 217.208 217.208 217.208 217.208 217.208 217.208 217.208 217.208 220.093 222.978 225.863 228.748 231.633 233.528 236.413 239.298 242.183 245.068 247.953 250.838 253.723 256.608 259.493 262.378 265.263 268.148 271.033 273.918 276.803 279.688 282.573 285.458 288.343 291.228 294.113 296.998 299.883 302.768 305.653 308.538 311.423 314.308 317.193 320.078 322.963 325.848 328.733 331.448 334.333 335.528 338.413 339.608
217.208 217.208 217.208 217.208 217.208 217.208 217.208 217.208 217.208 217.208 217.208 217.208 217.208 217.208 217.208 217.208 217.208 217.208 217.208 217.208 217.208 217.208 217.208 220.093 222.978 225.863 228.748 231.633 234.518 237.403 240.288 243.173 246.058 248.943 251.828 254.713 257.598 260.483 263.368 266.253 269.138 272.023 274.908 277.793 280.678 283.563 286.448 289.333 292.218 295.103 297.988 300.873 303.758 306.643 309.528 312.413 315.298 318.183 321.068 323.953 326.838 329.723 332.608 335.493 338.378 339.608 342.493
217.208 217.208 217.208 217.208 217.208 217.208 217.208 217.208 217.208 217.208 217.208 217.208 217.208 217.208 217.208 217.208 217.208 217.208 217.208 217.208 217.208 217.208 220.093 221.288 224.173 227.058 229.943 232.828 235.713 238.598 241.483 244.368 247.253 250.138 253.023 255.908 258.793 261.678 264.563 267.448 270.333 273.218 276.103 278.988 281.873 284.758 287.643 290.528 293.413 296.298 299.183 302.068 304.953 307.838 310.723 313.608 316.493 319.378 322.263 325.148 328.033 330.918 333.803 336.688 339.573 342.458 343.688
217.208 217.208 217.208 217.208 217.208 217.208 217.208 217.208 217.208 217.208 217.208 217.208 217.208 217.208 217.208 217.208 217.208 217.208 217.208 217.208 217.208 217.208 220.093 222.978 225.368 228.253 231.138 234.023 236.908 239.793 242.678 245.563 248.448 251.333 254.218 257.103 259.988 262.873 265.758 268.643 271.528 274.413 277.298 280.183 283.068 285.953 288.838 291.723 294.608 297.493 300.378 303.263 306.148 309.033 311.918 314.803 317.688 320.573 323.458 326.343 329.228 332.113 334.998 337.883 340.768 343.653 346.538
217.208 217.208 217.208 217.208 217.208 217.208 217.208 217.208 217.208 217.208 217.208 217.208 217.208 217.208 217.208 217.208 217.208 217.208 217.208 217.208 217.208 217.208 220.093 222.978 225.863 228.748 231.633 234.518 237.403 240.288 243.173 246.058 248.943 251.828 254.713 257.598 260.483 263.368 266.253 269.138 272.023 274.908 277.793 280.678 283.563 286.448 289.333 292.218 295.103 297.988 300.873 303.758 306.643 309.528 312.413 315.298 318.183 321.068 323.953 326.838 329.723 332.608 335.493 338.378 341.263 344.148 347.033
217.208 217.208 217.208 217.208 217.208 217.208 217.208 217.208 217.208 217.208 217.208 217.208 217.208 217.208 217.208 217.208 217.208 217.208 217.208 217.208 220.093 220.093 221.288 224.173 227.058 229.943 232.828 235.713 238.598 241.483 244.368 247.253 250.138 253.023 255.908 258.793 261.678 264.563 267.448 270.333 273.218 276.103 278.988 281.873 284.758 287.643 290.528 293.413 296.298 299.183 302.068 304.953 307.838 310.723 313.608 316.493 319.378 322.263 325.148 328.033 330.918 333.803 336.688 339.573 342.458 345.343 348.228
217.208 217.208 217.208 217.208 217.208 217.208 217.208 217.208 217.208 217.208 217.208 217.208 217.208 217.208 217.208 217.208 217.208 217.208 217.208 217.208 217.208 220.093 222.978 225.368 228.253 231.138 234.023 236.908 239.793 242.678 245.563 248.448 251.333 254.218 257.103 259.988 262.873 265.758 268.643 271.528 274.413 277.298 280.183 283.068 285.953 288.838 291.723 294.608 297.493 300.378 303.263 306.148 309.033 311.918 314.803 317.688 320.573 323.458 326.343 329.228 332.113 334.998 337.883 340.768 343.653 346.538 349.423
217.208 217.208 217.208 217.208 217.208 217.208 217.208 217.208 217.208 217.208 217.208 217.208 217.208 217.208 217.208 217.208 217.208 217.208 217.208 217.208 220.093 221.288 224.173 227.058 229.448 232.333 235.218 238.103 240.988 243.873 246.758 249.643 252.528 255.413 258.298 261.183 264.068 266.953 269.838 272.723 275.608 278.493 281.378 284.263 287.148 290.033 292.918 295.803 298.688 301.573 304.458 307.343 310.228 313.113 315.998 318.883 321.768 324.653 327.538 330.423 333.308 336.193 339.078 341.963 344.848 347.733 350.618
217.208 217.208 217.208 217.208 217.208 217.208 217.208 217.208 217.208 217.208 217.208 217.208 217.208 217.208 217.208 217.208 217.208 217.208 217.208 217.208 220.093 222.978 225.368 228.253 231.138 233.528 236.413 239.298 242.183 245.068 247.953 250.838 253.723 256.608 259.493 262.378 265.263 268.148 271.033 273.918 276.803 279.688 282.573 285.458 288.343 291.228 294.113 296.998 299.883 302.768 305.653 308.538 311.423 314.308 317.193 320.078 322.963 325.848 328.733 331.618 334.503 337.388 340.273 343.158 346.043 348.928 351.813
217.208 217.208 217.208 217.208 217.208 217.208 217.208 217.208 217.208 217.208 217.208 217.208 217.208 217.208 217.208 217.208 217.208 217.208 217.208 220.093 221.288 224.173 227.058 229.448 232.333 235.218 237.608 240.493 243.378 246.263 249.148 252.033 254.918 257.803 260.688 263.573 266.458 269.343 272.228 275.113 277.998 280.883 283.768 286.653 289.538 292.423 295.308 298.193 301.078 303.963 306.848 309.733 312.618 315.503 318.388 321.273 324.158 327.043 329.928 332.813 335.698 338.583 341.468 344.353 347.238 350.123 353.008
217.208 217.208 217.208 217.208 217.208 217.208 217.208 217.208 217.208 217.208 217.208 217.208 217.208 217.208 217.208 217.94 217.208 217.208 217.208 220.093 222.978 225.368 228.253 231.138 233.528 236.413 239.298 241.688 244.573 247.458 250.343 253.228 256.113 258.998 261.883 264.768 267.653 270.538 273.423 276.308 279.193 282.078 284.963 287.848 290.733 293.618 296.503 299.388 302.273 305.158 308.043 310.928 313.813 316.698 319.583 322.468 325.353 328.238 331.123 334.008 336.893 339.778 342.663 345.548 348.433 351.318 354.203
217.208 217.208 217.208 217.208 217.208 217.208 217.208 217.208 217.208 217.208 217.208 217.208 217.208 217.208 217.208 217.208 220.093 217.208 220.093 221.288 224.173 227.058 229.448 232.333 235.218 237.608 240.493 243.378 245.768 248.653 251.538 254.423 257.308 260.193 263.078 265.963 268.848 271.733 274.618 277.503 280.388 283.273 286.158 289.043 291.928 294.813 297.698 300.583 303.468 306.353 309.238 312.123 315.008 317.893 320.778 323.663 326.548 329.433 332.318 335.203 338.088 340.973 343.858 346.743 349.628 352.513 355.398
217.208 217.208 217.208 217.208 217.208 217.208 217.208 217.208 217.208 217.208 217.208 217.208 217.208 217.208 217.208 217.208 217.208 220.093 221.288 224.173 225.368 228.253 231.138 233.528 236.413 239.298 241.688 244.573 247.458 249.848 252.733 255.618 258.503 261.388 264.273 267.158 270.043 272.928 275.813 278.698 281.583 284.468 287.353 290.238 293.123 296.008 298.893 301.778 304.663 307.548 310.433 313.318 316.203 319.088 321.973 324.858 327.743 330.628 333.513 336.398 339.283 342.168 345.053 347.938 350.823 353.708 356.593
217.208 217.208 217.208 217.208 217.208 217.208 217.208 217.208 217.208 217.208 217.208 217.208 217.208 217.208 217.208 217.208 220.093 221.288 224.173 225.368 228.253 229.448 232.333 235.218 237.608 240.493 243.378 245.768 248.653 251.538 253.928 256.813 259.698 262.583 265.468 268.353 271.238 274.123 277.008 279.893 282.778 285.663 288.548 291.433 294.318 297.203 300.088 302.973 305.858 308.743 311.628 314.513 317.398 320.283 323.168 326.053 328.938 331.823 334.708 337.593 340.478 343.363 346.248 349.133 352.018 354.903 357.788
217.208 217.208 217.208 217.208 217.208 217.208 217.208 217.208 217.208 217.208 217.208 217.208 220.093 220.093 221.288 220.093 221.288 224.173 225.368 228.253 229.448 232.333 233.528 236.413 239.298 241.688 244.573 247.458 249.848 252.733 255.618 258.008 260.893 263.778 266.663 269.548 272.433 275.318 278.203 281.088 283.973 286.858 289.743 292.628 295.513 298.398 301.283 304.168 307.053 309.938 312.823 315.708 318.593 321.478 324.363 327.248 330.133 333.018 335.903 338.788 341.673 344.558 347.443 350.328 353.213 356.098 358.983
217.208 217.208 217.208 220.093 220.093 221.288 220.093 220.093 220.093 221.288 220.093 221.288 221.288 222.978 224.173 223.368 224.173 225.368 228.253 229.448 232.333 233.528 236.413 237.608 240.493 243.378 245.768 248.653 251.538 253.928 256.813 259.698 262.088 264.973 267.858 270.743 273.628 276.513 279.398 282.283 285.168 288.053 290.938 293.823 296.708 299.593 302.478 305.363 308.248 311.133 314.018 316.903 319.788 322.673 325.558 328.443 331.328 334.213 337.098 339.983 342.868 345.753 348.638 351.523 354.408 357.293 360.178
220.093 220.093 221.288 221.288 222.978 224.173 223.368 222.978 222.978 224.173 223.368 224.173 224.173 225.368 227.058 226.253 227.058 228.253 229.448 232.333 233.528 236.413 237.608 240.493 241.688 244.573 247.458 249.848 252.733 255.618 258.008 260.893 263.778 266.168 269.053 271.938 274.823 277.708 280.593 283.478 286.363 289.248 292.133 295.018 297.903 300.788 303.673 306.558 309.443 312.328 315.213 318.098 320.983 323.868 326.753 329.638 332.523 335.408 338.293 341.178 344.063 346.948 349.833 352.718 355.603 358.488 361.373
222.978 222.978 224.173 224.173 225.368 227.058 226.253 225.863 225.863 227.058 226.253 227.058 227.058 228.253 229.448 229.138 229.943 231.138 232.333 233.528 236.413 237.608 240.493 241.688 244.573 245.768 248.653 251.538 253.928 256.813 259.698 262.088 264.973 267.858 270.248 273.133 276.018 278.903 281.788 284.673 287.558 290.443 293.328 296.213 299.098 301.983 304.868 307.753 310.638 313.523 316.408 319.293 322.178 325.063 327.948 330.833 333.718 336.603 339.488 342.373 345.258 348.143 351.028 353.913 356.798 359.683 362.568
225.863 225.863 227.058 227.058 228.253 229.448 229.138 228.748 228.748 229.943 229.138 229.943 229.943 231.138 232.333 232.023 232.828 234.023 235.218 236.413 237.608 240.493 241.688 244.573 245.768 248.653 249.848 252.733 255.618 258.008 260.893 263.778 266.168 269.053 271.938 274.328 277.213 280.098 282.983 285.868 288.753 291.638 294.523 297.408 300.293 303.178 306.063 308.948 311.833 314.718 317.603 320.488 323.373 326.258 329.143 332.028 334.913 337.798 340.683 343.568 346.453 349.338 352.223 355.108 357.993 360.878 363.763
228.748 228.748 229.943 229.943 231.138 232.333 232.023 231.633 231.633 232.828 232.023 232.828 232.828 234.023 235.218 234.908 235.713 236.908 238.103 239.298 240.493 241.688 244.573 245.768 248.653 249.848 252.733 253.928 256.813 259.698 262.088 264.973 267.858 270.248 273.133 276.018 278.408 281.293 284.178 287.063 289.948 292.833 295.718 298.603 301.488 304.373 307.258 310.143 313.028 315.913 318.798 321.683 324.568 327.453 330.338 333.223 336.108 338.993 341.878 344.763 347.648 350.533 353.418 356.303 359.188 362.073 364.958
231.633 231.633 232.828 232.828 234.023 235.218 234.908 234.518 234.518 235.713 234.908 235.713 235.713 236.908 238.103 237.793 238.598 239.793 240.988 242.183 243.378 244.573 245.768 248.653 249.848 252.733 253.928 256.813 258.008 260.893 263.778 266.168 269.053 271.938 274.328 277.213 280.098 282.488 285.373 288.258 291.143 294.028 296.913 299.798 302.683 305.568 308.453 311.338 314.223 317.108 319.993 322.878 325.763 328.648 331.533 334.418 337.303 340.188 343.073 345.958 348.843 351.728 354.613 357.498 360.383 363.268 366.153
234.518 234.518 235.713 235.713 236.908 238.103 237.793 237.403 237.403 238.598 237.793 238.598 238.598 239.793 240.988 240.678 241.483 242.678 243.873 245.068 246.263 247.458 248.653 249.848 252.733 253.928 256.813 258.008 260.893 262.088 264.973 267.858 270.248 273.133 276.018 278.408 281.293 284.178 286.568 289.453 292.338 295.223 298.108 300.993 303.878 306.763 309.648 312.533 315.418 318.303 321.188 324.073 326.958 329.843 332.728 335.613 338.498 341.383 344.268 347.153 350.038 352.923 355.808 358.693 361.578 364.463 367.348
237.403 237.403 238.598 238.598 239.793 240.988 240.678 240.288 240.288 241.483 240.678 241.483 241.483 242.678 243.873 243.563 244.758 245.563 246.758 247.953 249.148 250.343 251.538 252.733 253.928 256.813 258.008 260.893 262.088 264.973 266.168 269.053 271.938 274.328 277.213 280.098 282.488 285.373 288.258 290.648 293.533 296.418 299.303 302.188 305.073 307.958 310.843 313.728 316.613 319.498 322.383 325.268 328.153 331.038 333.923 336.808 339.693 342.578 345.463 348.348 351.233 354.118 357.003 359.888 362.773 365.658 368.543
240.288 240.288 241.483 241.483 242.678 243.873 243.563 243.173 243.173 244.368 243.563 244.368 244.368 245.563 246.758 247.953 247.643 248.838 249.643 250.838 252.033 253.228 254.423 255.618 256.813 258.008 260.893 262.088 264.973 266.168 269.053 270.248 273.133 276.018 278.408 281.293 284.178 286.568 289.453 292.338 294.728 297.613 300.498 303.383 306.268 309.153 312.038 314.923 317.808 320.693 323.578 326.463 329.348 332.233 335.118 338.003 340.888 343.773 346.658 349.543 352.428 355.313 358.198 361.083 363.968 366.853 369.738
243.173 243.173 244.368 244.368 245.563 246.758 246.448 246.058 246.058 247.253 246.448 247.253 247.253 248.448 249.643 250.838 252.033 251.723 252.918 253.723 254.918 256.113 257.308 258.503 259.698 260.893 262.088 264.973 266.168 269.053 270.248 273.133 274.328 277.213 280.098 282.488 285.373 288.258 290.648 293.533 296.418 298.808 301.693 304.578 307.463 310.348 313.233 316.118 319.003 321.888 324.773 327.658 330.543 333.428 336.313 339.198 342.083 344.968 347.853 350.738 353.623 356.508 359.393 362.278 365.163 368.048 370.933
246.058 246.058 247.253 247.253 248.448 249.643 249.333 248.943 248.943 250.138 249.333 250.138 251.333 251.333 252.528 253.723 254.918 256.113 255.803 256.998 257.883 258.998 260.193 261.388 262.583 263.778 264.973 266.168 269.053 270.248 273.133 274.328 277.213 278.408 281.293 284.178 286.568 289.453 292.338 294.728 297.613 300.498 302.888 305.773 308.658 311.543 314.428 317.313 320.198 323.083 325.968 328.853 331.738 334.623 337.508 340.393 343.278 346.163 349.048 351.933 354.818 357.703 360.588 363.473 366.358 369.243 372.128
248.943 248.943 250.138 250.138 251.333 252.528 252.218 251.828 251.828 253.023 252.218 253.413 254.218 255.413 255.413 256.608 257.803 258.998 260.193 259.883 261.078 261.963 263.078 264.273 265.468 266.663 267.858 269.053 270.248 273.133 274.328 277.213 278.408 281.293 282.488 285.373 288.258 290.648 293.533 296.418 298.808 301.693 304.578 306.968 309.853 312.738 315.623 318.508 321.393 324.278 327.163 330.048 332.933 335.818 338.703 341.588 344.473 347.358 350.243 353.128 356.013 358.898 361.783 364.668 367.553 370.438 373.323
251.828 251.828 253.023 253.023 254.218 255.413 255.103 254.713 254.713 255.908 257.103 256.298 257.493 258.298 259.493 259.493 260.688 261.883 263.078 264.273 263.963 265.158 266.043 267.158 268.353 269.548 270.743 271.938 273.133 274.328 277.213 278.408 281.293 282.488 285.373 286.568 289.453 292.338 294.728 297.613 300.498 302.888 305.773 308.658 311.048 313.933 316.818 319.703 322.588 325.473 328.358 331.243 334.128 337.013 339.898 342.783 345.668 348.553 351.438 354.323 357.208 360.093 362.978 365.863 368.748 371.633 374.518
