tests/full-run-ref/erosion_2010_78_23_-57.856.asc
ncols 512
nrows 512
xllcorner -3.24582
yllcorner -4.08743
cellsize 5
NODATA_value -99999
[rows 434 to 464 of 512, columns 276 to 344 of 512]
11.5384 11.5329 8.1236 9.4734 8.14799 11.3959 8.15302 5.76721 5.77 5.77 5.77 5.77 5.77 5.76675 11.5291 17.3012 22.2382 17.2767 11.506 8.15013 7.51118 8.15823 5.7695 5.77 5.77 5.77 5.77 5.76837 11.5361 13.9231 11.5297 5.76613 5.77 5.77 5.76958 5.76903 8.15744 5.76911 5.77001 5.77001 5.77001 5.77001 5.77001 5.77001 5.77001 5.77001 5.77001 5.77001 5.77001 5.77001 5.77001 5.77001 5.77001 5.77001 5.77001 5.77001 5.77001 5.77001 5.77001 5.77001 5.77001 5.77001 5.77001 5.77001 5.77001 5.77001 5.77001 5.77001 5.77001
11.54 11.5337 11.5368 11.5385 11.5371 11.5024 5.76542 5.76796 5.77 5.77 5.77 5.77 5.77 5.76683 11.5299 15.3375 16.4667 17.0832 16.3132 13.9233 13.2827 8.15716 5.76945 5.77 5.77 5.77 5.77 5.76853 11.5378 8.15172 8.14878 5.76816 5.77 5.76993 5.76993 5.76932 8.15565 5.76897 5.77001 5.77001 5.77001 5.77001 5.77001 5.77001 5.77001 5.77001 5.77001 5.77001 5.77001 5.77001 5.77001 5.77001 5.77001 5.77001 5.77001 5.77001 5.77001 5.77001 5.77001 5.77001 5.77001 5.77001 5.77001 5.77001 5.77001 5.77001 5.77001 5.77001 5.77001
11.54 11.54 11.5324 9.34806 6.95982 5.762 5.76624 5.77 5.77 5.77 5.77 5.77 5.76964 5.76674 11.5318 11.3149 11.0255 11.3118 11.5329 11.5366 11.5374 5.76796 5.76966 5.77 5.77 5.77 5.76963 5.76826 11.5379 8.15175 5.76738 5.76918 5.76941 5.76941 6.15571 5.76966 5.76956 5.7695 5.77001 5.77001 5.77001 5.77001 5.77001 5.77001 5.77001 5.77001 5.77001 5.77001 5.77001 5.77001 5.77001 5.77001 5.77001 5.77001 5.77001 5.77001 5.77001 5.77001 5.77001 5.77001 5.77001 5.77001 5.77001 5.77001 5.77001 5.77001 5.77001 5.77001 5.77001
11.54 11.5399 11.5053 6.89371 5.75761 5.7691 5.77 5.77 5.77 5.77 5.77 5.76967 5.76852 8.15773 7.84408 5.76401 8.14912 9.12193 9.12399 9.11797 7.48763 5.76876 5.77 5.77 5.77 5.76901 5.76882 8.15522 13.9232 8.15155 8.14845 6.1496 6.15369 8.15808 5.76912 5.76995 5.77001 5.77001 5.77001 5.77001 5.77001 5.77001 5.77001 5.77001 5.77001 5.77001 5.77001 5.77001 5.77001 5.77001 5.77001 5.77001 5.77001 5.77001 5.77001 5.77001 5.77001 5.77001 5.77001 5.77001 5.77001 5.77001 5.77001 5.77001 5.77001 5.77001 5.77001 5.77001 5.77001
11.54 11.5397 11.4374 5.69818 5.76414 5.77 5.77 5.77 5.77 5.77 5.77 5.76891 8.15545 7.84679 5.76809 5.76923 5.76705 8.15439 9.12768 8.15487 5.76814 5.76948 5.77 5.77 5.77 5.76924 8.15691 13.9263 16.3135 13.9229 13.9196 11.9211 11.9248 8.15676 5.76932 5.77001 5.77001 5.77001 5.77001 5.77001 5.77001 5.77001 5.77001 5.77001 5.77001 5.77001 5.77001 5.77001 5.77001 5.77001 5.77001 5.77001 5.77001 5.77001 5.77001 5.77001 5.77001 5.77001 5.77001 5.77001 5.77001 5.77001 5.77001 5.77001 5.77001 5.77001 5.77001 5.77001 5.77001
11.54 11.5399 11.5087 8.05376 5.75348 5.77 5.77 5.77 5.77 5.77 5.77 5.76884 11.5381 9.12139 5.76883 5.77 5.76934 5.76754 9.12787 5.76764 5.76932 5.77 5.77 5.77 5.77 5.76915 11.538 11.537 13.9262 16.3165 19.6905 13.9195 8.14814 5.76822 5.76972 5.77001 5.77001 5.77 5.77 5.77 5.77 5.77 5.77001 5.77001 5.77001 5.77001 5.77001 5.77001 5.77001 5.77001 5.77001 5.77001 5.77001 5.77001 5.77001 5.77001 5.77001 5.77001 5.77001 5.77001 5.77001 5.77001 5.77001 5.77001 5.77001 5.77001 5.77001 5.77001 5.77001
11.54 11.54 11.5311 11.5106 5.73855 5.76646 5.76905 5.76967 5.76991 5.77 5.77 5.76951 5.76873 5.76865 5.76957 5.77 5.76868 8.15277 9.12179 8.15251 5.76838 5.77 5.77 5.77 5.76993 5.7694 6.26706 5.76815 8.15516 13.9258 16.3166 11.5298 5.76672 5.76958 5.77001 5.77001 5.77 5.77 5.77 5.77 5.77 5.77 5.77 5.77001 5.77 5.77001 5.77001 5.77001 5.77001 5.77001 5.77001 5.77001 5.77001 5.77001 5.77001 5.77001 5.77001 5.77001 5.77001 5.77001 5.77001 5.77001 5.77001 5.77001 5.77001 5.77001 5.77001 5.77001 5.77001
11.54 11.54 11.54 11.5266 8.11454 6.11631 6.14417 6.15623 5.76991 5.77 5.77 5.77 5.77 5.77 5.77 5.77 5.76735 11.5321 13.9223 9.10808 5.76205 5.7684 5.76862 5.76821 5.76896 6.26916 5.76989 5.76978 5.76879 8.15561 13.9264 11.5373 8.15683 5.76966 5.77001 5.77001 5.77 5.77 5.77 5.77 5.77 5.77 5.77 5.77 5.76972 5.76961 5.76966 5.76988 5.76991 5.76991 5.76992 5.76993 5.76993 5.76994 5.76994 5.76993 5.76993 5.76993 5.76993 5.76994 5.76994 5.76993 5.76993 5.76991 5.76988 5.76988 5.7699 5.76993 5.76996
11.54 11.54 11.54 11.5354 11.5322 11.5248 11.5274 5.76289 5.76918 5.76991 5.77 5.77 5.77 5.77 5.77 5.77 5.76626 11.5275 16.312 13.9091 8.13347 6.13741 6.14544 8.15303 8.15589 5.76927 5.76989 5.77 5.76965 5.769 8.15688 5.76881 8.15948 5.76971 5.76983 5.77 5.77 5.77 5.77 5.77 5.77 5.77 5.77 5.77 5.76961 8.15858 6.15663 6.15915 6.15978 6.15979 6.15977 6.15979 6.15988 6.15984 6.1598 6.15978 6.15974 6.15977 6.15985 6.15983 6.15986 6.15984 6.15984 6.15976 6.15971 6.15966 6.15981 6.15988 6.15993
11.5399 11.54 11.54 11.54 11.54 11.5379 11.5309 8.14866 6.15752 5.76988 5.77 5.77 5.77 5.77 5.77 5.77 5.76521 11.5218 17.2961 16.2999 13.9067 11.9104 11.9192 11.5288 5.76686 5.76794 5.77 5.77 5.77 5.76969 5.76971 5.7698 5.76988 8.15991 5.76979 5.77 5.77 5.77 5.77 5.77 5.77 5.77 5.77 5.77 5.76958 8.15837 11.5386 5.76901 5.76996 5.76995 5.76995 5.76995 5.76995 5.76995 5.76994 5.76994 5.76994 5.76995 5.76996 5.76996 5.76996 5.76996 5.76996 5.76995 5.76994 5.76994 5.76995 5.76997 5.76998
11.5074 11.5307 11.539 11.5396 11.5391 11.532 8.14059 5.76545 5.76936 5.76995 5.77 5.77 5.77 5.77 5.77 5.77 5.76453 11.5188 17.2925 22.072 19.651 13.8914 8.11786 5.76187 5.76835 5.77 5.77 5.77 5.77 5.77 5.77 5.77001 5.76989 5.7699 5.76989 5.77 5.77 5.77 5.77 5.77 5.77 5.77 5.77 5.77 5.76985 5.76888 8.15176 5.76914 5.77001 5.77001 5.77001 5.77001 5.77001 5.77001 5.77001 5.77001 5.77001 5.77001 5.77001 5.77001 5.77001 5.77001 5.77001 5.77001 5.77001 5.77001 5.77001 5.77001 5.77001
8.74562 8.74979 11.5394 11.5397 8.15392 5.76514 5.76714 5.76939 5.77 5.77 5.77 5.77 5.77 5.77 5.77 5.77 5.76462 11.5183 16.2978 22.0717 17.2581 11.4795 5.75373 5.76897 5.77001 5.77 5.77 5.77 5.77 5.77 5.77001 5.77001 5.77001 5.77001 5.77001 5.77001 5.77 5.77 5.77 5.77 5.77 5.77 5.77 5.77 5.77 5.76974 5.76944 5.76981 5.77001 5.77001 5.77001 5.77001 5.77001 5.77001 5.77001 5.77001 5.77001 5.77001 5.77001 5.77001 5.77001 5.77001 5.77001 5.77001 5.77001 5.77001 5.77001 5.77001 5.77001
8.76291 8.75943 11.5382 11.5378 5.76777 5.76967 5.76997 5.76997 5.76995 5.76995 5.76996 5.76996 5.77 5.77 5.77 5.77 5.76707 8.13446 13.9049 19.6812 17.2694 11.4901 5.755 5.76875 5.76988 5.77001 5.77 5.77 5.77 5.77 5.77001 5.77001 5.77001 5.77001 5.77001 5.77001 5.77001 5.77 5.77 5.77 5.77 5.77 5.77 5.77 5.77 5.76957 5.76913 5.76946 5.77001 5.77001 5.77001 5.77001 5.77001 5.77001 5.77001 5.77001 5.77001 5.77001 5.77001 5.77001 5.77001 5.77001 5.77001 5.77001 5.77001 5.77001 5.77001 5.77001 5.77001
8.76249 8.75726 12.3149 12.3189 8.15723 6.15827 6.15944 6.15925 6.15872 6.15844 6.15869 5.76953 5.76978 5.77 5.77 5.77 5.76913 5.76113 11.5194 17.2946 19.6621 13.8987 8.12519 6.13821 5.76688 5.76886 5.77001 5.77001 5.77001 5.77001 5.77001 5.77001 5.77001 5.77001 5.77001 5.77001 5.77001 5.77001 5.77 5.77 5.77 5.77 5.77 5.77 5.77 5.768 8.14569 5.76683 5.77001 5.77001 5.77001 5.77001 5.77001 5.77001 5.77001 5.77001 5.77001 5.77001 5.77001 5.77001 5.77001 5.77001 5.77001 5.77001 5.77001 5.77001 5.77001 5.77001 5.77001
8.76063 9.41203 15.1828 16.3181 13.928 11.9288 11.9295 11.9294 11.929 9.87024 11.9289 8.15874 5.76946 5.7698 5.77 5.77 5.76896 8.14985 13.9209 19.6856 22.065 16.2929 13.903 11.9128 8.1529 5.76843 5.77 5.77 5.77001 5.77001 5.77001 5.77001 5.77001 5.77001 5.77001 5.77001 5.77 5.77 5.77 5.77001 5.77 5.77 5.77 5.77 5.77 5.76523 11.5253 5.75388 5.76709 5.76941 5.7699 5.77 5.77 5.77 5.77001 5.77001 5.77001 5.77001 5.77001 5.77001 5.77001 5.77001 5.77001 5.77001 5.77001 5.77001 5.77001 5.77001 5.77001
8.76092 11.5385 17.3088 22.0882 16.3194 13.9294 11.5397 11.5396 11.5393 11.5395 11.5394 13.9291 8.15922 5.7697 5.77 5.77 5.76879 11.5373 16.3133 22.0833 24.4555 22.0653 19.6751 13.9246 8.15392 5.7686 5.77 5.77 5.76985 5.76984 5.76978 5.7698 5.76988 5.76996 5.77001 5.77 5.77 5.77 5.77 5.77 5.77 5.77 5.77 5.77 5.77 5.76196 11.5267 8.10615 6.11423 6.15382 5.76988 5.77 5.77 5.77 5.77 5.77001 5.77001 5.77001 5.77001 5.77001 5.77001 5.77001 5.77001 5.77001 5.77001 5.77001 5.77001 5.77001 5.77001
8.76107 13.9293 19.6989 19.6992 13.9292 8.15914 5.76973 5.76972 5.76965 5.76964 5.76955 8.15914 11.5393 5.76957 5.77 5.77 5.76967 8.15754 13.9278 17.3078 19.6977 22.088 17.3052 11.5342 5.76794 5.76955 5.77 5.77 5.76878 6.15443 6.15442 6.15694 6.15909 5.76997 5.77 5.77 5.77 5.77 5.77 5.77 5.77 5.77 5.77 5.77 5.77 5.75966 11.5072 13.884 11.5005 5.74696 5.7648 5.76866 5.76887 5.76893 5.76968 5.77001 5.77001 5.77001 5.77001 5.77001 5.77001 5.77001 5.77001 5.77001 5.77001 5.77001 5.77001 5.77001 5.77001
12.4442 16.3194 22.0895 17.3092 11.5389 5.76956 5.76994 5.77 5.77 5.77 5.76988 5.7697 8.15926 5.76971 5.77 5.77 5.76993 5.76928 11.5387 11.5375 13.9273 16.3178 17.3067 11.5358 5.76874 5.77 5.77 5.77 5.76819 11.537 11.9255 11.5381 5.76942 5.76998 5.77 5.77 5.77 5.77 5.77 5.77 5.77 5.77 5.77 5.77 5.7693 5.75612 11.4974 17.2772 13.863 8.08213 8.12825 5.75736 8.14769 8.15317 5.76836 5.77001 5.77001 5.77001 5.77001 5.77001 5.77001 5.77001 5.77001 5.77001 5.77001 5.77001 5.77001 5.77001 5.77001
8.15925 13.9293 16.3194 19.6992 13.9292 8.15918 5.76985 5.77 5.77 5.77 5.77 5.76989 5.76989 5.76989 5.77 5.77 5.77 5.7698 8.1592 5.7689 8.15701 13.9277 17.3086 11.5382 5.7689 5.76972 5.76964 5.76934 5.76852 11.538 8.15438 5.76855 5.76976 5.77 5.77 5.77 5.77 5.77 5.77 5.77 5.77 5.77 5.77 5.77 5.76792 8.13356 13.9013 19.6674 16.257 13.8623 12.9804 11.5224 13.0099 11.5316 5.76699 5.77001 5.77001 5.77001 5.77001 5.77001 5.77001 5.77001 5.77001 5.77001 5.77001 5.77001 5.77001 5.77001 5.77001
5.76982 8.15927 13.9294 13.9292 11.539 8.15911 5.76983 5.77 5.77 5.77 5.77 5.77 5.77 5.77 5.77 5.77 5.77 5.76991 5.76992 5.76988 5.76931 11.5391 11.5391 12.8524 8.15914 6.15824 6.15695 8.15781 8.1591 8.15685 5.76876 5.76977 5.77001 5.77 5.77 5.77 5.77 5.77 5.77 5.77 5.77 5.77 5.77 5.77 5.76808 8.14426 13.9015 16.2926 22.0329 19.6402 18.7581 16.2667 13.8768 8.14031 5.76784 5.77001 5.77001 5.77001 5.77001 5.77001 5.77001 5.77001 5.77001 5.77001 5.77001 5.77001 5.77001 5.77001 5.77001
5.76998 5.76984 8.15954 8.15916 5.7697 5.76988 5.76993 5.77 5.77 5.77 5.77 5.77 5.77 5.77 5.77 5.77 5.77 5.77 5.77 5.77 5.76985 5.76978 5.76957 7.08225 9.47276 11.9286 11.9276 13.9254 8.15648 5.76921 5.76981 5.77001 5.77 5.77 5.77 5.77 5.77 5.77 5.77 5.77 5.77 5.77 5.77 5.77 5.76955 5.76343 8.12504 13.8982 19.674 24.4622 19.6459 13.8683 8.09206 5.7605 5.76941 5.77001 5.77001 5.77001 5.77001 5.77001 5.77001 5.77001 5.77001 5.77001 5.77001 5.77001 5.77001 5.77001 5.77001
5.77 5.76997 5.76994 5.76994 5.76997 5.77 5.77 5.77 5.77 5.77 5.77 5.77 5.77 5.77 5.77 5.77 5.77 5.77 5.77 5.77 5.77 5.77 5.76995 5.76976 7.08141 12.8517 13.9253 8.15444 5.76864 5.76973 5.77001 5.77001 5.77 5.77 5.77 5.77 5.77 5.77 5.77 5.77 5.77 5.77 5.77 5.77 5.77 5.76916 5.75885 11.5098 16.2963 19.6692 17.2606 11.4846 5.75065 5.76803 5.77001 5.77001 5.77001 5.77001 5.77001 5.77001 5.77001 5.77001 5.77001 5.77001 5.77001 5.77001 5.77001 5.77001 5.77001
5.77 5.77 5.77 5.77 5.77 5.77 5.77 5.77 5.77 5.77 5.77 5.77 5.77 5.77 5.77 5.77 5.77 5.77 5.77 5.77 5.77 5.77 5.77 5.76994 5.76937 11.5377 8.15584 5.76867 5.76967 5.77001 5.77001 5.77001 5.77 5.77 5.77 5.77 5.77 5.77 5.77 5.77 5.77 5.77 5.77 5.77 5.77 5.77 5.76662 8.13297 13.9077 13.8987 11.5022 11.5227 7.9032 5.76908 5.77001 5.77001 5.77001 5.77001 5.77001 5.77001 5.77001 5.77001 5.77001 5.77001 5.77001 5.77001 5.77001 5.77001 5.77001
5.77 5.77 5.77 5.77 5.77 5.77 5.77 5.77 5.77 5.77 5.77 5.77 5.77 5.77 5.77 5.77 5.77 5.77 5.77 5.77 5.77 5.77 5.77 5.77 5.76952 5.76894 5.76902 5.7696 5.77001 5.77001 5.77001 5.77 5.77 5.77 5.77 5.77 5.77 5.77 5.77 5.77 5.77 5.77 5.77 5.77 5.77 5.77 5.76938 5.76299 11.5289 8.12642 5.75752 5.76355 5.76722 5.76945 5.77001 5.77001 5.77001 5.76998 5.76997 5.76995 5.76994 5.76995 5.76997 5.76999 5.76999 5.76989 5.76984 5.7699 5.77001
5.77 5.77 5.77 5.77 5.77 5.77 5.77 5.77 5.77 5.77 5.77 5.77 5.77 5.77 5.77 5.77 5.77 5.77 5.77 5.77 5.77 5.77 5.77 5.77 5.77 5.77 5.77001 5.77001 5.77001 5.77001 5.77001 5.77 5.77 5.77 5.77 5.77 5.77 5.77 5.77 5.77 5.77 5.77 5.77 5.77 5.77 5.77 5.77 5.76843 8.15591 5.76523 5.76915 5.77001 5.77001 5.77001 5.77001 5.77001 5.77001 5.76998 6.15997 6.16002 6.16002 6.16002 6.15998 5.76999 5.77 6.15991 7.25507 5.76993 5.77001
5.77 5.77 5.77 5.77 5.77 5.77 5.77 5.77 5.77 5.77 5.77 5.77 5.77 5.77 5.77 5.77 5.77 5.77 5.77 5.77 5.77 5.77 5.77 5.77 5.77 5.77001 5.77001 5.77001 5.77001 5.77001 5.77001 5.77 5.77 5.77 5.77 5.77 5.77 5.77 5.77 5.77 5.77 5.77 5.77 5.77 5.77 5.77 5.77 5.76968 5.76932 5.76948 5.77001 5.77001 5.77001 5.77001 5.77001 5.77001 5.77001 5.76998 5.76996 5.76993 5.76994 5.76993 5.76995 5.76999 5.76999 5.76992 5.7699 5.76993 5.77001
5.77001 5.77001 5.77001 5.77001 5.77 5.77 5.77 5.77 5.77 5.77 5.77 5.77 5.77 5.77 5.77 5.77 5.77 5.77 5.77 5.77 5.77 5.77 5.77 5.77 5.77 5.77 5.77001 5.77001 5.77001 5.77001 5.77001 5.77001 5.77 5.77 5.77 5.77 5.77 5.77 5.77 5.77 5.77 5.77 5.77 5.77 5.77 5.77 5.77 5.77 5.77 5.77 5.77001 5.77001 5.77001 5.77001 5.77001 5.77001 5.77001 5.77001 5.77001 5.77001 5.77001 5.77001 5.77001 5.77001 5.77001 5.77001 5.77001 5.77001 5.77001
5.77001 5.77001 5.77001 5.77001 5.77 5.77 5.77 5.77 5.77 5.77 5.77 5.77 5.77 5.77 5.77 5.77 5.77 5.77 5.77 5.77 5.77 5.77 5.77 5.77 5.77 5.77 5.77001 5.77001 5.77001 5.77001 5.77001 5.77001 5.77 5.77 5.77 5.77 5.77 5.77 5.77 5.77 5.77 5.77 5.77 5.77 5.77 5.77001 5.77 5.77 5.77 5.77001 5.77001 5.77001 5.77001 5.77001 5.77001 5.77001 5.77001 5.77001 5.77001 5.77001 5.77001 5.77001 5.77001 5.77001 5.77001 5.77001 5.77001 5.77001 5.77001
5.77001 5.77001 5.77001 5.77001 5.77001 5.77001 5.77001 5.77 5.77 5.77 5.77 5.77 5.77 5.77 5.77 5.77 5.77001 5.77001 5.77001 5.77001 5.77001 5.77001 5.77 5.77001 5.77001 5.77001 5.77001 5.77001 5.77001 5.77001 5.77001 5.77001 5.77001 5.77001 5.77 5.77 5.77 5.77001 5.77001 5.77001 5.77001 5.77001 5.77001 5.77001 5.77001 5.77001 5.77001 5.77001 5.77001 5.77001 5.77001 5.77001 5.77001 5.77001 5.77001 5.77001 5.77001 5.77001 5.77001 5.77001 5.77001 5.77001 5.77001 5.77001 5.77001 5.77001 5.77001 5.77001 5.77001
5.77001 5.77001 5.77001 5.77001 5.77001 5.77001 5.77001 5.77001 5.77001 5.77001 5.77001 5.77001 5.77001 5.77001 5.77001 5.77001 5.77001 5.77001 5.77001 5.77001 5.77001 5.77001 5.77001 5.77001 5.77001 5.77001 5.77001 5.77001 5.77001 5.77001 5.77001 5.77001 5.77001 5.77001 5.77001 5.77001 5.77001 5.77001 5.77001 5.77001 5.77001 5.77001 5.77001 5.77001 5.77001 5.77001 5.77001 5.77001 5.77001 5.77001 5.77001 5.77001 5.77001 5.77001 5.77001 5.77001 5.77001 5.77001 5.77001 5.77001 5.77001 5.77001 5.77001 5.77001 5.77001 5.77001 5.77001 5.77001 5.77001
5.77001 5.77001 5.77001 5.77001 5.77001 5.77001 5.77001 5.77001 5.77001 5.77001 5.77001 5.77001 5.77001 5.77001 5.77001 5.77001 5.77001 5.77001 5.77001 5.77001 5.77001 5.77001 5.77001 5.77001 5.77001 5.77001 5.77001 5.77001 5.77001 5.77001 5.77001 5.77001 5.77001 5.77001 5.77001 5.77001 5.77001 5.77001 5.77001 5.77001 5.77001 5.77001 5.77001 5.77001 5.77001 5.77001 5.77001 5.77001 5.77001 5.77001 5.77001 5.77001 5.77001 5.77001 5.77001 5.77001 5.77001 5.77001 5.77001 5.77001 5.77001 5.77001 5.77001 5.77001 5.77001 5.77001 5.77001 5.77001 5.77001
