tests/full-run-ref/erosion_79_1_-87.555.asc
ncols 512
nrows 512
xllcorner -3.24582
yllcorner -4.08743
cellsize 5
NODATA_value -99999
[rows 145 to 173 of 512, columns 67 to 133 of 512]
5.73179 5.77001 5.77001 5.77001 5.77001 5.77001 5.77001 5.77001 5.77001 5.77001 5.77001 5.77001 5.7503 11.4785 17.2534 23.0281 28.8024 34.5763 40.3498 46.1229 51.8955 57.668 63.4398 68.1798 70.5693 72.9591 75.3494 77.7401 80.1312 77.6527 71.8804 66.1066 60.3282 54.5412 48.7468 46.2345 40.4175 38.0313 35.5654 33.1669 30.7271 28.2832 30.737 33.1901 35.6059 38.0815 40.4792 46.2711 52.054 54.5734 52.1774 49.7835 47.3909 45.0036 45.0525 45.0663 46.4002 40.6553 38.2401 32.4566 30.0531 27.6704 27.7335 24.0476 21.6546 16.0526 13.5802
5.70071 5.77001 5.77001 5.77001 5.77001 5.77001 5.77001 5.77001 5.77001 5.77001 5.77001 5.77001 5.75445 11.4895 17.2638 23.0378 28.8113 34.5845 40.3574 46.13 51.9022 57.6366 60.0204 62.4077 64.7972 67.1874 69.5781 71.9692 74.3604 75.263 69.4911 63.718 57.9428 52.1613 46.3685 40.5667 38.054 32.2257 29.8404 27.3654 24.9226 22.4673 24.9333 27.3957 29.8877 32.2903 38.0957 43.8858 48.8878 48.801 46.4012 44.004 41.6087 39.2197 39.2714 39.2858 41.6835 44.0781 40.64 38.2377 35.8457 33.1549 27.3741 21.6229 15.8154 13.4347 7.83973
5.72219 5.77001 5.77001 5.77001 5.77001 5.77001 5.77001 5.77001 5.77001 5.77001 5.77001 5.77001 5.75756 11.4976 17.2715 23.0449 28.818 34.5907 40.3633 46.1351 49.9043 51.8643 54.2475 56.635 59.0249 61.4155 63.8066 66.198 68.5894 70.9809 67.1017 61.3288 55.5548 49.7778 43.9925 38.1926 32.382 29.8693 24.0251 21.6301 19.104 16.6426 19.1198 21.6661 24.0862 29.9136 35.7151 40.7198 46.4782 46.4132 40.6227 38.2208 35.821 33.4299 33.4857 33.5021 35.9017 38.3073 39.2949 41.6882 36.5356 30.7484 24.9515 19.1407 13.3566 7.54689 5.67956
5.74941 5.77001 5.77001 5.77001 5.77001 5.77001 5.77001 5.77001 5.77001 5.77001 5.76997 5.76943 5.75828 11.5038 17.2775 23.051 28.8239 34.5959 39.3539 41.7426 44.131 46.0907 48.4742 50.862 53.2522 55.6432 58.0347 60.4265 62.8182 65.2102 64.7124 58.9394 53.1658 47.3905 41.6113 35.8214 30.013 24.1919 21.6787 15.802 13.3545 10.7971 13.3716 15.85 21.7216 27.5403 32.5515 38.3116 40.7053 44.0253 38.2369 32.4332 30.0256 27.6309 27.6939 27.7121 30.1255 32.5268 33.5103 35.91 34.1437 28.3461 22.5382 16.7121 10.8562 5.53128 5.74935
5.7518 5.77001 5.77001 5.77001 5.77001 5.77001 5.77001 5.77001 5.77001 5.77001 5.76995 6.15648 8.14468 13.9135 19.6747 24.4671 28.8193 31.1981 33.5803 35.9683 38.3568 40.3164 42.7002 45.0884 47.4791 49.8705 52.2625 54.6546 57.0467 60.4349 62.3226 56.5501 50.7764 45.0016 39.2247 33.4429 27.6475 21.8289 15.995 13.4776 7.57513 5.43245 7.59367 13.5127 19.3603 24.3804 30.1439 32.5346 38.3155 41.6367 35.8527 30.0523 24.2411 21.9979 22.0309 22.033 24.3482 27.7599 27.7232 30.1438 35.9372 30.759 24.9586 19.1489 13.4197 7.61274 5.69197
5.74853 5.77001 5.77001 5.77001 5.77001 5.77001 5.77001 5.77001 5.77001 5.77001 5.76978 5.76786 11.5355 13.9186 16.3061 22.074 23.0455 25.4233 27.8052 30.1933 32.5821 34.5417 36.9255 39.3142 41.7054 44.0974 46.4897 48.8823 52.2712 54.6633 57.0559 54.161 48.3872 42.6124 36.8358 31.0565 25.2711 19.4689 13.6383 7.82702 5.64485 5.74172 5.62348 11.3616 16.2058 21.9731 24.361 30.1442 35.926 39.3301 33.5493 27.7601 22.0196 22.0767 22.09 22.083 22.0676 22.0564 22.0388 27.7675 30.2061 33.1623 27.3792 21.6798 15.8783 13.5001 7.97144
5.7166 5.77001 5.77001 5.77001 5.77001 5.77001 5.77001 5.77001 5.77001 5.77001 5.76983 8.15942 5.76698 8.14618 13.9154 16.3009 17.2703 19.6471 22.0287 24.4169 27.7966 28.7657 31.1497 33.5392 35.931 38.3234 40.7163 44.1065 46.4991 48.8917 52.2682 51.8276 46.0542 40.2793 34.5028 28.7241 22.9419 17.1525 11.3441 5.65846 5.76146 5.77001 5.75234 8.04493 13.7989 16.1824 21.9708 27.7565 32.5797 36.9538 31.1734 25.3932 22.0633 22.09 22.09 22.09 22.09 22.09 22.0778 22.0617 27.8142 27.8175 29.8793 24.0936 21.6998 16.1597 13.7607
5.67974 5.77001 5.77001 5.77001 5.77001 5.77001 5.77001 5.77001 5.77001 5.77001 5.76977 5.76987 5.76954 5.7665 8.14406 11.5181 11.4932 13.8689 16.2507 19.6332 22.0198 22.9878 25.3727 27.763 30.1553 32.5485 35.9401 38.3334 40.7264 44.1034 46.4965 48.8896 46.0935 40.32 34.5455 28.7693 22.991 17.2098 11.4242 5.73074 5.77001 5.77001 5.76732 5.7386 8.01189 13.7936 19.5855 24.4107 30.1903 34.5739 28.7945 23.0172 22.072 22.09 22.09 22.09 22.09 22.09 22.09 22.0763 22.0733 22.0661 27.8329 29.8792 24.3413 21.9429 16.1542
5.71085 5.77001 5.77001 5.77001 5.77001 5.77001 5.77001 5.77001 5.77001 5.77001 5.77001 5.77001 5.77001 5.76963 5.76776 5.76291 5.751 8.10237 11.475 13.8562 16.2427 17.2097 19.5941 21.985 24.3783 27.7716 30.1656 32.5592 35.9377 38.3311 40.7247 46.4891 46.1114 40.3392 34.5664 28.7921 23.0162 17.2384 11.4583 5.74631 5.77001 5.77001 5.77001 5.76658 5.72689 11.4404 16.2401 22.0226 27.8012 33.5774 28.8219 23.0482 22.0795 22.09 22.09 22.09 22.09 22.09 22.09 22.09 22.09 22.074 27.8376 30.2306 30.1167 24.3357 21.941
5.74506 5.77001 5.77001 5.77001 5.77001 5.77001 5.77001 5.77001 5.77001 5.77001 5.77001 5.77001 5.77001 5.77001 5.77001 5.77001 5.76868 5.7625 5.7459 8.0915 11.4696 11.4285 13.8129 16.2053 19.601 21.9951 24.3894 27.7695 30.1635 32.5581 38.3254 40.7182 46.1196 40.3481 34.5761 28.803 23.0286 17.2526 11.4748 5.7523 5.77001 5.77001 5.77001 5.77001 5.75962 8.07493 13.8521 19.6338 25.4112 31.187 28.8239 23.0489 22.0781 22.09 22.09 22.09 22.09 22.09 22.09 22.09 22.09 22.0814 22.0663 27.828 32.5094 30.115 27.6168
5.72462 5.77001 5.77001 5.77001 5.77001 5.77001 5.77001 5.77001 5.77001 5.77001 5.77001 5.77001 5.77001 5.77001 5.77001 5.77001 5.77001 5.77001 5.76841 5.76122 5.74909 5.72894 8.05376 11.4334 13.8219 16.216 19.5981 21.9923 24.3878 30.16 32.554 38.3277 44.0998 40.3514 34.5796 28.807 23.0333 17.2581 11.4813 5.75469 5.77001 5.77001 5.77001 5.77001 5.76821 5.74404 11.4675 17.2476 23.024 28.7996 31.2151 25.4389 22.0749 22.09 22.09 22.09 22.09 22.09 22.09 22.09 22.09 22.09 22.0712 25.4109 31.1927 31.0002 25.2161
5.72448 5.77001 5.77001 5.77001 5.77001 5.77001 5.77001 5.77001 5.77001 5.77001 5.77001 5.77001 5.77001 5.77001 5.77001 5.77001 5.77001 5.77001 5.77001 5.77001 5.77001 5.76756 5.75682 5.73255 8.05885 11.4368 13.8165 16.2124 21.9909 24.3856 30.1627 35.937 41.7096 40.3516 34.5797 28.8073 23.0337 17.2587 11.4821 5.75512 5.77001 5.77001 5.77001 5.77001 5.77001 5.75687 11.4889 16.2655 22.0395 27.8102 32.5923 27.8323 22.0715 22.073 22.09 22.09 22.09 22.09 22.09 22.09 22.09 22.09 22.0715 27.8156 33.5833 28.6049 22.8164
5.75695 5.77001 5.77001 5.77001 5.77001 5.77001 5.77001 5.77001 5.77001 5.77001 5.77001 5.77001 5.77001 5.77001 5.77001 5.77001 5.77001 5.77001 5.77001 5.77001 5.77001 5.77001 5.77001 5.76773 5.75767 5.73063 8.04059 13.8165 16.2102 21.9925 27.7708 33.5458 39.3191 40.3499 34.5779 28.8054 23.0317 17.2564 11.4796 5.75449 5.77001 5.77001 5.77001 5.77001 5.77001 5.76369 8.0985 13.8693 19.642 24.4243 30.2004 30.2336 27.8326 22.0725 22.087 22.09 22.09 22.09 22.09 22.09 22.09 22.09 22.0726 25.413 31.1948 28.6428 22.8585
5.75632 5.77001 5.77001 5.77001 5.77001 5.77001 5.77001 5.77001 5.77001 5.77001 5.77001 5.77001 5.77001 5.77001 5.77001 5.77001 5.77001 5.77001 5.77001 5.77001 5.77001 5.77001 5.77001 5.77001 5.77001 5.76725 5.74214 8.03219 13.8132 19.5985 25.3783 31.1542 36.9282 40.3471 34.5748 28.8021 23.0281 17.2525 11.4752 5.75331 5.77001 5.77001 5.77001 5.77001 5.77001 5.76875 5.74933 11.4716 16.2538 22.0307 27.8066 32.5919 30.2166 24.4408 22.0744 22.0878 22.09 22.09 22.0897 22.0896 22.0898 22.0893 22.0742 27.8322 33.5132 28.6896 22.9099
5.72074 5.77001 5.77001 5.77001 5.77001 5.77001 5.77001 5.77001 5.77001 5.77001 5.77001 5.77001 5.77001 5.77001 5.77001 5.77001 5.77001 5.77001 5.77001 5.77001 5.77001 5.77001 5.77001 5.77001 5.77001 5.77001 5.76556 5.72382 11.4243 17.2107 22.9911 28.7678 34.5421 40.3149 34.5713 28.7983 23.024 17.248 11.4702 5.75199 5.77001 5.77001 5.77001 5.77001 5.77001 5.77001 5.76223 8.08664 13.8594 19.6375 24.423 30.1981 32.609 30.2161 24.4568 22.076 22.0791 22.0791 22.0805 22.4787 22.0814 22.0786 23.0003 25.3807 27.7388 25.3447 22.9525
5.72018 5.77001 5.77001 5.77001 5.77001 5.77001 5.77001 5.77001 5.77001 5.77001 5.77001 5.77001 5.77001 5.77001 5.77001 5.77001 5.77001 5.77001 5.77001 5.77001 5.77001 5.77001 5.77001 5.77001 5.77001 5.77001 5.76758 8.10103 13.862 19.6101 25.3862 31.1603 36.9331 40.3412 34.5684 28.7952 23.0206 17.2443 11.4663 5.75092 5.77001 5.77001 5.77001 5.77001 5.77001 5.77001 5.76851 5.74725 11.4681 16.2532 22.0296 27.8056 33.5807 32.6216 30.2312 27.8489 26.6379 26.6383 24.4151 22.0138 19.6173 17.2228 17.218 19.6028 21.9662 19.5652 17.1763
5.75547 5.77001 5.77001 5.77001 5.77001 5.77001 5.77001 5.77001 5.77001 5.77001 5.77001 5.77001 5.77001 5.77001 5.77001 5.77001 5.77001 5.77001 5.77001 5.77001 5.77001 5.77001 5.77001 5.77001 5.76947 5.76774 5.75852 5.73997 11.4528 17.2342 23.0119 28.7872 34.5611 40.3339 34.5673 28.794 23.0193 17.243 11.465 5.75013 5.77001 5.77001 5.77001 5.77001 5.77001 5.77001 5.77001 5.76216 8.08805 13.8598 19.6386 25.415 31.1897 30.1959 27.805 25.4148 23.0346 23.049 22.0231 16.2342 13.8337 11.4358 11.4316 13.8221 16.1913 13.7856 11.3833
5.77001 5.77001 5.77001 5.77001 5.77001 5.77001 5.77001 5.77001 5.77001 5.77001 5.77001 5.77001 5.77001 5.77001 5.77001 5.77001 5.77001 5.77001 5.77001 5.77001 5.77001 5.77001 5.77001 5.76942 5.76507 8.13749 11.5214 8.08297 13.8555 19.6296 25.4054 31.1792 36.9524 40.3417 34.569 28.7958 23.0214 17.2455 11.4678 5.7499 5.77001 5.77001 5.77001 5.77001 5.77001 5.77001 5.77001 5.76853 5.74836 11.4737 17.2529 23.0292 28.8031 24.4223 22.0293 19.6384 17.2586 17.2751 17.2844 13.8519 8.05992 5.73393 5.73373 8.04437 13.8102 8.00479 5.88177
5.75142 5.77001 5.77001 5.77001 5.77001 5.77001 5.77001 5.77001 5.77001 5.77001 5.77001 5.77001 5.77001 5.77001 5.77001 5.77001 5.77001 5.77001 5.77001 5.77001 5.77001 5.77001 5.7695 5.76532 8.1331 13.9052 16.2649 13.8689 16.2541 22.0296 27.799 33.5719 39.3347 36.9436 34.5528 28.8022 23.0278 17.2524 11.4754 5.75113 5.77001 5.77001 5.77001 5.77001 5.77001 5.77001 5.77001 5.77001 5.75879 11.4955 17.2718 23.0464 24.4507 22.0319 16.2529 13.8592 11.4792 11.4995 11.5095 11.5171 5.74886 5.76782 5.76772 5.74525 11.5192 5.8988 5.95271
5.7382 5.77001 5.77001 5.77001 5.77001 5.77001 5.77001 5.77001 5.77001 5.77001 5.77001 5.77001 5.77001 5.77001 5.77001 5.77001 5.77001 5.77001 5.77001 5.77001 5.77001 5.77001 5.76927 8.14434 13.906 16.2963 22.037 19.645 22.0341 24.424 30.1968 34.5802 33.5627 31.17 28.7797 28.7971 23.0386 17.2633 11.4871 5.75413 5.77001 5.77001 5.77001 5.77001 5.77001 5.77001 5.77001 5.76944 5.76009 11.5079 17.2833 22.0618 19.6666 16.2841 13.8644 8.08318 5.74802 5.75917 5.76114 8.14718 5.76739 5.77001 5.76799 5.74725 11.516 8.09456 6.97071
5.75142 5.77001 5.77001 5.77001 5.77001 5.77001 5.77001 5.77001 5.77001 5.77001 5.77001 5.77001 5.77001 5.77001 5.77001 5.77001 5.77001 5.77001 5.77001 5.77001 5.77001 5.77001 5.7694 5.76027 11.5051 17.2795 23.0524 25.4178 27.8083 28.8 28.805 28.8078 27.7895 25.3957 23.0037 23.0229 23.0439 17.2774 11.5016 5.75806 5.77001 5.77001 5.77001 5.77001 5.77001 5.76859 5.76843 5.76639 8.13785 13.911 17.2894 16.2895 13.8946 11.4994 8.11968 5.75739 5.7684 5.77001 5.76891 5.76839 5.76378 5.75155 5.73965 8.05928 13.8474 13.8703 9.32807
5.74909 5.77001 5.77001 5.77001 5.77001 5.77001 5.77001 5.77001 5.77001 5.77001 5.77001 5.77001 5.77001 5.77001 5.77001 5.77001 5.77001 5.77001 5.77001 5.77001 5.77001 5.77001 5.77001 5.76113 11.4986 17.2734 23.0465 27.807 25.4153 23.0255 23.031 23.0344 22.0279 19.6197 17.2257 17.2456 17.2694 17.2918 11.5187 5.76146 5.77001 5.77001 5.77001 5.77001 5.76893 5.76781 8.15435 8.1485 10.6952 13.9139 11.515 13.8995 8.12216 5.75823 5.76561 5.76911 5.77001 5.7694 5.76388 8.13181 8.09713 11.4938 8.02062 13.8017 16.2348 17.5037 15.111
5.65959 5.77001 5.77001 5.77001 5.77001 5.77001 5.77001 5.77001 5.77001 5.77001 5.77001 5.77001 5.77001 5.77001 5.77001 5.77001 5.77001 5.77001 5.77001 5.77001 5.77001 5.77001 5.77001 5.76166 11.5023 16.2778 22.0525 22.0343 19.6399 17.2491 17.256 17.2609 16.2546 13.8544 11.4445 11.4664 11.4917 11.5177 11.5267 5.75483 5.77001 5.77001 5.77001 5.77001 5.76913 8.15561 13.9251 13.9211 11.534 8.14017 5.76104 8.14311 5.76403 5.76911 5.77001 5.77001 5.77001 5.76758 8.13691 13.9047 13.8744 16.2075 13.8098 16.1949 21.9764 23.2796 20.8885
5.58137 5.77001 5.77001 5.77001 5.77001 5.77001 5.77001 5.77001 5.77001 5.77001 5.77001 5.77001 5.77001 5.77001 5.77001 5.77001 5.77001 5.77001 5.77001 5.77001 5.77001 5.77001 5.77001 5.76548 8.11191 13.8858 19.6623 16.2602 13.8629 11.47 11.4783 11.4834 13.8684 8.08057 5.74148 5.7522 5.75779 5.76214 8.15139 5.75935 5.77001 5.77001 5.77001 5.77001 5.76962 5.76856 11.5351 8.14972 5.76583 5.76789 5.76911 5.76915 5.76865 5.77001 5.77001 5.77001 5.77001 5.76744 8.1234 13.896 19.6499 21.9851 19.5913 21.9801 24.3703 28.6556 22.879
5.56821 5.77001 5.77001 5.77001 5.77001 5.77001 5.77001 5.77001 5.77001 5.77001 5.77001 5.77001 5.77001 5.77001 5.77001 5.77001 5.77001 5.7683 5.76914 5.76909 5.77001 5.77001 5.77001 5.76911 5.75763 11.5013 17.2792 13.8695 8.08623 5.7477 5.75488 5.75405 8.13675 5.75781 5.76831 5.77001 5.77001 5.76963 5.76949 5.76752 5.77001 5.77001 5.77001 5.77001 5.77001 5.76896 5.76844 5.76865 5.7696 5.77001 5.77001 5.77001 5.77001 5.77001 5.77001 5.76989 5.76991 5.76859 5.75303 11.4824 17.2608 23.0365 22.9943 25.3831 27.7732 28.6457 22.8674
5.6495 5.77001 5.77001 5.77001 5.77001 5.77001 5.77001 5.77001 5.77001 5.77001 5.77001 5.77001 5.77001 5.77001 5.77001 5.77001 5.76913 5.76809 8.15605 5.76842 5.77001 5.77001 5.76905 5.7674 5.76167 11.5177 16.2942 11.5071 5.75427 5.76849 5.77001 5.76935 5.76895 5.76935 5.77001 5.77001 5.77001 5.77001 5.77001 5.77001 5.77001 5.77001 5.77001 5.77001 5.77001 5.77001 5.77001 5.77001 5.77001 5.77001 5.77001 5.77001 5.77001 5.77001 5.77001 5.7699 6.16002 5.769 8.12768 13.8934 19.655 19.6108 17.2106 19.6004 21.9941 24.3958 22.8707
5.74747 5.77001 5.77001 5.77001 5.77001 5.77001 5.77001 5.77001 5.77001 5.77001 5.77001 5.77001 5.77001 5.77001 5.77001 5.76901 5.76603 8.15412 8.1539 5.76832 5.77001 5.77001 5.76835 11.5363 8.14239 13.9154 13.903 8.12787 5.76668 5.77001 5.77001 5.77001 5.77001 5.77001 5.77001 5.77001 5.77001 5.77001 5.77001 5.77001 5.77001 5.77001 5.77001 5.77001 5.77001 5.77001 5.77001 5.77001 5.77001 5.77001 5.77001 5.77001 5.77001 5.77001 5.77001 5.76992 5.76979 5.7694 5.76111 11.5036 16.2767 13.8714 11.4222 13.8146 16.2145 22.003 22.8819
5.74913 5.77001 5.77001 5.77001 5.77001 5.77001 5.77001 5.77001 5.77001 5.77001 5.77001 5.77001 5.77001 5.77001 5.76877 5.76438 8.13881 11.5299 5.7648 5.76913 5.77001 5.77001 5.76852 8.15211 13.9159 13.9075 8.13291 5.7648 5.76936 5.77001 5.77001 5.77001 5.77001 5.77001 5.77001 5.77001 5.77001 5.77001 5.77001 5.77001 5.77001 5.77001 5.77001 5.77001 5.77001 5.77001 5.77001 5.77001 5.77001 5.77001 5.77001 5.77001 5.77001 5.77001 5.77001 5.77001 5.76929 8.16002 5.76768 8.12521 13.889 8.10592 8.10922 8.08663 13.8204 19.6088 22.8955
5.73428 5.77001 5.77001 5.77001 5.77001 5.77001 5.77001 5.77001 5.77001 5.77001 5.77001 5.77001 5.77001 5.77001 5.76859 8.14077 13.9116 11.5263 5.76365 5.77001 5.77001 5.77001 5.76947 5.76665 11.5332 11.5296 5.76392 5.76942 5.77001 5.77001 5.77001 5.77001 5.77001 5.77001 5.77001 5.77001 5.77001 5.77001 5.77001 5.77001 5.77001 5.77001 5.77001 5.77001 5.77001 5.77001 5.77001 5.77001 5.77001 5.77001 5.77001 5.77001 5.77001 5.77001 5.77001 5.77001 5.7693 5.76962 5.7693 5.76277 11.5333 8.15276 8.15833 8.11644 11.433 17.2192 22.909
