tests/full-run-ref/erosion_82_12_73.185.asc
ncols 512
nrows 512
xllcorner -3.24582
yllcorner -4.08743
cellsize 5
NODATA_value -99999
[rows 186 to 216 of 512, columns 138 to 206 of 512]
5.7701 5.7701 5.7701 5.7701 5.76999 5.7701 5.76999 5.7701 5.77009 5.7701 5.7701 5.7701 5.77009 5.7701 5.74147 7.46035 5.73592 5.7701 5.76994 5.76999 5.77009 5.77006 5.7701 5.7701 5.77008 5.76998 5.76571 5.70397 6.27855 5.75001 5.67676 5.77 5.76989 5.77008 5.7701 5.76993 5.76998 5.76997 5.76998 5.76996 5.77009 5.77007 5.49224 7.16954 5.64792 5.76998 5.77009 5.76963 5.77002 5.76993 5.77 5.76993 5.76992 5.76998 5.76998 5.76999 5.77 5.76999 5.77 5.77 5.77 5.77 5.77 5.77 5.77 5.76999 5.76999 5.76999 5.77
5.7701 5.7701 5.7701 5.76988 5.7701 5.7701 5.77007 5.77008 5.7701 5.7701 5.7701 5.7701 5.77005 5.69563 5.74219 5.74199 5.74595 5.77009 5.76998 5.77008 5.77009 5.7701 5.77009 5.77005 5.76995 5.76998 5.76999 5.7095 5.74717 5.75277 5.76998 5.77001 5.7699 5.77009 5.7701 5.76983 5.76999 5.76997 5.76998 5.76997 5.77009 5.76999 5.45763 5.39125 5.53779 5.77005 5.77009 5.76963 5.76999 5.76995 5.76999 5.77 5.76999 5.76997 5.77002 5.76997 5.76999 5.76994 5.76993 5.76989 5.7699 5.76989 5.76992 5.76993 5.76999 5.77 5.76999 5.76999 5.77
5.7701 5.7701 5.7701 5.77 5.7701 5.7701 5.7701 5.7701 5.7701 5.77009 5.77005 5.7701 5.77001 5.6641 7.06536 5.72587 5.75216 5.66817 5.77 5.77008 5.7701 5.77007 5.77007 5.76991 5.76997 5.77 5.76997 5.77008 5.77009 5.77005 5.76997 5.77 5.76992 5.77009 5.7701 5.76996 5.76994 5.77009 5.76996 5.76999 5.77007 5.7701 5.77009 5.77001 5.7701 5.77 5.77009 5.76977 5.77002 5.76996 5.77 3.91967 3.84279 4.27615 5.76995 5.76988 5.77004 5.76994 5.77005 5.77 5.77005 5.76998 5.77004 3.99077 1.9202 1.71016 5.77 5.76999 5.77
5.7701 5.7701 5.77009 5.76992 5.7701 5.77009 5.77009 5.77008 5.77009 5.76999 5.76999 5.77 5.7397 5.70846 5.71763 5.73982 6.19388 5.71328 5.77003 5.7701 5.7701 5.77009 5.76994 5.76995 5.77 5.76996 5.76996 5.7701 5.77003 5.76999 5.76998 5.77 5.76994 5.77009 5.7701 5.76993 5.76999 5.76994 5.76999 5.76993 5.77009 5.77008 5.76994 5.76997 5.7701 5.77001 5.76997 4.32161 3.14121 3.5796 5.21078 4.60083 6.87306 4.01495 5.77005 5.76992 5.77008 5.76986 5.76986 5.76982 5.76983 5.76988 5.76994 3.06854 7.25284 2.06854 5.77 5.02733 5.21029
5.7701 5.7701 5.7701 5.7701 5.76993 5.76995 5.76998 5.77003 5.77009 5.77009 5.77002 5.77008 5.73519 5.92186 5.73551 5.72495 5.67022 5.7059 5.7701 5.77009 5.7701 5.76988 5.76995 5.77 5.76996 5.7699 5.77008 5.77005 5.76995 5.76998 5.77 5.76999 5.76998 5.77009 5.7701 5.76994 5.77009 5.76993 5.76998 5.77003 5.76995 5.77009 5.77005 5.76999 5.77008 5.77009 5.77007 4.92214 7.54793 4.53361 6.15289 4.99147 3.89725 4.12462 5.76993 5.76991 5.77002 5.76987 5.77 5.76999 5.77 5.76998 5.77002 3.1871 2.26823 2.56741 5.77 4.83685 6.15909
5.7701 5.7701 5.7701 5.76998 5.76999 5.76998 5.77007 5.7701 5.76999 5.77007 5.7701 5.77009 5.74808 5.64311 6.52689 5.46915 5.77009 5.76997 5.76992 5.76991 5.76985 5.76991 5.77001 5.76996 5.76995 5.77008 5.77009 5.76999 5.76998 5.77 5.77 5.77 5.77001 5.77009 5.7701 5.76999 5.77007 5.76998 5.77002 5.76996 5.76998 5.77007 5.77009 5.76994 5.7698 5.77008 5.77005 5.17812 3.66945 3.86901 5.18835 5.30102 5.77004 5.76995 5.77001 5.76998 5.77001 5.76999 5.7699 5.76989 5.76996 5.76995 5.76996 5.76997 5.77 5.76995 5.76995 5.19683 5.43311
5.7701 5.7701 5.77005 5.76999 5.72456 5.72924 5.75666 5.77006 5.76997 5.7701 5.77009 5.76996 5.77 5.54695 5.53011 5.53081 5.76999 5.76994 5.76996 5.77007 5.76996 5.76999 5.76998 5.76995 5.77008 5.77009 5.76993 5.76997 5.77 5.77 5.76993 5.76997 5.76999 5.77009 5.7701 5.77009 5.7701 5.7701 5.7701 5.77008 5.76998 5.76998 5.7701 5.77009 5.76996 5.76997 5.76995 5.76998 5.76995 5.77004 5.76993 5.76997 5.76992 5.76993 5.76999 5.77 5.76999 5.76998 5.77005 5.76992 5.76995 5.77003 5.76994 5.77 5.77 5.76993 5.77003 5.76994 5.76998
5.7701 5.77009 5.7701 5.7701 5.73241 6.01053 5.68528 4.86077 5.77008 5.77009 5.77004 5.76992 5.77 5.77 5.77003 5.77008 5.76994 5.76999 5.76992 5.76985 5.76986 5.77 5.77 5.76979 5.77008 5.77003 5.76996 5.77 5.76997 5.76997 5.77007 5.76994 5.76999 5.77005 5.7701 5.76995 5.76995 5.76993 5.76994 5.77009 5.77009 5.76993 5.76996 5.77009 5.76999 5.76998 5.77008 5.77009 5.76981 5.7699 5.76994 5.77002 5.76995 5.77 5.77 5.77 5.77 5.76994 5.76996 5.77 5.76997 5.76996 5.76996 5.77 5.77 5.76995 5.76994 5.76997 5.76989
5.7701 5.7701 5.77 5.76998 5.55951 5.74005 7.54732 5.67221 5.77008 5.76999 5.76987 5.76993 5.77 5.76995 5.76986 5.76987 5.76996 5.76997 5.77002 5.76995 5.77 5.76999 5.76998 5.76992 5.76999 5.7699 5.76997 5.77 5.76988 5.77008 5.7701 5.77008 5.76999 5.77008 5.7701 5.76985 5.76999 5.76995 5.76999 5.76998 5.7699 5.77008 5.76998 5.77009 5.77008 5.7701 5.7701 5.77004 5.76972 5.77 5.76997 5.76996 5.76997 5.76999 5.76999 5.76999 5.77 5.76999 5.77 5.77 5.76998 5.76999 5.76999 5.76999 5.76998 5.77 5.76995 5.77002 5.76991
5.76992 5.7701 5.7701 5.76997 5.47783 7.24915 5.71903 5.7026 5.77008 5.76993 5.77 5.77 5.77 5.76996 5.77002 5.76992 5.76999 5.76988 5.76995 5.76989 5.77 5.77 5.76993 5.77007 5.76991 5.76997 5.76998 5.77 5.76984 5.77009 5.7701 5.7701 5.7701 5.7701 5.77008 5.76997 5.77005 5.77005 5.77008 5.77003 5.77008 5.7701 5.77006 5.7701 5.77009 5.77 5.7701 5.77007 5.7698 5.77 5.77 5.77 5.76993 5.76994 5.77001 5.76998 5.76999 5.76999 5.77 5.76994 5.77003 5.76996 5.76988 5.77001 5.76997 5.77 5.76996 5.76998 5.76997
5.76997 5.7701 5.7701 5.7701 5.63972 5.74415 5.74177 5.77009 5.76999 5.76994 5.77 5.77 5.77 5.76997 5.76997 5.76987 5.77008 5.76995 5.77005 5.76991 5.77 5.76994 5.76999 5.76996 5.76996 5.77003 5.76994 5.76991 5.76993 5.77006 5.7701 5.7701 5.7701 5.7701 5.77001 5.7701 5.77009 5.7701 5.7701 5.7701 5.7701 5.7701 5.77009 5.7701 5.77 5.7701 5.7701 5.76999 5.76995 5.76999 5.76998 5.76999 5.76998 5.77008 5.76995 5.76999 5.77 5.76999 5.77 5.76996 5.76995 5.77008 5.7698 5.76996 5.76999 5.76996 5.76998 5.77001 5.76999
5.728 5.74295 5.76906 5.76893 5.77009 5.7701 5.7701 5.77009 5.76992 5.76998 5.76998 5.76994 5.77 5.77 5.77 5.76989 5.76999 5.76995 5.76998 5.76996 5.76996 5.76999 5.77007 5.76994 5.76997 5.76999 5.76991 5.77008 5.76995 5.77002 5.7701 5.7701 5.7701 5.7701 5.77007 5.76997 5.76999 5.77002 5.77006 5.77004 5.76999 5.77009 5.77008 5.76997 5.77009 5.7701 5.77009 5.76992 5.77 5.77 5.77002 5.76999 5.76999 5.76997 5.76996 5.76998 5.76999 5.76998 5.76997 5.76999 5.76992 5.76998 5.77005 5.76989 5.76994 5.77004 5.76998 5.76999 5.77
6.10361 5.76889 5.92372 5.76861 5.7701 5.7701 5.77009 5.76986 5.76992 5.76994 5.77005 5.76993 5.77 5.76996 5.76987 5.76997 5.76992 5.77 5.65254 5.62664 5.69322 5.77008 5.76993 5.76997 5.76998 5.77 5.76986 5.76999 5.76991 5.76999 5.77008 5.7701 5.7701 5.7701 5.77004 5.76996 5.76998 5.76999 5.76998 5.76996 5.76998 5.76999 5.76974 5.77008 5.7701 5.77008 5.76983 5.76992 5.77 5.76999 5.76997 5.77009 5.77004 5.76999 5.77005 5.76992 5.76997 5.77002 5.76999 5.77001 5.76997 5.76995 5.76998 5.77 5.61209 5.56659 5.6904 5.76997 5.77006
5.75933 5.76801 5.76905 5.7689 5.7701 5.77009 5.76988 5.76992 5.77 5.76993 5.76991 5.76995 5.76997 5.76988 5.77007 5.76983 5.76977 5.77007 5.70267 6.13707 5.66792 5.77002 5.76995 5.77006 5.76987 5.77 5.76992 5.77006 5.76989 5.76992 5.77004 5.7701 5.7701 5.77009 5.77006 5.77 5.76999 5.77007 5.76997 5.76998 5.77004 5.76995 5.77001 5.7701 5.7701 5.77008 5.76985 5.77 5.56271 5.64481 5.73902 5.77009 5.76999 5.76996 5.76989 5.7699 5.76998 5.76996 5.76997 5.76998 5.76994 5.76995 5.76993 5.77008 5.7182 5.98214 5.76133 5.76998 5.7701
5.77009 5.7701 5.7701 5.7701 5.77009 5.76976 5.7699 5.76999 5.77 5.77 5.76998 5.77002 5.76998 5.76995 5.76983 5.7699 5.76989 5.77008 5.66466 5.70562 5.67479 5.77 5.76993 5.76999 5.7699 5.76997 5.76992 5.76988 5.76994 5.76995 5.77 5.7701 5.7701 5.7701 5.76999 5.77009 5.76991 5.76997 5.77009 5.76999 5.77007 5.77009 5.77005 5.77009 5.77007 5.76991 5.76993 5.77 5.53403 5.98326 5.73748 5.77007 5.76982 5.77 5.77 5.77 5.76989 5.76986 5.76993 5.76994 5.76993 5.77006 5.76995 5.76999 5.72304 5.71459 5.72793 5.76997 5.77007
5.77009 5.7701 5.7701 5.77009 5.76991 5.76991 5.77002 5.76996 5.76991 5.76996 5.76996 5.76993 5.76992 5.77004 5.76993 5.77 5.76987 5.76996 5.77009 5.77004 5.76999 5.77 5.76997 5.77005 5.76992 5.77002 5.76996 5.77 5.77 5.77 5.7698 5.7701 5.7701 5.7701 5.77005 5.76995 5.76998 5.76998 5.77007 5.7701 5.7701 5.7701 5.7701 5.76995 5.76997 5.76997 5.77 5.77 5.67546 5.73653 5.73812 5.77002 5.76989 5.77 5.76986 5.76972 5.76976 5.77007 5.77006 5.76985 5.77 5.76989 5.76992 5.77 5.77 5.77006 5.77004 5.77001 5.76999
5.76997 5.76994 5.76993 5.76996 5.76995 5.76999 5.76997 5.76993 5.77005 5.76991 5.77 5.77 5.7699 5.7699 5.76992 5.77 5.76992 5.76999 5.77009 5.76998 5.76997 5.77 5.76995 5.76993 5.76996 5.76994 5.76997 5.76999 5.77 5.77 5.7697 5.7701 5.7701 5.77009 5.76999 5.76999 5.77 5.76997 5.77 5.77009 5.7701 5.77008 5.77 5.77008 5.76997 5.76998 5.77 5.77001 5.76999 5.77009 5.77005 5.76999 5.76991 5.76991 5.76977 5.77009 5.7701 5.77008 5.7701 5.77006 5.76978 5.77 5.77 5.77 5.76998 5.76999 5.76998 5.76998 5.76997
5.76998 5.7701 5.76991 5.77001 5.76999 5.77 5.77 5.76994 5.76992 5.76994 5.77 5.77 5.76999 5.77 5.76999 5.77 5.76995 5.77008 5.77003 5.76996 5.76997 5.76999 5.77 5.76993 5.77006 5.76991 5.77001 5.76998 5.76993 5.77 5.76966 5.7701 5.7701 5.77009 5.76998 5.77 5.77 5.76996 5.76991 5.77008 5.76999 5.77006 5.7701 5.7701 5.77006 5.76996 5.76996 5.76995 5.7699 5.77009 5.76999 5.76997 5.77007 5.76999 5.77004 5.7701 5.76999 5.76997 5.77 5.77009 5.76975 5.76989 5.77 5.76996 5.76996 5.77004 5.76999 5.77006 5.76996
5.7701 5.7701 5.76989 5.76997 5.76998 5.76994 5.77 5.77 5.77 5.76995 5.76991 5.76989 5.77 5.76999 5.77 5.77 5.76998 5.77009 5.76995 5.76994 5.77006 5.76988 5.76998 5.76994 5.76986 5.76988 5.76997 5.76999 5.76983 5.7701 5.76994 5.7701 5.7701 5.77009 5.76989 5.77 5.76997 5.77006 5.7701 5.76998 5.77009 5.7701 5.7701 5.77002 5.76986 5.76995 5.76993 5.77006 5.76989 5.7701 5.76998 5.76992 5.76994 5.76994 5.77004 5.77008 5.76996 5.77 5.76998 5.7701 5.77007 5.76979 5.77 5.7698 5.77005 5.76995 5.76995 5.76994 5.76995
5.7701 5.7701 5.76994 5.76996 5.77008 5.76993 5.77 5.77 5.77 5.76991 5.77006 5.76988 5.76995 5.76993 5.76996 5.76995 5.76999 5.77009 5.76993 5.76995 5.77 5.76992 5.76994 5.77002 5.76995 5.77 5.76992 5.76994 5.76976 5.7701 5.77 5.7701 5.7701 5.77009 5.76986 5.77 5.76997 5.76992 5.76994 5.77007 5.7701 5.77008 5.76999 5.76996 5.76996 5.77003 5.76994 5.76993 5.7699 5.77009 5.76982 5.76995 5.77003 5.76995 5.76992 5.77009 5.76996 5.76999 5.77 5.77009 5.77006 5.76978 5.76998 5.76973 5.77009 5.76985 5.76997 5.76997 5.77
5.7701 5.7701 5.7699 5.76993 5.76993 5.76992 5.76998 5.76999 5.56528 5.52455 5.6177 5.76999 5.76996 5.77004 5.76998 5.76999 5.77007 5.77 5.76995 5.77006 5.76999 5.77005 5.76985 5.76997 5.76995 5.77 5.76987 5.77005 5.76979 5.7701 5.77 5.7701 5.7701 5.77009 5.76987 5.76999 5.77002 5.77 5.77001 5.77008 5.7701 5.77008 5.76996 5.77 5.76997 5.76996 5.76996 5.77 5.76994 5.77009 5.76989 5.7699 5.76992 5.76999 5.76995 5.76995 5.76999 5.77004 5.76998 5.7701 5.77004 5.76987 5.77003 5.76978 5.77009 5.76984 5.77003 5.76996 5.76995
5.7699 5.76991 5.76993 5.76997 5.77003 5.76996 5.76996 5.77005 5.62476 6.13878 5.66685 5.76999 5.77 5.65981 5.60112 5.67138 5.77009 5.76985 5.76999 5.76997 5.76998 5.76993 5.7699 5.77 5.76998 5.77 5.76989 5.76992 5.76981 5.7701 5.76993 5.7701 5.7701 5.77009 5.76991 5.76999 5.76999 5.76999 5.76995 5.77007 5.7701 5.77009 5.76999 5.77 5.77 5.77 5.76998 5.76994 5.76997 5.77006 5.76998 5.77009 5.76987 5.77002 5.76998 5.77 5.76998 5.76996 5.77008 5.77007 5.77008 5.76993 5.76999 5.76994 5.77006 5.76993 5.76994 5.76998 5.76987
5.77 5.76996 5.76997 5.76998 5.76995 5.76998 5.76996 5.76999 5.67388 5.70999 5.70977 5.77009 5.77008 5.72577 6.13285 5.73942 5.77009 5.76987 5.77004 5.77 5.77004 5.76992 5.76999 5.76999 5.76999 5.76999 5.77 5.77 5.7699 5.77001 5.76994 5.7701 5.7701 5.77009 5.76993 5.76996 5.76994 5.76996 5.76999 5.77006 5.7701 5.77006 5.76999 5.76997 5.76996 5.76997 5.77007 5.76998 5.77008 5.76999 5.76994 5.76995 5.7699 5.76997 5.76995 5.76993 5.76996 5.77009 5.76999 5.77008 5.7701 5.77003 5.76996 5.76997 5.76999 5.77009 5.76993 5.76993 5.77009
5.77002 5.77006 5.76996 5.69434 5.64122 5.66114 5.74124 5.77006 5.77007 5.77009 5.77006 5.76999 5.77001 5.68932 5.64002 5.68368 5.77007 5.76989 5.76997 5.76995 5.76995 5.76996 5.76997 5.76998 5.76994 5.76996 5.76998 5.76996 5.76979 5.7701 5.76998 5.7701 5.7701 5.77009 5.76996 5.77006 5.77007 5.77009 5.77007 5.77009 5.7701 5.7701 5.77 5.76997 5.77007 5.76996 5.76995 5.76994 5.77008 5.76996 5.76996 5.77004 5.76994 5.76994 5.77005 5.76997 5.77009 5.76992 5.7701 5.76999 5.7701 5.77008 5.76993 5.76999 5.76994 5.77009 5.77005 5.76999 5.7701
5.77002 5.76997 5.76999 5.76144 5.95178 5.8374 5.74177 5.76998 5.76993 5.76994 5.76997 5.76996 5.77 5.76998 5.77009 5.76999 5.77 5.76994 5.77001 5.76999 5.76988 5.77004 5.76991 5.76994 5.77002 5.76991 5.76997 5.77002 5.7698 5.7701 5.76996 5.7701 5.7701 5.77009 5.76999 5.77003 5.76995 5.7699 5.76993 5.76995 5.77008 5.7701 5.77006 5.76999 5.76997 5.76993 5.77 5.76991 5.77009 5.76997 5.76999 5.76997 5.76994 5.77 5.10854 5.08737 4.87737 5.77004 5.76992 5.77009 5.77006 5.7701 5.77008 5.76994 5.57738 5.69885 5.61823 5.56298 5.63963
5.7699 5.77001 5.76996 5.74066 5.66748 5.46274 5.66145 5.77004 5.76997 5.76997 5.77008 5.76988 5.77001 5.76986 5.76998 5.76992 5.76999 5.77 5.76996 5.7699 5.77 5.76992 5.76992 5.76995 5.76995 5.76998 5.76992 5.76996 5.69374 5.71668 5.73925 5.77009 5.7701 5.77 5.76994 5.76999 5.76999 5.77 5.77 5.76996 5.77003 5.7701 5.77002 5.76996 5.77004 5.76994 5.77 5.76992 5.77009 5.77006 5.77 5.77001 5.77005 5.77 5.53253 6.64859 4.73999 5.77009 5.7699 5.76988 5.77009 5.77009 5.77009 5.77 5.6845 6.49633 5.75526 6.80761 5.66737
5.76997 5.77004 5.77009 5.77004 5.76999 5.77001 5.76998 5.7699 5.76994 5.7699 5.76986 5.76987 5.77 5.76986 5.77007 5.76995 5.76998 5.77002 5.76993 5.77005 5.76986 5.7699 5.77005 5.7699 5.77001 5.76993 5.77004 5.76995 5.69433 5.84654 5.7168 5.7701 5.77008 5.77007 5.76991 5.77001 5.76997 5.77 5.76999 5.76998 5.76998 5.7701 5.77 5.76998 5.76996 5.76996 5.76997 5.76999 5.77009 5.76997 5.76999 5.76998 5.76996 5.76997 5.2741 5.26853 5.65617 5.77007 5.77006 5.77002 5.76997 5.76991 5.7701 5.7701 5.7173 5.71088 5.64128 5.60983 5.6631
5.77006 5.77009 5.76996 5.76993 5.76997 5.76999 5.76999 5.77 5.77 5.77 5.77 5.76998 5.77001 5.76988 5.76998 5.76989 5.76984 5.7701 5.76989 5.76995 5.76992 5.76994 5.76989 5.76991 5.76996 5.76993 5.76996 5.76996 5.69485 5.65175 5.70029 5.76996 5.76997 5.76994 5.7701 5.77005 5.76995 5.76997 5.77 5.77007 5.77004 5.7701 5.77005 5.76988 5.76991 5.77005 5.76994 5.76999 5.77009 5.76998 5.76995 5.77004 5.76991 5.76999 5.77001 5.76998 5.77002 5.77008 5.7701 5.77009 5.77005 5.77 5.76993 5.7701 5.7701 5.77005 5.77004 5.76996 5.77008
5.76999 5.77007 5.76991 5.77001 5.77 5.77 5.77 5.76998 5.76999 5.76999 5.77 5.76998 5.76997 5.76988 5.77006 5.76989 5.76999 5.77004 5.76999 5.7699 5.77 5.77 5.77 5.77 5.76988 5.77005 5.76991 5.77 5.76998 5.77002 5.76993 5.77 5.76997 5.76996 5.77009 5.7701 5.77009 5.7701 5.77006 5.77009 5.7701 5.7701 5.77008 5.76988 5.76997 5.76993 5.77 5.77 5.77009 5.77003 5.76997 5.77 5.76993 5.76995 5.76994 5.7699 5.77008 5.7701 5.7701 5.7701 5.7701 5.77009 5.77009 5.76996 5.7701 5.7701 5.76996 5.77009 5.76999
5.77007 5.76994 5.7699 5.7699 5.76991 5.76992 5.76999 5.77 5.77 5.76999 5.77 5.77 5.77 5.7699 5.76987 5.76995 5.76993 5.76997 5.77008 5.76984 5.76989 5.77 5.77 5.77 5.7699 5.76984 5.76998 5.77 5.76999 5.76995 5.76988 5.77009 5.77009 5.77004 5.77008 5.77003 5.76999 5.76994 5.76999 5.77009 5.7701 5.77003 5.76984 5.76991 5.77005 5.76994 5.76998 5.77006 5.76999 5.77003 5.7699 5.77004 5.76995 5.77006 5.76998 5.77005 5.7701 5.7701 5.7701 5.7701 5.7701 5.7701 5.7701 5.76996 5.7701 5.77 5.7701 5.7701 5.77002
5.7701 5.7701 5.77008 5.77009 5.77009 5.76993 5.76992 5.77 5.77 5.76998 5.76995 5.76997 5.76994 5.76992 5.76997 5.76999 5.76999 5.77004 5.76999 5.77008 5.76994 5.77 5.77 5.76999 5.77 5.77 5.76999 5.76998 5.76991 5.76999 5.77007 5.7701 5.77006 5.76991 5.7699 5.76985 5.76999 5.76997 5.77002 5.7701 5.77009 5.77007 5.76984 5.76996 5.7699 5.76998 5.77005 5.76999 5.77001 5.77009 5.76996 5.76999 5.76993 5.76995 5.76993 5.76999 5.77008 5.7701 5.7701 5.7701 5.7701 5.7701 5.76999 5.7701 5.7701 5.7701 5.77009 5.7701 5.7701
