tests/full-run-ref/erosion_2010_79_1_-87.555.asc
ncols 512
nrows 512
xllcorner -3.24582
yllcorner -4.08743
cellsize 5
NODATA_value -99999
[rows 29 to 57 of 512, columns 0 to 66 of 512]
243.347 240.957 238.567 236.177 233.787 231.397 229.007 226.617 224.226 221.836 219.446 217.056 214.666 212.275 209.885 207.495 205.105 202.714 200.324 197.934 195.544 193.154 190.764 188.374 185.984 183.595 181.206 176.119 170.348 164.577 158.805 153.033 147.262 141.49 135.718 129.946 124.174 118.402 112.63 106.857 101.083 95.3059 89.5282 87.1508 81.3806 78.9956 76.5847 74.1251 71.6813 69.1656 66.7774 64.3875 61.9945 59.5984 57.2064 57.2202 56.1605 53.7622 48.2691 43.3457 37.5311 31.7058 29.36 23.9948 21.6409 19.8353 16.217
237.577 235.187 232.797 230.407 228.017 225.627 223.237 220.847 218.456 216.066 213.676 211.286 208.895 206.505 204.115 201.725 199.334 196.944 194.554 192.163 189.773 187.383 184.993 182.604 180.214 177.824 175.435 173.065 167.959 162.187 156.416 150.644 144.872 139.1 133.328 127.555 121.783 116.01 110.237 104.464 98.6898 92.9137 87.1339 81.3526 78.9786 73.2045 70.8215 68.4137 65.9561 63.5131 60.9971 58.6065 56.2109 53.8085 51.4048 51.4148 51.4375 51.4792 51.5361 45.7857 39.9795 37.6009 32.2338 29.8569 27.4841 24.3958 22.0123
231.807 229.417 227.027 224.637 222.247 219.857 217.467 215.077 212.686 210.296 207.906 205.516 203.125 200.735 198.345 195.954 193.564 191.174 188.783 186.393 184.003 181.613 179.223 176.833 174.443 172.053 169.664 167.294 165.57 159.799 154.027 148.255 142.483 136.711 130.938 125.165 119.392 113.619 107.846 102.072 96.2973 90.5217 84.7431 78.9592 73.1732 70.8031 65.024 62.644 60.2404 57.7853 55.3421 52.8227 50.4239 48.0121 45.5958 45.6059 45.6281 45.6675 45.7405 45.8295 45.8152 40.4438 38.0528 35.6631 30.2118 27.846 25.4649
226.037 223.647 221.257 218.867 216.477 214.087 211.697 209.307 206.916 204.526 202.136 199.746 197.355 194.965 192.575 190.184 187.794 185.403 183.013 180.622 178.232 175.842 173.452 171.062 168.672 166.282 163.893 161.523 161.531 157.41 151.638 145.866 140.094 134.322 128.549 122.776 117.002 111.229 105.455 99.6807 93.9056 88.1297 82.3524 76.5708 70.7816 64.9897 62.6239 56.8386 54.4627 52.0643 49.6108 47.1637 44.6324 42.2074 39.7751 39.7868 39.8132 39.8566 39.9297 40.0213 40.1136 39.2301 36.8376 31.1218 27.7518 23.0584 23.0761
220.267 217.877 215.487 213.097 210.707 208.317 205.927 203.537 201.146 198.756 196.366 193.976 191.585 189.195 186.804 184.414 182.023 179.633 177.242 174.852 172.462 170.071 167.681 165.291 162.901 160.511 158.122 155.752 155.76 155.02 149.249 143.478 137.706 131.933 126.161 120.387 114.614 108.84 103.065 97.2904 91.515 85.7388 79.9614 74.1821 68.3968 62.6009 56.8015 54.4408 48.6479 46.277 43.8834 41.4271 38.964 36.3942 33.9426 33.955 33.9864 34.0342 34.1121 34.2099 34.3074 34.3998 31.0387 28.6622 23.0371 23.0738 23.08
217.877 212.107 209.717 207.327 204.937 202.547 200.157 197.766 195.376 192.986 190.596 188.205 185.815 183.425 181.034 178.644 176.253 173.863 171.472 169.082 166.691 164.301 161.911 159.52 157.13 154.74 152.351 149.981 149.989 152.382 146.86 141.089 135.317 129.545 123.773 117.999 112.226 106.451 100.676 94.9012 89.1253 83.3488 77.5712 71.7922 66.0106 60.2209 54.4169 48.6084 46.2533 40.4509 38.0848 35.6915 33.2156 30.7034 28.1042 28.1208 28.156 28.2071 28.2878 28.3892 28.4928 28.5973 28.6831 23.0219 23.0705 23.08 23.08
215.487 209.717 203.947 201.557 199.167 196.777 194.387 191.996 189.606 187.216 184.826 182.435 180.045 177.655 175.264 172.874 170.483 168.092 165.702 163.311 160.921 158.53 156.14 153.75 151.359 148.969 146.58 144.209 144.217 146.611 144.47 138.7 132.928 127.157 121.384 115.612 109.838 104.064 98.2887 92.513 86.7368 80.9598 75.1819 69.4028 63.6221 57.8379 52.0431 46.2293 40.41 38.0611 32.2457 29.8869 27.4894 25.0003 22.8703 22.911 22.9229 22.9361 22.9534 22.9746 22.9965 23.0175 23.0466 23.0708 23.08 23.08 23.08
213.097 207.327 201.557 195.787 193.397 191.007 188.617 186.226 183.836 181.446 179.056 176.665 174.275 171.885 169.494 167.103 164.713 162.322 159.931 157.541 155.15 152.76 150.369 147.979 145.589 143.198 140.809 138.438 138.446 140.84 142.081 136.31 130.539 124.768 118.996 113.224 107.451 101.677 95.9018 90.126 84.3494 78.572 72.7938 67.0144 61.2337 55.451 49.664 43.8631 38.0379 32.206 29.8779 24.0984 22.9501 23.0347 23.0681 23.08 23.08 23.08 23.08 23.08 23.08 23.08 23.08 23.08 23.08 23.08 23.08
210.707 204.937 199.167 193.397 187.627 185.237 182.847 180.456 178.066 175.676 173.286 170.895 168.505 166.114 163.724 161.333 158.943 156.552 154.161 151.77 149.38 146.989 144.599 142.208 139.818 137.427 135.037 132.666 132.674 135.069 137.462 133.944 128.173 122.402 116.631 110.859 105.087 99.3132 93.5388 87.7632 81.9866 76.209 70.4304 64.6508 58.87 53.0875 47.3027 41.5125 35.7045 29.8729 24.0963 22.9888 23.0719 23.08 23.08 23.08 23.08 23.08 23.08 23.08 23.08 23.08 23.08 23.08 23.08 23.08 23.08
208.317 202.547 196.777 191.007 185.237 179.467 177.077 174.686 172.296 169.906 167.516 165.125 162.735 160.344 157.954 155.563 153.173 150.782 148.391 146 143.609 141.219 138.828 136.437 134.047 131.656 129.266 126.894 126.903 129.298 131.691 131.601 125.83 120.06 114.289 108.517 102.745 96.9725 91.1988 85.4238 79.6477 73.8702 68.0916 62.3118 56.5306 50.748 44.9636 39.1763 33.3822 27.5874 22.9543 23.0715 23.08 23.08 23.08 23.08 23.08 23.08 23.08 23.08 23.08 23.08 23.08 23.08 23.08 23.08 23.08
205.927 200.157 194.387 188.617 182.847 177.077 171.307 168.916 166.526 164.136 161.746 159.355 156.965 154.574 152.184 149.793 147.402 145.012 142.621 140.23 137.839 135.448 133.057 130.667 128.276 125.885 123.495 121.122 121.131 123.526 125.92 128.312 123.459 117.689 111.918 106.147 100.376 94.6035 88.8304 83.0562 77.2807 71.5036 65.7251 59.945 54.1632 48.3798 42.5944 36.8066 31.0155 25.2685 23.0486 23.08 23.08 23.08 23.08 23.08 23.08 23.08 23.08 23.08 23.08 23.08 23.08 23.08 23.08 23.08 23.08
203.537 197.767 191.997 186.227 180.457 174.687 168.916 163.146 160.756 158.366 155.976 153.585 151.195 148.804 146.414 144.023 141.632 139.241 136.851 134.46 132.069 129.678 127.287 124.896 122.505 120.114 117.723 115.35 115.359 117.755 120.15 122.542 121.072 115.302 109.531 103.761 97.9896 92.2179 86.4456 80.6723 74.8977 69.1215 63.3436 57.5638 51.782 45.998 40.2117 34.4229 28.6316 22.9874 23.0727 23.08 23.08 23.08 23.0797 23.08 23.08 23.08 23.08 23.08 23.08 23.08 23.08 23.08 23.0799 23.08 23.08
201.147 195.377 189.607 183.837 178.067 172.296 166.526 160.756 154.985 152.595 150.205 147.815 145.425 143.034 140.644 138.253 135.862 133.471 131.08 128.689 126.298 123.907 121.516 119.125 116.734 114.343 111.952 109.578 109.587 111.984 114.379 116.771 119.163 115.331 109.561 103.791 98.02 92.2492 86.4779 80.7061 74.9335 69.1599 63.3849 57.6083 51.8301 46.0499 40.2677 34.4834 28.6971 23.0263 23.08 23.08 23.08 23.0793 23.08 23.08 23.08 23.08 23.08 23.08 23.08 23.08 23.08 23.0799 23.08 23.08 23.08
198.757 192.987 187.217 181.447 175.676 169.906 164.136 158.365 152.595 146.824 144.435 142.045 139.655 137.264 134.874 132.483 130.092 127.701 125.31 122.919 120.528 118.137 115.746 113.355 110.964 108.572 106.18 103.806 103.815 106.213 108.608 111.001 113.392 115.356 109.586 103.815 98.0451 92.2747 86.5041 80.7332 74.9619 69.19 63.4172 57.6434 51.8683 46.0918 40.3137 34.5338 28.7521 23.0442 23.08 23.08 23.0787 23.08 23.08 23.08 23.08 23.08 23.08 23.08 23.08 23.08 23.0799 23.08 23.08 23.08 23.08
196.367 190.597 184.827 179.056 173.286 167.516 161.745 155.975 150.204 144.434 138.663 136.274 133.884 131.494 129.103 126.713 124.322 121.931 119.54 117.149 114.758 112.367 109.975 107.584 105.193 102.801 100.409 98.0339 98.0426 100.441 102.837 105.23 107.622 109.62 109.602 103.832 98.0615 92.2912 86.5209 80.7504 74.9797 69.2087 63.4372 57.6651 51.8922 46.1183 40.3432 34.5667 28.7887 23.0563 23.08 23.0779 23.08 23.08 23.08 23.08 23.08 23.08 23.0799 23.08 23.08 23.0799 23.08 23.08 23.08 23.08 23.08
193.977 188.207 182.437 176.666 170.896 165.126 159.355 153.584 147.814 142.043 136.272 130.501 128.112 125.723 123.333 120.943 118.552 116.161 113.77 111.379 108.988 106.596 104.205 101.814 99.4225 97.0306 94.6373 92.2616 92.2702 94.6696 97.0667 99.4601 101.852 103.85 103.844 103.839 98.0687 92.2985 86.5282 80.7578 74.9873 69.2167 63.4459 57.6747 51.903 46.1307 40.3575 34.5831 28.8074 23.0606 23.0728 23.08 23.08 23.08 23.0793 23.08 23.08 23.0799 23.08 23.08 23.0799 23.08 23.08 23.08 23.08 23.08 23.08
191.587 185.817 180.047 174.276 168.506 162.736 156.965 151.194 145.423 139.653 133.882 128.111 122.339 119.951 117.562 115.172 112.782 110.391 108 105.609 103.217 100.826 98.4348 96.0434 93.6519 91.2597 88.8657 86.4892 86.4978 88.898 91.2958 93.6896 96.0814 98.0796 98.0741 100.46 100.459 94.6887 88.9185 83.1482 77.3779 71.6076 65.8371 60.0665 54.2958 48.5247 42.7531 36.9807 31.2095 25.4387 23.0744 23.08 23.08 23.0787 23.08 23.08 23.0798 23.08 23.08 23.0799 23.08 23.08 23.08 23.08 23.08 23.08 23.0704
189.197 183.427 177.657 171.886 166.116 160.345 154.575 148.804 143.033 137.262 131.491 125.72 119.949 114.177 111.789 109.401 107.011 104.621 102.23 99.8385 97.4472 95.0559 92.6645 90.273 87.8814 85.4888 83.0941 80.7167 80.7253 83.1264 85.525 87.9191 90.3112 92.3095 92.3039 94.6896 97.0799 97.078 91.3079 85.5377 79.7675 73.9973 68.2271 62.4568 56.6864 50.9159 45.1449 39.3731 33.5999 27.8265 23.0706 23.08 23.0779 23.08 23.08 23.0793 23.08 23.08 23.0797 23.08 23.08 23.08 23.08 23.08 23.08 23.0664 22.5971
186.807 181.037 175.267 169.496 163.726 157.956 152.185 146.414 140.643 134.872 129.101 123.33 117.559 111.787 106.014 103.627 101.24 98.8501 96.4594 94.0683 91.6771 89.2857 86.8942 84.5027 82.1108 79.718 77.3225 74.9442 74.9527 77.3547 79.7541 82.1487 84.5409 86.5393 86.5337 88.9194 91.3097 93.6999 92.2898 86.5196 80.7494 74.9792 69.209 63.4388 57.6684 51.8979 46.1266 40.3542 34.58 28.8038 23.0615 23.076 23.08 23.08 23.0787 23.08 23.08 23.0793 23.08 23.08 23.08 23.08 23.08 23.08 23.0727 22.5786 21.9216
184.417 178.647 172.877 167.107 161.336 155.566 149.795 144.024 138.253 132.482 126.711 120.94 115.169 109.397 103.624 97.8509 95.4647 93.078 90.6887 88.298 85.9069 83.5155 81.124 78.7323 76.3404 73.9471 71.5509 69.1715 69.18 71.583 73.9831 76.3781 78.7706 80.769 80.7634 83.1492 85.5395 87.9297 90.3199 88.906 83.1358 77.3657 71.5955 65.8253 60.055 54.2844 48.5129 42.74 36.9652 31.188 25.415 23.0706 23.08 23.0779 23.08 23.08 23.0787 23.08 23.08 23.08 23.08 23.08 23.08 23.0778 22.6538 21.4208 27.2409
182.027 176.257 170.487 164.717 158.946 153.176 147.405 141.634 135.864 130.093 124.322 118.551 112.779 107.008 101.236 95.4619 89.6873 87.302 84.9161 82.5272 80.1365 77.7453 75.3537 72.962 70.5699 68.1763 65.7793 63.3989 63.4073 65.8112 68.2122 70.6076 73.0002 74.9987 74.9931 77.3789 79.7693 82.1595 84.5497 86.5082 85.5168 79.7467 73.9765 68.2064 62.4361 56.6653 50.8935 45.1201 39.3448 33.5673 27.7896 23.053 23.0727 23.08 23.08 23.0779 23.08 23.08 23.08 23.08 23.08 23.0658 22.9343 22.4305 20.9233 26.5489 28.543
179.637 173.867 168.097 162.327 156.556 150.786 145.015 139.245 133.474 127.703 121.932 116.161 110.39 104.618 98.8461 93.0734 87.2987 81.5231 79.1388 76.7539 74.3655 71.9749 69.5835 67.1917 64.7994 62.4055 60.0076 57.6261 57.6345 60.0393 62.4411 64.837 67.2298 69.2284 69.2226 71.6085 73.999 76.3893 78.7796 80.7381 80.7267 82.1299 76.3598 70.5897 64.8193 59.0482 53.276 47.5023 41.7268 35.949 30.1688 24.3959 23.0557 23.0728 23.0656 23.08 23.08 23.08 23.08 23.08 23.0744 22.7714 23.0219 25.5946 26.5713 27.8231 34.3204
177.247 171.477 165.707 159.937 154.166 148.396 142.625 136.855 131.084 125.313 119.542 113.771 108 102.228 96.456 90.6838 84.9104 79.1347 73.3579 70.975 68.5914 66.2036 63.813 61.4214 59.029 56.6347 54.2359 51.8533 51.8616 54.2674 56.6701 59.0664 61.4594 63.458 63.4521 65.8381 68.2287 70.6191 73.0094 74.968 74.9565 77.3467 78.75 72.9798 67.2093 61.438 55.6655 49.8918 44.1167 38.3399 32.5622 30.1794 28.8189 24.4459 23.0347 23.0175 23.0076 22.9324 22.911 22.9138 22.7104 22.1699 28.1016 30.719 33.1052 34.4266 36.3316
174.857 169.087 163.317 157.547 151.777 146.006 140.236 134.465 128.694 122.924 117.153 111.382 105.61 99.8384 94.0661 88.2935 82.5208 76.7468 70.9699 65.1916 62.8103 60.4284 58.0414 55.6508 53.2585 50.8638 48.4641 46.0804 46.0886 48.4955 50.899 53.2957 55.6889 57.6875 57.6816 60.0677 62.4584 64.8489 67.2393 69.1978 69.1864 71.5766 73.9667 75.3699 69.5995 63.8281 58.0557 52.2826 46.5088 40.7346 38.3482 35.963 32.6131 30.1073 24.2752 28.0592 23.9997 27.8643 23.2688 24.7088 21.5308 26.9321 29.9102 36.1631 39.0371 41.0024 42.882
172.467 166.697 160.927 155.157 149.387 143.616 137.846 132.075 126.305 120.534 114.763 108.992 103.221 97.449 91.6767 85.9039 80.1309 74.3576 68.5826 62.8042 57.0241 54.6448 52.2649 49.8788 47.4876 45.0929 42.6923 40.3075 40.3156 42.7234 45.1278 47.525 49.9183 51.917 51.9109 54.2971 56.688 59.0786 61.4691 63.4277 63.4162 65.8063 68.1963 70.5668 68.1764 65.7858 60.4477 54.6756 48.903 46.5148 44.1269 40.7764 38.2817 32.4888 30.0686 32.2749 29.8051 31.7686 29.1794 30.073 26.8471 28.8589 35.2195 38.3591 44.4898 47.2501 49.3538
170.077 164.307 158.537 152.767 146.997 141.226 135.456 129.686 123.915 118.144 112.373 106.603 100.831 95.0599 89.2877 83.515 77.7417 71.9682 66.1943 60.4182 54.6378 48.8555 46.4784 44.1007 41.7151 39.3215 36.9203 34.5344 34.5424 36.9513 39.3566 41.7542 44.1477 46.1464 46.1402 48.5266 50.9176 53.3083 55.6988 57.6575 57.6457 60.0355 62.4253 64.7958 62.4043 60.0137 57.6243 57.0692 54.6795 52.2895 48.9379 46.4446 40.6712 38.2713 35.8602 38.0716 35.625 37.591 35.0743 36.0611 33.1722 35.2031 37.4882 43.6758 46.7673 52.7876 55.5373
167.687 161.917 156.147 150.377 144.607 138.837 133.066 127.296 121.525 115.755 109.984 104.213 98.4422 92.6708 86.8989 81.1264 75.3533 69.5797 63.8057 58.0311 52.2537 46.4708 40.6859 38.311 35.9354 33.5483 31.148 28.7612 28.7692 31.1792 33.5854 35.9833 38.3863 40.3758 40.3694 42.756 45.1472 47.538 49.9285 51.887 51.8744 54.2638 56.6535 59.024 56.6319 54.2405 51.8506 51.8652 54.2578 54.1756 51.7856 48.8349 46.4441 44.0492 41.648 43.8641 41.4393 43.408 40.9394 41.963 39.321 41.4759 43.7083 46.023 52.0723 55.1262 61.0623
165.297 159.527 153.757 147.987 142.217 136.447 130.677 124.906 119.136 113.365 107.595 101.824 96.0529 90.2817 84.5102 78.738 72.9652 67.1918 61.4177 55.6433 49.868 44.0891 38.3033 32.5152 30.1425 27.7674 25.374 22.9876 22.9958 25.4069 27.814 30.2219 32.618 34.6053 34.5986 36.9853 39.3766 41.7673 44.1577 46.1159 46.102 48.491 50.8809 53.2522 50.8591 48.4665 46.076 46.0913 48.4859 48.405 46.0153 48.132 50.5221 49.8246 47.4308 49.6513 47.2422 49.2125 46.7733 47.8181 45.2886 47.5306 49.8389 52.1246 54.4701 60.4152 63.4433
162.907 157.137 151.367 145.597 139.827 134.057 128.287 122.516 116.746 110.976 105.205 99.4345 93.6637 87.8927 82.1213 76.3496 70.5772 64.8041 59.0303 53.2559 47.4811 41.705 35.9243 30.1351 24.3432 21.9718 19.5926 17.2126 17.2222 19.6344 22.0522 24.4535 28.839 28.8344 28.8276 31.2143 33.6057 35.9961 38.3861 40.3437 40.3284 42.7174 45.1082 47.4804 45.0861 42.6919 40.3002 40.3166 42.7137 42.6339 40.2443 42.3607 44.7502 47.1401 49.5302 51.9201 53.0347 55.0121 52.5927 53.6416 51.1756 53.4461 55.8065 58.1468 60.4769 62.8423 68.712
