tests/full-run-ref/erosion_79_12_72.935.asc
ncols 512
nrows 512
xllcorner -3.24582
yllcorner -4.08743
cellsize 5
NODATA_value -99999
[rows 464 to 492 of 512, columns 268 to 334 of 512]
5.77002 5.77002 5.77002 5.77002 5.77002 5.77002 5.77002 5.77002 5.76986 5.76985 5.76991 5.77 5.77002 5.77002 5.77002 5.77002 5.77002 5.76973 5.76922 5.76606 5.77002 5.77002 5.77002 5.77002 5.77002 5.77002 5.77002 5.77002 5.77002 5.77002 5.77002 5.77002 5.77002 5.77002 5.77002 5.77002 5.77002 5.77002 5.77002 5.77002 5.77002 5.77002 5.77002 5.77002 5.77002 5.77002 5.77002 5.77002 5.77002 5.77002 5.77002 5.77002 5.77002 5.77002 5.77002 5.77002 5.77002 5.77002 5.77002 5.77002 5.77002 5.77002 5.76779 5.7688 5.76678 5.77002 5.77002
5.77002 5.77002 5.77002 5.77002 5.77002 5.77002 5.77002 5.77002 5.77002 5.77002 5.77002 5.77002 5.77002 5.77002 5.77002 5.77002 5.77002 5.77002 5.77002 5.77002 5.77002 5.77002 5.77002 5.77002 5.77002 5.77002 5.77002 5.77002 5.77002 5.77002 5.77002 5.77002 5.77002 5.77002 5.77002 5.77002 5.77002 5.77002 5.77002 5.77002 5.77002 5.77002 5.77002 5.77002 5.77002 5.77002 5.77002 5.77002 5.77002 5.77002 5.77002 5.77002 5.77002 5.77002 5.77002 5.77002 5.77002 5.77002 5.77002 5.77002 5.77002 5.77002 5.77002 5.77002 5.77002 5.77002 5.77002
5.77002 5.77002 5.77002 5.77002 5.77002 5.77002 5.77002 5.77002 5.77002 5.77002 5.77002 5.77002 5.77002 5.77002 5.77002 5.77002 5.77002 5.77002 5.77002 5.77002 5.77002 5.77002 5.77002 5.77002 5.77002 5.77002 5.77002 5.77002 5.77002 5.77002 5.77002 5.77002 5.77002 5.77002 5.77002 5.77002 5.77002 5.77002 5.77002 5.77002 5.77002 5.77002 5.77002 5.77002 5.77002 5.77002 5.77002 5.77002 5.77002 5.77002 5.77002 5.77002 5.77002 5.77002 5.77002 5.77002 5.77002 5.77002 5.77002 5.77002 5.77002 5.77002 5.77002 5.77002 5.77002 5.77002 5.77002
5.77002 5.77002 5.77002 5.77002 5.77002 5.77002 5.77002 5.77002 5.77002 5.77002 5.77002 5.77002 5.77002 5.77002 5.77002 5.77002 5.77002 5.77002 5.77002 5.77002 5.77002 5.77002 5.77002 5.77002 5.77002 5.77002 5.77002 5.77002 5.77002 5.77002 5.77002 5.77002 5.77002 5.77002 5.77002 5.77002 5.77002 5.77002 5.77002 5.77002 5.77002 5.77002 5.77002 5.77002 5.77002 5.77002 5.77002 5.77002 5.77002 5.77002 5.77002 5.77002 5.77002 5.77002 5.77002 5.77002 5.77002 5.77002 5.77002 5.77002 5.77002 5.77002 5.77002 5.77002 5.77002 5.77002 5.77002
5.77002 5.77002 5.77002 5.77002 5.77002 5.77002 5.77002 5.77002 5.77002 5.77002 5.77002 5.77002 5.77002 5.77002 5.77002 5.77002 5.77002 5.77002 5.77002 5.77002 5.77002 5.77002 5.77002 5.77002 5.77002 5.77002 5.77002 5.77002 5.77002 5.77002 5.77002 5.77002 5.77002 5.77002 5.77002 5.77002 5.77002 5.77002 5.77002 5.77002 5.77002 5.77002 5.77002 5.77002 5.77002 5.77002 5.77002 5.77002 5.77002 5.77002 5.77002 5.77002 5.77002 5.77002 5.77002 5.77002 5.77002 5.77002 5.77002 5.77002 5.77002 5.77002 5.77002 5.77002 5.77002 5.77002 5.77002
5.77002 5.77002 5.77002 5.77002 5.77002 5.77002 5.77002 5.77002 5.77002 5.77002 5.77002 5.77002 5.77002 5.77002 5.77002 5.77002 5.77002 5.77002 5.77002 5.77002 5.77002 5.77002 5.77002 5.77002 5.77002 5.77002 5.77002 5.77002 5.77002 5.77002 5.77002 5.77002 5.77002 5.77002 5.77002 5.77002 5.77002 5.77002 5.77002 5.77002 5.77002 5.77002 5.77002 5.77002 5.77002 5.77002 5.77002 5.77002 5.77002 5.77002 5.77002 5.77002 5.77002 5.77002 5.77002 5.77002 5.77002 5.77002 5.77002 5.77002 5.77002 5.77002 5.77002 5.77002 5.77002 5.77002 5.77002
5.77002 5.77002 5.77002 5.77002 5.77002 5.77002 5.77002 5.77002 5.77002 5.77002 5.77002 5.77002 5.77002 5.77002 5.77002 5.77002 5.77002 5.77002 5.77002 5.77002 5.77002 5.77002 5.77002 5.77002 5.77002 5.77002 5.77002 5.77002 5.77002 5.77002 5.77002 5.77002 5.77002 5.77002 5.77002 5.77002 5.77002 5.77002 5.77002 5.77002 5.77002 5.77002 5.77002 5.77002 5.77002 5.77002 5.77002 5.77002 5.77002 5.77002 5.77002 5.77002 5.77002 5.77002 5.77002 5.77002 5.77002 5.77002 5.77002 5.77002 5.77002 5.77002 5.77002 5.77002 5.77002 5.77002 5.77002
5.77002 5.77002 5.77002 5.77002 5.77002 5.77002 5.77002 5.77002 5.77002 5.77002 5.77002 5.77002 5.77002 5.77002 5.77002 5.77002 5.77002 5.77002 5.77002 5.77002 5.77002 5.77002 5.77002 5.77002 5.77002 5.77002 5.77002 5.77002 5.77002 5.77002 5.77002 5.77002 5.77002 5.77002 5.77002 5.77002 5.77002 5.77002 5.77002 5.77002 5.77002 5.77002 5.77002 5.77002 5.77002 5.77002 5.77002 5.77002 5.77002 5.77002 5.77002 5.77002 5.77002 5.77002 5.77002 5.77002 5.77002 5.77002 5.77002 5.77002 5.77002 5.77002 5.77002 5.77002 5.77002 5.77002 5.77002
5.77002 5.77002 5.77002 5.77002 5.77002 5.77002 5.77002 5.77002 5.77002 5.77002 5.77002 5.77002 5.77002 5.77002 5.77002 5.77002 5.77002 5.77002 5.77002 5.77002 5.77002 5.77002 5.77002 5.77002 5.77002 5.77002 5.77002 5.77002 5.77002 5.77002 5.77002 5.77002 5.77002 5.77002 5.77002 5.77002 5.77002 5.77002 5.77002 5.77002 5.77002 5.77002 5.77002 5.77002 5.77002 5.77002 5.77002 5.77002 5.77002 5.77002 5.77002 5.77002 5.77002 5.77002 5.77002 5.77002 5.77002 5.77002 5.77002 5.77002 5.77002 5.77002 5.77002 5.77002 5.77002 5.77002 5.77002
5.77002 5.77002 5.77002 5.76959 5.76995 5.76996 5.76996 5.76996 5.76995 5.76995 5.76995 5.76995 5.76995 5.76994 5.76992 5.7699 5.76987 5.76983 5.7698 5.76977 5.76975 5.76974 5.76972 5.76971 5.76971 5.76972 5.76982 5.76996 5.77002 5.77002 5.77002 5.77002 5.77002 5.77002 5.77002 5.77002 5.77002 5.77002 5.77002 5.77002 5.77002 5.77002 5.76936 5.76928 5.76897 5.76897 5.76903 5.76906 5.7691 5.76917 5.76923 5.76843 5.76806 5.7691 5.77002 5.77002 5.77002 5.77002 5.77002 5.77002 5.77002 5.77002 5.77002 5.77002 5.77002 5.77002 5.77002
5.76741 5.76155 5.76324 5.76407 6.13046 6.15714 6.15705 6.15682 6.1564 6.15598 6.15597 6.15617 6.15631 6.15584 6.15502 6.15356 6.15232 6.15027 6.14922 6.14794 6.14702 6.14614 6.14489 6.14411 6.14415 6.14294 6.14352 5.76741 5.76901 5.76981 5.7698 5.76981 5.76972 5.76918 5.76862 5.76071 5.71516 5.72003 5.76065 5.75545 5.75206 5.75853 5.76002 6.08793 6.10166 6.10286 6.10702 6.1114 6.11542 6.11897 6.12177 6.12361 6.12722 5.76403 5.76647 5.76919 5.76912 5.76915 5.76921 5.76927 5.7695 5.76878 5.77002 5.77002 5.77002 5.77002 5.77002
6.15887 1655.98 5.76988 5.76981 1019.64 958.33 957.692 957.725 957.775 957.815 957.821 957.803 957.801 957.857 957.976 958.144 958.335 958.554 958.71 958.851 958.976 959.092 959.242 959.319 959.359 959.433 972.449 1186.34 6.15685 6.16003 6.16003 6.16003 6.16003 6.16003 6.16003 6.15306 1563.35 6.62834 6.15794 6.14601 1655.1 5.76795 5.76598 1024.02 964.733 964.218 963.742 963.225 962.752 962.347 962.037 961.768 973.958 1186.58 6.15376 6.16003 6.16003 6.16003 6.16003 6.16003 6.15963 5.76985 5.77002 5.77002 5.77002 5.77002 5.77002
5.76961 5.76968 5.76989 5.76991 5.76977 5.76969 5.7697 5.76968 5.76964 5.7696 5.76961 5.76963 5.76963 5.76957 5.76949 5.76936 5.76924 5.76907 5.76894 5.76879 5.76871 5.76859 5.76852 5.76843 5.76838 5.7683 5.76823 5.76843 5.76932 5.76992 5.76996 5.76997 5.76997 5.76996 5.76983 5.76859 5.76718 5.76709 5.76913 5.76603 5.76512 5.76749 5.76762 5.76464 5.76309 5.76343 5.76379 5.76432 5.76483 5.76529 5.76568 5.76604 5.76622 5.76675 5.76847 5.76978 5.76982 5.76983 5.76983 5.76983 5.76986 5.76989 5.77002 5.77002 5.77002 5.77002 5.77002
5.77002 5.77002 5.77002 5.77002 5.77002 5.77002 5.77002 5.77002 5.77002 5.77002 5.77002 5.77002 5.77002 5.77002 5.77002 5.77002 5.77002 5.77002 5.77002 5.77002 5.77002 5.77002 5.77002 5.77002 5.77002 5.77002 5.77002 5.77002 5.77002 5.77002 5.77002 5.77002 5.77002 5.77002 5.77002 5.77002 5.77002 5.77002 5.77002 5.77002 5.77002 5.77002 5.77002 5.77002 5.77002 5.77002 5.77002 5.77002 5.77002 5.77002 5.77002 5.77002 5.77002 5.77002 5.77002 5.77002 5.77002 5.77002 5.77002 5.77002 5.77002 5.77002 5.77002 5.77002 5.77002 5.77002 5.77002
5.76725 5.76837 5.76905 5.76953 5.76952 5.76942 5.76932 5.76929 5.76936 5.76947 5.76953 5.7695 5.76943 5.76934 5.76924 5.7691 5.76894 5.76878 5.76866 5.76857 5.76844 5.76826 5.76815 5.76813 5.76814 5.76819 5.76827 5.76829 5.7683 5.7684 5.76866 5.76902 5.76929 5.76937 5.76934 5.76927 5.76916 5.76901 5.76878 5.76855 5.76838 5.76812 5.76874 5.76966 5.77002 5.77002 5.77002 5.77002 5.77002 5.77002 5.77002 5.77002 5.77002 5.77002 5.77002 5.77002 5.77002 5.77002 5.77002 5.77002 5.77002 5.77002 5.77002 5.77002 5.77002 5.77002 5.77002
5.98312 6.06302 6.12559 6.13256 6.13268 6.12444 6.11289 6.10884 6.11744 6.12919 6.13253 6.12915 6.12431 6.11905 6.11178 6.10243 6.08968 6.07556 6.06135 6.05498 6.04443 6.01888 5.9796 5.95961 5.97412 6.00075 6.00608 5.99881 6.00661 6.03326 6.07008 6.1023 6.11868 6.12113 6.11862 6.11359 6.10653 6.09613 6.07938 6.05099 6.02525 5.99874 5.90697 5.70631 5.73751 5.77002 5.77002 5.7695 5.76848 5.76792 5.7684 5.76904 5.7694 5.76953 5.7696 5.76965 5.76968 5.7697 5.76981 5.7699 5.77002 5.77002 5.77002 5.77002 5.77002 5.77002 5.77002
31.2484 31.4787 31.129 31.4801 31.5193 31.3515 18.1377 20.4453 20.3079 31.3994 31.5348 31.4897 31.3875 31.2585 31.0912 30.866 30.5915 30.2841 30.0422 29.837 29.5173 28.9351 16.7635 20.1504 18.374 28.4841 16.8624 20.2143 18.8543 29.3172 29.9636 30.6304 31.0976 31.2994 31.2731 31.1725 31.0164 30.772 30.3515 29.825 29.3049 28.3699 55.0918 163.654 5.66514 5.69706 5.67729 5.69341 5.80219 5.95643 6.05499 6.10557 6.12199 6.13015 6.13477 6.13744 6.13926 6.14078 6.14069 5.76664 5.76855 5.77002 5.77002 5.77002 5.77002 5.77002 5.77002
654.409 685.128 697.48 695.255 695.298 695.831 627.7 1051.34 681.201 695.502 694.943 695.211 695.553 695.921 696.536 697.258 698.051 698.757 699.157 699.871 701.389 703.239 639.995 1029.23 692.158 703.237 636.998 1034.17 689.434 701.447 700.031 698.087 696.419 695.592 695.817 696.221 696.843 697.874 699.432 700.88 702.797 708.907 756.348 64.8811 31.3943 15.5694 19.6812 15.8647 15.6448 49.1041 190.078 315.668 347.024 347.992 348.509 348.798 348.963 351.169 322.352 449.653 5.76753 5.76881 5.77002 5.77002 5.77002 5.77002 5.77002
14.4021 14.4059 14.4062 14.4068 14.4074 14.4072 14.407 14.4068 14.4071 14.4073 14.4069 14.407 14.4071 14.4066 14.4069 14.4067 14.4066 14.4064 14.4063 14.4062 14.4062 14.4058 14.4051 14.4046 14.4051 14.4056 14.4056 14.4052 14.4053 14.4059 14.4064 14.4068 14.407 14.4061 14.4051 14.404 14.4027 14.4011 14.3992 14.3969 14.3941 14.391 14.3869 1043.56 963.827 693.663 977.253 544.898 674.973 640.619 156.303 276.455 264.806 264.017 263.7 263.506 263.38 269.069 284.798 431.867 983.888 5.76841 5.77002 5.77002 5.77002 5.77002 5.77002
14.4082 14.4082 14.4082 14.4082 14.4082 14.4082 14.4082 14.4082 14.4082 14.4082 14.4082 14.4082 14.4082 14.4082 14.4082 14.4082 14.4082 14.4082 14.4082 14.4082 14.4082 14.4082 14.4082 14.4082 14.4082 14.4082 14.4082 14.4082 14.4082 14.4082 14.4082 14.4082 14.4082 14.4082 14.4082 14.4082 14.4082 14.4082 14.4082 14.4082 14.4082 14.4082 14.4064 14.3952 14.3945 14.3933 14.3929 14.3927 687.973 53.9475 173.203 5.73901 5.76398 5.76508 5.76648 5.76685 5.76695 5.76726 5.76782 5.76803 5.76812 5.76883 5.77002 5.77002 5.77002 5.77002 5.77002
14.4063 14.4066 14.4068 14.4065 14.4069 14.4068 14.4067 14.4067 14.4068 14.4069 14.4069 14.4063 14.4064 14.4062 14.4063 14.4062 14.4061 14.4059 14.4058 14.4057 14.4056 14.4054 14.4052 14.4048 14.4048 14.4049 14.4052 14.4052 14.4051 14.4052 14.4056 14.406 14.4064 14.4065 14.4065 14.4055 14.4044 14.4033 14.4035 14.4039 14.4043 14.4029 14.4017 14.4026 14.4018 14.4006 14.3997 14.4001 450.381 110.492 5.70837 5.74846 5.76837 5.7697 5.76987 5.76995 5.77002 5.77002 5.77002 5.77002 5.77002 5.77002 5.76819 5.76723 5.74596 5.77002 5.77002
569.485 545.438 545.572 545.623 545.592 545.469 545.349 545.325 545.411 545.539 545.61 545.598 545.496 545.34 545.151 544.961 544.776 544.581 544.362 544.158 543.956 543.677 543.283 542.928 542.791 542.924 543.147 543.256 543.275 543.438 543.855 544.449 545.003 545.345 545.455 545.471 545.419 545.279 545.053 544.812 544.645 544.596 544.479 543.964 543.03 542 541.366 476.084 575.08 166.486 415.418 5.96438 6.13156 6.14374 6.15515 5.76989 5.77002 5.77002 5.77002 5.77002 5.77002 5.77002 5.76762 1692.2 5.76837 5.77002 5.77002
44.3688 43.595 43.5764 43.5735 43.5795 43.5891 43.596 43.5949 43.5869 43.5787 43.5761 43.5817 43.5946 43.6124 43.6322 43.6528 43.6741 43.6965 43.719 43.7422 43.7698 43.8045 43.8404 43.8658 43.8712 43.8605 43.8461 43.8345 43.8194 43.7902 43.7427 43.6868 43.6385 43.6096 43.6013 43.6083 43.6245 43.6466 43.6711 43.6937 43.7122 43.733 43.7756 43.8529 43.9543 44.043 44.0711 44.0132 72.7737 169.843 388.35 843.314 963.988 1168.14 5.76843 5.76994 5.77002 5.77002 5.77002 5.77002 5.77002 5.77002 5.72597 5.76458 5.76849 5.77002 5.77002
5.76041 5.76442 5.76521 5.7655 5.76526 5.76443 5.7637 5.76363 5.76425 5.76507 5.7654 5.76507 5.76428 5.7632 5.76191 5.76063 5.75938 5.75804 5.75658 5.7552 5.75377 5.7518 5.74917 5.74695 5.74626 5.74726 5.74869 5.74935 5.74959 5.75091 5.7539 5.75789 5.76145 5.76352 5.76398 5.76349 5.7625 5.76117 5.75957 5.75799 5.75681 5.75603 5.75463 5.75066 5.74388 5.73678 5.73303 5.73556 5.74412 5.75487 5.76259 5.7652 5.76737 5.76866 5.7696 5.77002 5.77002 5.77002 5.77002 5.77002 5.77002 5.77002 5.77002 5.77002 5.77002 5.77002 5.77002
5.77001 5.77001 5.77001 5.77001 5.77001 5.77001 5.77001 5.77001 5.77001 5.77001 5.77001 5.77001 5.77001 5.77001 5.77001 5.77001 5.77001 5.77001 5.77 5.77 5.77 5.77 5.76999 5.76999 5.76999 5.76999 5.76999 5.76999 5.76999 5.76999 5.77 5.77 5.77 5.77001 5.77001 5.77001 5.77001 5.77001 5.77001 5.77001 5.77001 5.77 5.77 5.77 5.76999 5.76998 5.76997 5.76995 5.76993 5.76989 5.76985 5.76985 5.76984 5.76986 5.76988 5.76988 5.76986 5.76985 5.76945 5.7696 5.77002 5.77002 5.77002 5.77002 5.77002 5.77002 5.77002
6.16003 6.16003 6.16003 6.16003 6.16003 6.16003 6.16003 6.16003 6.16003 6.16003 6.16003 6.16003 6.16003 6.16003 6.16003 6.16003 6.16003 6.16003 6.16003 6.16003 6.16003 6.16003 6.16003 6.16003 6.16003 6.16003 6.16003 6.16003 6.16003 6.16003 6.16003 6.16003 6.16003 6.16003 6.16003 6.16003 6.16003 6.16003 6.16003 6.16003 6.16003 6.16003 6.16003 6.16003 6.16003 6.16003 6.16003 6.16003 6.16003 6.16003 6.16003 6.16003 6.16003 6.16003 6.16003 6.16003 6.16003 6.16003 6.1598 5.7698 5.77002 5.77002 5.77002 5.77002 5.77002 5.77002 5.77002
5.77 5.77 5.77 5.77 5.77 5.77 5.77 5.77001 5.77 5.77 5.77 5.77 5.77 5.77 5.77 5.77 5.77 5.76999 5.76999 5.76998 5.76998 5.76996 5.76995 5.76995 5.76995 5.76995 5.76995 5.76996 5.76996 5.76997 5.76997 5.76998 5.76998 5.76999 5.77 5.77 5.77 5.77 5.77 5.77 5.76999 5.76999 5.76998 5.76997 5.76996 5.76994 5.76992 5.76988 5.76984 5.76978 5.76971 5.76966 5.76964 5.76967 5.76972 5.76977 5.7698 5.76981 5.76986 5.76991 5.77002 5.77002 5.77002 5.77002 5.77002 5.77002 5.77002
5.77002 5.77002 5.77002 5.77002 5.77002 5.77002 5.77002 5.77002 5.77002 5.77002 5.77002 5.77002 5.77002 5.77002 5.77002 5.77002 5.77002 5.77002 5.77002 5.77002 5.77002 5.77002 5.77002 5.77002 5.77002 5.77002 5.77002 5.77002 5.77002 5.77002 5.77002 5.77002 5.77002 5.77002 5.77002 5.77002 5.77002 5.77002 5.77002 5.77002 5.77002 5.77002 5.77002 5.77002 5.77002 5.77002 5.77002 5.77002 5.77002 5.77002 5.77002 5.77002 5.77002 5.77002 5.77002 5.77002 5.77002 5.77002 5.77002 5.77002 5.77002 5.77002 5.77002 5.77002 5.77002 5.77002 5.77002
5.77002 5.77002 5.77002 5.77002 5.77002 5.77002 5.77002 5.77002 5.77002 5.77002 5.77002 5.77002 5.77002 5.77002 5.77002 5.77002 5.77002 5.77002 5.77002 5.77002 5.77002 5.77002 5.77002 5.77002 5.77002 5.77002 5.77002 5.77002 5.77002 5.77002 5.77002 5.77002 5.77002 5.77002 5.77002 5.77002 5.77002 5.77002 5.77002 5.77002 5.77002 5.77002 5.77002 5.77002 5.77002 5.77002 5.77002 5.77002 5.77002 5.77002 5.77002 5.77002 5.77002 5.77002 5.77002 5.77002 5.77002 5.77002 5.77002 5.77002 5.77002 5.77002 5.77002 5.77002 5.77002 5.77002 5.77002
