tests/full-run-ref/erosion_2010_078_23_-57.856.asc
ncols 512
nrows 512
xllcorner -3.24582
yllcorner -4.08743
cellsize 5
NODATA_value -99999
[rows 377 to 405 of 512, columns 134 to 200 of 512]
236.911 235.716 234.027 231.142 228.257 225.372 224.177 221.292 220.097 221.292 224.177 227.062 229.947 232.832 235.717 236.416 233.531 232.336 229.451 227.061 224.176 221.291 220.096 217.212 217.212 217.212 217.212 217.211 217.211 217.211 217.211 217.211 217.211 217.211 217.211 217.211 219.839 218.164 221.049 223.767 222.449 221.202 221.202 221.202 221.202 224.087 226.388 227.61 227.611 227.611 227.611 228.806 230.001 232.886 234.081 236.966 238.656 239.851 241.046 242.241 245.126 246.321 249.206 250.847 250.847 248.655 245.77
234.026 232.831 231.636 229.947 227.062 224.177 221.292 220.097 217.212 220.097 222.982 225.867 228.752 231.637 234.522 233.531 232.336 229.451 228.256 225.371 224.176 221.291 220.095 217.212 217.212 217.212 217.212 217.211 217.211 217.211 217.211 217.211 217.211 217.211 217.211 217.211 217.211 220.096 220.976 221.36 223.87 221.202 222.526 223.531 224.087 225.282 224.726 224.726 224.726 224.726 224.726 225.921 228.806 230.001 232.886 234.576 235.771 236.966 238.161 241.046 242.241 245.126 248.011 250.624 250.345 247.46 244.575
231.141 229.946 228.751 228.376 225.867 222.982 220.097 217.212 217.212 220.097 222.982 225.867 228.752 231.637 233.531 232.336 229.451 228.256 225.371 224.176 221.291 220.096 217.212 217.212 217.212 217.212 217.212 217.211 217.211 217.211 217.211 217.211 217.211 217.211 217.211 217.211 217.211 217.211 218.44 220.096 221.291 221.563 221.225 220.646 221.841 224.726 221.841 221.841 221.841 221.841 221.841 224.726 225.921 228.806 230.496 231.691 232.886 234.081 236.966 238.161 241.046 243.931 246.544 247.739 248.934 246.265 243.38
228.256 227.061 225.866 225.491 224.448 224.111 221.292 220.097 217.212 220.097 222.982 225.867 228.752 231.637 232.336 229.451 228.256 225.371 224.176 221.291 220.096 217.212 217.212 217.212 217.212 217.212 217.212 217.211 217.211 217.211 217.211 217.211 217.211 217.211 217.211 217.211 217.211 217.211 217.211 217.211 219.39 218.678 219.967 217.761 220.646 221.841 224.726 223.531 224.726 224.726 224.726 221.841 224.726 226.416 227.611 228.806 230.001 232.886 234.081 236.966 239.851 242.464 243.659 244.854 246.049 245.07 242.185
225.371 224.176 222.981 222.606 221.563 221.226 220.097 217.212 217.212 220.097 222.982 225.867 228.752 231.637 229.451 228.256 225.371 224.176 221.291 220.096 217.212 217.212 217.212 217.212 217.212 217.212 217.212 217.211 217.211 217.211 217.211 217.211 217.211 217.211 217.211 217.211 217.211 217.211 217.211 217.211 217.211 217.211 217.211 219.839 217.761 220.646 221.841 220.646 221.841 223.531 223.531 221.841 223.531 223.531 224.726 225.921 228.806 230.001 232.886 235.771 238.384 239.579 240.774 241.969 243.164 243.875 240.99
224.176 221.291 220.096 219.721 218.678 219.84 219.08 217.212 217.212 220.097 222.982 225.867 228.752 229.451 228.256 225.371 224.176 221.291 220.096 217.212 217.212 217.212 217.212 217.212 217.212 217.212 217.212 217.211 217.211 217.211 217.211 217.211 217.211 217.211 217.211 217.211 217.211 217.211 217.211 217.211 217.211 217.211 217.211 217.211 219.703 219.08 219.135 217.761 220.646 220.646 220.646 220.646 220.646 220.646 221.841 224.726 225.921 228.806 231.691 234.304 235.499 236.694 237.889 239.084 240.279 242.68 239.795
222.981 220.096 217.212 217.212 217.212 217.212 218.469 217.212 217.212 220.097 222.982 225.867 228.752 228.256 225.371 224.176 221.291 220.096 217.212 217.212 217.212 217.212 218.352 217.212 217.212 217.212 217.212 217.211 217.211 217.211 217.211 217.211 217.211 217.211 217.211 217.211 217.211 217.211 217.211 217.211 217.211 217.211 217.211 217.211 217.211 218.766 220.335 217.761 217.761 217.761 217.761 217.761 217.761 217.761 220.646 221.841 224.726 227.611 230.496 231.419 232.614 233.809 235.004 236.199 239.084 240.279 238.6
222.981 220.096 217.212 217.212 217.212 217.212 217.212 217.212 217.212 220.097 222.982 225.867 228.256 225.371 224.176 221.291 220.096 217.212 217.212 217.212 217.212 217.212 217.212 217.212 217.212 217.212 217.212 217.211 217.211 217.211 217.211 217.211 217.211 217.211 217.211 217.211 217.211 217.211 217.211 217.211 217.211 217.211 217.211 217.211 217.211 218.874 220.469 220.646 220.646 220.646 220.646 220.646 220.646 220.646 217.761 220.646 223.531 226.416 228.534 228.534 229.729 230.924 232.119 235.004 236.199 237.889 237.405
220.096 220.096 217.212 217.212 217.212 219.695 217.212 217.212 220.097 221.292 224.177 227.062 225.371 224.176 221.291 220.096 217.212 217.212 217.212 217.212 217.212 217.212 217.212 217.212 217.212 217.212 217.212 217.211 217.211 217.211 217.211 217.211 217.211 217.211 217.211 217.211 217.211 217.211 217.211 217.211 217.211 217.211 217.211 217.211 217.211 220.096 222.434 222.605 222.605 222.605 221.563 221.225 220.646 217.761 220.646 221.841 224.726 225.649 225.649 225.649 226.844 228.039 230.924 232.119 233.809 235.004 236.199
217.212 217.212 217.212 217.212 217.212 219.829 219.656 217.212 220.097 222.982 225.372 225.371 224.176 221.291 220.096 217.212 217.212 217.212 217.212 217.212 217.212 217.212 217.212 217.212 217.212 217.212 217.212 217.211 217.211 217.211 217.211 217.211 217.211 217.211 217.211 217.211 217.211 217.211 217.211 217.211 217.211 217.211 217.211 217.211 220.096 221.291 220.096 219.72 219.72 219.72 218.678 219.967 217.761 220.646 221.841 222.942 223.959 222.764 222.764 222.764 223.959 226.844 228.039 229.729 230.924 232.119 235.004
217.212 217.212 217.212 217.212 220.097 217.212 220.097 219.65 221.292 224.177 225.371 224.176 221.291 220.096 217.212 217.212 217.212 217.212 217.212 217.212 217.212 217.212 217.212 217.212 217.212 217.212 217.212 217.211 217.211 217.211 217.211 217.211 217.211 217.211 217.211 217.211 217.211 217.211 217.211 217.211 217.211 217.211 217.211 220.096 221.291 220.096 217.211 217.211 217.211 217.211 217.211 217.211 219.703 219.08 220.339 220.057 222.764 219.879 219.879 219.879 222.764 223.959 225.649 226.844 228.039 230.924 232.119
217.212 217.212 217.212 217.212 218.447 219.84 217.761 220.646 221.842 224.727 224.176 221.291 220.096 217.212 217.212 217.212 217.212 217.212 217.212 217.212 217.212 217.212 217.212 217.212 217.212 217.212 217.212 217.211 217.211 217.211 217.211 217.211 217.211 217.211 217.211 217.211 217.211 217.211 217.211 217.211 217.211 217.211 217.211 219.281 219.989 220.096 217.211 217.211 217.211 217.211 217.211 217.211 217.211 218.766 221.059 220.057 222.942 220.442 219.879 219.879 219.879 222.764 222.764 223.959 226.844 228.039 230.924
218.279 217.212 217.212 217.212 217.212 217.212 219.84 217.762 220.647 223.532 221.291 220.096 217.212 217.212 217.212 217.212 217.212 217.212 217.212 217.212 217.212 217.212 217.212 217.212 217.212 217.212 217.212 217.211 217.211 217.211 217.211 217.211 217.211 217.211 217.211 217.211 217.211 217.211 217.211 217.211 217.211 217.211 217.211 217.211 217.211 217.211 217.211 217.211 217.211 217.211 217.211 217.211 217.211 218.874 220.057 222.051 224.137 223.327 221.429 219.879 219.879 219.879 219.879 222.764 223.959 226.844 229.729
220.096 217.212 217.212 217.212 217.212 217.212 217.212 219.84 221.74 221.291 220.096 217.212 217.212 217.212 217.212 217.212 217.212 217.212 217.212 217.212 217.212 217.212 217.212 217.212 217.212 217.212 217.212 217.211 217.211 217.211 217.211 217.211 217.211 217.211 217.211 217.211 217.211 217.211 217.211 217.211 217.211 217.211 217.211 217.211 217.211 217.211 217.211 217.211 217.211 217.211 217.211 217.211 217.211 220.096 222.214 221.563 221.456 224.047 223.959 222.764 222.764 221.446 219.879 219.879 222.764 225.649 228.534
221.291 220.096 217.212 217.212 217.212 217.212 217.212 217.66 220.545 220.096 217.212 217.212 217.212 217.212 217.212 217.212 217.212 217.212 217.212 217.212 217.212 217.212 217.212 217.212 217.212 217.212 217.212 217.211 217.211 217.211 217.211 217.211 217.211 217.211 217.211 217.211 217.211 217.211 217.211 217.211 217.211 217.211 217.211 217.211 217.211 217.211 217.211 217.211 217.211 217.211 217.211 217.211 217.211 220.096 220.096 218.678 219.967 221.506 222.98 222.605 221.563 219.879 222.392 222.664 223.959 226.844 229.729
222.981 220.096 217.212 217.212 217.212 217.212 217.212 218.398 220.096 217.212 217.212 217.212 217.212 217.212 217.212 217.212 217.212 217.212 217.212 217.212 217.212 217.212 217.212 217.212 217.212 217.212 217.212 217.211 217.211 217.211 217.211 217.211 217.211 217.211 217.211 217.211 217.211 217.211 217.211 217.211 217.211 217.211 217.211 217.211 217.211 217.211 217.211 217.211 217.211 217.211 217.211 217.211 217.211 220.095 217.211 217.211 218.786 221.29 220.095 219.72 218.678 219.839 219.507 220.645 223.53 226.415 227.333
224.176 221.291 220.096 217.212 217.212 217.212 217.212 218.749 217.212 217.212 217.212 217.212 217.212 217.212 217.212 217.212 217.212 217.212 217.212 217.212 217.212 217.212 217.212 217.212 217.212 217.212 217.212 217.211 217.211 217.211 217.211 217.211 217.211 217.211 217.211 217.211 217.211 217.211 217.211 217.211 217.211 217.211 217.211 217.211 217.211 217.211 217.211 217.211 217.211 217.211 217.211 217.211 217.211 217.211 217.211 217.211 220.096 220.095 217.211 217.211 217.211 218.161 218.161 221.046 223.931 225.178 224.448
225.371 222.981 220.096 217.212 217.212 217.212 217.212 217.212 217.212 217.212 217.212 217.212 217.212 217.212 217.212 217.212 217.212 217.212 217.212 217.212 217.212 217.212 217.212 219.063 217.212 217.212 217.212 217.211 217.211 217.211 217.211 217.211 217.211 217.211 217.211 217.211 217.211 217.211 217.211 217.211 217.211 217.211 217.211 217.211 217.211 217.211 217.211 217.211 217.211 217.211 217.211 217.211 217.211 217.211 217.211 217.211 219.829 220.095 220.095 217.211 217.937 219.556 218.276 220.279 221.613 222.5 221.563
225.866 222.981 220.096 217.212 217.212 217.212 217.212 217.212 217.212 217.212 217.212 217.212 217.212 217.212 217.212 217.212 217.212 217.212 217.212 220.096 217.212 217.212 217.212 217.212 217.212 217.212 217.212 217.211 217.211 217.211 217.211 217.211 217.211 217.211 217.211 217.211 217.211 218.651 217.211 217.211 217.211 217.211 217.211 217.211 217.211 217.211 217.211 217.211 217.211 217.211 217.211 217.211 217.211 217.211 217.211 217.211 217.211 217.211 217.211 217.211 218.748 217.211 217.211 218.525 220.006 219.72 218.678
227.061 224.176 221.291 220.096 217.212 217.212 217.212 217.212 217.212 217.212 217.212 217.212 217.212 217.212 217.212 217.212 217.212 217.212 219.893 217.212 217.212 217.212 217.212 217.212 217.212 217.212 217.212 217.211 217.211 217.211 217.211 217.211 217.211 217.211 217.211 217.211 217.211 217.211 217.211 217.211 217.211 217.211 217.211 217.211 217.211 217.211 217.211 217.211 217.211 217.211 217.211 217.211 217.211 217.211 217.211 217.211 217.211 217.211 217.211 217.211 217.211 217.211 217.211 218.748 217.211 217.211 217.211
228.256 225.371 222.981 220.096 217.212 217.212 217.212 217.212 217.212 217.212 217.212 217.212 217.212 217.212 217.212 217.212 217.212 219.893 217.212 217.212 217.212 217.212 217.212 217.212 217.212 217.212 217.212 217.211 217.211 217.211 217.211 217.211 217.211 217.211 217.211 217.211 217.211 217.211 217.211 217.211 217.211 217.211 217.211 217.211 217.211 217.211 217.211 217.211 217.211 217.211 217.211 217.211 217.211 217.211 217.211 217.211 217.211 217.211 217.211 217.211 217.211 217.211 217.211 217.211 217.211 217.211 217.211
229.451 227.061 224.176 221.291 220.096 220.096 220.096 217.212 217.212 217.212 217.212 217.212 217.212 217.212 217.212 217.212 218.991 217.212 217.212 217.212 217.212 217.212 217.212 217.212 217.212 217.212 217.212 217.211 217.211 217.211 217.211 217.211 217.211 217.211 217.211 217.211 217.211 217.211 217.211 217.211 217.211 217.211 217.211 218.651 217.211 217.211 217.211 217.211 217.211 217.211 217.211 217.211 217.211 217.211 217.211 217.211 217.211 217.211 217.211 217.211 217.211 217.211 217.211 217.211 217.211 217.211 217.211
228.256 225.371 225.371 224.176 222.981 222.981 221.291 220.096 217.212 217.212 217.212 217.212 217.212 217.212 217.212 217.212 217.212 217.212 217.212 217.212 217.212 217.212 217.212 217.212 217.212 217.212 217.212 217.211 217.211 217.211 217.211 217.211 217.211 217.211 217.211 217.211 217.211 217.211 217.211 217.211 217.211 217.211 217.211 217.211 217.211 217.211 217.211 217.211 217.211 217.211 217.211 217.211 217.211 217.211 217.211 217.211 217.211 217.211 217.211 217.211 217.211 217.211 217.211 217.211 217.211 217.211 217.211
228.256 225.371 226.037 227.061 225.866 225.371 224.176 221.291 220.096 217.212 217.212 217.212 217.212 217.212 219.87 217.212 217.212 217.212 217.212 217.212 217.212 217.212 217.212 217.212 217.212 217.212 217.212 217.211 217.211 217.211 217.211 217.211 217.211 217.211 217.211 217.211 217.211 217.211 217.211 217.211 217.211 217.211 217.211 217.211 217.211 217.211 217.211 217.211 217.211 217.211 217.211 217.211 217.211 217.211 217.211 217.211 217.211 217.211 217.211 217.211 217.211 217.211 217.211 217.211 217.211 217.211 217.211
225.371 225.371 225.371 228.256 228.751 228.256 225.371 224.176 221.291 220.096 217.212 217.212 217.212 217.212 217.212 217.212 217.212 217.212 217.212 218.826 217.212 217.212 217.212 217.212 217.212 219.03 217.212 217.211 217.211 217.211 217.211 217.211 217.211 217.211 217.211 217.211 217.211 217.211 217.211 217.211 217.211 217.211 217.211 217.211 217.211 217.211 217.211 217.211 217.211 217.211 217.211 217.211 217.211 217.211 217.211 217.211 217.211 217.211 217.211 217.211 217.211 217.211 217.211 217.211 217.211 217.211 217.211
225.371 225.371 225.371 225.371 228.256 229.451 227.061 224.176 221.291 220.096 217.212 217.212 217.212 217.212 217.212 217.212 217.212 220.096 217.212 217.212 217.212 217.212 217.212 217.212 217.212 217.212 217.212 217.211 217.211 217.211 217.211 217.211 217.211 217.211 217.211 217.211 217.211 217.211 217.211 217.211 217.211 217.211 217.211 217.211 217.211 217.211 217.211 217.211 217.211 217.211 217.211 217.211 217.211 217.211 217.211 217.211 217.211 217.211 217.211 217.211 217.211 217.211 217.211 217.211 217.211 217.211 217.211
228.256 225.371 225.371 225.371 226.796 228.751 225.866 222.981 220.096 217.212 217.212 217.212 217.212 217.212 217.212 217.212 219.918 220.096 217.212 217.212 217.212 217.212 217.212 217.212 217.212 217.212 217.212 217.211 217.211 217.211 217.211 217.211 217.211 217.211 217.211 217.211 217.211 217.211 217.211 217.211 217.211 217.211 217.211 217.211 217.211 217.211 217.211 217.211 217.211 217.211 217.211 217.211 217.211 217.211 217.211 217.211 217.211 217.211 217.211 217.211 217.211 217.211 217.211 217.211 217.211 217.211 217.211
228.256 225.371 225.371 225.371 226.746 228.256 225.371 222.981 220.096 217.212 217.212 217.212 217.212 217.212 217.212 217.336 220.221 220.095 217.212 217.212 217.212 217.212 217.212 217.212 217.212 217.212 217.212 217.211 217.211 217.211 217.211 217.211 217.211 217.211 217.211 217.211 217.211 217.211 217.211 217.211 217.211 217.211 217.211 217.211 217.211 217.211 217.211 217.211 217.211 217.211 217.211 217.211 217.211 217.211 217.211 217.211 217.211 217.211 217.211 217.211 217.211 217.211 217.211 217.211 217.211 217.211 217.211
225.371 225.371 225.371 225.371 228.144 225.371 224.176 221.291 220.096 217.212 217.212 217.212 217.275 217.212 217.572 220.221 221.416 220.096 217.212 217.212 217.212 217.212 217.212 217.212 217.212 217.212 217.212 217.211 217.211 217.211 217.211 217.211 217.211 217.211 217.211 217.211 217.211 217.211 217.211 217.211 217.211 217.211 217.211 217.211 217.211 217.211 217.211 217.211 217.211 217.211 217.211 217.211 217.211 217.211 217.211 217.211 217.211 217.211 217.211 217.211 217.211 217.211 217.211 217.211 217.211 217.211 217.211
