tests/full-run-ref/erosion_2010_078_16_47.110.asc
ncols 512
nrows 512
xllcorner -3.24582
yllcorner -4.08743
cellsize 5
NODATA_value -99999
[rows 60 to 89 of 512, columns 268 to 334 of 512]
307.222 307.117 307.021 306.93 306.844 306.766 306.689 306.605 306.516 306.426 306.324 306.198 306.048 305.878 305.686 305.468 305.217 304.938 304.638 304.328 304.003 303.658 303.309 302.969 302.64 302.315 301.999 301.699 301.419 301.154 300.903 300.662 300.432 300.215 300.007 299.802 299.603 299.41 299.219 299.023 298.824 298.627 298.419 298.191 297.944 297.683 297.399 297.081 296.722 296.328 295.909 295.478 295.025 294.547 294.067 293.608 293.175 292.755 292.353 291.979 291.64 291.334 288.51 285.625 282.74 279.855 276.97
307.205 307.107 307.018 306.932 306.851 306.778 306.704 306.62 306.529 306.435 306.328 306.195 306.036 305.856 305.653 305.424 305.163 304.874 304.565 304.246 303.913 303.563 303.209 302.864 302.53 302.2 301.879 301.575 301.289 301.019 300.762 300.516 300.283 300.062 299.851 299.645 299.444 299.253 299.063 298.867 298.67 298.474 298.267 298.04 297.793 297.532 297.248 296.931 296.574 296.183 295.769 295.345 294.904 294.441 293.978 293.537 293.125 292.728 292.351 291.997 291.677 290.2 287.315 284.43 281.545 278.66 275.775
307.186 307.095 307.013 306.933 306.856 306.787 306.715 306.631 306.538 306.44 306.326 306.186 306.018 305.827 305.613 305.373 305.102 304.803 304.485 304.158 303.819 303.464 303.105 302.756 302.417 302.083 301.759 301.451 301.161 300.885 300.623 300.373 300.136 299.912 299.698 299.489 299.289 299.097 298.908 298.714 298.518 298.322 298.118 297.892 297.645 297.383 297.099 296.784 296.43 296.041 295.633 295.217 294.787 294.339 293.893 293.471 293.079 292.706 292.352 292.018 291.715 289.005 286.12 283.235 280.35 277.465 274.58
307.165 307.081 307.006 306.931 306.858 306.792 306.721 306.637 306.541 306.437 306.317 306.169 305.992 305.79 305.564 305.313 305.033 304.724 304.397 304.063 303.719 303.359 302.996 302.644 302.302 301.965 301.638 301.326 301.032 300.753 300.486 300.232 299.991 299.764 299.547 299.336 299.134 298.942 298.753 298.56 298.364 298.17 297.966 297.74 297.494 297.232 296.948 296.634 296.283 295.899 295.496 295.088 294.671 294.237 293.807 293.403 293.031 292.68 292.347 292.032 290.695 287.81 284.925 282.04 279.155 276.27 273.385
307.141 307.065 306.997 306.927 306.858 306.794 306.724 306.639 306.538 306.429 306.301 306.144 305.957 305.744 305.505 305.244 304.954 304.637 304.302 303.961 303.612 303.249 302.884 302.529 302.185 301.846 301.517 301.203 300.905 300.622 300.352 300.094 299.85 299.619 299.399 299.186 298.982 298.79 298.6 298.406 298.21 298.016 297.812 297.588 297.341 297.079 296.795 296.484 296.136 295.756 295.359 294.96 294.554 294.135 293.722 293.335 292.982 292.651 292.339 291.757 288.872 286.615 283.73 280.845 277.96 275.075 272.19
307.115 307.047 306.986 306.921 306.855 306.793 306.723 306.636 306.531 306.414 306.278 306.112 305.915 305.689 305.439 305.167 304.868 304.542 304.199 303.852 303.499 303.133 302.766 302.41 302.065 301.725 301.395 301.079 300.779 300.493 300.22 299.959 299.711 299.477 299.254 299.038 298.833 298.639 298.449 298.254 298.057 297.863 297.659 297.435 297.188 296.926 296.643 296.333 295.989 295.614 295.223 294.833 294.44 294.036 293.639 293.269 292.934 292.623 291.758 288.873 287.677 284.792 282.535 279.65 276.765 273.88 270.995
307.085 307.025 306.971 306.912 306.848 306.787 306.717 306.626 306.517 306.393 306.247 306.072 305.864 305.627 305.365 305.082 304.774 304.44 304.091 303.738 303.381 303.014 302.646 302.288 301.942 301.602 301.271 300.955 300.653 300.364 300.088 299.824 299.573 299.336 299.109 298.891 298.683 298.488 298.296 298.1 297.903 297.708 297.504 297.279 297.033 296.771 296.488 296.182 295.842 295.472 295.089 294.708 294.327 293.937 293.556 293.202 292.884 292.592 290.563 287.678 284.793 283.597 280.712 278.454 275.569 272.684 269.799
307.051 306.998 306.951 306.896 306.835 306.774 306.702 306.609 306.494 306.362 306.208 306.023 305.805 305.557 305.284 304.991 304.675 304.333 303.977 303.62 303.26 302.891 302.523 302.164 301.818 301.477 301.146 300.829 300.525 300.233 299.954 299.687 299.433 299.192 298.962 298.74 298.53 298.332 298.139 297.941 297.743 297.547 297.343 297.119 296.873 296.612 296.331 296.028 295.693 295.33 294.955 294.584 294.215 293.839 293.474 293.135 292.832 291.758 288.873 286.482 283.597 280.712 279.517 276.632 274.374 271.489 268.604
307.013 306.968 306.926 306.875 306.816 306.754 306.681 306.583 306.462 306.322 306.159 305.965 305.737 305.478 305.194 304.892 304.568 304.219 303.858 303.496 303.133 302.764 302.395 302.037 301.69 301.35 301.019 300.7 300.395 300.101 299.819 299.548 299.291 299.046 298.812 298.587 298.374 298.173 297.977 297.777 297.577 297.381 297.176 296.953 296.708 296.448 296.169 295.87 295.541 295.185 294.819 294.458 294.102 293.74 293.39 293.065 292.777 290.563 287.678 284.793 282.402 279.517 276.632 275.437 272.552 270.452 267.567
306.97 306.933 306.897 306.85 306.791 306.729 306.652 306.55 306.422 306.274 306.101 305.897 305.659 305.39 305.096 304.785 304.454 304.099 303.732 303.367 303.002 302.632 302.264 301.907 301.56 301.22 300.89 300.571 300.264 299.968 299.683 299.409 299.148 298.899 298.661 298.432 298.215 298.01 297.811 297.609 297.408 297.21 297.005 296.782 296.538 296.28 296.004 295.71 295.388 295.04 294.683 294.333 293.989 293.642 293.305 292.995 291.758 288.873 286.483 283.598 280.713 278.322 275.437 272.552 271.357 268.472 266.372
306.923 306.892 306.862 306.818 306.76 306.696 306.616 306.509 306.375 306.218 306.035 305.822 305.575 305.295 304.992 304.673 304.335 303.975 303.604 303.235 302.869 302.499 302.132 301.775 301.428 301.089 300.759 300.44 300.132 299.833 299.545 299.269 299.004 298.751 298.508 298.275 298.054 297.846 297.644 297.439 297.236 297.037 296.832 296.609 296.367 296.111 295.84 295.55 295.235 294.897 294.55 294.211 293.879 293.545 293.222 292.924 290.563 287.678 284.793 282.403 279.518 276.633 274.242 271.357 268.472 267.277 264.392
306.869 306.846 306.821 306.779 306.722 306.656 306.571 306.459 306.318 306.153 305.962 305.74 305.484 305.196 304.884 304.558 304.215 303.85 303.475 303.104 302.736 302.367 302 301.643 301.297 300.958 300.628 300.308 299.998 299.697 299.406 299.127 298.858 298.601 298.354 298.117 297.893 297.681 297.476 297.269 297.065 296.865 296.66 296.438 296.198 295.946 295.679 295.395 295.088 294.758 294.422 294.094 293.773 293.452 293.142 291.758 288.873 286.483 283.598 280.713 278.323 275.438 272.553 270.162 267.277 264.392 263.197
306.81 306.793 306.773 306.734 306.676 306.607 306.518 306.401 306.253 306.08 305.88 305.65 305.387 305.091 304.772 304.44 304.092 303.722 303.345 302.971 302.603 302.233 301.868 301.511 301.165 300.826 300.496 300.175 299.863 299.559 299.265 298.982 298.71 298.449 298.198 297.957 297.729 297.514 297.306 297.098 296.892 296.692 296.487 296.267 296.03 295.782 295.52 295.243 294.944 294.624 294.299 293.982 293.672 293.363 292.953 290.563 287.678 284.793 282.403 279.518 276.633 274.242 271.357 268.472 266.082 263.197 260.312
306.745 306.735 306.718 306.682 306.623 306.551 306.457 306.334 306.18 305.999 305.79 305.553 305.283 304.98 304.655 304.318 303.965 303.593 303.213 302.838 302.469 302.099 301.735 301.378 301.032 300.693 300.362 300.04 299.726 299.419 299.122 298.836 298.56 298.295 298.039 297.795 297.564 297.346 297.135 296.924 296.718 296.517 296.314 296.096 295.863 295.619 295.363 295.093 294.803 294.494 294.18 293.873 293.575 293.278 291.758 288.873 286.483 283.598 280.713 278.323 275.438 272.553 270.162 267.277 264.392 262.002 259.117
306.675 306.67 306.657 306.622 306.562 306.487 306.388 306.259 306.099 305.91 305.694 305.45 305.173 304.865 304.535 304.193 303.837 303.463 303.081 302.705 302.335 301.967 301.602 301.246 300.9 300.56 300.229 299.905 299.588 299.279 298.979 298.689 298.41 298.14 297.881 297.633 297.399 297.178 296.964 296.752 296.545 296.345 296.142 295.927 295.698 295.459 295.21 294.947 294.666 294.368 294.065 293.769 293.481 293.195 290.563 287.678 284.793 282.403 279.518 276.633 274.243 271.358 268.473 266.082 263.197 260.312 257.922
306.597 306.598 306.589 306.555 306.494 306.415 306.311 306.177 306.011 305.815 305.592 305.342 305.06 304.747 304.413 304.069 303.711 303.334 302.951 302.574 302.205 301.837 301.473 301.117 300.77 300.43 300.097 299.771 299.453 299.141 298.837 298.544 298.261 297.988 297.725 297.473 297.236 297.012 296.797 296.584 296.376 296.177 295.976 295.764 295.539 295.306 295.063 294.808 294.536 294.248 293.956 293.671 293.392 292.253 289.368 286.483 283.598 280.713 278.323 275.438 272.553 270.163 267.278 264.393 262.002 259.117 256.232
306.513 306.519 306.513 306.48 306.418 306.335 306.226 306.087 305.915 305.714 305.484 305.229 304.943 304.627 304.291 303.944 303.584 303.207 302.824 302.447 302.077 301.71 301.346 300.99 300.643 300.301 299.967 299.639 299.318 299.003 298.696 298.4 298.114 297.837 297.571 297.317 297.077 296.851 296.634 296.42 296.213 296.015 295.816 295.607 295.386 295.159 294.923 294.676 294.413 294.136 293.854 293.578 293.307 291.058 288.173 285.288 282.403 279.518 276.633 274.243 271.358 268.473 266.082 263.197 260.312 257.922 255.037
306.423 306.433 306.43 306.398 306.334 306.247 306.133 305.989 305.812 305.605 305.37 305.11 304.822 304.504 304.166 303.818 303.458 303.081 302.698 302.321 301.952 301.585 301.222 300.865 300.517 300.174 299.838 299.508 299.184 298.866 298.556 298.257 297.968 297.688 297.418 297.162 296.92 296.692 296.474 296.26 296.053 295.856 295.66 295.454 295.239 295.018 294.789 294.55 294.296 294.029 293.757 293.49 292.748 289.863 286.978 284.093 281.208 278.323 275.438 272.553 270.163 267.278 264.393 262.002 259.117 256.232 253.842
306.326 306.341 306.34 306.308 306.243 306.151 306.032 305.883 305.702 305.49 305.251 304.988 304.697 304.378 304.04 303.692 303.332 302.956 302.574 302.197 301.829 301.462 301.099 300.743 300.393 300.048 299.71 299.378 299.052 298.73 298.417 298.114 297.822 297.539 297.266 297.007 296.764 296.534 296.315 296.101 295.895 295.7 295.506 295.304 295.094 294.88 294.659 294.428 294.183 293.927 293.665 293.406 291.553 288.668 285.783 282.898 280.013 277.128 274.243 271.358 268.473 266.083 263.198 260.313 257.922 255.037 252.152
306.224 306.241 306.242 306.21 306.143 306.048 305.924 305.77 305.585 305.37 305.127 304.861 304.57 304.251 303.913 303.566 303.207 302.832 302.451 302.076 301.708 301.342 300.979 300.622 300.271 299.925 299.584 299.25 298.92 298.596 298.278 297.972 297.676 297.39 297.114 296.853 296.607 296.375 296.154 295.94 295.736 295.543 295.352 295.155 294.951 294.744 294.531 294.309 294.073 293.827 293.575 292.953 290.358 287.473 284.588 281.703 278.818 275.933 273.048 270.163 267.278 264.393 262.003 259.118 256.233 253.842 250.957
306.113 306.134 306.136 306.104 306.035 305.936 305.807 305.65 305.462 305.243 304.998 304.731 304.439 304.121 303.785 303.439 303.082 302.709 302.33 301.957 301.59 301.224 300.862 300.505 300.152 299.804 299.461 299.124 298.791 298.463 298.142 297.832 297.533 297.242 296.964 296.699 296.451 296.218 295.996 295.781 295.578 295.387 295.199 295.007 294.809 294.61 294.406 294.192 293.966 293.73 293.488 291.758 288.873 286.278 283.393 280.508 277.623 274.738 271.853 268.968 266.083 263.198 260.313 257.923 255.038 252.153 249.762
305.996 306.019 306.022 305.989 305.918 305.815 305.683 305.522 305.331 305.11 304.864 304.596 304.305 303.989 303.656 303.312 302.958 302.588 302.212 301.84 301.474 301.109 300.747 300.389 300.036 299.685 299.34 298.999 298.663 298.331 298.007 297.693 297.39 297.096 296.814 296.546 296.296 296.061 295.837 295.623 295.421 295.232 295.048 294.861 294.67 294.479 294.284 294.079 293.863 293.637 293.403 290.563 287.678 284.793 282.198 279.313 276.428 273.543 270.658 267.773 264.888 262.003 259.118 256.233 253.842 250.957 248.072
305.875 305.899 305.901 305.868 305.794 305.688 305.552 305.388 305.195 304.973 304.725 304.458 304.169 303.856 303.525 303.185 302.834 302.467 302.094 301.724 301.36 300.996 300.634 300.276 299.921 299.568 299.22 298.876 298.536 298.2 297.871 297.553 297.246 296.948 296.662 296.391 296.138 295.901 295.676 295.462 295.262 295.076 294.896 294.714 294.53 294.349 294.164 293.969 293.762 293.546 292.253 289.368 286.483 283.598 280.713 278.118 275.233 272.348 269.463 266.578 263.693 260.808 257.923 255.038 252.153 249.762 246.877
305.75 305.774 305.776 305.741 305.665 305.555 305.415 305.249 305.055 304.832 304.585 304.318 304.031 303.721 303.394 303.058 302.71 302.346 301.977 301.61 301.247 300.884 300.523 300.164 299.807 299.452 299.1 298.753 298.41 298.068 297.734 297.412 297.1 296.796 296.506 296.231 295.975 295.735 295.509 295.295 295.097 294.914 294.74 294.564 294.389 294.219 294.045 293.86 293.664 293.459 291.058 288.173 285.288 282.403 279.518 276.633 274.038 271.153 268.268 265.383 262.498 259.613 256.728 253.843 250.958 248.073 245.682
305.621 305.644 305.643 305.606 305.528 305.415 305.272 305.104 304.91 304.687 304.44 304.175 303.891 303.585 303.263 302.93 302.586 302.226 301.86 301.496 301.135 300.773 300.412 300.053 299.694 299.337 298.982 298.631 298.283 297.936 297.597 297.268 296.951 296.641 296.345 296.066 295.806 295.563 295.335 295.121 294.925 294.747 294.578 294.41 294.245 294.087 293.926 293.753 293.567 292.748 289.863 286.978 284.093 281.208 278.323 275.438 272.553 269.958 267.073 264.188 261.303 258.418 255.533 252.648 249.763 246.878 243.993
305.486 305.507 305.504 305.465 305.384 305.268 305.123 304.953 304.759 304.537 304.292 304.03 303.749 303.447 303.13 302.802 302.462 302.107 301.745 301.383 301.025 300.664 300.303 299.943 299.583 299.223 298.865 298.51 298.157 297.804 297.458 297.124 296.8 296.483 296.181 295.896 295.632 295.386 295.156 294.943 294.749 294.576 294.413 294.254 294.099 293.954 293.807 293.647 293.473 291.553 288.668 285.783 282.898 280.013 277.128 274.243 271.358 268.473 265.877 262.992 260.107 257.222 254.337 251.452 248.567 245.682 242.797
305.351 305.369 305.362 305.32 305.236 305.118 304.97 304.799 304.605 304.385 304.142 303.883 303.606 303.309 302.997 302.674 302.338 301.987 301.629 301.271 300.915 300.556 300.195 299.835 299.473 299.111 298.748 298.389 298.03 297.672 297.319 296.977 296.646 296.323 296.013 295.723 295.454 295.204 294.973 294.76 294.569 294.401 294.247 294.096 293.953 293.823 293.69 293.543 293.243 290.358 287.473 284.588 281.703 278.818 275.933 273.048 270.163 267.278 264.393 261.797 258.912 256.027 253.142 250.257 247.372 244.487 241.602
305.219 305.232 305.221 305.174 305.088 304.966 304.817 304.645 304.452 304.233 303.993 303.737 303.463 303.171 302.864 302.545 302.214 301.868 301.514 301.159 300.804 300.447 300.088 299.727 299.364 298.998 298.632 298.268 297.904 297.538 297.178 296.829 296.49 296.158 295.841 295.545 295.272 295.019 294.785 294.573 294.387 294.226 294.08 293.939 293.809 293.694 293.577 293.443 292.048 289.163 286.278 283.393 280.508 277.623 274.738 271.853 268.968 266.083 263.198 260.313 257.717 254.832 251.947 249.062 246.177 243.292 240.407
305.088 305.095 305.078 305.027 304.937 304.813 304.662 304.49 304.297 304.081 303.844 303.591 303.321 303.034 302.731 302.417 302.09 301.748 301.398 301.046 300.695 300.339 299.981 299.62 299.255 298.887 298.517 298.148 297.777 297.404 297.035 296.678 296.33 295.989 295.663 295.361 295.084 294.827 294.592 294.382 294.2 294.047 293.911 293.782 293.666 293.567 293.468 293.349 290.853 287.968 285.083 282.198 279.313 276.428 273.543 270.658 267.773 264.888 262.003 259.118 256.233 253.637 250.752 247.867 244.982 242.097 239.212
304.958 304.957 304.933 304.877 304.783 304.657 304.505 304.333 304.142 303.927 303.694 303.445 303.179 302.896 302.598 302.289 301.966 301.629 301.283 300.935 300.585 300.232 299.875 299.514 299.147 298.776 298.403 298.028 297.651 297.269 296.891 296.524 296.168 295.817 295.482 295.172 294.89 294.63 294.394 294.185 294.01 293.865 293.741 293.625 293.524 293.443 293.362 292.543 289.658 286.773 283.888 281.003 278.118 275.233 272.348 269.463 266.578 263.693 260.808 257.923 255.038 252.153 249.557 246.672 243.787 240.902 238.017
