tests/full-run-ref/erosion_78_19_2.123.asc
ncols 512
nrows 512
xllcorner -3.24582
yllcorner -4.08743
cellsize 5
NODATA_value -99999
[rows 185 to 221 of 512, columns 84 to 167 of 512]
0 0 0 0 0 11.5338 27.8593 17.3049 11.5356 5.76716 5.77 5.77 5.77 5.77 5.77 5.77 5.77 5.77 5.63858 1.24265 0 0 0 0 0 0 0 0 0 0 0 0 0 0 0 0 0 0 0 0 0 0 0 0 0 0 13.9276 8.15502 0 0 0 0 13.9282 8.1588 5.76916 5.76988 5.74397 5.34494 5.40236 5.57505 5.76909 0 0 0 0 0 0 0 0 23.0757 17.3024 11.5284 5.75821 5.76935 0 0 0 0 0 0 23.0715 17.2837 11.5011 5.7317
0 0 0 0 0 0 27.8591 17.3043 11.5353 5.76695 5.77 5.77 5.77 5.77 5.77 5.77 5.77 5.77 5.77 5.77 4.86596 0 0 0 0 0 0 0 0 0 0 0 0 0 0 0 0 0 0 0 0 0 0 0 0 0 11.5387 5.76734 5.76963 0 0 0 0 13.9293 8.15855 5.76907 5.76987 1.755 5.5753 11.5394 5.76732 0 0 0 0 0 0 0 33.555 23.0706 17.2971 11.5154 5.74142 0 0 0 0 0 0 0 25.2837 19.6754 13.8972 8.13031
0 0 0 0 0 0 30.2485 17.3033 11.535 5.76673 5.77 5.77 5.77 5.77 5.77 5.77 5.77 5.77 5.77 5.77 5.77 5.77 5.77 5.77 5.77 5.77 5.77 5.77 5.77 5.77 5.77 5.77 5.7274 2.95073 0 0 0 0 0 0 0 0 0 0 0 0 0 5.75636 0 5.76787 0 0 0 16.0065 13.929 8.15862 5.76913 3.45807 0 8.15847 5.76776 0 0 0 0 0 0 0 36.0141 25.454 19.6769 13.8887 8.10274 0 8.0918 0 0 0 0 28.8394 23.0554 17.2772 11.4974 5.73427
0 0 0 0 0 0 32.6373 17.3015 11.5346 5.76649 5.77 5.77 5.77 5.77 5.77 5.77 5.77 5.77 5.77 5.77 5.77 5.77 5.77 5.77 5.77 5.77 5.77 5.77 5.77 5.77 5.77 5.77 5.77 5.22346 0 0 0 0 0 0 0 0 0 0 0 0 0 0 11.8442 8.15969 10.8234 0 0 6.93026 11.5386 11.5391 8.15929 5.76972 0 0 5.76921 0 0 0 0 13.8856 23.9831 39.3087 33.6184 27.838 22.0526 16.2589 2.40096 0 0 0 21.4012 0 34.3021 28.8274 23.0518 17.2751 11.4963 5.73924
0 0 0 0 0 0 38.406 17.2991 11.5342 5.76624 5.77 5.77 5.77 5.77 5.77 5.77 5.77 5.77 5.77 5.77 5.77 5.77 5.77 5.77 5.77 5.77 5.77 5.77 5.77 5.77 5.77 5.77 5.77 5.00794 0 0 0 0 0 0 0 0 0 0 0 0 0 0 7.7897 0 0 0 0 0 0 0 5.76953 5.76989 0 0 0 0 0 0 0 16.2769 0 41.7802 36.0019 30.2167 24.4245 28.2207 0 0 0 32.543 0 40.1109 34.5951 28.8217 23.047 17.2726 11.4942 5.73772
0 0 0 0 0 0 40.7944 17.2967 11.5338 5.76597 5.77 5.77 5.77 5.77 5.77 5.77 5.77 5.77 5.77 5.77 5.77 5.77 5.77 5.77 5.77 5.77 5.77 5.77 5.77 5.77 5.77 5.77 5.76546 4.31509 0 0 0 0 0 0 0 0 0 0 0 0 0 0 0 5.76992 0 0 0 0 0 0 0 0 0 0 0 5.76755 0 0 11.4917 55.6886 49.9388 44.1645 38.3811 32.5905 36.3813 0 0 0 0 0 45.9744 40.3735 34.5972 28.8165 23.044 17.2735 11.494 5.73018
0 0 0 0 0 0 44.1727 17.2932 11.5333 5.76569 5.77 5.77 5.77 5.77 5.77 5.77 5.77 5.77 5.77 5.77 5.77 5.77 5.77 5.77 5.77 5.77 5.77 5.77 5.77 5.77 5.77 5.77 5.73797 3.41818 0 0 0 0 0 0 0 0 0 0 0 0 0 0 0 0 0 5.76996 0 0 0 0 0 6.15805 0 0 0 8.15288 6.14538 5.88978 13.8725 58.0799 52.3279 46.5461 40.7571 44.542 31.4742 22.3193 0 0 0 50.8829 45.1537 39.3801 33.6058 27.8286 22.0469 16.2799 13.8997 8.13095
0 0 0 0 0 0 46.561 17.2313 11.5328 5.7654 5.77 5.77 5.77 5.77 5.77 5.77 5.77 5.77 5.77 5.77 5.77 5.77 5.77 5.77 5.77 5.77 5.77 5.77 5.77 5.77 5.77 5.77 5.69936 2.70657 0 0 0 0 0 0 0 0 0 0 0 0 0 0 0 0 8.0607 5.76993 6.16001 0 0 0 0 0 0 0 0 13.9185 12.066 13.9485 16.2374 60.4788 54.7126 48.9244 52.7035 46.8696 45.798 8.31334 11.0614 60.0798 54.3098 48.5308 42.7564 36.9822 31.208 25.4327 19.6536 13.8708 8.10515 5.74195
0 0 0 0 0 0 48.9486 16.6692 11.5324 5.76511 5.77 5.77 5.77 5.77 5.77 5.77 5.77 5.77 5.77 5.77 5.77 5.77 5.77 5.77 5.77 5.77 5.77 5.77 5.77 5.77 5.77 5.77 5.70052 2.58271 0 0 0 0 0 0 0 0 0 0 0 0 0 0 0 0 0 0 0 0 0 0 0 0 0 17.8712 1.11836 7.27715 22.4378 24.413 68.6321 40.9968 57.0698 60.8664 55.2437 54.6264 51.0908 51.6821 63.4491 57.6869 51.9081 46.133 40.3579 34.5829 28.8079 23.0326 17.2561 11.4751 5.71926 5.76478
0 0 0 0 0 35.2798 57.1019 14.0681 11.532 5.76482 5.77 5.77 5.77 5.77 5.77 5.77 5.77 5.77 5.77 5.77 5.77 5.77 5.77 5.77 5.77 5.77 5.77 5.77 5.77 5.77 5.77 5.77 5.73885 3.171 0 0 0 0 0 0 0 0 0 0 0 0 0 0 0 0 0 0 0 0 0 0 0 0 0 0 0.844073 30.6178 32.5853 76.7988 48.5721 65.2336 69.0303 63.5575 65.1413 63.0699 73.4171 69.2294 63.4543 57.6784 51.9036 46.129 40.3544 34.5797 28.8049 23.03 17.2548 11.4787 5.73276 0
0 0 0 0 0 41.3273 65.1604 13.461 11.5315 5.7645 5.77 5.77 5.77 5.77 5.77 5.77 5.77 5.77 5.77 5.77 5.77 5.77 5.77 5.77 5.77 5.77 5.77 5.77 5.77 5.77 5.77 5.77 5.77 4.15879 0 0 0 0 0 0 0 0 0 0 0 0 0 0 0 0 0 0 0 0 0 0 0 0 0 0 38.7504 40.754 84.9612 54.5695 73.3943 77.1931 71.7225 79.189 72.8374 80.7621 74.999 69.2225 63.4472 57.6723 51.8977 46.123 40.3483 34.5735 28.7987 23.0237 17.2485 11.4731 5.73234 0
0 0 0 0 0 0 56.0389 13.1876 11.5309 5.76417 5.77 5.77 5.77 5.77 5.77 5.77 5.77 5.77 5.77 5.77 5.77 5.77 5.77 5.77 5.77 5.77 5.77 5.77 5.77 5.77 5.77 5.77 5.77 5.06848 0 0 0 0 0 0 0 0 0 0 0 0 0 0 0 0 0 0 0 0 0 0 0 0 0 0 48.9274 93.1211 54.7677 81.5482 85.3564 79.4169 80.8599 81.5822 86.5364 80.7693 74.9933 69.2186 63.4437 57.6689 51.8941 46.1193 40.3445 34.5695 28.7945 23.0193 17.2441 11.4681 5.71668 5.76005
0 0 0 0 0 0 20.3388 9.70078 11.5304 5.76383 5.77 5.77 5.77 5.77 5.77 5.77 5.77 5.77 5.77 5.77 5.77 5.77 5.77 5.77 5.77 5.77 5.77 5.77 5.77 5.77 5.77 5.77 5.77 5.59691 0.441182 0 0 0 0 0 0 0 0 0 0 0 0 0 0 0 0 0 0 0 0 0 0 0 33.5962 57.0881 72.0427 21.0076 89.7497 91.5189 84.6738 84.857 89.3775 94.6982 88.9301 83.1563 77.3829 71.6095 65.8362 60.0627 54.2892 48.5156 42.742 36.9683 31.1945 25.4206 19.6467 13.8734 8.0988 8.12941
0 0 0 0 0 0 0 10.8815 11.5298 5.76348 5.77 5.77 5.77 5.77 5.77 5.77 5.77 5.77 5.77 5.77 5.77 5.77 5.77 5.77 5.77 5.77 5.77 5.77 5.77 5.77 5.77 5.77 5.77 5.77 4.24032 0 0 0 0 0 0 0 0 0 0 0 0 0 0 0 0 0 0 0 0 19.7562 34.0005 39.7565 39.6578 80.1996 103.676 94.4882 97.6775 93.9575 95.3906 96.4143 102.071 97.0926 91.3192 85.5468 79.7744 74.0021 68.2298 62.4574 56.6849 50.9124 45.1398 39.3672 33.5945 27.8218 22.049 16.2825 13.8847 13.9251
0 0 0 0 0 0 0 17.2586 11.5293 5.76313 5.77 5.77 5.77 5.77 5.77 5.77 5.77 5.77 5.77 5.77 5.77 5.77 5.77 5.77 5.77 5.77 5.77 5.77 5.77 5.77 5.77 5.77 5.77 5.77 5.42102 0 0 0 0 0 0 0 0 0 0 0 0 0 0 0 0 0 0 0 34.8663 42.163 47.9199 3.98328 88.3638 111.837 102.65 105.838 102.756 106.217 106.07 108.404 103.837 98.0636 92.2913 86.5191 80.7471 74.975 69.2029 63.4307 57.6584 51.8861 46.1137 40.3413 34.5688 28.7962 23.0236 17.2635 13.9062 13.928
0 0 0 0 0 0 0 17.2538 11.5288 5.76278 5.77 5.77 5.77 5.77 5.77 5.77 5.77 5.77 5.77 5.77 5.77 5.77 5.77 5.77 5.77 5.77 5.77 5.77 5.77 5.77 5.77 5.77 5.77 5.77 5.6271 2.62853 0 0 0 0 0 0 0 0 0 0 0 0 0 0 0 0 13.9188 42.5576 48.3257 56.0845 1.43689 96.5285 119.998 110.811 114 110.917 116.001 114.233 115.378 109.607 103.834 98.062 92.2899 86.5178 80.7457 74.9735 69.2012 63.4289 57.6565 51.8839 46.1113 40.3386 34.5659 28.7931 23.0202 17.2596 13.9086 13.9284
0 0 0 0 0 0 0 17.2487 11.5282 5.76242 5.77 5.77 5.77 5.77 5.77 5.77 5.77 5.77 5.77 5.77 5.77 5.77 5.77 5.77 5.77 5.77 5.77 5.77 5.77 5.77 5.77 5.77 5.77 5.65543 4.29181 0 0 0 0 0 0 0 0 0 0 0 0 0 0 0 0 0 11.3268 54.4832 62.1369 0 104.693 128.16 118.973 122.161 119.079 124.163 122.395 121.149 115.377 109.604 103.833 98.0606 92.2887 86.5166 80.7445 74.9723 69.2 63.4276 57.655 51.8823 46.1096 40.3367 34.5638 28.7907 23.0176 17.2574 13.9063 13.9284
0 0 0 0 0 0 0 17.2432 11.5277 5.76205 5.77 5.77 5.77 5.77 5.77 5.77 5.77 5.77 5.77 5.77 5.77 5.77 5.77 5.77 5.77 5.77 5.77 5.77 5.77 5.77 5.77 5.77 5.64656 3.97351 0 0 0 0 0 0 0 0 0 0 0 0 0 0 0 0 0 0 0 0 0 112.858 136.321 127.134 130.322 127.521 132.324 130.556 126.918 121.147 115.375 109.603 103.831 98.0596 92.2877 86.5158 80.7437 74.9716 69.1993 63.4268 57.6542 51.8815 46.1087 40.3357 34.5627 28.7895 23.0163 17.2562 13.9001 13.9284
0 0 0 0 0 0 41.9404 17.2375 11.5271 5.76167 5.77 5.77 5.77 5.77 5.77 5.77 5.77 5.77 5.77 5.77 5.77 5.77 5.77 5.77 5.77 5.77 5.77 5.77 5.77 5.77 5.77 5.6804 4.14418 0 0 0 0 0 0 0 0 0 0 0 0 0 0 0 0 0 0 0 11.5184 101.532 109.21 144.483 135.295 138.483 138.094 140.486 138.459 132.688 126.917 121.145 115.373 109.602 103.83 98.0587 92.287 86.5151 80.7431 74.971 69.1987 63.4263 57.6537 51.881 46.1081 40.3351 34.562 28.7888 23.0156 17.2556 13.8951 13.9284
0 0 0 0 0 0 76.7721 17.2311 11.5265 5.76129 5.77 5.77 5.77 5.77 5.77 5.77 5.77 5.77 5.77 5.77 5.77 5.77 5.77 5.77 5.77 5.77 5.77 5.77 5.77 5.77 5.73327 4.77132 0 0 0 0 0 0 0 0 0 0 0 0 0 0 0 0 0 0 0 0 11.518 0 152.644 141.449 146.642 146.256 147.999 144.23 138.458 132.687 126.915 121.144 115.373 109.601 103.83 98.0581 92.2864 86.5146 80.7427 74.9706 69.1984 63.426 57.6534 51.8807 46.1078 40.3348 34.5617 28.7885 23.0151 17.2552 13.8908 13.9284
0 0 0 0 0 0 95.4708 17.2235 11.526 5.7609 5.77 5.77 5.77 5.77 5.77 5.77 5.77 5.77 5.77 5.77 5.77 5.77 5.77 5.77 5.77 5.77 5.77 5.77 5.77 5.77 5.41133 0.927695 0 0 0 0 0 0 0 0 0 0 0 0 0 0 0 0 0 0 0 0 11.5212 0 153.411 154.808 154.417 153.77 150 144.228 138.457 132.686 126.914 121.143 115.372 109.601 103.829 98.0576 92.286 86.5143 80.7424 74.9703 69.1982 63.4258 57.6533 51.8806 46.1077 40.3347 34.5616 28.7883 23.015 17.255 13.8869 13.9284
0 0 0 0 0 0 97.8545 17.2162 11.5254 5.7605 5.77 5.77 5.77 5.77 5.77 5.77 5.77 5.77 5.77 5.77 5.77 5.77 5.77 5.77 5.77 5.77 5.77 5.77 5.77 5.71812 3.96617 0 0 0 0 0 0 0 0 0 0 0 0 0 0 0 0 0 0 0 0 2.46008 13.9212 16.2772 0 162.443 160.808 155.77 149.999 144.227 138.456 132.685 126.914 121.143 115.372 109.6 103.829 98.0573 92.2858 86.5141 80.7422 74.9703 69.1981 63.4258 57.6534 51.8807 46.1079 40.3349 34.5618 28.7885 23.0152 17.2551 13.8835 13.9284
0 0 0 0 0 0 101.229 17.2093 11.5247 5.76008 5.77 5.77 5.77 5.77 5.77 5.77 5.77 5.77 5.77 5.77 5.77 5.77 5.77 5.77 5.77 5.77 5.77 5.77 5.77 5.36889 0 0 0 0 0 0 0 0 0 0 0 0 0 0 0 0 0 0 0 0 0 0 0 13.9175 16.2826 100.881 161.532 155.769 149.998 144.227 138.456 132.685 126.914 121.143 115.371 109.6 103.829 98.0573 92.2858 86.5141 80.7424 74.9705 69.1985 63.4262 57.6539 51.8813 46.1085 40.3356 34.5626 28.7894 23.0161 17.2559 13.8805 13.9284
0 0 0 0 0 79.1884 101.224 17.2039 11.5241 5.75964 5.77 5.77 5.77 5.77 5.77 5.77 5.77 5.77 5.77 5.77 5.77 5.77 5.77 5.77 5.77 5.77 5.77 5.77 5.75083 4.40799 0 0 0 0 0 0 0 0 0 0 0 0 0 0 0 0 0 0 0 0 0 0 0 0 13.392 16.2751 0 155.76 149.999 144.227 138.456 132.685 126.914 121.143 115.372 109.6 103.829 98.0578 92.2863 86.5148 80.7432 74.9714 69.1995 63.4275 57.6552 51.8828 46.1102 40.3375 34.5646 28.7916 23.0185 17.2579 13.878 13.9284
0 0 0 0 0 81.5815 101.22 17.2003 11.5234 5.75918 5.77 5.77 5.77 5.77 5.77 5.77 5.77 5.77 5.77 5.77 5.77 5.77 5.77 5.77 5.77 5.77 5.77 5.77 5.62287 2.28611 0 0 0 0 0 0 0 0 0 0 0 0 0 0 0 0 0 0 0 0 0 0 0 0 0 13.9122 0 0 149.989 144.228 138.457 132.686 126.914 121.143 115.372 109.601 103.83 98.0587 92.2874 86.5161 80.7446 74.973 69.2013 63.4295 57.6574 51.8852 46.1129 40.3404 34.5678 28.795 23.0222 17.262 13.8699 13.9272
0 0 0 0 0 81.5849 97.8372 17.1991 11.5225 5.75867 5.77 5.77 5.77 5.77 5.77 5.77 5.77 5.77 5.77 5.77 5.77 5.77 5.77 5.77 5.77 5.77 5.77 5.77 5.33804 0 0 0 0 0 0 0 0 0 0 0 0 0 0 0 0 0 0 0 0 0 0 0 0 0 0 0 13.9101 0 0 143.244 137.485 131.714 125.943 120.171 114.4 108.629 102.858 97.0865 91.3152 85.5438 79.7723 74.0006 68.2289 62.457 56.6849 50.9126 45.1402 39.3676 33.5949 27.8221 22.0491 16.2824 13.8989 0
0 0 0 0 0 10.6945 92.2135 17.1988 11.5215 5.75806 5.77 5.77 5.77 5.77 5.77 5.77 5.77 5.77 5.77 5.77 5.77 5.77 5.77 5.77 5.77 5.77 5.77 5.77 4.90483 0 0 0 0 0 0 0 0 0 0 0 0 0 0 0 0 5.76938 0 0 0 0 0 0 0 0 0 0 0 13.9082 0 0 135.082 129.323 123.552 117.78 112.009 106.237 100.466 94.6939 88.9222 83.1503 77.3784 71.6063 65.8341 60.0617 54.289 48.5162 42.7432 36.9699 31.1964 25.4227 19.6487 13.8761 8.08572 0
0 0 0 0 0 0 86.4378 17.1979 11.5202 5.75737 5.77 5.77 5.77 5.77 5.77 5.77 5.77 5.77 5.77 5.77 5.77 5.77 5.77 5.77 5.77 5.77 5.77 5.76727 4.31653 0 0 0 0 0 0 0 0 0 0 0 0 0 0 0 11.536 5.76745 5.76969 0 0 0 0 0 0 0 0 0 0 0 13.9065 0 132.666 126.923 121.163 115.391 109.619 103.846 98.0742 92.302 86.5297 80.7574 74.9849 69.2123 63.4396 57.6667 51.8935 46.1201 40.3464 34.5725 28.7982 23.0237 17.249 11.4752 6.11234 6.15706
0 0 0 0 0 0 80.663 17.1974 11.5187 5.75659 5.77 5.77 5.77 5.77 5.77 5.77 5.77 5.77 5.77 5.77 5.77 5.77 5.77 5.77 5.77 5.77 5.77 5.7449 3.55828 0 0 0 0 0 0 0 0 0 0 0 0 0 0 0 13.9278 8.15706 5.76951 0 0 0 0 0 0 0 0 0 0 0 0 13.9051 16.2492 126.862 121.155 115.394 109.621 103.849 98.0769 92.3047 86.5325 80.7603 74.988 69.2155 63.443 57.6702 51.8973 46.1242 40.3508 34.5772 28.8033 23.0291 17.2547 11.4821 6.12978 6.16001
0 0 0 0 0 77.3626 22.8464 17.1978 11.5171 5.75577 5.77 5.77 5.77 5.77 5.77 5.77 5.77 5.77 5.77 5.77 5.77 5.77 5.77 5.77 5.77 5.77 5.77 5.68858 2.67977 0 0 0 0 0 0 0 0 0 0 0 0 0 0 12.5084 11.5357 5.76596 5.76964 0 0 0 0 0 0 0 0 0 0 0 0 0 13.904 16.2497 121.081 114.406 109.623 103.851 98.0786 92.3064 86.5343 80.7622 74.99 69.2177 63.4453 57.6728 51.9001 46.1272 40.3541 34.5807 28.8071 23.0333 17.2592 11.4867 6.1322 6.16001
0 0 0 0 0 71.5877 0 0 11.5155 5.75493 5.77 5.77 5.77 5.77 5.77 5.77 5.77 5.77 5.77 5.77 5.77 5.77 5.77 5.77 5.77 5.77 5.77 5.64096 1.85603 0 0 0 0 0 0 0 0 0 0 0 0 0 0 17.3084 11.5341 5.76537 5.76958 0 0 0 0 0 0 0 0 0 0 0 0 0 0 13.9024 16.238 13.8974 109.528 103.852 98.0796 92.3074 86.5353 80.7632 74.991 69.2188 63.4465 57.6741 51.9015 46.1287 40.3557 34.5825 28.8091 23.0354 17.2615 11.4891 6.13341 6.16001
0 0 0 0 68.2141 65.8138 0 0 11.5139 5.7541 5.77 5.77 5.77 5.77 5.77 5.77 5.77 5.77 5.77 5.77 5.77 5.77 5.77 5.77 5.77 5.77 5.77 5.6254 1.48576 0 0 0 0 0 0 0 0 0 0 0 0 0 0 19.6727 13.9242 8.1557 5.76933 0 0 0 0 0 0 0 0 0 0 0 0 0 0 0 0 115.25 60.6728 103.853 98.0803 92.308 86.5359 80.7637 74.9916 69.2194 63.4471 57.6747 51.9022 46.1294 40.3565 34.5834 28.81 23.0364 17.2626 11.4902 6.134 6.16001
0 0 0 0 62.438 60.0413 16.8892 0 11.5124 5.75329 5.77 5.77 5.77 5.77 5.77 5.77 5.77 5.77 5.77 5.77 5.77 5.77 5.77 5.77 5.77 5.77 5.77 5.64615 1.77117 0 0 0 0 0 0 0 0 0 0 0 0 0 0 17.3055 11.5321 5.76362 5.76923 3.27383 0 0 0 0 0 0 0 0 0 0 0 0 0 0 0 22.0133 67.8265 103.718 98.0813 92.3087 86.5364 80.7642 74.992 69.2198 63.4475 57.6751 51.9026 46.1299 40.357 34.5839 28.8106 23.037 17.2632 11.4908 6.13429 6.16001
0 0 0 59.0644 56.6654 54.2692 46.7478 16.3801 11.511 5.75251 5.77 5.77 5.77 5.77 5.77 5.77 5.77 5.77 5.77 5.77 5.77 5.77 5.77 5.77 5.77 5.77 5.77 5.6702 2.22883 0 0 0 0 0 0 0 0 0 0 0 0 0 0 19.6947 13.923 8.15492 5.76919 5.6303 1.08344 0 0 0 0 0 0 0 0 0 0 0 0 0 0 0 109.419 25.0663 98.0824 92.3096 86.5371 80.7648 74.9925 69.2202 63.4479 57.6754 51.9029 46.1302 40.3574 34.5843 28.811 23.0374 17.2636 11.4912 6.13444 0
0 0 0 53.2901 50.8929 48.4971 46.0575 17.1818 11.5097 5.75176 5.77 5.77 5.77 5.77 5.77 5.77 5.77 5.77 5.77 5.77 5.77 5.77 5.77 5.77 5.77 5.77 5.77 5.66986 2.24872 0 0 0 0 0 0 0 0 0 0 0 0 0 0 17.3033 11.531 5.76347 5.76941 5.77 4.66574 0 0 0 0 0 0 0 0 0 0 0 0 0 0 17.2847 27.7961 103.721 98.0842 92.3108 86.5381 80.7656 74.9932 69.2208 63.4484 57.6759 51.9033 46.1306 40.3577 34.5846 28.8113 23.0377 17.2638 11.4914 6.13452 0
0 0 49.9137 47.5169 45.1205 42.7249 40.3027 17.2373 11.5084 5.75107 5.77 5.77 5.77 5.77 5.77 5.77 5.77 5.77 5.77 5.77 5.77 5.77 5.77 5.77 5.77 5.77 5.77 5.6719 2.14195 0 0 0 0 0 0 0 0 0 0 0 0 0 23.0788 17.3028 11.5304 5.7639 5.77 5.77 5.57869 0.0907865 0 0 0 0 0 0 0 0 0 0 0 0 0 0 0 23.0519 0 92.313 86.5396 80.7668 74.9941 69.2216 63.449 57.6765 51.9038 46.131 40.3581 34.5849 28.8116 23.0379 17.264 11.4915 6.1345 0
0 46.5399 44.1389 41.7442 39.3482 36.9528 34.5427 17.2497 11.5075 5.75059 5.77 5.77 5.77 5.77 5.77 5.77 5.77 5.77 5.77 5.77 5.77 5.77 5.77 5.77 5.77 5.75427 5.70799 5.70061 2.72925 0 0 0 0 0 0 0 0 0 0 0 0 0 22.9922 17.3012 11.5285 5.76143 5.76923 5.77 5.77 4.33486 0 0 0 0 0 0 0 0 0 0 0 0 0 0 23.0621 0 0 0 86.5422 80.7686 74.9956 69.2227 63.45 57.6773 51.9045 46.1316 40.3585 34.5852 28.8117 23.0379 17.2639 11.4912 6.13429 0
