tests/full-run-ref/erosion_78_23_-57.856.asc
ncols 512
nrows 512
xllcorner -3.24582
yllcorner -4.08743
cellsize 5
NODATA_value -99999
[rows 465 to 495 of 512, columns 0 to 68 of 512]
11.54 11.54 11.54 11.54 11.54 11.54 11.54 11.54 11.5399 11.5399 11.5398 9.91284 9.91289 9.91293 9.91296 9.913 9.913 9.91299 9.91298 9.91297 11.54 8.15991 5.76999 5.77 5.76999 8.16 5.76999 5.77001 5.77 5.77001 5.77001 5.77001 5.77001 5.77001 5.77001 5.77 5.77 5.77 6.16001 5.77 5.77001 5.77001 5.77001 5.77001 5.77001 5.77001 5.77001 5.77001 5.7678 11.5255 5.75807 5.76536 5.77001 5.77001 5.77001 5.77001 5.77001 5.77001 5.77001 5.77001 5.77001 5.77001 5.77001 5.77001 5.77001 5.77001 5.77001 5.77001 5.77001
11.54 11.54 11.54 11.54 11.54 11.54 11.54 11.5399 11.5398 8.15927 5.76979 5.76992 5.76994 5.76995 5.76996 5.76997 5.76998 5.76998 5.76997 5.76997 5.76996 5.76997 5.76999 5.77001 5.77 5.77 5.77 5.76998 5.77001 5.77001 5.77001 5.77001 5.77001 5.77001 5.77001 5.77 6.16 8.09352 5.77 5.77 5.77001 5.77001 5.77001 5.77001 5.77001 5.77001 5.77001 5.77001 5.76891 11.5229 5.75126 5.77001 5.77001 5.77001 5.77001 5.77001 5.77001 5.77001 5.77001 5.77001 5.77001 5.77001 5.77001 5.77001 5.77001 5.77001 5.77001 5.77001 5.77001
11.54 11.54 11.54 11.54 11.54 11.54 11.5397 11.5397 8.15892 5.76975 5.76998 5.77001 5.77001 5.77001 5.77001 5.77001 5.77001 5.77001 5.77001 5.77001 5.77001 5.77001 5.77001 5.77001 5.77001 5.77 8.06069 5.77 5.77001 5.77001 5.77001 5.77001 5.77001 5.77001 5.77001 5.77 5.77 8.16001 5.77 5.77001 5.77001 5.77001 5.77001 5.77001 5.77001 5.77001 5.77001 5.77001 5.76959 8.15876 5.75592 5.77001 5.77001 5.77001 5.77001 5.77001 5.77001 5.77001 5.77001 5.77001 5.77001 5.77001 5.77001 5.77001 5.77001 5.77001 5.77001 5.77001 5.77001
11.54 11.54 11.54 11.54 11.54 11.54 11.5387 8.15683 5.76929 5.76996 5.77001 5.77001 5.77001 5.77001 5.77001 5.77001 5.77001 5.77001 5.77001 5.77001 5.77001 5.77001 5.77001 5.77001 5.77001 5.77 5.76999 5.76999 5.77001 5.77001 5.77001 5.77001 5.77001 5.77001 5.77001 5.77 7.7593 5.77 5.77 5.77001 5.77001 5.77001 5.77001 5.77001 5.77001 5.77001 5.77001 5.77001 5.76988 5.76978 5.76536 5.77001 5.77001 5.77001 5.77001 5.77001 5.77001 5.77001 5.77001 5.77001 5.77001 5.77001 5.77001 5.77001 5.77001 5.77001 5.77001 5.77001 5.77001
11.54 11.54 11.54 11.54 11.54 11.54 11.5379 5.76821 5.76986 5.77001 5.77001 5.77001 5.77001 5.77001 5.77001 5.77001 5.77001 5.77001 5.77001 5.77001 5.77001 5.77001 5.77001 5.77001 5.77001 5.77001 5.77 5.77 5.77 5.77 5.77001 5.77001 5.77001 5.77001 5.77001 5.77 5.77 5.77 5.77001 5.77001 5.77001 5.77001 5.77001 5.77001 5.77001 5.77001 5.77001 5.77001 5.7698 5.7697 5.76457 5.77001 5.77001 5.77001 5.77001 5.77001 5.77001 5.77001 5.77001 5.77001 5.77001 5.77001 5.77001 5.77001 5.77001 5.77001 5.77001 5.77001 6.16001
11.54 11.54 11.54 11.54 11.54 11.5385 11.5395 6.15872 5.76995 5.76999 5.77 5.77 5.77 5.77 5.77 5.77001 5.77001 5.77001 5.77001 5.77001 5.77001 5.77001 5.77001 5.77001 5.77001 5.77 5.77 5.77 6.15995 5.76999 5.77001 5.77001 5.77001 5.77001 5.77001 5.77001 5.77001 5.77001 5.77001 5.77001 5.77001 5.77001 5.77001 5.77001 5.77001 5.77001 5.77001 5.77001 5.76975 8.15514 5.7624 5.77001 5.77001 5.77001 5.77001 5.77001 5.77001 5.77001 5.77001 5.77001 5.77001 5.77001 5.77001 5.77001 5.77001 5.77001 5.77001 5.77001 5.77001
11.54 11.54 11.54 11.54 11.5398 11.5394 6.15747 6.15974 6.15982 6.15984 6.15986 6.15988 5.76991 6.15992 5.76995 5.76996 5.76998 5.76998 5.76999 5.76999 5.76999 5.76999 5.76998 5.76998 5.76999 5.76999 5.77 5.77 5.76999 5.77 5.76998 5.76998 5.76999 5.77001 5.77001 5.77001 5.77001 5.77001 5.77001 5.77001 5.77001 5.77001 5.77001 5.77001 5.77001 5.77001 5.77001 5.77001 5.76982 5.76802 5.76554 5.77001 5.77001 5.77001 5.77001 5.77001 5.77001 5.77001 5.77001 5.77001 5.77001 5.77001 5.77001 5.77001 5.77001 5.77001 5.77001 5.77001 5.77001
11.54 11.54 11.54 11.5389 9.90971 11.5389 11.5397 10.822 10.822 10.822 10.822 11.0299 10.8856 10.8971 11.0722 10.964 10.964 10.964 10.964 10.964 10.964 10.964 10.964 11.54 8.16 5.76999 5.77 5.77 5.77 5.76999 6.15904 6.15951 5.76981 5.76992 5.76999 5.77001 5.77001 5.77001 5.77001 5.77001 5.77001 5.77001 5.77001 5.77001 5.77001 5.77001 5.77001 5.77001 5.77001 5.77001 5.77001 5.77001 5.77001 5.77001 5.77001 5.77001 5.77001 5.77001 5.77001 5.77001 5.77001 5.77001 5.77001 5.77001 5.77001 5.77001 5.77001 5.77001 5.77001
11.54 11.54 8.15994 5.76916 5.76907 5.76912 5.76969 5.76991 5.76993 5.76994 5.76994 5.76995 5.76996 5.76997 5.76997 5.76998 5.76998 5.76998 5.76999 5.76999 5.76999 5.76999 5.76998 5.76998 5.76997 5.76997 5.77 5.77 5.77 5.76999 5.76992 8.15988 7.99246 6.15926 5.7698 5.76994 5.77001 5.77001 5.77001 5.77001 5.77001 5.77001 5.77001 5.77001 5.77001 5.77001 5.77001 5.76987 5.7698 5.76707 5.77001 5.77001 5.77001 5.77001 5.77001 5.77001 5.77001 5.77001 5.77001 5.77001 5.77001 5.77001 5.77001 5.77001 5.77001 5.77001 5.77001 5.77001 5.77001
11.54 8.16002 5.77 5.76999 5.77001 5.77001 5.77001 5.77001 5.77001 5.77001 5.77001 5.77001 5.77001 5.77001 5.77001 5.77001 5.77001 5.77001 5.77001 5.77001 5.77001 5.77001 5.77001 5.77001 5.77001 5.77 5.77 5.77 5.77 5.77 5.76993 5.76983 6.03727 8.42741 8.15908 5.76965 5.76995 5.77001 5.77001 5.77001 5.77001 5.77001 5.77001 5.77001 5.77001 5.77001 5.77001 5.76965 8.15944 5.76325 5.77001 5.77001 5.77001 5.77001 5.77001 5.77001 5.77001 5.77001 5.77001 5.77001 5.77001 5.77001 5.77001 5.77001 5.77001 5.77001 5.77001 5.77001 5.77001
11.54 5.77 5.77001 5.77001 5.77001 5.77001 5.77001 5.77001 5.77001 5.77001 5.77001 5.77001 5.77001 5.77001 5.77001 5.77001 5.77001 5.77001 5.77001 5.77001 5.77001 5.77001 5.77001 5.77001 5.77001 5.77 5.77 5.77 5.77 5.77 5.77 5.76999 5.76989 6.0368 11.807 8.15821 5.76966 5.76998 5.77001 5.77001 5.77001 5.77001 5.77001 5.77001 5.77001 5.77001 5.77001 5.76954 8.15853 5.76347 5.77001 5.77001 5.77001 5.77001 5.77001 5.77001 5.77001 5.77001 5.77001 5.77001 5.77001 5.77001 5.77001 5.77001 5.77001 5.77001 5.77001 5.77001 5.77001
11.54 5.77 5.77001 5.76998 5.76996 5.76995 5.76995 5.76995 5.76996 5.76997 5.76997 5.76998 5.76998 5.76999 5.76999 5.76999 5.77 5.77 5.77 5.77 5.77 5.77 5.77 5.77 5.77001 5.77 5.77 5.77 5.77 5.77 5.77 5.77 5.76999 5.76974 8.15914 13.9285 8.15914 5.76991 5.77 5.76999 5.76998 5.76998 5.77001 5.77001 5.77001 5.77001 5.77001 5.7698 5.7697 5.76738 5.77001 5.77001 5.77001 5.77001 5.77001 5.77001 5.77001 5.77001 5.77001 5.77001 5.77001 5.77001 5.77001 5.77001 5.77001 5.77001 5.77001 5.77001 5.77001
11.54 8.16002 6.16002 6.15932 6.15893 6.15872 6.15875 6.1589 6.15907 6.15923 6.15936 6.15948 6.15959 6.15968 6.15976 6.15983 6.15988 6.15992 6.15995 6.15997 6.15992 6.15995 6.15999 5.77 5.77001 5.77001 5.77 5.77 5.77 5.77 5.77 5.77 5.77 5.76996 5.76971 11.5397 8.68531 5.76976 5.76989 5.76987 8.1597 5.76994 5.77001 5.77001 5.77001 5.77001 5.77001 5.77001 5.77001 5.77001 5.77001 5.77001 5.77001 5.77001 5.77001 5.77001 5.77001 5.77001 5.77001 5.77001 5.77001 5.77001 5.77001 5.77001 5.77001 5.77001 5.77001 5.77001 5.77001
11.54 11.54 11.54 10.8539 10.8535 10.8534 10.8534 10.8536 10.8537 10.8539 10.854 10.8541 10.8542 10.8543 10.8544 10.8544 10.8545 10.8545 10.8545 11.54 11.54 8.1599 5.76997 5.77 5.77001 5.77001 5.77 5.77 5.77 5.77 5.77 5.77 5.77 5.77 5.76993 8.1597 11.0756 11.3436 8.09393 10.711 11.5396 5.76989 5.77001 5.77001 5.77001 5.77001 5.77001 5.77001 5.77001 5.77001 5.77001 5.77001 5.77001 5.77001 5.77001 5.77001 5.77001 5.77001 5.77001 5.77001 5.77001 5.77001 5.77001 5.77001 5.77001 5.77001 5.77001 5.77001 5.77001
11.54 11.54 11.54 11.54 11.5399 11.5399 11.5399 11.5399 11.5399 11.5399 11.54 11.54 11.54 11.54 11.54 11.54 11.54 11.54 11.54 11.54 8.15983 5.76991 5.76997 5.77001 5.77001 5.77001 5.77 5.77 5.77 5.77 5.77 5.77 5.77 5.77 5.76998 5.7699 8.1596 13.9297 13.8641 16.2541 11.5393 5.76982 5.77001 5.77001 5.77001 5.77001 5.77001 5.77001 5.77001 5.77001 5.77001 5.77001 5.77001 5.77001 5.77001 5.77001 5.77001 5.77001 5.77001 5.77001 5.77001 5.77001 5.77001 5.77001 5.77001 5.77001 5.77001 5.77001 5.77001
11.54 11.54 11.54 11.54 11.54 11.54 11.54 11.54 11.54 11.54 11.54 11.54 11.54 11.54 11.54 11.54 11.54 11.54 11.54 8.15985 5.76993 5.76998 5.77001 5.77001 5.77001 5.77001 5.77001 5.77 5.77 5.77 5.77 5.77 5.77 5.77 5.77 5.76999 5.76979 11.5395 17.3096 17.309 11.5388 5.76975 5.77001 5.77001 5.77001 5.77001 5.77001 5.77001 5.77001 5.77001 5.77001 5.77001 5.77001 5.77001 5.77001 5.77001 5.77001 5.77001 5.77001 5.77001 5.77001 5.77001 5.77001 5.77001 5.77001 5.77001 5.77001 5.77001 5.77001
11.54 11.54 11.54 11.54 11.54 11.54 11.54 11.54 11.54 11.54 11.54 11.54 11.54 11.54 11.54 11.54 11.54 11.54 8.15988 5.76994 5.76997 5.77001 5.77001 5.77001 5.77001 5.77001 5.77 5.77 5.77 5.77 5.77 5.77 5.77 5.77 5.77 5.77 5.76981 11.5393 17.3094 17.3087 11.5384 5.76967 5.77001 5.77001 5.77001 5.77001 5.77001 5.77001 5.77001 5.77001 5.77001 5.77001 5.77001 5.77001 5.77001 5.77001 5.77001 5.77001 5.77001 5.77001 5.77001 5.77001 5.77001 5.77001 5.77001 5.77001 5.77001 5.77001 5.77001
11.54 11.54 11.54 11.54 11.54 11.54 11.54 11.54 11.54 11.54 11.54 11.54 11.54 11.54 11.54 11.54 11.5399 8.15977 5.76994 5.76999 5.77 5.77 5.77 5.77 5.77 5.77 5.77 5.77 5.77 5.77 5.77 5.77 5.77 5.77 5.77 5.77 5.76976 11.5391 17.3093 17.3085 11.5381 5.7696 5.77001 5.77001 5.77001 5.77001 5.77001 5.77001 5.77001 5.77001 5.77001 5.77001 5.77001 5.77001 5.77001 5.77001 5.77001 5.77001 5.77001 5.77001 5.77001 5.77001 5.77001 5.77001 5.77001 5.77001 5.77001 5.77001 5.77001
11.54 11.54 11.54 11.54 11.54 11.54 11.54 11.54 11.54 11.54 11.54 11.54 11.54 11.54 11.54 11.54 11.5398 5.76985 5.76998 5.77 5.77 5.77 5.77 5.77 5.77 5.77 5.77 5.77 5.77 5.77 5.77 5.77 5.77 5.77 5.77 5.77 5.76968 11.5388 17.3091 17.3082 11.5378 5.76953 5.77001 5.77001 5.77001 5.77001 5.77001 5.77001 5.77001 5.77001 5.77001 5.77001 5.77001 5.77001 5.77001 5.77001 5.77001 5.77001 5.77001 5.77001 5.77001 5.77001 5.77001 5.77001 5.77001 5.77001 5.77001 5.77001 5.77001
11.54 11.54 11.54 11.54 11.54 11.54 11.54 11.54 11.54 11.54 11.54 11.54 11.54 11.54 11.54 11.54 11.5399 8.15974 5.76984 5.76995 5.76998 5.76998 5.76998 5.76997 5.76998 5.76999 5.77 5.77 5.77 5.77 5.77 5.77 5.77 5.77 5.77 5.76995 5.76938 11.5383 17.3088 17.308 11.5375 5.76946 5.77001 5.77001 5.77001 5.77001 5.77001 5.77001 5.77001 5.77001 5.77001 5.77001 5.77001 5.77001 5.77001 5.77001 5.77001 5.77001 5.77001 5.77001 5.77001 5.77001 5.77001 5.77001 5.77001 5.77001 5.77001 5.77001 5.77001
11.54 11.54 11.54 11.54 11.54 11.54 11.54 11.54 11.54 11.54 11.54 11.54 11.54 11.54 11.54 11.54 11.54 11.54 8.15958 6.15935 6.15952 6.15966 6.15944 6.15943 6.15932 6.15976 5.76995 5.77 5.77 5.77 5.77 5.77 5.77 5.77 5.77 5.76976 8.15808 13.9283 19.6987 17.3076 11.5372 5.76938 5.77001 5.77001 5.77001 5.77001 5.77001 5.77001 5.77001 5.77001 5.77001 5.77001 5.77001 5.77001 5.77001 5.77001 5.77001 5.77001 5.77001 5.77001 5.77001 5.77001 5.77001 5.77001 5.77001 5.77001 5.77001 5.77001 5.77001
11.54 11.54 11.54 11.54 11.54 11.54 11.54 11.54 11.54 11.54 11.54 11.54 11.54 11.54 11.54 11.54 11.54 11.54 11.5399 11.5396 11.5398 11.5398 11.5398 11.5395 11.5398 11.5397 5.76986 5.76998 5.77 5.77 5.77 5.77 5.77 5.77 5.76995 5.76931 11.538 16.3183 22.0888 17.3073 11.5368 5.7693 5.77001 5.77001 5.77001 5.77001 5.77001 5.77001 5.77001 5.77001 5.77001 5.77001 5.77001 5.77001 5.77001 5.77001 5.77001 5.77001 5.77001 5.77001 5.77001 5.77001 5.77001 5.77001 5.77001 5.77001 5.77001 5.77001 5.77001
11.54 11.54 11.54 11.54 11.54 11.54 11.54 11.54 11.54 11.54 11.54 11.54 11.54 11.54 11.54 11.54 11.54 11.54 11.54 11.54 11.54 11.54 11.54 11.54 11.54 11.5399 8.15965 5.76996 5.77 5.77 5.77 5.77 5.77 5.77 5.76975 8.15804 13.928 19.6984 23.0773 17.3069 11.5364 5.7692 5.77001 5.77001 5.77001 5.77001 5.77001 5.77001 5.77001 5.77001 5.77001 5.77001 5.77001 5.77001 5.77001 5.77001 5.77001 5.77001 5.77001 5.77001 5.77001 5.77001 5.77001 5.77001 5.77001 5.77001 5.77001 5.77001 5.77001
11.54 11.54 11.54 11.54 11.54 11.54 11.54 11.54 11.54 11.54 11.54 11.54 11.54 11.54 11.54 11.54 11.54 11.54 11.54 11.54 11.54 11.54 11.54 11.54 11.54 11.5397 5.76981 5.76996 5.77 5.77 5.77 5.77 5.77 5.77 5.76955 11.5383 16.3183 22.0885 23.077 17.3065 11.536 5.7691 5.77001 5.77001 5.77001 5.77001 5.77001 5.77001 5.77001 5.77001 5.77001 5.77001 5.77001 5.77001 5.77001 5.77001 5.77001 5.77001 5.77001 5.77001 5.77001 5.77001 5.77001 5.77001 5.77001 5.77001 5.77001 5.77001 5.77001
11.54 11.54 11.54 11.54 11.54 11.54 11.54 11.54 11.54 11.54 11.54 11.54 11.54 11.54 11.54 11.54 11.54 11.54 11.54 11.54 11.54 11.54 11.54 11.54 11.54 11.5399 8.15973 5.76993 5.77 5.77 5.77 5.77 5.77 5.77 5.76948 11.5379 17.3082 23.0785 23.0767 17.3061 11.5355 5.769 5.77001 5.77001 5.77001 5.77001 5.77001 5.77001 5.77001 5.77001 5.77001 5.77001 5.77001 5.77001 5.77001 5.77001 5.77001 5.77001 5.77001 5.77001 5.77001 5.77001 5.77001 5.77001 5.77001 5.77001 5.77001 5.77001 5.77001
11.54 11.54 11.54 11.54 11.54 11.54 11.54 11.54 11.54 11.54 11.54 11.54 11.54 11.54 11.54 11.54 11.54 11.54 11.54 11.54 11.54 11.54 11.54 11.54 11.54 11.5399 8.15986 5.76994 5.77 5.77 5.77 5.77 5.77 5.77 5.76947 11.5378 17.308 23.0784 23.0764 17.3058 11.5352 5.76892 5.77001 5.77001 5.77001 5.77001 5.77001 5.77001 5.77001 5.77001 5.77001 5.77001 5.77001 5.77001 5.77001 5.77001 5.77001 5.77001 5.77001 5.77001 5.77001 5.77001 5.77001 5.77001 5.77001 5.77001 5.77001 5.77001 5.77001
11.54 11.54 11.54 11.54 11.54 11.54 11.54 11.54 11.54 11.54 11.54 11.54 11.54 11.54 11.54 11.54 11.54 11.54 11.54 11.54 11.54 11.54 11.54 11.54 11.5397 8.15943 5.76988 5.76998 5.77 5.77 5.77 5.77 5.77 5.77 5.76946 11.5377 17.308 23.0783 23.0762 17.3055 11.5349 5.76884 5.77001 5.77001 5.77001 5.77001 5.77001 5.77001 5.77001 5.77001 5.77001 5.77001 5.77001 5.77001 5.77001 5.77001 5.77001 5.77001 5.77001 5.77001 5.77001 5.77001 5.77001 5.77001 5.77001 5.77001 5.77001 5.77001 5.77001
11.54 11.54 11.54 11.54 11.54 11.54 11.54 11.54 11.54 11.54 11.54 11.54 11.54 11.54 11.54 11.54 11.54 11.54 11.54 11.54 11.54 11.54 11.54 11.54 11.5397 5.76969 5.76997 5.77 5.77 5.77 5.77 5.77 5.77 5.77 5.76945 11.5376 17.3079 23.0783 23.076 17.3053 11.5346 5.76878 5.77001 5.77001 5.77001 5.77001 5.77001 5.77001 5.77001 5.77001 5.77001 5.77001 5.77001 5.77001 5.77001 5.77001 5.77001 5.77001 5.77001 5.77001 5.77001 5.77001 5.77001 5.77001 5.77001 5.77001 5.77001 5.77001 5.77001
11.54 11.54 11.54 11.54 11.54 11.54 11.54 11.54 11.54 11.54 11.54 11.54 11.54 11.54 11.54 11.54 11.54 11.54 11.54 11.54 11.54 11.54 11.54 11.54 11.5398 6.34781 5.77 5.77 5.77 5.77 5.77 5.77 5.77 5.77 5.76943 11.5376 17.3078 23.0782 23.0758 17.3051 11.5344 5.76873 5.77001 5.77001 5.77001 5.77001 5.77001 5.77001 5.77001 5.77001 5.77001 5.77001 5.77001 5.77001 5.77001 5.77001 5.77001 5.77001 5.77001 5.77001 5.77001 5.77001 5.77001 5.77001 5.77001 5.77001 5.77001 5.77001 5.77001
11.54 11.54 11.54 11.54 11.54 11.54 11.54 11.54 11.54 11.54 11.54 11.54 11.54 11.54 11.54 11.54 11.54 11.54 11.54 11.54 11.54 11.54 11.54 11.54 11.5396 5.76956 5.76994 5.76999 5.76999 5.76999 5.77 5.77 5.77 5.77 5.76942 11.5375 17.3078 23.0782 23.0757 17.3049 11.5342 5.76869 5.77001 5.77001 5.77001 5.77001 5.77001 5.77001 5.77001 5.77001 5.77001 5.77001 5.77001 5.77001 5.77001 5.77001 5.77001 5.77001 5.77001 5.77001 5.77001 5.77001 5.77001 5.77001 5.77001 5.77001 5.77001 5.77001 5.77001
11.54 11.54 11.54 11.54 11.54 11.54 11.54 11.54 11.54 11.54 11.54 11.54 11.54 11.54 11.54 11.54 11.54 11.54 11.54 11.54 11.54 11.54 11.54 11.54 11.5398 8.15916 6.15935 6.15983 6.15996 5.76999 5.77 5.77 5.77 5.77 5.7694 11.5374 17.3077 23.0781 23.0755 17.3048 11.534 5.76866 5.77001 5.77001 5.77001 5.77001 5.77001 5.77001 5.77001 5.77001 5.77001 5.77001 5.77001 5.77001 5.77001 5.77001 5.77001 5.77001 5.77001 5.77001 5.77001 5.77001 5.77001 5.77001 5.77001 5.77001 5.77001 5.77001 5.77001
