tests/full-run-ref/erosion_2010_78_13_87.555.asc
ncols 512
nrows 512
xllcorner -3.24582
yllcorner -4.08743
cellsize 5
NODATA_value -99999
[rows 450 to 479 of 512, columns 67 to 133 of 512]
342.556 343.641 344.707 345.724 346.665 347.522 348.312 349.03 349.676 350.244 350.737 351.162 351.525 351.821 352.046 352.22 352.366 352.476 352.542 352.588 352.642 352.706 352.765 352.83 352.912 353.019 353.144 353.275 353.4 353.53 353.669 353.788 353.861 353.889 353.887 353.832 353.7 353.48 353.184 352.828 352.425 351.955 351.414 350.855 350.332 349.84 349.352 348.912 348.566 348.334 348.19 348.117 348.101 348.162 348.307 348.477 348.614 348.719 348.821 348.886 348.878 348.78 348.613 348.393 348.136 347.829 347.467
343.118 344.192 345.244 346.246 347.172 348.015 348.789 349.492 350.123 350.677 351.156 351.567 351.918 352.203 352.417 352.582 352.72 352.824 352.884 352.927 352.977 353.036 353.093 353.155 353.233 353.334 353.453 353.577 353.694 353.812 353.936 354.04 354.096 354.106 354.083 354.006 353.857 353.62 353.309 352.941 352.531 352.061 351.524 350.975 350.466 349.992 349.528 349.116 348.797 348.591 348.475 348.43 348.438 348.52 348.683 348.868 349.019 349.135 349.244 349.314 349.311 349.218 349.053 348.835 348.579 348.273 347.91
343.682 344.744 345.78 346.765 347.673 348.497 349.253 349.938 350.552 351.09 351.553 351.95 352.289 352.563 352.769 352.927 353.059 353.158 353.217 353.258 353.306 353.364 353.419 353.48 353.555 353.652 353.765 353.882 353.989 354.094 354.204 354.29 354.328 354.316 354.269 354.17 353.999 353.744 353.415 353.031 352.613 352.142 351.61 351.07 350.575 350.122 349.685 349.302 349.012 348.835 348.75 348.734 348.767 348.871 349.052 349.253 349.417 349.542 349.659 349.733 349.734 349.644 349.482 349.265 349.01 348.705 348.343
344.245 345.294 346.312 347.276 348.164 348.969 349.703 350.367 350.961 351.482 351.929 352.312 352.639 352.904 353.102 353.255 353.383 353.48 353.539 353.58 353.629 353.687 353.743 353.804 353.876 353.969 354.077 354.187 354.283 354.375 354.468 354.536 354.553 354.518 354.445 354.319 354.125 353.849 353.5 353.1 352.673 352.2 351.672 351.142 350.662 350.231 349.823 349.472 349.214 349.068 349.015 349.03 349.091 349.216 349.415 349.632 349.808 349.943 350.065 350.143 350.147 350.06 349.9 349.684 349.431 349.127 348.765
344.804 345.838 346.836 347.778 348.643 349.426 350.137 350.779 351.353 351.857 352.289 352.659 352.976 353.233 353.427 353.577 353.703 353.802 353.862 353.907 353.957 354.017 354.074 354.135 354.205 354.294 354.396 354.498 354.583 354.66 354.735 354.783 354.778 354.719 354.618 354.465 354.246 353.947 353.577 353.16 352.723 352.247 351.724 351.204 350.741 350.333 349.954 349.636 349.41 349.295 349.275 349.321 349.408 349.555 349.772 350.003 350.191 350.334 350.46 350.542 350.548 350.463 350.305 350.09 349.838 349.536 349.176
345.357 346.373 347.348 348.265 349.107 349.866 350.554 351.173 351.729 352.217 352.636 352.996 353.306 353.559 353.753 353.904 354.033 354.134 354.199 354.249 354.302 354.364 354.422 354.482 354.55 354.633 354.729 354.82 354.893 354.955 355.011 355.037 355.009 354.925 354.796 354.614 354.37 354.049 353.657 353.223 352.776 352.299 351.78 351.271 350.822 350.437 350.088 349.802 349.607 349.523 349.533 349.61 349.722 349.889 350.122 350.365 350.563 350.712 350.842 350.925 350.934 350.851 350.694 350.481 350.231 349.931 349.573
345.906 346.902 347.851 348.741 349.556 350.291 350.954 351.55 352.086 352.56 352.969 353.322 353.627 353.88 354.077 354.234 354.368 354.475 354.548 354.604 354.663 354.727 354.786 354.846 354.91 354.988 355.075 355.155 355.214 355.258 355.294 355.297 355.245 355.133 354.974 354.763 354.493 354.148 353.734 353.283 352.824 352.345 351.83 351.331 350.899 350.536 350.216 349.963 349.799 349.745 349.787 349.892 350.029 350.214 350.462 350.716 350.923 351.078 351.21 351.294 351.303 351.222 351.066 350.855 350.606 350.309 349.955
346.451 347.425 348.346 349.205 349.992 350.701 351.337 351.909 352.426 352.887 353.287 353.635 353.938 354.194 354.397 354.563 354.706 354.821 354.904 354.969 355.034 355.101 355.163 355.222 355.283 355.354 355.431 355.5 355.543 355.569 355.582 355.561 355.483 355.343 355.153 354.911 354.614 354.244 353.808 353.337 352.868 352.386 351.875 351.387 350.97 350.63 350.34 350.12 349.987 349.963 350.035 350.169 350.33 350.534 350.794 351.059 351.273 351.432 351.565 351.649 351.658 351.578 351.424 351.213 350.967 350.673 350.323
346.988 347.936 348.827 349.654 350.412 351.094 351.703 352.252 352.751 353.2 353.593 353.938 354.243 354.504 354.717 354.895 355.049 355.175 355.269 355.345 355.417 355.489 355.552 355.61 355.667 355.73 355.798 355.853 355.88 355.886 355.876 355.83 355.726 355.558 355.337 355.063 354.739 354.346 353.886 353.398 352.918 352.434 351.928 351.451 351.05 350.732 350.472 350.283 350.181 350.186 350.287 350.448 350.631 350.85 351.122 351.394 351.614 351.777 351.91 351.992 352.001 351.922 351.769 351.561 351.317 351.026 350.681
347.512 348.433 349.292 350.086 350.814 351.469 352.053 352.58 353.062 353.502 353.891 354.237 354.545 354.814 355.041 355.234 355.401 355.54 355.646 355.733 355.813 355.889 355.954 356.01 356.062 356.118 356.173 356.214 356.225 356.21 356.177 356.106 355.975 355.779 355.528 355.225 354.875 354.459 353.98 353.475 352.986 352.501 352.002 351.536 351.15 350.854 350.622 350.464 350.39 350.421 350.548 350.732 350.935 351.167 351.448 351.726 351.95 352.114 352.246 352.326 352.334 352.257 352.106 351.9 351.659 351.374 351.035
348.025 348.917 349.741 350.5 351.196 351.824 352.384 352.89 353.358 353.791 354.18 354.529 354.845 355.126 355.37 355.581 355.765 355.918 356.039 356.138 356.227 356.307 356.373 356.427 356.473 356.518 356.561 356.586 356.577 356.541 356.484 356.386 356.229 356.005 355.724 355.392 355.017 354.58 354.081 353.562 353.065 352.58 352.088 351.634 351.265 350.99 350.786 350.656 350.609 350.664 350.814 351.02 351.238 351.482 351.769 352.05 352.276 352.44 352.57 352.647 352.655 352.578 352.429 352.227 351.99 351.71 351.379
348.528 349.388 350.175 350.897 351.561 352.162 352.697 353.183 353.638 354.066 354.458 354.815 355.141 355.437 355.701 355.934 356.137 356.307 356.444 356.557 356.655 356.739 356.805 356.856 356.896 356.931 356.959 356.966 356.938 356.88 356.797 356.672 356.488 356.236 355.925 355.565 355.166 354.708 354.192 353.659 353.155 352.671 352.187 351.745 351.392 351.139 350.961 350.859 350.837 350.914 351.086 351.31 351.543 351.794 352.085 352.368 352.594 352.757 352.884 352.957 352.963 352.888 352.741 352.543 352.311 352.037 351.714
349.019 349.845 350.593 351.278 351.91 352.484 352.995 353.463 353.907 354.332 354.727 355.094 355.433 355.746 356.032 356.288 356.512 356.7 356.854 356.981 357.089 357.178 357.245 357.293 357.325 357.35 357.363 357.352 357.305 357.224 357.116 356.965 356.754 356.475 356.136 355.75 355.328 354.852 354.319 353.776 353.266 352.785 352.308 351.88 351.543 351.31 351.156 351.081 351.082 351.178 351.369 351.608 351.853 352.11 352.403 352.684 352.908 353.07 353.192 353.261 353.266 353.192 353.049 352.855 352.629 352.363 352.048
349.494 350.285 350.996 351.643 352.244 352.793 353.282 353.733 354.167 354.59 354.991 355.369 355.721 356.052 356.36 356.64 356.885 357.091 357.262 357.404 357.522 357.617 357.684 357.729 357.756 357.77 357.769 357.742 357.675 357.573 357.442 357.265 357.031 356.727 356.363 355.952 355.51 355.019 354.473 353.921 353.408 352.93 352.463 352.049 351.727 351.513 351.382 351.33 351.351 351.464 351.669 351.92 352.173 352.434 352.725 353.003 353.224 353.382 353.5 353.566 353.568 353.497 353.358 353.171 352.952 352.694 352.39
349.955 350.71 351.382 351.992 352.561 353.085 353.554 353.99 354.415 354.839 355.248 355.638 356.006 356.355 356.687 356.992 357.259 357.485 357.674 357.831 357.959 358.059 358.128 358.171 358.191 358.195 358.181 358.136 358.051 357.929 357.774 357.574 357.315 356.989 356.601 356.169 355.71 355.205 354.65 354.091 353.577 353.104 352.648 352.247 351.941 351.744 351.635 351.604 351.642 351.768 351.984 352.244 352.501 352.762 353.05 353.322 353.538 353.692 353.805 353.866 353.868 353.8 353.667 353.487 353.276 353.028 352.736
350.402 351.12 351.752 352.325 352.862 353.362 353.812 354.234 354.653 355.079 355.497 355.901 356.286 356.656 357.013 357.344 357.635 357.88 358.087 358.26 358.4 358.506 358.576 358.616 358.631 358.625 358.597 358.535 358.432 358.29 358.112 357.889 357.609 357.261 356.852 356.401 355.926 355.41 354.847 354.284 353.771 353.305 352.86 352.474 352.183 352.003 351.912 351.9 351.953 352.09 352.314 352.578 352.837 353.096 353.377 353.641 353.851 353.999 354.106 354.164 354.165 354.099 353.973 353.802 353.601 353.364 353.086
350.833 351.514 352.107 352.643 353.15 353.627 354.059 354.469 354.883 355.312 355.74 356.16 356.563 356.953 357.336 357.693 358.006 358.271 358.498 358.686 358.838 358.95 359.022 359.06 359.07 359.055 359.013 358.936 358.816 358.655 358.457 358.212 357.912 357.546 357.118 356.65 356.163 355.639 355.07 354.507 353.996 353.537 353.104 352.733 352.457 352.292 352.219 352.222 352.288 352.432 352.66 352.926 353.184 353.437 353.709 353.964 354.166 354.308 354.408 354.462 354.462 354.401 354.282 354.12 353.93 353.706 353.442
351.245 351.89 352.446 352.948 353.427 353.884 354.299 354.699 355.11 355.541 355.98 356.415 356.835 357.246 357.652 358.034 358.369 358.654 358.899 359.103 359.266 359.385 359.46 359.498 359.503 359.481 359.428 359.337 359.202 359.025 358.808 358.545 358.228 357.845 357.403 356.922 356.425 355.896 355.326 354.764 354.258 353.807 353.387 353.03 352.767 352.616 352.557 352.574 352.648 352.797 353.025 353.289 353.543 353.79 354.051 354.295 354.487 354.622 354.716 354.766 354.766 354.709 354.598 354.446 354.268 354.057 353.809
351.639 352.249 352.77 353.239 353.693 354.13 354.531 354.923 355.33 355.766 356.215 356.665 357.102 357.532 357.961 358.366 358.724 359.027 359.29 359.51 359.685 359.811 359.89 359.928 359.931 359.903 359.84 359.737 359.589 359.398 359.166 358.887 358.556 358.161 357.707 357.217 356.714 356.183 355.614 355.056 354.557 354.116 353.709 353.366 353.116 352.976 352.929 352.956 353.036 353.186 353.412 353.67 353.916 354.153 354.401 354.632 354.814 354.941 355.029 355.074 355.074 355.022 354.92 354.78 354.615 354.419 354.187
352.016 352.592 353.079 353.517 353.946 354.365 354.754 355.139 355.544 355.985 356.445 356.91 357.364 357.813 358.265 358.693 359.071 359.394 359.675 359.911 360.097 360.231 360.315 360.355 360.356 360.323 360.251 360.138 359.98 359.776 359.53 359.238 358.895 358.491 358.029 357.532 357.027 356.497 355.933 355.381 354.89 354.46 354.067 353.738 353.5 353.371 353.333 353.367 353.45 353.597 353.816 354.066 354.302 354.526 354.759 354.975 355.145 355.263 355.344 355.386 355.386 355.339 355.247 355.12 354.968 354.788 354.575
352.373 352.917 353.372 353.781 354.188 354.591 354.97 355.349 355.754 356.201 356.673 357.153 357.623 358.091 358.565 359.015 359.414 359.755 360.054 360.305 360.504 360.646 360.735 360.776 360.777 360.74 360.661 360.539 360.371 360.157 359.9 359.596 359.245 358.834 358.366 357.867 357.361 356.835 356.278 355.736 355.255 354.837 354.458 354.142 353.916 353.795 353.764 353.802 353.885 354.027 354.237 354.475 354.698 354.908 355.125 355.324 355.481 355.59 355.664 355.702 355.703 355.661 355.579 355.465 355.328 355.164 354.97
352.707 353.222 353.648 354.032 354.419 354.809 355.18 355.556 355.963 356.416 356.9 357.396 357.882 358.368 358.863 359.335 359.753 360.112 360.428 360.694 360.905 361.055 361.149 361.192 361.193 361.153 361.067 360.937 360.761 360.54 360.273 359.96 359.603 359.188 358.718 358.219 357.717 357.197 356.649 356.118 355.649 355.243 354.878 354.575 354.359 354.244 354.218 354.257 354.339 354.474 354.672 354.896 355.105 355.299 355.499 355.681 355.825 355.924 355.991 356.024 356.025 355.989 355.916 355.815 355.692 355.544 355.37
353.02 353.507 353.908 354.27 354.64 355.019 355.384 355.759 356.169 356.629 357.126 357.637 358.14 358.643 359.158 359.65 360.087 360.462 360.795 361.076 361.298 361.457 361.556 361.603 361.604 361.561 361.471 361.334 361.152 360.924 360.65 360.332 359.971 359.556 359.088 358.593 358.096 357.586 357.051 356.533 356.077 355.684 355.333 355.043 354.835 354.726 354.702 354.74 354.816 354.941 355.126 355.333 355.525 355.702 355.883 356.047 356.176 356.265 356.324 356.353 356.353 356.322 356.259 356.17 356.061 355.931 355.776
353.311 353.773 354.152 354.494 354.85 355.221 355.583 355.959 356.372 356.841 357.351 357.877 358.396 358.916 359.449 359.961 360.415 360.807 361.156 361.452 361.686 361.853 361.957 362.007 362.01 361.966 361.872 361.73 361.544 361.312 361.033 360.711 360.349 359.937 359.474 358.985 358.498 358 357.48 356.978 356.537 356.158 355.821 355.543 355.343 355.237 355.212 355.246 355.315 355.428 355.595 355.783 355.957 356.115 356.275 356.42 356.534 356.612 356.663 356.687 356.687 356.66 356.607 356.531 356.436 356.323 356.189
353.581 354.021 354.379 354.705 355.049 355.414 355.775 356.153 356.573 357.051 357.574 358.116 358.651 359.188 359.74 360.27 360.742 361.15 361.515 361.824 362.07 362.245 362.355 362.409 362.413 362.368 362.27 362.124 361.934 361.699 361.418 361.094 360.733 360.326 359.87 359.391 358.915 358.431 357.929 357.445 357.019 356.654 356.331 356.064 355.871 355.766 355.74 355.768 355.827 355.926 356.074 356.242 356.396 356.534 356.673 356.799 356.898 356.964 357.007 357.027 357.026 357.004 356.959 356.895 356.815 356.719 356.604
353.83 354.25 354.59 354.902 355.237 355.598 355.96 356.343 356.77 357.259 357.797 358.355 358.907 359.462 360.032 360.581 361.07 361.495 361.874 362.198 362.454 362.637 362.752 362.808 362.814 362.768 362.667 362.516 362.323 362.086 361.802 361.478 361.12 360.718 360.272 359.804 359.342 358.873 358.389 357.923 357.514 357.163 356.853 356.597 356.409 356.305 356.274 356.294 356.342 356.426 356.556 356.702 356.835 356.954 357.073 357.18 357.264 357.319 357.354 357.37 357.369 357.35 357.314 357.262 357.196 357.116 357.021
354.056 354.459 354.784 355.086 355.414 355.774 356.139 356.529 356.966 357.467 358.021 358.597 359.166 359.739 360.328 360.895 361.402 361.842 362.236 362.573 362.84 363.03 363.15 363.209 363.215 363.168 363.062 362.907 362.711 362.473 362.188 361.865 361.511 361.118 360.683 360.23 359.782 359.331 358.866 358.42 358.028 357.691 357.393 357.147 356.964 356.858 356.822 356.832 356.868 356.935 357.044 357.168 357.281 357.38 357.478 357.567 357.635 357.68 357.707 357.718 357.716 357.702 357.673 357.632 357.579 357.515 357.439
354.261 354.648 354.962 355.256 355.58 355.941 356.312 356.711 357.159 357.674 358.244 358.838 359.426 360.017 360.625 361.211 361.734 362.189 362.598 362.948 363.225 363.422 363.546 363.607 363.614 363.565 363.456 363.297 363.099 362.861 362.576 362.256 361.908 361.525 361.104 360.666 360.235 359.803 359.36 358.936 358.561 358.238 357.953 357.715 357.536 357.428 357.383 357.382 357.403 357.453 357.54 357.641 357.732 357.81 357.888 357.958 358.011 358.045 358.064 358.071 358.068 358.057 358.036 358.005 357.964 357.916 357.859
354.447 354.821 355.125 355.412 355.735 356.099 356.477 356.887 357.347 357.876 358.464 359.077 359.683 360.292 360.919 361.523 362.063 362.533 362.957 363.319 363.606 363.809 363.937 364 364.007 363.957 363.845 363.682 363.483 363.245 362.962 362.645 362.304 361.933 361.527 361.107 360.695 360.283 359.862 359.46 359.102 358.794 358.52 358.29 358.113 358.001 357.947 357.933 357.939 357.97 358.034 358.112 358.181 358.239 358.297 358.349 358.388 358.412 358.424 358.426 358.424 358.416 358.402 358.381 358.353 358.32 358.281
354.615 354.978 355.274 355.557 355.879 356.246 356.632 357.053 357.526 358.07 358.676 359.308 359.932 360.56 361.206 361.828 362.385 362.871 363.308 363.682 363.979 364.188 364.319 364.383 364.392 364.34 364.224 364.059 363.858 363.621 363.341 363.029 362.696 362.338 361.948 361.547 361.154 360.762 360.364 359.983 359.643 359.348 359.084 358.861 358.686 358.569 358.505 358.476 358.466 358.478 358.52 358.574 358.622 358.661 358.7 358.735 358.762 358.777 358.783 358.783 358.781 358.778 358.771 358.761 358.746 358.729 358.708
