tests/full-run-ref/erosion_2010_78_23_-57.856.asc
ncols 512
nrows 512
xllcorner -3.24582
yllcorner -4.08743
cellsize 5
NODATA_value -99999
[rows 217 to 247 of 512, columns 69 to 137 of 512]
5.77 5.77 5.77 5.77 5.77 5.77 5.77 5.77 5.77 5.77 5.77 5.77 5.77 5.77 5.77 5.77 5.77 5.77 5.76508 5.7357 8.09633 5.71091 5.72608 5.74739 5.76384 5.77001 5.77001 5.77001 5.77001 5.77001 5.77001 5.77001 5.77001 5.77001 5.77001 5.77001 5.77001 5.77001 5.77001 5.77001 5.77001 5.77001 5.77 5.77 5.77 5.77 5.77 5.77 5.77 5.77 5.77 5.77 5.77 5.77 5.77 5.77 5.77 5.77 5.7634 11.5288 5.75988 5.76854 5.77 5.77 5.77 5.77 5.77 5.77 5.77
5.77 5.77 5.77 5.77 5.77 5.77 5.77 5.77 5.77 5.77 5.77 5.77 5.77 5.77 5.77 5.77 5.77 5.77 5.74439 7.9715 13.7204 7.89574 11.4335 7.99917 5.74519 5.77001 5.77001 5.77001 5.77001 5.77001 5.77001 5.77001 5.77001 5.77001 5.77001 5.77001 5.77001 5.77001 5.77001 5.77001 5.77001 5.77001 5.77 5.77 5.77 5.77 5.77 5.77 5.77 5.77 5.77 5.77 5.77 5.77 5.77 5.77 5.77 5.77 5.76317 11.5333 8.13315 5.76847 5.77 5.77 5.77 5.77 5.77 5.77 5.77
5.77 5.77 5.77 5.77 5.77 5.77 5.77 5.77 5.77 5.77 5.77 5.77 5.77 5.77 5.77 5.77 5.77 5.76169 5.66513 11.2817 16.1036 13.949 16.1107 11.3193 5.71568 5.77001 5.77001 5.77001 5.77001 5.77001 5.77001 5.77001 5.77001 5.77001 5.77001 5.77001 5.77001 5.77001 5.77001 5.77001 5.77001 5.77001 5.77 5.77 5.77 5.77 5.77 5.77 5.77 5.77 5.77 5.77 5.77 5.77 5.77 5.77 5.77 5.76891 5.75889 11.5302 5.75909 5.76875 5.77001 5.77 5.77 5.77 5.77 5.77 5.77
5.77 5.77 5.77 5.77 5.77 5.77 5.77 5.77 5.77 5.77 5.77 5.77 5.77 5.77 5.77 5.77 5.76393 5.69695 7.7954 13.6011 19.4395 19.7641 17.0484 11.2234 5.69218 5.77001 5.77001 5.77001 5.77001 5.77001 5.77001 5.77001 5.77001 5.77001 5.77001 5.77001 5.77001 5.77001 5.77001 5.77001 5.77001 5.77001 5.77 5.77 5.77 5.77 5.77 5.77 5.77 5.77 5.77 5.77 5.77 5.77 5.77 5.77 5.77 5.76489 8.12844 11.5204 5.75842 5.77001 5.77001 5.77 5.77 5.77 5.77 5.77 5.77
5.77 5.77 5.77 5.77 5.77 5.77 5.77 5.77 5.77 5.77 5.77 5.77 5.77 5.77 5.77 5.77 5.73806 7.90801 13.6114 16.0032 21.8364 22.8004 16.9793 11.1594 5.67995 5.77001 5.77001 5.77001 5.77001 5.77001 5.77001 5.77001 5.77001 5.77001 5.77001 5.77001 5.77001 5.77001 5.77001 5.77001 5.77 5.77 5.77 5.77 5.77 5.77 5.77 5.77 5.77 5.77 5.77 5.77 5.77 5.77 5.77 5.77 5.77 5.76038 11.5172 11.5066 5.75008 5.76806 5.77001 5.77001 5.77 5.77 5.77 5.77 5.77
5.77 5.77 5.77 5.77 5.77 5.77 5.77 5.77 5.77 5.77 5.77 5.77 5.77 5.77 5.77 5.76425 5.68129 11.2504 16.059 21.8233 24.2432 22.785 16.9611 11.1474 5.67804 5.77001 5.77001 5.77001 5.77001 5.77001 5.77001 5.77001 5.77001 5.77001 5.77001 5.77001 5.77001 5.77001 5.77001 5.77 5.77 5.77 5.77001 5.77 5.77 5.77 5.77 5.77 5.77 5.77 5.77 5.77 5.77 5.77 5.77 5.77 5.77 5.75756 11.5085 13.8708 8.08651 5.76143 5.77001 5.77001 5.77 5.77 5.77 5.77 5.77
5.77 5.77 5.77 5.77 5.77 5.77 5.77 5.77 5.77 5.77 5.77 5.77 5.77 5.77 5.77 5.74312 7.91841 13.6727 19.463 24.2853 25.0459 22.6392 17.0191 11.2022 5.68734 5.77001 5.77001 5.77001 5.77001 5.77001 5.77001 5.77001 5.77001 5.77001 5.77001 5.77001 5.77001 5.77001 5.77 5.77 5.77 5.77001 5.77001 5.77 5.77 5.77 5.77 5.77 5.77 5.77 5.77 5.77 5.77 5.77 5.77 5.77 5.76836 5.7479 11.4959 16.25 11.4857 5.75544 5.77001 5.77001 5.77 5.77 5.77 5.77 5.77
5.77 5.77 5.77 5.77 5.77 5.77 5.77 5.77 5.77 5.77 5.77 5.77 5.77 5.77 5.77 5.72156 11.3545 16.1176 21.906 21.6823 19.2083 16.8124 17.0796 11.3358 5.70558 5.77001 5.77001 5.77001 5.77001 5.77001 5.77001 5.77001 5.77001 5.77001 5.77001 5.77001 5.77001 5.77 5.77 5.77 5.77001 5.77001 5.77001 5.77 5.77 5.77 5.77 5.77 5.77 5.77 5.77 5.77 5.77 5.77 5.77 5.77 5.761 8.08625 13.874 13.8541 8.06637 5.75904 5.77001 5.77001 5.77001 5.77 5.77 5.77 5.77
5.77 5.77 5.77 5.77 5.77 5.77 5.77 5.77 5.77 5.77 5.77 5.77 5.77 5.77 5.77 5.71999 11.3446 17.149 21.8651 19.2702 13.3936 10.9505 11.2538 11.4546 5.73357 5.77001 5.77001 5.77001 5.77001 5.77001 5.77001 5.77001 5.77001 5.77001 5.77001 5.77001 5.77 5.77 5.77 5.77001 5.77001 5.77001 5.77001 5.77001 5.77 5.77 5.77 5.77 5.77 5.77 5.77 5.77 5.77 5.77 5.77 5.76756 5.73841 11.4638 16.268 11.4483 5.73726 5.76656 5.77001 5.77001 5.77001 5.77001 5.77 5.77 5.77
5.77 5.77 5.77 5.77 5.77 5.77 5.77 5.77 5.77 5.77 5.77 5.77 5.77 5.77 5.77 5.72282 11.3889 17.1243 16.0625 13.6437 11.0986 5.57859 5.66807 5.73074 5.75042 5.77001 5.77001 5.77001 5.77001 5.77001 5.77001 5.77001 5.77001 5.77001 5.77001 5.77 5.77 5.77 5.77001 5.77001 5.77001 5.77001 5.77001 5.77001 5.77 5.77 5.77 5.77 5.77 5.77 5.77 5.77 5.77 5.77 5.76847 5.74993 8.05505 13.8416 17.2221 11.4271 5.74102 5.77001 5.77001 5.77001 5.77001 5.77001 5.77001 5.77 5.77
5.77 5.77 5.77 5.77 5.77 5.77 5.77 5.77 5.77 5.77 5.77 5.77 5.77 5.77 5.77 5.7301 11.4385 11.3282 11.319 7.84944 5.68718 5.75287 5.77001 5.77001 5.77001 5.77001 5.77001 5.77001 5.77001 5.77001 5.77001 5.77001 5.77001 5.77001 5.77 5.77 5.77 5.77001 5.77001 5.77001 5.77001 5.77001 5.77001 5.77001 5.77001 5.77 5.77 5.77 5.77 5.77 5.77 5.77 5.77 5.77 5.76216 8.09646 13.8405 16.2387 17.2008 11.4043 5.73003 5.76367 5.77001 5.77001 5.77001 5.77001 5.77001 5.77 5.77
5.77 5.77 5.77 5.77 5.77 5.77 5.77 5.77 5.77 5.77 5.77 5.77 5.77 5.77 5.77 5.7496 7.98623 5.70824 5.71867 5.74167 5.76438 5.77001 5.77001 5.77001 5.77001 5.77001 5.77001 5.77001 5.77001 5.77001 5.77001 5.77001 5.77001 5.77 5.77 5.77 5.77001 5.77001 5.77001 5.77001 5.77001 5.77001 5.77001 5.77001 5.77001 5.77 5.77 5.77 5.77 5.77 5.77 5.77 5.77 5.77 5.75489 11.469 16.2652 22.0185 19.5706 13.8191 8.05953 5.76076 5.77001 5.77001 5.77001 5.77001 5.77001 5.77 5.77
5.77 5.77 5.77 5.77 5.77 5.77 5.77 5.77 5.77 5.77 5.77 5.77 5.77 5.77 5.76215 5.76541 5.76433 5.76596 5.77001 5.77001 5.77001 5.77001 5.77001 5.77001 5.77001 5.77001 5.77001 5.77001 5.77001 5.77001 5.77001 5.77001 5.77 5.77 5.77 5.77001 5.77001 5.77001 5.77001 5.77001 5.77001 5.77001 5.77001 5.77001 5.77001 5.77001 5.77 5.77 5.77 5.77 5.77 5.77 5.77 5.77 5.75218 11.4628 16.2411 22.0251 17.1715 11.3751 5.72298 5.76366 5.77001 5.77001 5.77001 5.77001 5.77001 5.77 5.77
5.77 5.77 5.77 5.77 5.77 5.77 5.77 5.77 5.77 5.77 5.77 5.77 5.77 5.77 5.76257 8.15102 5.76329 5.77001 5.77001 5.77001 5.77001 5.77001 5.77001 5.77001 5.77001 5.77001 5.77001 5.77001 5.77001 5.77001 5.77001 5.77 5.77 5.77 5.77001 5.77001 5.77001 5.77001 5.77001 5.77001 5.77001 5.77001 5.77001 5.77001 5.77001 5.77001 5.77 5.77 5.77 5.77 5.77 5.77 5.77 5.77 5.75949 8.06412 13.8396 19.6191 17.1769 11.3778 5.72952 5.77001 5.77001 5.77 5.77001 5.77001 5.77001 5.77 5.77
5.77 5.77 5.77001 5.77001 5.77 5.77 5.77 5.77 5.77 5.77 5.77 5.77 5.77 5.77 5.76421 8.12059 5.76361 5.77001 5.77001 5.77001 5.77001 5.77001 5.77001 5.77001 5.77001 5.77001 5.77001 5.77001 5.77001 5.77001 5.77 5.77 5.77 5.77001 5.77001 5.77001 5.77001 5.77001 5.77001 5.77001 5.77001 5.77001 5.77001 5.77001 5.77 5.77001 5.77 5.77 5.77 5.77 5.77 5.77 5.77 5.77 5.76781 5.73261 11.4286 17.2276 17.1776 11.3745 5.7285 5.77001 5.77 5.77001 5.77001 5.77001 5.77001 5.77001 5.77
5.77 5.77001 5.77001 5.77001 5.77 5.77 5.77 5.77 5.77 5.77 5.77 5.77 5.77 5.77 5.7656 5.76684 5.76765 5.77001 5.77001 5.77001 5.77001 5.77001 5.77001 5.77001 5.77001 5.77001 5.77001 5.77001 5.77001 5.77 5.77 5.77 5.77001 5.77001 5.77001 5.77001 5.77001 5.77001 5.77001 5.77001 5.77001 5.77001 5.77001 5.77 5.77001 5.77001 5.77 5.77 5.77 5.77 5.77 5.77 5.77 5.77 5.77 5.74309 11.4388 17.2323 17.1688 11.3608 5.71765 5.76157 5.77001 5.77001 5.77001 5.77001 5.77 5.77 5.77
5.77001 5.77001 5.77001 5.77 5.77 5.77 5.77 5.77 5.77 5.77 5.77 5.77 5.77 5.77 5.77 5.77 5.77001 5.77001 5.77001 5.77001 5.77001 5.77001 5.77001 5.77001 5.77001 5.77001 5.77001 5.77001 5.77 5.77 5.77 5.77001 5.77001 5.77001 5.77001 5.77001 5.77001 5.77001 5.77001 5.77001 5.77001 5.77001 5.77 5.77001 5.77001 5.77001 5.77 5.77 5.77 5.77 5.77 5.77 5.77 5.77 5.77 5.7449 11.4467 16.2178 19.5525 13.7969 8.03253 5.76228 5.77001 5.77001 5.77001 5.77 5.77 5.77 5.77
5.77001 5.77001 5.77 5.77 5.77 5.77 5.77 5.77 5.77 5.77 5.77 5.77 5.77 5.77 5.77 5.77 5.77001 5.77001 5.77001 5.77001 5.77001 5.77001 5.77001 5.77001 5.77001 5.77001 5.77001 5.77 5.77 5.77 5.77001 5.77001 5.77001 5.77001 5.77001 5.77001 5.77001 5.77001 5.77001 5.77001 5.77001 5.77 5.77001 5.77001 5.77 5.77001 5.77 5.77 5.77 5.77 5.77 5.77 5.77 5.77 5.77 5.75576 8.02649 13.8119 17.1601 11.349 5.71425 5.76572 5.77001 5.77001 5.77 5.77 5.77 5.77 5.77001
5.77 5.77 5.77 5.77 5.77 5.77 5.77 5.77 5.77 5.77 5.77 5.77 5.77 5.77 5.77 5.77 5.77001 5.77001 5.77001 5.77001 5.77001 5.77001 5.77001 5.77001 5.77001 5.77001 5.77 5.77 5.77 5.77001 5.77001 5.77001 5.77001 5.77001 5.77001 5.77001 5.77001 5.77001 5.77001 5.77001 5.77 5.77001 5.77001 5.77 5.77001 5.77001 5.77001 5.77 5.77 5.77 5.77 5.77 5.77 5.77 5.77 5.76712 5.7178 11.3967 17.1634 11.3452 5.70978 5.76571 5.77001 5.77 5.77 5.77 5.77 5.77001 5.77001
5.77 5.77 5.77 5.77 5.77 5.76895 5.76878 5.76923 5.77 5.77 5.77 5.77 5.77 5.76903 5.76863 5.76882 5.77001 5.77001 5.77001 5.77001 5.77001 5.77001 5.77001 5.77001 5.77001 5.77 5.77 5.77 5.77001 5.77001 5.77001 5.77001 5.77001 5.77001 5.77001 5.77001 5.77001 5.77001 5.77001 5.77 5.77001 5.77001 5.77 5.77001 5.77001 5.77001 5.77001 5.77 5.77 5.77 5.77 5.77 5.77 5.77 5.77 5.76747 5.72012 11.3935 17.2069 13.7827 8.00375 5.76344 5.77 5.77 5.77 5.77 5.77001 5.77001 5.77001
5.77 5.77 5.77 5.77 5.77 5.76896 8.15874 5.76842 5.77 5.77 5.77 5.77 5.77 5.76799 8.1547 5.76641 5.76919 5.77001 5.77001 5.77001 5.77001 5.77001 5.77001 5.77001 5.77 5.77 5.77 5.77001 5.77001 5.77001 5.77001 5.77001 5.77001 5.77001 5.77001 5.77001 5.77001 5.77001 5.77 5.77001 5.77001 5.77 5.77001 5.77001 5.77001 5.77001 5.77001 5.77 5.77 5.77 5.77 5.77 5.77 5.77 5.77 5.7583 8.04431 13.8285 17.1512 11.3338 5.69626 5.76292 5.77 5.77 5.77 5.77001 5.77001 5.77001 5.77001
5.77 5.77 5.77 5.77 5.77 5.76895 5.76846 5.76883 5.77 5.77 5.77 5.77 5.77 5.76827 8.15661 8.15028 5.76815 5.77001 5.77001 5.77001 5.77001 5.77001 5.77001 5.77 5.77 5.77 5.77001 5.77001 5.77001 5.77001 5.77001 5.77001 5.77001 5.77001 5.77001 5.77001 5.77001 5.77 5.77001 5.77001 5.77 5.77001 5.77001 5.77001 5.77001 5.77001 5.77001 5.77 5.77 5.77 5.77 5.77 5.77 5.77 5.77 5.7542 11.4819 16.2379 16.2213 13.7953 8.02795 5.76385 5.77 5.77 5.77001 5.77001 5.77001 5.77001 5.77001
5.77 5.77 5.77 5.77 5.77 5.77 5.77 5.77 5.76988 5.76985 5.76919 5.76907 5.7694 5.76934 5.76766 8.15826 5.76836 5.76958 5.77001 5.77001 5.77001 5.77001 5.77 5.77 5.77 5.77001 5.77001 5.77001 5.77001 5.77001 5.77001 5.77001 5.77001 5.77001 5.77001 5.77001 5.77 5.77001 5.77001 5.77 5.77001 5.77001 5.77001 5.77001 5.77001 5.77 5.77 5.77 5.77 5.77 5.77 5.77 5.77 5.77 5.77 5.76215 8.09244 13.8739 13.8219 8.02765 5.73575 5.76588 5.77 5.77001 5.77001 5.77001 5.77001 5.77001 5.77001
5.77 5.77 5.77 5.77 5.77 5.77 5.77 5.77 5.76876 6.02264 5.7644 7.61236 5.76779 5.77 5.76927 5.76862 8.15576 5.76869 5.77001 5.77001 5.77001 5.77 5.77 5.77 5.77001 5.77001 5.77001 5.77001 5.77001 5.77001 5.77001 5.77001 5.77001 5.77001 5.77001 5.77 5.77001 5.77001 5.77 5.77001 5.77001 5.77001 5.77001 5.77001 5.77 5.77 5.77 5.77 5.77 5.77 5.77 5.77 5.77 5.77 5.77 5.76841 5.75032 11.5037 8.09087 5.74418 5.76635 5.77 5.77001 5.77001 5.77001 5.77001 5.77001 5.77001 5.77001
5.77 5.77 5.77 5.77 5.77 5.77 5.77 5.77 5.76833 8.14952 11.5332 8.13077 5.76742 5.77 5.77 5.76754 11.3378 5.76813 5.77001 5.77001 5.77 5.77 5.77 5.77001 5.77001 5.77001 5.77001 5.77001 5.77001 5.77001 5.77001 5.77001 5.77001 5.77001 5.77 5.77001 5.77001 5.77 5.77001 5.77001 5.77001 5.77001 5.77001 5.77 5.77 5.77 5.77 5.77 5.77 5.77 5.77 5.77 5.77 5.77 5.77 5.77 5.76418 8.13984 5.75669 5.76743 5.77 5.77001 5.77001 5.77001 5.77001 5.77001 5.77001 5.77001 5.77001
5.77 5.77 5.77 5.77 5.77 5.77 5.77 5.77 5.76863 5.76486 11.5207 5.76327 5.76906 5.77 5.77 5.76692 11.5364 5.76783 5.77001 5.77 5.77 5.77 5.77001 5.77001 5.77001 5.77001 5.77001 5.77001 5.77001 5.77001 5.77001 5.77001 5.77001 5.77 5.77001 5.77001 5.77 5.77001 5.77001 5.77001 5.77001 5.77001 5.77 5.77 5.77 5.77 5.77 5.77 5.77 5.77 5.77 5.77 5.77 5.77 5.77 5.77 5.76892 5.76784 5.76802 5.77 5.77001 5.77001 5.77001 5.77001 5.77001 5.77001 5.77001 5.77001 5.77001
5.77 5.77 5.77 5.77001 5.77 5.77 5.77 5.77 5.77 5.76802 5.76793 5.7688 5.77001 5.77001 5.77001 5.76596 10.9603 5.76764 5.77 5.77 5.77 5.77001 5.77001 5.77001 5.77001 5.77001 5.77001 5.77001 5.77001 5.77001 5.77001 5.77001 5.77 5.77001 5.77001 5.77 5.77001 5.77001 5.77001 5.77001 5.77001 5.77 5.77 5.77 5.77 5.77 5.77 5.77 5.77 5.77001 5.77001 5.77001 5.77 5.77 5.77 5.77 5.77 5.77 5.77 5.77001 5.77001 5.77001 5.77001 5.77001 5.77001 5.77001 5.77001 5.77001 5.77001
5.77 5.77 5.77001 5.77001 5.77001 5.77001 5.77 5.77 5.77 5.77001 5.77001 5.77001 5.77001 5.77001 5.77 5.76665 9.97899 5.76803 5.77 5.77 5.77001 5.77001 5.77001 5.77001 5.77001 5.77001 5.77001 5.77001 5.77001 5.77001 5.77001 5.77 5.77001 5.77001 5.77 5.77001 5.77001 5.77001 5.77001 5.77001 5.77 5.77 5.77 5.77 5.77 5.77 5.77 5.77 5.77001 5.77001 5.77001 5.77001 5.77 5.77 5.77 5.77 5.76937 5.76895 5.76826 5.77001 5.77001 5.77001 5.77001 5.77001 5.77001 5.77001 5.77001 5.77001 5.77001
5.77 5.77001 5.77001 5.77001 5.77001 5.77001 5.77001 5.77001 5.77001 5.77001 5.77001 5.77001 5.77001 5.77 5.77001 5.76833 7.88473 5.76903 5.77 5.77001 5.77001 5.77001 5.77001 5.77001 5.77001 5.77001 5.77001 5.77001 5.77001 5.77001 5.77 5.77001 5.77001 5.77 5.77001 5.77001 5.77001 5.77001 5.77001 5.77 5.77 5.77 5.77 5.77 5.77 5.77 5.77 5.77001 5.77001 5.77001 5.77001 5.77001 5.77001 5.77001 5.77 5.77 5.76893 8.15955 5.76741 5.77001 5.77001 5.77001 5.77001 5.77001 5.77001 5.77001 5.77001 5.77001 5.77001
5.77001 5.77001 5.77001 5.77001 5.77001 5.77001 5.77001 5.77001 5.77001 5.77001 5.77001 5.77001 5.77 5.77001 5.77001 5.76964 5.76979 5.76976 5.77001 5.77001 5.77001 5.77001 5.77001 5.77001 5.77001 5.77001 5.77001 5.77001 5.77001 5.77 5.77001 5.77001 5.77 5.77001 5.77001 5.77001 5.77001 5.77001 5.77 5.77 5.77 5.77 5.77 5.77 5.77 5.77 5.77001 5.77001 5.77001 5.77001 5.77001 5.77001 5.77001 5.77001 5.77001 5.77001 5.76691 5.76806 5.76719 5.77001 5.77001 5.77001 5.77001 5.77001 5.77001 5.77001 5.77001 5.77001 5.77
5.77001 5.77001 5.77001 5.77001 5.77001 5.77001 5.77001 5.77001 5.77001 5.77001 5.77001 5.77 5.77001 5.77001 5.77 5.76963 5.76979 5.7698 5.77001 5.77001 5.77001 5.77001 5.77001 5.77001 5.77001 5.77001 5.77001 5.77001 5.77 5.77001 5.77001 5.77 5.77001 5.77001 5.77001 5.77001 5.77001 5.77 5.77 5.77 5.77 5.77 5.77 5.77 5.77 5.77001 5.77001 5.77001 5.77001 5.77001 5.77001 5.77001 5.77001 5.77001 5.77001 5.77001 5.77001 5.77001 5.77001 5.77001 5.77001 5.77001 5.77001 5.77001 5.77001 5.77001 5.77001 5.77 5.77
