tests/full-run-ref/erosion_84_12_73.306.asc
ncols 512
nrows 512
xllcorner -3.24582
yllcorner -4.08743
cellsize 5
NODATA_value -99999
[rows 0 to 28 of 512, columns 201 to 267 of 512]
16.32 13.9299 11.54 11.54 11.54 13.8883 16.2783 17.3098 17.3098 17.3098 17.3098 17.3097 17.3098 17.3098 17.3098 17.3099 17.3099 17.31 17.31 17.31 17.31 17.31 17.31 17.31 17.31 17.31 17.31 17.31 17.31 17.31 17.31 17.31 17.31 17.31 17.31 17.31 17.31 17.31 17.31 17.31 17.31 16.3195 13.9294 11.54 11.54 11.54 11.54 11.54 11.54 11.54 11.54 11.54 11.54 11.54 11.54 11.54 11.54 11.54 11.54 11.54 11.54 11.54 11.54 11.54 11.54 11.54 11.54
11.5399 8.15995 5.77007 5.77007 5.77006 8.11725 11.4909 11.5398 11.5398 11.5398 11.5398 11.5397 11.5398 11.5398 11.5398 11.5399 11.5399 11.54 11.54 11.54 11.5401 11.5401 11.5401 11.5401 11.5401 11.5401 11.5401 11.5401 11.5401 11.5401 11.5401 11.5401 11.5401 11.5401 11.5401 11.5401 11.5401 11.5401 11.5401 11.5401 11.54 11.5398 8.15944 5.7701 5.77009 5.77009 5.77009 5.77009 5.77009 5.77009 5.77009 5.77009 5.77009 5.77009 5.77009 5.77009 5.77009 5.77009 5.77009 5.77009 5.77008 5.77009 5.7701 5.7701 5.7701 5.7701 5.7701
5.77005 5.77007 5.77011 5.77014 5.77011 5.77007 5.77002 5.77 5.77 5.77 5.77 5.77 5.77 5.77002 5.77003 5.77004 5.77006 5.77008 5.77009 5.7701 5.77012 5.77012 5.77012 5.77012 5.77012 5.77012 5.77012 5.77012 5.77012 5.77012 5.77012 5.77012 5.77012 5.77012 5.77012 5.77012 5.77012 5.77012 5.77012 5.77012 5.77011 5.77011 5.7701 5.77012 5.77016 5.77016 5.77016 5.77016 5.77016 5.77016 5.77016 5.77016 5.77016 5.77016 5.77016 5.77016 5.77016 5.77016 5.77016 5.77016 5.77016 5.77016 5.77016 5.77016 5.77016 5.77016 5.77016
5.77011 5.77008 5.77003 5.77 5.77 5.7701 5.77 5.77001 5.77005 5.76999 5.76999 5.76997 5.76998 5.76999 5.77 5.76999 5.76999 5.76998 5.76998 5.77 5.76974 5.76967 5.76962 5.76966 5.7697 5.76979 5.7697 5.76963 5.76959 5.76962 5.76965 5.76966 5.76962 5.76959 5.76961 5.76958 5.76958 5.7696 5.76968 5.76972 5.76978 5.76984 5.76989 5.77016 5.77016 5.77016 5.77016 5.77016 5.77016 5.77016 5.77016 5.77016 5.77016 5.77016 5.77016 5.77016 5.77016 5.77015 5.77015 5.77014 5.76999 5.77011 5.77015 5.77014 5.77014 5.77014 5.77009
5.76999 5.76992 5.76997 5.76994 5.76988 5.7698 5.76988 5.77 5.76999 5.77004 5.77 5.77006 5.77 5.77006 5.76999 5.77007 5.76999 5.77005 5.76997 5.77 5.76999 5.77001 5.77 5.77001 5.76993 5.77006 5.76995 5.77002 5.76997 5.77 5.77 5.77 5.77 5.77 5.77 5.77 5.77 5.77 5.77 5.77 5.77 5.77 5.76977 5.77012 5.77016 5.77016 5.77016 5.77016 5.77016 5.77 5.77016 5.77016 5.77016 5.77016 5.77016 5.77016 5.77015 5.7701 5.77004 5.77 5.77005 5.77013 5.77015 5.77009 5.76991 5.76995 5.76999
5.76999 5.76996 5.77008 5.76994 5.77 5.77 5.77 5.77 5.76993 5.7699 5.76986 5.7698 5.76981 5.76978 5.76994 5.76997 5.76983 5.76982 5.76987 5.76999 5.76997 5.76995 5.76995 5.76995 5.76985 5.76982 5.76987 5.76993 5.76995 5.76999 5.77 5.77 5.77 5.77 5.77 5.76999 5.76999 5.76999 5.76999 5.77 5.77 5.77 5.76972 5.77011 5.77016 5.77016 5.77016 5.77016 5.77 5.77015 5.77016 5.77016 5.77016 5.77016 5.77015 5.77015 5.77009 5.76998 5.76993 5.77015 5.77014 5.77015 5.77015 5.76998 5.76999 5.76997 5.76999
5.76998 5.76991 5.76992 5.76993 5.76999 5.76999 5.76999 5.77 5.76999 5.76999 5.77 5.76999 5.77 5.77 5.77 5.76999 5.76999 5.76999 5.76999 5.76999 5.76999 5.76999 5.76999 5.76999 5.76999 5.76999 5.77 5.77 5.77 5.77 5.77 5.77 5.77 5.77 5.77 5.76999 5.77 5.77 5.77 5.77 5.77 5.77 5.76965 5.77012 5.77016 5.77016 5.77016 5.77 5.77015 5.77016 5.77016 5.77016 5.77013 5.77005 5.77012 5.7701 5.76999 5.76999 5.77002 5.76978 5.76999 5.77006 5.77 5.77009 5.76993 5.76999 5.77008
5.76996 5.76992 5.77002 5.76987 5.77 5.77 5.77 5.76999 5.77 5.76999 5.77 5.77 5.76999 5.76999 5.76999 5.77 5.76999 5.76999 5.77 5.76999 5.77 5.76999 5.76999 5.76999 5.76999 5.76999 5.77 5.76999 5.76999 5.76999 5.76999 5.77 5.76999 5.76999 5.76999 5.76999 5.77 5.76999 5.76999 5.76999 5.76999 5.77 5.76961 5.77013 5.77016 5.77016 5.77 5.77015 5.77016 5.77016 5.77016 5.77014 5.77006 5.76999 5.76999 5.77 5.77 5.76999 5.76999 5.76999 5.76988 5.76993 5.76999 5.77 5.76994 5.76999 5.77013
5.77 5.76996 5.7699 5.76996 5.76999 5.76999 5.76999 5.76999 5.76999 5.76993 5.76971 5.76965 5.77 5.77 5.77 5.76999 5.76999 5.76999 5.77 5.76999 5.76999 5.76999 5.76999 5.76999 5.76999 5.77 5.77 5.77 5.77 5.77 5.76999 5.76999 5.77 5.76999 5.76999 5.76999 5.76999 5.77 5.76999 5.76999 5.76999 5.77 5.7698 5.76986 5.77016 5.77 5.77015 5.77016 5.77016 5.77016 5.77013 5.76999 5.76998 5.76989 5.7698 5.76967 5.76996 5.76994 5.76998 5.76999 5.77014 5.77013 5.77 5.76997 5.76996 5.77 5.77015
5.76999 5.77 5.77 5.77 5.76999 5.77 5.77 5.77 5.77 5.76977 5.77011 5.76988 5.77 5.77 5.77 5.77 5.77 5.77 5.76999 5.76999 5.77 5.76999 5.77 5.76999 5.76994 5.76997 5.76996 5.77 5.76999 5.76999 5.77 5.77 5.76999 5.77 5.76999 5.76999 5.76999 5.77 5.76999 5.76999 5.76999 5.77 5.77 5.76985 5.76982 5.77015 5.77016 5.77016 5.77016 5.77015 5.77008 5.76998 5.77014 5.77015 5.77013 5.7701 5.7701 5.77005 5.77 5.76969 5.77007 5.77016 5.77007 5.76993 5.76999 5.77009 5.77015
5.76999 5.76999 5.77 5.76999 5.76999 5.76999 5.76999 5.76999 5.77 5.76992 5.76993 5.77 5.7698 5.76991 5.77 5.77 5.77 5.77 5.76999 5.76999 5.77 5.76999 5.76991 5.76988 5.76997 5.77002 5.76991 5.76999 5.76999 5.77 5.77 5.77 5.76999 5.76999 5.76999 5.76999 5.77 5.76999 5.77 5.77 5.76999 5.77 5.76992 5.76968 5.77015 5.77016 5.77016 5.77016 5.77015 5.77015 5.77015 5.77016 5.77016 5.77016 5.77016 5.77015 5.77004 5.76999 5.76999 5.76996 5.77 5.77014 5.77014 5.76996 5.76999 5.77015 5.77014
5.76999 5.76999 5.76999 5.77 5.76999 5.77 5.76999 5.76999 5.77 5.77 5.76993 5.77006 5.77009 5.76994 5.76993 5.76983 5.76999 5.77 5.76999 5.76999 5.77 5.77 5.76995 5.77004 5.76994 5.76994 5.76995 5.77 5.77 5.76999 5.77 5.77 5.76999 5.76999 5.77 5.76999 5.77 5.77 5.76999 5.77 5.77 5.77 5.76972 5.77012 5.77016 5.77016 5.77016 5.77015 5.77012 5.77002 5.76999 5.77012 5.77015 5.77015 5.77015 5.77013 5.7699 5.76998 5.76997 5.76996 5.7699 5.77008 5.77015 5.77013 5.77014 5.77014 5.77003
5.76998 5.76999 5.76999 5.77 5.76999 5.76999 5.77 5.76999 5.77 5.76999 5.76994 5.76999 5.76986 5.76994 5.77009 5.76977 5.76999 5.76999 5.76996 5.76993 5.76997 5.77 5.76994 5.76992 5.76991 5.77 5.77 5.77 5.77 5.76999 5.77 5.77 5.77 5.76999 5.77 5.76999 5.76999 5.77 5.76999 5.76999 5.77 5.77 5.76972 5.77012 5.77016 5.77016 5.77016 5.77014 5.76999 5.76998 5.76996 5.76986 5.7701 5.77003 5.77008 5.77005 5.76994 5.77 5.76994 5.77005 5.76995 5.76999 5.76999 5.77006 5.77015 5.76999 5.77
5.76998 5.76999 5.76999 5.76999 5.76999 5.76998 5.76998 5.76997 5.76999 5.77 5.7699 5.76999 5.76987 5.76996 5.76971 5.76975 5.76999 5.77 5.76994 5.77002 5.76995 5.77 5.76999 5.77001 5.76998 5.77 5.76997 5.76998 5.76997 5.77 5.76999 5.77 5.76999 5.77 5.77 5.77 5.77 5.76999 5.76999 5.77 5.77 5.77 5.76968 5.77011 5.77016 5.77016 5.77016 5.77014 5.76999 5.76997 5.76998 5.77014 5.76997 5.76994 5.77 5.76995 5.76998 5.76996 5.76993 5.76995 5.76978 5.77015 5.76993 5.76999 5.77015 5.77003 5.76993
5.76998 5.76999 5.77 5.76999 5.77 5.76998 5.77001 5.76997 5.77 5.77 5.76995 5.77012 5.76978 5.77 5.77 5.77 5.76999 5.77 5.76995 5.76995 5.76995 5.77 5.76999 5.77 5.76997 5.77 5.76996 5.77002 5.76995 5.77 5.77 5.76999 5.77 5.77 5.77 5.76999 5.76999 5.76995 5.76998 5.77 5.77 5.77 5.76964 5.77012 5.77016 5.77016 5.77016 5.77015 5.77012 5.77013 5.77015 5.77015 5.77015 5.77012 5.76972 5.7699 5.77001 5.76993 5.77012 5.76987 5.76997 5.76988 5.76998 5.76995 5.77014 5.76998 5.77012
5.76999 5.76999 5.77 5.77 5.77 5.76991 5.76993 5.76991 5.76981 5.76998 5.76986 5.76999 5.76982 5.77 5.77 5.77 5.77 5.77 5.77 5.76999 5.77 5.77 5.76999 5.77001 5.76998 5.77 5.76999 5.76999 5.76997 5.77 5.77 5.77 5.77 5.77 5.77 5.77 5.76997 5.77001 5.76998 5.77 5.76999 5.76999 5.76962 5.77012 5.77016 5.77016 5.77016 5.77015 5.77009 5.76999 5.76998 5.77011 5.77013 5.77015 5.77013 5.76994 5.76991 5.76992 5.76985 5.77 5.76996 5.76995 5.77006 5.77 5.76995 5.77 5.77014
5.76999 5.76999 5.77 5.77 5.76999 5.77007 5.76998 5.76999 5.77011 5.76993 5.76991 5.7699 5.77 5.76997 5.76989 5.76998 5.77 5.77 5.77 5.76994 5.76972 5.76998 5.77 5.77 5.77 5.76998 5.77001 5.76999 5.76999 5.76994 5.76998 5.77 5.77 5.77 5.77 5.77 5.76988 5.7699 5.7699 5.76999 5.77001 5.76998 5.76959 5.77011 5.77016 5.77016 5.77016 5.77014 5.76999 5.76999 5.76998 5.76985 5.76999 5.77 5.77008 5.77014 5.77 5.76999 5.76991 5.77007 5.77014 5.77015 5.77015 5.77012 5.76988 5.77007 5.77016
5.76999 5.76999 5.77 5.77 5.76993 5.77008 5.76996 5.6663 5.47774 5.45653 5.77013 5.76985 5.77 5.76994 5.77006 5.76997 5.77 5.77 5.77 5.76983 5.77011 5.76985 5.77 5.77 5.76999 5.7701 5.76998 5.76995 5.76986 5.77004 5.76999 5.76997 5.77 5.77 5.77 5.76999 5.76984 5.77007 5.76992 5.7699 5.76996 5.76998 5.76962 5.77011 5.77016 5.77016 5.77016 5.77013 5.76994 5.76999 5.76994 5.76995 5.77 5.76992 5.76999 5.76999 5.77009 5.76998 5.76997 5.76985 5.76999 5.76999 5.77003 5.77012 5.76985 5.77012 5.77014
5.76999 5.76999 5.76987 5.76995 5.76996 5.77005 5.76998 5.68959 6.11783 5.57327 5.76996 5.76999 5.76999 5.76999 5.76998 5.76996 5.77 5.77 5.77 5.76991 5.76988 5.76995 5.77 5.77 5.76978 5.77013 5.76997 5.76996 5.7701 5.77 5.76988 5.77002 5.76997 5.77 5.77 5.77 5.76992 5.76993 5.76992 5.77003 5.76987 5.77 5.76973 5.77009 5.77015 5.77016 5.77016 5.77012 5.76996 5.76998 5.77007 5.76992 5.77 5.77 5.77 5.76988 5.76999 5.77 5.76995 5.76998 5.76986 5.76999 5.76995 5.7699 5.77005 5.7699 5.7701
5.76999 5.76999 5.76981 5.77008 5.76997 5.76999 5.77007 5.73423 5.7409 5.63265 5.77 5.76999 5.7701 5.77012 5.76999 5.76998 5.77 5.77 5.77 5.77001 5.76999 5.77 5.76999 5.76998 5.76983 5.77011 5.77 5.77012 5.77 5.76994 5.77011 5.76999 5.76995 5.76996 5.77 5.76999 5.77001 5.76999 5.76993 5.76992 5.76997 5.77 5.76986 5.77007 5.77015 5.77016 5.77016 5.7701 5.76994 5.76999 5.76997 5.76994 5.77 5.76996 5.76993 5.76998 5.77 5.77 5.77001 5.7701 5.77014 5.77 5.76995 5.7701 5.77015 5.76999 5.76986
5.76999 5.76953 5.76987 5.76994 5.76995 5.76998 5.77013 5.77004 5.77011 5.77012 5.76996 5.76999 5.76999 5.77004 5.77013 5.77 5.76999 5.76999 5.76998 5.76993 5.76989 5.76997 5.76998 5.77002 5.76995 5.76998 5.77013 5.77007 5.76998 5.77013 5.76999 5.76992 5.77008 5.76998 5.76986 5.76998 5.76998 5.77 5.76997 5.76992 5.76995 5.76996 5.76992 5.77004 5.77015 5.77016 5.77015 5.77006 5.76996 5.77003 5.76998 5.76994 5.76984 5.76994 5.77006 5.76992 5.77 5.76999 5.76986 5.76983 5.76999 5.77014 5.77014 5.77 5.77008 5.77014 5.77
5.76999 5.76956 5.7701 5.76993 5.76997 5.76989 5.77013 5.76999 5.77007 5.77008 5.76986 5.76995 5.77 5.76998 5.76999 5.77012 5.77007 5.77 5.77003 5.76999 5.77009 5.77005 5.76993 5.76999 5.76996 5.76999 5.77013 5.76999 5.77013 5.76999 5.76995 5.77012 5.76999 5.76988 5.77008 5.76985 5.7699 5.76997 5.7699 5.77006 5.76992 5.77003 5.76996 5.77 5.77014 5.77016 5.77015 5.77 5.76999 5.76996 5.76995 5.76978 5.7701 5.76994 5.76998 5.76992 5.77 5.76999 5.77001 5.76999 5.76982 5.76999 5.77001 5.76992 5.76994 5.77 5.77008
5.77 5.76969 5.76984 5.76996 5.77005 5.76989 5.77013 5.76992 5.76991 5.77 5.76994 5.77004 5.76995 5.77 5.76999 5.76999 5.77012 5.77013 5.77013 5.77013 5.77013 5.77013 5.76994 5.77 5.7699 5.77011 5.77009 5.77013 5.77 5.76997 5.77013 5.76999 5.76994 5.77013 5.76999 5.7699 5.77009 5.76994 5.76993 5.76997 5.7699 5.76995 5.76996 5.76983 5.77014 5.77016 5.77014 5.76995 5.77 5.76997 5.77 5.7698 5.76987 5.7699 5.77004 5.76996 5.77 5.76999 5.76999 5.76999 5.77 5.76998 5.76999 5.77 5.77 5.76991 5.76994
5.76999 5.76999 5.76994 5.76994 5.76995 5.76988 5.77007 5.76996 5.77 5.77 5.76997 5.76996 5.76993 5.76998 5.76998 5.76998 5.77013 5.76921 5.76896 5.76893 5.77014 5.77009 5.76999 5.76992 5.77013 5.77013 5.77013 5.77007 5.76998 5.77013 5.76999 5.76997 5.77013 5.76999 5.76989 5.76998 5.76989 5.76994 5.76996 5.77005 5.76996 5.76999 5.77 5.76981 5.77012 5.77016 5.77012 5.76995 5.77002 5.76993 5.77 5.77 5.76996 5.76985 5.76993 5.76994 5.77 5.76999 5.76995 5.76994 5.77 5.77 5.76999 5.76994 5.76999 5.76998 5.76987
5.76975 5.76985 5.76993 5.7701 5.76991 5.76995 5.76992 5.77006 5.77 5.77 5.77 5.77 5.77004 5.77011 5.77003 5.7701 5.77013 5.76919 6.15968 5.76882 5.77014 5.77013 5.77013 5.77013 5.76999 5.77004 5.77013 5.76999 5.77013 5.77 5.76998 5.77012 5.77 5.76989 5.76996 5.76998 5.77 5.77 5.76992 5.76995 5.76991 5.77 5.77 5.76986 5.77011 5.77016 5.7701 5.76996 5.76996 5.76993 5.76982 5.76991 5.76994 5.77009 5.76993 5.77 5.76994 5.76996 5.77005 5.76992 5.76997 5.76993 5.76999 5.77005 5.77014 5.77015 5.77015
5.76993 5.77007 5.76996 5.76995 5.76987 5.77 5.76995 5.76992 5.76987 5.76998 5.76998 5.76997 5.76986 5.76985 5.76995 5.7701 5.77014 5.76198 5.75867 5.76435 5.77014 5.77014 5.77014 5.77014 5.77014 5.77013 5.77011 5.77012 5.77013 5.77011 5.77013 5.77008 5.76996 5.76997 5.77003 5.76996 5.76998 5.76996 5.76999 5.76991 5.76994 5.76997 5.77 5.76999 5.77009 5.77016 5.77008 5.76999 5.77 5.76982 5.77007 5.7698 5.76986 5.76991 5.77 5.76997 5.76998 5.77014 5.76988 5.76999 5.76999 5.77006 5.77015 5.77014 5.76999 5.76999 5.76998
5.76983 5.76981 5.76988 5.76988 5.76993 5.76997 5.76998 5.77002 5.76998 5.76998 5.77002 5.76997 5.77 5.77 5.76995 5.77003 5.77013 5.77013 5.77014 5.77013 5.77013 5.77013 5.77014 5.77014 5.77014 5.77014 5.77014 5.77013 5.76999 5.76998 5.77013 5.76993 5.76997 5.76996 5.76998 5.76998 5.76998 5.77002 5.76997 5.76994 5.77006 5.76978 5.77 5.76999 5.77007 5.77016 5.77006 5.76999 5.77 5.76998 5.76976 5.76991 5.77 5.77 5.76997 5.7701 5.77014 5.76995 5.76999 5.77004 5.77015 5.77013 5.76998 5.76998 5.76995 5.76998 5.76996
5.76999 5.77 5.76999 5.76995 5.77006 5.7699 5.76998 5.76997 5.76996 5.76994 5.7699 5.76992 5.77 5.76992 5.76994 5.77011 5.77014 5.77014 5.77014 5.77014 5.77012 5.76999 5.77011 5.77012 5.77013 5.77013 5.77014 5.77014 5.77013 5.77013 5.76995 5.77013 5.7701 5.77001 5.77 5.77003 5.76997 5.76996 5.76999 5.76995 5.76996 5.76992 5.77 5.77 5.77005 5.77016 5.77007 5.77 5.77 5.77 5.77 5.76974 5.76999 5.76987 5.77013 5.76994 5.77 5.77 5.77013 5.77015 5.76998 5.76997 5.76999 5.77 5.77 5.76996 5.77002
5.77 5.76999 5.76999 5.76992 5.76994 5.76993 5.77001 5.76998 5.77 5.76981 5.77009 5.76997 5.76999 5.77 5.77012 5.77013 5.77012 5.7701 5.7701 5.7701 5.7701 5.76999 5.76997 5.77011 5.76997 5.77013 5.77014 5.77014 5.77014 5.77013 5.77012 5.77013 5.77004 5.76997 5.76996 5.76995 5.76992 5.77 5.77 5.76981 5.77008 5.76995 5.76997 5.76997 5.77002 5.77015 5.77008 5.76994 5.77 5.7699 5.76999 5.76984 5.77015 5.76993 5.76994 5.76999 5.77006 5.77015 5.77012 5.77004 5.77003 5.76997 5.76997 5.77 5.76989 5.76989 5.76995
