tests/full-run-ref/erosion_2010_78_23_-57.856.asc
ncols 512
nrows 512
xllcorner -3.24582
yllcorner -4.08743
cellsize 5
NODATA_value -99999
[rows 0 to 29 of 512, columns 69 to 137 of 512]
2.885 2.885 2.885 2.885 4.08001 6.96501 6.96496 5.76995 5.75985 5.77 5.77 5.77 6.96501 8.16001 11.045 11.045 9.85001 8.16001 6.96501 5.77 5.77 5.77 5.76088 5.77 5.77 5.77 6.96501 6.96501 5.77 5.77 5.77 5.21084 5.77 5.77 5.77 5.77 5.77 5.76911 5.77 6.965 8.16001 6.95612 5.28783 4.09282 5.28783 5.77 5.77 5.77 6.96501 8.16001 11.045 13.93 15.1328 15.0373 14.425 14.3324 14.4038 14.4068 14.3555 14.3555 14.3555 14.3757 12.24 11.045 9.85001 8.655 9.85001 11.045 9.85001
2.88501 2.88501 2.88501 2.88501 2.88501 4.08001 4.08001 2.885 2.885 2.885 2.885 2.885 4.08001 6.96501 8.70993 8.16002 6.96501 5.77 4.08001 2.885 2.885 2.885 2.885 2.885 2.885 2.885 4.08001 4.08001 2.885 2.885 2.885 2.885 2.885 2.885 2.885 2.885 2.885 2.885 2.885 4.08 6.965 4.08 2.885 2.885 2.885 2.885 2.885 2.885 4.08001 6.96501 9.85001 12.735 12.2478 12.1523 11.54 11.4474 11.5188 11.5219 11.4705 11.4705 11.4705 11.4907 11.045 8.655 8.65501 8.65501 8.65501 8.16002 6.96501
2.88501 2.88501 2.88501 2.88501 2.88501 2.88501 2.885 2.885 2.885 2.885 2.885 2.885 2.885 4.62993 7.51491 6.96498 4.08001 2.885 2.88501 2.885 2.885 2.885 2.885 2.885 2.885 2.885 2.885 2.88501 2.88501 2.88501 2.885 2.88501 2.88501 2.88501 2.88501 2.88501 2.885 2.885 2.885 2.885 4.08001 2.885 2.885 2.885 2.885 2.885 2.885 2.885 2.885 5.77 8.655 10.5578 9.36278 9.26734 8.655 8.5624 8.63382 8.63685 8.58552 8.58552 8.58552 8.60569 8.655 8.65501 8.61695 8.61695 8.65501 6.96501 4.08001
2.88501 2.88501 2.88501 2.88501 2.885 2.885 2.885 2.885 2.885 2.885 2.885 2.885 2.885 3.4349 6.3199 4.07998 2.885 2.885 2.885 2.885 2.885 2.885 2.885 2.885 2.885 2.885 2.885 2.88501 2.88501 2.885 2.88501 2.88501 2.88501 2.88501 2.88501 2.88501 2.885 2.885 2.885 2.88384 2.88395 2.88386 2.885 2.885 2.885 2.885 2.885 2.885 2.88433 5.76813 8.65357 7.6727 6.47753 6.3821 6.38806 6.0567 7.51724 6.47859 6.33179 6.33176 6.33172 6.33168 6.33165 6.33162 6.3316 6.33378 6.42041 5.76764 4.07804
2.88501 2.88501 2.885 2.885 2.885 2.885 2.885 2.885 2.885 2.885 2.885 2.885 2.885 3.72265 4.07999 2.885 2.885 2.885 2.885 2.885 2.885 2.885 2.885 2.885 2.885 2.88501 2.88501 2.88501 2.885 2.88501 2.88501 2.88501 2.88501 2.88501 2.88501 2.88501 2.885 2.885 2.885 2.885 2.885 2.885 2.885 2.885 2.885 2.885 2.885 2.88458 2.8818 5.76619 7.67218 6.47594 4.07753 4.07759 4.07823 4.07747 6.23067 4.0781 4.07855 4.07788 4.07776 4.07778 4.07749 4.07754 4.07735 4.0771 4.07736 6.32646 4.0779
2.88501 2.885 2.885 2.885 2.885 2.885 2.885 2.885 2.885 2.885 2.885 2.885 2.885 2.885 2.885 2.885 2.885 2.885 2.885 2.885 2.885 2.885 2.885 2.885 2.88501 2.885 2.88498 2.88495 2.88493 2.88496 2.88501 2.88501 2.88501 2.88501 2.88501 2.885 2.885 2.885 2.885 2.885 2.885 2.885 2.885 2.885 2.885 2.885 2.885 2.88265 4.06744 6.95642 6.47488 4.07709 4.07926 4.08001 4.08001 4.07945 4.07895 4.0795 4.08001 4.08001 4.08001 4.08001 4.08001 4.08001 4.08001 4.08001 4.07817 4.0776 6.26115
2.885 2.885 2.885 2.885 2.885 2.885 2.885 2.885 2.885 2.885 2.885 2.885 2.885 2.885 2.885 2.885 2.885 2.885 2.885 2.885 2.885 2.885 2.88499 2.88498 2.88495 2.88495 2.88493 5.21073 5.76992 2.88494 2.88501 2.885 2.885 2.885 2.885 2.885 2.885 2.885 2.885 2.885 2.885 2.885 2.885 2.885 2.885 2.885 2.88325 2.87044 5.75428 6.47293 4.07656 4.07902 4.08001 4.08001 4.08001 4.08001 4.08001 4.08001 4.08001 4.08001 4.08001 4.08001 4.08001 4.08001 4.08001 4.08001 4.08001 4.07818 4.07793
2.885 2.885 2.885 2.885 2.885 2.885 2.885 2.885 2.885 2.885 2.885 2.885 2.885 2.885 2.885 2.885 2.885 2.885 2.885 2.885 2.885 2.885 4.07996 4.07985 5.63673 4.07973 4.57132 6.40577 5.7699 2.88494 2.885 2.885 2.885 2.885 2.885 2.885 2.885 2.885 2.885 2.885 2.885 2.885 2.885 2.885 2.885 2.8827 2.86947 4.02145 6.54368 4.06695 4.07387 4.07688 4.07715 4.077 4.07681 4.07666 4.07647 4.0762 4.07592 4.07578 4.07582 4.07599 4.07616 4.0763 4.0765 4.07662 4.07671 4.07721 4.07818
2.885 2.885 2.885 2.885 2.885 2.885 2.885 2.885 2.885 2.885 2.885 2.885 2.885 2.885 2.885 2.885 2.885 2.885 2.885 2.885 2.885 2.885 2.88497 5.7699 7.77403 6.96477 7.45635 8.65138 5.76984 2.8849 2.885 2.885 2.885 2.885 2.885 2.885 2.885 2.885 2.885 2.885 2.885 2.885 2.885 2.885 2.88272 2.86864 4.00803 6.90498 7.72563 6.62145 6.47635 6.46364 6.44578 6.52973 6.47891 6.46075 6.44262 6.52661 6.47487 6.45671 6.45727 6.45903 6.4441 6.53136 6.48233 6.46365 6.52185 6.51245 4.0758
2.885 2.885 2.885 2.885 2.885 2.885 2.885 2.885 2.885 2.885 2.885 2.885 2.885 4.08 2.885 2.885 2.885 2.885 2.885 2.885 2.885 2.885 2.88496 5.76987 8.6549 9.8498 10.3414 8.15984 5.76982 2.88482 2.885 2.885 2.885 2.885 2.885 2.885 2.885 2.885 2.885 2.885 2.885 2.885 2.885 2.885 2.87622 4.01528 6.90059 8.10601 8.65158 8.65411 8.64314 8.63981 8.64121 8.64933 8.64221 8.63907 8.64051 8.64799 8.64125 8.63796 8.6384 8.63919 8.64138 8.64946 8.64341 8.64006 8.65136 8.15578 6.95824
2.885 2.885 2.885 2.885 2.885 2.885 2.885 2.885 2.885 2.885 2.885 2.885 2.885 2.885 4.08001 2.885 2.885 2.885 2.885 2.885 2.885 2.885 4.07993 6.96492 9.84991 11.0448 8.15982 6.9648 4.0798 2.8847 2.885 2.885 2.885 2.885 2.885 2.885 2.885 2.885 2.885 2.885 2.885 2.885 2.885 2.88244 2.85799 5.69697 8.11069 8.64743 8.655 8.65493 8.65489 8.65486 8.65488 8.65485 8.65487 8.65476 8.65475 8.65469 8.65469 8.65476 8.65483 8.65488 8.65489 8.6548 8.65466 8.6525 8.65434 8.60799 8.15729
2.885 2.885 2.885 2.885 2.885 2.885 2.885 2.885 2.885 2.885 2.885 2.885 2.885 2.885 5.77 4.08 2.88499 2.88499 2.885 2.885 2.885 2.885 2.88495 5.76987 8.6549 8.15984 6.9648 4.07977 2.88493 2.88481 2.885 2.885 2.885 2.885 2.885 2.885 2.885 2.885 2.885 2.885 2.885 2.885 2.88255 2.86762 3.99632 6.89402 8.63102 8.64683 8.6006 8.26778 8.27429 8.27365 8.27341 8.2726 8.27159 8.26976 8.26835 8.26733 8.26802 8.26968 8.27189 8.27375 8.2751 8.15681 6.96148 5.76654 6.96181 5.76475 6.96114
2.885 2.885 2.885 2.885 2.885 2.885 2.885 2.885 2.885 2.885 2.885 2.885 2.885 2.885 5.76999 6.96498 4.07997 5.76998 4.07996 2.88498 2.88498 2.88497 4.07987 6.9649 8.15987 6.96482 4.07979 2.88494 2.88495 2.885 2.885 2.885 2.885 2.885 2.885 2.885 2.885 2.885 2.885 2.885 2.885 2.88243 2.87234 4.01686 6.89537 8.10104 8.06585 6.85842 5.71037 5.37722 5.38796 5.38718 5.3869 5.38581 5.38461 5.38229 5.38059 5.37935 5.38019 5.38219 5.38489 5.38722 5.38895 5.39033 4.07586 2.88326 4.07668 2.88279 4.07525
2.885 2.885 2.885 2.885 2.885 2.885 2.885 2.885 2.885 2.885 2.885 2.885 2.885 2.885 5.76998 8.15999 6.96497 8.15997 5.55936 4.0799 5.55939 4.07993 6.96491 8.1599 6.96485 4.07982 2.88496 2.88498 2.885 2.885 2.885 2.885 2.885 2.885 2.885 2.885 2.885 2.885 2.885 2.885 2.885 2.87935 4.04259 6.90976 8.10998 9.75838 6.85732 3.95294 2.8542 2.87722 2.88243 2.88334 2.88314 2.88291 2.88256 2.8822 2.88186 2.88173 2.88184 2.88224 2.88276 2.88328 2.88369 2.88406 2.88453 2.88481 2.88483 2.88477 2.88418
2.885 2.885 2.885 2.885 2.885 2.885 2.885 2.885 2.885 2.885 2.885 2.885 2.885 2.885 4.07997 6.96497 9.84996 9.63939 8.15993 6.96493 6.96487 5.49022 6.30528 6.96488 4.07985 2.88497 2.88499 2.885 2.885 2.885 2.885 2.885 2.885 2.885 2.885 2.885 2.885 2.885 2.885 2.885 2.885 2.87744 5.73855 8.12789 11.0009 8.5829 5.68016 2.84604 2.88091 2.88501 2.88501 2.88501 2.88501 2.88501 2.88501 2.88501 2.88501 2.88501 2.88501 2.88501 2.88501 2.88501 2.88501 2.885 2.885 2.885 2.885 2.885 2.88489
2.885 2.885 2.885 2.885 2.885 2.885 2.885 2.885 2.885 2.885 2.885 2.885 2.885 2.885 2.88498 5.76993 8.65494 11.54 9.84987 6.96485 4.07983 2.88495 4.07992 4.07994 2.88497 2.885 2.885 2.885 2.885 2.885 2.885 2.885 2.885 2.885 2.885 2.885 2.885 2.885 2.885 2.885 2.885 2.87889 5.74414 8.6324 11.5215 9.78159 6.91073 4.01869 2.87605 2.88476 2.88501 2.885 2.88501 2.88501 2.88501 2.88501 2.88501 2.88501 2.88501 2.88501 2.88501 2.88501 2.885 2.885 2.885 2.885 2.885 2.885 2.885
2.885 2.885 2.885 2.885 2.885 2.885 2.885 2.885 2.885 2.885 2.885 2.885 2.885 2.885 2.88499 5.76993 8.65494 11.1646 8.65488 5.76986 2.88495 2.885 2.885 2.885 2.885 2.885 2.885 2.885 2.885 2.885 2.885 2.885 2.885 2.885 2.885 2.885 2.885 2.885 2.885 2.885 2.885 2.88078 5.75571 8.64302 11.5302 11.0028 8.11408 6.92017 4.06986 2.8832 2.8846 2.88501 2.88501 2.88501 2.88501 2.88501 2.88501 2.88501 2.88501 2.88501 2.88501 2.88501 2.885 2.885 2.885 2.885 2.885 2.885 2.885
2.885 2.885 2.88501 2.885 2.885 2.885 2.885 2.885 2.885 2.885 2.885 2.885 2.885 2.885 2.88499 5.76995 8.65494 8.27961 8.26762 5.76993 2.88497 2.885 2.88501 2.88501 2.88501 2.88501 2.885 2.885 2.885 2.885 2.885 2.885 2.885 2.885 2.885 2.885 2.885 2.88429 2.88408 2.88455 2.88469 2.88147 5.76026 8.64687 11.5333 12.1988 11.0036 8.15206 6.95692 4.07547 2.88452 2.88501 2.88501 2.88501 2.88501 2.88501 2.88501 2.88501 2.88501 2.88501 2.885 2.885 2.885 2.885 2.885 2.885 2.885 2.885 2.885
4.08001 2.885 2.88501 2.88501 2.88501 2.885 2.885 2.885 2.885 2.885 2.885 2.885 2.885 2.885 2.88499 5.76997 5.76993 5.39459 5.38261 6.96497 4.07996 2.885 2.88501 2.88501 2.88501 2.88501 2.885 2.885 2.885 2.885 2.885 2.885 2.885 2.885 2.885 2.885 2.885 2.88418 4.07931 4.07854 2.88278 4.0723 6.95803 9.84263 12.232 11.0361 8.1501 6.95497 4.07034 2.88322 2.88465 2.88501 2.88501 2.88501 2.88501 2.88501 2.88501 2.88501 2.88501 2.885 2.885 2.885 2.885 2.885 2.885 2.885 2.885 2.885 2.885
2.88499 2.885 2.88501 2.88501 2.88501 2.88501 2.885 2.885 2.885 2.885 2.885 2.885 2.885 2.885 2.885 4.07997 2.88498 2.88498 2.88498 4.07996 5.76997 2.88499 2.88501 2.88501 2.88497 2.88495 2.88473 2.885 2.885 2.885 2.885 2.885 2.885 2.885 2.885 2.885 2.885 2.8845 5.7694 6.96326 5.76715 6.9589 8.15401 11.04 11.0366 8.15015 6.95437 4.06857 2.88271 2.88471 2.88501 2.88501 2.88501 2.88501 2.88501 2.88501 2.88501 2.88501 2.885 2.885 2.885 2.885 2.885 2.885 2.885 2.885 2.885 2.885 2.885
2.88501 2.88501 2.88501 2.88501 2.88501 2.88501 2.88501 2.885 2.885 2.885 2.885 2.885 2.885 2.885 2.885 2.885 2.885 2.88501 2.885 2.88498 2.88498 2.88499 2.88501 2.88497 2.8847 4.07928 2.88335 2.88501 2.885 2.885 2.885 2.885 2.885 2.885 2.885 2.885 2.885 2.88462 5.76925 6.96294 8.15785 9.84499 11.0402 11.0382 8.15204 6.95479 4.06863 2.8825 2.88468 2.88501 2.88501 2.88501 2.88501 2.88501 2.88501 2.88501 2.88501 2.885 2.885 2.885 2.885 2.885 2.885 2.885 2.885 2.885 2.885 2.885 2.885
2.88501 2.88501 2.88501 2.88501 2.88501 2.88501 2.88501 2.88501 2.885 2.885 2.885 2.885 2.885 2.885 4.08001 2.885 2.88501 2.88501 2.88501 2.88501 2.88501 2.88501 2.88501 2.88484 4.07903 5.76763 2.88244 2.88501 2.88501 2.885 2.885 2.885 2.885 2.885 2.885 2.885 2.885 2.88485 2.88435 4.07707 6.96231 9.84757 11.0398 8.15402 6.95671 4.07058 2.8827 2.8847 2.88501 2.88501 2.88501 2.88501 2.88501 2.88501 2.88501 2.88501 2.885 2.885 2.885 2.885 2.885 2.885 2.885 2.885 2.885 2.885 2.885 2.885 2.885
2.88501 2.88501 2.88501 2.88501 2.88501 2.88501 2.88501 2.88501 2.88501 2.885 2.885 2.885 2.88499 4.08001 2.885 2.885 2.88501 2.88501 2.88501 2.88501 2.88501 2.88501 2.88501 2.88463 5.08368 4.07731 2.88288 2.88501 2.88501 2.88501 2.885 2.885 2.885 2.885 2.885 2.885 2.885 2.885 2.88492 2.88393 5.76691 8.65262 8.15583 6.95874 4.07287 2.88317 2.88475 2.88501 2.88501 2.88501 2.88501 2.88501 2.88501 2.88501 2.88501 2.885 2.885 2.885 2.885 2.885 2.885 2.885 2.885 2.88501 2.885 2.885 2.885 2.885 2.885
2.88501 2.88501 2.88501 2.88501 2.88501 2.88501 2.88501 2.88501 2.88501 2.885 2.885 2.885 2.88499 2.88499 2.885 2.88501 2.88501 2.88501 2.88501 2.88501 2.88501 2.88501 2.88501 2.88431 5.35067 2.88288 2.88437 2.88501 2.885 2.885 2.885 2.885 2.885 2.885 2.885 2.885 2.885 2.885 2.885 2.88441 5.76825 8.15762 6.96066 4.07484 2.88364 2.8848 2.88501 2.88501 2.88501 2.885 2.885 2.885 2.885 2.885 2.885 2.885 2.885 2.885 2.885 2.885 2.885 2.885 2.88501 2.88501 2.88499 2.88497 2.88498 2.88497 2.885
2.88501 2.88501 2.88501 2.88501 2.88501 2.88501 2.88501 2.88501 2.88501 2.88501 2.88501 2.88501 2.88501 2.88501 2.88501 2.88501 2.88501 2.88501 2.88501 2.88501 2.88501 2.88501 2.88501 2.88415 5.00377 4.07275 2.88441 2.885 2.885 2.885 2.885 2.885 2.885 2.885 2.885 2.885 2.885 2.885 2.885 2.8846 5.76905 6.96255 4.07689 2.88405 2.88478 2.88501 2.88501 2.885 2.885 2.885 2.885 2.885 2.885 2.885 2.885 2.885 2.885 2.885 2.885 2.885 2.885 2.88501 2.88501 2.885 2.88497 4.0799 4.07993 2.88495 2.885
2.88501 2.88501 2.88501 2.88501 2.88501 2.88501 2.88501 2.88501 2.88501 2.88501 2.88501 2.88501 2.88501 2.88501 2.88501 2.88501 2.88501 2.88501 2.88501 2.88501 2.88501 2.88501 2.88501 2.88402 2.88298 2.88252 2.88447 2.885 2.885 2.885 2.88494 2.88496 2.88495 2.885 2.885 2.885 2.885 2.885 2.885 2.88476 5.76962 4.07864 2.88448 2.8849 2.885 2.885 2.88501 2.885 2.885 2.885 2.885 2.885 2.885 2.885 2.885 2.885 2.885 2.885 2.885 2.885 2.88501 2.88501 2.885 2.88499 4.07992 5.63517 5.76994 2.88494 2.885
2.88501 2.88501 2.88501 2.88501 2.88501 2.88501 2.88501 2.88501 2.88501 2.88501 2.88501 2.88501 2.88501 2.88501 2.88501 2.88501 2.88501 2.88501 2.88501 2.88501 2.88501 2.88501 2.88501 2.88501 2.88501 2.885 2.885 2.885 2.885 2.88491 2.8849 4.07991 2.88494 2.885 2.885 2.885 2.885 2.885 2.885 2.88491 4.07958 2.88478 2.88496 2.885 2.885 2.885 2.885 2.885 2.885 2.885 2.885 2.885 2.885 2.885 2.885 2.885 2.885 2.885 2.885 2.88501 2.88501 2.885 2.885 4.07997 2.88497 4.97603 5.76993 2.88494 2.88501
2.88501 2.88501 2.88501 2.88501 2.88501 2.88501 2.88501 2.88501 2.88501 2.88501 2.88501 2.88501 2.88501 2.88501 2.88501 2.88501 2.88501 2.88501 2.88501 2.88501 2.88501 2.88501 2.88501 2.88501 2.885 2.885 2.885 2.885 2.88488 2.88487 4.0799 4.0798 2.88493 2.885 2.885 2.885 2.885 2.885 2.885 2.88498 2.88497 2.88498 2.885 2.88494 2.8848 2.88473 2.88488 2.885 2.885 2.885 2.885 2.885 2.885 2.885 2.885 2.885 2.885 2.885 2.88501 2.88501 2.885 2.885 4.07999 2.885 5.27297 6.17106 5.76992 2.88495 2.88501
2.88501 2.88501 2.88501 2.88501 2.88501 2.88501 2.88501 2.88501 2.88501 2.88501 2.88501 2.88501 2.88501 2.88501 2.88501 2.88501 2.88501 2.88501 2.88501 2.88501 2.88501 2.88501 2.88501 2.885 2.885 2.885 2.885 2.88491 2.88486 4.07988 4.07979 2.88487 2.88497 2.885 2.885 2.885 2.885 2.885 2.885 2.885 2.885 2.885 2.88498 2.88484 4.07955 4.07971 2.88493 2.885 2.885 2.885 2.885 2.885 2.885 2.885 2.885 2.885 2.885 2.885 2.885 2.88501 2.885 4.08 4.17413 3.86735 4.30121 6.5944 5.76994 2.88496 2.88501
2.88501 2.88501 2.88501 2.88501 2.88501 2.88501 2.88501 2.88501 2.88501 2.88501 2.88501 2.88501 2.88501 2.88501 2.88501 2.88501 2.88501 2.88501 2.88501 2.88501 2.88501 2.88501 2.885 2.885 2.885 2.885 2.88501 2.88495 4.07984 4.07972 2.88484 2.88494 2.88501 2.88501 2.885 2.885 2.885 2.885 2.885 2.885 2.885 2.88499 2.88492 4.07985 4.07991 2.88481 2.88495 2.885 2.885 2.885 2.885 2.885 2.885 2.885 2.88499 2.88494 4.07995 4.07994 2.88498 2.88501 2.885 2.885 2.885 2.885 2.88497 4.07989 5.76997 2.88497 2.88497
