tests/full-run-ref/erosion_2010_78_22_-42.864.asc
ncols 512
nrows 512
xllcorner -3.24582
yllcorner -4.08743
cellsize 5
NODATA_value -99999
[rows 36 to 71 of 512, columns 82 to 163 of 512]
351.659 351.57 351.495 351.43 351.385 351.362 351.359 351.374 351.392 351.406 351.42 351.437 351.457 351.476 351.495 351.517 351.537 351.558 351.58 351.602 351.623 351.64 351.653 351.663 351.67 351.672 351.667 351.654 351.641 351.632 351.624 351.617 351.616 351.629 348.629 342.857 337.088 331.418 325.67 323.257 317.487 315.084 312.518 310.128 307.738 305.348 302.958 300.568 298.178 295.788 293.398 291.008 288.617 286.227 283.837 281.446 279.056 276.665 274.274 271.883 269.492 267.101 264.709 262.318 259.926 257.535 255.143 252.752 250.361 247.971 245.58 243.189 240.798 238.407 236.015 233.625 231.234 228.844 226.45 224.055 226.451 228.533
351.711 351.616 351.535 351.471 351.433 351.414 351.413 351.427 351.443 351.456 351.469 351.486 351.505 351.523 351.541 351.56 351.579 351.598 351.617 351.636 351.655 351.67 351.681 351.69 351.696 351.697 351.691 351.678 351.665 351.656 351.65 351.643 351.644 351.66 351.02 340.466 334.698 328.928 323.258 317.51 315.097 309.327 306.924 304.358 301.968 299.578 297.188 294.798 292.408 290.018 287.628 285.238 282.847 280.457 278.067 275.676 273.286 270.895 268.504 266.113 263.722 261.33 258.939 256.547 254.156 251.764 249.373 246.981 244.59 242.2 239.809 237.418 235.027 232.635 230.244 227.853 225.46 223.07 220.677 218.281 220.678 222.762
351.767 351.67 351.586 351.528 351.494 351.478 351.478 351.49 351.504 351.516 351.527 351.543 351.56 351.577 351.593 351.609 351.627 351.643 351.658 351.676 351.691 351.705 351.714 351.722 351.726 351.726 351.719 351.707 351.694 351.685 351.678 351.671 351.673 351.689 351.726 338.078 332.309 326.538 320.768 315.098 309.35 306.936 301.167 298.764 296.197 293.808 291.418 289.028 286.638 284.248 281.858 279.468 277.077 274.687 272.297 269.906 267.515 265.125 262.734 260.343 257.951 255.56 253.168 250.777 248.385 245.993 243.602 241.21 238.819 236.428 234.037 231.646 229.255 226.864 224.473 222.081 219.688 217.296 214.903 212.506 214.905 216.989
351.831 351.731 351.652 351.599 351.57 351.556 351.554 351.564 351.576 351.587 351.598 351.611 351.628 351.642 351.657 351.671 351.685 351.699 351.713 351.728 351.741 351.753 351.761 351.767 351.77 351.769 351.761 351.748 351.734 351.725 351.717 351.709 351.709 351.725 351.761 335.69 329.921 324.15 318.379 312.608 306.938 301.189 298.776 293.006 290.603 288.037 285.648 283.258 280.868 278.478 276.088 273.698 271.307 268.917 266.527 264.136 261.745 259.355 256.964 254.573 252.181 249.79 247.398 245.006 242.615 240.223 237.831 235.44 233.048 230.657 228.266 225.875 223.484 221.092 218.701 216.309 213.916 211.523 209.127 206.731 209.13 211.215
351.905 351.808 351.734 351.688 351.662 351.648 351.645 351.652 351.663 351.672 351.682 351.693 351.708 351.721 351.732 351.744 351.756 351.767 351.779 351.792 351.803 351.812 351.819 351.823 351.825 351.823 351.815 351.801 351.785 351.774 351.765 351.754 351.751 351.764 351.796 333.3 327.531 321.761 315.99 310.219 304.449 298.778 293.029 290.616 284.846 282.443 279.877 277.488 275.098 272.708 270.318 267.928 265.537 263.147 260.757 258.366 255.975 253.585 251.194 248.802 246.411 244.02 241.628 239.236 236.844 234.452 232.06 229.669 227.277 224.886 222.494 220.103 217.712 215.32 212.929 210.537 208.144 205.75 203.352 200.953 203.354 205.438
351.989 351.898 351.832 351.791 351.769 351.754 351.749 351.755 351.762 351.77 351.777 351.787 351.798 351.808 351.818 351.827 351.836 351.844 351.854 351.864 351.873 351.881 351.886 351.889 351.89 351.887 351.877 351.862 351.845 351.831 351.819 351.805 351.798 351.806 351.832 330.91 325.142 319.371 313.601 307.83 302.06 296.289 290.618 284.869 282.456 276.686 274.283 271.717 269.328 266.938 264.548 262.158 259.767 257.377 254.987 252.596 250.205 247.814 245.424 243.032 240.641 238.25 235.858 233.466 231.074 228.682 226.29 223.898 221.506 219.114 216.723 214.331 211.94 209.548 207.157 204.765 202.373 199.978 197.577 195.174 197.577 199.663
352.085 352.003 351.945 351.908 351.886 351.87 351.864 351.865 351.873 351.878 351.883 351.891 351.899 351.907 351.914 351.92 351.926 351.932 351.939 351.948 351.953 351.957 351.961 351.965 351.966 351.961 351.95 351.933 351.914 351.898 351.882 351.863 351.851 351.853 351.874 328.521 322.752 316.982 311.211 305.441 299.671 293.9 288.129 282.458 276.709 274.296 268.526 266.123 263.557 261.168 258.778 256.388 253.997 251.607 249.216 246.826 244.435 242.044 239.653 237.262 234.871 232.479 230.088 227.696 225.304 222.911 220.519 218.127 215.735 213.343 210.951 208.559 206.167 203.776 201.384 198.993 196.6 194.205 191.802 189.395 191.799 193.886
352.19 352.117 352.065 352.03 352.008 351.993 351.985 351.986 351.99 351.994 351.998 352.002 352.009 352.014 352.019 352.023 352.027 352.031 352.036 352.037 352.04 342.939 340.558 338.173 335.786 333.397 331.031 331.078 331.093 333.483 334.476 332.086 331.094 332.076 329.686 326.132 320.362 314.592 308.822 303.052 297.281 291.511 285.74 279.969 274.298 268.549 266.136 260.365 257.963 255.397 253.007 250.617 248.227 245.837 243.446 241.056 238.665 236.274 233.883 231.492 229.101 226.709 224.317 221.925 219.533 217.141 214.749 212.356 209.964 207.572 205.179 202.787 200.394 198.003 195.611 193.22 190.828 188.432 186.025 183.615 186.021 188.109
352.307 352.24 352.192 352.161 352.14 352.125 352.117 352.116 352.119 352.121 352.123 352.127 352.132 352.135 352.138 352.14 352.142 352.144 352.145 352.14 339.536 337.17 334.787 332.402 330.015 327.627 325.261 325.309 325.323 327.714 328.706 326.316 325.325 326.307 323.917 321.527 317.972 312.202 306.432 300.662 294.892 289.121 283.351 277.58 271.809 266.138 260.389 257.976 252.205 249.802 247.236 244.847 242.457 240.067 237.676 235.286 232.895 230.504 228.113 225.722 223.331 220.939 218.547 216.155 213.763 211.371 208.978 206.585 204.193 201.8 199.407 197.015 194.621 192.229 189.838 187.447 185.055 182.659 180.248 177.834 180.242 182.332
352.432 352.373 352.331 352.303 352.283 352.268 352.259 352.258 352.259 352.26 352.261 352.262 352.265 352.267 352.268 352.268 352.268 352.27 352.265 347.669 333.752 331.393 329.013 326.628 324.243 321.855 319.49 319.538 319.553 321.943 322.936 320.546 319.555 320.537 318.147 315.757 315.583 309.812 304.042 298.272 292.502 286.732 280.961 275.191 269.421 263.649 257.978 252.229 249.816 244.045 241.642 239.076 236.687 234.297 231.906 229.516 227.125 224.734 222.343 219.952 217.561 215.169 212.777 210.385 207.993 205.6 203.207 200.815 198.422 196.029 193.636 191.242 188.848 186.455 184.064 181.674 179.282 176.884 174.47 172.052 174.462 176.552
352.562 352.51 352.472 352.447 352.429 352.415 352.406 352.404 352.405 352.405 352.403 352.404 352.404 352.404 352.404 352.403 352.403 352.402 352.39 341.903 327.97 325.615 323.236 320.854 318.47 316.083 313.719 313.768 313.783 316.173 317.166 314.776 313.785 314.767 312.377 309.987 312.347 307.422 301.652 295.882 290.112 284.342 278.572 272.801 267.031 261.261 255.489 249.818 244.069 241.655 235.885 233.482 230.916 228.527 226.136 223.746 221.355 218.964 216.573 214.182 211.791 209.399 207.007 204.615 202.222 199.83 197.437 195.044 192.65 190.257 187.863 185.469 183.074 180.681 178.289 175.899 173.507 171.109 168.691 166.269 168.68 170.772
352.69 352.644 352.61 352.588 352.573 352.559 352.55 352.547 352.547 352.547 352.545 352.544 352.543 352.542 352.54 352.539 352.537 352.528 350.045 336.116 322.206 319.84 317.46 315.079 312.696 310.31 307.947 307.997 308.013 310.403 311.396 309.006 308.015 308.997 306.607 304.217 306.577 304.187 299.262 293.492 287.722 281.952 276.182 270.412 264.641 258.871 253.101 247.329 241.658 235.909 233.495 227.725 225.322 222.756 220.366 217.976 215.585 213.194 210.803 208.412 206.02 203.629 201.237 198.844 196.452 194.059 191.666 189.273 186.879 184.485 182.091 179.696 177.299 174.906 172.514 170.124 167.732 165.333 162.911 160.483 162.897 164.991
352.817 352.777 352.748 352.728 352.715 352.703 352.695 352.692 352.692 352.691 352.688 352.686 352.685 352.683 352.681 352.679 352.678 352.653 344.251 318.77 316.45 314.071 311.686 309.304 306.921 304.537 302.175 302.226 302.242 304.633 305.626 303.236 302.245 303.227 300.837 298.446 300.807 298.417 296.873 291.102 285.332 279.562 273.792 268.022 262.251 256.481 250.711 244.94 239.169 233.498 227.749 225.335 219.564 217.162 214.595 212.206 209.815 207.424 205.033 202.642 200.25 197.858 195.466 193.074 190.681 188.288 185.895 183.501 181.107 178.713 176.319 173.922 171.525 169.13 166.738 164.348 161.957 159.556 157.129 154.696 157.113 159.21
352.945 352.911 352.887 352.87 352.859 352.849 352.841 352.839 352.839 352.837 352.835 352.832 352.83 352.829 352.827 352.825 352.802 352.431 315.377 313.055 310.688 308.301 305.914 303.53 301.147 298.763 296.402 296.455 296.472 298.863 299.856 297.466 296.475 297.457 295.066 292.676 295.037 292.647 294.483 288.712 282.942 277.172 271.402 265.632 259.861 254.091 248.321 242.551 236.78 231.009 225.338 219.589 217.175 211.404 209.001 206.435 204.045 201.654 199.263 196.872 194.48 192.088 189.696 187.303 184.91 182.517 180.124 177.73 175.336 172.941 170.546 168.148 165.749 163.354 160.962 158.572 156.18 153.777 151.345 148.906 151.327 153.428
353.068 353.041 353.021 353.007 352.998 352.989 352.983 352.981 352.981 352.979 352.977 352.974 352.972 352.97 352.968 352.947 352.907 323.521 309.652 307.308 304.919 302.53 300.143 297.758 295.373 292.989 290.629 290.683 290.701 293.093 294.086 291.696 290.705 291.687 289.296 286.906 289.267 286.877 289.227 286.322 280.552 274.782 269.012 263.241 257.471 251.701 245.931 240.161 234.39 228.62 222.849 217.178 211.429 209.015 203.244 200.841 198.274 195.883 193.492 191.101 188.709 186.317 183.925 181.532 179.139 176.746 174.352 171.958 169.563 167.168 164.772 162.374 159.974 157.577 155.184 152.795 150.402 147.998 145.559 143.113 145.539 147.644
353.18 353.158 353.142 353.131 353.123 353.117 353.112 353.111 353.11 353.109 353.107 353.104 353.102 353.1 353.083 353.036 331.64 306.221 303.918 301.539 299.149 296.76 294.372 291.986 289.601 287.216 284.855 284.91 284.929 287.322 288.316 285.926 284.935 285.917 283.526 281.136 283.496 281.106 283.456 283.933 278.162 272.392 266.622 260.851 255.081 249.311 243.541 237.77 232 226.23 220.459 214.688 209.017 203.268 200.854 195.083 192.679 190.112 187.722 185.33 182.939 180.547 178.154 175.761 173.368 170.974 168.58 166.186 163.791 161.395 158.998 156.599 154.197 151.799 149.406 147.017 144.624 142.217 139.772 137.318 139.75 141.86
353.281 353.263 353.25 353.242 353.236 353.232 353.228 353.228 353.227 353.226 353.224 353.222 353.22 353.209 353.163 339.758 314.317 300.491 298.154 295.769 293.379 290.99 288.601 286.214 283.828 281.443 279.082 279.138 279.158 281.552 282.546 280.156 279.165 280.147 277.756 275.366 277.726 275.336 277.686 279.071 275.772 270.002 264.232 258.461 252.691 246.921 241.151 235.38 229.61 223.84 218.069 212.299 206.528 200.856 195.107 192.693 186.921 184.518 181.95 179.559 177.168 174.775 172.383 169.99 167.596 165.202 162.808 160.413 158.018 155.622 153.224 150.823 148.42 146.021 143.627 141.237 138.844 136.435 133.981 131.52 133.958 136.073
353.373 353.359 353.349 353.344 353.339 353.336 353.334 353.334 353.335 353.334 353.333 353.332 353.33 353.289 347.879 322.368 296.989 294.748 292.381 289.996 287.608 285.219 282.831 280.443 278.057 275.67 273.309 273.365 273.386 275.781 276.776 274.385 273.395 274.377 271.986 269.596 271.956 269.566 271.916 273.301 273.383 267.612 261.842 256.072 250.301 244.531 238.76 232.99 227.22 221.449 215.679 209.908 204.138 198.367 192.695 186.945 184.532 178.759 176.355 173.787 171.396 169.004 166.611 164.218 161.824 159.43 157.035 154.64 152.244 149.848 147.449 145.047 142.641 140.242 137.848 135.457 133.063 130.651 128.189 125.719 128.164 130.285
353.455 353.445 353.438 353.434 353.432 353.431 353.429 353.43 353.431 353.432 353.431 353.43 353.404 353.334 330.512 305.037 291.285 288.98 286.606 284.223 281.837 279.449 277.06 274.672 272.285 269.898 267.536 267.592 267.614 270.01 271.005 268.615 267.625 268.607 266.216 263.825 266.186 263.796 266.146 267.531 269.918 265.222 259.452 253.682 247.911 242.141 236.37 230.6 224.83 219.059 213.289 207.518 201.747 195.977 190.205 184.533 178.783 176.37 170.596 168.192 165.623 163.232 160.839 158.445 156.051 153.656 151.261 148.866 146.47 144.073 141.673 139.269 136.862 134.461 132.066 129.676 127.281 124.866 122.394 119.915 122.368 124.492
353.527 353.52 353.515 353.514 353.513 353.513 353.513 353.514 353.515 353.517 353.517 353.5 353.431 338.66 313.181 287.784 285.564 283.206 280.827 278.448 276.064 273.677 271.29 268.901 266.514 264.126 261.763 261.82 261.842 264.239 265.235 262.845 261.855 262.836 260.446 258.055 260.416 258.026 260.376 261.761 264.148 262.833 257.062 251.292 245.521 239.751 233.981 228.21 222.439 216.669 210.898 205.128 199.357 193.586 187.815 182.043 176.371 170.62 168.207 162.431 160.026 157.458 155.066 152.672 150.278 147.883 145.487 143.091 140.695 138.297 135.897 133.491 131.082 128.679 126.284 123.894 121.498 119.079 116.597 114.106 116.567 118.694
353.589 353.584 353.582 353.581 353.581 353.582 353.584 353.585 353.587 353.589 353.59 353.53 346.786 321.222 295.843 282.107 279.809 277.432 275.052 272.672 270.291 267.905 265.518 263.131 260.743 258.354 255.99 256.047 256.07 258.468 259.464 257.075 256.084 257.066 254.676 252.285 254.646 252.255 254.605 255.991 258.378 260.443 254.672 248.902 243.132 237.361 231.591 225.82 220.05 214.279 208.508 202.737 196.966 191.196 185.424 179.653 173.881 168.208 162.455 160.043 154.264 151.86 149.291 146.898 144.503 142.108 139.712 137.316 134.919 132.52 130.118 127.711 125.3 122.896 120.5 118.109 115.712 113.289 110.796 108.293 110.761 112.891
353.64 353.636 353.635 353.637 353.639 353.64 353.642 353.645 353.647 353.649 353.614 353.506 329.39 303.85 278.556 276.392 274.037 271.656 269.277 266.897 264.516 262.133 259.747 257.359 254.972 252.582 250.218 250.275 250.298 252.697 253.694 251.304 250.314 251.296 248.906 246.515 248.876 246.485 248.835 250.221 252.607 254.941 252.283 246.512 240.742 234.971 229.201 223.43 217.66 211.889 206.118 200.347 194.576 188.805 183.034 177.262 171.49 165.717 160.043 154.289 151.877 146.095 143.69 141.121 138.728 136.332 133.935 131.538 129.14 126.74 124.337 121.928 119.516 117.108 114.712 112.318 109.923 107.496 104.991 102.472 104.947 107.079
353.682 353.681 353.681 353.683 353.685 353.688 353.69 353.694 353.696 353.675 353.577 337.538 312.016 286.624 272.903 270.635 268.263 265.882 263.502 261.122 258.741 256.359 253.974 251.588 249.2 246.811 244.445 244.503 244.526 246.926 247.923 245.534 244.544 245.526 243.136 240.745 243.106 240.715 243.065 244.45 246.837 249.171 249.893 244.122 238.352 232.581 226.811 221.04 215.27 209.499 203.728 197.957 192.186 186.415 180.643 174.871 169.099 163.326 157.552 151.875 146.119 143.709 137.923 135.517 132.948 130.554 128.157 125.759 123.36 120.959 118.554 116.144 113.73 111.319 108.917 106.525 104.125 101.7 99.182 96.6442 99.1241 101.259
353.717 353.717 353.719 353.721 353.725 353.728 353.731 353.735 353.738 353.652 345.676 320.07 294.627 269.338 267.213 264.863 262.484 260.107 257.727 255.347 252.967 250.585 248.201 245.816 243.429 241.039 238.673 238.73 238.754 241.154 242.153 239.763 238.774 239.756 237.365 234.975 237.335 234.945 237.295 238.68 241.067 243.401 245.791 241.732 235.962 230.192 224.421 218.651 212.88 207.109 201.338 195.567 189.795 184.024 178.252 172.479 166.706 160.933 155.159 149.383 143.704 137.945 135.537 129.745 127.34 124.772 122.377 119.978 117.578 115.175 112.77 110.359 107.944 105.529 103.122 100.721 98.3244 95.8932 93.3688 90.8095 93.2937 95.4297
353.744 353.745 353.747 353.75 353.754 353.758 353.761 353.765 353.716 353.555 328.229 302.677 277.343 263.66 261.455 259.089 256.709 254.331 251.952 249.573 247.192 244.811 242.428 240.043 237.657 235.267 232.901 232.958 232.982 235.383 236.382 233.993 233.003 233.986 231.595 229.205 231.565 229.175 231.525 232.91 235.297 237.631 240.021 239.343 233.572 227.802 222.031 216.261 210.49 204.719 198.948 193.176 187.404 181.632 175.859 170.086 164.312 158.538 152.763 146.987 141.209 135.528 129.764 127.361 121.562 119.158 116.591 114.196 111.795 109.391 106.984 104.573 102.156 99.7394 97.3258 94.917 92.5146 90.0855 87.5474 84.9672 87.4566 89.5936
353.763 353.764 353.767 353.77 353.774 353.778 353.782 353.755 353.605 336.367 310.856 285.449 271.693 257.889 255.66 253.304 250.933 248.556 246.177 243.798 241.417 239.036 236.654 234.27 231.885 229.495 227.129 227.186 227.21 229.612 230.611 228.222 227.233 228.216 225.825 223.434 225.795 223.405 225.755 227.14 229.527 231.86 234.251 236.641 231.182 225.412 219.641 213.87 208.099 202.328 196.556 190.784 185.011 179.238 173.465 167.691 161.916 156.141 150.366 144.589 138.812 133.031 127.346 121.578 119.18 113.373 110.971 108.405 106.01 103.607 101.199 98.7862 96.3689 93.9493 91.5295 89.1109 86.7033 84.2724 81.7203 79.116 81.6126 83.7527
353.776 353.778 353.781 353.784 353.788 353.792 353.795 353.679 344.571 318.89 293.47 279.778 265.868 251.998 249.845 247.506 245.15 242.779 240.401 238.022 235.643 233.262 230.88 228.497 226.112 223.723 221.356 221.414 221.438 223.841 224.841 222.452 221.462 222.445 220.055 217.664 220.025 217.634 219.985 221.37 223.757 226.09 228.481 230.871 228.792 223.021 217.25 211.479 205.707 199.935 194.163 188.39 182.617 176.843 171.069 165.294 159.519 153.743 147.967 142.19 136.412 130.634 124.851 119.161 113.386 110.994 105.177 102.779 100.215 97.8196 95.4126 92.9994 90.5811 88.1589 85.7327 83.305 80.891 78.4556 75.8862 73.2554 75.7617 77.9081
353.788 353.79 353.793 353.797 353.8 353.804 353.75 352.981 327.035 301.424 287.751 273.958 263.248 249.476 243.942 241.656 239.343 236.994 234.624 232.247 229.868 227.487 225.106 222.723 220.339 217.95 215.584 215.641 215.666 218.07 219.07 216.681 215.692 216.675 214.285 211.894 214.255 211.864 214.215 215.6 217.987 220.32 222.71 225.1 226.402 220.63 214.859 209.087 203.315 197.542 191.769 185.995 180.222 174.447 168.672 162.897 157.121 151.345 145.568 139.79 134.012 128.234 122.453 116.667 110.97 105.188 102.804 96.975 94.5804 92.0199 89.6232 87.2116 84.7927 82.3677 79.9353 77.4991 75.0781 72.6355 70.0452 67.3851 69.9045 72.0624
353.799 353.801 353.803 353.807 353.81 353.788 353.688 335.58 324.684 299.046 285.329 271.592 265.553 246.896 241.55 235.741 233.471 231.178 228.837 226.469 224.092 221.712 219.332 216.95 214.566 212.177 209.811 209.869 209.894 212.299 213.299 210.91 209.921 210.905 208.514 206.124 208.485 206.094 208.444 209.83 212.216 214.55 216.94 219.329 224.011 218.239 212.466 206.694 200.921 195.148 189.374 183.6 177.826 172.051 166.275 160.5 154.723 148.946 143.169 137.39 131.612 125.832 120.052 114.269 108.479 102.775 96.9824 94.6071 88.7649 86.3753 83.8179 81.4197 79.0028 76.5756 74.1373 71.6932 69.2648 66.8127 64.1971 61.5049 64.0422 66.2177
353.805 353.807 353.809 353.812 353.813 353.762 343.937 333.374 327.239 301.403 287.582 273.951 280.205 243.495 239.234 233.4 227.56 225.293 223.012 220.679 218.313 215.937 213.557 211.176 208.792 206.404 204.038 204.097 204.122 206.527 207.529 205.14 204.151 205.134 202.744 200.354 202.715 200.324 202.674 204.059 206.446 208.778 211.168 213.557 221.621 215.847 210.074 204.3 198.527 192.753 186.979 181.205 175.43 169.655 163.879 158.102 152.325 146.547 140.769 134.99 129.21 123.429 117.648 111.865 106.08 100.285 94.5715 88.768 86.404 80.546 78.1622 75.6081 73.2075 70.7813 68.3391 65.8903 63.4477 60.9858 58.34 55.6154 58.1764 60.3764
353.811 353.812 353.814 353.817 353.81 352.252 341.637 335.845 341.624 333.633 308.01 294.228 282.419 238.566 235.951 231.126 225.255 219.391 217.122 214.848 212.521 210.157 207.781 205.401 203.018 200.631 198.264 198.324 198.35 200.756 201.758 199.369 198.38 199.364 196.974 194.583 196.945 194.554 196.904 198.288 200.674 203.007 205.396 207.782 219.229 213.455 207.681 201.907 196.133 190.359 184.585 178.81 173.034 167.258 161.481 155.704 149.926 144.147 138.368 132.587 126.806 121.024 115.242 109.458 103.673 97.8851 92.0837 86.36 80.5433 78.193 72.3168 69.9396 67.3883 64.9813 62.541 60.0872 57.6317 55.1524 52.4762 49.7171 52.3087 54.5378
353.724 353.821 353.822 353.825 353.817 349.898 344.112 349.906 344.134 345.863 339.954 316.11 232.328 230.56 228.306 227.873 222.998 217.105 211.226 208.955 206.685 204.362 202.001 199.625 197.244 194.857 192.49 192.551 192.577 194.985 195.987 193.598 192.609 193.594 191.203 188.813 191.174 188.783 191.133 192.517 194.902 197.234 199.624 202.007 216.836 211.063 205.288 199.514 193.739 187.965 182.189 176.414 170.637 164.861 159.083 153.305 147.526 141.746 135.965 130.183 124.401 118.618 112.834 107.048 101.262 95.4745 89.6829 83.8748 78.1387 72.3065 69.973 64.0753 61.7048 59.1534 56.7369 54.2835 51.8185 49.3144 46.6041 43.8095 46.4392 48.7006
353.531 353.536 353.516 353.519 353.518 351.986 351.513 352.026 351.503 348.035 351.524 345.941 226.59 224.946 222.551 222.63 219.722 214.852 208.951 203.062 200.79 198.523 196.204 193.844 191.468 189.082 186.716 186.778 186.805 189.214 190.217 187.828 186.839 187.823 185.433 183.043 185.404 183.012 185.361 186.744 189.129 191.46 193.851 196.23 214.443 208.671 202.895 197.12 191.345 185.569 179.793 174.017 168.24 162.462 156.683 150.904 145.123 139.342 133.56 127.777 121.993 116.209 110.423 104.636 98.8481 93.0592 87.2684 81.4728 75.6568 69.9063 64.0561 61.7425 55.8185 53.4535 50.8997 48.4739 46.0041 43.4763 40.7229 37.8946 40.5661 42.8627
257.702 252.482 250.121 247.737 243.786 240.92 235.514 233.139 230.769 228.398 226.011 223.548 221.252 219.176 216.769 214.383 214.491 211.573 206.7 200.793 194.9 192.627 190.362 188.045 185.686 183.306 180.942 181.005 181.033 183.443 184.446 182.057 181.068 182.053 179.663 177.272 179.633 177.241 179.589 180.97 183.354 185.686 188.077 190.451 212.048 206.278 200.502 194.726 188.949 183.173 177.396 171.618 165.84 160.061 154.281 148.501 142.719 136.937 131.153 125.369 119.584 113.797 108.01 102.221 96.4312 90.6404 84.8483 79.0541 73.2541 67.4291 61.6615 55.7904 53.4996 47.5425 45.1819 42.6253 40.1824 37.6382 34.8355 31.9708 34.6856 37.0181
252.313 249.947 244.75 242.368 239.986 236.052 233.2 227.821 225.434 223.049 220.658 218.253 215.836 213.419 211.011 208.616 206.237 206.341 203.414 198.541 192.632 186.736 184.464 182.201 179.886 177.524 175.166 175.231 175.26 177.671 178.675 176.286 175.297 176.282 173.892 171.501 173.862 171.468 173.815 175.195 177.579 179.912 182.304 184.67 209.653 203.886 198.108 192.33 186.553 180.775 174.997 169.218 163.439 157.659 151.878 146.096 140.313 134.529 128.744 122.958 117.171 111.383 105.594 99.8032 94.0115 88.2186 82.4245 76.629 70.831 65.0261 59.1906 53.4033 47.5076 45.2422 39.2429 36.8858 34.316 31.7912 28.9435 26.0361 28.7967 31.1459
248.101 244.153 241.786 236.584 234.205 231.825 227.892 225.038 219.654 217.269 214.881 212.481 210.072 207.659 205.251 202.853 200.465 198.075 198.174 195.247 190.375 184.467 178.57 176.3 174.039 171.723 169.384 169.457 169.487 171.9 172.905 170.515 169.527 170.512 168.121 165.729 168.09 165.693 168.04 169.419 171.804 174.138 176.531 178.888 207.257 201.493 195.713 189.934 184.155 178.376 172.597 166.817 161.036 155.255 149.473 143.689 137.905 132.12 126.333 120.546 114.757 108.967 103.175 97.3828 91.5889 85.7938 79.9974 74.1996 68.4003 62.5983 56.7877 50.9401 45.1297 39.2051 36.9676 30.9143 28.55 25.8951 23.0422 20.0862 22.8785 25.1559
