tests/full-run-ref/erosion_79_12_72.935.asc
ncols 512
nrows 512
xllcorner -3.24582
yllcorner -4.08743
cellsize 5
NODATA_value -99999
[rows 0 to 33 of 512, columns 380 to 455 of 512]
30.25 24.48 22.09 19.7 17.31 19.7 22.09 24.48 22.09 19.7 17.31 17.31 19.7 22.09 19.7 17.31 19.7 22.09 19.7 17.31 17.31 17.31 17.31 17.31 19.7 19.7 17.31 19.7 19.7 17.31 19.7 19.7 17.31 19.7 19.7 22.09 27.86 30.25 36.02 39.4 37.01 34.62 36.0418 38.4318 40.8219 43.2119 45.6019 47.9919 50.3819 56.1519 61.9219 67.6919 73.4619 79.2319 85.0019 94.1519 135.927 130.157 124.387 118.617 112.847 107.077 101.532 96.9443 91.1743 88.1568 85.7668 83.3767 80.5961 78.2061 75.8161 73.4261 71.0361 68.646 66.256 63.866
27.86 22.09 17.31 17.31 17.31 17.31 17.31 22.09 17.31 17.31 17.31 17.31 17.31 17.31 17.31 17.31 17.31 17.31 17.31 17.31 17.31 17.31 17.31 17.31 17.31 17.31 17.31 17.31 17.31 17.31 17.31 17.31 17.31 17.31 17.31 17.31 22.09 24.48 30.25 33.63 31.24 28.85 30.2718 32.6618 35.0518 37.4418 39.8319 42.2219 47.9919 53.7619 59.5319 65.3019 71.0719 76.8419 82.6119 88.3818 133.537 127.767 121.997 116.227 110.457 104.687 98.9172 93.372 88.7843 83.0143 79.9967 77.6067 75.2167 72.4361 70.0461 67.656 65.266 62.876 60.486 58.096
25.47 19.7 17.31 17.31 17.31 17.31 17.31 19.7 17.31 17.31 17.31 17.31 17.31 17.31 17.31 17.31 17.31 17.31 17.31 17.31 17.31 17.31 17.31 17.31 17.31 17.31 17.31 17.31 17.31 17.31 17.31 17.31 17.31 17.31 17.31 17.31 17.31 22.09 27.86 27.86 25.47 23.08 24.5018 26.8918 29.2819 31.6719 34.0619 39.8319 45.6019 51.3719 57.1419 62.9119 68.6819 74.4519 80.2219 85.9919 131.147 125.377 119.607 113.837 108.067 102.297 96.5272 90.7572 85.212 80.6243 74.8543 71.8367 69.4467 67.0567 64.2761 61.886 59.496 57.106 54.716 52.326
0 0 15.7101 17.31 17.31 17.31 16.7078 16.4883 16.8063 17.31 17.31 17.31 17.31 17.31 17.31 17.31 17.31 17.31 17.31 17.31 17.31 17.31 17.31 17.31 17.31 17.31 17.31 17.31 17.31 17.31 17.31 17.31 17.31 17.31 17.31 17.31 12.4747 0 0 0 10.8152 14.8498 15.8079 18.2959 21.9296 24.7073 30.8575 36.9195 42.8081 48.6708 54.5059 60.3217 66.1235 71.9113 77.6874 82.9719 128.358 122.847 117.041 111.239 105.435 99.6249 93.8048 87.9733 82.1519 76.5511 71.9972 66.1304 63.201 60.7861 58.3587 55.5699 53.2398 51.0548 48.8681 46.5554
0 0 14.2773 17.31 17.31 17.31 16.5464 16.3491 16.6161 17.31 17.31 17.31 17.31 17.31 17.31 17.31 17.31 17.31 17.31 17.31 17.31 17.31 17.31 17.31 17.31 17.31 17.31 17.31 17.31 17.31 17.31 17.31 17.31 17.31 17.31 17.31 17.31 14.4371 10.9896 14.503 16.8298 16.8724 16.1413 15.6465 16.0765 22.2282 28.2598 34.199 40.0931 45.9826 51.8532 57.7065 63.5456 69.3707 75.167 80.0974 125.699 120.359 114.504 108.664 102.823 96.9711 91.0987 85.1983 79.2614 73.3226 67.5877 63.0019 57.0082 54.0784 51.7029 49.2013 46.3251 44.0177 41.8422 39.7826
0 0 8.11966 17.31 17.31 17.31 14.4708 18.2961 14.8684 17.31 17.31 17.31 17.31 17.31 17.31 17.31 17.31 17.31 17.31 17.31 17.31 17.31 17.31 17.31 17.31 17.31 17.31 17.31 17.31 17.31 17.31 17.31 17.31 17.31 17.31 17.31 17.31 17.31 17.31 17.31 17.31 17.31 17.31 17.2211 15.7253 18.8902 24.9397 30.9812 36.997 43.0101 48.9768 54.9172 60.833 66.7258 72.5905 77.1707 122.987 117.842 111.936 106.055 100.175 94.2796 88.3543 82.3834 76.3467 70.2006 64.0145 58.0093 53.3464 46.8901 43.8794 41.463 38.8101 35.9572 33.837 31.8628
0 0 8.97738 17.31 17.31 17.31 12.9799 18.4649 12.5421 14.7671 17.31 17.31 17.31 17.31 17.31 17.31 17.31 17.31 17.31 17.31 17.31 17.31 17.31 17.31 17.31 17.31 17.31 17.31 17.31 17.31 17.31 17.31 17.31 17.31 17.31 17.31 17.31 17.31 17.31 17.31 17.31 17.31 17.31 17.31 16.0738 16.0342 21.5519 27.7412 33.8639 40.0064 46.0851 52.1322 58.143 64.1131 70.0385 74.3526 120.435 115.366 109.418 103.504 97.5964 91.6747 85.72 79.7124 73.6274 67.4175 60.9775 54.4201 48.0013 43.1672 35.8661 32.7017 30.3193 27.3195 24.2851 22.3142
0 0 16.3478 17.31 17.31 17.31 14.4292 16.254 19.4173 10.8315 15.7543 17.31 17.31 17.31 17.31 17.31 17.31 17.31 17.31 17.31 17.31 17.31 17.31 17.31 17.31 17.31 17.31 17.31 17.31 17.31 17.31 17.31 17.31 17.31 17.31 17.31 17.31 17.31 17.31 17.31 17.31 17.31 17.31 17.1785 15.7766 18.5216 24.0857 30.1891 36.4433 42.5442 48.6048 54.6436 60.6523 66.6117 72.4991 76.9896 118.106 112.933 106.954 101.011 95.0802 89.141 83.1733 77.1551 71.0601 64.8483 58.423 51.5896 44.5113 37.4879 32.2436 23.5231 19.9897 17.7106 15.7581 14.5644
6.60584 8.66463 17.31 17.31 17.31 17.31 15.7871 10.3863 19.7094 13.4786 10.6364 15.6758 17.31 17.31 17.31 17.31 17.31 17.31 17.31 17.31 17.31 17.31 17.31 17.31 17.31 17.31 17.31 17.31 17.31 17.31 17.31 17.31 17.31 17.31 17.31 17.31 17.31 17.31 17.31 17.31 17.31 17.31 17.31 15.8238 15.5594 20.7443 26.5644 32.9031 39.0934 45.1683 51.2008 57.2154 63.2026 69.1498 75.0136 79.8067 115.954 110.553 104.553 98.5851 92.6313 86.6758 80.7 74.6832 68.5956 62.397 56.0106 49.2688 41.8792 34.037 26.0584 20.0963 11.0808 10.5733 13.4956 18.4508
17.31 17.31 17.31 17.31 17.31 17.31 16.2154 14.923 21.6873 21.2535 15.3328 12.1621 16.5852 17.31 17.31 17.31 17.31 17.31 17.31 17.31 17.31 17.31 17.31 17.31 17.31 17.31 17.31 17.31 17.31 17.31 17.31 17.31 17.31 17.31 17.31 17.31 17.31 17.31 17.31 17.31 17.31 17.31 15.5964 14.3137 19.5485 22.8728 29.1194 35.3431 41.5818 47.6492 53.6918 59.6998 65.6864 71.6319 77.4974 82.6686 113.862 108.226 102.219 96.2324 90.2566 84.282 78.2947 72.266 66.1772 59.9829 53.6207 46.9708 39.7713 31.5596 22.5756 13.9462 11.8017 16.5401 21.0815 21.7451
17.31 17.31 17.31 17.31 17.31 17.31 16.3821 11.6107 17.2516 28.4109 19.5978 18.4504 14.8501 16.9365 17.31 17.31 17.31 17.31 17.31 17.31 17.31 17.31 17.31 17.31 17.31 17.31 17.31 17.31 17.31 17.31 17.31 17.31 17.31 17.31 17.31 17.31 17.31 17.31 17.31 17.31 17.31 14.0167 13.7684 19.6374 21.2486 27.62 33.9404 40.146 44.0368 50.1056 56.1526 62.1703 68.1541 74.0955 79.9631 85.4092 111.718 105.93 99.9351 93.9392 87.9418 81.9401 75.9266 69.8808 63.7574 57.5378 51.1539 44.5208 37.4618 29.5711 20.1246 12.3345 13.2013 20.8164 21.7451 20.3096
17.31 17.31 17.31 17.31 17.31 17.31 14.9792 15.0387 20.9763 29.5399 28.2879 21.8132 19.7407 16.0977 17.2303 17.31 17.31 17.31 17.31 17.31 17.31 17.31 17.31 17.31 16.4251 13.9495 10.754 8.56845 8.051 12.0708 15.5641 16.6794 16.9267 17.31 17.31 17.31 17.31 17.31 17.31 17.31 15.5911 9.42193 18.9928 21.3144 27.8244 30.0053 36.3429 42.6044 48.6993 52.5709 58.6116 64.6255 70.6057 76.5365 82.4036 88.0015 109.466 103.642 97.6848 91.7011 85.697 79.6731 73.6282 67.5532 61.4154 55.1452 48.7213 42.0478 35.0145 27.3731 18.5389 12.2351 18.3259 21.7451 19.2334 10.1171
17.31 17.31 17.31 17.31 17.31 15.959 14.6168 18.3733 23.9095 31.7515 31.4875 28.258 22.4436 16.976 15.6575 15.4826 16.2646 17.2087 17.31 17.31 17.31 17.31 17.2012 15.9075 9.61017 7.91162 6.66847 10.3701 8.61394 6.67161 5.26864 13.637 10.1532 13.0534 14.6101 15.4327 17.31 17.31 16.9627 15.2727 11.293 16.5173 19.5237 27.4254 30.1278 36.5285 38.6796 44.9047 51.092 57.1568 61.0709 67.0722 73.0389 78.9603 84.8206 90.4857 109.147 103.346 97.4572 91.5323 85.5723 79.5831 73.5624 67.5092 61.4112 55.214 48.8003 42.1649 35.1991 27.785 19.6227 14.1079 19.3484 18.4198 9.62169 12.1078
17.31 17.31 17.31 17.31 17.31 15.686 21.0861 21.5325 27.3595 34.2331 38.1103 31.7006 25.6056 23.5379 20.3789 15.6766 12.2888 13.087 15.0609 14.1822 13.2896 12.6359 10.8033 7.56816 5.818 8.45298 11.4635 17.2006 13.2908 8.8174 6.32039 13.4559 9.29961 5.85115 7.66265 0.628412 4.68128 7.13624 5.28627 7.60658 17.0392 21.2187 25.6122 29.0632 36.3354 38.8524 45.0648 47.2977 53.4448 59.5599 65.5848 69.5124 75.463 81.3714 87.2235 92.9284 110.545 104.753 98.9104 93.0479 87.155 81.2278 75.2717 69.2791 63.2466 57.1515 50.8989 44.3164 37.4887 30.2705 22.5327 17.5491 20.0647 14.967 19.9989 22.3084
17.31 17.31 17.31 17.31 17.31 15.9127 15.4273 17.0966 19.5378 22.1396 29.2725 35.0087 32.4549 29.9077 26.8476 22.4492 17.1803 15.4452 12.8011 16.0356 18.2134 16.0176 9.68957 11.5596 12.651 9.34073 11.3098 20.4866 15.5267 11.5029 9.28916 17.1124 12.4911 7.03088 4.99067 0 0 7.66747 10.4894 25.0797 22.5766 27.1447 31.3985 35.1918 38.3126 45.0202 47.4522 53.5564 55.872 61.9453 67.9895 73.9657 77.8808 83.7766 89.6252 95.3739 106.032 103.298 97.435 91.5838 85.6969 79.7703 73.8008 67.7866 61.7146 55.5737 49.3195 42.7994 35.7792 28.3409 20.2772 15.2637 19.5074 19.0105 23.3212 24.97
17.31 17.31 17.31 17.31 17.31 17.31 17.0141 16.8196 16.0392 21.0558 27.3265 33.547 38.3983 35.9238 33.1277 29.6022 26.3719 22.6171 18.8515 21.9985 24.5332 22.624 16.3455 18.2853 20.3353 17.1948 28.2918 24.9167 29.859 25.1319 23.3416 21.2874 19.4559 12.0861 16.0235 16.2011 13.7653 5.78329 15.9194 31.4159 30.3225 33.7799 42.9797 41.0436 44.4438 47.2951 53.5919 56.006 62.0196 64.3926 70.3921 76.3662 82.2893 86.1779 92.0251 97.8273 103.67 103.579 97.7087 91.8577 85.9834 80.0677 74.1166 68.1127 62.0538 55.9186 49.6889 43.3102 36.5918 29.1961 21.2732 16.6695 18.5166 22.6243 24.7845 24.97
17.31 17.31 17.31 17.31 17.31 17.31 17.31 17.31 17.1181 19.0185 24.747 30.5705 36.9891 41.8053 39.3249 36.0362 33.4066 29.6601 25.8583 28.4069 30.8752 29.0784 23.2715 25.4383 26.8008 26.0517 43.0032 37.3576 41.3248 36.6905 31.1021 26.9792 22.871 15.8089 21.0226 30.6821 33.1464 37.5543 41.3625 42.3999 40.483 42.7309 50.2096 53.6753 51.1362 53.9302 56.2947 62.1315 64.5332 70.4363 72.8506 78.7792 84.6841 90.5576 94.4219 100.234 106.069 103.543 97.6747 91.8106 85.9193 79.9923 74.0302 68.0294 61.9593 55.8053 49.5335 43.1156 36.4837 29.3987 21.3642 15.6802 18.8565 21.2566 24.5439 24.97
17.31 17.31 17.31 17.31 17.31 17.31 17.31 17.31 17.1565 16.3734 22.0219 27.7521 33.7051 35.7387 36.1914 42.0913 39.9211 36.4318 32.6106 34.766 37.0071 35.4263 29.8631 32.2024 34.5211 34.9487 49.849 51.093 49.3853 47.3874 43.4373 48.0338 47.7317 44.4118 44.0851 45.1889 47.3122 40.7202 35.1375 33.1675 39.8731 43.3535 45.7135 51.7796 56.8443 54.4735 56.5638 62.4164 68.4017 72.9647 78.8583 81.2519 87.0869 92.9534 98.7895 102.641 108.457 105.924 100.067 94.2135 88.334 82.4225 76.4803 70.5162 64.5081 58.4032 52.1961 45.8394 39.3002 32.488 25.1165 18.311 19.1088 18.6206 23.6164 22.6161
17.31 17.31 17.31 17.31 17.31 17.31 17.31 17.31 16.7294 18.1524 24.7266 30.5686 36.826 36.7479 35.549 41.4858 46.2906 43.3152 39.3236 41.117 43.2122 41.7521 36.4539 38.7836 42.1437 47.7485 49.1174 52.2708 51.991 49.9831 49.454 43.8544 38.3524 32.9902 29.0894 33.992 36.8911 27.4833 23.7817 20.9085 29.1036 34.9276 42.089 47.2851 44.6638 47.6902 53.9839 59.9872 65.9554 71.8511 77.7736 83.656 89.4822 95.3125 101.151 106.942 110.859 108.005 102.149 96.3076 90.4438 84.5339 78.6034 72.6484 66.6683 60.6297 54.454 48.142 41.6262 34.8654 27.7665 20.2411 13.9675 17.3036 21.6036 17.4413
17.31 17.31 17.31 17.31 17.31 17.31 16.6116 14.2683 10.0676 18.4478 27.2222 33.5294 37.0097 36.9655 35.8512 38.3861 43.139 45.6271 46.024 47.3997 49.4512 48.1337 43.0945 45.3539 50.0032 50.5393 49.4557 50.9054 49.0155 40.0348 31.5395 34.705 26.2192 23.1262 18.0376 23.0852 18.5727 17.0109 14.3229 10.8383 20.4013 27.5359 31.9619 35.6543 38.8986 45.5446 51.6433 57.5664 63.4294 69.3734 75.2907 81.177 87.0362 92.8909 98.6886 104.491 110.347 110.173 104.294 98.4543 92.5946 86.7027 80.7657 74.8116 68.8368 62.8241 56.7195 50.4125 43.9106 37.1285 30.0141 22.2264 15.5203 16.434 18.116 12.3036
0 0 0 0 0 0 0 4.14316 10.5653 16.6906 28.9118 36.018 37.0099 37.01 36.7639 34.8884 34.141 40.1573 46.6743 53.224 55.9937 54.8966 49.9967 52.4343 56.4696 48.5571 45.9841 49.092 43.1737 30.9276 21.2563 13.6393 14.0966 12.242 8.08855 15.9502 12.416 9.24126 5.13132 0.91468 12.0911 21.4604 26.6433 29.9825 36.9653 43.2009 49.1419 54.9985 60.9963 66.9502 72.8622 78.7455 84.619 90.4239 96.2202 102.046 107.904 112.601 106.712 100.863 95.0074 89.1205 83.2069 77.2677 71.3009 65.3021 59.2505 53.0773 46.6218 39.9166 32.7852 25.0909 17.2295 17.536 15.0283 15.9293
0 0 0 0 0 0 0 5.98852 14.1262 21.0593 30.356 37.0084 37.01 37.01 35.854 35.6433 30.0704 33.3818 40.5567 48.1037 55.6093 61.3017 57.2296 60.023 58.8718 52.1711 50.3113 46.1271 37.4974 28.5606 18.3004 9.61917 4.25408 1.26682 0 10.2456 6.61609 2.13876 0.143482 0 6.95134 15.1313 20.142 28.1005 34.6028 40.6281 46.52 52.5946 58.5985 64.5397 70.4441 76.3339 82.1442 87.9394 93.7679 99.6056 105.419 111.342 109.156 103.284 97.4336 91.5447 85.6345 79.7019 73.7447 67.7516 61.7113 55.5865 49.2811 42.568 35.4739 28.3078 26.9078 20.004 15.2535 19.437
0 0 0 0 0 0 3.03747 10.9011 22.1611 31.1047 36.9937 37.0091 37.01 37.0099 35.8473 33.0776 30.5414 35.0504 42.0087 49.1117 56.347 64.4273 64.5113 67.4066 63.016 57.1917 50.4888 43.4059 35.4407 27.5567 18.9055 5.47029 0 0 0 4.11002 9.34007 1.70161 9.48416 13.0616 11.466 10.958 18.6541 25.6507 31.969 37.9668 44.1552 50.2236 56.1996 62.1266 68.0329 73.8483 79.6429 85.4721 91.3084 97.1051 102.98 108.89 111.594 105.704 99.8575 93.9778 88.0672 82.1433 76.2013 70.2287 64.1941 58.0739 51.8207 45.2938 38.3084 32.8099 25.1725 15.9557 10.8168 15.1556
37.01 37.01 37.01 30.2891 19.4963 25.7616 25.763 29.6296 36.794 36.1984 37.0077 37.01 37.01 37.0079 35.369 36.0576 34.5454 37.4499 44.2016 51.116 58.112 66.5115 72.2501 69.079 61.2116 53.9352 46.9483 40.1873 33.2822 26.2369 18.5749 7.86685 0 0.3825 7.15996 7.33621 10.6143 14.466 17.31 17.31 17.31 15.3455 16.5817 22.8928 29.2472 35.6444 41.8022 47.8228 53.7768 59.7034 65.5279 71.3249 77.1565 82.9937 88.7847 94.6748 100.557 106.441 112.354 108.137 102.287 96.424 90.5445 84.6487 78.7432 72.8072 66.8079 60.7139 54.5079 48.1375 41.9337 34.7533 26.9577 18.3173 12.9574 13.2331
37.01 37.01 37.01 37.01 37.01 37.01 37.01 37.01 37.01 37.01 37.01 37.01 37.0052 36.8051 33.9028 31.2969 36.0274 41.636 47.043 53.7284 61.1022 70.1807 69.4162 64.976 57.7577 50.4987 43.4296 36.4762 29.6781 22.8056 15.762 9.10623 5.38599 15.9441 17.31 17.31 17.31 17.31 17.31 17.31 17.31 16.505 14.6028 20.1915 27.0137 33.3149 39.3954 45.3841 51.3362 57.1789 62.9903 68.8298 74.6721 80.4658 86.3738 92.2753 98.1634 104.021 109.82 108.432 102.563 96.703 90.8202 84.9365 79.0364 73.0903 67.0792 60.9627 54.7066 48.3419 41.7127 34.6575 26.6936 18.0232 11.1924 13.8915
37.01 37.01 37.01 37.01 37.01 37.01 37.01 37.01 37.01 36.9865 36.987 36.9957 37.004 36.4932 35.0655 37.8908 40.7995 46.7552 53.1062 58.4917 65.9048 70.4282 60.916 57.3201 54.423 47.6175 40.0136 32.5766 24.9535 17.4173 9.82856 6.83132 13.9958 17.31 17.31 17.31 17.31 17.31 17.31 17.31 17.31 17.2087 14.9607 19.1025 25.2973 31.4741 37.5129 43.5112 49.3902 55.2336 61.1082 66.9848 72.7942 78.7293 84.652 90.5567 96.4284 101.508 104.497 107.563 104.004 98.1254 92.2688 86.3914 80.4969 74.5703 68.5596 62.4638 56.2137 49.7672 43.1091 36.136 28.6119 19.9447 12.7397 12.6503
37.01 37.01 37.01 37.01 37.01 37.01 37.01 37.01 36.9962 36.9709 36.5427 36.516 36.9411 36.1595 34.0614 37.2769 43.1144 49.086 55.2558 61.4587 68.8436 67.7323 59.2246 49.0489 46.08 44.351 38.5388 30.8084 21.8251 13.1121 4.50104 3.29232 15.9326 17.31 17.31 17.31 17.31 17.31 17.31 17.31 17.31 17.31 16.1489 16.7943 22.6644 28.8219 34.8713 40.8112 46.733 52.6601 58.5793 64.4764 70.4622 76.4123 82.3323 88.1991 93.2564 96.1708 99.1273 102.521 103.485 97.552 91.6735 85.7866 79.8711 73.9268 67.9213 61.7534 55.4027 48.7857 41.8489 34.5674 26.8498 18.3548 9.94906 9.9749
37.01 37.01 37.01 37.01 37.01 37.01 37.01 37.01 36.9913 36.4975 36.5531 36.5215 36.2449 36.7402 40.0486 41.5655 47.2081 53.1645 59.2098 65.3803 71.9477 64.7797 57.8832 48.3892 36.4755 34.6121 35.9415 36.2339 31.0324 23.1914 14.0164 9.1788 14.2933 17.31 17.31 17.31 17.31 17.31 17.31 17.31 17.31 17.0774 15.6508 19.5653 25.615 31.7643 37.6829 43.5809 49.5863 55.5312 61.2873 66.8447 71.6493 76.7108 81.3092 85.0307 87.8796 90.7731 94.0385 96.655 102.553 99.8962 94.0002 88.1429 82.2627 76.3629 70.4188 64.3683 58.065 51.6156 44.8733 37.6315 30.0068 22.0974 14.0025 8.5371
37.01 37.01 37.01 37.01 37.01 37.01 37.0099 37.0096 37.0012 36.5096 36.2946 35.4124 35.9837 38.232 44.7162 48.2075 50.175 56.0909 62.2777 68.3529 68.948 62.1442 55.7638 48.2018 36.8118 23.0525 21.7851 23.6939 25.6599 26.096 23.0205 15.5037 13.0495 17.31 17.31 17.31 17.31 17.31 17.31 17.31 17.31 16.592 16.2961 22.2216 28.7269 34.7137 40.518 46.4333 51.4218 53.6544 58.4959 63.3204 68.4236 73.0478 76.767 79.5777 82.4122 85.6053 88.1161 93.9552 99.2891 99.9483 94.5934 88.7403 82.8849 77.0073 71.1012 65.1235 58.9852 52.5649 46.9706 41.7883 34.7181 26.8448 18.9797 14.6062
37.01 37.01 37.01 37.01 37.01 37.01 37.0099 37.0007 36.7516 36.1471 38.229 40.2775 39.4982 41.0746 44.6965 51.8173 72.7832 70.7001 68.4698 65.6528 62.4879 59.4253 53.3148 46.9877 37.9597 24.4921 8.85223 8.96377 12.0394 14.1144 16.0307 19.8241 13.0805 16.6996 17.31 17.31 17.31 17.31 17.31 17.31 17.31 16.322 17.6706 24.1359 29.8209 32.9244 38.0014 42.932 45.1439 50.1294 55.0164 60.1585 64.8054 68.5137 71.276 74.04 77.1518 79.574 85.5069 90.8289 94.9215 94.0124 92.142 86.2643 80.3876 74.4962 68.5565 62.5429 56.3949 49.9642 43.0544 37.2181 35.077 29.6992 22.9107 15.7152
37.01 37.01 37.01 37.0096 37.0091 37.0098 36.9919 36.5894 37.367 38.3992 40.4602 45.194 43.8697 70.374 70.2222 69.3798 67.1725 64.5552 62.032 59.1088 56.0562 53.1013 50.9089 44.9618 37.6143 26.994 11.5951 0 0 4.89945 7.95656 16.373 17.9694 16.6673 17.31 17.31 17.31 17.31 17.31 17.31 17.31 16.4885 17.1072 21.137 24.1972 29.5153 34.5234 36.664 41.7091 46.6877 51.8967 56.5677 60.2634 62.9724 65.6579 68.6801 71.0068 77.0493 82.4629 86.5447 89.3351 88.0414 88.968 83.8076 77.878 71.9609 65.9748 59.8871 53.6706 47.2138 40.2499 32.557 25.5245 22.7569 17.5014 14.7627
36.9917 36.9797 36.9705 36.9628 36.8977 36.7711 35.9528 36.3266 42.4107 44.2907 46.5172 47.6756 76.0691 71.7057 64.1472 62.1191 60.3441 58.237 55.7192 52.8085 49.5866 46.4585 44.7594 42.8566 35.5736 27.258 15.5984 1.06074 0 11.9486 15.7747 15.4549 15.7 16.8231 17.31 17.31 17.31 17.31 17.31 17.31 17.31 17.0979 16.407 15.788 20.96 26.0318 28.1487 33.2689 38.3371 43.6197 48.3277 52.0132 54.6664 57.2675 60.1935 62.4183 68.5814 74.1032 78.2143 80.9605 83.3951 82.0543 83.0208 80.59 75.3949 69.4293 63.4104 57.2436 50.9041 44.3548 37.4006 29.5811 20.4564 12.7802 12.0742 11.3892
34.9773 34.9771 35.0005 35.0397 34.7376 34.1521 40.4862 41.8647 44.3106 50.0139 52.3141 53.8802 75.1824 68.5505 61.3521 54.5749 52.9601 51.4798 49.2551 46.345 42.8743 39.1789 37.9842 40.9236 33.0064 24.9359 16.5639 7.48499 12.6011 17.31 17.31 17.31 17.31 17.31 16.9507 16.662 16.7018 17.31 17.31 17.31 17.31 17.31 17.235 16.1557 17.7292 19.6452 24.7368 29.9401 35.3149 40.0665 43.7565 46.3563 48.8697 51.6946 53.8123 60.1028 65.7443 69.9072 72.6238 75.0003 77.4228 76.0076 78.7531 74.584 72.0971 66.9769 60.8935 54.6373 48.0773 41.2177 33.9655 25.9996 16.6582 8.92852 10.0704 16.0298
39.602 39.1135 38.4518 37.7231 36.547 38.9719 42.383 47.726 50.0224 52.1232 58.1835 78.6337 73.0966 66.5945 59.639 52.1017 45.0906 43.8069 42.3855 39.6175 35.5074 31.3233 30.0039 35.7274 33.0182 22.436 14.8174 9.14411 16.1664 17.31 17.31 17.31 17.31 17.31 16.5138 19.0624 16.4914 16.9948 17.31 17.31 17.31 17.31 17.31 16.8301 15.9523 16.3631 21.3512 26.9027 31.7583 35.4671 38.034 40.4638 43.1852 45.191 51.6154 57.3832 61.5953 64.5637 66.6393 68.9907 71.4148 69.8915 72.7253 71.1714 65.909 63.6208 58.5523 52.3585 45.5477 38.1988 30.3903 21.9251 12.3715 6.32552 15.4887 9.84465
