tests/full-run-ref/erosion_78_24_-72.835.asc
ncols 512
nrows 512
xllcorner -3.24582
yllcorner -4.08743
cellsize 5
NODATA_value -99999
[rows 116 to 144 of 512, columns 67 to 133 of 512]
36.2966 32.1849 26.6012 20.348 19.3835 20.3437 26.5899 32.1549 36.2198 39.4932 43.6875 46.5676 52.503 56.4776 62.3059 68.1136 73.9043 79.688 85.4693 91.2492 97.0284 102.807 108.585 114.363 120.14 125.917 131.694 137.47 143.245 149.02 154.794 160.569 166.342 172.117 167.198 161.42 155.641 149.86 144.077 138.292 132.506 126.718 120.929 115.139 109.347 103.553 97.7532 91.9285 86.0539 80.1576 77.8919 75.6441 73.3467 71.0028 68.6383 66.2665 63.8893 59.7297 53.9281 48.114 42.2829 36.4253 30.6063 27.7192 27.86 27.86 27.86
30.5246 26.3147 20.5787 14.1923 13.1993 14.1861 20.5636 26.274 30.4147 35.1432 38.2346 44.2864 48.2754 54.1156 59.9309 65.7259 71.5117 77.2948 83.0764 88.8569 94.6368 100.416 106.195 111.973 117.751 123.528 129.305 135.081 140.856 146.631 152.406 158.18 163.953 169.728 164.809 159.031 153.252 147.471 141.687 135.902 130.114 124.325 118.535 112.743 106.949 101.154 95.356 89.5504 83.7129 77.8123 71.8868 69.6505 67.4364 65.1617 62.8292 60.4702 58.1017 56.0325 51.6769 45.8757 40.0533 34.2144 28.4327 27.8033 27.86 27.86 27.86
26.3488 20.4833 14.6068 8.01139 7.00788 8.00286 14.5846 20.4193 26.187 29.7096 36.0361 40.0664 45.9229 51.7474 57.547 63.3353 69.1202 74.9034 80.6854 86.4666 92.2472 98.0271 103.806 109.585 115.363 121.14 126.917 132.693 138.468 144.243 150.017 155.791 161.564 167.338 162.42 156.643 150.864 145.082 139.299 133.513 127.725 121.935 116.143 110.349 104.553 98.7563 92.9574 87.1554 81.3433 75.4907 69.56 63.6014 61.3984 59.2227 56.9735 54.654 52.3019 50.2433 48.1736 45.9563 40.2416 34.426 28.6736 27.8287 27.8599 27.86 27.86
21.0145 16.5326 8.66604 2.00394 0.858046 1.99007 8.62714 16.4251 20.7831 27.699 31.8433 37.7275 43.5631 49.3679 55.1588 60.9455 66.7304 72.514 78.2966 84.0783 89.8594 95.6397 101.419 107.198 112.976 118.753 124.53 130.305 136.08 141.855 147.629 153.402 159.175 164.948 160.031 154.255 148.476 142.695 136.912 131.126 125.337 119.547 113.753 107.958 102.161 96.3619 90.561 84.758 78.9512 73.1317 67.2617 61.2964 55.3003 53.1348 51.0023 48.7818 46.4779 44.4399 42.3781 40.1715 40.2811 34.5434 28.7674 27.8376 27.8599 27.86 27.86
19.3862 11.2233 5.5762 0 0 0 5.50417 11.0647 19.1616 23.5821 29.5268 35.3776 41.1884 46.982 52.7707 58.5574 64.3426 70.1266 75.9096 81.6918 87.4732 93.2537 99.0333 104.812 110.59 116.367 122.143 127.918 133.693 139.467 145.24 151.013 156.785 162.558 157.642 151.867 146.089 140.309 134.526 128.741 122.952 117.161 111.367 105.571 99.7719 93.9709 88.168 82.363 76.5556 70.7435 64.9155 59.0255 53.0209 46.9825 44.8589 42.7747 40.588 38.6093 36.5725 34.3726 34.4967 34.5947 28.8166 27.8199 27.8598 27.86 27.86
15.6024 10.4616 1.13324 2.11189 3.3602 2.11263 1.06059 10.3154 15.2192 21.3114 27.1885 33.0067 38.8035 44.5945 50.3831 56.1702 61.9559 67.7404 73.5239 79.3063 85.0878 90.8683 96.6478 102.426 108.204 113.98 119.756 125.531 131.305 137.079 142.852 148.624 154.396 160.168 155.253 149.478 143.702 137.923 132.142 126.357 120.569 114.778 108.984 103.186 97.3865 91.584 85.7791 79.9718 74.1623 68.3501 62.532 56.6943 50.7816 44.7325 38.6465 36.5696 34.5432 32.705 30.7338 28.5619 28.701 31.0878 30.0935 27.6457 27.8235 27.8589 27.86
13.4462 7.14485 4.36057 5.71274 5.77001 5.71462 4.3595 6.87925 13.0575 18.9893 24.8178 30.6189 36.413 42.2044 47.994 53.782 59.5686 65.3538 71.1378 76.9206 82.7022 88.4827 94.2621 100.04 105.817 111.594 117.369 123.143 128.917 134.69 140.463 146.235 152.006 157.778 152.863 147.089 141.314 135.537 129.757 123.974 118.187 112.396 106.602 100.805 95.0046 89.2009 83.3942 77.5848 71.7728 65.9582 60.1403 54.3154 48.4666 42.5279 36.4289 30.2892 28.2755 26.6285 24.8121 22.7145 22.895 25.2981 27.5983 21.7247 27.6351 27.8599 27.8599
8.01135 5.5534 5.74047 5.77001 5.77001 5.77001 5.73562 5.33329 11.0201 16.8598 22.6575 28.4541 34.2476 40.0392 45.829 51.6172 57.4037 63.1888 68.9726 74.755 80.5363 86.3162 92.095 97.8726 103.649 109.425 115.199 120.973 126.746 132.519 138.291 144.062 149.834 155.606 150.473 144.7 138.926 133.15 127.372 121.59 115.805 110.016 104.223 98.4268 92.6262 86.8219 81.014 75.2028 69.3885 63.5711 57.7507 51.9263 46.0935 40.2319 34.2649 28.1139 21.9679 20.3995 18.8157 16.8574 17.0967 19.3835 21.5376 24.2692 27.8437 27.8108 27.86
5.68518 5.76205 5.76984 5.77001 5.77001 5.77001 5.77001 5.65479 11.2422 15.9846 21.7698 27.5619 33.3521 39.1407 44.9276 50.7129 56.4969 62.2796 68.0611 73.8414 79.6205 85.3986 91.1755 96.9514 102.726 108.5 114.274 120.047 125.819 131.591 137.362 143.134 148.905 154.054 148.282 142.509 136.736 130.961 125.184 119.404 113.622 107.835 102.044 96.2494 90.4501 84.6464 78.8385 73.0265 67.2106 61.3909 55.5676 49.7405 43.9085 38.0664 32.1919 26.1976 20.1213 15.2305 16.0516 16.2296 16.2493 16.193 16.0567 21.7953 24.0682 27.82 27.8567
8.08752 6.14716 5.76972 5.77001 5.77001 5.77001 5.77001 5.72504 7.87114 13.5906 19.3846 25.1772 30.9679 36.7567 42.5436 48.329 54.1129 59.8954 65.6766 71.4566 77.2353 83.0128 88.7892 94.5645 100.339 106.112 111.885 117.658 123.43 129.201 134.973 140.744 146.515 151.817 146.045 140.273 134.499 128.725 122.949 117.171 111.39 105.605 99.8166 94.023 88.2243 82.4205 76.6111 70.7964 64.9762 59.1506 53.3196 47.4833 41.6413 35.7924 29.9318 24.0884 18.3018 15.9637 16.3104 16.3105 16.3105 16.3105 16.275 16.0844 21.7426 27.6335 28.225
11.5348 5.75416 5.76984 5.77001 5.77001 5.77001 5.77001 5.76195 5.62618 11.2254 17.0203 22.8081 28.5984 34.3867 40.1732 45.9581 51.7415 57.5234 63.3039 69.0832 74.8611 80.6377 86.4132 92.1877 97.9614 103.734 109.507 115.279 121.051 126.822 132.593 138.364 144.135 149.427 143.655 137.883 132.11 126.336 120.561 114.784 109.004 103.222 97.4351 91.6435 85.8462 80.0428 74.2328 68.4157 62.5912 56.7594 50.9198 45.0725 39.2173 33.3538 27.4809 21.5992 16.1724 16.1727 16.3105 16.3105 16.3105 16.3105 16.3105 16.2128 21.9273 27.74 30.1561
11.5371 5.76975 5.77001 5.77001 5.77001 5.77001 5.77001 5.77001 5.69798 11.3452 16.1038 21.8871 27.6739 33.459 39.2425 45.0247 50.8055 56.585 62.3633 68.1404 73.9164 79.6913 85.4653 91.2386 97.0113 102.784 108.555 114.327 120.098 125.869 131.64 137.411 143.182 148.952 143.767 137.995 132.224 126.451 120.678 114.903 109.127 103.349 97.5684 91.7845 85.9964 80.2032 74.4045 68.5997 62.7882 56.9697 51.1439 45.3106 39.4696 33.6205 27.7631 21.9054 16.5522 16.2369 16.3105 16.3105 16.3105 16.3105 16.3105 16.2699 22.0248 21.9845 24.3572
5.7657 5.76993 5.77001 5.77001 5.77001 5.77001 5.77001 5.77001 5.74072 7.9766 13.7187 19.5067 25.2935 31.0784 36.8617 42.6435 48.4239 54.2028 59.9805 65.7569 71.5322 77.3065 83.0801 88.8531 94.6255 100.398 106.169 111.941 117.712 123.483 129.254 135.024 140.795 145.903 143.513 138.102 132.331 126.56 120.788 115.015 109.241 103.466 97.6893 91.9108 86.1298 80.3453 74.5567 68.7633 62.9646 57.16 51.3491 45.5315 39.7068 33.8749 28.0352 22.1935 16.7263 16.2467 16.3104 16.3105 16.3105 16.3105 16.3105 16.2972 16.2728 16.2426 21.9491
5.7695 5.77001 5.77001 5.77001 5.77001 5.77001 5.77001 5.77001 5.76477 5.67689 11.3405 17.1293 22.9159 28.7006 34.4835 40.2647 46.0443 51.8225 57.5994 63.3751 69.1498 74.9237 80.6969 86.4696 92.2419 98.0138 103.785 109.557 115.328 121.099 126.87 132.64 138.411 140.133 137.742 135.352 132.405 126.634 120.863 115.091 109.318 103.545 97.7709 91.9955 86.2185 80.4394 74.6576 68.8721 63.0825 57.2882 51.4886 45.6832 39.8714 34.0529 28.2273 22.3974 16.8514 16.2549 16.3104 16.3105 16.3105 16.3105 16.3105 16.3105 16.3104 16.2489 19.5849
5.77001 5.77001 5.77001 5.77001 5.77001 5.77001 5.77001 5.77001 5.77001 5.71677 11.4018 17.1852 22.9672 28.7477 34.5268 40.3045 46.0811 51.8566 57.6311 63.4049 69.1781 74.9507 80.723 86.4948 92.2664 98.0378 103.809 109.58 115.351 121.121 126.892 132.662 136.753 134.362 131.972 129.582 127.192 124.802 120.903 115.132 109.36 103.588 97.8151 92.0413 86.2664 80.49 74.7118 68.9312 63.1473 57.3596 51.5675 45.7702 39.9671 34.1576 28.3411 22.5194 16.9273 16.2615 16.3104 16.3105 16.3105 16.3105 16.3105 16.3105 16.3105 16.2794 17.2155
5.76898 5.77001 5.77001 5.77001 5.77001 5.77001 5.77001 5.77001 5.77001 5.7346 11.4486 17.2277 23.0058 28.7827 34.5586 40.3335 46.1076 51.8811 57.654 63.4264 69.1985 74.9702 80.7417 86.513 92.2841 98.055 103.826 109.597 115.367 121.138 126.908 132.679 130.982 128.592 126.201 123.811 121.421 119.031 116.641 114.252 109.382 103.61 97.838 92.0646 86.2906 80.5155 74.7389 68.9606 63.18 57.396 51.6082 45.8157 40.0179 34.2141 28.404 22.5876 16.9279 16.2466 16.3104 16.3105 16.3105 16.3105 16.3105 16.3105 16.3105 16.2915 17.2421
5.76824 5.77001 5.77001 5.77001 5.77001 5.77001 5.77001 5.77001 5.77001 5.74648 11.4792 17.2553 23.0305 28.8049 34.5786 40.3517 46.1243 51.8964 57.6683 63.4399 69.2112 74.9824 80.7535 86.5244 92.2952 98.0659 103.837 109.607 115.378 121.148 126.919 127.602 125.211 122.821 120.43 118.04 115.65 113.26 110.87 108.48 106.091 103.702 100.232 94.4593 88.6866 82.9135 77.1396 71.3648 65.5887 59.8108 54.0303 48.247 42.4605 36.6703 30.8762 25.1363 19.4117 16.2206 16.3104 16.3105 16.3105 16.3105 16.3105 16.3105 16.3105 16.2886 19.6479
5.76898 5.77001 5.77001 5.77001 5.77001 5.77001 5.77001 5.77001 5.77001 5.75424 11.4989 17.2728 23.0461 28.8188 34.5911 40.363 46.1346 51.906 57.6772 63.4483 69.2192 74.99 80.7608 86.5315 92.3022 98.0728 103.843 109.614 115.384 121.155 124.222 121.831 119.441 117.05 114.659 112.269 109.879 107.489 105.099 102.709 100.319 97.9301 100.322 96.8523 91.0807 85.3092 79.5373 73.7649 67.992 62.2184 56.4435 50.6668 44.8888 39.109 33.3853 27.6411 21.9185 16.2349 16.3104 16.3105 16.3105 16.3105 16.3083 16.2893 16.2831 16.2818 22.042
5.76836 5.77001 5.77001 5.77001 5.77001 5.77001 5.77001 5.77001 5.77001 5.7593 11.5118 17.2843 23.0563 28.828 34.5994 40.3706 46.1416 51.9125 57.6833 63.454 69.2246 74.9952 80.7657 86.5363 92.3068 98.0773 103.848 109.619 115.389 120.843 118.452 116.06 113.67 111.279 108.888 106.498 104.107 101.717 99.3271 96.9371 94.547 92.1573 94.5507 94.5206 88.7489 82.9769 77.2043 71.431 65.6568 59.8814 54.1044 48.3252 42.543 36.7581 30.9698 25.2126 19.4681 16.2394 16.3104 16.3105 16.3105 16.3105 16.3074 17.303 22.0569 22.0537 24.4407
5.76719 5.77001 5.77001 5.77001 5.77001 5.77001 5.77001 5.77001 5.77001 5.76276 11.5211 17.2926 23.0636 28.8348 34.6057 40.3762 46.1468 51.9173 57.6878 63.4582 69.2286 74.999 80.7694 86.5398 92.3102 98.0807 103.851 109.622 115.393 115.072 112.68 110.289 107.899 105.508 103.117 100.726 98.336 95.9455 93.5552 91.165 88.7744 86.384 88.7784 91.1717 86.3594 80.5867 74.8133 69.0386 63.2625 57.4844 51.7041 45.9207 40.1332 34.3409 28.5431 22.7389 17.0299 16.2613 16.3104 16.3105 16.3105 16.3105 16.3089 16.2911 16.2879 22.043 24.4335
5.76624 5.77001 5.77001 5.77001 5.77001 5.77001 5.77001 5.77001 5.77001 5.76555 11.528 16.3063 22.0767 27.8474 32.626 38.3953 44.165 49.9355 55.7059 61.4762 67.2466 73.017 78.7874 84.5578 90.3283 96.0989 101.87 107.64 111.733 109.301 106.909 104.518 102.127 99.7363 97.3456 94.9549 92.5642 90.1737 87.7831 85.3925 83.0011 80.6098 83.0053 85.4004 86.3602 80.5882 74.8146 69.0401 63.2639 57.4856 51.7048 45.921 40.1334 34.3409 28.5423 22.7367 17.024 16.261 16.3104 16.3105 16.3105 16.3105 16.3105 16.3105 16.2948 16.2793 22.0269
5.76212 5.77001 5.77001 5.77001 5.77001 5.77001 5.77001 5.77001 5.77001 5.76807 8.1478 13.9153 19.6857 24.4642 30.2338 36.0034 41.7739 47.5443 53.3147 59.085 64.8555 70.6259 76.3964 82.167 87.9376 93.7084 99.4793 105.251 105.964 103.571 101.138 98.7468 96.3557 93.9647 91.5738 89.183 86.7923 84.4016 82.0108 79.6198 77.2272 74.8346 77.2317 79.6279 82.0214 82.9804 77.2082 71.4347 65.6603 59.8844 54.1064 48.3262 42.5432 36.757 30.9665 25.2037 19.4371 16.2353 16.3104 16.3105 16.3105 16.3105 16.3105 16.3105 16.3105 16.2945 16.2804
5.76188 5.77001 5.77001 5.77001 5.77001 5.77001 5.77001 5.77001 5.77001 5.76965 5.76308 11.5244 16.3019 22.0717 27.8415 33.612 39.3824 45.1528 50.9233 56.6938 62.4644 68.235 74.0057 79.7765 85.5474 91.3184 97.0895 102.861 103.574 97.8003 95.4074 92.9749 90.5839 88.1928 85.8018 83.4109 81.0201 78.6292 76.2382 73.8467 71.4525 69.0583 71.4572 73.8552 76.249 78.6416 79.6004 73.8282 68.0548 62.2806 56.5049 50.7274 44.9478 39.1658 33.4142 27.6318 21.8381 16.1874 16.2713 16.3058 16.3105 16.3105 16.3105 16.3105 16.3105 16.3105 16.2906
5.76477 5.77001 5.77001 5.77001 5.77001 5.77001 5.77001 5.77001 5.77001 5.77001 5.76731 8.14266 13.9085 19.6786 25.4492 31.2198 36.9904 42.761 48.5317 54.3025 60.0733 65.8442 71.6153 77.3864 83.1575 88.9287 94.6998 100.471 97.8501 95.4114 89.6363 87.2434 84.8113 82.4206 80.0295 77.6385 75.2476 72.8565 70.4653 68.0731 65.677 63.2808 65.6819 68.082 70.4766 72.8692 75.2615 76.2203 70.4478 64.674 58.8993 53.1231 47.3452 41.5986 35.824 30.0342 24.2478 21.9217 17.2017 16.2787 16.3104 16.3105 16.3105 16.3105 16.3105 16.3105 16.2949
5.76527 5.77001 5.77001 5.77001 5.77001 5.77001 5.77001 5.77001 5.77001 5.77001 5.76949 5.75935 11.5159 17.2869 23.0572 28.828 34.5988 40.3697 46.1406 51.9117 57.6828 63.4541 69.2254 74.9967 80.768 86.5393 92.3105 98.0819 95.4603 89.6874 87.2485 81.4713 79.0786 76.6471 74.2568 71.8658 69.4748 67.0836 64.692 62.299 59.9006 57.5019 59.9054 62.308 64.7036 67.0967 69.489 71.8813 72.8401 67.0672 61.2927 55.5175 49.7743 44.0047 38.223 32.4455 30.0694 25.3283 19.5446 16.2282 16.3103 16.3105 16.3105 16.3105 16.3105 16.3105 16.2954
5.76394 5.77001 5.77001 5.77001 5.77001 5.77001 5.77001 5.77001 5.77001 5.77001 5.77001 5.76305 11.5214 16.2967 22.0645 27.8328 33.6037 39.3748 45.1459 50.917 56.6882 62.4595 68.2308 74.0021 79.7733 85.5444 91.3153 97.0861 93.0706 87.298 81.5242 79.0848 73.3051 70.9129 68.4823 66.0924 63.7016 61.3103 58.9184 56.5244 54.1232 51.7215 54.1278 56.5331 58.9299 61.3237 63.7164 66.1087 68.501 69.4599 63.6865 57.945 52.179 46.4029 40.6319 38.2485 33.4907 27.7029 21.9117 16.2003 16.2749 16.3104 16.3105 16.3105 16.3105 16.3105 16.2863
5.7577 5.77001 5.77001 5.77001 5.77001 5.77001 5.77001 5.77001 5.77001 5.77001 5.77001 5.76655 8.13718 13.9001 19.6688 25.4402 31.2117 36.9832 42.7548 48.5263 54.2979 60.0694 65.8409 71.6123 77.3835 83.1545 88.9253 94.696 90.6808 84.909 79.1354 73.3599 70.9201 65.1376 62.7462 60.3168 57.9274 55.5365 53.1443 50.7492 48.3446 45.9394 48.3487 50.7572 53.1555 55.5499 57.9433 60.3357 62.7575 65.1508 66.1132 60.349 54.5763 48.8097 46.4218 41.6632 35.8822 30.0967 24.3115 21.9392 16.2048 16.2726 16.3103 16.3104 16.3103 16.3104 16.2764
5.75735 5.77001 5.77001 5.77001 5.77001 5.77001 5.77001 5.77001 5.77001 5.77001 5.77001 5.76933 5.75516 11.5035 17.2756 23.0477 28.8197 34.5918 40.3638 46.1357 51.9076 57.6794 63.451 69.2225 74.9937 80.7647 86.5353 89.3092 88.2911 82.5197 76.7471 70.972 65.1945 62.7545 56.9688 54.5784 52.1503 49.7615 47.3696 44.9733 42.5648 40.1553 42.5681 44.9803 47.3801 49.7756 52.1691 54.5913 56.984 62.76 63.7867 61.3958 56.9808 54.5919 49.833 44.0561 38.2774 32.5009 30.1111 24.3418 21.9378 16.2049 16.2347 16.2487 16.2514 16.2605 16.3128
5.76203 5.77001 5.77001 5.77001 5.77001 5.77001 5.77001 5.77001 5.77001 5.77001 5.77001 5.77001 5.75919 11.5079 17.2799 23.0519 28.8239 34.5958 40.3676 46.1393 51.9109 57.6824 63.4538 69.2251 74.9959 78.7583 81.1483 83.5386 85.9012 80.1301 74.3583 68.5848 62.8078 57.0278 54.5878 48.7985 46.4093 43.9827 41.5934 39.1963 36.7834 34.369 36.7858 39.2023 41.6039 43.9996 46.4223 48.8155 54.5946 60.3696 58.0129 55.6214 53.2313 50.8429 50.8717 46.453 40.6813 38.2883 32.5252 30.1145 24.3232 21.9263 21.9734 22.0137 22.032 21.9035 16.0945
