tests/full-run-ref/erosion_2010_078_23_-57.856.asc
ncols 512
nrows 512
xllcorner -3.24582
yllcorner -4.08743
cellsize 5
NODATA_value -99999
[rows 348 to 376 of 512, columns 67 to 133 of 512]
261.366 261.412 262.534 261.607 261.366 261.366 261.366 261.366 262.174 263.113 261.693 261.151 258.267 258.267 258.267 258.267 258.267 258.267 258.267 258.267 258.267 258.267 258.267 258.267 258.268 259.336 259.804 258.268 258.268 258.268 258.268 258.268 258.268 258.268 258.268 258.268 258.268 258.268 258.268 258.268 258.268 258.268 258.268 258.268 258.268 258.268 258.268 258.268 258.268 258.268 258.268 258.268 258.268 258.268 258.268 258.268 258.268 258.268 258.268 258.268 258.268 258.269 258.269 258.269 258.269 258.269 258.269
261.366 261.412 261.366 262.646 261.366 261.366 261.366 261.366 263.003 261.366 261.366 261.151 258.267 258.267 258.267 258.267 258.267 258.267 258.267 258.267 258.267 258.267 258.267 258.267 258.43 260.015 258.267 258.267 258.268 258.268 258.268 258.268 258.268 258.268 258.268 258.268 258.268 258.268 258.268 258.268 258.268 258.268 258.268 258.268 258.268 258.268 258.268 258.268 258.268 258.268 258.268 258.268 258.268 258.268 258.268 258.268 258.268 258.268 258.268 258.268 258.268 258.269 258.269 258.269 258.269 258.269 258.269
261.366 261.366 261.366 261.366 261.665 261.366 261.366 261.876 261.366 261.366 261.366 261.152 258.267 258.267 258.267 258.267 258.267 258.267 258.267 258.267 258.267 258.267 258.306 258.267 259.187 258.267 258.267 258.267 258.268 258.268 258.268 258.268 258.268 258.268 258.268 258.268 258.268 258.268 258.268 258.268 258.268 258.268 258.268 258.268 258.268 258.268 258.268 258.268 258.268 258.268 258.268 258.268 258.268 258.268 258.268 258.268 258.268 258.268 258.268 258.268 258.268 258.269 258.269 258.269 258.269 258.269 258.269
261.366 261.366 261.366 261.366 262.857 261.366 261.366 263.31 261.366 261.366 261.366 261.152 258.267 258.267 258.267 258.267 258.267 258.267 258.267 258.267 258.267 258.267 259.057 258.643 258.267 258.267 258.267 258.267 258.268 258.268 258.268 258.268 258.268 258.268 258.268 258.268 258.268 258.268 258.268 258.268 258.268 258.268 258.268 258.268 258.268 258.268 258.268 258.268 258.268 258.268 258.268 258.268 258.268 258.268 258.268 258.268 258.268 258.268 258.268 258.268 258.268 258.269 258.269 258.269 258.269 258.269 258.269
261.366 261.366 261.366 261.366 261.366 261.479 261.68 261.366 261.366 261.366 261.366 261.152 258.267 258.267 258.267 258.267 258.267 258.267 258.267 258.267 258.267 258.267 259.722 259.51 258.267 258.267 258.267 258.267 258.268 258.268 258.268 258.268 258.268 258.268 258.268 258.268 258.268 258.268 258.268 258.268 258.268 258.268 258.268 258.268 258.268 258.268 258.268 258.268 258.268 258.268 258.268 258.268 258.268 258.268 258.268 258.268 258.268 258.268 258.268 258.268 258.268 258.269 258.269 258.269 258.269 258.269 258.269
261.366 261.366 261.366 261.366 261.366 262.651 262.921 261.366 261.366 261.366 261.366 261.152 258.267 258.267 258.267 258.267 258.267 258.267 258.267 258.267 258.267 258.267 258.267 258.267 258.267 258.267 258.267 258.267 258.268 258.268 258.268 258.268 258.268 258.268 258.268 258.268 258.268 258.268 258.268 258.268 258.268 258.268 258.268 258.268 258.268 258.268 258.268 258.268 258.268 258.268 258.268 258.268 258.268 258.268 258.268 258.268 258.268 258.268 258.268 258.268 258.268 258.269 258.269 258.269 258.269 258.269 258.269
261.366 261.366 261.366 261.366 261.366 261.366 261.366 261.366 261.366 261.366 261.366 261.152 258.267 258.267 258.267 258.267 258.267 258.267 258.267 258.267 258.267 258.267 258.267 258.267 258.267 258.267 258.267 258.267 258.268 258.268 258.268 258.268 258.268 258.268 258.268 258.268 258.268 258.268 258.268 258.268 258.268 258.268 258.268 258.268 258.268 258.268 258.268 258.268 258.268 258.268 258.268 258.268 258.268 258.268 258.268 258.268 258.268 258.268 258.268 258.268 258.268 258.269 258.269 258.269 258.269 258.269 258.269
261.366 261.366 261.366 261.366 261.366 261.366 261.366 261.366 261.366 261.366 261.366 261.152 258.267 258.267 258.267 258.267 258.267 258.267 258.267 258.267 258.267 258.267 258.267 258.267 258.267 258.267 258.267 258.267 258.268 258.268 258.268 258.268 258.268 258.268 258.268 258.268 258.268 258.268 258.268 258.268 258.268 258.268 258.268 258.268 258.268 258.268 258.268 258.268 258.268 258.268 258.268 258.268 258.268 258.268 258.268 258.268 258.268 258.268 258.268 258.268 258.268 258.269 258.269 258.269 258.269 258.269 258.269
261.366 261.366 261.366 261.366 261.366 261.366 261.366 261.366 261.366 261.366 261.366 261.152 258.267 258.267 258.267 258.267 258.267 258.267 258.267 258.267 258.267 258.267 258.267 258.267 258.267 258.267 258.267 258.267 258.268 258.268 258.268 258.268 258.268 258.268 258.268 258.268 258.268 258.268 258.268 258.268 258.268 258.268 258.268 258.268 258.268 258.268 258.268 258.268 258.268 258.268 258.268 258.268 258.268 258.268 258.268 258.268 258.268 258.268 258.268 258.268 258.268 258.269 258.269 258.269 258.269 258.269 258.269
261.366 261.366 261.366 261.366 261.366 261.366 261.366 261.366 261.366 261.152 260.941 261.152 258.267 258.267 258.267 258.267 258.267 258.267 258.267 258.267 258.267 258.267 258.267 258.267 258.267 258.267 258.267 258.267 258.268 258.268 258.268 258.268 258.268 258.268 258.268 258.268 258.268 258.268 258.268 258.268 258.268 258.268 258.268 258.268 258.268 258.268 258.268 258.268 258.268 258.268 258.268 258.268 258.268 258.268 258.268 258.268 258.268 258.268 258.268 258.268 258.268 258.269 258.269 258.269 258.269 258.269 258.269
261.366 261.366 261.366 261.366 261.366 261.366 261.366 261.366 261.152 258.267 258.267 258.267 258.267 258.267 258.267 258.267 258.267 258.267 258.267 258.267 258.267 258.267 258.267 258.267 258.267 258.267 258.267 258.267 258.268 258.268 258.268 258.268 258.268 258.268 258.268 258.268 258.268 258.268 258.268 258.268 258.268 258.268 258.268 258.268 258.268 258.268 258.268 258.268 258.268 258.268 258.268 258.268 258.268 258.268 258.268 258.268 258.268 258.268 258.268 258.268 258.268 258.269 258.269 258.269 258.269 258.269 258.269
261.366 261.366 261.366 261.366 261.366 261.366 261.366 261.366 261.152 258.267 258.267 258.267 258.267 258.267 258.267 258.267 258.267 258.267 258.267 258.267 258.267 258.267 258.267 258.267 258.267 258.267 258.267 258.267 258.268 258.268 258.268 258.268 258.268 258.268 258.268 258.268 258.268 258.268 258.268 258.268 258.268 258.268 258.268 258.268 258.268 258.268 258.268 258.268 258.268 258.268 258.268 258.268 258.268 258.268 258.268 258.268 258.268 258.268 258.268 258.268 258.268 258.269 258.269 258.269 258.269 258.269 258.269
261.366 261.366 261.366 261.366 261.366 261.366 261.366 261.366 261.366 261.152 258.267 258.267 258.267 258.267 258.267 258.267 258.267 258.267 258.267 258.267 258.267 258.267 258.267 258.267 258.267 258.267 258.267 258.267 258.268 258.268 258.268 258.268 258.268 258.268 258.268 258.268 258.268 258.268 258.268 258.268 258.268 258.268 258.268 258.268 258.268 258.268 258.268 258.268 258.268 258.268 258.268 258.268 258.268 258.268 258.268 258.268 258.268 258.268 258.268 258.268 258.268 258.269 258.269 258.269 258.269 258.269 258.269
261.366 261.366 261.366 261.366 261.366 261.366 261.366 261.366 261.366 261.152 258.267 258.267 258.267 258.267 258.267 258.267 258.267 258.267 258.267 258.267 258.267 258.267 258.267 258.267 258.267 258.267 258.267 258.267 258.268 258.268 258.268 258.268 258.268 258.268 258.268 258.268 258.268 258.268 258.268 258.268 258.268 258.268 258.268 258.268 258.268 258.268 258.268 258.268 258.268 258.268 258.268 258.268 258.268 258.268 258.268 258.268 258.268 258.268 258.268 258.268 258.268 258.269 258.269 258.269 258.269 258.269 258.269
261.366 261.366 261.366 261.366 261.366 261.366 261.366 261.366 261.366 261.152 258.267 258.267 258.267 258.267 258.267 258.267 258.267 258.267 258.267 258.267 258.267 258.267 258.267 258.267 258.267 258.267 258.267 258.267 258.268 258.268 258.268 258.268 258.268 258.268 258.268 258.268 258.268 258.268 258.268 258.268 258.268 258.268 258.268 258.268 258.268 258.268 258.268 258.268 258.268 258.268 258.268 258.268 258.268 258.268 258.268 258.268 258.268 258.268 258.268 258.268 258.268 258.269 258.269 258.269 258.269 258.269 258.269
261.366 261.366 261.511 261.366 261.366 261.366 261.366 261.366 261.366 261.152 258.267 258.267 258.267 258.267 258.267 258.267 258.267 258.267 258.267 258.267 258.267 258.267 258.267 258.267 258.267 258.267 258.267 258.267 258.268 258.268 258.268 258.268 258.268 258.268 258.268 258.268 258.268 258.268 258.268 258.268 258.268 258.268 258.268 258.268 258.268 258.268 258.268 258.268 258.268 258.268 258.268 258.268 258.268 258.268 258.268 258.268 258.268 258.268 258.268 258.268 258.268 258.269 258.269 258.269 258.269 258.269 258.269
261.366 261.366 263.513 261.366 261.366 261.366 261.366 261.366 261.152 258.267 258.267 258.267 258.267 258.267 258.267 258.267 258.267 258.267 258.267 258.267 258.267 258.267 258.267 258.267 258.267 258.267 258.267 258.267 258.268 258.268 258.268 258.268 258.268 258.268 258.268 258.268 258.268 258.268 258.268 258.268 258.268 258.268 258.268 258.268 258.268 258.268 258.268 258.268 258.268 258.268 258.268 258.268 258.268 258.268 258.268 258.268 258.268 258.268 258.268 258.268 258.268 258.269 258.269 258.269 258.269 258.269 258.269
261.366 261.366 263.538 261.366 261.366 261.366 261.366 261.366 261.152 258.267 261.152 258.267 258.267 258.267 258.267 258.267 258.267 258.267 258.267 258.267 258.267 258.267 258.267 258.267 258.267 258.267 258.267 258.267 258.268 258.268 258.268 258.268 258.268 258.268 258.268 258.268 258.268 258.268 258.268 258.268 258.268 258.268 258.268 258.268 258.268 258.268 258.268 258.268 258.268 258.268 258.268 258.268 258.268 258.268 258.268 258.268 258.268 258.268 258.268 258.268 258.268 258.269 258.269 258.269 258.269 258.269 258.269
261.366 261.366 263.542 261.366 261.366 261.366 261.366 261.366 261.366 261.106 261.152 258.267 258.267 258.267 258.267 258.267 258.267 258.267 258.267 258.267 258.267 258.267 258.267 258.267 258.267 258.267 258.267 258.267 258.268 258.268 258.268 258.268 258.268 258.268 258.268 258.268 258.268 258.268 258.268 258.268 258.268 258.268 258.268 258.268 258.268 258.268 258.268 258.268 258.268 258.268 258.268 258.268 258.268 258.268 258.268 258.268 258.268 258.268 258.268 258.268 258.268 258.269 258.269 258.269 258.269 258.269 258.269
261.366 261.513 263.569 261.366 261.366 261.366 261.366 261.366 261.366 261.366 261.152 258.267 258.267 258.267 258.267 258.267 258.267 258.267 258.267 258.267 258.267 258.267 258.267 258.267 258.267 258.267 258.267 258.267 258.268 258.268 258.268 258.268 258.268 258.268 258.268 258.268 258.268 258.268 258.268 258.268 258.268 258.268 258.268 258.268 258.268 258.268 258.268 258.268 258.268 258.268 258.268 258.268 258.268 258.268 258.268 258.268 258.268 258.268 258.268 258.268 258.268 258.269 258.269 258.269 258.269 258.269 258.269
261.513 263.461 263.569 261.366 261.366 261.366 261.366 261.366 261.366 261.089 261.152 258.267 258.267 258.267 258.267 258.267 258.267 258.267 258.267 258.267 258.267 258.267 258.267 258.267 258.267 258.267 258.267 258.267 258.268 258.268 258.268 258.268 258.268 258.268 258.268 258.268 258.268 258.268 258.268 258.268 258.268 258.268 258.268 258.268 258.268 258.268 258.268 258.268 258.268 258.268 258.268 258.268 258.268 258.268 258.268 258.268 258.268 258.268 258.268 258.268 258.268 258.269 258.269 258.269 258.269 258.012 256.817
263.236 263.568 263.569 261.367 261.367 261.367 261.367 261.366 261.152 258.267 261.152 258.267 258.267 258.267 258.267 258.267 258.267 258.267 258.267 258.267 258.267 258.267 258.267 258.267 258.267 258.267 258.267 258.267 258.268 258.268 258.268 258.268 258.268 258.268 258.268 258.268 258.268 258.268 258.268 258.268 258.268 258.268 258.268 258.268 258.268 258.268 258.268 258.268 258.268 258.268 258.268 258.268 258.268 258.268 258.268 258.268 258.268 258.268 258.268 258.268 258.268 258.269 258.269 258.269 258.012 256.817 253.932
263.302 263.569 262.075 261.367 261.367 261.367 261.367 261.152 258.267 258.267 258.267 258.267 258.267 258.267 258.267 258.267 258.267 258.267 258.267 258.267 258.267 258.267 258.267 258.267 258.267 258.267 258.267 258.267 258.268 258.268 258.268 258.268 258.268 258.268 258.268 258.268 258.268 258.268 258.268 258.268 258.268 258.268 258.268 258.268 258.268 258.268 258.268 258.268 258.268 258.268 258.268 258.268 258.268 258.268 258.268 258.268 258.268 258.268 258.268 258.268 258.268 258.269 258.269 258.268 256.817 253.932 252.737
263.218 263.569 261.367 261.367 261.367 261.367 261.367 261.152 258.267 258.267 258.267 258.267 258.267 258.267 258.267 258.267 258.267 258.267 258.267 258.267 258.267 258.267 258.267 258.267 258.267 258.267 258.267 258.267 258.268 258.268 258.268 258.268 258.268 258.268 258.268 258.268 258.268 258.268 258.268 258.268 258.268 258.268 258.268 258.268 258.268 258.268 258.268 258.268 258.268 258.268 258.268 258.268 258.268 258.268 258.268 258.268 258.268 258.268 258.268 258.268 258.268 258.269 258.268 258.268 255.622 252.737 249.852
261.5 263.569 261.367 261.367 261.367 261.367 261.367 261.366 261.152 258.267 258.267 258.267 258.267 258.267 258.267 258.267 258.267 258.267 258.267 258.267 258.267 258.267 258.267 258.267 258.267 258.267 258.267 258.267 258.268 258.268 258.268 258.268 258.268 258.268 258.268 258.268 258.268 258.268 258.268 258.268 258.268 258.268 258.268 258.268 258.268 258.268 258.268 258.268 258.268 258.268 258.268 258.268 258.268 258.268 258.268 258.268 258.268 258.268 258.268 258.268 258.268 258.269 257.311 256.116 254.427 251.542 248.657
261.367 261.5 261.367 261.367 261.367 261.367 261.367 261.367 261.152 258.267 258.267 258.267 258.267 258.267 258.267 258.267 258.267 258.267 258.267 258.267 258.267 258.267 258.267 258.267 258.267 258.267 258.267 258.267 258.268 258.268 258.268 258.268 258.268 258.268 258.268 258.268 258.268 258.268 258.268 258.268 258.268 258.268 258.268 258.268 258.268 258.268 258.268 258.268 258.268 258.268 258.268 258.268 258.268 258.268 258.268 258.268 258.268 258.268 258.268 258.011 256.816 255.621 254.426 253.231 252.036 250.347 247.462
261.367 261.367 261.367 261.367 261.367 261.367 261.367 261.089 261.152 258.267 258.267 258.267 258.267 258.267 258.267 258.267 258.267 258.267 258.267 258.267 258.267 258.267 258.267 258.267 258.267 258.267 258.267 258.267 258.268 258.268 258.268 258.268 258.268 258.268 258.268 258.268 258.268 258.268 258.268 258.268 258.268 258.268 258.268 258.268 258.268 258.268 258.268 258.268 258.268 258.268 258.268 258.268 258.268 258.268 258.268 258.268 258.268 258.268 258.268 256.816 253.931 252.736 251.541 250.346 249.151 247.956 246.267
261.367 261.367 261.367 261.367 261.367 261.367 261.152 258.267 261.152 258.267 258.267 258.268 258.268 258.268 258.267 258.267 258.267 258.267 258.267 258.267 258.267 258.267 258.267 258.267 258.267 258.267 258.267 258.267 258.268 258.268 258.268 258.268 258.268 258.268 258.268 258.268 258.268 258.268 258.268 258.268 258.268 258.268 258.268 258.268 258.268 258.268 258.268 258.268 258.268 258.268 258.268 258.268 258.268 258.268 258.268 258.268 258.268 258.268 258.268 255.621 252.736 249.851 248.656 247.461 246.266 245.071 243.876
261.367 261.367 261.367 261.367 261.367 261.367 261.152 258.267 258.267 258.267 258.267 258.268 258.269 258.268 258.268 258.267 258.267 258.267 258.267 258.267 258.267 258.267 258.267 258.267 258.267 258.267 258.267 258.267 258.268 258.268 258.268 258.268 258.268 258.268 258.268 258.268 258.268 258.268 258.268 258.268 258.268 258.268 258.268 258.268 258.268 258.268 258.268 258.268 258.268 258.268 258.268 258.268 258.268 258.268 258.268 258.268 258.268 258.011 256.816 254.426 251.541 248.656 245.771 244.576 243.381 242.186 240.991
