tests/full-run-ref/erosion_80_12_73.027.asc
ncols 512
nrows 512
xllcorner -3.24582
yllcorner -4.08743
cellsize 5
NODATA_value -99999
[rows 116 to 144 of 512, columns 0 to 66 of 512]
17.31 11.54 5.77002 5.77003 5.77003 5.77003 5.77003 5.77003 5.77002 5.77002 5.77002 5.77002 5.77002 5.77002 5.77002 5.77002 5.77002 5.77005 5.77005 5.77005 5.77004 5.77002 5.77002 5.77002 5.77001 5.77001 5.77004 5.77001 5.77003 5.77004 5.77005 5.77005 5.77005 5.77002 5.77005 5.77005 5.77005 5.77005 5.77005 5.77003 5.77002 5.77002 5.77002 5.77002 5.77002 5.77002 5.77002 5.77003 5.77003 5.77003 5.77003 5.77003 5.77003 5.77002 5.77002 5.77002 5.77002 5.77002 5.77001 5.77001 5.77001 5.77001 5.77001 5.77001 5.77002 5.77002 5.77002
17.31 11.54 5.77002 5.77003 5.77003 5.77003 5.77002 5.77002 5.77002 5.77002 5.77002 5.77002 5.77002 5.77002 5.77002 5.77002 5.77002 5.77004 5.77005 5.77005 5.77004 5.77002 5.77002 5.77002 5.77002 5.77002 5.77001 5.77004 5.77004 5.77005 5.77005 5.77005 5.77002 5.77005 5.77005 5.77005 5.77005 5.77005 5.77005 5.77002 5.77002 5.77002 5.77002 5.77002 5.77002 5.77002 5.77002 5.77003 5.77003 5.77003 5.77003 5.77003 5.77003 5.77002 5.77002 5.77002 5.77002 5.77002 5.77001 5.77001 5.77001 5.77001 5.77001 5.77001 5.77001 5.77002 5.77002
16.32 11.54 5.77002 5.77003 5.77003 5.77003 5.77003 5.77002 5.77002 5.77002 5.77002 5.77002 5.77002 5.77002 5.77002 5.77002 5.77002 5.77004 5.77005 5.77005 5.77003 5.77002 5.77002 5.77001 5.77003 5.77001 5.77001 5.77004 5.77005 5.77005 5.77004 5.77002 5.77005 5.77005 5.77005 5.77004 5.77005 5.77005 5.77004 5.77002 5.77002 5.77002 5.77002 5.77002 5.77002 5.77002 5.77002 5.77003 5.77003 5.77003 5.77003 5.77003 5.77003 5.77003 5.77003 5.77002 5.77002 5.77002 5.77002 5.77001 5.77001 5.77001 5.77001 5.77002 5.77001 5.77002 5.77002
13.93 8.16001 5.77002 5.77003 5.77003 5.77003 5.77003 5.77002 5.77002 5.77002 5.77002 5.77002 5.77002 5.77002 5.77002 5.77002 5.77002 5.77004 5.77005 5.77004 5.77003 5.77002 5.77002 5.77001 5.77003 5.77001 5.77001 5.77004 5.77005 5.77004 5.77002 5.77005 5.77005 5.77005 5.77004 5.77004 5.77005 5.77005 5.77005 5.77002 5.77002 5.77002 5.77002 5.77002 5.77002 5.77002 5.77002 5.77003 5.77003 5.77003 5.77003 5.77003 5.77003 5.77003 5.77003 5.77002 5.77002 5.77002 5.77002 5.77002 5.77001 5.77001 5.77002 5.77002 5.77002 5.77002 5.77002
11.54 5.77002 5.77002 5.77003 5.77003 5.77003 5.77003 5.77003 5.77002 5.77002 5.77002 5.77002 5.77002 5.77002 5.77002 5.77002 5.77001 5.77004 5.77005 5.77004 5.77002 5.77002 5.77001 5.76999 5.77004 5.77 5.77001 5.77004 5.77005 5.76999 5.77005 5.77005 5.77005 5.77005 5.77004 5.77005 5.77005 5.77005 5.77005 5.77005 5.77002 5.77001 5.77002 5.77002 5.77002 5.77002 5.77002 5.77003 5.77003 5.77003 5.77003 5.77003 5.77003 5.77003 5.77002 5.77003 5.77002 5.77002 5.77002 5.77002 5.77002 5.77002 5.77002 5.77002 5.77002 5.77002 5.77002
11.54 5.77002 5.77003 5.77003 5.77003 5.77003 5.77003 5.77002 5.77002 5.77002 5.77002 5.77002 5.77002 5.77002 5.77002 5.77002 5.77002 5.77002 5.77004 5.77004 5.77002 5.77 5.77003 5.77001 5.77001 5.77001 5.77001 5.77004 5.77001 5.77005 5.77001 5.77005 5.77001 5.77004 5.77004 5.77005 5.77005 5.77005 5.77005 5.77005 5.77005 5.77003 5.77002 5.77002 5.77002 5.77003 5.77003 5.77003 5.77003 5.77003 5.77003 5.77003 5.77003 5.77003 5.77003 5.77003 5.77002 5.77002 5.77002 5.77002 5.77002 5.77002 5.70757 5.68192 5.68586 5.77002 5.77002
11.54 5.77002 5.77003 5.77003 5.77003 5.77003 5.77003 5.77002 5.77002 5.77002 5.77002 5.77002 5.77002 5.77002 5.77002 5.77002 5.77003 5.77002 5.77003 5.77004 5.77002 5.77001 5.77001 5.77002 5.77001 5.77004 5.77002 5.76998 5.77004 5.77004 5.77004 5.77 5.77005 5.77005 5.77005 5.77004 5.77004 5.77005 5.77005 5.77005 5.77005 5.77002 5.77002 5.77002 5.77002 5.77002 5.77002 5.77003 5.77003 5.77003 5.77003 5.77003 5.77003 5.77003 5.77003 5.77003 5.77003 5.77002 5.77002 5.77002 5.77002 5.77002 5.70523 6.14551 5.70936 5.77002 5.71371
11.54 5.77002 5.77003 5.77003 5.77003 5.77003 5.77003 5.77002 5.77002 5.77002 5.77002 5.77002 5.77002 5.77002 5.77002 5.77002 5.77003 5.77002 5.77003 5.77004 5.77002 5.77002 5.77002 5.77 5.77004 5.77001 5.77004 5.77004 5.77004 5.77005 5.77005 5.77005 5.77005 5.77005 5.77005 5.77005 5.77005 5.77005 5.77005 5.77005 5.77005 5.77002 5.77002 5.77002 5.77002 5.77002 5.77002 5.77002 5.77003 5.77003 5.77003 5.77003 5.77003 5.77003 5.77003 5.77003 5.77003 5.77003 5.77003 5.77002 5.77002 5.77002 5.60605 5.60794 5.6985 5.77003 5.74403
11.54 5.77002 5.77003 5.77003 5.77003 5.77003 5.77003 5.77002 5.77002 5.77002 5.77002 5.77002 5.77002 5.77002 5.77002 5.77002 5.77003 5.77002 5.77003 5.77004 5.77002 5.77002 5.77002 5.77002 5.77001 5.77002 5.77005 5.77005 5.77005 5.77005 5.77005 5.77005 5.77005 5.77005 5.77005 5.77005 5.77005 5.77005 5.77005 5.77005 5.77005 5.77002 5.77002 5.77002 5.77002 5.77002 5.77002 5.77002 5.77003 5.77003 5.77003 5.77003 5.77003 5.77003 5.77003 5.77003 5.77003 5.77003 5.77003 5.77002 5.77002 5.77002 5.77002 5.77002 5.77002 5.77002 5.66524
11.54 5.77002 5.77003 5.77003 5.77003 5.77003 5.77003 5.77002 5.77002 5.77002 5.77002 5.77002 5.77002 5.77002 5.77002 5.77002 5.77003 5.77002 5.77003 5.77004 5.77002 5.77002 5.77001 5.77002 5.76996 5.77005 5.77005 5.77004 5.77004 5.77005 5.77005 5.77005 5.77005 5.77005 5.77005 5.77005 5.77005 5.77005 5.77005 5.77005 5.77005 5.77005 5.77002 5.77001 5.77002 5.77002 5.77002 5.77003 5.77003 5.77003 5.77003 5.77003 5.77003 5.77003 5.77003 5.77003 5.77003 5.77003 5.77003 5.77002 5.77002 5.77002 5.77002 5.77002 5.77002 5.77002 5.77002
11.54 5.77002 5.77003 5.77003 5.77003 5.77003 5.77003 5.77002 5.77002 5.77002 5.77002 5.77002 5.77002 5.77002 5.77002 5.77002 5.77003 5.77002 5.77002 5.77004 5.77002 5.77002 5.77002 5.77001 5.77004 5.77004 5.77001 5.77002 5.77004 5.77005 5.76592 5.76069 5.75932 5.76211 5.76418 5.77005 5.77005 5.77005 5.77005 5.77005 5.77005 5.77005 5.77005 5.77003 5.77001 5.77002 5.77002 5.77003 5.77003 5.77003 5.77003 5.77003 5.77003 5.77003 5.77003 5.77003 5.77003 5.77003 5.77003 5.77003 5.77002 5.77002 5.77002 5.77002 5.77002 5.77002 5.77002
11.54 5.77002 5.77003 5.77003 5.77003 5.77003 5.77003 5.77002 5.77002 5.77002 5.77002 5.77002 5.77002 5.77002 5.77002 5.77002 5.77003 5.77002 5.77003 5.77004 5.77002 5.77002 5.77002 5.70409 5.71064 5.69959 5.77005 5.77004 5.77005 5.77005 5.76821 6.15275 6.15996 6.14399 5.76096 5.77005 5.77005 5.77005 5.77005 5.77005 5.77005 5.77005 5.77005 5.77003 5.77002 5.77002 5.77002 5.77003 5.77003 5.77003 5.77003 5.77003 5.77003 5.77003 5.77003 5.77003 5.77003 5.77003 5.77003 5.77002 5.77002 5.77003 5.77002 5.77002 5.77002 5.77002 5.77003
11.54 5.77002 5.77003 5.77003 5.77003 5.77003 5.77003 5.77002 5.77002 5.77002 5.77002 5.77002 5.77002 5.77002 5.77002 5.77002 5.77003 5.77002 5.77003 5.77003 5.76999 5.77002 5.77002 5.71785 5.94447 5.76735 5.77005 5.77005 5.77005 5.77005 5.76925 5.76896 5.7674 5.7675 5.76402 5.77005 5.77005 5.77005 5.77005 5.77005 5.77005 5.77005 5.77005 5.77003 5.77002 5.77002 5.77003 5.77003 5.77003 5.77003 5.77003 5.77003 5.77003 5.77003 5.77003 5.77003 5.77003 5.77003 5.77003 5.77002 5.77003 5.77003 5.77003 5.77002 5.77002 5.77002 5.77002
11.54 5.77002 5.77003 5.77003 5.77003 5.77003 5.77003 5.77002 5.77002 5.77002 5.77002 5.77002 5.77002 5.77002 5.77002 5.77002 5.77002 5.77002 5.77004 5.77002 5.77001 5.77002 5.77004 5.75106 5.75671 5.76173 5.77005 5.77004 5.77004 5.77005 5.77005 5.77005 5.77005 5.77005 5.77005 5.77005 5.77005 5.77005 5.77005 5.77005 5.77005 5.77005 5.77002 5.77002 5.77003 5.77003 5.77003 5.77003 5.77003 5.77003 5.77003 5.77003 5.77003 5.77003 5.77003 5.77003 5.77003 5.77003 5.77002 5.77003 5.77003 5.77003 5.77002 5.77002 5.77003 5.77002 5.77003
11.54 5.77002 5.77002 5.77003 5.77003 5.77003 5.77003 5.77002 5.77002 5.77002 5.77002 5.77002 5.77002 5.77002 5.77002 5.77002 5.77002 5.77001 5.77004 5.76999 5.77001 5.77004 5.77004 5.77004 5.77003 5.77005 5.77004 5.77004 5.77001 5.77002 5.77002 5.77003 5.77005 5.77005 5.77005 5.77005 5.77005 5.77005 5.77005 5.77005 5.77005 5.77005 5.77002 5.77003 5.77003 5.77003 5.77003 5.77003 5.77003 5.77003 5.77003 5.77003 5.77003 5.77003 5.77003 5.77003 5.77003 5.77003 5.77003 5.77003 5.77003 5.77003 5.77003 5.77003 5.77003 5.77003 5.77003
13.93 8.16002 5.77002 5.77003 5.77003 5.77003 5.77003 5.77002 5.77002 5.77002 5.77002 5.77002 5.77002 5.77002 5.77002 5.77002 5.77002 5.77002 5.77 5.77004 5.77002 5.77004 5.77004 5.77004 5.77005 5.77004 5.76999 5.77002 5.77005 5.77005 5.77005 5.77005 5.77005 5.77005 5.77005 5.77005 5.77005 5.77005 5.77005 5.77005 5.77005 5.77005 5.77002 5.77002 5.77003 5.77003 5.77003 5.77003 5.77003 5.77003 5.77003 5.77003 5.77003 5.77003 5.77003 5.77003 5.77003 5.77003 5.77003 5.77003 5.77003 5.77003 5.77003 5.77003 5.77003 5.77003 5.77003
11.54 5.77002 5.77002 5.77003 5.77003 5.77003 5.77003 5.77002 5.77002 5.77002 5.77002 5.77002 5.77002 5.77002 5.77002 5.77002 5.77002 5.77002 5.77002 5.77003 5.77005 5.77004 5.77004 5.77004 5.77004 5.77001 5.77002 5.77004 5.77004 5.77005 5.77005 5.77005 5.77005 5.77005 5.77005 5.77005 5.77005 5.77005 5.77005 5.77005 5.77005 5.77005 5.77005 5.77002 5.77002 5.77002 5.77002 5.77002 5.77002 5.77003 5.77003 5.77003 5.77003 5.77003 5.77003 5.77003 5.77003 5.77003 5.77003 5.77003 5.77003 5.77003 5.77003 5.77003 5.77003 5.77003 5.77003
11.54 5.77002 5.77002 5.77003 5.77003 5.77003 5.77003 5.77002 5.77002 5.77002 5.77002 5.77002 5.77002 5.77002 5.77002 5.77002 5.77002 5.77002 5.77002 5.77004 5.77005 5.77005 5.77005 5.77004 5.77001 5.77002 5.77004 5.77002 5.77003 5.77004 5.77005 5.77005 5.77005 5.77005 5.77005 5.77005 5.77005 5.77005 5.77005 5.77005 5.77005 5.77005 5.77003 5.77005 5.77003 5.77002 5.77003 5.77002 5.77002 5.77002 5.77003 5.77003 5.77003 5.77003 5.77003 5.77003 5.77003 5.77003 5.77003 5.77003 5.77003 5.77003 5.77003 5.77003 5.77002 5.77003 5.77003
13.93 8.16002 5.77002 5.77003 5.77003 5.77003 5.77003 5.77002 5.77002 5.77002 5.77002 5.77002 5.77002 5.77002 5.77002 5.77002 5.77002 5.77002 5.77002 5.77003 5.77005 5.77005 5.77005 5.77004 5.77 5.77003 5.77002 5.77002 5.77002 5.77003 5.77005 5.77005 5.77005 5.77005 5.77005 5.77005 5.77005 5.77005 5.77005 5.77005 5.77005 5.77005 5.77005 5.77005 5.77005 5.77003 5.77002 5.77003 5.77002 5.77002 5.77002 5.77003 5.77003 5.77003 5.77003 5.77003 5.77003 5.77003 5.77003 5.77003 5.77003 5.77003 5.77003 5.77003 5.77003 5.74735 5.7685
13.93 8.16002 5.77002 5.77003 5.77003 5.77003 5.77003 5.77002 5.77002 5.77002 5.77002 5.77002 5.77002 5.77002 5.77002 5.77002 5.77002 5.77002 5.77002 5.77003 5.77005 5.77005 5.77005 5.77003 5.77 5.77 5.77001 5.77002 5.77002 5.77003 5.77005 5.77005 5.77004 5.77005 5.77005 5.77005 5.77002 5.77005 5.77005 5.77005 5.77005 5.77005 5.77005 5.77005 5.77005 5.77005 5.77003 5.77002 5.77003 5.77002 5.77002 5.77002 5.77002 5.77003 5.77003 5.77003 5.77003 5.77003 5.77003 5.77003 5.77003 5.77003 5.77003 5.77003 5.77003 5.76886 6.14891
11.54 5.77002 5.77002 5.77003 5.77003 5.77003 5.77003 5.77002 5.77002 5.77002 5.77002 5.77002 5.77002 5.77002 5.77002 5.77002 5.77002 5.77002 5.77002 5.77003 5.77005 5.77005 5.77005 5.77003 5.77 5.77002 5.77002 5.77002 5.77002 5.77002 5.77004 5.77002 5.77004 5.77005 5.77005 5.77002 5.77005 5.77005 5.77005 5.77002 5.77005 5.77005 5.77005 5.77005 5.77005 5.77005 5.77005 5.77003 5.77002 5.77003 5.77003 5.77002 5.77002 5.77002 5.77002 5.77003 5.77003 5.77003 5.77002 5.77003 5.77003 5.77003 5.77003 5.77003 5.77003 5.7692 5.76918
11.54 5.77002 5.77003 5.77003 5.77003 5.77003 5.77003 5.77002 5.77002 5.77002 5.77002 5.77002 5.77002 5.77002 5.77002 5.77002 5.77002 5.77002 5.77002 5.77003 5.77005 5.77005 5.77004 5.77003 5.77001 5.77002 5.77002 5.77002 5.77002 5.77002 5.77002 5.77003 5.77005 5.77005 5.77002 5.77005 5.77005 5.77005 5.77002 5.77005 5.77005 5.77005 5.77005 5.77005 5.77002 5.77005 5.77005 5.77005 5.77003 5.77002 5.77002 5.77003 5.77003 5.77002 5.77002 5.77002 5.77002 5.77002 5.77002 5.77003 5.77003 5.77003 5.77003 5.77003 5.77003 5.77003 5.76937
11.54 5.77002 5.77003 5.77003 5.77003 5.77003 5.77002 5.77002 5.77002 5.77002 5.77002 5.77002 5.77002 5.77002 5.77002 5.77002 5.77002 5.77002 5.77002 5.77002 5.77004 5.77005 5.77004 5.77002 5.77001 5.77002 5.77002 5.77002 5.77002 5.77002 5.77002 5.77005 5.77004 5.77002 5.77005 5.77005 5.77005 5.77002 5.77005 5.77005 5.77005 5.77005 5.77005 5.77002 5.77005 5.77005 5.77005 5.77005 5.77005 5.77003 5.77002 5.77002 5.77002 5.77002 5.77002 5.77002 5.77002 5.77003 5.77002 5.77003 5.77003 5.77003 5.77003 5.77003 5.77003 5.77003 5.77003
11.54 5.77002 5.77003 5.77003 5.77003 5.77003 5.77003 5.77002 5.77002 5.77002 5.77002 5.77002 5.77002 5.77002 5.77002 5.77002 5.77002 5.77002 5.77002 5.77002 5.77004 5.77005 5.77004 5.77002 5.77001 5.77002 5.77002 5.77002 5.77002 5.77002 5.77003 5.77003 5.76997 5.77005 5.77005 5.77001 5.77002 5.77005 5.77005 5.77005 5.77005 5.77005 5.77002 5.77005 5.77005 5.77005 5.77005 5.77005 5.77005 5.77005 5.77003 5.77002 5.77002 5.77002 5.77002 5.77002 5.77002 5.77003 5.77002 5.77002 5.77003 5.77003 5.77003 5.77003 5.77003 5.77003 5.77003
11.5275 5.77002 5.77003 5.77003 5.77003 5.77003 5.77003 5.77002 5.77002 5.77002 5.77002 5.77002 5.77002 5.77002 5.77002 5.77002 5.77002 5.77002 5.77002 5.77002 5.77004 5.77005 5.77004 5.77002 5.77001 5.77002 5.77001 5.77002 5.77001 5.77 5.76998 5.76999 5.77002 5.77 5.77001 5.77005 5.77005 5.77005 5.77005 5.77005 5.77005 5.77002 5.77005 5.77005 5.77005 5.77005 5.77005 5.77005 5.77005 5.77005 5.77005 5.77003 5.77002 5.77002 5.77002 5.77002 5.77002 5.77003 5.77002 5.77002 5.77003 5.77003 5.77003 5.77003 5.77003 5.77003 5.77003
11.539 5.77002 5.77003 5.77003 5.77003 5.77003 5.77002 5.77002 5.77002 5.77002 5.77002 5.77002 5.77002 5.77002 5.77002 5.77002 5.77002 5.77002 5.77002 5.77002 5.77004 5.77005 5.77004 5.77002 5.77002 5.77002 5.77002 5.77002 5.77002 5.77004 5.77004 5.77004 5.77003 5.77003 5.77004 5.77005 5.77005 5.77005 5.77005 5.77005 5.77002 5.77005 5.77005 5.77005 5.77005 5.77005 5.77004 5.77005 5.77005 5.77005 5.77005 5.77005 5.77003 5.77002 5.77002 5.77002 5.77002 5.77003 5.77002 5.77002 5.77003 5.77003 5.77003 5.77003 5.77003 5.77003 5.77003
11.54 5.77002 5.77003 5.77003 5.77003 5.77003 5.77003 5.77002 5.77002 5.77002 5.77002 5.77002 5.77002 5.77002 5.77002 5.77002 5.77002 5.77002 5.77002 5.77002 5.77004 5.77005 5.77004 5.77003 5.77 5.77001 5.77002 5.77002 5.77001 5.77001 5.77 5.77001 5.77003 5.77004 5.77005 5.77005 5.77005 5.77005 5.77005 5.77002 5.77005 5.77005 5.77005 5.77005 5.77005 5.77004 5.77005 5.77005 5.77005 5.77005 5.77005 5.77005 5.77005 5.77003 5.77002 5.77002 5.77002 5.77002 5.77002 5.77003 5.77003 5.77003 5.77003 5.77003 5.77003 5.77003 5.77003
11.54 5.77002 5.77003 5.77003 5.77003 5.77003 5.77002 5.77002 5.77002 5.77002 5.77002 5.77002 5.77002 5.77002 5.77002 5.77002 5.77002 5.77002 5.77002 5.77004 5.77005 5.77004 5.77004 5.77004 5.76998 5.77003 5.77 5.77002 5.77002 5.77002 5.77002 5.77002 5.77004 5.77005 5.77005 5.77005 5.77005 5.77005 5.77002 5.77005 5.77005 5.77005 5.77005 5.77005 5.77004 5.77005 5.77005 5.77005 5.77005 5.77005 5.77005 5.77005 5.77005 5.77003 5.77002 5.77002 5.77003 5.77002 5.77003 5.77003 5.77003 5.77003 5.77003 5.77003 5.77003 5.77003 5.77003
11.539 5.77002 5.77003 5.77003 5.77003 5.77003 5.77003 5.77002 5.77002 5.77002 5.77002 5.77002 5.77002 5.77002 5.77002 5.77002 5.77002 5.77003 5.77004 5.77005 5.77004 5.77002 5.77002 5.77001 5.77004 5.76998 5.77001 5.77002 5.77002 5.77002 5.77002 5.77004 5.77005 5.77005 5.77005 5.77005 5.77005 5.77002 5.77005 5.77005 5.77005 5.77005 5.77004 5.77004 5.77005 5.77005 5.77005 5.77005 5.77005 5.77005 5.77005 5.77005 5.77005 5.77003 5.77002 5.77002 5.77002 5.77002 5.77003 5.77003 5.77003 5.77003 5.77003 5.77003 5.77003 5.77003 5.77003
