tests/full-run-ref/erosion_2010_78_21_-27.869.asc
ncols 512
nrows 512
xllcorner -3.24582
yllcorner -4.08743
cellsize 5
NODATA_value -99999
[rows 144 to 179 of 512, columns 83 to 165 of 512]
5.77 5.77 5.77 5.77 5.77 5.77 5.77 5.77 5.77 5.77 5.77 5.77 5.77 5.77 5.77 5.77 5.77 5.77 5.77 5.77 5.77 5.77 5.77 5.77 5.77 5.77 5.77 5.76919 8.15508 13.9237 19.6951 24.4769 22.0854 16.3131 13.9207 11.5261 13.9174 16.3076 22.0809 24.4713 22.0789 16.306 13.9174 11.532 8.15708 8.16001 8.16001 8.16001 8.16001 8.16001 8.15927 11.54 8.1585 8.15756 8.15644 8.14028 13.8907 19.6664 23.8285 26.2197 24.4344 26.8199 23.0481 17.2735 16.3117 16.32 16.32 16.3186 16.3147 16.3115 16.2991 13.8902 8.11145 5.74919 5.76365 5.76853 5.76809 5.76822 5.76708 5.76307 5.75855 5.75279 5.72131
5.77 5.77 5.77 5.77 5.77 5.77 5.77 5.77 5.77 5.77 5.77 5.77 5.77 5.77 5.77 5.77 5.77 5.77 5.77 5.77 5.77 5.77 5.77 5.77 5.77 5.77 5.77 5.76839 11.5354 16.3143 22.0859 22.0858 16.3135 13.9235 8.15358 8.15528 8.15243 13.9217 16.3109 19.692 16.3079 13.917 8.15167 8.15676 8.15872 8.16001 8.16001 8.16001 8.16001 8.16001 8.15918 8.1581 8.15769 13.9226 8.14835 13.9023 16.2704 22.0446 27.8194 31.9939 32.5929 28.8118 23.0326 17.2736 16.3133 16.32 16.3189 16.299 13.898 11.5037 11.5083 8.1287 5.7549 5.76764 5.77 5.77 5.76853 5.76238 5.76118 5.76567 5.77 5.77 5.76686
5.77 5.77 5.77 5.77 5.77 5.77 5.77 5.77 5.77 5.77 5.77 5.77 5.77 5.77 5.77 5.77 5.77 5.77 5.77 5.77 5.77 5.77 5.77 5.77 5.77 5.77 5.77 5.7679 11.5341 17.3048 23.0769 19.6943 13.9224 8.15475 8.15902 8.16001 8.15912 8.15443 13.9253 13.9229 11.5293 8.1548 8.15851 8.16001 8.16001 8.16001 8.16001 8.16001 8.16001 8.16001 8.16001 8.16001 8.15699 11.5356 13.9184 16.2947 22.0496 24.4374 30.2083 35.9874 34.5816 28.8008 23.0225 17.2688 16.3116 16.3194 16.3148 13.9009 8.11946 5.74815 5.75732 5.76282 5.76797 5.77 5.77 5.76765 5.75253 8.12476 11.5117 5.75238 5.76792 5.77 5.77
5.77 5.77 5.77 5.77 5.77 5.77 5.77 5.77 5.77 5.77 5.77 5.77 5.77 5.77 5.77 5.77 5.77 5.77 5.77 5.77 5.77 5.77 5.77 5.77 5.77 5.77 5.76982 5.76686 11.5326 17.304 23.0765 17.3031 11.5316 8.15676 8.16001 8.16001 8.16001 8.15793 11.538 8.15645 8.15791 8.1592 8.16001 8.16001 8.16001 8.16001 8.16001 8.16001 8.16001 8.16001 8.16001 8.16001 8.15877 8.14534 11.3212 17.0846 22.838 28.6131 32.6002 38.3789 34.5728 28.792 23.0139 17.2637 16.3118 16.3177 14.6688 8.88964 5.75459 5.7684 5.77 5.77 5.77 5.77 5.76732 5.74738 8.1001 13.8858 13.9052 8.12628 5.75865 5.76878 5.77
5.77 5.77 5.77 5.77 5.77 5.77 5.77 5.77 5.77 5.77 5.77 5.77 5.77 5.77 5.77 5.77 5.77 5.77 5.77 5.77 5.77 5.77 5.77 5.77 5.77 5.77 5.7691 8.15452 13.9229 19.6944 23.076 17.3027 11.5316 8.15687 8.16001 8.16001 8.16001 8.15966 8.15931 8.15958 8.16001 8.16001 8.16001 8.16001 8.16001 8.16001 8.16001 8.16001 8.16001 8.16001 8.16001 8.16001 8.16001 8.15177 8.9127 14.6704 20.4493 26.2261 31.9983 40.3506 34.5646 28.7848 23.0058 17.2581 16.3108 16.3169 12.2752 6.49828 5.76498 5.77 5.77 5.77 5.77 5.77 5.7588 8.09843 13.8742 16.2868 16.3029 13.8996 8.13663 5.76582 5.77
5.77 5.77 5.77 5.77 5.77 5.77 5.77 5.77 5.77 5.77 5.77 5.77 5.77 5.77 5.77 5.77 5.77 5.77 5.77 5.77 5.77 5.77 5.77 5.77 5.77 5.77 5.76826 11.535 16.3133 22.0848 23.0742 17.3 11.5286 8.15605 8.16001 8.15971 8.16001 8.16001 8.16001 8.16001 8.16001 8.16001 8.16001 8.16001 8.16001 8.16001 8.16001 8.16001 8.16001 8.16001 8.16001 8.16001 8.16001 8.14849 11.3081 17.0572 22.8328 28.6097 34.382 40.3474 34.5567 28.7762 22.995 17.2498 16.3095 16.3176 14.5877 8.8127 5.7627 5.77 5.77 5.77 5.77 5.77 5.75015 11.4851 16.2776 16.3163 16.3184 16.3068 11.5195 5.75817 5.76895
5.77 5.77 5.77 5.77 5.77 5.77 5.77 5.77 5.77 5.77 5.77 5.77 5.77 5.77 5.77 5.77 5.77 5.77 5.77 5.77 5.77 5.77 5.77 5.77 5.77 5.77 5.76798 11.5341 17.3046 23.076 25.4636 19.6897 13.9177 8.1535 8.15922 8.16001 8.16001 8.16001 8.16001 8.16001 8.16001 8.16001 8.16001 8.16001 8.16001 8.16001 8.16001 8.16001 8.16001 8.16001 8.16001 8.16001 8.16001 8.14537 11.4843 17.2514 23.031 28.8071 34.5814 40.3399 34.5441 28.7603 22.9754 17.2351 16.3076 16.3193 16.3129 11.2098 5.76275 5.77 5.77 5.77 5.77 5.77 5.75013 11.49 16.3036 16.32 16.32 16.3177 13.9098 8.13539 5.76539
5.77 5.77 5.77 5.77 5.77 5.77 5.77 5.77 5.77 5.77 5.77 5.77 5.77 5.77 5.77 5.77 5.77 5.77 5.77 5.77 5.77 5.77 5.77 5.77 5.77 5.77 5.76806 11.5344 17.3029 23.0738 27.8539 22.0808 16.3098 11.5329 8.15822 8.16001 8.16001 8.16001 8.16001 8.16001 8.16001 8.16001 8.16001 8.16001 8.16001 8.16001 8.16001 8.16001 8.16001 8.16001 8.16001 8.16001 8.16001 8.1433 11.4737 17.2373 23.0126 28.7918 34.5707 40.3245 34.5196 28.7301 22.9399 17.2103 16.3068 16.32 16.3151 11.5258 5.75976 5.77 5.77 5.77 5.77 5.77 5.7548 11.5092 16.31 16.32 16.32 16.3191 16.3044 11.5157 5.75702
5.77 5.77 5.77 5.77 5.77 5.77 5.77 5.77 5.77 5.77 5.77 5.77 5.77 5.77 5.77 5.77 5.77 5.77 5.77 5.77 5.77 5.77 5.77 5.77 5.77 5.77 5.76851 11.5358 16.3138 22.0846 25.463 19.6889 13.9176 8.15128 8.15884 8.16001 8.16001 8.16001 8.16001 8.16001 8.16001 8.16001 8.16001 8.16001 8.16001 8.16001 8.16001 8.16001 8.16001 8.16001 8.16001 8.16001 8.16001 8.14351 11.4744 17.2382 23.0102 28.7837 34.5575 40.2986 34.4842 28.6893 22.8934 17.1552 16.2969 16.32 16.3172 11.5035 5.7391 5.76122 5.76428 5.76199 5.75877 5.75685 5.75129 11.5146 16.3155 16.32 16.32 16.32 16.316 13.9124 8.14083
5.77 5.77 5.77 5.77 5.77 5.77 5.77 5.77 5.77 5.77 5.77 5.77 5.77 5.77 5.77 5.77 5.77 5.77 5.77 5.77 5.77 5.77 5.77 5.77 5.77 5.77 5.7693 8.15595 13.9243 19.6952 23.0733 17.2991 11.5266 8.15486 8.16001 8.16001 8.16001 8.16001 8.16001 8.16001 8.16001 8.16001 8.16001 8.16001 8.16001 8.16001 8.16001 8.16001 8.16001 8.16001 8.16001 8.16001 8.16001 8.14933 11.4867 16.1774 21.934 27.6843 36.9407 42.6841 36.8733 31.0792 25.2842 19.5067 16.2727 16.3142 16.3089 13.8813 8.10363 8.12135 6.10746 8.11756 8.11228 11.9052 8.12486 13.9079 16.3178 16.32 16.32 16.32 16.3184 16.3095 13.919
5.77 5.77 5.77 5.77 5.77 5.77 5.77 5.77 5.77 5.77 5.77 5.77 5.77 5.77 5.77 5.77 5.77 5.77 5.77 5.77 5.77 5.77 5.77 5.77 5.77 5.77 5.76987 5.76795 11.5355 17.3064 22.0859 16.3125 13.9223 8.15618 8.16001 8.16001 8.16001 8.16001 8.16001 8.16001 8.16001 8.16001 8.16001 8.16001 8.16001 8.16001 8.16001 8.16001 8.16001 8.16001 8.16001 8.16001 8.16001 8.15664 8.11982 13.7616 19.5231 25.2813 35.8324 45.0497 39.2417 33.4466 27.6441 21.8402 16.1705 21.9985 16.2739 16.2838 13.8856 13.8928 12.2749 13.8902 13.8905 16.2949 13.9065 16.3033 16.3193 16.32 16.32 16.32 16.3158 13.9114 8.13841
5.77 5.77 5.77 5.77 5.77 5.77 5.77 5.77 5.77 5.77 5.77 5.77 5.77 5.77 5.77 5.77 5.77 5.77 5.77 5.77 5.77 5.77 5.77 5.77 5.77 5.77 5.77 5.76894 11.5372 17.308 19.6959 13.923 8.15421 8.15853 8.16001 8.16001 8.16001 8.16001 8.16001 8.16001 8.16001 8.16001 8.16001 8.16001 8.16001 8.16001 8.16001 8.16001 8.16001 8.16001 8.16001 8.16001 8.16001 8.16001 8.13721 11.3597 17.1271 22.8809 33.4134 47.407 41.6068 35.8068 30.0012 24.1895 26.2133 24.3804 22.4578 22.0579 20.0667 16.3006 16.3075 16.3148 16.3129 16.3177 16.319 16.3191 16.32 16.32 16.32 16.32 16.3129 11.5151 5.75625
5.77 5.77 5.77 5.77 5.77 5.77 5.77 5.77 5.77 5.77 5.77 5.77 5.77 5.77 5.77 5.77 5.77 5.77 5.77 5.77 5.77 5.77 5.77 5.77 5.77 5.77 5.77 5.76932 11.5381 16.3185 17.3077 11.5358 8.15753 8.16001 8.16001 8.16001 8.16001 8.16001 8.16001 8.16001 8.16001 8.16001 8.16001 8.16001 8.16001 8.16001 8.16001 8.16001 8.16001 8.16001 8.16001 8.16001 8.16001 8.16001 8.14232 11.4026 17.1667 22.8917 35.7798 49.788 43.9926 38.1942 32.393 34.3743 31.9837 30.6211 28.2335 25.4394 19.6667 16.2892 16.32 16.32 16.32 16.32 16.32 16.32 16.32 16.32 16.32 16.32 16.3126 11.5192 5.76016
5.77 5.77 5.77 5.77 5.77 5.77 5.77 5.77 5.77 5.77 5.77 5.77 5.77 5.77 5.77 5.77 5.77 5.77 5.77 5.77 5.77 5.77 5.77 5.77 5.77 5.77 5.77 5.76967 8.15817 13.928 16.3187 11.5374 8.15829 8.16001 8.16001 8.16001 8.16001 8.16001 8.16001 8.16001 8.16001 8.16001 8.16001 8.16001 8.16001 8.16001 8.16001 8.16001 8.16001 8.16001 8.16001 8.16001 8.16001 8.16001 8.14452 11.4249 17.1892 22.8999 57.9094 52.1988 46.386 40.6027 42.536 40.1489 37.7608 34.5898 28.8166 23.0395 17.2698 16.3038 16.32 16.32 16.32 16.32 16.32 16.32 16.32 16.32 16.32 16.3181 16.3134 11.5217 5.76107
5.77 5.77 5.77 5.77 5.77 5.77 5.77 5.77 5.77 5.77 5.77 5.77 5.77 5.77 5.77 5.77 5.77 5.77 5.77 5.77 5.77 5.77 5.77 5.77 5.77 5.77 5.77 5.76993 5.76929 8.15773 13.9286 11.5385 8.15833 8.16001 8.15979 8.16001 8.16001 8.16001 8.16001 8.16001 8.16001 8.16001 8.16001 8.16001 8.16001 8.16001 8.16001 8.16001 8.16001 8.16001 8.16001 8.16001 8.16001 8.16001 8.14489 11.4262 17.19 22.9206 35.8263 54.5664 48.8107 48.3093 46.4705 40.7166 38.3319 32.6079 28.8226 23.0492 17.2843 16.3138 16.32 16.32 16.32 16.32 16.32 16.32 16.32 16.32 16.3176 16.2964 13.8975 11.523 8.15474
5.77 5.77 5.77 5.77 5.77 5.77 5.77 5.77 5.77 5.77 5.77 5.77 5.77 5.77 5.77 5.77 5.77 5.77 5.77 5.77 5.77 5.77 5.77 5.77 5.77 5.77 5.77 5.77 5.76992 5.76903 11.5387 13.9287 8.15782 8.15941 8.16001 8.16001 8.16001 8.16001 8.15968 8.16001 8.16001 8.16001 8.16001 8.16001 8.16001 8.16001 8.16001 8.16001 8.16001 8.16001 8.16001 8.16001 8.1579 8.15826 8.14458 11.4201 17.1869 22.9446 33.4806 44.0537 54.596 49.8311 44.0555 38.2812 32.5265 30.1541 24.4377 22.0555 17.2969 16.3171 16.32 16.32 16.32 16.32 16.32 16.3169 16.3117 16.308 16.2933 13.8901 8.11738 5.75348 5.76565
5.77 5.77 5.77 5.77 5.77 5.77 5.77 5.77 5.77 5.77 5.77 5.77 5.77 5.77 5.77 5.77 5.77 5.77 5.77 5.77 5.77 5.77 5.77 5.77 5.77 5.77 5.77 5.77 5.77 5.76969 8.15853 13.9288 13.9279 8.15753 8.15778 8.15913 8.16001 8.15968 8.16001 8.16001 8.16001 8.16001 8.16001 8.16001 8.16001 8.16001 8.16001 8.16001 8.16001 8.16001 8.16001 8.16001 8.15375 11.5358 8.12949 13.8231 19.5834 25.3525 31.1102 41.6773 53.1986 47.409 41.6413 35.8654 30.0895 24.3307 21.9928 16.2694 16.3107 16.3193 16.32 16.32 16.32 16.32 16.3179 16.2848 13.8748 11.4884 11.5016 8.12266 5.75544 5.7681 5.77
5.77 5.77 5.77 5.77 5.77 5.77 5.77 5.77 5.77 5.77 5.77 5.77 5.77 5.77 5.77 5.77 5.77 5.77 5.77 5.77 5.77 5.77 5.77 5.77 5.77 5.77 5.77 5.77 5.77 5.76992 5.76935 8.15808 13.9285 14.3192 13.9269 8.15616 8.15898 8.16001 8.16001 8.16001 8.16001 8.16001 8.16001 8.16001 8.16001 8.16001 8.16001 8.16001 8.16001 8.16001 8.16001 8.16001 8.15029 11.5298 15.2927 16.2323 21.9915 27.7517 33.5162 44.0823 48.8964 45.0152 39.2244 33.4551 27.674 21.898 16.2167 16.31 16.32 16.32 16.32 16.32 16.32 16.32 16.3142 13.8822 8.09192 5.73583 5.75421 5.76287 5.76827 5.77 5.77
5.77 5.77 5.77 5.77 5.77 5.77 5.77 5.77 5.77 5.77 5.77 5.77 5.77 5.77 5.77 5.77 5.77 5.77 5.77 5.77 5.77 5.77 5.77 5.77 5.77 5.77 5.77 5.77 5.77 5.77 5.76989 5.76922 8.15764 13.9277 16.3181 13.9262 8.1557 8.15889 8.16001 8.16001 8.16001 8.1595 8.16001 8.16001 8.16001 8.16001 8.16001 8.16001 8.16001 8.16001 8.16001 8.16001 8.15232 11.5217 17.2888 23.0583 24.4053 30.1625 35.9302 40.7198 46.5021 42.6252 36.8272 31.0328 25.2546 19.4916 16.2526 16.32 16.32 16.32 16.32 16.32 16.32 16.32 16.3122 11.5013 5.74071 5.7676 5.77 5.77 5.77 5.77 5.76825
5.77 5.77 5.77 5.77 5.77 5.77 5.77 5.77 5.77 5.77 5.77 5.77 5.77 5.77 5.77 5.77 5.77 5.77 5.77 5.77 5.77 5.77 5.77 5.77 5.77 5.77 5.77 5.77 5.77 5.77 5.77 5.76988 5.769 8.15681 13.9271 16.3179 13.9257 8.15532 8.15877 8.16001 8.1595 8.16001 8.16001 8.16001 8.16001 8.16001 8.16001 8.16001 8.16001 8.16001 8.16001 8.16001 8.15209 11.52 17.2845 23.0576 27.7971 30.1798 32.5595 38.3303 40.7413 40.2372 34.4456 28.6401 22.8307 17.0856 16.2719 16.32 16.32 16.32 16.32 16.32 16.32 16.32 16.3131 11.516 5.75768 5.77 5.77 5.77 5.77 5.77 5.76121
5.77 5.77 5.77 5.77 5.77 5.77 5.77 5.77 5.77 5.77 5.77 5.77 5.77 5.77 5.77 5.77 5.77 5.77 5.77 5.77 5.77 5.77 5.77 5.77 5.77 5.77 5.77 5.77 5.77 5.77 5.77 5.77 5.76985 5.76879 8.15625 13.9264 16.3176 13.9249 8.15466 8.15854 8.16001 8.16001 8.16001 8.16001 8.16001 8.16001 8.16001 8.16001 8.16001 8.16001 8.16001 8.16001 8.15166 11.5258 17.2861 19.6569 22.0298 24.3886 30.1658 32.5724 36.9555 34.5585 34.5641 31.0869 25.299 19.537 16.2591 16.32 16.315 16.32 16.32 16.32 16.32 16.3193 16.3149 11.5228 5.76172 5.77 5.77 5.77 5.77 5.77 5.75265
5.77 5.77 5.77 5.77 5.77 5.77 5.77 5.77 5.77 5.77 5.77 5.77 5.77 5.77 5.77 5.77 5.77 5.77 5.77 5.77 5.77 5.77 5.77 5.77 5.77 5.77 5.77 5.77 5.77 5.77 5.77 5.77 5.77 5.76983 5.76845 8.15472 13.9261 16.3165 13.9213 8.15243 8.15428 8.15469 8.15532 8.15608 8.15684 8.15754 8.15805 8.15825 8.15763 8.15701 8.15661 8.15576 8.15373 13.9133 11.5048 13.8678 16.2461 22.0282 24.4042 30.1866 31.1804 28.7799 28.7839 28.8017 27.7643 21.9895 16.2534 16.3105 16.32 16.32 16.32 16.32 16.3194 16.311 13.9165 11.529 5.7654 5.77 5.77 5.77 5.77 5.77 5.73912
5.77 5.77 5.77 5.77 5.77 5.77 5.77 5.77 5.77 5.77 5.77 5.77 5.77 5.77 5.77 5.77 5.77 5.77 5.77 5.77 5.77 5.77 5.77 5.77 5.77 5.77 5.77 5.77 5.77 5.77 5.77 5.77 5.77 5.77 5.76979 5.76711 11.5344 17.3065 16.3124 14.3084 13.9181 13.9197 12.3075 12.3094 12.3119 12.3148 12.3168 12.3176 12.3175 12.318 11.929 11.5374 11.5351 8.14444 5.73733 8.08947 13.8648 16.2483 22.0336 24.4356 25.4073 23.0039 23.0049 23.0189 25.4263 24.4299 19.6364 16.2858 16.32 16.3123 16.32 16.3182 16.3031 13.9087 8.1432 5.76314 5.76852 5.77 5.77 5.77 5.77 5.77 5.73725
5.77 5.77 5.77 5.77 5.77 5.77 5.77 5.77 5.77 5.77 5.77 5.77 5.77 5.77 5.77 5.77 5.77 5.77 5.77 5.77 5.77 5.77 5.77 5.77 5.77 5.77 5.77 5.77 5.77 5.77 5.77 5.77 5.77 5.77 5.77 5.76826 11.5354 16.316 22.0843 20.085 22.084 19.6915 18.0803 18.0834 18.0854 17.3042 17.306 18.0888 18.0885 13.9273 8.15613 5.76695 5.76458 5.76633 5.76641 5.7459 8.09399 13.871 16.2662 22.0508 19.6348 17.2265 17.2277 17.2379 19.6421 22.0487 22.0379 16.244 16.3091 16.3188 16.3168 16.2655 13.8638 8.12462 5.76067 5.76863 5.77 5.77 5.77 5.77 5.77 5.77 5.72537
5.77 5.77 5.77 5.77 5.77 5.77 5.77 5.77 5.77 5.77 5.77 5.77 5.77 5.77 5.77 5.77 5.77 5.77 5.77 5.77 5.77 5.77 5.77 5.77 5.77 5.77 5.77 5.77 5.77 5.77 5.77 5.77 5.77 5.77 5.77 5.76907 8.155 13.9245 17.3035 19.6914 22.0805 24.4723 22.0779 16.3075 13.9171 11.5282 11.5321 13.9245 13.2316 11.5378 5.76816 5.76953 5.77 5.77 5.77 5.76761 5.74866 8.10677 13.8874 16.285 13.8666 11.4523 11.4589 11.4592 13.8636 16.2663 17.2631 19.6509 13.8786 16.3022 16.3051 13.8546 8.06273 5.74455 5.76751 5.77 5.77 5.77 5.77 5.77 5.77 5.77 5.71189
5.77 5.77 5.77 5.77 5.77 5.77 5.77 5.77 5.77 5.77 5.77 5.77 5.77 5.77 5.77 5.77 5.77 5.77 5.77 5.77 5.77 5.77 5.77 5.77 5.77 5.77 5.77 5.77 5.77 5.77 5.77 5.77 5.77 5.77 5.77 5.76974 5.7679 11.5361 11.5311 13.9175 16.3058 22.08 19.6852 13.91 8.14035 5.76213 5.76509 8.15436 7.46078 9.85311 8.15915 5.76956 5.77 5.77 5.77 5.77 5.76806 5.75455 8.12878 13.906 8.10552 5.72958 5.73835 5.73409 8.10713 11.4948 11.4537 13.7956 16.2823 22.0591 16.2824 11.4636 5.71474 5.76402 5.77 5.77 5.77 5.77 5.77 5.77 5.76908 5.75879 5.65178
5.77 5.77 5.77 5.77 5.77 5.77 5.77 5.77 5.77 5.77 5.77 5.77 5.77 5.77 5.77 5.77 5.77 5.77 5.77 5.77 5.77 5.77 5.77 5.77 5.77 5.77 5.77 5.77 5.77 5.77 5.77 5.77 5.77 5.77 5.77 5.77 5.76942 5.7683 5.76425 8.14613 13.917 19.6917 17.296 11.5182 5.75832 5.76928 5.7696 5.76894 5.76852 7.46295 5.76917 5.76952 5.77 5.77 5.77 5.77 5.77 5.76868 5.75849 11.5277 5.75192 5.76763 5.77 5.76794 5.76124 5.74967 5.70918 8.06055 13.8819 16.2875 19.6617 13.8663 8.09646 5.75115 5.76665 5.77 5.77 5.77 5.77 5.76572 5.74497 6.04531 7.93889
5.77 5.77 5.77 5.77 5.77 5.77 5.77 5.77 5.77 5.77 5.77 5.77 5.77 5.77 5.77 5.77 5.77 5.77 5.77 5.77 5.77 5.77 5.77 5.77 5.77 5.77 5.77 5.77 5.77 5.77 5.77 5.77 5.77 5.77 5.77 5.77 5.77 5.77 5.76952 5.76331 11.5267 17.3018 17.2986 11.5203 5.75894 5.76913 5.77 5.77 5.76912 5.76591 8.15547 5.76323 5.76479 5.76705 5.76896 5.77 5.77 5.77 5.76657 8.15443 5.76493 5.77 5.77 5.77 5.77 5.77 5.76643 5.7445 8.11027 13.8876 19.6718 16.2827 13.8863 8.13372 5.76134 5.77 5.77 5.77 5.77 5.76624 8.13156 11.8793 13.7813
5.77 5.77 5.77 5.77 5.77 5.77 5.77 5.77 5.77 5.77 5.77 5.77 5.77 5.77 5.77 5.77 5.77 5.77 5.77 5.77 5.77 5.77 5.77 5.77 5.77 5.77 5.77 5.77 5.77 5.77 5.77 5.77 5.77 5.77 5.77 5.77 5.77 5.77 5.77 5.76575 11.5283 17.3011 19.6894 13.913 8.14124 5.76419 5.76932 5.77 5.76681 8.14373 13.9147 8.13661 11.9181 8.14592 5.76336 5.7687 5.77 5.77 5.7688 5.76796 5.76748 5.77 5.77 5.77 5.77 5.77 5.77 5.7666 5.73928 11.4899 17.2769 22.0592 16.2972 11.5163 5.7602 5.77 5.77 5.77 5.77 5.7665 5.73039 11.4503 17.2376
5.77 5.77 5.77 5.77 5.77 5.77 5.77 5.77 5.77 5.77 5.77 5.77 5.77 5.77 5.77 5.77 5.77 5.77 5.77 5.77 5.77 5.77 5.77 5.77 5.77 5.77 5.77 5.77 5.77 5.77 5.77 5.77 5.77 5.77 5.77 5.77 5.77 5.76995 5.76956 5.76453 11.5266 17.2994 22.0801 16.3065 13.9159 8.1447 5.75843 5.75883 5.75359 11.5178 16.3008 18.0728 16.3004 13.9116 8.13987 5.76503 5.77 5.77 5.77 5.77 5.77 5.77 5.77 5.77 5.77 5.77 5.77 5.76062 8.11224 13.8792 19.6636 23.0659 17.2848 11.5102 5.75769 5.77 5.77 5.77 5.77 5.76676 8.11441 13.8562 18.3039
5.77 5.77 5.77 5.77 5.77 5.77 5.77 5.77 5.77 5.77 5.77 5.77 5.77 5.77 5.77 5.77 5.77 5.77 5.77 5.77 5.77 5.77 5.77 5.77 5.77 5.77 5.77 5.77 5.77 5.77 5.77 5.77 5.77 5.77 5.77 5.77 5.77 5.7692 6.15659 8.1532 13.9213 19.6901 24.4716 22.08 16.308 13.9026 8.12159 11.9048 8.1122 13.8946 19.6737 23.8478 22.0744 16.3014 11.5196 5.75952 5.76885 5.77 5.77 5.77 5.77 5.77 5.77 5.77 5.77 5.77 5.77 5.75075 11.4923 16.2711 22.0548 23.0588 17.2754 11.4982 5.75375 5.77 5.77 5.77 5.77 5.76745 5.7409 10.1327 15.9122
5.77 5.77 5.77 5.77 5.77 5.77 5.77 5.77 5.77 5.77 5.77 5.77 5.77 5.77 5.77 5.77 5.77 5.77 5.77 5.77 5.77 5.77 5.77 5.77 5.77 5.77 5.77 5.77 5.77 5.77 5.77 5.77 5.77 5.77 5.77 5.77 5.77 5.76873 11.5388 11.5368 13.9235 16.3128 22.0816 24.4739 22.07 16.2897 18.066 16.2793 20.0645 16.2881 22.068 23.0544 23.0598 17.2851 11.5112 8.14677 5.76887 5.77 5.77 5.77 5.77 5.77 5.77 5.77 5.77 5.77 5.77 5.74605 11.4819 16.2539 22.0334 23.0518 17.2644 11.4852 5.7492 5.77 5.77 5.77 5.77 5.77 5.76052 7.77049 11.4736
5.77 5.77 5.77 5.77 5.77 5.77 5.77 5.77 5.77 5.77 5.77 5.77 5.77 5.77 5.77 5.77 5.77 5.77 5.77 5.77 5.77 5.77 5.77 5.77 5.77 5.77 5.77 5.77 5.77 5.77 5.77 5.77 5.77 5.77 5.77 5.77 5.77 5.76913 8.15856 5.76651 8.15131 13.9188 16.3073 22.0777 24.4623 26.2339 23.8388 26.2329 24.4426 22.0548 19.6662 17.2739 17.2852 17.2899 11.5114 5.75558 5.76868 5.77 5.77 5.77 5.77 5.77 5.77 5.77 5.77 5.77 5.77 5.75565 8.07448 13.8355 19.6186 23.0495 17.2575 11.4773 5.7445 5.77 5.77 5.77 5.77 5.77 5.76737 5.75859 5.74339
5.77 5.77 5.77 5.77 5.77 5.77 5.77 5.77 5.77 5.77 5.77 5.77 5.77 5.77 5.77 5.77 5.77 5.77 5.77 5.77 5.77 5.77 5.77 5.77 5.77 5.77 5.77 5.77 5.77 5.77 5.77 5.77 5.77 5.77 5.77 5.77 5.77 5.7697 5.76974 5.76955 5.76575 8.14386 13.9109 19.6833 25.4571 28.8336 31.2252 27.8248 22.0459 16.267 13.8838 11.5133 11.5199 13.5496 13.9154 8.14004 5.76724 5.77 5.76994 5.7698 5.7697 5.76968 5.76981 5.76986 5.77 5.77 5.77 5.76669 5.7186 11.421 17.2226 23.0187 17.255 11.4694 5.74245 5.77 5.77 5.77 5.77 5.77 5.77 5.77 5.77
5.77 5.77 5.77 5.77 5.77 5.77 5.77 5.77 5.77 5.77 5.77 5.77 5.77 5.77 5.77 5.77 5.77 5.77 5.77 5.77 5.77 5.77 5.77 5.77 5.77 5.77 5.77 5.77 5.77 5.77 5.77 5.77 5.77 5.77 5.77 5.77 5.77 5.77 5.77 5.7698 5.76864 5.76021 11.5192 17.2932 23.0614 23.0566 25.4472 25.4334 19.6533 13.879 11.52 11.5366 11.5379 11.5294 13.9137 8.14316 5.76683 5.77 5.76989 6.15985 6.15919 6.15794 6.15781 5.76909 5.77 5.77 5.77 5.77 5.73373 11.4544 17.2021 17.2404 16.2514 11.4808 5.74573 5.77 5.77 5.77 5.77 5.77 5.77 5.77 5.77
5.77 5.77 5.77 5.77 5.77 5.77 5.77 5.77 5.77 5.77 5.77 5.77 5.77 5.77 5.77 5.77 5.77 5.77 5.77 5.77 5.77 5.77 5.77 5.77 5.77 5.77 5.77 5.77 5.77 5.77 5.77 5.77 5.77 5.77 5.77 5.77 5.77 5.77 5.77 5.76959 8.15947 8.15312 13.9197 17.2993 17.2872 17.2802 19.6706 22.0671 17.2708 11.5049 11.535 11.54 11.54 11.5353 8.1321 5.75986 5.76863 5.77 5.76988 5.7698 5.76905 8.1589 8.15821 5.76908 5.77 5.77 5.77 5.77 5.74094 11.491 11.475 11.4487 11.478 8.10695 5.75904 5.77 5.77 5.77 5.77 5.77 5.77 5.77 5.77
