tests/full-run-ref/erosion_82_12_73.185.asc
ncols 512
nrows 512
xllcorner -3.24582
yllcorner -4.08743
cellsize 5
NODATA_value -99999
[rows 403 to 433 of 512, columns 276 to 344 of 512]
11.5382 11.5385 11.5388 11.5389 11.539 11.5386 11.5394 11.5393 11.5385 11.4663 11.35 11.317 11.54 11.54 11.54 11.54 11.54 11.54 11.54 11.534 11.5384 11.5358 11.54 11.54 11.54 11.54 11.54 11.54 11.54 11.54 11.54 11.54 11.54 11.54 11.54 11.54 11.54 11.54 11.54 11.54 11.54 11.54 11.54 11.54 11.54 11.54 11.54 11.54 11.54 11.54 11.54 11.54 11.54 11.54 11.54 11.5395 11.54 11.54 11.54 11.54 11.54 11.54 11.54 11.54 11.54 11.54 11.54 11.54 11.54
11.5387 11.5388 11.5389 11.5391 11.5392 11.5392 11.5393 11.538 11.54 11.54 11.54 11.54 11.54 11.5276 11.54 11.54 11.5296 11.5319 11.5347 11.5296 11.54 11.5333 11.5379 11.5372 11.54 11.54 11.5368 11.5367 11.54 11.54 11.5369 11.5372 11.5374 11.5376 11.5379 11.5382 11.54 11.54 11.5389 11.5389 11.5385 11.5376 11.54 11.5364 11.54 11.5369 11.54 11.54 11.5384 11.5388 11.5391 11.54 11.5394 11.54 11.5396 11.5398 11.5399 11.5399 11.5399 11.5399 11.54 11.54 11.5398 11.5399 11.5399 11.5399 11.5399 11.5399 11.54
11.5381 11.5386 11.5383 11.5389 11.539 11.5393 11.5393 11.537 11.5349 11.5315 11.5202 11.527 11.5013 11.4999 11.5153 11.5052 11.5149 11.5205 11.5268 11.5233 11.5231 11.5274 11.5373 11.5336 11.5365 11.5332 11.534 11.5324 11.5351 11.5316 11.5332 11.5337 11.534 11.5343 11.5349 11.5349 11.5371 11.5362 11.537 11.5369 11.536 11.5319 11.5323 11.5317 11.529 11.5301 11.535 11.5338 11.5363 11.5374 11.5379 11.5392 11.5395 11.5305 11.534 11.5385 11.5399 11.5398 11.5397 11.5397 11.5398 11.5396 11.5397 11.5397 11.5398 11.5398 11.5399 11.5399 11.5399
11.5386 11.539 11.539 11.5389 11.5392 11.5393 11.5393 11.5365 11.5334 11.5145 11.4988 11.5057 11.5228 11.5227 11.5156 11.5286 11.5305 11.5328 11.5349 11.5348 11.5364 11.5371 11.538 11.5386 11.5361 11.5383 11.5381 11.5372 11.535 11.5374 11.5377 11.5377 11.5377 11.5378 11.5381 11.5382 11.5355 11.5381 11.5382 11.5382 11.5378 11.5363 11.5283 11.5249 11.5354 11.5361 11.5356 11.5383 11.5389 11.5393 11.5395 11.5384 11.5391 11.5331 11.5401 11.5381 11.5399 11.5399 11.5399 11.5399 11.5398 11.5399 11.5399 11.5399 11.5399 11.5399 11.54 11.5399 11.5399
11.5389 11.5389 11.54 11.54 11.54 11.54 11.54 11.54 11.54 11.54 11.54 11.54 11.54 11.54 11.54 11.54 11.54 11.54 11.54 11.54 11.54 11.54 11.54 11.54 11.54 11.5393 11.5381 11.54 11.54 11.54 11.54 11.54 11.54 11.54 11.54 11.54 11.54 11.54 11.54 11.54 11.54 11.54 11.54 11.54 11.54 11.54 11.54 11.54 11.54 11.54 11.54 11.54 11.54 11.532 11.5309 11.5339 11.54 11.54 11.54 11.54 11.54 11.54 11.54 11.54 11.54 11.54 11.54 11.54 11.5399
11.5391 11.5388 11.54 11.5379 11.537 11.5355 11.54 11.54 11.54 11.54 11.5057 11.5015 11.54 11.5064 11.5082 11.54 11.5167 11.54 11.5226 11.54 11.54 11.54 11.54 11.54 11.4393 11.5327 11.4845 11.536 11.5351 11.5344 11.5333 11.5323 11.54 11.5313 11.54 11.5327 11.54 11.5329 11.54 11.54 11.5321 11.54 11.5339 11.5337 11.5349 11.5356 11.5368 11.54 11.5387 11.54 11.5394 11.54 11.54 11.54 11.54 11.54 11.54 11.54 11.54 11.5398 11.5398 11.5399 11.5399 11.5399 11.5399 11.5399 11.5399 11.5398 11.5398
11.5393 11.538 11.538 11.536 11.5345 11.5304 11.5148 11.5137 11.4818 11.4815 11.4742 11.452 11.417 11.445 11.4411 11.4812 11.4894 11.4807 11.4865 11.5022 11.4922 11.5115 11.511 11.5257 11.342 11.5401 11.4268 11.5346 11.5269 11.5247 11.5234 11.5154 11.5197 11.5176 11.5124 11.5154 11.5232 11.5242 11.5175 11.521 11.5206 11.516 11.5234 11.5257 11.5269 11.5297 11.5317 11.537 11.5376 11.5373 11.5383 11.539 11.5387 11.5392 11.539 11.5394 11.5392 11.5395 11.5394 11.5395 11.5396 11.5396 11.5397 11.5397 11.5397 11.5397 11.5397 11.5398 11.5398
11.5394 11.5387 11.5351 11.5297 11.5283 11.5194 11.5262 11.5109 11.5182 11.414 11.4192 11.3747 11.488 11.493 11.4956 11.4521 11.4426 11.5155 11.5141 11.4976 11.5185 11.4945 11.5241 11.5221 11.3318 11.3554 11.383 11.5327 11.5325 11.5322 11.5315 11.5288 11.5072 11.4987 11.528 11.5287 11.5136 11.5075 11.5285 11.5101 11.5033 11.5301 11.5324 11.5334 11.5346 11.5359 11.5371 11.5367 11.5361 11.5392 11.5393 11.5389 11.5394 11.5387 11.5394 11.5393 11.5397 11.5396 11.54 11.54 11.54 11.54 11.54 11.54 11.54 11.54 11.54 11.54 11.54
11.5395 11.5389 11.5383 11.54 11.54 11.54 11.54 11.54 11.54 11.54 11.54 11.54 11.54 11.54 11.54 11.54 11.54 11.54 11.54 11.54 11.54 11.54 11.54 11.54 11.54 11.54 11.54 11.54 11.54 11.54 11.54 11.54 11.54 11.54 11.54 11.54 11.54 11.54 11.54 11.54 11.54 11.54 11.54 11.54 11.54 11.54 11.54 11.54 11.54 11.54 11.54 11.54 11.54 11.54 11.54 11.54 11.5395 11.5395 11.5396 11.5397 11.5397 11.5398 11.5398 11.5398 11.5398 11.5398 11.5398 11.5398 11.5397
11.5396 11.5391 11.5378 11.5364 11.5336 11.5291 11.5209 11.5169 11.5089 11.4935 11.4644 11.54 11.4353 11.54 11.4545 11.4649 11.4723 11.4802 11.4858 11.4946 11.5006 11.5075 11.5136 11.5167 11.5203 11.5207 11.5195 11.5184 11.5178 11.5186 11.52 11.5205 11.5224 11.5211 11.5235 11.5232 11.5244 11.525 11.5246 11.5265 11.5256 11.5294 11.5301 11.54 11.5347 11.54 11.5376 11.5386 11.539 11.5391 11.5391 11.5392 11.5393 11.5394 11.5395 11.5393 11.5394 11.5395 11.539 11.5392 11.5393 11.5394 11.5394 11.5395 11.5395 11.5394 11.5395 11.5395 11.5393
11.5396 11.5392 11.5378 11.536 11.5242 11.5132 11.4989 11.4751 11.4572 11.4136 11.3109 11.3447 11.3125 11.2257 11.3057 11.3271 11.3485 11.3706 11.3908 11.4128 11.4246 11.447 11.4619 11.4773 11.4852 11.4852 11.4817 11.4775 11.4767 11.4794 11.484 11.4869 11.4923 11.4942 11.4945 11.4965 11.4984 11.499 11.501 11.5049 11.5091 11.5115 11.5158 11.5303 11.5332 11.5302 11.535 11.5364 11.5373 11.5377 11.5378 11.5381 11.538 11.5384 11.5383 11.5393 11.5394 11.5394 11.5395 11.5396 11.5396 11.5397 11.5397 11.5397 11.5397 11.5397 11.5398 11.5397 11.5396
11.5397 11.5394 11.538 11.536 11.5325 11.5256 11.5195 11.5099 11.4958 11.4782 11.4403 11.2414 11.121 11.4136 11.4283 11.4358 11.4462 11.4579 11.4676 11.478 11.486 11.4935 11.5035 11.5101 11.5138 11.5139 11.5116 11.5091 11.5087 11.5103 11.5132 11.5149 11.5176 11.5178 11.5195 11.5199 11.5202 11.521 11.5224 11.5251 11.5259 11.5289 11.5314 11.5277 11.5252 11.5368 11.5378 11.5383 11.5386 11.5388 11.5389 11.5392 11.5392 11.539 11.5392 11.5392 11.5392 11.5393 11.5394 11.5395 11.5396 11.5396 11.5397 11.5397 11.5398 11.5398 11.5398 11.5397 11.5396
11.5397 11.5394 11.5383 11.5366 11.5324 11.5265 11.5206 11.5096 11.4985 11.4824 11.4246 11.54 11.54 11.54 11.54 11.54 11.54 11.54 11.54 11.54 11.54 11.54 11.54 11.54 11.54 11.54 11.54 11.54 11.54 11.54 11.54 11.54 11.54 11.54 11.54 11.54 11.54 11.54 11.54 11.54 11.54 11.54 11.54 11.54 11.54 11.54 11.54 11.54 11.54 11.54 11.54 11.54 11.54 11.54 11.54 11.54 11.54 11.54 11.54 11.54 11.54 11.54 11.54 11.54 11.54 11.54 11.54 11.54 11.54
11.5399 11.5395 11.5385 11.537 11.5335 11.5274 11.5216 11.5124 11.5022 11.4863 11.4014 11.54 11.3462 11.54 11.3625 11.54 11.4018 11.54 11.4373 11.54 11.4463 11.54 11.4825 11.54 11.5025 11.54 11.4964 11.54 11.4871 11.54 11.499 11.54 11.54 11.54 11.5144 11.54 11.54 11.54 11.5222 11.54 11.54 11.54 11.5327 11.535 11.54 11.537 11.5373 11.5376 11.54 11.5377 11.5378 11.5377 11.54 11.5378 11.5376 11.5374 11.54 11.5373 11.5378 11.5384 11.54 11.5393 11.5394 11.5392 11.54 11.5388 11.5388 11.5389 11.54
11.5398 11.5396 11.5387 11.5374 11.5343 11.5294 11.5206 11.5134 11.4986 11.4881 11.3154 11.3386 11.1481 10.9719 11.0372 11.2626 11.3183 11.2235 11.2532 11.3525 11.3567 11.307 11.3807 11.4673 11.4824 11.4411 11.417 11.4457 11.4369 11.3982 11.4304 11.4885 11.4663 11.4919 11.4964 11.4845 11.5066 11.4878 11.4971 11.5225 11.5147 11.5254 11.53 11.5321 11.529 11.5326 11.5333 11.5329 11.5351 11.5358 11.5357 11.535 11.5328 11.5336 11.5333 11.5314 11.5335 11.5348 11.5361 11.5369 11.5366 11.5381 11.5383 11.5372 11.5375 11.5375 11.5376 11.5375 11.5365
11.5383 11.5322 11.5387 11.5375 11.5349 11.5295 11.5213 11.5138 11.5029 11.486 11.3868 11.0602 10.8327 11.3215 11.3411 11.1485 11.0721 11.4189 11.4215 11.2644 11.1929 11.4542 11.4784 11.4407 11.4173 11.5029 11.4893 11.4009 11.3495 11.4878 11.4972 11.4926 11.5162 11.4483 11.4817 11.5247 11.4985 11.5225 11.5258 11.526 11.5332 11.5154 11.5245 11.5243 11.536 11.5365 11.5369 11.5371 11.5328 11.5297 11.5317 11.5293 11.5363 11.5361 11.536 11.5357 11.5295 11.5278 11.5326 11.5334 11.5386 11.5391 11.5391 11.5387 11.5357 11.5336 11.5349 11.5344 11.5382
11.5401 11.5288 11.5388 11.5376 11.5351 11.5302 11.5229 11.5161 11.5036 11.4915 11.3693 11.54 11.54 11.54 11.54 11.54 11.54 11.54 11.54 11.54 11.54 11.54 11.54 11.54 11.54 11.54 11.54 11.54 11.54 11.54 11.54 11.54 11.54 11.54 11.54 11.54 11.54 11.54 11.54 11.5309 11.535 11.5364 11.5358 11.5365 11.5367 11.537 11.5373 11.5374 11.538 11.5377 11.5366 11.5361 11.5355 11.535 11.5351 11.5352 11.5369 11.5374 11.5373 11.5382 11.5387 11.5391 11.5391 11.5386 11.5386 11.5383 11.5378 11.5379 11.5379
11.5355 11.5318 11.5388 11.5376 11.5352 11.5309 11.5238 11.5173 11.5084 11.4965 11.3298 11.54 11.2136 11.54 11.2468 11.2866 11.3167 11.3443 11.367 11.54 11.4148 11.54 11.4738 11.4931 11.4994 11.4937 11.478 11.54 11.464 11.54 11.4903 11.5034 11.5146 11.5162 11.5207 11.54 11.5254 11.54 11.531 11.5343 11.5371 11.5365 11.5371 11.5373 11.5373 11.5376 11.5379 11.5377 11.5381 11.5373 11.537 11.5363 11.5354 11.535 11.535 11.5355 11.537 11.5366 11.5377 11.5384 11.5388 11.539 11.5391 11.5387 11.5385 11.5379 11.5379 11.538 11.5379
11.5399 11.5397 11.5388 11.5377 11.5355 11.5312 11.5251 11.5194 11.5066 11.4986 11.2028 11.2271 10.883 10.5505 10.7841 10.8578 10.9295 11.018 11.0375 11.2899 11.3586 11.2865 11.3945 11.4279 11.4384 11.4261 11.3614 11.4073 11.4018 11.35 11.4223 11.4519 11.4767 11.4898 11.494 11.515 11.5213 11.5159 11.535 11.5379 11.5372 11.5378 11.5378 11.5378 11.5378 11.5381 11.5382 11.5381 11.5386 11.5384 11.5383 11.5375 11.5368 11.5363 11.5366 11.5371 11.5364 11.5374 11.538 11.5385 11.5388 11.5391 11.5391 11.5387 11.5388 11.5386 11.5386 11.5386 11.5386
11.5398 11.5397 11.5389 11.5379 11.5358 11.5322 11.5258 11.5202 11.512 11.4985 11.3063 10.7788 10.3546 11.1577 11.1962 11.2229 11.2575 11.2997 11.3396 11.2074 11.148 11.4527 11.4757 11.4868 11.4909 11.4854 11.4665 11.3506 11.2847 11.473 11.4917 11.5035 11.5138 11.5179 11.5247 11.5159 11.5106 11.5331 11.5369 11.5371 11.5382 11.5384 11.5383 11.5383 11.5384 11.5384 11.5387 11.5385 11.5386 11.5377 11.5378 11.5361 11.5361 11.5346 11.5361 11.536 11.5371 11.5378 11.5383 11.5386 11.5389 11.5391 11.5392 11.5388 11.5387 11.5379 11.5382 11.5378 11.5382
11.5399 11.5398 11.5391 11.5383 11.5364 11.5332 11.5287 11.5198 11.5145 11.5046 11.2577 11.54 11.54 11.54 11.54 11.54 11.54 11.54 11.54 11.54 11.54 11.54 11.54 11.54 11.54 11.54 11.54 11.54 11.54 11.54 11.54 11.54 11.54 11.54 11.54 11.5313 11.5359 11.5378 11.5377 11.5384 11.5387 11.5387 11.5387 11.5387 11.5388 11.5389 11.5391 11.5387 11.5389 11.5386 11.5379 11.5369 11.5374 11.5372 11.5363 11.5371 11.5376 11.538 11.5384 11.5388 11.539 11.5391 11.5392 11.5388 11.5389 11.5387 11.5382 11.5382 11.5388
11.5398 11.5397 11.5392 11.5383 11.5369 11.5331 11.5293 11.5233 11.5132 11.3942 11.54 11.54 10.9969 11.54 11.0495 11.54 11.1861 11.54 11.3305 11.3868 11.4152 11.4333 11.4472 11.4595 11.4686 11.4695 11.4604 11.54 11.4564 11.54 11.4896 11.54 11.5175 11.54 11.54 11.54 11.54 11.54 11.54 11.54 11.54 11.54 11.54 11.54 11.54 11.54 11.54 11.54 11.54 11.54 11.5383 11.5376 11.5377 11.5368 11.5371 11.5376 11.5378 11.5381 11.5386 11.5389 11.5391 11.5392 11.5392 11.5389 11.5389 11.5385 11.5385 11.5384 11.5388
11.5399 11.5398 11.5392 11.5385 11.5369 11.5343 11.5292 11.5245 11.5169 11.3224 10.9948 11.0183 10.47 9.9535 10.2151 10.8784 11.027 10.7941 11.0826 11.1706 11.2294 11.2695 11.3054 11.337 11.3623 11.3695 11.3227 11.4027 11.4087 11.3524 11.4202 11.5037 11.5179 11.5126 11.5349 11.537 11.5371 11.5379 11.54 11.5388 11.5389 11.5391 11.5391 11.5392 11.54 11.5392 11.5391 11.5389 11.54 11.5391 11.5392 11.5388 11.538 11.5377 11.5378 11.5379 11.5381 11.5385 11.5388 11.5391 11.5392 11.5393 11.5393 11.539 11.5391 11.5391 11.5391 11.539 11.5387
11.5398 11.5397 11.5392 11.5386 11.5373 11.5344 11.5303 11.5261 11.5179 11.2967 11.1221 10.2164 9.60531 10.9451 11.0227 10.6159 10.4385 11.2749 11.33 11.3596 11.3799 11.3983 11.4166 11.4346 11.4505 11.4587 11.4538 11.3547 11.2975 11.4814 11.5019 11.5058 11.4949 11.515 11.5333 11.5343 11.5358 11.5363 11.5354 11.5371 11.5376 11.5379 11.5381 11.5378 11.5385 11.5387 11.5387 11.5382 11.5375 11.5389 11.5391 11.5388 11.5386 11.5384 11.5383 11.5383 11.5386 11.5389 11.5391 11.5393 11.5393 11.5394 11.5393 11.5391 11.5391 11.5387 11.539 11.5388 11.5389
11.5398 11.5398 11.5393 11.5387 11.5373 11.5349 11.5309 11.5271 11.5213 11.3188 11.1041 11.54 11.54 11.54 11.54 11.54 11.54 11.54 11.54 11.54 11.54 11.54 11.54 11.54 11.54 11.54 11.54 11.54 11.54 11.54 11.54 11.5267 11.5318 11.5332 11.5307 11.5282 11.5324 11.5327 11.5383 11.5388 11.5389 11.5391 11.5392 11.5391 11.5379 11.5371 11.5377 11.5369 11.5393 11.5394 11.5392 11.5392 11.539 11.5389 11.5388 11.5389 11.5391 11.5393 11.5394 11.5394 11.5395 11.5395 11.5394 11.5392 11.5393 11.5392 11.539 11.539 11.539
11.5398 11.5397 11.5393 11.5387 11.5374 11.535 11.5316 11.5282 11.5208 11.3397 11.0289 11.54 10.7587 11.54 10.8575 10.9817 11.0642 11.1229 11.1693 11.2047 11.2366 11.2721 11.3128 11.3551 11.3944 11.4272 11.451 11.54 11.4887 11.54 11.5192 11.5313 11.5337 11.5368 11.5379 11.538 11.5376 11.5382 11.5386 11.5389 11.5391 11.5392 11.5393 11.5393 11.5395 11.5395 11.5393 11.5394 11.5395 11.5393 11.5394 11.5394 11.5393 11.5392 11.5392 11.5393 11.5394 11.5395 11.5396 11.5396 11.5396 11.5395 11.5395 11.5393 11.5394 11.5391 11.5392 11.5392 11.539
11.54 11.54 11.54 11.54 11.54 11.54 11.54 11.54 11.54 11.54 10.9971 10.8528 10.1237 9.3067 9.88197 10.0936 10.2813 10.4408 10.5643 10.6557 10.7364 10.8338 10.9472 11.0636 11.1695 11.2604 11.3078 11.4612 11.5023 11.4902 11.54 11.54 11.54 11.54 11.54 11.54 11.54 11.54 11.54 11.54 11.54 11.54 11.54 11.54 11.54 11.54 11.54 11.54 11.54 11.54 11.54 11.54 11.54 11.54 11.54 11.54 11.54 11.54 11.54 11.54 11.54 11.54 11.54 11.54 11.54 11.54 11.54 11.54 11.54
11.5395 11.5393 11.5389 11.54 11.5362 11.5329 11.5266 11.5134 11.4763 11.3681 11.54 10.4308 9.02898 10.7349 10.8281 10.9014 10.9785 11.0506 11.1085 11.1442 11.1788 11.2243 11.2801 11.3338 11.3827 11.4252 11.4605 11.4651 11.4695 11.5236 11.5306 11.536 11.537 11.5372 11.5378 11.5379 11.5383 11.5385 11.5388 11.54 11.54 11.5393 11.5394 11.54 11.5395 11.5396 11.5396 11.5394 11.54 11.5392 11.5392 11.5392 11.5392 11.5392 11.5393 11.5394 11.54 11.5395 11.5394 11.5393 11.54 11.539 11.539 11.54 11.54 11.5387 11.5389 11.54 11.539
11.539 11.5389 11.5379 11.5342 11.5302 11.5216 11.5056 11.4667 11.3605 11.0141 11.0756 11.54 11.54 11.54 11.54 11.54 11.54 11.54 11.54 11.54 11.54 11.54 11.54 11.54 11.54 11.54 11.54 11.5035 11.5183 11.5315 11.5332 11.5351 11.5356 11.5359 11.5367 11.5363 11.5374 11.5374 11.5379 11.5373 11.5386 11.5387 11.5389 11.5386 11.5391 11.5392 11.539 11.5384 11.5387 11.5387 11.5387 11.5386 11.5386 11.5386 11.5388 11.5388 11.5384 11.5387 11.5386 11.5378 11.5382 11.5383 11.5379 11.5369 11.5378 11.538 11.5376 11.5368 11.5375
11.5376 11.5378 11.536 11.5376 11.5354 11.5311 11.5237 11.5069 11.4616 11.2587 10.9501 11.54 10.696 11.54 10.7421 11.54 10.9594 11.54 11.092 11.54 11.1496 11.54 11.276 11.54 11.4164 11.54 11.4892 11.5198 11.5125 11.5061 11.5259 11.5285 11.5325 11.5313 11.5338 11.533 11.5356 11.5349 11.5369 11.5393 11.5373 11.5382 11.5379 11.5396 11.5397 11.5397 11.5396 11.5394 11.538 11.537 11.5376 11.5368 11.5375 11.5369 11.5378 11.5376 11.5393 11.5394 11.5393 11.539 11.5372 11.5359 11.5369 11.5389 11.5354 11.5362 11.5357 11.5387 11.5389
11.54 11.54 11.54 11.54 11.54 11.54 11.54 11.54 11.54 11.54 10.9381 10.8214 10.1666 9.25203 9.58438 10.669 10.8442 10.3091 10.484 10.9941 10.9951 10.6697 10.9417 11.3716 11.4506 11.4202 11.54 11.54 11.54 11.54 11.54 11.54 11.54 11.54 11.54 11.54 11.54 11.54 11.54 11.54 11.54 11.54 11.54 11.54 11.54 11.54 11.54 11.54 11.54 11.54 11.54 11.54 11.54 11.54 11.54 11.54 11.54 11.54 11.54 11.54 11.54 11.54 11.54 11.54 11.54 11.54 11.54 11.54 11.54
