tests/full-run-ref/erosion_2010_79_1_-87.555.asc
ncols 512
nrows 512
xllcorner -3.24582
yllcorner -4.08743
cellsize 5
NODATA_value -99999
[rows 87 to 115 of 512, columns 0 to 66 of 512]
47.5465 45.1565 42.7665 40.3631 42.7397 45.1244 47.5159 49.9084 52.3013 54.6944 57.0876 62.8628 65.8559 68.2462 70.6366 73.0268 69.2363 63.4662 57.6961 51.9258 46.1555 40.3851 34.6145 28.8437 23.0728 17.3016 11.5303 5.76613 5.77001 5.77001 5.76991 11.5396 17.3097 17.3093 11.5392 5.76965 5.77001 5.77001 5.77001 5.77001 5.77001 5.77001 5.77001 5.77001 5.77001 5.77001 5.77001 5.77001 5.77001 5.77001 5.77001 5.77001 5.77001 5.77001 5.77001 5.77001 5.77001 5.77001 5.77001 5.77001 5.77001 5.77001 5.77001 5.77001 5.77001 5.77 5.77
41.7765 39.3865 36.9965 34.5916 36.9675 39.3524 41.7441 44.1366 46.5296 48.9233 54.7012 57.6951 60.0855 62.4762 64.8665 67.2567 69.2378 63.4678 57.6977 51.9276 46.1575 40.3873 34.6169 28.8465 23.076 17.3053 11.5344 5.76778 5.77001 5.77001 5.7699 11.5395 17.3096 17.3093 11.5391 5.76956 5.77001 5.77001 5.77001 5.77001 5.77001 5.77001 5.77001 5.77001 5.77001 5.77001 5.77001 5.77001 5.77001 5.77001 5.77001 5.77001 5.77001 5.77001 5.77001 5.77001 5.77001 5.77001 5.77001 5.77001 5.77001 5.77001 5.77001 5.77001 5.77001 5.77001 5.77001
36.012 33.6165 31.2265 28.8202 31.1955 33.5802 35.9716 38.364 40.7577 46.5378 52.3136 51.9246 54.3155 56.7061 59.0965 61.4867 63.8768 63.4687 57.6987 51.9286 46.1586 40.3885 34.6183 28.8481 23.0778 17.3074 11.5369 5.76877 5.77001 5.77001 5.76988 11.5394 17.3095 17.3091 11.539 5.7694 5.77001 5.77001 5.77001 5.77001 5.77001 5.77001 5.77001 5.77001 5.77001 5.77001 5.77001 5.77001 5.77001 5.77001 5.77001 5.77001 5.77001 5.77001 5.77001 5.77001 5.77001 5.77001 5.77001 5.77001 5.77001 5.77001 5.77001 5.77001 5.77001 5.77001 5.77001
30.25 27.852 25.4565 23.0487 25.4232 27.8071 30.1978 32.5909 38.3739 44.1518 48.5455 46.1543 48.5451 50.936 53.3264 55.7166 58.1068 60.4977 57.6992 51.9292 46.1591 40.3891 34.619 28.8489 23.0787 17.3085 11.5383 5.76934 5.77001 5.77001 5.76985 11.5393 17.3094 17.3089 11.5387 5.76918 5.77001 5.77001 5.77001 5.77001 5.77001 5.77001 5.77001 5.77001 5.77001 5.77001 5.77001 5.77001 5.77001 5.77001 5.77001 5.77001 5.77001 5.77001 5.77001 5.77001 5.77001 5.77001 5.77001 5.77001 5.77001 5.77001 5.77001 5.77001 5.77001 5.77001 5.77001
24.48 22.09 19.692 17.2768 19.6493 22.0316 24.4231 30.2091 35.9893 41.7639 42.7752 40.3839 42.7748 45.1658 47.5563 49.9466 52.3376 54.7282 56.7089 50.9389 45.1689 39.3988 33.6288 27.8587 22.0889 16.3187 11.5389 5.76966 5.77001 5.77001 5.76982 11.5392 17.3093 17.3086 11.5384 5.76887 5.77001 5.77001 5.77001 5.77001 5.77001 5.77001 5.77001 5.77001 5.77001 5.77001 5.77001 5.77001 5.77001 5.77001 5.77001 5.77001 5.77001 5.77001 5.77001 5.77001 5.77001 5.77001 5.77001 5.77001 5.77001 5.77001 5.77001 5.77001 5.77001 5.77001 5.77001
22.09 16.32 13.93 11.521 13.8824 16.2592 22.0436 27.8266 33.6026 39.3745 37.0047 34.6135 37.0045 39.3957 41.7863 44.1774 46.5681 48.9588 54.3189 48.5489 42.7788 37.0088 31.2388 25.4687 19.6986 13.9287 8.15862 5.76985 5.77001 5.77001 5.76977 11.539 17.3092 17.3082 11.5379 5.76841 5.77001 5.77001 5.77001 5.77001 5.77001 5.77001 5.77001 5.77001 5.77001 5.77001 5.77001 5.77001 5.77001 5.77001 5.77001 5.77001 5.77001 5.77001 5.77001 5.77001 5.77001 5.77001 5.77001 5.77001 5.77001 5.77001 5.77001 5.77001 5.77001 5.77001 5.77001
16.32 13.93 11.54 11.5378 11.5274 13.8936 19.6736 25.4513 31.2243 33.6259 31.2343 28.8431 31.2342 33.6255 36.017 38.4079 40.7986 46.5688 48.9597 46.1589 40.3888 34.6188 28.8487 23.0786 17.3085 11.5383 5.76938 5.76994 5.77001 5.77001 5.76972 11.5387 17.309 17.3076 11.5372 5.76778 5.77001 5.77001 5.77001 5.77001 5.77001 5.77001 5.77001 5.77001 5.77001 5.77001 5.77001 5.77001 5.77001 5.77001 5.77001 5.77001 5.77001 5.77001 5.77001 5.77001 5.77001 5.77001 5.77001 5.77001 5.77001 5.77001 5.77001 5.77001 5.77001 5.77001 5.77001
13.93 11.54 11.54 11.54 11.5388 11.5278 17.2995 23.0732 28.8445 27.8566 25.464 23.0727 25.4639 27.8562 30.2474 32.6384 38.4087 40.7996 46.5697 48.5487 42.7786 37.0086 31.2386 25.4685 19.6984 13.9287 8.15883 5.76995 5.77001 5.77001 5.76964 11.5384 17.3087 17.3067 11.5362 5.76695 5.77001 5.77001 5.77001 5.77001 5.77001 5.77001 5.77001 5.77001 5.77001 5.77001 5.77001 5.77001 5.77001 5.77001 5.77001 5.77001 5.77001 5.77001 5.77001 5.77001 5.77001 5.77001 5.77001 5.77001 5.77001 5.77001 5.77001 5.77001 5.77001 5.77001 5.77001
11.54 11.54 11.54 11.54 11.54 11.5383 17.308 23.0789 24.4786 22.0868 19.6946 17.3022 19.6944 22.0865 24.4779 30.2486 32.6396 38.4096 44.1796 46.1586 40.3886 34.6186 28.8485 23.0784 17.3083 11.538 5.76932 5.76993 5.77001 5.77001 5.7695 11.5379 17.3083 17.3051 11.5342 5.76586 5.77001 5.77001 5.77001 5.77001 5.77001 5.77001 5.77001 5.77001 5.77001 5.77001 5.77001 5.77001 5.77001 5.77001 5.77001 5.77001 5.77001 5.77001 5.77001 5.77001 5.77001 5.77001 5.77001 5.77001 5.77001 5.77001 5.77001 5.77001 5.77001 5.77001 5.77001
13.93 11.54 11.54 11.54 11.54 11.5396 17.3095 23.0797 22.0887 16.3175 13.9258 11.5365 13.9256 16.3171 22.0883 24.4794 30.2496 36.0196 41.7896 47.5596 42.7781 37.0081 31.2381 25.468 19.6978 13.9283 8.15844 5.76993 5.77001 5.77001 5.76918 11.5368 17.3074 17.3023 11.5307 5.76441 5.77001 5.77001 5.77001 5.77001 5.77001 5.77001 5.77001 5.77001 5.77001 5.77001 5.77001 5.77001 5.77001 5.77001 5.77001 5.77001 5.77001 5.77001 5.77001 5.77001 5.77001 5.77001 5.77001 5.77001 5.77001 5.77001 5.77001 5.77001 5.77001 5.77001 5.77001
16.32 13.93 11.54 13.9299 11.5399 13.9295 19.6996 22.0897 16.3196 13.9289 11.5392 11.5397 11.5392 13.9287 16.3193 22.0895 27.8595 33.6296 39.3996 45.1696 40.3881 34.6181 28.848 23.0779 17.3076 11.5373 5.76909 5.7699 5.77001 5.77001 5.76854 11.5342 17.3053 17.2972 11.5245 5.76236 5.77001 5.77001 5.77001 5.77001 5.77001 5.77001 5.77001 5.77001 5.77001 5.77001 5.77001 5.77001 5.77001 5.77001 5.77001 5.77001 5.77001 5.77001 5.77001 5.77001 5.77001 5.77001 5.77001 5.77001 5.77001 5.77001 5.77001 5.77001 5.77001 5.77001 5.77001
22.09 16.32 17.31 16.3198 17.3097 16.3195 22.0896 19.6997 13.9296 11.5398 11.54 11.54 11.54 11.5397 13.9294 19.6995 25.4695 31.2396 37.0096 42.7796 42.7774 37.0074 31.2373 25.4672 19.697 13.9276 8.15781 5.7699 5.77001 5.77001 5.76747 11.5295 17.3014 17.2897 11.5156 5.75962 5.77001 5.77001 5.77001 5.77001 5.77001 5.77001 5.77001 5.77001 5.77001 5.77001 5.77001 5.77001 5.77001 5.77001 5.77001 5.77001 5.77001 5.77001 5.77001 5.77001 5.77001 5.77001 5.77001 5.77001 5.77001 5.77001 5.77001 5.77001 5.77001 5.77001 5.77001
24.48 22.09 23.08 22.0898 23.0798 22.0896 23.0796 17.3095 11.5398 11.54 11.54 11.54 11.54 11.54 11.5398 17.3094 23.0795 28.8495 34.6196 40.3896 40.3874 34.6173 28.8472 23.077 17.3067 11.5363 5.76875 5.76986 5.77001 5.77001 5.76592 11.5223 17.2955 17.2798 11.5036 5.75577 5.77001 5.77001 5.77001 5.77001 5.77001 5.77001 5.77001 5.77001 5.77001 5.77001 5.77001 5.77001 5.77001 5.77001 5.77001 5.77001 5.77001 5.77001 5.77001 5.77001 5.77001 5.77001 5.77001 5.77001 5.77001 5.77001 5.77001 5.77001 5.77001 5.77001 5.77001
30.25 27.86 28.85 27.8598 28.8498 27.8596 23.0795 17.3094 11.5399 11.54 11.54 11.54 11.54 11.54 11.5398 17.3094 23.0795 28.8495 34.6196 40.3896 42.7762 37.0061 31.2361 25.4659 19.6957 13.9268 8.15699 5.76984 5.77001 5.77001 5.76384 11.5123 17.2872 17.268 11.4894 5.74845 5.77001 5.77001 5.77001 5.77001 5.77001 5.77001 5.77001 5.77001 5.77001 5.77001 5.77001 5.77001 5.77001 5.77001 5.77001 5.77001 5.77001 5.77001 5.77001 5.77001 5.77001 5.77001 5.77001 5.77001 5.77001 5.77001 5.77001 5.77001 5.77001 5.77001 5.77001
36.02 33.63 34.62 33.6298 34.6194 28.8494 23.0793 17.3092 11.5398 11.54 11.54 11.54 11.54 11.54 11.5398 17.3093 23.0794 28.8494 34.6195 40.3895 40.3862 34.6161 28.8459 23.0757 17.3053 11.5346 5.76843 5.76986 5.77001 5.77001 5.76128 11.4999 17.2769 17.2548 11.4735 5.73784 5.77001 5.77001 5.77001 5.77001 5.77001 5.77001 5.77001 5.77001 5.77001 5.77001 5.77001 5.77001 5.77001 5.77001 5.77001 5.77001 5.77001 5.77001 5.77001 5.77001 5.77001 5.77001 5.77001 5.77001 5.77001 5.77001 5.77001 5.77001 5.77001 5.77001 5.77001
41.79 39.4 40.39 39.3998 34.6193 28.8493 23.0792 17.3091 11.5398 11.54 11.54 11.54 11.54 11.54 11.5398 17.3091 23.0792 28.8493 34.6194 40.3894 40.3852 34.6151 28.8449 23.0746 17.3041 11.5333 5.76793 5.76975 5.77001 5.77001 5.75833 11.4853 17.2648 17.1691 11.3849 5.48527 5.77001 5.77001 5.77001 5.77001 5.77001 5.77001 5.77001 5.77001 5.77001 5.77001 5.77001 5.77001 5.77001 5.77001 5.77001 5.77001 5.77001 5.77001 5.77001 5.77001 5.77001 5.77001 5.77001 5.77001 5.77001 5.77001 5.77001 5.77001 5.77001 5.77001 5.77001
47.56 45.17 46.1592 40.3892 34.6192 28.8491 23.079 17.3089 11.5397 11.54 11.54 11.54 11.54 11.54 11.5397 17.3089 23.079 28.8491 34.6192 40.3893 42.7752 37.0051 31.235 25.4648 19.6943 13.9241 8.15395 5.76907 5.77001 5.77001 5.75519 11.4696 17.2517 17.1333 11.3472 5.41648 5.77001 5.77001 5.77001 5.77001 5.77001 5.77001 5.77001 5.77001 5.77001 5.77001 5.77001 5.77001 5.77001 5.77001 5.77001 5.77001 5.77001 5.77001 5.77001 5.77001 5.77001 5.77001 5.77001 5.77001 5.77001 5.77001 5.77001 5.77001 5.77001 5.77001 5.77001
53.33 50.94 46.159 40.389 34.619 28.8489 23.0788 17.3086 11.5397 11.54 11.54 11.54 11.54 11.54 11.5397 17.3086 23.0788 28.8489 34.619 40.3891 42.7694 36.9993 31.2291 25.4587 19.6881 13.9213 8.15095 5.76873 5.77001 5.77001 5.75172 11.4546 17.2391 17.1517 11.3636 5.46222 5.77001 5.77001 5.77001 5.77001 5.77001 5.77001 5.77001 5.77001 5.77001 5.77001 5.77001 5.77001 5.77001 5.77001 5.77001 5.77001 5.77001 5.77001 5.77001 5.77001 5.77001 5.77001 5.77001 5.77001 5.77001 5.77001 5.77001 5.77001 5.77001 5.77001 5.77001
57.6988 51.9288 46.1588 40.3888 34.6188 28.8487 23.0785 17.3083 11.5396 11.54 11.54 11.54 11.54 11.54 11.5396 17.3084 23.0785 28.8487 34.6188 40.3889 40.3794 34.6091 28.8388 23.0682 17.2971 11.5253 5.76475 5.76885 5.77001 5.77001 5.74884 11.4386 17.2263 17.2133 11.4242 5.64625 5.77001 5.77001 5.77001 5.77001 5.77001 5.77001 5.77001 5.77001 5.77001 5.77001 5.77001 5.77001 5.77001 5.77001 5.77001 5.77001 5.77001 5.77001 5.77001 5.77001 5.77001 5.77001 5.77001 5.77001 5.77001 5.77001 5.77001 5.77001 5.77001 5.77001 5.77001
57.6985 51.9285 46.1585 40.3885 34.6185 28.8484 23.0782 17.3079 11.5395 11.54 11.54 11.54 11.54 11.54 11.5395 17.308 23.0783 28.8484 34.6186 40.3887 42.7687 36.9985 31.2282 25.4578 19.687 13.9156 8.14491 5.76744 5.77001 5.77001 5.74662 11.4323 16.1962 17.209 11.4183 5.65878 5.77001 5.77001 5.77001 5.77001 5.77001 5.77001 5.77001 5.77001 5.77001 5.77001 5.77001 5.77001 5.77001 5.77001 5.77001 5.77001 5.77001 5.77001 5.77001 5.77001 5.77001 5.77001 5.77001 5.77001 5.77001 5.77001 5.77001 5.77001 5.77001 5.77001 5.77001
57.6982 51.9282 46.1582 40.3882 34.6182 28.848 23.0778 17.3075 11.5394 11.54 11.54 11.54 11.54 11.54 11.5394 17.3077 23.078 28.8482 34.6183 40.3884 42.7583 36.9881 31.2177 25.4472 19.6762 13.9102 8.1391 5.76658 5.77001 5.77001 5.75602 8.00674 13.7952 17.2064 11.4138 5.6087 5.77001 5.77001 5.77001 5.77001 5.77001 5.77001 5.77001 5.77001 5.77001 5.77001 5.77001 5.77001 5.77001 5.77001 5.77001 5.77001 5.77001 5.77001 5.77001 5.77001 5.77001 5.77001 5.77001 5.77001 5.77001 5.77001 5.77001 5.77001 5.77001 5.77001 5.77001
57.6979 51.9279 46.1579 40.3878 34.6178 28.8476 23.0774 17.307 11.5392 11.54 11.54 11.54 11.54 11.54 11.5393 17.3073 23.0776 28.8479 34.618 40.3882 40.3682 34.5979 28.8273 23.0564 17.2845 11.511 5.7598 5.76745 5.77001 5.77001 5.76654 5.7281 11.4015 17.1918 11.3969 5.54918 5.77001 5.77001 5.77001 5.77001 5.77001 5.77001 5.77001 5.77001 5.77001 5.77001 5.77001 5.77001 5.77001 5.77001 5.77001 5.77001 5.77001 5.77001 5.77001 5.77001 5.77001 5.77001 5.77001 5.77001 5.77001 5.77001 5.77001 5.77001 5.77001 5.77001 5.77001
57.6975 51.9275 46.1575 40.3874 34.6174 28.8472 23.0769 17.3065 11.5391 11.54 11.54 11.54 11.54 11.54 11.5392 17.3068 23.0771 28.8474 34.6177 40.3878 40.3623 34.5919 28.8213 23.0501 17.2778 11.5031 5.75768 5.77001 5.77001 5.77001 5.77001 5.74123 11.4166 17.1821 11.3856 5.51577 5.77001 5.77001 5.77001 5.77001 5.77001 5.77001 5.77001 5.77001 5.77001 5.77001 5.77001 5.77001 5.77001 5.77001 5.77001 5.77001 5.77001 5.77001 5.77001 5.77001 5.77001 5.77001 5.77001 5.77001 5.77001 5.77001 5.77001 5.77001 5.77001 5.77001 5.77001
57.697 51.927 46.157 40.387 34.6169 28.8467 23.0764 17.3059 11.539 11.54 11.54 11.54 11.54 11.54 11.539 17.3061 23.0765 28.8469 34.6172 40.3874 40.3501 34.5797 28.8088 23.0371 17.2637 11.4868 5.75438 5.77001 5.77001 5.77001 5.77001 5.74106 11.4158 17.1833 11.3862 5.52475 5.77001 5.77001 5.77001 5.77001 5.77001 5.77001 5.77001 5.77001 5.77001 5.77001 5.77001 5.77001 5.77001 5.77001 5.77001 5.77001 5.77001 5.77001 5.77001 5.77001 5.77001 5.77001 5.77001 5.77001 5.77001 5.77001 5.77001 5.77001 5.77001 5.77001 5.77001
57.6966 51.9266 46.1566 40.3865 34.6164 28.8462 23.0758 17.3052 11.5389 11.54 11.54 11.54 11.54 11.54 11.5388 17.3053 23.0758 28.8463 34.6165 40.3868 40.3323 34.5616 28.7904 23.0178 17.2427 11.4632 5.74593 5.76458 5.77001 5.77001 5.77001 5.73945 11.4145 17.1919 11.3942 5.55715 5.77001 5.77001 5.77001 5.77001 5.77001 5.77001 5.77001 5.77001 5.77001 5.77001 5.77001 5.77001 5.77001 5.77001 5.77001 5.77001 5.77001 5.77001 5.77001 5.77001 5.77001 5.77001 5.77001 5.77001 5.77001 5.77001 5.77001 5.77001 5.77001 5.77001 5.77001
57.696 51.926 46.156 40.3859 34.6159 28.8456 23.0752 17.3045 11.5387 11.54 11.54 11.54 11.54 11.54 11.5386 17.3044 23.0751 28.8456 34.6159 40.3862 42.6927 36.9221 31.151 25.3787 19.6042 13.8557 8.08362 5.76226 5.77001 5.77001 5.77001 5.73831 11.4131 17.1922 11.394 5.58092 5.77001 5.77001 5.77001 5.77001 5.77001 5.77001 5.77001 5.77001 5.77001 5.77001 5.77001 5.77001 5.77001 5.77001 5.77001 5.77001 5.77001 5.77001 5.77001 5.77001 5.77001 5.77001 5.77001 5.77001 5.77001 5.77001 5.77001 5.77001 5.77001 5.77001 5.77001
57.6954 51.9254 46.1554 40.3853 34.6152 28.845 23.0745 17.3037 11.5385 11.54 11.54 11.54 11.54 11.54 11.5384 17.3034 23.0742 28.8448 34.6152 40.3856 40.3026 34.5315 28.7597 22.9857 17.2078 11.4235 5.73555 5.76297 5.77001 5.77001 5.77001 5.7373 11.4116 17.1899 11.3912 5.58436 5.77001 5.77001 5.77001 5.77001 5.77001 5.77001 5.77001 5.77001 5.77001 5.77001 5.77001 5.77001 5.77001 5.77001 5.77001 5.77001 5.77001 5.77001 5.77001 5.77001 5.77001 5.77001 5.77001 5.77001 5.77001 5.77001 5.77001 5.77001 5.77001 5.77001 5.77001
57.6947 51.9247 46.1547 40.3846 34.6145 28.8442 23.0737 17.3028 11.5383 11.54 11.54 11.54 11.54 11.54 11.538 17.3021 23.073 28.8438 34.6143 40.3847 40.2897 34.5185 28.7462 22.9716 17.1924 11.4063 5.73246 5.77001 5.77001 5.77001 5.77001 5.73657 11.41 17.1876 11.3885 5.5829 5.77001 5.77001 5.77001 5.77001 5.77001 5.77001 5.77001 5.77001 5.77001 5.77001 5.77001 5.77001 5.77001 5.77001 5.77001 5.77001 5.77001 5.77001 5.77001 5.77001 5.77001 5.77001 5.77001 5.77001 5.77001 5.77001 5.77001 5.77001 5.77001 5.77001 5.77001
57.694 51.924 46.154 40.3839 34.6138 28.8434 23.0728 17.3018 11.538 11.54 11.54 11.54 11.54 11.54 11.5375 17.3001 23.0714 28.8423 34.6129 40.3835 40.2696 34.498 28.7251 22.9492 17.168 11.3788 5.71388 5.77001 5.77001 5.77001 5.77001 5.73638 11.4082 17.1854 11.3858 5.58496 5.77001 5.77001 5.77001 5.77001 5.77001 5.77001 5.77001 5.77001 5.77001 5.77001 5.77001 5.77001 5.77001 5.77001 5.77001 5.77001 5.77001 5.77001 5.77001 5.77001 5.77001 5.77001 5.77001 5.77001 5.77001 5.77001 5.77001 5.77001 5.77001 5.77001 5.77001
