tests/full-run-ref/erosion_2010_078_23_-57.856.asc
ncols 512
nrows 512
xllcorner -3.24582
yllcorner -4.08743
cellsize 5
NODATA_value -99999
[rows 0 to 28 of 512, columns 268 to 334 of 512]
303.294 303.228 303.165 303.112 303.066 303.025 302.998 302.996 303.02 303.066 303.133 303.222 303.337 303.477 303.632 303.795 303.971 304.164 304.355 304.52 304.657 304.779 304.876 304.938 304.958 304.941 304.899 304.843 304.768 304.669 304.565 304.475 304.404 304.34 304.289 304.253 304.245 304.261 304.278 304.274 304.256 304.235 304.179 304.055 303.858 303.606 303.286 302.884 302.385 301.798 301.148 299.026 296.141 293.256 290.371 287.486 284.601 281.716 278.831 275.946 273.061 270.176 267.291 264.406 263.211 262.016 261.293
304.522 304.475 304.429 304.392 304.361 304.332 304.317 304.324 304.357 304.409 304.482 304.574 304.69 304.83 304.985 305.147 305.324 305.52 305.712 305.88 306.022 306.15 306.251 306.316 306.337 306.319 306.274 306.211 306.124 306.008 305.885 305.777 305.686 305.601 305.531 305.484 305.473 305.492 305.519 305.534 305.545 305.565 305.555 305.475 305.325 305.125 304.854 304.491 304.02 303.455 300.716 297.831 294.946 292.061 289.176 286.291 283.406 280.521 277.636 274.751 271.866 268.981 266.096 263.211 260.326 259.131 258.408
304.754 304.722 304.692 304.668 304.65 304.633 304.627 304.642 304.681 304.737 304.812 304.906 305.021 305.157 305.309 305.468 305.644 305.838 306.029 306.197 306.34 306.471 306.575 306.64 306.659 306.639 306.589 306.517 306.417 306.283 306.14 306.013 305.902 305.795 305.705 305.646 305.631 305.651 305.687 305.719 305.759 305.818 305.852 305.818 305.716 305.569 305.349 305.028 304.589 302.406 299.521 296.636 293.751 290.866 287.981 285.096 282.211 279.326 276.441 273.556 270.671 267.786 264.901 262.016 259.131 256.246 255.523
304.974 304.956 304.938 304.926 304.918 304.911 304.913 304.934 304.976 305.035 305.111 305.204 305.316 305.448 305.594 305.75 305.922 306.113 306.302 306.468 306.611 306.742 306.847 306.912 306.929 306.906 306.851 306.772 306.66 306.51 306.35 306.206 306.077 305.949 305.841 305.771 305.751 305.771 305.814 305.86 305.926 306.019 306.093 306.101 306.044 305.947 305.775 305.495 304.568 301.683 298.798 295.913 293.028 290.143 287.258 284.373 281.488 278.603 275.718 272.833 269.948 267.063 264.178 261.293 258.408 255.523 252.638
305.188 305.181 305.173 305.171 305.17 305.17 305.178 305.203 305.247 305.306 305.379 305.469 305.578 305.703 305.842 305.991 306.158 306.344 306.528 306.69 306.83 306.96 307.064 307.126 307.14 307.114 307.054 306.967 306.843 306.679 306.503 306.342 306.195 306.048 305.922 305.839 305.814 305.832 305.879 305.938 306.026 306.15 306.261 306.308 306.294 306.246 306.122 305.884 303.373 300.488 297.603 294.718 291.833 288.948 286.063 283.178 280.293 277.408 274.523 271.638 268.753 265.868 262.983 260.098 257.213 254.328 251.443
305.399 305.401 305.401 305.405 305.411 305.416 305.427 305.454 305.498 305.554 305.623 305.708 305.809 305.926 306.056 306.197 306.355 306.533 306.71 306.865 307 307.127 307.227 307.285 307.294 307.263 307.198 307.103 306.967 306.788 306.596 306.419 306.255 306.088 305.945 305.85 305.817 305.832 305.881 305.95 306.058 306.211 306.356 306.44 306.469 306.469 306.395 305.063 302.178 299.293 296.408 293.523 290.638 287.753 284.868 281.983 279.098 276.213 273.328 270.443 267.558 264.673 261.788 258.903 256.018 253.133 250.248
305.597 305.605 305.612 305.621 305.631 305.639 305.653 305.68 305.722 305.773 305.837 305.915 306.008 306.116 306.236 306.367 306.516 306.684 306.852 306.999 307.128 307.25 307.345 307.399 307.403 307.368 307.297 307.194 307.048 306.858 306.653 306.463 306.283 306.099 305.94 305.834 305.794 305.805 305.855 305.932 306.057 306.235 306.41 306.528 306.595 306.641 306.612 305.51 302.625 299.74 296.855 293.97 291.085 288.2 285.315 282.43 279.545 276.66 273.775 270.89 268.005 265.12 262.235 259.35 256.465 253.58 250.695
305.773 305.786 305.796 305.809 305.821 305.832 305.847 305.873 305.912 305.959 306.017 306.088 306.173 306.271 306.381 306.502 306.642 306.8 306.958 307.097 307.22 307.336 307.427 307.477 307.477 307.439 307.365 307.258 307.106 306.908 306.694 306.495 306.305 306.109 305.938 305.824 305.779 305.787 305.837 305.921 306.059 306.256 306.456 306.601 306.701 306.783 306.794 305.713 302.828 299.943 297.058 294.173 291.288 288.403 285.518 282.633 279.748 276.863 273.978 271.093 268.208 265.323 262.438 259.553 256.668 253.783 250.898
305.927 305.942 305.954 305.968 305.981 305.992 306.007 306.031 306.066 306.107 306.158 306.222 306.298 306.387 306.486 306.597 306.727 306.874 307.022 307.152 307.268 307.379 307.466 307.511 307.509 307.47 307.396 307.288 307.133 306.933 306.716 306.512 306.316 306.113 305.935 305.816 305.768 305.772 305.822 305.91 306.058 306.269 306.486 306.652 306.778 306.892 306.935 305.219 302.334 299.449 296.564 293.679 290.794 287.909 285.024 282.139 279.254 276.369 273.484 270.599 267.714 264.829 261.944 259.059 256.174 253.289 250.404
306.062 306.077 306.089 306.103 306.115 306.124 306.137 306.158 306.187 306.222 306.265 306.32 306.388 306.466 306.555 306.655 306.773 306.909 307.045 307.166 307.274 307.378 307.46 307.503 307.499 307.461 307.387 307.28 307.126 306.927 306.71 306.507 306.309 306.102 305.921 305.798 305.747 305.749 305.797 305.887 306.042 306.262 306.492 306.674 306.821 306.96 306.909 304.024 301.139 298.254 295.369 292.484 289.599 286.714 283.829 280.944 278.059 275.174 272.289 269.404 266.519 263.634 260.749 257.864 254.979 252.094 249.209
306.179 306.193 306.204 306.215 306.225 306.233 306.242 306.259 306.283 306.31 306.346 306.392 306.45 306.518 306.596 306.685 306.792 306.916 307.041 307.152 307.252 307.349 307.426 307.464 307.46 307.422 307.351 307.246 307.096 306.9 306.688 306.487 306.291 306.084 305.903 305.78 305.73 305.73 305.773 305.863 306.022 306.247 306.484 306.677 306.839 306.998 305.714 302.829 299.944 297.059 294.174 291.289 288.404 285.519 282.634 279.749 276.864 273.979 271.094 268.209 265.324 262.439 259.554 256.669 253.784 250.899 248.014
306.279 306.29 306.299 306.308 306.315 306.32 306.327 306.34 306.358 306.379 306.408 306.446 306.495 306.554 306.622 306.7 306.796 306.907 307.021 307.122 307.213 307.303 307.374 307.409 307.404 307.368 307.3 307.199 307.053 306.864 306.658 306.463 306.271 306.068 305.889 305.768 305.73 305.73 305.758 305.849 306.008 306.234 306.474 306.673 306.844 307.015 304.519 301.634 298.749 295.864 292.979 290.094 287.209 284.324 281.439 278.554 275.669 272.784 269.899 267.014 264.129 261.244 258.359 255.474 252.589 249.704 246.819
306.356 306.364 306.37 306.376 306.38 306.382 306.386 306.394 306.407 306.423 306.445 306.476 306.517 306.566 306.624 306.693 306.777 306.877 306.979 307.069 307.153 307.235 307.3 307.331 307.326 307.292 307.228 307.132 306.994 306.815 306.619 306.434 306.249 306.055 305.882 305.766 305.73 305.73 305.757 305.846 306.003 306.227 306.465 306.663 306.835 306.066 303.181 300.439 297.554 294.669 291.784 288.899 286.014 283.129 280.244 277.359 274.474 271.589 268.704 265.819 262.934 260.049 257.164 254.279 251.394 248.509 245.624
306.414 306.417 306.419 306.421 306.421 306.419 306.419 306.423 306.431 306.442 306.458 306.482 306.515 306.555 306.603 306.662 306.735 306.823 306.913 306.993 307.068 307.142 307.2 307.229 307.223 307.192 307.133 307.045 306.917 306.75 306.569 306.395 306.223 306.04 305.878 305.769 305.73 305.73 305.764 305.85 306.002 306.219 306.449 306.641 306.809 304.871 301.986 299.101 297.906 295.864 292.979 290.094 287.209 284.324 281.439 278.554 275.669 272.784 269.899 267.014 264.129 261.244 258.359 255.474 252.589 249.704 246.819
306.459 306.457 306.454 306.451 306.447 306.442 306.438 306.438 306.441 306.446 306.456 306.474 306.499 306.531 306.57 306.619 306.682 306.757 306.835 306.905 306.97 307.036 307.088 307.112 307.107 307.078 307.025 306.944 306.827 306.674 306.508 306.349 306.19 306.021 305.871 305.771 305.73 305.73 305.771 305.853 305.999 306.206 306.425 306.607 306.561 303.676 300.791 297.906 295.021 293.826 292.631 291.289 288.404 285.519 282.634 279.749 276.864 273.979 271.094 268.209 265.324 262.439 259.554 256.669 253.784 250.899 248.014
306.499 306.491 306.483 306.476 306.468 306.459 306.451 306.447 306.445 306.446 306.451 306.463 306.482 306.506 306.536 306.575 306.628 306.691 306.758 306.817 306.873 306.929 306.973 306.993 306.987 306.96 306.911 306.838 306.73 306.591 306.44 306.295 306.15 305.995 305.858 305.767 305.73 305.732 305.772 305.85 305.988 306.184 306.39 306.56 305.366 302.481 299.596 296.711 293.826 290.941 289.746 288.551 288.53 286.714 283.829 280.944 278.059 275.174 272.289 269.404 266.519 263.634 260.749 257.864 254.979 252.094 249.209
306.529 306.515 306.503 306.491 306.479 306.466 306.455 306.447 306.442 306.439 306.44 306.446 306.458 306.475 306.498 306.528 306.57 306.622 306.676 306.724 306.77 306.816 306.852 306.867 306.859 306.833 306.788 306.721 306.624 306.499 306.363 306.233 306.102 305.963 305.84 305.759 305.728 305.731 305.77 305.844 305.973 306.155 306.346 306.501 304.171 301.286 298.401 295.516 292.631 289.746 286.861 285.666 285.645 285.666 282.781 282.139 279.254 276.369 273.484 270.599 267.714 264.829 261.944 259.059 256.174 253.289 250.404
306.549 306.529 306.512 306.495 306.478 306.462 306.447 306.436 306.428 306.421 306.419 306.421 306.427 306.437 306.452 306.474 306.505 306.545 306.587 306.625 306.66 306.695 306.722 306.732 306.721 306.696 306.654 306.594 306.507 306.397 306.277 306.162 306.047 305.925 305.818 305.748 305.723 305.729 305.767 305.836 305.954 306.12 306.293 305.861 302.976 300.091 297.206 294.321 291.436 288.551 285.666 282.781 282.781 282.781 283.595 282.054 279.39 276.505 273.62 270.735 267.85 264.965 262.08 259.195 256.31 253.425 250.54
306.566 306.54 306.517 306.495 306.474 306.454 306.436 306.421 306.409 306.4 306.394 306.392 306.393 306.397 306.405 306.419 306.44 306.469 306.499 306.526 306.55 306.575 306.593 306.595 306.582 306.557 306.518 306.463 306.386 306.289 306.185 306.085 305.986 305.88 305.789 305.73 305.711 305.719 305.756 305.819 305.926 306.075 306.228 306.345 304.171 301.286 298.401 295.516 292.631 289.746 286.861 285.666 285.666 285.666 283.744 280.859 277.974 276.49 274.815 271.93 269.045 266.16 263.275 260.39 257.505 254.62 251.735
306.586 306.554 306.526 306.499 306.472 306.448 306.427 306.408 306.393 306.382 306.373 306.366 306.363 306.361 306.364 306.37 306.382 306.4 306.419 306.435 306.449 306.463 306.471 306.467 306.45 306.423 306.385 306.335 306.266 306.181 306.09 306.004 305.918 305.828 305.749 305.7 305.686 305.696 305.731 305.787 305.882 306.014 306.147 306.245 305.366 302.481 299.596 296.711 293.826 290.941 289.746 288.551 286.868 283.983 282.549 279.664 276.779 273.894 272.41 270.748 269.151 267.355 264.47 261.585 258.7 255.815 252.93
306.609 306.571 306.536 306.504 306.473 306.445 306.42 306.398 306.38 306.365 306.353 306.343 306.335 306.329 306.326 306.326 306.33 306.338 306.346 306.351 306.355 306.358 306.356 306.345 306.323 306.294 306.255 306.207 306.145 306.07 305.99 305.916 305.842 305.765 305.699 305.659 305.648 305.659 305.691 305.741 305.823 305.938 306.051 306.129 306.182 303.676 300.791 297.906 295.021 293.826 291.443 288.558 285.673 282.788 279.903 278.469 275.584 272.699 269.814 268.33 266.668 265.071 263.876 262.644 259.759 256.874 253.989
306.633 306.587 306.547 306.509 306.473 306.441 306.412 306.386 306.365 306.348 306.333 306.32 306.309 306.299 306.291 306.285 306.281 306.279 306.277 306.273 306.265 306.257 306.245 306.226 306.199 306.166 306.126 306.079 306.022 305.955 305.886 305.821 305.759 305.695 305.64 305.607 305.6 305.612 305.64 305.682 305.752 305.848 305.94 305.997 306.029 304.673 301.788 298.903 296.018 293.133 290.248 287.363 284.478 281.593 278.708 275.823 274.389 271.504 268.619 265.734 264.25 262.588 260.991 259.796 258.564 255.679 252.794
306.658 306.606 306.559 306.516 306.475 306.438 306.405 306.376 306.351 306.331 306.314 306.298 306.283 306.27 306.259 306.247 306.236 306.225 306.214 306.2 306.183 306.164 306.141 306.114 306.081 306.043 306 305.954 305.9 305.841 305.78 305.724 305.671 305.618 305.573 305.546 305.541 305.553 305.577 305.612 305.667 305.745 305.816 305.853 305.863 303.478 300.593 297.708 294.823 291.938 289.053 286.168 283.283 280.398 277.513 274.628 271.743 270.309 267.424 264.539 261.654 260.17 258.508 256.911 255.716 254.484 251.599
306.69 306.63 306.577 306.527 306.481 306.439 306.401 306.367 306.339 306.316 306.296 306.277 306.259 306.244 306.229 306.213 306.195 306.177 306.158 306.135 306.109 306.079 306.047 306.012 305.972 305.929 305.883 305.836 305.785 305.73 305.676 305.627 305.581 305.537 305.5 305.478 305.473 305.483 305.502 305.528 305.57 305.63 305.681 305.697 305.168 302.283 299.398 296.513 293.628 290.743 287.858 284.973 282.088 279.203 276.318 273.433 270.548 267.663 266.229 263.344 260.459 257.574 256.09 254.428 252.831 251.636 250.404
306.727 306.66 306.6 306.544 306.491 306.443 306.4 306.362 306.329 306.303 306.28 306.258 306.238 306.22 306.203 306.183 306.161 306.136 306.11 306.079 306.044 306.006 305.964 305.921 305.875 305.826 305.776 305.726 305.676 305.624 305.574 305.53 305.489 305.451 305.42 305.4 305.395 305.401 305.415 305.431 305.46 305.501 305.533 305.53 303.973 301.088 298.203 295.318 292.433 289.548 286.663 283.778 280.893 278.008 275.123 272.238 269.353 266.468 263.583 262.149 259.264 256.379 253.494 252.01 250.348 248.751 247.556
306.769 306.695 306.627 306.564 306.505 306.45 306.402 306.358 306.321 306.291 306.265 306.24 306.217 306.199 306.18 306.158 306.131 306.101 306.068 306.031 305.988 305.941 305.89 305.839 305.786 305.731 305.676 305.622 305.571 305.521 305.474 305.431 305.394 305.361 305.333 305.314 305.306 305.308 305.315 305.322 305.336 305.36 305.372 305.35 302.778 299.893 297.008 294.123 291.238 288.353 285.468 282.583 279.698 276.813 273.928 271.043 268.158 265.273 262.388 259.503 258.069 255.184 252.299 249.414 247.93 246.268 244.671
306.814 306.732 306.657 306.586 306.52 306.459 306.404 306.355 306.314 306.279 306.25 306.222 306.198 306.178 306.159 306.134 306.104 306.07 306.031 305.988 305.938 305.882 305.823 305.764 305.704 305.642 305.58 305.523 305.47 305.419 305.373 305.332 305.296 305.265 305.239 305.219 305.208 305.205 305.204 305.2 305.201 305.207 305.2 304.468 301.583 298.698 295.813 292.928 290.043 287.158 284.273 281.388 278.503 275.618 272.733 269.848 266.963 264.078 261.193 258.308 255.423 253.989 251.104 248.219 245.334 243.85 242.188
306.86 306.771 306.688 306.61 306.537 306.469 306.407 306.352 306.306 306.267 306.234 306.204 306.178 306.158 306.137 306.111 306.077 306.039 305.997 305.948 305.891 305.827 305.76 305.693 305.626 305.557 305.489 305.427 305.371 305.319 305.272 305.23 305.194 305.164 305.139 305.117 305.102 305.092 305.083 305.069 305.055 305.045 305.021 302.454 300.388 297.503 294.618 291.733 288.848 285.963 283.078 280.193 277.308 274.423 271.538 268.653 265.768 262.883 259.998 257.113 254.228 251.343 249.909 247.024 244.139 241.254 239.77
306.91 306.812 306.721 306.636 306.555 306.48 306.411 306.35 306.298 306.255 306.218 306.185 306.157 306.137 306.116 306.089 306.053 306.012 305.965 305.912 305.849 305.778 305.703 305.629 305.555 305.478 305.403 305.336 305.276 305.221 305.172 305.128 305.091 305.06 305.033 305.008 304.986 304.969 304.951 304.926 304.899 304.873 302.454 301.259 298.374 296.308 293.423 290.538 287.653 284.768 281.883 278.998 276.113 273.228 270.343 267.458 264.573 261.688 258.803 255.918 253.033 250.148 247.263 245.829 242.944 240.059 237.174
