tests/full-run-ref/erosion_78_19_2.123.asc
ncols 512
nrows 512
xllcorner -3.24582
yllcorner -4.08743
cellsize 5
NODATA_value -99999
[rows 380 to 417 of 512, columns 420 to 503 of 512]
5.77 5.77 5.77 5.77 5.77 5.77 5.77 5.77 5.77 5.77 5.77 5.77 5.77 5.76845 8.02221 6.15843 6.15969 5.76859 5.76848 5.76958 5.77 0 0 0 0 0 0 0 0 0 0 13.9023 11.5122 11.5219 11.5283 8.15081 5.76657 0 0 0 0 0 11.5219 8.12672 0 0 0 0 17.2385 11.4514 5.69945 5.76463 5.77 5.77 5.77 5.77 5.77 5.77 5.77 5.77 5.77 5.77 5.77 5.77 5.77 5.77 5.77 5.77 5.77 5.77 5.77 5.77 5.77 5.77 5.77 5.77 5.77 5.77 5.77 5.77 5.77 5.77 4.44335 0
5.77 5.77 5.77 5.77 5.77 5.77 5.77 5.77 5.77 5.77 5.77 5.77 5.77 5.76868 5.76775 5.7681 5.76941 5.76975 5.77 5.77 5.62667 0 0 0 0 0 0 0 0 0 0 0 5.75145 5.75437 5.75691 5.76248 5.768 0 0 0 0 0 5.74928 5.76266 0 0 0 0 19.684 13.8632 8.08654 5.72996 5.7644 5.77 5.77 5.77 5.77 5.77 5.77 5.77 5.77 5.77 5.77 5.77 5.77 5.77 5.77 5.77 5.77 5.77 5.77 5.77 5.77 5.77 5.77 5.77 5.77 5.77 5.77 5.77 5.77 5.77 0.546483 0
5.77 5.77 5.77 5.77 5.77 5.77 5.77 5.77 5.77 5.77 5.77 5.77 5.77 5.77 5.77 5.77 5.77 5.77 5.77 5.77 5.69537 4.19827 0 0 0 0 0 0 0 0 0 0 5.76605 5.77 5.77 5.77 0 0 0 0 0 5.7573 5.76679 0 0 0 0 0 4.61631 16.2872 13.8673 8.09547 5.73054 5.76359 5.77 5.77 5.77 5.77 5.77 5.77 5.77 5.77 5.77 5.77 5.77 5.77 5.77 5.77 5.77 5.77 5.77 5.77 5.77 5.77 5.77 5.77 5.77 5.77 5.77 5.77 5.77 5.72835 0 0
5.77 5.77 5.77 5.77 5.77 5.77 5.77 5.77 5.77 5.77 5.77 5.77 5.77 5.77 5.77 5.77 5.77 5.77 5.77 5.77 5.77 5.62371 4.45964 0.463441 0 0 0 0 0 0 0 0 0 0.199825 5.592 5.66305 2.49131 0 0 0 0 0 0 0 0 0 0 0 0 18.2351 16.2832 13.8652 8.09987 5.74418 5.77 5.77 5.77 5.77 5.77 5.77 5.77 5.77 5.77 5.77 5.77 5.77 5.77 5.77 5.77 5.77 5.77 5.77 5.77 5.77 5.77 5.77 5.77 5.77 5.77 5.77 5.77 5.53096 0 0
5.77 5.77 5.77 5.77 5.77 5.77 5.77 5.77 5.77 5.77 5.77 5.77 5.77 5.77 5.77 5.77 5.77 5.77 5.77 5.77 5.77 5.77 5.72728 5.31614 2.94914 0 0 0 0 0 0 0 0 3.3616 5.70486 5.75348 3.23586 0 0 0 0 0 0 0 0 0 0 0 0 0 22.0849 16.273 11.4646 5.71406 5.76205 5.77 5.77 5.77 5.77 5.77 5.77 5.77 5.77 5.77 5.77 5.77 5.77 5.77 5.77 5.77 5.77 5.77 5.77 5.77 5.77 5.77 5.77 5.77 5.77 5.77 5.77 4.76374 0 0
5.77 5.77 5.77 5.77 5.77 5.77 5.77 5.77 5.77 5.77 5.77 5.77 5.77 5.77 5.77 5.77 5.77 5.77 5.77 5.77 5.77 5.77 5.77 5.75939 5.59102 4.78466 3.17081 1.49717 0.546825 0 0 0.566215 3.94357 5.54159 5.76488 5.7631 5.03114 0 0 0 0 0 0 0 0 0 0 0 0 0 0 19.6729 13.8627 8.08429 5.74473 5.77 5.77 5.77 5.77 5.77 5.77 5.77 5.77 5.77 5.77 5.77 5.77 5.77 5.77 5.77 5.77 5.77 5.77 5.77 5.77 5.77 5.77 5.77 5.77 5.77 5.77 1.78879 0 0
5.77 5.77 5.77 5.77 5.77 5.77 5.77 5.77 5.77 5.77 5.77 5.77 5.77 5.77 5.77 5.77 5.77 5.77 5.77 5.77 5.77 5.77 5.77 5.77 5.77 5.76226 5.71012 5.60508 5.51959 5.42852 5.38312 5.53555 5.72982 5.77 5.77 5.77 5.6978 5.1019 3.39018 1.46828 1.50309 3.4005 4.90248 2.89439 0 0 0 0 0 0 0 20.2433 16.2707 11.4679 5.70676 5.76268 5.77 5.77 5.77 5.77 5.77 5.77 5.77 5.77 5.77 5.77 5.77 5.77 5.77 5.77 5.77 5.77 5.77 5.77 5.77 5.77 5.77 5.77 5.77 5.77 5.7444 0 0 0
5.77 5.77 5.77 5.77 5.77 5.77 5.77 5.77 5.77 5.77 5.77 5.77 5.77 5.77 5.77 5.77 5.77 5.77 5.77 5.77 5.77 5.77 5.77 5.77 5.77 5.77 5.77 5.77 5.77 5.77 5.77 5.77 5.77 5.77 5.77 5.77 5.77 5.76509 5.72092 5.61872 5.6209 5.72275 5.75405 4.06871 0 0 0 0 0 0 0 0 19.6872 13.8587 8.08673 5.74114 5.77 5.77 5.77 5.77 5.77 5.77 5.77 5.77 5.77 5.77 5.77 5.77 5.77 5.77 5.77 5.77 5.77 5.77 5.77 5.77 5.77 5.77 5.77 5.77 5.59403 0 0 0
5.77 5.77 5.77 5.77 5.77 5.77 5.77 5.77 5.77 5.77 5.77 5.77 5.77 5.77 5.77 5.77 5.77 5.77 5.77 5.77 5.77 5.77 5.77 5.77 5.77 5.77 5.77 5.77 5.77 5.77 5.77 5.77 5.77 5.77 5.77 5.77 5.77 5.77 5.77 5.77 5.77 5.77 5.77 5.30297 0 0 0 0 0 0 0 0 10.2428 16.2798 11.464 5.72467 5.77 5.77 5.77 5.77 5.77 5.77 5.77 5.77 5.77 5.77 5.77 5.77 5.77 5.77 5.77 5.77 5.77 5.77 5.77 5.77 5.77 5.77 5.77 5.77 5.00834 0 0 0
5.77 5.77 5.77 5.77 5.77 5.77 5.77 5.77 5.77 5.77 5.77 5.77 5.77 5.77 5.77 5.77 5.77 5.77 5.77 5.77 5.77 5.77 5.77 5.77 5.77 5.77 5.77 5.77 5.77 5.77 5.77 5.77 5.77 5.77 5.77 5.77 5.77 5.77 5.77 5.77 5.77 5.77 5.77 5.71543 4.86635 0 0 0 0 0 0 0 0 17.2865 11.4585 5.69508 5.76329 5.77 5.77 5.77 5.77 5.77 5.77 5.77 5.77 5.77 5.77 5.77 5.77 5.77 5.77 5.77 5.77 5.77 5.77 5.77 5.77 5.77 5.77 5.77 2.7372 0 0 0
5.77 5.77 5.77 5.77 5.77 5.77 5.77 5.77 5.77 5.77 5.77 5.77 5.77 5.77 5.77 5.77 5.77 5.77 5.77 5.77 5.77 5.77 5.77 5.77 5.77 5.77 5.77 5.77 5.77 5.77 5.77 5.77 5.77 5.77 5.77 5.77 5.77 5.77 5.77 5.77 5.77 5.77 5.77 5.77 5.68206 1.30109 0 0 0 0 0 0 0 19.0842 13.8531 8.07207 5.73962 5.77 5.77 5.77 5.77 5.77 5.77 5.77 5.77 5.77 5.77 5.77 5.77 5.77 5.77 5.77 5.77 5.77 5.77 5.77 5.77 5.77 5.77 5.75666 0 0 0 0
5.77 5.77 5.77 5.77 5.77 5.77 5.77 5.77 5.77 5.77 5.77 5.77 5.77 5.77 5.77 5.77 5.77 5.77 5.77 5.77 5.77 5.77 5.77 5.77 5.77 5.77 5.77 5.77 5.77 5.77 5.77 5.77 5.77 5.77 5.77 5.77 5.77 5.77 5.77 5.77 5.77 5.77 5.77 5.77 5.7381 4.46427 0 0 0 0 0 0 0 3.66025 16.2626 11.4334 5.67411 5.75611 5.76585 5.76684 5.76754 5.76905 5.77 5.77 5.77 5.77 5.77 5.77 5.77 5.77 5.77 5.77 5.77 5.77 5.77 5.77 5.77 5.77 5.77 5.64218 0 0 0 0
5.77 5.77 5.77 5.77 5.77 5.77 5.77 5.77 5.77 5.77 5.77 5.77 5.77 5.77 5.77 5.77 5.77 5.77 5.77 5.77 5.77 5.77 5.77 5.77 5.77 5.77 5.77 5.77 5.77 5.77 5.77 5.77 5.77 5.77 5.77 5.77 5.77 5.77 5.77 5.77 5.77 5.77 5.77 5.77 5.77 5.59842 3.41158 0 0 0 0 0 0 0 19.6617 13.8165 8.0271 6.0642 6.10882 6.13661 6.15492 5.76838 5.77 5.77 0 0 5.65715 5.76036 5.77 5.77 5.77 5.77 5.77 5.77 5.77 5.77 5.77 5.77 5.77 5.19507 0 0 0 0
5.77 5.77 5.77 5.77 5.77 5.77 5.77 5.77 5.77 5.77 5.77 5.77 5.77 5.77 5.77 5.77 5.77 5.77 5.77 5.77 5.77 5.77 5.77 5.77 5.77 5.77 5.77 5.77 5.77 5.77 5.77 5.77 5.77 5.77 5.77 5.77 5.77 5.77 5.77 5.77 5.77 5.77 5.77 5.77 5.77 5.76537 5.50654 0 0 0 0 0 0 0 22.0504 16.192 14.1976 12.229 13.8905 8.12667 5.76082 5.76925 5.77 2.0117 0 0 8.13828 5.34726 5.75956 5.77 5.77 5.77 5.77 5.77 5.77 5.77 5.77 5.77 5.77 3.46123 0 0 0 0
5.77 5.77 5.77 5.77 5.77 5.77 5.77 5.77 5.77 5.77 5.77 5.77 5.77 5.77 5.77 5.77 5.77 5.77 5.77 5.77 5.77 5.77 5.77 5.77 5.77 5.77 5.77 5.77 5.77 5.77 5.77 5.77 5.77 5.77 5.77 5.77 5.77 5.77 5.77 5.77 5.77 5.77 5.77 5.77 5.77 5.77 5.65973 2.57289 0 0 0 0 0 0 0 26.1823 20.3762 17.2388 11.4608 5.68484 5.76028 5.76922 5.74728 0 0 0 0 8.10647 5.71176 5.75828 5.77 5.77 5.77 5.77 5.77 5.77 5.77 5.77 5.76601 0 0 0 0 0
5.77 5.77 5.77 5.18234 2.49722 5.76366 5.76701 5.77 5.77 5.77 5.77 5.77 5.77 5.77 5.77 5.77 5.77 5.77 5.77 5.77 5.77 5.77 5.77 5.77 5.77 5.77 5.77 5.77 5.77 5.77 5.77 5.77 5.77 5.77 5.77 5.77 5.77 5.77 5.77 5.77 5.77 5.77 5.77 5.77 5.77 5.77 5.75453 4.13138 0 0 0 0 0 0 13.8606 19.9104 25.3947 19.6195 13.8267 8.0624 6.11204 5.75961 5.37575 0 0 0 0 13.9159 8.02598 5.68105 5.7584 5.77 5.77 5.77 5.77 5.77 5.77 5.77 5.67894 0 0 0 0 0
5.77 5.77 5.77 1.19932 0 8.14934 5.74965 5.76516 5.76963 5.77 5.77 5.77 5.77 5.77 5.77 5.77 5.77 5.77 5.77 5.77 5.77 5.77 5.77 5.77 5.77 5.77 5.77 5.77 5.77 5.77 5.77 5.77 5.77 5.77 5.77 5.77 5.77 5.77 5.77 5.77 5.77 5.77 5.77 5.77 5.77 5.77 5.77 0 0 0 0 0 0 0 0 13.8597 27.8227 22.0109 16.2312 14.2539 11.5067 5.7465 5.63412 0 0 0 0 0 13.5833 7.97036 5.70506 5.7649 5.77 5.77 5.77 5.77 5.77 5.77 5.33762 0 0 0 0 0
5.77 5.77 5.73682 0 0 0 8.11923 6.09841 5.75497 5.76816 5.77 5.77 5.77 5.77 5.77 5.77 5.77 5.77 5.77 5.77 5.77 5.77 5.77 5.77 5.77 5.77 5.77 5.77 5.77 5.77 5.77 5.77 5.77 5.77 5.77 5.77 5.77 5.77 5.77 5.77 5.77 5.77 5.77 5.77 5.77 5.77 0 0 0 0 0 0 0 0 0 0 0 24.4298 22.4272 19.6658 11.4839 5.72542 5.76575 0 0 0 0 0 16.1311 13.8295 8.09117 5.75102 5.77 5.77 5.77 5.77 5.77 5.77 4.01398 0 0 0 0 0
5.77 5.77 5.067 0 0 0 13.9073 11.8706 8.10569 5.7554 5.77 5.77 5.77 5.77 5.77 5.77 5.77 5.77 5.77 5.77 5.77 5.77 5.77 5.77 5.77 5.77 5.77 5.77 5.77 5.77 5.77 5.77 5.77 5.77 5.77 5.77 5.77 5.77 5.77 5.77 5.77 5.77 5.77 5.77 5.77 0 0 0 0 0 0 0 0 0 0 0 0 30.6176 27.8307 19.6488 13.87 8.09655 5.71563 0 0 0 0 0 22.0416 16.245 11.4722 5.73079 5.77 5.77 5.77 5.77 5.77 5.77 0 0 0 0 0 0
5.77 5.77 0 0 0 0 10.1329 16.2488 11.5094 5.73703 5.76535 5.77 5.77 5.77 5.77 5.77 5.77 5.77 5.77 5.77 5.77 5.77 5.77 5.77 5.77 5.77 5.77 5.77 5.77 5.77 5.77 5.77 5.77 5.77 5.77 5.77 5.77 5.77 5.77 5.77 5.77 5.77 5.77 4.36289 0 0 0 0 0 0 0 0 0 0 0 0 0 0 27.7331 22.0399 16.263 13.8638 8.04062 13.8568 0 0 0 0 24.2183 19.6294 11.4375 5.7057 5.76538 5.77 5.77 5.77 5.77 5.70684 0 0 0 0 0 0
5.77 5.54406 0 0 0 0 0 18.8022 13.9 8.12037 5.75558 5.77 5.77 5.77 5.77 5.77 5.77 5.77 5.77 5.77 5.77 5.77 5.77 5.77 5.77 5.77 5.77 5.77 5.77 5.77 5.77 5.77 5.77 5.77 5.77 5.77 5.77 5.77 5.77 5.77 5.77 5.77 0 0 0 8.12889 6.14321 6.15406 0 0 0 0 0 0 0 0 0 0 30.1755 24.4332 22.0579 16.2578 0 0 0 15.1319 0 32.579 27.7976 19.6039 13.8323 8.07904 5.75014 5.77 5.77 5.77 5.77 5.44644 0 0 0 0 0 0
5.77 5.12652 0 0 0 0 0 0 16.3086 11.5023 5.74263 5.77 5.77 5.77 5.77 5.77 5.77 5.77 5.77 5.77 5.77 5.77 5.77 5.77 5.77 5.77 5.77 5.77 5.77 5.77 5.77 5.77 5.77 5.77 5.77 5.77 5.77 5.77 5.77 5.77 5.77 0 0 0 0 13.9048 8.14677 0 8.05575 0 0 0 0 0 0 0 0 0 38.3548 24.4188 22.0721 19.6928 0 11.0682 0 16.267 0 35.9898 27.785 22.0116 16.2303 11.4617 5.71813 5.76661 5.77 5.77 5.77 0.644385 0 0 0 0 0 0
5.77 5.58308 0 0 0 0 0 0 17.2991 11.4939 5.73273 5.77 5.77 5.77 5.77 5.77 5.77 5.77 5.77 5.77 5.77 5.77 5.77 5.77 5.77 5.77 5.77 5.77 5.77 5.77 5.77 5.77 5.77 5.77 5.77 5.77 5.77 5.77 5.77 5.77 3.56183 0 0 0 16.3154 11.5197 5.75248 0 0 0 0 0 0 0 0 0 0 0 48.9009 21.9962 19.6866 18.7567 0 0 0 0 0 0 30.2095 24.4125 19.6319 13.8527 8.09995 5.75412 5.77 5.77 5.72961 0 0 0 0 0 0 0
5.77 5.69642 3.64875 0 0 0 0 0 17.2812 11.478 5.73127 5.76781 5.77 5.77 5.77 5.77 5.77 5.77 5.77 5.77 5.77 5.77 5.77 5.77 5.77 5.77 5.77 5.77 5.77 5.77 5.77 5.77 5.77 5.77 5.77 5.77 5.77 5.77 5.77 5.76731 0 0 0 5.73534 13.9159 8.13715 5.763 0 0 0 0 0 0 0 0 0 0 0 46.3749 19.5838 19.6979 18.8847 15.3628 3.01184 0 0 0 0 0 27.8194 22.0244 16.2571 11.4825 5.73979 5.77 5.77 0 0 0 0 0 0 0 0
5.77 5.76843 5.31023 0 0 0 0 0 16.2775 13.9044 8.13722 5.76663 5.77 5.77 5.77 5.77 5.77 5.77 5.77 5.77 5.77 5.77 5.77 5.77 5.77 5.77 5.77 5.77 5.77 5.77 5.77 5.77 5.77 5.77 5.77 5.77 5.77 5.77 5.77 0 0 0 0 15.2631 11.52 5.7522 0 0 0 0 0 0 0 0 0 0 0 0 48.9107 19.6059 19.7 19.6698 19.3631 17.1604 5.05279 0 0 0 0 30.2251 24.4251 17.2391 11.4674 5.7201 5.76707 0 0 0 0 0 0 0 0 0
5.77 5.77 4.53716 0 0 0 0 0 13.8914 8.11526 5.75062 5.76835 5.77 5.77 5.77 5.77 5.77 5.77 5.77 5.77 5.77 5.77 5.77 5.77 5.77 5.77 5.77 5.77 5.77 5.77 5.77 5.77 5.77 5.77 5.77 5.77 5.77 5.77 0 0 0 0 0 16.7185 11.5227 0 0 0 0 0 0 0 0 0 0 0 0 52.3341 54.4396 19.6232 19.7 19.7 19.7 19.7 19.7 19.7 0 0 0 32.6277 25.4109 19.6364 13.8575 8.10215 5.75547 0 0 0 0 0 0 0 0 0
5.77 5.77 0.950891 0 0 0 0 5.77211 11.5043 5.74069 5.7676 5.77 5.77 5.77 5.77 5.76919 5.76847 5.76857 5.77 5.77 5.77 5.77 5.77 5.77 5.77 5.77 5.77 5.77 5.77 5.77 5.77 5.77 5.77 5.77 5.77 5.77 5.77 0 0 0 0 0 0 15.0518 11.5212 0 0 0 0 0 0 0 0 0 0 0 0 54.6612 21.8505 19.6591 19.7 19.7 19.7 19.7 19.4256 4.15876 0 0 0 33.618 27.8133 22.0303 16.2574 11.4818 5.73387 5.76759 0 0 0 0 0 0 0 0
5.77 5.73357 0 0 0 0 0 13.9193 8.13209 5.76104 5.77 5.77 5.77 5.77 5.77 5.76804 8.02125 5.76714 5.77 5.77 5.77 5.77 5.77 5.77 5.77 5.77 5.77 5.77 5.77 5.77 5.77 5.77 5.77 5.77 5.77 5.77 0 0 0 0 0 0 0 8.91647 13.9098 8.12205 13.8943 0 0 0 0 0 0 0 30.1897 39.5133 0 56.9685 19.4658 19.6954 19.7 19.7 19.7 19.7 18.5958 0 0 0 0 10.6074 30.2086 24.4316 19.6469 13.8763 8.11666 5.75992 0 0 0 0 0 0 0 0
0 0 0 0 0 0 5.23143 11.5234 5.75238 5.76818 5.77 5.77 5.77 5.77 5.77 5.76859 7.84288 5.76777 5.76859 5.77 5.77 5.77 5.77 5.77 5.77 5.77 5.77 5.77 5.77 5.77 5.77 5.77 5.77 5.77 5.77 0 0 0 0 0 0 0 0 0 16.3142 16.3127 13.9219 0 0 0 0 0 0 0 0 0 0 58.9985 21.6202 19.6171 19.6978 0 0 0 0 0 0 0 0 10.5768 32.5433 27.8192 22.0471 16.2702 11.503 5.7502 0 0 0 0 0 0 0 0
0 0 0 0 0 0 8.14305 5.75355 5.76605 5.77 5.77 5.77 5.77 5.77 5.77 5.76938 5.76799 8.15925 5.7679 5.77 5.77 5.77 5.77 5.77 5.77 5.77 5.77 5.77 5.77 5.77 5.77 5.77 5.77 5.77 0 0 0 0 0 0 0 0 0 0 13.9132 11.5192 8.13623 0 0 0 0 0 0 0 0 0 0 47.0485 58.4268 21.646 19.6292 0 0 0 0 0 0 0 0 0 0 30.2326 24.4413 19.6635 11.4907 5.73915 0 0 0 0 0 0 0 0
0 0 0 0 17.3014 11.5192 5.71394 5.76827 5.77 5.77 5.77 5.77 5.77 5.67576 5.46648 5.71658 5.76861 7.84306 5.76815 5.76898 5.77 5.77 5.77 5.77 5.77 5.77 5.77 5.77 5.77 5.77 5.77 5.77 5.77 0 0 0 0 0 0 0 0 0 0 0 8.14663 5.75489 5.7637 0 0 0 0 0 0 0 0 0 0 0 58.3155 45.1305 0 0 0 0 0 0 0 0 0 0 0 0 27.841 19.6599 13.8897 8.10599 13.9073 0 0 0 0 0 0 0
0 0 0 22.0662 17.2873 11.5123 5.75238 5.77 5.77 5.77 5.77 5.77 0 0 0 5.67069 5.76647 5.76696 8.1578 5.76731 5.77 5.77 5.77 5.77 5.77 5.77 5.77 5.77 5.77 5.77 5.77 5.77 0 0 0 0 0 0 0 0 0 0 0 0 5.75687 5.76434 0 0 0 0 0 0 0 0 0 0 0 0 0 65.5045 5.40646 0 19.6856 19.698 19.7 19.7 19.7 19.7 19.7 0 0 0 27.8475 22.0708 13.0099 22.0621 16.285 22.0674 0 0 0 0 0 0
0 0 0 15.5408 19.6638 11.4992 5.73822 5.76769 5.77 5.77 5.76992 5.62479 0 0 2.88206 8.15757 13.9282 8.15956 11.5395 5.76643 5.76919 5.77 5.77 5.77 5.77 5.77 5.77 5.77 5.77 5.77 5.77 0 0 0 0 0 0 0 0 0 0 0 0 0 0 0 0 0 0 0 0 0 0 0 0 0 0 0 0 0 68.8283 0 22.0098 0 19.698 19.0734 5.64951 0 0 0 0 0 0 0 0 0 28.6657 24.4549 30.2328 0 0 0 0 0
0 0 0 33.0205 19.6416 13.8834 8.11321 5.74889 5.76587 5.76602 5.768 6.15938 0 0 0 11.5379 8.15684 5.76672 7.18631 8.15834 5.76761 5.77 5.77 5.77 5.77 5.77 5.77 5.77 5.77 5.77 0 0 0 0 0 0 0 0 0 0 0 0 0 0 0 0 0 0 0 0 0 0 0 0 0 0 0 0 0 0 0 0 0 22.0099 0 19.6978 0 0 0 0 0 0 0 0 0 0 32.6185 38.1503 32.623 38.398 0 0 0 0
0 0 0 39.8066 22.0072 16.2685 13.8929 8.12429 6.13334 7.96097 8.15262 5.76626 0 0 0 5.76786 5.76857 5.76922 5.76714 11.5394 5.76702 5.77 5.77 5.77 5.77 5.77 5.77 5.77 5.77 0 0 0 0 0 0 0 0 0 0 0 0 0 0 0 0 0 0 0 0 0 0 0 0 0 0 0 0 0 0 0 0 0 0 0 22.0633 0 19.6978 19.7 19.7 19.7 19.7 19.7 0 0 0 0 0 40.7854 46.5067 40.7897 46.5612 0 0 0
0 0 0 46.5224 24.3486 22.0296 16.274 14.2873 14.2954 14.3037 11.5237 5.75423 5.769 0 0 4.40588 5.77 5.77 5.76811 8.89632 5.76788 5.77 5.77 5.77 5.77 5.77 5.77 5.77 0 0 0 0 0 0 0 0 0 0 0 0 0 0 0 0 0 0 0 0 0 0 0 0 0 0 0 0 0 0 0 0 0 0 0 0 0 22.0651 0 19.6977 19.7 19.7 19.7 0 0 0 0 0 0 0 48.931 0 48.4848 54.7195 0 0
0 0 0 39.1353 54.6372 24.2769 28.2171 22.4543 20.4619 19.6849 13.9017 8.1395 5.76831 5.46437 5.49287 5.71697 5.77 5.77 5.76933 5.769 5.76935 5.77 5.77 5.77 5.77 5.77 5.77 0 0 0 0 0 0 0 0 0 0 0 0 0 0 0 0 0 0 0 0 0 0 0 0 0 0 0 0 0 0 0 0 0 0 0 0 0 0 24.3799 22.0646 19.6848 19.6977 19.7 19.7 19.7 19.7 19.7 0 0 22.0571 57.0548 22.0861 0 79.2002 57.1035 54.5998 0
0 0 8.24975 47.2139 57.0988 62.8383 30.5968 28.2306 23.0564 17.2773 11.4938 5.73192 5.76669 5.77 5.77 5.77 5.77 5.77 5.77 5.77 5.77 5.77 5.77 5.77 5.77 5.77 0 0 0 0 0 0 0 0 0 0 0 0 0 0 0 0 0 0 0 0 0 0 0 0 0 0 0 0 0 0 0 0 0 0 0 0 0 0 91.8504 0 24.4384 22.0628 19.6842 19.6976 19.7 19.7 19.498 13.8143 0 0 0 22.0621 65.2421 30.2455 46.9275 188.647 64.8431 62.5709
