tests/full-run-ref/erosion_85_12_73.353.asc
ncols 512
nrows 512
xllcorner -3.24582
yllcorner -4.08743
cellsize 5
NODATA_value -99999
[rows 29 to 57 of 512, columns 268 to 334 of 512]
5.77 5.76977 5.76973 5.76986 5.76989 5.76989 5.76997 5.77012 5.7699 5.76993 5.77016 5.76996 5.77 5.77012 5.51213 7.67386 5.16537 5.76998 5.77 5.76987 5.76993 5.7697 5.77016 5.77013 5.76997 5.76998 5.77011 5.77001 5.76981 5.77009 5.26208 5.27773 4.83273 5.77 5.76989 5.7698 5.76979 5.77 5.76982 5.76972 5.76974 5.76995 5.76998 5.76998 5.76989 5.76987 5.77 5.77 5.77 5.76999 5.77 5.77 5.77 5.76999 5.76999 5.77 5.76999 5.77 5.77 5.77 5.77 5.77 5.76999 5.77 5.77 5.76999 5.76999
5.76989 5.77017 5.76988 5.76985 5.77013 5.76991 5.76998 5.77013 5.76995 5.76991 5.77016 5.76999 5.76997 5.76999 4.46686 3.47428 4.35367 5.76997 5.77016 5.76985 5.77006 5.76974 5.77014 5.77007 5.76995 5.77 5.76999 5.76997 5.76996 5.76998 4.90707 6.6857 4.72899 5.77 5.7699 5.77011 5.76998 5.76994 5.76996 5.77011 5.76989 5.77003 5.76994 5.77 5.77 5.77 5.77 5.77 5.76995 5.76994 5.76992 5.76999 5.77 5.76999 5.77 5.77 5.77 5.76999 5.76999 5.76999 5.76999 5.76999 5.76999 5.76999 5.76999 5.76999 5.77
5.76996 5.7697 5.77 5.76984 5.76991 5.7699 5.7701 5.76986 5.76999 5.77011 5.76987 5.76992 5.52161 5.66117 5.31915 5.77001 5.76994 5.76999 5.77 5.76986 5.76998 4.92699 5.67646 5.44145 5.77013 5.77016 5.77007 5.76989 5.76992 5.77017 5.13012 5.17036 4.66372 5.77 5.76982 5.76978 5.76994 5.77013 5.76994 5.76981 5.76986 5.76999 5.76993 5.77 5.76999 5.77 5.76999 5.76999 5.76986 5.77004 5.7699 5.77 5.77 5.76999 5.77 5.76999 5.76999 5.76999 5.77 5.77 5.77 5.77 5.77 5.77 5.77 5.76999 5.76999
5.76988 5.76991 5.76989 5.76995 5.77 5.76989 5.76982 5.76997 5.76999 5.77015 5.76985 5.76997 5.28062 6.31158 5.2353 5.76984 5.76995 5.77009 5.76998 5.76997 5.77005 4.84366 6.54015 5.55476 5.76992 5.76992 5.77017 5.76999 5.76994 5.77002 5.76998 5.77015 5.7697 5.77 5.77 5.76983 5.76996 5.76997 5.76979 5.77 5.76995 5.77003 5.76991 5.76999 5.77 5.77 5.77 5.76999 5.76992 5.76981 5.76996 5.76999 5.77 5.76999 5.76999 5.77 5.77 5.77 5.76999 5.76999 5.76999 5.76999 5.76999 5.77 5.77 5.76999 5.76999
5.77016 5.76998 5.77014 5.7698 5.76993 5.7699 5.77002 5.76962 5.77012 5.76997 5.76992 5.77004 5.40549 5.56195 5.64381 5.77015 5.76998 5.76978 5.76997 5.76989 5.76995 5.25174 5.60263 5.53124 5.77 5.76987 5.77017 5.77001 5.76996 5.77009 5.76997 5.76993 5.76984 5.7698 5.76973 5.76995 5.77013 5.76986 5.76999 5.77 5.7699 5.76988 5.76992 5.77 5.77 5.76999 5.77 5.77 5.77 5.77 5.77 5.76999 5.76999 5.76999 5.76999 5.76999 5.76999 5.76999 5.76999 5.76999 5.76999 5.76999 5.76999 5.76999 5.76999 5.76999 5.76999
5.76965 5.76992 5.76999 5.76995 5.77007 5.76987 5.76985 5.76971 5.77013 5.76999 5.76997 5.76998 5.76995 5.77008 5.76998 5.76996 5.76974 5.77 5.76982 5.77008 5.76991 5.76996 5.76998 5.77004 5.76999 5.76987 5.77017 5.76999 5.76999 5.77008 5.77013 5.76998 5.77003 5.76997 5.77013 5.76997 5.76994 5.76983 5.77 5.77 5.76999 5.77 5.77 5.76999 5.77 5.76999 5.77 5.76999 5.76999 5.77 5.77 5.77 5.76999 5.76999 5.77 5.77 5.77 5.77 5.76999 5.77 5.76999 5.76999 5.76999 5.77 5.76999 5.77 5.76999
5.76992 5.76997 5.77015 5.76976 5.76992 5.76992 5.76977 5.7701 5.76993 5.76999 5.77005 5.76989 5.76994 5.76991 5.76998 5.77002 5.76993 5.76988 5.76998 5.76983 5.76986 5.77014 5.75743 5.74694 5.75084 5.76999 5.77012 5.77006 5.76997 5.76998 5.76993 5.76995 5.76994 5.76996 5.76995 5.76994 5.77 5.77 5.76999 5.76999 5.76998 5.76994 5.76997 5.77 5.76999 5.77 5.77 5.76999 5.77 5.76999 5.76999 5.76999 5.77 5.76999 5.77 5.76999 5.77 5.77 5.76999 5.76999 5.77 5.77 5.77 5.77 5.77 5.77 5.77
5.77014 5.76983 5.76985 5.76998 5.7699 5.77006 5.76961 5.77016 5.76997 5.76991 5.77014 5.76998 5.77014 5.76986 5.76997 5.76997 5.76991 5.77006 5.76987 5.76999 5.77017 5.76991 5.74246 5.83813 5.68493 5.76989 5.76971 5.77016 5.76999 5.76996 5.77 5.7699 5.77008 5.7699 5.76998 5.76996 5.76995 5.76999 5.77 5.76999 5.76996 5.77002 5.76995 5.77 5.77 5.76999 5.77 5.76999 5.76999 5.76999 5.76999 5.77 5.76999 5.77 5.76999 5.76999 5.76999 5.76999 5.76999 5.76999 5.76999 5.76999 5.76999 5.76999 5.76999 5.76999 5.76999
5.76973 5.76999 5.76998 5.76984 5.76995 5.76993 5.76957 5.77018 5.7698 5.76998 5.77 5.76993 5.76982 5.76997 5.77012 5.76989 5.76995 5.76994 5.76988 5.77013 5.76987 5.76994 5.73681 5.74526 5.69602 5.77001 5.76984 5.76994 5.77013 5.77016 5.76999 5.76996 5.7699 5.76992 5.76994 5.77008 5.76983 5.76994 5.76987 5.76994 5.76992 5.76989 5.76982 5.77 5.76999 5.76999 5.77 5.76999 5.76999 5.77 5.77 5.77 5.76999 5.76999 5.76999 5.76999 5.76999 5.76999 5.76999 5.76999 5.76999 5.76999 5.76999 5.76999 5.76999 5.76999 5.76999
5.76994 5.76993 5.77013 5.76991 5.77005 5.76994 5.76964 5.77016 5.76992 5.76997 5.76999 5.76996 5.76995 5.76999 5.76994 5.76999 5.76982 5.77 5.77008 5.76981 5.76985 5.76996 5.76994 5.77015 5.76981 5.76984 5.7698 5.76999 5.76993 5.76997 5.77016 5.77 5.76999 5.76994 5.76993 5.76997 5.76975 5.76988 5.77004 5.76991 5.7699 5.7701 5.76976 5.76999 5.76999 5.76999 5.76999 5.76999 5.76999 5.77 5.76999 5.76999 5.77 5.76999 5.76999 5.76999 5.77 5.76999 5.76999 5.76999 5.76999 5.77 5.77 5.77 5.77 5.76999 5.76999
5.76998 5.76998 5.76985 5.76996 5.76996 5.76996 5.76995 5.77009 5.76985 5.7699 5.77011 5.76991 5.76991 5.77017 5.76989 5.76999 5.77015 5.76998 5.76983 5.76988 5.77004 5.76985 5.76999 5.76998 5.76991 5.76989 5.77016 5.76992 5.76994 5.76999 5.77015 5.76999 5.77015 5.76999 5.7699 5.77013 5.76991 5.76979 5.76984 5.76996 5.76995 5.76996 5.76984 5.77001 5.76997 5.77 5.76999 5.76999 5.76999 5.77 5.76999 5.77 5.77 5.77 5.77 5.76999 5.77 5.77 5.77 5.77 5.77 5.77 5.76999 5.76999 5.76999 5.76999 5.76999
5.76999 5.76995 5.76993 5.77014 5.76983 5.77 5.76994 5.77 5.76993 5.77 5.7699 5.77005 5.76998 5.76999 5.76989 5.7698 5.76972 5.7697 5.76991 5.76998 5.7699 5.7697 5.77014 5.76971 5.77 5.76977 5.76997 5.76987 5.76999 5.77014 5.76999 5.77012 5.76999 5.76993 5.76984 5.76988 5.76994 5.77013 5.76991 5.76995 5.76997 5.76996 5.76999 5.76998 5.76998 5.76999 5.77 5.76999 5.77 5.76999 5.76999 5.76999 5.77 5.76998 5.76999 5.76999 5.77 5.76999 5.76999 5.76999 5.76999 5.76999 5.76999 5.77 5.76999 5.76999 5.76999
5.76991 5.77015 5.76982 5.76966 5.77 5.76992 5.76998 5.76996 5.77012 5.76986 5.76985 5.77008 5.7698 5.76999 5.76995 5.76993 5.77004 5.76996 5.77003 5.76992 5.77 5.76975 5.76999 5.76967 5.77 5.76999 5.77 5.77 5.76953 5.77017 5.76995 5.77014 5.76982 5.76995 5.77 5.77 5.76991 5.76972 5.76987 5.76994 5.7701 5.76996 5.76996 5.76991 5.76981 5.76983 5.76982 5.76999 5.77 5.76999 5.77 5.76999 5.76998 5.76999 5.77 5.77 5.77 5.76999 5.76999 5.76999 5.76999 5.76999 5.76999 5.76999 5.76999 5.76999 5.76999
5.76999 5.76978 5.76988 5.77 5.76982 5.77012 5.7699 5.76994 5.76997 5.76996 5.76994 5.77016 5.7699 5.76997 5.77008 5.76988 5.7699 5.76988 5.76989 5.76994 5.76977 5.76991 5.76997 5.76999 5.76999 5.76999 5.77 5.77 5.76952 5.77012 5.76998 5.76987 5.77008 5.76972 5.77 5.77 5.76979 5.76989 5.76993 5.76996 5.76997 5.76995 5.76994 5.77008 5.77 5.77008 5.76986 5.77 5.76998 5.76997 5.76997 5.77 5.77 5.76999 5.77 5.76999 5.76999 5.76999 5.76999 5.76999 5.76998 5.76999 5.76999 5.76999 5.76999 5.76999 5.76998
5.77 5.77 5.7699 5.76995 5.76997 5.76997 5.76995 5.76996 5.77003 5.76998 5.76993 5.77008 5.7699 5.76996 5.76998 5.76997 5.76983 5.76976 5.77 5.77 5.76958 5.77015 5.76973 5.76999 5.77 5.76999 5.76989 5.76989 5.76987 5.77005 5.76999 5.76997 5.77014 5.76984 5.77 5.77 5.76993 5.77013 5.76996 5.76998 5.76991 5.77 5.76995 5.76984 5.76983 5.76987 5.76992 5.7698 5.76996 5.77001 5.76994 5.76999 5.76998 5.76997 5.76996 5.77 5.76999 5.76999 5.76999 5.76999 5.76999 5.76999 5.77 5.76999 5.76999 5.76999 5.76999
5.76997 5.76997 5.76966 5.77016 5.76997 5.76998 5.77014 5.76997 5.76986 5.76992 5.76999 5.76997 5.76994 5.76994 5.76995 5.76994 5.77015 5.76985 5.7698 5.76966 5.76997 5.76972 5.76977 5.77 5.76999 5.77 5.76988 5.77007 5.76994 5.76999 5.76994 5.77 5.77 5.76995 5.76984 5.76985 5.76996 5.7699 5.76994 5.77015 5.76975 5.76996 5.76975 5.76984 5.77 5.76979 5.77012 5.76977 5.76998 5.76994 5.76995 5.76995 5.76997 5.77002 5.76995 5.77 5.77 5.77 5.76999 5.77 5.77 5.76999 5.77 5.76999 5.76999 5.76999 5.77
5.77016 5.76999 5.76999 5.76967 5.76998 5.76992 5.76997 5.76995 5.76993 5.77013 5.76981 5.77002 5.76997 5.77004 5.7699 5.76972 5.76969 5.76997 5.7699 5.77013 5.76975 5.77 5.77 5.77 5.77 5.77 5.76991 5.76996 5.76986 5.76981 5.76986 5.76996 5.77015 5.76998 5.77018 5.7699 5.7701 5.76985 5.76993 5.76995 5.76989 5.76987 5.77011 5.76991 5.76995 5.76999 5.76984 5.7699 5.7699 5.76988 5.77003 5.76991 5.76998 5.76995 5.76997 5.76999 5.77 5.76999 5.77 5.77 5.77 5.76999 5.76999 5.76999 5.76999 5.77 5.76999
5.76996 5.76988 5.76985 5.76998 5.76987 5.77014 5.76997 5.77009 5.76991 5.76997 5.76998 5.76989 5.76995 5.76992 5.76994 5.77 5.77 5.77 5.76996 5.76979 5.76983 5.76995 4.27248 3.66516 3.52018 5.77 5.77 5.76981 5.77016 5.77 5.77017 5.76992 5.77 5.7699 5.76993 5.76987 5.76981 5.76992 5.77 5.76995 5.76996 5.77 5.76963 5.76995 5.77012 5.76968 5.77001 5.76985 5.77007 5.76974 5.76992 5.76993 5.77 5.77 5.77 5.76999 5.77 5.76999 5.77 5.76999 5.76999 5.76999 5.77 5.76999 5.76999 5.77 5.77
5.76996 5.7701 5.76984 5.77002 5.76986 5.76975 5.76984 5.76981 5.76985 5.76971 5.77016 5.76991 5.7699 5.76976 5.76999 5.77 5.76983 5.76993 5.76986 5.76991 5.77004 5.76992 3.8447 6.86399 3.47952 5.77 5.77 5.7697 5.76992 5.76999 5.76976 5.76975 5.77 5.76998 5.76999 5.77005 5.76992 5.77 5.77 5.76986 5.77011 5.76984 5.77 5.76993 5.76999 5.76986 5.76978 5.7699 5.76989 5.76983 5.77 5.77 5.77 5.76999 5.77 5.76999 5.76999 5.77 5.77 5.76999 5.76999 5.76999 5.76999 5.76999 5.77 5.77 5.76999
5.76982 5.76977 5.7699 5.76993 5.76997 5.76993 5.77005 5.76988 5.77 5.76978 5.76999 5.76992 5.77014 5.76963 5.76997 5.76998 5.76972 5.77014 5.76964 5.76996 5.76991 5.76992 3.51696 2.66558 3.30516 5.77 5.76988 5.76987 5.76972 5.77017 5.76967 5.77 5.77 5.76996 5.77016 5.76998 5.76996 5.77 5.76988 5.76993 5.76997 5.76995 5.76992 5.76994 5.77012 5.77 5.77012 5.76987 5.7699 5.76989 5.76976 5.77 5.77 5.77 5.76995 5.76994 5.76991 5.77 5.76999 5.76999 5.76999 5.76999 5.76999 5.77 5.77 5.77 5.76999
5.76999 5.76993 5.76969 5.76992 5.76998 5.76996 5.76992 5.76994 5.76976 5.7697 5.76987 5.76992 5.76976 5.76979 5.77002 5.76986 5.76994 5.76976 5.76975 5.77002 5.76996 5.77 5.77 5.77 5.77 5.76999 5.76984 5.77009 5.76986 5.76986 5.76981 5.77 5.77 5.76999 5.77003 5.76993 5.76995 5.76977 5.76986 5.77011 5.76994 5.77006 5.76991 5.76987 5.76999 5.76993 5.76976 5.76986 5.76981 5.77011 5.76982 5.77 5.76999 5.76998 5.76991 5.77004 5.76986 5.77 5.76999 5.76999 5.76998 5.77 5.76999 5.77 5.76999 5.77 5.76999
5.77 5.77004 5.77017 5.77003 5.77001 5.77 5.76999 5.77003 5.76995 5.77013 5.76997 5.7701 5.76976 5.76997 5.76994 5.76973 5.77012 5.76976 5.76994 5.76995 5.76991 5.76999 5.76999 5.76999 5.76999 5.76999 5.76995 5.76991 5.76987 5.76996 5.77 5.76996 5.76999 5.76999 5.76999 5.77 5.76989 5.77014 5.76999 5.76987 5.76989 5.76995 5.76994 5.76997 5.77014 5.76989 5.77004 5.76996 5.76969 5.76985 5.76983 5.76998 5.77001 5.76996 5.76991 5.7699 5.76991 5.76999 5.77 5.76999 5.77 5.76999 5.77 5.76999 5.77 5.76999 5.77
5.76993 5.76962 5.76958 5.76993 5.76995 5.76995 5.76999 5.76998 5.76989 5.76983 5.76982 5.76989 5.76979 5.77 5.76999 5.76974 5.76982 5.76992 5.7698 5.77003 5.76985 5.76999 5.76999 5.76983 5.76988 5.76989 5.77 5.77 5.77017 5.76999 5.77005 5.77016 5.76999 5.76999 5.7699 5.76989 5.77005 5.76982 5.76987 5.76989 5.76982 5.76993 5.77012 5.76991 5.76992 5.76986 5.76994 5.76994 5.76997 5.77002 5.76995 5.76998 5.76997 5.76998 5.77 5.76999 5.77001 5.76998 5.76999 5.77 5.76999 5.77 5.76999 5.77 5.76999 5.77 5.76999
5.77 5.77 5.77 5.76999 5.77009 5.76992 5.77 5.77002 5.76999 5.77 5.76997 5.76974 5.76974 5.76975 5.7697 5.77 5.76961 5.77015 5.76976 5.76998 5.76983 5.76999 5.76999 5.76977 5.77007 5.76983 5.77 5.76979 5.76997 5.76979 5.76971 5.76998 5.76996 5.77015 5.77013 5.77014 5.76997 5.76996 5.77 5.76986 5.77011 5.76989 5.76991 5.76996 5.76999 5.76998 5.76991 5.76997 5.76988 5.7699 5.76984 5.77 5.77 5.77 5.76999 5.76998 5.76998 5.76998 5.77 5.77 5.77 5.76999 5.77 5.76999 5.76997 5.76991 5.76994
5.77 5.77 5.77 5.76998 5.7699 5.76993 5.76983 5.76996 5.76976 5.77 5.76972 5.77014 5.76997 5.77012 5.76973 5.77 5.76975 5.76994 5.76985 5.77005 5.76982 5.76978 5.76974 5.76999 5.76976 5.76983 5.77 5.77 5.76998 5.76963 5.76987 5.76978 5.77 5.76995 5.76996 5.76999 5.77 5.76988 5.76988 5.76996 5.76993 5.76995 5.76994 5.77013 5.76986 5.76995 5.7701 5.76982 5.76968 5.77008 5.7698 5.77 5.76999 5.76999 5.77 5.77 5.77 5.77 5.77 5.77 5.76999 5.77 5.77 5.77 5.76991 5.77003 5.76987
5.76997 5.76994 5.76993 5.77 5.76988 5.77008 5.7699 5.77017 5.76959 5.77 5.76976 5.76993 5.76993 5.76976 5.76982 5.77 5.76998 5.76993 5.76988 5.76991 5.76993 5.76976 5.77008 5.76965 5.76999 5.77 5.76969 5.76975 5.76991 5.77018 5.76963 5.76974 5.77017 5.76994 5.77008 5.76999 5.76999 5.77013 5.76999 5.76991 5.76989 5.77008 5.76994 5.76999 5.76992 5.76993 5.76986 5.76981 5.76992 5.7698 5.76986 5.77 5.77 5.77 5.76999 5.77 5.76999 5.77 5.77 5.76999 5.77 5.76998 5.76996 5.76978 5.76995 5.76999 5.76995
5.76999 5.7701 5.77 5.77013 5.76989 5.76989 5.76985 5.76999 5.76975 5.76981 5.76974 5.76998 5.77 5.77 5.77 5.77 5.76983 5.77015 5.76982 5.77 5.77 5.7698 5.76968 5.7698 5.77 5.76999 5.76972 5.77014 5.76996 5.76979 5.76999 5.76985 5.77 5.76992 5.76999 5.77012 5.76996 5.76999 5.77011 5.76991 5.76997 5.76992 5.76995 5.76997 5.76998 5.77 5.76985 5.76994 5.76979 5.77 5.76999 5.76999 5.76999 5.76999 5.77 5.76996 5.76993 5.76994 5.76999 5.77 5.76998 5.76999 5.76966 5.77006 5.76993 5.77003 5.76997
5.77009 5.77004 5.77002 5.76991 5.76995 5.77 5.77 5.77001 5.76999 5.76984 5.77013 5.7698 5.77 5.77 5.77 5.77 5.76983 5.76992 5.76995 5.76992 5.77 5.77 5.77 5.76999 5.77 5.76999 5.76978 5.76991 5.76999 5.76999 5.7699 5.76997 5.76965 5.77016 5.76999 5.77013 5.76989 5.76994 5.76999 5.77 5.77 5.77 5.76996 5.77003 5.76996 5.77 5.76988 5.7701 5.76964 5.76997 5.76993 5.76996 5.77 5.77 5.76999 5.7699 5.77004 5.7699 5.77 5.76999 5.77 5.77 5.76996 5.76983 5.76993 5.76987 5.76994
5.76985 5.76985 5.76996 5.77 5.77001 5.76994 5.76995 5.76997 5.76991 5.76998 5.76992 5.76992 5.76984 5.76981 5.76978 5.77 5.77 5.76995 5.77005 5.76992 5.76993 5.76984 5.76999 5.76999 5.77 5.76999 5.77 5.77 5.7699 5.77017 5.76989 5.77005 5.7699 5.77009 5.76998 5.76993 5.76994 5.77 5.77 5.77 5.77 5.77 5.76998 5.76996 5.76996 5.77 5.76986 5.7699 5.76988 5.76986 5.77002 5.76991 5.77 5.77 5.76999 5.76994 5.76992 5.7699 5.76995 5.76999 5.77 5.77 5.77 5.76991 5.76988 5.7699 5.76991
