tests/full-run-ref/erosion_79_1_-87.555.asc
ncols 512
nrows 512
xllcorner -3.24582
yllcorner -4.08743
cellsize 5
NODATA_value -99999
[rows 174 to 202 of 512, columns 134 to 200 of 512]
17.1413 11.3587 5.7484 5.77001 5.77001 5.77001 5.77001 5.77001 5.77001 5.77001 5.77001 5.77001 5.77001 5.77001 5.76169 8.08193 13.8574 16.2553 16.2241 13.8161 8.03563 5.75093 5.76686 5.77001 5.77001 5.77001 5.77001 5.77001 5.77001 5.77001 5.77001 5.76246 8.14481 5.76442 5.7669 5.77001 5.77001 5.77001 5.77001 5.77001 5.77001 5.77001 5.77001 5.77001 5.77001 5.77001 5.77001 5.77001 5.77001 5.58147 5.83309 8.2508 4.54343 4.99605 1.25726 0 1.29084 10.7748 19.6171 27.9671 36.0423 35.5131 31.9798 28.9529 26.0751 20.9507 18.4926
17.1565 11.3746 5.75092 5.77001 5.77001 5.77001 5.77001 5.77001 5.77001 5.77001 5.77001 5.77001 5.77001 5.77001 5.76783 5.75534 8.08299 11.4678 11.4542 8.04588 5.74787 5.76992 5.76706 5.76627 5.77001 5.77001 5.77001 5.77001 5.77001 5.77001 5.77001 5.75674 11.5118 5.75216 5.76596 5.77001 5.77001 5.77001 5.77001 5.77001 5.77001 5.77001 5.77001 5.77001 5.77001 5.77001 5.77001 5.77001 5.77001 5.74216 4.9916 4.45713 4.96019 4.79875 3.27599 0 5.18555 13.7903 22.4612 31.0545 37.0262 32.5744 27.9524 21.6377 18.9447 15.7447 9.60631
17.1738 11.3923 5.75349 5.77001 5.77001 5.77001 5.77001 5.77001 5.77001 5.77001 5.77001 5.77001 5.77001 5.77001 5.77001 5.76827 5.76196 5.75441 5.75125 5.75906 5.76766 5.76499 8.1326 5.75807 5.76445 5.77001 5.77001 5.77001 5.77001 5.77001 5.77001 5.75382 11.5239 8.08288 5.76317 5.77001 5.77001 5.77001 5.77001 5.77001 5.77001 5.77001 5.77001 5.77001 5.77001 5.77001 5.77001 5.77001 5.77001 5.77001 5.77001 5.77001 5.77 4.37177 0 0 2.6634 12.2511 21.4754 31.7733 31.6105 26.5921 22.5833 17.4867 10.1592 7.42101 4.27372
17.1929 11.4126 5.75616 5.77001 5.77001 5.77001 5.77001 5.77001 5.77001 5.77001 5.77001 5.77001 5.77001 5.77001 5.77001 5.77001 5.77001 5.77001 5.77001 5.77001 5.77001 5.762 11.5244 10.4794 5.75915 5.77001 5.77001 5.77001 5.77001 5.77001 5.77001 5.75084 11.5149 5.74582 5.76487 5.77001 5.77001 5.77001 5.77001 5.77001 5.77001 5.77001 5.77001 5.77001 5.77001 5.77001 5.77001 5.77001 5.77001 5.77001 5.77001 5.77001 5.15359 1.92795 0 0 7.20239 15.8765 25.0514 35.4073 27.7245 20.3178 15.7922 11.3843 5.33428 0 0
17.2136 11.4356 5.7589 5.77001 5.77001 5.77001 5.77001 5.77001 5.77001 5.77001 5.77001 5.77001 5.77001 5.77001 5.77001 5.77001 5.77001 5.77001 5.77001 5.77001 5.77001 5.76429 8.12454 11.1221 5.75733 5.77001 5.77001 5.77001 5.77001 5.77001 5.77001 5.74824 11.5048 5.73291 5.76428 5.77001 5.77001 5.77001 5.77001 5.77001 5.77001 5.77001 5.77001 5.77001 5.77001 5.77001 5.77001 5.74 5.39745 4.83775 4.07867 3.07131 0.581552 0.0108857 0 6.16274 12.9649 20.6915 29.9215 32.7857 24.1816 16.7815 8.6849 3.42788 0.219704 0 4.64862
16.2882 11.458 5.76172 5.77001 5.77001 5.77001 5.77001 5.77001 5.77001 5.77001 5.77001 5.77001 5.77001 5.77001 5.77001 5.77001 5.77001 5.77001 5.77001 5.76863 5.7682 5.76999 5.76217 8.13765 5.76226 5.77001 5.77001 5.77001 5.77001 5.77001 5.77001 5.74686 11.5048 7.9993 5.74654 5.77001 5.77001 5.77001 5.77001 5.77001 5.77001 5.77001 5.77001 5.77001 5.77001 5.77001 5.77001 5.71509 6.9447 10.5252 9.96664 9.37409 7.97643 8.15909 9.7177 11.6916 18.9325 25.6027 34.1169 29.9116 21.775 13.7167 4.88671 0 0 4.31814 5.77
13.8979 8.64635 5.76392 5.77001 5.77001 5.77001 5.77001 5.77001 5.77001 5.77001 5.77001 5.77001 5.77001 5.77001 5.77001 5.77001 5.77001 5.77001 5.77001 5.76832 8.15633 5.76268 5.7583 5.76389 5.76641 5.77001 5.77001 5.77001 5.77001 5.77001 5.77001 5.74492 11.4974 11.4384 5.73453 5.77001 5.77001 5.77001 5.77001 5.77001 5.77001 5.77001 5.77001 5.77001 5.77001 5.77001 5.77001 5.73278 5.12621 7.68896 10.9005 14.8067 16.3104 16.8075 18.6533 20.8565 23.3095 30.4073 34.6244 27.1722 19.7007 11.2888 1.79714 0 4.26489 5.77 5.77
8.14343 11.5138 5.76413 5.77001 5.77001 5.77001 5.77001 5.77001 5.77001 5.77001 5.77001 5.77001 5.77001 5.77001 5.77001 5.77001 5.77001 5.77001 5.77001 5.76877 5.76215 8.09176 11.4954 8.07396 5.76007 5.77001 5.77001 5.77001 5.77001 5.77001 5.77001 5.74057 11.4972 7.96642 5.74576 5.77001 5.77001 5.77001 5.77001 5.77001 5.77001 5.77001 5.77001 5.77001 5.77001 5.77001 5.77001 5.77001 5.59792 4.0269 4.35065 8.55929 15.1595 21.9268 26.319 28.845 31.1427 33.4971 34.1645 27.0492 19.7419 11.5219 2.14973 0 5.66336 5.77 5.77
5.7649 11.5298 5.76616 5.77001 5.77001 5.77001 5.77001 5.77001 5.77001 5.77001 5.77001 5.77001 5.77001 5.77001 5.77001 5.77001 5.77001 5.77001 5.77001 5.76802 5.74502 11.4648 16.249 11.4641 5.75129 5.7674 5.77001 5.77001 5.77001 5.77001 5.77001 5.73762 11.4824 5.71021 5.76032 5.77001 5.77001 5.77001 5.77001 5.77001 5.77001 5.77001 5.77001 5.77001 5.77001 5.77001 5.77001 5.77001 5.77001 5.48186 2.73261 4.5014 11.8494 19.0887 19.8096 21.8187 23.6704 26.1456 33.339 25.759 18.5316 10.4806 1.22862 0 4.5233 5.77 5.77
5.76796 8.15592 5.76839 5.76918 5.77001 5.77001 5.77001 5.77001 5.77001 5.77001 5.77001 5.77001 5.77001 5.77001 5.77001 5.77001 5.77001 5.77001 5.77001 5.76133 8.06912 13.8545 13.8145 11.4834 8.12169 5.76738 5.77001 5.77001 5.77001 5.77001 5.77001 5.73853 11.504 7.97846 5.75255 5.77001 5.77001 5.77001 5.77001 5.77001 5.77001 5.77001 5.77001 5.77001 5.77001 5.77001 5.77001 5.77001 5.77001 5.4117 2.87493 8.78699 16.3715 15.0387 12.1944 12.9548 14.3928 22.4363 31.3759 29.278 21.9828 14.9617 7.09617 1.39192 2.13014 4.81997 5.77
5.76927 5.76919 8.15849 5.76931 5.76946 5.77001 5.77001 5.77001 5.77001 5.77001 5.77001 5.77001 5.77001 5.77001 5.77001 5.77001 5.77001 5.77001 5.77001 5.75492 11.4966 13.8181 8.02452 5.74195 5.76009 5.76468 5.77001 5.77001 5.77001 5.77001 5.76323 5.71513 11.489 7.95555 5.75226 5.77001 5.77001 5.77001 5.77001 5.77001 5.77001 5.77001 5.77001 5.77001 5.77001 5.77001 5.77001 5.71673 5.49614 4.74761 7.17229 13.2239 11.9941 7.07949 2.68653 2.41221 10.8415 19.3862 27.9876 32.4595 25.3099 18.7035 12.593 5.25767 2.99281 2.84877 5.19438
5.77001 5.76944 5.76939 8.15921 5.76948 5.76957 5.77001 5.77001 5.76942 5.76898 5.76788 5.77001 5.77001 5.77001 5.77001 5.77001 5.77001 5.77001 5.7671 5.73667 11.4973 11.4823 5.73211 5.7659 5.77001 5.77001 5.77001 5.77001 5.77001 5.77001 5.74317 7.9386 11.4377 5.68267 5.75819 5.77001 5.77001 5.77001 5.77001 5.77001 5.77001 5.77001 5.77001 5.77001 5.77001 5.77001 5.71328 5.64312 11.2953 7.42974 9.97059 7.55932 5.82088 0.941938 0 0.328135 8.3847 16.818 24.3543 32.4997 28.4892 22.6396 15.9167 12.2568 4.78008 2.47412 3.26757
5.77001 5.77001 5.76949 5.76953 8.1591 5.76948 5.76951 5.77001 5.7695 8.16002 5.76778 5.77001 5.77001 5.77001 5.77001 5.77001 5.77001 5.77001 5.75415 8.0001 13.8014 11.3865 5.72213 5.77001 5.77001 5.77001 5.77001 5.77001 5.77001 5.76171 5.67522 11.3825 13.6514 7.83024 5.75869 5.77001 5.77001 5.77001 5.77001 5.77001 5.77001 5.77001 5.77001 5.77001 5.77001 5.77001 5.69871 7.71562 13.2803 7.21777 4.87508 4.38115 4.7233 4.73788 2.79164 0.0128816 6.26392 13.7288 21.4995 29.3623 32.2156 25.534 22.3236 15.3193 11.2476 3.81413 2.28952
5.76976 5.77001 5.77001 5.76957 5.76945 8.1586 5.76943 5.77001 5.76943 5.76798 5.7677 5.77001 5.77001 5.77001 5.77001 5.77001 5.76953 5.7641 5.71705 11.3902 16.0331 11.0406 5.71162 5.77001 5.77001 5.77001 5.77001 5.77001 5.75932 5.67057 7.70573 13.5655 11.2386 5.62257 5.75455 5.77001 5.77001 5.77001 5.77001 5.77001 5.77001 5.77001 5.77001 5.77001 5.77001 5.77001 5.67569 11.3092 11.2828 5.46867 5.6859 5.77001 5.77001 5.77001 4.81626 0 2.72013 10.4505 18.4515 26.1206 33.5306 31.687 25.1239 21.5328 14.7485 12.2967 9.03121
5.76973 5.77001 5.77001 5.77001 5.76969 5.76969 5.76965 5.77001 5.77001 5.77001 5.77001 5.77001 5.77001 5.77001 5.77001 5.77001 5.76924 6.0946 7.97201 13.7776 13.6204 7.80451 5.7373 5.77001 5.77001 5.77001 5.77001 5.7574 5.64441 7.53877 13.3872 15.9647 13.4928 7.67366 5.75467 5.77001 5.77001 5.77001 5.77001 5.77001 5.77001 5.77001 5.77001 5.77001 5.77001 5.77001 5.70703 7.77635 11.412 5.68959 5.77001 5.77001 5.77001 5.77001 5.24252 0.414158 0 6.7342 15.1983 22.9633 30.5734 34.3882 30.8681 24.4389 19.2672 13.4187 6.95135
5.76976 5.77001 5.77001 5.77001 5.76996 5.76995 5.76992 5.76983 5.77001 5.77001 5.77001 5.77001 5.77001 5.77001 5.76287 5.75293 5.72197 5.6854 11.4319 13.6596 7.83892 5.70942 5.76271 5.77001 5.77001 5.77001 5.75527 5.62034 7.41051 13.256 15.8062 16.7253 10.8384 5.5458 5.74925 5.77001 5.77001 5.77001 5.77001 5.77001 5.77001 5.77001 5.77001 5.77001 5.77001 5.77001 5.75019 5.67124 11.443 5.70549 5.76304 5.77001 5.77001 5.77001 3.995 0.986552 3.59881 10.9928 18.6468 25.9088 33.1678 35.3729 28.6677 21.8471 14.6317 7.77812 2.53485
5.77001 5.77001 5.77001 5.77001 5.76996 6.15913 6.15883 5.76956 5.77001 5.77001 5.77001 5.77001 5.77001 5.77001 5.74154 7.99586 11.4146 7.88269 13.6852 7.84772 5.70757 5.76345 5.77001 5.77001 5.77001 5.75098 5.57186 7.30023 13.1601 15.6677 21.53 18.7535 13.2696 7.49292 5.74993 5.77001 5.77001 5.77001 5.77001 5.77001 5.77001 5.77001 5.77001 5.77001 5.77001 5.77001 5.77001 5.72669 8.06244 8.0852 5.75474 5.77001 5.77001 5.75414 2.25088 4.7363 10.175 14.9659 22.0416 28.9413 35.9968 32.6278 25.8238 18.6922 10.8894 3.35266 0.273974
5.77001 5.77001 5.77001 5.77001 5.76997 5.76974 8.15991 5.76969 5.76937 5.77001 5.77001 5.77001 5.77001 5.76065 5.68863 11.3142 16.0829 13.6845 11.2729 5.64318 5.75625 5.77001 5.77001 5.77001 5.7431 5.42429 6.9422 12.8713 15.5591 21.446 22.1615 16.2793 10.3627 5.49493 5.75798 5.77001 5.77001 5.77001 5.77001 5.77001 5.77001 5.77001 5.77001 5.77001 5.77001 5.77001 5.77001 5.75367 5.74225 8.12226 5.75612 5.77001 5.77001 5.25973 1.57826 6.26289 13.5287 20.5653 25.4142 32.2278 35.5446 29.9908 23.3135 15.9924 7.92598 0.758929 1.95091
5.77001 5.77001 5.77001 5.77001 5.77001 5.76984 5.76979 7.1227 5.7693 5.77001 5.77001 5.77001 5.76476 5.71558 7.82677 13.6255 19.4438 19.1976 13.4609 7.8113 5.75781 5.77001 5.74269 5.53113 5.07977 5.84738 11.9946 15.2237 21.1721 23.8581 21.9875 16.0803 10.1628 5.50678 5.77001 5.77001 5.77001 5.77001 5.77001 5.77001 5.77001 5.77001 5.77001 5.77001 5.77001 5.77001 5.77001 5.77001 5.74761 5.74902 5.75838 5.77001 5.77001 4.45675 3.4914 8.98085 16.159 23.2758 30.1736 32.061 28.952 28.8804 26.5398 19.8948 12.641 5.49154 3.4402
5.77001 5.77001 5.77001 5.77001 5.77001 5.77001 5.76911 5.76835 5.75743 5.77001 5.77001 5.77001 5.76235 7.98546 13.6415 16.0319 21.8401 16.7778 10.8252 5.07311 5.34422 5.28835 4.86773 5.6374 9.6748 11.6394 14.216 20.4033 23.5765 27.5962 21.7224 15.7958 9.86315 5.45571 5.77001 5.77001 5.77001 5.77001 5.77001 5.77001 5.77001 5.77001 5.77001 5.77001 5.77001 5.77001 5.77001 5.77001 5.77001 5.77001 5.77001 5.77001 5.77001 3.88775 5.26521 11.5126 18.6229 25.6872 28.5998 25.3473 21.9065 21.7431 22.2876 23.5268 16.9308 13.3982 6.35229
5.77001 5.77001 5.77001 5.77001 5.77001 5.77001 5.77001 5.77001 5.77001 5.77001 5.77001 5.77001 5.74492 5.53889 11.1128 16.9656 22.7858 18.3021 12.1906 5.9153 9.9571 4.49561 8.90285 11.1771 13.8818 17.6228 20.1744 22.741 28.7729 27.3296 21.4032 15.451 9.50747 5.39496 5.77001 5.77001 5.77001 5.77001 5.77001 5.77001 5.77001 5.77001 5.77001 5.77001 5.77001 5.77001 5.77001 5.77001 5.77001 5.77001 5.77001 5.77001 5.60658 3.45126 7.91136 14.5445 21.62 25.7825 22.1828 18.4582 14.6449 14.282 14.314 18.8747 22.6567 17.124 13.4823
5.77001 5.77001 5.77001 5.77001 5.77001 5.77001 5.77001 5.77001 5.77001 5.77001 5.77001 5.77001 5.67998 7.44646 13.1807 19.0853 24.9545 20.6551 14.3766 11.7184 13.3297 10.2831 12.795 17.1526 19.7497 22.4404 26.0945 28.636 31.164 26.9658 21.0157 15.0225 9.07349 5.33717 5.77001 5.77001 5.77001 5.77001 5.77001 5.77001 5.77001 5.77001 5.77001 5.77001 5.77001 5.77001 5.77001 5.77001 5.77001 5.77001 5.77001 5.77001 5.34392 5.07978 10.7517 17.3265 24.1118 21.5979 16.0531 11.4087 6.86218 6.40436 6.09494 10.6889 15.9461 21.5362 18.1166
5.77001 5.77001 5.77001 5.77001 5.77001 5.77001 5.77001 5.77001 5.77001 5.77001 5.77001 5.72625 5.24751 4.62882 10.1748 16.4141 22.4741 23.0241 20.2911 17.5935 19.2377 16.3667 18.8894 21.5316 25.6961 28.2454 30.8987 34.5141 32.5827 26.6634 20.6951 14.6617 8.71794 5.28262 5.77001 5.77001 5.77001 5.77001 5.77001 5.77001 5.77001 5.77001 5.77001 5.77001 5.77001 5.77001 5.77001 5.77001 5.77001 5.77001 5.77001 5.7549 4.86477 6.70112 12.8129 19.2405 25.3161 18.9671 11.4979 5.13183 1.13399 1.4513 0.372997 4.24911 10.4949 18.2851 21.1343
5.77001 5.77001 5.77001 5.77001 5.77001 5.77001 5.77001 5.77001 5.77001 5.77001 5.77001 5.49618 10.8666 5.8773 11.705 18.1529 24.351 28.8022 26.1711 23.5347 25.1621 22.4763 24.9179 27.5128 30.0802 34.1346 36.6675 38.1773 32.2936 26.353 20.3564 14.2833 8.35564 5.22883 5.77001 5.77001 5.77001 5.77001 5.77001 5.77001 5.77001 5.77001 5.77001 5.77001 5.77001 5.77001 5.77001 5.77001 5.77001 5.77001 5.75668 5.42719 5.27566 11.2581 15.8956 22.0498 22.8863 16.2317 9.26376 1.35347 3.87836 4.78184 4.06086 1.10327 7.81984 13.9723 21.1594
5.77001 5.77001 5.77001 5.77001 5.77001 5.77001 5.77001 5.77001 5.77001 5.77001 5.74273 4.64474 9.85431 12.0227 13.5721 19.9519 26.2861 32.4007 32.0494 29.4463 31.0763 28.4604 30.9101 33.4512 35.9895 38.5242 42.521 37.897 31.9686 26.0016 19.9669 13.8528 7.95773 5.17562 5.77001 5.77001 5.77001 5.77001 5.77001 5.77001 5.77001 5.77001 5.77001 5.77001 5.77001 5.77001 5.77001 5.77001 5.77001 5.77001 5.69284 7.35641 11.7394 14.0675 20.0394 24.5474 20.46 14.0558 6.8944 4.07001 5.77001 5.77001 5.77001 4.06901 4.47934 11.6343 18.3991
5.77001 5.77001 5.77001 5.77001 5.77001 5.77001 5.77001 5.77001 5.77001 5.73648 5.14102 4.53434 10.5437 16.9555 19.971 22.13 28.3993 34.6403 37.9021 35.3138 36.9681 34.3837 36.8235 39.3623 41.8687 44.4029 43.4622 37.5427 31.5929 25.5866 19.509 13.3509 7.50892 5.12582 5.77001 5.77001 5.77001 5.77001 5.77001 5.77001 5.77001 5.77001 5.77001 5.77001 5.77001 5.77001 5.77001 5.77001 5.77001 5.77001 5.58627 10.7045 15.5912 20.0852 22.5381 22.5424 18.8538 12.8218 6.13083 4.17884 5.77001 5.77001 5.77001 5.07855 4.98457 10.3674 16.8582
5.77001 5.77001 5.77001 5.77001 5.77001 5.77001 5.77001 5.77001 5.73573 5.21614 5.23541 10.4837 12.3129 18.7873 25.1352 28.3804 30.6418 36.8151 42.9302 41.1825 42.8163 41.507 42.7234 45.2256 47.7486 48.9714 43.0882 37.1434 31.1586 25.1101 18.9883 12.7836 7.01903 5.08473 5.77001 5.77001 5.77001 5.77001 5.77001 5.77001 5.77001 5.77001 5.77001 5.77001 5.77001 5.77001 5.77001 5.77001 5.77001 5.75176 5.39303 10.1753 16.1177 22.0246 25.9574 20.0524 14.0663 11.7003 9.87421 5.17389 5.77001 5.77001 5.77001 5.66914 4.39981 8.06773 14.3576
5.77001 5.77001 5.77001 5.77001 5.77001 5.77001 5.77001 5.73862 5.29695 5.73257 11.1425 13.0384 18.7261 20.8837 27.2311 33.4708 36.7557 39.0898 45.2038 47.0293 48.6432 47.4729 48.6127 51.0926 53.5848 48.6105 42.6725 36.707 30.6836 24.5925 18.4256 12.1735 6.51122 5.05744 5.77001 5.77001 5.77001 5.77001 5.77001 5.77001 5.77001 5.77001 5.77001 5.77001 5.77001 5.77001 5.77001 5.77001 5.77001 5.65153 6.72904 12.4926 18.4415 24.3779 23.5183 17.5386 11.5051 5.54735 5.33578 5.70295 5.77001 5.77001 5.77001 5.77001 5.24901 6.52674 11.5078
5.77001 5.77001 5.77001 5.77001 5.77001 5.77001 5.74442 5.39742 6.25523 11.6663 13.6693 19.3652 21.5302 27.1829 29.4145 35.6419 41.7808 45.0908 47.478 52.7934 54.4669 54.1565 54.4758 56.9482 54.1323 48.2057 42.2545 36.2539 30.1909 24.058 17.8465 11.5475 6.00986 5.04676 5.77001 5.77001 5.77001 5.77001 5.77001 5.77001 5.77001 5.77001 5.77001 5.77001 5.77001 5.77001 5.77001 5.77001 5.77001 5.50425 10.2742 15.0101 20.8634 26.7926 21.0799 15.0721 9.01724 5.15124 5.75678 5.77001 5.77001 5.77001 5.77001 5.77001 5.65998 4.55269 8.39881
