tests/full-run-ref/erosion_86_12_73.390.asc
ncols 512
nrows 512
xllcorner -3.24582
yllcorner -4.08743
cellsize 5
NODATA_value -99999
[rows 360 to 389 of 512, columns 402 to 468 of 512]
5.7702 5.77021 5.77004 5.7702 5.77021 5.77021 5.77021 5.77021 5.77021 5.77021 5.77021 5.77021 5.77015 5.77013 5.77016 5.77013 5.77021 5.7702 5.77013 5.77021 5.7701 5.77021 5.77019 5.77013 5.77012 5.77013 5.7701 5.77015 5.77001 5.7702 5.77 5.77017 5.77001 5.77016 5.77012 5.77014 5.77012 5.77009 5.7701 5.77016 5.7701 5.77013 5.77013 5.77014 5.77013 5.7702 5.77013 5.7701 5.77021 5.77013 5.7701 5.77016 5.7702 5.7702 5.7702 5.77011 5.77013 5.77011 5.77014 5.7702 5.77015 5.77012 5.77018 5.77021 5.77015 5.77021 5.76998
5.77021 5.77014 5.77021 5.77013 5.77017 5.77021 5.77021 5.77021 5.77021 5.7702 5.77021 5.77021 5.77021 5.77021 5.7702 5.77021 5.77021 5.77013 5.77021 5.77006 5.77021 5.7702 5.77013 5.77013 5.77012 5.77008 5.77017 5.77013 5.77019 5.77012 5.77021 5.77005 5.7702 5.77012 5.77013 5.77014 5.77014 5.77013 5.77013 5.77012 5.77011 5.77014 5.77013 5.77013 5.77012 5.77019 5.77012 5.77012 5.77021 5.77018 5.77013 5.7702 5.7701 5.77011 5.77012 5.77015 5.7701 5.77013 5.77012 5.77013 5.77013 5.77013 5.77012 5.7702 5.77013 5.7702 5.77012
5.77021 5.77021 5.77019 5.77015 5.77011 5.77019 5.77021 5.77021 5.77021 5.77021 5.77013 5.77021 5.77021 5.77021 5.77021 5.77021 5.77018 5.7702 5.77011 5.77021 5.77021 5.77013 5.77013 5.77012 5.7701 5.77018 5.77011 5.7702 5.77012 5.77021 5.77013 5.77021 5.77008 5.77018 5.77007 5.77013 5.77012 5.77014 5.77013 5.77013 5.77013 5.77013 5.77013 5.77012 5.77018 5.77012 5.77011 5.77008 5.77021 5.7701 5.77021 5.77007 5.77011 5.77014 5.77011 5.77018 5.77018 5.77013 5.77012 5.67182 5.59839 5.64643 5.77011 5.77021 5.77013 5.7702 5.77013
5.77021 5.77021 5.7702 5.77013 5.77021 5.7701 5.77013 5.77018 5.77021 5.77021 5.77021 5.77011 5.77018 5.7702 5.77013 5.77021 5.7702 5.77013 5.77021 5.7702 5.77015 5.77013 5.77013 5.77012 5.77018 5.77013 5.7702 5.77014 5.77019 5.77012 5.7702 5.77013 5.7702 5.77013 5.77019 5.77012 5.77016 5.77013 5.77014 5.77014 5.77013 5.77014 5.77013 5.77013 5.77021 5.77007 5.77013 5.77009 5.7702 5.77021 5.77011 5.7702 5.77012 5.77013 5.77013 5.77021 5.77013 5.7702 5.77013 5.60866 7.16308 5.68374 5.77013 5.77012 5.7702 5.77021 5.77013
5.7702 5.77021 5.77021 5.77021 5.77013 5.77015 5.77013 5.77013 5.77018 5.77009 5.77013 5.77013 5.77012 5.77013 5.77017 5.77021 5.77014 5.77017 5.77013 5.77018 5.77013 5.77012 5.77006 5.77019 5.77011 5.7702 5.77013 5.77021 5.77012 5.7702 5.77012 5.77018 5.77012 5.77019 5.77013 5.77021 5.77007 5.77013 5.77012 5.77013 5.77013 5.77014 5.77014 5.77012 5.77018 5.7701 5.77012 5.77017 5.77013 5.77019 5.77021 5.77013 5.77021 5.7702 5.77021 5.77015 5.77013 5.77011 5.77021 5.62725 5.56228 5.59427 5.77018 5.77011 5.77013 5.77019 5.77013
5.77021 5.77021 5.77021 5.77021 5.7702 5.77017 5.77013 5.77012 5.77011 5.77011 5.77018 5.77013 5.77011 5.77021 5.77021 5.77021 5.7702 5.77013 5.77013 5.77012 5.77013 5.77011 5.7702 5.77013 5.77021 5.77014 5.77021 5.77014 5.77021 5.77014 5.77019 5.77008 5.77014 5.77013 5.77019 5.77014 5.77019 5.77012 5.77017 5.77013 5.77014 5.77014 5.77014 5.77013 5.77014 5.77013 5.77012 5.77011 5.77013 5.77013 5.77018 5.77021 5.77011 5.77021 5.77013 5.77013 5.77013 5.7701 5.77013 5.77021 5.77011 5.77012 5.7702 5.77012 5.77011 5.7702 5.77013
5.77014 5.77021 5.77021 5.77021 5.7702 5.77021 5.7702 5.77009 5.77016 5.77021 5.77013 5.77013 5.77013 5.7702 5.77021 5.77021 5.77021 5.77015 5.77012 5.77014 5.77011 5.7702 5.77008 5.77018 5.77002 5.77021 5.77011 5.7702 5.77012 5.77021 5.77011 5.77019 5.77008 5.77013 5.77014 5.7702 5.77012 5.7702 5.77004 5.77014 5.77012 5.77014 5.77014 5.77014 5.77014 5.77014 5.77013 5.77011 5.77012 5.77013 5.77013 5.77013 5.7702 5.77021 5.75393 5.76682 5.50687 5.7702 5.77011 5.77012 5.7702 5.77019 5.7702 5.77014 5.77013 5.77019 5.77021
5.77021 5.77021 5.77021 5.7702 5.77013 5.77008 5.77011 5.77013 5.77013 5.7702 5.77013 5.77014 5.77014 5.77019 5.77021 5.77021 5.77021 5.77019 5.77011 5.7701 5.77014 5.77013 5.77012 5.7701 5.77018 5.7701 5.77021 5.7701 5.77019 5.77015 5.77021 5.77014 5.77019 5.77012 5.7702 5.77014 5.77021 5.77014 5.7702 5.77013 5.77017 5.77013 5.77014 5.77014 5.77014 5.77014 5.77008 5.77021 5.77009 5.7701 5.77012 5.77013 5.77016 5.7702 5.74689 7.42971 5.74569 5.7702 5.77017 5.77013 5.77019 5.77011 5.77013 5.7702 5.77009 5.77012 5.77018
5.77021 5.77021 5.77021 5.77017 5.77012 5.77013 5.77013 5.7702 5.77021 5.77021 5.77012 5.77013 5.77013 5.77013 5.77017 5.77021 5.77021 5.77021 5.77018 5.7702 5.77016 5.77013 5.77013 5.77013 5.76989 5.7702 5.7701 5.7702 5.77013 5.7702 5.77012 5.7702 5.77013 5.77021 5.77011 5.77021 5.7701 5.77021 5.77012 5.7702 5.77008 5.77014 5.77013 5.77013 5.77012 5.77011 5.77012 5.77011 5.77013 5.7702 5.77011 5.77013 5.77013 5.77021 5.74578 5.72626 5.73418 5.77021 5.77019 5.77017 5.77011 5.77021 5.77014 5.77019 5.77013 5.77013 5.7702
5.77021 5.77021 5.77021 5.77013 5.77013 5.77009 5.77021 5.77009 5.77012 5.77014 5.77021 5.7702 5.77011 5.77013 5.77011 5.77016 5.77021 5.77021 5.77021 5.77021 5.77021 5.77021 5.77021 5.77013 5.77013 5.77013 5.77013 5.77013 5.77021 5.77014 5.7702 5.77013 5.7702 5.77013 5.77019 5.7702 5.77019 5.77013 5.77021 5.77013 5.7702 5.77012 5.77014 5.77013 5.77017 5.77013 5.7702 5.77017 5.77011 5.77013 5.77013 5.77014 5.77013 5.7702 5.77021 5.7702 5.77019 5.77021 5.77013 5.77011 5.77013 5.77016 5.77018 5.77011 5.7702 5.77012 5.77013
5.77021 5.77021 5.7702 5.77013 5.77014 5.77013 5.77012 5.77013 5.77013 5.77021 5.77021 5.77013 5.77021 5.77009 5.77013 5.77013 5.77018 5.7702 5.77021 5.77019 5.77013 5.77013 5.77013 5.77021 5.77021 5.7702 5.7702 5.77021 5.77013 5.7702 5.77017 5.77013 5.77006 5.77021 5.77012 5.77021 5.77011 5.77021 5.77013 5.77021 5.77013 5.77016 5.77012 5.77013 5.77013 5.77012 5.77011 5.77013 5.77021 5.77012 5.77012 5.77013 5.77012 5.77014 5.77021 5.77013 5.77012 5.77018 5.77018 5.77021 5.77013 5.77013 5.77008 5.77011 5.77013 5.77012 5.77011
5.77018 5.77021 5.77021 5.77013 5.77008 5.77013 5.77015 5.77018 5.77021 5.7702 5.77014 5.77021 5.77012 5.77017 5.77011 5.77013 5.77009 5.77013 5.77018 5.77015 5.77013 5.77014 5.77011 5.77012 5.7702 5.77012 5.77013 5.77013 5.7702 5.77013 5.77012 5.77014 5.77019 5.77012 5.77016 5.77014 5.7702 5.77013 5.77021 5.77013 5.77021 5.77019 5.7702 5.77017 5.77012 5.77014 5.77014 5.77013 5.77013 5.77017 5.7701 5.77015 5.77012 5.77013 5.77021 5.77017 5.77013 5.77013 5.77012 5.77016 5.77012 5.77017 5.77008 5.77014 5.77013 5.77018 5.77013
5.77009 5.77021 5.7702 5.7702 5.7702 5.77012 5.77013 5.77021 5.7702 5.77013 5.77021 5.77013 5.77021 5.7702 5.77008 5.77018 5.77013 5.77014 5.77013 5.77021 5.7701 5.77012 5.77013 5.77021 5.77011 5.75959 5.72425 5.7329 5.75733 5.77021 5.77004 5.77013 5.77018 5.77021 5.77 5.77019 5.77018 5.77021 5.77013 5.77021 5.77018 5.77013 5.7701 5.77012 5.77013 5.77014 5.77014 5.77014 5.77011 5.77018 5.7701 5.77013 5.77013 5.77013 5.77015 5.77021 5.77013 5.77013 5.77018 5.7702 5.77021 5.77019 5.77011 5.77014 5.77013 5.7702 5.77013
5.77019 5.77021 5.77013 5.77008 5.77011 5.77013 5.77013 5.77021 5.77014 5.77021 5.77016 5.77021 5.7702 5.77013 5.77021 5.77011 5.77019 5.77013 5.77011 5.77011 5.77021 5.77013 5.77019 5.77013 5.77013 5.76046 5.87716 6.12048 5.76465 5.7702 5.77017 5.7701 5.77012 5.7702 5.77021 5.77013 5.7702 5.77012 5.77021 5.77013 5.77013 5.77013 5.77013 5.77011 5.77018 5.77013 5.77012 5.77011 5.77013 5.77013 5.77015 5.77013 5.77014 5.77013 5.77013 5.77019 5.77019 5.77014 5.77013 5.77012 5.77013 5.7702 5.77011 5.613 5.58903 5.6748 5.77013
5.77009 5.7701 5.77012 5.7701 5.77013 5.7702 5.77021 5.7702 5.77021 5.77021 5.77019 5.77013 5.7701 5.77021 5.7702 5.7702 5.77012 5.77013 5.77017 5.77014 5.77019 5.77021 5.77021 5.77013 5.77013 5.76183 5.76289 5.7616 5.75916 5.7702 5.77021 5.7702 5.77013 5.77014 5.77019 5.7702 5.77011 5.77021 5.77013 5.7702 5.7701 5.77012 5.77007 5.77018 5.77021 5.77018 5.77013 5.7702 5.7701 5.77013 5.77015 5.77011 5.77012 5.77014 5.77013 5.77018 5.77021 5.77013 5.77013 5.77014 5.77013 5.77021 5.77013 5.64086 6.86508 5.60679 5.77012
5.77021 5.7702 5.77008 5.77016 5.77021 5.77021 5.77021 5.77011 5.77013 5.77021 5.77013 5.77012 5.77021 5.7702 5.77013 5.7702 5.77013 5.77013 5.77019 5.77012 5.7701 5.77013 5.77018 5.77021 5.7702 5.77021 5.7702 5.7702 5.77021 5.77018 5.77018 5.77017 5.7702 5.77013 5.77013 5.77021 5.77017 5.77014 5.77021 5.77016 5.77013 5.77009 5.7702 5.77012 5.77013 5.7702 5.77014 5.77019 5.75831 5.73952 5.74436 5.7702 5.77013 5.77013 5.77013 5.77013 5.7702 5.77016 5.7701 5.77013 5.77008 5.77021 5.77013 5.54668 5.57487 5.60557 5.77019
5.75758 5.7702 5.77012 5.7702 5.77021 5.77019 5.77018 5.77021 5.77013 5.77021 5.77021 5.77014 5.77021 5.77013 5.77021 5.77018 5.77008 5.77013 5.77011 5.77013 5.77013 5.77012 5.77011 5.77013 5.7702 5.77016 5.7702 5.77014 5.7702 5.77011 5.50768 5.71837 5.19514 5.77013 5.77016 5.77021 5.77021 5.77021 5.77013 5.77018 5.77013 5.77013 5.77015 5.77019 5.77015 5.7702 5.77012 5.77013 5.75084 6.05322 5.68987 5.71151 5.77021 5.77013 5.77013 5.77013 5.77013 5.77021 5.77013 5.77011 5.7702 5.7701 5.77013 5.77019 5.77013 5.7702 5.77012
5.76259 5.77019 5.77013 5.7702 5.77021 5.77011 5.77021 5.7702 5.77021 5.77002 5.77021 5.7702 5.77013 5.77021 5.77018 5.77014 5.7702 5.77007 5.77016 5.77009 5.77017 5.77013 5.77021 5.7701 5.77003 5.77019 5.77013 5.77021 5.77013 5.77018 5.11069 7.24407 5.23576 5.77013 5.77021 5.77013 5.77013 5.77019 5.7702 5.77011 5.77013 5.77021 5.77012 5.77011 5.77021 5.77012 5.77013 5.63253 5.7016 5.73564 6.67244 5.69203 5.75981 5.7702 5.77011 5.77014 5.77012 5.77019 5.77021 5.77017 5.77012 5.77014 5.77014 5.77019 5.77012 5.77014 5.77012
5.61611 5.77021 5.77013 5.77021 5.7702 5.77013 5.7701 5.77021 5.77014 5.77021 5.77012 5.77012 5.77021 5.77011 5.77011 5.77021 5.7702 5.7702 5.77013 5.7702 5.77011 5.77014 5.7701 5.77013 5.77013 5.77012 5.77021 5.77013 5.77021 5.77011 5.23072 7.45744 5.58824 5.77017 5.7702 5.77013 5.77013 5.77011 5.77021 5.77013 5.77018 5.7702 5.77013 5.77013 5.77015 5.77018 5.77012 5.59323 7.04483 5.71823 5.69497 5.85467 5.75346 5.77015 5.77011 5.77014 5.77013 5.77013 5.77013 5.77021 5.77013 5.77008 5.77019 5.77014 5.77012 5.77018 5.77013
5.77021 5.77021 5.77012 5.7702 5.77021 5.77018 5.77021 5.77009 5.77021 5.7702 5.77008 5.77021 5.77016 5.77013 5.77021 5.77013 5.77021 5.77012 5.77021 5.77013 5.7702 5.77008 5.77013 5.77013 5.7702 5.77015 5.77009 5.77013 5.7702 5.77013 5.55577 5.75463 5.73716 5.72929 5.72799 5.73452 5.77021 5.77011 5.77013 5.7702 5.77021 5.77021 5.77021 5.7702 5.7702 5.77021 5.77018 5.66009 5.64402 5.64857 5.75441 5.74605 5.75414 5.77016 5.77008 5.77014 5.77013 5.77014 5.77013 5.7702 5.77013 5.77014 5.77012 5.77011 5.7702 5.77017 5.77013
5.77021 5.77016 5.7701 5.77021 5.77021 5.7702 5.77013 5.77021 5.7702 5.77013 5.77021 5.77019 5.77013 5.77021 5.77021 5.77021 5.7702 5.77021 5.77013 5.77021 5.77007 5.77016 5.77011 5.77017 5.77013 5.77019 5.77012 5.77013 5.77017 5.77021 5.77018 5.69938 7.7237 5.75726 6.09166 5.76368 5.7702 5.77006 5.77017 5.77021 5.77021 5.77021 5.77019 5.77013 5.77013 5.77014 5.77021 5.7702 5.77013 5.77013 5.77012 5.77012 5.7702 5.7702 5.77013 5.77019 5.77013 5.77012 5.77013 5.77019 5.77021 5.77013 5.77012 5.77013 5.77015 5.77013 5.77014
5.7702 5.77011 5.77021 5.77021 5.77021 5.77014 5.77021 5.7702 5.77013 5.77021 5.7702 5.77009 5.77021 5.7701 5.77021 5.77011 5.77021 5.77011 5.77021 5.77019 5.7702 5.77008 5.77013 5.77017 5.77013 5.77016 5.7701 5.77012 5.77011 5.77021 5.77017 5.67177 5.48802 5.5298 5.72431 5.75762 5.77021 5.7702 5.77009 5.77017 5.77019 5.77013 5.77013 5.77013 5.77012 5.7702 5.7702 5.77019 5.7702 5.77021 5.77021 5.77013 5.77015 5.7701 5.77013 5.7702 5.77019 5.7702 5.77014 5.77012 5.77013 5.7702 5.77013 5.77014 5.77012 5.77017 5.69333
5.77011 5.77021 5.77021 5.77021 5.77013 5.77021 5.77021 5.77013 5.77021 5.7702 5.77012 5.77021 5.77011 5.77021 5.77013 5.77021 5.77013 5.77021 5.77015 5.77021 5.77013 5.7702 5.77008 5.77019 5.77005 5.77014 5.77013 5.77014 5.77009 5.7702 5.77021 5.77018 5.77013 5.77012 5.77013 5.77021 5.7702 5.77016 5.77012 5.77014 5.77013 5.77009 5.77014 5.77014 5.77013 5.77013 5.77013 5.77013 5.77013 5.77007 5.77006 5.77017 5.77019 5.77018 5.77013 5.77014 5.77011 5.77012 5.77017 5.77011 5.77013 5.77021 5.77015 5.77013 5.77013 5.77021 5.7488
5.77013 5.77021 5.77021 5.77019 5.77021 5.77021 5.77013 5.77021 5.7702 5.77009 5.77021 5.7702 5.77021 5.7702 5.77021 5.7702 5.77021 5.7702 5.77021 5.77013 5.77021 5.7702 5.77021 5.7701 5.77013 5.77013 5.77013 5.77014 5.77012 5.77013 5.77016 5.7702 5.77021 5.77021 5.77021 5.77019 5.77012 5.77012 5.77013 5.77014 5.77013 5.77004 5.77009 5.77013 5.77012 5.77012 5.77012 5.77014 5.77013 5.77006 5.77014 5.77011 5.7701 5.77012 5.77013 5.77013 5.77013 5.77011 5.77021 5.7701 5.77011 5.77017 5.7702 5.77011 5.77011 5.77019 5.74796
5.77013 5.77021 5.77021 5.77021 5.77013 5.77008 5.77021 5.7702 5.77011 5.77021 5.77009 5.77021 5.77005 5.77021 5.77013 5.77021 5.77013 5.77021 5.77012 5.77021 5.77011 5.7702 5.77012 5.77021 5.77017 5.77013 5.77013 5.77013 5.77018 5.77013 5.77013 5.7701 5.77013 5.77011 5.77012 5.77014 5.77012 5.77012 5.77012 5.77011 5.77014 5.77018 5.77021 5.77021 5.7702 5.77017 5.77013 5.77012 5.77013 5.7702 5.77015 5.77013 5.77014 5.77013 5.77013 5.77015 5.77011 5.77013 5.77017 5.77011 5.77013 5.77011 5.77021 5.77011 5.77013 5.77013 5.77019
5.77014 5.77021 5.77021 5.77017 5.7701 5.77021 5.77021 5.77011 5.77021 5.77011 5.77021 5.7701 5.77021 5.77009 5.77021 5.7702 5.77021 5.77014 5.77021 5.77014 5.77021 5.77014 5.77021 5.77013 5.77021 5.77015 5.77013 5.77014 5.7701 5.77011 5.77009 5.7702 5.77021 5.77019 5.77014 5.7702 5.77019 5.77016 5.7702 5.77018 5.77013 5.77012 5.77013 5.77012 5.77011 5.77013 5.77015 5.77021 5.77016 5.77012 5.77013 5.77012 5.77018 5.77013 5.77013 5.77013 5.77019 5.77019 5.77019 5.77013 5.77012 5.7702 5.77013 5.7702 5.77012 5.7702 5.77013
5.77011 5.77021 5.77021 5.77013 5.77021 5.77021 5.77013 5.77021 5.77009 5.77021 5.7702 5.77021 5.7702 5.77021 5.77011 5.77021 5.77014 5.77021 5.77011 5.77021 5.77011 5.77021 5.77008 5.77021 5.77014 5.77021 5.77018 5.77014 5.77013 5.77014 5.77009 5.77013 5.77013 5.77014 5.77013 5.77021 5.77013 5.77012 5.77012 5.77013 5.77017 5.77012 5.77012 5.77012 5.77009 5.77005 5.77005 5.77013 5.77013 5.77011 5.77013 5.77019 5.77016 5.77012 5.77013 5.77013 5.77012 5.77012 5.77012 5.77012 5.77016 5.77009 5.77013 5.77018 5.7702 5.7701 5.77011
5.77021 5.77021 5.7702 5.77019 5.77012 5.77013 5.77021 5.77019 5.77021 5.77008 5.77021 5.77013 5.77021 5.77013 5.77021 5.77013 5.77021 5.7702 5.77021 5.77014 5.77021 5.7702 5.77021 5.77014 5.77021 5.77015 5.77021 5.77013 5.77006 5.77008 5.77009 5.77013 5.77012 5.77013 5.7701 5.77021 5.77013 5.77014 5.77013 5.77011 5.77013 5.77017 5.7702 5.77021 5.77021 5.77021 5.77021 5.77021 5.77021 5.7702 5.77017 5.77013 5.77013 5.77021 5.77013 5.77012 5.77012 5.77013 5.77013 5.77013 5.77014 5.77013 5.77013 5.77019 5.77013 5.77011 5.77014
5.77021 5.7702 5.77011 5.77013 5.7701 5.77021 5.77013 5.77021 5.77011 5.77021 5.77014 5.77021 5.77019 5.77021 5.7702 5.77021 5.77013 5.77021 5.77013 5.77021 5.77011 5.77021 5.77013 5.77021 5.77014 5.77021 5.7702 5.77018 5.77009 5.7702 5.77015 5.77013 5.77013 5.77016 5.77009 5.7702 5.77013 5.77012 5.77013 5.77012 5.77013 5.77007 5.77001 5.77006 5.77013 5.77003 5.77013 5.77001 5.77013 5.77013 5.77004 5.77011 5.77009 5.77013 5.77016 5.7702 5.77021 5.77021 5.7702 5.77014 5.77013 5.77014 5.77012 5.77014 5.77021 5.77014 5.77013
5.77021 5.77017 5.77012 5.77011 5.77021 5.77018 5.77021 5.7701 5.77021 5.7701 5.77021 5.77014 5.77021 5.77013 5.77021 5.77011 5.77021 5.77019 5.77021 5.77013 5.77021 5.77013 5.77021 5.77013 5.77021 5.77013 5.77021 5.77009 5.77011 5.77019 5.77021 5.77013 5.77013 5.77013 5.7701 5.7702 5.77018 5.7701 5.77011 5.77017 5.77011 5.77015 5.77012 5.77014 5.77013 5.77013 5.77012 5.77013 5.7701 5.77011 5.77012 5.77014 5.77012 5.77012 5.77012 5.77013 5.77013 5.77013 5.77013 5.77019 5.77014 5.77012 5.77014 5.77012 5.77013 5.77021 5.77014
