tests/full-run-ref/erosion_2010_78_19_2.123.asc
ncols 512
nrows 512
xllcorner -3.24582
yllcorner -4.08743
cellsize 5
NODATA_value -99999
[rows 37 to 73 of 512, columns 166 to 248 of 512]
2.885 2.885 2.88154 0.818481 0 0 0 0 0 0 0 0 0 0 19.2049 16.3198 15.1247 12.2396 11.0446 8.15948 6.96441 4.0794 2.88467 2.88495 2.885 2.885 2.885 2.885 2.885 2.885 2.885 2.885 2.885 2.885 2.885 2.885 2.885 2.885 2.885 2.885 2.88233 2.58596 0 0 0 0 0 0 0 0 0 0 0 0 0 0 0 0 0 0 0 0 0 0 0 3.38051 14.9421 19.0076 19.2049 16.3198 17.6997 16.3194 13.9291 11.0438 13.1241 11.0441 11.0443 8.1593 6.96419 4.07934 2.88481 0 0
2.885 2.885 2.885 2.46494 0 0 0 0 0 0 0 0 0 0 16.3198 15.1248 12.2396 11.0446 8.15947 6.96451 4.07942 2.88465 2.88495 2.885 2.885 2.885 2.885 2.885 2.885 2.885 2.885 2.885 2.885 2.885 2.885 2.885 2.885 2.885 2.885 2.885 2.78119 0.678298 0 0 0 0 0 0 0 0 0 0 0 0 0 0 0 0 0 0 0 0 0 0 0 0 2.29974 16.1382 19.3023 18.8062 20.3998 18.0097 15.1244 17.2043 15.1245 14.4244 11.5393 8.65401 5.76874 2.88374 2.88485 0 0
2.885 2.885 2.885 2.885 2.09032 0 0 0 0 0 0 0 0 0 15.1248 12.2397 11.0447 8.15948 6.96437 4.0794 2.88469 2.88495 2.885 2.885 2.885 2.885 2.885 2.885 2.885 2.885 2.885 2.885 2.885 2.885 2.885 2.885 2.885 2.885 2.885 2.87614 2.11235 0 0 0 0 0 0 0 0 0 0 4.08001 2.88493 0 0 0 0 0 0 0 0 0 0 0 0 0 0 1.67731 16.4235 16.7692 21.6107 19.2048 20.5651 19.2046 18.5046 15.6194 12.7342 9.84899 6.96362 4.07856 2.88415 0 0
2.885 2.885 2.885 2.885 2.81522 0 0 0 0 0 0 0 0 0 12.2397 11.0446 8.15951 6.9645 4.07939 2.88462 2.88495 2.885 2.885 2.885 2.885 2.885 2.885 2.885 2.885 2.885 2.885 2.885 2.885 2.885 2.885 2.885 2.885 2.885 2.885 2.7901 0.198905 0 0 0 0 0 0 0 0 0 0 0 0 0 0 0 0 0 0 3.9152 2.88493 0 0 0 0 0 0 0 1.11078 16.1613 16.3134 20.7271 22.6137 22.5848 19.6996 16.8144 13.9293 11.044 8.15878 6.96369 4.0782 2.88302 2.88328
2.885 2.885 2.885 2.885 2.885 2.88352 0.856476 0 0 0 0 0 0 0 11.0446 8.15946 6.96439 4.0794 2.88467 2.88495 2.885 2.885 2.885 2.885 2.885 2.885 2.885 2.885 2.885 2.885 2.885 2.885 2.885 2.885 2.885 2.885 2.885 2.885 2.885 2.5121 0 0 0 0 0 0 0 0 0 0 0 0 0 0 0 0 0 0 0 5.0474 4.17826 2.88489 0 0 0 0 0 0 0 0 9.97298 13.4743 20.8548 23.78 20.8947 18.0095 15.1243 12.2392 11.0441 8.15844 6.9624 4.07593 6.9628
2.885 2.885 2.885 2.885 2.885 2.885 1.59591 0 0 0 0 0 0 0 9.84959 6.96427 4.07925 2.88459 2.88495 2.885 2.885 2.885 2.885 2.885 2.885 2.885 2.885 2.885 2.885 2.885 2.885 2.885 2.885 2.885 2.885 2.885 2.885 2.885 2.885 2.13513 0 0 0 0 0 0 0 0 0 0 0 0 0 0 0 0 0 0 0 7.99115 5.37315 4.17809 2.88485 0 0 0 0 0 0 0 0 0 11.94 20.8661 22.0899 19.2047 16.3195 15.1244 12.239 11.0431 8.15645 9.04259 8.15803
2.885 2.885 2.885 2.885 2.885 2.885 2.20182 0 0 0 0 0 0 0 8.15961 5.76918 2.8843 2.88493 2.885 2.885 2.885 2.885 2.885 2.885 2.885 2.885 2.885 2.885 2.885 2.885 2.885 2.885 2.885 2.885 2.885 2.885 2.885 2.885 2.885 1.80852 0 0 0 0 0 0 0 0 0 0 0 0 0 2.02079 0 0 0 0 0 9.18897 8.25807 5.37295 4.17794 2.88481 0 0 0 0 0 0 0 0 0 12.5017 20.1145 20.3999 19.2047 16.3195 15.1238 12.2375 12.4224 11.5373 8.65098
2.885 2.885 2.885 2.885 2.885 2.885 2.65321 0 0 0 0 0 0 0 6.9645 4.07909 2.88465 2.885 2.885 2.885 2.885 2.885 2.885 2.885 2.885 2.885 2.885 2.885 2.885 2.885 2.885 2.885 2.885 2.885 2.885 2.885 2.885 2.885 2.885 1.71676 0 0 0 0 0 0 0 0 0 0 0 0 0 0 2.88481 0 0 0 0 12.2543 9.45302 8.25791 5.37279 4.17783 2.8848 0 0 0 0 0 0 0 0 0 14.619 20.1437 20.1949 19.2047 16.3192 16.5037 15.6181 12.7312 9.84435
2.885 2.885 2.885 2.885 2.885 2.08508 2.885 1.05935 0 0 0 0 0 0 5.76952 2.88422 2.88489 2.885 2.885 2.885 2.885 2.885 2.885 2.885 2.885 2.885 2.885 2.885 2.885 2.885 2.885 2.885 2.885 2.885 2.885 2.885 2.885 2.885 2.885 1.8883 0 0 0 0 0 0 0 0 0 0 0 0 7.66047 6.96478 4.07917 0 0 0 0 13.5187 12.338 9.45285 8.25781 5.3727 4.17776 2.88479 0 0 0 0 0 0 0 0 2.39861 17.105 17.3095 17.3093 17.3091 17.3089 14.4218 11.5337 8.64498
2.885 2.885 2.885 2.885 2.08508 2.885 2.885 2.885 1.68219 0 0 0 0 5.7248 5.76957 2.88425 2.88491 2.885 2.885 2.885 2.885 2.885 2.885 2.885 2.885 2.885 2.885 2.885 2.885 2.885 2.885 2.885 2.885 2.885 2.885 2.885 2.885 2.885 2.885 2.16569 0 0 0 0 0 0 0 0 0 0 0 0 10.8032 8.15973 0 0 0 0 0 16.4181 13.533 12.3379 9.45278 8.25776 5.37265 4.1777 2.88479 0 0 0 0 0 0 0 0 15.1472 14.4239 14.0477 14.0465 14.4211 14.4217 12.7301 9.84061
2.885 2.885 2.885 2.08508 2.885 2.885 2.885 2.885 2.63125 0 0 0 2.14872 6.92848 6.96449 4.0791 2.88472 2.885 2.885 2.885 2.885 2.885 2.885 2.885 2.885 2.885 2.885 2.885 2.885 2.885 2.885 2.885 2.885 2.885 2.885 2.885 2.885 2.885 2.885 2.41127 0 0 0 0 0 0 0 0 0 0 0 0 0 0 0 0 0 0 20.4977 17.6131 16.418 13.5329 12.3379 9.45275 8.25773 5.37262 4.17767 2.88487 0 0 0 0 0 0 0 12.734 11.5376 11.1612 11.1593 11.158 11.5117 11.5337 11.0375
2.885 2.885 2.08508 2.885 2.885 2.885 2.885 2.885 2.885 2.885 2.885 2.88483 4.0794 4.41522 8.15973 5.76905 2.88443 2.885 2.885 2.885 2.885 2.885 2.885 2.885 2.885 2.885 2.885 2.885 2.885 2.885 2.885 2.885 2.885 2.885 2.885 2.885 2.885 2.885 2.885 2.6093 0 0 0 0 0 0 0 0 0 0 0 0 0 0 0 0 0 8.50836 21.6932 20.4981 17.613 16.4179 13.5329 12.3378 9.45274 8.25774 5.37261 2.88449 0 0 0 0 0 0 0 9.84791 8.65082 8.27336 8.27217 8.26962 8.26833 8.38966 8.14845
2.885 2.08508 2.885 2.885 2.885 2.885 2.885 2.885 2.885 2.885 2.885 2.88494 2.88444 3.47559 6.96461 4.07885 2.88442 2.885 2.885 2.885 2.885 2.885 2.885 2.885 2.885 2.885 2.885 2.885 2.885 2.885 2.885 2.885 2.885 2.885 2.885 2.885 2.885 2.885 2.885 2.756 0 0 0 0 0 0 0 0 0 0 0 0 0 0 0 0 0 17.4528 24.5782 21.6931 20.498 17.613 16.4179 13.5328 12.3378 9.45275 6.96445 4.07936 2.88462 0 0 0 0 0 0 6.96114 5.76276 5.38543 5.38321 5.38233 5.37902 4.92912 6.95158
2.08508 2.885 2.885 2.885 2.885 2.885 2.885 2.885 2.885 2.885 2.885 2.885 2.88463 2.88255 5.76978 2.88401 2.88473 2.88494 2.885 2.885 2.885 2.885 2.885 2.885 2.885 2.885 2.885 2.885 2.885 2.885 2.885 2.885 2.885 2.885 2.885 2.885 2.885 2.885 2.85778 2.54222 0 0 0 0 0 0 0 0 0 0 0 0 0 0 0 0 0 0 21.7599 24.5782 21.6931 20.498 17.6129 16.4179 13.5328 11.0446 8.15949 6.96452 4.07949 2.88477 0 0 0 0 0 4.07574 2.84336 0 0 0 0 0 4.07075
2.885 2.885 2.885 2.885 2.885 2.885 2.885 2.885 2.885 2.885 2.885 2.885 2.8848 4.07957 6.64911 4.07949 4.02859 2.88473 2.88496 2.885 2.885 2.885 2.885 2.885 2.885 2.885 2.885 2.885 2.885 2.885 2.885 2.885 2.885 2.885 2.885 2.885 2.885 2.84546 2.2858 0 0 0 0 0 0 0 0 0 0 0 0 0 0 0 0 0 0 0 14.628 22.9977 23.0799 21.6932 20.498 17.6129 15.1247 12.2396 11.0447 8.1596 5.7691 2.88463 1.61587 0 0 0 0 0 0 0 0 0 0 0 0
2.885 2.885 2.885 2.885 2.885 2.885 2.885 2.885 2.885 2.885 2.885 2.885 2.88495 2.88467 4.07966 5.66384 5.22388 4.02886 2.88482 2.88496 2.885 2.885 2.885 2.885 2.885 2.885 2.885 2.885 2.885 2.885 2.885 2.885 2.885 2.885 2.885 2.885 2.84476 2.22004 0 0 0 0 0 0 0 0 0 0 0 0 0 0 0 0 0 0 0 0 0 18.0002 19.6215 20.6788 21.6932 19.2049 16.3198 14.4248 11.5397 8.65465 5.76957 2.88472 2.885 2.885 2.84686 2.22957 0 0 0 0 0 0 0 0 0
2.885 2.885 2.885 2.885 2.885 2.885 2.885 2.885 2.885 2.885 2.885 2.885 2.885 2.88495 2.88479 2.88465 2.8846 4.07988 4.0798 2.88475 2.885 2.885 2.885 2.885 2.885 2.885 2.885 2.885 2.885 2.885 2.885 2.885 2.885 2.885 2.885 2.84476 2.21723 0 0 0 0 0 2.73032 0 0 0 0 0 0 0 0 0 0 0 0 0 0 0 0 3.73831 5.98875 16.1499 19.2903 19.2049 16.3198 13.9297 11.0446 8.15953 5.7695 2.88467 2.885 2.84686 2.22957 0 0 0 0 0 0 0 0 0 0
2.885 2.885 2.885 2.885 2.885 2.885 2.885 2.885 2.885 2.885 2.885 2.885 2.885 2.885 2.885 2.885 2.88493 2.88457 5.76874 2.88444 2.885 2.885 2.885 2.885 2.885 2.885 2.885 2.885 2.885 2.885 2.885 2.885 2.885 2.885 2.84476 2.21723 0 0 0 0 0 2.885 2.885 2.73397 0 0 0 0 0 0 0 0 0 0 0 0 0 0 0 0 0 9.46874 15.4637 16.3197 15.1246 12.2395 9.84932 6.96416 4.07917 2.88442 2.84686 2.22957 0 0 0 0 0 0 0 0 0 0 0
2.885 2.885 2.885 2.885 2.885 2.885 2.885 2.885 2.885 2.885 2.885 2.885 2.885 2.885 2.885 2.885 2.88496 4.07977 5.74385 2.88466 2.88496 2.885 2.885 2.885 2.885 2.885 2.885 2.885 2.885 2.885 2.885 2.885 2.885 2.84476 2.21723 0 0 0 0 0 2.885 2.885 2.885 2.885 2.79099 0 0 0 0 0 0 0 0 0 0 0 0 0 0 11.7579 0 0 10.8874 15.1244 12.2392 11.0441 8.15906 5.76892 2.88418 2.87427 2.22957 0 0 0 0 0 0 0 0 0 0 0 0
2.885 2.885 2.885 2.885 2.885 2.885 2.885 2.885 2.885 2.885 2.885 2.885 2.885 2.885 2.885 2.885 2.88498 2.88487 4.07993 4.07994 2.88491 2.88498 2.885 2.885 2.885 2.885 2.885 2.885 2.885 2.885 2.885 2.885 2.84476 2.21723 0 0 0 0 0 2.885 2.885 2.885 2.885 2.885 2.885 2.85937 0.392064 0 0 0 0 0 0 0 0 0 0 0 0 8.87267 0 0 0 12.229 11.0439 8.15876 6.96379 4.07893 2.88445 2.22957 0 0 0 0 0 0 0 0 0 0 0 0 0
2.885 2.885 2.885 2.885 2.885 2.885 2.885 2.885 2.885 2.885 2.885 2.885 2.885 2.885 2.885 2.885 2.885 2.88499 2.8849 5.04363 4.07993 2.88494 2.88499 2.885 2.885 2.885 2.885 2.885 2.885 2.885 2.885 2.84476 2.21723 0 0 0 0 0 2.885 2.885 2.885 2.885 2.885 2.885 2.885 2.885 2.885 1.51526 0 0 0 0 0 0 0 0 0 0 7.18318 5.9875 0 0 0 9.54316 8.15865 6.96355 4.07859 2.8841 2.70296 0 0 0 0 0 0 0 0 0 0 0 0 0 2.885
2.885 2.885 2.885 2.885 2.885 2.885 2.885 2.885 2.885 2.885 2.885 2.885 2.885 2.885 2.885 2.885 2.885 2.885 2.88497 3.58866 6.96498 4.07995 2.88496 2.88499 2.885 2.885 2.885 2.885 2.885 2.885 2.84476 2.21723 0 0 0 0 0 2.885 2.885 2.885 2.885 2.885 2.885 2.885 2.885 2.885 2.885 2.885 2.35645 0 0 0 0 0 0 0 0 0 5.76967 3.1028 0 0 0 9.39384 6.96332 4.0783 2.88404 2.70291 0 0 0 0 0 0 0 0 0 0 0 0 0 2.885 2.885
2.885 2.885 2.885 2.885 2.885 2.885 2.885 2.885 2.885 2.885 2.885 2.885 2.885 2.885 2.885 2.885 2.885 2.885 2.88499 4.07996 5.6397 6.96498 4.07997 2.88498 2.885 2.885 2.885 2.885 2.885 2.84477 2.21723 0 0 0 0 0 2.885 2.885 2.885 2.885 2.885 2.885 2.885 2.885 2.885 2.885 2.885 2.885 2.885 2.885 1.16157 0 0 0 0 0 0 0 0 2.88483 0 0 0 8.15963 5.76857 2.8836 2.70266 0 0 0 0 0 0 0 0 0 0 0 0 0 2.885 2.885 2.885
2.885 2.885 2.885 2.885 2.885 2.885 2.885 2.885 2.885 2.885 2.885 2.885 2.885 2.885 2.885 2.885 2.885 2.885 2.885 2.88498 2.14385 6.96499 5.76998 4.08 2.88499 2.885 2.885 2.885 2.84478 2.21727 0 0 0 0 0 2.885 2.885 2.885 2.885 2.885 2.885 2.885 2.885 2.885 2.885 2.885 2.885 2.885 2.885 2.885 2.885 2.885 2.885 2.885 2.885 2.885 2.885 2.65317 0 0 0 0 0 6.96467 4.07877 2.88423 0 0 0 0 0 0 0 0 0 0 0 0 0 2.885 2.885 2.885 2.885
2.885 2.885 2.885 2.885 2.885 2.885 2.885 2.885 2.885 2.885 2.885 2.885 2.885 2.885 2.885 2.885 2.885 2.885 2.885 2.885 2.88498 4.07999 2.88498 4.08 4.08 2.88499 2.885 2.84544 2.21999 0 0 0 0 0 2.885 2.885 2.885 2.885 2.885 2.885 2.885 2.885 2.885 2.885 2.885 2.885 2.885 2.885 2.885 2.885 2.885 2.885 2.885 2.885 2.885 2.885 2.885 2.79103 0 0 0 0 6.13099 5.76941 2.88381 1.44634 0 0 0 0 0 0 0 0 0 0 0 0 2.885 2.885 2.885 2.885 2.79306
2.885 2.885 2.885 2.885 2.885 2.885 2.885 2.885 2.885 2.885 2.885 2.885 2.885 2.885 2.885 2.885 2.885 2.885 2.885 2.885 2.885 2.885 2.885 2.88499 4.08 4.08 2.885 2.76804 0 0 0 0 0 2.885 2.885 2.885 2.885 2.885 2.885 2.885 2.885 2.885 2.885 2.885 2.885 2.885 2.885 2.885 2.885 2.885 2.885 2.885 2.885 2.885 2.885 2.885 2.885 2.885 1.83394 0 0 3.55052 6.96473 4.07885 2.88416 0 0 0 0 0 0 0 0 0 0 0 0 2.885 2.885 2.885 2.885 2.79306 1.48672
2.885 2.885 2.885 2.885 2.885 2.885 2.885 2.885 2.885 2.885 2.885 2.885 2.885 2.885 2.885 2.885 2.885 2.885 2.885 2.885 2.885 2.885 2.885 2.885 2.885 2.72578 4.08001 2.885 0 0 0 0 2.885 2.885 2.885 2.885 2.885 2.885 2.885 2.885 2.885 2.885 2.885 2.885 2.885 2.885 2.885 2.885 2.885 2.885 2.885 2.885 2.885 2.885 2.885 2.885 2.885 2.885 2.885 2.885 2.88492 4.0798 4.07967 2.88417 0 0 0 0 0 0 0 0 0 0 0 0 2.885 2.885 2.885 2.885 2.79305 1.48667 0
2.885 2.885 2.885 2.885 2.885 2.885 2.885 2.885 2.885 2.885 2.885 2.885 2.885 2.885 2.885 2.885 2.885 2.885 2.885 2.885 2.885 2.885 2.885 2.885 2.84476 1.19374 0 0 0 0 0 2.885 2.885 2.885 2.885 2.885 2.885 2.885 2.885 2.885 2.88496 2.88494 2.88491 2.885 2.885 2.885 2.885 2.885 2.885 2.885 2.885 2.885 2.885 2.885 2.885 2.885 2.885 2.885 2.885 2.885 2.86117 1.77959 1.07195 0 0 0 0 0 0 0 0 0 0 0 0 2.885 2.885 2.885 2.885 2.79263 1.48486 0 0
2.885 2.885 2.885 2.885 2.885 2.885 2.885 2.885 2.885 2.885 2.885 2.885 2.885 2.885 2.885 2.885 2.885 2.885 2.885 2.885 2.885 2.885 2.885 2.84476 2.21723 0 0 0 0 0 2.885 2.885 2.885 2.885 2.885 2.885 2.885 2.885 2.88496 2.8848 2.88447 4.07952 2.88462 2.885 2.885 2.885 2.885 2.885 2.885 2.885 2.885 2.885 2.885 2.885 2.885 2.885 2.885 2.885 2.885 2.885 2.75604 0.110614 0 0 0 0 0 0 0 0 0 0 0 0 2.885 2.885 2.885 2.87421 2.73851 1.42221 0 0 0
2.885 2.885 2.885 2.885 2.885 2.885 2.885 2.885 2.885 2.885 2.885 2.885 2.885 2.885 2.885 2.885 2.885 2.885 2.885 2.885 2.885 2.885 2.84476 2.21723 0 0 0 0 0 2.885 2.885 2.885 2.885 2.885 2.885 2.885 2.885 2.885 2.88479 4.07948 4.76679 5.76931 2.88423 2.8849 2.885 2.885 2.885 2.885 2.885 2.885 2.885 2.885 2.885 2.885 2.885 2.885 2.885 2.885 2.885 2.885 2.27444 0 0 0 0 0 0 0 0 0 0 0 0 2.56706 2.17462 1.75049 1.46391 1.217 0.0498156 0 0 0 0
2.885 2.885 2.885 2.885 2.885 2.885 2.885 2.885 2.885 2.885 2.885 2.885 2.885 2.885 2.885 2.885 2.885 2.885 2.885 2.885 2.885 2.84476 2.21723 0 0 0 0 0 2.885 2.885 2.885 2.885 2.885 2.885 2.885 2.885 2.885 2.885 2.88473 2.83454 6.67798 6.96457 4.07938 2.88477 2.885 2.885 2.885 2.885 2.885 2.885 2.885 2.885 2.885 2.885 2.885 2.885 2.885 2.885 2.885 2.87128 1.29831 0 0 0 0 0 0 0 0 0 0 0 0.490175 0 0 0 0 0 0 0 0 0 0
2.885 2.885 2.885 2.885 2.885 2.885 2.885 2.885 2.885 2.885 2.885 2.885 2.885 2.885 2.885 2.885 2.885 2.885 2.885 2.885 2.84476 2.21723 0 0 0 0 0 2.885 2.885 2.885 2.885 2.885 2.885 2.885 2.885 2.885 2.885 2.885 2.88476 4.07932 3.95645 6.89618 5.7697 2.88476 2.885 2.885 2.885 2.885 2.885 2.885 2.885 2.885 2.885 2.885 2.885 2.885 2.885 2.885 2.885 2.78962 0 0 0 0 0 0 0 0 0 0 0 0 0 0 0 0 0 0 0 0 0 0 0
2.885 2.885 2.885 2.885 2.885 2.885 2.885 2.885 2.885 2.885 2.885 2.885 2.885 2.885 2.885 2.885 2.885 2.885 2.885 2.84476 2.21723 0 0 0 0 0 2.885 2.885 2.885 2.885 2.885 2.885 2.885 2.885 2.885 2.885 2.885 2.885 2.88492 2.88474 2.88447 4.07963 5.76993 2.88485 2.885 2.885 2.885 2.885 2.885 2.885 2.885 2.885 2.885 2.885 2.885 2.885 2.885 2.885 2.885 2.63581 0 0 0 0 0 0 0 0 0 0 2.88318 0 0 0 0 0 0 0 0 0 0 0 0
2.885 2.885 2.885 2.885 2.885 2.885 2.885 2.885 2.885 2.885 2.885 2.885 2.885 2.885 2.885 2.885 2.885 2.885 2.84476 2.21723 0 0 0 0 0 2.885 2.885 2.885 2.885 2.885 2.885 2.885 2.885 2.885 2.885 2.885 2.885 2.885 2.885 2.885 2.88495 2.88473 5.71092 2.88488 2.885 2.885 2.885 2.885 2.885 2.885 2.885 2.885 2.885 2.885 2.885 2.885 2.885 2.885 2.885 2.34623 0 0 0 0 0 0 0 0 0 4.87654 4.07857 2.88374 0 0 0 0 0 0 0 0 0 0 2.88479
2.885 2.885 2.885 2.885 2.885 2.885 2.885 2.885 2.885 2.885 2.885 2.885 2.885 2.885 2.885 2.885 2.885 2.84476 2.21723 0 0 0 0 0 2.885 2.885 2.885 2.885 2.885 2.885 2.885 2.885 2.885 2.885 2.885 2.885 2.885 2.885 2.885 2.885 2.885 2.88486 4.07992 2.88489 2.885 2.885 2.885 2.885 2.885 2.885 2.885 2.885 2.885 2.885 2.885 2.885 2.885 2.885 2.885 1.78677 0 0 0 0 0 0 0 0 0 5.33389 4.079 2.8842 0 0 0 0 0 0 0 0 0 2.86684 2.88225
2.885 2.885 2.885 2.885 2.885 2.885 2.885 2.885 2.885 2.885 2.885 2.885 2.885 2.885 2.885 2.885 2.84476 2.21723 0 0 0 0 0 2.885 2.885 2.885 2.885 2.885 2.885 2.885 2.885 2.885 2.885 2.885 2.885 2.885 2.885 2.885 2.885 2.885 2.885 2.88498 2.88496 2.88497 2.885 2.885 2.885 2.885 2.885 2.885 2.885 2.885 2.885 2.885 2.885 2.885 2.885 2.885 2.87721 0.945424 0 0 0 0 0 0 0 0 0 5.35107 0 0 0 0 0 0 0 0 0 0 6.93881 4.04901 2.86634
2.885 2.885 2.885 2.885 2.885 2.885 2.885 2.885 2.885 2.885 2.885 2.885 2.885 2.885 2.885 2.84476 2.21723 0 0 0 0 0 2.885 2.885 2.885 2.885 2.885 2.885 2.885 2.885 2.885 2.885 2.885 2.885 2.885 2.885 2.885 2.885 2.885 2.885 2.885 2.885 2.885 2.885 2.885 2.885 2.885 2.885 2.885 2.885 2.885 2.885 2.885 2.885 2.885 2.885 2.885 2.885 2.84661 0.282105 0 0 0 0 0 0 0 0 0 0 0 0 0 0 0 0 0 0 0 9.83038 8.13673 6.93478 4.04892
