tests/full-run-ref/erosion_2010_78_24_-72.835.asc
ncols 512
nrows 512
xllcorner -3.24582
yllcorner -4.08743
cellsize 5
NODATA_value -99999
[rows 0 to 29 of 512, columns 201 to 267 of 512]
8.65507 8.65507 8.65507 8.65507 8.65507 8.65507 9.84999 8.65498 9.84773 8.65506 8.65506 8.65506 9.85007 11.0451 13.9301 14.0497 14.0497 14.0497 13.2581 14.2722 12.24 11.045 9.85001 8.655 8.16001 6.96501 5.77 5.77 5.77 5.77 5.77 5.77 5.77 5.77 5.77 5.77 5.77 5.77 5.77 5.77 5.77 5.77 5.77 5.77 5.77 5.77 5.77 5.77 5.77 5.77 5.77 6.96494 5.77 5.77 5.77 5.77 5.77 5.77 5.77 5.77 5.77 5.77 5.77 5.77 5.77 5.77 6.96499
5.77007 5.77007 5.77007 5.77007 5.77007 5.77006 6.96499 5.76998 6.96273 5.77005 5.77006 5.77006 6.96507 9.85007 11.1647 11.1647 11.1647 11.1647 10.3731 11.3872 11.045 8.16001 6.96501 5.77 5.77 4.08001 2.88508 2.88508 2.88508 2.88508 2.88508 2.88508 2.88508 2.88508 2.88508 2.88508 2.88508 2.88508 2.88508 2.88507 2.88506 2.88506 2.88505 2.88505 2.88504 2.88504 2.88504 2.88503 2.88503 2.88503 2.88502 4.07993 2.88503 2.88504 2.88503 2.88503 2.88503 2.88503 2.88503 2.88503 2.88505 2.88505 2.88505 2.88505 2.88506 2.88506 4.07999
2.88508 2.88508 2.88508 2.88508 2.88508 2.88508 4.08 2.88508 4.08 2.88508 2.88508 2.88508 5.77007 7.7681 8.27967 8.27967 8.27967 8.27967 7.48809 8.50215 8.16001 6.96501 4.08001 2.88508 2.88508 2.88508 2.88508 2.88508 2.88508 2.88508 2.88508 2.88508 2.88508 2.88508 2.88508 2.88508 2.88508 2.88508 2.88508 2.88508 2.88508 2.88508 2.88508 2.88508 2.88508 2.88508 2.88508 2.88508 2.88508 2.88508 2.88507 2.88506 2.88506 2.88507 2.88507 2.88507 2.88507 2.88507 2.88507 2.88507 2.88507 2.88507 2.88507 2.88507 2.88507 2.88506 2.88506
2.88508 2.88508 2.88508 2.88508 2.88508 2.88508 2.88508 2.88508 2.88508 4.08001 2.88508 2.88508 3.68809 5.29008 5.3947 5.3947 5.3947 5.39471 4.60309 5.61715 6.96501 4.08001 2.88508 2.88508 2.88508 2.88508 2.88508 2.88508 2.88508 2.88508 2.88508 2.88508 2.88508 2.88508 2.88508 2.88508 2.88508 2.88508 2.88508 2.88508 2.88508 2.88508 2.88508 2.88508 2.88508 2.88508 2.88508 2.88508 2.88508 2.88508 2.88507 2.88507 2.88507 2.88507 2.88507 2.88507 2.88507 2.88507 2.88507 2.88507 2.88507 2.88507 2.88507 2.88507 2.88507 2.88507 2.88506
2.88508 2.88508 2.88508 2.88508 2.88508 2.88508 2.88508 2.88508 2.88508 2.88508 2.88508 2.88508 2.88508 2.88508 2.88508 2.88508 2.88508 2.88508 2.88508 4.08001 5.77001 2.88508 2.88508 2.88508 2.88508 2.88508 2.88508 2.88508 2.88508 2.88508 2.88508 2.88508 2.88508 2.88508 2.88508 2.88508 2.88508 2.88508 2.88508 2.88508 2.88508 2.88508 2.88508 2.88508 2.88508 2.88508 2.88508 2.88508 2.88508 2.88508 2.88507 2.88507 2.88507 2.88508 2.88508 2.88508 2.88508 2.88508 2.88508 2.88507 2.88507 2.88507 2.88507 2.88507 2.88507 2.88507 2.88507
2.88508 2.88508 2.88508 2.88508 2.88508 2.88508 2.88508 2.88508 2.88508 2.88508 2.88508 2.88508 2.88508 2.88508 2.88508 2.88508 2.88508 2.88508 2.88508 2.88508 4.08001 4.08001 2.88508 2.88508 2.88508 2.88508 2.88508 2.88508 2.88508 2.88508 2.88508 2.88508 2.88508 2.88508 2.88508 2.88508 2.88508 2.88508 2.88508 2.88508 2.88508 2.88508 2.88508 2.88508 2.88508 2.88508 2.88508 2.88508 2.88508 2.88508 2.88508 2.88508 2.88508 2.88508 2.88508 2.88508 2.88508 2.88508 2.88508 2.88507 2.88507 2.88507 2.88507 2.88506 2.88506 2.88506 2.88506
2.88508 2.88508 2.88508 2.88508 2.88508 2.88508 2.88508 2.88508 2.88508 2.88508 2.88508 2.88508 2.88508 2.88508 2.88508 2.88508 2.88508 2.88508 2.88508 2.88508 2.88508 4.08001 4.08001 2.88508 2.88508 2.88508 2.88508 2.88508 2.88508 2.88508 2.88508 2.88508 2.88508 2.88508 2.88508 2.88508 2.88508 2.88508 2.88508 2.88508 2.88508 2.88508 2.88508 2.88508 2.88508 2.88508 2.88508 2.88508 2.88508 2.88508 2.88508 2.88508 2.88508 2.88508 2.88508 2.88508 2.88508 2.88508 2.88508 2.88507 2.88507 2.88507 2.88507 2.88506 2.88506 2.88506 2.88506
2.88508 2.88508 2.88508 2.88508 2.88508 2.88508 2.88508 2.88508 2.88508 2.88508 2.88508 2.88508 2.88508 2.88508 2.88508 2.88508 2.88508 2.88508 2.88508 2.88508 2.88508 2.88508 5.36257 4.08001 2.88508 2.88508 2.88508 2.88508 2.88508 2.88508 2.88508 2.88508 2.88508 2.88508 2.88508 2.88508 2.88508 2.88508 2.88508 2.88508 2.88508 2.88508 2.88508 2.88508 2.88508 2.88508 2.88508 2.88508 2.88508 2.88508 2.88508 2.88508 2.88508 2.88508 2.88508 2.88508 2.88508 2.88508 2.88508 2.88508 2.88507 2.88507 2.88507 2.88506 2.88506 2.88506 2.88506
4.08001 2.88508 2.88508 2.88508 2.88508 2.88508 2.88508 2.88508 2.88508 2.88508 2.88508 2.88508 2.88508 2.88508 2.88508 2.88508 2.88508 2.88508 2.88508 2.88508 2.88508 3.03644 5.82518 5.77001 2.88508 2.88508 2.88508 2.88508 2.88508 2.88508 2.88508 2.88508 2.88508 2.88508 2.88508 2.88508 2.88508 2.88508 2.88508 2.88508 2.88508 2.88508 2.88508 2.88508 2.88508 2.88508 2.88508 2.88508 2.88508 2.88508 2.88508 2.88508 2.88508 2.88508 2.88508 2.88508 2.88508 2.88508 2.88508 2.88508 2.88507 2.88507 2.88507 2.88506 2.88506 2.88506 2.88506
6.96501 4.08001 2.88508 2.88508 2.88508 2.88508 2.88508 2.88508 2.88508 2.88508 2.88508 2.88508 2.88508 2.88508 2.88508 2.88508 2.88508 2.88508 2.88508 2.88508 2.88508 2.88508 4.08001 5.77001 2.88508 2.88508 2.88508 2.88508 2.88508 2.88508 2.88508 2.88508 2.88508 2.88508 2.88508 2.88508 2.88508 2.88508 2.88508 2.88508 2.88508 2.88508 2.88508 2.88508 2.88508 2.88508 2.88508 2.88508 2.88508 2.88508 2.88508 2.88508 2.88508 2.88508 2.88508 2.88508 2.88508 2.88508 2.88508 2.88508 2.88507 2.88507 2.88507 2.88506 2.88506 2.88506 2.88506
7.3054 6.96501 4.08001 2.88508 2.88508 2.88508 2.88508 2.88508 2.88508 2.88508 2.88508 2.88508 2.88508 2.88508 2.88508 2.88508 2.88508 2.88508 2.88508 2.88508 2.88508 2.88508 2.88508 5.77001 4.08001 2.88508 2.88508 2.88508 2.88508 2.88508 2.88508 2.88508 2.88508 2.88508 2.88508 2.88508 2.88508 2.88508 2.88508 2.88508 2.88508 2.88508 2.88508 2.88508 2.88508 2.88508 2.88508 2.88508 2.88508 2.88508 2.88508 2.88508 2.88508 2.88508 2.88508 2.88508 2.88508 2.88508 2.88508 2.88508 2.88508 2.88507 2.88507 2.88506 2.88506 2.88506 2.88506
4.4204 6.54079 6.96501 4.08001 2.88508 2.88508 2.88508 2.88508 2.88508 2.88508 2.88508 2.88508 2.88508 2.88508 2.88508 2.88508 2.88508 2.88508 2.88508 2.88508 2.88508 2.88508 2.88508 5.77001 6.96501 4.08001 2.88508 2.88508 2.88508 2.88508 2.88508 2.88508 2.88508 2.88508 2.88508 2.88508 2.88508 2.88508 2.88508 2.88508 2.88508 2.88508 2.88508 2.88508 2.88508 2.88508 2.88508 2.88508 2.88508 2.88508 2.88508 2.88508 2.88508 2.88508 2.88508 2.88508 2.88508 2.88508 2.88508 2.88508 2.88508 2.88507 2.88507 2.88506 2.88506 2.88506 2.88506
2.88509 4.08001 5.06424 6.96492 4.08001 2.88508 2.88508 2.88508 2.88508 2.88508 2.88508 2.88508 2.88508 2.88508 2.88508 2.88508 2.88508 2.88508 2.88508 2.88508 2.88508 2.88508 2.88508 4.08001 6.96501 6.96501 4.08001 2.88508 2.88508 2.88508 2.88508 2.88508 2.88508 2.88508 2.88508 2.88508 2.88508 2.88508 2.88508 2.88508 2.88508 2.88508 2.88508 2.88508 2.88508 2.88508 2.88508 2.88508 2.88508 2.88508 2.88508 2.88508 2.88508 2.88508 2.88508 2.88508 2.88508 2.88508 2.88508 2.88508 2.88508 2.88508 2.88507 2.88507 2.88506 2.88506 2.88506
2.88509 2.88509 2.88509 4.08001 6.73165 4.08001 2.88508 2.88508 2.88508 2.88508 2.88508 2.88508 2.88508 2.88508 2.88508 2.88508 2.88508 2.88508 2.88508 2.88508 2.88508 2.88508 2.88508 2.88508 5.77001 5.77001 5.77001 4.08001 2.88508 2.88508 2.88508 2.88508 2.88508 2.88508 2.88508 2.88508 2.88508 2.88508 2.88508 2.88508 2.88508 2.88508 2.88508 2.88508 2.88508 2.88508 2.88508 2.88508 2.88508 2.88508 2.88508 2.88508 2.88508 2.88508 2.88508 2.88507 2.88507 2.88507 2.88507 2.88507 2.88507 2.88507 2.88507 2.88507 2.88506 2.88506 2.88506
2.88509 2.88509 2.88509 2.88509 4.08001 6.23315 4.08001 2.88508 2.88508 2.88508 2.88508 2.88508 2.88508 2.88508 2.88508 2.88508 2.88508 2.88508 2.88508 2.88508 2.88508 2.88508 2.88508 2.88508 3.61826 2.88508 2.88508 2.88508 4.08001 2.88508 2.88508 2.88508 2.88508 2.88508 2.88508 2.88508 2.88508 2.88508 2.88508 2.88508 2.88508 2.88508 2.88508 2.88508 2.88508 2.88508 2.88508 2.88508 2.88508 2.88508 2.88508 2.88508 2.88508 2.88508 2.88508 2.88507 2.88507 2.88507 2.88507 2.88507 2.88507 2.88507 2.88507 2.88507 2.88507 2.88506 2.88506
2.88509 2.88509 2.88509 2.88509 2.88509 3.34815 6.23315 4.08001 2.88508 2.88508 2.88508 2.88508 2.88508 2.88508 2.88508 2.88508 2.88508 2.88508 2.88508 2.88508 2.88508 2.88508 2.88508 3.61826 2.88508 2.88508 2.88508 2.88508 2.88508 4.08001 2.88508 2.88508 2.88508 2.88508 2.88507 2.88507 2.88507 2.88507 2.88507 2.88507 2.88507 2.88507 2.88507 2.88507 2.88507 2.88507 2.88507 2.88507 2.88507 2.88507 2.88507 2.88507 2.88507 2.88507 2.88507 2.88507 2.88507 2.88507 2.88507 2.88507 2.88507 2.88507 2.88507 2.88507 2.88507 2.88507 2.88506
2.88509 2.88509 2.88509 2.88509 2.88509 2.88509 4.08001 6.73165 4.08001 2.88508 2.88508 2.88508 2.88508 2.88508 2.88508 2.88508 2.88508 2.88508 2.88508 2.88508 2.88508 2.88508 2.88508 4.81327 2.88508 2.88508 2.88508 2.88508 2.88508 2.88508 4.08001 2.88507 2.88508 2.88508 2.88507 2.88507 2.88507 2.88507 2.88507 2.88507 2.88507 2.88507 2.88507 2.88507 2.88507 2.88507 2.88507 2.88507 2.88507 2.88507 2.88507 2.88507 2.88507 2.88507 2.88507 2.88507 2.88507 2.88507 2.88507 2.88507 2.88507 2.88507 2.88507 2.88507 2.88507 2.88507 2.88506
2.88509 2.88509 2.88509 2.88509 2.88509 2.88509 2.88509 4.08001 6.73165 4.08001 2.88508 2.88508 2.88508 2.88508 2.88508 2.88508 2.88508 2.88508 2.88508 2.88508 2.88508 2.88508 2.88508 5.77001 2.88508 2.88508 2.88508 2.88508 2.88508 2.88508 2.88507 4.08001 2.88507 2.88507 2.88507 2.88507 2.88507 2.88507 2.88507 2.88507 2.88507 2.88507 2.88507 2.88507 2.88507 2.88507 2.88507 2.88507 2.88507 2.88507 2.88507 2.88507 2.88507 2.88507 2.88507 2.88507 2.88507 2.88507 2.88507 2.88507 2.88507 2.88507 2.88507 2.88507 2.88507 2.88507 2.88506
2.88509 2.88509 2.88509 2.88509 2.88509 2.88509 2.88509 2.88509 4.08001 6.73165 4.08001 2.88508 2.88508 2.88508 2.88508 2.88508 2.88508 2.88508 2.88508 2.88508 2.88508 2.88508 2.88508 2.88508 2.88508 2.88508 2.88508 2.88508 2.88508 2.88508 2.88508 2.88507 4.08001 2.88507 2.88507 2.88507 2.88507 2.88507 2.88507 2.88507 2.88507 2.88507 2.88507 2.88507 2.88507 2.88507 2.88507 2.88507 2.88507 2.88507 2.88507 2.88507 2.88507 2.88507 2.88507 2.88507 2.88507 2.88507 2.88507 2.88507 2.88507 2.88507 2.88507 2.88507 2.88507 2.88507 2.88507
2.88509 2.88509 2.88509 2.88509 2.88509 2.88509 2.88509 2.88509 2.88509 4.08001 6.67599 4.08001 2.88508 2.88508 2.88508 2.88508 2.88508 2.88508 2.88508 2.88508 2.88508 2.88508 2.88508 2.88508 2.88508 2.88508 2.88508 2.88508 2.88508 2.88508 2.88508 2.88508 2.88507 4.08001 2.88507 2.88507 2.88507 2.88507 2.88507 2.88507 2.88507 2.88507 2.88507 2.88507 2.88507 2.88507 2.88507 2.88507 2.88507 2.88507 2.88507 2.88507 2.88507 2.88507 2.88507 2.88507 2.88507 2.88507 2.88507 2.88507 2.88507 2.88507 2.88507 2.88507 2.88507 2.88507 2.88507
2.88509 2.88509 2.88509 2.88509 2.88509 2.88509 2.88509 2.88509 2.88509 2.88509 4.41574 6.96501 4.08001 2.88508 2.88508 2.88508 2.88508 2.88508 2.88508 2.88508 2.88508 2.88508 2.88508 2.88508 2.88508 2.88508 2.88508 2.88508 2.88508 2.88508 2.88508 2.88508 2.88507 2.88507 4.08001 2.88507 2.88507 2.88507 2.88507 2.88507 2.88507 2.88507 2.88507 2.88507 2.88507 2.88507 2.88507 2.88507 2.88507 2.88507 2.88507 2.88507 2.88507 2.88507 2.88507 2.88507 2.88507 2.88507 2.88507 2.88507 2.88507 2.88507 2.88507 2.88507 2.88507 2.88507 2.88507
2.88509 2.88509 2.88509 2.88509 2.88509 2.88509 2.88509 2.88509 2.88509 4.08001 3.72883 6.61383 6.96501 4.08001 2.88508 2.88508 2.88508 2.88508 2.88508 2.88508 2.88508 2.88508 2.88508 2.88508 2.88508 2.88508 2.88508 2.88508 2.88508 2.88508 2.88508 2.88508 2.88508 2.88507 2.88507 4.08001 2.88507 2.88507 2.88507 2.88507 2.88507 2.88507 2.88507 2.88507 2.88507 2.88507 2.88507 2.88507 2.88507 2.88507 2.88507 2.88507 2.88507 2.88507 2.88507 2.88507 2.88507 2.88507 2.88507 2.88507 2.88507 2.88507 2.88507 2.88507 2.88507 2.88507 2.88507
2.88509 2.88509 2.88509 2.88509 2.88509 2.88509 2.88509 2.88509 2.88509 5.77001 6.61383 7.80884 8.16002 6.96501 4.08001 2.88508 2.88508 2.88508 2.88508 2.88508 2.88508 2.88508 2.88508 2.88508 2.88508 2.88508 2.88508 2.88508 2.88508 2.88508 2.88508 2.88508 2.88508 2.88508 2.88507 2.88507 4.08001 2.88507 2.88507 2.88507 2.88507 2.88507 2.88507 2.88507 2.88507 2.88507 2.88507 2.88507 2.88507 2.88507 2.88507 2.88507 2.88507 2.88507 2.88507 2.88507 2.88507 2.88507 2.88507 2.88507 2.88507 2.88507 2.88507 2.88507 2.88507 2.88507 2.88507
2.88509 2.88509 2.88509 2.88509 2.88509 2.88509 2.88509 2.88509 2.88509 5.77001 8.16002 6.96501 5.77001 6.54079 6.96501 4.08001 2.88508 2.88508 2.88508 2.88508 2.88508 2.88508 2.88508 2.88508 2.88508 2.88508 2.88508 2.88508 2.88508 2.88508 2.88508 2.88508 2.88508 2.88508 2.88507 2.88507 2.88507 4.08001 2.88507 2.88507 2.88507 2.88507 2.88507 2.88507 2.88507 2.88507 2.88507 2.88507 2.88507 2.88507 2.88507 2.88507 2.88507 2.88507 2.88507 2.88507 2.88507 2.88507 2.88507 2.88507 2.88507 2.88507 2.88507 2.88507 2.88507 2.88507 2.88507
2.88509 2.88509 2.88509 2.88509 2.88509 2.88509 2.88509 2.88509 2.88509 5.77001 6.96501 4.08001 2.88509 4.08001 5.06424 6.96493 4.08001 2.88508 2.88508 2.88508 2.88508 2.88508 2.88508 2.88508 2.88508 2.88508 2.88508 2.88508 2.88508 2.88508 2.88508 2.88508 2.88508 2.88508 2.88507 2.88507 2.88507 2.88507 4.08001 2.88507 2.88507 2.88507 2.88507 2.88507 2.88507 2.88507 2.88507 2.88507 2.88507 2.88507 2.88507 2.88507 2.88507 2.88507 2.88507 2.88507 2.88507 2.88507 2.88507 2.88507 2.88507 2.88507 2.88507 2.88507 2.88507 2.88507 2.88507
2.88509 2.88509 2.88509 2.88509 2.88509 2.88509 2.88509 2.88509 4.08001 6.96501 4.08001 2.88509 2.88509 2.88509 2.88509 4.08001 5.77001 4.08001 2.88508 2.88508 2.88508 2.88508 2.88508 2.88508 2.88508 2.88508 2.88508 2.88508 2.88508 2.88508 2.88508 2.88508 2.88508 2.88508 2.88507 2.88507 2.88507 2.88507 2.88507 4.08001 2.88507 2.88507 2.88507 2.88507 2.88507 2.88507 2.88507 2.88507 2.88507 2.88507 2.88507 2.88507 2.88507 2.88507 2.88507 2.88507 2.88507 2.88507 2.88507 2.88507 2.88507 2.88507 2.88507 2.88507 2.88507 2.88507 2.88507
2.88509 2.88509 2.88509 2.88509 2.88509 2.88509 2.88509 2.88509 5.77001 5.77001 2.88509 2.88509 2.88509 2.88509 2.88509 2.88509 2.88509 4.08001 5.77001 2.88508 2.88508 2.88508 2.88508 2.88508 2.88508 2.88508 2.88508 2.88508 2.88508 2.88508 2.88508 2.88508 2.88508 2.88508 2.88507 2.88507 2.88507 2.88507 2.88507 2.88507 4.08001 2.88507 2.88507 2.88507 2.88507 2.88507 2.88507 2.88507 2.88507 2.88507 2.88507 2.88507 2.88507 2.88507 2.88507 2.88507 2.88507 2.88507 2.88507 2.88507 2.88507 2.88507 2.88507 2.88507 2.88507 2.88507 2.88507
2.88509 2.88509 2.88509 2.88509 2.88509 2.88509 2.88509 3.99166 6.87666 5.77001 2.88509 2.88509 2.88509 2.88509 2.88509 2.88509 2.88509 2.88509 5.74583 2.88508 2.88508 2.88508 2.88508 2.88508 2.88508 2.88508 2.88508 2.88508 2.88508 2.88508 2.88508 2.88508 2.88508 2.88508 2.88507 2.88507 2.88507 2.88507 2.88507 2.88507 2.88507 2.88507 2.88507 2.88507 2.88507 2.88507 2.88507 2.88507 2.88507 2.88507 2.88507 2.88507 2.88507 2.88507 2.88507 2.88507 2.88507 2.88507 2.88507 2.88507 2.88507 2.88507 2.88507 2.88507 2.88507 2.88507 2.88507
2.88509 2.88509 2.88509 2.88509 2.88509 2.88509 2.88509 2.88509 4.91006 6.96501 4.08001 2.88509 2.88509 2.88509 2.88509 2.88509 2.88509 4.08001 5.57273 4.08001 2.88508 2.88508 2.88508 2.88508 2.88508 2.88508 2.88508 2.88508 2.88508 2.88508 2.88508 2.88508 2.88508 2.88507 2.88507 2.88507 2.88507 2.88507 2.88507 2.88507 2.88507 2.88507 2.88507 2.88507 2.88507 2.88507 2.88507 2.88507 2.88507 2.88507 2.88507 2.88507 2.88507 2.88507 2.88507 2.88507 2.88507 2.88507 2.88507 2.88507 2.88507 2.88507 2.88507 2.88507 2.88507 2.88507 2.88507
2.88509 2.88509 2.88509 2.88509 2.88509 2.88509 2.88509 2.88509 2.89498 4.08999 6.96501 4.08001 2.88509 2.88509 2.88509 2.88509 2.88509 2.88508 2.88508 4.08001 4.08001 2.88508 2.88508 2.88508 2.88508 2.88508 2.88508 2.88508 2.88508 2.88508 2.88508 2.88508 2.88508 2.88507 2.88507 2.88507 2.88507 2.88507 2.88507 2.88507 2.88507 2.88507 4.08001 4.08001 2.88507 2.88507 2.88507 2.88507 2.88507 2.88507 2.88507 2.88507 2.88507 2.88507 2.88507 2.88507 2.88507 2.88507 2.88507 2.88507 2.88507 2.88507 2.88507 2.88507 2.88507 2.88507 2.88507
