tests/full-run-ref/erosion_2010_78_20_-12.873.asc
ncols 512
nrows 512
xllcorner -3.24582
yllcorner -4.08743
cellsize 5
NODATA_value -99999
[rows 144 to 179 of 512, columns 83 to 165 of 512]
5.77 5.77 5.77 5.77 5.77 5.77 5.77 5.77 5.77 5.77 5.77 5.77 5.77 5.77 5.77 5.77 5.77 5.77 5.77 5.77 5.77 5.77 5.77 5.77 5.77 5.77 5.77 5.76956 8.15817 13.9269 24.4784 24.4793 22.088 16.3172 13.9268 11.5354 13.9257 16.3141 32.6369 27.8565 22.0851 16.314 13.9246 11.5364 8.15801 8.16001 8.16001 8.16001 8.16001 8.16001 8.15975 11.54 8.1594 8.15921 8.15837 8.15045 13.9117 28.2362 24.4594 30.2358 24.462 28.8304 23.0593 17.2883 16.3154 16.32 16.32 16.3194 16.3179 16.3163 16.3124 13.9159 8.14068 5.75794 5.76574 5.76893 5.76829 5.76852 5.76733 5.76436 5.76161 5.75994 5.74587
5.77 5.77 5.77 5.77 5.77 5.77 5.77 5.77 5.77 5.77 5.77 5.77 5.77 5.77 5.77 5.77 5.77 5.77 5.77 5.77 5.77 5.77 5.77 5.77 5.77 5.77 5.77 5.76911 11.5381 16.317 27.8592 22.0884 16.3171 13.9275 8.15715 8.15816 8.15673 13.9263 16.315 24.4764 16.314 13.9244 8.15471 8.15785 8.15933 8.16001 8.16001 8.16001 8.16001 8.16001 8.15969 8.15932 8.15911 13.9289 8.15367 13.9191 16.293 32.6178 38.3979 32.6262 34.6012 28.8289 23.053 17.2909 16.3167 16.32 16.3195 16.3156 13.9188 11.5253 11.5265 8.1478 5.761 5.76847 5.77 5.77 5.76894 5.76399 5.76288 5.76637 5.77 5.77 5.76841
5.77 5.77 5.77 5.77 5.77 5.77 5.77 5.77 5.77 5.77 5.77 5.77 5.77 5.77 5.77 5.77 5.77 5.77 5.77 5.77 5.77 5.77 5.77 5.77 5.77 5.77 5.77 5.76885 11.5374 19.6974 25.4696 19.6975 13.9268 8.15719 8.15961 8.16001 8.15969 8.15778 13.9279 13.9266 11.5351 8.15693 8.15913 8.16001 8.16001 8.16001 8.16001 8.16001 8.16001 8.16001 8.16001 8.16001 8.15872 11.5381 14.3168 16.3091 25.2552 46.5541 40.7902 40.3712 34.5984 28.8233 23.0499 17.2896 16.3166 16.3197 16.3175 13.9199 8.14427 5.75703 5.76225 5.76556 5.7689 5.77 5.77 5.76848 5.75824 8.14446 11.5264 5.75646 5.76845 5.77 5.77
5.77 5.77 5.77 5.77 5.77 5.77 5.77 5.77 5.77 5.77 5.77 5.77 5.77 5.77 5.77 5.77 5.77 5.77 5.77 5.77 5.77 5.77 5.77 5.77 5.77 5.77 5.76991 5.76832 11.5367 22.088 23.0791 17.307 11.5365 8.15843 8.16001 8.16001 8.16001 8.15944 11.5392 8.15798 8.15891 8.15967 8.16001 8.16001 8.16001 8.16001 8.16001 8.16001 8.16001 8.16001 8.16001 8.16001 8.15957 8.15321 11.3407 17.1066 22.8548 48.9437 46.1407 40.3677 34.5931 28.82 23.0467 17.2879 16.3155 16.3189 14.6833 8.90813 5.76103 5.76904 5.77 5.77 5.77 5.77 5.76822 5.75437 8.13418 13.9128 13.9203 8.14609 5.76288 5.76941 5.77
5.77 5.77 5.77 5.77 5.77 5.77 5.77 5.77 5.77 5.77 5.77 5.77 5.77 5.77 5.77 5.77 5.77 5.77 5.77 5.77 5.77 5.77 5.77 5.77 5.77 5.77 5.76953 8.15801 13.9266 24.4784 23.0783 17.3068 11.5366 8.1585 8.16001 8.16001 8.16001 8.15988 8.15979 8.15986 8.16001 8.16001 8.16001 8.16001 8.16001 8.16001 8.16001 8.16001 8.16001 8.16001 8.16001 8.16001 8.16001 8.15648 8.94512 14.7059 25.2395 51.9003 46.1387 40.3636 34.5902 28.8169 23.0434 17.2857 16.3144 16.3184 12.291 6.51818 5.76706 5.77 5.77 5.77 5.77 5.77 5.76269 8.1338 13.9063 16.3072 16.3168 13.9168 8.15064 5.76744 5.77
5.77 5.77 5.77 5.77 5.77 5.77 5.77 5.77 5.77 5.77 5.77 5.77 5.77 5.77 5.77 5.77 5.77 5.77 5.77 5.77 5.77 5.77 5.77 5.77 5.77 5.77 5.76909 11.538 16.3164 28.8486 23.0774 17.3056 11.5354 8.15806 8.16001 8.16001 8.16001 8.16001 8.16001 8.16001 8.16001 8.16001 8.16001 8.16001 8.16001 8.16001 8.16001 8.16001 8.16001 8.16001 8.16001 8.16001 8.16001 8.15492 11.3359 17.0885 27.6239 49.2141 46.1381 40.3612 34.5871 28.813 23.0386 17.2823 16.3133 16.3188 14.6001 8.82759 5.7658 5.77 5.77 5.77 5.77 5.77 5.75717 11.516 16.2937 16.3175 16.3192 16.3172 11.5316 5.76309 5.76947
5.77 5.77 5.77 5.77 5.77 5.77 5.77 5.77 5.77 5.77 5.77 5.77 5.77 5.77 5.77 5.77 5.77 5.77 5.77 5.77 5.77 5.77 5.77 5.77 5.77 5.77 5.76896 11.5376 19.6962 31.2386 25.4673 19.6957 13.9247 8.15634 8.15971 8.16001 8.16001 8.16001 8.16001 8.16001 8.16001 8.16001 8.16001 8.16001 8.16001 8.16001 8.16001 8.16001 8.16001 8.16001 8.16001 8.16001 8.16001 8.15342 11.5186 19.4643 41.0342 45.423 46.1383 40.3573 34.5815 28.8058 23.0299 17.2763 16.3119 16.3197 16.3166 11.2201 5.7658 5.77 5.77 5.77 5.77 5.77 5.75656 11.5183 16.3116 16.32 16.32 16.319 13.9225 8.15054 5.76743
5.77 5.77 5.77 5.77 5.77 5.77 5.77 5.77 5.77 5.77 5.77 5.77 5.77 5.77 5.77 5.77 5.77 5.77 5.77 5.77 5.77 5.77 5.77 5.77 5.77 5.77 5.76902 11.5379 17.306 33.6283 27.8576 22.0865 16.3154 11.5369 8.15942 8.16001 8.16001 8.16001 8.16001 8.16001 8.16001 8.16001 8.16001 8.16001 8.16001 8.16001 8.16001 8.16001 8.16001 8.16001 8.16001 8.16001 8.16001 8.15251 11.5133 19.6352 37.2154 43.0308 46.1351 40.3479 34.5698 28.7921 23.0146 17.2664 16.3134 16.32 16.3178 11.5341 5.76378 5.77 5.77 5.77 5.77 5.77 5.76036 11.5272 16.3155 16.32 16.32 16.3196 16.3149 11.5304 5.76252
5.77 5.77 5.77 5.77 5.77 5.77 5.77 5.77 5.77 5.77 5.77 5.77 5.77 5.77 5.77 5.77 5.77 5.77 5.77 5.77 5.77 5.77 5.77 5.77 5.77 5.77 5.76928 11.5385 16.3167 31.2384 25.4667 19.6952 13.9247 8.15576 8.15954 8.16001 8.16001 8.16001 8.16001 8.16001 8.16001 8.16001 8.16001 8.16001 8.16001 8.16001 8.16001 8.16001 8.16001 8.16001 8.16001 8.16001 8.16001 8.15255 11.5134 22.02 41.0038 45.4154 46.1234 40.3328 34.5532 28.7742 22.9953 17.2447 16.3086 16.32 16.3187 11.5274 5.7538 5.76543 5.76704 5.76579 5.76274 5.76101 5.75949 11.5291 16.3181 16.32 16.32 16.32 16.3183 13.9231 8.15248
5.77 5.77 5.77 5.77 5.77 5.77 5.77 5.77 5.77 5.77 5.77 5.77 5.77 5.77 5.77 5.77 5.77 5.77 5.77 5.77 5.77 5.77 5.77 5.77 5.77 5.77 5.76968 8.15867 13.9273 28.8489 23.0772 17.3056 11.5343 8.15729 8.16001 8.16001 8.16001 8.16001 8.16001 8.16001 8.16001 8.16001 8.16001 8.16001 8.16001 8.16001 8.16001 8.16001 8.16001 8.16001 8.16001 8.16001 8.16001 8.15519 11.5196 16.2253 53.5417 49.2071 48.5056 42.7204 36.9423 31.1646 25.3867 19.6193 16.2969 16.3167 16.3139 13.9132 8.13881 8.14464 6.13965 8.14349 8.1412 13.9218 8.14669 13.9241 16.3191 16.32 16.32 16.32 16.3193 16.3177 13.9273
5.77 5.77 5.77 5.77 5.77 5.77 5.77 5.77 5.77 5.77 5.77 5.77 5.77 5.77 5.77 5.77 5.77 5.77 5.77 5.77 5.77 5.77 5.77 5.77 5.77 5.77 5.76994 5.76909 11.538 27.8593 22.0883 16.3166 13.9265 8.15791 8.16001 8.16001 8.16001 8.16001 8.16001 8.16001 8.16001 8.16001 8.16001 8.16001 8.16001 8.16001 8.16001 8.16001 8.16001 8.16001 8.16001 8.16001 8.16001 8.15873 8.14154 13.8167 57.3189 54.9778 50.8816 45.1014 39.3244 33.5467 27.7648 21.9831 16.237 22.0499 16.293 16.3074 14.2959 14.3039 14.3017 14.3031 14.3081 16.3148 14.3149 16.3179 16.3197 16.32 16.32 16.32 16.3184 13.9234 8.1518
5.77 5.77 5.77 5.77 5.77 5.77 5.77 5.77 5.77 5.77 5.77 5.77 5.77 5.77 5.77 5.77 5.77 5.77 5.77 5.77 5.77 5.77 5.77 5.77 5.77 5.77 5.77 5.76952 11.5388 22.0894 19.6989 13.9273 8.15643 8.1594 8.16001 8.16001 8.16001 8.16001 8.16001 8.16001 8.16001 8.16001 8.16001 8.16001 8.16001 8.16001 8.16001 8.16001 8.16001 8.16001 8.16001 8.16001 8.16001 8.16001 8.15096 11.4157 63.0754 59.0424 53.2635 47.4859 41.708 35.9275 30.1442 24.3506 28.2283 24.4327 24.4707 22.4583 22.076 16.309 16.3147 16.3185 16.3175 16.3192 16.3197 16.3198 16.32 16.32 16.32 16.32 16.3174 11.5309 5.76253
5.77 5.77 5.77 5.77 5.77 5.77 5.77 5.77 5.77 5.77 5.77 5.77 5.77 5.77 5.77 5.77 5.77 5.77 5.77 5.77 5.77 5.77 5.77 5.77 5.77 5.77 5.77 5.76964 11.5392 16.3193 17.3094 11.5382 8.15893 8.16001 8.16001 8.16001 8.16001 8.16001 8.16001 8.16001 8.16001 8.16001 8.16001 8.16001 8.16001 8.16001 8.16001 8.16001 8.16001 8.16001 8.16001 8.16001 8.16001 8.16001 8.15387 11.4453 67.1562 61.4309 55.653 49.8743 44.0942 38.3148 32.5276 36.3902 32.593 32.6342 30.2443 25.4527 19.6794 16.3019 16.32 16.32 16.32 16.32 16.32 16.32 16.32 16.32 16.32 16.32 16.3171 11.532 5.76457
5.77 5.77 5.77 5.77 5.77 5.77 5.77 5.77 5.77 5.77 5.77 5.77 5.77 5.77 5.77 5.77 5.77 5.77 5.77 5.77 5.77 5.77 5.77 5.77 5.77 5.77 5.77 5.76982 8.15928 13.9292 16.3196 11.5388 8.15932 8.16001 8.16001 8.16001 8.16001 8.16001 8.16001 8.16001 8.16001 8.16001 8.16001 8.16001 8.16001 8.16001 8.16001 8.16001 8.16001 8.16001 8.16001 8.16001 8.16001 8.16001 8.15518 11.4617 69.5575 63.8228 58.0421 52.2628 46.4851 40.7118 44.5512 40.7565 38.3679 34.6051 28.8315 23.0561 17.2875 16.3124 16.32 16.32 16.32 16.32 16.32 16.32 16.32 16.32 16.32 16.3194 16.317 11.533 5.76478
5.77 5.77 5.77 5.77 5.77 5.77 5.77 5.77 5.77 5.77 5.77 5.77 5.77 5.77 5.77 5.77 5.77 5.77 5.77 5.77 5.77 5.77 5.77 5.77 5.77 5.77 5.77 5.76996 5.76958 8.15907 13.9296 11.5393 8.15931 8.16001 8.16001 8.16001 8.16001 8.16001 8.16001 8.16001 8.16001 8.16001 8.16001 8.16001 8.16001 8.16001 8.16001 8.16001 8.16001 8.16001 8.16001 8.16001 8.16001 8.16001 8.15536 11.4629 71.9457 66.2154 60.4349 54.6582 48.8934 50.3215 46.5314 40.7661 38.3803 32.6259 28.8357 23.063 17.2962 16.3169 16.32 16.32 16.32 16.32 16.32 16.32 16.32 16.32 16.3192 16.3141 13.9204 11.5346 8.15791
5.77 5.77 5.77 5.77 5.77 5.77 5.77 5.77 5.77 5.77 5.77 5.77 5.77 5.77 5.77 5.77 5.77 5.77 5.77 5.77 5.77 5.77 5.77 5.77 5.77 5.77 5.77 5.77 5.76995 5.76938 11.5395 13.9298 8.15887 8.15979 8.16001 8.16001 8.16001 8.16001 8.16001 8.16001 8.16001 8.16001 8.16001 8.16001 8.16001 8.16001 8.16001 8.16001 8.16001 8.16001 8.16001 8.16001 8.15932 8.15936 8.1554 11.4631 71.9967 68.615 62.8348 57.0631 54.68 49.9004 44.1246 38.3521 32.5897 30.2112 24.4616 22.0752 17.3031 16.3186 16.32 16.32 16.32 16.32 16.32 16.3189 16.3171 16.3153 16.3106 13.9158 8.14495 5.76176 5.76771
5.77 5.77 5.77 5.77 5.77 5.77 5.77 5.77 5.77 5.77 5.77 5.77 5.77 5.77 5.77 5.77 5.77 5.77 5.77 5.77 5.77 5.77 5.77 5.77 5.77 5.77 5.77 5.77 5.77 5.7698 8.15937 13.9296 13.9295 8.15844 8.1591 8.15974 8.16001 8.16001 8.16001 8.16001 8.16001 8.16001 8.16001 8.16001 8.16001 8.16001 8.16001 8.16001 8.16001 8.16001 8.16001 8.16001 8.15841 11.5383 8.14851 13.8636 66.2245 69.6459 64.8208 59.0452 53.2693 47.4915 41.7209 35.9481 30.1746 24.41 22.0445 16.2973 16.3161 16.3197 16.32 16.32 16.32 16.32 16.3191 16.312 13.9123 11.5209 11.5248 8.14629 5.76271 5.76899 5.77
5.77 5.77 5.77 5.77 5.77 5.77 5.77 5.77 5.77 5.77 5.77 5.77 5.77 5.77 5.77 5.77 5.77 5.77 5.77 5.77 5.77 5.77 5.77 5.77 5.77 5.77 5.77 5.77 5.77 5.76996 5.76957 8.15917 13.9295 16.3196 13.9287 8.15822 8.15967 8.16001 8.16001 8.16001 8.16001 8.16001 8.16001 8.16001 8.16001 8.16001 8.16001 8.16001 8.16001 8.16001 8.16001 8.16001 8.15761 11.5361 17.3044 16.2667 60.4581 63.8701 62.4292 56.6512 50.8742 45.0965 39.319 33.5478 27.7728 22.0003 16.2674 16.3154 16.32 16.32 16.32 16.32 16.32 16.32 16.3175 13.9144 8.13532 5.752 5.76113 5.76619 5.76916 5.77 5.77
5.77 5.77 5.77 5.77 5.77 5.77 5.77 5.77 5.77 5.77 5.77 5.77 5.77 5.77 5.77 5.77 5.77 5.77 5.77 5.77 5.77 5.77 5.77 5.77 5.77 5.77 5.77 5.77 5.77 5.77 5.76994 5.76949 8.15896 13.9291 16.32 13.9284 8.15788 8.15963 8.16001 8.16001 8.16001 8.16001 8.16001 8.16001 8.16001 8.16001 8.16001 8.16001 8.16001 8.16001 8.16001 8.16001 8.15721 11.5334 17.3007 27.8325 54.6928 58.0836 60.0346 54.2605 48.4824 42.7036 36.9231 31.1421 25.3674 19.6048 16.2869 16.32 16.32 16.32 16.32 16.32 16.32 16.32 16.3166 11.5248 5.754 5.76872 5.77 5.77 5.77 5.77 5.76922
5.77 5.77 5.77 5.77 5.77 5.77 5.77 5.77 5.77 5.77 5.77 5.77 5.77 5.77 5.77 5.77 5.77 5.77 5.77 5.77 5.77 5.77 5.77 5.77 5.77 5.77 5.77 5.77 5.77 5.77 5.77 5.76993 5.76936 8.15865 13.9289 16.32 13.9282 8.15758 8.15959 8.16001 8.16001 8.16001 8.16001 8.16001 8.16001 8.16001 8.16001 8.16001 8.16001 8.16001 8.16001 8.16001 8.15709 11.5329 17.2993 25.4515 27.8104 46.5196 49.9109 51.8671 46.0969 40.3165 34.5303 28.7458 22.9601 17.2077 16.2971 16.32 16.32 16.32 16.32 16.32 16.32 16.32 16.3169 11.5296 5.76238 5.77 5.77 5.77 5.77 5.77 5.76651
5.77 5.77 5.77 5.77 5.77 5.77 5.77 5.77 5.77 5.77 5.77 5.77 5.77 5.77 5.77 5.77 5.77 5.77 5.77 5.77 5.77 5.77 5.77 5.77 5.77 5.77 5.77 5.77 5.77 5.77 5.77 5.77 5.76992 5.76923 8.15842 13.9287 16.32 13.928 8.15711 8.1595 8.16001 8.16001 8.16001 8.16001 8.16001 8.16001 8.16001 8.16001 8.16001 8.16001 8.16001 8.16001 8.15689 11.5349 17.3037 19.6852 22.0616 24.4278 38.3636 41.7506 44.1591 42.7285 36.9467 31.1592 25.3849 19.6212 16.2896 16.32 16.3181 16.32 16.32 16.32 16.32 16.3197 16.3176 11.5324 5.76462 5.77 5.77 5.77 5.77 5.77 5.76247
5.77 5.77 5.77 5.77 5.77 5.77 5.77 5.77 5.77 5.77 5.77 5.77 5.77 5.77 5.77 5.77 5.77 5.77 5.77 5.77 5.77 5.77 5.77 5.77 5.77 5.77 5.77 5.77 5.77 5.77 5.77 5.77 5.77 5.76991 5.76905 8.15785 13.9285 16.3192 13.9266 8.15491 8.15661 8.1571 8.15741 8.15794 8.15844 8.15891 8.15924 8.15933 8.15923 8.15913 8.1591 8.15871 8.15777 13.9282 11.5293 13.9099 16.2954 22.0666 24.4455 30.2148 33.5966 35.9939 39.3478 33.5831 27.8062 22.0319 16.2829 16.315 16.32 16.32 16.32 16.32 16.3198 16.3181 13.9252 11.5351 5.767 5.77 5.77 5.77 5.77 5.77 5.74554
5.77 5.77 5.77 5.77 5.77 5.77 5.77 5.77 5.77 5.77 5.77 5.77 5.77 5.77 5.77 5.77 5.77 5.77 5.77 5.77 5.77 5.77 5.77 5.77 5.77 5.77 5.77 5.77 5.77 5.77 5.77 5.77 5.77 5.77 5.76989 5.76822 11.5375 19.6991 16.3176 16.3143 14.3118 14.3143 12.3148 12.3152 12.3162 12.3177 12.3186 12.3189 12.3188 12.319 11.9295 11.5396 11.5383 8.15564 5.75583 8.1381 13.9103 16.2968 22.0717 24.4629 25.4455 25.4351 27.8254 32.6219 30.2178 24.4415 19.66 16.3024 16.32 16.3174 16.32 16.3192 16.3173 13.9249 8.15358 5.7659 5.76917 5.77 5.77 5.77 5.77 5.77 5.74693
5.77 5.77 5.77 5.77 5.77 5.77 5.77 5.77 5.77 5.77 5.77 5.77 5.77 5.77 5.77 5.77 5.77 5.77 5.77 5.77 5.77 5.77 5.77 5.77 5.77 5.77 5.77 5.77 5.77 5.77 5.77 5.77 5.77 5.77 5.77 5.76896 11.538 16.3181 22.0886 24.4772 24.4746 20.4727 18.4761 18.4786 19.6991 17.3095 17.3098 19.6999 19.0036 13.9291 8.15827 5.76784 5.76691 5.7682 5.76842 5.75979 8.13955 13.9112 16.3011 22.0791 19.6787 17.2791 17.2752 19.665 24.4565 27.833 22.0621 16.2765 16.3123 16.32 16.3185 16.3073 13.91 8.14631 5.76513 5.76961 5.77 5.77 5.77 5.77 5.77 5.77 5.74145
5.77 5.77 5.77 5.77 5.77 5.77 5.77 5.77 5.77 5.77 5.77 5.77 5.77 5.77 5.77 5.77 5.77 5.77 5.77 5.77 5.77 5.77 5.77 5.77 5.77 5.77 5.77 5.77 5.77 5.77 5.77 5.77 5.77 5.77 5.77 5.76944 8.15803 13.9275 19.6973 24.4768 32.6346 27.8577 22.0855 16.3163 13.9258 11.5345 11.5361 13.9282 13.233 11.5392 5.76872 5.76978 5.77 5.77 5.77 5.76891 5.76052 8.14222 13.9162 16.31 13.9084 11.5122 11.5138 11.5105 13.9012 16.2928 22.0759 22.0691 13.9262 16.3081 16.3112 13.9029 8.12068 5.75402 5.76856 5.77 5.77 5.77 5.77 5.77 5.77 5.77 5.73825
5.77 5.77 5.77 5.77 5.77 5.77 5.77 5.77 5.77 5.77 5.77 5.77 5.77 5.77 5.77 5.77 5.77 5.77 5.77 5.77 5.77 5.77 5.77 5.77 5.77 5.77 5.77 5.77 5.77 5.77 5.77 5.77 5.77 5.77 5.77 5.76986 5.76873 11.5383 11.536 13.9238 16.3123 25.467 19.6935 13.9212 8.15234 5.76525 5.76618 8.15736 7.46257 9.85358 8.15961 5.76987 5.77 5.77 5.77 5.77 5.76907 5.7621 8.14864 13.9257 8.14198 5.75156 5.75633 5.75377 8.14154 11.5207 11.5087 13.8867 16.3109 22.0776 16.2961 11.5096 5.73608 5.766 5.77 5.77 5.77 5.77 5.77 5.77 5.76942 5.76421 5.71042
5.77 5.77 5.77 5.77 5.77 5.77 5.77 5.77 5.77 5.77 5.77 5.77 5.77 5.77 5.77 5.77 5.77 5.77 5.77 5.77 5.77 5.77 5.77 5.77 5.77 5.77 5.77 5.77 5.77 5.77 5.77 5.77 5.77 5.77 5.77 5.77 5.76973 5.76902 5.76687 8.1548 13.9239 23.0783 17.3043 11.5307 5.76236 5.76953 5.76969 5.76915 5.76887 7.4635 5.76946 5.76976 5.77 5.77 5.77 5.77 5.77 5.76924 5.76259 11.5374 5.76052 5.76866 5.77 5.769 5.76552 5.76012 5.74653 8.13134 13.9147 16.309 19.695 13.9028 8.1344 5.75643 5.76811 5.77 5.77 5.77 5.77 5.76725 5.75456 6.11689 8.07988
5.77 5.77 5.77 5.77 5.77 5.77 5.77 5.77 5.77 5.77 5.77 5.77 5.77 5.77 5.77 5.77 5.77 5.77 5.77 5.77 5.77 5.77 5.77 5.77 5.77 5.77 5.77 5.77 5.77 5.77 5.77 5.77 5.77 5.77 5.77 5.77 5.77 5.77 5.76975 5.76625 11.5337 22.0884 17.3057 11.5314 5.76254 5.76929 5.77 5.77 5.76932 5.76709 8.15796 5.76593 5.76647 5.76802 5.76934 5.77 5.77 5.77 5.76737 8.15726 5.76698 5.77 5.77 5.77 5.77 5.77 5.76857 5.75864 8.13982 13.9098 22.0851 16.3075 13.9153 8.14909 5.76559 5.77 5.77 5.77 5.77 5.76789 8.14773 13.9127 14.2703
5.77 5.77 5.77 5.77 5.77 5.77 5.77 5.77 5.77 5.77 5.77 5.77 5.77 5.77 5.77 5.77 5.77 5.77 5.77 5.77 5.77 5.77 5.77 5.77 5.77 5.77 5.77 5.77 5.77 5.77 5.77 5.77 5.77 5.77 5.77 5.77 5.77 5.77 5.77 5.76748 11.5345 19.6971 19.6969 13.9224 8.15219 5.76634 5.76952 5.77 5.76807 8.1533 13.9252 8.15049 13.9256 8.15433 5.76546 5.76915 5.77 5.77 5.76937 5.76885 5.76873 5.77 5.77 5.77 5.77 5.77 5.77 5.768 5.75192 11.5161 22.0834 22.0813 16.3104 11.5303 5.76465 5.77 5.77 5.77 5.77 5.76812 5.74546 11.4987 22.4555
5.77 5.77 5.77 5.77 5.77 5.77 5.77 5.77 5.77 5.77 5.77 5.77 5.77 5.77 5.77 5.77 5.77 5.77 5.77 5.77 5.77 5.77 5.77 5.77 5.77 5.77 5.77 5.77 5.77 5.77 5.77 5.77 5.77 5.77 5.77 5.77 5.77 5.76997 5.76975 5.76682 11.5335 22.0867 22.0869 16.3155 13.9253 8.15419 5.76326 5.76265 5.76107 11.5305 16.3101 20.082 16.3124 13.9227 8.15146 5.76658 5.77 5.77 5.77 5.77 5.77 5.77 5.77 5.77 5.77 5.77 5.77 5.76478 8.14132 13.9052 24.4711 23.0751 17.2991 11.5282 5.76316 5.77 5.77 5.77 5.77 5.76815 8.14223 13.8949 18.3355
5.77 5.77 5.77 5.77 5.77 5.77 5.77 5.77 5.77 5.77 5.77 5.77 5.77 5.77 5.77 5.77 5.77 5.77 5.77 5.77 5.77 5.77 5.77 5.77 5.77 5.77 5.77 5.77 5.77 5.77 5.77 5.77 5.77 5.77 5.77 5.77 5.77 5.76951 6.15873 8.15736 13.9256 25.4668 24.4798 22.088 16.3155 13.9223 8.14471 13.9197 8.14105 13.9163 24.4735 24.4759 22.0842 16.3119 11.5312 5.76303 5.76939 5.77 5.77 5.77 5.77 5.77 5.77 5.77 5.77 5.77 5.77 5.75905 11.52 16.2958 24.4702 23.0734 17.2956 11.5231 5.76067 5.77 5.77 5.77 5.77 5.76858 5.75235 10.1775 15.9512
5.77 5.77 5.77 5.77 5.77 5.77 5.77 5.77 5.77 5.77 5.77 5.77 5.77 5.77 5.77 5.77 5.77 5.77 5.77 5.77 5.77 5.77 5.77 5.77 5.77 5.77 5.77 5.77 5.77 5.77 5.77 5.77 5.77 5.77 5.77 5.77 5.77 5.7692 11.5396 11.5392 13.927 16.3165 22.0879 24.4791 22.0848 16.3086 20.0795 16.3021 22.0782 16.3106 25.4561 23.0657 23.0678 17.2943 11.5244 8.15479 5.76946 5.77 5.77 5.77 5.77 5.77 5.77 5.77 5.77 5.77 5.77 5.75609 11.5156 16.2922 22.075 23.0737 17.2912 11.5172 5.75755 5.77 5.77 5.77 5.77 5.77 5.76469 7.79992 11.5144
5.77 5.77 5.77 5.77 5.77 5.77 5.77 5.77 5.77 5.77 5.77 5.77 5.77 5.77 5.77 5.77 5.77 5.77 5.77 5.77 5.77 5.77 5.77 5.77 5.77 5.77 5.77 5.77 5.77 5.77 5.77 5.77 5.77 5.77 5.77 5.77 5.77 5.76942 8.15936 5.76787 8.15661 13.9263 16.3139 30.2476 24.4756 28.2432 24.4704 30.2309 24.4593 22.0724 19.6809 17.2879 17.2951 17.3011 11.5249 5.76081 5.76922 5.77 5.77 5.77 5.77 5.77 5.77 5.77 5.77 5.77 5.77 5.76201 8.12568 13.8881 19.6759 23.0752 17.2879 11.5137 5.75421 5.77 5.77 5.77 5.77 5.77 5.76891 5.7636 5.75535
5.77 5.77 5.77 5.77 5.77 5.77 5.77 5.77 5.77 5.77 5.77 5.77 5.77 5.77 5.77 5.77 5.77 5.77 5.77 5.77 5.77 5.77 5.77 5.77 5.77 5.77 5.77 5.77 5.77 5.77 5.77 5.77 5.77 5.77 5.77 5.77 5.77 5.76985 5.76984 5.76972 5.76771 8.15412 13.9209 24.4731 31.6277 32.6381 33.6147 27.8406 22.0641 16.2892 13.904 11.523 11.5274 13.5537 13.9229 8.15118 5.76813 5.77 5.76994 5.76982 5.76974 5.76973 5.76985 5.76987 5.77 5.77 5.77 5.76829 5.73759 11.486 19.6702 23.0506 17.2887 11.5089 5.75198 5.77 5.77 5.77 5.77 5.77 5.77 5.77 5.77
5.77 5.77 5.77 5.77 5.77 5.77 5.77 5.77 5.77 5.77 5.77 5.77 5.77 5.77 5.77 5.77 5.77 5.77 5.77 5.77 5.77 5.77 5.77 5.77 5.77 5.77 5.77 5.77 5.77 5.77 5.77 5.77 5.77 5.77 5.77 5.77 5.77 5.77 5.77 5.76986 5.76925 5.76468 11.5306 22.0817 27.8518 30.2413 31.2205 25.4472 19.6723 13.9022 11.5281 11.5381 11.5386 11.5338 13.9232 8.15206 5.76788 5.77 5.7699 6.15993 6.15961 6.15904 6.15899 5.76917 5.77 5.77 5.77 5.77 5.74604 11.5004 17.2333 17.2654 16.2756 11.5129 5.75307 5.77 5.77 5.77 5.77 5.77 5.77 5.77 5.77
5.77 5.77 5.77 5.77 5.77 5.77 5.77 5.77 5.77 5.77 5.77 5.77 5.77 5.77 5.77 5.77 5.77 5.77 5.77 5.77 5.77 5.77 5.77 5.77 5.77 5.77 5.77 5.77 5.77 5.77 5.77 5.77 5.77 5.77 5.77 5.77 5.77 5.77 5.77 5.7697 8.15974 8.15745 13.9259 17.3041 17.2973 19.6833 22.0748 23.0586 17.2855 11.5191 11.5374 11.54 11.54 11.5376 8.14884 5.76332 5.76919 5.77 5.76988 5.76981 5.76923 8.15945 8.15911 5.76922 5.77 5.77 5.77 5.77 5.74968 11.5168 11.4981 11.4932 11.5055 8.13757 5.76296 5.77 5.77 5.77 5.77 5.77 5.77 5.77 5.77
