tests/full-run-ref/erosion_79_12_72.935.asc
ncols 512
nrows 512
xllcorner -3.24582
yllcorner -4.08743
cellsize 5
NODATA_value -99999
[rows 29 to 57 of 512, columns 134 to 200 of 512]
5.77001 5.77001 5.77001 5.77001 5.77001 5.77001 5.77002 5.77002 5.77002 5.77002 5.77001 5.77001 5.77002 5.77001 5.77002 5.77002 5.77002 5.77001 5.77001 5.77002 5.77002 5.33123 5.18331 4.50991 4.71931 4.93999 3.99285 3.29478 3.4902 4.26724 2.50085 2.09386 3.5752 5.77002 5.77002 5.77001 4.42099 3.47992 4.61463 6.60282 4.69356 5.77001 5.77001 5.77001 5.77002 5.77001 5.77001 5.77001 5.77001 5.77002 5.18736 3.80309 4.77127 5.77002 5.77002 5.77002 5.77002 5.77002 5.77002 5.77002 5.77002 5.77002 5.77002 5.77001 5.77001 5.77001 5.77001
5.77001 5.77001 5.77001 5.77001 5.77001 5.77001 5.77001 5.77002 5.77002 5.77002 5.77002 5.77002 5.77002 5.77002 5.77002 5.77002 5.77002 5.77002 5.77001 5.77002 5.77001 5.77002 5.77001 5.77002 5.77001 5.77001 5.77002 5.77001 5.77002 5.77001 5.77002 5.65338 5.6671 5.69224 5.77001 5.77001 3.75549 6.93008 4.26489 4.57916 4.9395 5.77002 5.77002 5.77001 5.77001 5.77001 5.77001 5.77001 5.77001 5.77001 4.66765 6.3762 4.92175 5.77002 5.77002 5.77001 5.77002 4.20953 4.37602 3.8428 4.78817 5.77002 5.77001 5.77002 5.77002 5.77001 5.77001
5.77001 5.77001 5.77001 5.77001 5.77001 5.77001 5.77001 5.77002 5.77002 5.77002 5.77002 5.77002 5.77002 5.77002 5.77002 5.77002 5.77002 5.77001 5.77002 5.77002 5.77002 5.77001 5.77002 5.77002 5.77002 5.77002 5.77002 5.77002 5.77002 5.77002 5.77001 5.64613 5.90701 5.65464 5.77001 5.77001 4.25523 3.89906 4.75933 5.77002 5.77002 5.77002 5.77002 5.77002 5.77001 5.77001 5.77001 5.77001 5.77001 5.77001 5.00562 4.91876 5.24773 5.77001 5.77001 5.77001 5.77002 3.96316 471.777 443.324 4.45137 5.77002 5.77002 5.77001 5.77002 5.77002 5.77001
5.77001 5.77001 5.77001 5.77001 5.77001 5.77001 5.77001 5.77002 5.77002 5.77002 5.77002 5.77002 5.77002 5.77002 5.77002 5.77001 5.77001 5.77002 5.77002 5.77002 5.77001 5.77002 5.77002 5.77002 5.77002 5.77002 5.77002 5.77002 5.77002 5.77002 5.77002 5.67163 5.66853 5.65909 5.77002 5.77001 5.77001 5.77002 5.77002 5.77002 5.77002 5.77002 5.77001 5.77002 5.77001 5.77001 5.77001 5.77001 5.77001 5.77001 5.77001 5.77002 5.77001 5.77001 5.77001 5.77001 5.77002 4.1597 412.209 3.325 5.07224 5.59556 5.58647 5.77002 5.77001 5.77002 4.52687
5.77001 5.77001 5.77001 5.77001 5.77001 5.77001 5.77002 5.77002 5.77002 5.77002 5.69418 5.6785 5.71593 5.77002 5.77001 5.77001 5.77002 5.77002 5.77002 5.77002 5.77002 5.77002 5.77002 5.77002 5.77002 5.77002 5.77002 5.77002 5.77002 5.77002 5.77002 5.77002 5.77002 5.77002 5.77001 5.77002 5.77002 5.77002 5.77002 5.77002 5.77002 5.77002 5.77001 3.33907 3.53948 4.14702 5.77001 5.77001 5.77001 5.77001 5.77002 5.77001 5.77001 5.77001 5.77001 5.77001 5.77002 5.18828 4.63255 4.75481 5.49363 6.29687 5.53745 5.77002 5.77002 5.77002 3.834
5.77001 5.77001 5.77001 5.77001 5.77002 5.77001 5.77002 5.77002 5.77002 5.77002 4.3739 3.69258 1.30047 2.83395 5.77002 5.77002 5.77002 5.77002 5.77002 5.77002 5.77002 5.77002 5.77002 5.77002 5.04237 3.74275 3.00413 1.39621 3.74814 4.73587 5.23479 5.2789 5.43812 5.77002 5.77002 5.77002 5.77002 5.77002 5.77002 5.77002 5.77002 5.77001 5.77001 3.24606 28.8685 3.75498 5.77001 5.77001 5.77001 5.77001 5.77002 5.77001 5.77001 5.77002 5.77002 5.77002 5.77002 5.77002 5.77002 5.77002 5.54401 5.55082 5.59451 5.77002 5.77002 5.77002 4.56755
5.77001 5.77001 5.77001 5.77001 5.77002 5.77002 5.77002 5.77002 5.77002 5.23721 2.52812 174.942 352.352 0 2.99352 4.54864 5.77002 5.77002 5.77002 5.77002 5.77002 5.07991 3.39035 2.05241 3.06607 128.408 191.975 928.958 5.02979 6.14044 2.77017 4.53347 3.01792 4.42349 5.77002 5.77002 5.45668 5.25639 5.5045 5.77002 5.77001 5.77001 5.77002 4.77474 3.53413 3.82661 5.77001 5.77002 5.77002 5.77002 5.77002 5.77002 5.77002 5.77002 5.77002 5.77002 5.77002 5.77002 5.77002 5.77002 5.77002 5.77002 5.77002 5.77002 5.77002 5.77002 5.77002
5.77001 5.77001 5.77002 5.77001 5.77002 5.77002 5.77002 5.77002 4.7626 3.02503 3.80731 106.371 282.52 17.5536 105.444 3.96838 4.13062 4.80331 4.12701 4.60461 3.76319 3.67864 88.3267 271.597 83.9476 385.075 333.283 3.02133 5.91542 318.616 300.323 101.488 103.541 2.20343 3.72929 3.21258 3.79431 6.3098 5.28139 5.77002 5.77002 5.77002 5.77002 5.77002 5.77002 5.77002 5.28375 5.05378 5.12674 5.77001 5.77002 5.77002 5.77002 5.77001 5.77002 5.77002 5.77002 5.77002 5.77002 5.77002 5.77002 5.77002 5.77002 5.77002 5.77002 5.77002 5.77002
5.77001 5.77001 5.77001 5.77002 5.77002 5.77002 5.77002 4.23132 1.73859 114.107 19.7908 109.731 98.4225 111.46 65.9698 0 142.186 0.753452 142.773 0.604605 201.062 1.36929 263.897 939.251 157.584 5.05382 3.48027 4.43864 4.58627 3.95881 3.84788 131.678 93.2371 275.374 2.22303 297.8 200.165 4.06259 5.30369 5.77002 4.59054 4.24545 4.29705 5.60294 3.13269 3.99944 4.70282 7.15848 5.02054 5.77002 5.77001 5.77002 5.77002 5.77002 5.77002 5.77002 5.77002 5.77002 5.77002 5.77002 5.77002 5.77002 5.77002 5.77002 5.77002 5.77002 5.77002
5.77001 5.77001 5.77002 5.77002 5.77002 5.77002 5.41367 3.05108 275.633 7.74579 51.6568 78.9453 562.718 138.675 47.8213 597.6 123.166 1543.32 157.291 1195.61 176.575 1073.92 501.087 45.7106 1.69111 4.07983 5.2813 5.77002 5.77002 5.77002 3.29671 143.682 161.724 276.27 1268.64 260.488 42.5595 3.71845 2.29089 3.71527 3.77555 358.624 3.85284 5.58139 5.20365 883.986 4.53572 5.00129 5.17707 5.77002 5.77001 5.77002 5.77002 5.77002 5.77002 5.77002 5.77002 5.77002 5.77002 5.77002 5.77002 5.77002 5.77002 5.77002 5.77002 5.77002 5.77002
5.77001 5.77002 5.77002 4.94982 3.79778 4.17706 2.82517 4.46756 215.518 1038.33 160.372 543.915 517.225 381.929 664.408 444.225 254.495 156.867 132.716 235.416 387.866 33.2385 0.400743 2.82845 4.64518 5.77002 5.77002 5.77002 5.77002 5.77002 3.38457 539.291 3.05962 63.8162 56.6677 1318.25 157.745 1.39532 180.734 35.316 161.092 5.53162 4.58718 5.69624 4.64496 3.96033 4.27048 5.77002 5.77002 5.77001 5.77002 5.77002 5.77001 5.77001 5.77002 5.77001 5.77001 5.77001 5.77002 5.77001 5.77001 5.77001 5.77001 5.77001 5.77001 5.77001 5.77001
5.77002 5.77001 5.61349 3.93872 227.648 59.441 438.875 99.736 388.846 97.6955 51.0143 68.7563 65.6708 35.3772 38.1456 96.7796 25.5348 0 0 33.7415 41.1684 0 4.52143 5.77002 5.77002 5.77002 5.77002 5.77001 5.77002 5.77002 4.40761 4.02945 4.23292 2.32591 50.1845 66.9772 258.735 236.728 57.1461 183.586 4.0215 1.73768 0.973323 2.71757 4.64615 5.77002 5.77002 5.77002 5.77002 5.77001 5.77001 5.77001 5.77001 5.77001 5.77001 5.77001 5.77001 5.77001 5.77001 5.77001 5.77001 5.77001 5.77001 5.77001 5.77001 5.77001 5.77001
5.77002 5.77002 5.54729 5.21406 3.9183 2.99489 46.722 4.58505 5.31409 1.49623 21.182 77.9561 271.69 21.3191 0 0.800144 1.99723 4.40216 4.38398 3.33071 3.24539 4.13892 5.77002 5.77002 5.77002 5.77002 5.77002 5.77002 5.77002 5.77002 5.77002 5.77002 5.77002 4.88207 3.16948 33.0122 33.7541 322.09 491.859 56.9847 15.5675 82.8161 58.6811 85.0234 3.27358 5.77002 5.77002 5.77002 5.77002 5.77002 5.77002 5.77002 5.77001 5.77001 5.77002 5.77001 5.77001 5.77001 5.77001 5.77001 5.77001 5.77001 5.77001 5.77001 5.77001 5.77001 5.77001
5.77001 5.77002 5.63432 5.45741 5.5819 4.58587 4.26721 4.1455 4.80349 4.70981 3.13845 0.36833 71.7838 1.17779 4.67432 5.77002 5.77002 5.77002 5.77002 5.77002 5.77002 5.77001 5.77002 5.77002 5.77002 5.77002 5.77002 5.77002 5.77002 5.77002 5.77002 5.77002 5.77002 5.77002 4.61369 2.82501 24.5481 51.2981 814.432 38.3873 20.4035 46.7581 119.805 37.5687 1.88566 3.43275 4.94018 5.77002 5.77002 5.77002 5.77002 5.77002 5.77002 5.77002 5.77002 5.77002 5.77002 5.77002 5.77001 5.77001 5.77001 5.77001 5.77001 5.77001 5.77001 5.77001 5.77001
0 1.31363 5.77001 5.77001 5.77001 5.77001 5.77002 5.77002 5.77002 5.77002 5.77002 4.76606 4.74186 4.76771 5.77002 5.77002 5.77002 5.77002 5.77002 5.77002 5.77002 5.77001 5.77002 5.77002 5.77002 5.77002 5.77002 5.77001 5.77002 5.77002 5.77002 5.77002 5.77002 5.77002 4.85367 26.9701 30.8779 19.2205 199.66 390.344 149.61 96.9422 51.6661 28.3794 32.0132 34.8551 1.98047 1.49051 2.72481 4.81021 5.77002 5.76283 5.75802 5.76112 5.77002 5.77002 5.77002 5.77002 5.77002 5.77002 5.77002 5.77002 5.77002 5.77002 5.77001 5.77001 5.77001
514.231 0 5.77001 5.77001 5.77001 5.77001 5.77001 5.77002 5.77002 5.77002 5.77002 5.77002 5.77002 5.77002 5.77002 5.77002 5.77002 5.77002 5.77002 5.77002 5.77002 5.77002 5.77002 5.77002 5.77002 5.77002 5.77001 5.77001 5.77001 5.77002 5.77002 5.77002 5.77002 5.77002 5.04848 3.47171 9.00265 15.6772 30.163 88.8745 1109.97 107.421 43.2819 72.6326 131.944 25.6795 11.9431 234.457 132.748 2.56446 5.03412 5.76197 5.78843 5.7603 5.77002 5.77002 5.77002 5.77002 5.77002 5.77002 5.77002 5.77002 5.77002 5.77002 5.77002 5.77002 5.77002
197.837 0 2.14756 5.12958 5.77001 5.77001 5.77001 5.77001 5.77002 5.77002 5.77002 5.77002 5.77002 5.77002 5.77002 5.77002 5.77002 5.77002 5.77002 5.77002 5.77002 5.77002 5.77002 5.77002 5.77002 5.77002 5.77002 5.77002 5.77002 5.77002 5.77002 5.77002 5.77002 5.77002 5.77002 4.31685 3.44833 22.4544 26.1337 52.5309 743.553 167.82 571.493 766.733 417.171 451.827 1100.69 194.278 93.9315 362.15 4.54175 5.76314 5.75866 5.76094 5.77002 5.77002 5.77002 5.77002 5.77002 5.77002 5.77002 5.77002 5.77002 5.77001 5.77002 5.77002 5.77002
266.036 78.5842 3.7483 5.18691 5.77001 5.77001 5.77001 5.77001 5.77001 5.77002 5.77002 5.77002 5.77002 5.77002 5.77002 5.77002 5.77002 5.77002 5.77002 5.77002 5.77002 5.77002 5.77002 5.77002 5.77001 5.77002 5.77002 5.77001 5.77002 5.77002 5.77002 5.77002 5.77002 5.77002 5.77002 3.75977 57.643 47.9558 58.8725 175.335 290.385 145.71 34.2002 42.1717 78.3314 235.276 41.2004 3.53062 2.22709 3.54216 4.63581 5.77002 5.77002 5.77002 5.77002 5.77002 5.77002 5.77001 5.77001 5.77001 5.77002 5.77001 5.77001 5.77001 5.77001 5.77001 5.77001
0 0 3.58776 5.27469 5.77001 5.77001 5.77001 5.77001 5.77001 5.77001 5.77002 5.77002 5.77002 5.77002 5.77002 5.77002 5.77001 5.77001 5.77002 5.77002 5.77002 5.77002 5.77002 5.77002 5.77002 5.77002 5.77001 5.77001 5.77002 5.77002 5.77002 5.77002 5.77002 5.77002 5.77002 4.06231 150.088 82.8922 57.679 36.6248 144.853 54.1694 85.4447 28.6502 7.55758 58.358 4.27483 2.51746 5.05068 5.77002 5.77002 5.77002 5.77002 5.77002 5.77002 5.77002 5.77001 5.77001 5.77001 5.77001 5.77001 5.77001 5.77001 5.77001 5.77001 5.77001 5.77001
2.96925 5.77001 5.77002 5.77001 5.77001 5.77001 5.77001 5.77001 5.77001 5.77001 5.77001 5.77001 5.77002 5.77002 5.77002 5.77002 5.77001 5.77001 5.77001 5.77001 5.77002 5.77002 5.77002 5.77002 5.77002 5.77001 5.77002 5.77001 5.77001 5.77002 5.77002 5.77002 5.77002 5.77002 5.77002 4.88556 3.26229 61.0357 38.9119 21.0165 347.653 141.59 35.8114 14.3018 2.11958 3.15694 4.37039 5.06454 5.77002 5.77002 5.77002 5.77002 5.77002 5.77001 5.77002 5.77001 5.77001 5.77001 5.77001 5.77001 5.77001 5.77001 5.77001 5.77001 5.77001 5.77001 5.77001
5.77001 5.77001 5.77002 5.77002 5.77001 5.77001 5.77001 5.77001 5.77001 5.77001 5.77001 5.77001 5.77002 5.77002 5.77002 5.77002 5.77001 5.77001 5.77001 5.77001 5.77001 5.77001 5.77002 5.77002 5.77002 5.77001 5.77001 5.77001 5.77002 5.77002 5.77002 5.77002 5.77002 5.77002 5.77002 5.77002 5.00804 3.44999 2.42687 33.6382 585.62 38.5427 45.8463 2.47843 4.85546 5.77002 5.77002 5.77002 5.77002 5.77002 5.77002 5.77002 5.77002 5.67376 5.61416 5.65164 5.77002 5.77002 5.77002 5.77001 5.77001 5.77002 5.77001 5.77001 5.77001 5.77001 5.77001
5.77001 5.77002 4.63393 4.79852 4.48609 5.77001 5.77001 5.77001 5.77001 5.77001 5.77001 5.77001 5.77001 5.77001 5.77002 5.77002 5.77002 5.77002 5.77001 5.77001 5.77001 5.77001 5.77001 5.77002 5.77002 5.77002 5.77001 5.77001 5.77001 5.77002 5.77002 5.77002 5.77002 5.77002 5.77002 5.77002 5.77002 5.77002 4.03348 36.7375 711.266 42.4929 3.40012 4.53257 5.77002 5.77002 5.77002 5.77002 5.77002 5.77002 5.77002 5.77002 5.77002 5.69405 5.99312 4.76565 4.13135 4.54759 5.77002 5.77002 5.77002 5.77002 5.77002 5.77002 5.77002 5.77002 5.77002
5.77001 5.77002 4.75662 7.75024 4.48739 5.77002 5.77001 5.77001 5.77001 5.77001 5.77001 5.77001 5.77001 5.77001 5.77001 5.77001 5.77002 5.77001 5.77001 5.77001 5.77001 5.77002 5.77001 5.77001 5.77002 5.77001 5.77001 5.77001 5.77001 5.77002 5.77002 5.77002 5.77002 5.77002 5.77002 5.77002 5.77002 5.77002 4.62166 155.816 185.982 98.2163 163.454 2.75008 4.60291 5.77002 5.77002 5.77002 5.77002 5.77002 5.77002 5.77001 5.77002 5.68136 5.6546 4.85684 689.665 3.85978 3.33024 3.90001 4.75071 5.77002 5.77002 5.77002 5.77002 5.77002 5.77002
5.77001 5.77002 5.00654 4.93192 5.32812 5.1431 5.23903 5.77001 5.77001 5.77001 5.77001 5.77001 5.77001 5.77001 5.77001 5.77001 5.77002 5.77002 5.77001 5.77001 5.77001 5.77001 5.77001 5.77001 5.77001 5.77001 5.77001 5.77001 5.77001 5.77002 5.77002 5.77002 5.77002 5.77002 5.77002 5.77002 5.77002 5.77002 5.16799 3.79676 159.248 158.225 121.523 241.76 3.41119 5.77002 5.77002 5.77002 5.77002 5.77002 5.77002 5.77002 5.77001 5.77002 5.77002 4.63702 3.9918 455.235 305.198 567.874 3.90684 4.69672 5.73638 5.77002 5.77002 5.77002 5.77002
5.77002 5.77002 5.77002 5.77002 4.37235 5.13212 3.33723 5.77002 5.77001 5.77001 5.77001 5.77001 5.77001 5.77001 5.77001 5.77001 5.77001 5.77002 5.77001 5.77001 5.77001 5.77001 5.77001 5.77001 5.77001 5.77001 5.77001 5.77001 5.77001 5.77001 5.77002 5.77002 5.77002 5.77002 5.77002 5.7164 5.71976 5.74147 5.77002 4.89342 3.30752 142.94 372.594 113.1 2.78577 5.77002 5.77002 5.77002 5.77002 5.77002 5.77002 5.77002 5.77002 5.77001 5.77001 5.77002 4.67207 3.61334 3.31611 4.10057 842.149 5.29907 3.57959 3.66538 4.86077 5.77002 5.77002
5.77001 5.77002 5.77002 5.77002 3.53056 484.637 3.13067 5.6057 5.77001 5.77001 5.77001 5.77001 5.77001 5.77001 5.77001 5.77001 5.77001 5.77001 5.77002 5.77001 5.77001 5.77001 5.77001 5.77001 5.77001 5.77001 5.77001 5.77001 5.77001 5.77001 5.77002 5.77002 5.77002 5.77002 5.77002 5.71345 5.87252 5.7078 5.77002 5.77002 4.96181 3.83692 216.774 143.565 3.08701 5.77002 5.77002 5.77002 5.77002 5.77001 5.77002 5.77002 5.77002 5.77001 5.77001 5.77001 5.77002 5.77002 5.77002 4.61101 4.11593 4.94316 481.957 612.735 4.42887 4.7496 5.77002
5.77001 5.77001 5.77002 5.77002 4.28139 4.03541 5.92235 3.80007 4.17494 5.77002 5.77001 5.77001 5.77001 5.77001 5.77001 5.77001 5.77001 5.77001 5.77002 5.77001 5.77001 5.77001 5.77001 5.77001 5.77001 5.77001 5.77001 5.77001 5.77001 5.77002 5.77002 5.77001 5.77001 5.77002 5.77002 5.73682 5.7084 5.72203 5.77002 5.77002 5.77002 4.21144 336.496 168.267 3.09125 4.63155 5.77002 5.77002 5.77002 5.77002 5.77001 5.77002 5.77002 5.77002 5.77001 5.77001 5.77001 5.77002 5.77002 5.77002 5.77002 4.68738 3.61777 4.35318 883.332 4.18233 4.8315
5.77001 5.77001 5.77002 5.77002 5.77002 5.65636 4.05021 372.198 3.13944 4.27214 5.77002 5.77001 5.77001 5.77001 5.77001 5.77001 5.77001 5.77001 5.77001 5.77001 5.77001 5.77001 5.77001 5.77002 5.77001 5.77001 5.77001 5.77001 5.77001 5.77001 5.77002 5.77002 5.77001 5.77002 5.77002 5.77002 5.77002 5.77002 5.77002 5.77002 5.77002 4.72083 3.97359 282.396 333.799 3.81458 5.77002 5.77002 5.77002 5.77002 5.77002 5.77001 5.77002 5.77002 5.77002 5.77002 5.77001 5.77001 5.77002 5.77002 5.77002 5.77002 5.77002 4.67865 4.68976 1078.5 4.61831
5.77001 5.77001 5.77001 5.77001 5.77002 5.77002 4.15817 3.54198 588.264 3.84927 5.74902 5.77002 5.77001 5.77001 5.77001 5.77001 5.77001 5.77001 5.77001 5.77001 5.77001 5.77001 5.77002 5.77001 5.77001 5.77001 5.77001 5.77001 5.77001 5.77001 5.77001 5.77002 5.77002 5.77002 5.77002 5.77002 5.77002 5.77002 5.77002 5.77002 5.77002 5.77002 4.48318 275.054 230.719 3.55927 5.77002 5.77002 5.77002 5.77002 5.77002 5.77001 5.77001 5.77002 5.77002 5.77002 5.77001 5.77001 5.77002 5.77002 5.77002 5.77002 5.77002 5.77002 4.87962 5.04174 586.651
