tests/full-run-ref/erosion_78_22_-42.864.asc
ncols 512
nrows 512
xllcorner -3.24582
yllcorner -4.08743
cellsize 5
NODATA_value -99999
[rows 0 to 35 of 512, columns 0 to 81 of 512]
349.833 349.805 349.778 349.748 349.716 349.684 349.648 349.606 349.557 349.502 349.441 349.371 349.291 349.202 349.105 349.003 348.892 348.773 348.65 348.527 348.402 348.275 348.148 348.024 347.903 347.784 347.669 347.56 347.457 347.357 347.266 347.186 347.117 347.058 347.011 346.979 346.965 346.966 346.978 347 347.032 347.076 347.125 347.173 347.217 347.261 347.306 347.351 347.392 347.43 347.475 347.536 347.614 347.703 347.81 347.945 348.112 348.307 348.522 348.75 348.997 349.266 349.537 349.79 350.026 350.255 350.462 350.632 350.759 350.853 350.915 350.946 350.943 350.904 350.843 350.771 350.688 350.588 350.479 350.37 350.261 350.151
350.061 351.043 351.025 351.004 350.979 350.954 350.923 350.886 350.84 350.788 350.728 350.659 350.58 350.492 350.396 350.294 350.186 350.069 349.949 349.828 349.706 349.582 349.458 349.336 349.216 349.097 348.98 348.868 348.759 348.652 348.552 348.462 348.383 348.311 348.252 348.208 348.181 348.17 348.171 348.181 348.203 348.238 348.279 348.319 348.357 348.396 348.436 348.478 348.517 348.554 348.599 348.661 348.74 348.831 348.941 349.077 349.245 349.441 349.657 349.883 350.127 350.393 350.66 350.908 351.139 351.362 351.564 351.729 351.853 351.945 352.005 352.038 352.037 352.002 351.946 351.879 351.803 351.711 351.61 351.506 351.403 351.297
350.279 351.271 351.262 351.249 351.232 351.212 351.187 351.154 351.111 351.061 351.003 350.935 350.857 350.769 350.674 350.573 350.466 350.352 350.234 350.116 349.998 349.878 349.757 349.637 349.519 349.4 349.283 349.168 349.055 348.942 348.834 348.736 348.647 348.564 348.493 348.437 348.398 348.375 348.364 348.364 348.376 348.401 348.434 348.467 348.498 348.532 348.568 348.607 348.644 348.68 348.725 348.787 348.867 348.959 349.071 349.208 349.377 349.573 349.787 350.011 350.252 350.512 350.773 351.016 351.24 351.457 351.652 351.813 351.934 352.023 352.083 352.116 352.118 352.088 352.038 351.978 351.909 351.825 351.731 351.635 351.538 351.437
350.49 351.49 351.49 351.484 351.473 351.459 351.439 351.409 351.369 351.32 351.262 351.195 351.117 351.029 350.933 350.832 350.727 350.615 350.499 350.383 350.269 350.151 350.035 349.918 349.802 349.684 349.568 349.452 349.335 349.218 349.105 349 348.903 348.811 348.73 348.663 348.614 348.58 348.558 348.547 348.546 348.559 348.574 348.585 348.589 348.588 348.588 348.591 348.6 348.622 348.678 348.783 348.918 349.051 349.19 349.34 349.509 349.703 349.914 350.135 350.37 350.624 350.879 351.114 351.332 351.541 351.729 351.884 352.002 352.089 352.148 352.182 352.187 352.162 352.118 352.064 352.002 351.926 351.841 351.752 351.661 351.565
350.693 351.702 351.709 351.71 351.704 351.695 351.679 351.652 351.613 351.565 351.507 351.439 351.361 351.271 351.175 351.074 350.969 350.858 350.745 350.632 350.521 350.408 350.296 350.183 350.07 349.955 349.841 349.726 349.609 349.489 349.372 349.263 349.16 349.061 348.971 348.896 348.839 348.794 348.764 348.743 348.735 348.741 348.749 348.755 348.752 348.745 348.731 348.719 348.707 348.713 348.768 348.883 349.033 349.178 349.321 349.474 349.641 349.832 350.039 350.255 350.483 350.729 350.975 351.202 351.412 351.613 351.793 351.943 352.056 352.141 352.199 352.234 352.243 352.223 352.186 352.139 352.085 352.018 351.941 351.86 351.775 351.684
350.887 351.904 351.918 351.925 351.925 351.92 351.907 351.882 351.845 351.796 351.738 351.669 351.59 351.499 351.401 351.3 351.195 351.086 350.974 350.864 350.756 350.649 350.541 350.433 350.324 350.214 350.103 349.991 349.874 349.754 349.635 349.522 349.415 349.309 349.213 349.131 349.065 349.013 348.972 348.943 348.928 348.926 348.93 348.933 348.928 348.918 348.903 348.885 348.867 348.859 348.903 349.009 349.156 349.305 349.454 349.607 349.773 349.959 350.161 350.369 350.59 350.827 351.062 351.28 351.481 351.672 351.845 351.988 352.098 352.18 352.238 352.274 352.286 352.272 352.242 352.203 352.157 352.099 352.032 351.958 351.88 351.795
351.073 352.097 352.118 352.13 352.134 352.133 352.122 352.099 352.062 352.013 351.953 351.883 351.802 351.709 351.609 351.507 351.403 351.294 351.184 351.076 350.972 350.87 350.767 350.664 350.559 350.455 350.349 350.239 350.124 350.005 349.887 349.773 349.662 349.553 349.451 349.363 349.29 349.231 349.182 349.147 349.124 349.116 349.114 349.113 349.106 349.095 349.08 349.06 349.036 349.019 349.047 349.143 349.284 349.435 349.586 349.74 349.904 350.085 350.28 350.48 350.692 350.917 351.142 351.35 351.54 351.722 351.885 352.022 352.127 352.207 352.264 352.302 352.317 352.309 352.286 352.255 352.217 352.168 352.11 352.044 351.973 351.894
351.252 352.282 352.308 352.325 352.332 352.333 352.324 352.302 352.264 352.214 352.152 352.08 351.997 351.901 351.798 351.695 351.59 351.481 351.372 351.266 351.165 351.067 350.969 350.87 350.77 350.671 350.57 350.466 350.353 350.237 350.12 350.007 349.896 349.785 349.68 349.589 349.512 349.446 349.393 349.35 349.322 349.307 349.301 349.295 349.287 349.276 349.261 349.239 349.211 349.185 349.2 349.281 349.414 349.566 349.718 349.873 350.035 350.209 350.396 350.587 350.788 351.002 351.215 351.412 351.592 351.763 351.917 352.046 352.147 352.223 352.279 352.318 352.336 352.334 352.317 352.293 352.262 352.222 352.173 352.115 352.05 351.977
351.425 352.459 352.489 352.509 352.518 352.521 352.512 352.49 352.451 352.398 352.333 352.258 352.171 352.072 351.966 351.86 351.754 351.644 351.535 351.43 351.331 351.237 351.144 351.05 350.955 350.862 350.767 350.668 350.562 350.451 350.337 350.227 350.118 350.008 349.903 349.81 349.732 349.664 349.605 349.559 349.526 349.506 349.495 349.485 349.475 349.464 349.449 349.426 349.395 349.363 349.365 349.431 349.555 349.702 349.856 350.01 350.168 350.335 350.512 350.692 350.881 351.082 351.282 351.466 351.634 351.794 351.938 352.06 352.155 352.228 352.283 352.322 352.343 352.345 352.334 352.316 352.293 352.261 352.22 352.169 352.111 352.045
351.591 352.628 352.661 352.683 352.694 352.696 352.687 352.663 352.622 352.566 352.497 352.419 352.328 352.224 352.114 352.005 351.896 351.785 351.675 351.571 351.474 351.383 351.294 351.205 351.116 351.03 350.943 350.85 350.751 350.647 350.54 350.436 350.331 350.223 350.121 350.029 349.95 349.88 349.821 349.771 349.734 349.711 349.695 349.682 349.671 349.659 349.644 349.622 349.591 349.555 349.545 349.595 349.705 349.847 349.998 350.148 350.302 350.46 350.625 350.794 350.97 351.157 351.341 351.512 351.668 351.816 351.949 352.062 352.152 352.221 352.274 352.313 352.337 352.343 352.339 352.327 352.31 352.286 352.253 352.21 352.158 352.098
351.747 352.787 352.822 352.845 352.856 352.858 352.849 352.823 352.779 352.719 352.646 352.564 352.469 352.361 352.247 352.134 352.023 351.91 351.799 351.695 351.6 351.512 351.427 351.343 351.26 351.18 351.1 351.015 350.923 350.826 350.727 350.629 350.529 350.426 350.328 350.239 350.161 350.09 350.03 349.978 349.94 349.912 349.893 349.878 349.864 349.852 349.839 349.821 349.792 349.755 349.737 349.77 349.864 349.995 350.14 350.286 350.432 350.581 350.734 350.89 351.052 351.224 351.394 351.551 351.694 351.83 351.952 352.057 352.14 352.206 352.256 352.295 352.32 352.331 352.332 352.326 352.315 352.298 352.272 352.236 352.191 352.137
351.894 352.935 352.971 352.995 353.005 353.007 352.996 352.968 352.922 352.859 352.783 352.697 352.598 352.486 352.368 352.253 352.14 352.025 351.913 351.809 351.715 351.629 351.547 351.467 351.389 351.316 351.241 351.163 351.078 350.988 350.896 350.804 350.71 350.613 350.519 350.433 350.357 350.288 350.226 350.175 350.134 350.104 350.081 350.063 350.049 350.036 350.024 350.009 349.983 349.951 349.925 349.946 350.021 350.138 350.275 350.415 350.554 350.693 350.835 350.979 351.127 351.284 351.439 351.583 351.713 351.837 351.949 352.045 352.122 352.184 352.232 352.27 352.296 352.31 352.315 352.314 352.309 352.298 352.278 352.248 352.209 352.161
352.03 353.071 353.108 353.131 353.14 353.141 353.128 353.098 353.049 352.983 352.903 352.814 352.712 352.596 352.475 352.357 352.241 352.124 352.011 351.906 351.813 351.728 351.648 351.571 351.498 351.43 351.362 351.29 351.212 351.129 351.045 350.961 350.873 350.782 350.693 350.612 350.539 350.472 350.412 350.36 350.319 350.287 350.263 350.243 350.228 350.214 350.202 350.19 350.17 350.138 350.111 350.118 350.176 350.278 350.405 350.538 350.67 350.8 350.93 351.06 351.194 351.336 351.476 351.606 351.724 351.836 351.937 352.024 352.095 352.152 352.197 352.234 352.261 352.277 352.286 352.289 352.288 352.282 352.269 352.244 352.21 352.167
352.156 353.197 353.232 353.254 353.262 353.26 353.245 353.213 353.161 353.091 353.008 352.916 352.811 352.691 352.567 352.446 352.327 352.208 352.093 351.988 351.894 351.81 351.732 351.657 351.588 351.525 351.463 351.398 351.327 351.253 351.177 351.101 351.02 350.937 350.854 350.779 350.71 350.646 350.588 350.538 350.497 350.465 350.439 350.419 350.402 350.388 350.377 350.367 350.35 350.324 350.295 350.292 350.332 350.419 350.534 350.66 350.783 350.901 351.017 351.134 351.254 351.381 351.506 351.621 351.727 351.826 351.917 351.995 352.06 352.112 352.154 352.189 352.216 352.234 352.245 352.251 352.254 352.253 352.245 352.225 352.195 352.157
352.272 353.312 353.346 353.366 353.372 353.368 353.35 353.315 353.261 353.189 353.103 353.008 352.9 352.778 352.651 352.528 352.408 352.287 352.17 352.064 351.97 351.886 351.809 351.737 351.671 351.612 351.555 351.495 351.43 351.364 351.296 351.227 351.154 351.078 351.003 350.933 350.869 350.808 350.753 350.705 350.665 350.632 350.606 350.584 350.566 350.552 350.542 350.533 350.52 350.5 350.476 350.465 350.49 350.558 350.658 350.773 350.887 350.995 351.097 351.201 351.307 351.418 351.529 351.631 351.724 351.812 351.893 351.963 352.021 352.068 352.107 352.14 352.166 352.185 352.198 352.207 352.213 352.215 352.211 352.195 352.169 352.135
352.377 353.415 353.447 353.465 353.469 353.463 353.444 353.407 353.352 353.278 353.191 353.095 352.986 352.863 352.736 352.611 352.491 352.369 352.252 352.145 352.052 351.968 351.892 351.82 351.756 351.7 351.647 351.591 351.531 351.471 351.409 351.346 351.279 351.209 351.139 351.075 351.014 350.956 350.903 350.857 350.818 350.784 350.758 350.735 350.716 350.702 350.691 350.683 350.675 350.66 350.641 350.629 350.641 350.69 350.772 350.875 350.978 351.076 351.167 351.257 351.351 351.45 351.547 351.637 351.719 351.798 351.869 351.931 351.984 352.027 352.063 352.093 352.119 352.138 352.152 352.161 352.169 352.174 352.171 352.158 352.136 352.105
352.469 353.505 353.534 353.551 353.553 353.546 353.525 353.488 353.431 353.358 353.271 353.175 353.067 352.945 352.818 352.694 352.574 352.452 352.335 352.229 352.135 352.051 351.975 351.904 351.841 351.786 351.735 351.681 351.625 351.569 351.511 351.452 351.39 351.324 351.26 351.199 351.142 351.087 351.035 350.99 350.952 350.92 350.893 350.869 350.85 350.835 350.824 350.816 350.809 350.8 350.786 350.775 350.779 350.81 350.875 350.962 351.057 351.143 351.223 351.303 351.385 351.471 351.556 351.636 351.709 351.778 351.841 351.897 351.944 351.983 352.016 352.044 352.068 352.086 352.1 352.11 352.118 352.124 352.123 352.112 352.092 352.065
352.55 353.583 353.61 353.624 353.624 353.616 353.594 353.556 353.5 353.427 353.342 353.247 353.14 353.02 352.895 352.773 352.654 352.534 352.418 352.312 352.219 352.134 352.057 351.986 351.923 351.868 351.817 351.765 351.71 351.657 351.603 351.547 351.488 351.427 351.366 351.309 351.254 351.202 351.152 351.109 351.072 351.04 351.013 350.99 350.97 350.955 350.944 350.936 350.929 350.922 350.913 350.905 350.903 350.922 350.968 351.038 351.12 351.199 351.27 351.338 351.409 351.484 351.559 351.628 351.692 351.754 351.811 351.86 351.902 351.937 351.967 351.993 352.014 352.031 352.044 352.053 352.061 352.066 352.066 352.056 352.038 352.014
352.62 353.65 353.674 353.686 353.686 353.676 353.653 353.616 353.561 353.49 353.406 353.314 353.211 353.094 352.972 352.854 352.737 352.619 352.504 352.4 352.306 352.221 352.144 352.072 352.009 351.953 351.901 351.849 351.796 351.744 351.691 351.638 351.581 351.523 351.466 351.411 351.359 351.308 351.261 351.218 351.182 351.151 351.124 351.101 351.082 351.065 351.054 351.045 351.039 351.032 351.025 351.02 351.015 351.024 351.052 351.107 351.177 351.248 351.309 351.369 351.429 351.494 351.56 351.621 351.678 351.733 351.784 351.828 351.866 351.898 351.924 351.947 351.966 351.98 351.991 351.998 352.004 352.008 352.007 351.998 351.981 351.958
352.682 353.709 353.731 353.741 353.739 353.729 353.706 353.67 353.617 353.549 353.469 353.381 353.281 353.169 353.053 352.938 352.825 352.71 352.599 352.496 352.404 352.319 352.241 352.17 352.105 352.049 351.996 351.943 351.889 351.837 351.786 351.733 351.678 351.621 351.565 351.512 351.462 351.412 351.366 351.325 351.289 351.258 351.23 351.207 351.187 351.172 351.158 351.148 351.14 351.134 351.129 351.123 351.119 351.119 351.136 351.174 351.23 351.292 351.346 351.397 351.45 351.507 351.565 351.62 351.672 351.722 351.768 351.809 351.843 351.871 351.895 351.915 351.93 351.941 351.948 351.953 351.956 351.957 351.954 351.943 351.926 351.904
352.734 353.759 353.778 353.786 353.784 353.773 353.752 353.717 353.667 353.604 353.529 353.446 353.352 353.247 353.137 353.029 352.921 352.811 352.704 352.604 352.514 352.43 352.352 352.28 352.214 352.155 352.1 352.046 351.991 351.937 351.884 351.831 351.775 351.718 351.663 351.61 351.559 351.51 351.464 351.423 351.387 351.355 351.328 351.304 351.284 351.267 351.254 351.242 351.232 351.223 351.216 351.212 351.207 351.205 351.212 351.236 351.276 351.327 351.375 351.421 351.468 351.519 351.571 351.621 351.669 351.717 351.761 351.799 351.83 351.856 351.877 351.893 351.905 351.912 351.914 351.914 351.913 351.91 351.902 351.889 351.87 351.848
352.777 353.798 353.815 353.822 353.82 353.81 353.79 353.758 353.712 353.654 353.585 353.509 353.423 353.326 353.224 353.123 353.021 352.918 352.816 352.721 352.633 352.55 352.472 352.399 352.332 352.27 352.212 352.154 352.096 352.04 351.984 351.928 351.871 351.813 351.756 351.702 351.65 351.601 351.555 351.513 351.477 351.445 351.417 351.392 351.371 351.354 351.339 351.325 351.313 351.303 351.293 351.287 351.281 351.275 351.275 351.289 351.316 351.355 351.397 351.438 351.482 351.53 351.578 351.625 351.671 351.716 351.759 351.796 351.826 351.849 351.868 351.881 351.888 351.889 351.886 351.881 351.874 351.865 351.852 351.834 351.813 351.79
352.811 353.83 353.845 353.851 353.848 353.839 353.822 353.793 353.752 353.699 353.638 353.569 353.491 353.403 353.31 353.217 353.124 353.027 352.931 352.841 352.756 352.675 352.597 352.524 352.455 352.391 352.33 352.269 352.208 352.148 352.089 352.03 351.97 351.91 351.851 351.795 351.743 351.692 351.645 351.603 351.566 351.535 351.505 351.48 351.458 351.439 351.423 351.408 351.393 351.378 351.366 351.355 351.346 351.337 351.331 351.336 351.354 351.384 351.419 351.458 351.5 351.545 351.593 351.638 351.683 351.728 351.771 351.807 351.835 351.857 351.872 351.882 351.884 351.879 351.87 351.858 351.844 351.827 351.807 351.785 351.761 351.735
352.841 353.858 353.87 353.876 353.873 353.865 353.85 353.824 353.788 353.742 353.687 353.626 353.556 353.477 353.394 353.309 353.224 353.135 353.046 352.961 352.88 352.801 352.725 352.652 352.583 352.517 352.453 352.389 352.326 352.263 352.201 352.139 352.077 352.014 351.954 351.896 351.842 351.791 351.743 351.7 351.663 351.63 351.602 351.574 351.551 351.531 351.513 351.496 351.478 351.461 351.443 351.429 351.414 351.401 351.389 351.389 351.399 351.423 351.453 351.489 351.529 351.575 351.622 351.667 351.712 351.758 351.801 351.837 351.863 351.883 351.895 351.901 351.897 351.886 351.869 351.849 351.828 351.802 351.775 351.746 351.717 351.688
352.866 353.88 353.891 353.895 353.893 353.887 353.873 353.852 353.82 353.781 353.734 353.68 353.619 353.551 353.477 353.402 353.325 353.245 353.164 353.085 353.008 352.933 352.86 352.788 352.719 352.652 352.586 352.52 352.454 352.388 352.322 352.257 352.192 352.128 352.065 352.005 351.95 351.897 351.848 351.804 351.766 351.733 351.703 351.676 351.651 351.628 351.608 351.588 351.567 351.545 351.525 351.506 351.487 351.467 351.451 351.445 351.452 351.469 351.495 351.529 351.57 351.617 351.665 351.712 351.758 351.805 351.85 351.885 351.91 351.929 351.939 351.94 351.93 351.91 351.885 351.856 351.825 351.79 351.753 351.716 351.682 351.648
352.883 353.895 353.905 353.909 353.908 353.903 353.892 353.875 353.849 353.816 353.777 353.733 353.681 353.623 353.56 353.495 353.427 353.356 353.284 353.212 353.141 353.071 353 352.93 352.862 352.794 352.726 352.658 352.589 352.52 352.451 352.383 352.315 352.247 352.181 352.12 352.062 352.008 351.958 351.912 351.873 351.838 351.808 351.779 351.752 351.728 351.705 351.683 351.657 351.632 351.606 351.583 351.559 351.535 351.514 351.504 351.506 351.52 351.544 351.576 351.618 351.668 351.719 351.768 351.818 351.868 351.915 351.952 351.976 351.992 351.998 351.996 351.979 351.95 351.915 351.877 351.835 351.789 351.739 351.694 351.652 351.612
352.897 353.907 353.915 353.918 353.918 353.915 353.907 353.893 353.873 353.847 353.816 353.78 353.738 353.69 353.637 353.582 353.525 353.463 353.4 353.335 353.271 353.205 353.138 353.071 353.003 352.935 352.866 352.797 352.726 352.654 352.582 352.511 352.441 352.37 352.302 352.238 352.179 352.123 352.072 352.025 351.984 351.949 351.917 351.887 351.859 351.833 351.807 351.782 351.753 351.723 351.693 351.665 351.637 351.607 351.581 351.567 351.566 351.578 351.6 351.634 351.678 351.731 351.786 351.838 351.89 351.945 351.995 352.032 352.056 352.07 352.073 352.064 352.04 352.003 351.957 351.908 351.855 351.796 351.736 351.681 351.631 351.585
352.908 353.915 353.922 353.925 353.926 353.924 353.918 353.908 353.893 353.873 353.849 353.821 353.787 353.749 353.706 353.661 353.612 353.559 353.504 353.448 353.389 353.329 353.266 353.202 353.137 353.069 353.001 352.931 352.859 352.786 352.712 352.639 352.568 352.496 352.426 352.361 352.3 352.244 352.191 352.144 352.102 352.066 352.034 352.002 351.972 351.944 351.916 351.888 351.856 351.822 351.788 351.756 351.724 351.69 351.659 351.64 351.637 351.648 351.671 351.704 351.751 351.807 351.866 351.922 351.977 352.034 352.086 352.124 352.147 352.158 352.157 352.142 352.111 352.064 352.008 351.948 351.885 351.815 351.743 351.678 351.621 351.567
352.915 353.921 353.926 353.929 353.93 353.929 353.926 353.919 353.908 353.894 353.876 353.855 353.829 353.8 353.766 353.73 353.69 353.646 353.6 353.551 353.499 353.444 353.387 353.327 353.265 353.199 353.132 353.063 352.992 352.918 352.844 352.771 352.699 352.626 352.556 352.49 352.429 352.372 352.319 352.271 352.229 352.193 352.159 352.126 352.095 352.065 352.035 352.004 351.97 351.932 351.894 351.859 351.823 351.784 351.75 351.729 351.724 351.733 351.757 351.792 351.841 351.902 351.965 352.022 352.08 352.14 352.195 352.233 352.253 352.262 352.256 352.236 352.197 352.14 352.073 352.003 351.928 351.845 351.762 351.686 351.62 351.559
352.919 353.923 353.927 353.93 353.931 353.931 353.93 353.926 353.919 353.91 353.898 353.883 353.865 353.844 353.819 353.791 353.76 353.726 353.688 353.646 353.601 353.553 353.502 353.447 353.388 353.326 353.261 353.194 353.125 353.052 352.978 352.905 352.833 352.76 352.69 352.624 352.563 352.507 352.454 352.406 352.363 352.326 352.292 352.258 352.225 352.193 352.162 352.127 352.09 352.05 352.007 351.969 351.93 351.888 351.851 351.829 351.822 351.832 351.857 351.894 351.947 352.011 352.078 352.139 352.199 352.262 352.317 352.356 352.375 352.38 352.37 352.343 352.295 352.228 352.15 352.069 351.982 351.887 351.791 351.705 351.629 351.559
352.921 353.923 353.926 353.927 353.929 353.93 353.93 353.928 353.925 353.921 353.915 353.906 353.894 353.881 353.864 353.844 353.821 353.795 353.765 353.731 353.694 353.652 353.606 353.557 353.503 353.445 353.383 353.319 353.251 353.18 353.107 353.036 352.965 352.893 352.823 352.758 352.698 352.642 352.589 352.541 352.499 352.461 352.427 352.392 352.357 352.324 352.291 352.254 352.214 352.171 352.127 352.085 352.044 352 351.962 351.937 351.931 351.942 351.967 352.007 352.061 352.129 352.199 352.263 352.325 352.39 352.446 352.485 352.501 352.503 352.488 352.454 352.399 352.322 352.233 352.14 352.042 351.935 351.828 351.731 351.646 351.567
352.921 353.921 353.922 353.923 353.925 353.926 353.927 353.928 353.928 353.927 353.925 353.921 353.916 353.909 353.899 353.887 353.871 353.852 353.83 353.803 353.772 353.736 353.697 353.653 353.603 353.549 353.491 353.43 353.366 353.297 353.227 353.157 353.088 353.018 352.95 352.886 352.827 352.772 352.72 352.673 352.63 352.593 352.558 352.523 352.488 352.453 352.418 352.38 352.339 352.293 352.247 352.204 352.16 352.115 352.076 352.051 352.045 352.057 352.083 352.123 352.18 352.25 352.322 352.387 352.451 352.517 352.573 352.61 352.623 352.621 352.601 352.561 352.498 352.413 352.314 352.212 352.103 351.985 351.868 351.761 351.668 351.582
352.919 353.917 353.917 353.917 353.918 353.919 353.921 353.923 353.925 353.927 353.929 353.929 353.929 353.927 353.924 353.917 353.907 353.895 353.88 353.859 353.834 353.805 353.772 353.733 353.689 353.64 353.586 353.53 353.469 353.404 353.337 353.271 353.204 353.137 353.071 353.01 352.953 352.899 352.849 352.803 352.762 352.725 352.69 352.655 352.619 352.584 352.548 352.51 352.466 352.419 352.371 352.327 352.284 352.238 352.198 352.174 352.168 352.179 352.207 352.248 352.306 352.378 352.451 352.517 352.58 352.646 352.7 352.735 352.745 352.738 352.713 352.668 352.597 352.503 352.396 352.285 352.168 352.04 351.914 351.799 351.699 351.605
352.915 353.911 353.909 353.908 353.908 353.91 353.912 353.915 353.918 353.923 353.927 353.931 353.934 353.937 353.938 353.937 353.933 353.927 353.917 353.903 353.884 353.861 353.834 353.801 353.763 353.719 353.671 353.619 353.563 353.503 353.44 353.378 353.316 353.252 353.189 353.131 353.077 353.026 352.978 352.933 352.893 352.857 352.823 352.788 352.752 352.716 352.679 352.641 352.596 352.549 352.501 352.457 352.414 352.368 352.329 352.305 352.3 352.313 352.342 352.384 352.441 352.514 352.587 352.653 352.714 352.779 352.831 352.862 352.869 352.857 352.826 352.774 352.697 352.596 352.48 352.361 352.237 352.1 351.965 351.843 351.736 351.635
352.909 353.904 353.9 353.898 353.897 353.898 353.9 353.903 353.908 353.914 353.921 353.927 353.933 353.94 353.946 353.949 353.95 353.949 353.945 353.936 353.923 353.906 353.884 353.857 353.825 353.786 353.744 353.698 353.647 353.592 353.534 353.476 353.418 353.359 353.3 353.245 353.194 353.145 353.1 353.057 353.019 352.984 352.95 352.916 352.88 352.844 352.807 352.768 352.724 352.677 352.629 352.585 352.544 352.5 352.462 352.439 352.436 352.449 352.478 352.52 352.577 352.649 352.721 352.786 352.845 352.907 352.956 352.984 352.986 352.97 352.933 352.876 352.793 352.684 352.563 352.438 352.305 352.163 352.02 351.892 351.778 351.672
352.903 353.896 353.89 353.887 353.885 353.885 353.887 353.891 353.896 353.903 353.911 353.92 353.929 353.939 353.948 353.955 353.96 353.964 353.965 353.961 353.953 353.941 353.925 353.903 353.876 353.843 353.805 353.764 353.719 353.668 353.615 353.562 353.509 353.453 353.399 353.347 353.299 353.254 353.211 353.17 353.134 353.1 353.068 353.034 352.999 352.963 352.926 352.888 352.844 352.798 352.751 352.708 352.667 352.627 352.59 352.569 352.566 352.58 352.609 352.65 352.707 352.776 352.846 352.908 352.966 353.023 353.069 353.093 353.091 353.069 353.028 352.967 352.879 352.765 352.639 352.508 352.372 352.224 352.077 351.945 351.825 351.715
