tests/full-run-ref/erosion_83_12_73.250.asc
ncols 512
nrows 512
xllcorner -3.24582
yllcorner -4.08743
cellsize 5
NODATA_value -99999
[rows 165 to 197 of 512, columns 0 to 73 of 512]
13.16 8.16012 5.77011 5.77011 5.77011 5.77011 5.77011 5.77011 5.77011 5.77011 5.77003 5.77007 5 5.77007 4.99998 5.77011 5.77011 5.77011 5.77011 5.77011 5.77011 5.77011 5.77011 5.77011 5 5.77011 5 5.77011 5 5.77011 5 5.77011 5 5.77011 5 5.77011 5.77011 5.77011 5.77011 5.77011 5 5.77011 5.77011 5.77011 5.77011 5 5.77011 5.77011 5 5.77011 5.77011 5.77011 5.77009 5.77011 5.77009 5.77009 5.77009 5.77009 5.77009 5.77009 5.77009 5.77009 5 5.77009 5 5.77009 5 5.77009 5 5.77009 5 5.77009 5 5.77009
13.16 8.16012 5.77011 5.77009 5.77011 5 5.77011 5 5.77011 4.99998 5.77004 5.77004 5.77009 5.77004 5.77004 5.77011 5 5.77011 5 5.77011 5 5.77011 5 5.77011 5.77011 5.77011 5.77011 5.77011 5.77011 5.77011 5.77011 5.77011 5.77011 5.77011 5.77011 5.77011 5 5.77011 5 5.77011 5.77011 5.77011 5 5.77011 5.77011 5.77011 5.77011 5.77011 5.77011 5.77011 5 5.77009 5 5.77009 5 5.77009 5 5.77009 5 5.77009 5 5.77009 5.77009 5.77009 5.77009 5.77009 5.77009 5.77009 5.77009 5.77009 5.77009 5.77009 5.77009 5.77009
10.77 5 5.77009 5.77009 5.77009 5.77011 5.77011 5.77011 5.77011 5.77003 5.77005 4.99999 5.77009 5.77003 5.77007 5.77004 5.77011 5.77011 5.77011 5.77011 5.77011 5.77011 5.77011 5.77011 5 5.77011 5 5.77011 5 5.77011 5 5.77011 5 5.77011 5 5.77011 5.77011 5.77011 5.77011 5.77011 5 5.77011 5.77011 5.77011 5 5.77011 5.77011 5 5.77011 5.77011 5.77011 5.77009 5.77009 5.77009 5.77009 5.77009 5.77009 5.77009 5.77009 5.77009 5.77009 5.77009 5 5.77009 5 5.77009 5 5.77009 5 5.77009 5 5.77009 5 5.77009
13.16 8.1601 5.77007 5.77005 4.99995 5.76996 5.76995 4.99994 5.77005 4.99997 5.77004 5.77009 5.77009 4.99999 5.77004 5.77011 5.77011 5 5.77011 5 5.77011 5 5.77011 5.77011 5.77011 5.77011 5.77011 5.77011 5.77011 5.77011 5.77011 5.77011 5.77011 5.77011 5.77011 5.77011 5 5.77011 5 5.77011 5.77011 5.77011 5 5.77011 5.77011 5.77011 5.77011 5.77011 5.77011 5 5.77009 5 5.77009 5 5.77009 5 5.77009 5 5.77009 5 5.77009 5.77009 5.77009 5.77009 5.77009 5.77009 5.77009 5.77009 5.77009 5.77009 5.77009 5.77009 5.77009 5.77009
10.77 5 5.77009 4.99999 5.77004 5.77005 5.77004 5.77004 5.77003 5.77004 5.77002 5.77009 5.77002 5.77004 5.77001 5.77011 5.77011 5.77011 5.77011 5.77011 5.77011 5.77011 5.77011 5 5.77011 5 5.77011 5 5.77011 5 5.77011 5 5.77011 5 5.77011 5.77011 5.77011 5.77011 5.77011 5.77011 5 5.77011 5.77011 5.77011 5 5.77011 5 5.77011 5.77009 5.77011 5.77009 5.77009 5.77009 5.77009 5.77009 5.77009 5.77009 5.77009 5.77009 5.77009 5.77009 5 5.77009 5 5.77009 5 5.77009 5 5.77009 5 5.77009 5 5.77009 5
10.77 5.77005 5.77009 5.77003 5.77004 5.77004 5.77004 4.99996 5.77009 5.77001 5.77002 5.77009 5.77004 5.77004 5.77004 5.77011 5 5.77011 5 5.77011 5 5.77011 5.77011 5.77011 5.77011 5.77011 5.77011 5.77011 5.77011 5.77011 5.77011 5.77011 5.77011 5.77011 5.77011 5 5.77011 5 5.77011 5.77011 5.77011 5.77011 5 5.77011 5.77011 5.77011 5.77011 5.77011 5 5.77009 5 5.77009 5 5.77009 5 5.77009 5 5.77009 5 5.77009 5.77009 5.77009 5.77009 5.77009 5.77009 5.77009 5.77009 5.77009 5.77009 5.77009 5.77009 5.77009 5.77009 5.77009
10.77 5.77005 5.77009 4.99998 5.77005 5.77004 5 5.77001 5.77003 4.99998 5.77004 4.99996 5.77004 4.99999 5.77006 5 5.77011 5.77011 5.77011 5.77011 5.77011 5.77011 5 5.77011 5 5.77011 5 5.77011 5 5.77011 5 5.77011 5 5.77011 5.77011 5.77011 5.77011 5.77011 5.77011 5 5.77011 5.77011 5.77011 5.77011 5 5.77011 5 5.77009 5.77009 5.77009 5.77009 5.77009 5.77009 5.77009 5.77009 5.77009 5.77009 5.77009 5.77009 5.77009 5 5.77009 5 5.77009 5 5.77009 5 5.77009 5 5.77009 5 5.77009 5 5.77009
10.77 5 5.77009 5.77003 5.77004 5.77004 5.77004 5.77004 5 5.77007 5.77004 5.77004 5.77004 5.77004 5.77004 5.7701 5.77011 5 5.77011 5 5.77011 5.77011 5.77011 5.77011 5.77011 5.77011 5.77011 5.77011 5.77011 5.77011 5.77011 5.77011 5.77011 5.77011 5 5.77011 5 5.77011 5.77011 5.77011 5.77011 5 5.77011 5.77011 5.77011 5.77011 5.77011 5.77011 5 5.77009 5 5.77009 5 5.77009 5 5.77009 5 5.77009 5 5.77009 5.77009 5.77009 5.77009 5.77009 5.77009 5.77009 5.77009 5.77009 5.77009 5.77009 5.77009 5.77009 5.77009 5.77009
10.77 5.77005 5.77009 5.77008 5 5.77004 4.99999 5.77004 5.77004 5.77004 4.99999 5.77004 5 5.77004 4.99995 5.7701 5.77011 5.77011 5.77011 5.77011 5.77011 5 5.77011 5 5.77011 5 5.77011 5 5.77011 5 5.77011 5 5.77011 5.77011 5.77011 5.77011 5.77011 5.77011 5 5.77011 5.77011 5.77011 5.77011 5 5.77011 5 5.77011 5.77009 5.77011 5.77009 5.77009 5.77009 5.77009 5.77009 5.77009 5.77009 5.77009 5.77009 5.77009 5.77009 5 5.77009 5 5.77009 5 5.77009 5 5.77009 5 5.77009 5 5.77009 5 5.77009
10.77 5 5.77009 5.77008 5.77004 5.77007 5.77004 5.77008 5 5.77004 5.77004 5.77005 5.77004 5.77005 5.76999 5.7701 5 5.77011 5 5.77011 5.77011 5.77011 5.77011 5.77011 5.77011 5.77011 5.77011 5.77011 5.77011 5.77011 5.77011 5.77011 5.77011 5 5.77011 5 5.77011 5.77011 5.77011 5.77011 5 5.77011 5.77011 5.77011 5.77011 5.77011 5.77011 5.77011 5.77011 5.77011 5 5.77009 5 5.77009 5 5.77009 5 5.77009 5 5.77009 5.77009 5.77009 5.77009 5.77009 5.77009 5.77009 5.77009 5.77009 5.77009 5.77009 5.77009 5.77009 5.77009 5.77009
11.54 5.77005 5.77009 5.76922 4.98451 5.77009 4.99999 5.77006 5.77003 5.77004 4.99999 5.77004 4.99999 5.77004 4.99995 5.7701 5.77011 5.77011 5.77011 5.77011 5 5.77011 5 5.77011 5 5.77011 5 5.77011 5 5.77011 5 5.77011 5.77011 5.77011 5.77011 5.77011 5.77011 5 5.77011 5.77011 5.77011 5.77011 5 5.77011 5 5.77011 5 5.77011 5 5.77011 5.77011 5.77009 5.77011 5.77009 5.77009 5.77009 5.77009 5.77009 5.77009 5.77009 5 5.77009 5 5.77009 5 5.77009 5 5.77009 5 5.77009 5 5.77009 5 5.77009
13.93 8.16001 5 6.15555 5.75878 5.77009 5.77007 5.77004 4.99999 5.77006 5.77003 5.77004 5.77005 5.77004 5.77004 5.77009 5 5.77011 5 5.77011 5.77011 5.77011 5.77011 5.77011 5.77011 5.77011 5.77011 5.77011 5.77011 5.77011 5.77011 5.77011 5 5.77011 5 5.77011 5.77011 5.77011 5.77011 5 5.77011 5.77011 5.77011 5.77011 5.77011 5.77011 5.77011 5.77011 5.77011 5.77011 5.77011 5.77011 5.77011 5.77011 5 5.77009 5 5.77009 5 5.77009 5.77009 5.77009 5.77009 5.77009 5.77009 5.77009 5.77009 5.77009 5.77009 5.77009 5.77009 5.77009 5.77009 5.77009
16.32 10.77 5.77004 5.71518 4.95262 5.77009 4.99998 5.77004 5.77003 5.77004 4.99998 5.77004 5 5.77004 4.99994 5.77009 5.77011 5.77011 5.77011 5.77011 5 5.77011 5 5.77011 5 5.77011 5 5.77011 5 5.77011 5 5.77011 5.77011 5.77011 5.77011 5.77011 5 5.77011 5.77011 5.77011 5.77011 5 5.77011 5 5.77011 5 5.77011 5 5.77011 5 5.77011 5 5.77011 5.77009 5.77009 5.77009 5.77009 5.77009 5.77009 5.77009 5 5.77009 5 5.77009 5 5.77009 5 5.77009 5 5.77009 5 5.77009 5 5.77009
16.54 10.77 5.77004 5.77009 5.77004 5.77009 5.77003 5.77005 4.99998 5.77007 5.77002 5.77004 5.77005 5.77004 5.77001 5.77008 5 5.77011 5 5.77011 5.77011 5.77011 5.77011 5.77011 5.77011 5.77011 5.77011 5.77011 5.77011 5.77011 5.77011 5.77011 5 5.77011 5 5.77011 5.77011 5.77011 5 5.77011 5.77011 5.77011 5.77011 5.77011 5.77011 5.77011 5.77011 5.77011 5.77011 5.77011 5.77011 5.77011 5.77011 5.77011 5 5.77009 5 5.77009 5 5.77009 5.77009 5.77009 5.77009 5.77009 5.77009 5.77009 5.77009 5.77009 5.77009 5.77009 5.77009 5.77009 5.77009 5.77009
16.54 10.77 5 5.77009 5.77005 5.77009 5.77003 5 5.77003 5.77003 4.99999 5.77004 4.99999 5.77004 4.99993 5.77011 5.77011 5.77011 5.77011 5.77011 5 5.77011 5 5.77011 5 5.77011 5 5.77011 5 5.77011 5 5.77011 5.77011 5.77011 5.77011 5.77011 5 5.77011 5.77011 5.77011 5 5.77011 5 5.77011 5 5.77011 5 5.77011 5 5.77011 5 5.77011 5 5.77011 5.77009 5.77009 5.77009 5.77009 5.77009 5.77009 5 5.77009 5 5.77009 5 5.77009 5 5.77009 5 5.77009 5 5.77009 5 5.77009
16.54 10.77 5.77004 5.77009 5.77009 5.77007 5 5.77004 5.77004 5 5.77004 5.77004 5.77004 5.77004 5.77004 5.7701 5 5.77011 5 5.77011 5.77011 5.77011 5.77011 5.77011 5.77011 5.77011 5.77011 5.77011 5.77011 5.77011 5.77011 5.77011 5 5.77011 5 5.77011 5.77011 5.77011 5 5.77011 5.77011 5.77011 5.77011 5.77011 5.77011 5.77011 5.77011 5.77011 5.77011 5.77011 5.77011 5.77011 5.77011 5.77011 5.77011 5 5.77009 5 5.77009 5.77009 5.77009 5.77009 5.77009 5.77009 5.77009 5.77009 5.77009 5.77009 5.77009 5.77009 5.77009 5.77009 5.77009 5.77009
16.5399 10.7699 5 5.77009 5 5.77006 5.77003 5.77004 5 5.77004 5.77004 5 5.77004 5 5.77003 5 5.77011 5.77011 5.77011 5.77011 5 5.77011 5 5.77011 5 5.77011 5 5.77011 5 5.77011 5 5.77011 5.77011 5.77011 5.77011 5.77011 5 5.77011 5.77011 5.77011 5 5.77011 5 5.77011 5 5.77011 5 5.77011 5 5.77011 5 5.77011 5 5.77011 5.77009 5.77009 5.77009 5.77009 5.77009 5 5.77009 5 5.77009 5 5.77009 5 5.77009 5 5.77009 5 5.77009 5 5.77009 5
16.5399 10.7699 5.77004 5.77007 5.77009 5.77006 5.77004 5 5.77005 5.77004 5 5.77004 5.77004 5.77004 5.77006 5.7701 5.77011 5 5.77011 5.77011 5.77011 5.77011 5.77011 5.77011 5.77011 5.77011 5.77011 5.77011 5.77011 5.77011 5.77011 5.77011 5 5.77011 5 5.77011 5.77011 5.77011 5 5.77011 5.77011 5.77011 5.77011 5.77011 5.77011 5.77011 5.77011 5.77011 5.77011 5.77011 5.77011 5.77011 5.77011 5.77011 5.77011 5.77011 5 5.77009 5.77009 5.77009 5.77009 5.77009 5.77009 5.77009 5.77009 5.77009 5.77009 5.77009 5.77009 5.77009 5.77009 5.77009 5.77009 5.77009
16.5398 10.7698 5 5.77007 5.77009 5.77003 5.77004 5.77003 5.77002 5.77003 5.77005 5.77004 5 5.77004 4.99998 5.77003 5 5.7701 5.77011 5 5.77011 5 5.77011 5 5.77011 5 5.77011 5 5.77011 5 5.77011 5.77011 5.77011 5.77011 5.77011 5.77011 5 5.77011 5.77011 5.77011 5 5.77011 5 5.77011 5 5.77011 5 5.77011 5 5.77011 5 5.77011 5 5.77011 5 5.77011 5.77009 5.77011 5 5.77009 5 5.77009 5 5.77009 5 5.77009 5 5.77009 5 5.77009 5 5.77009 5 5.77009
16.5398 10.7698 5.77004 5.77009 5.77006 5.77008 4.99999 5.77004 5 5.77005 5 5.77004 5.77004 5.77004 5.77005 5.77011 5.77011 5.77011 5.77011 5.77011 5.77011 5.77011 5.77011 5.77011 5.77011 5.77011 5.77011 5.77011 5.77011 5.77011 5.77011 5 5.77011 5 5.77011 5.77011 5.77011 5.77011 5 5.77011 5.77011 5.77011 5.77011 5.77011 5.77011 5.77011 5.77011 5.77011 5.77011 5.77011 5.77011 5.77011 5.77011 5.77011 5.77011 5.77011 5.77011 5.77011 5.77011 5.77011 5.77009 5.77011 5.77009 5.77011 5.77009 5.77009 5.77009 5.77009 5.77009 5.77009 5.77009 5.77009 5.77009 5.77009
16.5397 10.7697 5 5.77005 5.77004 5.77009 5.77003 5.77002 5.77003 5.77005 5.77004 5.77005 5 5.77004 4.99998 5.77004 5 5.77011 5 5.77011 5 5.77011 5 5.77011 5 5.77011 5 5.77011 5 5.77011 5.77011 5.77011 5.77011 5.77011 5.77011 5 5.77011 5.77011 5.77011 5.77011 5 5.77011 5 5.77011 5 5.77011 5 5.77011 5 5.77011 5 5.77011 5 5.77011 5 5.77011 5 5.77011 5 5.77011 5.77011 5.77011 5 5.77011 5.77011 5 5.77009 5 5.77009 5 5.77009 5 5.77009 5
16.3198 10.7697 5.77004 5.77009 5.77002 4.99999 5.77006 4.99999 5.77004 5 5.77004 4.99999 5.77004 5.77002 5.77004 5.77009 5.7701 5.77011 5.77011 5.77011 5.77011 5.77011 5.77011 5.77011 5.77011 5.77011 5.77011 5.77011 5.77011 5.77011 5 5.77011 5 5.77011 5.77011 5.77011 5.77011 5 5.77011 5.77011 5.77011 5.77011 5.77011 5.77011 5.77011 5.77011 5.77011 5.77011 5.77011 5.77011 5.77011 5.77011 5.77011 5.77011 5.77011 5.77011 5.77011 5.77011 5.77011 5.77011 5 5.77011 5.77011 5.77011 5.77009 5.77011 5.77009 5.77009 5.77009 5.77009 5.77009 5.77009 5.77009 5.77009
13.16 8.15975 5.77004 5 5.77004 5.77004 5.77004 5.77003 5.77005 5.77004 5.77004 5.77004 5.77004 4.99996 5.7701 5 5.7701 5 5.77011 5 5.77011 5 5.77011 5 5.77011 5 5.77011 5 5.77011 5.77011 5.77011 5.77011 5.77011 5.77011 5 5.77011 5.77011 5.77011 5.77011 5 5.77011 5 5.77011 5 5.77011 5 5.77011 5 5.77011 5 5.77011 5 5.77011 5 5.77011 5 5.77011 5 5.77011 5.77011 5.77011 5.77011 5 5.77011 5.77011 5 5.77009 5 5.77009 5 5.77009 5 5.77009 5
10.77 5 5.77004 5.77009 5.77009 4.99998 5.77004 5 5.77004 4.99999 5.77004 5 5.77004 5.77001 5.77004 5.77006 5.7701 5.77011 5.77011 5.77011 5.77011 5.77011 5.77011 5.77011 5.77011 5.77011 5.77011 5.77011 5.77011 5 5.77011 5 5.77011 5.77011 5.77011 5.77011 5 5.77011 5.77011 5.77011 5.77011 5.77011 5.77011 5.77011 5.77011 5.77011 5.77011 5.77011 5.77011 5.77011 5.77011 5.77011 5.77011 5.77011 5.77011 5.77011 5.77011 5.77011 5.77011 5 5.77011 5.77011 5.77011 5.77011 5.77009 5.77011 5.77009 5.77009 5.77009 5.77009 5.77009 5.77009 5.77009 5.77009
13.16 8.15983 5.77004 5 5.77009 5.77003 5.77005 5.77004 5.77005 5.77004 5.77004 5.77004 5.77005 4.99999 5.77004 4.99999 5.77009 5 5.77011 5 5.77011 5 5.77011 5 5.77011 5 5.77011 5 5.77011 5.77011 5.77011 5.77011 5.77011 5 5.77011 5.77011 5.77011 5.77011 5 5.77011 5 5.77011 5 5.77011 5 5.77011 5 5.77011 5 5.77011 5 5.77011 5 5.77011 5 5.77011 5 5.77011 5.77011 5.77011 5.77011 5 5.77011 5.77011 5.77011 5 5.77009 5 5.77009 5 5.77009 5 5.77009 5
13.16 8.15983 5.77004 5.77009 5.77009 5.77001 4.99999 5.77004 5 5.77004 5 5.77004 4.99997 5.77003 5.77002 5.77004 5.77009 5.77011 5.77011 5.77011 5.77011 5.77011 5.77011 5.77011 5.77011 5.77011 5.77011 5.77011 5.77011 5 5.77011 5 5.77011 5.77011 5.77011 5 5.77011 5.77011 5.77011 5.77011 5.77011 5.77011 5.77011 5.77011 5.77011 5.77011 5.77011 5.77011 5.77011 5.77011 5.77011 5.77011 5.77011 5.77011 5.77011 5.77011 5.77011 5.77011 5 5.77011 5.77011 5.77011 5.77011 5 5.77011 5.77011 5.77009 5.77009 5.77009 5.77009 5.77009 5.77009 5.77009 5.77009
10.77 5.77004 5 5.77009 5 5.77009 5.77004 5.77004 5.77004 5.77005 5.77004 5.77005 5.77001 5.77007 5 5.77007 4.99999 5.7701 5 5.77011 5 5.77011 5 5.77011 5 5.77011 5 5.77011 5.77011 5.77011 5.77011 5.77011 5.77011 5 5.77011 5.77011 5.77011 5 5.77011 5 5.77011 5 5.77011 5 5.77011 5 5.77011 5 5.77011 5 5.77011 5 5.77011 5 5.77011 5 5.77011 5.77011 5.77011 5.77011 5 5.77011 5.77011 5.77011 5.77011 5 5.77009 5 5.77009 5 5.77009 5 5.77009 5
10.77 5.77004 5.77004 5.77006 5.77009 5.77004 5.77004 5 5.77004 5 5.77004 5 5.77003 4.99999 5.77004 5.77004 5.77009 5.77011 5.77011 5.77011 5.77011 5.77011 5.77011 5.77011 5.77011 5.77011 5.77011 5.77011 5 5.77011 5 5.77011 5.77011 5.77011 5.77011 5 5.77011 5.77011 5.77011 5.77011 5.77011 5.77011 5.77011 5.77011 5.77011 5.77011 5.77011 5.77011 5.77011 5.77011 5.77011 5.77011 5.77011 5.77011 5.77011 5.77011 5.77011 5 5.77011 5.77011 5.77011 5.77011 5 5.77011 5.77009 5.77009 5.77009 5.77009 5.77009 5.77009 5.77009 5.77009 5.77009 5.77009
13.16 8.15983 5 5.77009 5.77009 5 5.77004 5.77004 5.77004 5.77004 5.77004 5.77004 5.77005 5.77004 5.77005 4.99999 5.77007 5 5.77011 5 5.77011 5 5.77011 5 5.77011 5 5.77011 5.77011 5.77011 5.77011 5.77011 5.77011 5 5.77011 5.77011 5.77011 5.77011 5 5.77011 5 5.77011 5 5.77011 5 5.77011 5 5.77011 5 5.77011 5 5.77011 5 5.77011 5 5.77011 5 5.77011 5.77011 5.77011 5 5.77011 5.77011 5.77011 5.77009 5 5.77009 5 5.77009 5 5.77009 5 5.77009 5 5.77009
13.16 8.15983 5.77004 5.77009 5.77009 5.77002 5.77004 5 5.77004 5 5.77004 5 5.77004 5.77004 4.99999 5.77004 5.77008 5.77011 5.77011 5.77011 5.77011 5.77011 5.77011 5.77011 5.77011 5.77011 5.77011 5 5.77011 5 5.77011 5.77011 5.77011 5.77011 5 5.77011 5.77011 5.77011 5.77011 5.77011 5.77011 5.77011 5.77011 5.77011 5.77011 5.77011 5.77011 5.77011 5.77011 5.77011 5.77011 5.77011 5.77011 5.77011 5.77011 5.77011 5.77011 5 5.77011 5.77011 5.77011 5 5.77011 5.77011 5.77009 5.77009 5.77009 5.77009 5.77009 5.77009 5.77009 5.77009 5.77009 5.77009
10.77 5.77004 5 5.77009 5.77004 5 5.77004 5.77004 5.77002 5.77002 5.77004 5.77004 5.77004 5.77005 5.77003 5.77007 4.99999 5.77009 5 5.77011 5 5.77011 5 5.77011 5 5.77011 5.77011 5.77011 5.77011 5.77011 5.77011 5 5.77011 5.77011 5.77011 5.77011 5 5.77011 5 5.77011 5 5.77011 5 5.77011 5 5.77011 5 5.77011 5 5.77011 5 5.77011 5 5.77011 5 5.77011 5.77011 5.77011 5.77011 5 5.77011 5.77011 5.77011 5.77011 5 5.77009 5 5.77009 5 5.77009 5 5.77009 5 5.77009
10.77 5.77004 5.77009 5.77009 5.77009 5.77007 5.77007 4.99999 5.77009 5 5.77004 5 5.77004 5 5.77003 5 5.77008 5.7701 5.77011 5.77011 5.77011 5.77011 5.77011 5.77011 5.77011 5.77011 5 5.77011 5 5.77011 5.77011 5.77011 5.77011 5 5.77011 5.77011 5.77011 5.77011 5.77011 5.77011 5.77011 5.77011 5.77011 5.77011 5.77011 5.77011 5.77011 5.77011 5.77011 5.77011 5.77011 5.77011 5.77011 5.77011 5.77011 5.77011 5 5.77011 5.77011 5.77011 5.77011 5 5.77011 5.77009 5.77011 5.77009 5.77009 5.77009 5.77009 5.77009 5.77009 5.77009 5.77009 5.77009
10.77 5 5.77008 5.77009 5.77009 4.99997 5.77003 5.77002 5.77001 5.77002 5.77004 5.77004 5.77004 5.77004 5.77004 5.77004 5.77009 5 5.7701 5 5.77011 5 5.77011 5 5.77011 5.77011 5.77011 5.77011 5.77011 5.77011 5 5.77011 5.77011 5.77011 5.77011 5 5.77011 5 5.77011 5 5.77011 5 5.77011 5 5.77011 5 5.77011 5 5.77011 5 5.77011 5 5.77011 5 5.77011 5.77011 5.77011 5.77011 5 5.77011 5.77011 5.77011 5.77011 5.77011 5 5.77009 5 5.77009 5 5.77009 5 5.77009 5 5.77009
