tests/full-run-ref/erosion_82_12_73.185.asc
ncols 512
nrows 512
xllcorner -3.24582
yllcorner -4.08743
cellsize 5
NODATA_value -99999
[rows 62 to 92 of 512, columns 69 to 137 of 512]
5.76996 5.76999 5.76999 5.76999 5.76999 5.76998 5.76997 5.76998 5.77 5.76999 5.76999 5.77 5.76999 5.76999 5.76998 5.76998 5.76999 5.76999 5.76999 5.76998 5.76999 5.76998 5.76999 5.76998 5.76999 5.76998 5.76989 5.76993 5.76989 5.76997 5.76997 5.76998 5.76998 5.76999 5.76999 5.76999 5.77 5.77 5.76999 5.77 5.76999 5.76992 5.76993 5.76997 5.77 5.76999 5.77 5.76999 5.77001 5.76992 5.77004 5.76993 5.76999 5.77007 5.76997 5.76998 5.76995 5.76999 5.77003 5.76999 5.77002 5.76999 5.77 5.77 5.77 5.76999 5.77 5.77 5.76999
5.76999 5.77 5.77 5.77 5.77 5.77 5.77 5.76999 5.77 5.76999 5.77 5.77 5.77 5.76999 5.76999 5.76999 5.76999 5.76999 5.76999 5.76999 5.76999 5.76999 5.76998 5.76999 5.76998 5.76999 5.76998 5.76988 5.76998 5.76997 5.76999 5.76999 5.76999 5.76999 5.77 5.77 5.77 5.76999 5.76999 5.76999 5.77 5.76997 5.77004 5.76994 5.76999 5.76999 5.76999 5.76999 5.76998 5.76997 5.76988 5.77006 5.76999 5.77005 5.76999 5.76993 5.77004 5.76997 5.76996 5.76993 5.76996 5.76997 5.77 5.77 5.76999 5.76999 5.77 5.77 5.76999
5.77 5.76999 5.77 5.76999 5.77 5.76999 5.77 5.76999 5.77 5.77 5.77 5.76999 5.77 5.76999 5.77 5.76999 5.76999 5.76999 5.76999 5.76998 5.76998 5.76998 5.76999 5.76998 5.76999 5.76998 5.76999 5.76998 5.76988 5.76999 5.77 5.77 5.76999 5.77 5.76999 5.76999 5.76999 5.77 5.77 5.76998 5.76995 5.76999 5.76989 5.76991 5.77 5.77 5.77 5.77 5.76997 5.77003 5.76996 5.76988 5.77001 5.76996 5.77005 5.76997 5.76996 5.76993 5.77 5.77 5.77 5.77 5.77 5.76999 5.76999 5.77 5.77 5.76999 5.76999
5.77 5.77 5.77 5.77 5.77 5.76999 5.77 5.77 5.76999 5.76999 5.77 5.76999 5.77 5.77 5.76999 5.76999 5.77 5.77 5.76999 5.76999 5.76999 5.76998 5.76998 5.76999 5.76998 5.76999 5.76998 5.76992 5.76991 5.76994 5.76999 5.76999 5.77 5.76999 5.76999 5.76999 5.76999 5.77 5.76999 5.76994 5.77002 5.76994 5.76999 5.77 5.76999 5.76999 5.76999 5.77 5.76995 5.76997 5.76999 5.77 5.76999 5.76989 5.77008 5.76991 5.77 5.77 5.77 5.77 5.77 5.76999 5.76996 5.76992 5.76996 5.76999 5.76999 5.76999 5.77
5.77 5.77 5.77 5.77 5.77 5.76999 5.77 5.76999 5.77 5.77 5.77 5.76999 5.76999 5.76999 5.76999 5.76999 5.76999 5.77 5.76999 5.76999 5.76999 5.76999 5.76998 5.76998 5.76999 5.76998 5.76994 5.76992 5.76992 5.76997 5.76999 5.76999 5.77 5.77 5.76999 5.77 5.76999 5.77 5.76999 5.76994 5.76989 5.76993 5.77 5.76999 5.77 5.76999 5.76995 5.76995 5.76999 5.76996 5.76998 5.76999 5.76999 5.76994 5.77006 5.77 5.76999 5.77 5.76996 5.76999 5.76997 5.76998 5.76997 5.77003 5.76997 5.77 5.76998 5.77 5.76999
5.76999 5.76999 5.76999 5.77 5.76999 5.76999 5.77 5.77 5.77 5.76999 5.77 5.77 5.77 5.77 5.76999 5.76999 5.76999 5.76999 5.76999 5.76999 5.76999 5.76998 5.76999 5.76998 5.76998 5.76996 5.76993 5.76992 5.76994 5.76998 5.76999 5.76999 5.77 5.76999 5.76999 5.76999 5.77 5.77 5.76999 5.76999 5.76999 5.76999 5.76999 5.76999 5.77 5.76999 5.76998 5.77002 5.76991 5.76998 5.77002 5.76995 5.76994 5.77005 5.76998 5.76997 5.76996 5.77004 5.76992 5.76999 5.77003 5.76998 5.76997 5.76995 5.76996 5.77 5.77 5.76999 5.77
5.76999 5.76999 5.76999 5.77 5.77 5.76999 5.77 5.76999 5.76999 5.76999 5.76999 5.76999 5.77 5.77 5.76999 5.76999 5.76998 5.76999 5.76997 5.76997 5.76999 5.76999 5.76998 5.76999 5.76997 5.76995 5.76991 5.76992 5.76997 5.76999 5.76999 5.76998 5.76998 5.77 5.76999 5.76999 5.77 5.77 5.76999 5.77 5.76999 5.77 5.77 5.76999 5.76999 5.76999 5.76995 5.76997 5.76998 5.76997 5.76997 5.76999 5.76998 5.77 5.76997 5.77004 5.76999 5.76991 5.76999 5.76999 5.76997 5.76999 5.76999 5.76999 5.77 5.77 5.77 5.76999 5.77
5.76999 5.77 5.76999 5.76999 5.77 5.76999 5.77 5.76999 5.76999 5.76999 5.76999 5.76999 5.77 5.76999 5.76999 5.76999 5.76999 5.76999 5.76997 5.76999 5.76999 5.76998 5.76999 5.76998 5.76999 5.76998 5.76996 5.76995 5.76998 5.76999 5.76999 5.76999 5.76999 5.76999 5.76999 5.76999 5.76999 5.76999 5.77 5.77 5.77 5.77 5.76999 5.76999 5.76999 5.77 5.77 5.77 5.76996 5.76997 5.76997 5.77 5.77001 5.76999 5.76998 5.76997 5.76998 5.77 5.76997 5.77003 5.76995 5.76999 5.77001 5.76999 5.76998 5.76996 5.76994 5.77 5.76999
5.77 5.77 5.77 5.76999 5.77 5.76999 5.77 5.76999 5.76999 5.76998 5.76999 5.77 5.77 5.76999 5.76998 5.76998 5.76999 5.76999 5.76998 5.76998 5.76999 5.76999 5.76998 5.76998 5.76998 5.76998 5.76997 5.76999 5.76998 5.76999 5.76999 5.76998 5.76999 5.77 5.76998 5.76999 5.77 5.76999 5.76999 5.77 5.76999 5.77 5.77 5.77 5.77 5.77 5.77 5.77 5.76996 5.77005 5.76993 5.76999 5.76999 5.77 5.77 5.77 5.76999 5.76999 5.76993 5.76998 5.76997 5.76999 5.76999 5.76998 5.76998 5.77004 5.76998 5.77 5.77
5.77 5.76999 5.76999 5.76999 5.77 5.77 5.76999 5.77 5.76999 5.76999 5.76999 5.77 5.76999 5.76999 5.76998 5.76999 5.76999 5.76999 5.76999 5.76999 5.76999 5.76999 5.76999 5.76998 5.76997 5.76998 5.76999 5.77 5.77 5.76998 5.76998 5.76999 5.76998 5.76998 5.76999 5.76998 5.76999 5.77 5.77 5.77 5.77 5.77 5.76999 5.77 5.77 5.77 5.77 5.77 5.76999 5.76989 5.76997 5.77 5.77 5.77 5.76999 5.76999 5.76999 5.76999 5.77 5.77 5.76998 5.77001 5.76999 5.77 5.76996 5.76993 5.76998 5.76998 5.76999
5.77 5.76999 5.76999 5.76999 5.76999 5.76999 5.76998 5.77 5.76999 5.76999 5.77 5.76998 5.77 5.76999 5.76999 5.76999 5.76998 5.76999 5.76999 5.76998 5.76999 5.76999 5.76999 5.76999 5.76999 5.76999 5.76999 5.77 5.77 5.76999 5.76998 5.76999 5.76999 5.76999 5.77 5.76999 5.76997 5.76998 5.76999 5.77 5.77 5.77 5.77 5.76999 5.77 5.77 5.76999 5.77 5.77 5.77 5.76999 5.77 5.77 5.77 5.76999 5.77 5.77 5.77 5.77 5.76999 5.76998 5.76998 5.76996 5.77 5.77 5.77 5.76997 5.77001 5.76996
5.76999 5.76998 5.76999 5.77 5.76997 5.77001 5.76997 5.77 5.76999 5.76998 5.76998 5.77 5.77 5.76999 5.76999 5.76997 5.76999 5.76999 5.77 5.76997 5.76999 5.76998 5.76999 5.76999 5.77 5.77 5.77 5.77 5.77 5.77 5.76999 5.76999 5.76999 5.76999 5.76999 5.77 5.76999 5.76997 5.76998 5.76999 5.76999 5.76999 5.77 5.77 5.77 5.76999 5.77 5.77 5.76999 5.77 5.77 5.76998 5.76999 5.76997 5.76999 5.77 5.77 5.76999 5.77 5.77 5.77 5.77 5.77 5.76999 5.76998 5.76998 5.76997 5.76997 5.76999
5.76999 5.76999 5.76999 5.77 5.76998 5.76998 5.76997 5.77 5.76999 5.76999 5.77 5.76999 5.77 5.76999 5.76999 5.76998 5.76999 5.77 5.76999 5.76998 5.76997 5.76999 5.76998 5.76998 5.76999 5.76999 5.76999 5.77 5.76999 5.76999 5.77 5.76999 5.76999 5.76999 5.76999 5.76998 5.76997 5.77 5.76999 5.77 5.77 5.77 5.77 5.76999 5.77 5.77 5.76999 5.76999 5.76999 5.76999 5.77 5.76999 5.77002 5.76996 5.76999 5.77 5.77 5.76999 5.77 5.77 5.76999 5.76999 5.77 5.77 5.76999 5.76999 5.77 5.77 5.76999
5.76999 5.76999 5.76999 5.76999 5.77 5.77 5.76999 5.77 5.77 5.76999 5.76999 5.76999 5.76999 5.76999 5.76999 5.76999 5.76999 5.76999 5.76999 5.76998 5.76999 5.76999 5.76999 5.76999 5.76999 5.76999 5.76999 5.76999 5.76999 5.77 5.76998 5.76999 5.76999 5.76999 5.76998 5.76997 5.76998 5.77 5.76999 5.76999 5.76999 5.76999 5.76999 5.77 5.76999 5.77 5.76999 5.76999 5.76999 5.77 5.77 5.76999 5.76999 5.76996 5.77 5.77 5.76999 5.76999 5.76999 5.77 5.77 5.77 5.76999 5.76999 5.77 5.77 5.77 5.77 5.77
5.76999 5.77 5.77 5.76999 5.77 5.77 5.76999 5.77 5.77 5.76999 5.76999 5.76999 5.76999 5.76999 5.76999 5.76998 5.76998 5.76999 5.76999 5.76999 5.76997 5.76999 5.76999 5.76999 5.76999 5.76999 5.76999 5.77 5.77 5.76998 5.76999 5.76999 5.76999 5.76998 5.76998 5.76999 5.76999 5.76999 5.76999 5.76999 5.76998 5.77001 5.76998 5.77 5.76999 5.77 5.77 5.76996 5.76995 5.76999 5.77 5.77 5.77 5.77 5.76999 5.77 5.76999 5.76999 5.76999 5.76999 5.76999 5.76999 5.76999 5.76999 5.77 5.76999 5.76999 5.76999 5.76999
5.76999 5.76999 5.77 5.76999 5.76999 5.77 5.77 5.77 5.77 5.76999 5.76999 5.76999 5.76999 5.76999 5.76998 5.76998 5.76999 5.76999 5.76999 5.76997 5.76998 5.76999 5.76999 5.76999 5.76999 5.76999 5.76999 5.76999 5.77 5.76999 5.76999 5.76999 5.76999 5.76999 5.76998 5.76998 5.77 5.76999 5.76999 5.76999 5.76998 5.77 5.76998 5.77 5.77 5.77 5.77 5.76997 5.77002 5.76996 4.08235 4.11561 4.65414 5.76997 5.76993 5.77 5.76999 5.77 5.77 5.77 5.77 5.77 5.76999 5.76999 5.77 5.77 5.77 5.76998 5.77
5.76999 5.76999 5.76999 5.77 5.76999 5.77 5.77 5.76999 5.77 5.76999 5.76999 5.76999 5.76999 5.76998 5.76998 5.76998 5.76998 5.76998 5.76998 5.76998 5.76998 5.76999 5.76999 5.76998 5.76997 5.76999 5.76998 5.76999 5.76999 5.77 5.76999 5.77 5.76999 5.76999 5.76999 5.76999 5.77 5.76999 5.76999 5.76999 5.76999 5.77001 5.76999 5.77 5.76999 5.77 5.76999 5.76996 5.76996 5.76997 3.70809 6.97318 4.43851 5.77004 5.76991 5.77 5.76999 5.77 5.76999 5.76999 5.76999 5.77 5.77 5.77 5.76999 5.76999 5.77 5.77 5.76999
5.76999 5.76999 5.76999 5.76999 5.76998 5.76999 5.76997 5.77 5.76999 5.76999 5.76999 5.76999 5.76998 5.76997 5.76998 5.76998 5.76998 5.76997 5.76998 5.76999 5.76999 5.76999 5.76999 5.76999 5.76999 5.76999 5.76999 5.76999 5.76999 5.76999 5.77 5.76998 5.76999 5.76999 5.76999 5.77 5.76999 5.76999 5.76994 5.76995 5.76999 5.76997 5.76998 5.76999 5.76992 5.76993 5.77 5.77 5.77 5.77 4.32306 4.83384 4.74725 5.76997 5.76994 5.77 5.76999 5.76999 5.76999 5.76999 5.77 5.76999 5.76999 5.77 5.77 5.76999 5.76999 5.77 5.77
5.76999 5.76999 5.76999 5.76999 5.76997 5.77001 5.76996 5.77 5.76999 5.76999 5.76999 5.76998 5.76997 5.76997 5.76998 5.76998 5.76998 5.76998 5.76998 5.76999 5.76999 5.76999 5.76999 5.76999 5.77 5.76999 5.76999 5.76999 5.76999 5.76999 5.76999 5.77 5.76999 5.76998 5.76997 5.76998 5.76999 5.77 5.76994 5.77002 5.76993 5.77 5.77 5.76996 5.77004 5.76995 5.76999 5.77 5.76999 5.77 5.76997 5.76999 5.76999 5.77 5.77 5.76999 5.76999 5.76999 5.76999 5.77 5.76999 5.77 5.77 5.76999 5.77 5.77 5.77 5.77 5.77
5.76999 5.76998 5.76999 5.77 5.76997 5.76998 5.76997 5.77 5.76999 5.76998 5.76998 5.76996 5.76997 5.76998 5.76998 5.76998 5.76998 5.76999 5.76999 5.76999 5.76999 5.76999 5.76999 5.76999 5.76998 5.76999 5.76999 5.76999 5.76999 5.76999 5.76999 5.76999 5.77 5.76999 5.77001 5.76999 5.76998 5.76996 5.76999 5.76994 5.76995 5.77 5.77 5.76989 5.76993 5.76998 5.77 5.76999 5.77 5.77 5.76997 5.77004 5.76995 5.76999 5.76997 5.77 5.77 5.77 5.76999 5.76999 5.77 5.76999 5.76999 5.76999 5.76999 5.77 5.77 5.76999 5.77
5.76999 5.76999 5.76999 5.77 5.77 5.77 5.77 5.77 5.76999 5.76997 5.76996 5.76997 5.76998 5.76998 5.76998 5.76998 5.76998 5.76998 5.76999 5.76998 5.76998 5.76999 5.76998 5.76999 5.76999 5.76999 5.76999 5.76999 5.76999 5.76991 5.76997 5.76995 5.76996 5.76998 5.76997 5.76998 5.76993 5.77005 5.76988 5.77 5.77 5.77 5.76999 5.76999 5.77 5.77 5.77001 5.77 5.77 5.76999 5.76994 5.76999 5.76996 5.77002 5.76993 5.77 5.76999 5.77 5.76999 5.77 5.76999 5.76999 5.76999 5.76999 5.77 5.77 5.77 5.77 5.76999
5.76999 5.76999 5.76999 5.76999 5.77 5.77 5.77 5.77 5.76999 5.76998 5.76995 5.76997 5.76997 5.76997 5.76998 5.76998 5.76998 5.76998 5.76997 5.76998 5.76998 5.76997 5.76999 5.76998 5.76999 5.76999 5.77 5.76999 5.77 5.76997 5.77005 5.77 5.77004 5.76994 5.77 5.77 5.76995 5.76999 5.76997 5.76996 5.76998 5.76998 5.77001 5.76997 5.77 5.76999 5.76998 5.76999 5.77 5.77 5.76996 5.76997 5.76998 5.76993 5.76996 5.76999 5.77 5.77 5.76999 5.76999 5.76999 5.76999 5.76999 5.76999 5.77 5.76999 5.76999 5.76999 5.77
5.76999 5.76999 5.77 5.76999 5.77 5.77 5.77 5.77 5.76999 5.76998 5.76998 5.76998 5.76998 5.76998 5.76998 5.76998 5.76998 5.76998 5.76999 5.76998 5.76998 5.76999 5.76999 5.76998 5.77 5.76999 5.76997 5.76998 5.77 5.76994 5.7699 5.76991 5.76996 5.76998 5.77 5.77 5.76996 5.77002 5.77 5.77002 5.7699 5.76998 5.76998 5.76998 5.76999 5.77 5.77 5.77 5.76998 5.76999 5.76997 5.77004 5.76993 5.77 5.76999 5.77 5.77 5.77 5.76999 5.76999 5.76999 5.76999 5.76999 5.77 5.76999 5.77 5.76999 5.76999 5.77
5.76999 5.76999 5.77 5.77 5.77 5.76999 5.77 5.76999 5.76999 5.76998 5.76999 5.76999 5.76999 5.76998 5.76998 5.76999 5.76999 5.76999 5.76998 5.76999 5.76999 5.76999 5.76998 5.76999 5.76999 5.76999 5.76999 5.77002 5.76999 5.76997 5.76997 5.77 5.77 5.76999 5.77001 5.77 5.76998 5.77 5.76998 5.76993 5.76996 5.77 5.77 5.76999 5.77 5.77 5.77 5.77 5.76995 5.77003 5.76997 5.76997 5.76993 5.77 5.77 5.76999 5.77 5.76999 5.76999 5.77 5.76999 5.77 5.77 5.77 5.76999 5.77 5.77 5.76999 5.76999
5.76999 5.76999 5.76999 5.77 5.77 5.76999 5.76998 5.77 5.76999 5.76998 5.76999 5.76999 5.76999 5.76999 5.76999 5.76999 5.76999 5.76999 5.76999 5.76999 5.76999 5.76998 5.76999 5.76999 5.76997 5.76998 5.76999 5.76996 5.76997 5.77002 5.76998 5.77 5.77 5.76998 5.76999 5.77 5.76998 5.77003 5.76988 5.77 5.77 5.77 5.76998 5.77 5.77 5.77 5.77 5.77 5.76997 5.77 5.76996 5.77 5.77 5.77001 5.76999 5.77 5.76999 5.77 5.77 5.77 5.76999 5.77 5.76999 5.77 5.77 5.76999 5.76999 5.76999 5.76999
5.76999 5.76999 5.76999 5.77 5.76999 5.76999 5.76999 5.77 5.76999 5.76997 5.76998 5.76998 5.76999 5.76999 5.76998 5.76998 5.76999 5.76999 5.76999 5.76998 5.76998 5.77 5.76999 5.77 5.76997 5.77003 5.76994 5.77 5.76998 5.76992 5.76998 5.77 5.76999 5.77 5.77 5.76995 5.76998 5.76994 5.77 5.76996 5.76999 5.76999 5.77 5.77 5.77 5.76999 5.77 5.77 5.76998 5.77002 5.76996 5.7699 5.76999 5.76999 5.77 5.76999 5.76999 5.77 5.77 5.77 5.77 5.77 5.77 5.76997 5.76998 5.76996 5.76998 5.77 5.77
5.76999 5.76999 5.76999 5.76999 5.76998 5.76999 5.77 5.77 5.76999 5.76999 5.76999 5.76999 5.76999 5.76998 5.76998 5.76999 5.76999 5.77 5.76999 5.76998 5.77 5.76988 5.76995 5.76998 5.76998 5.76994 5.76998 5.77 5.76999 5.77 5.76999 5.77 5.77 5.77 5.77 5.76994 5.77006 5.7699 5.76993 5.77004 5.76991 5.77 5.76999 5.77 5.77 5.76999 5.76997 5.76998 5.76997 5.77 5.76998 5.77007 5.76991 5.76998 5.76996 5.76988 5.76997 5.77 5.77 5.76999 5.76995 5.76998 5.76999 5.77001 5.76999 5.77002 5.76998 5.77 5.76999
5.76999 5.76998 5.76999 5.76999 5.76999 5.76999 5.77 5.77 5.76998 5.76999 5.76999 5.76998 5.76999 5.76999 5.77 5.76999 5.76999 5.76999 5.76999 5.77 5.76999 5.76996 5.77003 5.76994 5.77 5.76999 5.76995 5.76998 5.77 5.76999 5.77 5.76999 5.76999 5.77 5.77 5.76994 5.76998 5.76993 5.76999 5.76993 5.76994 5.77 5.77 5.77 5.77 5.76994 5.77003 5.76997 5.76994 5.77004 5.76998 5.76996 5.76998 5.77003 5.76998 5.77006 5.76998 5.76997 5.76999 5.76986 5.77006 5.76987 5.76999 5.76999 5.77 5.76999 5.76997 5.76997 5.76999
5.76998 5.76999 5.76999 5.76999 5.76999 5.76999 5.77 5.76999 5.76998 5.76999 5.76999 5.76999 5.77 5.77 5.76998 5.76999 5.77 5.76999 5.76999 5.76999 5.77 5.76998 5.76994 5.76996 5.76999 5.76998 5.77002 5.76998 5.76999 5.77 5.76999 5.77 5.77 5.77 5.77 5.77 5.76998 5.76998 5.76997 5.77 5.77 5.76995 5.76996 5.76998 5.77 5.76998 5.76997 5.76998 5.76998 5.77005 5.76988 5.77003 5.76998 5.76996 5.76996 5.7699 5.76994 5.77005 5.76994 5.76998 5.76995 5.76999 5.76997 5.76997 5.77002 5.76999 5.77002 5.76997 5.77
5.76999 5.76999 5.76999 5.76999 5.76999 5.77 5.77 5.77 5.76999 5.76999 5.77 5.77 5.77 5.76999 5.76999 5.77 5.77 5.76999 5.76999 5.77 5.77 5.77 5.77 5.77 5.77 5.76997 5.76997 5.76999 5.76997 5.76992 5.76998 5.77 5.77 5.77 5.76999 5.76999 5.76989 5.77004 5.76997 5.77 5.77 5.76988 5.77005 5.76993 5.77 5.76998 5.76992 5.77 5.77007 5.77 5.76991 5.76999 5.76997 5.77 5.76999 5.77 5.76999 5.7699 5.76998 5.77002 5.76999 5.77003 5.76995 5.76998 5.76997 5.76995 5.76996 5.76999 5.76998
5.77 5.76999 5.76999 5.76999 5.76999 5.76999 5.77 5.76999 5.76999 5.76999 5.76999 5.76999 5.76999 5.76999 5.76999 5.77 5.76999 5.77 5.76999 5.76998 5.76998 5.76999 5.76999 5.76994 5.76996 5.77 5.77 5.77 5.76996 5.77004 5.76989 5.76998 5.7699 5.76993 5.76996 5.77002 5.76998 5.76992 5.76996 5.77 5.76996 5.76998 5.76994 5.76999 5.7699 5.76993 5.77006 5.77001 5.76991 5.76995 5.76998 5.77 5.77 5.77 5.77 5.77 5.76999 5.76999 5.76999 5.76998 5.76996 5.76987 5.77005 5.76999 5.77 5.76999 5.76997 5.76995 5.77001
