tests/full-run-ref/erosion_78_19_2.123.asc
ncols 512
nrows 512
xllcorner -3.24582
yllcorner -4.08743
cellsize 5
NODATA_value -99999
[rows 37 to 73 of 512, columns 252 to 335 of 512]
0 0 0 0 0 0 0 0 0 0 0 0 0 0 0 0 0 0 0 0 0 0 0 0 0 0 0 76.9845 71.8222 65.9631 60.1097 54.2414 48.3969 49.6884 45.9347 40.0468 34.1984 28.3713 22.5533 16.7444 10.9291 5.43685 0 0 0 0 0 0 0 0 244.044 238.908 233.109 227.303 221.498 215.692 209.884 204.073 198.26 192.446 186.629 180.81 174.989 169.166 163.341 157.514 151.686 145.856 140.024 134.192 128.358 122.523 116.688 110.851 105.014 99.177 93.3392 87.5011 81.6627 75.8238 69.9837 64.14 58.2851 52.3921
0 0 0 0 0 0 0 0 0 0 0 0 0 0 0 0 0 0 0 0 0 0 0 0 0 0 0 79.225 74.1972 68.3384 62.4893 56.6543 55.4164 51.6791 45.7946 39.9432 34.1083 28.2818 22.4674 16.651 10.8382 5.39655 0 0 0 0 0 0 0 32.0052 245.797 238.357 235.503 229.693 223.886 218.076 212.264 206.45 200.635 194.818 188.998 183.177 177.354 171.53 165.703 159.875 154.046 148.215 142.383 136.551 130.717 124.883 119.048 113.212 107.376 101.54 95.7039 89.8673 84.0302 78.1922 72.3507 66.4981 60.6091 54.5913
0 0 0 0 0 0 0 0 0 0 0 0 0 0 0 0 0 0 0 0 0 0 0 0 0 0 0 0 76.6294 70.7734 64.9246 62.6115 57.4249 51.5769 45.7334 39.9001 34.0724 28.2472 22.4179 16.5967 10.7733 5.28545 5.74314 0 0 0 0 0 0 4.23574 38.6288 78.7673 237.898 232.091 226.275 220.46 214.645 208.828 203.01 197.191 191.369 185.546 179.722 173.896 168.068 162.239 156.409 150.578 144.746 138.913 133.08 127.246 121.412 115.577 109.742 103.907 98.0718 92.2362 86.3997 80.56 74.7097 68.8243 62.8205 56.4198
0 0 0 0 0 0 0 0 0 0 0 0 0 0 0 0 0 0 0 0 0 0 0 0 0 0 0 0 79.0368 73.1784 70.8148 65.6038 59.7749 53.9613 48.1482 42.3394 36.5316 30.7251 24.9173 19.1034 13.296 7.64998 5.64855 0 0 0 0 0 0 0 36.9299 244.459 238.899 234.488 228.664 222.845 217.027 211.208 205.388 199.566 193.743 187.918 182.092 176.265 170.436 164.607 158.776 152.945 147.113 141.281 135.448 129.615 123.781 117.948 112.114 106.28 100.446 94.6104 88.7723 82.9243 77.0431 71.0512 64.6957 57.753
0 0 0 0 0 0 0 0 0 0 0 0 0 0 0 0 0 0 0 0 0 0 0 0 0 0 0 0 81.4147 79.01 73.7901 67.966 62.1595 56.358 50.5594 44.7618 38.9655 33.17 27.3749 21.5783 15.7969 11.0886 5.52252 0 0 0 0 0 0 0 0 38.0104 0 236.878 231.052 225.233 219.413 213.591 207.769 201.945 196.12 190.294 184.467 178.639 172.809 166.98 161.149 155.318 149.487 143.655 137.823 131.99 126.158 120.325 114.492 108.659 102.825 96.9883 91.1425 85.2659 79.2866 72.9725 66.1181 59.214
0 0 0 0 0 0 0 0 0 0 0 0 0 0 0 0 0 0 0 0 0 0 0 0 0 0 0 10.4128 86.3946 80.5744 74.7445 68.9294 63.1199 57.3139 51.51 45.7081 39.9078 34.1088 28.3098 22.5077 16.7192 10.906 5.42221 0 0 0 0 0 0 0 0 0 34.4768 239.271 233.453 227.626 221.802 215.978 210.154 204.328 198.501 192.674 186.846 181.017 175.188 169.358 163.528 157.697 151.866 146.035 140.204 134.372 128.54 122.709 116.876 111.043 105.208 99.3641 93.4922 87.5261 81.252 74.4827 67.6606 66.5496
0 0 0 0 0 0 0 0 0 0 0 0 0 0 0 0 0 0 0 0 0 0 0 0 0 0 0 10.4177 86.3832 80.5235 74.685 68.854 63.0293 57.209 51.3924 45.5786 39.7673 33.9581 28.1455 22.3355 16.5191 10.7025 5.32414 0 0 0 0 0 0 0 0 33.7165 245.44 235.683 235.855 230.022 224.196 218.369 212.542 206.715 200.887 195.059 189.23 183.401 177.572 171.742 165.913 160.082 154.252 148.422 142.591 136.76 130.929 125.097 119.265 113.431 107.589 101.722 95.7687 89.5343 82.8443 76.1024 74.914 73.7853
0 0 0 0 0 0 0 0 0 0 0 0 0 0 0 0 0 0 0 0 0 0 0 0 0 0 0 10.021 86.3013 80.4213 74.5649 68.7215 62.8861 57.0565 51.231 45.409 39.5897 33.7731 27.9628 22.1411 16.3271 10.5139 5.22221 0 0 0 0 0 0 0 0 0 37.2574 115.696 238.257 232.431 226.596 220.764 214.935 209.106 203.277 197.449 191.62 185.791 179.962 174.133 168.303 162.473 156.643 150.813 144.983 139.152 133.322 127.491 121.657 115.817 109.954 104.013 97.8177 91.2044 84.5397 83.2752 82.0606 80.4383
0 0 0 0 0 0 0 0 0 0 0 0 0 0 0 0 0 0 0 0 0 0 0 0 0 10.0109 0 90.6445 85.9545 80.3024 74.4375 68.5875 62.7464 56.9114 51.0807 45.2534 39.4288 33.607 27.7896 21.9846 16.1746 10.3657 5.13685 0 0 0 0 0 0 0 0 0 36.005 244.089 239.243 234.839 228.996 223.163 217.332 211.502 205.673 199.844 194.015 188.186 182.357 176.528 170.699 164.869 159.039 153.21 147.38 141.549 135.719 129.886 124.048 118.188 112.26 106.101 99.5629 92.9717 91.6314 90.3336 88.6535 86.6075
0 0 0 0 0 0 0 0 0 0 0 0 0 0 0 0 0 0 0 0 0 0 0 0 0 0 0 0 86.1754 80.2789 74.4094 68.5546 62.7087 56.8691 51.0339 45.2023 39.3733 33.5467 27.7222 21.9035 16.0915 10.2803 5.07601 0 0 0 0 0 0 0 0 0 0 36.5911 0 237.243 231.406 225.568 219.735 213.905 208.075 202.245 196.416 190.587 184.758 178.928 173.099 167.269 161.439 155.61 149.78 143.95 138.118 132.281 126.425 120.508 114.385 107.919 101.4 99.9825 98.603 96.8672 94.7925 89.9587
0 0 0 0 0 0 0 0 0 0 0 0 0 0 0 0 0 0 0 0 0 0 0 0 0 0 0 92.0241 86.1558 80.2814 74.4201 68.568 62.7227 56.8825 51.0462 45.2129 39.3822 33.5534 27.7263 21.9007 16.0786 10.2605 5.04194 0 0 0 0 0 0 0 0 0 0 0 33.8283 238.476 233.822 227.979 222.146 216.313 210.482 204.651 198.821 192.991 187.161 181.332 175.502 169.672 163.842 158.013 152.183 146.352 140.516 134.664 128.757 122.669 116.273 109.823 108.329 106.869 105.081 102.979 98.1403 92.2206
0 0 0 0 0 0 0 0 0 0 0 0 0 0 0 0 0 0 0 0 0 0 0 0 0 0 0 92.0333 86.1453 80.2871 74.4361 68.5911 62.7507 56.9138 51.0798 45.2481 39.4183 33.59 27.763 21.937 16.112 10.2886 5.02523 0 0 0 0 0 0 0 0 0 0 0 206.797 0 236.239 230.405 224.562 218.725 212.893 207.061 201.229 195.398 189.568 183.737 177.907 172.078 166.248 160.419 154.588 148.754 142.904 137.008 130.952 124.624 118.241 116.672 115.129 113.291 111.166 106.322 100.407 94.4395
0 0 0 0 0 0 0 0 0 0 0 0 0 0 0 0 0 0 0 0 0 0 0 0 0 0.69841 9.66844 92.0429 86.1608 80.3021 74.4567 68.6176 62.7826 56.9505 51.1206 45.2923 39.4655 33.6396 27.8146 21.9902 16.1662 10.3426 5.01643 0 0 0 0 0 0 0 0 0 0 0 0 35.9798 236.804 232.829 226.978 221.142 215.306 209.472 203.639 197.807 191.975 186.145 180.315 174.486 168.656 162.827 156.993 151.147 145.26 139.234 132.971 126.654 125.011 123.387 121.498 119.351 114.5 108.591 102.633 96.6696
0 0 0 0 0 0 0 0 0 0 0 0 0 0 0 0 0 0 0 0 0 0 0 0 0 7.41419 9.76955 92.0573 86.1806 80.3268 74.4843 68.6491 62.8185 56.9908 51.1652 45.341 39.5178 33.6954 27.8734 22.0518 16.2302 10.4087 5.17369 0 0 0 0 0 0 0 0 0 0 0 0 35.763 0 235.246 229.407 223.561 217.72 211.883 206.048 200.216 194.385 188.554 182.725 176.896 171.067 165.235 159.391 153.513 147.516 141.315 135.061 133.345 131.641 129.699 127.53 122.675 116.773 110.826 104.874 100.57
0 0 0 0 0 0 0 0 0 0 0 0 0 0 0 0 0 0 0 0 0 0 0 0 0 7.61623 9.89555 92.0754 86.2053 80.3563 74.5181 68.6866 62.8597 57.0358 51.214 45.3937 39.5744 33.7556 27.9371 22.1188 16.3003 10.4815 5.20116 0 0 0 0 0 0 0 0 0 0 0 0 35.1844 240.541 234.647 231.832 225.975 220.131 214.293 208.459 202.626 196.796 190.966 185.137 179.309 173.478 167.637 161.767 155.798 149.655 143.461 141.675 139.894 137.9 135.703 130.847 124.954 119.017 113.078 108.777 102.818
0 0 0 0 0 0 0 0 0 0 0 0 0 0 0 0 0 0 0 0 0 0 0 0 0 7.83202 10.0322 92.0953 86.2328 80.3896 74.5562 68.729 62.906 57.0858 51.2677 45.4511 39.6354 33.8202 28.0053 22.1903 16.3751 10.5595 5.23526 0 0 0 0 0 0 0 0 0 0 0 0 0 35.7988 0 234.241 228.383 222.541 216.705 210.871 205.04 199.21 193.381 187.553 181.723 175.885 170.023 164.078 157.99 151.854 149.999 148.143 146.099 143.875 139.019 133.134 127.209 121.282 116.985 111.047 105.114
0 0 0 0 0 0 0 0 0 0 0 0 0 0 0 0 0 0 0.447609 0 0 0 0 0 0 8.04401 10.1679 92.1158 86.2618 80.4252 74.5973 68.775 62.9564 57.1403 51.326 45.513 39.7008 33.8892 28.0777 22.2661 16.4542 10.6418 5.28401 0 0 0 0 0 0 0 0 0 0 0 0 0 0 33.5767 236.644 230.798 224.956 219.12 213.288 207.457 201.628 195.799 189.97 184.135 178.279 172.358 166.322 160.24 158.317 156.389 154.298 152.049 147.187 141.311 135.399 129.486 125.193 119.275 113.362 111.197
0 0 0 0 0 0 0 0 0 0 0 0 0 0 0 0 0 5.77 4.50605 0 0 0 0 0 0 8.26353 10.3088 92.1372 86.2922 80.4626 74.6411 68.8241 63.0102 57.1984 51.3881 45.5788 39.7702 33.9619 28.1538 22.3455 16.5368 10.7275 5.33141 0 0 0 0 0 0 0 0 0 0 0 0 0 0 33.6409 238.962 233.222 227.376 221.542 215.708 209.877 204.049 198.22 192.387 186.538 180.637 174.648 168.617 166.629 164.632 162.495 160.223 155.356 149.488 143.59 137.692 133.402 127.504 121.61 119.42 113.594
0 0 0 0 0 0 0 0 0 0 0 0 0 0 0 0 5.77 5.77 5.5439 0 0 0 0 0 0 0 10.4661 92.1604 86.3248 80.5038 74.6883 68.8766 63.0673 57.2596 51.4532 45.6475 39.8424 34.0374 28.2325 22.4273 16.6218 10.8156 5.37932 0 0 0 0 0 0 0 0 0 0 0 0 0 34.0586 217.828 0 235.648 229.811 223.968 218.132 212.302 206.473 200.642 194.798 188.916 182.97 176.986 174.935 172.871 170.691 168.398 163.528 157.665 151.781 145.898 141.611 135.733 129.858 127.643 121.824 119.527
0 0 0 0 0 0 0 0 0 0 0 0 0 0 0 5.77 5.77 5.77 5.77 4.13315 0 0 0 0 0 0 0 92.1862 86.3672 80.5507 74.74 68.9326 63.1272 57.3234 51.5205 45.7181 39.9162 34.1144 28.3124 22.5103 16.7076 10.9044 5.42692 0 0 0 0 0 0 0 0 0 0 0 0 0 0 0 35.9033 223.91 232.243 226.394 220.56 214.73 208.899 203.06 197.194 191.287 185.346 183.234 181.106 178.885 176.574 171.702 165.846 159.976 154.107 149.821 143.961 138.104 135.864 130.052 127.738 121.907
0 0 0 0 0 0 0 0 0 0 0 0 0 0 5.75046 5.65441 5.56409 5.57812 5.58168 4.18156 0 0 0 0 0 0 0 0 86.4168 80.6023 74.7946 68.9906 63.1887 57.3881 51.5883 45.789 39.99 34.191 28.3919 22.5925 16.7926 10.9921 5.47358 0 0 0 0 0 0 0 0 0 0 0 0 0 0 0 35.6454 0 234.666 228.83 222.994 217.163 211.326 205.473 199.598 193.696 191.525 189.338 187.079 184.75 179.878 174.03 168.171 162.315 158.031 152.189 146.349 144.085 138.278 135.948 130.127 127.798
0 0 0 0 0 0 0 0 0 0 0 0 0 5.23984 4.05046 2.25741 0.78592 1.06399 2.48268 0 0 0 0 0 0 9.47021 0 91.9986 86.4639 80.6515 74.8476 69.0471 63.2485 57.4511 51.6542 45.8578 40.0615 34.2652 28.4687 22.6719 16.8746 11.0767 5.51828 0 0 0 0 0 0 0 0 0 0 0 0 0 0 0 34.1766 0 235.354 231.271 225.439 219.598 213.753 207.905 202.036 199.81 197.567 195.273 192.927 188.056 182.218 176.371 170.526 166.243 160.418 154.594 152.305 146.504 144.158 138.347 136.006 130.208
0 0 0 0 0 0 0 0 0 0 0 0 4.05746 0 0 0 0 0 0 0 0 0 0 0 0 0 0 0 86.4917 80.692 74.8941 69.0982 63.3033 57.5091 51.7154 45.9218 40.1282 34.3345 28.5406 22.7463 16.9515 11.1561 5.56019 0 0 0 0 0 0 0 0 0 0 0 0 0 0 0 33.8789 0 0 233.305 227.884 222.044 216.209 210.367 208.089 205.794 203.469 201.107 196.238 190.41 184.576 178.741 174.457 168.647 162.836 160.524 154.728 152.368 146.567 144.214 138.429 136.082
0 0 0 0 0 0 0 0 0 0 0 3.44399 0 0 0 0 0 0 0 0 0 0 0 0 0 0 0 0 86.5135 80.7219 74.9313 69.1405 63.3499 57.5594 51.7689 45.9783 40.1875 34.3965 28.6052 22.8135 17.0212 11.2283 5.59827 0 0 0 0 0 0 0 0 0 0 0 0 0 0 0 37.5658 72.6692 89.5489 234.33 229.881 224.515 218.692 216.365 214.025 211.672 209.295 204.429 198.607 192.786 186.96 182.67 176.872 171.075 168.741 162.952 160.577 154.787 152.423 146.652 144.291 138.536
0 0 0 0 0 0 0 0 0 0 1.6283 0 0 0 0 0 0 0 0 0 0 0 0 0 0 16.1309 0 92.2269 86.529 80.744 74.9587 69.173 63.3868 57.6001 51.813 46.0255 40.2377 34.4495 28.6608 22.8717 17.082 11.2916 5.6318 0 0 0 0 0 0 0 0 0 0 0 0 0 0 0 40.3635 53.9018 64.3532 81.226 230.977 225.304 184.816 184.064 178.695 216.714 212.365 206.816 201.006 195.186 190.887 185.095 179.314 176.959 171.176 168.786 163.007 160.629 154.879 152.511 146.759 143.556
0 0 0 0 0 0 0 0 0 0.417424 0 0 0 0 0 0 0 0 0 0 14.2622 12.2745 0 0 0 0 12.1591 0 86.1166 80.7577 74.9772 69.1958 63.4135 57.6305 51.8468 46.0625 40.2777 34.4923 28.7064 22.9199 17.1327 11.3449 5.66017 0 0 0 0 0 0 0 0 0 0 0 0 0 0 0 0 0 36.556 0 0 79.5427 86.3253 84.3057 81.9312 81.1196 74.145 207.681 203.418 199.11 193.322 187.46 184.799 179.401 176.99 171.233 168.851 163.086 158.465 152.693 146.907 141.13
0 0 0 0 0 0 0 0 0 0 0 0 0 0 0 0 0 0 0 22.0553 16.2887 13.9173 0 0 0 0 12.133 92.3074 86.5384 80.7637 74.9874 69.2097 63.4309 57.6512 51.8707 46.0894 40.3074 34.5247 28.7413 22.9573 17.1725 11.387 5.68276 1.94585 0 0 0 0 0 0 0 0 0 0 0 0 0 0 0 0 0 0 0 0 27.8463 67.5504 77.2738 74.3412 0 0 206.744 193.337 195.391 193.135 0 184.967 179.188 173.393 167.615 161.821 156.048 150.263 144.493 138.715
0 0 0 0 0 0 0 0 0 0 0 0 0 0 0 0 0 0 25.4457 19.6589 13.8799 12.302 12.3169 0 0 0 12.1002 92.3061 86.5386 80.7659 74.9919 69.2167 63.4405 57.6633 51.8852 46.1063 40.3265 34.546 28.7647 22.9826 17.1998 11.416 5.69834 5.2205 0 0 0 0 0 0 0 0 0 0 0 0 0 0 0 0 0 0 0 0 27.9679 69.1327 71.5115 0 71.0097 72.8128 0 43.989 117.276 123.165 0 182.291 176.757 171.011 165.212 159.431 153.645 147.87 142.091 136.314
0 0 0 0 0 0 0 0 0 0 0 0 2.37279 16.248 21.9969 0 0 28.6719 23.0404 17.244 12.273 12.3167 10.6612 0 0 0 12.0739 92.3118 86.5402 80.7673 74.9938 69.2194 63.4443 57.6683 51.8916 46.1141 40.3358 34.5567 28.7768 22.9961 17.2144 11.4305 5.69193 5.76513 5.76641 3.7009 0 0 0 0 0 0 5.74739 5.75947 0 0 0 0 0 0 0 0 0 0 0 68.1824 65.7361 0 0 0 0 72.6136 74.8481 0 115.211 0 174.172 168.625 162.851 157.05 151.257 145.464 139.678 133.89
0 0 0 0 0 0 0 0 0 14.1484 16.278 21.7877 22.4007 51.8477 46.1124 40.3479 34.5971 28.8089 23.026 17.2456 12.2834 12.32 11.7713 1.03512 0 0 12.0627 94.0001 88.9354 83.1611 77.3877 71.6142 65.8402 60.0659 54.2911 48.5158 42.7401 36.9638 31.1869 25.4093 19.63 13.8488 8.07833 5.73543 5.76652 3.92977 0 0 0 0 0 7.393 8.12791 5.75216 0 0 0 0 0 0 0 0 0 0 64.8271 62.3947 59.9549 0 0 0 0 0 0 0 73.7132 0 0 165.96 160.443 154.663 148.854 143.046 137.239 131.434
0 0 0 0 0 0 14.2996 16.2901 9.50239 20.2313 69.2128 60.0785 57.6723 51.9177 46.1395 40.3619 34.5839 28.8047 23.0228 17.2452 12.284 12.32 12.0546 5.21641 0 0 12.0647 23.5991 90.619 85.5555 79.781 74.0079 68.2347 62.4613 56.6877 50.9138 45.1396 39.3651 33.5901 27.8138 22.0357 16.2557 13.8742 8.10646 5.7438 5.767 0 0 0 0 0 8.56236 5.70513 5.75761 0 0 0 0 0 0 0 0 0 0 59.0279 56.6107 54.1718 0 0 0 0 0 0 0 0 70.4333 0 0 157.816 151.391 146.501 140.676 134.854 129.036
0 0 0 0 0 0 0 0 27.4608 74.9882 50.6533 63.4529 57.688 51.9136 46.138 40.3605 34.5822 28.803 23.0228 17.2458 12.2847 12.1594 7.23057 0 0 0 0 0 0 87.9281 82.1731 76.4003 70.6275 64.8546 59.0815 53.3082 47.5348 41.761 35.9863 30.2101 24.4324 22.0514 16.2696 13.8829 8.11379 5.74736 5.76734 0 0 0 0 9.84843 5.7012 0 0 0 0 0 0 0 0 0 0 55.6522 53.2324 50.8217 48.3835 0 0 0 0 0 0 0 0 0 70.5595 0 0 154.454 147.713 143.144 137.339 131.539
0 0 0 0 7.44584 32.6291 61.0938 0 80.7777 75.0063 69.2343 63.4617 57.6878 51.9132 46.1377 40.3612 34.5833 28.8044 23.0244 17.2479 12.2857 12.32 12.32 12.32 12.32 11.8839 0 0 0 0 84.5646 78.7922 73.0196 67.247 61.4744 55.7015 49.9285 44.1548 38.38 32.6041 30.2205 24.4445 22.0526 16.274 13.8891 8.12005 5.75051 5.76766 0 0 0 7.86232 5.72699 0 0 0 0 0 0 0 0 0 52.2738 49.8399 47.4356 45.0279 42.5895 0 0 0 0 0 0 0 0 0 0 70.5624 82.8032 0 117.464 140.761 134.946 129.136
0 0 0 0 16.3159 53.3261 53.9107 0 76.8182 74.4265 69.235 63.4625 57.6887 51.9144 46.1391 40.3628 34.5854 28.8069 23.0272 17.2507 12.2871 12.32 12.32 12.32 12.32 11.9113 68.3101 0 0 70.9179 86.9219 81.1838 75.4114 69.6391 63.8667 58.0943 52.3213 46.5477 40.7731 38.3875 32.6127 30.2241 24.4443 22.0562 16.2801 13.8954 8.12714 5.75458 5.76823 0 0 0 5.75867 0 0 0 0 0 0 0 0 0 46.4406 44.0313 41.6346 39.2292 36.7895 0 0 0 0 0 0 0 0 0 0 2.89009 77.3357 0 143.999 138.378 132.545 126.717
0 0 0 13.9121 49.9428 0 0 0 71.0478 68.6566 66.2645 63.4638 57.6911 51.9168 46.1412 40.3651 34.588 28.8098 23.0305 17.2541 12.2887 12.32 12.32 12.32 12.32 11.9407 62.5499 0 0 0 0 83.575 77.8028 72.0308 66.2588 60.4864 54.7136 48.9401 46.553 40.7792 38.3901 32.615 30.2234 24.4479 22.0621 16.2885 13.9031 8.1378 5.76316 0 0 0 0 0 0 0 0 0 0 35.3873 0 46.4221 40.5566 38.1922 35.8181 33.4242 30.9829 0 0 0 0 0 0 0 0 0 0 0 62.5953 0 146.297 140.754 134.929 129.113
0 0 0 4.50206 0 0 0 0 65.2779 62.8861 60.4942 58.1015 55.711 51.9199 46.1453 40.3687 34.5914 28.8133 23.0343 17.2578 12.2905 12.32 12.32 12.32 12.32 11.9631 56.7921 0 0 0 68.766 85.9669 80.1942 74.4225 68.6505 62.8784 57.1058 54.7174 48.9444 46.5548 40.781 38.392 32.6158 30.2277 24.4564 22.0702 16.2985 11.5183 5.7583 0 0 0 0 0 0 0 0 0 15.4921 55.28 49.8564 43.9243 38.086 32.2682 29.9501 27.5963 25.1669 0 0 0 0 0 0 0 0 0 0 0 0 0 148.532 143.134 137.318 131.514
0 0 0 0 0 0 38.3983 0 62.8888 57.1162 54.7236 52.3313 49.9375 47.5471 45.1572 40.3744 34.5973 28.8178 23.0387 17.262 12.2924 12.32 12.32 12.32 12.32 11.9679 56.7707 0 0 0 68.765 88.3579 82.5871 76.8142 71.0425 65.2705 62.881 57.1086 54.7187 48.9458 46.5565 40.7843 38.3937 32.6221 28.8329 23.0606 17.289 11.5179 5.75808 0 0 0 0 0 0 0 0 0 13.2175 52.8465 47.3501 41.5008 35.6531 29.8133 23.9801 21.6969 19.3216 0 0 0 0 0 0 0 0 0 0 0 0 0 148.365 143.107 137.286 131.477
