tests/full-run-ref/erosion_2010_78_15_62.100.asc
ncols 512
nrows 512
xllcorner -3.24582
yllcorner -4.08743
cellsize 5
NODATA_value -99999
[rows 148 to 184 of 512, columns 252 to 335 of 512]
239.525 236.64 235.445 232.56 231.365 228.48 227.285 226.09 223.205 222.01 220.815 217.93 215.045 212.16 210.965 208.08 206.885 204 202.805 199.92 198.725 195.84 194.645 191.76 190.565 187.68 186.485 183.6 182.405 181.21 180.015 177.13 174.245 171.36 170.165 168.97 167.775 166.58 165.385 164.19 162.995 161.8 160.605 159.41 158.215 157.02 155.825 154.63 153.435 152.24 151.045 151.045 151.045 152.24 153.435 154.63 153.145 134.93 134.93 134.93 134.93 134.93 134.93 134.93 134.93 134.93 134.93 134.93 156.828 138.633 122.195 111.15 116.322 105.38 95.3251 92.4401 92.4401 92.9351 92.9351 87.6601 87.6601 86.9601 0 0
236.64 235.445 232.56 231.365 228.48 227.285 224.4 223.205 222.01 219.125 217.93 216.735 213.85 210.965 208.08 206.885 204 202.805 199.92 198.725 195.84 194.645 191.76 190.565 187.68 186.485 183.6 182.405 179.52 178.325 177.13 175.935 173.05 170.165 167.28 166.085 164.89 163.695 162.5 161.305 160.11 158.915 157.72 156.525 155.33 154.135 152.94 151.745 150.55 149.355 148.16 134.93 134.93 134.93 134.93 134.93 134.93 134.93 134.93 134.93 134.93 134.93 132.045 132.045 132.045 132.045 132.045 132.045 154.34 136.125 119.255 72.7179 111.1 102.455 92.4401 89.5551 87.6601 87.6601 87.6601 86.4651 85.2701 0 0 0
235.445 232.56 231.365 228.48 227.285 224.4 223.205 220.32 219.125 217.93 215.045 213.85 212.655 209.77 206.885 204 202.805 199.92 198.725 195.84 194.645 191.76 190.565 187.68 186.485 183.6 182.405 179.52 178.325 175.44 174.245 173.05 171.855 168.97 166.085 163.2 162.005 160.81 159.615 158.42 157.225 156.03 154.835 153.64 152.445 151.25 150.055 148.86 147.665 146.47 134.93 134.93 134.93 134.93 134.93 134.93 134.93 134.93 134.93 134.93 134.93 132.045 132.045 132.045 132.045 132.045 132.045 150.26 132.045 115.23 114.035 109.46 108.215 99.6101 89.5551 86.6701 85.9701 85.9701 84.7751 83.5801 0 0 0 0
232.56 231.365 228.48 227.285 224.4 223.205 220.32 219.125 216.24 215.045 213.85 210.965 209.77 208.575 205.69 202.805 199.92 198.725 195.84 194.645 191.76 190.565 187.68 186.485 183.6 182.405 179.52 178.325 175.44 174.245 171.36 170.165 168.97 167.775 164.89 162.005 71.0665 71.0665 71.0665 71.0665 71.0665 71.0665 71.0665 71.0665 71.0665 71.0665 71.0665 71.0665 71.0665 71.0665 71.0665 71.0665 134.93 134.93 134.93 134.93 134.93 134.93 134.93 134.93 132.045 132.045 125.08 125.08 125.08 125.08 125.08 146.978 128.783 112.345 111.15 106.575 95.5301 89.5551 86.6701 83.7851 83.7851 83.0851 81.8901 0 0 0 0 0
231.16 228.48 227.285 224.4 223.205 220.32 219.125 216.24 215.045 212.16 210.965 209.77 206.885 205.69 204.495 201.61 198.725 195.84 194.645 191.76 190.565 187.68 186.485 183.6 182.405 179.52 178.325 175.44 174.245 171.36 170.165 167.28 166.085 164.89 163.695 71.0665 71.0665 71.0665 71.0665 71.0665 71.0665 71.0665 71.0665 71.0665 71.0665 71.0665 71.0665 71.0665 71.0665 71.0665 71.0665 71.0665 71.0665 134.93 134.93 134.93 134.93 134.93 134.93 132.045 132.045 125.08 125.08 125.08 125.08 125.08 143.295 125.08 123.665 109.46 102.495 91.4501 84.9801 84.9801 83.7851 82.5901 81.3951 80.2001 0 0 0 0 0 0
229.965 227.08 224.4 223.205 220.32 219.125 216.24 215.045 212.16 210.965 208.08 206.885 205.69 202.805 201.61 200.415 197.53 194.645 191.76 190.565 187.68 186.485 183.6 182.405 179.52 178.325 175.44 174.245 171.36 71.0665 71.0665 71.0665 71.0665 71.0665 71.0665 71.0665 71.0665 71.0665 71.0665 71.0665 71.0665 71.0665 71.0665 71.0665 71.0665 71.0665 71.0665 71.0665 71.0665 71.0665 71.0665 71.0665 71.0665 71.0665 134.93 134.93 134.93 134.93 134.93 132.045 125.08 125.08 118.115 118.115 118.115 118.115 139.988 122.195 105.38 98.4151 97.1399 88.5651 83.2901 82.0951 80.9001 79.7051 78.5101 0 0 0 0 0 0 0
228.77 225.885 223 220.32 219.125 216.24 215.045 212.16 210.965 208.08 206.885 204 202.805 201.61 198.725 195.112 195.112 193.45 190.565 187.68 186.485 183.6 182.405 179.52 178.325 175.44 174.245 71.0665 71.0665 71.0665 71.0665 71.0665 71.0665 71.0665 71.0665 71.0665 71.0665 71.0665 71.0665 71.0665 71.0665 71.0665 71.0665 71.0665 71.0665 71.0665 71.0665 71.0665 71.0665 71.0665 71.0665 71.0665 71.0665 71.0665 71.0665 132.745 132.745 132.745 132.745 143.777 132.745 118.115 118.115 118.115 118.115 136.33 118.115 116.634 102.453 83.4725 94.2956 54.7233 54.7233 54.7233 54.7233 54.7233 0 0 0 0 0 0 0 0
227.575 224.69 221.805 218.92 216.24 215.045 212.16 210.965 208.08 206.885 204 202.805 195.112 195.112 195.112 194.645 193.45 192.255 189.37 186.485 183.6 182.405 179.52 178.325 175.44 174.245 71.0665 71.0665 71.0665 71.0665 71.0665 71.0665 71.0665 71.0665 71.0665 71.0665 71.0665 71.0665 71.0665 71.0665 71.0665 71.0665 71.0665 71.0665 71.0665 71.0665 71.0665 71.0665 71.0665 71.0665 71.0665 71.0665 71.0665 71.0665 71.0665 71.0665 128.665 128.665 142.1 132.745 118.115 116.425 116.425 116.425 132.25 120.493 115.23 98.4151 97.2201 92.6451 54.7233 54.7233 54.7233 54.7233 54.7233 0 0 0 0 0 0 0 0 0
226.38 223.495 220.61 217.725 214.84 212.16 210.965 208.08 206.885 204 202.805 195.112 195.112 195.112 194.645 193.45 190.565 189.37 188.175 185.29 182.405 179.52 178.325 175.44 71.0665 71.0665 71.0665 71.0665 71.0665 71.0665 71.0665 71.0665 71.0665 71.0665 71.0665 71.0665 71.0665 71.0665 71.0665 71.0665 71.0665 71.0665 71.0665 71.0665 71.0665 71.0665 71.0665 71.0665 71.0665 71.0665 71.0665 71.0665 71.0665 71.0665 71.0665 71.0665 71.0665 138.02 128.665 55.9623 55.9623 112.345 112.345 128.17 116.425 111.15 109.687 95.5301 78.8899 54.7233 54.7233 54.7233 54.7233 54.7233 0 0 0 0 0 0 0 0 0 0
225.185 222.3 219.415 216.53 213.645 210.76 208.08 206.885 195.112 195.112 195.112 195.112 195.112 194.645 191.76 190.565 189.37 186.485 185.29 184.095 181.21 178.325 175.44 71.0665 71.0665 71.0665 71.0665 71.0665 71.0665 71.0665 71.0665 71.0665 71.0665 71.0665 71.0665 71.0665 71.0665 71.0665 71.0665 71.0665 71.0665 71.0665 71.0665 71.0665 71.0665 71.0665 71.0665 71.0665 71.0665 71.0665 71.0665 71.0665 71.0665 71.0665 71.0665 71.0665 71.0665 124.585 55.9623 55.9623 55.9623 55.9623 124.09 112.345 81.4591 108.265 91.4501 90.2551 78.8899 54.7233 54.7233 54.7233 54.7233 54.7233 0 0 0 0 0 0 0 0 0 0
223.99 221.105 218.22 215.335 212.45 209.565 206.68 195.112 195.112 195.112 195.112 195.112 194.645 191.76 190.565 187.68 186.485 185.29 182.405 181.21 180.015 177.13 71.0665 71.0665 71.0665 71.0665 71.0665 71.0665 71.0665 71.0665 71.0665 71.0665 71.0665 71.0665 71.0665 71.0665 71.0665 71.0665 71.0665 71.0665 71.0665 71.0665 71.0665 71.0665 71.0665 71.0665 71.0665 71.0665 71.0665 71.0665 71.0665 71.0665 71.0665 71.0665 71.0665 71.0665 130.983 121.021 55.9623 55.9623 55.9623 120.01 110.655 81.4591 81.4591 105.063 88.5651 78.8899 54.7233 54.7233 54.7233 54.7233 54.7233 0 0 0 0 0 0 0 0 0 0 0
222.795 219.91 217.025 214.14 211.255 208.37 195.112 195.112 195.112 195.112 195.112 194.645 191.76 190.565 187.68 186.485 183.6 182.405 181.21 178.325 71.0665 71.0665 71.0665 71.0665 71.0665 71.0665 71.0665 71.0665 71.0665 71.0665 71.0665 71.0665 71.0665 71.0665 71.0665 71.0665 71.0665 71.0665 71.0665 71.0665 71.0665 71.0665 71.0665 71.0665 71.0665 71.0665 71.0665 71.0665 71.0665 71.0665 71.0665 71.0665 71.0665 71.0665 71.0665 126.975 117.62 55.9623 55.9623 55.9623 55.9623 106.575 81.4591 81.4591 81.4591 98.4151 85.6801 54.7233 54.7233 54.7233 54.7233 54.7233 0 0 0 0 0 0 0 0 0 0 0 0
221.6 218.715 215.83 212.945 210.06 195.112 195.112 195.112 195.112 195.112 194.645 191.76 190.565 187.68 186.485 183.6 71.0665 71.0665 71.0665 71.0665 71.0665 71.0665 71.0665 71.0665 71.0665 71.0665 71.0665 71.0665 71.0665 71.0665 71.0665 71.0665 71.0665 71.0665 71.0665 71.0665 71.0665 71.0665 71.0665 71.0665 71.0665 71.0665 71.0665 71.0665 71.0665 71.0665 71.0665 71.0665 71.0665 71.0665 71.0665 71.0665 71.0665 71.0665 122.895 113.54 55.9623 55.9623 55.9623 55.9623 55.9623 55.9623 55.9623 81.4591 81.4591 95.5301 84.4137 54.7233 54.7233 54.7233 0 0 0 0 0 0 0 0 0 0 0 0 0 0
220.405 217.52 214.635 211.75 195.112 195.112 195.112 195.112 195.112 194.44 191.76 190.565 187.68 186.485 183.6 71.0665 71.0665 71.0665 71.0665 71.0665 71.0665 71.0665 71.0665 71.0665 71.0665 71.0665 71.0665 71.0665 71.0665 71.0665 71.0665 71.0665 71.0665 71.0665 71.0665 71.0665 71.0665 71.0665 71.0665 71.0665 71.0665 71.0665 71.0665 71.0665 71.0665 71.0665 71.0665 71.0665 71.0665 71.0665 71.0665 71.0665 71.0665 71.0665 109.46 55.9623 55.9623 55.9623 55.9623 55.9623 55.9623 55.9623 55.9623 55.9623 55.9623 92.6451 81.6001 54.7233 0 0 0 0 0 0 0 0 0 0 0 0 0 0 0 0
219.21 216.325 213.44 195.112 195.112 195.112 195.112 195.112 195.112 193.245 190.36 187.68 186.485 71.0665 71.0665 71.0665 71.0665 71.0665 71.0665 71.0665 71.0665 71.0665 71.0665 71.0665 71.0665 71.0665 71.0665 71.0665 71.0665 71.0665 71.0665 71.0665 71.0665 71.0665 71.0665 71.0665 71.0665 71.0665 71.0665 71.0665 71.0665 71.0665 71.0665 71.0665 71.0665 71.0665 71.0665 71.0665 71.0665 71.0665 71.0665 71.0665 71.0665 0 0 0 0 55.9623 55.9623 55.9623 55.9623 55.9623 55.9623 55.9623 55.9623 81.6001 0 0 0 0 0 0 0 0 0 0 0 0 0 0 0 0 0 0
218.015 215.13 195.112 195.112 195.112 195.112 195.112 195.112 194.935 192.05 189.165 186.28 71.0665 71.0665 71.0665 71.0665 71.0665 71.0665 71.0665 71.0665 71.0665 71.0665 71.0665 71.0665 71.0665 71.0665 71.0665 71.0665 71.0665 71.0665 71.0665 71.0665 71.0665 71.0665 71.0665 71.0665 71.0665 71.0665 71.0665 71.0665 71.0665 71.0665 71.0665 71.0665 71.0665 71.0665 71.0665 71.0665 71.0665 71.0665 71.0665 71.0665 0 0 0 0 0 0 0 55.9623 55.9623 55.9623 55.9623 55.9623 55.9623 0 0 0 0 0 0 0 0 0 0 0 0 0 0 0 0 0 0 0
216.82 195.112 195.112 195.112 195.112 195.112 195.112 195.112 193.74 190.855 187.97 71.0665 71.0665 71.0665 71.0665 71.0665 71.0665 71.0665 71.0665 71.0665 71.0665 71.0665 71.0665 71.0665 71.0665 71.0665 71.0665 71.0665 71.0665 71.0665 71.0665 71.0665 71.0665 71.0665 71.0665 71.0665 71.0665 71.0665 71.0665 71.0665 71.0665 71.0665 71.0665 71.0665 71.0665 71.0665 71.0665 71.0665 71.0665 0 0 0 0 0 0 0 0 0 0 0 0 0 0 0 0 0 0 0 0 0 0 0 0 0 0 0 0 0 0 0 0 0 0 0
195.112 195.112 195.112 195.112 195.112 195.112 195.112 195.112 192.545 189.66 71.0665 71.0665 71.0665 71.0665 71.0665 71.0665 71.0665 71.0665 71.0665 71.0665 71.0665 71.0665 71.0665 71.0665 71.0665 71.0665 71.0665 71.0665 71.0665 71.0665 71.0665 71.0665 71.0665 71.0665 71.0665 71.0665 71.0665 71.0665 71.0665 71.0665 71.0665 71.0665 71.0665 71.0665 71.0665 71.0665 71.0665 71.0665 0 0 0 0 0 0 0 0 0 0 0 0 0 0 0 0 0 0 0 0 0 0 0 0 0 0 0 0 0 0 0 0 0 0 0 0
195.112 195.112 195.112 195.112 195.112 195.112 195.112 194.235 191.35 71.0665 71.0665 71.0665 71.0665 71.0665 71.0665 71.0665 71.0665 71.0665 71.0665 71.0665 71.0665 71.0665 71.0665 71.0665 71.0665 71.0665 71.0665 71.0665 71.0665 71.0665 71.0665 71.0665 71.0665 71.0665 71.0665 71.0665 71.0665 71.0665 71.0665 71.0665 71.0665 0 0 0 0 0 0 0 0 0 0 0 0 0 0 0 0 0 0 0 0 0 0 0 0 0 0 0 0 0 0 0 0 0 0 0 0 0 0 0 0 0 0 0
195.112 195.112 195.112 195.112 195.112 195.112 195.112 193.04 71.0665 71.0665 71.0665 71.0665 71.0665 71.0665 71.0665 71.0665 71.0665 71.0665 71.0665 71.0665 71.0665 71.0665 71.0665 71.0665 71.0665 71.0665 71.0665 71.0665 71.0665 71.0665 71.0665 71.0665 71.0665 71.0665 71.0665 71.0665 71.0665 71.0665 71.0665 71.0665 0 0 0 0 0 0 0 0 0 0 0 0 0 0 0 0 0 0 0 0 0 0 0 0 0 0 0 0 0 0 0 0 0 0 0 0 0 0 0 0 0 0 0 0
195.112 195.112 195.112 195.112 195.112 195.112 194.73 71.0665 71.0665 71.0665 71.0665 71.0665 71.0665 71.0665 71.0665 71.0665 71.0665 71.0665 71.0665 71.0665 71.0665 71.0665 71.0665 71.0665 71.0665 71.0665 71.0665 71.0665 71.0665 71.0665 71.0665 71.0665 71.0665 71.0665 71.0665 71.0665 71.0665 0 0 0 0 0 0 0 0 0 0 0 0 0 0 0 0 0 0 0 0 0 0 0 0 0 0 0 0 0 0 0 0 0 0 0 0 0 0 0 0 0 0 0 0 0 0 0
195.112 195.112 195.112 195.112 195.112 195.112 71.0665 71.0665 71.0665 71.0665 71.0665 71.0665 71.0665 71.0665 71.0665 71.0665 71.0665 71.0665 71.0665 71.0665 71.0665 71.0665 71.0665 71.0665 71.0665 71.0665 71.0665 71.0665 71.0665 71.0665 71.0665 71.0665 71.0665 71.0665 71.0665 0 0 0 0 0 0 0 0 0 0 0 0 0 0 0 0 0 0 0 0 0 0 0 0 0 0 0 0 0 0 0 0 0 0 0 0 0 0 0 0 0 0 0 0 0 0 0 0 0
195.112 195.112 195.112 195.112 195.112 71.0665 71.0665 71.0665 71.0665 71.0665 71.0665 71.0665 71.0665 71.0665 71.0665 71.0665 71.0665 71.0665 71.0665 71.0665 71.0665 71.0665 71.0665 71.0665 71.0665 71.0665 71.0665 71.0665 71.0665 71.0665 71.0665 71.0665 71.0665 71.0665 0 0 0 0 0 0 0 0 0 0 0 0 0 0 0 0 0 0 0 0 0 0 0 0 0 0 0 0 0 0 0 0 0 0 0 0 0 0 0 0 0 0 0 0 0 0 0 0 0 0
195.112 195.112 195.112 195.112 71.0665 71.0665 71.0665 71.0665 71.0665 71.0665 71.0665 71.0665 71.0665 71.0665 71.0665 71.0665 71.0665 71.0665 71.0665 71.0665 71.0665 71.0665 71.0665 71.0665 71.0665 71.0665 71.0665 71.0665 71.0665 71.0665 71.0665 0 0 0 0 0 0 0 0 0 0 0 0 0 0 0 0 0 0 0 0 0 0 0 0 0 0 0 0 0 0 0 0 0 0 0 0 0 0 0 0 0 0 0 0 0 0 0 0 0 0 0 0 0
213.73 195.112 195.112 71.0665 71.0665 71.0665 71.0665 71.0665 71.0665 71.0665 71.0665 71.0665 71.0665 71.0665 71.0665 71.0665 71.0665 71.0665 71.0665 71.0665 71.0665 71.0665 71.0665 71.0665 71.0665 71.0665 71.0665 71.0665 0 0 0 0 0 0 0 0 0 0 0 0 0 0 0 0 0 0 0 0 0 0 0 0 0 0 0 0 0 0 0 0 0 0 0 0 0 0 0 0 0 0 0 0 0 0 0 0 0 0 0 0 0 0 0 0
223.665 209.65 71.0665 71.0665 71.0665 71.0665 71.0665 71.0665 71.0665 71.0665 71.0665 71.0665 71.0665 71.0665 71.0665 71.0665 71.0665 71.0665 71.0665 71.0665 71.0665 71.0665 71.0665 71.0665 0 0 0 0 0 0 0 0 0 0 0 0 0 0 0 0 0 0 0 0 0 0 0 0 0 0 0 0 0 0 0 0 0 0 0 0 0 0 0 0 0 0 0 0 0 0 0 0 0 0 0 0 0 0 0 0 0 0 0 0
209.65 219.585 205.57 71.0665 71.0665 71.0665 71.0665 71.0665 71.0665 71.0665 71.0665 71.0665 71.0665 71.0665 71.0665 71.0665 71.0665 71.0665 71.0665 71.0665 71.0665 71.0665 71.0665 0 0 0 0 0 0 0 0 0 0 0 0 0 0 0 0 0 0 0 0 0 0 0 0 0 0 0 0 0 0 0 0 0 0 0 0 0 0 0 0 0 0 0 0 0 0 0 0 0 0 0 0 0 0 0 0 0 0 0 0 0
209.65 205.57 215.505 201.49 71.0665 71.0665 71.0665 71.0665 71.0665 71.0665 71.0665 71.0665 71.0665 71.0665 71.0665 71.0665 71.0665 71.0665 71.0665 71.0665 71.0665 71.0665 0 0 0 0 0 0 0 0 0 0 0 0 0 0 0 0 0 0 0 0 0 0 0 0 0 0 0 0 0 0 0 0 0 0 0 0 0 0 0 0 0 0 0 0 0 0 0 0 0 0 0 0 0 0 0 0 0 0 0 0 0 0
205.57 205.57 201.49 211.425 197.41 71.0665 71.0665 71.0665 71.0665 71.0665 71.0665 71.0665 71.0665 71.0665 71.0665 71.0665 71.0665 71.0665 71.0665 71.0665 71.0665 0 0 0 0 0 0 0 0 0 0 0 0 0 0 0 0 0 0 0 0 0 0 0 0 0 0 0 0 0 0 0 0 0 0 0 0 0 0 0 0 0 0 0 0 0 0 0 0 0 0 0 0 0 0 0 0 0 0 0 0 0 0 0
205.57 201.49 201.49 197.41 205.655 190.94 71.0665 71.0665 71.0665 71.0665 71.0665 71.0665 71.0665 71.0665 71.0665 71.0665 71.0665 71.0665 71.0665 71.0665 0 0 0 0 0 0 0 0 0 0 0 0 0 0 0 0 0 0 0 0 0 0 0 0 0 0 0 0 0 0 0 0 0 0 0 0 0 0 0 0 0 0 0 0 0 0 0 0 0 0 0 0 0 0 0 0 0 0 0 0 0 0 0 0
201.49 201.49 197.41 197.41 202.77 189.745 71.0665 71.0665 71.0665 71.0665 71.0665 71.0665 71.0665 71.0665 71.0665 71.0665 71.0665 71.0665 71.0665 0 0 0 0 0 0 0 0 0 0 0 0 0 0 0 0 0 0 0 0 0 0 0 0 0 0 0 0 0 0 0 0 0 0 0 0 0 0 0 0 0 0 0 0 0 0 0 0 0 0 0 0 0 0 0 0 0 0 0 0 0 0 0 0 0
201.49 197.41 197.41 197 199.885 190.94 71.0665 71.0665 71.0665 71.0665 71.0665 71.0665 71.0665 71.0665 71.0665 71.0665 71.0665 71.0665 0 0 0 0 0 0 0 0 0 0 0 0 0 0 0 0 0 0 0 0 0 0 0 0 0 0 0 0 0 0 0 0 0 0 0 0 0 0 0 0 0 0 0 0 0 0 0 0 0 0 0 0 0 0 0 0 0 0 0 0 0 0 0 0 0 0
197.41 197.41 197 194.115 197 189.045 71.0665 71.0665 71.0665 71.0665 71.0665 71.0665 71.0665 71.0665 71.0665 71.0665 71.0665 0 0 0 0 0 0 0 0 0 0 0 0 0 0 0 0 0 0 0 0 0 0 0 0 0 0 0 0 0 0 0 0 0 0 0 0 0 0 0 0 0 0 0 0 0 0 0 0 0 0 0 0 0 0 0 0 0 0 0 0 0 0 0 0 0 0 0
196.505 195.31 194.115 191.23 194.115 186.16 71.0665 71.0665 71.0665 71.0665 71.0665 71.0665 71.0665 71.0665 71.0665 71.0665 0 0 0 0 0 0 0 0 0 0 0 0 0 0 0 0 0 0 0 0 0 0 0 0 0 0 0 0 0 0 0 0 0 0 0 0 0 0 0 0 0 0 0 0 0 0 0 0 0 0 0 0 0 0 0 0 0 0 0 0 0 0 0 0 0 0 0 0
195.31 192.425 191.23 188.345 183.77 180.885 71.0665 71.0665 71.0665 71.0665 71.0665 71.0665 71.0665 71.0665 71.0665 0 0 0 0 0 0 0 0 0 0 0 0 0 0 0 0 0 0 0 0 0 0 0 0 0 0 0 0 0 0 0 0 0 0 0 0 0 0 0 0 0 0 0 0 0 0 0 0 0 0 0 0 0 0 0 0 0 0 0 0 0 0 0 0 0 0 0 0 0
194.115 191.23 188.345 183.77 182.575 179.69 71.0665 71.0665 71.0665 71.0665 71.0665 71.0665 71.0665 71.0665 0 0 0 0 0 0 0 0 0 0 0 0 0 0 0 0 0 0 0 0 0 0 0 0 0 0 0 0 0 0 0 0 0 0 0 0 0 0 0 0 0 0 0 0 0 0 0 0 0 0 0 0 0 0 0 0 0 0 0 0 0 0 0 0 0 0 0 0 0 0
192.92 190.035 187.15 183.77 180.68 178.495 71.0665 71.0665 71.0665 71.0665 71.0665 71.0665 71.0665 0 0 0 0 0 0 0 0 0 0 0 0 0 0 0 0 0 0 0 0 0 0 0 0 0 0 0 0 0 0 0 0 0 0 0 0 0 0 0 0 0 0 0 0 0 0 0 0 0 0 0 0 0 0 0 0 0 0 0 0 0 0 0 0 0 0 0 0 0 0 0
