tests/full-run-ref/erosion_2010_78_24_-72.835.asc
ncols 512
nrows 512
xllcorner -3.24582
yllcorner -4.08743
cellsize 5
NODATA_value -99999
[rows 0 to 30 of 512, columns 280 to 349 of 512]
5.77 5.77 6.96501 8.16001 11.045 8.16001 6.96455 5.76954 5.77 5.76999 5.76993 6.21824 7.41325 6.96501 5.77 5.77 5.77 6.96501 8.16001 9.38388 8.16001 6.96501 5.77 5.77 5.76979 5.76916 5.76983 5.77 6.96501 6.96501 5.77 5.77 5.77 5.77 5.77 5.77 5.77 5.77 5.77 5.77 5.77 5.77 5.77 5.77 5.77 5.77 5.77 5.77 5.77 5.77 5.77 5.77 5.77 5.77 5.77 5.77 5.77 5.77 5.77 5.77 5.77 5.77 5.77 5.77 5.77 5.77 5.77 5.77 5.77 5.77
2.88502 2.88502 4.08001 6.96501 8.16002 6.96501 4.08001 2.88502 2.88502 2.88502 2.88502 3.33325 4.52825 4.08001 2.88502 2.88502 2.88502 4.08001 5.30388 8.16002 6.96501 4.08001 2.88502 2.88502 2.88502 2.88502 2.88503 2.88503 4.08001 4.08001 2.88503 2.88503 2.88503 2.88505 2.88505 2.88505 2.88503 2.88503 2.88503 2.88503 2.88503 2.88505 2.88503 2.88508 2.88508 2.88508 2.88508 2.88508 2.88508 2.88508 2.88508 2.88508 2.88508 2.88508 2.88508 2.88508 2.88508 2.88508 2.88508 2.88508 2.88508 2.88508 2.88508 2.88508 2.88508 2.88508 2.88508 2.88508 2.88508 2.88508
2.88502 2.88502 2.88502 4.08001 6.96501 5.77 2.88502 2.88502 2.88502 2.88502 2.88502 2.88502 3.33325 2.88502 2.88502 2.88502 2.88502 2.88502 4.08001 6.96501 5.77 2.88502 2.88502 2.88502 2.88503 2.88503 2.88503 2.88503 2.88503 2.88503 2.88503 2.88503 2.88503 2.88503 2.88505 2.88503 2.88503 2.88503 2.88503 2.88503 2.88503 2.88503 2.88505 2.88508 2.88508 2.88508 2.88508 2.88508 2.88508 2.88508 2.88508 2.88508 2.88508 2.88508 2.88508 2.88508 2.88508 2.88508 2.88508 2.88508 2.88508 2.88508 2.88508 2.88508 2.88508 2.88508 2.88508 2.88508 2.88508 2.88508
2.88502 2.88502 2.88502 2.88502 5.77001 6.96476 4.07976 2.88502 2.88502 2.88502 2.88502 2.88502 2.88502 2.88502 2.88502 2.88502 2.88502 2.88502 2.88502 5.77001 4.08001 2.88502 2.88502 2.88502 2.88503 2.88503 2.88503 2.88503 2.88503 2.88503 2.88503 2.88503 2.88503 2.88505 2.88503 2.88503 2.88503 2.88503 2.88503 2.88503 2.88503 2.88505 2.88505 2.88508 2.88508 2.88508 2.88508 2.88508 2.88508 2.88508 2.88508 2.88508 2.88508 2.88508 2.88508 2.88508 2.88508 2.88508 2.88508 2.88508 2.88508 2.88508 2.88508 2.88508 2.88508 2.88508 2.88508 2.88508 2.88508 2.88508
2.88502 2.88502 2.88502 2.88502 4.08001 5.77001 2.88502 2.88502 2.88502 2.88502 2.88502 2.88502 2.88502 2.88502 2.88502 2.88502 2.88502 2.88502 2.88502 4.08001 2.88502 2.88502 2.88502 2.88502 2.88503 2.88503 2.88503 2.88503 2.88503 2.88503 2.88503 2.88503 2.88505 2.88503 2.88503 2.88503 2.88503 2.88503 2.88503 2.88503 2.88505 2.88505 2.88508 2.88508 2.88508 2.88508 2.88508 2.88508 2.88508 2.88508 2.88508 2.88508 2.88508 2.88508 2.88508 2.88508 2.88508 2.88508 2.88508 2.88508 2.88508 2.88508 2.88508 2.88508 2.88508 2.88508 2.88508 2.88508 2.88508 2.88508
2.88502 2.88502 2.88502 2.88502 2.88502 4.08001 2.88502 2.88502 2.88502 2.88502 2.88502 2.88502 2.88502 2.88502 2.88502 2.88502 2.88502 2.88502 2.88502 2.88502 2.88502 2.88502 2.88502 2.88502 2.88503 2.88503 2.88503 2.88503 2.88503 2.88503 2.88503 2.88505 2.88503 2.88503 2.88503 2.88503 2.88503 2.88503 2.88503 2.88505 2.88505 2.88508 2.88508 2.88508 2.88508 2.88508 2.88508 2.88508 2.88508 2.88508 2.88508 2.88508 2.88508 2.88508 2.88508 2.88508 2.88508 2.88508 2.88508 2.88508 2.88508 2.88508 2.88508 2.88508 2.88508 2.88508 2.88508 2.88508 2.88508 2.88508
2.88502 2.88502 2.88502 2.88502 2.88502 2.88502 4.08001 2.88502 2.88502 2.88502 2.88502 2.88502 2.88502 2.88502 2.88502 2.88502 2.88502 2.88502 2.88502 2.88502 2.88502 2.88502 2.88502 2.88502 2.88503 2.88503 2.88503 2.88503 2.88503 2.88503 2.88505 2.88503 2.88503 2.88503 2.88503 2.88503 2.88503 2.88503 2.88505 2.88505 2.88508 2.88508 2.88508 2.88508 2.88508 2.88508 2.88508 2.88508 2.88508 2.88508 2.88508 2.88508 2.88508 2.88508 2.88508 2.88508 2.88508 2.88508 2.88508 2.88508 2.88508 2.88508 2.88508 2.88508 2.88508 2.88508 2.88508 2.88508 2.88508 2.88508
2.88502 2.88502 2.88502 2.88502 2.88502 2.88502 4.08001 5.77001 2.88502 2.88502 2.88502 2.88502 2.88502 2.88502 2.88502 2.88502 2.88502 2.88502 2.88502 2.88502 2.88502 2.88502 2.88502 2.88502 2.88503 2.88503 2.88503 2.88503 2.88503 2.88505 2.88503 2.88503 2.88503 2.88503 2.88503 2.88503 2.88503 2.88505 2.88505 2.88508 2.88508 2.88508 2.88508 2.88508 2.88508 2.88508 2.88508 2.88508 2.88508 2.88508 2.88508 2.88508 2.88508 2.88508 2.88508 2.88508 2.88508 2.88508 2.88508 2.88508 2.88508 2.88508 2.88508 2.88508 2.88508 2.88508 2.88508 2.88508 2.88508 2.88508
2.88502 2.88502 2.88502 2.88502 2.88502 2.88502 2.88502 4.08001 2.88502 2.88502 2.88502 2.88502 2.88502 2.88502 2.88502 2.88502 2.88502 2.88502 2.88502 2.88502 2.88502 2.88502 2.88502 2.88502 2.88503 2.88503 2.88503 2.88503 2.88505 2.88503 2.88503 2.88503 2.88503 2.88503 2.88503 2.88503 2.88505 2.88505 2.88508 2.88508 2.88508 2.88508 2.88508 2.88508 2.88508 2.88508 2.88508 2.88508 2.88508 2.88508 2.88508 2.88508 2.88508 2.88508 2.88508 2.88508 2.88508 2.88508 2.88508 2.88508 2.88508 2.88508 2.88508 2.88508 2.88508 2.88508 2.88508 2.88508 2.88508 2.88508
2.88502 2.88502 2.88502 2.88502 2.88502 2.88502 2.88502 2.88502 2.88502 2.88502 2.88502 2.88502 2.88502 2.88502 2.88502 2.88502 2.88502 2.88502 2.88502 2.88502 2.88502 2.88502 2.88502 2.88502 2.88503 2.88503 2.88503 2.88505 2.88503 2.88503 2.88503 2.88503 2.88503 2.88503 2.88503 2.88505 2.88505 2.88508 2.88508 2.88508 2.88508 2.88508 2.88508 2.88508 2.88508 2.88508 2.88508 2.88508 2.88508 2.88508 2.88508 2.88508 2.88508 2.88508 2.88508 2.88508 2.88508 2.88508 2.88508 2.88508 2.88508 2.88508 2.88508 2.88508 2.88508 2.88508 2.88508 2.88508 2.88508 2.88508
2.88502 2.88502 2.88502 2.88502 2.88502 2.88502 2.88502 2.88502 2.88502 2.88502 2.88502 2.88502 2.88502 2.88502 2.88502 2.88502 2.88502 2.88502 2.88502 2.88502 2.88502 2.88502 2.88502 2.88502 2.88503 2.88503 2.88503 2.88503 2.88503 2.88503 2.88503 2.88503 2.88503 2.88503 2.88505 2.88505 2.88508 2.88508 2.88508 2.88508 2.88508 2.88508 2.88508 2.88508 2.88508 2.88508 2.88508 2.88508 2.88508 2.88508 2.88508 2.88508 2.88508 2.88508 2.88508 2.88508 2.88508 2.88508 2.88508 2.88508 2.88508 2.88508 2.88508 2.88508 2.88508 2.88508 2.88508 2.88508 2.88508 2.88508
2.88502 2.88502 2.88502 2.88502 2.88502 2.88502 2.88502 2.88502 2.88502 2.88502 2.88502 2.88502 4.08001 2.88502 2.88502 2.88502 2.88502 2.88502 2.88502 2.88502 2.88502 2.88502 2.88502 2.88502 2.88503 2.88503 2.88503 2.88503 2.88503 2.88503 2.88503 2.88503 2.88503 2.88503 2.88505 2.88508 2.88508 2.88508 2.88508 2.88508 2.88508 2.88508 2.88508 2.88508 2.88508 2.88508 2.88508 2.88508 2.88508 2.88508 2.88508 2.88508 2.88508 2.88508 2.88508 2.88508 2.88508 2.88508 2.88508 2.88508 2.88508 2.88508 2.88508 2.88508 2.88508 2.88508 2.88508 2.88508 2.88508 2.88508
2.88502 2.88502 2.88502 2.88502 2.88502 2.88502 2.88502 2.88502 2.88502 2.88502 2.88502 4.08001 6.96501 4.08001 2.88502 2.88502 2.88502 2.88502 2.88502 2.88502 2.88502 2.88502 2.88502 2.88502 2.88503 2.88503 2.88503 2.88503 2.88503 2.88503 2.88503 2.88503 2.88503 2.88505 2.88505 2.88508 2.88508 2.88508 2.88508 2.88508 2.88508 2.88508 2.88508 2.88508 2.88508 2.88508 2.88508 2.88508 2.88508 2.88508 2.88508 2.88508 2.88508 2.88508 2.88508 2.88508 2.88508 2.88508 2.88508 2.88508 2.88508 2.88508 2.88508 2.88508 2.88508 2.88508 2.88508 2.88508 2.88508 2.88508
2.88502 2.88502 2.88502 2.88502 2.88502 2.88502 2.88502 2.88502 2.88502 2.88502 4.08001 6.96501 8.16002 6.96501 4.08001 2.88502 2.88502 2.88502 2.88502 2.88502 2.88502 2.88502 2.88502 2.88502 2.88503 2.88503 2.88503 2.88503 2.88503 2.88503 2.88503 2.88503 2.88503 2.88505 2.88508 2.88508 2.88508 2.88508 2.88508 2.88508 2.88508 2.88508 2.88508 2.88508 2.88508 2.88508 2.88508 2.88508 2.88508 2.88508 2.88508 2.88508 2.88508 2.88508 2.88508 2.88508 2.88508 2.88508 2.88508 2.88508 2.88508 2.88508 2.88508 2.88508 2.88508 2.88508 2.88508 2.88508 2.88508 2.88508
2.88502 2.88502 2.88502 2.88502 2.88502 2.88502 2.88502 2.88502 2.88502 2.88502 5.69672 8.16002 11.045 8.16002 6.96501 4.08001 2.88502 2.88502 2.88502 2.88502 2.88502 2.88502 2.88502 2.88502 2.88503 2.88503 2.88503 2.88503 2.88503 2.88503 2.88503 2.88503 4.08001 2.88505 2.88508 2.88508 2.88508 2.88508 2.88508 2.88508 2.88508 2.88508 2.88508 2.88508 2.88508 2.88508 2.88508 2.88508 2.88508 2.88508 2.88508 2.88508 2.88508 2.88508 2.88508 2.88508 2.88508 2.88508 2.88508 2.88508 2.88508 2.88508 2.88508 2.88508 2.88508 2.88508 2.88508 2.88508 2.88508 2.88508
2.88502 2.88502 2.88502 2.88502 2.88502 2.88502 2.88502 2.88502 2.88502 4.08001 6.96501 9.77673 11.54 11.045 8.16002 6.96501 4.08001 2.88502 2.88502 2.88502 2.88502 2.88502 2.88502 2.88502 2.88503 2.88503 2.88503 2.88503 2.88503 2.88503 2.88503 4.08001 5.77001 2.88508 2.88508 2.88508 2.88508 2.88508 2.88508 2.88508 2.88508 2.88508 2.88508 2.88508 2.88508 2.88508 2.88508 2.88508 2.88508 2.88508 2.88508 2.88508 2.88508 2.88508 2.88508 2.88508 2.88508 2.88508 2.88508 2.88508 2.88508 2.88508 2.88508 2.88508 2.88508 2.88508 2.88508 2.88508 2.88508 2.88508
2.88502 2.88502 2.88502 2.88502 2.88502 2.88502 2.88502 2.88502 2.88502 3.54995 6.43495 8.16002 8.65501 9.85001 11.045 8.16002 6.96501 4.08001 2.88502 2.88502 2.88502 2.88502 2.88502 2.88502 2.88503 2.88503 2.88503 2.88503 2.88503 2.88503 2.88503 5.77001 5.77001 2.88508 2.88508 2.88508 2.88508 2.88508 2.88508 2.88508 2.88508 2.88508 2.88508 2.88508 2.88508 2.88508 2.88508 2.88508 2.88508 2.88508 2.88508 2.88508 2.88508 2.88508 2.88508 2.88508 2.88508 2.88508 2.88508 2.88508 2.88508 2.88508 2.88508 2.88508 2.88508 2.88508 2.88508 2.88508 2.88508 2.88508
2.88502 2.88502 2.88502 2.88502 2.88502 2.88502 2.88502 2.88502 2.88502 2.88502 4.08001 5.77001 5.77 6.96501 8.16002 11.045 8.16002 6.96501 4.08001 2.88502 2.88502 2.88502 2.88502 2.88502 2.88503 2.88503 2.88503 2.88503 2.88503 2.88503 2.88503 5.77001 5.77001 2.88508 2.88508 2.88508 2.88508 2.88508 2.88508 2.88508 2.88508 2.88508 2.88508 2.88508 2.88508 2.88508 2.88508 2.88508 2.88508 2.88508 2.88508 2.88508 2.88508 2.88508 2.88508 2.88508 2.88508 2.88508 2.88508 2.88508 2.88508 2.88508 2.88508 2.88508 2.88508 2.88508 2.88508 2.88508 2.88508 2.88508
2.88502 2.88502 2.88502 2.88502 2.88502 2.88502 2.88502 2.88502 2.88502 2.88502 2.88502 2.88502 2.88502 4.08001 6.96501 9.85001 11.045 8.16002 6.96501 4.08001 2.88502 2.88502 2.88502 2.88502 2.88503 2.88503 2.88503 2.88503 2.88503 2.88503 4.08001 6.96501 5.77001 2.88507 2.88508 2.88508 2.88508 2.88508 2.88508 2.88508 2.88508 2.88508 2.88508 2.88508 2.88508 2.88508 2.88508 2.88508 2.88508 2.88508 2.88508 2.88508 2.88508 2.88508 2.88508 2.88508 2.88508 2.88508 2.88508 2.88507 2.88508 2.88508 2.88508 2.88508 2.88508 2.88508 2.88508 2.88508 2.88508 2.88508
4.51038 4.08001 2.88502 2.88502 4.08001 5.77001 4.08001 2.88502 2.88502 2.88502 2.88502 2.88502 2.88502 2.88502 5.77001 8.16002 11.045 11.045 8.16002 6.96501 4.08001 2.88502 2.88502 2.88502 2.88503 2.88503 2.88503 2.88503 2.88503 2.88503 2.88503 5.77001 5.77001 2.88507 2.88507 2.88507 2.88507 2.88507 2.88507 2.88507 2.88507 2.88507 2.88507 2.88507 2.88507 2.88507 2.88507 2.88507 2.88507 2.88507 2.88507 2.88507 2.88507 2.88507 2.88507 2.88507 2.88507 2.88507 2.88507 2.88508 2.88508 2.88508 2.88508 2.88508 2.88508 2.88508 2.88508 2.88508 2.88508 2.88508
7.39538 6.96501 5.77001 5.77 6.96501 5.77001 2.88502 2.88502 2.88502 2.88502 2.88502 2.88502 2.88502 2.88502 4.08001 6.96501 9.85001 12.2356 11.045 8.16002 6.965 4.08001 2.88502 2.88502 2.88503 2.88503 2.88503 2.88503 2.88503 2.88503 2.88503 5.77001 5.77 2.88507 2.88507 2.88507 2.88507 2.88507 2.88507 2.88507 2.88507 2.88507 2.88507 2.88507 2.88507 2.88507 2.88507 2.88507 2.88507 2.88507 2.88507 2.88507 2.88507 2.88507 2.88507 2.88507 2.88507 2.88507 2.88507 2.88508 2.88508 2.88508 2.88508 2.88508 2.88508 2.88508 2.88508 2.88508 2.88508 2.88508
8.16002 9.85001 8.65501 8.655 9.85001 6.96501 4.08001 2.88502 2.88502 2.88502 2.88502 2.88502 2.88502 2.88502 2.88502 5.77001 8.15563 9.35063 11.045 11.045 8.16002 6.96501 4.08001 2.88502 2.88503 2.88503 2.88503 2.88503 2.88503 2.88503 2.88503 5.77001 5.77 2.88507 2.88507 2.88507 2.88507 2.88507 2.88507 2.88507 2.88507 2.88507 2.88507 2.88507 2.88507 2.88507 2.88507 2.88507 2.88507 2.88507 2.88507 2.88507 2.88507 2.88507 2.88507 2.88507 2.88507 2.88507 2.88507 2.88508 2.88508 2.88508 2.88508 2.88508 2.88508 2.88508 2.88508 2.88508 2.88508 2.88508
6.96501 8.16002 11.045 11.54 11.045 8.16002 5.77001 2.88502 2.88502 2.88502 2.88502 2.88502 2.88502 2.88502 2.88502 4.07562 5.27063 6.96501 8.16002 10.9322 8.16002 6.96501 4.08001 2.88503 2.88503 2.88503 2.88503 2.88503 2.88503 2.88503 2.88503 5.77001 5.77 2.88507 2.88507 2.88507 2.88507 2.88507 2.88507 2.88507 2.88507 2.88507 2.88507 2.88507 2.88507 2.88507 2.88507 2.88507 2.88507 2.88507 2.88507 2.88507 2.88507 2.88507 2.88507 2.88507 2.88507 2.88507 2.88507 2.88508 2.88508 2.88508 2.88508 2.88508 2.88508 2.88508 2.88508 2.88508 2.88508 2.88508
4.08001 6.96501 9.85001 12.735 12.24 9.84993 6.96493 4.07993 2.88502 2.88502 2.88502 2.88502 2.88502 2.88502 2.88502 2.88502 2.88502 4.08001 6.85222 9.73722 6.96501 4.08001 2.88503 2.88503 2.88503 2.88503 2.88503 2.88503 2.88503 2.88503 2.88503 5.15764 5.77 2.88507 2.88507 2.88507 2.88507 2.88507 2.88507 2.88507 2.88507 2.88507 2.88507 2.88507 2.88507 2.88507 2.88507 2.88507 2.88507 2.88507 2.88507 2.88507 2.88507 2.88507 2.88507 2.88507 2.88507 2.88507 2.88507 2.88508 2.88508 2.88508 2.88508 2.88508 2.88508 2.88508 2.88508 2.88508 2.88508 2.88508
2.88502 5.77 8.655 11.045 9.62717 8.43216 7.23716 6.96493 4.08001 2.88502 2.88502 2.88502 2.88502 2.88502 2.88502 2.88502 2.88502 2.88502 5.65722 8.16002 5.77001 2.88503 2.88503 2.88503 2.88503 2.88503 2.88503 2.88503 2.88503 2.88503 2.88503 3.96263 5.77 2.88507 2.88507 2.88507 2.88507 2.88507 2.88507 2.88507 2.88507 2.88507 2.88507 2.88507 2.88507 2.88507 2.88507 2.88507 2.88507 2.88507 2.88507 2.88507 2.88507 2.88507 2.88507 2.88507 2.88507 2.88507 2.88507 2.88508 2.88508 2.88508 2.88508 2.88508 2.88508 2.88508 2.88508 2.88508 2.88508 2.88508
2.88502 5.77001 8.65501 8.16002 6.965 5.54716 4.35216 5.54716 6.86326 4.08001 2.88502 2.88502 2.88502 2.88502 2.88502 2.88502 2.88502 2.88502 4.08001 6.96501 6.96501 4.08001 2.88503 2.88503 2.88503 2.88503 2.88503 2.88503 2.88503 2.88503 2.88503 5.15764 5.77 2.88507 2.88507 2.88507 2.88507 2.88507 2.88507 2.88507 2.88507 2.88507 2.88507 2.88507 2.88507 2.88507 2.88507 2.88507 2.88507 2.88507 2.88507 2.88507 2.88507 2.88507 2.88507 2.88507 2.88507 2.88507 2.88507 2.88508 2.88508 2.88508 2.88508 2.88508 2.88508 2.88508 2.88508 2.88508 2.88508 2.88508
4.08001 6.96501 9.85001 6.96501 4.08001 2.88502 2.88502 2.88502 4.08001 6.2238 4.08001 2.88502 2.88502 2.88502 2.88502 2.88502 2.88502 2.88502 2.88502 4.08001 6.96501 6.96501 5.77001 2.88503 2.88503 2.88503 2.88503 2.88503 2.88503 2.88503 4.08001 6.96501 5.77 2.88507 2.88507 2.88507 2.88507 2.88507 2.88507 2.88507 2.88507 2.88507 2.88507 2.88507 2.88507 2.88507 2.88507 2.88507 2.88507 2.88507 2.88507 2.88507 2.88507 2.88507 2.88507 2.88507 2.88507 2.88507 2.88507 2.88508 2.88508 2.88508 2.88508 2.88508 2.88508 2.88508 2.88508 2.88508 2.88508 2.88508
6.96501 8.16002 8.65501 5.77001 2.88502 2.88502 2.88502 2.88502 2.88502 4.08001 6.96501 4.08001 2.88502 2.88502 2.88502 2.88502 2.88502 2.88502 2.88502 2.88502 4.08001 6.96501 6.96501 4.08001 2.88503 2.88503 2.88503 2.88503 2.88503 2.88503 4.08001 6.96501 5.77 2.88507 2.88507 2.88507 2.88507 2.88507 2.88507 2.88507 2.88507 2.88507 2.88507 2.88507 2.88507 2.88507 2.88507 2.88507 2.88507 2.88507 2.88507 2.88507 2.88507 2.88507 2.88507 2.88507 2.88507 2.88507 2.88507 2.88508 2.88508 2.88508 2.88508 2.88508 2.88508 2.88508 2.88508 2.88508 2.88508 2.88508
8.74916 9.85001 8.16002 5.76999 2.88502 2.88502 2.88502 2.88502 2.88502 2.88502 4.08001 6.73221 4.08001 2.88502 2.88502 2.88502 2.88502 2.88502 2.88502 2.88502 2.88502 4.08001 6.96501 4.08001 2.88502 2.88503 2.88503 2.88503 2.88503 2.88503 2.88503 5.77001 5.77001 2.88507 2.88507 2.88507 2.88507 2.88507 2.88507 2.88507 2.88507 2.88507 2.88507 2.88507 2.88507 2.88507 2.88507 2.88507 2.88507 2.88507 2.88507 2.88507 2.88507 2.88507 2.88507 2.88507 2.88507 2.88507 2.88507 2.88508 2.88508 2.88508 2.88508 2.88508 2.88508 2.88508 2.88508 2.88508 2.88508 2.88508
6.96501 8.16002 6.96501 4.08001 2.88502 2.88502 2.88502 2.88502 2.88502 2.88502 2.88502 4.08001 5.77001 2.88502 2.88502 2.88502 2.88502 2.88502 2.88502 2.88502 2.88502 2.88502 4.08001 2.88502 2.88503 2.88503 2.88503 2.88503 2.88503 2.88503 2.88503 5.77001 5.77001 2.88507 2.88507 2.88507 2.88507 2.88507 2.88507 2.88507 2.88507 2.88507 2.88507 2.88507 2.88507 2.88507 2.88507 2.88507 2.88507 2.88507 2.88507 2.88507 2.88507 2.88507 2.88507 2.88507 2.88507 2.88507 2.88507 2.88508 2.88508 2.88508 2.88508 2.88508 2.88508 2.88508 2.88508 2.88508 2.88508 2.88508
4.08001 5.38735 4.08001 2.88502 2.88502 2.88502 2.88502 2.88502 2.88502 2.88502 2.88502 2.88502 5.77001 2.88502 2.88502 2.88502 2.88502 2.88502 2.88502 2.88502 2.88502 2.88502 2.88502 2.88502 2.88503 2.88503 2.88503 2.88503 2.88503 2.88503 2.88503 5.77001 5.77001 2.88507 2.88507 2.88507 2.88507 2.88507 2.88507 2.88507 2.88507 2.88507 2.88507 2.88507 2.88507 2.88507 2.88507 2.88507 2.88507 2.88507 2.88507 2.88507 2.88507 2.88507 2.88507 2.88507 2.88507 2.88507 2.88507 2.88508 2.88508 2.88508 2.88508 2.88508 2.88508 2.88508 2.88508 2.88508 2.88508 2.88508
