tests/full-run-ref/erosion_2010_78_24_-72.835.asc
ncols 512
nrows 512
xllcorner -3.24582
yllcorner -4.08743
cellsize 5
NODATA_value -99999
[rows 87 to 115 of 512, columns 268 to 334 of 512]
19.6739 13.9127 8.14304 11.5373 5.76847 5.77001 5.77001 5.77001 5.77001 5.77001 5.77001 5.77001 5.67184 7.28506 12.8392 18.5389 24.388 30.2337 36.0743 41.9192 47.7769 48.9194 46.4437 42.6704 36.5586 33.0235 26.6057 24.2803 22.2265 20.3553 19.442 20.4805 14.3357 8.26822 5.06692 5.77001 5.77001 5.77001 5.77001 5.77001 5.77001 5.77001 5.77001 5.77001 5.77001 5.00181 10.8401 6.08857 4.79745 4.77423 5.4859 6.25022 3.16475 10.3068 16.9062 14.2748 12.5006 13.8211 13.9877 11.1622 5.76096 6.98864 6.6069 5.33042 5.72492 5.74727 5.77001
17.299 16.3073 13.9177 11.5349 5.76743 5.77001 5.77001 5.77001 5.77001 5.77001 5.77001 5.77001 5.75135 5.32992 10.1637 16.0249 21.9027 27.7759 33.6439 39.5171 45.3847 43.0442 40.5211 38.0713 34.226 27.8967 24.2778 17.58 15.4061 13.7691 13.0816 16.2552 15.0989 8.96773 5.05408 5.77001 5.77001 5.77001 5.77001 5.77001 5.77001 5.77001 5.77001 5.77001 5.77001 5.33043 6.44127 12.1754 10.4454 5.20186 3.60228 2.4912 6.99063 13.4613 14.6044 6.59978 6.88522 7.35659 8.24375 10.2515 10.7927 9.69382 4.53839 5.66322 5.77001 5.77001 5.77001
13.9247 13.9273 13.6819 11.5308 5.76427 5.76816 5.76915 5.76888 5.77001 5.77001 5.77001 5.77001 5.77001 5.46063 10.465 16.3156 22.1695 28.0295 33.8835 39.7537 42.2831 37.133 34.5662 32.0542 29.6284 25.6885 19.0856 15.3883 8.56252 7.02425 6.4765 11.3153 14.249 9.66374 5.02277 5.77001 5.77001 5.77001 5.77001 5.77001 5.77001 5.77001 5.77001 5.77001 5.77001 5.70885 5.06969 8.9673 14.8497 12.1438 9.72999 6.57401 9.95318 14.8959 9.77907 7.83931 9.65551 9.71965 10.6839 9.66348 10.3558 11.0691 7.16776 5.7279 5.77001 5.77001 5.77001
13.93 13.93 13.4866 9.92647 6.99514 8.40543 8.15776 5.76975 5.77001 5.77001 5.77001 5.77001 5.77001 5.56364 10.8399 15.5386 21.3786 27.2264 33.0642 38.9297 38.1976 33.8262 28.5512 25.9597 23.4785 21.1312 17.1017 10.2127 7.16375 3.50876 4.35822 5.09107 11.8591 10.3493 4.98127 5.77001 5.77001 5.77001 5.77001 5.77001 5.77001 5.77001 5.77001 5.77001 5.77001 5.77001 5.42249 9.676 8.00536 10.426 14.8136 15.2481 16.7835 10.9156 7.3059 9.29243 9.33703 10.9901 8.93976 3.61578 4.94443 5.51772 5.62329 5.74305 5.77001 5.77001 5.77001
13.93 13.93 13.9294 13.9282 12.7688 11.5336 5.76404 5.76652 5.76873 5.76858 5.77001 5.77001 5.77001 5.68033 7.45609 13.1407 18.9974 24.8483 30.6892 36.551 35.8137 29.7508 25.2459 19.7568 17.1788 14.8328 13.7226 9.00518 3.80589 5.35822 5.74033 5.38853 7.20538 10.8036 4.95387 5.77001 5.77001 5.77001 5.77001 5.77001 5.77001 5.77001 5.77001 5.77001 5.77001 5.77001 5.65131 4.99859 3.91022 4.70093 11.1533 18.0677 20.4093 13.3236 8.70073 7.5036 9.6842 11.0502 6.1891 3.88568 5.72203 5.77001 5.77001 5.77001 5.77001 5.77001 5.77001
13.93 13.93 13.93 13.9299 13.9296 13.916 8.14123 11.5357 8.15008 5.76666 5.77001 5.77001 5.77001 5.75431 5.4872 10.7993 16.6602 22.5128 28.3515 34.2099 33.4397 27.4343 21.1852 16.455 10.7573 8.46361 7.6243 9.94961 4.92528 5.77001 5.77001 5.74056 5.48036 10.8538 4.9474 5.77001 5.77001 5.77001 5.77001 5.77001 5.77001 5.77001 5.77001 5.77001 5.77001 5.77001 5.77001 5.77001 5.40069 3.27592 9.21824 16.1042 22.6816 18.4649 13.0965 10.5615 7.65849 8.92906 9.50606 5.15523 5.70805 5.77001 5.77001 5.77001 5.77001 5.77001 5.77001
13.93 13.93 13.93 13.93 13.9288 13.9089 11.5383 13.9289 11.5295 5.76262 5.77001 5.77001 5.77001 5.77001 5.61508 11.054 16.8903 22.7196 28.538 34.3623 31.0539 25.1279 18.9744 12.4156 7.73119 3.85582 4.60904 7.16924 5.5574 5.77001 5.77001 5.77001 5.5918 10.8589 4.93553 5.77001 5.77001 5.77001 5.77001 5.77001 5.77001 5.77001 5.77001 5.77001 5.77001 5.77001 5.72455 5.61375 4.86229 6.35653 12.55 19.0047 25.2208 22.6305 20.0753 16.6315 12.7097 12.0175 9.55353 4.77529 5.73297 5.77001 5.77001 5.77001 5.77001 5.77001 5.77001
13.93 13.93 13.93 13.9288 13.9193 11.535 11.5378 11.5381 11.5238 5.75777 5.77001 5.77001 5.77001 5.77001 5.67274 11.2327 17.0484 22.8567 28.6561 34.4495 28.671 22.8005 16.7784 10.4294 4.3793 5.45582 5.68687 5.7134 5.72683 5.77001 5.77001 5.76607 5.63054 10.9155 5.05021 5.77001 5.77001 5.77001 5.77001 5.77001 5.77001 5.77001 5.77001 5.77001 5.77001 5.77001 5.74743 7.96071 5.71466 11.2943 15.6357 21.7831 20.9077 18.1187 15.5842 13.4137 15.0865 14.7712 8.33583 5.24823 5.77001 5.77001 5.77001 5.77001 5.77001 5.77001 5.77001
13.93 13.93 13.9277 13.9244 11.5349 11.5372 11.54 11.54 11.5118 5.75299 5.77001 5.77001 5.77001 5.77001 5.70803 11.3311 17.1309 22.9249 28.7091 32.4949 27.6666 21.826 15.9137 9.82978 5.11239 5.77001 5.77001 5.77001 5.77001 5.77001 5.77001 5.76523 5.93724 5.58556 5.29715 5.77001 5.77001 5.77001 5.77001 5.77001 5.77001 5.77001 5.77001 5.77001 5.77001 5.77001 5.75709 5.33542 10.0413 14.2768 20.058 21.9508 18.3558 11.824 9.14565 6.88143 8.66194 12.5792 9.5888 5.30693 5.77001 5.77001 5.77001 5.77001 5.77001 5.77001 5.77001
13.93 13.9269 13.9203 11.533 11.5369 11.54 11.535 11.5327 11.4967 5.74672 5.77001 5.77001 5.77001 5.77001 5.72858 11.3951 17.1863 21.9215 24.3125 28.6688 28.1669 22.36 16.5061 10.5997 5.46128 5.7574 5.77001 5.77001 5.77001 5.77001 5.77001 5.76199 5.75079 5.74753 5.77001 5.77001 5.77001 5.77001 5.77001 5.77001 5.77001 5.77001 5.77001 5.77001 5.77001 5.77001 5.7483 5.24825 9.45055 15.4824 21.5523 19.3954 13.1385 9.57476 4.36352 4.92844 4.97373 6.55386 10.4302 5.50253 5.77001 5.77001 5.77001 5.77001 5.77001 5.77001 5.77001
13.9245 13.8964 11.5317 11.536 11.54 11.54 11.5286 13.9299 11.4715 5.7387 5.77001 5.77001 5.77001 5.77001 5.74875 11.4473 13.7408 16.1252 21.9201 22.8794 25.275 24.7872 18.9778 13.2838 7.45162 5.7013 5.77001 5.77001 5.77001 5.77001 5.77001 5.77001 5.77001 5.77001 5.77001 5.77001 5.77001 5.77001 5.77001 5.77001 5.77001 5.77001 5.77001 5.77001 5.77001 5.75828 5.53924 6.48645 12.2907 17.9963 22.3286 16.8389 10.6234 4.76577 5.45714 5.77001 5.74126 5.53042 7.94346 5.68343 5.75932 5.77001 5.77001 5.77001 5.77001 5.77001 5.77001
11.5316 11.5335 11.5351 11.54 11.54 11.54 11.5347 11.5212 11.4284 5.6415 5.77001 5.77001 5.77001 5.77001 5.76312 5.72 7.9432 13.7338 16.1539 17.0885 19.479 21.8947 21.5629 15.7542 11.1063 5.64367 5.77001 5.77001 5.77001 5.77001 5.77001 5.77001 5.77001 5.77001 5.77001 5.77001 5.77001 5.77001 5.77001 5.77001 5.77001 5.77001 5.77001 5.77001 5.77001 5.71073 7.58877 12.5845 14.932 20.8564 19.8262 13.6336 8.80515 5.1951 5.77001 5.77001 5.77001 5.75146 5.73656 8.06431 5.75652 5.76786 5.77001 5.77001 5.77001 5.77001 5.77001
11.5356 11.54 11.54 11.54 11.54 11.54 11.5399 11.5331 11.1466 5.57866 5.76003 5.77001 5.77001 5.77001 5.77001 5.76498 5.72505 7.97291 13.7669 11.2847 13.677 16.097 19.2162 17.0466 11.2292 5.65026 5.77001 5.77001 5.77001 5.77001 5.77001 5.77001 5.77001 5.77001 5.77001 5.77001 5.77001 5.77001 5.77001 5.77001 5.77001 5.77001 5.77001 5.77001 5.7598 5.61715 10.9919 15.8252 20.923 23.3254 17.3407 11.2074 5.29051 5.60994 5.77001 5.77001 5.77001 5.77001 5.7648 5.75945 8.15576 5.76918 5.76964 5.77001 5.77001 5.77001 5.77001
11.54 11.54 11.54 11.54 11.54 11.5399 11.5288 11.3605 13.6647 7.75165 5.72995 5.77001 5.77001 5.77001 5.77001 5.76346 5.75841 5.74735 8.03697 5.66772 7.88857 11.0006 16.1583 16.1302 11.3025 5.69322 5.77001 5.77001 5.77001 5.77001 5.77001 5.77001 5.77001 5.77001 5.77001 5.77001 5.77001 5.77001 5.77001 5.77001 5.77001 5.77001 5.77001 5.77001 5.72614 7.70476 13.5067 19.2772 22.4895 20.9885 15.027 9.69023 5.26321 5.76276 5.77001 5.77001 5.77001 5.77001 5.77001 5.76952 5.76936 8.15542 5.76945 5.77001 5.77001 5.77001 5.77001
11.54 11.54 11.54 11.54 11.5399 11.5278 11.4058 13.8523 16.0582 11.342 5.70556 5.77001 5.77001 5.77001 5.77001 5.75307 10.8133 5.75054 5.76323 5.75937 5.72388 7.95154 13.7647 13.7365 7.931 5.74493 5.77001 5.77001 5.77001 5.77001 5.77001 5.77001 5.77001 5.77001 5.77001 5.77001 5.77001 5.77001 5.77001 5.77001 5.77001 5.77001 5.77001 5.77001 5.69278 11.2143 15.9654 19.1008 16.6387 15.6475 12.676 6.75622 5.6522 5.77001 5.77001 5.77001 5.77001 5.77001 5.77001 5.77001 5.7696 5.76968 5.76958 5.76942 5.77001 5.77001 5.77001
11.54 11.54 11.54 11.54 11.5399 11.4838 13.8344 16.2398 17.1134 11.2882 5.67008 5.7594 5.77001 5.77001 5.76655 5.74811 11.5129 5.7423 5.77001 5.77001 5.76387 5.71483 11.4655 11.4339 5.71952 5.7661 5.77001 5.77001 5.77001 5.77001 5.77001 5.77001 5.77001 5.77001 5.77001 5.77001 5.77001 5.77001 5.77001 5.77001 5.77001 5.77001 5.77001 5.77001 5.69813 11.2541 15.785 13.3078 10.7642 10.9003 7.41175 5.59202 5.75351 5.77001 5.77001 5.77001 5.77001 5.77001 5.77001 5.77001 5.77001 5.76909 8.15695 5.76865 5.77001 5.77001 5.77001
11.54 11.54 11.54 11.54 11.5268 11.4472 16.205 21.9975 19.4423 13.6157 7.80665 5.68823 5.7477 5.76182 5.75852 8.14602 8.1023 5.75275 5.77001 5.77001 5.77001 5.75055 11.5099 8.03633 5.75506 5.77001 5.77001 5.77001 5.77001 5.77001 5.77001 5.77001 5.77001 5.77001 5.77001 5.77001 5.77001 5.77001 5.77001 5.77001 5.77001 5.77001 5.77001 5.77001 5.7103 11.3655 13.3948 7.46351 5.56191 5.63858 5.70528 5.75866 5.77001 5.77001 5.77001 5.77001 5.77001 5.77001 5.77001 5.77001 5.77001 5.7689 6.44481 5.76847 5.77001 5.77001 5.77001
11.54 11.54 11.54 11.5279 11.4565 13.7282 19.5282 24.3887 21.8284 16.0108 13.6101 7.87173 8.0358 6.07253 8.14338 8.14875 5.76056 5.76691 5.77001 5.77001 5.76608 5.76252 8.11052 5.75218 5.76626 5.77001 5.77001 5.77001 5.77001 5.77001 5.77001 5.77001 5.77001 5.77001 5.77001 5.77001 5.77001 5.77001 5.77001 5.77001 5.77001 5.77001 5.77001 5.77001 5.72955 11.4603 11.3971 5.64015 5.75861 5.77001 5.77001 5.77001 5.77001 5.77001 5.77001 5.77001 5.77001 5.77001 5.77001 5.77001 5.77001 5.76944 5.76918 5.76935 5.77001 5.77001 5.77001
11.54 11.54 11.54 11.476 13.7612 16.0747 21.8783 27.686 24.2173 21.8091 16.0608 13.6821 13.8291 11.8617 11.523 5.76001 5.76882 5.76984 5.76933 5.76729 5.76582 8.14261 5.76549 5.76848 5.77001 5.77001 5.77001 5.77001 5.77001 5.77001 5.77001 5.77001 5.77001 5.77001 5.77001 5.77001 5.77001 5.77001 5.77001 5.77001 5.77001 5.77001 5.77001 5.76416 5.7455 11.5081 7.99659 5.74872 5.77001 5.77001 5.77001 5.77001 5.77001 5.77001 5.77001 5.77001 5.77001 5.77001 5.77001 5.77001 5.77001 5.77001 5.77001 5.77001 5.77001 5.77001 5.77001
11.54 11.54 11.5286 11.4287 16.0953 21.869 24.2681 30.0724 29.999 24.2594 21.8721 19.496 16.1553 13.7719 8.11255 5.76363 5.77001 5.7697 6.15018 6.14987 8.14382 5.76639 5.7688 5.77001 5.77001 5.77001 5.77001 5.77001 5.77001 5.77001 5.77001 5.77001 5.77001 5.77001 5.77001 5.77001 5.77001 5.77001 5.77001 5.77001 5.77001 5.77001 5.77001 5.76153 8.13069 8.08931 5.7466 5.76621 5.77001 5.77001 5.77001 5.77001 5.77001 5.77001 5.77001 5.77001 5.77001 5.77001 5.77001 5.77001 5.77001 5.77001 5.76478 5.76493 5.7675 5.77001 5.77001
11.54 11.5334 11.4569 13.7284 19.4886 24.2765 30.0544 32.4642 32.447 29.8272 24.0733 19.4189 13.7112 7.92668 5.7338 5.76783 5.77001 5.76823 5.76622 8.14376 5.7655 5.7687 5.77001 5.77001 5.77001 5.77001 5.77001 5.77001 5.77001 5.77001 5.77001 5.77001 5.77001 5.77001 5.76836 5.75393 5.7558 5.77001 5.77001 5.77001 5.77001 5.77001 5.77001 5.76395 5.76153 5.76215 5.7676 5.77001 5.77001 5.77001 5.77001 5.77001 5.77001 5.77001 5.77001 5.77001 5.77001 5.77001 5.77001 5.77001 5.77001 5.77001 5.74855 8.12021 5.755 5.77001 5.77001
11.5358 11.4639 13.8317 16.123 21.9042 27.6804 32.4649 38.243 33.093 27.2921 21.6018 15.8225 11.1662 5.64864 5.76444 5.77001 5.77001 5.76729 8.13506 5.76645 5.76893 5.77001 5.77001 5.77001 5.77001 5.77001 5.77001 5.77001 5.77001 5.77001 5.77001 5.77001 5.77001 5.76839 5.76723 8.14064 5.7655 5.77001 5.77001 5.77001 5.77001 5.77001 5.77001 5.77001 5.77001 5.77001 5.77001 5.77001 5.77001 5.77001 5.77001 5.77001 5.77001 5.77001 5.77001 5.77001 5.77001 5.77001 5.77001 5.77001 5.77001 5.77001 5.72753 11.4949 5.72367 5.77001 5.77001
11.4843 13.8668 16.2365 21.9354 24.3147 30.0974 35.8755 36.4847 30.6708 24.8604 19.0393 13.323 7.5744 5.71467 5.77001 5.77001 5.77001 5.76795 5.76716 5.76894 5.77001 5.77001 5.77001 5.77001 5.77001 5.77001 5.77001 5.77001 5.77001 5.77001 5.77001 5.77001 5.77001 5.76835 8.14186 5.76612 5.76823 5.77001 5.77001 5.77001 5.77001 5.77001 5.77001 5.77001 5.77001 5.77001 5.77001 5.77001 5.77001 5.77001 5.77001 5.77001 5.77001 5.77001 5.77001 5.77001 5.77001 5.77001 5.77001 5.77001 5.77001 5.77001 5.70449 11.4476 5.6947 5.77001 5.77001
14.243 16.2202 22.007 24.4098 30.1143 32.5035 38.2866 34.0832 28.2681 22.4434 16.6095 10.7599 5.55381 5.75895 5.77001 5.77001 5.77001 5.76632 5.76374 5.76685 5.77001 5.77001 5.77001 5.77001 5.77001 5.77001 5.77001 5.77001 5.77001 5.77001 5.77001 5.77001 5.77001 5.7679 5.76674 5.76872 5.77001 5.77001 5.77001 5.77001 5.77001 5.77001 5.77001 5.77001 5.77001 5.77001 5.77001 5.77001 5.77001 5.77001 5.77001 5.77001 5.77001 5.77001 5.77001 5.77001 5.77001 5.77001 5.77001 5.77001 5.77001 5.77001 5.69166 11.4169 5.68279 5.77001 5.77001
20.0183 21.9993 24.3909 30.1775 32.581 38.2868 38.9704 33.1823 27.3784 21.5548 15.7199 10.9572 5.63458 5.77001 5.77001 5.77001 5.77001 5.75245 8.03432 5.74704 5.76708 5.77001 5.77001 5.77001 5.77001 5.77001 5.77001 5.77001 5.77001 5.77001 5.77001 5.77001 5.77001 5.77001 5.77001 5.77001 5.77001 5.77001 5.77001 5.77001 5.77001 5.77001 5.77001 5.77001 5.77001 5.77001 5.77001 5.77001 5.77001 5.77001 5.77001 5.77001 5.77001 5.77001 5.77001 5.77001 5.77001 5.77001 5.77001 5.77001 5.77001 5.77001 5.68503 11.4094 5.62622 5.75425 5.76851
24.4153 27.7808 30.1705 32.5644 38.3471 40.7512 36.5742 30.7868 24.9867 19.1627 13.3126 7.51343 5.70686 5.77001 5.77001 5.77001 5.77001 5.7393 11.4922 8.04987 5.75795 5.77001 5.77001 5.77001 5.77001 5.77001 5.77001 5.77001 5.77001 5.77001 5.77001 5.77001 5.77001 5.77001 5.77001 5.77001 5.77001 5.77001 5.77001 5.77001 5.77001 5.77001 5.77001 5.77001 5.77001 5.77001 5.77001 5.77001 5.77001 5.77001 5.77001 5.77001 5.77001 5.77001 5.77001 5.77001 5.77001 5.77001 5.77001 5.77001 5.77001 5.77001 5.68418 11.4009 7.62489 5.56844 5.75352
30.194 32.5827 35.9484 38.3408 40.7391 40.0254 34.2402 28.4515 22.6534 16.8359 10.9893 5.58116 5.75879 5.77001 5.77001 5.77001 5.77001 5.74182 11.4944 11.4764 5.73409 5.76548 5.77001 5.77001 5.77001 5.77001 5.77001 5.77001 5.77001 5.77001 5.77001 5.77001 5.77001 5.77001 5.77001 5.77001 5.77001 5.77001 5.77001 5.77001 5.77001 5.77001 5.77001 5.77001 5.77001 5.77001 5.77001 5.77001 5.77001 5.77001 5.77001 5.77001 5.77001 5.77001 5.77001 5.77001 5.77001 5.77001 5.77001 5.77001 5.77001 5.75407 5.6645 11.257 13.1392 11.0314 11.3529
35.971 38.3598 40.7496 44.1161 45.9158 40.1367 34.3524 28.5644 22.7703 16.9657 11.1408 5.60562 5.75646 5.76829 5.77001 5.77001 5.77001 5.73708 11.475 13.7969 7.99586 5.75429 5.77001 5.77001 5.77001 5.77001 5.77001 5.77001 5.77001 5.77001 5.77001 5.77001 5.77001 5.77001 5.77001 5.77001 5.77001 5.77001 5.77001 5.77001 5.77001 5.77001 5.77001 5.77001 5.77001 5.77001 5.77001 5.77001 5.77001 5.77001 5.77001 5.77001 5.77001 5.77001 5.77001 5.77001 5.77001 5.77001 5.77001 5.77001 5.77001 5.7473 7.90348 13.6903 18.9574 16.8748 17.19
41.7473 44.137 46.5266 48.9176 48.3067 42.5264 36.7454 30.9611 25.1719 19.3728 13.5796 7.78502 5.93607 5.7312 5.76429 5.77001 5.76305 5.68881 11.3806 16.1889 11.361 5.72927 5.77001 5.77001 5.77001 5.77001 5.77001 5.77001 5.77001 5.77001 5.77001 5.77001 5.77001 5.77001 5.77001 5.77001 5.77001 5.77001 5.77001 5.77001 5.77001 5.77001 5.77001 5.77001 5.77001 5.77001 5.77001 5.77001 5.77001 5.77001 5.77001 5.77001 5.77001 5.77001 5.77001 5.77001 5.77001 5.77001 5.77001 5.77001 5.77001 5.75108 7.93666 13.6986 19.4561 22.6891 23.0023
