tests/full-run-ref/erosion_2010_078_17_32.116.asc
ncols 512
nrows 512
xllcorner -3.24582
yllcorner -4.08743
cellsize 5
NODATA_value -99999
[rows 203 to 231 of 512, columns 335 to 401 of 512]
222.95 222.95 222.95 222.95 222.95 222.95 222.95 222.95 222.95 224.371 223.435 222.548 221.777 221.136 220.825 220.825 220.825 220.825 220.825 220.825 220.825 220.825 220.825 220.825 220.825 220.825 220.825 220.86 220.891 220.875 220.817 220.74 220.669 220.608 220.544 220.485 220.439 220.413 220.405 220.399 220.381 220.35 220.313 220.266 220.207 220.136 220.053 219.958 219.849 219.712 219.548 219.388 219.263 219.158 219.056 219.015 219.091 219.278 219.547 219.948 220.532 221.313 222.261 223.383 224.686 223.371 223.371
222.95 222.95 222.95 222.95 222.95 222.95 222.95 222.95 225.034 224.205 223.358 222.556 221.862 221.287 220.825 220.825 220.825 220.825 220.825 220.825 220.825 220.825 220.825 220.825 220.84 220.939 221.01 221.051 221.062 221.03 220.957 220.869 220.788 220.719 220.649 220.584 220.533 220.503 220.49 220.481 220.461 220.428 220.39 220.343 220.287 220.221 220.145 220.06 219.965 219.848 219.71 219.58 219.491 219.428 219.375 219.386 219.516 219.759 220.087 220.547 221.187 222.016 223.011 224.176 223.371 223.371 223.371
222.95 222.95 222.95 222.95 222.95 222.95 225.835 225.607 224.863 224.118 223.359 222.641 222.021 221.511 221.08 220.825 220.825 220.825 220.825 220.825 220.825 220.825 220.88 221.054 221.187 221.267 221.318 221.34 221.333 221.288 221.204 221.105 221.015 220.937 220.86 220.789 220.732 220.695 220.676 220.66 220.636 220.6 220.559 220.512 220.459 220.398 220.329 220.256 220.179 220.085 219.974 219.878 219.827 219.808 219.805 219.87 220.053 220.352 220.739 221.256 221.948 222.825 223.863 223.868 223.371 223.371 223.371
222.95 222.95 222.95 222.95 225.835 225.835 226.081 225.4 224.734 224.068 223.388 222.748 222.197 221.748 221.372 221.079 220.879 220.825 220.825 220.91 221.01 221.127 221.284 221.443 221.562 221.629 221.665 221.674 221.655 221.6 221.508 221.402 221.306 221.222 221.139 221.063 221 220.958 220.932 220.912 220.884 220.846 220.804 220.758 220.71 220.657 220.599 220.541 220.484 220.416 220.337 220.277 220.267 220.293 220.341 220.46 220.697 221.05 221.494 222.067 222.809 223.73 224.808 223.371 223.371 223.371 223.371
222.95 222.95 222.95 225.835 226.992 226.423 225.82 225.207 224.609 224.01 223.4 222.826 222.336 221.94 221.612 221.361 221.194 221.134 221.175 221.271 221.375 221.492 221.644 221.795 221.907 221.968 221.998 222 221.977 221.918 221.824 221.716 221.618 221.532 221.446 221.368 221.303 221.259 221.231 221.208 221.181 221.145 221.107 221.068 221.029 220.989 220.947 220.908 220.876 220.838 220.794 220.774 220.806 220.879 220.979 221.152 221.442 221.849 222.347 222.973 223.762 224.723 223.49 223.371 223.371 223.371 223.371
226.457 225.835 225.835 227.03 226.659 226.143 225.596 225.039 224.496 223.953 223.401 222.882 222.442 222.091 221.805 221.589 221.452 221.413 221.468 221.574 221.686 221.808 221.963 222.114 222.227 222.29 222.323 222.328 222.308 222.253 222.164 222.061 221.966 221.883 221.8 221.723 221.66 221.617 221.59 221.569 221.546 221.516 221.486 221.457 221.432 221.41 221.389 221.375 221.371 221.368 221.362 221.383 221.46 221.582 221.736 221.962 222.305 222.763 223.314 223.989 224.821 224.551 223.371 223.371 223.371 223.371 223.371
228.012 227.634 227.238 226.822 226.384 225.914 225.413 224.903 224.407 223.911 223.407 222.934 222.537 222.224 221.973 221.789 221.678 221.66 221.73 221.847 221.97 222.102 222.264 222.422 222.543 222.616 222.659 222.674 222.664 222.619 222.54 222.447 222.36 222.283 222.205 222.132 222.074 222.034 222.01 221.993 221.976 221.956 221.937 221.921 221.914 221.914 221.918 221.932 221.962 221.995 222.032 222.098 222.222 222.395 222.602 222.883 223.278 223.787 224.387 225.108 223.372 223.372 223.372 223.372 223.372 223.372 223.372
227.627 227.287 226.929 226.549 226.148 225.716 225.254 224.784 224.326 223.871 223.406 222.973 222.612 222.333 222.114 221.959 221.873 221.875 221.961 222.092 222.228 222.374 222.548 222.719 222.853 222.939 222.997 223.027 223.031 222.999 222.932 222.851 222.774 222.705 222.633 222.566 222.513 222.48 222.46 222.45 222.442 222.435 222.43 222.433 222.447 222.472 222.506 222.554 222.62 222.695 222.776 222.89 223.064 223.288 223.55 223.885 224.333 224.89 223.372 223.372 224.861 223.372 223.372 223.372 223.372 223.372 223.372
227.281 226.976 226.649 226.3 225.931 225.531 225.102 224.664 224.24 223.818 223.388 222.989 222.661 222.413 222.224 222.097 222.037 222.06 222.164 222.311 222.464 222.626 222.816 223.002 223.152 223.255 223.329 223.375 223.393 223.375 223.321 223.25 223.184 223.123 223.057 222.996 222.95 222.923 222.911 222.908 222.913 222.922 222.936 222.961 223.002 223.058 223.126 223.212 223.319 223.439 223.568 223.733 223.958 224.235 224.551 224.941 223.372 223.372 223.372 223.372 224.308 223.372 223.372 223.372 223.372 223.372 223.372
226.99 226.713 226.411 226.087 225.742 225.368 224.963 224.55 224.15 223.754 223.35 222.978 222.675 222.453 222.291 222.19 222.153 222.198 222.322 222.487 222.659 222.84 223.051 223.257 223.426 223.548 223.642 223.708 223.743 223.74 223.7 223.643 223.588 223.536 223.477 223.422 223.384 223.366 223.363 223.372 223.392 223.421 223.459 223.511 223.584 223.675 223.784 223.912 224.065 224.233 224.414 224.632 224.91 225.241 223.372 223.372 223.372 223.372 223.372 223.372 223.703 223.372 223.372 223.372 223.372 223.372 223.372
226.753 226.498 226.217 225.912 225.585 225.228 224.84 224.444 224.062 223.684 223.299 222.946 222.664 222.464 222.324 222.247 222.233 222.299 222.443 222.63 222.823 223.028 223.262 223.493 223.686 223.832 223.949 224.037 224.093 224.107 224.083 224.039 223.997 223.955 223.904 223.857 223.828 223.821 223.829 223.852 223.89 223.942 224.009 224.093 224.201 224.333 224.486 224.663 224.865 225.085 225.321 225.596 223.372 223.372 223.372 223.372 223.372 223.372 223.372 223.372 223.372 223.372 223.372 223.372 223.372 223.372 223.372
226.546 226.309 226.044 225.754 225.442 225.099 224.723 224.339 223.971 223.608 223.238 222.902 222.638 222.46 222.344 222.291 222.302 222.392 222.56 222.77 222.988 223.219 223.481 223.738 223.957 224.128 224.269 224.38 224.456 224.488 224.478 224.447 224.417 224.385 224.341 224.301 224.281 224.286 224.306 224.344 224.403 224.482 224.58 224.701 224.849 225.025 225.227 225.456 225.712 225.987 226.257 223.372 223.372 223.372 223.372 223.372 223.372 223.372 223.372 225.068 223.372 223.372 223.372 223.372 223.372 223.372 223.372
226.344 226.123 225.871 225.594 225.295 224.964 224.6 224.228 223.874 223.526 223.173 222.855 222.612 222.458 222.37 222.346 222.386 222.504 222.7 222.939 223.185 223.445 223.735 224.021 224.265 224.46 224.624 224.754 224.848 224.894 224.896 224.874 224.852 224.827 224.788 224.753 224.743 224.759 224.792 224.846 224.928 225.036 225.168 225.328 225.52 225.744 225.999 226.257 226.257 223.372 223.372 223.372 223.372 223.372 223.372 223.372 223.372 223.372 223.372 224.932 223.372 223.372 223.372 223.372 223.372 223.372 223.372
226.157 225.947 225.706 225.439 225.15 224.829 224.473 224.111 223.768 223.435 223.098 222.798 222.578 222.45 222.392 222.401 222.473 222.624 222.853 223.124 223.402 223.692 224.014 224.329 224.599 224.817 225.001 225.15 225.258 225.316 225.325 225.309 225.293 225.272 225.235 225.204 225.201 225.228 225.274 225.346 225.451 225.591 225.762 225.965 226.204 226.257 226.257 223.372 223.372 223.372 223.372 223.372 223.372 223.372 223.372 223.372 223.372 223.372 223.372 224.948 223.372 223.372 223.372 223.372 223.372 223.372 223.372
225.989 225.787 225.553 225.293 225.011 224.696 224.346 223.991 223.658 223.337 223.014 222.732 222.533 222.434 222.409 222.453 222.56 222.746 223.012 223.32 223.633 223.957 224.311 224.657 224.955 225.196 225.4 225.565 225.688 225.754 225.769 225.757 225.743 225.725 225.689 225.66 225.663 225.701 225.761 225.852 225.984 226.158 226.37 226.257 226.257 223.372 223.372 223.372 223.372 223.372 223.372 223.372 223.372 223.372 223.372 223.372 223.372 223.372 223.372 224.959 223.449 223.372 223.372 223.372 223.372 223.372 223.372
225.826 225.63 225.401 225.147 224.871 224.561 224.216 223.867 223.544 223.237 222.93 222.668 222.494 222.424 222.436 222.519 222.666 222.891 223.197 223.546 223.897 224.257 224.647 225.025 225.351 225.614 225.838 226.018 226.152 226.226 226.244 226.233 226.221 226.204 226.167 226.139 226.149 226.199 226.274 226.386 226.545 226.756 226.257 223.372 223.372 223.372 223.372 223.372 223.372 223.372 223.372 223.372 223.372 223.372 223.372 223.372 223.372 223.372 223.372 225.066 223.779 223.372 223.372 223.372 223.372 223.372 223.372
225.656 225.464 225.24 224.991 224.722 224.418 224.08 223.74 223.43 223.14 222.854 222.616 222.471 222.437 222.49 222.617 222.807 223.076 223.428 223.822 224.215 224.613 225.039 225.449 225.803 226.089 226.33 226.523 226.667 226.748 226.767 226.755 226.743 226.726 226.689 226.663 226.679 226.741 226.833 226.967 227.156 226.257 223.372 223.372 223.372 223.372 223.372 223.372 223.372 223.372 223.372 223.372 223.372 223.372 223.372 223.372 223.372 223.372 223.372 225.274 224.256 223.379 223.372 223.372 223.372 223.372 223.372
225.472 225.283 225.062 224.818 224.554 224.258 223.927 223.596 223.301 223.032 222.77 222.561 222.451 222.457 222.556 222.732 222.972 223.291 223.695 224.139 224.578 225.018 225.481 225.926 226.308 226.615 226.872 227.076 227.228 227.312 227.33 227.315 227.301 227.284 227.245 227.219 227.243 227.319 227.429 227.452 226.257 223.372 223.372 223.372 223.372 223.372 223.372 223.372 223.372 223.372 223.372 223.372 223.463 223.372 223.372 223.372 223.372 223.372 223.372 223.372 224.76 224.099 223.887 223.884 224.072 224.294 224.729
225.284 225.095 224.877 224.635 224.377 224.087 223.764 223.444 223.166 222.919 222.685 222.509 222.451 222.488 222.637 222.867 223.161 223.535 223.996 224.495 224.984 225.468 225.971 226.45 226.86 227.189 227.459 227.673 227.831 227.916 227.93 227.91 227.894 227.874 227.833 227.808 227.453 226.258 226.257 226.257 223.372 223.372 223.372 223.372 223.372 223.372 223.372 223.372 223.372 223.372 223.372 223.372 223.372 223.372 223.372 223.372 223.372 223.372 223.372 226.063 223.372 225.019 224.988 225.131 223.372 223.372 223.372
225.103 224.915 224.698 224.461 224.209 223.927 223.614 223.308 223.048 222.827 222.625 222.486 222.454 222.553 222.756 223.043 223.394 223.824 224.345 224.902 225.443 225.971 226.515 227.029 227.468 227.816 228.101 228.323 228.486 228.572 228.581 228.555 228.534 228.512 228.468 227.453 226.258 223.373 223.372 223.372 223.372 223.372 223.372 223.372 223.372 223.372 223.372 223.372 223.372 223.372 223.798 223.372 223.372 223.372 223.372 223.372 223.372 223.372 223.372 223.372 223.372 223.372 223.372 223.372 223.372 223.372 223.372
224.938 224.753 224.541 224.31 224.067 223.797 223.497 223.208 222.972 222.781 222.615 222.516 222.529 222.678 222.937 223.282 223.689 224.178 224.758 225.374 225.966 226.539 227.123 227.671 228.137 228.506 228.804 229.034 229.202 229.289 229.294 229.262 229.237 227.453 226.258 226.258 223.373 223.373 223.372 223.372 223.372 223.372 223.372 223.372 223.372 223.372 223.372 223.372 223.372 223.372 223.372 223.372 223.372 223.372 223.372 223.372 223.372 223.372 223.372 223.372 223.372 223.372 223.372 223.372 223.372 223.372 223.372
224.771 224.59 224.383 224.16 223.929 223.673 223.389 223.121 222.912 222.755 222.629 222.576 222.639 222.84 223.157 223.562 224.029 224.578 225.221 225.896 226.542 227.161 227.785 228.368 228.863 229.143 229.143 229.143 229.143 229.143 229.143 229.143 229.143 226.258 223.373 223.373 223.373 223.373 223.372 223.372 223.372 223.372 223.372 223.372 223.372 223.372 223.372 223.372 223.372 223.372 223.372 223.372 223.372 223.372 223.372 223.372 223.372 223.372 223.372 223.372 223.372 223.372 223.372 223.372 223.372 223.372 223.372
224.61 224.433 224.233 224.019 223.8 223.561 223.296 223.052 222.873 222.755 222.674 222.671 222.786 223.043 223.42 223.887 224.416 225.027 225.735 226.472 227.173 227.839 227.453 226.258 226.258 226.258 226.258 226.258 226.258 226.258 226.258 226.258 226.258 226.258 223.373 223.373 223.373 223.373 223.372 223.372 223.372 223.372 223.372 223.372 223.372 223.372 223.372 223.372 223.372 223.372 223.372 223.372 223.372 223.372 223.372 223.372 223.372 223.372 223.372 223.372 223.372 223.372 223.372 223.372 223.372 223.372 223.372
224.486 224.316 224.125 223.923 223.721 223.502 223.261 223.044 222.9 222.823 222.791 222.84 223.01 223.325 223.763 224.292 224.882 225.556 226.326 227.124 227.878 227.453 226.258 223.373 223.373 223.373 223.373 223.373 223.373 223.373 223.373 223.373 223.373 223.373 223.373 223.373 223.373 223.373 223.372 223.372 223.372 223.372 223.372 223.372 223.372 223.372 223.372 223.372 223.372 223.372 223.372 223.372 223.372 223.372 223.372 223.372 223.372 223.372 223.372 223.372 223.372 223.372 223.372 223.372 223.372 223.372 223.372
224.428 224.271 224.095 223.911 223.731 223.536 223.324 223.141 223.034 223.002 223.02 223.124 223.349 223.722 224.22 224.811 225.46 226.191 227.02 227.872 228.675 226.258 223.373 223.373 223.373 223.373 223.373 223.373 223.373 223.373 223.373 223.373 223.373 223.373 223.373 223.373 223.373 223.373 223.372 223.372 223.372 223.372 223.372 223.372 223.372 223.372 223.372 223.372 223.372 223.372 223.372 223.372 223.372 223.372 223.372 223.372 223.372 223.372 223.372 223.372 223.372 223.372 223.372 223.372 223.372 223.372 223.372
224.42 224.28 224.124 223.963 223.81 223.646 223.469 223.324 223.26 223.277 223.348 223.509 223.792 224.223 224.783 225.436 226.144 226.93 227.813 228.715 229.143 226.258 223.373 223.373 223.373 223.373 223.373 223.373 223.373 223.373 223.373 223.373 223.373 223.373 223.373 223.373 223.373 223.373 223.372 223.372 223.372 223.372 223.372 223.372 223.372 223.372 223.372 223.372 223.372 223.372 223.372 223.372 223.372 223.372 223.372 223.372 223.372 223.372 223.372 223.372 223.372 223.372 223.372 223.372 223.372 223.372 223.372
224.459 224.341 224.208 224.075 223.953 223.826 223.688 223.586 223.57 223.638 223.766 223.986 224.328 224.821 225.443 226.157 226.923 227.763 228.696 229.645 229.143 226.258 223.373 223.373 223.373 223.373 223.373 223.373 223.373 223.373 223.373 223.373 223.373 223.373 223.373 223.373 223.373 223.373 223.372 223.372 223.372 223.372 223.372 223.372 223.372 223.372 223.372 223.372 223.372 223.372 223.372 223.372 223.372 223.372 223.372 223.372 223.372 223.372 223.372 223.372 223.372 223.372 223.372 223.372 223.372 223.372 223.372
224.575 224.482 224.378 224.277 224.191 224.104 224.009 223.955 223.988 224.111 224.297 224.576 224.978 225.529 226.212 226.985 227.804 228.694 229.673 230.664 228.803 226.258 223.373 223.373 223.373 223.373 223.373 223.373 223.373 223.373 223.373 223.373 223.373 223.373 223.373 223.373 223.373 223.373 223.372 223.372 223.372 223.372 223.372 223.372 223.372 223.372 223.372 223.372 223.372 223.372 223.372 223.372 223.372 223.372 223.372 223.372 223.372 223.372 223.372 223.372 223.372 223.372 223.372 223.372 223.372 223.372 223.372
224.795 224.732 224.663 224.599 224.553 224.509 224.462 224.457 224.542 224.719 224.963 225.3 225.758 226.364 227.102 227.928 228.796 229.729 229.579 229.548 228.803 227.453 226.258 223.373 223.373 223.373 223.373 223.373 223.373 223.373 223.373 223.373 223.373 223.373 223.373 223.373 223.373 223.373 223.372 223.372 223.372 223.372 223.372 223.372 223.372 223.372 223.372 223.372 223.372 223.372 223.372 223.372 223.372 223.372 223.372 223.372 223.372 223.372 223.372 223.372 223.372 223.372 223.372 223.372 223.372 223.372 223.372
