tests/full-run-ref/erosion_2010_78_19_2.123.asc
ncols 512
nrows 512
xllcorner -3.24582
yllcorner -4.08743
cellsize 5
NODATA_value -99999
[rows 456 to 479 of 512, columns 55 to 109 of 512]
1.14155e-06 1.14155e-06 1.14155e-06 1.14155e-06 1.14155e-06 3.39211e-06 3.38349e-06 3.36919e-06 3.42466e-06 3.42466e-06 3.42466e-06 3.42466e-06 3.42466e-06 3.42466e-06 3.40915e-06 3.40213e-06 3.40915e-06 3.42466e-06 3.42466e-06 3.42466e-06 3.42466e-06 3.42466e-06 3.42466e-06 3.42466e-06 3.42466e-06 3.42466e-06 3.42466e-06 3.42466e-06 3.42466e-06 3.42466e-06 3.42466e-06 3.42466e-06 3.42466e-06 3.42466e-06 3.42466e-06 3.42466e-06 3.42466e-06 3.42466e-06 3.42466e-06 3.42466e-06 3.42466e-06 3.42466e-06 3.42466e-06 3.42466e-06 3.42466e-06 3.42466e-06 3.40134e-06 3.38113e-06 3.39555e-06 3.38652e-06 3.42466e-06 3.42466e-06 3.42466e-06 3.42466e-06 3.42466e-06
1.14155e-06 1.14155e-06 1.14155e-06 1.14155e-06 1.14155e-06 3.38099e-06 3.38099e-06 3.38433e-06 3.42466e-06 3.42466e-06 3.42466e-06 3.42466e-06 3.40938e-06 3.4026e-06 3.39211e-06 3.39211e-06 3.38547e-06 3.40869e-06 3.42466e-06 3.42466e-06 3.42466e-06 3.42466e-06 3.42466e-06 3.42466e-06 3.42466e-06 3.42466e-06 3.42466e-06 3.42466e-06 3.42466e-06 3.42466e-06 3.42466e-06 3.42466e-06 3.42466e-06 3.42466e-06 3.42466e-06 3.42466e-06 3.42466e-06 3.42466e-06 3.42466e-06 3.42466e-06 3.42466e-06 3.42466e-06 3.42466e-06 3.42466e-06 3.42466e-06 3.4092e-06 3.39003e-06 3.40407e-06 3.39555e-06 3.3866e-06 3.42466e-06 3.42466e-06 3.42466e-06 3.42466e-06 3.42466e-06
1.14155e-06 1.14155e-06 1.14155e-06 1.14155e-06 1.14155e-06 1.14155e-06 1.14155e-06 1.14155e-06 1.14155e-06 1.14155e-06 1.14155e-06 1.14155e-06 1.14155e-06 3.42466e-06 3.40665e-06 3.39211e-06 3.39555e-06 3.38547e-06 3.40869e-06 3.42466e-06 3.40869e-06 3.42466e-06 3.42466e-06 3.42466e-06 3.42466e-06 3.42466e-06 3.42466e-06 3.42466e-06 3.42466e-06 3.42466e-06 3.42466e-06 3.42466e-06 3.42466e-06 3.42466e-06 3.42466e-06 3.42466e-06 3.42466e-06 3.42466e-06 3.42466e-06 3.42466e-06 3.42466e-06 3.42466e-06 3.42466e-06 3.42466e-06 3.42466e-06 3.40224e-06 3.40407e-06 3.40519e-06 3.38872e-06 3.40909e-06 3.42466e-06 3.42466e-06 3.42466e-06 3.42466e-06 3.42466e-06
1.14155e-06 1.14155e-06 1.14155e-06 1.14155e-06 2.28311e-06 2.28311e-06 2.2831e-06 2.2831e-06 2.2831e-06 2.2831e-06 2.2831e-06 2.2831e-06 2.2831e-06 2.2831e-06 2.28311e-06 2.28311e-06 3.39555e-06 3.39555e-06 3.38547e-06 3.40869e-06 3.42466e-06 3.42466e-06 3.40892e-06 3.42466e-06 3.42466e-06 3.42466e-06 3.42466e-06 3.42466e-06 3.42466e-06 3.42466e-06 3.42466e-06 3.42466e-06 3.42466e-06 3.42466e-06 3.42466e-06 3.42466e-06 3.42466e-06 3.42466e-06 3.42466e-06 3.42466e-06 3.42466e-06 3.42466e-06 3.42466e-06 3.42466e-06 3.42466e-06 3.40014e-06 3.37763e-06 3.39555e-06 3.38513e-06 3.42466e-06 3.42466e-06 3.42466e-06 3.42466e-06 3.42466e-06 3.42466e-06
1.14155e-06 1.14155e-06 1.14155e-06 2.28311e-06 2.28311e-06 2.28311e-06 2.28311e-06 2.28311e-06 2.28311e-06 2.28311e-06 2.28311e-06 2.28311e-06 2.28311e-06 2.28311e-06 2.28311e-06 2.28311e-06 2.28311e-06 3.39555e-06 3.39555e-06 3.38547e-06 3.38547e-06 3.40892e-06 3.42466e-06 3.42466e-06 3.42466e-06 3.42466e-06 3.42466e-06 3.42466e-06 3.42466e-06 3.42466e-06 3.42466e-06 3.42466e-06 3.42466e-06 3.42466e-06 3.42466e-06 3.42466e-06 3.42466e-06 3.42466e-06 3.42466e-06 3.42466e-06 3.42466e-06 3.42466e-06 3.42466e-06 3.42466e-06 3.40833e-06 3.35123e-06 3.37112e-06 3.3848e-06 3.36815e-06 3.42466e-06 3.42466e-06 3.42466e-06 3.42466e-06 3.42466e-06 3.42466e-06
1.14155e-06 1.14155e-06 2.28311e-06 2.28311e-06 2.28311e-06 2.28311e-06 2.28311e-06 2.28311e-06 2.28311e-06 2.28311e-06 2.28311e-06 2.28311e-06 2.28311e-06 2.28311e-06 2.28311e-06 2.28311e-06 2.28311e-06 2.28311e-06 3.39211e-06 3.42466e-06 3.39211e-06 3.37863e-06 3.40869e-06 3.42466e-06 3.40869e-06 3.42466e-06 3.42466e-06 3.42466e-06 3.42466e-06 3.42466e-06 3.42466e-06 3.42466e-06 3.42466e-06 3.42466e-06 3.42466e-06 3.42466e-06 3.42466e-06 3.42466e-06 3.42466e-06 3.42466e-06 3.42466e-06 3.42466e-06 3.42466e-06 3.42466e-06 3.3811e-06 3.28771e-06 3.36792e-06 3.33619e-06 1.14155e-06 1.14155e-06 1.14155e-06 1.14155e-06 1.14155e-06 1.14155e-06 1.14155e-06
1.14155e-06 2.28311e-06 2.28311e-06 2.28311e-06 2.28311e-06 2.28311e-06 2.28311e-06 2.28311e-06 2.28311e-06 3.4101e-06 2.28311e-06 2.28311e-06 2.28311e-06 2.28311e-06 2.28311e-06 2.28311e-06 2.28311e-06 2.28311e-06 2.28311e-06 2.28311e-06 3.39555e-06 3.39555e-06 3.37863e-06 3.40869e-06 3.42466e-06 3.42466e-06 3.42466e-06 3.42466e-06 3.42466e-06 3.42466e-06 3.42466e-06 3.42466e-06 3.42466e-06 3.42466e-06 3.42466e-06 3.42466e-06 3.42466e-06 3.42466e-06 3.42466e-06 3.42466e-06 3.42466e-06 3.42466e-06 3.42466e-06 3.42466e-06 3.36239e-06 3.19343e-06 2.25056e-06 1.14155e-06 1.14155e-06 1.14155e-06 1.14155e-06 1.14155e-06 1.14155e-06 1.14155e-06 1.14155e-06
2.28311e-06 2.28311e-06 2.28311e-06 2.28311e-06 2.28311e-06 2.28311e-06 2.28311e-06 2.28311e-06 3.42466e-06 2.28311e-06 2.28311e-06 2.28311e-06 2.28311e-06 2.28311e-06 2.28311e-06 2.28311e-06 2.28311e-06 2.28311e-06 2.28311e-06 2.28311e-06 2.28311e-06 3.39555e-06 3.39555e-06 3.37863e-06 3.40869e-06 3.42466e-06 3.42466e-06 3.42466e-06 3.42466e-06 3.42466e-06 3.42466e-06 3.42466e-06 3.42466e-06 3.42466e-06 3.42466e-06 3.42466e-06 3.42466e-06 3.42466e-06 3.42466e-06 3.42466e-06 3.42466e-06 3.42466e-06 3.42466e-06 3.42466e-06 3.36025e-06 3.13143e-06 2.26252e-06 1.14155e-06 1.14155e-06 1.14155e-06 1.14155e-06 1.14155e-06 1.14155e-06 1.14155e-06 1.14155e-06
2.28311e-06 2.28311e-06 2.28311e-06 2.28311e-06 2.28311e-06 2.28311e-06 3.39211e-06 3.40407e-06 2.28311e-06 2.28311e-06 2.28311e-06 2.28311e-06 2.28311e-06 2.28311e-06 2.28311e-06 2.28311e-06 2.28311e-06 2.28311e-06 2.28311e-06 2.28311e-06 2.28311e-06 2.28311e-06 3.40407e-06 3.37863e-06 3.38367e-06 3.42466e-06 3.42466e-06 3.42466e-06 3.42466e-06 3.42466e-06 3.42466e-06 3.42466e-06 3.42466e-06 3.42466e-06 3.42466e-06 3.42466e-06 3.42466e-06 3.42466e-06 3.42466e-06 3.42466e-06 3.42466e-06 3.42466e-06 3.42466e-06 3.42466e-06 3.36239e-06 3.16558e-06 2.25056e-06 1.14155e-06 1.14155e-06 1.14155e-06 1.14155e-06 1.14155e-06 1.14155e-06 1.14155e-06 1.14155e-06
2.28311e-06 2.28311e-06 2.28311e-06 2.28311e-06 2.28311e-06 3.39555e-06 3.39555e-06 2.28311e-06 2.28311e-06 2.28311e-06 2.28311e-06 2.28311e-06 2.28311e-06 2.28311e-06 2.28311e-06 2.28311e-06 2.28311e-06 2.28311e-06 2.28311e-06 2.28311e-06 2.28311e-06 2.28311e-06 3.37863e-06 3.40407e-06 3.37863e-06 3.40869e-06 3.42466e-06 3.40869e-06 3.42466e-06 3.42466e-06 3.42466e-06 3.42466e-06 3.42466e-06 3.42466e-06 3.42466e-06 3.42466e-06 3.42466e-06 3.42466e-06 3.42466e-06 3.42466e-06 3.42466e-06 3.42466e-06 3.42466e-06 3.42466e-06 3.3811e-06 3.264e-06 3.36792e-06 1.14155e-06 1.14155e-06 1.14155e-06 1.14155e-06 1.14155e-06 1.14155e-06 1.14155e-06 1.14155e-06
2.28311e-06 2.28311e-06 2.28311e-06 2.28311e-06 3.39555e-06 3.39555e-06 2.28311e-06 2.28311e-06 2.28311e-06 2.28311e-06 2.28311e-06 2.28311e-06 2.28311e-06 2.28311e-06 2.28311e-06 2.28311e-06 2.28311e-06 2.28311e-06 2.28311e-06 2.28311e-06 2.28311e-06 2.28311e-06 2.28311e-06 3.39555e-06 3.39555e-06 3.37863e-06 3.40869e-06 3.42466e-06 3.42466e-06 3.42466e-06 3.42466e-06 3.42466e-06 3.42466e-06 3.42466e-06 3.42466e-06 3.42466e-06 3.42466e-06 3.42466e-06 3.42466e-06 3.42466e-06 3.42466e-06 3.42466e-06 3.42466e-06 3.42466e-06 3.40833e-06 1.14155e-06 1.14155e-06 1.14155e-06 1.14155e-06 1.14155e-06 1.14155e-06 1.14155e-06 1.14155e-06 1.14155e-06 1.14155e-06
2.28311e-06 2.28311e-06 2.28311e-06 3.39555e-06 3.39555e-06 2.28311e-06 2.28311e-06 2.28311e-06 2.28311e-06 2.28311e-06 2.28311e-06 2.28311e-06 2.28311e-06 2.28311e-06 2.28311e-06 2.28311e-06 2.28311e-06 2.28311e-06 2.28311e-06 2.28311e-06 2.28311e-06 2.28311e-06 2.28311e-06 2.28311e-06 3.39555e-06 3.39555e-06 3.37863e-06 3.40869e-06 3.42466e-06 3.40915e-06 3.42466e-06 3.42466e-06 3.42466e-06 3.42466e-06 3.42466e-06 3.42466e-06 3.42466e-06 3.42466e-06 3.42466e-06 3.42466e-06 3.42466e-06 3.42466e-06 3.42466e-06 3.42466e-06 1.14155e-06 1.14155e-06 1.14155e-06 1.14155e-06 1.14155e-06 1.14155e-06 1.14155e-06 1.14155e-06 1.14155e-06 1.14155e-06 1.14155e-06
2.28311e-06 2.28311e-06 3.39555e-06 3.39555e-06 2.28311e-06 2.28311e-06 2.28311e-06 2.28311e-06 2.28311e-06 2.28311e-06 2.28311e-06 2.28311e-06 2.28311e-06 2.28311e-06 2.28311e-06 2.28311e-06 2.28311e-06 2.28311e-06 2.28311e-06 2.28311e-06 2.28311e-06 2.28311e-06 2.28311e-06 2.28311e-06 2.28311e-06 3.39555e-06 3.39555e-06 3.37863e-06 3.40915e-06 3.42466e-06 3.42466e-06 3.42466e-06 3.42466e-06 3.42466e-06 3.42466e-06 3.42466e-06 3.42466e-06 3.42466e-06 3.42466e-06 3.42466e-06 3.42466e-06 3.42466e-06 3.42466e-06 1.14155e-06 1.14155e-06 1.14155e-06 1.14155e-06 1.14155e-06 1.14155e-06 1.14155e-06 1.14155e-06 1.14155e-06 1.14155e-06 1.14155e-06 1.14155e-06
2.28311e-06 3.39555e-06 3.39555e-06 2.28311e-06 2.28311e-06 2.28311e-06 2.28311e-06 2.28311e-06 2.28311e-06 2.28311e-06 2.28311e-06 2.28311e-06 2.28311e-06 2.28311e-06 2.28311e-06 2.28311e-06 2.28311e-06 2.28311e-06 2.28311e-06 2.28311e-06 2.28311e-06 2.28311e-06 2.28311e-06 2.28311e-06 2.28311e-06 2.28311e-06 3.39211e-06 3.39211e-06 3.40213e-06 3.42466e-06 3.42466e-06 3.42466e-06 3.42466e-06 3.42466e-06 3.42466e-06 3.42466e-06 3.42466e-06 3.42466e-06 3.42466e-06 3.42466e-06 3.42466e-06 3.42466e-06 2.2831e-06 2.2831e-06 2.2831e-06 2.2831e-06 3.38349e-06 3.38349e-06 2.2831e-06 2.2831e-06 2.28311e-06 2.28311e-06 2.28311e-06 2.28311e-06 2.28311e-06
3.39211e-06 3.39555e-06 2.28311e-06 2.28311e-06 2.28311e-06 2.28311e-06 2.28311e-06 2.28311e-06 2.28311e-06 2.28311e-06 2.28311e-06 2.28311e-06 2.28311e-06 2.28311e-06 2.28311e-06 2.28311e-06 2.28311e-06 2.28311e-06 2.28311e-06 2.28311e-06 2.28311e-06 2.28311e-06 2.28311e-06 2.28311e-06 2.28311e-06 2.28311e-06 2.28311e-06 2.28311e-06 2.28311e-06 2.28311e-06 2.28311e-06 2.28311e-06 2.28311e-06 2.28311e-06 2.28311e-06 2.28311e-06 2.28311e-06 2.28311e-06 2.28311e-06 2.28311e-06 2.28311e-06 2.28311e-06 2.28311e-06 2.28311e-06 2.28311e-06 2.28311e-06 3.38349e-06 3.38349e-06 2.28311e-06 2.28311e-06 2.28311e-06 2.28311e-06 2.28311e-06 2.28311e-06 2.28311e-06
3.39211e-06 2.2831e-06 2.2831e-06 2.2831e-06 2.2831e-06 2.2831e-06 2.2831e-06 2.2831e-06 2.2831e-06 2.2831e-06 2.2831e-06 2.2831e-06 2.2831e-06 2.2831e-06 2.2831e-06 2.2831e-06 2.2831e-06 2.2831e-06 2.2831e-06 2.2831e-06 2.2831e-06 2.2831e-06 2.2831e-06 2.2831e-06 2.2831e-06 2.2831e-06 2.2831e-06 3.39211e-06 2.28311e-06 2.28311e-06 2.28311e-06 2.28311e-06 2.28311e-06 2.28311e-06 2.28311e-06 2.28311e-06 2.28311e-06 2.28311e-06 2.28311e-06 2.28311e-06 2.28311e-06 2.28311e-06 2.28311e-06 2.28311e-06 2.28311e-06 2.28311e-06 3.38622e-06 3.37704e-06 2.28311e-06 2.28311e-06 2.28311e-06 2.28311e-06 2.28311e-06 2.28311e-06 2.28311e-06
1.14155e-06 1.14155e-06 1.14155e-06 1.14155e-06 1.14155e-06 1.14155e-06 1.14155e-06 1.14155e-06 1.14155e-06 1.14155e-06 1.14155e-06 1.14155e-06 1.14155e-06 1.14155e-06 1.14155e-06 1.14155e-06 1.14155e-06 1.14155e-06 1.14155e-06 1.14155e-06 1.14155e-06 1.14155e-06 1.14155e-06 1.14155e-06 1.14155e-06 1.14155e-06 1.14155e-06 3.39555e-06 3.39211e-06 2.2831e-06 2.2831e-06 2.2831e-06 2.2831e-06 2.2831e-06 2.2831e-06 2.2831e-06 2.2831e-06 2.2831e-06 2.2831e-06 2.2831e-06 2.2831e-06 2.2831e-06 2.28311e-06 2.2831e-06 2.2831e-06 3.35907e-06 3.40321e-06 3.3649e-06 2.28311e-06 2.28311e-06 2.28311e-06 2.28311e-06 2.28311e-06 2.28311e-06 2.28311e-06
1.14155e-06 1.14155e-06 1.14155e-06 1.14155e-06 1.14155e-06 1.14155e-06 1.14155e-06 1.14155e-06 1.14155e-06 1.14155e-06 1.14155e-06 1.14155e-06 1.14155e-06 1.14155e-06 1.14155e-06 1.14155e-06 1.14155e-06 1.14155e-06 1.14155e-06 1.14155e-06 1.14155e-06 1.14155e-06 1.14155e-06 1.14155e-06 1.14155e-06 1.14155e-06 1.14155e-06 1.14155e-06 1.14155e-06 1.14155e-06 1.14155e-06 1.14155e-06 1.14155e-06 1.14155e-06 1.14155e-06 1.14155e-06 1.14155e-06 1.14155e-06 1.14155e-06 1.14155e-06 1.14155e-06 1.14155e-06 1.14155e-06 1.14155e-06 1.14155e-06 3.35907e-06 3.40321e-06 3.3649e-06 2.28311e-06 2.28311e-06 2.28311e-06 2.28311e-06 2.28311e-06 2.28311e-06 2.28311e-06
1.14155e-06 1.14155e-06 1.14155e-06 1.14155e-06 1.14155e-06 1.14155e-06 1.14155e-06 1.14155e-06 1.14155e-06 1.14155e-06 1.14155e-06 1.14155e-06 1.14155e-06 1.14155e-06 1.14155e-06 1.14155e-06 1.14155e-06 1.14155e-06 1.14155e-06 1.14155e-06 1.14155e-06 1.14155e-06 1.14155e-06 1.14155e-06 1.14155e-06 1.14155e-06 1.14155e-06 1.14155e-06 3.39211e-06 1.14155e-06 1.14155e-06 1.14155e-06 1.14155e-06 1.14155e-06 1.14155e-06 1.14155e-06 1.14155e-06 1.14155e-06 1.14155e-06 1.14155e-06 1.14155e-06 1.14155e-06 1.14155e-06 1.14155e-06 1.14155e-06 1.14155e-06 3.38622e-06 3.37704e-06 2.28311e-06 2.28311e-06 2.28311e-06 2.28311e-06 2.28311e-06 2.28311e-06 2.28311e-06
1.14155e-06 1.14155e-06 1.14155e-06 1.14155e-06 1.14155e-06 1.14155e-06 1.14155e-06 1.14155e-06 1.14155e-06 1.14155e-06 1.14155e-06 1.14155e-06 1.14155e-06 1.14155e-06 1.14155e-06 1.14155e-06 1.14155e-06 1.14155e-06 1.14155e-06 1.14155e-06 1.14155e-06 1.14155e-06 1.14155e-06 1.14155e-06 1.14155e-06 1.14155e-06 1.14155e-06 1.14155e-06 3.39555e-06 3.39211e-06 1.14155e-06 1.14155e-06 1.14155e-06 1.14155e-06 1.14155e-06 1.14155e-06 1.14155e-06 1.14155e-06 1.14155e-06 1.14155e-06 1.14155e-06 1.14155e-06 1.14155e-06 1.14155e-06 1.14155e-06 1.14155e-06 3.38349e-06 3.38349e-06 2.28311e-06 2.28311e-06 2.28311e-06 2.28311e-06 2.28311e-06 2.28311e-06 2.28311e-06
1.14155e-06 1.14155e-06 1.14155e-06 1.14155e-06 1.14155e-06 1.14155e-06 1.14155e-06 1.14155e-06 1.14155e-06 1.14155e-06 1.14155e-06 1.14155e-06 1.14155e-06 1.14155e-06 1.14155e-06 1.14155e-06 1.14155e-06 1.14155e-06 1.14155e-06 1.14155e-06 1.14155e-06 1.14155e-06 1.14155e-06 1.14155e-06 1.14155e-06 1.14155e-06 1.14155e-06 1.14155e-06 1.14155e-06 1.14155e-06 1.14155e-06 1.14155e-06 1.14155e-06 1.14155e-06 1.14155e-06 1.14155e-06 1.14155e-06 1.14155e-06 1.14155e-06 1.14155e-06 1.14155e-06 1.14155e-06 1.14155e-06 1.14155e-06 1.14155e-06 1.14155e-06 3.37863e-06 3.40407e-06 2.28311e-06 2.28311e-06 2.28311e-06 2.28311e-06 2.28311e-06 2.28311e-06 2.28311e-06
1.14155e-06 1.14155e-06 1.14155e-06 1.14155e-06 1.14155e-06 1.14155e-06 1.14155e-06 1.14155e-06 1.14155e-06 1.14155e-06 1.14155e-06 1.14155e-06 1.14155e-06 1.14155e-06 1.14155e-06 1.14155e-06 1.14155e-06 1.14155e-06 1.14155e-06 1.14155e-06 1.14155e-06 1.14155e-06 1.14155e-06 1.14155e-06 1.14155e-06 1.14155e-06 1.14155e-06 1.14155e-06 1.14155e-06 1.14155e-06 1.14155e-06 1.14155e-06 1.14155e-06 1.14155e-06 1.14155e-06 1.14155e-06 1.14155e-06 1.14155e-06 1.14155e-06 1.14155e-06 1.14155e-06 1.14155e-06 1.14155e-06 1.14155e-06 1.14155e-06 1.14155e-06 1.14155e-06 3.39555e-06 3.39555e-06 2.28311e-06 2.28311e-06 2.28311e-06 2.28311e-06 2.28311e-06 2.28311e-06
1.14155e-06 1.14155e-06 1.14155e-06 1.14155e-06 1.14155e-06 1.14155e-06 1.14155e-06 1.14155e-06 1.14155e-06 1.14155e-06 1.14155e-06 1.14155e-06 1.14155e-06 1.14155e-06 1.14155e-06 1.14155e-06 1.14155e-06 1.14155e-06 1.14155e-06 1.14155e-06 1.14155e-06 1.14155e-06 1.14155e-06 1.14155e-06 1.14155e-06 1.14155e-06 1.14155e-06 1.14155e-06 1.14155e-06 1.14155e-06 1.14155e-06 1.14155e-06 1.14155e-06 1.14155e-06 1.14155e-06 1.14155e-06 1.14155e-06 1.14155e-06 1.14155e-06 1.14155e-06 1.14155e-06 1.14155e-06 1.14155e-06 1.14155e-06 1.14155e-06 1.14155e-06 1.14155e-06 1.14155e-06 3.39555e-06 3.39211e-06 2.28311e-06 2.28311e-06 2.28311e-06 2.28311e-06 2.28311e-06
3.32545e-06 1.14155e-06 1.14155e-06 1.14155e-06 1.14155e-06 1.14155e-06 1.14155e-06 1.14155e-06 1.14155e-06 1.14155e-06 1.14155e-06 1.14155e-06 1.14155e-06 1.14155e-06 1.14155e-06 1.14155e-06 1.14155e-06 1.14155e-06 1.14155e-06 1.14155e-06 1.14155e-06 1.14155e-06 1.14155e-06 1.14155e-06 1.14155e-06 1.14155e-06 1.14155e-06 1.14155e-06 1.14155e-06 3.39211e-06 1.14155e-06 1.14155e-06 1.14155e-06 1.14155e-06 1.14155e-06 1.14155e-06 1.14155e-06 1.14155e-06 1.14155e-06 1.14155e-06 1.14155e-06 1.14155e-06 1.14155e-06 1.14155e-06 1.14155e-06 1.14155e-06 1.14155e-06 1.14155e-06 1.14155e-06 3.40407e-06 1.14155e-06 2.2831e-06 2.2831e-06 2.28311e-06 2.28311e-06
