tests/full-run-ref/erosion_2010_78_20_-12.873.asc
ncols 512
nrows 512
xllcorner -3.24582
yllcorner -4.08743
cellsize 5
NODATA_value -99999
[rows 87 to 115 of 512, columns 134 to 200 of 512]
2.8851 2.8851 2.8851 2.8851 2.8851 2.8851 2.8851 2.8851 2.8851 2.8851 2.8851 2.8851 2.8851 2.8851 2.8851 2.8851 2.8851 2.8851 2.8851 2.8851 2.8851 2.8851 2.8851 2.8851 2.8851 2.8851 2.8851 2.8851 2.8851 2.20024e-06 2.26745e-06 1.14155e-06 1.14155e-06 1.14155e-06 1.14155e-06 1.14155e-06 1.14155e-06 1.14017e-06 1.11922e-06 2.21826e-06 2.25191e-06 1.14155e-06 1.14155e-06 1.14155e-06 1.14155e-06 1.14155e-06 1.14155e-06 1.14155e-06 1.14155e-06 1.14155e-06 1.14155e-06 1.14155e-06 1.14155e-06 1.14155e-06 1.14155e-06 2.28311e-06 2.28311e-06 2.28311e-06 2.28311e-06 2.28311e-06 2.28311e-06 1.14155e-06 1.14155e-06 1.14155e-06 1.14155e-06 1.14155e-06 1.14155e-06
4.08001 2.8851 2.8851 2.8851 2.8851 2.8851 2.8851 2.8851 2.8851 2.8851 2.8851 2.8851 2.8851 2.8851 2.8851 2.8851 2.8851 2.8851 2.8851 2.8851 2.8851 2.8851 2.8851 2.8851 2.8851 2.8851 2.8851 2.8851 2.8851 2.2138e-06 1.14155e-06 1.14155e-06 1.14155e-06 1.14155e-06 1.14155e-06 1.14155e-06 1.14155e-06 1.14155e-06 1.14155e-06 1.14155e-06 1.14155e-06 1.14155e-06 1.14155e-06 1.14155e-06 1.14155e-06 1.14155e-06 1.14155e-06 1.14155e-06 1.14155e-06 1.14155e-06 1.14155e-06 1.14155e-06 1.14155e-06 1.14155e-06 2.28311e-06 2.28311e-06 2.28311e-06 2.28311e-06 2.28311e-06 2.28311e-06 1.14155e-06 1.14155e-06 1.14155e-06 1.14155e-06 1.14155e-06 1.14155e-06 1.13055e-06
6.96501 4.08001 2.8851 2.8851 2.8851 2.8851 2.8851 2.8851 2.8851 2.8851 2.8851 2.8851 2.8851 2.8851 2.8851 2.8851 2.8851 2.8851 2.8851 2.8851 2.8851 2.8851 2.8851 2.8851 2.8851 2.8851 2.8851 2.8851 2.8851 2.21407e-06 1.14155e-06 1.14155e-06 1.14155e-06 1.14155e-06 1.14155e-06 1.14155e-06 1.14155e-06 1.14155e-06 1.14155e-06 1.14155e-06 1.14155e-06 1.12631e-06 1.11332e-06 2.2525e-06 1.14155e-06 1.14155e-06 1.14155e-06 1.14155e-06 1.14155e-06 1.14155e-06 1.14155e-06 1.14155e-06 1.14155e-06 2.28311e-06 2.28311e-06 2.28311e-06 2.28311e-06 2.28311e-06 2.28311e-06 2.28311e-06 1.14155e-06 1.14155e-06 1.14155e-06 1.14155e-06 3.38099e-06 1.14155e-06 1.11106e-06
8.16001 6.96501 4.08001 2.8851 2.8851 2.8851 2.8851 2.8851 2.8851 2.8851 2.8851 2.8851 2.8851 2.8851 2.8851 2.8851 2.8851 2.8851 2.8851 2.8851 2.8851 2.8851 2.8851 2.8851 2.8851 2.8851 2.8851 2.8851 2.8851 2.21238e-06 1.14155e-06 1.14155e-06 1.14155e-06 1.14155e-06 1.14155e-06 1.14155e-06 1.14155e-06 1.14155e-06 1.14155e-06 1.14155e-06 1.14155e-06 1.10396e-06 2.85661 2.19142e-06 1.14155e-06 1.14155e-06 1.14155e-06 1.14155e-06 1.14155e-06 1.14155e-06 1.14155e-06 1.14155e-06 2.28311e-06 2.28311e-06 2.28311e-06 2.28311e-06 2.28311e-06 2.28311e-06 2.28311e-06 1.14155e-06 1.14155e-06 1.14155e-06 1.14155e-06 1.14155e-06 1.14155e-06 1.14155e-06 1.09819e-06
8.16001 6.96501 4.08001 2.8851 2.8851 2.8851 2.8851 2.8851 2.8851 2.8851 2.8851 2.8851 2.8851 2.8851 2.8851 2.8851 2.8851 2.8851 2.8851 2.8851 2.8851 2.8851 2.8851 2.8851 2.8851 2.8851 2.8851 2.8851 2.8851 2.21086e-06 1.14155e-06 1.14155e-06 1.14155e-06 1.14155e-06 1.14155e-06 1.14155e-06 1.14155e-06 1.14155e-06 1.14155e-06 1.14155e-06 1.14001e-06 1.08252e-06 2.885 3.1821e-06 2.24417e-06 1.14155e-06 1.14155e-06 1.14155e-06 1.14155e-06 1.14155e-06 1.14155e-06 2.28311e-06 2.28311e-06 2.28311e-06 2.28311e-06 2.28311e-06 2.28311e-06 2.28311e-06 1.14155e-06 1.14155e-06 1.14155e-06 1.14155e-06 1.14155e-06 1.14155e-06 1.14155e-06 1.14155e-06 1.108e-06
6.96501 4.08001 2.8851 2.8851 2.8851 2.8851 2.8851 2.8851 2.8851 2.8851 2.8851 2.8851 2.8851 2.8851 2.8851 2.8851 2.8851 2.8851 2.8851 2.8851 2.8851 2.8851 2.8851 2.8851 2.8851 2.8851 2.8851 2.8851 2.8851 2.20948e-06 1.14155e-06 1.14155e-06 1.14155e-06 1.14155e-06 1.14155e-06 1.14155e-06 1.14155e-06 1.14155e-06 1.14155e-06 1.14155e-06 1.13927e-06 0.272444 3.15744 2.885 2.17455e-06 1.14155e-06 1.14155e-06 1.14155e-06 1.14155e-06 1.14155e-06 2.28311e-06 2.28311e-06 2.28311e-06 2.28311e-06 2.28311e-06 2.28311e-06 2.28311e-06 2.28311e-06 1.14155e-06 1.14155e-06 1.14155e-06 1.14155e-06 1.14155e-06 1.14155e-06 1.14155e-06 1.14155e-06 1.12824e-06
5.77 2.8851 2.8851 2.8851 2.8851 2.8851 2.8851 2.8851 2.8851 2.8851 2.8851 2.8851 2.8851 2.8851 2.8851 2.8851 2.8851 2.8851 2.8851 2.8851 2.8851 2.8851 2.8851 2.8851 2.8851 2.8851 2.8851 2.8851 2.8851 2.20821e-06 1.14155e-06 1.14155e-06 1.14155e-06 1.14155e-06 1.14155e-06 1.14155e-06 1.14155e-06 1.14155e-06 1.14155e-06 1.14155e-06 1.14001e-06 1.09408e-06 2.885 2.885 3.17057e-06 2.2438e-06 1.14155e-06 1.14155e-06 1.14155e-06 2.28311e-06 2.28311e-06 2.28311e-06 2.28311e-06 2.28311e-06 2.28311e-06 2.28311e-06 2.28311e-06 1.14155e-06 1.14155e-06 1.14155e-06 1.14155e-06 1.14155e-06 1.14155e-06 1.14155e-06 1.14155e-06 1.14155e-06 1.14155e-06
6.96501 4.08001 2.8851 2.8851 2.96178 4.15679 4.08001 2.8851 2.8851 2.8851 2.8851 2.8851 2.8851 2.8851 2.8851 2.8851 2.8851 2.8851 2.8851 2.8851 2.8851 2.8851 2.8851 2.8851 2.8851 2.8851 2.8851 2.8851 2.8851 2.20381e-06 1.14155e-06 1.14155e-06 1.14155e-06 1.14155e-06 1.14155e-06 1.14155e-06 1.14155e-06 1.14155e-06 1.14155e-06 1.14155e-06 1.14155e-06 1.12553e-06 1.08137e-06 2.885 2.885 2.18384e-06 1.14155e-06 1.14155e-06 2.28311e-06 2.28311e-06 2.28311e-06 2.28311e-06 2.28311e-06 2.28311e-06 2.28311e-06 2.28311e-06 2.2831e-06 1.14155e-06 1.14155e-06 1.14155e-06 1.14155e-06 1.14155e-06 1.14155e-06 1.14155e-06 1.14155e-06 1.14155e-06 1.14155e-06
8.16001 6.96501 5.77 5.11303 5.84678 4.08001 2.8851 2.8851 2.8851 2.8851 2.8851 2.8851 2.8851 2.8851 2.8851 2.8851 2.8851 2.8851 2.8851 2.8851 2.8851 2.8851 2.8851 2.8851 2.8851 2.8851 2.8851 2.8851 2.8851 2.16871e-06 2.2668e-06 1.14155e-06 1.14155e-06 1.14155e-06 1.14155e-06 1.14155e-06 1.14155e-06 1.14155e-06 1.14155e-06 1.14155e-06 1.14155e-06 1.14155e-06 1.12559e-06 1.08523e-06 2.885 3.20526e-06 1.14155e-06 2.28311e-06 2.28311e-06 2.28311e-06 2.28311e-06 2.28311e-06 2.28311e-06 2.28311e-06 2.28311e-06 2.28311e-06 2.2831e-06 1.14155e-06 1.14155e-06 1.14155e-06 1.14155e-06 1.14155e-06 1.14155e-06 1.14155e-06 1.14155e-06 1.14155e-06 1.14155e-06
11.045 9.85001 8.16001 6.96501 4.08001 2.8851 2.8851 2.8851 2.8851 2.8851 2.8851 2.8851 2.8851 2.8851 2.8851 2.8851 2.8851 2.8851 2.8851 2.8851 2.8851 2.8851 2.8851 2.8851 2.8851 2.8851 2.8851 2.8851 2.8851 2.8851 2.21176e-06 2.26714e-06 1.14155e-06 1.14155e-06 1.14155e-06 1.14155e-06 1.14155e-06 1.14155e-06 1.14155e-06 1.14155e-06 1.14155e-06 1.14155e-06 1.14155e-06 1.12604e-06 1.11699e-06 1.14155e-06 2.11337e-06 2.2495e-06 2.28311e-06 2.26679e-06 2.28311e-06 2.28311e-06 2.28311e-06 2.28311e-06 2.28311e-06 2.28311e-06 2.2831e-06 1.14155e-06 1.14155e-06 1.14155e-06 1.14155e-06 1.14155e-06 1.14155e-06 1.14155e-06 1.14155e-06 1.14155e-06 1.14155e-06
9.91089 8.16001 6.96501 4.08001 2.8851 2.8851 2.8851 2.8851 2.8851 2.8851 2.8851 2.8851 2.8851 2.8851 2.8851 2.8851 2.8851 2.8851 2.8851 2.8851 2.8851 2.8851 2.8851 2.8851 2.8851 2.8851 2.8851 2.8851 2.8851 2.8851 2.8851 2.24212e-06 1.14155e-06 1.14155e-06 1.14155e-06 1.14155e-06 1.14155e-06 1.14155e-06 1.14155e-06 1.14155e-06 1.14155e-06 1.14155e-06 1.14155e-06 1.14155e-06 1.14155e-06 1.05215e-06 2.885 2.00638e-06 2.23396e-06 2.28311e-06 2.28311e-06 2.28311e-06 2.28311e-06 2.28311e-06 2.28311e-06 2.28311e-06 2.2831e-06 1.14155e-06 1.14155e-06 1.14155e-06 1.14155e-06 1.14155e-06 1.14155e-06 1.14155e-06 1.14155e-06 1.14155e-06 1.14155e-06
8.16001 6.96501 4.08001 2.8851 2.8851 2.8851 2.8851 2.8851 2.8851 2.8851 2.8851 2.8851 2.8851 2.8851 2.8851 2.8851 2.8851 2.8851 2.8851 2.8851 2.8851 2.8851 2.8851 2.8851 2.8851 2.8851 2.8851 2.8851 2.8851 2.8851 2.8851 2.22398e-06 1.14155e-06 1.14155e-06 1.14155e-06 1.14155e-06 1.14155e-06 1.14155e-06 1.14155e-06 1.14155e-06 1.14155e-06 1.14155e-06 1.14155e-06 1.14155e-06 1.14155e-06 1.0867e-06 2.885 2.885 2.09055e-06 2.28311e-06 2.28311e-06 2.28311e-06 2.28311e-06 2.28311e-06 2.28311e-06 2.28311e-06 2.2831e-06 1.14155e-06 1.14155e-06 1.14155e-06 1.14155e-06 1.14155e-06 1.14155e-06 1.14155e-06 1.14155e-06 1.14155e-06 1.14155e-06
6.96501 4.08001 2.8851 2.8851 2.8851 2.8851 2.8851 2.8851 2.8851 2.8851 2.8851 2.8851 2.8851 2.8851 2.8851 2.8851 2.8851 2.8851 2.8851 2.8851 2.8851 2.8851 2.8851 2.8851 2.8851 2.8851 2.8851 2.8851 2.8851 2.8851 2.8851 2.21856e-06 1.14155e-06 1.14155e-06 1.14155e-06 1.14155e-06 1.14155e-06 1.14155e-06 1.14155e-06 1.14155e-06 1.14155e-06 1.14155e-06 1.14155e-06 1.14155e-06 1.14155e-06 1.08367e-06 2.885 2.885 3.09575e-06 2.21334e-06 2.28311e-06 2.26617e-06 2.28311e-06 2.28311e-06 2.28311e-06 2.28311e-06 2.2831e-06 1.14155e-06 1.14155e-06 1.14155e-06 1.14155e-06 1.14155e-06 1.14155e-06 1.14155e-06 1.14155e-06 1.14155e-06 1.14155e-06
4.08001 2.8851 2.8851 2.8851 2.8851 2.8851 2.8851 2.8851 2.8851 2.8851 2.8851 2.8851 2.8851 2.8851 2.8851 2.8851 2.8851 2.8851 2.8851 2.8851 2.8851 2.8851 2.8851 2.8851 2.8851 2.8851 2.8851 2.8851 2.8851 2.8851 2.8851 2.21406e-06 1.14155e-06 1.14155e-06 1.14155e-06 1.14155e-06 1.14155e-06 1.14155e-06 1.14155e-06 1.14155e-06 1.14155e-06 1.14155e-06 1.14155e-06 1.14155e-06 1.14155e-06 1.07623e-06 2.885 4.08001 2.885 2.11269e-06 2.21826e-06 2.28311e-06 2.28311e-06 2.28311e-06 2.28311e-06 2.28311e-06 2.2831e-06 1.14155e-06 1.14155e-06 1.14155e-06 1.14155e-06 1.14155e-06 1.14155e-06 1.14155e-06 1.14155e-06 1.14155e-06 1.14155e-06
2.8851 2.8851 2.8851 2.8851 2.8851 2.8851 2.8851 2.8851 2.8851 2.8851 2.8851 2.8851 2.8851 2.8851 2.8851 2.8851 2.8851 2.8851 2.8851 2.8851 2.8851 2.8851 2.8851 2.8851 2.8851 2.8851 2.8851 2.8851 2.8851 2.8851 2.8851 2.211e-06 1.14155e-06 1.14155e-06 1.14155e-06 1.14155e-06 1.14155e-06 1.14155e-06 1.14155e-06 1.14155e-06 1.14155e-06 1.14155e-06 1.14155e-06 1.12571e-06 1.09898e-06 1.05642e-06 0.979831 3.86483 4.08001 2.885 2.11729e-06 2.28311e-06 2.28311e-06 2.28311e-06 2.28311e-06 2.28311e-06 2.28311e-06 1.14155e-06 1.14155e-06 1.14155e-06 1.14155e-06 1.14155e-06 1.14155e-06 1.14155e-06 1.14155e-06 1.14155e-06 1.14155e-06
2.8851 2.8851 2.8851 2.8851 2.8851 2.8851 2.8851 2.8851 2.8851 2.8851 2.8851 2.8851 2.8851 2.8851 2.8851 2.8851 2.8851 2.8851 2.8851 2.8851 2.8851 2.8851 2.8851 2.8851 2.8851 2.8851 2.8851 2.8851 2.8851 2.8851 2.8851 2.20862e-06 1.14155e-06 1.14155e-06 1.14155e-06 1.14155e-06 1.14155e-06 1.14155e-06 1.14155e-06 1.14155e-06 1.14155e-06 1.14155e-06 1.14155e-06 1.10168e-06 2.885 2.885 2.86313 5.05984 5.77 2.885 3.06348e-06 2.17791e-06 2.28311e-06 2.28311e-06 2.28311e-06 2.28311e-06 1.14155e-06 1.14155e-06 1.14155e-06 1.14155e-06 1.14155e-06 1.14155e-06 1.14155e-06 1.14155e-06 1.14155e-06 1.14155e-06 1.14155e-06
2.8851 2.8851 2.8851 2.8851 2.8851 2.8851 2.8851 2.8851 2.8851 2.8851 2.8851 2.8851 2.8851 2.8851 2.8851 2.8851 2.8851 2.8851 2.8851 2.8851 2.8851 2.8851 2.8851 2.8851 2.8851 2.8851 2.8851 2.8851 2.8851 2.8851 2.8851 2.20919e-06 1.14155e-06 1.14155e-06 1.14155e-06 1.14155e-06 1.14155e-06 1.14155e-06 1.14155e-06 1.14155e-06 1.14155e-06 1.14155e-06 1.14155e-06 1.10139e-06 2.885 4.08001 4.41899 6.94314 6.96501 4.08001 2.885 2.06346e-06 2.28311e-06 2.28311e-06 2.28311e-06 2.28311e-06 1.14155e-06 1.14155e-06 1.14155e-06 1.14155e-06 1.14155e-06 1.14155e-06 1.14155e-06 1.14155e-06 1.14155e-06 1.14155e-06 1.14155e-06
2.8851 2.8851 2.8851 2.8851 2.8851 2.8851 2.8851 2.8851 2.8851 2.8851 2.8851 2.8851 2.8851 2.8851 2.8851 2.8851 2.8851 2.8851 2.8851 2.8851 2.8851 2.8851 2.8851 2.8851 2.8851 2.8851 2.8851 2.8851 2.8851 2.8851 2.8851 2.23184e-06 2.28311e-06 1.14155e-06 1.14155e-06 1.14155e-06 1.14155e-06 1.14155e-06 1.14155e-06 1.14155e-06 1.14155e-06 1.14155e-06 1.14155e-06 1.1254e-06 1.06938e-06 2.885 2.885 4.08001 6.96501 5.77 2.885 1.99197e-06 2.28311e-06 2.28311e-06 2.28311e-06 2.28311e-06 1.14155e-06 1.14155e-06 1.14155e-06 1.14155e-06 1.14155e-06 1.14155e-06 1.14155e-06 1.14155e-06 1.14155e-06 1.14155e-06 1.14155e-06
2.8851 2.8851 2.8851 2.8851 2.8851 2.8851 2.8851 2.8851 2.8851 2.8851 2.8851 2.8851 2.8851 2.8851 2.8851 2.8851 2.8851 2.8851 2.8851 2.8851 2.8851 2.8851 2.8851 2.8851 2.8851 2.8851 2.8851 2.8851 2.8851 2.8851 2.1504e-06 2.26511e-06 2.28311e-06 1.14155e-06 1.14155e-06 1.14155e-06 1.14155e-06 1.14155e-06 1.14155e-06 1.14155e-06 1.14155e-06 1.14155e-06 1.14155e-06 1.14155e-06 1.1251e-06 1.09282e-06 1.02166e-06 2.885 5.77 5.77 2.885 2.98931e-06 2.15658e-06 2.28311e-06 2.28311e-06 2.28311e-06 1.14155e-06 1.14155e-06 1.14155e-06 1.14155e-06 1.14155e-06 1.14155e-06 1.14155e-06 1.14155e-06 1.14155e-06 1.14155e-06 1.14155e-06
2.8851 2.8851 2.8851 2.8851 2.8851 2.8851 2.8851 2.8851 2.8851 2.8851 2.8851 2.8851 2.8851 2.8851 2.8851 2.8851 2.8851 2.8851 2.8851 2.8851 2.8851 2.8851 2.8851 2.8851 2.8851 2.8851 2.8851 2.8851 2.8851 2.16063e-06 2.26084e-06 1.01741e-06 2.24392e-06 2.26737e-06 1.14155e-06 1.14155e-06 1.14155e-06 1.14155e-06 1.14155e-06 1.14155e-06 1.14155e-06 1.14155e-06 1.14155e-06 1.14155e-06 1.14155e-06 1.14155e-06 1.06226e-06 2.885 5.77 6.96501 4.08001 2.885 2.01651e-06 2.28311e-06 2.28311e-06 2.28311e-06 1.14155e-06 1.14155e-06 1.14155e-06 1.14155e-06 1.14155e-06 1.14155e-06 1.14155e-06 1.14155e-06 1.14155e-06 1.14155e-06 1.14155e-06
2.8851 2.8851 2.8851 2.8851 2.8851 2.8851 2.8851 2.8851 2.8851 2.8851 2.8851 2.8851 2.8851 2.8851 2.8851 2.8851 2.8851 2.8851 2.8851 2.8851 2.8851 2.8851 2.8851 2.8851 2.8851 2.8851 2.8851 2.8851 2.22035e-06 2.8851 1.00217e-06 2.8851 2.8851 2.24126e-06 1.14155e-06 1.14155e-06 1.14155e-06 1.14155e-06 1.14155e-06 1.14155e-06 1.14155e-06 1.14155e-06 1.14155e-06 1.14155e-06 1.14155e-06 1.14155e-06 1.06698e-06 2.885 5.77 8.16002 5.77 2.885 2.99765e-06 2.14461e-06 2.28311e-06 2.28311e-06 1.14155e-06 1.14155e-06 1.14155e-06 1.14155e-06 1.14155e-06 1.14155e-06 1.14155e-06 1.14155e-06 1.14155e-06 1.14155e-06 1.14155e-06
2.8851 2.8851 2.8851 2.8851 2.8851 2.8851 2.8851 2.8851 2.8851 2.8851 2.8851 2.8851 2.8851 2.8851 2.8851 2.8851 2.8851 2.8851 2.8851 2.8851 2.8851 2.8851 2.8851 2.8851 2.8851 2.8851 2.8851 2.21503e-06 2.8851 1.0732e-06 2.8851 2.8851 2.8851 2.20259e-06 2.26714e-06 1.14155e-06 1.14155e-06 1.14155e-06 1.14155e-06 1.14155e-06 1.14155e-06 1.14155e-06 1.14155e-06 1.14155e-06 1.14155e-06 1.14155e-06 1.07077e-06 2.885 5.77 8.16001 6.96501 4.08001 2.885 1.99194e-06 2.28311e-06 2.28311e-06 1.14155e-06 1.14155e-06 1.14155e-06 1.14155e-06 1.14155e-06 1.14155e-06 1.14155e-06 1.14155e-06 1.14155e-06 1.14155e-06 1.14155e-06
2.8851 2.8851 2.8851 2.8851 2.8851 2.8851 2.8851 2.8851 2.8851 2.8851 2.8851 2.8851 2.8851 2.8851 2.8851 2.8851 2.8851 2.8851 2.8851 2.8851 2.8851 2.8851 2.8851 2.8851 2.8851 2.8851 2.21074e-06 2.8851 1.06824e-06 2.8851 2.8851 2.8851 2.8851 2.8851 2.24212e-06 1.14155e-06 1.14155e-06 1.14155e-06 1.14155e-06 1.14155e-06 1.14155e-06 1.14155e-06 1.14155e-06 1.14155e-06 1.14155e-06 1.14155e-06 1.09368e-06 2.885 4.08001 6.96501 8.16002 5.77 2.885 2.99486e-06 2.13628e-06 2.28311e-06 1.14155e-06 1.14155e-06 1.14155e-06 1.14155e-06 1.14155e-06 1.14155e-06 1.14155e-06 1.14155e-06 1.14155e-06 1.14155e-06 1.14155e-06
2.8851 2.8851 2.8851 2.8851 2.8851 2.8851 2.8851 2.8851 2.8851 2.8851 2.8851 2.8851 2.8851 2.8851 2.8851 2.8851 2.8851 2.8851 2.8851 2.8851 2.8851 2.8851 2.8851 2.8851 2.8851 2.20718e-06 2.8851 1.06424e-06 2.8851 2.8851 2.8851 2.8851 2.8851 2.8851 2.22229e-06 1.14155e-06 1.14155e-06 1.14155e-06 1.14155e-06 1.14155e-06 1.14155e-06 1.14155e-06 1.14155e-06 1.14155e-06 1.14155e-06 1.14155e-06 1.12458e-06 1.0296e-06 2.885 5.77 8.16001 6.96501 4.08001 2.885 2.15785e-06 1.14155e-06 1.14155e-06 1.14155e-06 1.14155e-06 2.25209e-06 1.11295e-06 2.24505e-06 1.14155e-06 1.14155e-06 1.14155e-06 1.14155e-06 1.14155e-06
2.8851 2.8851 2.8851 2.8851 2.8851 2.8851 2.8851 2.8851 2.8851 2.8851 2.8851 2.8851 2.8851 2.8851 2.8851 2.8851 2.8851 2.8851 2.8851 2.8851 2.8851 2.8851 2.8851 2.8851 2.20412e-06 2.8851 1.06089e-06 2.8851 2.8851 2.8851 2.8851 2.8851 2.8851 2.8851 2.19058e-06 2.2668e-06 1.14155e-06 1.14155e-06 1.14155e-06 1.14155e-06 1.14155e-06 1.14155e-06 1.14155e-06 1.14155e-06 1.14155e-06 1.14155e-06 1.14155e-06 1.08845e-06 2.885 4.08001 6.96501 6.96501 4.08001 2.885 2.19583e-06 1.14155e-06 1.14155e-06 1.14155e-06 2.22617e-06 1.07982e-06 2.885 2.17671e-06 1.14155e-06 1.14155e-06 1.14155e-06 1.14155e-06 1.14155e-06
2.8851 2.8851 2.8851 2.8851 2.8851 2.8851 2.8851 2.8851 2.8851 2.8851 2.8851 2.8851 2.8851 2.8851 2.8851 2.8851 2.8851 2.8851 2.8851 2.8851 2.8851 2.8851 2.8851 2.20142e-06 2.8851 1.05801e-06 2.8851 2.8851 2.8851 2.8851 2.8851 2.8851 2.8851 2.8851 2.8851 2.21075e-06 2.2668e-06 1.14155e-06 1.14155e-06 1.14155e-06 1.14155e-06 1.14155e-06 1.14155e-06 1.14155e-06 1.14155e-06 1.14155e-06 1.14155e-06 1.12456e-06 1.05285e-06 2.885 4.08001 4.08001 2.885 2.04212e-06 2.24965e-06 1.14155e-06 1.12845e-06 2.1699e-06 1.09503e-06 2.8273 2.87496 2.13306e-06 1.14155e-06 1.14155e-06 1.14155e-06 1.14155e-06 1.14155e-06
2.8851 2.8851 2.8851 2.8851 2.8851 2.8851 2.8851 2.8851 2.8851 2.8851 2.8851 2.8851 2.8851 2.8851 2.8851 2.8851 2.8851 2.8851 2.8851 2.8851 2.8851 2.8851 2.19895e-06 2.8851 1.05545e-06 2.8851 2.8851 2.8851 2.8851 2.8851 2.8851 2.8851 2.8851 2.8851 2.8851 2.8851 2.21176e-06 2.26714e-06 1.14155e-06 1.14155e-06 1.14155e-06 1.14155e-06 1.14155e-06 1.14155e-06 1.14155e-06 1.14155e-06 1.14155e-06 1.14155e-06 1.12381e-06 1.04611e-06 2.885 2.885 2.06345e-06 2.24693e-06 1.14155e-06 1.14009e-06 1.10511e-06 2.09816 2.885 1.10286e-06 1.09712e-06 3.23917e-06 1.14155e-06 1.14155e-06 1.14155e-06 1.14155e-06 1.14155e-06
2.8851 2.8851 2.8851 2.8851 2.8851 2.8851 2.8851 2.8851 2.8851 2.8851 2.8851 2.8851 2.8851 2.8851 2.8851 2.8851 2.8851 2.8851 2.8851 2.8851 2.8851 2.19663e-06 2.8851 1.0531e-06 2.8851 2.8851 2.8851 2.8851 2.8851 2.8851 2.8851 2.8851 2.8851 2.8851 2.8851 2.8851 2.8851 2.24063e-06 1.14155e-06 1.14155e-06 1.14155e-06 1.14155e-06 1.14155e-06 1.14155e-06 1.14155e-06 1.14155e-06 1.14155e-06 1.14155e-06 1.14155e-06 1.10021e-06 2.54761 2.88499 2.13719e-06 2.19821e-06 1.11658e-06 1.1394e-06 0.241072 2.45943 2.88497 1.10031e-06 1.14155e-06 1.14155e-06 1.14155e-06 1.14155e-06 1.14155e-06 1.14155e-06 1.14155e-06
2.8851 2.8851 2.8851 2.8851 2.8851 2.8851 2.8851 2.8851 2.8851 2.8851 2.8851 2.8851 2.8851 2.8851 2.8851 2.8851 2.8851 2.8851 2.8851 2.8851 2.19442e-06 2.8851 1.05089e-06 2.8851 2.8851 2.8851 2.8851 2.8851 2.8851 2.8851 2.8851 2.8851 2.8851 2.8851 2.8851 2.8851 2.8851 2.19476e-06 2.22443e-06 2.24212e-06 2.26714e-06 1.14155e-06 1.14155e-06 1.14155e-06 1.14155e-06 1.14155e-06 2.26727e-06 1.14155e-06 1.14155e-06 1.11933e-06 1.06116e-06 0.874731 2.885 2.88499 2.20357e-06 1.1398e-06 1.12506e-06 1.10008e-06 2.20518e-06 1.13944e-06 1.1201e-06 1.12613e-06 1.14155e-06 1.14155e-06 1.14155e-06 1.14155e-06 1.12549e-06
