tests/full-run-ref/erosion_2010_79_1_-87.555.asc
ncols 512
nrows 512
xllcorner -3.24582
yllcorner -4.08743
cellsize 5
NODATA_value -99999
[rows 116 to 144 of 512, columns 67 to 133 of 512]
5.77001 5.77001 5.77001 5.77001 5.77001 5.77001 5.77001 5.77001 5.77001 5.77001 5.65973 11.1688 16.9611 22.7471 28.536 34.3235 40.1102 45.8959 51.6811 57.4646 63.2507 69.0364 73.8345 73.6777 75.9493 78.2526 80.6335 83.0108 85.3836 87.7533 90.1216 92.4895 94.8577 97.2231 99.5748 101.92 104.304 110.214 113.194 119.023 121.756 120.022 117.293 111.423 108.751 102.825 100.201 94.2157 91.6373 85.5831 83.0689 76.9424 74.5256 68.3317 66.0186 59.7578 57.4904 51.143 48.7909 42.2954 39.7145 32.9517 30.2004 23.0791 20.6542 13.2535 11.8201
5.77001 5.77001 5.77001 5.77001 5.77001 5.77001 5.77001 5.77001 5.77001 5.77001 5.66617 11.1846 16.9762 22.7677 28.5576 34.3459 40.1334 45.9194 51.7061 57.4915 63.2698 65.6543 68.0291 67.8573 70.1329 72.4374 74.8167 77.191 79.5603 81.9266 84.2916 86.6555 89.0144 91.3526 93.6763 96.0434 101.989 104.977 110.828 113.552 119.37 117.637 111.787 109.059 103.153 100.482 94.5131 91.8974 85.859 83.2954 77.1778 74.6861 68.4857 66.1013 59.8236 57.5535 51.1993 48.9833 42.5304 40.23 33.6066 31.0675 24.1384 21.4247 14.0948 11.8946 4.99329
5.77001 5.77001 5.77001 5.77001 5.77001 5.77001 5.77001 5.77001 5.77001 5.77001 5.6784 11.2216 17.0129 22.8048 28.5951 34.3842 40.1724 45.9598 51.7421 55.105 57.4732 59.8393 62.2132 62.0281 64.3049 66.6114 68.9893 71.3608 73.7268 76.0895 78.4493 80.8007 83.1229 85.4209 87.769 93.7534 96.7507 102.626 105.352 111.174 113.706 112.204 109.417 103.538 100.805 94.8575 92.1911 86.1718 83.568 77.4691 74.9245 68.735 66.2709 59.9872 57.6412 51.2694 49.0493 42.5907 40.4336 33.8629 31.6212 24.8553 22.3641 15.251 12.7037 5.76216 5.63444
5.77001 5.77001 5.77001 5.77001 5.77001 5.77001 5.77001 5.77001 5.77001 5.77001 5.69432 11.2793 17.0704 22.8612 28.6506 34.4408 40.2265 44.5601 46.9309 49.2914 51.6506 54.0145 56.3894 56.1864 58.4645 60.7744 63.151 65.5197 67.882 70.2384 72.5816 74.8853 77.1536 79.4798 85.508 88.5148 94.4179 97.1459 102.982 105.501 111.327 109.822 103.969 101.181 95.2635 92.5298 86.5343 83.8758 77.7989 75.2111 69.0436 66.5226 60.252 57.821 51.444 49.1428 42.6661 40.5036 33.9289 31.8387 25.137 22.9618 16.0378 13.6941 6.82694 6.09725 2.29766
5.77001 5.77001 5.77001 5.77001 5.77001 5.77001 5.77001 5.77001 5.77001 5.77001 5.71284 11.3477 17.1371 22.9254 28.7164 34.2719 36.411 38.7534 41.108 43.4559 45.8117 48.194 50.7826 50.328 52.611 54.9261 57.3016 59.6668 62.0214 64.3567 66.6396 68.8739 71.1746 77.2518 80.269 86.2034 88.9339 94.7858 97.2991 103.125 108.945 104.413 101.6 95.7208 92.926 86.9634 84.2318 78.1815 75.5346 69.3925 66.8248 60.5799 58.0876 51.7263 49.3343 42.8533 40.6039 34.0108 31.9139 25.2106 23.1959 16.3494 14.3256 7.565 6.71024 2.48238 5.20178
5.77001 5.77001 5.77001 5.77001 5.77001 5.77001 5.77001 5.77001 5.77001 5.77001 5.7313 11.4164 17.2023 22.9887 28.6982 28.4769 30.5953 32.9228 35.255 37.5898 39.97 45.3101 44.9361 44.452 46.7436 49.0658 51.4396 53.796 56.1245 58.3852 60.5812 62.8526 68.984 72.0125 77.982 80.7153 86.5845 89.0922 94.9312 100.758 104.83 102.033 96.1882 93.3681 87.4488 84.6498 78.6359 75.9097 69.7972 67.1657 60.95 58.4071 52.0755 49.6173 43.1552 40.8084 34.2123 32.0221 25.3006 23.2776 16.4326 14.5739 7.85833 7.12462 2.58254 5.22062 5.77
5.77001 5.77001 5.77001 5.77001 5.77001 5.77001 5.77001 5.77001 5.77001 5.77001 5.74934 11.4733 16.263 22.031 22.905 22.6549 24.7546 27.0477 29.3541 31.7151 37.6465 39.4905 39.0547 38.5549 40.8618 43.1915 45.5575 47.8827 50.1206 52.2745 54.5128 60.7037 63.7444 69.7532 72.4896 78.3782 80.8799 86.7348 92.5733 97.7146 102.443 96.6273 93.8231 87.9476 85.118 79.1523 76.3517 70.2794 67.5618 61.3794 58.7674 52.4693 49.9561 43.5281 41.1097 34.5359 32.2412 25.5181 23.395 16.5322 14.6618 7.93437 7.28922 2.58613 5.22781 5.77 5.77001
5.77001 5.77001 5.77001 5.77001 5.77001 5.77001 5.77001 5.77001 5.77001 5.77001 5.76276 8.10862 13.8688 16.2416 17.0968 16.8039 18.8533 21.1062 23.4422 29.4179 33.9899 33.6259 33.1712 32.641 34.9618 37.2946 39.6262 41.8435 43.9524 46.154 52.4102 55.4638 61.5162 64.2563 70.1667 72.6621 78.5347 84.389 89.5332 95.3369 96.9944 94.2491 88.4133 85.5993 79.6856 76.8483 70.8298 68.0301 61.8923 59.1867 52.926 50.3378 43.948 41.4697 34.9349 32.5626 25.8657 23.6303 16.7678 14.7869 8.02689 7.34251 2.55765 5.22787 5.77 5.77001 5.77001
5.77001 5.77001 5.77001 5.77001 5.77001 5.77001 5.77001 5.77 5.77 5.77 5.7688 5.75536 8.08988 11.4342 11.27 10.8842 12.8698 15.1498 21.1588 27.1276 28.1531 27.7474 27.267 26.7054 29.0355 31.3417 33.5489 35.6125 37.7744 44.1025 47.1698 53.2704 56.0146 61.9496 64.4383 70.3307 76.2027 81.3543 87.158 92.952 94.6056 88.7989 86.047 80.1824 77.359 71.4009 68.5579 62.4799 59.6838 53.4725 50.7826 44.4348 41.8751 35.3837 32.946 26.2935 23.9738 17.1419 15.0346 8.2506 7.42226 2.55644 5.22835 5.77 5.77001 5.77001 5.77001
5.77001 5.77001 5.77001 5.77001 5.77001 5.77001 5.77001 5.76999 8.16001 5.77 5.77001 5.76836 5.75929 5.72891 5.65055 5.38881 7.01233 12.9162 18.9426 22.6349 22.2882 21.8623 21.3459 20.7386 23.0481 25.2229 27.2498 29.3715 35.7795 38.8613 45.0152 47.764 53.7265 56.2083 62.1226 68.0142 73.1744 78.9839 84.778 89.651 89.0858 86.4175 80.5938 77.8321 71.933 69.101 63.0923 60.2457 54.101 51.3113 45.0183 42.3479 35.9037 33.3773 26.774 24.3828 17.6012 15.3951 8.60889 7.59152 2.60559 5.2341 5.77 5.77001 5.77001 5.77001 5.77001
5.77001 5.77001 5.77001 5.77001 5.77001 5.77001 5.77001 5.76999 8.16001 5.77 5.77001 5.77001 5.77001 5.77001 5.77001 5.74493 5.40782 11.0868 16.9917 16.7892 16.4139 15.9609 15.401 14.7089 16.882 18.853 20.9395 27.4395 30.5372 36.7496 39.5035 45.497 47.9716 53.9102 59.8236 64.9932 70.8091 76.6071 81.4761 87.2639 86.6968 80.8968 78.223 72.3742 69.6031 63.6639 60.8244 54.7585 51.9103 45.6913 42.911 36.5277 33.8808 27.3304 24.8426 18.1164 15.824 9.05261 7.84736 2.70038 5.24617 5.77 5.77001 5.77001 5.77001 5.77001 5.77001
5.77001 5.77001 5.77001 5.77001 5.77001 5.77001 5.77001 5.77 5.77 5.77 5.77001 5.77001 5.77001 5.77001 5.77001 5.77001 5.70283 11.4551 11.2555 10.9286 10.5521 10.0913 9.51594 8.61823 10.5154 12.4749 19.0833 22.1962 28.473 31.2323 37.2604 39.7279 45.6933 51.6305 56.8106 62.6334 68.4351 73.305 79.0914 84.8764 81.1029 78.514 72.7002 70.0176 64.1388 61.3589 55.3736 52.528 46.3978 43.5504 37.2491 34.4815 27.9985 25.3796 18.7126 16.3069 9.55542 8.16195 2.82629 5.26334 5.77 5.77001 5.77001 5.77001 5.77001 5.77001 5.77001
5.77001 5.77001 5.77001 5.77001 5.77001 5.77001 5.77001 5.77001 5.77001 5.77001 5.77001 5.77001 5.77001 5.77001 5.77001 5.77001 5.76471 5.72656 5.65334 5.56997 5.46601 5.33872 5.15696 4.49568 4.72785 10.8646 13.8472 20.1872 22.9497 29.0163 31.4766 37.4714 43.4349 48.6266 54.4567 60.2621 65.1328 70.922 76.7068 81.2298 78.7145 72.9194 70.3258 64.4912 61.8002 55.8864 53.0985 47.0609 44.2105 38.0088 35.1646 28.7726 26.0211 19.4288 16.872 10.1619 8.53914 2.73213 5.28451 5.77 5.77001 5.77001 5.77001 5.77001 5.77001 5.77001 5.77001
5.77001 5.77001 5.77001 5.77001 5.77001 5.77001 5.77001 5.77001 5.77001 5.77001 5.77001 5.77001 5.77001 5.77001 5.77001 5.77001 5.77001 5.77001 5.77001 5.77001 5.77001 5.77001 5.77001 5.72049 5.05458 6.01051 12.0194 14.6606 20.7654 23.2171 29.2444 35.2366 40.4409 46.279 52.0883 56.9597 62.7515 68.5382 73.3686 78.8403 73.0557 70.5365 64.7288 62.1284 56.2688 53.5698 47.6157 44.8206 38.7241 35.8707 29.5899 26.7515 20.2598 17.5492 10.9009 9.00762 3.19826 5.11986 5.77 5.77001 5.77001 5.77001 5.77001 5.77001 5.77001 5.77001 5.77001
5.77001 5.77001 5.77001 5.77001 5.77001 5.77001 5.77001 5.77001 5.77001 5.77001 5.77001 5.77001 5.77001 5.77001 5.77001 5.77001 5.77001 5.77001 5.77001 5.77001 5.77001 5.77001 5.77001 5.77001 5.72407 5.25686 6.68279 12.5827 14.9519 21.013 27.0359 32.2537 38.1003 43.9138 48.7858 54.5801 60.3687 65.1989 70.9822 73.1121 70.6682 64.8759 62.3523 56.5277 53.9208 48.0318 45.3254 39.3253 36.5241 30.3619 27.5073 21.1393 18.3229 11.7653 9.5865 3.73985 4.96353 5.75936 5.77001 5.77001 5.77001 5.77001 5.77001 5.77001 5.77001 5.77001 5.77001
5.77001 5.77001 5.77001 5.77001 5.77001 5.77001 5.77001 5.77001 5.77001 5.77001 5.77001 5.77001 5.77001 5.77001 5.77001 5.77001 5.77001 5.77001 5.77001 5.77001 5.77001 5.77001 5.77001 5.77001 5.77001 5.73301 5.37118 6.93018 12.8371 18.8865 24.0654 29.921 35.7388 40.6116 46.4082 52.1988 57.0293 62.8125 68.594 70.7232 64.9373 62.4917 56.6881 54.1601 48.3151 45.7021 39.779 37.0659 31.0138 28.2078 21.9726 19.1263 12.6883 10.2654 4.36267 4.98815 5.74626 5.77001 5.77001 5.77001 5.77001 5.77001 5.77001 5.77001 5.77001 5.77001 5.77001
5.77001 5.77001 5.77001 5.77001 5.77001 5.77001 5.77001 5.77001 5.77001 5.77001 5.77001 5.77001 5.77001 5.77001 5.77001 5.77001 5.77001 5.77001 5.77001 5.77001 5.77001 5.77001 5.77001 5.77001 5.77001 5.77001 5.73782 5.34966 10.9503 15.8768 21.7412 27.5639 32.4373 38.2364 44.0289 48.8598 54.645 60.4262 65.2464 68.3345 62.5494 56.7567 54.3087 48.4912 45.9592 40.0901 37.4714 31.5091 28.7901 22.6798 19.8739 13.5715 10.9904 5.04541 5.04934 5.73563 5.77001 5.77001 5.77001 5.77001 5.77001 5.77001 5.77001 5.77001 5.77001 5.77001 5.77001
5.77001 5.77001 5.77001 5.77001 5.77001 5.77001 5.77001 5.77001 5.77001 5.77001 5.77001 5.77001 5.77001 5.77001 5.77001 5.77001 5.77001 5.77001 5.77001 5.77001 5.77001 5.77001 5.77001 5.77001 5.77001 5.77001 5.77001 5.70104 7.78733 13.593 19.4206 24.2635 30.065 35.8595 40.6908 46.4779 52.261 57.0805 62.8573 65.2515 60.1647 54.3719 48.5677 46.1183 40.2841 37.7486 31.8513 29.2276 23.2208 20.4984 14.3291 11.6853 5.72645 5.14285 5.72994 5.77001 5.77001 5.77001 5.77001 5.77001 5.77001 5.77001 5.77001 5.77001 5.77001 5.77001 5.77001
5.77001 5.77001 5.77001 5.77001 5.77001 5.77001 5.77001 5.77001 5.77001 5.77001 5.77001 5.77001 5.77001 5.77001 5.77001 5.77001 5.77001 5.77001 5.77001 5.77001 5.77001 5.77001 5.77001 5.77001 5.77001 5.77001 5.77001 5.75988 5.64044 11.3003 16.0902 21.8942 27.6906 32.5224 38.3113 44.0962 48.9166 54.6938 57.0872 62.8565 57.7797 51.9924 46.1881 40.3692 37.9195 32.0657 29.5274 23.5975 20.9701 14.9156 12.2834 6.33889 5.25642 5.73007 5.77001 5.77001 5.77001 5.77001 5.77001 5.77001 5.77001 5.77001 5.77001 5.77001 5.77001 5.77001 5.77001
5.77001 5.77001 5.77001 5.77001 5.77001 5.77001 5.77001 5.77001 5.77001 5.77001 5.77001 5.77001 5.77001 5.77001 5.77001 5.77001 5.77001 5.77001 5.77001 5.77001 5.77001 5.77001 5.77001 5.77001 5.77001 5.77001 5.77001 5.77001 5.73974 7.97265 13.7424 19.5406 24.3547 30.1454 35.9318 40.7529 46.5309 48.9233 54.6933 57.0862 55.393 49.6117 43.8166 37.9971 32.1601 29.7116 23.8349 21.2948 15.3286 12.7482 6.83566 5.37213 5.73476 5.77001 5.77001 5.77001 5.77001 5.77001 5.77001 5.77001 5.77001 5.77001 5.77001 5.77001 5.77001 5.77001 5.77001
5.77001 5.77001 5.77001 5.77001 5.77001 5.77001 5.77001 5.77001 5.77001 5.77001 5.77001 5.77001 5.77001 5.77001 5.77001 5.77001 5.77001 5.77001 5.77001 5.77001 5.77001 5.77001 5.77001 5.77001 5.77001 5.77001 5.77001 5.77001 5.76499 5.70142 11.3994 16.1878 21.98 27.7677 32.5895 38.368 40.7592 46.5302 48.9229 54.6967 53.0044 47.227 41.4418 35.6362 29.798 23.9393 21.4935 15.5906 13.0755 7.19989 5.4733 5.74152 5.77001 5.77001 5.77001 5.77001 5.77001 5.77001 5.77001 5.77001 5.77001 5.77001 5.77001 5.77001 5.77001 5.77001 5.77001
5.77001 5.77001 5.77001 5.77001 5.77001 5.77001 5.77001 5.77001 5.77001 5.77001 5.77001 5.77001 5.77001 5.77001 5.77001 5.77001 5.77001 5.77001 5.77001 5.77001 5.77001 5.77001 5.77001 5.77001 5.77001 5.77001 5.77001 5.77001 5.77001 5.75268 8.05358 13.8282 19.617 24.4263 30.205 32.5949 38.3667 40.7592 46.5335 52.3069 50.6149 44.8397 39.0603 33.2691 27.4507 21.5899 15.7052 13.2767 7.43672 5.55008 5.74808 5.77001 5.77001 5.77001 5.77001 5.77001 5.77001 5.77001 5.77001 5.77001 5.77001 5.77001 5.77001 5.77001 5.77001 5.77001 5.77001
5.77001 5.77001 5.77001 5.77001 5.77001 5.77001 5.77001 5.77001 5.77001 5.77001 5.77001 5.77001 5.77001 5.77001 5.77001 5.77001 5.77001 5.77001 5.77001 5.77001 5.77001 5.77001 5.77001 5.77001 5.77001 5.77001 5.77001 5.77001 5.77001 5.76716 5.73377 11.4717 16.2633 22.0421 24.4304 30.2028 32.5944 38.3702 44.1441 49.917 48.2251 42.4505 36.6736 30.8901 25.0915 19.2575 13.3706 7.52744 5.59682 5.75307 5.77001 5.77001 5.77001 5.76953 5.76901 5.76902 5.77001 5.77001 5.77001 5.77001 5.77001 5.77001 5.77001 5.77001 5.77001 5.77001 5.77001
5.77001 5.77001 5.77001 5.77001 5.77001 5.77001 5.77001 5.77001 5.77001 5.77001 5.77001 5.77001 5.77001 5.77001 5.77001 5.77001 5.77001 5.77001 5.77001 5.77001 5.77001 5.77001 5.77001 5.77001 5.77001 5.77001 5.77001 5.77001 5.77001 5.77001 5.76205 8.11468 13.8823 16.2655 22.0382 24.4282 30.2057 35.9811 41.7541 47.5269 45.9737 40.1987 34.4223 28.642 22.8542 17.0478 11.1971 5.57046 5.7251 5.76787 5.77001 5.77001 5.76953 5.76813 8.15659 5.76725 5.77001 5.77001 5.77001 5.77001 5.77001 5.77001 5.77001 5.77001 5.77001 5.77001 5.77001
5.77001 5.77001 5.77001 5.77001 5.77001 5.77001 5.77001 5.77001 5.77001 5.77001 5.77001 5.77001 5.77001 5.77001 5.77001 5.77001 5.77001 5.77001 5.77001 5.77001 5.77001 5.77001 5.77001 5.77001 5.77001 5.77001 5.77001 5.77001 5.77001 5.77001 5.76876 5.75632 8.10921 13.8727 16.2605 22.0397 27.8169 33.5911 39.3636 45.1362 47.803 42.0298 36.2559 30.4801 24.7013 19.4814 13.7353 7.94137 9.13877 5.74921 5.76771 5.77001 5.76828 8.14948 11.5346 5.76486 5.77001 5.77001 5.77001 5.77001 5.77001 5.77001 5.77001 5.77001 5.77001 5.77001 5.77001
5.77001 5.77001 5.77001 5.77001 5.77001 5.77001 5.77001 5.77001 5.77001 5.77001 5.77001 5.77001 5.77001 5.77001 5.77001 5.77001 5.77001 5.77001 5.77001 5.77001 5.77001 5.77001 5.77001 5.77001 5.77001 5.77001 5.77001 5.77001 5.77001 5.77001 5.77001 5.76861 5.75435 8.09643 13.8714 19.651 25.4268 31.2005 36.9734 42.7457 48.4299 42.6582 36.8853 31.1105 25.3314 19.6748 16.0807 13.7659 13.844 8.05599 5.72782 5.74295 5.7508 11.5246 11.5291 5.76298 5.77001 5.77001 5.77001 5.77001 5.77001 5.77001 5.77001 5.77001 5.77001 5.77001 5.77001
5.77001 5.77001 5.77001 5.77001 5.77001 5.77001 5.77001 5.77001 5.77001 5.77001 5.77001 5.77001 5.77001 5.77001 5.77001 5.77001 5.77001 5.77001 5.77001 5.77001 5.77001 5.77001 5.77001 5.77001 5.77001 5.77001 5.77001 5.77001 5.77001 5.77001 5.77001 5.77001 5.76836 5.74658 11.4852 17.263 23.0381 28.812 34.5851 40.3573 46.129 45.0492 39.2768 33.5017 27.8503 24.263 21.873 19.5518 16.2274 13.7815 7.98806 11.4742 8.09099 13.8807 11.5165 5.76096 5.77001 5.77001 5.77001 5.77001 5.77001 5.77001 5.77001 5.77001 5.77001 5.77001 5.77001
5.77001 5.77001 5.77001 5.77001 5.77001 5.77001 5.77001 5.77001 5.77001 5.77001 5.77001 5.77001 5.77001 5.77001 5.77001 5.77001 5.77001 5.77001 5.77001 5.77001 5.77001 5.77001 5.77001 5.77001 5.77001 5.77001 5.77001 5.77001 5.77001 5.77001 5.77001 5.77001 5.77001 5.75855 11.5011 17.2758 23.0493 28.8222 34.5944 40.3658 46.1369 47.4397 41.6669 36.0203 32.4354 30.0439 27.6529 24.3966 21.9576 16.1658 13.7792 16.1925 13.8706 16.2697 11.4959 5.75767 5.77001 5.77001 5.77001 5.77001 5.77001 5.77001 5.77001 5.77001 5.77001 5.77001 5.77001
5.77001 5.77001 5.77001 5.77001 5.77001 5.77001 5.77001 5.77001 5.77001 5.77001 5.77001 5.77001 5.77001 5.77001 5.77001 5.77001 5.77001 5.77001 5.77001 5.77001 5.77001 5.77001 5.77001 5.77001 5.77001 5.77001 5.77001 5.77001 5.77001 5.77001 5.77001 5.76999 5.77 5.76197 11.3096 16.2858 22.056 27.8212 33.5931 39.3645 45.1357 49.8299 44.1861 40.6028 38.2111 35.8199 32.5643 30.1275 24.3455 21.9529 19.5664 21.9709 19.6459 17.2499 11.4683 5.75311 5.77001 5.77001 5.77001 5.77001 5.77001 5.77001 5.77001 5.77001 5.77001 5.77001 5.77001
