tests/full-run-ref/erosion_79_12_72.935.asc
ncols 512
nrows 512
xllcorner -3.24582
yllcorner -4.08743
cellsize 5
NODATA_value -99999
[rows 0 to 28 of 512, columns 134 to 200 of 512]
17.4239 18.5654 19.5151 18.5334 17.2967 17.2851 19.6751 19.5784 17.31 19.7 17.31 17.31 17.31 17.31 17.31 17.31 18.1642 19.4132 21.0794 21.0743 22.09 19.7 17.31 17.31 17.2964 17.2465 19.5638 21.9538 22.1931 22.1813 21.8619 23.1188 23.4742 21.0842 22.7307 20.8623 23.2523 22.7755 24.3114 26.3416 27.501 29.7508 32.1408 32.2426 32.1446 30.0193 27.6293 29.8376 32.2276 33.6992 33.4601 32.8212 33.286 33.075 34.5879 32.1978 33.0421 32.2983 29.9083 27.5183 28.207 30.0316 32.0101 33.5142 33.447 35.837 38.227
11.6539 12.7954 13.7451 12.7634 11.5267 11.5151 13.9587 13.6292 11.54 13.93 11.54 11.54 11.54 11.54 11.54 11.54 12.3942 13.6432 15.3094 15.3043 16.32 13.93 11.54 11.54 11.5112 11.4163 13.7617 16.3198 16.4231 16.4112 16.0919 16.466 17.7042 15.3142 16.9607 15.0923 17.4823 17.0055 18.1815 20.5716 21.7152 23.7981 26.3266 26.4726 26.3746 24.1585 21.8421 23.896 26.5485 27.9292 27.6901 27.0512 27.516 27.2426 28.8179 26.4278 27.2721 26.4496 24.0596 21.6696 22.437 23.85 26.2401 27.7442 27.6612 29.8769 32.3064
5.88388 7.02537 42.2365 6.99338 5.77002 5.79871 142.507 15.5697 5.77002 235.937 5.77002 5.77002 5.77002 5.77002 7.64057 5.77002 6.62593 70.2592 74.7217 55.2199 99.9818 102.583 5.77002 5.77002 5.77002 5.77002 154 76.2571 59.5044 61.7473 60.2711 56.8563 78.52 54.5973 80.3554 39.7788 63.0778 42.3265 29.9073 40.4866 38.5729 26.3325 30.0609 197.687 42.484 34.6589 40.7213 26.3267 42.1521 60.4226 58.3361 59.3277 60.0557 48.3775 64.0746 94.2147 68.2273 57.8325 34.9514 43.5212 39.3485 29.8194 32.7397 53.3288 43.238 30.8029 53.4811
5.0985 3.83403 3.19422 3.87019 5.22066 4.45409 4.20563 3.27445 3.82746 2.80761 3.20909 5.77001 5.77001 3.37805 2.71808 2.96059 4.13205 3.54402 4.17017 3.84067 327.135 3.52054 1.93457 5.77001 5.77001 2.91381 4.81858 4.99729 5.0022 4.9977 4.8681 4.93168 389.169 3.9154 5.53554 3.66024 5.82656 5.49535 6.29473 131.05 49.3794 32.6239 24.8954 18.0222 32.5824 45.9048 58.5325 29.1475 85.1793 56.1796 48.9152 46.8605 49.214 39.7311 32.2101 18.5023 33.9689 100.845 41.0987 56.1188 44.9617 30.8463 37.2013 58.5482 35.9697 25.0682 23.3335
5.77002 5.77002 5.77002 5.77002 5.77002 5.77002 5.77002 5.77002 5.77001 5.77001 5.77001 5.77001 5.77001 5.77001 5.77001 5.77001 5.77001 5.77002 5.77002 4.35065 3.60838 1.80241 5.77001 5.77001 5.77002 5.77002 5.77001 5.77001 5.77001 5.77002 5.77002 4.18739 3.88434 2.01727 5.77001 5.38786 5.57712 5.2816 5.36282 4.8289 4.33885 126.281 70.8688 59.709 73.9808 175.912 4.37886 175.773 75.1583 59.641 59.9883 55.7418 63.5524 49.6916 78.0768 48.6207 63.3982 81.2662 210.804 4.28587 5.1722 6.12518 139.101 69.4082 46.4582 31.9358 28.6006
5.77001 5.77001 5.77001 5.77001 5.77001 5.77001 5.77001 5.77001 5.77 5.77001 5.77001 5.77 5.77 5.77001 5.77001 5.77001 5.77001 5.77001 5.77001 5.77001 5.77001 5.77001 5.77001 5.77001 5.77001 5.77001 5.77001 5.77001 5.77001 5.77001 5.77001 5.77002 5.77001 5.77001 5.77001 5.77002 5.77002 5.77002 5.77001 5.77002 4.92638 3.43277 3.82406 3.85208 3.70297 3.67579 3.34457 4.5526 4.55619 4.82821 4.62873 4.28729 4.5591 4.03418 314.154 3.48931 4.34361 4.21094 4.23045 2.13957 5.25948 5.28794 5.09679 4.79018 4.53267 179.172 73.4914
5.77001 5.77001 5.77001 5.77001 5.77001 5.77001 5.77001 5.77 5.77 5.77001 5.77 5.77 5.77 5.77 5.77001 5.77 5.77 5.77001 5.77001 5.77001 5.77001 5.77001 5.77001 5.77001 5.77001 5.77001 5.77 5.77 5.77001 5.77001 5.77001 5.77001 5.77001 5.77001 5.77001 5.77001 5.77002 5.77001 5.77001 5.77001 5.77001 5.77002 5.77002 5.77002 5.77001 5.77001 5.77002 5.77002 5.77002 5.77002 5.77002 5.77002 5.77002 3.33759 3.41785 1.29522 5.77001 5.77001 5.77001 5.77001 5.77002 5.77001 5.77001 5.77001 5.04872 4.32904 4.06784
5.77001 5.77001 5.77001 5.77001 5.77001 5.77 5.77001 5.77 5.77 5.77 5.77 5.77 5.77 5.76999 5.77 5.77 5.77 5.77 5.77 5.76999 5.77 5.77 5.77001 5.77001 5.77 5.76999 5.77 5.77 5.77001 5.77001 5.77 5.77001 5.77001 5.77001 5.77001 5.77001 5.77001 5.77001 5.77001 5.77001 5.77001 5.77001 5.77002 5.77001 5.77001 5.77001 5.77001 5.77002 5.77002 5.77002 5.77001 5.77001 5.77001 5.77001 5.77001 5.77001 5.77001 5.77001 5.77001 5.77001 5.77001 5.77001 5.77001 5.77001 5.77001 5.77001 5.77001
5.77001 5.77001 5.77 5.77 5.77 5.77 5.77 5.77 5.77 5.77 5.77 5.77 5.76998 5.76996 5.76999 5.76999 5.76999 5.76999 5.77 5.76998 5.76998 5.76999 5.77 5.76999 5.76998 5.76998 5.76999 5.77001 5.77 5.77001 5.77001 5.77001 5.77001 5.77001 5.77001 5.77001 5.77001 5.77001 5.77001 5.77001 5.77001 5.77001 5.77001 5.77001 5.77001 5.77001 5.77001 5.77001 5.77001 5.77001 5.77001 5.77001 5.77001 5.77001 5.77001 5.77001 5.77001 5.77001 5.77001 5.77001 5.77001 5.77001 5.77001 5.77001 5.77001 5.77001 5.77001
5.77 5.77 5.77 5.77 5.77 5.77 5.77 5.77 5.77 5.77001 5.77 5.76998 5.76995 5.76997 5.76998 5.76999 5.76999 5.76999 5.76997 5.76998 5.77001 5.76998 5.76998 5.76999 5.76998 5.76998 5.76998 5.77 5.77 5.77 5.77 5.77001 5.77 5.77001 5.77001 5.77 5.77 5.77001 5.77001 5.77001 5.77001 5.77001 5.77001 5.77001 5.77001 5.77001 5.77001 5.77001 5.77001 5.77001 5.77001 5.77001 5.77001 5.77001 5.77001 5.77001 5.77001 5.77001 5.77001 5.77001 5.77001 5.77001 5.77001 5.77001 5.77001 5.77001 5.77001
5.77 5.77 5.77 5.77 5.77 5.77 5.77 5.77 5.77 5.77 5.76998 5.76995 5.76996 5.76997 5.76996 5.76999 5.76998 5.76998 5.76996 5.76995 5.76997 5.76998 5.76999 5.76999 5.76999 5.76998 5.76996 5.76998 5.76999 5.76999 5.77 5.76997 5.76999 5.76998 5.76999 5.76999 5.77 5.77 5.77 5.77 5.77001 5.77001 5.77001 5.77001 5.77001 5.77001 5.77001 4.76927 4.96733 5.13454 5.77001 5.77001 5.77001 5.77001 5.77001 5.77001 5.77001 5.77001 5.77001 5.77001 5.77001 5.77001 5.77001 5.77001 5.77001 5.77001 5.77001
5.77 5.77 5.77 5.77 5.77 5.77 5.77 5.77 5.76997 5.76994 5.76992 5.76997 5.76997 5.76995 5.76997 5.76996 5.76998 5.76996 5.76997 5.76998 5.76996 5.76996 5.76999 5.76999 5.76999 5.77 5.76998 5.76995 5.76997 5.76998 5.77001 5.76998 5.76997 5.76997 5.76997 5.76999 5.77 5.77 5.76999 5.77 5.77 5.77001 5.77001 5.77001 5.77001 5.77001 5.77001 5.05125 6.16 5.07903 5.77001 5.77001 5.77001 5.77001 5.77 5.77 5.77 5.77001 5.77001 5.77001 5.77001 5.77001 5.77001 5.77002 5.77001 5.77001 5.77001
5.76989 5.76987 5.76989 5.76993 5.76995 5.76996 5.76997 5.76996 5.76993 5.76992 5.76994 5.76996 5.76996 5.76997 5.76993 5.76993 5.76995 5.76993 5.76995 5.77 5.76999 5.76997 5.76999 5.77 5.77 5.76999 5.76999 5.76999 5.76998 5.76999 5.76999 5.76999 5.76997 5.76998 5.76999 5.76999 5.77 5.77 5.76999 5.77 5.76998 5.77001 5.77001 5.77001 5.77001 5.77001 5.77001 5.00629 4.84325 4.87015 5.77001 5.77001 5.77001 5.77 5.76999 5.77 5.77 5.77001 5.77001 5.77001 5.77001 5.77001 5.77001 5.77001 5.77001 5.77001 5.77001
5.76986 5.76985 5.76988 5.76992 5.76994 5.76995 5.76996 5.76995 5.76995 5.76995 5.76995 5.76998 5.76996 5.76994 5.76993 5.76996 5.76996 5.76994 5.76994 5.76993 5.76996 5.77 5.76999 5.76998 5.76999 5.76999 5.77 5.77 5.77 5.76999 5.76999 5.76998 5.76999 5.77 5.76999 5.76999 5.77 5.77001 5.77 5.76999 5.76999 5.76997 5.76999 5.76999 5.77001 5.77001 5.77001 5.77 5.77 5.77001 5.77 5.77 5.77 5.76998 5.76998 5.77 5.77 5.77 5.77001 5.77001 5.77001 5.77 5.77 5.77 5.77 5.77 5.77
5.76987 5.76985 5.76992 5.76989 5.76992 5.76994 5.76995 5.76995 5.76995 5.76995 5.76995 5.76996 5.76995 5.76992 5.76996 5.76998 5.76997 5.76995 5.76994 5.76992 5.76997 5.77 5.77 5.77 5.76997 5.76999 5.77 5.77 5.77 5.76998 5.76997 5.76998 5.76999 5.77 5.77 5.76999 5.76999 5.77 5.77 5.77 5.77 5.76999 5.76999 5.77 5.77 5.77 5.76999 5.77 5.77 5.77 5.77 5.76999 5.76999 5.76999 5.76999 5.76997 5.76999 5.77001 5.77 5.77 5.77001 5.76999 5.76999 5.77 5.77 5.77 5.77
5.76989 5.7699 5.76987 5.76989 5.7699 5.7699 5.7699 5.7699 5.76991 5.76991 5.7699 5.7699 5.7699 5.76994 5.76995 5.76996 5.76997 5.76996 5.76999 5.76997 5.76998 5.77 5.77001 5.77001 5.76999 5.76999 5.77001 5.77001 5.77 5.76998 5.76997 5.76997 5.76999 5.77 5.77 5.76999 5.76999 5.77 5.77 5.77 5.77 5.77 5.77 5.76999 5.76998 5.76998 5.76999 5.76999 5.76999 5.76999 5.76999 5.76999 5.77001 5.76999 5.76998 5.76998 5.76998 5.77 5.76999 5.76996 5.76998 5.77 5.76999 5.76999 5.77 5.77001 5.77001
5.76999 5.77 5.77 5.76999 5.77 5.76999 5.76999 5.76998 5.76997 5.76997 5.76994 5.76994 5.76996 5.76999 5.77 5.76999 5.76997 5.76996 5.76999 5.76998 5.76998 5.77 5.77001 5.77001 5.77 5.77 5.77001 5.77 5.77 5.76998 5.76996 5.76996 5.76998 5.76998 5.76999 5.76998 5.77 5.76999 5.76999 5.76997 5.76999 5.77001 5.77 5.76999 5.76999 5.77 5.77 5.76999 5.76999 5.76999 5.76999 5.76997 5.76995 5.76994 5.76997 5.76999 5.76999 5.76998 5.76997 5.76997 5.76999 5.76999 5.77 5.77 5.76999 5.77 5.77001
5.77 5.77 5.77 5.77 5.76999 5.76999 5.76999 5.76998 5.76998 5.76997 5.76996 5.76992 5.76999 5.76999 5.76999 5.76997 5.76994 5.76993 5.76996 5.76997 5.76995 5.77 5.77 5.77001 5.76999 5.77 5.77001 5.77 5.76999 5.76998 5.76997 5.76997 5.76998 5.76999 5.76998 5.76998 5.76999 5.76999 5.76996 5.76997 5.77 5.77 5.77 5.76999 5.76998 5.76999 5.77 5.77 5.76999 5.77 5.76999 5.76998 5.76994 5.76993 5.76997 5.76997 5.77001 5.76997 5.76998 5.76997 5.76999 5.77 5.77001 5.77 5.77 5.77001 5.77001
5.76994 5.76994 5.76995 5.76997 5.76994 5.76996 5.76996 5.76996 5.76996 5.76996 5.76996 5.7699 5.76991 5.76992 5.76994 5.76991 5.76989 5.76987 5.76997 5.7699 5.7699 5.76999 5.77 5.77 5.76999 5.77 5.77 5.77 5.76999 5.76997 5.76998 5.76999 5.76999 5.77 5.76999 5.77 5.76997 5.76997 5.76996 5.76997 5.76999 5.77 5.76999 5.76998 5.76998 5.76998 5.76998 5.77 5.77 5.77 5.76999 5.76997 5.76998 5.76995 5.76996 5.76998 5.76998 5.76999 5.76998 5.76998 5.76998 5.76999 5.77 5.77 5.77 5.77001 5.77001
5.76994 5.76994 5.76995 5.76995 5.76994 5.76992 5.76995 5.76995 5.76995 5.76993 5.76991 5.7699 5.76997 5.76997 5.76988 5.76986 5.76986 5.76983 5.76983 5.76987 5.7699 5.77 5.77 5.76999 5.76999 5.76999 5.77 5.76999 5.76998 5.76997 5.76997 5.76996 5.76999 5.77001 5.77 5.76998 5.76999 5.76999 5.76999 5.76998 5.76999 5.76999 5.76998 5.76997 5.76998 5.76998 5.77 5.77001 5.77001 5.77 5.76997 5.76997 5.76996 5.76997 5.76998 5.76998 5.76998 5.76996 5.76996 5.76997 5.76998 5.76999 5.76999 5.76999 5.76999 5.77001 5.77001
5.76995 5.76995 5.76994 5.76993 5.76996 5.76993 5.76994 5.76992 5.7699 5.76985 5.76983 5.76982 5.76985 5.76987 5.76986 5.76982 5.76979 5.76976 5.76999 5.76994 5.76992 5.77 5.77 5.77001 5.77 5.76999 5.76999 5.76997 5.76996 5.76995 5.76996 5.76996 5.76999 5.76999 5.77 5.77 5.77001 5.77 5.77 5.76999 5.76999 5.76999 5.76997 5.76997 5.76999 5.77 5.77 5.77 5.76999 5.77 5.76998 5.76998 5.76999 5.76999 5.76998 5.76997 5.76995 5.76995 5.76996 5.76998 5.76999 5.77 5.76999 5.77 5.77001 5.77 5.77001
5.76993 5.7699 5.76994 5.76997 5.76999 5.76998 5.76995 5.76992 5.76988 5.76985 5.76977 5.76986 5.7699 5.77 5.76995 5.76994 5.7699 5.76986 5.76998 5.76999 5.76998 5.77 5.77 5.77 5.77001 5.77 5.77001 5.77001 5.76999 5.76999 5.76998 5.76996 5.76999 5.76999 5.77 5.77001 5.77001 5.77 5.76999 5.77001 5.77001 5.77001 5.76999 5.76999 5.77 5.77 5.77 5.77 5.76999 5.77 5.77 5.77 5.77001 5.77001 5.76999 5.76997 5.76996 5.76998 5.76998 5.77 5.77 5.77 5.77001 5.77001 5.77001 5.77001 5.77001
5.77001 5.76996 5.76994 5.76999 5.77 5.77 5.77 5.76999 5.76999 5.77 5.7699 5.76991 5.76997 5.76999 5.76997 5.76998 5.76998 5.76996 5.76998 5.77 5.77 5.77001 5.77 5.77001 5.77001 5.77001 5.77001 5.77001 5.77001 5.77 5.76998 5.76998 5.76998 5.77 5.77001 5.77001 5.77 5.76999 5.77 5.77001 5.77001 5.77001 5.77001 5.77 5.77001 5.77002 5.77002 5.77001 5.77002 5.77 5.77001 5.77001 5.77001 5.77001 5.77001 5.76999 5.76999 5.76999 5.76998 5.76999 5.76999 5.77 5.77001 5.77001 5.77001 5.77001 5.77001
5.77001 5.77001 5.77 5.77 5.77001 5.77001 5.77 5.77 5.77 5.77 5.76996 5.76999 5.77 5.76999 5.76997 5.76998 5.77 5.77001 5.77001 5.77002 5.77002 5.77001 5.77001 5.77001 5.77001 5.77001 5.77002 5.77001 5.77001 5.77001 5.77001 5.77001 5.77001 5.77001 5.77001 5.77001 5.77001 5.77001 5.77 5.77001 5.77001 5.77001 5.77001 5.77001 5.77001 5.77001 5.77002 5.77002 5.77001 5.77 5.77001 5.77001 5.77001 5.77 5.77 5.77001 5.77001 5.77 5.77 5.77 5.77 5.77001 5.77001 5.77001 5.77001 5.77 5.77001
5.77001 5.77001 5.77001 5.77001 5.77 3.94611 2.27169 1.90684 5.76999 5.77 5.77 5.77 5.77001 5.76999 5.76998 5.76998 5.76999 5.77002 5.18629 4.83219 5.33098 4.76579 3.9485 0.485689 5.77001 5.77001 5.77001 5.77001 5.77001 5.77001 5.77001 5.40126 5.18743 5.31794 5.77001 5.77001 5.77001 5.77001 5.77001 5.77001 5.77001 5.77001 5.77001 5.77001 5.77001 5.77001 5.77001 5.77001 5.77 5.77001 5.77001 5.77 5.77 5.77001 5.77001 5.77001 5.77001 5.77 5.77001 5.77001 5.77001 5.77001 5.77001 5.77002 5.77001 5.77001 5.77
5.77001 5.77001 5.77001 5.77001 5.77001 4.63495 6.35319 4.46127 5.76999 5.77 5.77001 5.77001 5.77001 5.77001 5.77001 5.77001 5.77001 5.77001 4.85961 6.87435 4.85139 4.41481 182.263 3.29894 5.77001 5.77001 5.77001 5.77001 5.77001 5.77001 5.77001 5.04313 6.16 5.18525 5.77002 5.77001 5.77002 5.77001 5.77001 5.77001 5.77001 5.77001 5.77001 5.77001 5.77001 5.77001 5.77001 5.77001 5.77001 5.77 5.77001 5.77001 5.77 5.77 5.77001 5.77001 5.77 5.77001 5.77002 5.77002 5.77002 5.77001 5.77001 5.77001 5.77001 5.77001 5.77001
5.77001 5.77001 5.77001 5.77001 5.77001 5.13531 4.85143 3.71655 5.77 5.77001 5.77001 5.77001 4.11922 3.22636 3.12826 4.59867 5.17514 5.77002 5.14707 4.58173 4.62386 3.96606 3.31065 4.63084 5.77002 5.77001 5.77002 5.77002 5.77002 5.77002 5.77001 5.203 5.19091 5.4774 5.77002 5.77001 5.77001 5.77001 5.77002 5.77002 5.77002 5.77002 5.77002 5.77001 5.56763 5.51017 5.5578 5.77002 5.77001 5.77001 5.77001 5.77001 5.77001 5.77001 5.77001 5.77001 5.77001 5.77001 5.77001 5.77001 5.77001 5.77001 5.77001 5.77001 5.77001 5.77001 5.77001
5.77001 5.77001 5.77001 5.77001 5.77001 5.77001 5.77001 5.77001 5.77002 5.77002 5.77001 5.77001 3.92368 7.37826 3.64711 6.16001 5.2168 5.77001 5.77001 5.77001 5.77001 5.77001 5.77001 5.77001 5.77001 5.77001 5.77001 5.77002 5.77001 5.77001 5.77001 5.27485 5.09603 5.45175 5.77002 5.77002 5.51659 5.19731 5.42448 5.77001 5.77002 5.77001 5.77001 5.77001 5.48137 5.91755 5.47144 5.77001 5.77001 5.77001 5.77001 5.77001 5.77001 5.77002 5.77001 5.77001 5.07519 5.06003 5.23324 5.77001 5.77001 5.77001 5.77001 5.77001 5.77001 5.77001 5.77001
5.77001 5.77001 5.77001 5.77001 5.77001 5.77001 5.77001 5.77002 5.77002 5.77002 5.77002 5.77001 4.31628 4.1781 4.25213 5.38787 5.29994 5.77001 5.77001 5.77002 5.77001 5.77002 5.77001 5.77001 5.77002 3.96176 2.86962 3.74133 5.77001 5.25194 5.25142 5.37788 6.12941 5.41461 5.77002 5.77002 5.37941 6.01936 5.34185 5.77001 5.77002 5.77001 5.77001 5.77002 5.60726 5.52469 5.60918 5.77001 4.85794 4.8118 5.16213 5.77001 5.77001 5.77002 5.77001 5.77001 5.08159 6.16 5.16031 5.77001 5.77002 5.77001 5.77002 5.77002 5.77001 5.77001 5.77001
