tests/full-run-ref/erosion_2010_78_16_47.110.asc
ncols 512
nrows 512
xllcorner -3.24582
yllcorner -4.08743
cellsize 5
NODATA_value -99999
[rows 420 to 461 of 512, columns 0 to 95 of 512]
338.817 339.938 16.6161 16.6161 16.6161 16.6161 16.6161 16.6161 16.6161 16.6161 16.6161 16.6161 16.6161 16.6161 16.6161 16.6161 16.6161 16.6161 16.6161 16.6161 16.616 188.84 340.234 340.237 340.231 340.221 0 0 0 0 0 0 0 0 0 0 0 0 332.747 146.06 0 0 0 0 0 0 0 0 0 0 0 0 0 0 0 0 216.871 222.641 222.641 236.571 222.641 222.641 227.8 240.962 240.962 227.8 240.962 246.732 247.11 247.11 247.11 247.11 261.338 261.338 261.338 261.338 261.338 0 0 0 274.798 243.993 249.89 203.59 203.59 203.59 203.59 203.59 203.59 203.59 211.75 211.75 219.91 227.343 227.343 236.103
338.919 340.042 16.6161 16.6161 16.6161 16.6161 16.6161 16.6161 16.6161 16.6161 16.6161 16.6161 16.6161 16.6161 16.6161 16.6161 16.6161 16.6161 16.6161 16.616 340.431 194.237 188.466 182.753 177.081 171.417 0 0 0 0 0 0 0 0 0 0 0 0 146.06 0 0 0 0 0 0 0 0 0 0 0 146.024 0 208.711 0 0 0 218.08 222.641 222.641 222.641 222.641 222.641 240.283 240.962 240.962 240.962 240.962 246.732 247.11 247.11 247.11 247.11 247.11 252.502 254.892 254.892 0 0 0 0 0 282.899 252.151 257.66 203.59 203.59 203.59 203.59 203.59 203.59 211.75 278.9 219.91 219.91 227.943 0
339.023 340.149 16.6161 16.6161 16.6161 16.6161 16.6161 16.6161 16.6161 16.6161 16.6161 16.6161 16.6161 16.6161 16.6161 16.6161 16.6161 16.6161 16.616 340.643 202.65 155.591 186.45 180.68 174.91 169.14 163.37 157.6 151.83 0 0 146.06 146.06 146.06 146.06 146.06 146.06 146.06 146.06 146.06 146.06 146.06 146.06 146.06 146.06 146.06 146.06 146.06 146.06 146.06 146.06 0 0 0 0 0 146.06 222.641 222.641 222.641 222.641 240.962 240.962 240.283 246.732 246.732 246.732 246.732 246.732 246.732 246.732 246.732 0 0 0 0 0 0 0 0 0 0 291.059 260.311 263.82 203.59 203.59 203.59 203.59 203.59 276.37 211.75 211.75 219.783 0 0
339.131 340.261 179.759 179.759 179.759 179.759 179.759 179.759 179.759 179.759 179.759 179.759 179.759 179.759 179.759 179.759 179.759 179.759 340.857 210.775 155.591 189.818 184.048 178.278 172.508 166.738 160.968 155.21 149.437 0 0 0 0 0 0 0 0 0 0 0 0 0 0 0 0 0 0 0 0 0 0 0 145.528 146.06 0 139.643 227.42 222.641 222.641 222.641 222.641 240.283 240.283 240.283 240.283 240.283 240.283 240.283 240.283 240.283 240.283 0 0 0 0 0 0 0 0 0 0 0 0 299.265 268.476 271.59 260.44 263.43 265.82 276.37 203.59 214.086 211.622 0 0 0
339.244 340.378 224.86 224.86 224.86 224.86 224.86 224.86 224.86 224.86 224.86 224.86 224.86 224.86 224.86 224.86 341.063 216.7 218.959 155.591 193.21 187.428 181.658 175.888 170.118 164.348 158.578 152.82 147.05 146.06 146.06 146.06 146.06 146.06 146.06 146.06 146.06 146.06 146.06 146.06 146.06 146.06 146.06 146.06 146.06 146.06 146.06 146.06 146.06 146.06 146.06 146.06 146.06 146.06 146.06 146.059 246.617 222.641 222.641 234.513 222.641 222.641 234.513 234.513 234.513 234.513 234.513 234.513 234.513 234.513 0 0 0 0 0 0 0 0 0 0 0 0 0 0 305.019 276.003 279.75 268.6 279.685 282.135 205.927 203.462 0 0 0 0
339.359 340.499 233.02 233.02 233.02 233.02 233.02 233.02 233.02 233.02 233.02 233.02 233.02 233.02 233.02 341.267 224.86 209.53 155.591 201.249 190.805 185.038 179.268 173.498 167.728 161.958 156.2 150.425 146.06 146.06 146.06 146.06 146.06 146.06 146.06 146.06 146.06 146.06 146.06 146.06 146.06 146.06 146.06 146.06 146.06 146.06 146.06 146.06 146.06 146.06 146.06 146.06 146.06 146.06 146.06 146.059 236.611 234.091 222.641 222.641 222.641 222.64 222.641 222.641 222.641 222.641 222.641 222.641 222.641 0 0 0 0 0 0 0 0 0 0 0 0 0 0 0 0 308.499 284.105 287.792 284.907 197.767 195.302 0 0 0 0 0
339.479 340.624 273.82 273.82 273.82 273.82 273.82 273.82 273.82 273.82 273.82 273.82 273.82 273.82 341.458 233.02 216.128 155.591 209.53 198.98 188.418 182.648 176.89 171.108 165.338 159.568 153.81 148.04 146.06 146.06 146.06 146.06 146.06 146.06 146.06 146.06 146.06 146.06 146.06 146.06 146.06 146.06 146.06 146.06 146.06 146.06 146.06 146.06 146.06 146.06 146.06 146.06 146.06 146.06 146.06 146.059 146.06 146.06 222.641 222.641 222.64 222.64 222.641 222.641 222.641 222.641 222.641 222.641 0 0 0 0 0 0 0 0 0 0 0 0 0 0 0 0 0 0 0 0 0 187.142 0 0 0 0 0 0
339.601 340.751 273.82 273.82 273.82 273.82 273.82 273.82 273.82 273.82 273.82 273.82 273.82 341.632 341.664 216.128 155.591 217.69 207.14 196.59 186.028 180.258 174.488 168.718 162.948 157.19 151.414 146.06 146.06 146.06 146.06 146.06 146.06 146.06 146.06 146.06 146.06 146.06 146.06 146.06 146.06 146.06 146.06 146.06 146.06 146.06 146.06 146.06 146.06 146.06 146.06 146.06 146.06 146.06 146.06 146.059 146.06 146.06 146.06 146.06 146.06 146.06 146.06 146.06 146.06 146.06 146.06 0 0 0 0 0 0 0 0 0 0 0 0 0 0 0 0 0 0 285.476 309.485 178.251 0 0 0 0 0 0 0 0
339.727 340.881 273.82 273.82 273.82 273.82 273.82 273.82 273.82 273.82 273.82 273.82 341.79 341.831 216.128 155.591 225.85 215.3 204.75 194.2 188.43 182.66 176.89 171.12 165.35 159.58 153.81 148.04 146.06 146.06 146.06 146.06 146.06 146.06 146.06 146.06 146.06 146.06 146.06 146.06 146.06 146.06 146.06 146.06 146.06 146.06 146.06 146.06 146.06 146.06 146.06 146.06 146.06 146.06 146.06 146.059 146.059 146.06 222.973 146.058 146.057 146.058 146.059 146.06 146.06 146.06 146.06 0 146.06 146.06 146.06 0 228.742 0 0 0 0 0 0 0 0 0 0 0 297.795 303.752 173.287 0 0 0 0 0 0 0 0 0
339.856 341.015 273.82 273.82 273.82 273.82 273.82 273.82 273.82 273.82 273.82 341.933 341.982 259.787 155.591 234.01 223.46 212.91 202.36 191.81 186.04 180.27 174.5 168.73 162.96 157.19 151.42 146.06 146.06 146.06 146.06 146.06 146.06 146.06 146.06 146.06 146.06 146.06 146.06 146.06 146.06 146.06 146.06 146.06 146.06 146.06 146.06 146.06 146.06 146.06 146.06 146.06 146.06 146.06 146.06 146.059 218.038 222.973 222.973 146.056 0 0 0 0 0 0 0 0 0 0 0 0 0 0 0 0 0 0 0 0 0 0 0 292.213 297.983 165.126 0 0 0 0 0 0 0 0 0 0
339.987 341.151 273.82 273.82 273.82 273.82 273.82 273.82 273.82 273.82 342.059 342.116 267.9 155.591 242.17 231.62 221.07 210.52 199.97 189.408 183.638 177.868 172.098 166.328 160.558 154.8 149.03 146.06 146.06 146.06 146.06 146.06 146.06 146.06 146.06 146.06 146.06 146.06 146.06 146.06 146.06 146.06 146.06 146.06 146.06 146.06 146.06 146.06 146.06 146.06 146.06 146.06 146.06 146.06 146.06 146.06 146.059 146.06 146.059 146.059 0 0 0 0 0 0 0 0 0 0 0 0 0 0 0 0 0 0 0 0 0 0 286.443 292.212 157.019 0 0 0 0 0 0 0 0 0 0 0
340.12 341.287 281.082 281.082 281.082 281.082 281.082 281.082 281.082 342.164 273.82 276.062 155.591 250.33 239.78 229.23 218.68 208.13 197.58 191.81 186.04 180.27 174.5 168.73 162.96 157.19 151.42 146.06 146.06 146.06 146.06 146.06 146.06 146.06 146.06 146.06 146.06 146.06 146.06 146.06 146.06 146.06 146.06 146.06 146.06 146.06 146.06 146.06 146.06 146.06 146.06 146.06 146.06 146.06 146.06 146.06 146.06 146.06 146.06 0 0 0 0 0 0 0 0 0 0 0 146.059 155.377 0 0 0 0 0 0 0 0 0 283.063 288.832 148.859 0 0 0 0 0 0 0 0 0 0 0 0
340.255 341.425 281.082 281.082 281.082 281.082 281.082 281.082 342.249 281.082 284.271 155.591 258.49 247.94 237.39 226.84 216.29 205.74 199.97 194.2 183.65 177.88 172.11 166.34 160.57 154.8 149.03 145.12 146.06 146.06 146.06 146.06 146.06 146.06 146.06 146.06 146.06 146.06 146.06 146.06 146.06 146.06 146.06 146.06 146.06 146.06 146.06 146.06 146.06 146.06 146.06 146.06 146.06 146.06 146.06 146.06 146.06 146.06 0 0 0 0 0 0 0 0 0 0 0 0 147.459 146.06 146.059 239.293 0 0 0 0 0 0 279.683 285.453 146.059 0 0 0 0 0 0 0 0 0 0 0 0 0
340.392 341.564 281.082 281.082 281.082 281.082 281.082 342.314 281.082 274.81 254.171 266.65 256.1 245.55 235 224.45 213.9 208.13 202.36 191.81 183.65 177.88 172.11 166.34 160.57 154.8 145.12 146.06 146.06 146.06 146.06 146.06 146.06 146.06 146.06 146.06 146.06 146.06 146.06 146.06 146.06 146.06 146.06 146.06 146.06 146.06 146.06 146.06 146.06 146.06 146.06 146.06 146.06 146.06 146.06 146.06 146.06 146.06 146.06 146.06 146.06 146.06 146.06 146.06 146.06 146.06 146.06 146.06 146.06 146.06 146.06 146.059 146.058 252.863 247.411 253.036 258.948 0 0 276.303 282.073 146.059 0 0 0 0 0 0 0 0 0 0 0 0 0 0
340.529 341.703 281.082 317.01 317.01 317.01 342.364 281.082 281.082 290.023 274.81 264.26 253.71 243.16 232.61 222.06 216.29 210.52 199.97 191.81 181.26 175.49 169.72 163.95 158.18 152.41 146.64 146.06 146.06 146.06 146.06 146.06 146.06 146.06 146.06 146.06 146.06 146.06 146.06 146.06 146.06 146.06 146.06 146.06 146.06 146.06 146.06 146.06 146.06 146.06 146.06 146.06 146.06 146.06 146.06 146.06 146.06 146.06 146.06 146.06 146.06 146.06 146.06 146.06 146.06 146.06 146.06 146.06 146.06 255.539 146.06 146.06 146.06 146.059 146.059 0 0 262.761 272.923 146.059 146.059 0 0 0 0 0 0 0 0 0 0 0 0 0 0 0
340.666 341.841 317.01 317.01 317.01 317.01 342.51 281.082 298.166 282.97 272.42 261.87 251.32 240.77 230.22 224.45 218.68 208.13 199.97 189.42 183.65 177.88 172.11 166.34 160.57 154.8 149.03 146.06 146.06 146.06 146.06 146.06 146.06 146.06 146.06 146.06 146.06 146.06 146.06 146.06 146.06 146.06 146.06 146.06 146.06 146.06 146.06 146.06 146.06 146.06 146.06 146.06 146.06 146.06 146.06 146.06 146.06 146.06 146.06 146.06 146.06 146.06 146.06 146.06 146.06 146.06 146.06 146.06 146.06 261.338 146.06 146.06 146.06 146.06 146.06 146.06 0 146.059 274.668 146.059 0 0 0 0 0 0 0 0 0 0 0 0 0 0 0 0
340.803 341.979 317.01 325.17 325.17 342.543 316.934 306.314 291.13 280.58 270.03 259.48 248.93 238.38 232.61 226.84 216.29 208.13 197.58 191.81 186.04 180.27 174.5 168.73 162.96 157.19 151.42 146.06 146.06 146.06 146.06 146.06 146.06 146.06 146.06 146.06 146.06 146.06 146.06 146.06 146.06 146.06 146.06 146.06 146.06 146.06 146.06 146.06 146.06 146.06 146.06 146.06 146.06 146.06 146.06 146.06 146.06 146.06 146.06 146.06 146.06 146.06 146.06 146.06 146.06 146.06 146.06 146.06 261.338 146.06 146.06 146.06 146.06 146.06 146.06 146.06 146.06 146.059 146.059 146.06 146.06 146.06 146.06 146.06 146.06 146.06 0 0 0 0 0 0 0 0 0 0
340.94 342.116 325.17 330.94 342.561 325.035 314.466 299.29 288.74 278.19 267.64 257.09 246.54 240.77 235 224.45 216.29 205.74 199.97 194.2 188.43 182.66 176.89 171.12 165.35 159.58 153.81 148.04 146.06 146.06 146.06 146.06 146.06 146.06 146.06 146.06 146.06 146.06 146.06 146.06 146.06 146.06 146.06 146.06 146.06 146.06 146.06 146.06 146.06 146.06 146.06 146.06 146.06 146.06 146.06 146.06 146.06 146.06 146.06 146.06 146.06 146.06 146.06 146.06 146.06 146.06 146.06 146.06 261.338 146.06 146.06 0 0 0 0 0 0 0 0 0 0 0 0 0 0 0 0 0 0 0 0 0 0 0 0 0
341.075 342.252 330.94 330.94 333.175 322.625 307.45 296.9 286.35 275.8 265.25 254.7 248.93 243.16 232.61 224.45 213.9 208.13 202.36 196.59 190.82 185.05 179.28 173.51 167.74 161.97 156.2 150.43 146.06 146.06 146.06 146.06 146.06 146.06 146.06 146.06 146.06 146.06 146.06 146.06 146.06 146.06 146.06 146.06 146.06 146.06 146.06 146.06 146.06 146.06 146.06 146.06 146.06 146.06 146.06 146.06 146.06 146.06 146.06 146.06 146.06 146.06 146.06 146.06 146.06 146.06 146.06 146.06 261.24 0 0 0 0 0 0 0 0 0 0 0 0 0 0 0 0 0 0 0 0 0 0 0 0 0 0 0
341.207 342.385 330.94 341.49 330.94 315.61 305.06 294.51 283.96 273.41 262.86 257.09 251.32 240.77 232.61 222.06 216.29 210.52 204.75 198.98 193.21 187.44 181.67 175.9 170.13 164.36 158.59 152.82 147.05 0 0 0 0 0 0 0 0 0 0 0 0 0 0 0 0 0 0 0 0 0 0 0 0 0 0 0 0 0 0 0 0 0 0 0 0 0 0 146.06 0 112.74 0 0 0 0 0 0 0 0 0 0 0 0 0 0 0 0 0 0 0 0 0 0 0 0 0 0
341.337 342.515 331.93 339.1 323.77 313.22 302.67 292.12 281.57 271.02 265.25 259.48 248.93 240.77 230.22 224.45 218.68 212.91 207.14 201.37 195.6 188.26 182.49 176.72 170.95 165.18 159.41 153.64 147.87 0 0 0 0 0 0 0 0 0 0 0 0 0 0 0 0 0 0 0 0 0 0 0 0 0 0 0 0 0 0 0 0 0 0 0 0 0 0 0 0 0 0 0 0 0 0 0 0 0 0 0 0 0 0 0 0 0 0 0 0 0 0 0 0 0 0 0
341.463 342.63 342.809 331.93 321.38 310.83 300.28 289.73 279.18 273.41 267.64 257.09 248.93 238.38 232.61 226.84 221.07 215.3 209.53 203.76 196.42 190.65 180.1 174.33 168.56 162.79 157.02 151.25 146.06 146.06 146.06 146.06 146.06 146.06 146.06 146.06 146.06 146.06 146.06 146.06 146.06 146.06 146.06 0 0 0 0 0 0 0 0 0 0 0 0 0 0 0 0 0 0 0 0 0 0 0 0 0 0 0 0 0 0 0 0 0 0 0 0 0 0 0 0 0 0 0 0 0 0 0 0 0 0 0 0 0
341.588 342.77 342.937 329.54 318.99 308.44 297.89 287.34 281.57 275.8 265.25 257.09 246.54 240.77 235 229.23 223.46 217.69 211.92 204.58 198.81 188.26 177.698 171.928 166.158 160.388 154.63 148.86 0 0 0 0 0 0 0 0 0 0 0 0 0 0 0 0 0 0 0 0 0 0 0 0 0 0 0 0 0 0 0 0 0 0 0 0 0 0 0 0 0 0 0 0 0 0 0 0 0 0 0 0 0 0 0 0 0 0 0 0 0 0 0 0 0 0 0 0
341.71 342.895 343.064 327.15 316.6 306.05 295.5 289.73 283.96 273.41 265.25 254.7 248.93 243.16 237.39 231.62 225.85 220.08 212.74 206.97 196.42 185.87 175.308 169.538 163.768 157.998 152.233 146.47 0 0 0 0 0 0 0 0 0 0 0 0 0 0 0 0 0 0 0 0 0 0 0 0 0 0 0 0 0 0 0 0 0 0 0 0 0 0 0 0 0 0 0 0 0 0 0 0 0 0 0 0 0 0 0 0 0 0 0 0 0 0 0 0 0 0 0 0
341.828 343.016 343.189 329.54 314.21 303.66 297.89 292.12 281.57 273.41 262.86 257.09 251.32 245.55 239.78 234.01 228.24 220.9 215.13 204.58 194.03 183.48 172.918 167.148 161.378 155.62 149.846 0 0 0 0 0 0 0 0 0 0 0 0 0 0 0 0 0 0 0 0 0 0 0 0 0 0 0 0 0 0 0 0 0 0 0 0 0 0 0 0 0 0 0 0 0 0 0 0 0 0 0 0 0 0 0 0 0 0 0 0 0 0 0 0 0 0 0 0 0
341.943 343.135 0 343.481 311.82 306.05 300.28 289.73 281.57 271.02 265.25 259.48 253.71 247.94 242.17 236.4 229.06 223.29 212.74 202.19 191.64 181.09 170.528 164.758 158.988 153.23 147.46 0 0 0 0 0 0 0 0 0 0 0 0 0 0 0 0 0 0 0 0 0 0 0 0 0 0 0 0 0 0 0 0 0 0 0 0 0 0 0 0 0 0 0 0 0 0 0 0 0 0 0 0 0 0 0 0 0 0 0 0 0 0 0 0 0 0 0 0 0
342.057 343.254 0 343.609 314.21 308.44 297.89 289.73 279.18 273.41 267.64 261.87 256.1 250.33 244.56 237.22 231.45 220.9 210.35 199.8 189.25 178.7 168.138 162.368 156.61 150.835 0 0 0 0 0 0 0 0 0 0 0 0 0 0 0 0 0 0 0 0 0 0 0 0 0 0 0 0 0 0 0 0 0 0 0 0 0 0 0 0 0 0 0 0 0 0 0 0 0 0 0 0 0 0 0 0 0 0 0 0 0 0 0 0 0 0 0 0 0 0
342.174 343.374 0 343.737 343.906 262.964 297.89 287.34 281.57 275.8 270.03 264.26 258.49 252.72 245.38 239.61 229.06 218.51 207.96 197.41 186.86 176.31 165.748 159.978 154.22 148.45 146.06 146.06 146.06 146.06 146.06 146.06 146.06 146.06 146.06 146.06 146.06 146.06 146.06 146.06 146.06 146.06 146.06 146.06 146.06 146.06 146.06 146.06 146.06 146.06 146.06 146.06 146.06 146.06 146.06 146.06 146.06 146.06 146.06 146.06 146.06 146.06 146.06 146.06 146.06 146.06 146.06 146.06 146.06 146.06 146.06 146.06 146.06 146.06 146.06 146.06 146.06 146.06 146.06 146.06 146.06 146.06 0 0 0 0 0 0 0 0 0 0 0 0 0 0
342.292 343.494 0 0 344.037 0 295.5 289.73 283.96 278.19 272.42 266.65 260.88 253.54 247.77 237.22 226.67 216.12 205.57 195.02 184.47 173.92 163.358 157.588 151.824 146.06 146.06 146.06 146.06 146.06 146.06 146.06 146.06 146.06 146.06 146.06 146.06 146.06 146.06 146.06 146.06 146.06 146.06 146.06 146.06 146.06 146.06 146.06 146.06 146.06 146.06 146.06 146.06 146.06 146.06 146.06 146.06 146.06 146.06 146.06 146.06 146.06 146.06 146.06 146.06 146.06 146.06 146.06 146.06 146.06 146.06 146.06 146.06 146.06 146.06 146.06 146.06 146.06 146.06 146.06 146.06 146.06 146.06 146.06 146.06 146.06 146.06 0 0 0 0 0 0 0 0 0
342.411 343.615 0 0 344.168 0 0 292.12 286.35 280.58 274.81 269.04 261.7 255.93 245.38 234.83 224.28 213.73 203.18 192.63 182.08 171.53 160.968 155.21 149.437 146.06 146.06 146.06 146.06 146.06 146.06 146.06 146.06 146.06 146.06 146.06 146.06 146.06 146.06 146.06 146.06 146.06 146.06 146.06 146.06 146.06 146.06 146.06 146.06 146.06 146.06 146.06 146.06 146.06 146.06 146.06 146.06 146.06 146.06 146.06 146.06 146.06 146.06 146.06 146.06 146.06 146.06 146.06 146.06 146.06 146.06 146.06 146.06 146.06 146.06 146.06 146.06 146.06 146.06 146.06 146.06 146.06 146.06 146.06 146.06 146.06 0 0 0 0 0 0 0 0 0 0
342.532 343.738 0 0 0 344.47 292.12 0 288.74 282.97 277.2 269.86 264.09 253.54 242.99 232.44 221.89 211.34 200.79 190.24 179.69 169.14 158.578 152.82 147.05 146.06 146.06 146.06 146.06 146.06 146.06 146.06 146.06 146.06 146.06 146.06 146.06 146.06 146.06 146.06 146.06 146.06 146.06 146.06 146.06 146.06 146.06 146.06 146.06 146.06 146.06 146.06 146.06 146.06 146.06 146.06 146.06 146.06 146.06 146.06 146.06 146.06 146.06 146.06 146.06 146.06 146.06 146.06 146.06 146.06 146.06 146.06 146.06 146.06 146.06 146.06 146.06 146.06 146.06 146.06 146.06 146.06 146.06 146.06 146.06 0 0 0 0 0 0 0 0 0 0 0
342.657 343.865 0 0 0 0 344.772 278.02 291.13 285.36 278.02 272.25 261.7 251.15 240.6 230.05 219.5 208.95 198.4 187.85 177.3 166.75 156.2 150.426 146.06 146.06 146.06 146.06 146.06 146.06 146.06 146.06 146.06 146.06 146.06 146.06 146.06 146.06 146.06 146.06 146.06 146.06 146.06 146.06 146.06 146.06 146.06 0 0 0 0 0 0 0 0 0 0 0 0 0 0 0 0 0 0 0 0 0 0 0 0 0 0 0 0 0 0 0 0 0 0 0 0 0 0 0 0 0 0 0 0 0 0 0 0 0
342.788 343.995 0 0 0 0 344.91 278.02 278.02 286.18 280.41 269.86 259.31 248.76 238.21 227.66 217.11 206.56 196.01 185.46 174.91 164.36 153.81 148.04 0 0 0 0 0 0 0 0 0 0 0 0 0 0 0 0 0 0 0 0 0 0 0 0 0 0 0 0 0 0 0 0 0 0 0 0 0 0 0 0 0 0 0 0 0 0 0 0 0 0 0 0 0 0 0 0 0 0 0 0 0 0 0 0 0 0 0 0 0 0 0 0
342.922 344.129 0 0 0 0 0 345.215 278.02 278.02 278.02 267.47 256.92 246.37 235.82 225.27 214.72 204.17 193.62 183.07 172.52 161.97 151.414 0 0 0 0 0 0 0 0 0 0 0 0 0 0 0 0 0 0 0 0 0 0 0 0 0 0 0 0 0 0 0 0 0 0 0 0 0 0 0 0 0 0 0 0 0 0 0 0 0 0 0 0 0 0 0 0 0 0 0 0 0 0 0 0 0 0 0 0 0 0 0 0 0
343.059 344.265 0 0 0 0 0 0 345.523 278.02 280.409 213.51 254.53 243.98 233.43 222.88 212.33 201.78 191.23 180.68 170.13 159.58 149.03 0 0 0 0 0 0 0 0 0 0 0 0 0 0 0 0 0 0 0 0 0 0 0 0 0 0 0 0 0 0 0 0 0 0 0 0 0 0 0 0 0 0 0 0 0 0 0 0 0 0 0 0 0 0 0 0 0 0 0 0 0 0 0 0 0 0 0 0 0 0 0 0 0
343.198 344.402 0 0 0 0 0 0 0 345.836 346.004 262.69 252.14 241.59 231.04 220.49 209.94 199.39 188.84 178.29 167.74 157.19 146.64 146.06 146.06 146.06 146.06 146.06 146.06 146.06 146.06 146.06 146.06 146.06 146.06 146.06 146.06 146.06 146.06 146.06 146.06 146.06 146.06 146.06 146.06 146.06 146.06 146.06 146.06 146.06 146.06 146.06 146.06 146.06 146.06 146.06 146.06 146.06 146.06 146.06 146.06 146.06 146.06 146.06 146.06 146.06 146.06 146.06 146.06 146.06 146.06 146.06 146.06 146.06 146.06 146.06 146.06 146.06 146.06 146.06 146.06 146.06 146.06 146.06 0 0 0 0 0 0 0 0 0 0 0 0
343.339 344.541 0 0 0 0 0 0 0 0 262.69 249.567 234.42 239.2 228.65 218.1 207.55 197 186.45 175.9 165.35 154.8 149.03 146.06 146.06 146.06 146.06 146.06 146.06 146.06 146.06 146.06 146.06 146.06 146.06 146.06 146.06 146.06 146.06 146.06 146.06 146.06 146.06 146.06 146.06 146.06 146.06 146.06 146.06 146.06 146.06 146.06 146.06 146.06 146.06 146.06 146.06 146.06 146.06 146.06 146.06 146.06 146.06 146.06 146.06 146.06 146.06 146.06 146.06 146.06 146.06 146.06 146.06 146.06 146.06 146.06 146.06 146.06 146.06 146.06 146.06 146.06 146.06 0 0 0 0 0 0 0 0 0 0 0 0 0
343.482 344.683 0 0 0 0 0 0 0 0 346.308 346.487 234.42 223.87 226.26 215.71 205.16 194.61 184.06 173.51 162.96 157.19 151.42 0 0 0 0 0 0 0 0 0 0 0 0 0 0 0 0 0 0 0 0 0 0 0 0 0 0 0 0 0 0 0 0 0 0 0 0 0 0 0 0 0 0 0 0 0 0 0 0 0 0 0 0 0 0 0 0 0 0 0 0 0 0 0 0 0 0 0 0 0 0 0 0 0
343.626 344.825 0 0 0 0 0 0 0 0 0 346.647 234.42 234.42 223.87 213.32 202.77 192.22 181.67 171.12 165.35 159.58 153.81 148.04 0 0 0 0 0 0 0 0 0 0 0 0 0 0 0 0 0 0 0 0 0 0 0 0 0 0 0 0 0 0 0 0 0 0 0 0 0 0 0 0 0 0 0 0 0 0 0 0 0 0 0 0 0 0 0 0 0 0 0 0 0 0 0 0 0 0 0 0 0 0 0 0
343.768 344.966 0 0 0 0 0 0 0 0 0 0 347.008 236.809 208.54 210.93 200.38 189.83 179.28 173.51 167.74 161.97 156.2 150.43 0 0 0 0 0 0 0 0 0 0 0 0 0 0 0 0 0 0 0 0 0 0 0 0 0 0 0 0 0 0 0 0 0 0 0 0 0 0 0 0 0 0 0 0 0 0 0 0 0 0 0 0 0 0 0 0 0 0 0 0 0 0 0 0 0 0 0 0 0 0 0 0
343.908 345.106 0 0 0 0 0 0 0 0 0 0 347.182 347.394 206.15 208.54 197.99 187.44 181.67 175.9 170.13 164.36 158.59 152.82 147.05 146.06 146.06 146.06 146.06 146.06 146.06 146.06 146.06 146.06 146.06 146.06 146.06 146.06 146.06 146.06 146.06 146.06 146.06 146.06 146.06 146.06 146.06 146.06 146.06 146.06 146.06 146.06 146.06 146.06 146.06 146.06 146.06 146.06 146.06 146.06 146.06 146.06 146.06 146.06 146.06 146.06 146.06 146.06 146.06 146.06 146.06 146.06 146.06 146.06 146.06 146.06 146.06 146.06 146.06 146.06 146.06 146.06 0 0 0 0 0 0 0 0 0 0 0 0 0 0
344.048 345.246 0 0 0 0 0 0 0 0 0 0 0 347.581 221.48 195.6 195.6 189.83 184.06 178.29 172.52 166.75 160.98 155.21 149.44 146.06 146.06 146.06 146.06 146.06 146.06 146.06 146.06 146.06 146.06 146.06 146.06 146.06 146.06 146.06 146.06 146.06 146.06 146.06 146.06 146.06 146.06 146.06 146.06 146.06 146.06 146.06 146.06 146.06 146.06 146.06 146.06 146.06 0 146.06 0 0 0 0 0 0 0 0 0 0 0 0 0 0 0 0 0 0 0 0 0 0 0 0 0 0 0 0 0 0 0 0 0 0 0 0
