tests/full-run-ref/erosion_82_12_73.185.asc
ncols 512
nrows 512
xllcorner -3.24582
yllcorner -4.08743
cellsize 5
NODATA_value -99999
[rows 0 to 30 of 512, columns 207 to 275 of 512]
16.2948 17.3099 17.3099 17.3099 17.3099 17.3098 17.3099 17.3099 17.3099 17.3099 17.31 17.31 17.31 17.31 17.31 17.31 17.31 17.31 17.31 17.31 17.31 17.31 17.31 17.31 17.31 17.31 17.31 17.31 17.31 17.31 17.31 17.31 17.31 17.31 17.31 16.3197 13.9296 11.54 11.54 11.54 11.54 11.54 11.54 11.54 11.54 11.54 11.54 11.54 11.54 11.54 11.54 11.54 11.54 11.54 11.54 11.54 11.54 11.54 11.54 11.54 11.54 11.54 11.54 11.54 11.54 11.54 11.54 11.54 11.54
11.491 11.5399 11.5399 11.5399 11.5399 11.5398 11.5399 11.5399 11.5399 11.5399 11.5399 11.54 11.54 11.54 11.54 11.5401 11.5401 11.5401 11.5401 11.5401 11.5401 11.5401 11.5401 11.5401 11.5401 11.5401 11.5401 11.5401 11.5401 11.5401 11.5401 11.5401 11.5401 11.54 11.54 11.5399 8.15964 5.77006 5.77006 5.77006 5.77006 5.77006 5.77006 5.77006 5.77006 5.77006 5.77006 5.77006 5.77006 5.77006 5.77006 5.77006 5.77006 5.77005 5.77005 5.77006 5.77006 5.77007 5.77007 5.77007 5.77007 5.77007 5.77007 5.77007 5.77007 5.77007 5.77007 5.77007 5.77007
5.77003 5.77002 5.77002 5.77002 5.77002 5.77002 5.77002 5.77003 5.77003 5.77004 5.77004 5.77005 5.77006 5.77006 5.77008 5.77008 5.77008 5.77008 5.77008 5.77008 5.77008 5.77008 5.77008 5.77008 5.77008 5.77008 5.77008 5.77008 5.77008 5.77008 5.77008 5.77008 5.77008 5.77008 5.77007 5.77007 5.77007 5.77008 5.7701 5.7701 5.7701 5.7701 5.7701 5.7701 5.7701 5.7701 5.7701 5.7701 5.7701 5.7701 5.7701 5.7701 5.7701 5.7701 5.7701 5.7701 5.7701 5.7701 5.7701 5.7701 5.7701 5.7701 5.7701 5.7701 5.7701 5.7701 5.7701 5.7701 5.7701
5.77003 5.77002 5.77003 5.77002 5.77 5.77 5.76999 5.76999 5.76999 5.76999 5.76999 5.76999 5.77001 5.77003 5.76988 5.76984 5.76983 5.76984 5.76986 5.76988 5.76985 5.7698 5.76976 5.76975 5.76977 5.76978 5.76975 5.76973 5.76974 5.76974 5.76974 5.76975 5.76979 5.76982 5.76985 5.7699 5.76993 5.7701 5.7701 5.7701 5.7701 5.7701 5.7701 5.7701 5.7701 5.7701 5.7701 5.7701 5.7701 5.7701 5.7701 5.7701 5.7701 5.7701 5.77 5.77009 5.7701 5.7701 5.7701 5.7701 5.7701 5.7701 5.7701 5.7701 5.7701 5.7701 5.7701 5.7701 5.7701
5.76986 5.77 5.76999 5.77003 5.77 5.77002 5.77 5.77001 5.76999 5.77002 5.76999 5.77001 5.76999 5.76998 5.76998 5.77 5.77 5.77 5.76998 5.77004 5.76998 5.77001 5.76999 5.77 5.77 5.77 5.77 5.77 5.77 5.77 5.77 5.77 5.77 5.77 5.77 5.77 5.76985 5.77008 5.7701 5.7701 5.7701 5.7701 5.7701 5.77001 5.7701 5.7701 5.7701 5.7701 5.7701 5.7701 5.7701 5.77009 5.77008 5.77 5.77008 5.7701 5.7701 5.77009 5.76995 5.76998 5.77007 5.7701 5.7701 5.7701 5.76998 5.7701 5.77007 5.76994 5.77006
5.77 5.77 5.76995 5.76994 5.76994 5.76995 5.76995 5.76995 5.76999 5.76999 5.76996 5.76998 5.76998 5.76999 5.76999 5.76998 5.76998 5.76998 5.76992 5.76989 5.76993 5.76996 5.76997 5.76999 5.77 5.77 5.77 5.77 5.77 5.76999 5.76999 5.76999 5.76999 5.77 5.77 5.77 5.76982 5.77008 5.7701 5.7701 5.7701 5.7701 5.77 5.7701 5.7701 5.7701 5.7701 5.7701 5.7701 5.7701 5.7701 5.77005 5.76998 5.7701 5.7701 5.7701 5.7701 5.77003 5.77 5.76991 5.77008 5.7701 5.7701 5.76998 5.77007 5.77005 5.76997 5.77005 5.76985
5.76999 5.77 5.76999 5.76999 5.77 5.76999 5.77 5.77 5.77 5.76999 5.76999 5.76999 5.76999 5.76999 5.76999 5.76999 5.76999 5.76999 5.76999 5.76999 5.77 5.77 5.77 5.77 5.77 5.77 5.77 5.77 5.77 5.76999 5.77 5.77 5.77 5.77 5.77 5.77 5.76978 5.77008 5.7701 5.7701 5.7701 5.77 5.7701 5.7701 5.7701 5.7701 5.7701 5.77009 5.7701 5.7701 5.77006 5.76999 5.77006 5.76985 5.77005 5.77008 5.77008 5.77009 5.76995 5.77003 5.7701 5.7701 5.77009 5.76997 5.7701 5.77009 5.77004 5.76983 5.76998
5.77 5.76999 5.77 5.76999 5.77 5.77 5.76999 5.76999 5.76999 5.77001 5.76997 5.76999 5.77 5.76999 5.77 5.76999 5.76999 5.76999 5.76999 5.76999 5.77 5.76999 5.76999 5.76999 5.76999 5.77 5.76999 5.76999 5.76999 5.76999 5.77 5.76999 5.76999 5.76999 5.77 5.77 5.76977 5.77008 5.7701 5.7701 5.77 5.7701 5.7701 5.7701 5.7701 5.7701 5.77009 5.76999 5.77002 5.77006 5.77 5.76995 5.76998 5.77 5.76994 5.76999 5.77001 5.77005 5.76998 5.77006 5.7701 5.7701 5.76991 5.77 5.77005 5.76999 5.76997 5.7699 5.76999
5.76999 5.76999 5.76999 5.76996 5.76985 5.76982 5.77 5.77 5.76999 5.76998 5.76998 5.76999 5.77 5.76999 5.76999 5.76999 5.76999 5.76999 5.76999 5.77 5.77 5.77 5.77 5.77 5.76999 5.76999 5.77 5.76999 5.76999 5.76999 5.76999 5.77 5.76999 5.76999 5.76999 5.77 5.76988 5.76991 5.7701 5.77 5.7701 5.7701 5.7701 5.7701 5.7701 5.77007 5.76998 5.76994 5.76989 5.76984 5.76996 5.76993 5.76996 5.77002 5.7701 5.7701 5.77008 5.76993 5.76993 5.77008 5.7701 5.7701 5.76992 5.77009 5.77009 5.77009 5.77005 5.76989 5.76998
5.77 5.77 5.77 5.76988 5.77006 5.76999 5.77 5.77 5.77 5.77 5.77 5.77 5.76999 5.76999 5.77 5.76999 5.77 5.76999 5.76996 5.76998 5.76998 5.77 5.76999 5.76999 5.77 5.77 5.76999 5.77 5.76999 5.76999 5.76999 5.77 5.76999 5.76999 5.76999 5.76999 5.76999 5.7699 5.76991 5.7701 5.7701 5.7701 5.7701 5.7701 5.7701 5.77007 5.7701 5.7701 5.7701 5.77009 5.77009 5.77008 5.77003 5.76972 5.77008 5.7701 5.77009 5.76994 5.77 5.7701 5.7701 5.77008 5.76997 5.76999 5.77004 5.76998 5.76984 5.76999 5.77001
5.76999 5.76999 5.77 5.76996 5.76996 5.77 5.76988 5.76997 5.77001 5.77 5.77 5.77 5.76999 5.76999 5.77 5.76999 5.76993 5.76991 5.76998 5.77002 5.76994 5.76999 5.76999 5.76999 5.76999 5.76999 5.76999 5.76999 5.76999 5.76999 5.77 5.76999 5.77 5.77 5.76999 5.77 5.76995 5.76979 5.7701 5.7701 5.7701 5.7701 5.7701 5.7701 5.7701 5.7701 5.7701 5.7701 5.7701 5.7701 5.77009 5.76999 5.76997 5.76992 5.77006 5.7701 5.7701 5.76999 5.77008 5.7701 5.7701 5.76995 5.77006 5.77009 5.77 5.77007 5.76992 5.76998 5.77008
5.76999 5.76999 5.77 5.77 5.76994 5.77006 5.77006 5.76996 5.76998 5.76991 5.76999 5.77 5.76999 5.76999 5.77 5.77 5.76997 5.77003 5.76997 5.76997 5.76997 5.77 5.77 5.76997 5.77001 5.76998 5.76999 5.76999 5.77 5.76999 5.77 5.77 5.76999 5.77 5.77 5.77 5.76982 5.77008 5.7701 5.7701 5.7701 5.7701 5.7701 5.77009 5.77008 5.7701 5.7701 5.7701 5.7701 5.7701 5.77006 5.76995 5.76999 5.76998 5.7699 5.77008 5.7701 5.7701 5.7701 5.7701 5.77008 5.76994 5.77009 5.76994 5.76993 5.76991 5.76999 5.77004 5.7701
5.77 5.76998 5.77 5.76999 5.76994 5.77 5.76991 5.76997 5.77005 5.76986 5.76999 5.76999 5.76995 5.76992 5.76996 5.77 5.76996 5.76995 5.76994 5.77 5.77 5.77 5.77 5.76998 5.76998 5.76999 5.77 5.76999 5.77 5.76999 5.76999 5.77 5.76999 5.76999 5.77 5.77 5.76982 5.77008 5.7701 5.7701 5.7701 5.7701 5.77008 5.76997 5.76995 5.7699 5.77009 5.77009 5.77009 5.77009 5.77006 5.76997 5.76998 5.77002 5.76997 5.76999 5.77006 5.77009 5.7701 5.77002 5.76999 5.76999 5.76995 5.77006 5.77009 5.77008 5.77 5.77008 5.7701
5.76999 5.76997 5.76999 5.77 5.7699 5.77004 5.76986 5.76998 5.76983 5.76985 5.76999 5.77 5.76994 5.77002 5.76995 5.77 5.77 5.77 5.76999 5.77 5.76999 5.77 5.76999 5.76999 5.76998 5.77 5.76999 5.77 5.77 5.77 5.77 5.76999 5.76999 5.77 5.77 5.77 5.76979 5.77008 5.7701 5.7701 5.7701 5.7701 5.77007 5.76999 5.76999 5.7701 5.76999 5.76998 5.77006 5.76999 5.76999 5.77005 5.76996 5.76996 5.76986 5.7701 5.76994 5.77008 5.7701 5.77007 5.76995 5.77008 5.76997 5.77009 5.76988 5.76993 5.76997 5.77007 5.7701
5.77001 5.76998 5.77 5.77 5.76996 5.77007 5.76979 5.77 5.77 5.77 5.76999 5.77 5.76994 5.76994 5.76995 5.77 5.76999 5.77 5.76998 5.77 5.76998 5.77 5.76999 5.77001 5.76998 5.76999 5.77 5.77 5.77 5.76999 5.76999 5.76994 5.76998 5.77 5.77 5.77 5.76976 5.77008 5.7701 5.7701 5.7701 5.7701 5.7701 5.77009 5.7701 5.7701 5.7701 5.77009 5.76984 5.7699 5.77 5.76999 5.77009 5.7699 5.76999 5.76995 5.77 5.76999 5.7701 5.77 5.77009 5.77002 5.77007 5.76997 5.77004 5.76998 5.77001 5.77009 5.7701
5.76995 5.76997 5.7699 5.76999 5.76986 5.77004 5.76981 5.77 5.76998 5.76991 5.76999 5.77 5.77 5.76999 5.77 5.77 5.76999 5.77001 5.76996 5.76994 5.76995 5.77002 5.76997 5.76998 5.76998 5.77 5.77 5.77 5.77 5.77 5.76997 5.77002 5.76998 5.77 5.76999 5.76999 5.76975 5.77008 5.7701 5.7701 5.7701 5.7701 5.7701 5.77006 5.77 5.77009 5.7701 5.7701 5.7701 5.77006 5.76988 5.76998 5.76986 5.77004 5.76998 5.77002 5.77008 5.77004 5.76998 5.77007 5.7701 5.7701 5.77009 5.76996 5.77009 5.7701 5.7701 5.7701 5.7701
5.76999 5.77 5.77006 5.76997 5.76996 5.76996 5.76995 5.76999 5.76992 5.77004 5.76994 5.77 5.77 5.76997 5.76984 5.76999 5.77 5.76999 5.77003 5.76999 5.77004 5.76995 5.77 5.76993 5.76998 5.77 5.77 5.77 5.77 5.77 5.76993 5.76997 5.76995 5.76999 5.77001 5.76998 5.76972 5.77008 5.7701 5.7701 5.7701 5.7701 5.77008 5.76999 5.76999 5.76988 5.77 5.77006 5.77009 5.7701 5.77006 5.76999 5.76987 5.77007 5.7701 5.7701 5.7701 5.77009 5.76997 5.77009 5.7701 5.7701 5.76994 5.77005 5.7701 5.77009 5.77006 5.77009 5.7701
5.76998 5.66758 5.47905 5.45708 5.77008 5.76992 5.76997 5.76995 5.77003 5.76999 5.76997 5.77 5.77 5.7699 5.77006 5.76991 5.77 5.76996 5.77003 5.77007 5.77 5.76999 5.7699 5.77004 5.76999 5.76992 5.77 5.77 5.77 5.76999 5.76992 5.77005 5.76997 5.76995 5.76999 5.76997 5.76974 5.77008 5.7701 5.7701 5.7701 5.7701 5.77007 5.76999 5.76999 5.76999 5.76994 5.76989 5.76999 5.77 5.77008 5.76999 5.76998 5.76986 5.77003 5.77 5.77008 5.77009 5.76992 5.77009 5.7701 5.77007 5.76995 5.77001 5.77008 5.76999 5.76999 5.77002 5.7701
5.76999 5.69011 6.11778 5.57492 5.76999 5.77 5.77002 5.77004 5.76999 5.76998 5.77 5.77 5.77 5.76997 5.76998 5.76999 5.77 5.76999 5.76989 5.77008 5.76999 5.76997 5.77007 5.77 5.76992 5.77005 5.76996 5.76996 5.76999 5.77 5.76997 5.76997 5.76996 5.77002 5.76991 5.77 5.76979 5.77007 5.7701 5.7701 5.7701 5.7701 5.77006 5.76999 5.77002 5.77 5.77 5.77 5.77 5.7699 5.77 5.77002 5.76994 5.76999 5.76992 5.77 5.76996 5.76994 5.77006 5.76997 5.77009 5.77004 5.76996 5.76999 5.77004 5.76998 5.76999 5.76998 5.77007
5.77006 5.74018 5.75068 5.63406 5.77003 5.77 5.77007 5.77008 5.77003 5.76998 5.76999 5.77 5.77 5.76999 5.77001 5.76999 5.77 5.77 5.76994 5.77007 5.77003 5.77007 5.77005 5.76998 5.77007 5.77 5.76997 5.77003 5.76999 5.76995 5.77 5.77 5.76995 5.76995 5.76998 5.77 5.76987 5.77007 5.7701 5.7701 5.7701 5.7701 5.77003 5.76999 5.76999 5.76999 5.77 5.77 5.76997 5.76999 5.76998 5.76996 5.77006 5.77008 5.7701 5.77004 5.76996 5.77009 5.7701 5.77006 5.76988 5.77009 5.76994 5.77007 5.77004 5.76996 5.76994 5.77004 5.76999
5.77008 5.77005 5.77007 5.77008 5.76997 5.76999 5.77001 5.77006 5.77008 5.77004 5.77 5.76997 5.76996 5.76997 5.77002 5.77004 5.76999 5.76999 5.76999 5.76999 5.77008 5.77006 5.76999 5.77008 5.77 5.76995 5.77007 5.77 5.7699 5.77004 5.7699 5.77 5.76999 5.76997 5.76998 5.76998 5.76987 5.77006 5.7701 5.7701 5.7701 5.77009 5.76999 5.77 5.77 5.76996 5.7699 5.76997 5.77003 5.76997 5.77 5.76997 5.76984 5.76994 5.77002 5.7701 5.7701 5.77005 5.77008 5.7701 5.77 5.76989 5.7701 5.77001 5.7701 5.7701 5.77009 5.76979 5.76998
5.77008 5.77001 5.77007 5.77007 5.76991 5.76998 5.76997 5.76998 5.76999 5.77008 5.77007 5.77007 5.77006 5.77006 5.77008 5.77007 5.77005 5.76998 5.76999 5.77 5.77008 5.77002 5.77008 5.77003 5.76998 5.77007 5.77 5.76994 5.77007 5.76988 5.76996 5.76999 5.76996 5.77003 5.76998 5.77002 5.7699 5.77006 5.7701 5.7701 5.7701 5.77008 5.76999 5.77 5.77 5.76986 5.77007 5.76996 5.76999 5.76998 5.77 5.77 5.77 5.76998 5.76985 5.77 5.77006 5.76989 5.76994 5.77006 5.77007 5.76993 5.76998 5.77008 5.77004 5.77009 5.7701 5.77008 5.76996
5.77008 5.76996 5.76993 5.77004 5.76993 5.77003 5.76998 5.77 5.76999 5.77002 5.77008 5.77008 5.77008 5.77008 5.77008 5.77008 5.77007 5.77007 5.76999 5.77008 5.77008 5.77008 5.77006 5.76999 5.77008 5.77001 5.76997 5.77008 5.76999 5.76994 5.77005 5.76997 5.76997 5.76999 5.76996 5.76998 5.76989 5.77004 5.7701 5.7701 5.7701 5.77006 5.76999 5.77 5.77 5.76987 5.76992 5.76993 5.77001 5.77 5.77 5.76998 5.76999 5.77 5.77 5.76992 5.76994 5.76999 5.76997 5.76985 5.76992 5.76999 5.76996 5.76987 5.76998 5.76999 5.77008 5.77 5.77004
5.77006 5.76999 5.77003 5.76996 5.76998 5.76995 5.76995 5.76999 5.76999 5.77006 5.77008 5.7693 5.7691 5.76916 5.77008 5.77008 5.77008 5.77007 5.77008 5.77008 5.77008 5.77008 5.77003 5.77008 5.77004 5.76999 5.77008 5.77001 5.76993 5.76999 5.76994 5.76997 5.76998 5.77003 5.76999 5.76999 5.76998 5.77003 5.7701 5.7701 5.7701 5.77002 5.76999 5.76999 5.77 5.77 5.76998 5.76989 5.76995 5.76998 5.76996 5.77004 5.76992 5.76993 5.77 5.76999 5.76997 5.76995 5.77 5.76999 5.76992 5.76999 5.76993 5.76999 5.76996 5.76999 5.77009 5.76998 5.76997
5.76993 5.77005 5.77004 5.76997 5.76998 5.77002 5.77007 5.77006 5.77006 5.77008 5.77008 5.76929 6.15962 5.76919 5.77008 5.77008 5.77008 5.77008 5.77008 5.77008 5.77008 5.77008 5.77008 5.77007 5.77001 5.77008 5.77005 5.76987 5.77 5.77 5.77 5.77 5.76996 5.76998 5.76995 5.77 5.76998 5.77 5.77009 5.7701 5.77009 5.76999 5.76997 5.76996 5.76992 5.76996 5.76998 5.77006 5.76997 5.77 5.76995 5.76999 5.77006 5.7699 5.76995 5.76993 5.77001 5.77007 5.7701 5.77009 5.7701 5.77008 5.77008 5.7701 5.77008 5.76997 5.77007 5.77009 5.77004
5.76998 5.76992 5.76983 5.76996 5.76999 5.76993 5.76995 5.76996 5.77001 5.77008 5.77008 5.76563 5.76345 5.76642 5.77008 5.77008 5.77008 5.77008 5.77008 5.77008 5.77008 5.77008 5.77008 5.77008 5.77008 5.77007 5.76997 5.76998 5.77001 5.76999 5.77 5.77 5.77 5.76995 5.76997 5.76999 5.77 5.76999 5.77009 5.7701 5.77009 5.76999 5.77 5.76991 5.77004 5.7699 5.7699 5.76995 5.76998 5.76998 5.76998 5.7701 5.76994 5.76999 5.77 5.77008 5.7701 5.7701 5.77005 5.77001 5.76999 5.77 5.76997 5.7699 5.77006 5.77007 5.76991 5.77005 5.7701
5.77 5.77001 5.76999 5.77 5.77001 5.76999 5.77 5.76999 5.76999 5.77007 5.77008 5.77008 5.77008 5.77008 5.77008 5.77008 5.77008 5.77008 5.77008 5.77008 5.77008 5.77008 5.77008 5.77006 5.77008 5.76996 5.76998 5.76996 5.76996 5.76998 5.77 5.77001 5.76999 5.76997 5.77004 5.76988 5.77 5.77 5.77008 5.7701 5.77008 5.76999 5.77 5.77 5.76987 5.76995 5.77 5.77 5.76998 5.77008 5.7701 5.76998 5.76999 5.77007 5.7701 5.7701 5.77007 5.76999 5.76994 5.76998 5.76997 5.76998 5.76997 5.76999 5.76995 5.76995 5.76997 5.76999 5.77008
5.76998 5.76998 5.76998 5.76998 5.76996 5.76999 5.76999 5.76996 5.77005 5.77008 5.77008 5.77008 5.77008 5.77008 5.77008 5.77007 5.77008 5.77008 5.77008 5.77008 5.77008 5.77008 5.77008 5.77008 5.76999 5.77008 5.77007 5.77005 5.77002 5.77 5.77 5.76999 5.77 5.76998 5.76999 5.76997 5.77 5.77 5.77008 5.7701 5.77008 5.77 5.77 5.77 5.77 5.76984 5.76999 5.76991 5.77009 5.76998 5.77001 5.77005 5.7701 5.7701 5.77001 5.76998 5.77 5.76999 5.76997 5.76997 5.77003 5.76995 5.76989 5.77006 5.76999 5.77005 5.76995 5.76991 5.77005
5.77001 5.76998 5.77 5.76991 5.77004 5.76999 5.76999 5.77006 5.77008 5.77008 5.77008 5.77008 5.77008 5.77008 5.77008 5.77006 5.76999 5.77008 5.77 5.77008 5.77008 5.77008 5.77008 5.77008 5.77008 5.77008 5.77006 5.76999 5.76998 5.76998 5.76996 5.77 5.77 5.7699 5.77005 5.76998 5.76999 5.76988 5.77007 5.7701 5.77008 5.76999 5.77 5.76995 5.76999 5.7699 5.7701 5.76999 5.76994 5.77004 5.77009 5.7701 5.77009 5.77008 5.77006 5.76998 5.76999 5.77007 5.7699 5.76995 5.76997 5.76993 5.77 5.7699 5.76997 5.76993 5.76998 5.76988 5.77009
5.76996 5.76999 5.76999 5.76999 5.76996 5.76999 5.77002 5.77008 5.77008 5.77007 5.77005 5.77002 5.77002 5.77003 5.77001 5.76999 5.77 5.76997 5.77008 5.77006 5.77008 5.77008 5.77008 5.77008 5.77 5.77005 5.77 5.76995 5.76998 5.77004 5.76998 5.77 5.76998 5.76999 5.7699 5.76995 5.77001 5.76991 5.77006 5.7701 5.77007 5.76999 5.77 5.76991 5.7701 5.76999 5.76999 5.77 5.77007 5.77009 5.7701 5.77009 5.77002 5.76999 5.77 5.77008 5.76998 5.76997 5.77009 5.76993 5.76998 5.77005 5.76986 5.76985 5.76993 5.76995 5.76995 5.77 5.77006
5.77 5.76997 5.77003 5.76999 5.77002 5.77007 5.77008 5.77007 5.77005 5.77 5.76999 5.76999 5.77 5.77 5.77 5.76999 5.76997 5.77005 5.77008 5.77008 5.77008 5.77008 5.77008 5.77007 5.77006 5.76998 5.76999 5.76998 5.77 5.76987 5.76993 5.76996 5.77002 5.76997 5.77 5.76999 5.76992 5.76996 5.77008 5.7701 5.77008 5.76999 5.77 5.76992 5.76994 5.77 5.77008 5.77009 5.7701 5.7701 5.77007 5.77001 5.76999 5.77 5.76999 5.76999 5.77007 5.76996 5.76986 5.77005 5.76999 5.76993 5.7701 5.76992 5.76995 5.77007 5.76996 5.76999 5.77008
