tests/full-run-ref/erosion_78_19_2.123.asc
ncols 512
nrows 512
xllcorner -3.24582
yllcorner -4.08743
cellsize 5
NODATA_value -99999
[rows 418 to 455 of 512, columns 252 to 335 of 512]
5.76924 5.77 5.77 5.77 5.77 5.77 5.77 5.77 5.77 5.77 5.77 5.76349 5.65847 5.1614 3.57176 0 0 0 0 0 0 3.30626 5.61118 5.77 5.77 5.77 5.77 5.42862 0 0 0 0 4.91013 0 0 8.15847 5.76736 5.77 5.77 5.77 5.77 5.77 5.77 5.77 5.77 5.77 5.77 5.77 5.77 5.76997 5.76995 0 0 0 8.15953 5.76943 5.76988 5.77 5.77 5.77 5.77 5.77 5.77 5.7697 5.76964 5.76956 6.73126 7.86328 8.94664 0 0 13.9237 8.15436 5.76777 5.76952 5.76991 5.7699 5.76978 5.7698 5.76988 5.76997 5.77 5.77 5.77
5.75971 5.76821 5.7695 5.72476 5.6452 5.74195 5.77 5.77 5.77 5.77 5.77 5.77 5.77 5.76744 5.6572 4.90074 2.82674 0.155514 0 2.0812 4.50342 5.59464 5.76418 5.77 5.77 5.77 5.77 5.30703 0 0 0 0 7.49995 13.9189 8.15115 5.76661 5.76938 5.77 5.77 5.77 5.77 5.77 5.77 5.77 5.77 5.77 5.77 5.77 5.77 5.77 5.67584 3.3347 0 0 0 5.76995 5.77 5.77 5.77 5.77 5.77 5.77 5.77 5.77 5.77 5.76968 5.76888 4.75138 6.63261 0 0 0 13.9269 11.5388 6.15722 6.15836 6.15621 6.15726 7.52735 7.13891 5.76991 5.77 5.77 5.77
8.14118 6.14426 6.15602 6.15738 1.00212 0 5.76566 0 0 5.52393 5.76999 5.77 5.77 5.77 5.77 5.75781 5.67526 5.5219 5.49715 5.63333 5.74882 5.77 5.77 5.77 5.77 5.77 5.77 0 0 0 0 0 20.07 16.3103 11.4736 5.75931 5.77 5.77 5.77 5.77 5.77 5.77 5.77 5.77 5.77 5.77 5.77 5.77 5.77 5.77 5.76438 5.54872 2.87034 0 1.75275 5.26985 5.77 5.77 5.77 5.77 5.77 5.77 5.77 5.77 5.77 5.77 5.76979 5.76936 0 0 0 0 0 11.5377 11.5387 10.8221 8.81907 8.8855 11.5396 5.76933 5.76993 5.77 5.77 5.77
13.912 14.3152 12.3166 8.15813 0 0 0 0 2.45844 6.15885 5.76937 5.7699 5.77 5.77 5.77 5.77 5.77 5.77 5.77 5.77 5.77 4.11062 0 0 0 0 0 0 0 0 0 0 23.056 17.2758 11.4936 5.74364 5.76805 5.77 5.77 5.77 5.77 5.77 5.77 5.77 5.77 5.76937 4.81897 4.92139 5.35071 5.77 5.77 5.75838 5.6342 5.37799 5.57992 5.7447 5.77 5.77 5.77 5.77 5.77 5.77 5.77 5.77 5.77 5.77 5.77 5.67103 4.7853 0 0 0 0 0 0 0 0 7.1189 8.15925 5.76946 5.77 5.77 5.77 5.77
22.4749 13.9236 8.15445 5.76757 0 0 0 0 0 11.9216 8.15864 5.76914 5.76984 5.76994 5.76987 5.7698 5.76986 5.76995 5.77 5.77 5.77 0 0 0 0 0 0 0 0 0 0 15.6604 25.4427 19.6614 13.8823 8.10669 5.75677 5.76847 5.77 5.77 5.77 5.77 5.77 5.77 5.77 5.76617 3.74732 0 0 5.76799 5.76996 5.77 5.77 5.77 5.76999 5.76999 5.77 5.77 5.77 5.77 5.77 5.77 5.77 5.77 5.77 5.77 5.77 5.77 5.63043 2.78676 0 0 0 0 2.37643 4.97516 4.43496 5.39686 5.7697 5.76986 5.77 5.77 5.77 5.77
16.3072 11.5313 5.76497 5.76959 0 0 0 0 8.04515 16.3195 13.9289 8.15857 6.15893 6.15934 6.15953 7.31543 8.15966 5.76972 5.76995 5.76999 5.67974 3.59959 0 0 0 0 0 0 0 0 0 16.6415 22.0821 16.3007 13.9076 11.5276 8.13335 5.76671 5.76948 5.77 5.77 5.77 5.77 5.77 5.77 5.76935 0 0 0 8.15961 5.76972 5.76995 5.77 2.4447 0 3.80827 5.76974 5.76996 5.77 5.77 5.77 5.77 5.77 5.77 5.77 5.77 5.77 5.77 5.7573 5.54078 4.66261 3.71822 3.89984 4.90217 5.57218 5.75252 5.77 5.77 5.77 5.77 5.77 5.77 5.77 5.77
13.92 8.15322 5.76816 0 0 0 0 0 0 0 16.3176 13.9288 12.3189 12.7233 8.81631 8.23711 13.9288 8.15974 6.15993 5.76999 5.7678 5.27775 0 0 0 0 0 0 0 0 16.3185 13.9239 11.5183 13.9049 8.13587 5.75096 5.76502 8.15939 5.76931 5.77 5.77 5.77 5.77 5.76998 5.76995 5.3887 0 0 0 13.9298 8.15978 6.15996 5.76069 0 0 2.40562 8.15695 5.76979 5.77 5.77 5.77 5.77 5.77 5.77 5.77 5.77 5.77 5.77 5.77 5.77 5.76933 5.76736 5.76935 5.77 5.77 5.77 5.77 5.77 5.77 5.77 5.77 5.77 5.77 5.77
8.1513 5.76614 5.76954 0 0 0 0 0 0 0 0 19.6997 16.6041 10.8339 6.3742 16.3199 13.9298 8.15972 5.7699 5.76999 5.77 5.6434 6.16001 0 0 0 0 0 0 0 13.9293 8.15034 5.75158 8.14891 5.75732 5.76862 5.7692 4.78425 5.76962 0 5.04838 5.77 5.77 5.76997 6.77862 6.77819 0 0 6.37063 8.15966 5.76975 5.76996 0 0 0 0 11.5385 5.76962 5.77 5.77 5.77 5.77 5.77 5.77 5.77 5.77 5.77 5.77 5.77 5.77 5.77 5.77 5.77 5.77 5.77 5.77 5.77 5.77 5.77 5.77 5.77 5.77 5.77 5.77
5.76363 5.76892 0 5.76549 0 0 0 0 0 0 13.9286 11.5342 0 5.86013 15.2701 13.9297 8.15951 5.76971 5.76995 5.77 5.77 5.76999 5.05413 0 0 0 0 0 0 0 0 5.76883 0 5.73271 5.76791 5.77 5.77 0 0 6.15605 5.76935 5.76978 5.76997 5.76998 0 0 0 0 11.5398 5.76972 5.76996 0 0 0 0 0 11.5381 5.76851 5.76975 5.77 5.77 5.77 5.76989 5.76972 5.76976 5.77 5.77 5.77 5.77 5.77 5.77 5.77 5.77 5.77 5.77 5.77 5.77 5.77 5.77 5.77 5.77 5.77 5.77 5.77
6.92679 0 0 8.15031 5.34776 7.66663 6.52465 13.9263 8.1588 12.1134 8.159 0 0 0 11.5396 11.5394 5.76962 5.76995 5.77 5.77 5.77 5.77 5.51732 0.147317 0 0 0 0 0 0 0 0 13.9262 8.14758 5.7682 5.77 5.3753 0 0 9.16977 9.16976 6.77646 5.76974 0 0 0 0 0 11.5376 5.76974 0 0 0 0 0 14.2999 13.928 8.15713 5.7678 5.76769 5.76882 0 0 7.52761 5.76786 5.76857 5.76921 5.76979 5.77 5.77 5.77 5.77 5.77 5.77 5.77 5.77 5.77 5.77 5.77 5.77 5.77 5.77 5.77 5.77
0 0 0 0 13.98 12.9931 11.3197 16.3163 13.9287 8.15865 5.76931 0 0 0 0 5.76979 5.7699 5.77 5.77 5.77 5.77 5.77 5.72319 4.63038 0 0 0 0 0 0 0 0 11.5382 5.76293 5.76816 5.77 2.90324 0 0 0 14.9299 9.16628 6.78136 5.76994 0 0 0 16.8759 11.5394 5.76961 0 0 0 0 5.77162 18.2109 16.318 13.9276 11.5394 11.5391 0 0 0 13.9246 11.5387 11.5385 8.15846 5.7688 5.76972 5.76997 5.77 5.77 5.77 5.77 5.77 5.77 5.77 5.77 5.77 5.77 5.77 5.77 5.77 5.77
0 0 0 10.2444 7.63085 24.4709 22.0848 17.3068 11.5362 5.76713 5.76977 3.83756 0 0 1.75694 5.19116 5.77 5.77 5.77 5.77 5.77 5.77 5.77 5.63781 3.80633 0 0 0 0 0 0 0 11.5348 5.76512 2.51781 0 0 0 0 2.7039 14.9412 9.17125 6.78164 5.76984 0 0 0 23.0979 11.5386 5.76886 0 0 0 13.9296 2.20993 0 13.9296 8.15906 6.15254 0 0 0 14.829 13.929 11.5392 5.71545 13.9294 8.15859 6.15719 5.76965 5.7698 5.76981 5.76979 5.76984 5.77 5.77 5.77 5.77 5.77 5.77 5.77 5.77 5.77 5.77
11.8806 15.2207 28.6162 25.5292 25.0563 30.2138 24.9483 19.6925 13.9264 8.15701 5.76874 5.76985 5.35805 5.29364 5.57582 5.74475 5.77 5.77 5.77 5.77 5.77 5.77 5.77 5.77 5.61176 4.37276 0 0 0 0 0 16.3198 13.929 8.15606 11.6305 0 0 0 0 18.5395 12.5509 6.78106 5.76821 0 0 0 0 25.4917 13.928 8.15703 13.9253 0 13.8899 8.15933 0 0 11.5396 6.15334 6.15368 0 0 0 13.9291 8.15799 0 0 0 13.9296 9.08738 5.76925 8.15985 5.77 7.76953 5.76974 5.76982 5.76998 5.77 5.77 5.77 5.77 5.77 5.77 5.77 5.77
44.5496 44.1555 38.3685 44.1273 38.3496 68.7663 22.7479 8.33172 16.3133 13.9283 8.15784 5.7698 5.77 5.77 5.77 5.77 5.77 5.77 5.77 5.77 5.77 5.77 5.77 5.77 5.77 5.56171 0 0 0 0 0 16.3195 13.9289 11.5373 9.81579 0 0 0 0 17.0198 13.8564 9.17025 0 0 0 0 0 24.4732 16.3179 26.8417 16.3187 15.3092 11.539 5.7688 5.76991 0 7.63767 8.15988 0 0 0 0 11.5387 5.76848 0 0 0 4.19977 11.478 10.3195 5.76977 5.76983 5.7697 6.93445 6.15845 5.76968 5.77 5.77 5.77 5.77 5.77 5.77 5.77 5.77
0 0 47.8282 71.8662 61.5258 30.7414 68.8169 0.125842 4.97668 11.5303 5.76089 5.76896 5.76977 5.76984 5.76982 5.76983 5.76984 5.76989 5.76997 5.77 5.77 5.77 5.77 5.77 5.77 5.00002 0 0 0 0 0 0 8.15739 5.76469 0 0 0 0 0 0 0 0 0 0 0 0 30.2475 24.4775 0 14.6118 25.467 19.6984 13.9284 8.15827 5.7695 0 0 5.76971 0 0 0 0 8.15853 5.76921 0.119202 0 0 0 0 8.05597 8.15994 9.26928 6.06594 3.78531 11.5388 5.76971 5.76992 5.76985 5.76988 5.77 5.77 5.77 5.77 5.77
0 0 48.8799 76.9093 71.9281 68.8081 68.8158 0 0 13.9156 8.14813 6.15368 6.15768 6.15752 6.15726 6.15724 6.15755 6.15818 5.7686 5.76973 5.77 5.77 5.77 5.77 5.77 2.69927 0 0 0 0 0 0 5.76928 5.7692 0 0 0 0 0 0 0 0 0 0 0 0 30.2474 24.4761 0 0 27.8594 22.0886 16.3181 11.5377 5.76818 5.29964 5.44855 5.42673 0 0 0 0 0 5.76975 4.39344 0 0 0 0 0 0.250757 5.13694 5.76968 5.76953 5.76946 5.76985 5.76991 7.76956 5.76982 5.76991 5.77 5.77 5.77 5.77
0 0 85.1349 80.0962 76.9664 75.7396 69.9693 50.5564 16.4618 16.1296 13.8115 12.2187 12.2721 12.3078 12.3109 10.2154 14.3156 11.9265 8.15685 5.7687 5.77 5.77 5.77 5.77 5.75617 0 0 0 0 0 0 0 0 0 0 0 0 0 0 0 0 0 0 0 0 0 30.2459 24.4773 0 0 28.8433 23.0722 17.3006 11.529 5.76459 5.76962 5.77 5.52231 0 0 0 0 0.225854 4.94108 5.70215 5.35708 4.99927 4.6708 3.67318 4.3618 5.36146 5.72586 5.77 5.77 5.77 5.77 5.76993 5.76988 8.15995 5.76987 5.77 5.77 5.77 5.77
0 2.77249 80.3351 80.3339 79.1228 73.3469 67.5752 61.7951 55.8771 49.6254 50.1734 50.0877 46.0846 40.383 20.4665 25.8546 20.4757 16.3162 11.5357 5.7671 5.77 5.77 5.77 5.77 5.65908 0 0 0 0 0 0 0 0 0 0 0 0 0 8.15957 0 0 0 0 0 0 0 0 23.2765 0 0 31.2336 25.4613 19.6894 13.9185 8.14878 5.76715 5.76984 5.71858 5.299 4.44836 4.51753 4.93236 5.44566 5.72555 5.77 5.77 5.77 5.76875 5.76507 5.76879 5.77 5.77 5.77 5.77 5.77 5.77 5.77 5.76994 5.76993 5.76994 5.77 5.77 5.77 5.77
0 80.3311 74.5645 74.5633 80.3366 75.741 69.9695 64.1985 58.4298 56.0434 50.2745 51.9294 46.1582 40.3837 34.614 28.8427 23.0751 17.3046 11.5331 5.7654 5.77 5.77 5.77 5.77 5.43848 6.15942 5.76961 0 0 0 0 0 5.75445 0 0 0 0 11.9289 8.15902 0 0 8.15601 0 0 0 0 0 0 0 0 31.2385 27.8504 22.081 16.3093 13.9219 8.15549 5.76886 5.76989 5.77 5.77 5.77 5.77 5.77 5.77 5.77 5.77 5.77 5.77 5.77 5.77 5.77 5.77 5.77 5.77 5.77 5.77 5.77 5.77 5.77 5.77 5.77 5.77 5.77 5.77
0 74.5587 74.5605 73.9296 75.4179 73.0263 70.6375 66.5933 64.2043 58.4352 57.6993 51.9285 46.1573 40.3856 34.6143 28.8438 23.0731 17.302 11.5302 5.76372 5.77 5.77 5.77 5.77 5.76824 8.06804 5.76935 0 0 0 0 3.30068 6.15683 5.76927 0 0 0 11.5394 5.76832 0 0 5.76849 0 0 0 0 0 0 0 0 20.7616 23.0758 24.4745 22.0841 16.3165 13.9271 8.15823 5.76949 5.76992 5.77 5.77 5.77 5.77 5.77 5.77 5.77 5.77 5.77 5.77 5.77 5.77 5.77 5.77 5.77 5.77 5.77 5.77 5.77 5.77 5.77 5.77 5.77 5.77 5.77
0 0 68.0769 65.7938 73.0244 67.2538 64.8655 62.4771 60.0882 57.6992 57.6994 51.9284 46.1569 40.3856 34.614 28.8427 23.0713 17.2996 11.527 5.76162 5.77 5.77 5.77 5.77 5.76855 5.76833 5.76936 0 0 0 0 10.529 11.538 5.76796 0 0 0 7.92053 5.76973 5.76984 0 0 0 0 0 0 0 0 16.7423 0 0 0 1.64561 18.1452 22.0882 16.3189 13.9288 8.15947 5.76993 5.77 5.77 5.77 5.77 5.77 5.77 5.77 5.77 5.77 5.77 5.77 5.77 5.77 5.77 5.77 5.77 5.77 5.76999 5.77 5.77 5.77 5.77 5.77 5.77 5.77
0 0 0 60.4221 68.7881 64.8608 59.0923 56.7051 54.3166 51.9278 53.3083 51.9288 46.1573 40.385 34.6134 28.8414 23.0693 17.2967 11.5232 5.75906 5.77 5.77 5.77 5.77 5.77 5.77 1.57989 0 0 0 12.5485 13.9282 8.15487 5.76839 3.11804 0 0 0 8.15997 5.76992 0 0 0 0 0 0 0 0 11.5353 0 0 0 0 0 19.6966 13.9287 8.15859 5.76959 5.76996 5.77 5.77 5.77 5.77 5.77 5.77 5.77 5.77 5.77 5.77 5.77 5.77 5.77 5.77 5.77 5.77 5.77 6.16001 5.76999 5.77 5.77 5.77 5.77 5.77 5.77
0 0 0 60.6254 58.0943 55.7075 53.3215 50.9337 48.5454 39.3245 29.2704 50.9387 46.1574 40.3849 34.6116 28.8394 23.0665 17.2933 11.5188 5.75618 5.77 5.77 5.77 5.77 5.77 5.7417 0.789281 0 0 0 11.5363 8.156 5.76695 5.76955 5.53566 2.96409 0 0 0 5.76992 0 0 0 0 0 0 0 0 0 0 0 0 0 0 16.3196 11.5362 5.76921 5.7699 5.77 5.77 5.77 5.77 5.77 5.77 5.77 5.77 5.77 5.77 5.77 5.77 5.77 5.77 5.77 5.77 5.77 5.76999 5.76999 5.76999 5.77 5.77 5.77 5.77 5.77 5.77
0 0 0 54.8563 52.325 49.9376 47.5504 45.1626 42.7741 0 0 21.3221 46.1576 40.3838 34.6106 28.8359 23.0631 17.2891 11.5148 5.75364 5.77 5.77 5.77 5.77 5.77 5.73149 4.38351 0 0 0 5.76607 5.76827 5.76957 5.77 5.75959 5.62462 4.8263 3.53561 4.95873 0 0 0 0 0 0 0 0 0 0 0 0 0 0 0 0 11.5397 8.1593 5.7699 5.77 5.77 5.77 5.77 5.77 5.77 5.77 5.77 5.77 5.77 5.77 5.77 5.77 5.77 5.77 5.77 5.77 5.77 5.77 5.77 5.77 5.77 5.77 5.77 5.77 5.77
0 49.8853 49.0865 48.9471 46.5543 44.166 41.7787 39.3912 37.0028 0 0 0 44.1762 39.135 33.3606 27.5857 21.8082 16.0339 10.2624 5.75343 5.77 5.77 5.77 5.77 5.77 5.77 5.32082 0 0 0 5.76947 5.77 5.77 5.77 5.77 5.77 5.76697 5.75806 0 0 0 0 0 0 0 0 0 0 0 0 0 0 0 0 0 0 8.15995 5.76993 5.76997 5.77 5.77 5.77 5.77 5.77 5.77 5.77 5.77 5.77 5.77 5.77 5.77 5.77 5.77 5.77 5.77 5.77 5.77 5.77 5.77 5.77 5.77 5.77 5.77 5.77
0 49.0904 49.0976 46.5519 40.7765 38.3919 36.0063 33.6193 31.231 8.48853 0 0 0 36.7413 30.9671 25.1892 19.4101 13.6274 7.86445 5.75947 5.77 5.77 5.77 5.77 5.77 5.77 5.19873 0 0 0 2.67983 5.71565 5.77 5.77 5.77 5.77 5.77 4.42066 0 0 0 0 0 0 0 0 0 0 0 0 0 0 0 0 0 0 0 8.15999 5.76996 5.77 5.77 5.77 5.77 5.77 5.77 5.77 5.77 5.77 5.77 5.77 5.77 5.77 5.77 5.77 5.77 5.77 5.77 5.77 5.77 5.77 5.77 5.77 5.77 5.77
0 49.0838 47.6586 44.1656 38.3873 32.6136 30.2302 27.8459 25.4585 0 0 0 0 0 28.835 23.0492 17.2668 11.481 5.72405 5.76633 5.77 5.77 5.77 5.77 5.77 5.77 5.63963 4.73832 3.36507 4.29723 5.48399 5.75633 5.77 5.77 5.77 5.77 5.77 5.1849 0 0 0 0 0 0 0 0 0 0 0 0 0 0 0 0 0 0 0 0 5.76997 5.77 5.77 5.77 5.77 5.77 5.77 5.77 5.77 5.77 0 0 0.746909 5.61927 5.77 5.77 5.77 5.77 5.77 5.77 5.77 5.77 5.77 5.77 5.77 5.77
0 0 0 41.7824 36.0033 30.2275 24.4525 22.071 19.6876 17.3008 0 0 0 0 28.7798 23.0084 17.2138 11.4272 5.71698 5.76603 5.77 5.77 5.77 5.77 5.77 5.77 5.77 5.76477 5.74938 5.76492 5.77 5.77 5.77 5.77 5.77 5.77 5.77 5.63694 3.20257 0 0 0 0 0 0 0 0 0 0 0 0 0 0 0 0 0 0 0 0 0 0 0 4.13572 5.77 5.77 5.77 5.77 5.70131 0 0 5.75127 5.73208 5.77 5.77 5.77 5.77 5.77 5.77 5.77 5.77 5.77 5.77 5.77 5.77
0 0 0 0 33.6184 27.8433 22.0691 17.293 17.3059 17.3093 0 0 0 0 0 25.422 19.6229 13.8496 8.08928 5.74549 5.76621 5.76829 5.76945 5.76994 5.77 5.77 5.77 5.77 5.77 5.77 5.77 5.77 5.77 5.77 5.77 5.77 5.77 5.76267 5.3745 0 0 0 0 0 0 0 0 0 0 0 0 0 0 0 0 0 0 0 0 0 0 0 3.59194 5.76112 5.77 5.77 5.77 0 0 0 5.32761 5.76976 5.77 5.77 5.77 5.77 5.77 5.77 5.77 5.77 5.77 5.77 5.77 5.77
0 0 0 0 31.2313 25.454 19.683 17.3042 17.31 17.31 17.31 17.31 17.31 17.31 0 0 22.0295 16.2484 13.8882 12.2936 11.5349 8.156 6.15463 5.76848 5.76972 5.77 5.77 5.77 5.77 5.77 5.77 5.77 5.77 5.77 5.77 5.77 5.77 5.77 5.70408 4.34741 0 0 0 0 0 0 0 0 0 0 0 0 0 0 0 0 0 0 0 0 0 0 4.56295 5.76777 5.77 5.77 0 0 0 0 7.76085 5.76563 5.76936 5.77 5.77 5.77 5.77 5.77 5.77 5.77 5.77 5.77 5.77 5.77
0 0 0 0 28.8441 23.0697 17.2986 17.3087 17.31 17.31 17.31 17.31 17.31 5.75858 0 0 0 22.0101 20.4565 18.0667 16.316 13.926 11.9242 8.15536 5.76926 5.77 5.77 5.77 5.77 5.77 5.77 5.77 5.77 5.77 5.77 2.49541 0 3.19303 5.74678 5.60128 3.80521 0 0 0 0 0 0 0 0 0 0 0 0 0 0 0 0 0 0 0 0 1.35712 5.46014 5.77 5.77 0 0 0 0 0 13.9197 8.1437 5.76177 5.76668 5.76802 5.7692 5.76984 5.77 5.77 5.77 5.77 5.77 5.76999 5.76999
0 0 0 0 0 25.4634 19.6919 17.3075 12.9029 0 0 0 0 0 0 0 0 23.702 26.2281 23.8391 22.0868 19.6971 16.3142 11.5379 5.76876 5.76993 5.77 5.77 5.77 5.77 5.77 5.77 5.77 5.77 0 0 0 6.15961 5.76709 5.76968 5.76982 5.76997 1.69645 0 0 0 0 0 0 0 0 0 5.68969 0 0 0 0 0 0 0 0 0 0.161692 5.59009 5.62897 0 0 0 0 0 16.0523 13.9095 12.2998 11.5352 11.9283 8.15851 5.76975 5.77 5.77 5.77 5.77 5.77 6.15994 6.15994
0 0 0 0 0 27.8571 22.081 17.3024 17.3085 0 0 0 0 0 0 0 0 21.6959 32.0018 29.6111 27.8591 24.4758 19.699 13.9288 8.15911 6.15984 5.77 5.77 5.77 5.77 5.77 5.77 5.77 0 0 0 0 13.9295 8.15925 13.9269 8.15957 5.76977 5.76998 5.01575 4.184 3.32549 2.84566 3.01023 3.68078 0 0 0 0 0 6.15867 6.15923 6.15977 0 0 0 0 5.76956 0 0 0 0 0 0 0 0 22.0304 20.4607 18.0716 17.3067 11.5358 5.76431 5.76899 5.7698 5.76993 5.76998 5.77 5.77 5.76999 5.76999
0 0 0 0 0 26.2323 24.4746 22.0863 17.3083 0 0 0 0 0 0 0 3.55797 23.9879 28.8491 27.1862 24.7959 23.0793 22.0897 16.3196 11.3585 5.76951 5.76988 5.76993 5.76994 5.76992 5.76992 0 1.72632 0 0 0 9.7768 13.5139 18.1209 16.3199 13.9298 8.15976 5.76985 5.76997 0 2.68121 5.6758 5.71856 5.67408 0 0 0 0 0 11.9796 11.5387 5.7687 0 0 0 0 6.09075 0 0 0 0 0 0 0 3.35164 28.6251 26.2371 25.4686 19.6966 13.9241 8.15229 6.15418 6.1583 6.15844 5.76875 5.76977 5.76998 5.77 5.77
0 0 0 0 0 22.0761 19.6881 17.3023 17.3065 0 0 0 0 0 0 15.1935 25.4692 23.079 23.0788 21.4155 19.0257 17.3087 15.48 19.5173 13.7481 13.9299 8.15968 13.9267 8.14849 13.928 8.15986 0 13.927 0 0 13.9298 11.5377 6.31933 9.80432 11.5396 11.5397 11.5399 8.15995 0 0 6.15988 5.76988 5.76995 0 0 0 0 0 0 18.3951 13.9283 8.15802 12.8658 0 0 13.9278 14.3174 12.3138 0 0 0 0 0 0 30.249 22.0828 19.6932 19.6955 22.0873 16.3168 13.9263 14.3174 12.3172 11.9271 8.15772 6.15824 5.76856 5.76924 5.76965
0 0 0 0 0 16.2731 13.8961 0 0 0 0 0 0 0 0 22.089 19.6989 17.3089 17.3088 15.6456 13.2557 11.431 0 0 0 0 22.09 16.32 15.31 15.5407 14.2343 0 16.32 15.3099 13.9299 8.15972 6.1597 6.15975 6.15975 6.1597 6.15979 0 0 0 0 11.0539 8.15974 6.15969 6.15961 0 0 0 0 0 22.089 16.3183 19.0265 16.3187 0 0 0 0 0 0 22.4766 4.85161 8.60725 0 27.8594 22.0884 16.3146 13.925 12.7999 12.8007 13.9279 13.2481 15.7812 18.0891 16.3193 13.9275 11.9282 13.9289 8.15802 5.14272
0 0 0 0 0 13.8958 8.09191 5.73473 0 0 0 0 0 0 17.3093 16.3193 13.9288 11.5388 11.5389 9.87602 7.48619 5.76907 0 0 0 0.698952 16.32 13.9297 11.5201 0 0 12.2065 13.9296 11.5396 11.5397 6.1597 6.15995 6.16001 6.16001 6.16001 0 0 0 0 0 16.2818 14.3198 14.3196 12.3195 0 0 0 0 0 0 27.1879 24.4796 4.94623 0 0 0 0 0 13.7748 30.5422 30.248 26.9894 30.2491 25.4676 19.697 13.9274 12.804 12.8049 12.8049 12.8043 13.9289 15.6238 15.193 12.803 1.91275 12.2064 16.3197 14.3126 0
0 0 0 0 0 11.5213 5.73188 5.76542 0 0 0 0 0 0 0 11.5395 8.15918 5.76925 5.76941 5.76955 5.76979 5.76996 0 0 0 0 11.5399 8.15982 5.7699 0 0 6.39663 8.15948 5.76957 8.00722 8.15977 6.15989 6.15999 6.15999 0 0 0 0 0 0 22.4461 22.4799 20.4789 20.4797 4.73473 0 0 0 0 0 27.8595 23.8552 25.8832 0 0 0 0 16.5482 31.4006 36.3287 30.5587 30.4709 30.5583 27.8565 17.3051 12.8027 12.805 12.8051 12.8051 12.805 12.8047 15.1944 9.42241 0 0 0 0 0 4.62675
