tests/full-run-ref/erosion_80_12_73.027.asc
ncols 512
nrows 512
xllcorner -3.24582
yllcorner -4.08743
cellsize 5
NODATA_value -99999
[rows 0 to 28 of 512, columns 201 to 267 of 512]
13.9234 16.3134 17.31 17.31 17.31 17.31 17.31 18.4875 17.31 17.31 17.31 17.31 17.31 17.31 17.31 17.31 17.31 17.6952 17.31 17.31 17.31 17.31 17.31 17.31 17.31 17.31 17.31 17.31 17.31 17.31 17.31 17.31 17.31 17.31 17.31 17.31 17.31 17.31 17.31 17.31 17.31 16.3199 13.9298 11.54 11.54 11.54 11.54 11.54 11.54 11.54 11.54 11.54 11.54 11.54 11.54 11.54 11.54 11.54 11.54 11.54 11.54 11.54 11.54 11.54 11.54 11.54 11.54
8.15218 11.54 11.54 11.54 11.54 11.54 11.54 12.7175 11.54 11.54 11.54 11.54 11.54 11.54 11.54 11.54 11.54 11.9252 11.54 11.54 11.54 11.54 11.54 11.54 11.54 11.54 11.54 11.54 11.54 11.54 11.54 11.54 11.54 11.54 11.54 11.54 11.54 11.54 11.54 11.54 11.54 11.54 8.15983 5.77003 5.77003 5.77002 5.77002 5.77002 5.77002 5.77002 5.77002 5.77002 5.77002 5.77002 5.77003 5.77003 5.77003 5.77003 5.77002 5.77002 5.77002 5.77002 5.77003 5.77003 5.77003 5.77003 5.77003
5.77002 5.77002 5.77002 5.77002 5.77002 5.77002 5.77002 6.94749 5.77002 5.77002 5.77002 5.77002 5.77002 5.77002 5.77002 5.77002 5.77002 6.15521 5.77003 5.77004 5.77004 5.77004 5.77004 5.77004 5.77004 5.77004 5.77004 5.77004 5.77004 5.77004 5.77004 5.77004 5.77004 5.77004 5.77004 5.77004 5.77004 5.77004 5.77004 5.77004 5.77004 5.77004 5.77003 5.77004 5.77005 5.77005 5.77005 5.77005 5.77005 5.77005 5.77005 5.77005 5.77005 5.77005 5.77005 5.77005 5.77005 5.77005 5.77005 5.77005 5.77005 5.77005 5.77005 5.77005 5.77005 5.77005 5.77005
5.77003 5.77003 5.77003 5.77003 5.77002 5.77002 5.76621 5.76445 5.75731 5.77002 5.77003 5.77003 5.77003 5.77003 5.77002 5.77002 5.75019 5.76137 5.91945 5.76813 5.77001 5.77001 5.77 5.77 5.77 5.77 5.77 5.77 5.76999 5.76999 5.76999 5.76999 5.76999 5.76999 5.77 5.76999 5.76999 5.76999 5.76998 5.76999 5.76999 5.77 5.77 5.77005 5.77005 5.77005 5.77005 5.77005 5.77005 5.77005 5.77005 5.77005 5.77005 5.77005 5.77005 5.77005 5.77005 5.77005 5.77005 5.77005 5.77005 5.77005 5.77005 5.77005 5.77005 5.77005 5.77005
5.77002 5.77002 5.77002 5.77002 5.77002 5.77002 5.77002 5.77002 5.77002 5.77001 5.77001 5.77001 5.77001 5.77001 5.77002 5.77002 5.77002 5.67854 5.56885 5.61626 5.77002 5.77002 5.77002 5.77002 5.77002 5.77002 5.77002 5.77002 5.77002 5.77002 5.77002 5.77002 5.77002 5.77002 5.77002 5.77002 5.77002 5.77002 5.77002 5.77002 5.77002 5.77002 5.76999 5.77005 5.77005 5.77005 5.77005 5.77005 5.77005 5.77005 5.77005 5.77005 5.77005 5.77005 5.77005 5.77005 5.77005 5.77005 5.77005 5.77005 5.77005 5.77005 5.77005 5.77005 5.77005 5.77005 5.77005
5.77002 5.77002 5.77002 5.77002 5.77002 5.77002 5.77002 5.77002 5.77002 5.77002 5.77002 5.77002 5.77002 5.77002 5.77002 5.77002 5.77002 5.77002 5.77002 5.77002 5.77002 5.77002 5.77002 5.77002 5.77002 5.77002 5.77002 5.77002 5.77002 5.77002 5.77002 5.77002 5.77002 5.77002 5.77002 5.77002 5.77002 5.77002 5.77002 5.77002 5.77002 5.77002 5.76999 5.77005 5.77005 5.77005 5.77005 5.77005 5.77005 5.77005 5.77005 5.77005 5.77005 5.77005 5.77005 5.77005 5.77005 5.77005 5.77004 5.77005 5.77005 5.77005 5.77005 5.77005 5.77005 5.77005 5.77005
5.77002 5.77002 5.77002 5.77002 5.77002 5.77002 5.77002 5.77002 5.77001 5.77001 5.77002 5.77002 5.77002 5.77002 5.77002 5.77002 5.77002 5.77002 5.77002 5.77002 5.77002 5.77002 5.77002 5.77002 5.77002 5.77002 5.77002 5.77002 5.77002 5.77002 5.77002 5.77002 5.77002 5.77002 5.77002 5.77001 5.77002 5.77002 5.77002 5.77002 5.77002 5.77002 5.76997 5.77005 5.77005 5.77005 5.77005 5.77005 5.77005 5.77005 5.77005 5.77005 5.77005 5.77005 5.77005 5.77005 5.77005 5.77005 5.77005 5.77004 5.77005 5.77005 5.77005 5.77005 5.77005 5.77005 5.77005
5.77002 5.77002 5.77002 5.77002 5.77002 5.77002 5.77002 5.77002 5.77002 5.77002 5.77002 5.77002 5.77002 5.77002 5.77002 5.77002 5.77002 5.77001 5.77002 5.77002 5.77001 5.77001 5.77001 5.77001 5.77002 5.77002 5.77002 5.77002 5.77002 5.77002 5.77001 5.77001 5.77001 5.77001 5.77001 5.77001 5.77002 5.77002 5.77002 5.77002 5.77002 5.77002 5.76998 5.77005 5.77005 5.77005 5.77005 5.77005 5.77005 5.77005 5.77004 5.77004 5.77004 5.77004 5.77005 5.77005 5.77005 5.77004 5.77004 5.77004 5.77004 5.77005 5.77005 5.77005 5.77005 5.77005 5.77005
5.77002 5.77002 5.77002 5.77002 5.77002 5.77002 5.77002 5.77002 5.77002 5.77002 5.77002 5.77002 5.77002 5.77002 5.77002 5.77002 5.77002 5.77002 5.77002 5.77002 5.77002 5.77002 5.77002 5.77002 5.77002 5.77002 5.77002 5.77002 5.77002 5.77002 5.77002 5.77002 5.77002 5.77002 5.77002 5.77001 5.77002 5.77002 5.77002 5.77002 5.77002 5.77002 5.77001 5.77003 5.77005 5.77005 5.77005 5.77005 5.77005 5.77005 5.77005 5.77005 5.77005 5.77005 5.77004 5.77004 5.77004 5.77005 5.77004 5.77005 5.77005 5.77005 5.77005 5.77005 5.77005 5.77005 5.77005
5.77002 5.77002 5.77002 5.77002 5.77002 5.77002 5.77001 5.77002 5.77002 5.77002 5.77002 5.77002 5.77002 5.77002 5.77002 5.77002 5.77002 5.77002 5.77002 5.77002 5.77002 5.77002 5.77002 5.77002 5.77002 5.77002 5.77002 5.77002 5.77002 5.77002 5.77002 5.77002 5.77002 5.77002 5.77002 5.77002 5.77002 5.77002 5.77002 5.77002 5.77002 5.77002 5.77002 5.77003 5.77005 5.77005 5.77005 5.77005 5.77005 5.77005 5.77005 5.77005 5.77005 5.77005 5.77005 5.77005 5.77005 5.77005 5.77005 5.77004 5.77005 5.77005 5.77005 5.77005 5.77005 5.77005 5.77005
5.77001 5.77002 5.77002 5.77002 5.77002 5.77001 5.77002 5.77002 5.77002 5.77002 5.77002 5.77002 5.77002 5.77002 5.77002 5.77002 5.77002 5.77002 5.77002 5.77001 5.77002 5.77002 5.77002 5.77002 5.77002 5.77002 5.77002 5.77002 5.77002 5.77002 5.77002 5.77002 5.77002 5.77002 5.77002 5.77002 5.77002 5.77002 5.77002 5.77002 5.77002 5.77002 5.77002 5.77003 5.77005 5.77005 5.77005 5.77005 5.77005 5.77005 5.77005 5.77005 5.77005 5.77005 5.77005 5.77005 5.77005 5.77005 5.77005 5.77004 5.77005 5.77005 5.77005 5.77005 5.77005 5.77005 5.77005
5.77002 5.77001 5.77001 5.77002 5.77002 5.77002 5.77002 5.77002 5.77002 5.77002 5.77002 5.77003 5.77002 5.77002 5.77002 5.77002 5.77002 5.77002 5.77002 5.77002 5.77002 5.77002 5.77002 5.77002 5.77002 5.77002 5.77002 5.77002 5.77002 5.77002 5.77002 5.77002 5.77002 5.77002 5.77002 5.77002 5.77002 5.77002 5.77002 5.77002 5.77002 5.77002 5.77002 5.77003 5.77005 5.77005 5.77005 5.77005 5.77005 5.77005 5.77005 5.77005 5.77005 5.77005 5.77005 5.77005 5.77005 5.77005 5.77004 5.77004 5.77004 5.77005 5.77005 5.77005 5.77005 5.77005 5.77005
5.77002 5.77001 5.77001 5.77002 5.77002 5.77002 5.77002 5.77002 5.77002 5.77002 5.77002 5.77002 5.77002 5.77002 5.77002 5.77002 5.77002 5.77002 5.77002 5.77002 5.77002 5.77002 5.77002 5.77002 5.77002 5.77002 5.77002 5.77002 5.77002 5.77002 5.77002 5.77002 5.77002 5.77002 5.77002 5.77002 5.77002 5.77002 5.77002 5.77002 5.77002 5.77002 5.77002 5.77003 5.77005 5.77005 5.77005 5.77005 5.77005 5.77005 5.77005 5.77004 5.77005 5.77005 5.77005 5.77005 5.77005 5.77005 5.77004 5.77004 5.77004 5.77004 5.77005 5.77005 5.77005 5.77005 5.77005
5.77 5.77001 5.77001 5.77001 5.77002 5.77002 5.77002 5.77002 5.77002 5.77002 5.77002 5.77003 5.77002 5.77002 5.77002 5.77002 5.77002 5.77002 5.77002 5.77002 5.77002 5.77002 5.77002 5.77002 5.77002 5.77002 5.77002 5.77002 5.77002 5.77002 5.77002 5.77002 5.77002 5.77002 5.77002 5.77002 5.77002 5.77002 5.77002 5.77002 5.77002 5.77002 5.77002 5.77003 5.77005 5.77005 5.77005 5.77005 5.77005 5.77005 5.77005 5.77005 5.77004 5.77004 5.77005 5.77005 5.77005 5.77005 5.77004 5.77004 5.77004 5.77005 5.77004 5.77005 5.77005 5.77005 5.77005
5.77001 5.77001 5.77002 5.77002 5.77002 5.77002 5.77002 5.77002 5.77002 5.77002 5.77002 5.77002 5.77002 5.77002 5.77002 5.77002 5.77002 5.77002 5.77002 5.77002 5.77002 5.77002 5.77002 5.77002 5.77002 5.77002 5.77002 5.77002 5.77002 5.77002 5.77002 5.77002 5.77002 5.77002 5.77002 5.77002 5.77002 5.77002 5.77002 5.77002 5.77002 5.77002 5.77002 5.77003 5.77005 5.77005 5.77005 5.77005 5.77005 5.77005 5.77005 5.77005 5.77005 5.77005 5.77004 5.77004 5.77004 5.77004 5.77005 5.77004 5.77004 5.77004 5.77004 5.77005 5.77005 5.77005 5.77005
5.77002 5.77001 5.77001 5.77002 5.77002 5.77002 5.77002 5.77002 5.77002 5.77002 5.77002 5.77002 5.77001 5.77002 5.77002 5.77002 5.77002 5.77002 5.77002 5.77002 5.77002 5.77002 5.77002 5.77002 5.77002 5.77002 5.77002 5.77002 5.77002 5.77002 5.77002 5.77002 5.77002 5.77002 5.77002 5.77002 5.77002 5.77002 5.77002 5.77002 5.77002 5.77002 5.77002 5.77003 5.77005 5.77005 5.77005 5.77005 5.77005 5.77005 5.77005 5.77005 5.77005 5.77005 5.77005 5.77005 5.77004 5.77004 5.77004 5.77005 5.77004 5.77005 5.77005 5.77005 5.77005 5.77005 5.77005
5.77001 5.77001 5.77002 5.77002 5.77002 5.77002 5.77002 5.73662 5.71892 5.70372 5.73857 5.77003 5.77002 5.77002 5.77003 5.77002 5.77002 5.77002 5.77002 5.77002 5.77002 5.77002 5.77002 5.77002 5.77002 5.77002 5.77003 5.77002 5.77002 5.77002 5.77002 5.77002 5.77002 5.77002 5.77002 5.77002 5.77002 5.77002 5.77002 5.77002 5.77002 5.77002 5.77002 5.77003 5.77005 5.77005 5.77005 5.77005 5.77005 5.77005 5.77005 5.77004 5.77005 5.77005 5.77005 5.77005 5.77005 5.77004 5.77004 5.77005 5.77005 5.77005 5.77005 5.77005 5.77004 5.77005 5.77005
5.77001 5.77001 5.77002 5.77002 5.77003 5.77003 5.77002 5.7448 5.98985 5.97365 5.72501 5.77002 5.77003 5.77003 5.77002 5.77002 5.77002 5.77003 5.77002 5.77003 5.77002 5.77003 5.77002 5.77003 5.77003 5.77003 5.77003 5.77002 5.77002 5.77002 5.77002 5.77002 5.77002 5.77002 5.77002 5.77002 5.77002 5.77002 5.77002 5.77002 5.77002 5.77002 5.77002 5.77003 5.77005 5.77005 5.77005 5.77005 5.77005 5.77005 5.77005 5.77004 5.77004 5.77004 5.77005 5.77005 5.77005 5.77005 5.77004 5.77004 5.77005 5.77005 5.77005 5.77005 5.77004 5.77005 5.77005
5.77001 5.77001 5.77002 5.77002 5.77003 5.77003 5.77002 5.747 5.71194 5.68297 5.7119 5.77002 5.77002 5.77003 5.77003 5.77002 5.77003 5.77003 5.77003 5.77002 5.77003 5.77003 5.77003 5.77003 5.77003 5.77003 5.77003 5.77002 5.77003 5.77002 5.77002 5.77003 5.77002 5.77002 5.77002 5.77002 5.77002 5.77002 5.77002 5.77002 5.77002 5.77002 5.77002 5.77003 5.77005 5.77005 5.77005 5.77005 5.77005 5.77005 5.77005 5.77005 5.77004 5.77004 5.77004 5.77004 5.77005 5.77005 5.77004 5.77004 5.77004 5.77004 5.77004 5.77004 5.77005 5.77004 5.77005
5.77001 5.77001 5.77002 5.77002 5.77002 5.77003 5.77003 5.77002 5.77003 5.77002 5.77002 5.77002 5.77002 5.77002 5.77003 5.77003 5.77003 5.77003 5.77003 5.77003 5.77003 5.77003 5.77003 5.77003 5.77003 5.77003 5.77003 5.77003 5.77003 5.77002 5.77003 5.77002 5.77002 5.77002 5.77002 5.77002 5.77002 5.77002 5.77002 5.77002 5.77002 5.77002 5.77002 5.77003 5.77005 5.77005 5.77005 5.77005 5.77005 5.77005 5.77005 5.77004 5.77004 5.77004 5.77004 5.77004 5.77004 5.77004 5.77005 5.77005 5.77005 5.77005 5.77004 5.77005 5.77005 5.77005 5.77004
5.77001 5.77002 5.77002 5.77002 5.77002 5.77003 5.77002 5.77002 5.77003 5.77002 5.77002 5.77002 5.77002 5.77002 5.77003 5.77003 5.77003 5.77003 5.77003 5.77003 5.77003 5.77003 5.77003 5.77003 5.77003 5.77003 5.77003 5.77003 5.77002 5.77003 5.77002 5.77002 5.77002 5.77002 5.77002 5.77002 5.77002 5.77002 5.77002 5.77002 5.77002 5.77002 5.77002 5.77003 5.77005 5.77005 5.77005 5.77005 5.77005 5.77005 5.77004 5.77004 5.77004 5.77004 5.77004 5.77004 5.77004 5.77004 5.77004 5.77004 5.77005 5.77005 5.77005 5.77005 5.77005 5.77005 5.77004
5.77002 5.77001 5.77002 5.77002 5.77002 5.77003 5.77002 5.77002 5.77002 5.77002 5.77002 5.77002 5.77002 5.77002 5.77003 5.77003 5.77003 5.77003 5.77003 5.77003 5.77003 5.77003 5.77003 5.77003 5.77003 5.77003 5.77003 5.77003 5.77003 5.77003 5.77002 5.77002 5.77002 5.77002 5.77003 5.77002 5.77002 5.77002 5.77002 5.77002 5.77002 5.77002 5.77002 5.77003 5.77005 5.77005 5.77005 5.77005 5.77005 5.77005 5.77004 5.77004 5.77004 5.77004 5.77004 5.77004 5.77004 5.77004 5.77004 5.77004 5.77004 5.77005 5.77005 5.77004 5.77004 5.77005 5.77005
5.77001 5.77001 5.77002 5.77002 5.77002 5.77002 5.77002 5.77003 5.77003 5.77002 5.77002 5.77002 5.77002 5.77002 5.77002 5.77003 5.77003 5.77003 5.76903 5.76898 5.76933 5.77003 5.77003 5.77003 5.77003 5.77003 5.77003 5.77003 5.77003 5.77002 5.77002 5.77002 5.77002 5.77003 5.77002 5.77002 5.77002 5.77002 5.77002 5.77002 5.77002 5.77002 5.77002 5.77003 5.77005 5.77005 5.77005 5.77005 5.77005 5.77004 5.77004 5.77004 5.77004 5.77004 5.77004 5.77004 5.77004 5.77004 5.77004 5.77004 5.77004 5.77004 5.77004 5.77004 5.77004 5.77004 5.77004
5.77002 5.77001 5.77002 5.77002 5.77002 5.77002 5.77002 5.77002 5.77002 5.77002 5.77002 5.77002 5.77002 5.77003 5.77003 5.77003 5.77003 5.77003 5.76934 6.15966 5.76974 5.77003 5.77003 5.77003 5.77003 5.77003 5.77003 5.77003 5.77003 5.77003 5.77002 5.77002 5.77003 5.77003 5.77002 5.77002 5.77002 5.77002 5.77002 5.77002 5.77002 5.77002 5.77002 5.77003 5.77005 5.77005 5.77005 5.77005 5.77005 5.77004 5.77004 5.77004 5.77004 5.77004 5.77004 5.77004 5.77004 5.77004 5.77004 5.77004 5.77004 5.77004 5.77004 5.77005 5.77005 5.77004 5.77004
5.77002 5.77001 5.77002 5.77002 5.77002 5.77002 5.77002 5.77002 5.77002 5.77003 5.77002 5.77003 5.77003 5.77003 5.77003 5.77003 5.77003 5.77003 5.7692 5.76912 5.76981 5.76984 5.7691 5.76862 5.76861 5.76928 5.77003 5.77003 5.77003 5.77003 5.77003 5.77003 5.77003 5.77002 5.77002 5.77002 5.77002 5.77002 5.77002 5.77002 5.77002 5.77002 5.77002 5.77002 5.77005 5.77005 5.77005 5.77005 5.77004 5.77004 5.77004 5.77004 5.77004 5.77004 5.77004 5.77004 5.77004 5.77004 5.77005 5.77004 5.77004 5.77005 5.77005 5.77005 5.77005 5.77005 5.77005
5.77002 5.77002 5.77002 5.77002 5.77002 5.77002 5.77002 5.77002 5.77002 5.77002 5.77002 5.77002 5.77002 5.77003 5.77003 5.77003 5.77003 5.77003 5.77003 5.77003 5.77003 5.76986 6.15983 6.15994 6.15915 5.76941 5.77003 5.77003 5.77003 5.77003 5.77003 5.77003 5.77003 5.77002 5.77002 5.77002 5.77002 5.77002 5.77002 5.77002 5.77002 5.77002 5.77002 5.77002 5.77005 5.77005 5.77005 5.77005 5.77004 5.77004 5.77004 5.77004 5.77004 5.77004 5.77004 5.77005 5.77004 5.77005 5.77004 5.77004 5.77005 5.77005 5.77005 5.77005 5.77005 5.77005 5.77005
5.77001 5.77001 5.77002 5.77002 5.77002 5.77002 5.77002 5.77002 5.77002 5.77002 5.77002 5.77002 5.77002 5.77003 5.77003 5.77003 5.77003 5.77003 5.77003 5.77003 5.77003 5.76965 5.76946 5.76871 5.76882 5.76947 5.77003 5.76751 5.76737 5.76589 5.76764 5.77003 5.77003 5.77003 5.77002 5.77002 5.77002 5.77002 5.77002 5.77002 5.77002 5.77002 5.77002 5.77002 5.77005 5.77005 5.77005 5.77005 5.77004 5.77004 5.77004 5.77004 5.77004 5.77004 5.77004 5.77005 5.77005 5.77004 5.77005 5.77005 5.77005 5.77005 5.77005 5.77005 5.77004 5.77004 5.77004
5.77001 5.77001 5.77002 5.77002 5.77002 5.77002 5.77002 5.77002 5.77002 5.77002 5.77002 5.77002 5.77002 5.77003 5.77003 5.77003 5.77003 5.77003 5.77003 5.77003 5.77003 5.77003 5.77003 5.77003 5.77003 5.77003 5.77003 5.76962 6.15497 6.15626 5.76828 5.77003 5.77003 5.77003 5.77002 5.77002 5.77002 5.77002 5.77002 5.77002 5.77002 5.77002 5.77002 5.77002 5.77005 5.77005 5.77005 5.77005 5.77004 5.77004 5.77004 5.77004 5.77004 5.77004 5.77005 5.77004 5.77005 5.77005 5.77005 5.77005 5.77005 5.77004 5.77004 5.77004 5.77004 5.77004 5.77004
5.77001 5.77001 5.77002 5.77002 5.77002 5.77002 5.77002 5.77002 5.77002 5.77002 5.77002 5.77002 5.77002 5.77003 5.77003 5.77003 5.77003 5.77003 5.77003 5.77003 5.77003 5.77003 5.77003 5.77003 5.77003 5.77003 5.77003 5.76962 5.76858 5.76829 5.76881 5.77003 5.77003 5.77003 5.77002 5.77002 5.77002 5.77002 5.77002 5.77002 5.77002 5.77002 5.77002 5.77002 5.77005 5.77005 5.77005 5.77005 5.77004 5.77004 5.77004 5.77004 5.77005 5.77004 5.77004 5.77005 5.77005 5.77005 5.77005 5.77005 5.77005 5.77004 5.77004 5.77004 5.77004 5.77004 5.77004
