tests/full-run-ref/erosion_78_20_-12.873.asc
ncols 512
nrows 512
xllcorner -3.24582
yllcorner -4.08743
cellsize 5
NODATA_value -99999
[rows 36 to 71 of 512, columns 164 to 245 of 512]
267.803 262.033 256.263 250.492 244.722 238.95 233.179 227.409 221.639 215.869 210.099 204.329 198.559 192.789 187.019 181.249 175.478 169.707 163.934 158.164 152.393 146.621 140.849 135.076 129.301 123.525 117.749 111.972 106.194 100.416 94.6376 88.8599 83.0831 77.3073 71.5327 65.7595 59.9877 54.2171 48.4475 42.6787 36.9104 31.1421 25.3693 19.597 13.8259 8.06955 5.7276 5.76273 5.76868 5.76933 5.76774 5.76555 8.15528 13.9042 87.9329 90.3368 92.7274 95.1178 97.5088 97.9181 95.5282 89.7586 86.5472 80.7772 75.0072 69.2372 63.4671 57.6971 51.927 46.1569 40.3867 34.6163 28.8458 23.0752 17.3045 11.5335 5.76642 5.76976 5.77 5.77 5.77 5.77
266.813 261.043 255.272 249.502 243.731 237.961 232.189 226.417 220.648 214.877 209.107 203.337 197.567 191.797 186.027 180.256 174.486 168.715 162.944 157.171 151.4 145.629 139.857 134.084 128.31 122.534 116.758 110.981 105.203 99.4247 93.6461 87.8678 82.0899 76.3129 70.5369 64.762 58.9885 53.2161 47.4448 41.6743 35.9045 30.135 24.3587 17.1763 11.4086 5.686 5.76566 5.77 5.77 5.77 5.77 5.76973 5.76694 11.5182 82.162 84.5667 86.9566 89.3474 91.7379 94.129 89.7577 87.368 81.5984 78.7987 73.0287 67.2587 61.4886 55.7186 49.9486 44.1785 38.4084 32.6382 27.8576 22.0871 16.3166 11.5365 5.76847 5.77 5.77 5.77 5.77 5.77
264.421 258.65 252.88 247.109 241.338 235.567 229.796 224.025 218.253 212.483 206.712 200.941 195.171 189.4 183.63 177.859 172.088 166.318 160.546 154.775 149.002 143.23 137.457 131.684 125.91 120.134 114.357 108.579 102.8 97.0201 91.2394 85.4584 79.6774 73.8969 68.117 62.3381 56.5602 50.7835 45.0079 39.2334 33.4597 27.6866 21.9112 16.1622 11.4235 5.70827 5.77 5.77 5.77 5.77 5.77 5.76977 5.76732 11.5195 76.3946 78.7962 81.1864 83.5766 85.9675 88.3583 87.3672 81.5972 79.2077 73.4382 70.6385 64.8686 59.0985 53.3285 47.5585 41.7885 36.0184 30.2482 24.478 19.6976 13.9271 8.15714 5.76945 5.77 5.77 5.77 5.77 5.77
262.03 256.258 250.487 244.716 238.945 233.174 227.403 221.632 215.86 210.088 204.317 198.546 192.775 187.004 181.234 175.463 169.692 163.921 158.15 152.378 146.606 140.832 135.059 129.285 123.511 117.735 111.958 106.18 100.4 94.619 88.837 83.0542 77.271 71.4877 65.7048 59.9224 54.1409 48.3605 42.5811 36.8028 31.0256 25.2493 19.4507 13.7019 8.00068 5.73618 5.77 5.77 5.77 5.77 5.77 5.76897 8.15641 13.9098 70.6249 73.0262 75.4159 77.8065 80.1968 82.5881 81.5967 79.2067 73.4369 71.0475 65.278 62.4784 56.7085 50.9384 45.1684 39.3984 33.6283 27.8582 22.0881 16.3178 11.5376 5.76873 5.76991 5.77 5.77 5.77 5.77 5.77
264.423 258.652 252.881 247.11 241.339 235.568 229.798 224.027 218.256 212.484 206.713 200.942 195.171 189.401 183.63 177.859 172.088 166.318 160.547 154.776 149.004 143.232 137.458 131.686 125.912 120.138 114.364 108.588 102.811 97.0335 91.2553 85.4766 79.6977 73.9186 68.1397 62.3611 56.5829 50.8052 45.0282 39.2518 33.476 27.7006 21.8912 11.2451 5.60009 5.7575 5.77 5.77 5.77 5.77 5.77 5.76815 11.532 16.2968 64.8592 67.2559 69.6459 72.036 74.4267 76.8173 79.2067 73.436 71.0464 65.2765 62.8872 57.1177 54.3183 48.5484 42.7783 37.0083 31.2382 25.4682 19.6981 13.928 8.15815 5.76965 5.77 5.77 5.77 5.77 5.77 5.77
262.031 256.259 250.487 244.716 238.944 233.173 227.402 221.631 215.859 210.088 204.316 198.544 192.773 187.002 181.231 175.46 169.688 163.917 158.146 152.374 146.603 140.83 135.057 129.282 123.507 117.732 111.956 106.178 100.4 94.6205 88.8403 83.0594 77.2779 71.4961 65.7141 59.9323 54.1507 48.3696 42.5891 36.8092 31.03 25.2514 19.4424 13.714 8.05039 5.76019 5.77 5.77 5.77 5.77 5.77 5.76795 11.5273 56.6997 59.095 61.4858 63.8755 66.2659 68.6562 71.0475 73.4365 71.046 65.2754 62.886 57.1162 54.727 48.9575 46.1581 40.3883 34.6182 28.8482 23.0781 17.3081 11.538 5.76899 5.76994 5.77 5.77 5.77 5.77 5.77 5.77
262.031 256.258 250.486 244.714 238.943 233.171 227.4 221.629 215.857 210.086 204.315 198.543 192.771 187 181.229 175.457 169.686 163.915 158.143 152.372 146.6 140.828 135.055 129.281 123.504 117.728 111.95 106.173 100.394 94.6151 88.835 83.0543 77.2729 71.4911 65.709 59.9271 54.1454 48.3641 42.5835 36.8035 31.0243 25.2457 19.4275 11.263 5.63479 5.76391 5.77 5.77 5.77 5.77 5.77 5.7679 11.5264 50.9291 53.326 55.7152 58.1053 60.4953 62.8859 68.6582 71.0471 65.2754 62.8855 57.115 54.7258 48.9559 46.5668 40.7974 38.4081 32.6386 27.8585 22.0886 16.3186 11.5387 5.76947 5.77 5.77 5.77 5.77 5.77 5.77 5.77
264.422 258.65 252.878 247.106 241.335 235.564 229.793 224.023 218.252 212.481 206.711 200.94 195.168 189.396 183.626 177.855 172.084 166.313 160.543 154.771 149 143.227 137.455 131.681 125.908 120.128 114.353 108.576 102.8 97.024 91.2468 85.4691 79.691 73.9127 68.1345 62.3564 56.5786 50.8014 45.0247 39.2487 33.4733 27.6982 21.874 11.2766 5.63647 5.7635 5.77 5.77 5.77 5.77 5.77 5.76774 11.5264 45.1589 47.5551 49.9447 52.3344 54.7246 60.4963 68.6592 65.2764 62.8857 57.1147 54.7251 48.9546 46.5655 40.7956 38.4066 32.6371 30.2479 24.4784 19.6984 13.9285 8.15874 5.76977 5.77 5.77 5.77 5.77 5.77 5.77 5.77
266.815 261.042 255.27 249.499 243.728 237.958 232.187 226.417 220.646 214.876 209.106 203.335 197.564 191.793 186.021 180.252 174.48 168.711 162.939 157.169 151.396 145.626 139.853 134.081 128.307 122.535 116.754 110.98 105.207 99.4329 93.6582 87.8832 82.1079 76.3326 70.5573 64.7822 59.0075 53.2332 47.4594 41.686 35.9131 30.1403 24.3311 13.7226 8.02724 5.73869 5.77 5.77 5.77 5.77 5.77 5.7674 11.5268 39.3889 41.7845 44.1734 46.5632 52.3351 60.4978 65.2771 62.8863 57.1151 54.7252 48.9541 46.5648 40.7942 38.4052 32.6353 30.2464 24.4769 22.0878 16.3183 11.5383 5.76925 5.76996 5.77 5.77 5.77 5.77 5.77 5.77 5.77
264.425 258.65 252.877 247.105 241.333 235.562 229.79 224.019 218.248 212.476 206.705 200.934 195.163 189.392 183.619 177.847 172.076 166.304 160.534 154.761 148.99 143.216 137.444 131.67 125.898 120.121 114.347 108.563 102.787 97.0111 91.2348 85.4576 79.6799 73.9018 68.1236 62.3453 56.5672 50.7894 45.012 39.235 33.4585 27.6822 21.8955 16.1489 11.4333 5.71381 5.77 5.77 5.77 5.77 5.77 5.76683 11.5265 33.6194 36.0129 38.4018 44.1739 52.3371 57.1174 62.8868 57.1156 54.7254 48.9544 46.5647 40.7937 38.4045 32.6339 30.245 24.475 22.0862 16.3167 13.9278 8.15864 5.76974 5.77 5.77 5.77 5.77 5.77 5.77 5.77 5.77
262.037 256.259 250.485 244.712 238.939 233.166 227.393 221.62 215.848 210.076 204.304 198.532 192.76 186.988 181.216 175.443 169.669 163.897 158.124 152.352 146.579 140.806 135.031 129.258 123.482 117.708 111.93 106.153 100.368 94.5889 88.809 83.0294 77.2488 71.4677 65.686 59.904 54.122 48.34 42.5583 36.7768 30.9956 25.2146 19.4184 13.6573 7.97358 5.72971 5.77 5.77 5.77 5.77 5.77 5.76616 11.5259 27.8475 30.2407 36.0127 44.1764 48.9561 54.7281 57.1167 54.7256 48.9547 46.5649 40.7938 38.4043 32.6333 30.2442 24.4736 22.0848 16.3148 13.9262 8.15705 5.76914 5.76995 5.77 5.77 5.77 5.77 5.77 5.77 5.77 5.77
262.037 256.26 250.486 244.712 238.939 233.165 227.392 221.619 215.847 210.074 204.302 198.53 192.757 186.985 181.213 175.441 169.668 163.893 158.121 152.348 146.575 140.801 135.028 129.252 123.479 117.702 111.928 106.149 100.373 94.5862 88.8065 83.0255 77.2447 71.4631 65.6813 59.8993 54.117 48.3347 42.5524 36.7701 30.9878 25.2056 19.3789 11.1708 5.57587 5.7607 5.77 5.77 5.77 5.77 5.77 5.76577 11.5273 22.0754 27.8515 36.0158 40.7952 46.5658 57.1165 54.7262 48.9548 46.5649 40.794 38.4044 32.6333 30.244 24.4729 22.0839 16.3133 13.9249 8.1555 5.76854 5.76989 5.77 5.77 5.77 5.77 5.77 5.77 5.77 5.77 5.77
261.903 256.261 250.487 244.712 238.938 233.164 227.391 221.618 215.846 210.073 204.301 198.529 192.757 186.986 181.214 175.441 169.669 163.895 158.12 152.348 146.573 140.8 135.025 129.252 123.476 117.702 111.925 106.151 100.371 94.5942 88.8053 83.0234 77.2414 71.4608 65.6798 59.8987 54.1173 48.3356 42.5537 36.7717 30.9895 25.207 19.3594 11.1979 5.6177 5.77 5.77 5.77 5.77 5.77 5.77 5.76586 11.5301 19.6897 27.8551 32.6343 38.4043 48.9567 54.7269 48.9549 46.5649 40.7939 38.4044 32.6334 30.244 24.4728 22.0836 16.3125 13.924 8.15427 5.76803 5.76984 5.77 5.77 5.77 5.77 5.77 5.77 5.77 5.77 5.77 5.77
259.508 253.739 251.35 247.108 241.334 235.56 229.788 224.016 218.245 212.473 206.702 200.931 195.16 189.389 183.617 177.846 172.074 166.302 160.528 154.752 148.985 143.21 137.437 131.662 125.891 120.115 114.344 108.567 102.795 97.0154 91.2404 85.4488 79.6721 73.8951 68.119 62.342 56.5647 50.7869 45.0087 39.2304 33.4519 27.6729 21.8316 11.1969 5.59088 5.75992 5.77 5.77 5.77 5.77 5.77 5.76632 11.5326 19.6942 24.4733 30.243 40.7942 52.3385 48.9559 46.5649 40.7939 38.4042 32.6332 30.2439 24.4728 22.0836 16.3124 13.9237 8.1536 5.76768 5.76979 5.77 5.77 5.77 5.77 5.77 5.77 5.77 5.77 5.77 5.77 5.77
257.115 251.347 245.571 243.182 239.078 233.303 227.53 221.757 215.984 210.212 204.441 198.669 192.898 187.127 181.355 175.583 169.811 164.039 158.266 152.506 146.736 143.217 137.441 131.668 125.892 120.121 114.344 108.573 102.794 97.0223 91.2406 85.4645 79.6696 73.8926 68.1159 62.3393 56.5612 50.7825 45.0034 39.2241 33.4447 27.6646 21.8422 13.6391 7.99767 5.7371 5.77 5.77 5.77 5.77 5.77 5.76704 11.5347 16.3126 22.0819 32.6329 44.1763 48.9562 46.5651 40.7939 38.4041 32.6331 30.2437 24.4726 22.0834 16.3123 13.9236 8.15341 5.76754 5.76977 5.77 5.77 5.77 5.77 5.77 5.77 5.77 5.77 5.77 5.77 5.77 5.77
254.721 248.956 243.179 237.403 235.016 230.913 225.137 219.362 213.589 207.816 202.043 196.271 190.499 184.727 178.955 173.183 167.411 161.638 155.865 150.091 144.33 138.555 135.038 129.265 123.493 117.716 111.941 106.16 100.384 94.602 88.8249 83.0399 77.257 71.4579 65.6731 59.8881 54.1037 48.3188 42.5342 36.7496 30.9649 25.1796 19.3624 13.6174 7.98042 5.73589 5.77 5.77 5.77 5.77 5.77 5.76846 8.15438 13.9219 24.4726 36.0146 41.7865 46.566 40.794 38.404 32.633 30.2435 24.4724 22.0832 16.3121 13.9234 8.15331 5.76751 5.76976 5.77 5.77 5.77 5.77 5.77 5.77 5.77 5.77 5.77 5.77 5.77 5.77 5.77
252.326 246.565 240.788 235.012 229.234 226.851 222.748 216.971 211.196 205.421 199.648 193.875 188.102 182.329 176.557 170.784 165.012 159.239 153.465 147.692 141.916 136.152 130.377 128.022 122.278 117.733 111.953 106.179 100.394 94.612 88.8289 83.0505 77.263 71.479 65.676 59.8872 54.0999 48.3156 42.5316 36.7479 30.9638 25.1786 19.3343 11.1303 5.55253 5.75796 5.77 5.77 5.77 5.77 5.77 5.76963 5.76572 11.5322 22.0832 30.2421 44.1774 40.795 38.404 32.6329 30.2433 24.4722 22.0829 16.3118 13.9231 8.15304 5.76746 5.76976 5.77 5.77 5.77 5.77 5.77 5.77 5.77 5.77 5.77 5.77 5.77 5.77 5.77 5.77
249.931 244.174 238.397 232.621 226.843 221.064 218.684 214.583 208.805 203.029 197.254 191.48 185.706 179.933 174.159 168.386 162.613 156.839 151.066 145.292 139.518 133.741 127.975 122.193 119.845 114.109 111.741 105.977 102.825 97.0401 91.2643 85.4811 79.7039 73.9168 68.1374 62.3328 56.5539 50.7757 44.9992 39.2221 33.4442 27.6642 21.8136 11.1573 5.56084 5.75759 5.77 5.77 5.77 5.77 5.77 5.77 5.76726 11.5345 19.6942 24.4724 40.7933 38.4045 32.6328 30.2431 24.4719 22.0827 16.3115 13.9229 8.15275 5.76737 5.76975 5.77 5.77 5.77 5.77 5.77 5.77 5.77 5.77 5.77 5.77 5.77 5.77 5.77 5.77 5.77
247.534 241.782 236.005 230.229 224.452 218.673 212.893 210.517 206.417 200.639 194.861 189.085 183.31 177.536 171.761 165.987 160.214 154.44 148.667 142.893 137.12 131.346 125.567 119.796 114.009 111.67 105.929 103.566 97.8006 95.4261 89.6488 85.5025 79.7175 73.9419 68.1531 62.3737 56.5653 50.7887 45.0154 39.2421 33.4665 27.6881 21.8649 13.6488 7.98537 5.73212 5.77 5.77 5.77 5.77 5.77 5.77 5.76786 11.5359 16.3151 22.083 36.0168 32.6338 30.2434 24.4718 22.0824 16.3112 13.9226 8.15247 5.76728 5.76974 5.77 5.77 5.77 5.77 5.77 5.77 5.77 5.77 5.77 5.77 5.77 5.77 5.77 5.77 5.77 5.77
245.133 239.389 233.612 227.835 222.058 216.28 210.5 204.718 202.347 198.249 192.469 186.69 180.912 175.136 169.361 163.587 157.813 152.04 146.267 140.494 134.721 128.947 123.173 117.393 111.617 105.826 103.493 97.7509 95.3924 89.6242 87.2543 81.4741 77.325 71.5393 65.7594 59.9651 54.1766 48.3607 42.5782 36.7995 31.021 25.2389 19.4425 13.6571 7.97496 5.73051 5.77 5.77 5.77 5.77 5.77 5.77 5.76881 8.15612 13.9251 19.6948 30.2467 30.2446 24.4725 22.0826 16.311 13.9223 8.15215 5.76719 5.76974 5.77 5.77 5.77 5.77 5.77 5.77 5.77 5.77 5.77 5.77 5.77 5.77 5.77 5.77 5.77 5.77 5.77
242.69 236.982 231.216 225.437 219.657 213.879 208.099 202.318 196.534 194.169 190.072 184.289 178.508 172.731 166.957 161.183 155.41 149.637 143.864 138.092 132.32 126.547 120.775 115 109.219 103.438 97.6425 95.3168 89.5732 87.2196 81.4498 79.0843 73.3027 69.1583 63.3726 57.5864 51.789 45.9916 40.1712 34.3797 28.592 22.8058 17.013 11.204 5.55002 5.75502 5.77 5.77 5.77 5.77 5.77 5.77 5.7697 5.767 11.5357 19.6965 24.4779 24.4748 22.0835 16.3115 13.9224 8.15198 5.76712 5.76973 5.77 5.77 5.77 5.77 5.77 5.77 5.77 5.77 5.77 5.77 5.77 5.77 5.77 5.77 5.77 5.77 5.77 5.77
192.38 234.472 228.8 223.037 217.255 211.474 205.694 199.912 194.127 188.34 185.981 181.885 176.105 170.326 164.551 158.777 153.005 147.232 141.461 135.689 129.917 124.146 118.374 112.602 106.828 101.044 95.2597 89.4593 87.1407 81.3959 79.0473 73.2765 70.9156 65.1386 62.7611 56.973 51.8373 46.038 40.2407 34.4177 28.6288 22.8424 17.0561 11.2441 5.59837 5.77 5.77 5.77 5.77 5.77 5.77 5.77 5.77 5.76836 11.5373 16.3171 22.0884 22.0855 16.3131 13.9232 8.15234 5.76718 5.76972 5.77 5.77 5.77 5.77 5.77 5.77 5.77 5.77 5.77 5.77 5.77 5.77 5.77 5.77 5.77 5.77 5.77 5.77 5.77
181.933 184.19 226.344 220.647 214.877 209.091 203.308 197.525 191.742 185.952 180.158 177.811 173.716 167.932 162.152 156.376 150.601 144.829 139.057 133.285 127.514 121.743 115.972 110.201 104.429 98.6547 92.8697 87.0809 81.2762 78.9647 73.2189 70.8755 65.1041 62.7464 56.9636 54.5877 48.8051 45.079 39.2748 33.4763 27.649 21.8599 16.076 11.3019 5.63328 5.77 5.77 5.77 5.77 5.77 5.77 5.77 5.77 5.76913 8.15766 13.9274 19.699 16.3156 13.9245 8.1535 5.76749 5.76974 5.77 5.77 5.77 5.77 5.77 5.77 5.77 5.77 5.77 5.77 5.77 5.77 5.77 5.77 5.77 5.77 5.77 5.77 5.77 5.77
171.444 173.785 176.074 218.252 212.508 206.718 200.929 195.146 189.365 183.579 177.784 171.985 169.653 165.559 159.762 153.98 148.203 142.428 136.655 130.883 125.111 119.34 113.569 107.798 102.027 96.256 90.4819 84.6952 78.9021 73.093 70.7887 65.0421 62.704 56.9314 54.5757 48.7906 46.4186 40.6304 36.9011 31.0947 25.2884 19.4508 13.6469 7.90644 5.69781 5.77 5.77 5.77 5.77 5.77 5.77 5.77 5.77 5.76976 5.76838 11.5383 16.3177 13.9264 8.15523 5.76803 5.76978 5.77 5.77 5.77 5.77 5.77 5.77 5.77 5.77 5.77 5.77 5.77 5.77 5.77 5.77 5.77 5.77 5.77 5.77 5.77 5.77 5.77
165.687 168.088 170.349 217.222 211.487 205.703 199.921 192.773 186.993 181.209 175.42 169.62 163.851 163.18 157.365 151.586 145.809 140.032 134.258 128.484 122.711 116.939 111.168 105.397 99.6261 93.8553 88.0839 82.3095 76.5209 70.7233 64.9097 62.6127 56.8653 54.5323 48.7586 46.4058 40.6184 38.2487 32.4576 28.7335 22.9268 17.1144 11.2629 5.5615 5.75106 5.77 5.77 5.77 5.77 5.77 5.77 5.77 5.77 5.77 5.7694 8.15873 13.9281 8.15712 5.76867 5.76984 5.77 5.77 5.77 5.77 5.77 5.77 5.77 5.77 5.77 5.77 5.77 5.77 5.77 5.77 5.77 5.77 5.77 5.77 5.77 5.77 5.77 5.77
159.909 162.317 164.572 214.824 209.098 203.319 197.539 191.762 185.98 180.198 174.416 168.63 162.847 160.738 154.952 149.187 143.415 137.64 131.865 126.09 120.316 114.543 108.77 102.998 97.2266 91.4554 85.6844 79.9128 74.1378 68.3471 62.5447 56.7265 54.4366 48.6884 46.3607 40.5859 38.2362 32.4468 30.0797 24.2916 21.8992 16.0916 11.3861 5.6476 5.77 5.77 5.77 5.77 5.77 5.77 5.77 5.77 5.77 5.77 5.76983 5.76934 8.15872 5.76926 5.76991 5.77 5.77 5.77 5.77 5.77 5.77 5.77 5.77 5.77 5.77 5.77 5.77 5.77 5.77 5.77 5.77 5.77 5.77 5.77 5.77 5.77 5.77 5.77
154.132 156.543 158.772 216.09 210.387 204.608 198.837 193.062 187.286 181.51 175.736 169.97 164.198 158.348 152.555 146.792 141.023 135.251 129.476 123.701 117.925 112.151 106.376 100.603 94.8304 89.0582 83.2865 77.515 71.7429 65.9671 60.1739 54.3664 48.5434 46.2605 40.5115 38.1889 32.4131 30.0667 24.2758 21.9098 16.1143 13.7322 7.9585 5.72103 5.77 5.77 5.77 5.77 5.77 5.77 5.77 5.77 5.77 5.77 5.77 5.76989 5.7699 5.76995 5.77 5.77 5.77 5.77 5.77 5.77 5.77 5.77 5.77 5.77 5.77 5.77 5.77 5.77 5.77 5.77 5.77 5.77 5.77 5.77 5.77 5.77 5.77 5.77
148.356 150.768 152.957 213.67 207.989 202.209 196.427 190.654 184.878 179.103 173.332 167.563 161.8 156.01 150.2 144.415 138.64 132.866 127.091 121.315 115.539 109.763 103.987 98.2123 92.438 86.6643 80.8913 75.1189 69.3467 63.5739 57.797 52.001 46.1883 40.3603 38.0844 32.3344 30.017 24.2404 21.8974 16.1042 13.7477 7.9765 5.70461 5.76378 5.77 5.77 5.77 5.77 5.77 5.77 5.77 5.77 5.77 5.77 5.77 5.77 5.77 5.77 5.77 5.77 5.77 5.77 5.77 5.77 5.77 5.77 5.77 5.77 5.77 5.77 5.77 5.77 5.77 5.77 5.77 5.77 5.77 5.77 5.77 5.77 5.77 5.77
142.561 144.968 147.181 211.2 205.56 199.813 194.027 188.24 182.465 176.69 170.92 165.153 159.386 153.623 147.841 142.05 136.265 130.486 124.708 118.931 113.154 107.377 101.6 95.824 90.0481 84.2728 78.4982 72.7243 66.9509 61.1779 55.4042 49.626 43.8272 38.0092 32.1763 29.908 24.1572 21.8451 16.0677 13.7362 7.9723 5.7017 5.76374 5.77 5.77 5.77 5.77 5.77 5.77 5.77 5.77 5.77 5.77 5.77 5.77 5.77 5.77 5.77 5.77 5.77 5.77 5.77 5.77 5.77 5.77 5.77 5.77 5.77 5.77 5.77 5.77 5.77 5.77 5.77 5.77 5.77 5.77 5.77 5.77 5.77 5.77 5.77
134.386 134.395 136.689 138.846 203.07 197.418 191.631 185.841 180.047 174.273 168.503 162.737 156.972 151.205 145.442 139.664 133.882 128.1 122.321 116.542 110.765 104.987 99.2093 93.4319 87.6548 81.8781 76.102 70.3264 64.5515 58.7771 53.0029 47.2281 41.4485 35.6472 29.8252 23.988 21.7299 15.9794 13.6821 7.94147 5.69202 5.76327 5.77 5.77 5.77 5.77 5.77 5.77 5.77 5.77 5.77 5.77 5.77 5.77 5.77 5.77 5.77 5.77 5.77 5.77 5.77 5.77 5.77 5.77 5.77 5.77 5.77 5.77 5.77 5.77 5.77 5.77 5.77 5.77 5.77 5.77 5.77 5.77 5.77 5.77 5.77 5.77
128.622 128.622 131.026 133.163 200.602 194.989 189.248 183.456 177.653 171.851 166.081 160.315 154.55 148.781 143.008 137.24 131.464 125.686 119.908 114.13 108.352 102.574 96.7966 91.0186 85.2407 79.4629 73.6853 67.9081 62.1313 56.3549 50.579 44.8033 39.0268 33.2456 27.4434 21.6215 15.7826 13.5485 7.86257 5.668 5.76193 5.77 5.77 5.77 5.77 5.77 5.77 5.77 5.77 5.77 5.77 5.77 5.77 5.77 5.77 5.77 5.77 5.77 5.77 5.77 5.77 5.77 5.77 5.77 5.77 5.77 5.77 5.77 5.77 5.77 5.77 5.77 5.77 5.77 5.77 5.77 5.77 5.77 5.77 5.77 5.77 5.77
122.852 120.436 120.449 122.715 124.812 192.489 186.861 181.067 175.273 169.461 163.653 157.883 152.109 146.331 140.55 134.771 129 123.222 117.444 111.665 105.885 100.106 94.3266 88.547 82.7672 76.9874 71.2076 65.4279 59.6483 53.8688 48.0897 42.3107 36.5319 30.7525 24.9692 19.1682 13.3558 7.62093 5.60244 5.75883 5.77 5.77 5.77 5.77 5.77 5.77 5.77 5.77 5.77 5.77 5.77 5.77 5.77 5.77 5.77 5.77 5.77 5.77 5.77 5.77 5.77 5.77 5.77 5.77 5.77 5.77 5.77 5.77 5.77 5.77 5.77 5.77 5.77 5.77 5.77 5.77 5.77 5.77 5.77 5.77 5.77 5.77
117.095 114.672 114.674 117.08 119.161 190.009 184.429 178.691 172.889 167.087 161.269 155.457 149.667 143.881 138.097 132.31 126.525 120.746 114.963 109.179 103.396 97.6135 91.8308 86.0481 80.2653 74.4825 68.6997 62.9169 57.1341 51.3513 45.5686 39.786 34.0036 28.2212 22.4382 16.6526 10.8552 5.38508 5.7499 5.77 5.77 5.77 5.77 5.77 5.77 5.77 5.77 5.77 5.77 5.77 5.77 5.77 5.77 5.77 5.77 5.77 5.77 5.77 5.77 5.77 5.77 5.77 5.77 5.77 5.77 5.77 5.77 5.77 5.77 5.77 5.77 5.77 5.77 5.77 5.77 5.77 5.77 5.77 5.77 5.77 5.77 5.77
111.339 108.902 106.484 106.5 108.741 110.768 184.279 178.687 172.89 167.097 161.3 155.487 149.679 143.888 138.099 132.315 126.527 120.769 114.983 109.198 103.414 97.6304 91.847 86.064 80.2812 74.4985 68.7159 62.9334 57.1509 51.3685 45.5861 39.8037 34.0215 28.2393 22.4571 16.6748 10.8961 5.49049 5.77 5.77 5.77 5.77 5.77 5.77 5.77 5.77 5.77 5.77 5.77 5.77 5.77 5.77 5.77 5.77 5.77 5.77 5.77 5.77 5.77 5.77 5.77 5.77 5.77 5.77 5.77 5.77 5.77 5.77 5.77 5.77 5.77 5.77 5.77 5.77 5.77 5.77 5.77 5.77 5.77 5.77 5.77 5.77
105.436 103.148 100.721 100.724 103.133 105.134 184.192 178.667 172.936 167.129 161.341 155.548 149.75 143.951 138.159 132.371 126.586 120.799 115.015 109.23 103.445 97.6608 91.8772 86.094 80.3112 74.5286 68.7463 62.9642 57.1823 51.4004 45.6187 39.837 34.0554 28.2738 22.4923 16.7108 10.9335 5.50985 5.77 5.77 5.77 5.77 5.77 5.77 5.77 5.77 5.77 5.77 5.77 5.77 5.77 5.77 5.77 5.77 5.77 5.77 5.77 5.77 5.77 5.77 5.77 5.77 5.77 5.77 5.77 5.77 5.77 5.77 5.77 5.77 5.77 5.77 5.77 5.77 5.77 5.77 5.77 5.76998 5.76997 5.76999 5.77 5.77
99.5885 97.3956 94.9517 92.5302 92.5504 94.7493 96.6798 178.465 172.933 167.139 161.337 155.551 149.759 143.969 138.177 132.387 126.6 120.815 115.035 109.251 103.466 97.6823 91.8988 86.1157 80.333 74.5505 68.7684 62.9865 57.2048 51.4232 45.6418 39.8605 34.0792 28.2981 22.5169 16.7358 10.9586 5.52119 5.77 5.77 5.77 5.77 5.77 5.77 5.77 5.77 5.77 5.77 5.77 5.77 5.77 5.77 5.77 5.77 5.77 5.77 5.77 5.77 5.77 5.77 5.77 5.77 5.77 5.77 5.77 5.77 5.77 5.77 5.77 5.77 5.77 5.77 5.77 5.77 5.77 5.77 5.77 5.76994 8.15979 5.7699 5.76998 5.77
