tests/full-run-ref/erosion_2010_78_24_-72.835.asc
ncols 512
nrows 512
xllcorner -3.24582
yllcorner -4.08743
cellsize 5
NODATA_value -99999
[rows 30 to 59 of 512, columns 0 to 66 of 512]
9.85001 6.96501 4.08001 2.88514 2.88514 2.88514 2.88514 2.88513 2.88513 2.88513 5.77001 4.08001 2.88513 2.88513 2.88513 2.88513 2.88513 2.88513 2.88513 2.88513 2.88513 2.88513 2.88513 2.88513 2.88513 2.88513 2.88513 2.88513 2.88513 2.88513 2.88513 2.88513 2.88513 2.88513 5.77001 4.08001 2.88513 2.88513 2.88513 2.88513 2.88513 2.88513 2.88513 2.88513 2.88513 2.88513 2.88513 2.88513 2.88513 2.88512 2.88512 2.88512 2.88512 2.88512 2.88512 2.88512 2.88512 2.88512 2.88512 2.88512 2.88512 2.88512 2.88512 2.88512 2.88512 2.88512 2.88512
8.655 5.77 2.88514 2.88514 2.88514 2.88514 2.88514 2.88513 2.88513 2.88513 4.08001 2.88513 2.88513 2.88513 2.88513 2.88513 2.88513 2.88513 2.88513 2.88513 2.88513 2.88513 2.88513 2.88513 2.88513 2.88513 2.88513 2.88513 2.88513 2.88513 2.88513 2.88513 2.88513 2.88513 4.08001 4.08001 2.88513 2.88513 2.88513 2.88513 2.88513 2.88513 2.88513 2.88513 2.88513 2.88513 2.88513 2.88513 2.88513 2.88512 2.88512 2.88512 2.88512 2.88512 2.88512 2.88512 2.88512 2.88512 2.88512 2.88512 2.88512 2.88512 2.88512 2.88512 2.88512 2.88512 2.88512
9.85001 6.96501 4.08001 4.08001 2.88514 2.88514 2.88514 2.88513 2.88513 2.88513 2.88513 2.88513 2.88513 2.88513 2.88513 2.88513 2.88513 2.88513 2.88513 2.88513 2.88513 2.88513 2.88513 2.88513 2.88513 2.88513 2.88513 2.88513 2.88513 2.88513 2.88513 2.88513 2.88513 2.88513 2.88513 2.88513 2.88513 2.88513 2.88513 2.88513 2.88513 2.88513 2.88513 2.88513 2.88513 2.88513 2.88513 2.88513 2.88513 2.88512 2.88512 2.88512 2.88512 2.88512 2.88512 2.88512 2.88512 2.88512 2.88512 2.88512 2.88512 2.88512 2.88512 2.88512 2.88512 2.88512 2.88512
11.045 8.16002 6.96501 4.08001 2.88514 2.88514 2.88514 2.88513 2.88513 2.88513 2.88513 2.88513 2.88513 2.88513 2.88513 2.88513 2.88513 2.88513 2.88513 2.88513 2.88513 2.88513 2.88513 2.88513 2.88513 2.88513 2.88513 2.88513 2.88513 2.88513 2.88513 2.88513 2.88513 2.88513 2.88513 2.88513 2.88513 2.88513 4.08001 2.88513 2.88513 2.88513 2.88513 2.88513 2.88513 2.88513 2.88513 2.88513 2.88513 2.88512 2.88512 2.88512 2.88512 2.88512 2.88512 2.88512 2.88512 2.88512 2.88512 2.88512 2.88512 2.88512 2.88512 2.88512 2.88512 2.88512 2.88512
8.16001 6.96501 4.08001 2.88514 2.88514 2.88514 2.88514 2.88513 2.88513 2.88513 2.88513 2.88513 2.88513 2.88513 2.88513 2.88513 2.88513 2.88513 2.88513 2.88513 2.88513 2.88513 2.88513 2.88513 2.88513 2.88513 2.88513 2.88513 2.88513 2.88513 2.88513 2.88513 2.88513 2.88513 2.88513 2.88513 2.88513 4.08001 5.01702 4.08001 2.88513 2.88513 2.88513 2.88513 2.88513 2.88513 2.88513 2.88513 2.88513 2.88512 2.88512 2.88512 2.88512 2.88512 2.88512 2.88512 2.88512 2.88512 2.88512 2.88512 2.88512 2.88512 2.88512 2.88512 2.88512 2.88512 2.88512
6.96501 4.08001 2.88514 2.88514 2.88514 2.88514 2.88514 2.88513 2.88513 2.88513 2.88513 2.88513 2.88513 2.88513 2.88513 2.88513 2.88513 2.88513 2.88513 2.88513 2.88513 2.88513 2.88513 2.88513 2.88513 2.88513 2.88513 2.88513 2.88513 2.88513 2.88513 2.88513 2.88513 4.08001 4.08001 2.88513 2.88513 2.88513 4.47724 6.96499 4.08001 2.88513 2.88513 2.88513 2.88513 2.88513 2.88513 2.88513 2.88513 2.88512 2.88512 2.88512 2.88512 2.88512 2.88512 2.88512 2.88512 2.88512 2.88512 2.88512 2.88512 2.88512 2.88512 2.88512 2.88512 2.88512 2.88512
5.77 2.88514 2.88514 2.88514 2.88514 2.88514 2.88514 2.88513 2.88513 2.88513 2.88513 2.88513 2.88513 2.88513 2.88513 2.88513 2.88513 2.88513 2.88513 2.88513 2.88513 2.88513 2.88513 2.88513 2.88513 2.88513 2.88513 2.88513 2.88513 2.88513 2.88513 2.88513 2.88513 5.77001 6.96497 4.08001 4.68428 4.08001 4.24169 7.12669 6.96501 4.08001 2.88513 2.88513 2.88513 2.88513 2.88513 2.88513 2.88513 2.88512 2.88512 2.88512 2.88512 2.88512 2.88512 2.88512 2.88512 2.88512 2.88512 2.88512 2.88512 2.88512 2.88512 2.88512 2.88512 2.88512 2.88512
5.77 2.88514 2.88514 2.88514 2.88514 2.88514 2.88514 2.88513 2.88513 2.88513 2.88513 2.88513 2.88513 2.88513 2.88513 2.88513 2.88513 2.88513 2.88513 2.88513 2.88513 2.88513 2.88513 2.88513 2.88513 2.88513 2.88513 2.88513 2.88513 2.88513 2.88513 2.88513 4.08001 6.96501 8.16002 6.96501 7.2864 6.96501 7.12669 8.3217 8.16002 6.96501 4.08001 2.88513 2.88513 2.88513 2.88513 2.88513 2.88513 2.88512 2.88512 2.88512 2.88512 2.88512 2.88512 2.88512 2.88512 2.88512 2.88512 2.88512 2.88512 2.88512 2.88512 2.88512 2.88512 2.88512 2.88512
5.77 2.88514 2.88514 2.88514 2.88514 2.88514 2.88514 2.88513 2.88513 2.88513 2.88513 2.88513 2.88513 2.88513 2.88513 2.88513 2.88513 2.88513 2.88513 2.88513 2.88513 2.88513 2.88513 2.88513 2.88513 2.88513 2.88513 2.88513 2.88513 2.88513 2.88513 4.08001 6.96501 8.16002 11.045 9.85001 10.1714 9.85001 10.0117 11.2067 11.045 8.16002 6.96501 4.08001 2.88513 2.88513 2.88513 2.88513 2.88513 2.88512 2.88512 2.88512 2.88512 2.88512 2.88512 2.88512 2.88512 2.88512 2.88512 2.88512 2.88512 2.88512 2.88512 2.88512 2.88512 2.88512 2.88512
5.77 2.88514 2.88514 2.88514 2.88514 2.88514 2.88514 2.88513 2.88513 2.88513 2.88513 2.88513 2.88513 2.88513 2.88513 2.88513 2.88513 2.88513 2.88513 2.88513 2.88513 2.88513 2.88513 2.88513 2.88513 2.88513 2.88513 2.88513 2.88513 2.88513 4.08001 6.96501 8.16002 11.045 12.24 12.735 13.0564 12.735 12.8967 14.0917 12.24 11.045 8.16002 6.96501 4.24488 3.04987 2.88513 2.88513 2.88513 2.88512 2.88512 2.88512 2.88512 2.88512 2.88512 2.88512 2.88512 2.88512 2.88512 2.88512 2.88512 2.88512 2.88512 2.88512 2.88512 2.88512 2.88512
5.77 2.88514 2.88514 2.88514 2.88514 2.88514 2.88514 2.88513 2.88513 2.88513 2.88513 2.88513 2.88513 2.88513 2.88513 2.88513 2.88513 2.88513 2.88513 2.88513 2.88513 2.88513 2.88513 2.88513 2.88513 2.88513 2.88513 2.88513 2.88513 4.08001 6.96501 8.16002 11.045 12.24 15.125 15.62 15.9414 15.62 15.125 13.6299 12.4348 11.2398 10.2555 8.32489 7.12988 5.93487 4.08001 2.88513 2.88513 2.88512 2.88512 2.88512 2.88512 2.88512 2.88512 2.88512 2.88512 2.88512 2.88512 2.88512 2.88512 2.88512 2.88512 2.88512 2.88512 2.88512 2.88512
5.77 2.88514 2.88514 2.88514 2.88514 2.88514 2.88514 2.88513 2.88513 2.88513 2.88513 2.88513 2.88513 2.88513 2.88513 2.88513 2.88513 2.88513 2.88513 2.88513 2.88513 2.88513 2.88513 2.88513 2.88513 2.88513 2.88513 2.88513 4.08001 6.96501 8.16002 11.045 12.24 15.125 16.32 18.505 16.32 15.125 12.24 11.045 9.54984 8.35484 7.37047 8.56547 9.85001 6.96501 4.08001 2.88513 2.88513 2.88512 2.88512 2.88512 2.88512 2.88512 2.88512 2.88512 2.88512 2.88512 2.88512 2.88512 2.88512 2.88512 2.88512 2.88512 2.88512 2.88512 2.88512
5.77 2.88514 2.88514 2.88514 2.88514 2.88514 2.88514 2.88513 2.88513 2.88513 2.88513 2.88513 2.88513 2.88513 2.88513 2.88513 2.88513 2.88513 2.88513 2.88513 2.88513 2.88513 2.88513 2.88513 2.88513 2.88513 2.88513 4.08001 6.96501 8.16002 11.045 12.24 15.125 16.32 19.205 16.32 15.125 12.24 11.045 8.16002 6.96501 5.46984 4.48547 6.93127 8.12628 5.77001 2.88513 2.88513 2.88513 2.88512 2.88512 2.88512 2.88512 2.88512 2.88512 2.88512 2.88512 2.88512 2.88512 2.88512 2.88512 2.88512 2.88512 2.88512 2.88512 2.88512 2.88512
5.77 2.88514 2.88514 2.88514 2.88514 2.88514 2.88514 2.88513 2.88513 2.88513 2.88513 2.88513 2.88513 2.88513 2.88513 2.88513 2.88513 2.88513 2.88513 2.88513 2.88513 2.88513 2.88513 2.88513 2.88513 2.88513 2.88513 2.88513 4.08001 6.96501 9.85001 12.735 15.62 18.505 18.01 15.125 12.24 11.045 8.16002 6.96501 4.08001 2.88513 4.08001 4.04627 6.93127 5.77001 2.88513 2.88513 2.88513 2.88512 2.88512 2.88512 2.88512 2.88512 2.88512 2.88512 2.88512 2.88512 2.88512 2.88512 2.88512 2.88512 2.88512 2.88512 2.88512 2.88512 2.88512
5.77 2.88514 2.88514 2.88514 2.88514 2.88514 2.88514 2.88513 2.88513 2.88513 2.88513 2.88513 2.88513 2.88513 2.88513 2.88513 2.88513 2.88513 2.88513 4.08001 4.08001 2.88513 2.88513 2.88513 2.88513 2.88513 2.88513 2.88513 2.88513 5.77 8.655 11.54 14.425 17.31 16.815 13.93 11.045 8.16002 6.96501 4.08001 2.88513 2.88513 2.88513 2.88513 4.08001 2.88513 2.88513 2.88513 2.88513 2.88512 2.88512 2.88512 2.88512 2.88512 2.88512 2.88512 2.88512 2.88512 2.88512 2.88512 2.88512 2.88512 2.88512 2.88512 2.88512 2.88512 2.88512
5.77 2.88514 2.88514 2.88514 2.88514 2.88514 2.88514 2.88513 2.88513 2.88513 2.88513 2.88513 2.88513 2.88513 2.88513 2.88513 2.88513 2.88513 2.88513 2.88513 5.77001 4.08001 2.88513 2.88513 2.88513 2.88513 2.88513 2.88513 2.88513 5.77 8.655 11.54 14.425 17.31 15.62 12.735 9.85001 6.96501 4.08001 2.88513 2.88513 2.88513 2.88513 2.88513 2.88513 2.88513 2.88513 2.88513 2.88513 2.88512 2.88512 2.88512 2.88512 2.88512 2.88512 2.88512 4.08001 2.88512 2.88512 2.88512 2.88512 2.88512 2.88512 2.88512 2.88512 2.88512 2.88512
5.77 2.88514 2.88514 2.88514 2.88514 2.88514 2.88514 2.88513 2.88513 2.88513 2.88513 2.88513 2.88513 2.88513 2.88513 2.88513 2.88513 2.88513 2.88513 2.88513 4.20855 6.96501 5.26257 2.88513 2.88513 2.88513 2.88513 2.88513 2.88513 5.77001 8.16002 11.045 13.93 15.125 14.425 11.54 8.65501 5.77001 2.88513 2.88513 2.88513 2.88513 2.88513 2.88513 2.88513 2.88513 2.88513 2.88513 2.88513 2.88512 2.88512 2.88512 2.88512 2.88512 2.88512 4.08001 6.96501 5.77012 5.77001 4.08001 2.88512 2.88512 2.88512 2.88512 2.88512 2.88512 2.88512
5.77 2.88514 2.88514 2.88514 2.88514 2.88514 2.88514 2.88513 2.88513 2.88513 2.88513 2.88513 2.88513 2.88513 2.88513 2.88513 2.88513 2.88513 2.88513 2.88513 2.88513 4.08001 5.77001 2.88513 2.88513 2.88513 2.88513 2.88513 2.88513 4.08001 6.96501 9.85001 11.045 12.24 12.24 11.045 8.16002 5.77001 2.88513 2.88513 2.88513 2.88513 2.88513 2.88513 2.88513 2.88513 2.88513 2.88513 2.88513 2.88512 2.88512 2.88512 2.88512 2.88512 4.08001 6.96501 8.16002 8.16002 5.77001 2.88512 2.88512 2.88512 2.88512 2.88512 2.88512 2.88512 2.88512
5.77 2.88514 2.88514 2.88514 2.88514 2.88514 2.88514 2.88514 2.88514 2.88514 2.88514 2.88514 2.88513 2.88513 2.88513 2.88513 2.88513 2.88513 2.88513 2.88513 2.88513 2.88513 4.27814 4.08001 2.88513 2.88513 2.88513 2.88513 2.88513 2.88513 5.77001 6.96501 8.16002 9.85001 11.045 8.16002 6.96501 4.08001 2.88513 2.88513 2.88513 2.88513 2.88513 2.88513 2.88513 2.88513 2.88513 2.88513 2.88513 2.88512 2.88512 2.88512 2.88512 4.08001 6.96501 8.16002 8.16002 6.96501 4.08001 2.88512 2.88512 2.88512 2.88512 2.88512 2.88512 2.88512 2.88512
5.77 2.88514 2.88514 2.88514 2.88514 2.88514 2.88514 2.88514 2.88514 2.88514 2.88514 2.88514 2.88513 2.88513 2.88513 2.88513 2.88513 2.88513 2.88513 2.88513 2.88513 2.88513 3.08313 5.77001 2.88513 2.88513 2.88513 2.88513 2.88513 2.88513 2.88513 4.08001 5.77 6.96501 8.16002 6.96501 4.08001 2.88513 2.88513 2.88513 2.88513 2.88513 2.88513 2.88513 2.88513 2.88513 2.88513 2.88513 2.88513 2.88512 2.88512 2.88512 2.88512 5.77001 8.16002 8.16002 6.96501 4.08001 2.88512 2.88512 2.88512 2.88512 2.88512 2.88512 2.88512 2.88512 2.88512
5.77 2.88514 2.88514 2.88514 2.88514 2.88514 2.88514 2.88514 2.88514 2.88514 2.88514 2.88514 2.88514 2.88513 2.88513 2.88513 2.88513 2.88513 2.88513 2.88513 2.88513 2.88513 2.88513 4.08001 2.88513 2.88513 2.88513 2.88513 2.88513 2.88513 2.88513 2.88513 2.88513 4.08001 6.96501 4.08001 2.88513 2.88513 2.88513 2.88513 2.88513 2.88513 2.88513 2.88513 2.88513 2.88513 2.88513 2.88513 2.88513 2.88512 2.88512 2.88512 4.08001 6.96501 8.16002 6.96501 4.08001 2.88512 2.88512 2.88512 2.88512 2.88512 2.88512 2.88512 2.88512 2.88512 2.88512
5.77 2.88514 2.88514 2.88514 2.88514 2.88514 2.88514 2.88514 2.88514 2.88514 2.88514 2.88514 2.88513 2.88513 2.88513 2.88513 2.88513 2.88513 2.88513 2.88513 2.88513 2.88513 2.88513 2.88513 2.88513 2.88513 2.88513 2.88513 2.88513 2.88513 2.88513 2.88513 2.88513 2.88513 4.08001 2.88513 2.88513 2.88513 2.88513 2.88513 2.88513 2.88513 2.88513 2.88513 2.88513 2.88513 2.88513 2.88513 2.88513 2.88512 4.08001 4.08001 6.96501 8.16002 6.96501 4.08001 2.88512 2.88512 2.88512 2.88512 2.88512 2.88512 2.88512 2.88512 2.88512 2.88512 2.88512
5.77 2.88514 2.88514 2.88514 2.88514 2.88514 2.88514 2.88514 2.88514 2.88514 2.88513 2.88513 2.88513 2.88513 2.88513 2.88513 2.88513 2.88513 2.88513 2.88513 2.88513 2.88513 2.88513 2.88513 2.88513 2.88513 2.88513 2.88513 2.88513 2.88513 2.88513 2.88513 2.88513 2.88513 2.88513 2.88513 2.88513 2.88513 2.88513 2.88513 2.88513 2.88513 2.88513 2.88513 2.88513 2.88513 2.88513 2.88512 2.88512 4.08001 6.96501 6.96501 8.16002 6.96501 4.08001 2.88512 2.88512 2.88512 2.88512 2.88512 2.88512 2.88512 2.88512 2.88512 2.88512 2.88512 2.88512
5.77 2.88514 2.88514 2.88514 2.88514 2.88514 2.88514 2.88513 2.88513 2.88513 2.88513 2.88513 2.88513 2.88513 2.88513 2.88513 2.88513 2.88513 2.88513 2.88513 2.88513 2.88513 2.88513 2.88513 2.88513 2.88513 2.88513 2.88513 2.88513 2.88513 2.88513 2.88513 2.88513 2.88513 2.88513 2.88513 2.88513 2.88513 2.88513 2.88513 2.88513 2.88513 2.88513 2.88513 2.88513 2.88513 2.88513 4.08001 5.77001 6.96501 8.16002 8.16002 6.96501 4.08001 2.88512 2.88512 2.88512 2.88512 2.88512 2.88512 2.88512 2.88512 2.88512 2.88512 2.88512 2.88512 2.88512
5.77 2.88514 2.88514 2.88514 2.88514 2.88514 2.88514 2.88513 2.88513 2.88513 2.88513 2.88513 2.88513 2.88513 2.88513 2.88513 2.88513 2.88513 2.88513 2.88513 2.88513 2.88513 2.88513 4.08001 4.08001 2.88513 2.88513 2.88513 2.88513 2.88513 2.88513 2.88513 2.88513 2.88513 2.88513 2.88513 2.88513 2.88513 2.88513 2.88513 2.88513 2.88513 2.88513 2.88513 2.88513 2.88513 2.88513 5.77001 8.16002 9.85001 8.16002 6.96501 4.08001 2.88512 2.88512 2.88512 2.88512 2.88512 2.88512 2.88512 2.88512 2.88512 2.88512 2.88512 2.88512 2.88512 2.88512
5.77 2.88514 2.88514 2.88514 2.88514 2.88514 2.88514 2.88513 2.88513 2.88513 2.88513 2.88513 2.88513 2.88513 2.88513 2.88513 2.88513 2.88513 2.88513 2.88513 2.88513 2.88513 2.88513 5.77001 6.96501 4.08001 4.08001 2.88513 2.88513 2.88513 2.88513 2.88513 2.88513 2.88513 2.88513 2.88513 2.88513 2.88513 2.88513 2.88513 2.88513 2.88513 2.88513 2.88513 2.88513 2.88513 2.88513 4.08001 6.96501 8.16002 6.96501 4.08001 2.88512 2.88512 2.88512 2.88512 2.88512 2.88512 2.88512 2.88512 2.88512 2.88512 2.88512 2.88512 2.88512 2.88512 2.88512
5.77 2.88514 2.88514 2.88514 2.88514 2.88514 2.88514 2.88513 2.88513 2.88513 2.88513 2.88513 2.88513 2.88513 2.88513 2.88513 2.88513 2.88513 2.88513 2.88513 2.88513 2.88513 2.88513 5.77001 8.16002 6.96501 6.96498 5.77012 5.77001 4.08001 2.88513 4.08001 4.08001 2.88513 2.88513 3.59485 3.90275 5.09775 5.59485 4.08001 2.88513 2.88513 2.88513 2.88513 2.88513 2.88513 2.88513 2.88513 5.77001 6.96501 4.08001 2.88512 2.88512 2.88512 2.88512 2.88512 2.88512 2.88512 2.88512 2.88512 2.88512 2.88512 2.88512 2.88512 2.88512 2.88512 2.88512
5.77 2.88514 2.88514 2.88514 2.88514 2.88514 2.88514 2.88513 2.88513 2.88513 2.88513 2.88513 2.88513 2.88513 2.88513 2.88513 2.88513 2.88513 2.88513 2.88513 2.88513 2.88513 2.88513 5.77 8.655 9.85001 9.67483 8.65512 8.16002 6.96501 5.77013 6.96501 6.96501 5.77 5.77 6.47985 6.78775 7.98275 8.16002 6.96501 5.77013 4.08001 2.88513 2.88513 2.88513 2.88513 2.88513 2.88513 5.77001 4.08001 2.88512 2.88512 2.88512 2.88512 2.88512 2.88512 2.88512 2.88512 2.88512 2.88512 2.88512 2.88512 2.88512 2.88512 2.88512 2.88512 2.88512
5.77 2.88514 2.88514 2.88514 2.88514 2.88514 2.88514 2.88513 2.88513 2.88513 2.88513 2.88513 2.88513 2.88513 2.88513 2.88513 2.88513 2.88513 2.88513 2.88513 2.88513 2.88513 4.08001 6.96501 9.85001 12.735 12.5598 11.5401 11.045 9.85001 8.65513 9.85001 9.85001 8.655 8.655 9.36485 9.67275 10.8678 11.045 8.16002 6.96501 4.08001 2.88513 2.88513 2.88513 2.88513 2.88513 2.88512 4.08001 2.88512 2.88512 2.88512 2.88512 2.88512 2.88512 2.88512 2.88512 2.88512 2.88512 2.88512 2.88512 2.88512 2.88512 2.88512 2.88512 2.88512 2.88512
5.77 2.88514 2.88514 2.88514 2.88514 2.88514 2.88514 2.88513 2.88513 2.88513 2.88513 2.88513 2.88513 2.88513 2.88513 2.88513 2.88513 2.88513 2.88513 2.88513 2.88513 2.88513 5.77 8.16002 11.045 13.93 15.4448 14.4251 13.93 12.735 11.5401 12.735 12.735 11.54 11.54 12.2498 12.5577 12.735 9.85001 6.96501 4.08001 2.88513 2.88513 2.88513 2.88513 2.88513 2.88513 2.88513 2.88512 2.88512 2.88512 2.88512 2.88512 2.88512 2.88512 2.88512 2.88512 2.88512 2.88512 2.88512 2.88512 2.88512 2.88512 2.88512 2.88512 2.88512 2.88512
