tests/full-run-ref/erosion_78_19_2.123.asc
ncols 512
nrows 512
xllcorner -3.24582
yllcorner -4.08743
cellsize 5
NODATA_value -99999
[rows 0 to 36 of 512, columns 420 to 503 of 512]
10.7479 11.54 11.54 11.54 11.54 11.54 11.54 11.54 11.54 11.54 11.54 11.54 11.54 11.54 11.54 11.54 11.54 11.54 11.54 11.54 11.54 11.54 11.54 11.54 11.54 11.54 11.54 11.54 11.54 11.54 11.54 11.54 11.54 11.54 11.5164 8.16001 5.77 5.77 8.16001 11.54 11.54 11.54 11.54 11.54 13.93 16.32 17.31 17.31 17.31 17.31 17.31 17.31 18.6629 17.6729 15.2829 12.8929 15.2829 17.6729 23.4429 22.09 16.32 13.93 11.54 13.93 13.93 11.54 11.54 11.54 11.54 11.54 11.54 11.54 11.54 11.54 11.54 11.54 11.54 11.54 11.54 11.54 11.54 11.54 8.16001 5.77
5.76998 5.76998 5.76998 5.76998 5.76999 5.76999 5.76999 5.76999 5.76999 5.76999 5.76999 5.76999 5.76999 5.76999 5.76999 5.76999 5.76999 5.76999 5.76999 5.76999 5.76999 0 5.76999 5.76999 5.76999 5.76999 5.76999 5.76999 5.76999 5.76999 5.76999 5.76999 0 5.76999 5.77 5.77 5.77 5.77 5.77 5.77 5.77 5.77 5.74967 4.53548 8.15999 11.54 11.54 11.54 11.54 11.54 11.54 11.54 12.8929 12.8929 9.51292 7.12291 9.51285 15.281 17.6728 19.7 13.93 8.16001 5.77 8.16001 8.16001 5.77 0 5.77 5.77 5.77 5.77 5.77 5.77 5.77 5.77 5.77 5.77 5.77 5.77 5.77 5.77 5.77 5.77 5.77
5.77 5.77 5.77 5.77 5.77 5.77 5.77 5.77 5.77 5.77 5.77 5.77 5.77 5.77 5.77 5.77 5.75932 5.53887 2.94364 0 0 5.77 5.77 5.77 5.77 5.77 5.77 5.77 5.71421 4.53927 0 0 5.77 5.77 5.77 5.77 5.77 5.77 5.77 5.72628 2.92923 0 0 0 0 0 0 0 0 0 0 0 7.12291 7.12291 7.12291 0 0 0 0 16.32 11.54 5.77 5.53447 1.9832 5.77 0 5.77 5.77 5.77 5.77 5.77 5.77 5.77 5.67521 4.42036 0 0 0 0 0 0 0 0 0
5.77 5.77 5.77 5.77 5.77 5.77 5.77 5.77 5.77 5.77 5.77 5.77 5.77 5.77 5.77 5.75932 5.53887 2.94364 0 0 5.77 5.77 5.77 5.77 5.77 5.77 5.77 5.71421 4.53927 0 0 5.77 5.77 5.77 5.77 5.77 5.77 5.77 5.77 5.75808 5.4712 2.84742 0 0 0 0 0 0 0 0 0 0 0 1.20898 0 0 0 0 0 13.9299 8.15999 5.77 5.06053 1.79191 0 5.77 5.77 5.77 5.77 5.77 5.77 5.77 5.67305 4.32522 0 0 0 0 0 0 0 0 0 0
5.77 5.77 5.77 5.77 5.77 5.77 5.77 5.77 5.77 5.77 5.77 5.77 5.77 5.77 5.75932 5.53887 2.94364 0 0 5.77 5.77 5.77 5.77 5.77 5.77 5.77 5.71421 4.53927 0 0 5.77 5.77 5.77 5.77 5.77 5.77 5.77 5.77 5.75808 5.4712 2.84742 0 0 0 0 0 0 0 0 0 0 0 5.45914 0 0 0 0 0 13.93 8.15997 5.76999 5.77 1.59767 0 5.77 5.77 5.77 5.77 5.77 5.77 5.77 5.67292 4.31381 0 0 0 0 0 0 0 0 0 0 0
5.77 5.77 5.77 5.77 5.77 5.77 5.77 5.77 5.77 5.77 5.77 5.77 5.77 5.75932 5.53887 2.94364 0 0 5.77 5.77 5.77 5.77 5.77 5.77 5.77 5.71421 4.53927 0 0 5.77 5.77 5.77 5.77 5.77 5.77 5.77 5.77 5.75808 5.4712 2.84742 0 0 0 0 0 0 0 0 0 0 0 5.77 5.33396 0 0 0 0 0 11.5375 5.76997 5.77 0 0 5.77 5.77 5.77 5.77 5.77 5.77 5.77 5.67291 4.31322 0 0 0 0 0 0 0 0 0 0 0 0
5.77 5.77 5.77 5.77 5.77 5.77 5.77 5.77 5.77 5.77 5.77 5.77 5.75932 5.53887 2.94364 0 0 5.77 5.77 5.77 5.77 5.77 5.77 5.77 5.71421 4.53927 0 0 5.77 5.77 5.77 5.77 5.77 5.77 5.77 5.77 5.75808 5.4712 2.84742 0 0 0 0 0 0 0 0 0 0 0 5.77 5.77 5.44402 0 0 0 0 0 11.54 5.76999 0 0 7.49205 5.76999 5.77 5.77 5.77 5.77 5.77 5.67291 4.31321 0 0 0 0 0 0 0 0 0 0 0 0 0
5.77 5.77 5.77 5.77 5.77 5.77 5.77 5.77 5.77 5.77 5.77 5.75932 5.53887 2.94364 0 0 5.77 5.77 5.77 5.77 5.77 5.77 5.77 5.71421 4.53927 0 0 5.77 5.77 5.77 5.77 5.77 5.77 5.77 5.77 5.75808 5.4712 2.84742 0 0 0 0 0 0 0 0 0 0 0 5.77 5.77 5.77 5.77 5.07495 0 0 8.15994 5.76997 5.76737 0 0 0 9.88253 5.76998 5.77 5.77 5.77 5.77 5.67291 4.31321 0 0 0 0 0 0 0 0 0 0 0 0 0 0
5.77 5.77 5.77 5.77 5.77 5.77 5.77 5.77 5.77 5.77 5.75932 5.53887 2.94364 0 0 5.77 5.77 5.77 5.77 5.77 5.77 5.77 5.71421 4.53927 0 0 5.77 5.77 5.77 5.77 5.77 5.77 5.77 5.77 5.75808 5.4712 2.84742 0 0 0 0 0 0 0 0 0 0 0 5.77 5.77 5.77 5.77 5.77 5.65224 1.50526 6.41617 5.76997 5.77 0 0 0 0 11.54 5.76997 5.77 5.77 5.77 5.67291 4.31321 0 0 0 0 0 0 0 0 0 0 0 0 0 0 0
5.77 5.77 5.77 5.77 5.77 5.77 5.77 5.77 5.77 5.75932 5.53887 2.94364 0 0 5.77 5.77 5.77 5.77 5.77 5.77 5.77 5.71421 4.53927 0 0 5.77 5.77 5.77 5.77 5.77 5.77 5.77 5.77 5.75808 5.4712 2.84742 0 0 0 0 0 0 0 0 0 0 0 5.77 5.77 5.77 5.77 5.77 5.77 5.77 5.76999 5.76998 5.76999 5.69363 2.30123 0 0 0 11.54 5.76998 5.77 5.77 5.67291 4.31321 0 0 0 0 0 0 0 0 0 0 2.30982 0 0 0 0 0
5.77 5.77 5.77 5.77 5.77 5.77 5.77 5.77 5.75932 5.53887 2.94364 0 0 5.77 5.77 5.77 5.77 5.77 5.77 5.77 5.71421 4.53927 0 0 5.77 5.77 5.77 5.77 5.77 5.77 5.77 5.77 5.75808 5.4712 2.84742 0 0 0 0 0 0 0 0 0 0 0 5.77 5.77 5.77 5.77 5.77 5.77 5.77 5.77 5.77 5.77 5.77 5.77 5.11239 0 0 0 11.54 5.76996 5.77 5.67291 4.31321 0 0 0 0 0 0 0 0 0 0 5.77 5.51286 0 0 0 0 0
5.77 5.77 5.77 5.77 5.77 5.77 5.77 5.75932 5.53887 2.94364 0 0 5.77 5.77 5.77 5.77 5.77 5.77 5.77 5.71421 4.53927 0 0 5.77 5.77 5.77 5.77 5.77 5.77 5.77 5.77 5.75808 5.4712 2.84742 0 0 0 0 0 0 0 0 0 0 0 5.77 5.77 5.77 5.77 5.77 5.77 5.77 5.77 5.77 5.77 5.77 5.77 5.77 5.77 5.77 5.7039 5.76998 8.89731 5.76996 5.67291 4.31321 0 0 0 0 0 0 0 0 0 0 5.77 5.77 5.77 4.08642 0 0 0 0
5.77 5.77 5.77 5.77 5.77 5.77 5.75932 5.53887 2.94364 0 0 5.77 5.77 5.77 5.77 5.77 5.77 5.77 5.71421 4.53927 0 0 5.77 5.77 5.77 5.77 5.77 5.77 5.77 5.77 5.75808 5.4712 2.84742 0 0 0 0 0 0 0 0 0 0 0 5.77 5.77 5.77 5.77 5.77 5.77 5.77 5.77 5.77 5.77 5.77 5.77 5.77 5.77 5.77 5.7039 5.77 5.76999 5.76997 5.76997 4.31321 0 0 0 0 0 0 0 0 0 0 5.77 5.77 5.77 5.77 5.43747 0 0 0 0
5.77 5.77 5.77 5.77 5.77 5.75932 5.53887 2.94364 0 0 5.77 5.77 5.77 5.77 5.77 5.77 5.77 5.71421 4.53927 0 0 5.77 5.77 5.77 5.77 5.77 5.77 5.77 5.77 5.75808 5.4712 2.84742 0 0 0 0 0 0 0 0 0 0 0 5.77 5.77 5.77 5.77 5.77 5.77 5.77 5.77 5.77 5.77 5.77 5.77 5.77 5.77 5.77 5.7039 5.77 5.77 5.77 5.67291 4.31321 0 0 0 0 0 0 0 0 0 0 5.77 5.77 5.77 5.77 5.77 5.75661 3.51247 0 0 0
5.77 5.77 5.77 5.77 5.75932 5.53887 2.94364 0 0 5.77 5.77 5.77 5.77 5.77 5.77 5.77 5.71421 4.53927 0 0 5.77 5.77 5.77 5.77 5.77 5.77 5.77 5.77 5.75808 5.4712 2.84742 0 0 0 0 0 0 0 0 0 0 0 5.77 5.77 5.77 5.77 5.77 5.77 5.77 5.77 5.77 5.77 5.77 5.77 5.77 5.77 5.77 5.7039 5.77 5.77 5.77 5.67291 4.31317 0 0 0 0 0 0 0 0 0 0 5.77 5.77 5.77 5.77 5.77 5.77 5.74566 4.36952 0 0 0
5.77 5.77 5.77 5.75932 5.53887 2.94364 0 0 5.77 5.77 5.77 5.77 5.77 5.77 5.77 5.71421 4.53927 0 0 5.77 5.77 5.77 5.77 5.77 5.77 5.77 5.77 5.75808 5.4712 2.84742 0 0 0 0 0 0 0 0 0 0 0 5.77 5.77 5.77 5.77 5.77 5.77 5.77 5.77 5.77 5.77 5.77 5.77 5.77 5.77 5.77 5.7039 5.77 5.77 5.77 5.67275 4.31243 0 0 0 0 0 0 0 0 0 0 5.77 5.77 5.77 5.77 5.77 5.77 5.77 5.51581 1.88651 0 0 0
5.77 5.77 5.75928 5.53868 2.94358 0 0 5.77 5.77 5.77 5.77 5.77 5.77 5.77 5.71421 4.53927 0 0 5.77 5.77 5.77 5.77 5.77 5.77 5.77 5.77 5.75808 5.4712 2.84742 0 0 0 0 0 0 0 0 0 0 0 5.77 5.77 5.77 5.77 5.77 5.77 5.77 5.77 5.77 5.77 5.77 5.77 5.77 5.77 5.77 5.7039 5.77 5.77 5.77 5.6708 4.3021 0 0 0 0 0 0 0 0 0 0 5.77 5.77 5.77 5.77 5.77 5.77 5.77 5.74683 4.50466 0 0 0 0
5.77 5.75665 5.52787 2.93998 0 0 5.77 5.77 5.77 5.77 5.77 5.77 5.77 5.71421 4.53927 0 0 5.77 5.77 5.77 5.77 5.77 5.77 5.77 5.77 5.75808 5.4712 2.84742 0 0 0 0 0 0 0 0 0 0 0 5.77 5.77 5.77 5.77 5.77 5.77 5.77 5.77 5.77 5.77 5.77 5.77 5.77 5.77 5.77 5.7039 5.77 5.77 5.76851 5.64884 4.20384 0 0 0 0 0 0 0 0 0 0 5.77 5.77 5.77 5.77 5.77 5.77 5.77 5.77 5.60239 1.97641 0 0 0 0
4.9458 4.85153 2.73648 0 0 5.77 5.77 5.77 5.77 5.77 5.77 5.77 5.71421 4.53927 0 0 5.77 5.77 5.77 5.77 5.77 5.77 5.77 5.77 5.75808 5.4712 2.84742 0 0 0 0 0 0 0 0 0 0 0 5.77 5.77 5.77 5.77 5.77 5.77 5.77 5.77 5.77 5.77 5.77 5.77 5.77 5.77 5.77 5.7039 5.77 5.77 5.75003 5.49933 3.65471 0 0 0 0 0 0 0 0 0 0 5.77 5.77 5.77 5.77 5.77 5.77 5.77 5.77 5.77 5.3598 0 0 0 0 0
0 0 0 0 5.77 5.77 5.77 5.77 5.77 5.77 5.77 5.71421 4.53927 0 0 5.77 5.77 5.77 5.77 5.77 5.77 5.77 5.77 5.75808 5.4712 2.84742 0 0 0 0 0 0 0 0 0 0 0 5.77 5.77 5.77 5.77 5.77 5.77 5.77 5.77 5.77 5.77 5.76883 5.66377 5.11723 4.61325 5.25777 5.7039 5.77 5.77 5.73472 5.23842 2.22435 0 0 0 0 0 0 0 0 0 0 5.77 5.77 5.77 5.77 5.77 5.77 5.77 5.77 5.77 5.77 5.23408 0 0 0 0 0
0 0 0 5.77 5.77 5.77 5.77 5.77 5.77 5.77 5.71421 4.53927 0 0 5.77 5.77 5.77 5.77 5.77 5.77 5.77 5.77 5.75808 5.4712 2.84742 0 0 0 0 0 0 0 0 0 0 0 5.77 5.77 5.77 5.77 5.77 5.77 5.77 5.77 5.77 5.77 5.76428 5.55435 3.67911 0 0 0 4.92936 5.70625 5.74928 5.21664 1.0395 0 0 0 0 0 0 0 0 0 0 5.77 5.77 5.77 5.77 5.77 5.77 5.77 5.77 5.77 5.77 5.77 5.38922 0 0 0 0 0
0 0 8.11741 5.77 5.77 5.77 5.77 5.77 5.77 5.71416 4.53907 0 0 5.77 5.77 5.77 5.77 5.77 5.77 5.77 5.77 5.75808 5.4712 2.84742 0 0 0 0 0 0 0 0 0 0 0 5.77 5.77 5.77 5.77 5.77 5.77 5.77 5.77 5.77 5.77 5.77 5.61493 3.32706 0 0 0 0 0 5.76999 5.56956 2.16602 0 0 0 0 0 0 0 0 0 0 5.77 5.77 5.77 5.77 5.77 5.77 5.77 5.77 5.77 5.77 5.77 5.77 5.68092 2.05686 0 0 0 0
0 0 13.93 8.16001 5.77 5.76569 5.73924 5.69822 5.64414 4.51048 0 0 5.77 5.77 5.77 5.77 5.77 5.77 5.77 5.77 5.75808 5.4712 2.84742 0 0 0 0 0 0 0 0 0 0 0 5.77 5.77 5.77 5.77 5.77 5.77 5.77 5.77 5.77 5.77 5.77 5.76204 4.73816 0 0 0 0 0 6.15855 6.15998 5.04218 0 0 0 0 0 0 0 0 0 0 5.77 5.77 5.77 5.77 5.77 5.77 5.77 5.77 5.77 5.77 5.77 4.64265 5.77 5.77 5.77 4.05892 0 0 0
0 4.00721 16.32 11.54 5.76999 5.77 3.43606 2.70572 2.73394 0 0 5.77 5.77 5.77 5.77 5.77 5.77 5.77 5.77 5.75808 5.4712 2.84742 0 0 0 0 0 0 0 0 0 0 0 5.77 5.77 5.77 5.77 5.77 5.77 5.77 5.77 5.77 5.77 5.77 5.77 5.72646 3.15387 0 0 0 0 0 11.5362 5.76989 1.95698 0 0 0 0 0 0 0 0 0 5.77 5.77 5.77 5.77 5.77 5.77 5.77 5.77 5.77 5.77 5.77 4.64265 5.77 5.77 5.77 5.77 5.77 5.76507 3.67515 0
0 0 3.91527 13.93 8.16001 5.77 0 0 0 0 5.77 5.77 5.77 5.77 5.77 5.77 5.77 5.77 5.75808 5.4712 2.84742 0 0 0 0 0 0 0 0 0 0 0 5.77 5.77 5.77 5.77 5.77 5.77 5.77 5.77 5.77 5.77 5.77 5.77 5.77 5.72373 2.88006 0 0 0 0 9.64314 11.5396 5.76981 0 0 0 0 0 0 0 0 0 5.76994 5.77 5.77 5.77 5.77 5.77 5.77 5.77 5.77 5.77 5.77 4.64265 5.77 5.77 5.77 5.77 5.77 5.77 5.77 5.77 5.718
0 0 0 8.16001 5.76999 5.77 0 0 0 6.69174 5.76999 5.77 5.77 5.77 5.77 5.77 5.77 5.75808 5.4712 2.84742 0 0 0 0 0 0 0 0 0 0 0 5.77 5.77 5.77 5.77 5.77 5.77 5.77 5.77 5.77 5.77 5.77 5.77 5.77 5.77 5.77 5.17721 0 0 0 0 0 11.5345 5.76981 0 0 0 0 0 0 0 0 8.15992 5.76986 5.77 5.77 5.77 5.77 5.77 5.77 5.77 5.77 5.77 4.64265 5.77 5.77 5.77 5.77 5.77 5.77 5.77 5.77 5.77 5.77
5.59279 0.361998 0 5.77 5.77 0 0 0 0 10.5842 5.76996 5.77 5.77 5.77 5.77 5.77 5.75808 5.4712 2.84742 0 0 0 0 0 0 0 0 0 0 0 5.77 5.77 5.77 5.77 5.77 5.77 5.77 5.77 5.77 5.77 5.77 5.77 5.77 5.77 5.77 5.77 5.67255 1.8959 0 0 0 0 11.5396 5.76987 0 0 0 0 0 0 0 8.2297 5.76981 5.76991 5.77 5.77 5.77 5.77 5.77 5.77 5.77 5.77 4.64265 5.77 5.77 5.77 5.77 5.77 5.77 5.77 5.77 5.77 5.77 5.77
5.76986 5.77 5.73926 3.17875 0 0 0 0 14.6315 11.5353 5.76993 5.77 5.77 5.77 5.77 5.75808 5.4712 2.84742 0 0 0 0 0 0 0 0 0 0 0 5.77 5.77 5.77 5.77 5.77 5.77 5.77 5.77 5.77 5.77 5.77 5.77 5.77 5.77 5.77 5.77 5.77 5.77 5.60198 0.842245 0 0 8.15998 5.76992 5.76996 0 0 0 0 0 0 0 7.25783 5.76985 5.77 5.77 5.77 5.77 5.77 5.77 5.77 5.77 4.64265 5.77 5.77 5.77 5.77 5.77 5.77 5.77 5.77 5.77 5.77 5.77 5.77
5.77 5.77 5.77 4.10086 0 0 0 0 0 11.5398 5.76994 5.77 5.77 5.77 5.75808 5.4712 2.84742 0 0 0 0 0 0 0 0 0 0 0 5.77 5.77 5.77 5.77 5.77 5.77 5.77 5.77 5.77 5.77 5.77 5.77 5.77 5.77 5.77 5.77 5.77 5.77 5.77 5.7065 2.54876 0 8.62541 5.76994 5.76999 0 0 0 0 0 0 0 7.2578 5.76994 5.76997 5.77 5.77 5.77 5.77 5.77 5.77 5.77 4.64265 5.77 5.77 5.77 5.77 5.77 5.77 5.77 5.77 5.77 5.77 5.77 5.77 5.77
5.77 5.77 5.77 5.77 5.2883 0 0 0 0 8.15998 5.76997 5.77 5.77 5.75808 5.4712 2.84742 0 0 0 0 0 0 0 0 0 0 0 5.77 5.77 5.77 5.77 5.77 5.77 5.77 5.77 5.77 5.77 5.77 5.77 5.77 5.77 5.77 5.77 5.77 5.77 5.77 5.77 5.77 4.37057 0 7.88656 5.76995 0 0 0 0 0 0 0 0 7.25781 5.76994 5.77 5.77 5.77 5.77 5.77 5.77 5.77 4.64265 5.77 5.77 5.77 5.77 5.77 5.77 5.77 5.77 5.77 5.77 5.77 5.77 5.77 5.77
5.77 5.77 5.77 5.77 5.77 5.77 5.77 5.77 5.77 5.77 5.77 5.77 5.75808 5.4712 2.84742 0 0 0 0 0 0 0 0 0 0 0 5.77 5.77 5.77 5.77 5.77 5.77 5.77 5.77 5.77 5.77 5.77 5.77 5.77 5.77 5.77 5.77 5.77 5.77 5.77 5.77 5.77 5.75419 4.77788 0 0 5.76999 0 0 0 0 0 0 0 7.25786 5.7699 5.76995 5.77 5.77 5.77 5.77 5.77 5.77 4.64265 5.77 5.77 5.77 5.77 5.77 5.77 5.77 5.77 5.77 5.77 5.77 5.77 5.77 5.77 5.77
5.77 5.77 5.77 5.77 5.77 5.77 5.77 5.77 5.77 5.77 5.77 5.75808 5.4712 2.84742 0 0 0 0 0 0 0 0 0 0 0 5.77 5.77 5.77 5.77 5.77 5.77 5.77 5.77 5.77 5.77 5.77 5.77 5.77 5.77 5.77 5.77 5.77 5.77 5.77 5.77 5.77 5.75421 5.41819 2.54642 0 0 0 0 0 0 0 0 0 0 7.25789 5.76962 5.77 5.77 5.77 5.77 5.77 5.77 4.64265 5.77 5.77 5.77 5.77 5.77 5.77 5.77 5.77 5.77 5.77 5.77 5.77 5.77 5.77 5.77 5.77
5.77 5.77 5.77 5.77 5.77 5.77 5.77 5.77 5.77 5.77 5.75808 5.4712 2.84742 0 0 0 0 0 0 0 0 0 0 0 5.77 5.77 5.77 5.77 5.77 5.77 5.77 5.77 5.77 5.77 5.77 5.77 5.77 5.77 5.77 5.77 5.77 5.77 5.77 5.77 5.77 5.75421 5.41826 2.54768 0 0 0 0 0 0 0 0 0 0 0 7.25769 5.76943 5.77 5.77 5.77 5.77 5.77 4.64265 5.77 5.77 5.77 5.77 5.77 5.77 5.77 5.77 5.77 5.77 5.77 5.77 5.77 5.77 5.77 5.77 5.77
5.77 5.77 5.77 5.77 5.77 5.77 5.77 5.77 5.77 5.75808 5.4712 2.84742 0 0 0 0 0 0 0 0 0 0 0 5.77 5.77 5.77 5.77 5.77 5.77 5.77 5.77 5.77 5.77 5.77 5.77 5.77 5.77 5.77 5.77 5.77 5.77 5.77 5.77 5.77 5.75421 5.41827 2.5477 0 0 0 0 0 0 0 0 0 0 0 7.25607 8.15981 5.7694 5.77 5.77 5.77 5.77 4.64265 5.77 5.77 5.77 5.77 5.77 5.77 5.77 5.77 5.77 5.77 5.77 5.77 5.77 5.77 5.77 5.77 5.77 5.77
5.77 5.77 5.77 5.77 5.77 5.77 5.77 5.77 5.75808 5.4712 2.84742 0 0 0 0 0 0 0 0 0 0 0 5.77 5.77 5.77 5.77 5.77 5.77 5.77 5.77 5.77 5.77 5.77 5.77 5.77 5.77 5.77 5.77 5.77 5.77 5.77 5.77 5.77 5.75421 5.41827 2.5477 0 0 0 0 0 0 0 0 0 0 0 5.76993 5.76964 5.76948 5.76967 5.77 5.77 5.77 4.64265 5.77 5.77 5.77 5.77 5.77 5.77 5.77 5.77 5.77 5.77 5.77 5.77 5.77 5.77 5.77 5.77 5.77 5.77 5.77
5.77 5.77 5.77 5.77 5.77 5.77 5.77 5.75808 5.4712 2.84742 0 0 0 0 0 0 0 0 0 0 0 5.77 5.77 5.77 5.77 5.77 5.77 5.77 5.77 5.77 5.77 5.77 5.77 5.77 5.77 5.77 5.77 5.77 5.77 5.77 5.77 5.77 5.75421 5.41827 2.5477 0 0 0 0 0 0 0 0 0 0 0 5.77 5.77 5.77 5.77 5.77 5.77 5.77 4.64265 5.77 5.77 5.77 5.77 5.77 5.77 5.77 5.77 5.77 5.77 5.77 5.77 5.77 5.77 5.77 5.77 5.77 5.77 5.77 5.77
5.77 5.77 5.77 5.77 5.77 5.77 5.75808 5.4712 2.84742 0 0 0 0 0 0 0 0 0 0 0 5.77 5.77 5.77 5.77 5.77 5.77 5.77 5.77 5.77 5.77 5.77 5.77 5.77 5.77 5.77 5.77 5.77 5.77 5.77 5.77 5.77 5.75421 5.41827 2.5477 0 0 0 0 0 0 0 0 0 0 0 5.77 5.77 5.77 5.77 5.77 5.77 5.77 4.64265 5.77 5.77 5.77 5.77 5.77 5.77 5.77 5.77 5.77 5.77 5.77 5.77 5.77 5.77 5.77 5.77 5.77 5.77 5.77 5.77 5.77
