tests/full-run-ref/erosion_2010_78_16_47.110.asc
ncols 512
nrows 512
xllcorner -3.24582
yllcorner -4.08743
cellsize 5
NODATA_value -99999
[rows 396 to 439 of 512, columns 96 to 191 of 512]
0 0 62.2684 68.0384 70.4284 73.698 79.5785 87.95 87.9312 82.18 74.02 68.25 62.48 56.71 50.94 45.17 39.4 33.63 27.8599 22.0899 11.5325 0 0 0 0 0 0 0 0 0 0 0 0 0 0 0 0 0 0 0 0 0 0 0 0 0 0 0 0 0 0 0 0 22.0893 57.9326 0 0 0 0 0 0 100.825 67.5916 74.4299 0 0 0 0 0 77.2101 88.7598 83.37 82.98 81.37 80.98 79.37 78.98 77.37 76.98 75.37 67.44 67.44 67.44 67.05 73.4103 73.21 71.6 69.2099 0 0 0 0 0 0 0 0
0 66.0384 84.2939 78.5884 84.0829 73.6979 83.0742 97.9751 68.896 79.7899 74.02 68.25 62.48 56.71 50.94 45.17 39.4 33.63 27.86 19.6999 13.9299 5.76996 0 0 0 0 0 0 0 0 0 0 0 0 0 0 0 0 0 0 0 0 0 0 0 0 0 0 0 0 0 0 22.0895 49.7801 0 0 0 0 0 0 0 0 104.235 75.8373 82.59 0 0 0 0 0 80.553 91.14 89.4987 89.14 87.53 87.14 85.53 85.14 83.5301 83.14 74.98 73.6001 73.6001 73.6001 73.21 79.58 77.37 75.3699 0 0 0 0 0 0 0 0
0 70.4284 86.5951 104.435 0 0 128.538 133.935 139.725 81.9925 76.4093 28.7902 64.87 59.1 50.94 45.17 39.4 31.2399 25.4699 17.3099 11.5399 0 0 0 0 0 0 0 0 0 0 0 0 0 0 0 0 0 0 0 0 0 0 0 0 0 0 0 0 0 0 0 41.7713 0 0 0 0 0 0 0 0 0 0 107.616 83.8934 90.75 0 0 0 0 0 58.1777 95.6591 95.69 95.3 93.6901 93.3 91.6901 91.3001 89.6901 89.3001 81.19 79.7601 79.7601 79.7601 85.4041 83.53 0 0 0 0 0 0 0 0 0
0 76.1984 78.5883 86.7481 114.6 246.389 0 0 82.1796 246.389 28.7899 28.7896 28.7897 61.1477 48.5497 42.78 37.01 31.24 23.0799 17.3099 11.5399 0 0 0 0 0 0 0 0 0 0 0 0 0 0 0 0 0 0 0 0 0 0 0 0 0 0 0 0 0 0 0 0 0 0 0 0 0 0 0 0 0 0 0 111.001 90.5644 98.5899 0 0 0 0 0 58.2006 101.548 101.85 101.46 99.8501 99.4601 97.8501 97.4601 95.8501 95.4601 87.35 85.5301 85.5301 91.554 89.3 0 0 0 0 0 0 0 0 0
0 0 100.536 246.39 246.39 246.39 164.559 164.559 164.559 28.7905 28.7903 246.211 245.379 246.39 40.3898 40.3899 34.6199 28.8499 23.0799 17.3099 11.5399 0 0 0 0 0 0 0 0 0 0 0 0 0 0 0 0 0 0 0 0 0 0 0 0 0 0 0 0 0 0 0 0 0 0 0 0 0 0 0 0 0 0 0 0 114.388 101.3 106.819 0 0 0 0 0 100.289 109.296 108.01 107.62 106.01 105.62 104.01 103.62 102.01 101.62 93.51 91.6901 97.3226 95.85 0 0 0 0 0 0 0 0 0
0 92.5179 0 252.16 252.55 252.55 254.55 164.558 164.558 28.7904 28.7905 28.7905 246.389 59.0996 48.5498 42.78 37.01 31.2399 25.4699 17.3099 11.5399 0 0 0 0 0 0 0 0 0 0 0 0 0 0 0 0 0 0 0 0 0 0 0 0 0 0 0 0 0 0 0 0 0 0 0 0 0 0 0 0 0 0 0 0 0 103.497 109.297 0 0 0 0 0 0 106.193 115.445 114.17 113.78 112.17 111.78 110.17 109.78 108.17 107.78 105.62 104.01 0 0 0 0 0 0 0 0 0 0
114.458 0 0 0 156.283 157.671 163.39 164.047 28.7903 28.7903 179.478 254.55 247.725 56.6377 50.94 45.17 39.4 33.6299 27.8599 19.6998 13.9299 8.15988 0 0 0 0 0 0 0 0 0 0 0 0 0 0 0 0 0 0 0 0 0 0 0 0 0 0 0 0 0 0 0 0 0 0 0 0 0 0 85.4667 0 0 0 0 0 0 0 107.138 0 0 0 0 0 0 112.098 121.593 120.33 119.94 118.33 117.94 116.33 115.94 113.78 112.17 55.4185 0 0 0 0 0 0 0 0 0 0
246.389 0 0 0 0 28.7905 28.7905 28.7905 173.708 179.478 185.156 67.2597 56.7095 59.0997 53.33 47.56 41.79 0 39.3712 33.5787 16.3198 13.9298 0 0 0 0 0 0 0 0 0 0 0 0 0 0 0 0 0 0 0 0 0 0 0 0 0 0 0 0 0 0 0 0 0 0 0 0 71.5958 0 0 110.031 0 0 0 0 0 0 0 114.722 0 0 0 0 0 0 118.003 127.742 126.49 126.1 124.49 124.1 121.94 120.33 117.94 54.0544 54.0544 54.0544 108.17 110.17 110.17 112.17 112.17 114.17 0 0
0 0 0 0 0 28.7905 28.7905 165.548 171.318 93.7898 88.3598 77.7877 56.7098 61.49 55.72 49.95 44.18 0 37.01 31.2399 25.4698 16.3196 13.9294 0 0 0 0 0 0 0 0 0 0 0 0 0 0 0 0 0 0 0 0 0 0 0 0 0 0 0 0 0 0 0 0 0 0 68.2185 73.9834 327.91 0 0 118.062 0 0 0 0 0 0 0 0 0 0 0 0 0 0 123.908 133.891 132.65 132.26 130.1 128.49 126.1 123.71 54.0544 54.0544 114.33 116.33 116.33 118.33 118.33 120.33 120.33 122.33 122.33
0 0 0 0 0 28.7905 157.388 95.12 97.4757 91.74 85.8148 75.3788 69.65 63.88 58.11 52.34 49.95 45.17 39.1025 33.6299 27.8598 22.0894 16.3189 13.9283 0 0 0 0 0 0 0 0 0 0 0 0 0 0 0 0 16.3158 0 0 0 0 0 0 0 0 0 0 0 0 0 0 0 64.8691 70.6166 0 0 136.909 0 120.589 126.158 0 0 0 0 0 0 0 0 0 0 0 0 0 0 129.813 140.045 138.26 136.65 134.26 131.87 54.0544 54.0544 121.32 122.49 122.49 124.49 124.49 126.49 126.49 128.49 128.49 130.49
0 0 0 0 0 28.7905 154.992 95.1199 95.0879 89.35 83.58 77.81 72.04 66.27 60.5 58.11 53.33 47.5599 41.7899 36.0198 30.2496 24.479 22.0885 16.3172 0 0 0 0 0 0 0 0 0 0 0 0 0 0 0 0 22.0858 0 0 0 0 0 0 0 0 0 0 0 0 0 55.6953 61.4603 66.8973 327.91 145.031 144.945 0 128.75 134.382 128.75 0 0 0 0 0 0 0 0 0 0 0 0 0 0 0 136.01 144.55 142.42 140.03 137.64 128.65 128.65 128.65 128.65 130.65 130.65 132.65 132.65 134.65 134.65 136.65 136.65
0 0 0 0 0 0 132.073 0 97.51 91.74 85.97 80.2 74.43 72.04 66.27 61.49 55.72 49.9499 47.5599 41.7897 36.0193 30.2485 24.4776 0 0 0 0 0 0 0 0 0 0 0 0 0 0 0 0 0 0 0 0 0 0 0 0 0 0 0 0 0 0 52.3171 58.0854 327.91 327.911 323.842 142.679 0 136.91 142.542 136.91 140.594 136.91 0 0 0 0 0 0 0 0 0 0 0 0 133.209 133.209 152.375 150.58 148.19 145.8 143.398 134.81 134.81 134.81 136.81 136.81 138.81 138.81 140.81 140.81 142.81 142.81 144.81
0 0 0 0 0 0 154.998 0 0 0 91.74 85.9701 80.2 74.43 69.65 63.88 58.11 55.7199 49.9498 44.1794 38.4087 32.6378 30.2479 0 0 0 0 0 0 0 0 0 0 0 30.2258 0 0 0 0 0 0 0 0 0 0 0 28.244 0 0 0 0 0 48.9591 54.7278 327.91 327.911 158.999 150.839 0 145.07 150.702 145.07 148.754 145.07 146.84 144.45 0 0 0 0 0 0 0 0 0 0 133.209 133.209 133.209 157.988 156.35 153.96 151.558 149.168 141.02 141.02 142.97 142.97 144.97 144.97 146.97 146.97 148.97 148.97 150.97 150.97
0 0 0 0 0 0 144.741 0 0 174.554 0 88.3601 82.5901 77.81 72.04 66.27 63.88 58.1099 52.3395 46.5688 40.798 38.4081 36.0079 0 0 0 0 0 0 0 0 0 0 0 0 0 0 0 0 0 0 0 0 0 34.7922 34.792 34.7945 34.7966 34.7984 36.4094 46.5546 48.9579 46.5675 327.91 327.911 327.911 158.999 0 153.23 158.862 153.23 156.914 153.23 155 152.61 153 0 0 0 0 0 0 0 0 0 133.209 133.209 133.209 133.209 163.611 162.12 159.718 157.328 157.29 149.13 149.13 149.13 151.13 151.13 153.13 153.13 155.13 155.13 157.13 157.13 159.13
0 0 0 0 0 0 0 0 171.299 94.13 96.5197 90.4746 85.97 80.2 74.43 72.04 66.2699 60.4996 54.729 48.9581 46.5682 44.168 41.7771 0 0 0 0 0 0 0 0 0 0 0 0 0 0 0 0 0 48.3364 0 40.1749 42.1731 42.1709 42.1728 42.1742 42.1778 42.1789 49.9462 52.3341 46.5684 327.91 327.911 327.911 176.806 0 161.39 167.022 161.39 165.074 161.39 163.16 160.77 161.16 158.77 159.16 0 0 0 0 0 0 0 133.209 133.209 133.209 133.209 133.209 169.204 167.89 165.488 165.45 163.45 155.29 155.29 157.29 157.29 159.29 159.29 161.29 161.29 163.29 163.29 165.29 165.29
0 0 0 0 0 0 0 167.923 94.13 94.1297 98.9098 94.1301 88.36 82.59 80.2 74.4299 68.6597 62.8891 57.1183 54.7283 52.328 49.9372 47.9484 46.7283 46.338 46.7278 46.3375 0 0 0 0 0 0 0 0 0 0 0 0 0 0 56.4631 55.2411 54.7276 56.3117 56.3377 56.4372 54.4612 54.4834 48.7226 327.91 327.911 80.0424 327.911 185.749 0 169.55 175.182 169.55 173.234 169.55 171.32 168.93 169.32 166.93 167.32 164.93 0 0 0 0 0 0 133.209 133.209 133.209 133.209 133.209 133.209 174.797 173.66 173.61 171.61 171.61 163.45 163.45 163.45 165.45 165.45 167.45 167.45 169.45 169.45 171.45 171.45 173.45
0 0 0 0 0 0 164.536 94.13 94.1297 107.904 102.29 96.5201 90.7501 88.3601 82.59 76.8198 71.0493 65.2785 62.8884 60.4881 58.0972 56.1085 54.8885 54.4983 54.8882 54.4979 0 0 0 0 0 0 0 0 0 0 0 0 0 0 0 325.905 309.991 326.657 327.648 327.835 327.873 327.89 327.902 327.909 327.911 58.8306 327.911 193.874 0 177.71 183.342 177.71 181.394 177.71 179.48 177.09 177.48 175.09 175.48 173.09 173.48 0 0 0 0 0 133.209 133.209 133.209 133.209 133.209 133.209 133.209 180.279 181.77 179.77 179.77 177.77 169.61 169.61 171.61 171.61 173.61 173.61 175.61 175.61 177.61 177.61 179.61 179.61
0 0 0 0 0 161.147 322.045 319.736 133.34 110.45 104.68 98.9101 96.5201 90.75 84.9799 79.2094 73.4387 71.0486 68.6481 66.2572 64.2685 63.0486 62.6586 63.0485 62.6583 62.2682 0 0 0 20.6952 0 0 0 0 0 0 0 0 0 0 0 306.176 88.7426 88.7501 0 0 0 0 0 0 0 327.911 202.054 0 185.87 191.502 185.87 189.554 185.87 187.64 185.25 185.64 183.25 183.64 181.25 181.64 179.25 179.64 0 0 0 133.209 133.209 133.209 133.209 133.209 133.209 133.209 133.209 133.209 185.832 187.926 185.93 185.93 177.77 177.77 177.77 179.77 179.77 181.77 181.77 183.77 183.77 185.77 185.77 187.77
0 0 0 0 157.798 313.9 311.564 131.55 0 119 107.07 104.68 98.9101 93.1399 87.3696 81.599 79.2088 76.8082 74.4172 72.4285 71.2086 70.8187 71.2088 70.8186 70.4285 68.0381 0 0 0 26.2625 65.4862 0 0 0 0 0 0 0 0 0 77.1643 91.0438 88.7335 88.7501 0 0 0 0 0 0 0 199.8 0 194.03 199.662 194.03 197.714 194.03 195.8 193.41 193.8 191.41 191.8 189.41 189.8 187.41 187.8 185.41 0 0 133.209 133.209 133.209 133.209 133.209 133.209 133.209 133.209 133.209 133.209 187.93 193.923 194.09 183.93 183.93 183.93 185.93 185.93 187.93 187.93 189.93 189.93 191.93 191.93 193.93 193.93
0 0 0 157.798 305.788 248.749 0 0 0 123.39 112.84 107.07 101.3 95.5297 89.7592 87.369 84.9684 82.5773 80.5884 79.3685 78.9787 79.3689 78.9788 78.5888 76.1984 75.3682 74.978 77.3382 0 49.0218 73.5978 73.367 0 0 0 0 0 0 0 0 0 0 327.891 88.7501 0 0 0 0 0 0 0 327.911 202.188 0 202.19 205.874 202.19 203.96 201.57 201.96 199.57 199.96 197.57 197.96 195.57 195.96 193.57 193.96 0 133.209 133.209 133.209 133.209 133.209 133.209 133.209 133.209 133.209 133.209 194.09 194.09 194.09 199.718 191.7 191.7 192.09 192.09 194.09 194.09 196.09 196.09 198.09 198.09 200.09 200.09 202.09
0 0 157.543 152.028 240.859 0 0 305.88 0 125.78 115.23 109.46 103.69 97.9194 95.5292 93.1286 90.7374 88.7485 87.5285 87.1386 87.5288 87.1389 86.749 84.3587 83.5285 83.1381 85.4983 0 0 81.6492 81.4169 79.7569 79.5256 0 0 0 0 0 0 0 0 91.0799 327.891 115 0 0 0 0 0 0 0 0 0 0 0 210.35 212.12 209.73 210.12 207.73 208.12 205.73 206.12 203.73 204.12 201.73 202.12 199.73 200.12 133.209 133.209 133.209 133.209 133.209 133.209 133.209 133.209 133.209 199.86 199.86 199.86 199.86 203.504 198.25 198.25 198.25 200.25 200.25 202.25 202.25 204.25 204.25 206.25 206.25 208.25 208.25
132.209 132.208 152.028 169.345 0 0 0 303.49 0 128.17 117.62 111.85 106.08 103.689 101.289 98.8976 96.9086 95.6885 95.2985 95.6887 95.2988 94.9091 92.5189 91.6888 91.2984 93.6593 83.1127 83.7459 0 81.5166 79.7265 87.5686 85.9154 0 0 0 0 0 0 0 0 97.3577 327.892 115 0 0 0 0 0 0 0 0 0 0 218.485 220.253 217.89 218.28 215.89 216.28 213.89 214.28 211.89 212.28 209.89 210.28 207.89 208.28 205.89 206.28 133.209 133.209 133.209 133.209 133.209 133.209 133.209 206.28 206.41 206.41 206.41 206.41 204.41 204.41 204.41 206.41 206.41 208.41 208.41 210.41 210.41 212.41 212.41 214.41 214.41 216.02
132.208 152.028 166.536 0 0 0 0 301.1 0 133.94 120.01 114.24 111.85 109.449 107.058 105.069 103.849 103.458 103.849 103.459 103.069 100.679 99.8491 99.4587 101.821 91.2758 91.9071 83.7555 0 327.907 327.899 85.8825 93.7411 0 0 0 0 0 0 0 0 92.7109 327.893 115 0 0 0 0 0 0 0 0 0 0 0 225.91 226.44 224.05 224.44 222.05 222.44 220.05 220.44 218.05 218.44 216.05 216.44 214.05 214.44 212.05 133.209 133.209 133.209 133.209 133.209 133.209 211.66 212.05 212.44 212.57 212.57 212.57 212.57 212.57 212.57 212.57 214.57 214.57 216.57 216.57 218.57 218.57 220.57 220.57 222.18 222.18
132.209 132.209 0 0 0 0 0 0 0 139.71 125.78 120.01 117.607 115.218 113.229 112.009 111.618 112.008 111.619 111.229 108.839 108.009 107.619 109.982 108.22 327.9 91.9159 0 0 0 327.901 101.972 100.236 100.005 0 0 0 0 0 0 0 0 326.881 115 0 0 0 0 0 0 0 0 0 335.133 234.209 234.6 232.21 232.6 230.21 230.6 228.21 228.6 226.21 226.6 224.21 224.6 222.21 222.6 220.21 220.6 133.209 133.209 133.209 133.209 133.209 217.04 217.43 217.82 218.21 218.6 218.73 218.73 218.73 218.73 218.73 220.73 220.73 222.73 222.73 224.73 224.73 226.73 226.73 228.34 228.34 228.34
0 0 0 0 0 0 0 0 0 123.66 131.55 125.78 123.375 121.389 120.169 119.779 120.169 119.778 119.389 116.999 116.169 115.779 116.971 116.385 327.902 108.236 0 0 0 0 327.901 108.364 108.167 105.774 0 0 0 0 113.386 0 0 0 314.535 115 0 0 0 0 0 0 0 0 248.92 335.465 180.05 180.113 240.76 238.37 238.76 236.37 236.76 234.37 234.76 232.37 232.76 230.37 230.76 228.37 228.76 226.37 226.76 133.209 133.209 133.209 222.42 222.81 223.2 223.59 223.98 224.37 224.76 225.15 225.54 225.93 226.32 226.89 228.89 228.89 230.89 230.89 232.89 232.89 234.5 234.5 234.89 234.89
0 0 0 0 0 0 0 0 299.674 0 137.71 131.94 129.53 128.329 127.939 128.329 0 0 43.2828 121.033 123.895 46.1991 124.549 327.897 116.397 0 0 0 0 0 0 0 113.919 114.325 0 0 0 0 0 0 0 0 114.985 115 0 0 0 0 0 0 0 29.9112 248.92 335.783 336.175 248.863 246.459 246.92 244.53 244.92 242.53 242.92 240.53 240.92 238.53 238.92 236.53 236.92 234.53 234.92 232.53 133.209 133.209 226.26 228.19 228.58 228.97 229.36 229.75 230.14 230.53 230.92 231.31 231.7 232.09 234.48 235.05 237.05 237.05 239.05 239.05 240.66 240.66 241.05 241.05 241.05
0 0 0 0 0 0 242.811 291.54 156.42 0 140.1 137.71 0 0 0 0 0 0 0 0 46.1985 131.673 325.577 124.558 0 0 0 0 0 0 327.908 327.902 122.421 119.986 0 0 0 0 0 128.095 125.703 0 120.756 115 0 0 0 0 0 0 0 29.9112 248.92 248.92 248.92 254.689 255.05 252.69 253.08 250.69 251.08 248.69 249.08 246.69 247.08 244.69 245.08 242.69 243.08 240.69 241.08 133.209 232.03 232.03 233.96 234.35 234.74 235.13 235.52 235.91 236.3 236.69 237.08 237.47 237.86 240.25 242.64 243.21 245.21 245.21 246.82 246.82 246.82 247.21 247.21 247.21
0 0 0 0 0 0 283.38 164.427 145.87 148.26 145.87 0 0 0 0 0 0 0 0 46.1965 46.1928 132.718 132.719 0 0 0 0 0 0 0 327.911 327.908 327.903 128.485 128.145 0 0 0 0 58.2989 137.537 0 128.087 120.77 0 0 0 0 0 0 29.9112 29.9112 248.92 248.92 336.795 337.158 0 261.148 258.85 259.24 256.85 257.24 254.85 255.24 252.85 253.24 250.85 251.24 248.85 249.24 246.85 247.24 238.69 239.08 239.73 240.12 240.51 240.9 241.29 241.68 242.07 242.46 242.85 243.24 243.63 246.02 248.41 250.8 251.37 252.98 252.98 252.98 252.98 253.37 253.37 254.98
0 0 0 0 0 275.22 162.19 162.17 156.42 154.03 151.629 0 0 0 0 0 0 0 147.23 46.1913 140.259 132.719 0 0 0 0 0 0 327.9 327.902 327.904 327.905 128.643 136.35 134.703 0 0 0 0 0 0 0 133.859 128.1 0 0 0 0 0 29.9112 29.9112 29.9112 248.92 260.85 260.85 260.85 0 267.01 267.4 265.01 265.4 263.01 263.4 261.01 261.4 259.01 259.4 257.01 257.4 255.01 255.4 253.01 253.4 244.85 245.5 245.89 246.28 246.67 247.06 247.45 247.84 248.23 248.62 249.01 249.4 251.79 254.18 256.57 258.96 258.96 258.96 258.96 259.53 259.53 261.14 261.14
0 0 0 0 267.06 272.812 162.19 134.866 162.19 159.789 157.399 0 0 0 0 0 0 0 46.1946 233.754 227.902 222.254 0 0 0 0 0 187.401 181.572 175.805 170.095 164.573 158.87 0 142.575 0 0 0 0 0 0 17.0871 326.737 133.87 0 0 0 0 29.911 29.9112 29.9112 29.9112 260.85 260.85 260.85 269.4 0 275.56 273.17 273.56 271.17 271.56 269.17 269.56 267.17 267.56 265.17 265.56 263.17 263.56 261.17 261.56 259.17 255.362 251.27 251.66 252.05 252.44 252.83 253.22 253.61 254 254.39 254.78 255.17 257.56 259.95 262.34 264.73 264.73 265.69 265.69 265.69 267.3 267.3 266.91
0 0 0 258.9 264.67 186.615 154.741 170.35 167.96 165.559 163.168 0 0 0 0 0 161.553 0 164.751 153.019 224.049 183.66 214.21 208.44 202.669 196.899 191.128 185.358 179.587 173.817 168.047 162.264 156.494 150.734 0 0 0 0 0 0 0 0 150.18 233.513 0 0 0 29.9108 29.9112 29.9112 29.9112 29.9112 260.85 260.85 337.708 275.17 0 0 162.138 162.138 279.72 277.33 277.72 275.33 275.72 273.33 273.72 271.33 271.72 269.33 269.72 267.33 267.72 265.33 261.522 257.43 257.82 258.21 258.6 258.99 259.38 259.77 260.16 260.55 260.94 263.33 265.72 268.11 270.5 270.5 271.85 271.85 273.46 273.46 273.07 272.68
0 0 250.74 192.44 194.675 184.164 178.51 176.12 173.718 171.328 168.938 0 0 0 0 0 0 0 0 173.107 183.578 219.709 0 210.83 205.059 199.289 193.519 187.749 181.978 176.208 170.437 164.666 158.895 0 0 0 0 0 0 0 0 0 177.144 314.117 327.303 0 29.9107 29.9111 29.9112 29.9112 29.9112 29.9112 260.85 337.652 267.56 0 273.329 0 162.138 279.33 162.138 251.563 282.21 283.88 281.49 281.88 279.49 279.88 277.49 277.88 275.49 275.88 273.49 273.88 271.49 267.682 263.59 263.98 264.37 264.76 265.15 265.54 265.93 266.32 266.71 269.1 271.49 273.88 276.27 278.01 278.01 279.62 279.62 279.23 278.84 278.45
0 0 65.3819 0 192.293 186.67 184.28 181.88 179.489 177.098 174.708 0 0 0 0 0 0 0 0 0 0 191.419 0 0 207.45 201.679 195.909 190.139 184.369 178.598 172.827 167.056 164.667 0 0 0 0 0 0 0 0 0 0 185.298 319.83 335.483 29.9111 29.9112 29.9112 29.9112 29.9112 337.292 337.622 337.775 268.702 265.236 0 0 162.138 162.138 284.87 283.49 283.49 289.488 290.04 287.65 288.04 285.65 286.04 283.65 284.04 281.65 282.04 279.65 280.04 277.65 273.842 269.75 270.14 270.53 270.92 271.31 271.7 272.09 272.48 274.87 277.26 279.65 282.04 284.17 285.78 285.78 285.39 285 284.61 284.22
0 237.351 0 200.445 194.83 192.44 190.04 187.649 185.258 182.868 180.478 0 0 0 0 0 0 0 0 162.137 0 0 199.91 0 209.84 204.069 198.299 192.529 186.758 180.987 175.216 172.827 170.427 0 0 0 0 0 0 0 0 0 0 0 193.388 330.001 29.8974 29.9002 29.9039 29.9071 337.327 337.639 337.957 261.734 257.123 0 0 0 162.138 162.138 162.138 288.25 289.65 289.65 295.663 296.2 293.81 294.2 291.81 292.2 289.81 290.2 287.81 288.2 285.81 286.2 283.81 280.002 275.91 276.3 276.69 277.08 277.47 277.86 278.25 280.64 283.03 285.42 287.81 290.2 290.2 290.2 290.2 290.2 290.2 289.99
0 219.197 208.76 202.99 200.6 198.2 195.809 193.418 191.028 188.638 186.248 0 0 0 0 0 0 0 162.137 162.137 162.137 0 0 0 0 206.459 200.689 194.919 189.148 183.376 180.987 178.587 176.197 0 0 0 0 0 0 0 0 0 0 0 0 184.913 0 0 0 0 230.533 236.305 242.076 247.848 0 0 0 0 162.138 162.138 162.138 162.138 291.63 295.81 295.81 241.97 302.36 299.97 300.36 297.97 298.36 295.97 296.36 293.97 294.36 291.97 292.36 289.97 286.162 282.07 282.46 282.85 283.24 283.63 284.02 286.41 288.8 291.19 293.58 295.97 295.97 295.97 295.97 295.97 295.97 295.76
0 216.92 211.15 208.76 206.36 203.969 201.578 199.188 196.798 194.408 0 0 0 0 0 0 0 162.138 162.137 162.137 162.137 162.137 0 0 205.75 208.849 203.079 197.308 191.537 189.147 186.747 184.357 0 0 0 0 0 0 0 0 0 0 0 0 0 0 0 0 0 0 0 0 0 0 0 0 0 0 162.138 162.138 162.138 162.138 162.138 295.81 301.97 301.97 307.987 308.52 306.13 306.52 304.13 304.52 302.13 302.52 300.13 300.52 298.13 298.52 296.13 292.322 288.23 288.62 289.01 289.4 289.79 292.18 294.57 296.96 299.35 301.74 301.74 301.74 301.74 301.74 301.74 301.92
0 219.31 216.92 214.52 212.129 209.738 207.348 204.958 202.568 200.178 0 0 0 0 0 0 162.138 162.137 162.137 162.137 162.137 162.137 162.137 162.137 162.138 210.904 205.468 199.697 197.307 194.907 192.517 190.126 0 0 0 0 0 0 0 162.138 0 0 0 0 0 0 0 0 0 0 0 0 0 0 0 0 0 162.138 162.138 162.138 162.138 162.138 162.138 297.4 303.17 308.13 308.13 314.137 314.68 312.29 312.68 310.29 310.68 308.29 308.68 306.29 306.68 304.29 304.68 302.29 298.482 294.39 294.78 295.17 295.56 297.95 300.34 302.73 305.12 307.51 307.51 307.51 307.51 307.51 308.08 307.74
0 0 0 121.036 217.898 215.508 213.118 210.728 208.338 0 0 0 0 0 0 162.138 162.137 162.138 162.137 162.137 162.137 162.137 162.137 162.137 162.138 213.629 207.857 205.467 203.067 200.677 198.286 0 0 0 0 0 0 0 162.138 162.138 162.138 0 0 0 0 0 0 0 0 0 0 0 0 0 0 0 162.138 162.138 162.138 162.138 162.138 162.138 162.138 299.79 305.56 311.33 314.29 314.29 320.286 320.84 318.45 318.84 316.45 316.84 314.45 314.84 312.45 312.84 310.45 310.84 308.45 304.642 300.55 300.94 301.33 303.72 306.11 308.5 310.89 313.28 313.28 313.28 313.28 314.24 313.9 313.9
0 0 0 0 207.672 221.278 218.888 216.498 214.108 0 0 0 0 0 162.138 162.138 162.138 162.137 162.137 162.137 162.137 162.137 162.137 162.138 220.037 215.717 213.628 211.227 208.837 206.446 204.057 0 0 0 0 0 0 162.138 162.138 162.138 162.137 162.137 0 0 0 0 0 0 0 0 0 0 0 0 0 162.138 162.138 162.138 162.138 162.138 162.138 162.138 162.138 302.18 307.95 313.72 319.49 320.45 320.45 326.442 327 324.61 325 322.61 323 320.61 321 318.61 319 316.61 317 314.61 310.787 306.71 307.1 309.49 311.88 314.27 316.66 319.05 319.05 319.05 320.4 320.06 320.06 320.06
0 0 0 0 216.47 227.048 224.658 222.268 0 0 0 0 0 162.138 162.138 162.138 162.137 162.138 162.137 162.137 162.137 162.137 162.138 162.138 224.178 221.788 219.387 216.997 214.606 212.216 209.827 0 0 0 0 0 162.138 162.138 162.138 162.138 162.138 162.137 162.137 0 0 0 0 0 0 0 0 0 0 0 162.138 162.138 162.138 162.138 162.138 162.138 162.138 162.138 162.138 304.57 310.34 316.11 321.88 326.61 326.61 326.61 332.603 333.16 330.77 331.16 328.77 329.16 326.77 327.16 324.77 325.16 322.77 323.16 320.77 312.87 312.87 315.26 317.65 320.04 322.43 324.82 324.82 326.56 326.22 326.22 326.22 328.22
0 0 162.138 162.138 0 219.141 230.428 228.038 0 0 0 0 162.138 162.138 162.138 162.138 162.138 162.137 162.137 162.137 162.137 162.138 162.138 230.609 229.532 227.547 225.157 222.766 220.376 217.987 215.597 0 0 0 0 162.138 162.138 162.138 162.138 162.138 162.138 162.138 162.137 162.137 0 0 0 0 0 0 0 0 0 162.138 162.138 162.138 162.138 162.138 162.138 162.138 162.138 162.138 162.138 306.96 312.73 318.5 324.27 330.04 332.43 332.77 332.77 0 288.095 334.935 337.32 334.93 335.32 332.93 333.32 330.93 331.32 328.93 329.32 320.77 321.03 321.03 323.42 325.81 328.2 330.59 332.72 332.38 332.38 332.38 334.38 334.38
0 0 162.138 162.138 162.138 0 222.435 233.808 0 0 0 162.138 162.138 162.138 162.138 162.138 162.137 162.138 162.137 162.137 162.137 162.138 162.137 238.109 235.708 233.317 230.926 228.536 226.147 223.757 130.458 0 0 0 162.138 162.138 162.138 162.138 162.138 162.138 162.138 162.137 162.137 162.137 162.137 0 0 0 0 0 0 0 162.138 162.138 162.138 162.138 162.138 162.138 162.138 162.138 162.138 162.138 162.138 309.35 315.12 320.89 326.66 332.43 338.2 338.93 338.93 338.93 336.93 336.93 334.93 334.93 340.923 341.48 339.09 339.48 337.09 337.48 335.09 326.93 326.93 329.19 329.19 331.58 333.97 336.36 338.54 338.54 338.54 340.54 340.54 340.54
0 0 162.138 162.138 162.138 162.138 0 0 0 0 162.138 162.138 162.138 162.138 162.138 162.138 162.138 162.137 162.137 162.137 162.137 162.137 243.704 243.868 241.477 239.086 236.696 234.306 231.917 229.527 0 0 0 162.138 162.138 162.138 162.138 162.138 162.138 162.138 162.138 162.138 162.137 162.137 162.137 162.136 162.134 162.134 162.134 162.135 162.135 162.135 162.137 162.138 162.138 162.138 162.138 162.138 162.138 162.138 162.138 162.138 162.138 311.74 317.51 323.28 329.05 334.82 338.966 338.966 338.966 338.966 338.966 343.09 341.09 341.09 341.09 339.09 339.09 337.09 337.09 343.085 343.64 335.09 335.09 335.09 337.35 337.35 339.74 342.13 344.52 344.7 344.7 344.7 344.7 344.7
0 162.138 162.138 162.138 162.138 235.99 162.138 162.138 162.138 162.138 162.138 162.138 162.138 162.138 162.138 162.138 162.137 162.138 162.137 162.137 162.137 162.137 249.293 249.649 247.246 244.856 242.466 240.077 237.687 0 0 0 162.138 162.138 162.138 162.138 162.138 162.138 162.138 162.138 162.138 162.138 162.138 162.137 162.137 162.136 162.135 162.134 162.134 162.135 162.135 162.136 162.136 162.137 162.138 162.138 162.138 162.138 162.138 162.138 162.138 162.138 162.138 314.13 319.9 325.67 331.44 337.21 338.966 338.966 338.966 338.966 338.966 345.25 345.25 345.25 345.25 345.25 345.25 343.25 343.25 343.25 341.25 341.25 341.25 343.25 343.25 343.25 345.51 345.51 345.51 345.51 345.51 345.51 345.51 345.51
