tests/full-run-ref/erosion_87_12_73.418.asc
ncols 512
nrows 512
xllcorner -3.24582
yllcorner -4.08743
cellsize 5
NODATA_value -99999
[rows 60 to 89 of 512, columns 201 to 267 of 512]
5.76982 5.76985 5.76991 5.76989 5.76989 5.7699 5.76971 5.76998 5.76974 5.77 5.76989 5.76991 5.77 5.76989 5.77023 5.76944 5.77 5.76994 5.77004 5.77021 5.76988 5.76996 5.76978 5.77021 5.77024 5.77024 5.77024 5.77024 5.77024 5.77023 5.77011 5.76999 5.76996 5.76989 5.76992 5.76996 5.7699 5.76998 5.7699 5.76977 5.76967 5.77016 5.77023 5.77022 5.77 5.76997 5.76996 5.76996 5.76998 5.76996 5.77004 5.76995 5.76999 5.77012 5.76995 5.76983 5.76994 5.76999 5.77003 5.76996 5.76992 5.76992 5.76994 5.76992 5.76988 5.76992 5.7702
5.76998 5.76991 5.76988 5.76985 5.77012 5.76983 5.77 5.7699 5.77013 5.7698 5.77 5.77 5.77 5.76987 5.77021 5.76984 5.76981 5.76995 5.76999 5.77022 5.76998 5.76993 5.77021 5.77024 5.77024 5.77024 5.77024 5.77024 5.77022 5.77015 5.76999 5.77 5.76991 5.77007 5.7699 5.76999 5.77 5.76978 5.77012 5.77008 5.77022 5.77023 5.77024 5.77024 5.77017 5.76999 5.76998 5.77014 5.77 5.76979 5.76987 5.76975 5.7701 5.76994 5.77 5.76994 5.76986 5.76983 5.76984 5.76989 5.76999 5.76999 5.76999 5.77 5.77014 5.77022 5.76998
5.76988 5.77007 5.76988 5.76989 5.76987 5.76988 5.77 5.76992 5.76982 5.76991 5.76993 5.7698 5.76982 5.76988 5.77014 5.77019 5.77022 5.76992 5.76998 5.77021 5.77 5.7702 5.77024 5.77024 5.77024 5.77024 5.77023 5.77019 5.77 5.76999 5.77 5.77 5.76991 5.76994 5.76992 5.76999 5.77018 5.77022 5.76991 5.77021 5.7702 5.77024 5.77024 5.77024 5.77023 5.77019 5.77023 5.77023 5.77022 5.77015 5.77 5.77019 5.77018 5.76993 5.76973 5.77002 5.77013 5.77019 5.77012 5.77017 5.7702 5.77023 5.77023 5.77023 5.77019 5.76999 5.77
5.76989 5.76991 5.7699 5.77008 5.76987 5.76986 5.76984 5.76994 5.77001 5.76999 5.77005 5.77018 5.77023 5.77023 5.77024 5.77024 5.77024 5.77023 5.77003 5.77019 5.77018 5.77024 5.77024 5.77024 5.77023 5.77021 5.77008 5.76993 5.76997 5.76999 5.76993 5.76989 5.76994 5.77004 5.76994 5.77 5.77023 5.77023 5.77023 5.76996 5.77011 5.77024 5.77024 5.77024 5.77022 5.77023 5.77024 5.77024 5.77024 5.77024 5.77024 5.77023 5.76999 5.77 5.76799 5.77022 5.77024 5.77024 5.77023 5.77023 5.77019 5.77 5.76997 5.77 5.76998 5.76997 5.77004
5.77 5.76999 5.76983 5.76999 5.76977 5.76979 5.77023 5.76994 5.76998 5.76999 5.76992 5.76983 5.7698 5.77018 5.77023 5.77024 5.77024 5.77024 5.77024 5.77024 5.77024 5.77024 5.77023 5.77022 5.77012 5.76999 5.76999 5.76999 5.77005 5.76996 5.76988 5.77007 5.76989 5.76994 5.76984 5.76998 5.77023 5.77024 5.77011 5.77 5.77021 5.77024 5.77024 5.77024 5.7701 5.76998 5.77017 5.77022 5.77019 5.7702 5.77023 5.7702 5.77012 5.76794 5.77022 5.77024 5.77024 5.77023 5.77014 5.76999 5.76998 5.77 5.76998 5.76996 5.76997 5.76997 5.76976
5.77 5.77 5.7698 5.77008 5.76975 5.77022 5.77024 5.77017 5.76992 5.76995 5.76997 5.77001 5.76994 5.76999 5.77 5.77015 5.77022 5.77024 5.77024 5.77024 5.77023 5.7702 5.77011 5.76992 5.76994 5.76986 5.77 5.7699 5.76999 5.76992 5.76993 5.76992 5.76992 5.76996 5.76992 5.77024 5.77015 5.77024 5.7702 5.76999 5.77008 5.77024 5.77024 5.77023 5.76998 5.76998 5.76996 5.76992 5.7699 5.76975 5.77014 5.77023 5.76989 5.77023 5.77024 5.77024 5.77015 5.76999 5.77021 5.76959 5.76996 5.76997 5.76996 5.77002 5.76995 5.77 5.76995
5.77 5.77 5.76993 5.76984 5.76992 5.76998 5.77024 5.76998 5.76994 5.77007 5.76994 5.76995 5.7699 5.76994 5.76997 5.76991 5.77 5.77015 5.77019 5.77011 5.76993 5.76993 5.76996 5.76999 5.77004 5.76993 5.76997 5.76987 5.77005 5.7699 5.77 5.76999 5.77007 5.7699 5.77024 5.77 5.77021 5.77024 5.77024 5.77023 5.77022 5.77024 5.77024 5.77022 5.77 5.76997 5.77019 5.77013 5.76996 5.76997 5.76995 5.76954 5.77023 5.77024 5.77024 5.77023 5.77011 5.76998 5.76993 5.76977 5.77003 5.76995 5.76971 5.76957 5.76967 5.76986 5.76988
5.77 5.7699 5.76974 5.77 5.77016 5.77 5.77022 5.77 5.76984 5.76993 5.76997 5.76989 5.77009 5.76992 5.76992 5.76996 5.76994 5.76993 5.76993 5.76999 5.76999 5.77003 5.76997 5.76997 5.76994 5.76995 5.77002 5.76992 5.76989 5.76985 5.77 5.77019 5.77021 5.77024 5.76998 5.77023 5.77024 5.77024 5.77024 5.77024 5.77024 5.77024 5.77024 5.77024 5.77023 5.77023 5.77021 5.76998 5.76996 5.77023 5.77022 5.76928 5.77023 5.77024 5.77021 5.76999 5.77022 5.77024 5.76979 5.76998 5.76995 5.76997 5.76994 5.7702 5.76986 5.77007 5.76988
5.76975 5.7696 5.77013 5.77022 5.77023 5.77023 5.77023 5.77023 5.77019 5.77 5.76999 5.76997 5.76989 5.76989 5.77013 5.76991 5.76996 5.77008 5.7699 5.77 5.76997 5.76992 5.76988 5.76993 5.77 5.76998 5.76997 5.76986 5.76999 5.76856 5.77019 5.77024 5.77024 5.77023 5.77021 5.77023 5.77024 5.77024 5.77024 5.77024 5.77024 5.77024 5.77024 5.77024 5.77024 5.77024 5.77019 5.76999 5.77018 5.77023 5.76994 5.77023 5.77024 5.77024 5.77022 5.7387 5.74656 5.75041 5.77005 5.76995 5.76999 5.76999 5.68737 5.66421 5.5152 5.76994 5.76988
5.76968 5.77016 5.77023 5.77024 5.77024 5.77024 5.77024 5.77024 5.77024 5.77023 5.77014 5.76999 5.76999 5.76997 5.76987 5.76991 5.76996 5.76991 5.76993 5.77 5.77 5.76987 5.77008 5.76985 5.77 5.77 5.76999 5.76999 5.77016 5.77022 5.76997 5.77024 5.77 5.7702 5.77024 5.77024 5.77024 5.77024 5.77023 5.77024 5.77023 5.77023 5.77023 5.77024 5.77024 5.77024 5.77024 5.77023 5.77012 5.76995 5.76997 5.77024 5.77024 5.77024 5.76975 5.72905 6.16025 5.74712 5.77023 5.7699 5.76995 5.77022 5.71635 6.16023 5.63028 5.77 5.77
5.76983 5.77005 5.77023 5.77024 5.77023 5.77018 5.77022 5.77023 5.77023 5.77018 5.77003 5.7701 5.77006 5.77 5.77006 5.76992 5.76988 5.76978 5.76972 5.76989 5.76992 5.76987 5.76983 5.76993 5.76995 5.76992 5.77001 5.77021 5.77024 5.77024 5.77024 5.76994 5.77023 5.77023 5.77024 5.77024 5.77024 5.77024 5.77024 5.77023 5.77023 5.77023 5.77023 5.77023 5.77024 5.77024 5.77024 5.77024 5.77008 5.76998 5.77002 5.77024 5.77023 5.76995 5.77024 5.7461 5.76974 5.76958 5.77023 5.76986 5.76998 5.76999 5.72342 5.72994 5.72682 5.77017 5.77
5.76997 5.76999 5.77022 5.77024 5.77022 5.76999 5.76997 5.77016 5.77 5.76999 5.76999 5.76999 5.76977 5.76986 5.76974 5.76985 5.76994 5.77019 5.76982 5.77008 5.76982 5.77 5.76999 5.76995 5.76999 5.77014 5.77023 5.77024 5.77024 5.77024 5.7699 5.77023 5.7701 5.77024 5.77024 5.77024 5.77024 5.77024 5.77024 5.77023 5.77023 5.77023 5.77023 5.77023 5.77023 5.77024 5.77024 5.77024 5.77022 5.77016 5.77023 5.77024 5.77024 5.76995 5.77024 5.77024 5.77024 5.77024 5.77023 5.76985 5.76999 5.76998 5.77016 5.77018 5.77 5.76998 5.77022
5.76995 5.77 5.77023 5.77024 5.77023 5.77 5.76999 5.76995 5.76993 5.76987 5.76988 5.77 5.76999 5.77 5.76934 5.77022 5.7698 5.76978 5.76974 5.76987 5.76986 5.77001 5.76992 5.76999 5.77019 5.77023 5.77024 5.77024 5.77023 5.7699 5.77005 5.7702 5.77024 5.77022 5.77024 5.77024 5.77024 5.77024 5.77024 5.77023 5.77023 5.77023 5.77023 5.77023 5.77023 5.77023 5.77024 5.77024 5.77024 5.77024 5.77024 5.77023 5.76998 5.77024 5.77024 5.77023 5.77023 5.77023 5.77023 5.76964 5.76988 5.77004 5.76999 5.76997 5.76998 5.76997 5.76998
5.76993 5.77008 5.77023 5.77024 5.77024 5.77017 5.76991 5.77005 5.76994 5.77009 5.76976 5.77 5.77 5.76993 5.76956 5.76947 5.76976 5.77007 5.76989 5.77002 5.76996 5.76999 5.76976 5.77007 5.77023 5.77024 5.77024 5.77024 5.7702 5.76998 5.77023 5.77024 5.77024 5.77024 5.77024 5.77024 5.77024 5.77024 5.77023 5.77023 5.77023 5.77023 5.77023 5.77023 5.77023 5.77023 5.77023 5.77024 5.77024 5.77024 5.77024 5.77016 5.76999 5.77024 5.77022 5.77008 5.77013 5.77 5.76972 5.77003 5.76979 5.77018 5.76988 5.77 5.77 5.77 5.76997
5.76994 5.77002 5.77023 5.77024 5.77024 5.77016 5.76992 5.76993 5.76985 5.76982 5.76983 5.77 5.76999 5.76989 5.77004 5.76988 5.76993 5.7699 5.7699 5.76997 5.76997 5.77 5.76975 5.77018 5.77024 5.77024 5.77024 5.77023 5.76994 5.76992 5.77018 5.77024 5.77024 5.77024 5.77022 5.77023 5.77024 5.77024 5.77023 5.77023 5.77023 5.77023 5.77023 5.77023 5.77023 5.77023 5.77023 5.77023 5.77024 5.77024 5.77024 5.77022 5.77024 5.77024 5.77024 5.76994 5.73345 5.73965 5.61695 5.76982 5.77022 5.76998 5.76991 5.76992 5.76984 5.76991 5.76997
5.76999 5.76999 5.77022 5.77024 5.77023 5.77 5.76999 5.76999 5.77001 5.76999 5.76983 5.76989 5.77 5.76993 5.76989 5.76988 5.76994 5.77 5.76999 5.77001 5.76998 5.76995 5.76973 5.77022 5.77024 5.77024 5.77024 5.77 5.77023 5.77024 5.76994 5.76997 5.77011 5.77024 5.77007 5.77023 5.77024 5.77024 5.77023 5.77023 5.77023 5.77023 5.77023 5.77023 5.77023 5.77023 5.77023 5.77023 5.77023 5.77024 5.77024 5.77024 5.77023 5.77024 5.76903 5.76998 5.71585 6.08234 5.73284 5.77005 5.76999 5.76995 5.77 5.76984 5.7701 5.76988 5.76999
5.77 5.76999 5.77022 5.77024 5.77023 5.76999 5.77 5.76999 5.76999 5.76999 5.76987 5.77023 5.76976 5.77 5.76985 5.77007 5.76986 5.77 5.76999 5.76998 5.76997 5.76999 5.77009 5.77023 5.77024 5.77024 5.77018 5.7702 5.77024 5.77024 5.76999 5.77022 5.77024 5.77023 5.77024 5.76995 5.77024 5.77024 5.77023 5.77023 5.77023 5.77023 5.77023 5.77023 5.77023 5.77023 5.77023 5.77023 5.77023 5.77024 5.77024 5.7702 5.77021 5.76999 5.77024 5.76993 5.73432 5.74018 5.73729 5.77018 5.76996 5.76997 5.76989 5.76963 5.76982 5.76986 5.77015
5.77 5.76999 5.77021 5.77024 5.77023 5.77008 5.77 5.76995 5.76987 5.76991 5.77 5.76967 5.76965 5.76993 5.76991 5.76989 5.76991 5.77 5.77 5.76997 5.76999 5.77005 5.77021 5.77024 5.77024 5.77024 5.77024 5.77024 5.77023 5.76988 5.76987 5.77024 5.77024 5.77024 5.77 5.77024 5.77024 5.77024 5.77023 5.77023 5.77023 5.77023 5.77023 5.77023 5.77023 5.77023 5.77023 5.77023 5.77023 5.77024 5.77024 5.77023 5.76996 5.77024 5.77024 5.76997 5.76998 5.77008 5.76999 5.77017 5.76992 5.77001 5.77023 5.77023 5.76996 5.76996 5.77005
5.77 5.76999 5.7702 5.77024 5.77021 5.76999 5.77 5.76991 5.77014 5.76964 5.77 5.76985 5.77007 5.76986 5.76988 5.76983 5.77 5.77 5.77 5.76991 5.77009 5.77022 5.77024 5.77024 5.77024 5.77024 5.77024 5.77023 5.76993 5.77022 5.77024 5.77 5.77024 5.77 5.77023 5.77024 5.77024 5.77024 5.77023 5.77023 5.77023 5.77023 5.77023 5.77023 5.77023 5.77023 5.77023 5.77023 5.77023 5.77024 5.77024 5.76999 5.76998 5.77024 5.77024 5.77 5.77022 5.77023 5.77017 5.76997 5.77021 5.77022 5.77023 5.62234 5.51437 5.60284 5.77019
5.77 5.76999 5.77017 5.77024 5.77018 5.76983 5.76997 5.76994 5.76961 5.76975 5.77 5.76989 5.76979 5.76979 5.77012 5.76971 5.77 5.77 5.76994 5.76987 5.77021 5.77024 5.77024 5.77024 5.77024 5.77024 5.77024 5.76994 5.76993 5.77024 5.77024 5.77024 5.76978 5.77024 5.77024 5.77024 5.77024 5.77023 5.77023 5.77023 5.77023 5.77023 5.77023 5.77023 5.77023 5.77023 5.77023 5.77023 5.77023 5.77024 5.77022 5.77023 5.77018 5.77024 5.77024 5.77023 5.77022 5.77023 5.77013 5.77024 5.77023 5.77018 5.77023 5.69457 6.37938 5.71339 5.69368
5.77 5.76999 5.77012 5.77024 5.77011 5.76989 5.77006 5.76994 5.76992 5.76992 5.76988 5.77 5.76978 5.76989 5.76985 5.76985 5.77 5.76993 5.76999 5.77017 5.77023 5.77024 5.77024 5.77024 5.77024 5.77024 5.77015 5.76996 5.77024 5.77023 5.77024 5.77024 5.77024 5.77024 5.77024 5.77024 5.77023 5.77023 5.77023 5.77023 5.77023 5.77023 5.77023 5.77023 5.77023 5.77023 5.77023 5.77023 5.77023 5.77024 5.77024 5.77024 5.77024 5.77024 5.77024 5.77024 5.77024 5.77024 5.77024 5.77024 5.77023 5.77 5.76997 5.69699 5.71333 7.44231 5.58567
5.77 5.76999 5.76999 5.77024 5.76996 5.76995 5.76994 5.76985 5.76983 5.77005 5.76984 5.77 5.76967 5.77013 5.76978 5.77 5.77 5.76994 5.77007 5.77023 5.77024 5.77024 5.77024 5.77024 5.77024 5.77024 5.77018 5.77024 5.77024 5.77024 5.77024 5.77024 5.77024 5.77024 5.77024 5.77023 5.77023 5.77023 5.77023 5.77023 5.77023 5.77023 5.77023 5.77023 5.77023 5.77023 5.77023 5.77023 5.77023 5.77024 5.77024 5.77024 5.77024 5.77024 5.77022 5.77023 5.77023 5.77024 5.77024 5.77024 5.77024 5.77019 5.76997 5.77006 5.73829 5.59962 5.5621
5.77 5.77 5.76997 5.77023 5.76995 5.77 5.76987 5.77013 5.76973 5.76986 5.76991 5.76977 5.76986 5.76986 5.76984 5.77 5.76998 5.7699 5.7702 5.77024 5.77024 5.77024 5.77024 5.77024 5.77024 5.77024 5.77024 5.77024 5.77024 5.77024 5.77024 5.77023 5.77024 5.77024 5.77024 5.77023 5.77023 5.77023 5.77023 5.77023 5.77023 5.77023 5.77023 5.77023 5.77023 5.77023 5.77023 5.77023 5.77023 5.77024 5.77024 5.77024 5.77022 5.77022 5.77023 5.77023 5.77023 5.77024 5.77024 5.77024 5.77023 5.77024 5.77021 5.77022 5.77022 5.77013 5.76993
5.76992 5.76995 5.76997 5.77023 5.76987 5.76998 5.76994 5.76986 5.76977 5.77 5.77 5.7697 5.77012 5.76975 5.77 5.77 5.76984 5.77003 5.77023 5.77024 5.77024 5.77024 5.77024 5.77024 5.77024 5.77024 5.77024 5.77024 5.77024 5.77024 5.77024 5.77023 5.77023 5.77023 5.77023 5.77023 5.77023 5.77023 5.77023 5.77023 5.77023 5.77023 5.77023 5.77023 5.77023 5.77023 5.77023 5.77023 5.77023 5.77024 5.77024 5.77023 5.77024 5.77022 5.77023 5.77023 5.77023 5.77022 5.77024 5.77024 5.76834 5.76556 5.76575 5.76844 5.77023 5.77018 5.76991
5.77007 5.7699 5.76998 5.77023 5.76986 5.77006 5.76993 5.76973 5.76972 5.77 5.76976 5.76988 5.76986 5.76989 5.77 5.77 5.76972 5.77015 5.77024 5.77024 5.77024 5.77024 5.77024 5.77024 5.77024 5.77024 5.77024 5.77024 5.77024 5.77024 5.77023 5.77023 5.77023 5.77023 5.77023 5.77023 5.77023 5.77023 5.77023 5.77023 5.77023 5.77023 5.77023 5.77023 5.77023 5.77023 5.77023 5.77018 5.77023 5.77024 5.77024 5.77024 5.77024 5.77023 5.77022 5.77023 5.77023 5.7701 5.77024 5.77024 5.7691 6.09251 6.03782 5.76805 5.77022 5.76999 5.77024
5.76991 5.76993 5.76998 5.77023 5.76949 5.76995 5.76983 5.77017 5.7694 5.77 5.76971 5.77011 5.7698 5.77 5.77 5.77 5.76998 5.77019 5.77024 5.77024 5.77024 5.77024 5.77024 5.77024 5.77024 5.77024 5.77024 5.77024 5.77024 5.77024 5.77023 5.77023 5.77023 5.77023 5.77023 5.77023 5.77023 5.77023 5.77023 5.77023 5.77023 5.77023 5.77023 5.77023 5.77009 5.77023 5.77023 5.77023 5.76999 5.77024 5.77024 5.77024 5.77024 5.77024 5.77024 5.76999 5.77024 5.76996 5.77024 5.77024 5.76707 5.7642 5.76382 5.76706 5.77007 5.77024 5.77024
5.77 5.77 5.76998 5.77023 5.76938 5.77003 5.76982 5.76955 5.76993 5.76956 5.76997 5.76986 5.7699 5.77 5.76998 5.76995 5.76999 5.77021 5.77024 5.77024 5.77024 5.77024 5.77024 5.77024 5.77024 5.77024 5.77024 5.77024 5.77024 5.77024 5.77023 5.77023 5.77023 5.77023 5.76966 5.76875 5.76893 5.76934 5.77023 5.77023 5.77023 5.77023 5.77023 5.77007 5.77023 5.77023 5.77023 5.76997 5.77023 5.77024 5.77024 5.77024 5.77024 5.77024 5.76994 5.76997 5.77021 5.76997 5.76992 5.77024 5.77019 5.77022 5.77023 5.77022 5.77024 5.77024 5.77024
5.77 5.77 5.76998 5.77023 5.76948 5.76985 5.76975 5.76977 5.76967 5.77014 5.76977 5.77 5.77 5.77 5.76993 5.77007 5.77021 5.77023 5.77024 5.77024 5.77024 5.77024 5.77024 5.77024 5.77024 5.77024 5.77024 5.77024 5.77024 5.77023 5.77023 5.77023 5.77023 5.77023 5.77011 6.15967 6.15955 5.76922 5.77023 5.77023 5.77023 5.77023 5.77005 5.77022 5.77022 5.77023 5.77023 5.77023 5.76992 5.77022 5.77024 5.77024 5.77024 5.76992 5.76998 5.77021 5.77022 5.77006 5.77021 5.65246 5.76561 5.76229 5.77023 5.77 5.77023 5.77024 5.77024
5.77 5.77 5.76998 5.77023 5.76982 5.7699 5.77017 5.76968 5.76981 5.76974 5.76989 5.77 5.77 5.76994 5.77 5.77022 5.77024 5.77024 5.77024 5.77024 5.77024 5.77024 5.77024 5.77024 5.77024 5.77024 5.77024 5.77024 5.77024 5.77023 5.77023 5.77023 5.77023 5.77023 5.76932 5.76777 5.7682 5.77021 5.77023 5.77023 5.77023 5.77023 5.77023 5.76995 5.77023 5.77023 5.77002 5.76997 5.77023 5.77023 5.77023 5.77013 5.76998 5.76991 5.77012 5.77023 5.77023 5.77023 5.77021 5.76709 6.13013 5.71713 5.77011 5.76997 5.77023 5.77024 5.77023
5.76988 5.76992 5.76998 5.77023 5.76983 5.76989 5.76983 5.76979 5.76992 5.76994 5.77 5.77 5.76995 5.76992 5.77021 5.77024 5.77024 5.77024 5.77024 5.77024 5.77024 5.77024 5.77024 5.77024 5.77024 5.77024 5.77024 5.77024 5.77024 5.77023 5.77023 5.77023 5.77023 5.77023 5.77023 5.77023 5.77023 5.77023 5.77023 5.77023 5.77023 5.77023 5.77023 5.76994 5.77023 5.77023 5.77023 5.76996 5.76999 5.7701 5.77023 5.77023 5.77022 5.7702 5.76984 5.77023 5.77023 5.77023 5.77023 5.76718 5.76673 5.72537 5.76996 5.77014 5.77022 5.77017 5.77009
