tests/full-run-ref/erosion_2010_78_19_2.123.asc
ncols 512
nrows 512
xllcorner -3.24582
yllcorner -4.08743
cellsize 5
NODATA_value -99999
[rows 72 to 95 of 512, columns 110 to 164 of 512]
1.10751e-06 0 0 0 0 0 0 0 16.32 13.93 11.045 8.16001 5.77 2.885 1.86949e-06 1.10853e-06 1.14155e-06 1.14155e-06 1.14155e-06 1.14155e-06 1.14155e-06 1.14155e-06 1.14155e-06 1.14155e-06 1.14155e-06 1.14155e-06 1.14155e-06 1.14155e-06 1.14155e-06 1.14155e-06 0 0 0 1.14155e-06 0 1.14155e-06 1.14155e-06 1.14155e-06 1.14155e-06 1.14155e-06 1.14155e-06 1.14155e-06 0 0 0 0 0 0 0 2.88499 0 0.909046 1.51973 4.03666 2.885
1.08849e-06 1.12482e-06 0 0 0 0 0 6.06546 15.125 12.24 9.85001 6.96501 4.08001 2.88476 1.04264e-06 1.14155e-06 1.14155e-06 1.14155e-06 1.14155e-06 1.14155e-06 1.14155e-06 1.14155e-06 1.14155e-06 1.14155e-06 1.14155e-06 1.14155e-06 1.14155e-06 1.14155e-06 1.14155e-06 0 0 0 1.14155e-06 0 1.14155e-06 1.14155e-06 1.14155e-06 1.14155e-06 1.14155e-06 1.14155e-06 1.14155e-06 1.14155e-06 1.14155e-06 0 0 0 0 0 0 0 1.70657 3.78205 5.62193 5.77 2.885
2.88499 1.1064e-06 0 0 0 0 0 12.9601 12.24 11.045 8.16001 5.77 2.885 1.94068e-06 1.11199e-06 1.14155e-06 1.14155e-06 1.14155e-06 1.14155e-06 1.14155e-06 1.14155e-06 1.14155e-06 1.14155e-06 1.14155e-06 1.14155e-06 1.14155e-06 1.14155e-06 1.14155e-06 0 0 0 1.14155e-06 0 1.14155e-06 1.14155e-06 1.14155e-06 1.14155e-06 1.14155e-06 1.14155e-06 1.14155e-06 1.14155e-06 1.14155e-06 1.14155e-06 0 0 0 0 0 0 0 5.97043 9.04501 8.16001 5.77 2.885
0 2.88499 0 0 0 0 0 12.24 11.045 8.16001 6.96501 4.08001 2.88476 1.05864e-06 1.14155e-06 1.14155e-06 1.14155e-06 1.14155e-06 1.14155e-06 1.14155e-06 1.14155e-06 1.14155e-06 1.14155e-06 1.14155e-06 1.14155e-06 1.14155e-06 1.14155e-06 0 0 0 1.14155e-06 0 1.14155e-06 1.14155e-06 1.14155e-06 1.14155e-06 1.14155e-06 1.14155e-06 1.14155e-06 1.14155e-06 1.14155e-06 1.14155e-06 1.14155e-06 0 0 0 0 0 0 0 6.25404 9.85001 6.96501 4.08001 2.885
0 2.885 0 0 0 0 4.56185 11.045 8.16001 6.96501 4.08001 2.885 1.0299e-06 1.12345e-06 1.14155e-06 1.14155e-06 1.14155e-06 1.14155e-06 1.14155e-06 1.14155e-06 1.14155e-06 1.14155e-06 1.14155e-06 1.14155e-06 1.14155e-06 1.14155e-06 0 0 0 1.14155e-06 0 1.14155e-06 1.14155e-06 1.14155e-06 1.14155e-06 1.14155e-06 1.14155e-06 1.14155e-06 1.14155e-06 1.14155e-06 1.14155e-06 1.14155e-06 1.14155e-06 0 0 0 0 0 0 0 6.1592 8.655 5.77 2.885 2.00476e-06
0 2.82176 0 0 0 0 11.045 8.16001 6.96501 4.08001 2.885 1.01522e-06 1.12142e-06 1.14155e-06 1.14155e-06 1.14155e-06 1.14155e-06 1.14155e-06 1.14155e-06 1.14155e-06 1.14155e-06 1.14155e-06 1.14155e-06 1.14155e-06 1.14155e-06 0 0 0 1.14155e-06 0 1.14155e-06 1.14155e-06 1.14155e-06 1.14155e-06 1.14155e-06 1.14155e-06 1.14155e-06 1.14155e-06 1.14155e-06 1.14155e-06 1.14155e-06 1.14155e-06 1.14155e-06 0 0 0 0 0 0 0 5.76383 8.16001 5.76978 2.88476 1.04448e-06
0 2.78433 0 0 0 2.7453 8.16001 6.96501 4.08001 2.885 1.01614e-06 1.12094e-06 1.14155e-06 1.14155e-06 1.14155e-06 1.14155e-06 1.14155e-06 1.14155e-06 1.14155e-06 1.14155e-06 1.14155e-06 1.14155e-06 1.14155e-06 1.14155e-06 0 0 0 1.14155e-06 0 1.14155e-06 1.14155e-06 1.14155e-06 1.14155e-06 1.14155e-06 1.14155e-06 1.14155e-06 1.14155e-06 1.14155e-06 1.14155e-06 1.14155e-06 1.14155e-06 1.14155e-06 1.14155e-06 0 0 0 0 0 0 0 0 6.96501 4.08001 2.885 1.09265e-06
0 0 0 0 3.7029 8.16001 6.96501 4.08001 2.885 1.0229e-06 1.12135e-06 1.14155e-06 1.14155e-06 1.14155e-06 1.14155e-06 1.14155e-06 1.14155e-06 1.14155e-06 1.14155e-06 1.14155e-06 1.14155e-06 1.14155e-06 1.14155e-06 0 0 0 1.14155e-06 0 1.14155e-06 1.14155e-06 1.14155e-06 1.14155e-06 1.14155e-06 1.14155e-06 1.14155e-06 1.14155e-06 1.14155e-06 1.14155e-06 1.14155e-06 1.14155e-06 1.14155e-06 1.14155e-06 1.14155e-06 1.12386e-06 0 0 0 0 0 0 0 2.95093 2.885 1.04603e-06 1.1246e-06
0 0 0 10.6824 8.16001 6.96501 4.08001 2.885 9.816e-07 1.12193e-06 1.14155e-06 1.14155e-06 1.14155e-06 1.14155e-06 1.14155e-06 1.14155e-06 1.14155e-06 1.14155e-06 1.14155e-06 1.14155e-06 1.14155e-06 1.14155e-06 0 0 0 1.14155e-06 0 1.14155e-06 1.14155e-06 1.14155e-06 1.14155e-06 1.14155e-06 1.14155e-06 1.14155e-06 1.14155e-06 1.14155e-06 1.14155e-06 1.14155e-06 1.14155e-06 1.14155e-06 1.14155e-06 1.14155e-06 1.14155e-06 2.17531e-06 1.31457 2.885 2.88499 0 0 1.08402e-06 0 0 2.05932e-06 1.11973e-06 1.14155e-06
0 0 0 11.4864 8.655 5.77 2.885 1.49031e-06 1.07511e-06 1.14155e-06 1.14155e-06 1.14155e-06 1.14155e-06 1.14155e-06 1.14155e-06 1.14155e-06 1.14155e-06 1.14155e-06 1.14155e-06 0 0 0 0 0 1.14155e-06 0 1.14155e-06 1.14155e-06 1.14155e-06 1.14155e-06 1.14155e-06 1.14155e-06 1.14155e-06 1.14155e-06 1.14155e-06 1.14155e-06 1.14155e-06 1.14155e-06 1.14155e-06 1.14155e-06 1.14155e-06 1.14155e-06 1.14155e-06 2.17922e-06 1.53774 1.08111e-06 1.1035e-06 1.11673e-06 2.54916 1.10418e-06 0 0 1.09328e-06 1.14155e-06 0
0 0 0 12.735 9.85001 6.96501 4.08001 2.885 9.85375e-07 1.124e-06 1.14155e-06 1.14155e-06 1.14155e-06 1.14155e-06 1.14155e-06 1.14155e-06 0 0 0 0 0 0 0 1.14155e-06 0 1.14155e-06 1.14155e-06 1.14155e-06 1.14155e-06 1.14155e-06 1.14155e-06 1.14155e-06 1.14155e-06 1.14155e-06 1.14155e-06 1.14155e-06 1.14155e-06 1.14155e-06 1.14155e-06 1.14155e-06 1.14155e-06 1.14155e-06 1.14155e-06 1.12393e-06 1.11699e-06 1.12604e-06 1.14155e-06 1.09156e-06 2.74931 1.09156e-06 0 0 1.12616e-06 1.14155e-06 0
0 0 0 13.93 11.045 8.16001 6.96501 4.08001 2.885 1.08658e-06 1.14155e-06 2.26855e-06 1.14155e-06 1.14155e-06 0 0 0 0 0 0 0 0 1.12636e-06 0 1.14155e-06 1.14155e-06 1.14155e-06 1.14155e-06 1.14155e-06 1.14155e-06 1.14155e-06 1.14155e-06 1.14155e-06 1.14155e-06 1.14155e-06 1.14155e-06 1.14155e-06 1.14155e-06 1.14155e-06 1.14155e-06 1.14155e-06 1.14155e-06 1.14155e-06 1.14155e-06 1.14155e-06 1.14155e-06 1.14155e-06 1.09156e-06 2.74976 1.09156e-06 1.14155e-06 1.14155e-06 1.14155e-06 1.14155e-06 0
0 0 0 15.125 12.24 11.045 8.16001 5.77 2.885 1.03775e-06 1.12502e-06 0 0 0 0 0 0 0 0 0 0 0 0 1.12499e-06 1.14155e-06 1.14155e-06 1.14155e-06 1.14155e-06 1.14155e-06 1.14155e-06 1.14155e-06 1.14155e-06 1.14155e-06 1.14155e-06 1.14155e-06 1.14155e-06 1.14155e-06 1.14155e-06 1.14155e-06 1.14155e-06 1.14155e-06 1.14155e-06 1.14155e-06 1.14155e-06 1.14155e-06 1.14155e-06 1.14155e-06 1.10418e-06 2.49281 1.10418e-06 1.14155e-06 1.14155e-06 1.14155e-06 1.14155e-06 0
0 0 0 16.32 13.93 11.045 8.16001 6.96501 4.08001 2.885 1.11829e-06 0 0 0 0 0 0 0 0 0 0 0 2.885 1.06296e-06 1.12411e-06 1.14155e-06 1.14155e-06 1.14155e-06 1.14155e-06 1.14155e-06 1.14155e-06 1.14155e-06 1.14155e-06 1.14155e-06 1.14155e-06 1.14155e-06 1.14155e-06 1.14155e-06 1.14155e-06 1.14155e-06 1.14155e-06 1.14155e-06 1.14155e-06 1.14155e-06 1.14155e-06 2.28311e-06 1.14155e-06 1.12615e-06 1.11925e-06 1.12615e-06 1.14155e-06 1.14155e-06 1.14155e-06 1.14155e-06 1.14155e-06
0 0 0 15.125 12.24 9.85001 6.96501 4.08001 2.885 1.05908e-06 1.12568e-06 0 0 0 0 0 0 0 0 0 0 0 4.08001 2.885 1.04949e-06 1.12339e-06 1.14155e-06 1.14155e-06 1.14155e-06 1.14155e-06 1.14155e-06 1.14155e-06 1.14155e-06 1.14155e-06 1.14155e-06 1.14155e-06 1.14155e-06 1.14155e-06 1.14155e-06 1.14155e-06 1.14155e-06 1.14155e-06 1.14155e-06 1.14155e-06 1.14155e-06 1.14155e-06 1.14155e-06 1.14155e-06 1.14155e-06 1.14155e-06 1.14155e-06 1.14155e-06 1.14155e-06 1.14155e-06 1.14155e-06
0 0 0 13.93 11.045 8.16001 5.77 2.885 9.9321e-07 1.12295e-06 0 0 0 0 0 0 0 0 0 0 0 0 4.65944 4.08001 2.885 1.04114e-06 1.1228e-06 1.14155e-06 1.14155e-06 1.14155e-06 1.14155e-06 1.14155e-06 1.14155e-06 1.14155e-06 1.14155e-06 1.14155e-06 1.14155e-06 1.14155e-06 1.14155e-06 1.14155e-06 2.28311e-06 1.14155e-06 1.14155e-06 1.14155e-06 1.14155e-06 1.14155e-06 1.14155e-06 1.14155e-06 1.14155e-06 1.14155e-06 1.14155e-06 1.14155e-06 1.14155e-06 1.14155e-06 1.14155e-06
0 0 0 12.24 9.85001 6.96501 4.08001 2.88499 1.07567e-06 0 0 0 0 0 0 0 0 0 1.04733e-06 1.03171e-06 0 0 2.29999 6.96493 4.08001 2.885 1.03846e-06 1.12325e-06 1.14155e-06 1.14155e-06 1.14155e-06 1.14155e-06 1.14155e-06 1.14155e-06 1.14155e-06 1.14155e-06 1.14155e-06 1.14155e-06 2.28311e-06 1.14155e-06 1.14155e-06 1.14155e-06 1.14155e-06 1.14155e-06 1.14155e-06 1.14155e-06 1.14155e-06 1.14155e-06 1.14155e-06 1.14155e-06 1.14155e-06 1.14155e-06 1.14155e-06 1.14155e-06 0
0 0 0 11.045 8.16001 5.77 2.885 9.96402e-07 1.12311e-06 0 0 0 0 0 0 0 0 2.885 2.70982 2.70982 1.6227 2.68401 2.9364 8.16001 6.96501 4.08001 2.885 1.05355e-06 1.12489e-06 1.14155e-06 1.14155e-06 1.14155e-06 1.14155e-06 1.12604e-06 1.11902e-06 1.12604e-06 1.14155e-06 1.14155e-06 1.14155e-06 1.14155e-06 1.14155e-06 1.14155e-06 1.14155e-06 1.14155e-06 1.14155e-06 1.14155e-06 1.14155e-06 1.14155e-06 1.14155e-06 1.14155e-06 1.14155e-06 1.14155e-06 1.14155e-06 1.14155e-06 0
0 0 0 0 6.96501 4.08001 2.88499 1.07845e-06 0 0 0 0 0 0 0 0 0 5.76777 5.67954 5.59482 4.77622 4.21983 7.04047 11.045 8.16001 6.96501 4.08001 2.885 1.09831e-06 1.14155e-06 1.14155e-06 1.13431e-06 1.1133e-06 1.078e-06 2.885 1.10279e-06 1.14155e-06 1.14155e-06 1.14155e-06 2.28311e-06 1.14155e-06 1.14155e-06 1.14155e-06 1.14155e-06 1.14155e-06 1.14155e-06 1.14155e-06 1.14155e-06 1.14155e-06 1.14155e-06 1.14155e-06 1.14155e-06 1.14155e-06 1.14155e-06 0
0 0 0 0 5.77 2.885 9.82153e-07 1.11084e-06 0 0 0 0 0 0 0 0 4.91607 8.65204 8.655 8.39783 7.64842 7.86962 10.2687 11.045 8.16001 6.96501 4.08001 2.885 1.09831e-06 1.14155e-06 1.13441e-06 1.11334e-06 1.27474 1.9256 2.87465 1.08905e-06 1.14155e-06 1.14155e-06 1.14155e-06 1.14155e-06 1.14155e-06 1.14155e-06 1.14155e-06 1.14155e-06 1.14155e-06 1.14155e-06 1.14155e-06 1.14155e-06 1.14155e-06 1.14155e-06 1.14155e-06 1.14155e-06 1.14155e-06 1.14155e-06 0
1.0212e-06 0 0 0 6.96501 4.08001 2.885 1.00849e-06 1.08927e-06 1.12524e-06 0 0 0 0 0 1.80465 4.71049 10.7208 11.3117 10.6907 10.4112 12.4172 12.735 9.85001 6.96501 4.08001 2.885 1.07477e-06 1.11179e-06 1.08294e-06 1.08646e-06 1.27474 1.27474 2.02152 2.885 1.10213e-06 1.14155e-06 1.14155e-06 1.14155e-06 1.14155e-06 1.14155e-06 1.14155e-06 1.14155e-06 1.14155e-06 1.14155e-06 1.14155e-06 1.14155e-06 1.14155e-06 1.14155e-06 1.14155e-06 1.14155e-06 1.14155e-06 1.14155e-06 1.14155e-06 0
1.12573e-06 0 0 0 7.52914 6.96501 4.08001 4.08001 2.88498 1.09494e-06 0 0 0 0 0 0 0 6.70028 11.9215 12.735 13.4056 14.425 11.54 8.655 5.77 2.885 9.27391e-07 1.04621e-06 0.0767826 2.885 1.27474 2.885 1.09605e-06 1.09233e-06 1.10227e-06 1.12582e-06 1.14155e-06 1.14155e-06 1.14155e-06 1.14155e-06 1.14155e-06 1.14155e-06 1.14155e-06 1.14155e-06 1.14155e-06 1.14155e-06 1.14155e-06 1.14155e-06 1.14155e-06 1.14155e-06 1.14155e-06 1.14155e-06 1.14155e-06 1.14155e-06 0
1.1261e-06 0 0 0 0 7.98834 6.96481 5.77 2.885 1.06317e-06 0 0 0 0 0 0 0 0.993779 11.355 11.93 12.735 15.5966 12.735 9.85001 6.96501 4.08001 4.08001 2.22803 3.6275 5.35475 4.08001 2.885 1.1017e-06 1.14155e-06 1.14155e-06 1.14155e-06 1.14155e-06 1.14155e-06 1.14155e-06 1.14155e-06 1.14155e-06 1.14155e-06 1.14155e-06 1.14155e-06 1.14155e-06 1.14155e-06 1.14155e-06 1.14155e-06 1.14155e-06 1.14155e-06 1.14155e-06 1.14155e-06 1.14155e-06 1.14155e-06 0
1.10692e-06 0 0 0 0 0 8.655 5.77 2.885 1.02149e-06 1.12462e-06 0 0 0 0 0 0 0 6.3762 11.6239 11.93 11.9891 13.93 11.045 8.16001 6.96501 6.96497 6.16001 6.96501 4.08001 2.885 1.0675e-06 1.12556e-06 1.14155e-06 1.14155e-06 1.14155e-06 1.14155e-06 1.14155e-06 1.14155e-06 1.14155e-06 1.14155e-06 1.14155e-06 1.14155e-06 1.14155e-06 1.14155e-06 1.14155e-06 1.14155e-06 1.14155e-06 1.14155e-06 1.14155e-06 1.14155e-06 1.14155e-06 1.14155e-06 1.14155e-06 1.14155e-06
