tests/full-run-ref/erosion_79_12_72.935.asc
ncols 512
nrows 512
xllcorner -3.24582
yllcorner -4.08743
cellsize 5
NODATA_value -99999
[rows 34 to 67 of 512, columns 304 to 379 of 512]
17.31 17.31 17.31 17.31 17.31 17.31 17.31 17.31 17.31 17.0659 15.3118 17.3722 19.4702 22.3594 25.2897 28.2081 31.1852 36.0117 29.3582 21.748 14.8505 15.7211 17.31 17.31 17.31 17.31 17.31 17.31 17.31 17.31 17.31 17.31 17.31 17.31 14.0743 17.4712 13.4163 17.31 17.31 17.31 17.31 17.31 17.31 17.31 17.31 17.31 17.31 17.31 17.31 17.31 17.31 6.88322 6.19295 15.5239 7.26997 12.0586 17.31 17.31 15.0319 12.8509 15.2001 18.5829 21.0121 27.6335 34.0183 41.2796 39.784 36.1789 34.6051 31.7436 31.4148 36.0227 39.991 45.0972 45.1048 44.625
17.31 17.31 17.31 17.31 17.31 17.31 17.31 17.31 16.8449 15.1956 14.4652 21.317 26.2123 28.957 31.7105 34.5215 37.3887 33.7204 26.7605 18.9824 13.6716 16.7974 17.31 17.31 17.31 17.31 17.31 17.31 17.31 17.31 17.31 17.31 17.31 17.31 16.1487 15.6723 15.6891 17.31 17.31 17.31 17.31 17.31 17.31 17.31 17.31 17.31 17.31 17.31 17.31 17.31 17.31 14.4679 7.56944 15.3873 9.67451 15.8151 17.31 15.758 10.6718 13.7751 21.8271 25.878 28.4332 30.2106 36.5211 43.092 45.584 41.0205 39.9433 38.8026 41.7007 40.7666 45.5141 51.9562 67.3203 67.1289
17.31 17.31 17.31 17.31 17.31 17.31 17.31 17.31 15.544 17.2492 21.268 24.1743 31.2021 35.8029 38.2953 40.8893 37.1868 30.5539 23.6469 16.5264 14.8643 17.31 17.31 17.31 17.31 17.31 17.31 17.31 17.31 17.31 17.31 17.31 17.31 17.31 17.31 17.31 17.31 17.31 17.31 17.31 17.31 17.31 17.31 17.31 17.31 17.31 17.31 17.31 17.31 17.31 17.31 17.31 15.807 15.1378 15.5324 17.31 16.9068 11.3479 12.2317 17.45 25.041 32.4576 35.2223 37.3629 39.1752 45.2264 51.503 57.4081 56.2166 54.1269 52.521 54.5133 57.1474 59.2184 61.6995 61.2709
17.31 17.31 17.31 17.31 17.31 17.31 17.31 16.5582 14.3775 19.7638 27.1525 31.826 33.4816 33.2263 33.8162 36.3225 35.1693 28.3132 21.1116 15.0384 15.9473 17.31 17.31 17.31 17.31 17.31 17.31 17.31 17.31 17.31 17.31 17.31 17.31 17.31 17.31 17.31 17.31 17.31 17.0406 17.0386 17.177 17.31 17.31 17.31 17.31 16.8348 15.9049 16.7768 17.31 17.31 17.31 17.31 17.31 16.8928 15.8051 13.6107 9.01928 4.30678 10.6754 21.3023 27.5291 34.5942 41.7381 44.7351 46.9705 48.4108 50.408 51.8974 48.3192 44.3988 40.6569 45.5906 49.7469 52.3407 55.2409 54.8175
17.31 17.31 17.31 17.31 17.2707 17.1692 16.5057 15.2092 18.0841 23.7621 29.4003 26.0962 26.375 25.8589 26.1858 28.8158 32.3351 26.6419 18.8477 13.173 16.8364 17.31 17.31 17.31 17.31 17.31 17.31 17.31 17.31 17.31 17.31 17.31 17.31 17.31 17.31 17.31 17.31 17.31 16.9127 17.7279 17.0983 17.31 17.31 17.31 17.31 15.8764 16.6974 13.0726 12.263 11.0701 13.4049 13.3263 13.0953 11.0353 10.3464 9.19684 8.3991 9.78738 12.1801 22.3167 31.855 38.4928 45.1755 43.1428 40.2447 40.6558 42.8286 44.7535 40.9825 36.3588 32.0002 37.7373 42.7212 45.6023 48.7871 48.2687
17.31 17.31 17.31 17.31 17.2437 17.47 17.1889 19.5504 21.9746 25.0171 22.5838 18.4117 18.8597 17.8897 17.9038 20.5931 25.025 26.6344 18.6207 12.822 16.6614 17.31 17.31 17.31 17.31 17.31 17.31 17.31 17.31 17.31 17.31 17.31 17.31 17.31 17.31 17.31 17.31 17.31 17.1704 17.1776 17.1087 17.31 17.31 17.31 17.31 16.3553 12.8191 15.9379 15.7539 16.4201 17.3379 15.6908 11.6777 13.7337 15.4196 15.8448 17.0586 18.5837 21.7629 26.3666 36.4676 41.6575 37.7049 34.7598 32.4665 33.4596 36.086 38.2854 34.023 28.5413 23.4621 29.9422 35.6528 38.7994 42.2561 41.6026
17.31 17.31 17.31 17.31 17.2473 17.1746 16.6625 15.8872 15.4995 19.0355 18.128 13.9596 14.3411 13.0795 12.1244 13.9304 17.1671 22.31 19.3961 16.636 16.5253 17.31 17.31 17.31 17.31 17.31 17.31 17.31 17.31 17.31 17.31 17.31 17.31 17.31 17.31 17.31 17.31 17.31 17.2705 17.4053 17.2632 17.31 17.31 17.31 17.31 15.5959 14.911 20.4799 27.5996 24.6739 24.9667 22.8124 19.414 21.7084 23.7873 24.9515 26.7954 29.0892 32.7889 38.5681 37.5468 31.9813 27.7342 25.7037 24.3429 26.2299 29.493 32.0028 27.2179 20.805 14.9379 22.1136 28.5153 31.8913 35.6204 34.7976
17.31 17.31 17.31 17.31 17.31 17.31 17.31 17.2161 16.486 15.8975 16.4153 16.4197 17.31 17.2687 16.3733 14.1841 14.1772 16.6892 12.9409 15.3063 16.7058 17.31 17.31 17.31 17.31 17.31 17.31 17.31 17.31 17.31 17.31 17.31 17.31 17.31 17.31 17.31 17.31 17.0439 17.0307 16.9193 16.0178 15.9325 16.03 16.2542 16.6807 14.7708 17.0033 23.4545 30.9764 32.3226 32.109 30.3693 27.4109 29.7338 31.6168 33.0051 35.4452 38.9196 39.1811 34.0541 24.6256 20.714 18.1423 15.7915 15.0524 18.3807 22.6719 26.4703 21.0797 13.3248 6.22083 14.4742 22.0237 25.3079 28.8482 27.8169
17.31 17.31 17.31 17.31 17.31 17.31 17.31 17.31 17.31 17.2661 17.2332 17.2457 17.31 17.31 17.31 16.673 17.135 15.8317 16.405 17.31 17.31 17.31 17.31 17.31 17.31 17.31 17.31 17.31 17.31 17.31 17.31 17.31 17.31 17.31 17.31 17.31 16.8723 15.8371 16.8298 15.3794 16.1143 17.3051 16.5981 18.0834 16.1252 13.6282 16.5214 23.584 31.2038 38.3785 38.9942 37.3391 34.7223 36.8526 38.7979 40.4007 43.462 42.5796 33.9624 23.0001 17.9122 8.86701 7.43928 7.69798 7.68166 11.2346 15.6992 20.2498 19.764 7.83196 2.73963 8.63898 20.3904 18.277 21.8199 20.6029
17.31 17.31 17.31 17.31 17.31 17.31 17.31 17.31 17.31 17.31 17.31 17.31 17.31 17.31 17.31 17.1528 17.1276 17.074 17.31 17.31 17.31 17.31 17.31 17.31 17.31 17.31 17.31 17.31 17.31 17.31 17.31 17.31 17.31 17.31 17.31 17.31 15.784 17.8579 19.0707 15.5114 17.6809 16.9718 14.2407 16.8421 16.1444 13.5446 16.4745 23.7174 31.1981 38.4694 45.1909 44.0072 41.8901 44.4365 46.5646 47.4336 44.2606 38.4468 30.0015 20.6103 8.01809 5.50745 2.4275 8.81606 12.7125 10.9614 10.9855 15.3151 17.9123 8.09001 11.6849 10.1873 16.3161 12.0256 15.4197 14.0375
17.31 17.31 17.31 17.31 17.31 17.31 17.31 17.31 17.31 17.31 17.31 17.31 17.31 17.31 17.31 17.31 17.31 17.31 17.31 17.31 17.31 17.31 17.31 17.31 17.31 17.31 17.31 17.31 17.31 17.31 17.31 17.31 17.31 17.31 17.31 17.1577 15.0515 20.7583 17.984 14.8667 18.2507 16.1911 19.978 14.8508 16.7866 14.0963 13.9628 20.9272 28.6964 35.8459 42.3616 46.3948 44.8967 42.5709 41.6739 39.2976 36.0662 32.4397 26.8329 18.2785 9.16962 4.21989 14.0937 17.1369 17.31 17.0215 15.6998 14.0808 13.6441 15.1735 16.9648 15.6795 14.6028 14.0564 13.4272 12.8366
17.31 17.31 17.31 17.31 17.31 17.31 17.31 17.31 17.31 17.31 17.31 17.31 17.31 17.31 17.31 17.31 17.31 17.31 17.31 17.31 17.31 17.31 17.31 17.31 17.31 17.31 17.31 17.31 17.31 17.31 17.31 17.31 17.31 17.31 17.31 17.1099 16.1605 21.3444 20.1093 13.9192 17.0666 16.5733 15.2373 14.0727 16.2501 14.1478 14.5791 21.5723 29.1543 35.5245 36.993 39.248 36.9304 34.1086 34.0657 34.6593 28.7189 24.727 21.0426 15.9212 10.9472 13.9969 17.31 17.31 17.31 17.31 17.31 17.31 17.31 17.31 17.31 17.31 17.31 17.31 17.31 17.31
17.3099 17.31 17.31 17.31 17.31 17.31 17.31 17.31 17.31 17.31 17.31 17.31 17.31 17.31 17.31 17.31 17.31 17.31 17.31 17.31 17.31 17.31 17.31 17.31 17.31 17.31 17.31 17.31 17.31 17.31 17.31 17.31 17.31 17.31 17.31 17.1753 16.0119 15.1446 18.7117 18.6239 16.8705 16.7095 17.0781 14.0641 16.0001 17.6968 19.6293 26.6586 29.0054 29.7664 29.9834 32.4371 29.7225 26.4129 26.2695 31.1162 23.9374 16.8036 12.8752 11.7834 14.4457 16.192 17.31 17.31 17.31 17.31 17.31 17.31 17.31 17.31 17.31 17.31 17.31 17.31 17.31 17.31
17.31 17.31 17.31 17.31 17.31 17.31 17.31 17.31 17.31 17.31 17.31 17.31 17.31 17.31 17.31 17.31 17.31 17.31 17.31 17.31 17.31 17.31 17.31 17.31 17.31 17.31 17.31 17.31 17.31 17.31 17.31 17.31 17.31 17.31 17.31 17.31 17.31 16.6854 15.9389 15.2752 15.2688 16.7306 17.4881 20.8205 16.8058 18.3118 25.2527 25.3007 21.5807 22.4161 22.8784 25.5759 22.4073 18.582 18.1837 24.0067 21.8931 12.8461 8.37008 11.5092 16.0153 17.0241 17.2655 17.31 17.31 17.31 17.31 17.31 17.31 17.31 17.31 17.31 17.31 17.31 17.31 17.31
17.31 17.31 17.31 17.3099 17.3099 17.3099 17.3099 17.3099 17.31 17.31 17.31 17.31 17.31 17.31 17.3099 17.3099 17.3099 17.3099 17.3099 17.3099 17.3099 17.3099 17.3099 17.31 17.31 17.31 17.31 17.31 17.31 17.31 17.31 17.31 17.31 17.31 17.31 17.31 17.31 17.31 17.31 17.31 17.31 16.7372 16.2561 15.7837 15.0309 16.6426 19.3602 18.0168 14.8581 16.1742 16.2569 18.782 15.5212 12.2446 11.9193 17.2862 19.0698 12.9268 14.4628 17.2522 17.0683 17.313 17.1332 17.31 17.31 17.31 17.31 17.31 17.31 17.31 17.31 17.31 17.31 17.31 17.31 17.31
17.31 17.31 17.31 17.3099 17.3099 17.3099 17.3099 17.3099 17.3099 17.3099 17.3099 17.3099 17.3099 17.3099 17.3099 17.3099 17.3099 17.31 17.31 17.31 17.31 17.31 17.31 17.31 17.31 17.31 17.31 17.31 17.31 17.31 17.31 17.31 17.31 17.31 17.31 17.31 17.31 17.31 17.31 17.31 17.31 17.1067 17.0119 17.0204 16.7616 15.6634 16.0009 15.7071 15.6514 15.2747 14.0333 14.5162 12.7017 13.2011 12.5234 14.1043 16.2715 14.4797 16.7411 17.31 16.9274 17.964 17.005 17.31 17.31 17.31 17.31 17.31 17.31 17.31 17.31 17.31 17.31 17.31 17.31 17.31
17.3099 17.31 17.31 17.3099 17.3099 17.3099 17.3099 17.3099 17.3099 17.3099 17.3099 17.3099 17.3099 17.3099 17.3099 17.3099 17.3099 17.3099 17.3099 17.3099 17.3099 17.3099 17.31 17.31 17.31 17.31 17.31 17.31 17.31 17.31 17.31 17.31 17.31 17.31 17.31 17.31 17.31 17.31 17.31 17.31 17.31 16.9468 17.9671 16.9664 17.31 17.31 17.31 17.31 17.31 17.31 17.1384 17.0736 17.1271 17.31 16.9422 16.3731 16.4328 16.7032 17.31 17.31 17.082 17.0456 17.1579 17.31 17.31 17.31 17.31 17.31 17.31 17.31 17.31 17.31 17.31 17.31 17.31 17.31
17.3099 17.31 17.31 17.3099 17.3099 17.3099 17.3099 17.3099 17.3099 17.3099 17.3099 17.3099 17.3099 17.3099 17.3099 17.3099 17.3099 17.3099 17.3099 17.3099 17.3099 17.3099 17.3099 17.3099 17.3099 17.3099 17.31 17.31 17.31 17.31 17.31 17.31 17.31 17.31 17.31 17.31 17.31 17.31 17.31 17.31 17.31 17.0991 17.0298 17.146 17.31 17.31 17.31 17.31 17.31 17.31 17.31 17.31 17.31 17.31 17.31 17.31 17.31 17.31 17.31 17.31 17.31 17.31 17.31 17.31 17.31 17.31 17.31 17.31 17.31 17.31 17.31 17.31 17.31 17.31 17.31 17.31
17.3099 17.31 17.31 17.3099 17.3099 17.3099 17.3099 17.3099 17.3099 17.3099 17.3099 17.3099 17.3099 17.3099 17.3099 17.3099 17.3099 17.3099 17.3099 17.3099 17.3099 17.3099 17.3099 17.3099 17.3099 17.3099 17.3099 17.31 17.31 17.31 17.31 17.31 17.31 17.31 17.31 17.31 17.31 17.31 17.31 17.31 17.31 17.31 17.31 17.31 17.31 17.31 17.31 17.31 17.31 17.31 17.31 17.31 17.31 17.31 17.31 17.31 17.31 17.31 17.31 17.31 17.31 17.31 17.31 17.31 17.31 17.31 17.31 17.31 17.31 17.31 17.31 17.31 17.31 17.31 17.31 17.31
17.31 17.31 17.31 17.3099 17.3099 17.3099 17.3099 17.3099 17.3099 17.3099 17.3099 17.3099 17.3099 17.3099 17.3099 17.3099 17.3099 17.3099 17.3099 17.3099 17.3099 17.3099 17.3099 17.3099 17.3099 17.3099 17.3099 17.3099 17.3099 17.31 17.31 17.31 17.31 17.31 17.31 17.31 17.31 17.31 17.31 17.31 17.31 17.31 17.31 17.31 17.31 17.31 17.31 17.31 17.31 17.31 17.31 17.31 17.31 17.31 17.31 17.31 17.31 17.31 17.31 17.31 17.31 17.31 17.31 17.31 17.31 17.31 17.31 17.31 17.31 17.31 17.31 17.31 17.31 17.31 17.31 17.31
17.31 17.31 17.3099 17.3099 17.3099 17.3099 17.3099 17.3099 17.3099 17.3099 17.3099 17.3099 17.3099 17.3099 17.3099 17.3099 17.3099 17.3099 17.3099 17.3099 17.3099 17.3099 17.3098 17.3098 17.3098 17.3099 17.3099 17.3099 17.3099 17.3099 17.3099 17.3099 17.31 17.31 17.31 17.31 17.31 17.31 17.31 17.31 17.31 17.31 17.31 17.31 17.31 17.31 17.31 17.31 17.31 17.31 17.31 17.31 17.31 17.31 17.31 17.31 17.31 17.31 17.31 17.31 17.31 17.31 17.31 17.31 17.31 17.31 17.31 17.31 17.31 17.31 17.31 17.31 17.31 17.31 17.31 17.31
17.31 17.31 17.3099 17.3099 17.3099 17.3099 17.3099 17.3099 17.3099 17.3099 17.3099 17.3099 17.3099 17.3099 17.3099 17.3099 17.3099 17.3099 17.3099 17.3099 17.3099 17.3099 17.3099 17.3099 17.3099 17.3099 17.3099 17.3099 17.3099 17.3099 17.3099 17.3099 17.3099 17.31 17.31 17.31 17.31 17.31 17.31 17.31 17.31 17.31 17.31 17.31 17.31 17.31 17.31 17.31 17.31 17.31 17.31 17.31 17.31 17.31 17.31 17.31 17.31 17.31 17.31 17.31 17.31 17.31 17.31 17.31 17.31 17.31 17.31 17.31 17.3099 17.3099 17.3099 17.3099 17.3099 17.3099 17.3099 17.31
17.3099 17.3098 17.3099 17.31 17.31 17.31 17.31 17.31 17.31 17.31 17.31 17.31 17.31 17.31 17.31 17.31 17.3099 17.3099 17.3099 17.3099 17.3099 17.3099 17.3099 17.3099 17.3099 17.3099 17.3099 17.3099 17.3099 17.3099 17.3099 17.3099 17.3099 17.3099 17.31 17.31 17.31 17.31 17.31 17.31 17.31 17.31 17.31 17.31 17.31 17.31 17.31 17.31 17.31 17.31 17.31 17.31 17.31 17.31 17.31 17.31 17.31 17.31 17.31 17.31 17.31 17.31 17.31 17.31 17.31 17.31 17.31 17.31 17.3099 17.3099 17.3098 17.3098 17.3097 17.3097 17.3097 17.3097
17.3096 17.3098 17.3099 17.31 17.31 17.31 17.31 17.31 17.31 17.31 17.31 17.31 17.31 17.31 17.31 17.31 17.31 17.31 17.31 17.31 17.31 17.31 17.3099 17.3099 17.3099 17.3099 17.3099 17.3099 17.3099 17.3099 17.3099 17.3099 17.3099 17.3099 17.3099 17.31 17.3099 17.3099 17.3099 17.31 17.31 17.31 17.31 17.31 17.31 17.31 17.31 17.31 17.31 17.31 17.31 17.31 17.31 17.31 17.31 17.31 17.31 17.31 17.31 17.31 17.31 17.31 17.31 17.31 17.31 17.31 17.3099 17.31 17.31 17.3099 17.3096 17.3096 17.3096 17.3096 17.3096 17.3096
17.3097 17.3096 17.3098 17.31 17.31 17.31 17.31 17.31 17.31 17.31 17.31 17.31 17.31 17.31 17.31 17.31 17.31 17.31 17.31 17.31 17.31 17.31 17.31 17.31 17.31 17.31 17.31 17.31 17.31 17.31 17.3099 17.3099 17.3099 17.3099 17.3099 17.3099 17.3099 17.3099 17.3099 17.31 17.31 17.31 17.31 17.31 17.3099 17.31 17.31 17.31 17.31 17.31 17.31 17.31 17.31 17.31 17.31 17.31 17.31 17.31 17.31 17.31 17.31 17.31 17.31 17.31 17.31 17.31 17.3099 17.3099 17.31 17.31 17.3097 17.3096 17.3097 17.3097 17.3097 17.3097
17.3099 17.3098 17.3096 17.3099 17.31 17.31 17.31 17.31 17.31 17.31 17.31 17.31 17.31 17.31 17.31 17.31 17.31 17.31 17.31 17.31 17.31 17.31 17.31 17.31 17.31 17.31 17.31 17.31 17.31 17.31 17.31 17.31 17.31 17.31 17.31 17.3099 17.3099 17.3099 17.3099 17.31 17.31 17.3099 17.31 17.31 17.3099 17.3099 17.3099 17.3099 17.31 17.31 17.31 17.31 17.31 17.31 17.31 17.31 17.31 17.31 17.31 17.31 17.31 17.31 17.31 17.3099 17.3099 17.3099 17.3099 17.3099 17.31 17.31 17.3098 17.3098 17.3098 17.3098 17.3098 17.3098
17.31 17.31 17.31 17.3098 17.3098 17.31 17.31 17.31 17.31 17.31 17.31 17.31 17.31 17.31 17.31 17.31 17.31 17.31 17.31 17.31 17.31 17.31 17.31 17.3099 17.3099 17.3099 17.3099 17.31 17.31 17.31 17.31 17.31 17.31 17.31 17.3099 17.3098 17.3098 17.3099 17.31 17.31 17.31 17.3099 17.3099 17.3099 17.3099 17.3099 17.3099 17.3099 17.3099 17.31 17.31 17.31 17.31 17.31 17.31 17.31 17.31 17.31 17.31 17.31 17.31 17.31 17.31 17.3099 17.3099 17.3099 17.3099 17.3099 17.31 17.3099 17.3099 17.3099 17.3099 17.3099 17.31 17.31
17.31 17.31 17.31 17.31 17.3098 17.3097 17.3097 17.3096 17.3096 17.3096 17.3097 17.3098 17.3099 17.3099 17.3099 17.3099 17.3099 17.3099 17.3099 17.3099 17.3099 17.3098 17.3098 17.3098 17.3098 17.3099 17.3098 17.3097 17.3095 17.3094 17.3095 17.3097 17.3099 17.3099 17.3099 17.3099 17.3098 17.3098 17.31 17.3099 17.31 17.3099 17.3097 17.3098 17.3099 17.3099 17.3099 17.3099 17.3098 17.3099 17.31 17.31 17.31 17.31 17.31 17.31 17.31 17.31 17.31 17.31 17.31 17.31 17.31 17.31 17.3099 17.3099 17.3099 17.3099 17.31 17.3099 17.3099 17.3099 17.3099 17.3099 17.3099 17.3099
17.31 17.31 17.31 17.31 17.3099 17.3098 17.3097 17.3096 17.3096 17.3096 17.3097 17.3099 17.3099 17.3099 17.3099 17.3099 17.3099 17.3099 17.3099 17.3099 17.3099 17.3099 17.3098 17.3098 17.3098 17.3099 17.3098 17.3098 17.3095 17.3094 17.3094 17.3099 17.3099 17.31 17.31 17.3099 17.3099 17.3098 17.3098 17.3098 17.31 17.3098 17.3098 17.3097 17.3097 17.3098 17.31 17.3099 17.3097 17.3098 17.31 17.31 17.31 17.31 17.31 17.31 17.31 17.31 17.31 17.31 17.31 17.3099 17.31 17.3099 17.3099 17.3099 17.3099 17.31 17.3099 17.3099 17.3099 17.3099 17.3099 17.3099 17.3099 17.3099
17.31 17.31 17.31 17.3099 17.3099 17.3099 17.3099 17.3098 17.3097 17.3097 17.3098 17.3099 17.3099 17.3099 17.3099 17.3099 17.3099 17.3099 17.3099 17.3099 17.3099 17.3099 17.3098 17.3097 17.3099 17.3098 17.3099 17.3099 17.3095 17.3094 17.3095 17.3096 17.3098 17.3098 17.3099 17.3099 17.3098 17.3098 17.3097 17.3098 17.3099 17.3097 17.3097 17.3097 17.3097 17.3097 17.31 17.3096 17.3097 17.3096 17.3099 17.31 17.31 17.3099 17.3099 17.3099 17.3099 17.3099 17.31 17.31 17.31 17.3099 17.3099 17.31 17.31 17.3099 17.3099 17.3099 17.3099 17.3099 17.3099 17.3099 17.3099 17.3099 17.3099 17.3099
17.31 17.31 17.31 17.31 17.31 17.31 17.3099 17.3099 17.3099 17.3098 17.3099 17.3099 17.3099 17.31 17.31 17.31 17.31 17.3099 17.3099 17.3099 17.3099 17.3098 17.3099 17.3098 17.3098 17.3099 17.3097 17.3097 17.3095 17.3095 17.3096 17.3095 17.3097 17.3097 17.3098 17.3098 17.3097 17.3097 17.3097 17.3097 17.3098 17.3097 17.3097 17.3097 17.3097 17.3095 17.3096 17.3096 17.3096 17.3097 17.3098 17.31 17.3099 17.3099 17.3099 17.3099 17.3099 17.3099 17.31 17.3099 17.3099 17.3099 17.3099 17.3099 17.3099 17.3099 17.3099 17.3099 17.3098 17.3099 17.3099 17.3099 17.3099 17.3099 17.3099 17.31
17.31 17.31 17.31 17.31 17.31 17.31 17.31 17.31 17.31 17.31 17.31 17.31 17.31 17.31 17.31 17.31 17.31 17.3099 17.3099 17.3099 17.3099 17.3099 17.3097 17.3098 17.3099 17.3098 17.3097 17.3096 17.3097 17.3096 17.3097 17.3097 17.3097 17.3097 17.3098 17.3098 17.3097 17.3096 17.3096 17.3095 17.3098 17.3097 17.3096 17.3096 17.3094 17.3095 17.3097 17.3096 17.3096 17.3094 17.3097 17.3099 17.3099 17.3099 17.3099 17.3099 17.3099 17.31 17.3099 17.3099 17.3099 17.3099 17.3099 17.3099 17.3099 17.3099 17.3099 17.3099 17.3099 17.3099 17.3099 17.3099 17.3099 17.3099 17.31 17.31
17.31 17.31 17.31 17.31 17.31 17.31 17.31 17.31 17.3099 17.3099 17.3099 17.3099 17.3099 17.3099 17.3099 17.3099 17.3099 17.3098 17.3098 17.3099 17.3099 17.3097 17.3096 17.3099 17.3099 17.3098 17.3098 17.3097 17.3098 17.3097 17.3098 17.3098 17.3098 17.3098 17.3099 17.3099 17.3098 17.3097 17.3096 17.3096 17.3098 17.3098 17.3097 17.3093 17.3094 17.3096 17.3098 17.3096 17.3094 17.3095 17.3096 17.3099 17.3099 17.3099 17.3099 17.3099 17.3099 17.3099 17.3099 17.3099 17.3099 17.3099 17.3099 17.3099 17.3099 17.3099 17.3099 17.3098 17.3098 17.3098 17.3099 17.3099 17.3099 17.3099 17.3099 17.31
17.31 17.31 17.31 17.31 17.31 17.31 17.31 17.31 17.31 17.3099 17.3099 17.3099 17.3099 17.3099 17.3099 17.3099 17.3099 17.3098 17.3098 17.3099 17.3098 17.3098 17.3099 17.31 17.3099 17.3099 17.3098 17.3098 17.3098 17.3098 17.3098 17.3098 17.3098 17.3099 17.3099 17.3099 17.3098 17.3098 17.3097 17.3095 17.3097 17.3098 17.3098 17.3095 17.3097 17.3097 17.3098 17.3096 17.3094 17.3094 17.3095 17.3099 17.3099 17.3099 17.3099 17.3099 17.3099 17.3099 17.3099 17.3099 17.3099 17.3099 17.3099 17.3099 17.3099 17.3098 17.3097 17.3098 17.3098 17.3098 17.3098 17.3099 17.3099 17.3099 17.3099 17.3099
