tests/full-run-ref/erosion_86_12_73.390.asc
ncols 512
nrows 512
xllcorner -3.24582
yllcorner -4.08743
cellsize 5
NODATA_value -99999
[rows 0 to 32 of 512, columns 370 to 443 of 512]
10.77 10.77 10.77 10.77 10.77 10.77 10.77 10.77 13.16 16.2535 16.5398 16.32 13.93 8.16001 5.77 8.16001 10.77 10.77 10.77 10.77 10.77 10.77 10.77 10.77 10.77 10.77 13.16 16.2586 16.54 16.32 13.93 11.54 10.77 10.77 10.77 10.77 10.77 13.16 16.2532 16.5387 16.3182 13.16 10.77 10.77 10.77 10.77 10.77 10.77 10.77 10.77 8.16001 5.77 5.77 8.16001 10.77 10.77 13.16 13.16 10.77 10.77 10.77 10.77 10.77 10.77 8.16001 5.77 5.77 8.16001 10.77 10.77 10.77 10.77 10.77 13.16
5 5.77009 5.77009 5 5.77009 5 5.77009 5 8.09264 10.7698 10.7698 10.7698 8.16001 5.77009 5.77018 5.77018 5.77017 5 5.77017 5 5.77017 5 5.77017 5 5.77017 5 8.09778 10.77 10.77 10.77 8.16001 5.77009 5.77008 5.77008 5.77008 5 5.77008 8.09239 10.769 10.7687 10.7684 8.15821 4.99999 5.76999 4.99999 5.76999 4.99999 5.76999 4.99998 5.76999 5.76999 5.77 5.77 5.76999 4.99999 5.76999 8.15753 8.15785 4.99999 5.76999 4.99999 5.76999 4.99999 5.77 5.77 5.77 5.77 5.77 4.99999 5.76999 4.99999 5.76999 4.99999 8.07963
5.77018 5.77018 5.77018 5.77018 5.77018 5.77018 5.77018 5.77018 5.77009 5.77009 5.77009 5.77009 5.77009 5.77018 5.77018 5.77018 5.77018 5.77018 5.77018 5.77018 5.77017 5.77018 5.77018 5.77017 5.77018 5.77018 5.77017 5 5.77017 5 5.77017 5.77018 5.77018 5.77018 5.77017 5.77018 5.77018 5.77008 5 5.77 5 5.77 5.77009 5.77018 5.77018 5.77018 5.77017 5.77018 5.77018 5.77017 5.77018 5 5.77018 5.77018 5.77017 5.77018 5.77018 5.77017 5.77018 5.77018 5.77018 5.77018 5.77018 5.77018 5.77018 5.77018 5.77018 5.77018 5.77017 5.77018 5.77018 5.77018 5.77009 5.77
5 5.77018 5 5.77018 5.77018 5.77018 5 5.77018 5.77017 5.77017 5 5.77017 5 5.77018 5 5.77018 5.77018 5 5.77018 5.77018 5.77018 5.77018 5 5.77018 5.77018 5.77017 5.77017 5.77017 5.77017 5.77017 5.77018 5.77018 5 5.77018 5.77018 5.77018 5.77018 5.77014 5.77016 5.77014 5.77016 5.77014 5.77018 5 5.77018 5.77018 5.77018 5.77018 5.77018 5.77018 5.77018 5.77018 5.77018 5.77018 5.77018 5.77018 5.77018 5.77018 5.77018 5 5.77018 5 5.77018 5 5.77018 5 5.77018 5.77018 5.77018 5.77018 5 5.77018 5.77018 4.99907
5.77018 5.77018 5.77018 5.77018 5 5.77018 5.77018 5.77018 5.77017 5.77017 5.77017 5.77017 5.77018 5.77017 5.77018 5.77018 5 5.77018 5.77018 5 5.77018 5.77018 5.77018 5.77018 5.77018 5.77018 5.77018 5.77018 5.77018 5.77018 5.77018 5.77018 5.77018 5.77018 5 5.77018 5.77018 5.77018 5.77016 5.77016 5.77016 5.77016 5.77016 5.77018 5.77018 5.77018 5.77018 5 5.77018 5.77018 5 5.77018 5.77018 5.77018 5.77018 5 5.77018 5.77018 5.77018 5.77018 5.77018 5.77018 5.77018 5.77018 5.77018 5.77018 5.77018 5.77018 5.77018 5.77018 5.77018 5.77018 5.77018 5.77018
5 5.77018 5 5.77018 5.77018 5.77018 5.77018 5.77018 5.77017 5.77017 5.77017 5.77018 5.77017 5.77018 5.77018 5 5.77018 5.77018 5 5.77018 5.77018 5.77018 5.77018 5 5.77018 5.77018 5 5.77018 5.77018 5 5.77018 5 5.77018 5 5.77018 5.77018 5 5.77018 5 5.77016 5 5.77016 5 5.77017 5.77018 5 5.77018 5.77018 5.77018 5.77016 5.77018 5.77016 5 5.77016 5.77018 5.77018 5.77018 5 5.77018 5 5.77018 5 5.77018 5 5.77018 5 5.77018 5 5.77018 5 5.77018 5 5.77018 5.77017
5.77018 5.77018 5.77018 5.77018 5 5.77018 5.77018 5.77017 5.77017 5 5.77017 5.77018 5.77018 5.77018 5 5.77018 5.77018 5 5.77018 5.77018 5 5.77018 5.77018 5.77018 5.77018 5 5.77018 5.77018 5.77018 5.77018 5.77018 5.77018 5.77018 5.77018 5.77018 5 5.77018 5.77018 5.77016 5.77016 5.77016 5.77016 5.77016 5.77018 5.77018 5.77018 5.77018 5 5.77017 5 5.77016 5.77016 5.77016 5.77016 5.77018 5.77018 5.77018 5.77018 5.77018 5.77018 5.77018 5.77018 5.77018 5.77018 5.77018 5.77018 5.77018 5.77018 5.77018 5.77018 5.77018 5.77018 5.77018 5.77018
5 5.77018 5 5.77018 5.77018 5.77018 5.77018 5.77017 5 5.77017 5.77017 5.77018 5.77018 5 5.77018 5.77018 5.77018 5.77018 5.77018 5.77018 5.77018 5.77018 5 5.77018 5.77018 5.77018 5.77018 5 5.77018 5 5.77018 5 5.77018 5 5.77018 5.77018 5.77018 5.77018 5 5.77016 5 5.77016 5 5.77018 5 5.77018 5.77016 5.77016 5.77016 5.77016 5.77016 5 5.77016 5 5.77016 5 5.77018 5 5.77018 5 5.77018 5 5.77018 5 5.77018 5 5.77018 5 5.77018 5 5.77018 5 5.77018 5
5.77018 5.77018 5.77018 5.77018 5 5.77018 5.77018 5.77017 5.77017 5.77017 5.77018 5.77018 5 5.77018 5.77018 5 5.77018 5 5.77016 5 5.77016 5.77016 5.77016 5.77016 5 5.77016 5.77016 5.77016 5.77016 5.77016 5.77016 5.77018 5.77018 5.77018 5.77018 5 5.77018 5.77018 5.77018 5.77018 5.77018 5.77018 5.77018 5.77016 5.77016 5.77016 5 5.77016 5 5.77016 5.77016 5.77016 5.77016 5.77016 5.77016 5.77016 5.77016 5.77016 5.77016 5.77018 5.77018 5.77018 5.77018 5.77018 5.77018 5.77018 5.77018 5.77018 5.77018 5.77018 5.77018 5.77018 5.77018 5.77018
5.77018 5 5.77018 5.77018 5.77018 5.77018 5.77018 5.77018 5.77018 5.77018 5.77018 5.77018 5.77018 5.77018 5.77018 5.77018 5.77016 5.77016 5.77016 5.77016 5.77016 5 5.77016 5.77016 5.77016 5.77016 5 5.77016 5 5.77016 5 5.77016 5.77018 5.77018 5 5.77018 5.77018 5 5.77018 5 5.77018 5 5.77016 5 5.77016 5.77016 5.77016 5.77016 5.77016 5.77016 5 5.77016 5 5.77016 5 5.77016 5 5.77016 5 5.77016 5.77018 5 5.77018 5 5.77018 5 5.77018 5 5.77018 5 5.77018 5 5.77018 5
5.77016 5.77018 5.77018 5 5.77018 5 5.77018 5.77018 5 5.77018 5 5.77018 5 5.77018 5 5.77016 5 5.77016 5 5.77016 5.77016 5.77016 5.77016 5 5.77016 5.77016 5.77016 5.77016 5.77016 5.77016 5.77016 5.77018 5.77018 5 5.77018 5.77018 5 5.77018 5.77018 5.77018 5.77016 5.77016 5.77016 5.77016 5.77016 5 5.77016 5 5.77016 5.77016 5.77016 5.77016 5.77016 5.77016 5.77016 5.77016 5.77016 5.77016 5.77016 5.77018 5.77018 5.77018 5.77018 5.77018 5.77018 5.77018 5.77018 5.77018 5.77018 5.77018 5.77018 5.77018 5.77018 5.77018
5 5.77016 5.77016 5.77018 5.77018 5.77018 5.77018 5 5.77018 5.77018 5.77018 5.77018 5.77018 5.77016 5.77016 5.77016 5.77016 5.77016 5.77016 5.77016 5 5.77016 5.77016 5.77016 5.77016 5 5.77016 5 5.77016 5 5.77018 5 5.77018 5.77018 5.77018 5 5.77018 5.77018 5 5.77016 5 5.77016 5 5.77016 5.77016 5.77016 5.77016 5.77016 5.77016 5 5.77016 5 5.77016 5 5.77016 5 5.77016 5 5.77016 5.77018 5.77018 5 5.77018 5 5.77018 5 5.77018 5 5.77018 5 5.77018 5 5.77018 5
5.77016 5.77016 5 5.77018 5 5.77018 5 5.77018 5.77018 5 5.77018 5 5.77016 5 5.77016 5 5.77016 5 5.77016 5.77016 5.77016 5.77016 5 5.77016 5.77016 5.77016 5.77016 5.77016 5.77016 5.77016 5.77016 5.77016 5.77018 5 5.77018 5.77018 5.77018 5.77016 5.77018 5.77016 5.77016 5.77016 5.77016 5.77016 5 5.77016 5 5.77016 5.77016 5.77016 5.77016 5.77016 5.77016 5.77016 5.77016 5.77016 5.77016 5.77018 5.77018 5.77018 5.77018 5.77018 5.77018 5.77018 5.77018 5.77018 5.77018 5.77018 5.77018 5.77018 5.77018 5.77018 5.77018 5.77018
5.77016 5.77016 5.77016 5.77016 5.77018 5.77018 5.77018 5.77018 5 5.77018 5.77018 5.77018 5.77016 5.77016 5.77016 5.77016 5.77016 5.77016 5.77016 5 5.77016 5.77016 5.77016 5.77016 5 5.77016 5 5.77016 5 5.77016 5 5.77016 5.77016 5.77016 5.77018 5 5.77018 5.77018 5 5.77016 5 5.77016 5 5.77016 5.77016 5.77016 5.77016 5.77016 5 5.77016 5 5.77016 5 5.77016 5 5.77016 5.77018 5 5.77018 5 5.77018 5 5.77018 5 5.77018 5 5.77018 5 5.77018 5 5.77018 5 5.77018 5
5.77016 5 5.77016 5 5.77016 5 5.77018 5.77018 5.77018 5.77018 5 5.77016 5 5.77016 5 5.77016 5 5.77016 5.77016 5.77016 5.77016 5 5.77016 5.77016 5.77016 5.77016 5.77016 5.77016 5.77016 5.77016 5.77016 5.77016 5 5.77016 5.77016 5.77016 5.77018 5.77016 5.77016 5.77016 5.77016 5.77016 5.77016 5.77016 5 5.77016 5 5.77016 5.77016 5.77016 5.77016 5.77016 5.77016 5.77016 5.77016 5.77018 5.77018 5.77018 5.77018 5.77018 5.77018 5.77018 5.77018 5.77018 5.77018 5.77018 5.77018 5.77018 5.77018 5.77018 5.77018 5.77018 5.77018 5.77018
5.77016 5.77016 5.77016 5.77016 5.77016 5.77016 5.77018 5.77018 5 5.77018 5.77018 5.77016 5.77016 5.77016 5.77016 5.77016 5.77016 5.77016 5 5.77016 5.77016 5.77016 5.77016 5 5.77016 5 5.77016 5 5.77016 5 5.77016 5.77016 5.77016 5.77016 5 5.77016 5 5.77016 5 5.77016 5 5.77016 5 5.77016 5.77016 5.77016 5.77016 5.77016 5 5.77016 5 5.77016 5 5.77016 5 5.77018 5 5.77018 5 5.77018 5 5.77018 5 5.77018 5 5.77018 5 5.77018 5 5.77018 5 5.77018 5 5.77018
5.77016 5 5.77016 5 5.77016 5 5.77016 5.77017 5.77018 5.77018 5 5.77016 5 5.77016 5 5.77016 5 5.77016 5.77016 5.77016 5 5.77016 5.77016 5.77016 5.77016 5.77016 5.77016 5.77016 5.77016 5.77016 5.77016 5 5.77016 5.77016 5.77016 5.77016 5.77016 5.77016 5.77016 5.77016 5.77016 5.77016 5.77016 5.77016 5 5.77016 5 5.77016 5.77016 5.77016 5.77016 5.77016 5.77016 5.77018 5.77018 5.77018 5.77018 5.77018 5.77018 5.77018 5.77018 5.77018 5.77018 5.77018 5.77018 5.77018 5.77018 5.77018 5.77018 5.77018 5.77018 5.77018 5.77018 5.77018
5.77016 5.77016 5.77016 5.77016 5.77016 5.77016 5.77016 5 5.77018 5.77016 5.77016 5.77016 5.77016 5.77016 5.77016 5.77016 5.77016 5.77016 5 5.77016 5.77016 5.77016 5 5.77016 5 5.77016 5 5.77016 5 5.77016 5.77016 5.77016 5.77016 5 5.77016 5 5.77016 5 5.77016 5 5.77016 5 5.77016 5.77016 5.77016 5.77016 5.77016 5.77016 5 5.77016 5 5.77016 5.77018 5.77018 5.77018 5 5.77018 5 5.77018 5 5.77018 5 5.77018 5 5.77018 5 5.77018 5 5.77018 5 5.77018 5 5.77018 5
5.77016 5 5.77016 5 5.77016 5 5.77016 5.77016 5.77016 5.77018 5 5.77016 5 5.77016 5 5.77016 5 5.77016 5.77016 5.77016 5 5.77016 5.77016 5.77016 5.77016 5.77016 5.77016 5.77016 5.77016 5.77016 5 5.77016 5.77016 5.77016 5.77016 5.77016 5.77016 5.77016 5.77016 5.77016 5.77016 5.77016 5.77016 5 5.77016 5 5.77016 5.77016 5.77016 5.77016 5.77016 5.77018 5.77018 5.77018 5.77018 5.77018 5.77018 5.77018 5.77018 5.77018 5.77018 5.77018 5.77018 5.77018 5.77018 5.77018 5.77018 5.77018 5.77018 5.77018 5.77018 5.77018 5.77018 5.77018
5.77016 5.77016 5.77016 5.77016 5.77016 5.77016 5.77016 5 5.77016 5.77016 5.77016 5.77016 5.77016 5.77016 5.77016 5.77016 5.77016 5.77016 5 5.77016 5.77016 5.77016 5 5.77016 5 5.77016 5 5.77016 5 5.77016 5.77016 5.77016 5 5.77016 5 5.77016 5 5.77016 5 5.77016 5 5.77016 5.77016 5.77016 5.77016 5.77016 5.77016 5 5.77016 5 5.77018 5 5.77018 5.77018 5 5.77018 5 5.77018 5 5.77018 5 5.77018 5 5.77018 5 5.77018 5 5.77018 5 5.77018 5 5.77018 5 5.77018
5 5.77016 5 5.77016 5 5.77016 5.77016 5.77016 5.77016 5 5.77016 5 5.77016 5 5.77016 5 5.77016 5.77016 5.77016 5.77016 5 5.77016 5.77016 5.77016 5.77016 5.77016 5.77016 5.77016 5.77016 5.77016 5 5.77016 5.77016 5.77016 5.77016 5.77016 5.77016 5.77016 5.77016 5.77016 5.77016 5.77016 5 5.77016 5 5.77016 5.77016 5.77016 5.77016 5.77018 5.77018 5.77018 5.77018 5.77018 5.77018 5.77018 5.77018 5.77018 5.77018 5.77018 5.77018 5.77018 5.77018 5.77018 5.77018 5.77018 5.77018 5.77018 5.77018 5.77018 5.77018 5.77018 5.77018 5.77018
5.77016 5.77016 5.76957 5.76784 5.76596 5.76698 4.99899 5.77016 5.77016 5.77016 5.77016 5.77016 5.77016 5.77016 5.77016 5.77016 5.77016 5 5.77016 5.77016 5.77016 5.77016 5 5.77016 5 5.77016 5 5.77016 5 5.77016 5.77016 5.77016 5 5.77016 5 5.77016 5 5.77016 5 5.77016 5 5.77016 5.77016 5.77016 5.77016 5.77016 5 5.77016 5 5.77018 5 5.77018 5 5.77018 5 5.77018 5 5.77018 5 5.77018 5 5.77018 5 5.77018 5 5.77018 5 5.77018 5 5.77018 5 5.77018 5 5.77018
5.77016 5 5.76918 6.12676 6.15927 6.10617 5.7686 5.77016 5 5.77016 5 5.77016 5 5.77016 5 5.77016 5.77016 5.77016 5.77016 5 5.77016 5.77016 5.77016 5.77016 5.77016 5.77016 5.77016 5.77016 5.77016 5.77016 5 5.77016 5.77016 5.77016 5.77016 5.77016 5.77016 5.77016 5.77016 5.77016 5.77016 5.77016 5 5.77016 5 5.77016 5.77016 5.77018 5.77018 5.77018 5.77018 5.77018 5.77018 5.77018 5.77018 5.77018 5.77018 5.77018 5.77018 5.77018 5.77018 5.77018 5.77018 5.77018 5.77018 5.77018 5.77018 5.77018 5.77018 5.77018 5.77018 5.77018 5.77018 5.77018
5.77016 5.77016 5.76958 4.99774 5.76613 4.99698 5.76915 5.77016 5.77016 5.77016 5.77016 5.77016 5.77016 5.77016 5.77016 5.77016 5 5.77016 5.77016 5.77016 5.77016 5 5.77016 5 5.77016 5 5.77016 5 5.77016 5.77016 5.77016 5.77016 5 5.77016 5 5.77016 5 5.77016 5 5.77016 5 5.77016 5.77016 5.77016 5.77016 5.77016 5 5.77018 5.77018 5 5.77018 5 5.77018 5 5.77018 5 5.77018 5 5.77018 5 5.77018 5 5.77018 5 5.77018 5 5.77018 5 5.77018 5 5.77018 5 5.77018 5
5.77016 5 5.77016 5.77016 5.77016 5.77016 5.77016 5 5.77016 5 5.77016 5 5.77016 5 5.77016 5.77016 5.77016 5.77016 5 5.77016 5.77016 5.77016 5.77016 5.77016 5.77016 5.77016 5.77016 5.77016 5.77016 5 5.77016 5.77016 5.77016 5.77016 5.77016 5.77016 5.77016 5.77016 5.77016 5.77016 5.77016 5.77016 5 5.77016 5 5.77018 5.77018 5.77018 5.77018 5.77018 5.77018 5.77018 5.77018 5.77018 5.77018 5.77018 5.77018 5.77018 5.77018 5.77018 5.77018 5.77018 5.77018 5.77018 5.77018 5.77018 5.77018 5.77018 5.77018 5.77018 5.77018 5.77018 5.77018 5.77018
5.77016 5.77016 5.77016 5 5.77016 5 5.77016 5.77016 5.77016 5.77016 5.77016 5.77016 5.77016 5.77016 5.77016 5 5.77016 5.77016 5.77016 5.77016 5 5.77016 5 5.77016 5 5.77016 5 5.77016 5.77016 5.77016 5.77016 5 5.77016 5 5.77016 5 5.77016 5 5.77016 5 5.77016 5.77016 5.77016 5.77016 5.77016 5.77018 5 5.77018 5 5.77018 5 5.77018 5 5.77018 5 5.77018 5 5.77018 5 5.77018 5 5.77018 5 5.77018 5 5.77018 5 5.77018 5 5.77018 5 5.77018 5 5.77018
5.77016 5 5.77016 5.77016 5.77016 5.77016 5.77016 5 5.77016 5 5.77016 5 5.77016 5 5.77016 5.77016 5.77016 5 5.77016 5.77016 5.77016 5.77016 5.77016 5.77016 5.77016 5.77016 5.77016 5.77016 5 5.77016 5.77016 5.77016 5.77016 5.77016 5.77016 5.77016 5.77016 5.77016 5.77016 5.77016 5.77016 5 5.77016 5.77018 5.77018 5.77018 5.77018 5.77018 5.77018 5.77018 5.77018 5.77018 5.77018 5.77018 5.77018 5.77018 5.77018 5.77018 5.77018 5.77018 5.77018 5.77018 5.77018 5.77018 5.77018 5.77018 5.77018 5.77018 5.77018 5.77018 5.77018 5.77018 5.77018 5.77018
5.77016 5.77016 5.77016 5 5.77016 5 5.77016 5.77016 5.77016 5.77016 5.77016 5.77016 5.77016 5.77016 5.77016 5 5.77016 5.77016 5.77016 5 5.77016 5 5.77016 5 5.77016 5 5.77016 5.77016 5.77016 5.77016 5 5.77016 5 5.77016 5 5.77016 5 5.77016 5 5.77016 5.77016 5.77016 5.77016 5.77018 5 5.77018 5 5.77018 5 5.77018 5 5.77018 5 5.77018 5 5.77018 5 5.77018 5 5.77018 5 5.77018 5 5.77018 5 5.77018 5 5.77018 5 5.77018 5 5.77018 5 5.77018
5.77016 5 5.77016 5.77016 5.77016 5.77016 5.77016 5 5.77016 5 5.77016 5 5.77016 5 5.77016 5.77016 5.77016 5 5.77016 5.77016 5.77016 5.77016 5.77016 5.77016 5.77016 5.77016 5.77016 5 5.77016 5.77016 5.77016 5.77016 5.77016 5.77016 5.77016 5.77016 5.77016 5.77016 5.77016 5.77016 5 5.77018 5.77018 5.77018 5.77018 5.77018 5.77018 5.77018 5.77018 5.77018 5.77018 5.77018 5.77018 5.77018 5.77018 5.77018 5.77018 5.77018 5.77018 5.77018 5.77018 5.77018 5.77018 5.77018 5.77018 5.77018 5.77018 5.77018 5.77018 5.77018 5.77018 5.77018 5.77018 5.77018
5.77016 5.77016 5.77016 5 5.77016 5 5.77016 5.77016 5.77016 5.77016 5.77016 5.77016 5.77016 5.77016 5.77016 5 5.77016 5.77016 5.77016 5 5.77016 5 5.77016 5 5.77016 5 5.77016 5.77016 5.77016 5 5.77016 5 5.77016 5 5.77016 5 5.77016 5 5.77016 5.77016 5.77018 5.77016 5.77018 5.77018 5 5.77018 5 5.77018 5 5.77018 5 5.77018 5 5.77018 5 5.77018 5 5.77018 5 5.77018 5 5.77018 5 5.77018 5 5.77018 5 5.77018 5 5.77018 5 5.77018 5 5.77018
5 5.77016 5.77016 5.77016 5.77016 5.77016 5.77016 5 5.77016 5 5.77016 5 5.77016 5 5.77016 5.77016 5.77016 5 5.77016 5.77016 5.77016 5.77016 5.77016 5.77016 5.77016 5.77016 5.77016 5 5.77016 5.77016 5.77016 5.77016 5.77016 5.77016 5.77016 5.77016 5.77016 5.77016 5.77016 5.77018 5.77018 5.77018 5.77018 5.77018 5.77018 5.77018 5.77018 5.77018 5.77018 5.77018 5.77018 5.77018 5.77018 5.77018 5.77018 5.77018 5.77018 5.77018 5.77018 5.77018 5.77018 5.77018 5.77018 5.77018 5.77018 5.77018 5.77018 5.77018 5.77018 5.77018 5.77018 5.77018 5.77018 5.77018
5.77016 5.77016 5 5.77016 5 5.77016 5.77016 5.77016 5.77016 5.77016 5.77016 5.77016 5.77016 5.77016 5.77016 5 5.77016 5.77016 5.77016 5 5.77016 5 5.77016 5 5.77016 5 5.77016 5.77016 5.77016 5 5.77016 5 5.77016 5 5.77016 5 5.77016 5 5.77018 5 5.77018 5 5.77018 5 5.77018 5 5.77018 5 5.77018 5 5.77018 5 5.77018 5 5.77018 5 5.77018 5 5.77018 5 5.77018 5 5.77018 5 5.77018 5 5.77018 5 5.77018 5 5.77018 5 5.77018 5
5 5.77016 5.77016 5.77016 5.77016 5.77016 5 5.77016 5 5.77016 5 5.77016 5 5.77016 5.77016 5.77016 5.77016 5 5.77016 5.77016 5.77016 5.77016 5.77016 5.77016 5.77016 5.77016 5.77016 5 5.77016 5.77016 5.77016 5.77016 5.77016 5.77016 5.77016 5.77016 5.77016 5.77018 5.77018 5.77018 5.77018 5.77018 5.77018 5.77018 5.77018 5.77018 5.77018 5.77018 5.77018 5.77018 5.77018 5.77018 5.77018 5.77018 5.77018 5.77018 5.77018 5.77018 5.77018 5.77018 5.77018 5.77018 5.77018 5.77018 5.77018 5.77018 5.77018 5.77018 5.77018 5.77018 5.77018 5.77018 5.77018 5.77018
