tests/full-run-ref/erosion_2010_78_13_87.555.asc
ncols 512
nrows 512
xllcorner -3.24582
yllcorner -4.08743
cellsize 5
NODATA_value -99999
[rows 300 to 329 of 512, columns 335 to 401 of 512]
260.783 298.037 300.076 302.809 304.878 306.466 307.906 309.344 310.773 312.21 313.658 315.071 316.404 317.657 318.854 319.963 320.951 321.803 322.536 323.165 323.702 324.137 324.463 324.716 324.93 325.109 325.234 325.322 325.389 325.444 325.476 325.481 325.456 325.409 325.341 325.231 325.058 324.825 324.544 324.191 323.746 323.198 322.56 321.839 321.045 320.156 319.169 318.138 317.118 316.096 315.045 314.027 313.109 287.825 287.825 287.825 287.825 287.825 287.825 287.825 287.825 309.832 310.106 310.477 310.908 311.414 312.014
260.783 298.037 301.437 304.16 305.596 306.994 308.398 309.803 311.201 312.613 314.039 315.432 316.745 317.979 319.158 320.249 321.219 322.05 322.762 323.37 323.888 324.306 324.616 324.854 325.058 325.23 325.35 325.436 325.505 325.563 325.601 325.616 325.602 325.569 325.517 325.427 325.275 325.067 324.812 324.489 324.074 323.557 322.952 322.265 321.502 320.643 319.686 318.683 317.689 316.691 315.661 314.664 313.764 312.964 287.825 287.825 287.825 287.825 287.825 287.825 310.414 310.554 310.826 311.195 311.627 312.135 312.739
260.783 299.66 303.151 304.823 306.155 307.517 308.886 310.257 311.626 313.011 314.414 315.786 317.078 318.291 319.45 320.522 321.471 322.281 322.972 323.559 324.059 324.46 324.755 324.981 325.175 325.34 325.458 325.543 325.614 325.677 325.722 325.745 325.742 325.722 325.685 325.612 325.479 325.293 325.063 324.766 324.379 323.891 323.315 322.659 321.926 321.096 320.167 319.193 318.224 317.25 316.244 315.268 314.386 313.603 312.885 312.265 311.775 311.427 311.204 311.1 311.112 311.252 311.522 311.888 312.319 312.829 313.434
298.593 301.642 304.12 305.4 306.697 308.026 309.362 310.702 312.042 313.401 314.781 316.131 317.402 318.593 319.731 320.782 321.712 322.501 323.17 323.737 324.219 324.605 324.887 325.102 325.288 325.449 325.565 325.651 325.725 325.792 325.844 325.876 325.883 325.875 325.852 325.793 325.678 325.511 325.303 325.03 324.666 324.204 323.657 323.028 322.324 321.521 320.62 319.673 318.731 317.781 316.798 315.845 314.983 314.219 313.517 312.911 312.433 312.095 311.878 311.778 311.792 311.932 312.199 312.563 312.992 313.501 314.105
300.293 303.376 304.717 305.964 307.228 308.526 309.832 311.142 312.452 313.786 315.142 316.469 317.717 318.886 320.002 321.031 321.939 322.707 323.355 323.902 324.366 324.739 325.008 325.214 325.394 325.552 325.667 325.756 325.833 325.905 325.964 326.005 326.022 326.024 326.013 325.967 325.867 325.717 325.527 325.274 324.932 324.493 323.97 323.367 322.688 321.912 321.038 320.118 319.202 318.277 317.319 316.389 315.549 314.805 314.122 313.532 313.067 312.739 312.529 312.435 312.451 312.591 312.855 313.215 313.64 314.146 314.746
301.872 304.055 305.3 306.515 307.75 309.018 310.294 311.575 312.858 314.165 315.496 316.8 318.024 319.168 320.261 321.267 322.153 322.899 323.525 324.052 324.5 324.859 325.119 325.317 325.491 325.647 325.764 325.856 325.938 326.016 326.082 326.131 326.158 326.169 326.168 326.133 326.045 325.909 325.735 325.499 325.176 324.757 324.256 323.676 323.022 322.27 321.423 320.529 319.638 318.74 317.807 316.902 316.085 315.361 314.698 314.126 313.677 313.36 313.158 313.069 313.089 313.229 313.489 313.844 314.264 314.765 315.36
303.341 304.639 305.858 307.046 308.253 309.495 310.743 311.997 313.253 314.535 315.841 317.12 318.319 319.44 320.508 321.491 322.354 323.079 323.684 324.192 324.625 324.972 325.223 325.415 325.587 325.742 325.862 325.958 326.045 326.13 326.203 326.261 326.296 326.316 326.322 326.297 326.22 326.096 325.936 325.714 325.407 325.006 324.524 323.966 323.333 322.606 321.784 320.916 320.051 319.178 318.272 317.392 316.599 315.897 315.255 314.702 314.268 313.963 313.771 313.687 313.71 313.85 314.107 314.456 314.87 315.364 315.95
303.905 305.184 306.381 307.546 308.73 309.948 311.173 312.402 313.634 314.891 316.173 317.427 318.603 319.699 320.743 321.703 322.544 323.249 323.835 324.326 324.745 325.082 325.327 325.516 325.686 325.843 325.967 326.069 326.162 326.253 326.334 326.399 326.442 326.469 326.483 326.466 326.398 326.285 326.135 325.926 325.633 325.248 324.785 324.246 323.634 322.929 322.132 321.289 320.45 319.603 318.723 317.869 317.1 316.421 315.801 315.267 314.849 314.556 314.373 314.296 314.322 314.461 314.713 315.055 315.463 315.948 316.524
304.428 305.69 306.87 308.017 309.182 310.38 311.583 312.79 314 315.234 316.491 317.721 318.873 319.946 320.966 321.902 322.723 323.408 323.975 324.45 324.857 325.187 325.428 325.616 325.787 325.947 326.077 326.187 326.287 326.385 326.473 326.545 326.595 326.628 326.649 326.637 326.576 326.471 326.33 326.131 325.85 325.479 325.031 324.509 323.917 323.234 322.46 321.643 320.829 320.008 319.155 318.328 317.584 316.928 316.33 315.816 315.415 315.135 314.962 314.891 314.92 315.058 315.306 315.64 316.038 316.513 317.076
304.914 306.163 307.329 308.462 309.612 310.792 311.977 313.164 314.353 315.565 316.798 318.004 319.131 320.18 321.176 322.089 322.889 323.555 324.106 324.566 324.963 325.286 325.525 325.714 325.887 326.053 326.19 326.309 326.418 326.523 326.618 326.697 326.754 326.792 326.817 326.81 326.754 326.654 326.52 326.328 326.056 325.697 325.262 324.756 324.181 323.519 322.768 321.976 321.188 320.393 319.567 318.767 318.049 317.417 316.843 316.35 315.966 315.7 315.537 315.473 315.505 315.642 315.884 316.21 316.597 317.06 317.607
305.363 306.602 307.758 308.881 310.018 311.184 312.353 313.523 314.693 315.883 317.093 318.275 319.379 320.404 321.375 322.265 323.044 323.693 324.228 324.676 325.063 325.383 325.622 325.814 325.993 326.164 326.311 326.44 326.557 326.669 326.772 326.857 326.919 326.962 326.99 326.986 326.934 326.84 326.71 326.524 326.261 325.912 325.489 324.997 324.439 323.796 323.068 322.299 321.536 320.767 319.969 319.196 318.504 317.897 317.345 316.874 316.508 316.255 316.102 316.045 316.08 316.215 316.452 316.769 317.145 317.594 318.124
305.776 307.007 308.157 309.272 310.399 311.554 312.71 313.865 315.018 316.189 317.377 318.535 319.615 320.616 321.563 322.429 323.188 323.821 324.342 324.78 325.162 325.481 325.724 325.922 326.107 326.286 326.442 326.58 326.706 326.825 326.933 327.024 327.091 327.139 327.17 327.169 327.122 327.031 326.907 326.727 326.471 326.132 325.721 325.243 324.7 324.076 323.368 322.622 321.883 321.139 320.368 319.623 318.956 318.372 317.844 317.394 317.045 316.805 316.663 316.612 316.65 316.784 317.014 317.322 317.688 318.122 318.635
306.147 307.375 308.521 309.632 310.753 311.9 313.046 314.189 315.327 316.48 317.647 318.782 319.84 320.817 321.737 322.578 323.317 323.936 324.447 324.878 325.257 325.578 325.828 326.036 326.231 326.419 326.584 326.731 326.865 326.991 327.105 327.2 327.271 327.322 327.356 327.358 327.314 327.228 327.108 326.933 326.685 326.356 325.956 325.491 324.963 324.356 323.667 322.942 322.224 321.504 320.761 320.043 319.402 318.842 318.337 317.907 317.575 317.349 317.216 317.172 317.212 317.344 317.569 317.868 318.222 318.641 319.136
306.481 307.707 308.853 309.964 311.082 312.223 313.362 314.496 315.622 316.758 317.905 319.018 320.053 321.006 321.899 322.715 323.434 324.04 324.542 324.969 325.347 325.674 325.935 326.156 326.363 326.56 326.735 326.891 327.033 327.165 327.284 327.384 327.459 327.513 327.549 327.553 327.512 327.429 327.313 327.143 326.901 326.581 326.192 325.738 325.225 324.633 323.961 323.255 322.558 321.863 321.146 320.456 319.84 319.304 318.822 318.413 318.098 317.884 317.761 317.724 317.767 317.896 318.115 318.404 318.746 319.15 319.626
306.786 308.012 309.161 310.273 311.391 312.529 313.663 314.789 315.904 317.025 318.153 319.245 320.258 321.187 322.054 322.846 323.546 324.139 324.634 325.058 325.438 325.771 326.044 326.279 326.499 326.707 326.893 327.059 327.209 327.347 327.471 327.575 327.653 327.71 327.748 327.754 327.715 327.636 327.522 327.356 327.12 326.808 326.429 325.988 325.488 324.911 324.257 323.569 322.893 322.221 321.531 320.868 320.277 319.763 319.304 318.915 318.617 318.416 318.303 318.271 318.316 318.444 318.657 318.937 319.267 319.656 320.113
307.072 308.298 309.45 310.565 311.684 312.82 313.95 315.071 316.176 317.283 318.392 319.464 320.457 321.364 322.207 322.976 323.659 324.241 324.73 325.151 325.532 325.871 326.156 326.404 326.636 326.856 327.053 327.231 327.39 327.536 327.665 327.774 327.856 327.915 327.955 327.962 327.926 327.848 327.737 327.575 327.345 327.041 326.671 326.241 325.755 325.194 324.558 323.89 323.235 322.587 321.922 321.284 320.716 320.225 319.787 319.417 319.135 318.947 318.843 318.818 318.865 318.992 319.2 319.472 319.79 320.165 320.603
307.333 308.56 309.716 310.837 311.958 313.094 314.223 315.34 316.437 317.531 318.623 319.675 320.649 321.536 322.358 323.107 323.774 324.346 324.828 325.247 325.629 325.975 326.27 326.532 326.777 327.009 327.219 327.409 327.579 327.732 327.868 327.982 328.068 328.13 328.17 328.178 328.142 328.067 327.957 327.798 327.573 327.276 326.916 326.497 326.024 325.48 324.863 324.216 323.583 322.957 322.316 321.702 321.158 320.687 320.269 319.918 319.651 319.474 319.38 319.361 319.411 319.537 319.741 320.005 320.313 320.674 321.095
307.569 308.798 309.96 311.087 312.213 313.351 314.481 315.595 316.687 317.77 318.845 319.879 320.834 321.703 322.504 323.234 323.887 324.45 324.927 325.345 325.729 326.081 326.388 326.663 326.921 327.166 327.39 327.593 327.775 327.937 328.079 328.198 328.288 328.352 328.393 328.401 328.366 328.291 328.183 328.025 327.805 327.515 327.163 326.755 326.296 325.768 325.171 324.545 323.933 323.33 322.712 322.122 321.599 321.149 320.75 320.417 320.164 319.999 319.914 319.901 319.954 320.079 320.279 320.537 320.835 321.183 321.587
307.79 309.019 310.188 311.323 312.455 313.594 314.726 315.84 316.927 317.998 319.059 320.074 321.012 321.863 322.646 323.358 323.998 324.553 325.026 325.442 325.829 326.188 326.506 326.795 327.066 327.325 327.563 327.781 327.974 328.145 328.295 328.419 328.513 328.58 328.622 328.63 328.595 328.522 328.415 328.259 328.043 327.76 327.417 327.02 326.574 326.063 325.485 324.881 324.29 323.708 323.114 322.546 322.044 321.613 321.233 320.916 320.678 320.524 320.448 320.441 320.498 320.623 320.819 321.07 321.36 321.694 322.083
308.005 309.234 310.408 311.55 312.686 313.828 314.961 316.075 317.157 318.219 319.264 320.263 321.184 322.018 322.782 323.478 324.105 324.653 325.122 325.538 325.928 326.295 326.625 326.928 327.213 327.485 327.738 327.969 328.174 328.355 328.512 328.643 328.742 328.812 328.856 328.865 328.832 328.761 328.655 328.503 328.292 328.016 327.682 327.296 326.864 326.369 325.81 325.226 324.656 324.095 323.522 322.976 322.494 322.082 321.72 321.42 321.195 321.053 320.985 320.985 321.045 321.17 321.364 321.609 321.89 322.213 322.586
308.211 309.439 310.617 311.767 312.907 314.052 315.187 316.301 317.38 318.431 319.462 320.445 321.35 322.168 322.915 323.593 324.209 324.75 325.217 325.634 326.028 326.403 326.745 327.062 327.361 327.646 327.914 328.159 328.376 328.566 328.732 328.869 328.974 329.048 329.094 329.105 329.075 329.007 328.904 328.756 328.55 328.282 327.958 327.583 327.164 326.685 326.145 325.581 325.031 324.49 323.938 323.412 322.95 322.556 322.211 321.926 321.715 321.584 321.525 321.532 321.596 321.722 321.913 322.154 322.427 322.738 323.096
308.406 309.632 310.815 311.971 313.117 314.263 315.402 316.517 317.592 318.635 319.653 320.62 321.51 322.313 323.042 323.706 324.31 324.846 325.31 325.729 326.128 326.512 326.866 327.198 327.511 327.81 328.092 328.351 328.58 328.781 328.954 329.098 329.21 329.289 329.338 329.352 329.325 329.261 329.161 329.017 328.817 328.557 328.242 327.878 327.472 327.009 326.488 325.943 325.413 324.891 324.36 323.854 323.41 323.033 322.705 322.436 322.237 322.117 322.067 322.081 322.149 322.275 322.465 322.702 322.968 323.268 323.612
308.594 309.817 311.003 312.165 313.315 314.465 315.606 316.722 317.794 318.829 319.834 320.786 321.662 322.45 323.163 323.812 324.406 324.937 325.401 325.822 326.227 326.619 326.987 327.333 327.661 327.974 328.271 328.544 328.787 328.997 329.18 329.332 329.45 329.535 329.588 329.605 329.582 329.522 329.426 329.286 329.093 328.842 328.536 328.184 327.791 327.343 326.84 326.314 325.803 325.3 324.788 324.301 323.875 323.515 323.203 322.948 322.762 322.652 322.612 322.632 322.704 322.832 323.021 323.254 323.513 323.803 324.133
308.778 309.997 311.186 312.352 313.505 314.656 315.8 316.916 317.985 319.011 320.003 320.942 321.804 322.578 323.276 323.911 324.496 325.024 325.488 325.912 326.323 326.726 327.107 327.468 327.811 328.139 328.451 328.739 328.995 329.216 329.409 329.57 329.695 329.786 329.844 329.866 329.847 329.792 329.701 329.566 329.38 329.136 328.84 328.499 328.119 327.687 327.2 326.693 326.2 325.716 325.223 324.754 324.346 324.002 323.705 323.464 323.291 323.191 323.16 323.187 323.263 323.392 323.58 323.808 324.061 324.341 324.657
308.959 310.172 311.362 312.532 313.687 314.839 315.983 317.099 318.164 319.182 320.162 321.087 321.935 322.696 323.38 324.003 324.579 325.104 325.569 325.999 326.416 326.829 327.225 327.601 327.959 328.302 328.63 328.934 329.203 329.437 329.641 329.811 329.945 330.043 330.107 330.134 330.121 330.071 329.985 329.856 329.676 329.441 329.155 328.825 328.458 328.04 327.57 327.081 326.605 326.138 325.663 325.213 324.821 324.493 324.211 323.984 323.823 323.734 323.711 323.746 323.826 323.956 324.143 324.367 324.613 324.882 325.185
309.135 310.341 311.53 312.703 313.859 315.011 316.156 317.271 318.333 319.342 320.311 321.222 322.058 322.806 323.477 324.087 324.657 325.18 325.647 326.082 326.508 326.932 327.341 327.734 328.107 328.466 328.81 329.129 329.413 329.66 329.875 330.056 330.2 330.306 330.376 330.409 330.403 330.359 330.278 330.155 329.983 329.757 329.481 329.162 328.806 328.403 327.949 327.477 327.018 326.568 326.11 325.677 325.302 324.989 324.722 324.508 324.358 324.279 324.266 324.307 324.391 324.523 324.709 324.93 325.168 325.428 325.716
309.304 310.503 311.691 312.864 314.021 315.172 316.318 317.432 318.49 319.491 320.448 321.347 322.171 322.907 323.565 324.165 324.729 325.251 325.722 326.164 326.598 327.034 327.458 327.867 328.257 328.631 328.992 329.328 329.626 329.887 330.114 330.306 330.46 330.575 330.652 330.692 330.692 330.654 330.58 330.463 330.298 330.081 329.815 329.507 329.164 328.775 328.337 327.881 327.438 327.005 326.564 326.148 325.788 325.49 325.237 325.036 324.898 324.829 324.824 324.871 324.96 325.093 325.277 325.494 325.726 325.975 326.251
309.465 310.656 311.842 313.016 314.173 315.323 316.467 317.58 318.633 319.626 320.573 321.459 322.273 322.999 323.646 324.237 324.795 325.318 325.794 326.244 326.689 327.137 327.577 328.003 328.409 328.8 329.178 329.53 329.844 330.118 330.358 330.562 330.726 330.85 330.936 330.983 330.989 330.958 330.89 330.779 330.622 330.414 330.158 329.861 329.531 329.156 328.733 328.292 327.866 327.448 327.025 326.625 326.28 325.996 325.757 325.569 325.441 325.381 325.385 325.438 325.53 325.664 325.847 326.06 326.285 326.524 326.785
309.618 310.801 311.984 313.158 314.314 315.461 316.604 317.714 318.763 319.748 320.684 321.56 322.363 323.08 323.717 324.3 324.855 325.38 325.863 326.322 326.778 327.24 327.696 328.139 328.563 328.971 329.367 329.737 330.067 330.355 330.609 330.825 331.001 331.134 331.228 331.282 331.296 331.272 331.21 331.106 330.956 330.758 330.512 330.226 329.908 329.546 329.138 328.713 328.302 327.901 327.493 327.109 326.779 326.509 326.283 326.107 325.989 325.938 325.949 326.009 326.103 326.238 326.418 326.627 326.845 327.072 327.32
309.764 310.938 312.117 313.29 314.444 315.588 316.729 317.836 318.881 319.858 320.784 321.649 322.443 323.151 323.779 324.356 324.909 325.438 325.928 326.398 326.866 327.342 327.816 328.278 328.719 329.145 329.559 329.946 330.293 330.597 330.865 331.094 331.281 331.425 331.528 331.59 331.612 331.595 331.539 331.442 331.3 331.111 330.875 330.6 330.294 329.945 329.552 329.142 328.746 328.36 327.968 327.6 327.284 327.028 326.814 326.649 326.541 326.499 326.517 326.582 326.679 326.813 326.992 327.195 327.406 327.622 327.855
