tests/full-run-ref/erosion_2010_79_1_-87.555.asc
ncols 512
nrows 512
xllcorner -3.24582
yllcorner -4.08743
cellsize 5
NODATA_value -99999
[rows 58 to 86 of 512, columns 0 to 66 of 512]
214.877 212.487 209.629 203.859 201.469 199.079 196.689 194.298 191.908 189.518 187.128 184.737 182.347 177.959 172.184 166.404 160.615 154.82 152.437 150.057 146.735 144.337 141.864 139.481 137.096 134.71 132.323 129.934 127.546 125.156 122.766 120.376 117.985 115.593 113.201 110.807 108.407 105.983 103.521 103.35 103.041 105.184 107.392 109.674 111.953 114.235 116.525 118.822 117.919 119.991 122.379 124.837 127.324 129.955 129.335 126.166 122.772 119.159 115.365 111.56 108.084 104.623 100.857 97.2247 94.0768 91.1327 88.2507
209.107 206.717 204.327 201.469 195.699 193.309 190.919 188.528 186.138 183.748 181.357 178.967 176.576 174.185 169.797 164.021 158.239 152.446 146.647 144.267 141.891 138.571 136.174 133.703 131.32 128.936 126.549 124.162 121.774 119.385 116.995 114.605 112.214 109.823 107.43 105.036 102.632 100.199 97.7214 97.5349 97.21 99.3529 101.563 103.846 106.127 108.412 110.704 113.002 112.081 114.151 116.539 118.996 121.472 124.052 125.638 120.358 116.975 113.354 109.576 105.787 102.378 98.9462 95.1349 91.4033 88.1997 85.172 82.1674
203.337 200.947 198.557 196.167 193.309 187.539 185.149 182.758 180.368 177.978 175.587 173.196 170.805 168.414 166.023 161.635 155.858 150.074 144.277 138.473 136.097 133.725 130.407 128.011 125.541 123.159 120.775 118.389 116.002 113.613 111.224 108.834 106.444 104.052 101.66 99.264 96.8564 94.4128 91.9177 91.7168 91.3762 93.5208 95.7335 98.0179 100.301 102.586 104.879 107.178 106.232 108.299 110.687 113.139 115.604 118.183 119.757 116.779 111.15 107.537 103.737 99.9991 96.6386 93.235 89.3747 85.5499 82.2743 79.1662 76.0465
197.567 195.177 192.787 190.396 190.919 185.149 179.379 176.988 174.598 172.207 169.817 167.425 165.034 162.642 160.251 157.861 153.473 147.695 141.908 136.106 130.298 127.925 125.558 122.243 119.849 117.38 114.998 112.614 110.228 107.841 105.453 103.063 100.673 98.2814 95.8886 93.4916 91.0792 88.6239 86.1108 85.8959 85.5402 87.6879 89.9042 92.1896 94.4727 96.7582 99.0503 101.346 100.373 102.435 104.823 107.272 109.748 112.357 113.925 110.974 107.767 101.672 97.8816 94.1361 90.8623 87.484 83.5717 79.6492 76.2998 73.1112 69.8719
191.797 189.407 187.017 184.626 187.009 182.759 176.989 171.218 168.828 166.437 164.046 161.655 159.263 156.87 154.478 152.088 149.699 145.311 139.531 133.741 127.935 122.122 119.754 117.392 114.079 111.687 109.219 106.838 104.454 102.068 99.6804 97.2916 94.9016 92.5104 90.1174 87.7185 85.3008 82.8328 80.3007 80.0722 79.7021 81.8537 84.0738 86.3596 88.6417 90.9254 93.2148 95.5069 94.5019 96.5597 98.9489 101.4 103.875 106.461 109.236 105.183 101.972 98.4998 91.9586 88.2144 84.9714 81.6812 77.718 73.6937 70.2718 66.9974 63.6341
186.027 183.637 181.247 178.856 181.239 180.369 174.599 168.829 163.058 160.667 158.276 155.884 153.491 151.098 148.706 146.315 143.925 141.537 137.149 131.368 125.575 119.763 113.945 111.581 109.225 105.915 103.525 101.058 98.6771 96.2933 93.9073 91.5194 89.1301 86.7392 84.3458 81.9448 79.5211 77.0397 74.4878 74.2459 73.8616 76.0177 78.2415 80.5266 82.8065 85.0868 87.3721 89.6594 88.6188 90.6728 93.0668 95.5202 97.9987 100.577 103.34 102.313 96.0231 92.6524 89.022 82.198 78.9433 75.7239 71.7939 67.6753 64.1802 60.8182 57.3275
180.257 177.867 175.477 173.086 175.469 177.855 172.209 166.439 160.668 154.897 152.505 150.113 147.72 145.327 142.934 140.541 138.151 135.763 133.376 128.988 123.205 117.408 111.59 105.767 103.408 101.058 97.7506 95.3628 92.8965 90.5165 88.1327 85.7464 83.358 80.9675 78.5738 76.1704 73.7402 71.2445 68.6721 68.4169 68.0183 70.1791 72.4061 74.6895 76.9657 79.2413 81.5213 83.8032 82.7242 84.7762 87.1774 89.637 92.1284 94.7009 97.5044 96.5991 93.3199 86.5687 83.1016 79.4923 72.787 69.566 65.6794 61.5683 58.015 54.5665 50.9425
174.487 172.097 169.707 167.316 169.699 172.085 169.819 164.049 158.279 152.508 146.735 144.342 141.949 139.555 137.161 134.768 132.377 129.988 127.601 125.215 120.826 115.042 109.241 103.416 97.5876 95.2348 92.8908 89.5865 87.2008 84.7354 82.3557 79.9718 77.585 75.1953 72.8013 70.3953 67.9582 65.4475 62.8537 62.585 62.1716 64.3371 66.5666 68.847 71.1183 73.388 75.6621 77.9384 76.8188 78.8708 81.2834 83.7531 86.2491 88.8109 91.541 93.723 87.4978 84.0905 76.8458 73.4603 70.3689 63.2722 59.3461 55.2307 51.7465 48.2298 44.4713
168.717 166.327 163.937 161.546 163.929 166.315 167.429 161.659 155.889 150.118 144.346 138.571 136.178 133.783 131.389 128.995 126.603 124.213 121.825 119.44 117.054 112.665 106.879 101.073 95.2423 89.4079 87.0608 84.7233 81.4224 79.0387 76.5744 74.1949 71.8105 69.4223 67.0282 64.6195 62.1752 59.6487 57.0324 56.7499 56.3209 58.4907 60.7219 62.9982 65.2634 67.5265 69.7946 72.0655 70.9036 72.9584 75.3861 77.8649 80.3614 82.9105 85.6069 87.786 84.7034 78.1861 74.6251 66.9964 64.2006 61.1029 52.8735 48.6415 45.1925 41.7695 37.9012
162.947 160.557 158.167 155.776 158.159 160.545 162.935 159.269 153.499 147.729 141.958 136.184 130.406 128.011 125.617 123.222 120.829 118.438 116.049 113.663 111.278 108.894 104.504 98.7151 92.9051 87.0678 81.2274 78.8863 76.5556 73.258 70.8765 68.4131 66.0336 63.6479 61.2544 58.843 56.3911 53.8479 51.2082 50.9112 50.4653 52.6388 54.871 57.1422 59.4005 61.6568 63.919 66.1852 64.9797 67.0401 69.4849 71.972 74.4705 77.039 79.7581 81.836 78.8126 75.5717 68.6139 65.0326 57.4683 54.782 50.8002 41.869 38.2855 34.9621 31.1852
157.177 154.787 152.397 150.006 152.389 154.775 157.165 156.879 151.109 145.339 139.568 133.796 128.021 122.239 119.843 117.449 115.056 112.663 110.273 107.886 105.501 103.118 100.733 96.3427 90.5515 84.737 78.8927 73.0463 70.7113 68.3876 65.0934 62.7142 60.2515 57.8709 55.4793 53.0657 50.606 48.0453 45.3808 45.0682 44.6039 46.7806 49.013 51.2783 53.5295 55.779 58.0358 60.2981 59.0485 61.1165 63.58 66.0769 68.5856 71.1573 73.8488 76.6836 72.8191 69.6166 66.1993 58.8698 55.8414 47.7705 44.2317 39.9121 31.1274 27.7013 24.0584
151.407 149.017 146.627 144.236 146.619 149.005 151.395 153.785 148.719 142.949 137.178 131.407 125.634 119.856 114.069 111.674 109.281 106.888 104.498 102.109 99.7236 97.3398 94.9571 92.5727 88.1814 82.3878 76.5685 70.7172 64.8645 62.5358 60.2192 56.9286 54.5514 52.0886 49.702 47.2874 44.8198 42.2406 39.5497 39.2203 38.7357 40.9151 43.1472 45.4063 47.6501 49.8926 52.1461 54.4106 53.1153 55.1882 57.6724 60.1821 62.6983 65.2715 67.9468 70.757 68.9393 63.3624 60.1033 56.6868 49.5142 46.4708 36.874 32.9594 29.4998 20.1605 16.3992
145.637 143.247 140.857 138.466 140.849 143.235 145.625 148.015 146.329 140.559 134.788 129.018 123.246 117.471 111.689 105.897 103.503 101.112 98.7215 96.3325 93.9461 91.5619 89.1791 86.7967 84.4122 80.0199 74.2238 68.3997 62.5413 56.682 54.3599 52.0505 48.7633 46.3876 43.9196 41.5075 39.0322 36.4336 33.7145 33.3669 32.8599 35.0415 37.2725 39.5205 41.7287 44.0084 46.4717 48.7694 47.1637 49.254 51.7632 54.2858 56.8087 59.3869 62.0494 64.8488 63.0355 59.5063 53.5886 50.427 47.7211 40.0307 35.7574 25.0624 22.1026 18.8218 8.42155
139.867 137.477 135.087 132.696 135.079 137.465 139.855 142.245 143.939 138.169 132.398 126.628 120.857 115.084 109.307 103.52 97.7236 95.3308 92.9426 90.5551 88.1683 85.7836 83.4008 81.0187 78.6365 76.2518 71.8584 66.0597 60.2307 54.3648 48.4989 46.1834 43.8814 40.5971 38.2184 35.7238 33.2432 30.624 27.8748 27.5071 26.975 29.1568 31.3755 33.5564 35.7109 38.072 44.8648 42.8581 41.1736 43.3143 45.8514 48.3872 50.9164 53.493 56.1469 58.9294 58.195 53.5015 49.8142 43.6446 41.3262 38.5438 29.0766 24.1945 13.4836 10.9195 7.32944
134.097 131.707 129.317 126.926 129.308 131.694 134.085 136.475 138.865 135.779 130.008 124.238 118.467 112.695 106.922 101.142 95.3503 89.5477 87.1576 84.7736 82.3894 80.0049 77.6219 75.2402 72.8586 70.4763 68.0912 63.6967 57.8953 52.0614 46.1879 40.3152 38.0064 35.7114 32.4265 30.024 27.4513 24.8117 22.0297 21.6401 21.0772 23.2416 25.3672 27.4272 29.6557 36.5068 40.6526 36.6291 35.1161 37.3639 39.9363 42.485 45.0171 47.5863 50.2381 53.0305 52.2659 49.2772 43.6014 39.9184 34.2181 31.9934 27.5525 16.9895 13.1322 1.53575 0
128.327 125.937 123.547 121.156 123.538 125.924 128.314 130.705 133.095 133.389 127.618 121.848 116.077 110.305 104.533 98.7588 92.9763 87.1787 81.3698 78.9835 76.6048 74.2244 71.8423 69.4609 67.08 64.6986 62.3162 59.9453 55.535 49.7308 43.8917 38.0106 32.1307 29.8286 27.5386 24.2339 21.748 18.9954 16.1797 15.7636 15.1442 17.1913 19.1417 21.2595 28.0607 34.7362 34.6578 30.513 29.0666 31.3905 34.0147 36.5695 39.0618 41.6897 44.5796 47.784 46.1673 44.5991 39.414 33.4309 30.5686 24.4519 20.6047 15.6003 5.2847 1.58872 0
122.557 120.167 117.777 115.385 117.768 120.154 122.544 124.934 127.325 129.715 125.228 119.457 113.686 107.915 102.144 96.371 90.5953 84.8093 79.0054 73.1902 70.8087 68.4362 66.0601 63.6804 61.3003 58.92 56.5388 54.1708 51.8423 47.3738 41.5649 35.7217 29.8327 23.9453 21.6487 19.3712 15.9588 13.2751 10.3339 9.90379 9.11281 10.919 12.884 19.7129 26.3924 31.9955 28.5384 24.4542 23.0115 25.404 28.0659 30.5478 32.9942 35.7328 43.1183 41.7358 40.0377 38.2833 36.2738 29.0541 23.6341 20.7948 12.4534 8.00638 4.4649 0 0
116.787 114.397 112.007 109.615 111.997 114.384 116.774 119.164 121.554 123.945 122.838 117.067 111.296 105.525 99.7534 93.9815 88.2085 82.4313 76.6414 70.8307 65.0091 62.6333 60.2678 57.8964 55.5191 53.1402 50.7603 48.3936 46.0706 44.9997 39.2082 33.3995 27.5514 21.6544 15.7582 13.4792 11.1932 7.6119 5.14671 5.01884 4.21307 5.17656 11.5045 18.1904 24.5057 26.1353 22.4812 18.3927 16.9353 19.3812 21.9618 24.316 26.8948 34.5338 37.2792 35.5961 33.863 31.9654 29.7533 26.2656 19.2626 13.3883 8.58404 0 0 0 0
111.017 108.627 106.237 103.845 106.227 108.613 111.003 113.393 115.784 118.174 120.448 114.677 108.906 103.135 97.3633 91.5916 85.8194 80.0458 74.2667 68.4726 62.6548 56.8265 54.4573 52.0996 49.7331 47.3582 44.9803 42.6149 40.2932 42.6343 36.8558 31.0653 25.2543 19.4012 13.4959 7.66078 5.52516 5.68144 5.75159 5.77001 5.6814 4.49333 10.3311 16.6045 22.6464 20.8374 16.5278 12.352 10.8142 13.1716 15.5712 18.0489 25.9275 30.151 31.247 29.5683 27.7502 25.6957 23.1736 20.7135 16.9071 8.90753 0.537076 0 0 0 0
105.247 102.857 100.467 98.0748 100.457 102.843 105.233 107.623 110.013 112.403 114.794 112.288 106.516 100.745 94.9735 89.2017 83.4297 77.6572 71.8829 66.1018 60.303 54.4777 48.6427 46.2806 43.9313 41.5701 39.1976 36.8341 34.5121 36.9277 34.5489 28.7684 22.9779 17.1664 11.3122 5.56386 5.75375 5.77001 5.77001 5.77001 5.77001 5.48927 11.1983 17.1148 21.5186 14.9794 11.3245 6.56911 4.97478 6.90648 9.17898 17.2933 21.6799 26.6624 25.1945 23.4936 21.6203 19.4203 16.6392 14.2174 13.09 6.7346 0 0 0 0 3.08236
99.4765 97.0865 94.6965 92.3044 94.6861 97.0717 99.4615 101.852 104.242 106.633 109.024 109.898 104.127 98.3556 92.584 86.8122 81.0402 75.268 69.4951 63.7199 57.9365 52.1327 46.2995 40.4577 38.1033 35.7628 33.4071 31.0499 28.7303 31.1499 33.5568 28.8258 23.0489 17.2664 11.4707 5.71853 5.77001 5.77001 5.77001 5.77001 5.77001 5.69214 11.4372 17.2666 19.1403 12.9886 5.83869 3.58628 2.93335 2.01175 9.07339 13.0822 19.9428 20.6508 19.0725 17.3947 15.4657 13.1496 10.0455 7.4834 10.2075 2.92305 0 0 3.40228 5.77 5.76999
93.7065 91.3165 88.9265 86.5338 88.9152 91.3005 93.6903 96.0803 98.4708 100.862 103.253 105.644 101.738 95.9663 90.1948 84.423 78.6511 72.8789 67.1064 61.3331 55.5568 49.7709 43.9619 38.1205 32.2717 29.9253 27.5938 25.2563 22.9444 25.3694 27.7825 28.8429 23.0708 17.297 11.5196 5.75498 5.77001 5.77001 5.77001 5.77001 5.76973 5.74445 11.5184 16.2951 13.8954 11.2247 5.07041 5.7025 5.71843 4.57203 5.25334 11.6318 14.8202 14.6861 13.0105 11.2948 9.30934 6.9087 3.66862 0.617555 5.01327 1.56607 0 3.39949 5.77 5.76999 5.77
87.9365 85.5465 83.1565 80.763 83.1439 85.5291 87.9188 90.309 92.6996 95.0908 97.4822 99.874 99.3481 93.577 87.8057 82.034 76.2622 70.49 64.7177 58.945 53.1712 47.3937 41.6051 35.7905 29.9407 24.0845 21.7464 19.4365 17.1482 19.5891 22.0179 24.4467 23.077 17.3056 11.5336 5.76557 5.77001 5.77001 5.77001 5.77001 5.76927 8.15032 13.9221 13.9061 8.09446 5.72391 5.75799 5.77001 5.77001 5.71594 5.16221 6.69165 12.7272 8.72685 7.33531 5.97505 4.52503 2.94546 1.00129 0.381209 1.71744 3.14441 4.21153 5.77 5.76999 5.77 5.77
82.1665 79.7765 77.3865 74.992 77.3723 79.7574 82.1471 84.5375 86.9284 89.3199 91.7116 94.1033 96.4946 91.1876 85.4165 79.6451 73.8734 68.1014 62.3292 56.5566 50.7836 45.0093 39.2304 33.439 27.6187 21.7602 15.8962 13.5792 11.3245 13.8155 16.2712 22.0577 23.0787 17.3081 11.5375 5.76859 5.77001 5.77001 5.77001 5.77001 5.76939 8.15728 13.9225 8.14991 5.75649 5.76791 5.77001 5.77001 5.77001 5.77001 5.73474 5.41135 7.38063 4.61887 4.57295 4.41318 4.39103 4.57454 5.15837 5.63327 5.77 5.77 5.77 5.76999 5.76999 5.77 5.77
76.3965 74.0065 71.6165 69.2208 71.6005 73.9854 76.3753 78.7659 81.1572 83.549 85.9409 88.3327 90.7244 88.8128 83.0419 77.2708 71.4993 65.7275 59.9553 54.1829 48.41 42.6366 36.8615 31.0813 25.2869 19.4609 13.5937 7.77421 5.59814 8.06139 13.8896 19.6681 23.0794 17.3089 11.5387 5.76944 5.77001 5.77001 5.77001 5.77001 5.76992 5.76954 8.15972 5.76786 5.76926 5.77001 5.77001 5.77001 5.77001 5.77001 5.77001 5.74272 5.72331 5.74271 5.77001 5.77001 5.77001 5.77001 5.77001 5.77 5.77 5.77 5.77 5.77 5.77 5.77 5.77
70.6265 68.2365 65.8465 63.4494 65.8285 68.2133 70.6034 72.9943 75.386 77.7781 80.1703 82.5623 84.954 86.49 80.7195 74.9486 69.1774 63.4058 57.6339 51.8616 46.0889 40.3158 34.5419 28.7662 22.9849 17.189 11.3603 5.61962 5.75225 5.73935 11.5261 17.2995 23.0698 17.3095 11.5392 5.76968 5.77001 5.77001 5.77001 5.77001 5.77001 5.76974 5.76943 5.76904 5.77001 5.77001 5.77001 5.77001 5.77001 5.77001 5.77001 5.77001 5.77001 5.77001 5.77001 5.77001 5.77001 5.77001 5.77001 5.77001 5.77001 5.77 5.77 5.77 5.77 5.77 4.59249
64.8565 62.4665 60.0765 57.6779 60.0564 62.4411 64.8315 67.2228 69.6148 72.0072 74.3996 76.7918 79.1835 81.5749 80.7578 74.9873 69.2166 63.4457 57.6745 51.903 46.1311 40.3589 34.5864 28.8133 23.0391 17.2618 11.476 5.73077 5.77001 5.76902 11.5395 16.3197 22.0898 17.3095 11.5394 5.76973 5.77001 5.77001 5.77001 5.77001 5.77001 5.77001 5.77001 5.77001 5.77001 5.77001 5.77001 5.77001 5.77001 5.77001 5.77001 5.77001 5.77001 5.77001 5.77001 5.77001 5.77001 5.77001 5.77001 5.77001 5.77001 5.77001 5.77 5.77 5.77 4.6298 3.94227
59.0865 56.6965 54.3065 51.9063 54.2841 56.6689 59.0595 61.4513 63.8437 66.2364 68.629 71.0213 73.4132 79.1851 80.7694 74.9992 69.2289 63.4584 57.6878 51.9169 46.1458 40.3744 34.6027 28.8307 23.0584 17.2853 11.5107 5.75588 5.77001 5.76996 8.15962 13.9297 19.6997 17.3094 11.5393 5.76973 5.77001 5.77001 5.77001 5.77001 5.77001 5.77001 5.77001 5.77001 5.77001 5.77001 5.77001 5.77001 5.77001 5.77001 5.77001 5.77001 5.77001 5.77001 5.77001 5.77001 5.77001 5.77001 5.77001 5.77001 5.77001 5.77001 5.77001 5.77 5.77 5.29302 7.48767
53.3165 50.9265 48.5365 46.1347 48.5119 50.8966 53.2877 55.6798 58.0726 60.4655 62.8583 65.2509 71.0241 74.0165 76.4067 75.0038 69.2337 63.4635 57.6932 51.9227 46.1521 40.3812 34.6102 28.8389 23.0674 17.2956 11.5234 5.76317 5.77001 5.76999 5.76988 11.5396 17.3097 17.3094 11.5393 5.7697 5.77001 5.77001 5.77001 5.77001 5.77001 5.77001 5.77001 5.77001 5.77001 5.77001 5.77001 5.77001 5.77001 5.77001 5.77001 5.77001 5.77001 5.77001 5.77001 5.77001 5.77001 5.77001 5.77001 5.77001 5.77001 5.77001 5.77001 5.77001 5.77 5.42721 4.75279
