tests/full-run-ref/erosion_85_12_73.353.asc
ncols 512
nrows 512
xllcorner -3.24582
yllcorner -4.08743
cellsize 5
NODATA_value -99999
[rows 33 to 65 of 512, columns 296 to 369 of 512]
5.77014 5 5.77014 5 5.77014 5.77014 5 5.77014 5 5.77014 5.77014 5 5.77014 5.77014 5.77014 5.77014 5.77014 5 5.77014 5 5.77014 5.77014 5 5.77013 5 5.77013 5.77014 5 5.77014 5.77014 5 5.77014 5.77014 5.77014 5.77014 5.77014 5.77013 5.77013 5 5.77013 5.77013 4.92807 6.88481 4.94689 5.77002 5.77014 5.77014 5.77014 5.77014 5 5.77014 5 5.77014 5.77 5.76957 4.99883 5.76783 4.99736 5.76891 5.77014 5.77014 5.77014 5.77014 5.77014 5.77015 5.77015 5 5.77014 5 5.77014 5 5.77014 5.77014 5.77014
5.77014 5.77014 5.77014 5.77014 5.77014 5 5.77014 5.77014 5.77014 5.77014 5 5.77014 5.77014 5 5.77014 5 5.77014 5.77014 5.77014 5.77014 5.77014 5 5.77013 5.77013 5.77013 5.77014 5 5.77014 5.77014 5.77013 5.77014 5.77014 5.77014 5.77014 5 5.77014 5.77014 5 5.77013 5.77013 5 5.56073 6.88488 6.88244 5.75732 5 5.77014 5 5.77014 5.77014 5.77014 5.77014 5.77014 4.99996 6.15896 6.15958 6.15876 6.15783 5.76938 5 5.77014 5 5.77014 5 5.77015 5.77014 5.77015 5.77014 5.77014 5.77014 5.77014 5.77014 5 5.77014
5.77014 5 5.77014 5 5.77014 5.77014 5.77014 5 5.77014 5 5.77014 5.77014 5 5.77014 5.77014 5.77014 5.77014 5 5.77014 5 5.77014 5.77013 5.77013 5 5.77014 5 5.77014 5.75316 4.96845 5.7534 4.99765 5.77014 5 5.77014 5.77014 5.77014 5 5.77013 5.77013 5 5.77013 5.47198 4.98685 6.88732 4.99375 5.75732 5.77004 5.77014 5.77014 5 5.77014 5 5.77014 5.77011 5.77004 5.76947 5.98482 5.98776 5.76965 5.77014 5.77014 5.77014 5.77014 5.77014 5.77015 5.77015 5.77015 5 5.77014 5 5.77014 5.77014 5.77014 5.77014
5.77013 5.77013 5.77014 5.77014 5.77013 5 5.77013 5.77013 5.77013 5.77013 5.77014 5 5.77014 5.77014 5 5.77014 5 5.77014 5.77014 5.77014 5.77014 5 5.77013 5.77013 5.77013 5.77014 5.77014 4.96665 5.85227 6.02994 5.76614 5.77014 5.77014 5.77013 5.77014 5.77013 5.77013 5.77013 5 5.77013 5.77013 4.99544 6.63444 6.81872 6.88133 6.88321 4.99984 5.77014 5 5.77014 5.77014 5.77014 5.77005 4.99988 5.76985 4.99991 5.76976 4.99965 5.76906 5 5.77014 5 5.77014 5 5.77015 5 5.77015 5.77015 5.77014 5.77014 5.77014 5 5.77014 5
5.77013 5 5.77013 5 5.77013 5.77013 5.77013 5 5.77013 5 5.77014 5.77014 5.77014 5 5.77014 5.77014 5.77014 5.77014 5 5.77014 5 5.77013 5.77013 5 5.77014 5 5.77014 5.74357 5.7604 4.9899 5.76779 5 5.77014 5 5.77014 5.77013 5 5.77013 5.77013 5.77013 5 5.76748 5.76137 5.75338 6.60176 4.98886 5.76936 5.77014 5.77014 5.77014 5 5.77014 4.99996 6.15883 6.15889 5.7701 5.77014 5.77014 5.77014 5.77014 5.77014 5.77014 5.77014 5.77014 5.77014 5.77015 5.77015 5 5.77014 5 5.77014 5.77014 5.77014 5.77014
5 5.77013 5.77013 5.77013 5.77013 5 5.77013 5.77013 5.77013 5.77014 5.77014 5 5.77014 5.77014 5.77014 5 5.77014 5 5.77014 5.77014 5.77014 5.77013 5 5.77014 5.77014 5.77014 5.77014 5.77013 5 5.77014 5.77014 5.77014 5.77014 5.77014 5.77013 5 5.77013 5.77013 5 5.77013 5.77013 5.77014 5 5.76766 4.99576 5.76766 5.77014 4.99999 5.77001 4.99977 5.77005 5.77012 5.77011 5.77005 5.77005 5.77011 5 5.77014 5 5.77014 5.77014 5 5.77014 5 5.77015 5 5.77015 5.77015 5.77014 5.77014 5.77014 5 5.77014 5
5.77013 5.77013 5 5.77013 5 5.77013 5.77013 5 5.77014 5 5.77014 5.77014 5.77014 5 5.77014 5.77014 5.77014 5.77014 5.77014 5 5.77013 5 5.77013 5.77013 5.77013 5 5.77014 5.77014 5.77014 5.77013 5 5.77014 5 5.77014 5 5.77013 5.77013 5 5.77013 5.77013 5 5.77014 5.77014 5.77014 5.77014 5.77014 5 5.77012 5.79517 6.15895 6.15958 4.99998 5.77014 5 5.77014 5 5.77014 5.77014 5.77014 5.77014 5 5.77014 5.77014 5.77015 5.77014 5.77015 5.77015 5 5.77014 5 5.77014 5.77014 5.77014 5.77014
5.77013 5 5.77013 5.77013 5.77013 5.77013 5 5.77014 5.77014 5.77014 5.77014 5 5.77014 5.77014 5.77014 5 5.77014 5 5.77014 5.77014 5.77014 5.77013 5.77013 5 5.77013 5.77013 5.77014 5 5.77014 5 5.77014 5.77014 5.77014 5.77014 5.77014 5.77013 5 5.77013 5.77013 5 5.77013 5.77014 5 5.77014 5 5.77014 5.77014 5.77013 4.99988 5.76991 4.99994 5.77012 5.77014 5.77014 5.77014 5.77014 5.77014 5 5.77014 5 5.77014 5.77014 5 5.77015 5.77015 5.77015 5.77015 5.77014 5.77014 5.77014 5.77014 5 5.77014 5.77015
5 5.77013 5.77013 5 5.77013 5 5.77014 5.77014 5 5.77014 5 5.77014 5.77014 5 5.77014 5.77014 5.77014 5.77014 5.77014 5 5.77014 5.77013 5 5.77013 5.77013 5 5.77014 5.77014 5.77014 5.77014 5.77014 5 5.77014 5 5.77014 5 5.77013 5.77013 5 5.77013 5.77013 5 5.77014 5.77014 5.77014 5.77014 5 5.77014 5.77014 5.77014 5.77014 5.77014 5 5.77014 5 5.77014 5 5.77014 5.77014 5.77014 5.77014 5.77014 5.77014 5.77014 5.77015 5 5.77014 5 5.77014 5 5.77014 5.77014 5.77014 5.77015
5.77013 5.77013 5 5.77013 5.77013 5.77014 5.77014 5 5.77014 5.77014 5.77014 5.77014 5 5.77014 5.77014 5 5.77014 5 5.77015 5.77014 5.77014 5.77013 5.77013 5.77013 5 5.77013 5.77013 5 5.77014 5 5.77014 5.77014 5.77014 5.77014 5.77014 5.77014 5.77014 5 5.77013 5.77013 4.7513 5.41549 5.61766 5 5.77014 5 5.77013 5.77014 5 5.77014 5 5.77014 5.77014 5.77014 5.77014 5.77014 5.77014 5.77014 5 5.77014 5 5.77014 5 5.77015 5.77015 5.77014 5.77014 5.77014 5.77014 5.77014 5.77014 5 5.77014 5
5.77013 5 5.77013 5.77013 5 5.77014 5 5.77014 5.77014 5 5.77014 5 5.77014 5.77014 5 5.77014 5.77014 5.77015 5.77015 5.77013 5 5.77013 5 5.77013 5.77013 5.77013 5 5.77014 5.77014 5.77014 5.77014 5 5.77014 5.77013 5.77013 5 5.77014 5.77013 5.75371 4.97164 5.1399 6.62486 4.71799 5.77014 5.77014 5.77014 5.77014 5 5.77014 5.77014 5.77014 5.77013 5 5.77013 5 5.77013 5 5.77014 5.77014 5.77014 5.77014 5.77014 5.77014 5.77015 5 5.77014 5 5.77014 5 5.77014 5.77014 5.77014 5.77015 5.77015
5.77013 5.77013 5.77013 5 5.77014 5.77014 5.77014 5.77014 5 5.77014 5.77014 5.77014 5.77014 5 5.77014 5.77014 4.99998 5.77015 5 5.77015 5.77015 5.77013 5.77013 5.77013 5 5.77013 5.77013 5.77013 5 5.77014 5.77013 5.77014 5.77013 5.77013 5 5.77013 5.77013 5.77013 4.97392 5.80266 5.26067 4.65906 5.49739 5.77013 5 5.77013 5 5.77014 5.77013 5 5.77013 5.77013 5.77014 5.77013 5.77014 5.77014 5.77014 5.77014 5 5.77014 5 5.77014 5.77014 5.77015 5.77014 5.77014 5.77014 5.77014 5.77014 5.77014 5 5.77015 5.77015 5.77015
5.77013 5 5.77013 5.77014 5.77014 5 5.77014 5 5.77014 5.77014 5 5.77014 5 5.77014 5.77014 5 5.77014 5.77013 5.77015 5.77015 5 5.77013 5 5.77013 5.77013 5.77013 5 5.77013 5.77014 5.77014 5.77014 5 5.77013 5 5.77013 5.77013 5 5.77013 5.7515 5.73818 4.98053 5.77014 5.77013 5 5.77014 5.77013 5.77014 5.77014 5 5.77014 5.77013 5 5.77013 4.95718 5.62845 4.77113 5.62709 4.9614 5.76045 5.77014 5.77014 5.77014 5 5.77014 5 5.77014 5 5.77014 5 5.77014 5.77015 5.77014 5.77015 5
5.77014 5.77013 5.77013 5 5.77014 5.77014 5.77014 5.77014 5.77014 5 5.77014 5.77013 5.77014 5.77014 5 5.77014 5.77014 5.77013 5 5.77015 5.77015 5.77013 5.77013 5.77013 5 5.77013 5.77013 5.77014 5 5.77014 5 5.77013 5.77013 5.77013 5.77013 5 5.77013 5.77013 5 5.77014 5.77014 5.77013 5 5.77014 5.77013 5 5.74395 4.95666 5.74349 5.77013 5 5.77014 5.77014 5.75304 5.89077 6.14052 6.15724 6.14837 5.76629 5 5.77014 5 5.77014 5.77014 5.77014 5.77014 5.77014 5.77014 5.77014 5.77014 5.77014 5.77015 5.77015 5.77015
5 5.77014 5 5.77014 5.77014 5 5.77014 5 5.77014 5.77014 5.77014 5 5.77014 5 5.77014 5.77014 4.99919 5.76958 5.76976 5.77015 5.77015 5.77013 5 5.77013 5.77013 5.77013 5 5.77014 5.77014 5.77014 5.77013 5.77013 5 5.77013 5 5.77013 5.77013 5 5.77013 5.77013 5.77013 5.77013 5.77013 5.77013 5 5.77013 5.72481 5.7937 5.72572 5 5.77014 5.77014 5.77013 5.7608 4.99198 5.75825 4.99757 5.76927 4.99979 5.77014 5.77014 5.77014 5.77014 5 5.77014 5 5.77014 5.77014 4.99574 5.76129 5.76019 4.9906 5.7682 4.99831
5.77014 5.77013 5.77013 5.77014 5 5.77014 5.77014 5.77014 5.77014 5 5.77014 5.77014 5.77014 5.77014 5.77014 5 5.7691 5.77408 4.9994 5.77013 5.77015 5.77015 5.77015 5.77013 5 5.77013 5.77014 5.77013 5.77013 5.77014 5 5.77013 5.77013 5.77013 5.77013 5.77013 5 5.77013 5.77013 5 5.77013 5 5.77013 5 5.77014 5.77013 4.97378 5.72728 5.74282 5.77014 5.77014 5.77013 5 5.77013 5.77014 5.77014 5.77014 5.77014 5.77014 5.77014 5 5.77014 5 5.77014 5.77014 5.77014 5.77014 5.77014 5.76448 6.58233 4.99146 6.76298 5.93949 6.76561
5.77014 5 5.77013 5 5.77014 5.77014 5 5.77014 5 5.77014 5.77014 5 5.77014 5 5.77013 5.77014 5.76964 4.99929 5.76972 5.77013 5 5.77013 5 5.77013 5.77013 5.77013 5 5.77013 5 5.77014 5.77013 5.77013 5 5.77013 5 5.77013 5.77013 5.77013 5 5.77015 5.77013 5.77013 5.77013 5.77013 5.77013 5 5.77014 5.77014 5 5.77014 5.77013 5.77013 5.77013 5.77013 5 5.77013 5 5.77014 5 5.77014 5.77014 5.77014 5.77014 5.77014 5 5.77014 5 5.77014 4.98833 6.5858 6.76795 6.76912 6.76896 6.76594
5 5.77013 5.77013 5.77014 5.77014 5 5.77014 5.77014 5.77014 5.77014 5.77014 5.77014 5.77014 5.77014 5.77014 5 5.77014 5.77013 5.77013 5 5.77013 5.77015 5.77013 5.77013 5 5.77013 5.77013 5.77013 5.77013 5.77013 5.77013 5 5.77013 5.77013 5.77013 5.77014 5 5.77014 5.77013 5.77013 5.77013 5 5.77013 5 5.77013 5.77013 5.77013 5.77013 5.77013 5.77013 5 5.77013 5 5.77013 5.77014 5.77013 5.77014 5.77014 5.77014 5.77014 5 5.77014 5 5.77014 5.77014 5.77014 5.77014 5.77014 5.76106 6.27082 6.76793 5.96791 6.76435 5.76927
5.77013 5.77013 5 5.77014 5 5.77014 5.77014 5 5.77014 5 5.77014 5 5.77014 5.77013 5 5.77014 5.77014 5 5.77013 5.77013 5.77013 5 5.77013 5 5.77013 5.77013 5 5.77013 5 5.77013 5 5.77013 5.77013 5 5.77013 5 5.77014 5.77013 5.77013 5 5.77013 5.77013 5.77013 5.77013 5.77013 5 5.77014 5 5.77013 5 5.77013 5.77013 5.77013 5.77013 4.68598 5.52269 4.95554 5.77014 5 5.77014 5.77014 5.77014 5.77014 5.77014 5 5.77014 5 5.77014 4.99656 5.75413 6.76308 6.76778 5.76398 4.99956
5 5.77013 5.77013 5.77014 5.77014 5.77014 5 5.77014 5.77014 5.77014 5.77014 5.77014 5.77014 5.77014 5.77013 5.77014 5 5.77013 5.77013 5 5.77013 5.77013 5.77014 5.77013 5.77013 5 5.77013 5.77013 5.77013 5.77013 5.77013 5.77013 5 5.77013 5.77013 5.77013 5.77013 5 5.77014 5.77013 5.77014 5 5.77013 5 5.77013 5.77013 5.77013 5.77013 5.77013 5.77013 5.77013 5 5.77013 5 5.23275 6.71278 5.68913 5.77014 5.77014 5.77014 5 5.77013 5 5.77014 5.77014 5.77014 5.77014 5.77014 5.77014 5.76303 4.99897 6.76857 6.76004 5.76656
5.77013 5.77013 5 5.77014 5 5.77014 5.77014 5.77014 5 5.77014 5 5.77014 5.77014 5 5.77014 5 5.77013 5.77013 5 5.77013 5.77013 5 5.77013 5.77014 5 5.77013 5.77013 5 5.77013 5 5.77014 5 5.77013 5.77013 5 5.77013 5 5.77013 5.77013 5 5.77013 5.77014 5.77013 5.77013 5.77013 5 5.77013 5 5.77013 5 5.77013 5.77013 5.77013 5.77013 5.38256 4.79777 5.62767 4.99999 5.77013 5 5.77015 5.77015 5.77014 5.77014 5 5.77014 5 5.77014 5.77013 4.95589 6.75559 6.75725 5.89168 5.98516
5 5.77013 5.77014 5.77014 5.77014 5.77014 5 5.77014 5.77014 5.77014 5.77014 5.77014 5 5.77014 5.77014 5.77014 5.77014 5 5.77014 5.77014 5 5.77013 5.77013 5 5.77014 5.77014 5 5.77013 5.77013 5.77013 5.77013 5.77013 5.77013 5 5.77014 5.77013 5.77013 5.77013 5 5.77013 5.77013 5 5.77013 5 5.77013 5.77014 5.77013 5.77013 5.77013 5.77013 5.77013 5 5.77013 4.99998 5.77013 5.77015 5.77015 5.77015 5.77015 5.77015 5.77015 5 5.77013 5.77014 5.77014 5.77014 5.77014 5.77014 5.77014 5.70584 5.75657 5.76587 5.96948 4.99866
5.77013 5.77013 5 5.77014 5 5.77014 5.77014 5.77014 5 5.77014 5 5.77014 5.77014 5.77014 5 5.77014 5 5.77013 5.77013 5 5.77014 5.77013 5 5.77014 5.77013 5 5.77014 5.77013 5 5.77013 5 5.77013 5 5.77014 5.77014 5 5.77013 5 5.77013 5.77015 5 5.77013 5.77013 5.77013 5.77013 5 5.77013 5 5.77013 5 5.77013 5.77013 5.77013 5.77015 5.77015 4.99999 5.77013 4.99999 5.77013 5.77015 5.77015 5.77013 5.77014 5 5.77014 5 5.77014 5 5.77014 5.77014 5 5.76371 4.99729 5.75779
5 5.77013 5.77013 5.77014 5.77014 5.77014 5 5.77014 5.77014 5.77014 5.77014 5.77014 5 5.77014 5.77014 5.77014 5.77014 5.77013 5 5.77013 5.77014 5 5.77013 5.77014 5 5.77014 5.77013 5.77014 5.77013 5.77014 5.77013 5.77013 5.77013 5.77013 5 5.77014 5.77014 5.77013 5.77013 5 5.77013 5.77013 5 5.77013 5 5.77014 5.77013 5.77013 5.77013 5.77013 5.77013 5 5.77015 5 5.77013 5.77013 5.77014 5.77014 5.77014 4.99999 5.77012 4.99999 5.77014 5.77014 5.77014 5.77014 5.77014 5.77014 5.77014 5.77013 5.77014 5.77015 5.77015 5.77015
5.77013 5.77013 5 5.77014 5 5.77014 5.77014 5.77014 5 5.77014 5 5.77014 5.77014 5.77014 5 5.77014 5 5.77014 5.77013 5.77013 5 5.77013 5.77013 5 5.77014 5.77013 5 5.77014 5 5.77013 5 5.77013 5 5.77014 5.77013 5.77013 5 5.77013 5 5.77014 5.77013 5 5.77013 5.77013 5.77013 5.77013 5.77013 5 5.77013 5 5.77013 5.77013 5.77015 5.77015 5.77015 5 5.77014 5 5.77014 5.77014 5.77014 5.77014 5.77014 5 5.77014 5 5.77014 5.77013 5.77014 5.43631 4.89509 5.68477 5.77015 5.77015
5 5.77013 5.77013 5.77014 5.77014 5.77014 5 5.77014 5.77014 5.77014 5.77014 5.77014 5 5.77014 5.77014 5.77014 5.77014 5.77014 5 5.77013 5.77014 5.77013 5 5.77014 5.77014 5 5.77014 5.77014 5.77013 5.77013 5.77014 5.77013 5.77013 5.77013 5 5.77014 5.77013 5.77013 5.77013 5.77013 5.77013 5.77015 5.77013 5 5.77013 5 5.77014 5.77014 5.77013 5.77013 5.77013 5 5.77015 5 5.77015 5.77013 5.77014 5.77014 5.77014 5 5.77014 5 5.77014 5.77014 5.77014 5.77014 5.77013 5 5.77013 4.91195 7.73133 5.6682 5 5.77015
5.77013 5.77013 5 5.77014 5 5.77014 5.77014 5.77014 5 5.77014 5 5.77014 5.77014 5.77014 5 5.77014 5 5.77014 5.77014 5.77014 5 5.77014 5.77014 5.77014 5 5.77014 5.77013 5 5.77014 5 5.77014 5 5.77014 5 5.77013 5.77013 5.77013 5 5.77013 5 5.77013 5 5.77013 5.77014 5.77013 5.77013 5.77014 5.77013 5 5.77013 4.99999 5.77015 5.77015 5.77015 5.77015 4.99999 5.77013 5 5.77014 5.77014 5.77014 5.77014 5.77014 5 5.77014 5.77015 5.77015 5.77015 5.77015 5.73815 5.75254 4.93696 5.77015 5.77015
5.77013 5 5.77013 5.77014 5.77014 5.77014 5 5.77014 5.77014 5.77014 5.77014 5.77014 5 5.77014 5.77014 5.77014 5.77014 5.77014 5 5.77014 5.77014 5.77014 5 5.77014 5.77014 5.77014 5 5.77014 5.77013 5.77014 5.77014 5.77014 5.77013 5.77013 5.77013 5 5.77015 5.77013 5.77013 5.77013 5.77013 5.77015 5.77013 5 5.77013 5 5.77014 5.77013 5.77013 5.77013 5.77013 5.77015 5.77015 5.77015 5 5.77015 5.77015 5.77015 5.77013 5.77013 5.77014 5 5.77014 5.77014 5.77014 5 5.77015 5 5.77015 5 5.77014 5.77013 5.77015 5
5.77014 5.77013 5.77013 5 5.77014 5.77014 5.77014 5.77014 5 5.77014 5 5.77014 5.77014 5.77014 5 5.77014 5 5.77014 5.77014 5.77014 5 5.77014 5.77014 5.77014 5 5.77014 5.77014 5.77014 5 5.77014 5 5.77013 5 5.77015 5 5.77013 5.77013 5.77013 5 5.77013 5 5.77013 5.77013 5.77013 5.77014 5.77014 5.77014 5 5.77013 4.99999 5.77015 5 5.77015 5 5.77015 5.77015 5 5.77015 5 5.77013 4.99999 5.77013 5.77014 5 5.77014 5.77014 5.77014 5.77015 5.77015 5.77013 5.77014 5.77013 5 5.77015
5.77013 5 5.77014 5.77014 5.77014 5 5.77014 5.77014 5.77014 5.77014 5.77014 5.77014 5 5.77014 5.77014 5.77014 5.77014 5.77014 5 5.77014 5.77014 5.77014 5 5.77014 5.77014 5.77014 5 5.77014 5.77014 5.77014 5.77013 5.77015 5.77013 5.77013 5.77013 5.77013 4.99999 5.77015 5.77013 5.77013 5.77013 5.77013 5 5.77013 5 5.77014 5 5.77013 5.77013 5.77015 5.77013 5.77015 5.77015 5.77015 5.77015 5 5.77015 5.77015 5.77015 5.77015 5.77015 5.77015 4.99999 5.77014 5.77014 5 5.77014 5 5.77015 5 5.77013 5 5.77015 5.77015
5.77013 5.77013 5.77014 5 5.77014 5.77014 5.77014 5 5.77014 5 5.77014 5.77014 5.77014 5.77014 5 5.77014 5 5.77014 5.77014 5.77014 5 5.77014 5.77014 5.77014 5 5.77014 5.77014 5.77014 5 5.77014 5.77013 5 5.77013 5 5.77014 5 5.77013 5.77013 4.99999 5.77013 5 5.77014 5.77013 5.77014 5.77014 5.77014 5.77013 5.77014 4.99999 5.77013 4.99999 5.77015 5 5.77015 5 5.77015 5.77015 5 5.77015 5 5.77015 5 5.77013 5.77013 5.77014 5.77014 5.77014 5.77014 5.77013 5.77015 5.77015 5.77015 5.77015 5
5.77013 5 5.77014 5.77014 5.77014 5 5.77014 5.77014 5.77014 5.77014 5.77014 5 5.77014 5.77014 5.77014 5.77014 5.77014 5.77014 5 5.77014 5.77014 5.77014 5 5.77014 5.77014 5.77014 5 5.77014 5.77014 5.77014 5.77013 5.77014 5.77014 5.77014 5.77014 5.77013 5.77013 4.99999 5.77015 5.77015 5.77013 5.77013 5 5.77014 5 5.77013 5 5.77014 5.77014 5.77014 5.77013 5.77013 5.77015 5.77015 5.77015 5.77015 5 5.77015 5.77015 5.77015 5.77015 5.77015 5.77015 4.99999 5.77013 5 5.77014 5.77013 5 5.77015 5.77015 5.77015 5.77015 5.77015
5 5.77014 5.77014 5 5.77014 5.77014 5.77014 5 5.77014 5 5.77014 5.77014 5.77014 5 5.77014 5 5.77014 5.77014 5.77014 5.77014 5 5.77014 5.77014 5.77014 5 5.77014 5.77014 5.77014 5 5.77014 5 5.77013 5 5.77014 5 5.77014 5 5.77015 5.77015 5 5.77015 5 5.77013 5.77013 5.77014 5.77013 5.77013 5.77014 5 5.77014 5 5.77013 4.99999 5.77015 5.77015 5 5.77015 5.77015 5 5.77015 5 5.77015 5 5.77015 5.77013 5.77014 5.77013 5 5.77015 5.77015 5 5.77015 5 5.77015
