tests/full-run-ref/erosion_81_12_73.110.asc
ncols 512
nrows 512
xllcorner -3.24582
yllcorner -4.08743
cellsize 5
NODATA_value -99999
[rows 116 to 144 of 512, columns 268 to 334 of 512]
5.75195 5.75903 5.77006 5.77006 5.77006 5.77005 5.77006 5.77006 5.76995 5.76998 5.76995 5.76997 5.76996 5.76996 5.76998 5.76996 5.76999 5.76999 5.77007 5.76997 5.76995 5.77 5.76997 5.76999 5.76997 5.76995 5.76997 5.77006 5.77007 5.77007 5.77007 5.77007 5.77007 5.77007 5.77007 5.77007 5.77007 5.77007 5.77006 5.77006 5.77007 5.77007 5.77006 5.77007 5.77007 5.77006 5.77006 5.77007 5.77007 5.77008 5.77008 5.77008 5.77008 5.77008 5.77008 5.77008 5.77007 5.77007 5.77007 5.77007 5.77007 5.77007 5.77007 5.77007 5.77007 5.77007 5.77007
5.77007 5.77007 5.77005 5.74632 5.74422 5.7467 5.75046 5.77006 5.76995 5.76999 5.77003 5.77004 5.77005 5.76997 5.76996 5.77004 5.76998 5.77001 5.77007 5.77005 5.77004 5.77 5.77004 5.76997 5.76993 5.77007 5.77003 5.77006 5.77007 5.77007 5.77007 5.77007 5.77007 5.77007 5.77007 5.77007 5.77007 5.77007 5.77006 5.77006 5.77007 5.77006 5.77006 5.77006 5.77007 5.77006 5.77006 5.77007 5.77008 5.77008 5.77008 5.77008 5.77008 5.77008 5.77008 5.77008 5.77007 5.77007 5.77007 5.77007 5.77007 5.77007 5.77007 5.77007 5.77007 5.77007 5.77007
5.77006 5.77005 5.77005 5.74064 6.1354 6.05179 5.63982 5.77005 5.76997 5.77 5.76996 5.76994 5.76996 5.76998 5.76998 5.76996 5.76997 5.77005 5.77006 5.76996 5.76999 5.76997 5.76996 5.76997 5.76995 5.77007 5.76997 5.77006 5.77007 5.77007 5.77007 5.77007 5.77007 5.77007 5.77007 5.77007 5.77007 5.77007 5.77006 5.77006 5.77007 5.77006 5.77006 5.77006 5.77007 5.77006 5.77006 5.77007 5.77008 5.77008 5.77008 5.77008 5.77008 5.77008 5.77008 5.77007 5.77007 5.77007 5.77007 5.77007 5.77007 5.77007 5.77007 5.77007 5.77007 5.77007 5.77007
5.76999 5.77003 5.77006 5.51011 5.76214 6.12253 5.56316 5.76999 5.77005 5.56844 5.73757 5.52916 5.45335 5.35867 5.73288 5.71637 5.74367 5.77006 5.76999 5.76997 5.77005 5.76993 5.76998 5.76997 5.76999 5.76995 5.76997 5.77005 5.77007 5.77007 5.77007 5.77007 5.77007 5.77007 5.77007 5.77007 5.77006 5.77006 5.77006 5.77006 5.77006 5.77006 5.77006 5.77006 5.77006 5.77006 5.77007 5.77008 5.77008 5.77008 5.77008 5.77008 5.77008 5.77008 5.77007 5.77007 5.77007 5.77007 5.77007 5.77007 5.77007 5.77007 5.77007 5.77007 5.77007 5.77007 5.77005
5.77006 5.77006 5.76997 5.77006 5.76742 5.76803 5.67059 5.77003 5.76999 5.41832 6.79089 5.74257 7.11923 5.6423 5.76577 5.85867 5.76384 5.77007 5.76993 5.76998 5.76999 5.76993 5.76991 5.77005 5.76995 5.76999 5.76994 5.77007 5.77007 5.77007 5.77007 5.77007 5.77007 5.77007 5.77007 5.77007 5.77007 5.77007 5.77007 5.77007 5.77007 5.77007 5.77007 5.77007 5.77006 5.77008 5.77007 5.77008 5.77008 5.77008 5.77008 5.77008 5.77008 5.77008 5.77007 5.77007 5.77007 5.77007 5.77007 5.77007 5.77007 5.77007 5.77007 5.77007 5.77007 5.77007 5.77005
5.77007 5.77006 5.77007 5.77007 5.77007 5.77007 5.77007 5.76999 5.77006 5.33244 5.68985 5.69641 5.67376 5.66876 5.76242 5.76007 5.76506 5.77007 5.77004 5.77003 5.76998 5.76993 5.77 5.76995 5.76997 5.76992 5.77005 5.77007 5.77007 5.77007 5.77007 5.77007 5.77007 5.77007 5.75908 5.74557 5.75462 5.77007 5.77007 5.77007 5.77007 5.77007 5.77007 5.77007 5.77007 5.77008 5.77007 5.77008 5.77008 5.77008 5.77008 5.77008 5.77008 5.77007 5.77007 5.77007 5.77007 5.77007 5.77007 5.77007 5.77007 5.77007 5.77007 5.77007 5.77007 5.77007 5.77007
5.77003 5.77007 5.77007 5.77007 5.77007 5.77007 5.77007 5.76993 5.76993 5.77005 5.77007 5.77007 5.77006 5.77006 5.77005 5.77006 5.77006 5.77006 5.76998 5.76997 5.76997 5.77005 5.76992 5.76992 5.77005 5.76996 5.77006 5.77007 5.77007 5.77007 5.77007 5.77007 5.77007 5.75915 5.74379 7.12835 5.69431 5.77007 5.77007 5.77007 5.77007 5.76279 5.76224 5.76503 5.77008 5.77007 5.77008 5.77008 5.77008 5.77008 5.77008 5.77008 5.77008 5.77007 5.77007 5.77007 5.77007 5.77007 5.77007 5.77007 5.77007 5.77007 5.77007 5.77007 5.77007 5.77007 5.77007
5.77004 5.77007 5.77007 5.77007 5.77007 5.77007 5.76987 5.76997 5.76998 5.76999 5.76996 5.76998 5.77005 5.77006 5.77005 5.77003 5.76993 5.77006 5.76998 5.76998 5.76997 5.76992 5.76993 5.76996 5.76995 5.76994 5.77006 5.77007 5.77007 5.77007 5.77007 5.77007 5.77007 5.7591 7.40774 5.74347 5.70574 5.77007 5.77007 5.77007 5.77007 5.76423 7.48175 5.76297 5.77008 5.77007 5.77008 5.77008 5.77008 5.77008 5.77008 5.77008 5.77008 5.77007 5.77007 5.77007 5.77007 5.77007 5.77007 5.77007 5.77007 5.77007 5.77007 5.77007 5.77007 5.77007 5.77007
5.77006 5.77007 5.77007 5.77007 5.77007 5.76992 5.77001 5.76997 5.76997 5.77004 5.76991 5.77002 5.77006 5.76989 5.76995 5.76998 5.76999 5.76999 5.77005 5.76996 5.76997 5.77001 5.76999 5.76998 5.76998 5.76985 5.77007 5.77007 5.77007 5.77007 5.77007 5.77007 5.77007 5.7597 5.7363 5.74109 5.77007 5.77007 5.77007 5.77007 5.77007 5.76624 5.46854 5.51104 5.77008 5.77008 5.77008 5.77008 5.77008 5.77008 5.77008 5.77008 5.77008 5.77007 5.77007 5.77007 5.77007 5.77007 5.77007 5.77007 5.77007 5.77007 5.77007 5.77007 5.77007 5.77007 5.77007
5.77007 5.77007 5.77007 5.77007 5.76994 5.76998 5.76998 5.77003 5.77006 5.77006 5.77005 5.76999 5.76998 5.76996 5.76999 5.77005 5.76999 5.76989 5.77004 5.77004 5.76988 5.76994 5.76999 5.77001 5.77001 5.76999 5.76988 5.77 5.77006 5.77007 5.77007 5.77007 5.77007 5.77007 5.77007 5.77007 5.77007 5.77007 5.77007 5.77007 5.77007 5.77007 5.77007 5.77007 5.77007 5.77008 5.77008 5.77008 5.77008 5.77008 5.77008 5.77008 5.77008 5.77007 5.77007 5.77007 5.77007 5.77007 5.77007 5.77007 5.77007 5.77007 5.77007 5.77007 5.77007 5.77007 5.77007
5.7699 5.76983 5.76978 5.76986 5.76995 5.76998 5.76999 5.77006 5.77007 5.77004 5.76991 5.77004 5.77003 5.77003 5.76999 5.77 5.76993 5.76999 5.76994 5.77005 5.77006 5.76998 5.76998 5.76997 5.76993 5.77004 5.76996 5.77002 5.77007 5.77007 5.77007 5.77007 5.77007 5.77007 5.77007 5.77007 5.77007 5.77007 5.77007 5.77007 5.77007 5.77007 5.77007 5.77007 5.77008 5.77008 5.77008 5.77008 5.77008 5.77008 5.77008 5.77008 5.77007 5.77007 5.77007 5.77007 5.77007 5.77007 5.77007 5.77007 5.77007 5.77007 5.77007 5.77007 5.77007 5.77007 5.77007
5.77003 5.76998 5.77001 5.76999 5.77002 5.77 5.77003 5.77006 5.77006 5.77002 5.76997 5.76995 5.76994 5.76991 5.76994 5.77005 5.76995 5.76999 5.77002 5.76994 5.77001 5.77007 5.77005 5.76991 5.76998 5.76999 5.76996 5.77007 5.77007 5.77007 5.77007 5.77007 5.77007 5.77007 5.77007 5.77007 5.77008 5.77008 5.77008 5.77008 5.77007 5.77007 5.77007 5.77008 5.77008 5.77008 5.77008 5.77008 5.77008 5.77008 5.77008 5.77008 5.77007 5.77007 5.77007 5.77007 5.77007 5.77007 5.77007 5.77007 5.77007 5.77007 5.77007 5.77007 5.77007 5.77007 5.77007
5.76992 5.7699 5.76984 5.76993 5.76994 5.65564 5.70302 5.74346 5.77006 5.77003 5.77002 5.76996 5.77001 5.76999 5.76995 5.76986 5.76994 5.76998 5.76999 5.76999 5.76992 5.77005 5.77006 5.77001 5.76997 5.77004 5.76996 5.77007 5.77007 5.77007 5.77007 5.77007 5.77007 5.77008 5.77008 5.77008 5.77008 5.77008 5.77008 5.77007 5.77007 5.77007 5.77007 5.77008 5.77008 5.77008 5.77008 5.77008 5.77008 5.77008 5.77008 5.77007 5.77007 5.77007 5.77007 5.77007 5.77007 5.77007 5.77007 5.77007 5.77007 5.77007 5.77007 5.77007 5.77007 5.77007 5.77007
5.77005 5.77003 5.77006 5.77006 5.77004 5.71329 6.09137 5.73258 5.77006 5.76994 5.76999 5.77002 5.76995 5.76998 5.77 5.77 5.77 5.76998 5.77 5.77 5.76992 5.77005 5.77007 5.77006 5.76996 5.76998 5.76998 5.77002 5.77006 5.77007 5.77007 5.77007 5.77008 5.77008 5.77008 5.77008 5.77008 5.77008 5.77008 5.77007 5.77007 5.77007 5.77007 5.77008 5.77008 5.77008 5.77008 5.77008 5.77008 5.77008 5.77007 5.77007 5.77007 5.77007 5.77007 5.77007 5.77007 5.77007 5.77007 5.77007 5.77007 5.77007 5.77007 5.77007 5.77007 5.77007 5.77007
5.77007 5.77003 5.71641 5.72324 5.74442 5.75026 5.62736 5.39489 5.77004 5.77003 5.77 5.77002 5.76995 5.76999 5.77 5.76998 5.76993 5.76989 5.76995 5.77001 5.76995 5.77005 5.77007 5.77007 5.77006 5.77003 5.76999 5.76996 5.77007 5.77007 5.77007 5.77008 5.77008 5.77008 5.77008 5.77008 5.77008 5.77008 5.77008 5.77007 5.77007 5.77007 5.77007 5.77008 5.77008 5.77008 5.77008 5.77008 5.77008 5.77007 5.77007 5.77007 5.77007 5.77007 5.77007 5.77007 5.77007 5.77007 5.77007 5.77007 5.77007 5.77007 5.77007 5.77007 5.77007 5.77007 5.77007
5.77006 5.77006 5.72922 6.13138 5.76205 5.77006 5.77005 5.76988 5.76996 5.76991 5.76999 5.76998 5.76993 5.77 5.76998 5.77001 5.76984 5.77007 5.7699 5.77003 5.76996 5.77006 5.75798 5.76301 5.7606 5.77006 5.76998 5.76996 5.77004 5.77008 5.77008 5.77008 5.77008 5.77008 5.77008 5.77008 5.77008 5.77008 5.77008 5.77008 5.7494 5.7656 5.76272 5.77008 5.77008 5.77008 5.77008 5.77008 5.77007 5.77007 5.77007 5.77007 5.77007 5.77007 5.77007 5.77007 5.77007 5.77007 5.77007 5.77007 5.77007 5.77007 5.77007 5.77007 5.77007 5.77007 5.77007
5.77006 5.77006 5.7459 5.74278 5.76307 5.77007 5.77006 5.77003 5.76999 5.76998 5.76996 5.77004 5.76993 5.77 5.76998 5.76992 5.77006 5.77007 5.77006 5.76996 5.76999 5.77004 5.746 6.01975 5.763 5.77007 5.77006 5.77005 5.77007 5.77003 5.77007 5.77006 5.77008 5.77008 5.77008 5.77008 5.77008 5.77008 5.77008 5.77008 5.75846 7.68386 5.76075 5.77008 5.77008 5.77008 5.77008 5.77007 5.77007 5.77007 5.77007 5.77007 5.77007 5.77007 5.77007 5.77007 5.77007 5.77007 5.77007 5.77007 5.77007 5.77007 5.77007 5.77007 5.77007 5.77007 5.77007
5.77006 5.77007 5.77004 5.77006 5.77007 5.77007 5.77005 5.76998 5.77006 5.77004 5.76999 5.76995 5.77004 5.76991 5.77 5.76985 5.77005 5.77007 5.77007 5.77005 5.76996 5.77005 5.75224 5.76505 5.76084 5.75084 5.77006 5.77002 5.77002 5.77006 5.77007 5.77006 5.77007 5.77008 5.77008 5.77008 5.77008 5.77008 5.77008 5.77008 5.76655 5.76882 5.76453 5.77008 5.77008 5.77008 5.77007 5.77007 5.77007 5.77007 5.77007 5.77007 5.77007 5.77007 5.77007 5.77007 5.77007 5.77007 5.77007 5.77007 5.77007 5.77007 5.77007 5.77007 5.77007 5.77007 5.77007
5.77005 5.77007 5.77007 5.77007 5.77007 5.77007 5.77003 5.77006 5.76995 5.76999 5.76997 5.76997 5.77004 5.76992 5.77 5.76998 5.76983 5.77007 5.77007 5.77007 5.77006 5.77002 5.74409 5.73707 6.6278 5.74543 5.76777 5.75974 5.75461 5.76096 5.77007 5.77006 5.77008 5.77008 5.77008 5.77008 5.77008 5.77008 5.77008 5.77008 5.77008 5.77008 5.77008 5.77008 5.77008 5.77007 5.77007 5.77007 5.77007 5.77007 5.77007 5.77007 5.77007 5.77007 5.77007 5.77007 5.77007 5.77007 5.77007 5.77007 5.77007 5.77007 5.77007 5.77007 5.77007 5.77007 5.77007
5.77001 5.77006 5.77007 5.77006 5.77007 5.77006 5.77007 5.77004 5.76997 5.77004 5.76998 5.77002 5.76993 5.76996 5.76992 5.77001 5.76997 5.77001 5.77006 5.77007 5.77007 5.77006 5.75107 6.2012 5.74109 5.75926 5.80899 5.76316 5.88143 5.75575 5.77006 5.77004 5.77007 5.77008 5.77008 5.77008 5.77008 5.77008 5.77008 5.77008 5.77008 5.77008 5.77008 5.77008 5.77008 5.77007 5.77007 5.77007 5.77007 5.77007 5.77007 5.77007 5.77007 5.77007 5.77007 5.77007 5.77007 5.77007 5.77007 5.77007 5.77007 5.77007 5.77007 5.77007 5.77007 5.77007 5.77007
5.76994 5.76996 5.77007 5.77 5.77007 5.77003 5.77004 5.76994 5.76999 5.77001 5.76995 5.76995 5.76998 5.77001 5.76989 5.77003 5.76996 5.76993 5.77007 5.77007 5.77007 5.77007 5.71478 5.72782 5.74174 5.93406 5.8954 5.89489 5.92079 5.74651 5.77004 5.77007 5.77008 5.77008 5.77008 5.77008 5.77008 5.77008 5.77008 5.77008 5.77008 5.77008 5.77008 5.77008 5.77007 5.77007 5.77007 5.77007 5.77007 5.77007 5.77007 5.77007 5.77007 5.77007 5.77007 5.77007 5.77007 5.77007 5.77007 5.77007 5.77007 5.77007 5.77007 5.77007 5.77007 5.77007 5.77007
5.76996 5.76997 5.76998 5.77007 5.77007 5.77006 5.76997 5.76996 5.77003 5.76996 5.76998 5.77 5.76999 5.76999 5.76989 5.77003 5.76998 5.76995 5.77006 5.77007 5.77007 5.77005 5.57783 7.20821 5.74916 5.94918 5.89871 5.92304 5.93983 5.74231 5.77002 5.77007 5.77007 5.77008 5.77008 5.77008 5.77008 5.77008 5.77008 5.77008 5.77008 5.77008 5.77007 5.77007 5.77007 5.77007 5.77007 5.77007 5.77007 5.77007 5.77007 5.77007 5.77007 5.77007 5.77007 5.77007 5.77007 5.77007 5.77007 5.77007 5.77007 5.77007 5.77007 5.77007 5.77007 5.77007 5.77008
5.76998 5.76998 5.77006 5.77007 5.77007 5.77007 5.77006 5.77004 5.76995 5.76996 5.77 5.77 5.77 5.76997 5.77 5.77 5.76995 5.77007 5.77004 5.77007 5.77007 5.77004 5.60939 5.74883 5.75065 5.74455 5.7605 5.73925 5.73945 5.75264 5.77003 5.77004 5.77007 5.77008 5.77008 5.77008 5.77008 5.77008 5.77008 5.77008 5.77008 5.77007 5.77007 5.77007 5.77007 5.77007 5.77007 5.77007 5.77007 5.77007 5.77007 5.77007 5.77007 5.77007 5.77007 5.77007 5.77007 5.77007 5.77007 5.77007 5.77007 5.77007 5.77007 5.77007 5.77007 5.77007 5.77008
5.76999 5.77001 5.77006 5.77007 5.77007 5.77007 5.77007 5.77006 5.77001 5.76986 5.76983 5.76991 5.76992 5.77003 5.76998 5.76995 5.77006 5.77007 5.77007 5.77007 5.77005 5.77007 5.77007 5.73922 7.32704 5.71501 5.77006 5.77002 5.77003 5.77002 5.77 5.77007 5.77007 5.77008 5.77008 5.77008 5.77008 5.77008 5.77008 5.77008 5.77007 5.77007 5.77007 5.77007 5.77007 5.77007 5.77007 5.77007 5.77007 5.77007 5.77007 5.77007 5.77007 5.77007 5.77007 5.77007 5.77007 5.77007 5.77007 5.77007 5.77007 5.77007 5.77007 5.77007 5.77007 5.77007 5.77008
5.77003 5.76996 5.77006 5.77007 5.77006 5.77004 5.76993 5.77006 5.77007 5.77005 5.77005 5.77003 5.77005 5.76999 5.76999 5.76994 5.77006 5.77007 5.77007 5.77007 5.77002 5.77007 5.77007 5.74332 5.73762 5.73639 5.77007 5.77007 5.77002 5.77007 5.77007 5.77006 5.77007 5.77008 5.77008 5.77008 5.77008 5.77008 5.77008 5.77007 5.77007 5.77007 5.77007 5.77007 5.77007 5.77007 5.77007 5.77007 5.77007 5.77007 5.77007 5.77007 5.77007 5.77007 5.77007 5.77007 5.77007 5.77007 5.77007 5.77007 5.77007 5.77007 5.77007 5.77007 5.77007 5.77007 5.77008
5.76999 5.77005 5.77006 5.77005 5.76995 5.77003 5.76998 5.76999 5.76995 5.77006 5.77007 5.77007 5.77006 5.77001 5.76996 5.77001 5.77005 5.77007 5.77007 5.77004 5.77002 5.77004 5.77001 5.77007 5.77007 5.77007 5.77008 5.77007 5.77007 5.77007 5.77008 5.77008 5.77008 5.77008 5.77008 5.77008 5.77008 5.77008 5.77007 5.77007 5.77007 5.77007 5.77007 5.77007 5.77007 5.77007 5.77007 5.77007 5.77007 5.77007 5.77007 5.77007 5.77007 5.77007 5.77007 5.77007 5.77007 5.77007 5.77007 5.77007 5.77007 5.77007 5.77007 5.77007 5.77007 5.77007 5.77008
5.77003 5.77006 5.77007 5.76996 5.77002 5.77005 5.77005 5.77005 5.77001 5.76998 5.77004 5.77006 5.77004 5.76999 5.77006 5.76999 5.76996 5.77006 5.77007 5.77006 5.77005 5.77002 5.77007 5.77007 5.77008 5.77008 5.77008 5.77007 5.77008 5.77008 5.77008 5.77008 5.77008 5.77008 5.77008 5.77008 5.77008 5.77007 5.77007 5.77007 5.77007 5.77007 5.77007 5.77007 5.77007 5.77007 5.77007 5.77007 5.77007 5.77007 5.77007 5.77007 5.77007 5.77007 5.77007 5.77007 5.77007 5.77007 5.77007 5.77007 5.77007 5.77007 5.77007 5.77007 5.77007 5.77007 5.77008
5.76994 5.77007 5.77007 5.76994 5.77005 5.76983 5.76986 5.76996 5.77004 5.77005 5.76999 5.76995 5.77006 5.76995 5.76996 5.77003 5.76998 5.77005 5.77007 5.77007 5.77007 5.77007 5.77007 5.77008 5.77008 5.77008 5.77008 5.77008 5.77008 5.77008 5.77008 5.77008 5.77008 5.77008 5.77008 5.77008 5.77007 5.77007 5.77007 5.77007 5.77007 5.77007 5.77007 5.77007 5.77007 5.77007 5.77007 5.77007 5.77007 5.77007 5.77007 5.77007 5.77007 5.77007 5.77007 5.77007 5.77007 5.77007 5.77007 5.77007 5.77007 5.77007 5.77007 5.77007 5.77007 5.77008 5.77008
5.77001 5.77006 5.77007 5.77006 5.7699 5.76998 5.77002 5.76995 5.7698 5.76999 5.77005 5.77005 5.76993 5.76996 5.76996 5.77004 5.76998 5.77007 5.77007 5.77008 5.77008 5.77007 5.77008 5.77008 5.77008 5.77008 5.77008 5.77008 5.77008 5.77008 5.77008 5.77008 5.77008 5.77008 5.77008 5.77007 5.77007 5.77007 5.77007 5.77007 5.77007 5.77007 5.77007 5.77007 5.77007 5.77007 5.77007 5.77007 5.77007 5.77007 5.77007 5.77007 5.77007 5.77007 5.77007 5.77007 5.77007 5.77007 5.77007 5.77007 5.77007 5.77007 5.77007 5.77007 5.77007 5.77008 5.77008
