tests/full-run-ref/erosion_2010_78_24_-72.835.asc
ncols 512
nrows 512
xllcorner -3.24582
yllcorner -4.08743
cellsize 5
NODATA_value -99999
[rows 93 to 123 of 512, columns 70 to 139 of 512]
2.88512 2.88512 2.88512 2.88512 2.88512 2.88512 2.88512 2.88504 2.88504 2.88504 2.88504 2.88504 2.88504 2.88504 2.88504 2.88504 2.88504 2.88504 2.88504 2.88504 2.88504 2.88504 2.88504 2.88504 2.88504 2.88504 2.88504 2.88504 2.88504 2.88504 2.88504 2.88504 3.34628 6.2178 8.16002 6.96498 4.08001 2.88503 2.88503 2.88503 2.88503 2.88503 2.88503 2.88503 2.88503 4.08001 4.08001 2.88503 2.88503 2.88503 2.88503 2.88503 2.88503 2.88503 2.88503 2.88503 2.88503 2.88503 5.07379 7.95879 10.8438 12.24 11.54 8.65501 5.77001 2.88511 2.88511 2.88511 2.88511 2.88511
2.88512 2.88512 2.88512 2.88512 2.88512 2.88512 2.88504 2.88504 2.88504 2.88504 2.88504 2.88504 2.88504 2.88504 2.88504 2.88504 2.88504 2.88504 2.88504 2.88504 2.88504 2.88504 2.88504 2.88504 2.88504 2.88504 2.88504 2.88504 2.88504 2.88504 2.88504 2.88504 2.88504 5.0228 5.77001 4.08001 2.88503 2.88503 2.88503 2.88503 2.88503 2.88503 2.88503 2.88503 2.88503 2.88503 4.08001 5.77001 2.88503 2.88503 2.88503 2.88503 2.88503 2.88503 2.88503 2.88503 2.88503 2.88503 3.87878 6.76378 8.16002 11.045 12.24 9.85001 6.96501 4.08001 2.88511 2.88511 2.96179 4.15679
2.88512 2.88512 2.88512 2.88512 2.88512 2.88512 2.88504 2.88504 2.88504 2.88504 2.88504 2.88504 2.88504 2.88504 2.88504 2.88504 2.88504 2.88504 2.88504 2.88504 2.88504 2.88504 2.88504 2.88504 2.88504 2.88504 2.88504 2.88504 2.88504 2.88504 2.88504 2.88504 2.88504 4.08001 2.88511 2.88503 2.88503 2.88503 2.88503 2.88503 2.88503 2.88503 2.88503 2.88503 2.88503 2.88503 2.88503 5.77001 2.88503 2.88503 2.88503 2.88503 2.88503 2.88503 2.88503 2.88503 2.88503 2.88503 2.88503 4.08001 6.96501 8.16002 9.9109 11.045 8.16002 6.96501 5.77001 5.11304 5.84679 4.08001
2.88512 2.88512 2.88512 2.88512 2.88512 2.88504 2.88504 2.88504 2.88504 2.88504 2.88504 2.88504 2.88504 2.88504 2.88504 2.88504 2.88504 2.88504 2.88504 2.88504 2.88504 2.88504 2.88504 2.88504 2.88504 2.88504 2.88504 2.88504 2.88504 2.88504 2.88504 2.88504 2.88504 2.88511 2.88511 2.88511 2.88503 2.88503 2.88503 2.88503 2.88503 2.88503 2.88503 2.88503 2.88503 2.88503 2.88503 5.77001 4.08001 2.88503 2.88503 2.88503 2.88503 2.88503 2.88503 2.88503 2.88503 2.88503 2.88503 2.88503 4.08001 5.83089 7.0259 8.2209 11.045 9.85001 8.16002 6.96501 4.08001 2.88511
2.88512 2.88512 2.88512 2.88512 2.88512 2.88504 2.88504 2.88504 2.88504 2.88504 2.88504 2.88504 2.88504 2.88504 2.88504 2.88504 2.88504 2.88504 2.88504 2.88504 2.88504 2.88504 2.88511 2.88511 2.88504 2.88504 2.88504 2.88504 2.88504 2.88504 2.88511 2.88504 2.88511 2.88511 2.88511 2.88503 2.88503 2.88503 2.88503 2.88503 2.88503 2.88503 2.88503 2.88503 2.88503 2.88503 3.96616 6.85116 4.08001 2.88503 2.88503 2.88503 2.88503 2.88503 2.88503 2.88503 2.88503 2.88503 2.88503 2.88503 2.88503 2.94589 4.1409 7.0259 9.9109 8.16002 6.96501 4.08001 2.88511 2.88511
2.88512 2.88512 2.88512 2.88512 2.88512 2.88504 2.88504 2.88504 2.88504 2.88504 2.88504 2.88504 2.88504 2.88504 2.88504 2.88504 2.88504 2.88504 2.88504 2.88504 2.88504 2.88511 2.88511 2.88511 2.88504 2.88504 2.88504 2.88504 2.88504 2.88504 2.88511 2.88511 2.88511 2.88511 2.88511 2.88503 2.88503 2.88503 2.88503 2.88503 2.88503 2.88503 2.88503 2.88503 2.88503 2.88503 2.88503 5.77001 2.88511 2.88503 2.88503 2.88503 2.88503 2.88503 2.88503 2.88503 2.88503 2.88503 2.88503 2.88503 2.88503 2.88503 2.94589 5.83089 8.16002 6.96501 4.08001 2.88511 2.88511 2.88511
2.88512 2.88512 2.88512 2.88512 2.88512 2.88505 2.88505 2.88505 2.88505 2.88505 2.88505 2.88505 2.88505 2.88505 2.88505 2.88505 2.88505 2.88505 2.88504 2.88504 2.88511 2.88511 2.88511 2.88511 2.88511 2.88505 2.88505 2.88505 2.88505 2.88505 2.88511 2.88511 2.88511 2.88511 2.88511 2.88511 2.88503 2.88503 2.88503 2.88503 2.88503 2.88503 2.88503 2.88503 2.88503 2.88503 2.88503 5.76977 2.88511 2.88503 2.88503 2.88503 2.88503 2.88503 2.88503 2.88503 2.88503 2.88503 2.88503 2.88503 2.88503 2.88503 2.88503 5.77001 6.96501 4.08001 2.88511 2.88511 2.88511 2.88511
2.88512 2.88512 2.88512 2.88512 2.88512 2.88505 2.88505 2.88505 2.88505 2.88505 2.88505 2.88505 2.88505 2.88505 2.88505 2.88505 2.88505 2.88505 2.88504 4.08001 2.88511 2.88511 2.88511 2.88511 2.88511 2.88511 2.88505 2.88505 2.88505 2.88505 2.88511 2.88511 2.88511 2.88511 2.88511 2.88511 2.88511 2.88503 2.88503 2.88503 2.88503 2.88503 2.88503 2.88503 2.88503 2.88503 2.88503 4.08001 2.88502 2.88503 2.88503 2.88503 2.88503 2.88503 2.88503 2.88503 2.88503 2.88503 2.88503 2.88503 2.88503 2.88503 2.88503 5.77001 4.08001 2.88511 2.88511 2.88511 2.88511 2.88511
2.88512 2.88512 2.88512 2.88512 2.88512 2.88504 2.88504 2.88504 2.88504 2.88504 2.88504 2.88504 2.88504 2.88504 2.88504 2.88504 2.88504 2.88504 2.88504 4.08001 4.08001 2.88511 2.88511 2.88511 2.88511 2.88511 2.88511 2.88505 2.88505 2.88511 2.88511 2.88511 2.88511 2.88511 2.88511 2.88511 2.88511 2.88511 2.88503 2.88503 2.88503 2.88503 2.88503 2.88503 2.88503 2.88503 4.08001 2.88503 2.88503 2.88503 2.88503 2.88503 2.88503 2.88503 2.88503 2.88503 2.88503 2.88503 2.88503 2.88503 2.88503 2.88503 2.88503 4.08001 2.88511 2.88511 2.88511 2.88511 2.88511 2.88511
2.88512 2.88512 2.88512 2.88512 2.88512 2.88504 2.88504 2.88504 2.88504 2.88504 2.88504 2.88504 2.88504 2.88504 2.88504 2.88504 2.88504 2.88504 2.88504 2.88504 4.08001 2.88511 2.88511 2.88511 2.88511 2.88511 2.88511 2.88511 2.88511 2.88511 2.88511 2.88511 2.88511 2.88511 2.88511 2.88511 2.88511 2.88511 2.88503 2.88503 2.88503 2.88503 2.88503 2.88503 2.88503 2.88503 2.88511 2.88503 2.88503 2.88503 2.88503 2.88503 2.88503 2.88503 2.88503 2.88503 2.88503 2.88503 2.88503 2.88503 2.88503 2.88503 2.88503 2.88511 2.88511 2.88511 2.88511 2.88511 2.88511 2.88511
2.88512 2.88512 2.88512 2.88512 2.88511 2.88504 2.88504 2.88504 2.88504 2.88504 2.88504 2.88504 2.88504 2.88504 2.88504 2.88504 2.88504 2.88504 2.88504 2.88504 2.88504 2.88511 2.88511 2.88511 2.88511 2.88511 2.88511 2.88511 2.88511 2.88511 2.88511 2.88511 2.88511 2.88511 2.88511 2.88511 2.88511 2.88503 2.88503 2.88503 2.88503 2.88503 2.88503 2.88503 2.88503 2.88503 2.88511 2.88503 2.88503 2.88503 2.88503 2.88503 2.88503 2.88503 2.88503 2.88503 2.88503 2.88503 2.88503 2.88503 2.88503 2.88503 2.88503 2.88511 2.88511 2.88511 2.88511 2.88511 2.88511 2.88511
2.88512 2.88512 2.88512 2.88512 2.88511 2.88504 2.88504 2.88504 2.88504 2.88504 2.88504 2.88504 2.88504 2.88504 2.88504 2.88504 2.88504 2.88504 2.88504 2.88504 2.88504 2.88511 2.88511 2.88511 2.88511 2.88511 2.88511 2.88511 2.88511 2.88511 2.88511 2.88511 2.88511 2.88511 2.88511 2.88511 2.88503 2.88503 2.88503 2.88503 2.88503 2.88511 2.88511 2.88503 2.88503 2.88511 2.88511 2.88503 2.88503 2.88503 2.88503 2.88503 2.88503 2.88503 2.88503 2.88503 2.88503 2.88503 2.88503 2.88503 2.88503 2.88503 2.8851 2.8851 2.88511 2.88511 2.88511 2.88511 2.88511 2.88511
2.88512 2.88512 2.88512 2.88511 2.88511 2.88504 2.88504 2.88504 2.88504 2.88504 2.88504 2.88504 2.88504 2.88504 2.88504 2.88504 2.88504 2.88504 2.88504 2.88504 2.88504 2.88511 2.88511 2.88511 2.88511 2.88511 2.88511 2.88511 2.88511 2.88511 2.88511 2.88511 2.88511 2.88511 2.88511 2.88503 2.88503 2.88503 2.88503 2.88503 2.88511 2.88511 2.88511 2.88511 2.88511 2.88511 2.88503 2.88503 2.88503 2.88503 2.88503 2.88503 2.88503 2.88503 2.88503 2.88503 2.88503 2.88503 2.88503 2.88503 2.88503 2.8851 2.8851 2.88511 2.8851 2.8851 2.8851 2.8851 2.8851 2.8851
2.88512 2.88512 2.88511 2.88511 2.88504 2.88504 2.88504 2.88504 2.88504 2.88504 2.88504 2.88504 2.88504 2.88504 2.88504 2.88504 2.88504 2.88504 2.88504 2.88504 2.88511 2.88511 2.88511 2.88511 2.88511 2.88511 2.88511 2.88511 2.88511 2.88511 2.88511 2.88511 2.88511 2.88511 2.88503 2.88503 2.88503 2.88503 2.88503 2.88511 2.88511 2.88512 2.88512 2.88511 2.88511 2.88503 2.88503 2.88503 2.88503 2.88503 2.88503 2.88503 2.88503 2.88503 2.88503 2.88503 2.88503 2.88503 2.88503 2.88503 2.88503 2.88503 2.8851 2.88511 2.8851 2.8851 2.8851 2.8851 2.8851 2.8851
2.88512 2.88512 2.88511 2.88504 2.88504 2.88504 2.88504 2.88504 2.88504 2.88504 2.88504 2.88504 2.88504 2.88504 2.88504 2.88504 2.88504 2.88504 2.88504 4.08001 4.08001 2.88511 2.88511 2.88511 2.88511 2.88511 2.88511 2.88511 2.88511 2.88511 2.88511 2.88511 2.88511 2.88503 2.88503 2.88503 2.88503 2.88503 2.88511 2.88511 2.88512 2.88512 2.88511 2.88511 2.88503 2.88503 2.88503 2.88503 2.88503 2.88503 2.88503 2.88503 2.88503 2.88503 2.88503 2.88503 2.88503 2.88503 2.88503 2.88503 2.88503 2.8851 2.8851 2.88511 2.8851 2.8851 2.8851 2.8851 2.8851 2.8851
2.88512 2.88511 2.88511 2.88504 2.88504 2.88504 2.88504 2.88504 2.88504 2.88504 2.88504 2.88504 2.88504 2.88504 2.88504 2.88504 2.88504 2.88504 2.88504 5.77001 2.88511 2.88511 2.88511 2.88511 2.88511 2.88511 2.88511 2.88511 2.88511 2.88511 2.88511 2.88511 2.88503 2.88503 2.88503 2.88503 2.88503 2.88511 2.88511 2.88512 2.88512 2.88511 2.88511 2.88503 2.88503 2.88503 2.88503 2.88503 2.88503 2.88503 2.88503 2.88503 2.88503 2.88503 2.88503 2.88503 2.88511 2.88511 2.88511 2.8851 2.8851 2.8851 2.88511 2.88511 2.8851 2.8851 2.8851 2.8851 2.8851 2.8851
2.88511 2.88511 2.88504 2.88504 2.88504 2.88504 2.88504 2.88504 2.88504 2.88504 2.88504 2.88504 2.88504 2.88504 2.88504 2.88504 2.88504 2.88504 2.88504 5.76977 2.88511 2.88511 2.88511 2.88511 2.88511 2.88511 2.88511 2.88511 2.88511 2.88511 2.88511 2.88504 2.88503 2.88503 2.88503 2.88503 2.88511 2.88511 2.88512 2.88512 2.88511 2.88511 2.88503 2.88503 2.88503 2.88503 2.88503 2.88503 2.88503 2.88503 2.88503 2.88503 2.88503 2.88503 2.88503 2.88503 2.88511 2.88511 2.88511 2.88511 2.88511 2.88511 2.88511 2.88511 2.8851 2.8851 2.8851 2.8851 2.8851 2.8851
2.88511 2.88504 2.88504 2.88504 2.88504 2.88504 2.88504 2.88504 2.88504 2.88504 2.88504 2.88504 2.88504 2.88504 2.88504 2.88504 2.88504 2.88504 2.88504 5.77001 4.08001 2.88511 2.88511 2.88511 2.88511 2.88511 2.88511 2.88511 2.88511 2.88511 2.88504 2.88504 2.88503 2.88503 2.88503 2.88511 2.88511 2.88512 2.88512 2.88512 2.88511 2.88503 2.88503 2.88503 2.88503 2.88503 2.88503 2.88503 2.88503 2.88503 2.88503 2.88503 2.88503 2.88503 2.88503 2.88503 2.88511 2.88511 2.88511 2.88511 2.88511 2.88511 2.88511 2.88511 2.8851 2.8851 2.8851 2.8851 2.8851 2.8851
2.88504 2.88504 2.88504 2.88504 2.88504 2.88504 2.88504 2.88504 2.88504 2.88504 2.88504 2.88504 2.88504 2.88504 2.88504 2.88504 2.88504 2.88504 2.88504 5.77001 5.77001 2.88511 2.88511 2.88511 2.88511 2.88511 2.88511 2.88511 2.88511 2.88504 2.88504 2.88504 2.88503 2.88503 2.88511 2.88511 2.88512 2.88512 2.88512 2.88511 2.88511 2.88503 2.88503 2.88503 2.88503 2.88503 2.88503 2.88503 2.88503 2.88503 2.88503 2.88503 2.88503 2.88503 2.88503 2.88503 2.88511 2.88503 2.88511 2.88511 2.88511 2.88511 2.88511 2.88511 2.8851 2.8851 2.8851 2.8851 2.8851 2.8851
2.88504 2.88504 2.88504 2.88504 2.88504 2.88504 2.88504 2.88504 2.88504 2.88504 2.88504 2.88504 2.88504 2.88504 2.88504 2.88504 2.88504 2.88504 2.88504 5.77001 5.77001 2.88511 2.88511 2.88511 2.88511 2.88511 2.88511 2.88511 2.88504 2.88504 2.88504 2.88504 2.88503 2.88511 2.88511 2.88511 2.88511 2.88511 2.88511 2.88511 2.88503 2.88503 2.88503 2.88503 2.88503 2.88503 2.88503 2.88503 2.88503 2.88503 2.88503 2.88503 2.88503 2.88503 2.88503 2.88503 2.88503 2.88511 2.88511 2.88511 2.88511 2.88511 2.88511 2.88511 2.8851 2.8851 2.8851 2.8851 2.8851 2.8851
2.88504 2.88504 2.88504 2.88504 2.88504 2.88504 2.88504 2.88504 2.88504 2.88504 2.88504 2.88504 2.88504 2.88504 2.88504 2.88504 2.88504 2.88504 2.88504 5.77001 5.77001 2.88511 2.88511 2.88511 2.88511 2.88511 2.88511 2.88504 2.88504 2.88504 2.88504 2.88504 2.88511 2.88511 2.88511 2.88511 2.88511 2.88511 2.88511 2.88511 2.88503 2.88503 2.88503 2.88503 2.88503 2.88503 2.88503 2.88503 2.88503 2.88503 2.88503 2.88503 2.88503 2.88503 2.88503 2.88503 2.88511 2.88511 2.88511 2.88511 2.88511 2.88511 2.88511 2.88511 2.8851 2.8851 2.8851 2.8851 2.8851 2.8851
2.88504 2.88504 2.88504 2.88504 2.88504 2.88504 2.88504 2.88504 2.88504 2.88504 2.88504 2.88504 2.88504 2.88504 2.88504 2.88504 2.88504 2.88504 2.88504 4.08001 5.77001 2.88511 2.88511 2.88511 2.88511 2.88511 2.88504 2.88504 2.88504 2.88504 2.88504 2.88511 2.88511 2.88511 2.88511 2.88511 2.88511 2.88511 2.88511 2.88503 2.88503 2.88503 2.88503 2.88503 2.88503 2.88503 2.88503 2.88503 2.88503 2.88503 2.88503 2.88503 2.88503 2.88503 2.88503 2.88511 2.88511 2.88511 2.88511 2.88511 2.88511 2.88511 2.88511 2.88511 2.8851 2.8851 2.8851 2.8851 2.8851 2.8851
2.88504 2.88504 2.88504 2.88504 2.88504 2.88504 2.88504 2.88504 2.88504 2.88504 2.88504 2.88504 2.88504 4.08001 2.88504 2.88504 2.88504 2.88504 2.88504 2.88504 4.08001 2.88504 2.88511 2.88511 2.88511 2.88504 2.88504 2.88504 2.88504 2.88504 2.88511 2.88511 2.88511 2.88511 2.88511 2.88511 2.88511 2.88511 2.88503 2.88503 2.88503 2.88503 2.88503 2.88503 2.88503 2.88503 2.88503 2.88503 2.88503 2.88503 2.88503 2.88503 2.88503 2.88503 2.88511 3.67569 4.08001 2.88511 2.88511 2.88511 2.88511 2.88511 2.88511 2.88511 2.8851 2.8851 2.8851 2.8851 2.8851 2.8851
2.88504 2.88504 2.88504 2.88504 2.88504 2.88504 2.88504 2.88504 2.88504 2.88504 2.88504 2.88504 4.08001 6.96501 4.08001 2.88504 2.88504 2.88504 2.88504 2.88504 2.88504 2.88511 2.88511 2.88511 2.88504 2.88504 2.88504 2.88504 2.88504 2.88511 2.88511 2.88511 2.88511 2.88511 2.88511 2.88511 2.88511 2.88503 2.88503 2.88503 2.88503 2.88503 2.88503 2.88503 2.88503 2.88503 2.88503 2.88503 2.88503 2.88503 2.88503 4.08001 5.38807 4.60536 4.74653 5.67024 4.93843 4.08001 2.88511 2.88511 2.88511 2.88511 2.88511 2.88511 2.8851 2.8851 2.8851 2.8851 2.8851 2.8851
2.88504 2.88504 2.88504 2.88504 2.88504 2.88504 2.88504 2.88504 2.88504 2.88504 2.88504 2.88504 4.08001 6.96501 6.96501 4.08001 2.88504 2.88504 2.88504 2.88504 2.88504 2.88511 2.88511 2.88504 2.88504 2.88504 2.88504 2.88504 2.88511 2.88511 2.88511 2.88511 2.88511 2.88511 2.88511 2.88511 2.88511 2.88504 2.88504 2.88504 2.88504 2.88504 2.88504 2.88504 2.88504 2.88504 2.88504 2.88504 2.88504 2.88504 2.88504 2.88511 2.88504 2.88511 3.83514 2.88511 2.88511 4.0101 2.88511 2.88511 2.88511 2.88511 2.88511 2.88511 2.8851 2.8851 2.8851 2.8851 2.8851 2.8851
2.88504 2.88504 2.88504 2.88504 2.88504 2.88504 2.88504 2.88504 2.88504 2.88504 2.88504 2.88504 2.88504 5.77001 8.16002 6.96501 4.08001 2.88511 2.88511 2.88504 2.88511 2.88511 2.88504 2.88504 2.88504 2.88504 2.88504 2.88511 2.88511 2.88511 2.88511 2.88511 2.88511 2.88511 2.88511 2.88511 2.88504 2.88504 2.88504 2.88504 2.88504 2.88504 2.88504 2.88504 2.88504 2.88504 2.88504 2.88504 2.88504 2.88504 2.88504 2.88504 2.88511 2.88511 2.88511 2.88511 2.88511 2.88511 2.88511 2.88511 2.88511 2.88511 2.88511 2.88511 2.8851 2.8851 2.8851 2.8851 2.8851 2.8851
2.88511 2.88504 2.88504 2.88504 2.88504 2.88504 2.88504 2.88504 2.88504 2.88504 2.88504 2.88504 4.08001 6.96501 9.11284 8.16002 5.77001 2.88511 2.88511 2.88511 2.88511 2.88504 2.88504 2.88504 2.88504 2.88504 2.88511 2.88511 2.88511 2.88511 2.88511 2.88511 2.88511 2.88511 2.88511 2.88511 2.88504 2.88504 2.88504 2.88504 2.88504 2.88504 2.88504 2.88504 2.88504 2.88504 2.88504 2.88504 2.88504 2.88504 2.88504 2.88511 2.88511 2.88511 2.88511 2.88511 2.88511 2.88511 2.88511 2.88511 2.88511 2.88511 2.88511 2.88511 2.8851 2.8851 2.8851 2.8851 2.8851 2.8851
2.88511 2.88511 2.88504 2.88504 2.88504 2.88504 2.88504 2.88504 2.88504 2.88504 2.88504 2.88504 3.83783 5.03283 7.91783 6.96501 4.08001 2.88511 2.88511 2.88511 2.88504 2.88504 2.88504 2.88504 2.88504 2.88511 2.88511 2.88511 2.88511 2.88511 2.88511 2.88511 2.88511 2.88511 2.88511 2.88511 2.88504 2.88504 2.88504 2.88504 2.88504 2.88504 2.88504 2.88504 2.88504 2.88504 2.88504 2.88504 2.88504 2.88504 2.88511 2.88511 2.88511 2.88511 2.88511 2.88511 2.88511 2.88511 2.88511 2.88511 2.88511 2.88511 2.88511 2.88511 2.8851 2.8851 2.8851 2.8851 2.8851 2.88504
2.88512 2.88511 2.88511 2.88504 2.88504 2.88504 2.88504 2.88504 2.88504 2.88504 2.88504 2.88504 2.88504 3.83783 6.72283 5.77001 2.88511 2.88511 2.88511 2.88504 2.88504 2.88504 2.88504 2.88504 2.88511 2.88511 2.88511 2.88511 2.88511 2.88511 2.88511 2.88511 2.88511 2.88511 2.88511 2.88511 2.88504 2.88504 2.88504 2.88504 2.88504 2.88504 2.88504 2.88504 2.88504 2.88504 2.88504 2.88504 2.88504 2.88511 2.88511 2.88511 2.88511 2.88511 2.88511 2.88511 2.88511 2.88511 2.88511 2.88511 2.88511 2.88511 2.88511 2.88511 2.8851 2.8851 2.8851 2.8851 2.88504 2.88504
2.88512 2.88512 2.88511 2.88504 2.88504 2.88504 2.88504 2.88504 2.88504 2.88504 2.88504 2.88504 2.88504 2.88504 4.08001 6.96501 4.08001 2.88511 2.88504 2.88504 2.88504 2.88504 2.88504 2.88511 2.88511 2.88511 2.88511 2.88511 2.88511 2.88511 2.88511 2.88511 2.88511 2.88511 2.88511 2.88511 2.88504 2.88504 2.88504 2.88504 2.88504 2.88504 2.88504 2.88504 2.88504 2.88504 2.88504 2.88504 2.88511 2.88511 2.88511 2.88511 2.88511 2.88511 2.88511 2.88511 2.88511 2.88511 2.88511 2.88511 2.88511 2.88511 2.88511 2.88511 2.88511 2.8851 2.8851 2.88504 2.88504 2.88504
2.88512 2.88512 2.88511 2.88504 2.88504 2.88504 2.88504 2.88504 2.88504 2.88504 2.88504 2.88504 2.88504 2.88504 2.88504 4.08001 2.88511 2.88504 2.88504 2.88504 2.88504 2.88504 2.88511 2.88511 2.88511 2.88511 2.88511 2.88511 2.88511 2.88511 2.88511 2.88511 2.88511 2.88511 2.88511 2.88511 2.88504 2.88504 2.88504 2.88504 2.88504 2.88504 2.88504 2.88504 2.88504 2.88504 2.88504 2.88511 2.88511 2.88511 2.88511 2.88511 2.88511 2.88511 2.88511 2.88511 2.88511 2.88511 2.88511 2.88511 2.88511 2.88511 2.88511 2.88511 2.8851 2.8851 2.88504 2.88504 2.88504 2.88504
