tests/full-run-ref/erosion_78_16_47.110.asc
ncols 512
nrows 512
xllcorner -3.24582
yllcorner -4.08743
cellsize 5
NODATA_value -99999
[rows 352 to 395 of 512, columns 192 to 287 of 512]
0 0 0 0 0 0 0 0 0 0 0 0 0 0 0 0 0 0 0 0 0 0 0 0 0 0 0 0 0 0 0 0 0 0 0 0 0 0 30.5488 56.4993 0 0 0 0 55.1181 53.1174 55.1175 58.7586 55.1178 60.6862 55.1177 58.7847 55.1181 58.7806 52.7281 55.0933 52.7286 53.1189 0 0 0 0 55.1193 52.7291 55.0986 52.7291 55.0985 52.7292 53.1192 50.7289 53.0992 50.7289 53.0948 54.7291 55.1191 0 0 0 0 0 0 0 0 0 0 30.25 30.25 0 0 0 0 0 0 0 0 0
0 0 0 0 0 0 0 0 0 0 0 0 0 0 0 0 0 0 0 0 0 0 0 0 0 0 0 0 0 0 0 0 9.83292 0 0 0 0 0 28.2479 58.6825 0 0 54.7292 0 0 0 0 0 68.8469 0 68.866 63.278 68.8471 63.2784 66.5853 60.8886 0 0 0 0 0 0 0 0 0 0 0 61.2794 0 61.2613 58.8889 61.2547 66.7809 65.2792 62.8891 63.2792 0 0 0 0 0 0 0 0 38.41 97.9201 103.69 0 0 0 0 0 0 0 0 0
0 0 0 0 0 0 0 0 0 0 0 0 0 0 0 0 0 0 0 0 0 0 0 0 0 0 0 0 0 20.4796 20.4792 22.479 22.4786 24.4788 11.8628 16.319 0 30.0925 0 0 0 70.9518 68.6588 71.0286 0 0 0 0 0 0 0 0 0 0 0 69.4391 0 0 0 0 0 0 0 0 0 0 0 0 0 0 0 0 0 0 0 0 0 0 0 0 0 0 0 0 38.41 38.41 40.8 30.25 0 0 0 0 0 0 0 0
0 0 0 0 0 0 0 0 0 0 0 0 0 0 0 0 0 0 0 0 0 0 0 0 0 0 0 0 0 28.6395 30.6394 30.638 32.6383 30.2482 32.6147 30.2485 35.7936 0 0 75.2088 79.2093 76.819 79.1875 76.8188 0 0 0 0 0 0 0 0 0 0 77.5991 75.209 75.5993 0 0 0 0 0 0 0 0 0 0 0 0 0 0 0 0 0 0 0 0 0 0 0 0 0 0 0 100.978 0 0 32.64 30.25 30.25 30.25 30.25 30.25 30.25 30.25 30.25
0 0 0 0 0 0 0 0 0 0 0 0 0 0 0 0 0 0 0 0 0 32.7999 0 0 0 0 0 0 34.2798 38.7995 38.7992 69.9154 38.4072 44.1789 38.408 43.9451 0 0 83.2991 0 0 87.35 84.9791 85.3691 82.9787 0 0 0 0 0 0 0 0 85.7591 83.369 83.7592 81.3691 81.7594 0 0 0 0 0 0 0 0 0 0 83.7425 81.3692 0 0 0 83.5936 0 57.1078 0 0 0 0 0 0 0 0 0 0 40.8 30.25 30.25 30.25 30.25 30.25 30.25 30.25 30.25 30.25
0 0 0 0 0 0 0 0 0 0 0 0 0 0 0 0 0 0 0 0 0 0 38.9598 0 0 0 0 0 0 0 38.4095 38.41 52.3056 46.4171 52.1368 46.5662 0 89.4594 0 0 0 0 0 0 91.529 0 0 0 0 0 0 0 0 0 91.9192 89.5291 89.9194 87.5293 87.9195 0 0 0 0 0 0 0 0 0 0 0 0 0 0 0 91.7344 89.3635 57.1079 0 0 0 0 0 0 103.69 0 55.7199 49.95 32.6399 30.25 30.25 30.25 30.25 30.25 30.25 30.25 30.25
0 0 0 0 0 0 0 0 0 0 0 0 0 0 0 0 0 0 0 0 0 0 0 0 0 0 0 0 42.9598 55.0047 55.1192 60.193 54.7287 60.2685 54.7261 84.1593 95.6196 0 0 0 0 0 0 0 0 97.6889 0 0 0 0 0 0 0 0 0 98.0794 95.6893 96.0795 93.6894 94.0796 0 0 0 0 0 0 0 0 0 0 0 0 0 0 67.6026 99.2996 96.9095 97.2996 0 0 0 0 0 0 0 53.33 47.5599 34.6197 30.25 30.25 30.25 30.25 30.25 30.25 30.25 30.25
0 0 0 0 0 0 0 0 0 0 0 0 0 0 0 0 0 0 0 0 0 0 0 0 0 0 0 56.9556 63.2798 63.2795 92.6675 62.8886 68.584 62.8877 68.4553 100.511 0 0 0 0 0 0 0 0 0 0 0 0 0 0 0 0 0 0 0 0 104.239 101.849 102.24 99.8495 100.24 0 0 0 0 0 0 0 0 0 0 0 97.2995 14.7518 14.752 100.917 105.46 103.07 104.68 0 0 0 0 0 56.6978 50.9398 45.1697 37.0096 30.2498 30.25 30.25 30.25 30.25 30.25 30.25 30.25
0 0 0 0 0 0 0 0 0 0 0 0 0 0 0 0 0 0 0 0 0 0 0 0 0 0 45.3123 69.4398 71.4395 100.779 102.828 76.8194 70.8936 76.617 71.0467 0 0 0 0 0 0 0 0 0 0 0 0 0 0 0 0 0 0 0 0 0 0 110.4 108.01 108.4 106.01 106.4 0 0 0 0 0 0 0 0 0 113.991 111.619 98.209 98.209 113.62 111.23 112.84 110.45 112.819 68.2498 112.796 0 60.0567 54.3077 48.5495 42.7795 37.0095 31.2398 30.25 30.25 30.25 30.25 30.25 30.25 30.25
0 0 0 0 0 0 0 0 0 0 0 0 0 0 0 0 0 0 0 0 0 0 0 0 0 65.5998 75.5998 71.548 0 109.479 0 79.2094 84.8252 79.2086 84.6736 0 0 0 0 0 0 0 0 0 0 0 0 0 0 0 0 0 0 0 0 0 0 0 116.56 114.17 114.56 85.2441 0 0 0 0 0 0 0 0 0 0 122.152 119.779 98.2091 118.486 121 118.61 120.979 118.61 120.979 68.2496 0 62.4796 56.7095 50.9394 45.1695 39.3994 30.2495 30.25 30.25 30.25 30.25 30.25 30.25 30.25
0 0 0 0 0 0 0 0 0 0 0 0 0 0 0 0 0 0 0 0 0 0 0 0 0 70.0581 0 0 0 98.9097 0 90.6862 98.3231 93.1395 98.606 0 0 0 0 0 0 0 0 0 0 0 0 0 0 0 0 0 0 0 0 0 0 0 0 122.72 120.33 117.94 120.312 0 0 0 0 0 0 0 0 0 0 129.94 127.55 129.16 126.77 129.139 126.77 129.139 126.77 0 70.6392 64.8695 62.4796 58.3413 52.5714 46.8013 31.2394 0 0 0 0 0 0 0
0 0 0 0 0 0 0 0 0 0 0 0 0 0 0 0 0 0 0 0 0 0 0 0 0 77.7026 0 0 170.092 98.9097 26.3436 107.07 101.3 106.868 101.3 106.868 0 0 0 0 0 0 0 0 0 0 0 0 0 0 0 0 0 0 0 0 0 0 0 0 110.713 128.471 126.1 128.469 0 0 0 0 0 0 0 0 0 0 137.32 134.93 137.299 134.93 137.299 134.803 0 82.1792 76.4095 70.6396 66.5014 60.7312 50.181 44.4111 38.6412 30.2499 0 0 0 0 0 0
0 0 0 0 0 0 0 0 0 0 0 0 0 0 0 0 0 0 0 0 0 0 0 0 0 97.8331 0 169.581 170.092 98.9095 115.23 109.46 115.028 0 0 0 0 0 0 0 0 0 0 0 0 0 0 0 0 0 0 0 0 0 0 0 0 0 0 0 136.631 134.26 136.629 54.7779 0 0 0 0 0 0 0 0 0 0 0 145.46 143.09 145.48 142.963 0 90.3386 81.4207 75.6509 69.881 64.111 58.3408 52.571 44.4111 38.6412 30.2497 30.25 30.25 30.25 30.25 30.25 30.25
0 0 0 0 0 0 0 0 0 0 0 0 0 0 0 0 0 0 0 0 0 0 0 0 0 0 106 0 133.911 123.39 117.62 123.252 117.62 0 0 0 97.3065 0 0 0 0 0 0 0 0 0 0 0 0 0 0 0 0 0 0 0 0 0 0 0 0 0 35.9511 135.684 142.402 0 0 0 0 0 0 0 0 0 0 0 153.533 0 108.983 98.4987 92.7287 83.8101 78.0399 72.2697 66.4996 60.7298 50.1801 41.7893 38.6413 30.2497 30.25 30.25 30.25 30.25 30.25 30.25
0 0 0 0 0 0 0 0 0 0 0 0 0 0 0 0 0 0 0 0 0 0 0 0 0 0 0 114.168 0 0 131.471 125.78 129.464 125.78 0 0 61.5348 122.413 0 0 0 0 0 0 0 0 0 0 0 0 0 0 0 0 0 0 0 0 0 0 0 0 55.5483 150.561 0 150.561 0 0 0 0 0 0 0 0 0 0 0 0 106.659 100.889 106.522 100.795 109.584 105.194 105.195 42.7796 0 39.3993 33.6295 30.2498 30.25 30.25 30.25 30.25 30.25 30.25
0 0 0 0 0 0 0 0 0 0 0 0 0 0 0 0 0 0 0 0 0 0 0 0 0 0 0 0 0 120.01 0 0 120.649 135.71 133.32 61.5349 61.5348 61.5348 0 0 0 0 0 0 0 0 0 0 0 0 0 0 0 0 0 0 0 0 0 0 0 0 0 0 0 0 0 0 0 0 0 0 0 156.58 158.58 112.43 112.429 0 109.048 114.477 109.049 118.554 113.355 110.965 105.194 0 0 37.0009 31.2396 0 0 0 0 0 0 0
0 0 0 0 0 0 0 0 0 0 0 0 0 0 0 0 0 0 0 0 0 0 0 0 0 0 0 0 0 0 0 0 0 0 141.87 61.5349 61.5349 61.5348 61.5348 0 0 0 0 0 0 0 0 0 0 0 0 0 0 0 0 0 0 0 0 0 0 0 0 0 156.35 0 0 0 0 0 0 0 161.96 162.35 172.88 171.289 114.818 38.0033 168.957 117.207 127.284 121.515 119.125 113.242 0 50.9363 40.373 34.6148 0 0 0 0 0 0 0 0
0 0 0 0 0 0 0 0 0 0 0 0 0 0 0 0 0 0 0 0 0 0 0 0 0 0 0 0 0 0 0 0 0 141.48 139.48 148.03 61.5348 61.5348 61.5348 61.5347 0 0 0 0 150.26 156.03 0 0 0 0 0 0 0 0 0 0 0 0 0 0 0 0 162.9 162.9 162.9 162.9 0 0 171.109 167.453 0 173.498 175.862 178.24 183.707 170.948 195.508 201.11 117.209 212.878 85.4602 127.285 121.515 116.735 0 0 42.7793 37.0093 31.2395 0 0 0 0 0 0 0
0 0 0 0 0 0 0 0 0 0 0 0 0 0 0 0 0 0 0 0 0 0 0 0 0 0 0 0 0 0 0 0 0 145.48 147.64 153.662 154.19 61.5348 61.5348 61.5347 145.48 145.479 147.869 150.259 156.03 161.8 166.99 0 0 0 0 0 0 0 0 0 0 0 0 0 0 176.989 176.829 176.439 176.829 176.438 178.802 178.438 0 0 276.751 276.751 267.497 256.948 178.279 178.279 233.456 223.955 139.813 142.202 134.044 128.275 122.505 116.735 0 0 45.1694 39.3994 30.2494 30.2499 30.2499 0 0 0 0 0
0 0 0 0 0 0 0 0 0 0 0 0 0 0 0 0 0 0 0 0 0 0 0 0 0 0 0 0 0 0 0 0 0 147.64 150.26 153.8 159.791 61.5349 61.5347 151.8 151.8 153.64 150.259 156.029 156.029 169.96 175.15 175.15 175.15 0 0 0 0 0 0 0 0 0 0 0 184.369 186.758 276.751 276.751 276.751 276.751 276.751 276.751 0 238.315 0 0 276.752 259.339 248.789 243.019 236.895 226.345 220.572 139.72 134.045 128.275 122.505 116.735 0 0 47.5595 41.7895 33.6298 36.0178 0 0 0 0 0 0
0 0 0 0 0 0 0 0 0 0 0 0 0 0 0 0 0 0 0 0 0 0 0 0 0 0 0 0 0 0 0 0 0 150.26 156.03 156.03 156.03 156.03 157.96 157.96 159.8 159.8 161.8 161.8 164.189 169.959 178.12 181.7 181.31 181.31 0 0 0 0 0 0 0 0 0 190.529 194.919 276.751 276.752 196.69 196.69 196.69 196.69 0 0 0 0 0 0 276.752 251.178 240.628 234.859 228.735 0 0 117.619 119.797 109.46 116.735 0 0 49.9495 45.1695 39.3994 33.6288 0 0 0 0 0 0
0 0 0 0 0 0 0 0 0 0 0 0 0 0 0 0 0 0 0 0 0 0 0 0 0 0 0 0 0 0 0 0 0 0 160.81 167.73 165.34 165.34 165.34 165.96 165.96 167.96 167.96 176.491 178.117 180.475 193.795 187.86 187.86 187.86 187.47 0 0 0 0 0 0 0 196.689 198.877 275.862 276.752 196.69 196.69 196.69 196.69 0 0 0 0 0 0 0 0 276.752 0 229.088 154.347 0 0 111.83 109.459 111.58 101.3 0 0 53.3296 47.5593 41.7888 36.0178 0 0 0 0 0 0
0 0 0 0 0 0 0 0 0 0 0 0 0 0 0 0 0 0 0 0 0 0 0 0 0 0 0 0 0 0 0 0 0 0 0 168.97 173.5 181.66 180.049 180.279 180.668 182.278 182.668 184.276 276.75 276.75 203.397 203.789 194.02 194.02 194.02 193.63 0 0 111.751 111.751 200.9 202.849 0 196.69 276.752 196.69 196.69 196.69 196.69 196.69 0 0 0 0 0 0 0 0 272.204 217.548 0 0 0 0 109.46 103.669 101.299 103.69 0 0 55.7194 49.949 44.178 0 0 0 0 0 0 0
0 0 0 0 0 0 0 0 0 0 0 0 0 0 0 0 0 0 0 0 0 0 0 0 0 0 0 0 0 0 0 0 0 0 0 177.13 188.707 188.208 276.751 276.751 276.751 276.751 276.751 182.669 274.3 276.752 276.751 209.474 209.849 207.56 200.18 200.18 207.704 111.751 111.751 200.18 210.712 200.899 202.85 276.752 196.69 196.69 196.69 196.69 196.69 196.69 0 0 0 0 0 0 0 0 206.009 211.778 0 0 0 0 107.059 101.299 95.5076 93.1392 95.5294 63.8781 58.109 52.3383 46.5672 0 0 50.2514 0 0 30.2495 30.2499
0 0 0 0 0 0 0 0 0 0 0 0 0 0 0 0 0 0 0 0 0 0 0 0 0 0 0 0 0 0 0 158.42 168.97 179.52 177.13 0 195.588 276.751 276.752 276.752 276.752 276.752 0 0 0 0 276.752 99.1303 60.6097 217.956 215.72 216.11 214.5 214.11 213.72 205.95 216.482 202.849 272.801 202.85 196.69 196.69 196.69 196.69 196.69 196.69 0 0 0 0 276.752 276.752 276.752 0 200.239 206.008 0 0 206.996 0 104.668 98.8989 93.1394 87.3691 84.9787 66.2678 60.4985 54.7276 56.4818 54.0602 0 0 105.194 0 57.9928 30.2487
0 0 0 0 0 0 0 0 0 0 0 0 0 0 0 0 0 0 0 0 0 99.8681 122.4 0 0 0 0 0 0 0 163.2 168.97 187.68 185.29 0 203.749 281.013 276.752 276.752 276.752 276.752 0 0 0 0 0 0 276.752 99.1306 60.6103 226.114 223.88 224.27 222.66 222.27 221.88 224.243 246.204 270.166 202.85 196.69 196.69 196.69 196.69 196.69 196.69 0 0 0 0 0 0 0 0 0 200.238 205.993 0 201.226 108.044 102.278 96.5082 90.7388 84.9792 79.2085 68.658 0 66.5708 62.2681 64.6372 0 54.5003 52.7299 0 60.8713 66.3622
0 0 0 0 0 0 0 0 0 0 0 0 0 0 0 0 0 0 99.8682 99.8682 99.8681 99.868 128.17 144.88 150.379 138.72 0 155.014 168.97 171.36 177.129 195.84 193.45 0 211.909 193.45 282.522 276.752 276.752 276.752 0 0 0 0 0 0 0 0 276.752 99.1309 60.6108 234.43 232.04 232.43 230.82 232.43 237.92 254.757 272.684 202.85 196.69 196.69 196.69 196.69 196.69 0 0 0 0 0 0 0 0 0 0 276.751 200.223 0 195.456 105.654 99.8875 94.1174 88.348 82.5891 76.8187 71.0485 0 0 72.8004 70.4277 0 0 0 2.44086 72.8197 69.0492
0 0 0 0 0 0 0 0 0 0 0 0 0 0 0 0 0 99.8679 99.8681 99.8682 99.8682 136.071 150.875 156.81 144.88 158.139 163.029 175.13 179.52 185.29 204 201.61 0 220.069 193.45 288.292 282.522 276.752 276.752 0 0 0 0 0 0 0 0 0 99.1317 276.752 99.1311 60.6112 242.59 240.2 240.59 240.98 246.49 264.538 202.85 202.85 196.69 196.69 196.69 196.69 196.69 0 0 0 0 0 0 0 0 0 276.752 276.751 194.453 0 189.686 108.057 102.29 96.5195 90.7494 84.9792 79.2089 0 0 0 0 78.9784 0 78.9577 0 45.402 77.2092 0
0 0 0 0 0 0 0 0 0 0 0 0 0 0 0 99.8674 99.8677 99.8677 99.8679 99.8681 99.8682 141.772 162.97 151.04 164.299 169.189 181.29 187.68 191.45 212.16 209.77 0 228.229 193.45 294.062 288.292 282.522 276.752 0 0 0 0 0 0 0 0 0 0 99.1317 99.1317 276.752 276.752 248.256 250.75 248.36 188.263 256.287 270.317 202.85 202.85 196.69 196.69 196.69 196.69 196.69 0 0 0 0 0 0 0 0 276.752 276.751 202.627 0 0 183.917 110.447 104.68 98.9095 93.1394 87.3691 0 0 0 0 0 0 0 0 0 105.184 104.695 110.619
0 0 83.3488 84.9587 85.3489 87.7391 90.1293 92.5194 94.9095 96.5196 98.9096 99.8678 99.8678 99.8677 99.8677 99.8676 99.8674 99.8677 99.8677 99.8679 99.8681 147.859 171.52 171.13 175.349 187.45 193.84 197.61 220.32 217.93 0 236.389 193.45 299.832 294.062 288.292 282.522 276.752 0 0 0 0 0 0 0 0 0 0 0 99.1317 276.752 276.752 276.752 256.299 261.487 256.52 261.802 202.85 202.85 196.69 196.69 196.69 196.69 196.69 196.69 0 0 0 0 276.752 218.949 213.179 276.752 205.018 210.632 173.778 182.915 0 0 112.837 107.07 101.299 95.5293 93.1393 95.4658 93.2996 0 0 0 0 0 0 0 0 105.195 105.195
24.2911 90.239 90.2387 90.7289 91.1189 93.5091 95.8992 98.2894 99.8676 99.8677 99.8678 99.8678 99.8678 99.8678 99.8678 99.8677 99.8676 99.8674 99.8677 99.8678 99.868 147.155 176.595 181.68 193.61 200 203.77 226.48 226.09 140.516 241.698 193.45 305.602 299.832 294.062 288.292 282.522 276.752 0 0 0 0 0 0 0 0 0 0 0 0 276.752 276.752 276.752 276.752 243.4 243.4 202.85 202.85 196.69 196.69 196.69 196.69 196.69 196.69 205.429 205.429 0 276.752 276.752 276.752 276.752 218.949 213.178 218.81 173.778 182.928 177.145 0 0 0 109.46 103.689 101.299 103.625 101.299 101.069 92.9097 0 0 0 0 0 0 0 0 105.195
105.779 96.4987 96.4989 96.4988 98.889 99.279 99.8674 99.8676 99.8677 99.8677 99.8678 99.8678 99.8678 99.8678 99.8678 99.8678 99.8677 99.8676 99.8674 99.8677 99.8678 99.8679 163.147 199.768 206.16 209.93 232.64 232.25 206.642 193.449 193.45 313.762 307.992 302.222 296.452 290.682 284.912 282.522 0 0 0 0 0 0 0 0 0 0 268.87 262.776 256.955 251.185 245.754 243.399 245.732 275.358 202.85 196.69 196.69 196.69 196.69 196.69 196.69 205.429 205.429 258.349 250.189 0 0 0 230.167 224.487 218.948 173.778 175.685 177.159 171.375 0 0 0 111.85 109.46 111.785 109.459 142.242 107.619 99.0697 99.0698 0 0 0 0 0 0 0 0
99.8672 99.8671 99.867 99.8672 99.8671 99.8673 99.8673 99.8675 99.8677 99.8677 99.8678 99.8678 99.8678 99.8679 99.8678 99.8678 99.8678 99.8677 99.8676 99.8674 99.8677 99.8679 152.649 160.81 216.09 238.8 238.41 257.26 193.449 193.45 317.59 315.2 310.382 304.612 298.842 293.072 290.682 284.912 0 0 0 0 0 193.45 193.45 193.45 278.015 272.237 266.458 260.71 254.94 249.17 243.4 237.596 235.24 237.621 276.517 196.69 196.69 196.69 196.69 196.69 205.429 205.429 258.349 258.349 276.752 250.179 0 0 0 0 0 179.513 173.779 168.009 165.605 0 0 0 117.619 119.936 117.62 138.882 136.5 113.389 105.23 105.23 105.23 105.23 0 0 0 0 0 0
99.8672 99.8671 99.8673 99.8671 99.8673 99.8672 99.8675 99.8675 99.8677 99.8677 99.8678 99.8678 99.8679 99.8679 99.8679 99.8678 99.8678 99.8678 99.8677 99.8676 99.8674 99.8678 163.196 160.81 240.577 244.57 263.42 193.449 193.45 323.001 193.45 317.59 312.772 307.002 301.232 298.842 293.072 0 0 0 0 0 193.45 193.45 193.45 281.4 275.387 269.848 264.078 258.308 252.538 246.769 240.999 235.24 229.433 227.079 196.688 196.689 196.69 196.69 196.69 196.69 205.429 205.429 276.752 264.119 0 216.529 0 179.596 174.153 171.798 174.189 170.399 164.629 162.225 0 0 155.068 125.779 138.29 44.1005 117.62 117.62 130.73 119.94 111.39 111.39 111.39 111.39 111.78 0 0 0 0 0
99.8671 99.8673 99.8671 99.8673 99.8672 99.8674 99.8674 99.8676 99.8676 99.8677 99.8678 99.8678 99.8679 99.8679 99.8679 99.8679 99.8678 99.8678 99.8678 99.8677 99.8676 99.8674 168.969 160.81 177.13 269.58 193.45 193.45 321.923 193.45 193.45 0 315.162 309.392 307.002 301.232 298.842 0 0 0 254.588 193.45 193.45 290.55 284.421 279.01 273.228 267.458 261.688 255.918 250.148 244.378 238.609 232.839 227.08 221.271 218.763 194.437 194.438 276.752 196.69 205.429 205.429 205.429 272.124 0 0 0 183.305 177.569 171.799 166.011 163.619 161.249 158.845 0 0 0 149.299 140.29 125.78 117.62 117.62 92.4634 124.96 117.55 117.55 111.39 111.39 111.39 0 120.16 0 0 0 127.653
99.8674 99.8672 99.8673 99.8671 99.8674 99.8673 99.8675 99.8675 99.8677 99.8677 99.8678 99.8678 99.8679 99.8679 99.8679 99.8679 99.8679 99.8678 99.8678 99.8678 99.8677 99.8676 99.8675 176.524 187.599 269.734 195.84 193.45 193.45 193.45 193.45 193.45 314.92 315.162 309.392 307.002 0 0 0 193.45 193.45 299.7 293.93 287.902 282.378 276.608 270.838 265.068 259.298 253.528 247.758 241.988 236.218 230.449 224.679 218.92 213.149 210.605 194.437 194.439 276.752 205.429 205.429 205.429 0 0 0 191.366 180.937 175.168 169.398 163.639 157.869 155.465 0 0 0 0 143.529 137.9 132.097 126.36 92.4634 92.4634 92.4634 92.4635 92.4636 92.4636 92.4636 0 0 117.789 255.475 255.476 0 0
99.8673 99.8674 99.8672 99.8673 99.8672 99.8675 99.8674 99.8676 99.8676 99.8678 99.8678 99.8678 99.8679 99.8679 99.8679 99.8679 99.8679 99.8679 99.8678 99.8678 99.8678 99.8677 99.8676 99.8675 184.619 185.289 318.153 193.45 193.45 193.45 193.45 193.45 193.45 317.548 315.162 312.762 193.45 193.45 193.45 193.45 303.08 296.903 291.528 285.758 279.988 274.218 268.448 262.678 256.908 251.138 245.368 239.598 233.828 228.058 222.288 216.519 210.76 204.989 202.453 204.029 194.439 276.184 205.429 205.429 205.428 210.155 199.659 189.109 178.547 172.777 167.008 161.238 155.479 149.709 147.305 0 0 0 137.759 132.13 129.729 123.752 92.4634 92.4635 92.4636 92.4636 92.4636 92.4636 0 0 0 0 117.788 247.692 255.474 135.422
99.8675 99.8673 99.8674 99.8672 99.8674 99.8674 99.8676 99.8675 99.8677 99.8677 99.8678 99.8678 99.8679 99.8679 99.8679 99.8679 99.8679 99.8679 99.8679 99.8679 99.8678 99.8678 99.8677 99.8676 99.8676 192.712 193.449 325.981 193.45 193.45 193.45 193.45 193.45 193.45 193.45 193.45 193.45 193.45 193.45 306.46 300.69 294.908 289.138 283.368 277.598 271.828 266.058 260.288 254.518 248.748 242.978 237.208 231.438 225.668 219.898 214.128 208.359 202.599 196.829 194.306 195.96 269.018 276.493 205.429 205.428 207.818 197.269 186.719 176.157 170.387 164.617 158.848 153.078 147.319 141.548 139.145 0 0 131.989 126.36 117.79 117.79 92.4635 92.4636 92.4636 92.4636 92.4636 0 0 0 0 0 117.788 255.477 247.692 135.445
99.8674 99.8675 99.8673 99.8674 99.8673 99.8675 99.8675 99.8677 99.8676 99.8678 99.8678 99.8679 99.8679 99.8679 99.8679 99.8679 99.8679 99.8679 99.8679 99.8679 99.8679 99.8678 99.8678 99.8677 99.8676 195.067 193.449 193.449 326.485 193.45 193.45 193.45 193.45 193.45 193.45 193.45 193.45 315.61 309.498 304.058 298.288 292.518 286.748 280.978 275.208 269.438 263.668 257.898 252.128 246.358 240.588 234.818 229.048 223.278 217.508 211.738 205.968 200.199 194.439 188.669 186.163 187.956 271.958 276.752 205.429 205.428 194.879 184.329 173.767 167.997 162.227 156.457 150.688 144.918 139.159 133.388 130.985 0 126.219 120.584 118.2 0 0 0 0 0 0 0 0 0 0 0 117.789 255.477 255.477 135.445
99.8676 99.8673 99.8674 99.8673 99.8675 99.8674 99.8676 99.8676 99.8677 99.8677 99.8678 99.8678 99.8679 99.8679 99.8679 99.8679 99.8679 99.8679 99.8679 99.8679 99.8679 99.8679 99.8678 99.8678 99.8677 99.8675 207.378 193.449 324.297 326.169 193.45 193.45 193.45 193.45 193.45 193.45 318.811 313.22 307.438 301.668 295.898 290.128 284.358 278.588 272.818 267.048 261.278 255.508 249.738 243.968 238.198 232.428 226.658 220.888 215.118 209.348 203.578 197.808 192.039 186.279 180.509 178.023 179.968 275.484 276.752 207.818 0 181.939 171.377 165.607 159.837 154.067 148.297 142.528 136.758 130.998 125.228 0 0 0 0 117.79 117.79 117.79 117.79 117.79 117.79 117.79 117.79 117.79 117.79 117.788 117.789 255.477 255.477 0
99.8674 99.8675 99.8673 99.8675 99.8674 99.8676 99.8675 99.8677 99.8676 99.8678 99.8678 99.8679 99.8679 99.8679 99.8679 99.8679 99.8679 99.8679 99.8679 99.8679 99.8679 99.8679 99.8679 99.8678 99.8678 99.8677 99.8676 215.538 226.015 320.628 325.907 248.18 248.18 248.18 248.18 193.45 316.588 310.818 305.048 299.278 293.508 287.738 281.968 276.198 270.428 264.658 258.888 253.118 247.348 241.578 235.808 230.038 224.268 218.498 212.728 206.958 201.188 195.418 189.648 183.879 178.119 172.349 169.884 161.798 276.67 0 194.878 0 168.987 163.217 157.447 151.677 145.907 140.137 134.367 128.599 122.838 0 0 0 117.79 117.79 117.79 117.79 117.79 117.79 117.79 117.79 117.79 117.79 117.79 117.788 117.788 255.477 255.477 0
99.8676 99.8674 99.8675 99.8674 99.8676 99.8676 99.8677 99.8676 99.8677 99.8677 99.8678 99.8679 99.868 99.8679 99.868 99.8679 99.8679 99.8679 99.8679 99.8679 99.8679 99.8679 99.8679 99.8679 99.8679 99.8678 99.8677 99.8676 223.699 234.17 318.864 325.996 248.18 248.18 248.18 319.98 314.198 308.428 302.658 296.888 291.118 285.348 279.578 273.808 268.038 262.268 256.498 250.728 244.958 239.188 233.418 227.648 221.878 216.108 210.338 204.568 198.798 193.028 187.258 181.488 175.719 169.959 164.189 161.745 0 273.936 156.03 200.934 164.704 160.827 155.057 149.287 143.517 137.747 131.977 126.21 120.447 117.79 117.79 117.79 117.79 117.79 117.79 117.79 117.79 117.79 117.79 117.79 117.79 117.79 117.79 117.788 117.788 255.477 255.477 0
99.8675 99.8676 99.8674 99.8676 99.8676 99.8677 99.8677 99.8677 99.8678 99.8678 99.8678 99.8679 99.8679 99.868 99.8679 99.868 99.8679 99.8679 99.8679 99.8679 99.8679 99.8679 99.8679 99.8679 99.8679 99.8679 99.8678 99.8678 99.8677 231.859 242.327 319.205 322.762 248.18 323.343 317.578 311.808 306.038 300.268 294.498 288.728 282.958 277.188 271.418 265.648 259.878 254.108 248.338 242.568 236.798 231.028 225.258 219.488 213.718 207.948 202.178 196.408 190.638 184.868 179.098 173.328 167.559 161.799 156.029 153.604 0 276.751 202.048 157.241 158.437 152.667 146.897 141.127 135.357 129.587 123.822 118.059 117.79 117.79 117.79 117.79 117.79 117.79 117.79 117.79 117.79 117.79 117.79 117.79 117.79 117.79 117.787 117.787 255.477 255.477 0
99.8677 99.8675 99.8676 99.8675 99.8677 99.8676 99.8678 99.8677 99.8678 99.8677 99.8678 99.8679 99.868 99.8679 99.868 99.8679 99.868 99.8679 99.8679 99.8679 99.8679 99.8679 99.8679 99.8679 99.8679 99.8679 99.8679 99.8678 99.8678 99.8677 240.019 250.479 248.18 326.583 320.97 315.188 309.418 303.648 297.878 292.108 286.338 280.568 274.798 269.028 263.258 257.488 251.718 245.948 240.178 234.408 228.638 222.868 217.098 211.328 205.558 199.788 194.018 188.248 182.478 176.708 170.938 165.168 159.399 153.639 147.869 0 147.821 137.32 166.609 160.839 155.069 149.299 143.529 137.759 131.989 126.219 120.449 117.79 117.79 117.79 117.79 117.79 117.79 117.79 117.79 117.79 117.79 117.79 117.79 117.79 117.79 117.787 117.787 255.477 255.477 0
