tests/full-run-ref/erosion_79_12_72.935.asc
ncols 512
nrows 512
xllcorner -3.24582
yllcorner -4.08743
cellsize 5
NODATA_value -99999
[rows 29 to 57 of 512, columns 0 to 66 of 512]
212.958 196.83 210.021 204.524 202.727 199.399 222.252 177.247 248.125 194.791 163.675 156.129 142.777 139.158 133.144 118.619 100.797 90.7085 90.7819 77.436 74.4491 61.7881 59.5776 64.8621 58.1654 50.8143 41.9079 29.003 6.62961 0 0 10.63 0 176.026 466.133 456.369 0 8.16001 8.16001 1.39366 4.61642 58.4363 102.095 272.14 48.4782 296.075 77.222 4.2409 5.77002 5.77001 5.77002 5.77002 5.77001 5.77001 5.76999 5.76999 5.76999 5.76999 5.76999 5.77 5.77001 5.77001 5.77001 5.77001 5.04439 5.22904 5.1643
215.348 199.22 212.684 210.887 207.559 230.413 185.408 256.287 202.954 171.842 164.304 150.985 147.393 141.432 127.033 109.379 99.2081 99.1837 85.8937 82.8369 70.2522 67.9906 73.371 66.8177 59.6609 51.2573 39.6571 20.1533 16.4319 0 4.00213 0 86.216 185.735 231.061 0 1.0962 8.16001 6.40264 0.800152 17.483 30.433 1578.03 233.4 96.4367 80.5796 0 3.58574 5.77001 5.77001 5.77002 5.77001 5.77001 5.77001 5.77 5.76999 5.77 5.77 5.76999 5.77001 5.77001 5.77001 5.77002 5.77002 5.77001 5.77002 5.77001
217.738 201.61 219.047 215.72 238.573 193.569 264.448 211.116 180.007 172.476 159.184 155.617 149.703 135.422 117.924 107.676 107.564 94.3246 91.2039 78.6923 76.3896 81.7735 75.2685 68.261 60.2761 49.8193 32.9409 33.1392 0 13.7613 8.12879 36.7575 120.971 65.7524 33.6638 0 0 5.77004 3.4609 152.277 58.5757 290.136 217.341 262.478 59.4709 115.004 0 5.77001 5.77001 5.77001 5.77001 5.77002 5.77001 5.77001 5.77 5.77 5.76999 5.76999 5.77 5.77002 5.77001 5.77001 5.77002 5.77002 5.77001 5.77001 5.77001
220.128 204 223.88 246.733 201.73 272.608 219.278 188.17 180.645 167.374 163.829 157.959 143.785 126.43 116.113 115.922 102.728 99.5504 87.11 84.7767 90.173 83.7225 76.8445 69.1881 59.6653 45.1217 48.9513 0 23.7433 19.0777 36.1596 93.7682 35.8961 14.0264 47.2937 0 205.385 0 235.83 262.132 244.662 203.196 76.2182 288.716 47.6927 18.7818 0 5.77001 5.77002 5.77002 5.77002 5.77002 5.77001 5.77001 5.77001 5.77001 5.77 5.76999 5.77 5.77002 5.77002 5.77001 5.77001 5.77001 5.77002 5.77002 5.77002
222.518 206.473 254.893 209.89 280.769 227.438 196.332 188.811 175.557 172.03 166.2 152.122 134.895 124.516 124.258 111.105 107.877 95.5064 93.1535 98.571 92.1815 85.4293 78.0478 69.2414 56.6615 63.7573 0 38.3168 35.5454 218.001 244.92 91.3952 79.6607 61.6356 36.3979 666.733 184.334 862.042 571.005 215.134 45.8259 88.9081 26.1356 81.4982 172.855 0 0 0 4.2676 5.77002 5.77002 5.77001 5.77002 5.34562 4.68777 4.93645 5.77 5.77 5.77 5.39252 5.28589 4.85792 5.77001 5.77001 5.77001 5.77001 5.77001
224.908 210.12 218.05 288.929 235.599 204.494 196.975 183.732 180.221 174.424 160.432 143.319 132.887 132.572 119.456 116.183 103.883 101.521 106.968 100.646 94.0172 86.8853 78.6374 67.5533 77.4548 12.9602 53.0715 78.2675 400.561 304.245 101.269 65.7362 74.4123 277.28 675.711 383.425 148.559 150.313 90.8845 0 1.88101 1.3878 0.600536 139.812 528.271 27.4468 817.017 47.9987 1.63992 5.77001 5.77001 5.77001 5.77001 5.30009 6.16001 4.73744 5.76999 5.76998 5.76999 5.17737 6.61935 4.01065 5.77001 5.77001 5.77001 5.77001 5.77001
227.298 212.51 297.089 243.759 212.654 205.137 191.903 188.403 182.634 168.714 151.702 141.225 140.864 127.781 124.471 112.24 109.88 115.364 109.116 102.608 95.7036 87.9479 77.9756 88.5599 35.1204 183.853 195.896 336.577 168.421 69.7611 36.4084 25.4391 22.7779 7.87322 11.3705 25.5593 61.9292 0 0 4.00532 8.16001 0 246.023 0 0 413.669 737.161 41.9721 2.49536 5.77002 5.77002 5.77002 5.77001 5.22352 5.35883 4.08347 5.76999 5.76998 5.76999 5.3954 5.13552 3.28131 5.77001 5.77001 5.04123 5.21223 5.54791
222.835 220.265 367.445 222.33 213.299 200.069 196.578 190.83 176.97 160.043 149.529 149.134 136.081 132.741 120.58 118.229 123.757 117.588 111.201 104.503 97.1787 88.1734 97.4413 63.4984 637.011 302.766 110.873 83.4495 40.2377 28.2599 14.9144 0 0 0 0 0 0 1.99287 8.16001 8.16 8.16 0 94.4304 163.817 187.803 513.34 23.0452 0 2.46437 5.77001 5.77001 5.77001 3.8988 3.87965 5.56903 4.19739 5.77 5.76999 5.76999 5.76999 5.77001 5.77001 5.77002 5.77001 5.11891 6.16001 5.49131
217.065 214.675 591.26 288.643 230.738 205.41 204.425 185.21 168.344 157.797 157.38 144.356 140.995 128.9 126.566 132.142 126.057 119.791 113.282 106.329 98.1679 108.854 69.9471 282.713 114.119 81.0496 69.3221 56.6448 42.684 27.0225 9.34197 0 0 0 0 0 8.16 8.16 8.16 8.16 8.16 0 314.316 678.221 171.389 239.482 0 1.43455 5.77001 5.77001 5.77001 5.77001 3.87394 6.71545 3.37807 4.47264 5.77 5.77 5.76998 5.76999 5.77 5.77001 5.77001 5.77001 5.24929 5.37444 5.40846
211.295 208.847 208.658 208.267 311.643 203.416 182.443 176.633 169.968 160.373 149.614 149.234 137.199 134.884 140.51 134.51 128.365 122.032 115.395 107.95 119.887 82.1076 216.561 76.6377 61.2918 63.0602 52.2482 40.28 26.9955 12.3006 0 0 0 0 0 0 0 8.16 8.16 8.16 8.16 0 0 175.047 0 372.152 0 0 0.250258 5.77001 5.77001 5.77001 4.16768 3.79769 3.26993 5.77001 5.77 5.77 5.76999 5.76999 5.76999 5.76999 5.77 5.77001 5.77001 5.77001 5.77001
205.525 203.125 215.596 212.52 208.996 198.075 180.391 229.172 187.528 174.106 152.001 141.408 143.172 148.834 142.91 136.894 130.724 124.36 117.503 130.523 93.7773 226.12 87.6959 73.1334 75.9196 66.8498 56.6978 45.4519 33.1576 19.8655 5.59232 0 0 0 0 14.2062 0 1.07608 8.16001 8.16 8.16 8.16 2.43546 1.68835 0.621117 805.076 20.9082 42.1929 0 5.77001 5.77001 5.77001 5.77001 5.77001 5.77001 5.77001 5.77001 5.77 5.77001 5.77 5.77 5.76999 5.76999 5.77 5.77001 5.77001 5.77001
199.762 197.365 209.448 207.714 205.531 215.398 242.996 270.676 1012.53 572.208 175.339 143.796 272.374 207.63 154.08 139.267 133.139 126.769 138.479 110.415 279.652 98.579 84.7256 87.9912 79.5574 70.2942 60.2364 49.3585 37.7125 25.3291 12.2385 7.95005 0 30.759 37.7569 118.901 112.358 0 8.16001 8.16 8.16 8.16001 3.65634 429.545 676.452 3.66058 429.292 327.425 0 1.75818 5.77001 5.77002 5.77002 5.77001 5.77002 5.77001 5.77001 5.77001 5.77001 5.77001 5.77 5.76999 5.77001 5.77001 5.77001 5.77002 5.77002
193.992 191.558 189.16 186.754 184.33 181.862 179.396 177.031 177.711 172.111 169.514 138.463 265.347 439.441 325.111 226.313 160.655 140.108 132.662 419.092 140.404 105.33 114.626 106.901 98.5475 89.6071 80.0651 69.9707 59.3343 48.1757 36.5098 45.3828 213.331 156.351 76.0616 51.6429 101.013 0 8.16001 8.16 5.52038 3.8 8.16001 0 0 548.744 37.1479 531.959 16.0306 0 0 3.00489 3.48876 3.65148 5.77001 5.77001 5.77001 5.77001 5.77001 5.77001 5.77 5.77001 5.77001 5.77001 5.77001 5.77001 4.607
188.244 156.976 154.586 152.186 149.783 147.368 144.967 147.284 168.789 169.611 135.033 132.657 144.247 151.713 206.376 357.082 441.369 207.935 453.692 229.306 138.082 151.513 144.26 136.509 128.283 119.551 110.343 100.656 90.4979 79.8733 68.7902 78.1562 54.1459 0 0 0 0 1.27981 8.16001 3.44473 0 328.409 0 8.16001 1.3403 0 21.8152 93.4307 407.435 4.76789 503.967 47.575 524.489 3.65337 5.77002 5.77002 5.77002 5.77001 5.77001 5.77001 5.77001 5.77001 5.77002 5.77001 5.77001 5.77002 3.70772
182.474 151.232 162.727 160.333 157.937 155.532 144.387 136.739 134.253 136.621 129.35 140.872 138.301 135.717 133.08 134.906 200.778 572.422 246.557 142.818 134.89 127.803 120.155 111.922 103.041 93.5136 83.3247 72.4701 60.9443 48.7491 35.8912 22.186 6.96941 0 0 0 0 0 2.12795 0 597.413 753.451 0 8.16001 8.16001 7.15904 0 5.49174 263.376 1169.96 271.838 41.8351 2.36298 4.40329 5.77002 5.77001 5.77001 5.77001 5.77001 5.77001 5.77001 5.77001 5.77001 5.77001 5.77002 5.77002 3.75373
176.704 145.462 156.957 154.562 152.163 149.756 147.34 144.912 133.757 128.967 127.965 134.973 132.35 129.684 126.925 123.96 133.169 201.496 875.267 231.272 116.915 110.166 102.963 95.2012 86.9275 78.1416 68.8404 59.0216 48.6894 37.8533 26.5245 14.7158 2.36124 0 0 9.18488 0 118.957 0 328.576 447.057 0 0.609915 8.16001 6.50364 1.1295 0 16.4239 437.566 198.645 62.4481 0 4.22103 5.77002 5.77002 5.77001 5.77001 5.77001 5.77001 5.77001 5.77001 5.77001 5.77001 5.77001 5.77002 5.77002 5.14976
170.934 139.692 151.187 148.79 146.389 143.977 141.553 139.114 136.657 134.172 131.637 129.025 126.331 123.618 120.716 117.469 126.32 119.292 188.789 871.762 227.684 113.42 106.78 99.6623 92.1238 84.1709 75.8337 67.1303 58.0897 48.7274 39.0628 29.098 18.6916 6.72155 18.2744 0 0.904875 0 9.84556 120.812 51.3575 0 0 4.33526 0 202.489 0 93.1244 915.082 55.1003 6.30545 0 5.77001 5.77002 5.77001 5.77001 5.77001 5.77001 5.77001 5.77001 5.77001 5.77001 5.77001 5.77001 5.77002 5.77002 5.77002
165.164 133.922 145.417 143.018 140.613 138.195 135.761 133.304 130.819 128.294 125.709 123.034 120.277 117.408 114.437 110.89 119.281 112.076 102.41 185.143 768.773 247.322 164.553 103.588 96.6236 89.2666 81.546 73.5492 65.2854 56.7887 48.0703 39.0603 29.1265 43.4633 0 15.0658 1.68006 22.6098 61.3904 34.6361 47.7188 0 104.034 0 66.5156 5.62489 83.7043 62.6797 248.46 5.99986 0 0 5.77001 5.77001 5.77001 5.77002 5.77001 5.77001 5.77001 5.77001 5.77001 5.77001 5.77001 5.77001 5.77002 5.77002 5.77002
159.394 128.152 139.647 137.245 134.835 132.409 129.96 127.481 124.964 122.395 119.753 117.015 114.153 111.166 107.973 104.148 112.031 104.63 95.1918 98.7953 177.927 272.92 458.319 161.441 100.61 93.7601 86.6608 79.2576 71.6464 63.8381 55.8049 47.2209 63.3779 5.79819 28.0665 17.3891 35.9565 75.2812 50.5902 42.169 0 8.09693 0 7.72908 0 26.1901 66.6437 149.908 68.521 7.52252 0 0 2.13948 5.42177 5.77001 5.77001 5.77002 5.77001 5.77001 5.77001 5.77001 5.77001 5.77001 5.77001 5.77001 5.77001 5.77001
153.624 122.4 145.249 131.472 129.055 126.617 124.151 121.646 119.089 116.469 113.764 110.948 107.988 104.854 101.434 97.1067 104.502 96.9538 87.8843 91.8415 130.047 138.697 373.003 455.073 158.117 97.5377 90.9726 84.1941 77.1643 69.9128 62.2867 79.5661 25.3694 39.9457 31.2135 48.173 87.8581 64.6346 58.8662 0.150276 20.728 9.29201 20.259 9.23157 16.4256 7.079 123.141 213.746 38.8529 9.06349 61.9025 2.79786 0 5.39752 5.77002 5.77002 5.77001 5.77002 5.77001 5.77001 5.77002 5.77002 5.77002 5.45061 5.37405 5.32075 5.77001
147.854 120.01 132.984 137.07 123.272 120.82 118.332 115.795 113.194 110.514 107.737 104.832 101.767 98.4838 94.7647 89.8496 96.6144 89.0313 80.4676 84.8755 123.341 105.667 117.034 369.776 451.621 154.815 94.4733 88.1878 81.6177 74.7381 92.6926 40.5804 50.7312 43.2338 59.3125 99.2242 77.0046 72.942 18.0422 32.3161 23.1621 31.6286 23.5435 30.2005 21.0114 35.4669 68.0272 109.966 26.8873 108.718 62.4086 112.859 0 5.47938 5.77002 5.77002 5.77002 5.77002 5.77001 5.77001 5.77002 5.77002 5.77001 5.35349 5.89074 5.01572 5.28847
142.084 117.056 152.353 124.799 128.86 115.016 112.503 109.928 107.276 104.529 101.667 98.6644 95.4797 92.0246 87.9484 82.3507 88.3742 80.8081 72.9093 77.8588 116.559 98.3206 82.6664 114.002 349.262 512.985 219.069 143.066 84.9526 103.429 52.4497 60.3653 53.4805 69.3801 109.451 87.8977 84.8582 32.4233 42.9461 35.3895 42.1653 35.6639 42.5135 35.3073 45.1664 63.2573 102.937 42.3503 94.8501 34.8249 39.5167 33.5007 0 2.83192 3.00291 3.93132 3.92945 4.78983 5.77001 5.77002 5.77002 5.77001 5.77001 5.39134 4.95405 6.09343 5.2557
136.314 114.236 138.753 144.172 116.578 120.581 106.66 104.044 101.333 98.5114 95.5557 92.4385 89.1178 85.4478 80.962 74.584 79.7622 72.25 65.1658 70.7113 109.666 90.7663 75.2131 80.0406 113.908 139.981 255.935 424.189 171.106 63.1538 68.9304 62.3437 78.3318 118.605 97.5072 95.0933 44.1065 52.6878 46.1517 52.0496 46.2791 54.2562 48.3748 52.5791 81.1344 117.001 67.6819 185.021 52.2459 38.3233 25.7782 28.6392 6.03045 0.342006 101.457 6.23058 6.69018 5.00231 5.77002 5.77001 5.77002 5.77001 5.77001 5.77001 5.33532 5.35482 5.63343
130.56 111.839 139.943 130.567 135.951 108.268 112.184 98.1366 95.3645 92.4565 89.3963 86.1525 82.6649 78.7383 73.7735 66.5216 70.7444 63.3221 57.1752 63.3749 102.574 83.0804 67.7781 72.7671 101.927 98.7555 120.106 365.684 272.252 438.606 79.5059 112.665 127.088 106.261 104.274 54.0684 61.7152 55.7011 61.4698 55.9416 65.4175 60.6243 77.0127 101.161 179.407 70.7133 117.833 117.918 84.2814 145.38 96.7574 102.877 562.453 63.573 3.69056 4.57783 4.7994 5.40074 5.1322 5.14227 5.77001 5.77001 5.77001 5.77001 5.77001 5.77002 5.77002
128.17 106.08 180.037 131.75 122.337 127.645 99.8138 103.59 89.3554 86.3621 83.1828 79.7957 76.1155 71.8773 66.3651 58.121 61.2797 53.9633 48.8768 55.8082 95.379 75.2939 60.2156 67.3676 108.796 98.5435 73.0747 67.3867 66.743 72.3976 265.679 292.67 114.863 113.109 63.3412 75.168 66.4928 79.0986 65.7377 76.1692 70.4659 88.5231 105.867 195.024 104.957 56.0196 37.2754 37.3162 44.9017 39.2761 44.743 33.1893 13.447 0 4.52533 5.77002 5.77002 5.36596 6.44176 5.00751 5.77001 5.77001 5.77001 5.77001 5.77002 5.16893 5.26599
125.768 103.69 116.575 171.837 123.509 114.009 119.203 91.1185 94.695 80.2 76.9083 73.355 69.4522 64.857 58.7101 49.3467 51.2964 44.1021 40.2376 48.1393 88.1057 45.9005 43.0852 47.2751 78.1868 82.9643 62.2523 53.9529 49.571 49.1758 75.1772 695.273 271.29 160.486 1475.8 317.777 742.104 532.262 889.097 356.64 238.781 225.445 357.197 341.329 222.532 68.8806 38.5059 28.8922 37.2168 31.5311 23.213 56.6077 0 3.07536 5.77001 5.77001 5.77002 5.32058 5.15896 5.1854 5.77002 5.77002 5.77001 5.77002 5.21477 4.80606 5.9908
122.396 101.286 125.984 108.366 163.584 115.161 105.533 110.536 82.0503 85.3593 70.52 66.8151 62.6523 57.6496 50.7868 40.1381 40.7124 33.6841 31.3415 40.3812 81.2926 39.9383 26.5292 28.2883 52.6351 59.0689 68.6282 77.3899 69.7005 44.3775 39.8732 63.7795 76.8135 409.142 235.819 167.43 178.354 135.543 176.674 433.48 501.729 478.945 461.38 197.549 101.969 51.2734 35.6031 25.1314 23.0746 23.0185 13.1086 7.40515 0 5.77001 5.77001 5.77001 5.77001 5.77001 5.77001 5.77001 5.77001 5.77001 5.77001 5.77001 5.23866 5.7592 4.82416
120.006 98.8946 100.682 117.787 100.083 155.21 106.656 96.8151 101.524 72.4321 75.3977 60.084 55.6882 50.2161 42.54 30.4304 29.4436 22.7062 22.1257 32.5354 74.5679 45.3795 24.5805 16.9316 33.3474 39.543 61.314 69.9221 61.1469 45.9236 32.6928 28.0754 53.7113 65.1063 72.025 78.313 88.3879 81.74 70.9253 99.4272 93.8063 75.1918 83.7362 125.921 134.167 55.7814 35.8779 29.7844 11.7517 38.9922 18.4056 0 0 5.77001 5.77001 5.77001 5.77001 5.77001 5.77001 5.77001 5.77001 5.77002 5.77001 5.77002 5.20049 5.18732 5.37328
117.607 101.3 94.727 92.4738 109.504 91.631 146.662 97.8984 87.7316 92.0058 62.0208 64.5198 48.4078 42.5051 33.8971 20.1322 17.4387 11.0727 12.4925 24.4074 67.4651 38.5036 18.257 0 0.763992 25.7837 32.7556 61.7293 52.8545 71.9654 38.2295 22.6954 19.4512 45.284 56.4506 63.1645 81.6794 75.182 64.6185 93.3153 89.1609 71.3 66.5764 75.0167 127.612 111.443 46.0863 38.2992 13.7301 17.9373 3.33879 0 0 5.77001 5.77001 5.77001 5.77001 5.77001 5.77001 5.77001 5.77002 5.77002 5.77001 5.77001 5.77001 5.77001 5.77002
