tests/full-run-ref/erosion_2010_78_23_-57.856.asc
ncols 512
nrows 512
xllcorner -3.24582
yllcorner -4.08743
cellsize 5
NODATA_value -99999
[rows 210 to 239 of 512, columns 134 to 200 of 512]
2.88509 2.88509 2.88509 2.88509 2.88509 2.88509 4.08001 2.88509 2.88509 2.88509 2.88509 2.88509 2.88509 2.88509 5.77 4.08001 2.88509 2.88509 2.88509 2.88509 2.88509 2.88509 2.88509 2.88509 2.88509 2.88509 2.88509 2.88509 2.88509 2.88509 2.88509 2.88509 2.88509 2.88509 4.08001 6.96501 8.16002 11.045 12.24 15.125 18.01 20.4 19.205 16.32 15.125 12.24 11.045 8.16002 6.96501 4.08001 2.88508 2.88508 2.88508 2.88508 2.88508 2.88508 2.88508 2.88508 2.88508 2.88508 2.88508 2.88508 2.88508 2.88508 2.88508 2.88508 2.88508
2.8851 2.88509 2.88509 2.88509 2.88509 2.88509 2.88509 4.08001 4.08001 2.88509 2.88509 2.88509 2.88509 2.88509 4.08001 2.88509 2.88509 2.88509 2.88509 2.88509 2.88509 2.88509 2.88509 2.88509 2.88509 2.88509 2.88509 2.88509 2.88509 2.88509 2.88509 2.88509 2.88509 4.08001 6.96501 8.16002 11.045 12.24 15.125 16.32 19.205 22.09 20.4 19.205 16.32 15.125 12.24 11.045 8.16002 6.96501 4.08001 2.88508 2.88508 2.88508 2.88508 2.88508 2.88508 2.88508 2.88508 2.88508 2.88508 2.88508 2.88508 2.88508 2.88508 2.88508 2.88508
2.8851 2.88509 2.88509 2.88509 2.88509 2.88509 2.88509 2.88509 4.08001 2.88509 2.88509 2.88509 2.88509 2.88509 2.88509 2.88509 2.88509 2.88509 2.88509 2.88509 2.88509 2.88509 2.88509 2.88509 2.88509 2.88509 2.88509 2.88509 2.88509 2.88509 2.88509 2.88509 4.08001 6.96501 8.16002 11.045 12.24 15.125 16.32 19.205 20.4 23.285 23.285 20.4 19.205 16.32 15.125 12.24 11.045 8.16002 6.96501 4.08001 2.88508 2.88508 2.88508 2.88508 2.88508 2.88508 2.88508 2.88508 2.88508 2.88508 2.88508 2.88508 2.88508 2.88508 2.88508
2.8851 2.88509 2.88509 2.88509 2.88509 2.88509 2.88509 2.88509 2.88509 2.88509 2.88509 2.88509 2.88509 2.88509 2.88509 2.88509 2.88509 2.88509 2.88509 2.88509 2.88509 2.88509 2.88509 2.88509 2.88509 2.88509 2.88509 2.88509 2.88509 2.88509 2.88509 4.08001 6.96501 8.16002 11.045 12.24 15.125 16.32 19.205 20.4 23.285 24.48 24.48 23.285 20.4 19.205 16.32 15.125 12.24 11.045 8.16002 6.96501 4.08001 2.88508 2.88508 2.88508 2.88508 2.88508 2.88508 2.88508 2.88508 2.88508 2.88508 2.88508 2.88508 2.88508 2.88508
2.8851 2.8851 2.88509 2.88509 2.88509 2.88509 2.88509 2.88509 2.88509 2.88509 2.88509 2.88509 2.88509 2.88509 2.88509 2.88509 2.88509 2.88509 2.88509 2.88509 2.88509 2.88509 2.88509 2.88509 2.88509 2.88509 2.88509 2.88509 2.88509 2.88509 4.08001 6.96501 8.16002 11.045 12.24 15.125 16.32 19.205 20.4 23.285 24.48 27.365 27.365 24.48 23.285 20.4 19.205 16.32 15.125 12.24 11.045 8.16002 6.96501 4.08001 2.88508 2.88508 2.88508 2.88508 2.88508 2.88508 2.88508 2.88508 2.88508 2.88508 2.88508 2.88508 2.88508
2.8851 2.8851 2.8851 2.88509 2.88509 2.88509 2.88509 2.88509 2.88509 2.88509 2.88509 2.88509 2.88509 2.88509 2.88509 2.88509 2.88509 2.88509 2.88509 2.88509 2.88509 2.88509 2.88509 2.88509 2.88509 2.88509 2.88509 2.88509 2.88509 4.08001 6.96501 8.16002 11.045 12.24 15.125 16.32 19.205 20.4 23.285 24.48 27.365 28.56 28.56 27.365 24.48 23.285 20.4 19.205 16.32 15.125 12.24 11.045 8.16002 6.96501 4.08001 2.88508 2.88508 2.88508 2.88508 2.88508 2.88508 2.88508 2.88508 2.88508 2.88508 2.88508 2.88508
2.8851 2.8851 2.8851 2.8851 2.88509 2.88509 2.88509 2.88509 2.88509 2.88509 2.88509 2.88509 2.88509 2.88509 2.88509 2.88509 2.88509 2.88509 2.88509 2.88509 2.88509 2.88509 2.88509 2.88509 2.88509 2.88509 2.88509 2.88509 4.08001 6.96501 8.16002 11.045 12.24 15.125 16.32 19.205 20.4 23.285 24.48 27.365 28.56 31.445 31.445 28.56 27.365 24.48 23.285 20.4 19.205 16.32 15.125 12.24 11.045 8.16002 6.96501 4.08001 2.88508 2.88508 2.88508 2.88508 2.88508 2.88508 2.88508 2.88508 2.88508 2.88508 2.88508
2.8851 2.8851 2.8851 2.8851 2.8851 2.88509 2.88509 2.88509 2.88509 2.88509 2.88509 2.88509 2.88509 2.88509 2.88509 2.88509 2.88509 2.88509 2.88509 2.88509 2.88509 2.88509 2.88509 2.88509 2.88509 2.88509 2.88509 4.08001 6.96501 8.16002 11.045 12.24 15.125 16.32 19.205 20.4 23.285 24.48 27.16 28.355 29.55 30.745 31.94 31.445 28.56 27.365 24.48 23.285 20.4 19.205 16.32 15.125 12.24 11.045 8.16002 6.96501 4.08001 2.88508 2.88508 2.88508 2.88508 2.88508 2.88508 2.88508 2.88508 2.88508 2.88508
2.8851 2.8851 2.8851 2.8851 2.8851 2.88509 2.88509 2.88509 2.88509 2.88509 2.88509 2.88509 2.88509 2.88509 2.88509 2.88509 2.88509 2.88509 2.88509 2.88509 2.88509 2.88509 2.88509 2.88509 2.88509 2.88509 4.08001 6.96501 8.16002 11.045 12.24 15.125 16.32 19.205 20.4 23.08 23.08 23.08 24.275 25.47 26.665 27.86 29.055 30.25 31.445 28.56 27.365 24.48 23.285 20.4 19.205 16.32 15.125 12.24 11.045 8.16002 5.77001 2.88508 2.88508 2.88508 2.88508 2.88508 2.88508 2.88508 2.88508 2.88508 2.88508
2.8851 2.8851 2.8851 2.8851 2.8851 2.88509 2.88509 2.88509 2.88509 2.88509 2.88509 2.88509 2.88509 2.88509 2.88509 2.88509 2.88509 2.88509 2.88509 2.88509 2.88509 2.88509 2.88509 2.88509 2.88509 4.08001 6.96501 8.16002 11.045 12.24 15.125 16.32 19.205 20.4 20.195 20.195 20.195 20.195 21.39 22.585 23.78 24.975 26.17 27.365 28.56 31.24 28.56 27.365 24.48 23.285 20.4 19.205 16.32 15.125 12.24 9.85001 6.96501 4.08001 2.88508 2.88508 2.88508 2.88508 2.88508 2.88508 2.88508 2.88508 2.88508
2.8851 2.8851 2.8851 2.8851 2.8851 2.88509 2.88509 2.88509 2.88509 2.88509 2.88509 2.88509 2.88509 2.88509 2.88509 2.88509 2.88509 2.88509 2.88509 2.88509 2.88509 2.88509 2.88509 2.88509 4.08001 6.96501 8.16002 11.045 12.24 15.125 16.32 19.205 19.7 18.505 17.31 17.31 17.31 17.31 18.505 19.7 20.895 22.09 23.285 24.48 27.365 28.355 27.16 25.965 25.965 24.48 23.285 20.4 19.205 16.32 13.93 11.045 8.16002 5.77001 2.88508 2.88508 2.88508 2.88508 2.88508 2.88508 2.88508 2.88508 2.88508
2.8851 2.8851 2.8851 2.8851 2.8851 2.8851 2.88509 2.88509 2.88509 2.88509 2.88509 2.88509 2.88509 2.88509 2.88509 2.88509 2.88509 2.88509 2.88509 2.88509 2.88509 2.88509 2.88509 4.08001 6.96501 8.16002 11.045 12.24 15.125 16.32 19.205 18.01 16.815 15.62 14.425 14.425 14.425 14.425 15.62 16.815 18.01 19.205 20.4 23.285 26.17 25.47 24.275 23.08 23.08 23.08 24.275 23.08 20.195 17.31 14.425 11.54 8.65501 5.77001 2.88508 2.88508 2.88508 2.88508 2.88508 2.88508 2.88508 2.88508 2.88508
2.8851 2.8851 2.8851 2.8851 2.8851 2.8851 2.88509 2.88509 2.88509 2.88509 2.88509 2.88509 2.88509 2.88509 2.88509 2.88509 2.88509 2.88509 4.08001 2.88509 2.88509 2.88509 4.08001 6.96501 8.16002 11.045 12.24 15.125 16.32 18.01 16.32 15.125 13.93 12.735 11.54 11.54 11.54 11.54 12.735 13.93 15.125 16.32 19.205 22.09 23.78 22.585 21.39 20.195 20.195 20.195 21.39 22.585 20.195 17.31 14.425 11.54 8.65501 5.77001 2.88508 2.88508 2.88508 2.88508 2.88508 2.88508 2.88508 2.88508 2.88508
2.8851 2.8851 2.8851 2.8851 2.8851 2.8851 2.88509 2.88509 2.88509 2.88509 2.88509 2.88509 2.88509 2.88509 2.88509 2.88509 2.88509 4.08001 2.88509 2.88509 2.88509 3.35694 6.24194 8.16002 11.045 12.24 15.125 16.32 16.32 15.125 13.93 12.24 11.045 9.85001 8.655 8.655 8.655 8.655 9.85001 11.045 12.24 15.125 18.01 20.4 20.895 19.7 18.505 17.31 17.31 17.31 18.505 19.7 20.195 17.31 14.425 11.54 8.65501 5.77001 2.88508 2.88508 2.88508 2.88508 2.88508 2.88508 2.88508 2.88508 2.88508
2.8851 2.8851 2.8851 2.8851 2.8851 2.8851 2.8851 2.8851 2.88509 2.88509 2.88509 2.88509 2.88509 2.88509 2.88509 2.88509 4.08001 2.88509 2.88509 2.88509 2.88509 4.55194 7.43694 10.3219 12.24 15.125 16.32 18.01 15.125 12.24 11.045 9.85001 8.16002 6.96501 5.77 5.77 5.77 5.77 6.96501 8.16002 11.045 13.93 16.32 19.205 18.01 16.815 15.62 14.425 14.425 14.425 15.62 16.815 18.01 17.31 14.425 11.54 8.65501 5.77001 2.88508 2.88508 2.88508 2.88508 2.88508 2.88508 2.88508 2.88508 2.88508
2.8851 2.8851 2.8851 2.8851 2.8851 2.8851 2.88509 2.88509 2.88509 2.88509 2.88509 2.88509 2.88509 2.88509 2.88509 2.88509 2.88509 2.88509 2.88509 2.88509 2.88509 5.77 8.63195 11.517 14.402 16.32 19.205 16.815 13.93 11.045 8.16002 6.96501 5.77 4.08001 2.88509 2.88509 2.88509 2.88509 4.08001 6.96501 9.85001 12.24 15.125 16.32 15.125 13.93 12.735 11.54 11.54 11.54 12.735 13.93 15.125 16.32 14.425 11.54 8.65501 5.77001 2.88508 2.88508 2.88508 2.88508 2.88508 2.88508 2.88508 2.88508 2.88508
2.88509 2.88509 2.88509 2.88509 2.88509 2.88509 2.88509 2.88509 2.88509 2.88509 2.88509 2.88509 2.88509 2.88509 2.88509 2.88509 2.88509 2.88509 2.88509 2.88509 4.08001 6.96501 9.85001 12.712 15.597 18.482 18.505 15.62 12.735 9.85001 6.96501 4.08001 2.88509 2.88509 2.88509 2.88509 2.88509 2.88509 2.88509 5.77 8.16002 11.045 13.93 15.125 12.24 11.045 9.85001 8.655 8.655 8.655 9.85001 11.045 12.24 15.125 14.425 11.54 8.65501 5.77001 2.88508 2.88508 2.88508 2.88508 2.88508 2.88508 2.88508 2.88508 2.88508
2.88509 2.88509 2.88509 2.88509 2.88509 2.88509 2.88509 2.88509 2.88509 2.88509 2.88509 2.88509 2.88509 2.88509 2.88509 2.88509 2.88509 2.88509 4.08001 4.08001 6.96501 8.16002 11.045 13.93 16.32 18.01 17.31 14.425 11.54 8.655 5.77 2.88509 2.88509 2.88509 2.88509 2.88509 2.88509 2.88509 2.88509 4.08001 6.96501 9.85001 12.24 13.93 11.045 8.16002 6.96501 5.77 5.77 5.77 6.96501 8.16002 11.045 13.93 14.425 11.54 8.65501 5.77001 2.88508 2.88508 2.88508 2.88508 2.88508 2.88508 2.88508 2.88508 2.88508
2.88509 2.88509 2.88509 2.88509 2.88509 2.88509 2.88509 2.88509 2.88509 2.88509 2.88509 2.88509 2.88509 2.88509 2.88509 2.88509 2.88509 2.88509 2.88509 5.77 8.16002 9.85001 11.045 12.24 13.93 15.125 16.32 14.425 11.54 8.655 5.77 2.88509 2.88509 2.88509 2.88509 2.88509 2.88509 2.88509 2.88509 2.88509 5.77 8.16002 11.045 12.24 9.85001 6.96501 4.08001 2.88508 2.88508 2.88508 4.08001 6.96501 9.85001 12.24 12.24 11.045 8.16002 5.77001 2.88508 2.88508 2.88508 2.88508 2.88508 2.88508 2.88508 2.88508 2.88508
2.88509 2.88509 2.88509 2.88509 2.88509 2.88509 2.88509 2.88509 2.88509 2.88509 2.88509 2.88509 2.88509 2.88509 2.88509 2.88509 2.88509 2.88509 2.88509 4.08001 5.77 6.96501 8.16002 9.85001 11.045 12.24 13.93 12.735 11.54 8.655 5.77 2.88509 2.88509 2.88509 2.88509 2.88509 2.88509 2.88509 2.88509 2.88509 4.08001 6.96501 9.85001 11.045 8.16002 5.77 2.88508 2.88508 2.88508 2.88508 2.88508 5.77 8.16002 11.045 11.045 8.16002 6.96501 4.08001 2.88508 2.88508 2.88508 2.88508 2.88508 2.88508 2.88508 2.88508 2.88508
2.88509 2.88509 2.88509 2.88509 2.88509 2.88509 2.88509 2.88509 2.88509 2.88509 2.88509 2.88509 2.88509 2.88509 2.88509 2.88509 2.88509 2.88509 2.88509 2.88509 2.88508 4.08001 5.77 6.96501 8.16002 11.045 11.045 9.85001 8.655 8.655 5.77 2.88509 2.88509 2.88509 2.88509 2.88509 2.88509 2.88509 2.88509 2.88509 2.88509 5.77 8.655 9.85001 6.96501 4.08001 2.88508 2.88508 2.88508 2.88508 2.88508 4.08001 6.96501 9.85001 8.16002 6.96501 4.08001 2.88508 2.88508 2.88508 2.88508 2.88508 2.88508 2.88508 2.88508 2.88508 2.88508
2.88509 2.88509 2.88509 2.88509 2.88509 2.88509 2.88509 2.88509 2.88509 2.88509 2.88509 2.88509 2.88509 2.88509 2.88509 2.88509 2.88509 2.88509 2.88509 2.88509 2.88509 2.88509 2.88508 4.08001 6.96501 8.16002 8.16002 6.96501 5.77 6.96501 5.77 2.88509 2.88509 2.88509 2.88509 2.88509 2.88509 2.88509 2.88509 2.88509 2.88509 5.77 8.655 8.655 5.77 2.88508 2.88508 2.88508 2.88508 2.88508 2.88508 2.88508 5.77 8.655 6.96501 4.08001 2.88508 2.88508 2.88508 2.88508 2.88508 2.88508 2.88508 2.88508 2.88508 2.88508 2.88508
2.88509 2.88509 2.88509 2.88509 2.88509 2.88509 2.88509 2.88509 2.88509 2.88509 2.88509 2.88509 2.88509 2.88509 2.88509 2.88509 2.88509 2.88509 2.88509 2.88509 2.88509 2.88509 2.88509 2.88508 4.08001 6.96501 5.77 4.08001 2.88509 4.08001 4.08001 2.88509 2.88509 2.88509 2.88509 2.88509 2.88509 2.88509 2.88509 2.88509 2.88509 5.77 8.655 8.16002 5.77 2.88508 2.88508 2.88508 2.88508 2.88508 2.88508 2.88508 5.77 8.655 5.77001 2.88508 2.88508 2.88508 2.88508 2.88508 2.88508 2.88508 2.88508 2.88508 2.88508 2.88508 2.88508
2.88509 2.88509 2.88509 2.88509 2.88509 2.88509 2.88509 2.88509 2.88509 2.88509 2.88509 2.88509 2.88509 2.88509 2.88509 2.88509 2.88509 2.88509 2.88509 2.88509 2.88509 2.88509 2.88509 2.88509 2.88508 4.08001 2.88509 2.88509 2.88509 2.88509 2.88509 2.88509 2.88509 2.88509 2.88509 2.88509 2.88509 2.88509 2.88509 2.88509 2.88509 5.77 8.16002 6.96501 4.08001 2.88508 2.88508 2.88508 2.88508 2.88508 2.88508 2.88508 5.77 8.16002 5.77001 2.88508 2.88508 2.88508 2.88508 2.88508 2.88508 2.88508 2.88508 2.88508 2.88508 2.88508 2.88508
2.88509 2.88509 2.88509 2.88509 2.88509 2.88509 2.88509 2.88509 2.88509 2.88509 2.88509 2.88509 2.88509 2.88509 2.88509 2.88509 2.88509 2.88509 2.88509 2.88509 2.88509 2.88509 2.88509 2.88509 2.88509 2.88509 2.88509 2.88509 2.88509 2.88509 2.88509 2.88509 2.88509 2.88509 2.88509 2.88509 2.88509 2.88509 2.88509 2.88509 2.88509 5.77 5.77001 4.08001 2.88508 2.88508 2.88508 2.88508 2.88508 2.88508 2.88508 2.88508 5.77 6.96501 4.08001 2.88508 2.88508 2.88508 2.88508 2.88508 2.88508 2.88508 2.88508 2.88508 2.88508 2.88508 2.88508
2.88509 2.88509 2.88509 2.88509 2.88509 2.88509 2.88509 2.88509 2.88509 2.88509 2.88509 2.88509 2.88509 2.88509 2.88509 2.88509 2.88509 2.88509 2.88509 2.88509 2.88509 2.88509 2.88509 2.88509 2.88509 2.88509 2.88509 2.88509 2.88509 2.88509 2.88509 2.88509 2.88509 2.88509 2.88509 2.88509 2.88509 2.88509 2.88509 2.88509 2.88508 4.08001 2.88508 2.88508 2.88508 2.88508 2.88508 2.88508 2.88508 2.88508 2.88508 2.88508 5.77 5.77001 2.88508 2.88508 2.88508 2.88508 2.88508 2.88508 2.88508 2.88508 2.88508 2.88508 2.88508 2.88508 2.88508
2.88509 2.88509 2.88509 2.88509 2.88509 2.88509 2.88509 2.88509 2.88509 2.88509 2.88509 2.88509 2.88509 2.88509 2.88509 2.88509 2.88509 2.88509 2.88509 2.88509 2.88509 2.88509 2.88509 2.88509 2.88509 2.88509 2.88509 2.88509 2.88509 2.88509 2.88509 2.88509 2.88509 2.88509 2.88509 2.88509 2.88509 2.88509 2.88509 2.88509 2.88508 2.88508 2.88508 2.88508 2.88508 2.88508 2.88508 2.88508 2.88508 2.88508 2.88508 4.08001 6.96501 4.08001 2.88508 2.88508 2.88508 2.88508 2.88508 2.88508 2.88508 2.88508 2.88508 2.88508 2.88508 2.88508 2.88508
2.88509 2.88509 2.88509 2.88509 2.88509 2.88509 2.88509 2.88509 2.88509 2.88509 2.88509 2.88509 2.88509 2.88509 2.88509 2.88509 2.88509 2.88509 2.88509 2.88509 2.88509 2.88509 2.88509 2.88509 2.88509 2.88509 2.88509 2.88509 2.88509 2.88509 2.88509 2.88509 2.88509 2.88509 2.88509 2.88509 2.88509 2.88509 2.88509 2.88509 2.88509 2.88508 2.88508 2.88508 2.88508 2.88508 2.88508 2.88508 2.88508 2.88508 2.88508 5.77 4.08001 2.88508 2.88508 2.88508 2.88508 2.88508 2.88508 2.88508 2.88508 2.88508 2.88508 2.88508 2.88508 2.88508 2.88508
2.88509 2.88509 2.88509 2.88509 2.88509 2.88509 2.88509 2.88509 2.88509 2.88509 2.88509 2.88509 2.88509 2.88509 2.88509 2.88509 2.88509 2.88509 2.88509 2.88509 2.88509 2.88509 2.88509 2.88509 2.88509 2.88509 2.88509 2.88509 2.88509 2.88509 2.88509 2.88509 2.88509 2.88509 2.88509 2.88509 2.88509 2.88509 2.88509 2.88509 2.88509 2.88508 2.88508 2.88508 2.88508 2.88508 2.88508 2.88508 2.88508 2.88508 2.88508 4.08001 2.88508 2.88508 2.88508 2.88508 2.88508 2.88508 2.88508 2.88508 2.88508 2.88508 2.88508 2.88508 2.88508 2.88508 2.88508
2.88509 2.88509 2.88509 2.88509 2.88509 2.88509 2.88509 2.88509 2.88509 2.88509 2.88509 2.88509 2.88509 2.88509 2.88509 2.88509 2.88509 2.88509 2.88509 2.88509 2.88509 2.88509 2.88509 2.88509 2.88509 2.88509 2.88509 2.88509 2.88509 2.88509 2.88509 2.88509 2.88509 2.88509 2.88509 2.88509 2.88509 2.88509 2.88509 2.88509 2.88509 2.88508 2.88508 2.88508 2.88508 2.88508 2.88508 2.88508 2.88508 2.88508 2.88508 2.88508 2.88508 2.88508 2.88508 2.88508 2.88508 2.88508 2.88508 2.88508 2.88508 2.88508 2.88508 2.88508 2.88508 2.88508 2.88508
