tests/full-run-ref/erosion_85_12_73.353.asc
ncols 512
nrows 512
xllcorner -3.24582
yllcorner -4.08743
cellsize 5
NODATA_value -99999
[rows 58 to 86 of 512, columns 201 to 267 of 512]
5.76999 5.76994 5.76994 5.76995 5.76994 5.76988 5.76989 5.76992 5.77008 5.76997 5.76998 5.76991 5.76999 5.77016 5.77 5.76988 5.76999 5.76999 5.76992 5.77016 5.77001 5.76996 5.76999 5.76996 5.76972 5.77016 5.77018 5.77018 5.77018 5.77018 5.77018 5.77017 5.77001 5.76999 5.76999 5.76997 5.76997 5.76997 5.76994 5.76997 5.77 5.76994 5.7699 5.76996 5.76998 5.76999 5.76996 5.76996 5.76996 5.76987 5.77007 5.76992 5.77 5.77 5.76992 5.76989 5.76988 5.76988 5.77015 5.76986 5.76992 5.76994 5.76995 5.76996 5.77 5.76998 5.77001
5.76989 5.76998 5.77005 5.76999 5.77004 5.76975 5.77012 5.76992 5.76981 5.76993 5.77009 5.76992 5.76999 5.77007 5.77013 5.76976 5.77 5.76995 5.77 5.77016 5.76999 5.77 5.76999 5.76976 5.77016 5.77018 5.77018 5.77018 5.77018 5.77018 5.77018 5.77011 5.76999 5.76999 5.76996 5.77002 5.76999 5.77003 5.76999 5.76998 5.76996 5.76993 5.77013 5.77014 5.77 5.76998 5.77004 5.76999 5.77003 5.76994 5.76992 5.76994 5.76996 5.77 5.76994 5.7701 5.76989 5.76996 5.76998 5.76993 5.77005 5.76997 5.77003 5.76997 5.77 5.76986 5.76971
5.76988 5.76991 5.76995 5.76991 5.76993 5.76993 5.76979 5.76999 5.76982 5.77 5.76994 5.76996 5.77 5.76999 5.77018 5.76977 5.77001 5.76994 5.77008 5.77016 5.76998 5.76999 5.76985 5.77016 5.77018 5.77018 5.77018 5.77018 5.77018 5.77018 5.77015 5.76999 5.76997 5.76994 5.76997 5.76996 5.76996 5.76998 5.76997 5.76999 5.77006 5.77016 5.77018 5.77018 5.77011 5.76993 5.76997 5.76993 5.76997 5.76996 5.77002 5.76995 5.76999 5.7701 5.76997 5.7699 5.76999 5.76999 5.77 5.76998 5.76996 5.76998 5.7699 5.76982 5.76987 5.76993 5.77016
5.76999 5.76995 5.76992 5.7699 5.77009 5.76988 5.77 5.76994 5.77009 5.76986 5.77 5.76999 5.76999 5.76997 5.77017 5.76991 5.76989 5.76999 5.77001 5.77016 5.76998 5.76995 5.77016 5.77018 5.77018 5.77018 5.77018 5.77018 5.77018 5.77016 5.77002 5.76999 5.76995 5.77005 5.76994 5.76999 5.77 5.76982 5.77013 5.77014 5.77018 5.77018 5.77018 5.77018 5.77017 5.77 5.76998 5.77014 5.7701 5.76984 5.76985 5.76983 5.77012 5.76997 5.77003 5.76992 5.76989 5.77004 5.76999 5.76998 5.76999 5.76999 5.77006 5.7701 5.77014 5.77017 5.76999
5.76992 5.77005 5.76993 5.76993 5.76992 5.76992 5.77 5.76994 5.76987 5.76999 5.76998 5.76999 5.77004 5.76999 5.77015 5.77016 5.77018 5.76994 5.76999 5.77016 5.77001 5.77016 5.77018 5.77018 5.77018 5.77018 5.77018 5.77017 5.77011 5.76999 5.76999 5.76998 5.76995 5.76997 5.76998 5.76999 5.77016 5.77018 5.76997 5.77017 5.77017 5.77018 5.77018 5.77018 5.77018 5.77017 5.77018 5.77018 5.77018 5.77015 5.7701 5.77016 5.77016 5.76995 5.76972 5.77011 5.77014 5.77017 5.77015 5.77016 5.77017 5.77018 5.77018 5.77018 5.77016 5.77 5.76999
5.76993 5.76995 5.76994 5.77006 5.76991 5.76989 5.76985 5.76994 5.77 5.77 5.77008 5.77015 5.77018 5.77018 5.77018 5.77018 5.77018 5.77018 5.77008 5.77015 5.77015 5.77018 5.77018 5.77018 5.77018 5.77017 5.77013 5.76998 5.76998 5.76999 5.76995 5.76992 5.76996 5.77003 5.77 5.77003 5.77018 5.77018 5.77018 5.76997 5.77015 5.77018 5.77018 5.77018 5.77018 5.77018 5.77018 5.77018 5.77018 5.77018 5.77018 5.77018 5.7701 5.77007 5.76864 5.77017 5.77018 5.77018 5.77018 5.77018 5.77017 5.77 5.76998 5.77006 5.76999 5.76998 5.77008
5.77 5.76999 5.76989 5.77 5.76983 5.76984 5.77018 5.77007 5.77 5.76998 5.76997 5.76999 5.77005 5.77016 5.77018 5.77018 5.77018 5.77018 5.77018 5.77018 5.77018 5.77018 5.77018 5.77018 5.77014 5.77001 5.76999 5.76999 5.77 5.77 5.76992 5.77006 5.76992 5.76997 5.7699 5.76999 5.77018 5.77018 5.77014 5.77 5.77017 5.77018 5.77018 5.77018 5.77015 5.76999 5.77015 5.77017 5.77017 5.77017 5.77018 5.77017 5.77014 5.76921 5.77018 5.77018 5.77018 5.77018 5.77014 5.77 5.76998 5.77 5.76993 5.76991 5.7699 5.76993 5.7698
5.77 5.77 5.76985 5.77006 5.76982 5.77017 5.77018 5.77014 5.76993 5.76998 5.76999 5.76999 5.76999 5.76999 5.77006 5.77015 5.77018 5.77018 5.77018 5.77018 5.77018 5.77017 5.77013 5.77001 5.76999 5.76984 5.76998 5.76994 5.76991 5.76996 5.76995 5.76992 5.76989 5.76996 5.76994 5.77018 5.77015 5.77018 5.77017 5.77005 5.77014 5.77018 5.77018 5.77018 5.77009 5.76999 5.76996 5.76995 5.76992 5.76979 5.77016 5.77018 5.76996 5.77018 5.77018 5.77018 5.77015 5.76999 5.77017 5.76971 5.76998 5.76999 5.76995 5.77002 5.76994 5.77 5.76997
5.77 5.77 5.76994 5.76983 5.76989 5.76999 5.77018 5.76999 5.76996 5.77004 5.76997 5.76997 5.76994 5.77 5.76996 5.76991 5.77007 5.77015 5.77016 5.77013 5.77006 5.76999 5.76999 5.76999 5.77 5.76999 5.76999 5.76989 5.77005 5.76995 5.76999 5.77 5.77012 5.76992 5.77018 5.77004 5.77018 5.77018 5.77018 5.77018 5.77018 5.77018 5.77018 5.77018 5.7701 5.76999 5.77016 5.77014 5.76996 5.76998 5.76999 5.76967 5.77018 5.77018 5.77018 5.77018 5.77013 5.76998 5.76995 5.76985 5.77002 5.76997 5.76982 5.76975 5.7698 5.76992 5.76991
5.77 5.7699 5.76975 5.77004 5.77015 5.77007 5.77018 5.77009 5.76988 5.76992 5.76997 5.76993 5.77007 5.76996 5.76995 5.77 5.76993 5.76993 5.76996 5.76999 5.76999 5.77 5.77 5.77 5.77 5.76998 5.77001 5.76994 5.76992 5.76983 5.77006 5.77017 5.77017 5.77018 5.76999 5.77018 5.77018 5.77018 5.77018 5.77018 5.77018 5.77018 5.77018 5.77018 5.77018 5.77018 5.77017 5.76999 5.76997 5.77018 5.77018 5.76945 5.77018 5.77018 5.77017 5.77 5.77018 5.77018 5.76983 5.76995 5.76997 5.76998 5.76996 5.77015 5.76991 5.77004 5.76992
5.76979 5.76966 5.77013 5.77018 5.77018 5.77018 5.77018 5.77018 5.77017 5.77008 5.76999 5.76997 5.76993 5.76994 5.77008 5.76994 5.76999 5.77003 5.76996 5.77 5.77 5.76992 5.76991 5.76995 5.77 5.76999 5.76999 5.76987 5.76999 5.7689 5.77016 5.77018 5.77018 5.77018 5.77018 5.77018 5.77018 5.77018 5.77018 5.77018 5.77018 5.77018 5.77018 5.77018 5.77018 5.77018 5.77017 5.77005 5.77016 5.77018 5.76995 5.77018 5.77018 5.77018 5.77018 5.73896 5.74697 5.75302 5.77008 5.76995 5.76999 5.77 5.68958 5.6687 5.55741 5.76997 5.76993
5.76967 5.77014 5.77018 5.77018 5.77018 5.77018 5.77018 5.77018 5.77018 5.77018 5.77014 5.76999 5.76998 5.77 5.76987 5.76995 5.76999 5.76996 5.76997 5.77 5.77 5.76992 5.77006 5.76989 5.77 5.76997 5.76999 5.77002 5.77015 5.77018 5.76999 5.77018 5.77 5.77017 5.77018 5.77018 5.77018 5.77018 5.77018 5.77018 5.77018 5.77018 5.77018 5.77018 5.77018 5.77018 5.77018 5.77018 5.77014 5.76997 5.76998 5.77018 5.77018 5.77018 5.7698 5.72905 6.1602 5.75017 5.77018 5.76992 5.76997 5.77016 5.71762 6.16017 5.63039 5.77 5.76999
5.76977 5.7701 5.77018 5.77018 5.77018 5.77016 5.77018 5.77018 5.77018 5.77016 5.77011 5.7701 5.77009 5.76999 5.77002 5.76998 5.76991 5.76983 5.7698 5.76993 5.76995 5.7699 5.76988 5.76996 5.76994 5.76991 5.77011 5.77017 5.77018 5.77018 5.77018 5.76991 5.77018 5.77018 5.77018 5.77018 5.77018 5.77018 5.77018 5.77018 5.77018 5.77018 5.77018 5.77018 5.77018 5.77018 5.77018 5.77018 5.77015 5.76999 5.77014 5.77018 5.77018 5.76996 5.77018 5.7461 5.76977 5.76965 5.77018 5.76989 5.76998 5.77 5.72423 5.73551 5.73017 5.77014 5.77
5.76986 5.77007 5.77018 5.77018 5.77018 5.77 5.76998 5.77014 5.77007 5.76999 5.76999 5.76999 5.76973 5.76985 5.76978 5.76988 5.76996 5.77015 5.76987 5.77006 5.76989 5.77 5.76995 5.76994 5.77 5.77015 5.77018 5.77018 5.77018 5.77018 5.76996 5.77018 5.77015 5.77018 5.77018 5.77018 5.77018 5.77018 5.77018 5.77018 5.77018 5.77018 5.77018 5.77018 5.77018 5.77018 5.77018 5.77018 5.77018 5.77016 5.77018 5.77018 5.77018 5.76997 5.77018 5.77018 5.77018 5.77018 5.77017 5.76988 5.76999 5.76998 5.77014 5.77016 5.77005 5.76999 5.77017
5.76984 5.77008 5.77018 5.77018 5.77018 5.77009 5.76998 5.76995 5.76989 5.76994 5.76991 5.77 5.76999 5.77 5.76949 5.77017 5.76985 5.76985 5.76983 5.76992 5.76992 5.77 5.7698 5.77005 5.77017 5.77018 5.77018 5.77018 5.77018 5.76995 5.77012 5.77017 5.77018 5.77018 5.77018 5.77018 5.77018 5.77018 5.77018 5.77018 5.77018 5.77018 5.77018 5.77018 5.77018 5.77018 5.77018 5.77018 5.77018 5.77018 5.77018 5.77018 5.76999 5.77018 5.77018 5.77018 5.77018 5.77017 5.77017 5.76977 5.7699 5.77008 5.76999 5.76997 5.76998 5.76998 5.76999
5.76984 5.7701 5.77018 5.77018 5.77018 5.77016 5.76994 5.77001 5.76993 5.77007 5.76982 5.77 5.77 5.76994 5.76969 5.76963 5.76983 5.77005 5.76993 5.77001 5.76998 5.77 5.76981 5.77014 5.77018 5.77018 5.77018 5.77018 5.77017 5.76997 5.77018 5.77018 5.77018 5.77018 5.77018 5.77018 5.77018 5.77018 5.77018 5.77018 5.77018 5.77018 5.77018 5.77018 5.77018 5.77018 5.77018 5.77018 5.77018 5.77018 5.77018 5.77017 5.77007 5.77018 5.77017 5.77012 5.77013 5.77005 5.76983 5.77003 5.76988 5.77015 5.76989 5.77 5.77 5.77 5.76998
5.76986 5.77009 5.77018 5.77018 5.77018 5.77015 5.76996 5.76999 5.76992 5.76989 5.76987 5.77 5.76999 5.7699 5.77004 5.7699 5.76996 5.76993 5.76994 5.76998 5.76998 5.76998 5.76999 5.77017 5.77018 5.77018 5.77018 5.77018 5.76995 5.76993 5.77017 5.77018 5.77018 5.77018 5.77018 5.77018 5.77018 5.77018 5.77018 5.77018 5.77018 5.77018 5.77018 5.77018 5.77018 5.77018 5.77018 5.77018 5.77018 5.77018 5.77018 5.77018 5.77018 5.77018 5.77018 5.76995 5.73418 5.74059 5.65317 5.76989 5.77017 5.76998 5.76993 5.76995 5.76989 5.76994 5.76997
5.76988 5.77007 5.77018 5.77018 5.77018 5.77009 5.76999 5.77 5.77001 5.76999 5.76987 5.76992 5.77 5.76994 5.76992 5.76993 5.76996 5.77 5.77 5.77001 5.76999 5.76999 5.77009 5.77018 5.77018 5.77018 5.77018 5.77005 5.77018 5.77018 5.76996 5.77015 5.77018 5.77018 5.77018 5.77018 5.77018 5.77018 5.77018 5.77018 5.77018 5.77018 5.77018 5.77018 5.77018 5.77018 5.77018 5.77018 5.77018 5.77018 5.77018 5.77018 5.77018 5.77018 5.76933 5.76999 5.71586 6.08229 5.73847 5.77011 5.76999 5.76996 5.77 5.76989 5.77008 5.76992 5.77
5.76991 5.77006 5.77018 5.77018 5.77018 5.77003 5.76999 5.77 5.76999 5.77 5.7699 5.77018 5.76982 5.77 5.76989 5.77006 5.7699 5.77 5.77 5.76999 5.7699 5.76999 5.77015 5.77018 5.77018 5.77018 5.77018 5.77018 5.77018 5.77018 5.76998 5.77018 5.77018 5.77018 5.77018 5.77018 5.77018 5.77018 5.77018 5.77018 5.77018 5.77018 5.77018 5.77018 5.77018 5.77018 5.77018 5.77018 5.77018 5.77018 5.77018 5.77017 5.77018 5.77001 5.77018 5.76994 5.73447 5.74069 5.74161 5.77015 5.76998 5.76996 5.76991 5.76975 5.76988 5.76989 5.77012
5.76996 5.77 5.77017 5.77018 5.77018 5.77011 5.77 5.76997 5.76992 5.76994 5.77 5.76978 5.76975 5.76995 5.76993 5.76993 5.76994 5.77 5.77 5.76996 5.77002 5.77015 5.77018 5.77018 5.77018 5.77018 5.77018 5.77018 5.77018 5.77016 5.77017 5.77018 5.77018 5.77018 5.77018 5.77018 5.77018 5.77018 5.77018 5.77018 5.77018 5.77018 5.77018 5.77018 5.77018 5.77018 5.77018 5.77018 5.77018 5.77018 5.77018 5.77018 5.76999 5.77018 5.77018 5.76998 5.76999 5.77012 5.76999 5.77013 5.76995 5.77008 5.77018 5.77018 5.76997 5.76998 5.77007
5.77 5.76999 5.77017 5.77018 5.77017 5.77 5.77 5.76995 5.7701 5.76974 5.77 5.76989 5.77006 5.7699 5.76992 5.76989 5.77 5.77 5.76996 5.76994 5.77015 5.77018 5.77018 5.77018 5.77018 5.77018 5.77018 5.77018 5.77018 5.77018 5.77018 5.77018 5.77018 5.77018 5.77018 5.77018 5.77018 5.77018 5.77018 5.77018 5.77018 5.77018 5.77018 5.77018 5.77018 5.77018 5.77018 5.77018 5.77018 5.77018 5.77018 5.77005 5.77 5.77018 5.77018 5.77007 5.77018 5.77018 5.77015 5.76998 5.77017 5.77018 5.77018 5.56172 5.40957 5.5437 5.77016
5.77 5.76999 5.77016 5.77018 5.77016 5.7699 5.76999 5.76995 5.76972 5.76982 5.77 5.76991 5.76983 5.76986 5.77009 5.76982 5.77 5.76999 5.76993 5.7701 5.77018 5.77018 5.77018 5.77018 5.77018 5.77018 5.77018 5.77018 5.77018 5.77018 5.77018 5.77018 5.77018 5.77018 5.77018 5.77018 5.77018 5.77018 5.77018 5.77018 5.77018 5.77018 5.77018 5.77018 5.77018 5.77018 5.77018 5.77018 5.77018 5.77018 5.77018 5.77018 5.77017 5.77018 5.77018 5.77018 5.77017 5.77018 5.77014 5.77018 5.77018 5.77016 5.77018 5.66413 6.63168 5.71798 5.70841
5.77 5.76999 5.77014 5.77018 5.77014 5.7699 5.77002 5.76998 5.76994 5.76994 5.76991 5.77 5.76983 5.76993 5.7699 5.76991 5.77 5.76989 5.77001 5.77017 5.77018 5.77018 5.77018 5.77018 5.77018 5.77018 5.77018 5.77018 5.77018 5.77018 5.77018 5.77018 5.77018 5.77018 5.77018 5.77018 5.77018 5.77018 5.77018 5.77018 5.77018 5.77018 5.77018 5.77018 5.77018 5.77018 5.77018 5.77018 5.77018 5.77018 5.77018 5.77018 5.77018 5.77018 5.77018 5.77018 5.77018 5.77018 5.77018 5.77018 5.77018 5.77009 5.76998 5.6679 5.72381 7.44548 5.59946
5.77 5.76999 5.7701 5.77018 5.7701 5.76993 5.76996 5.76989 5.76988 5.77004 5.76988 5.77 5.76975 5.7701 5.76984 5.77 5.76998 5.76999 5.77014 5.77018 5.77018 5.77018 5.77018 5.77018 5.77018 5.77018 5.77018 5.77018 5.77018 5.77018 5.77018 5.77018 5.77018 5.77018 5.77018 5.77018 5.77018 5.77018 5.77018 5.77018 5.77018 5.77018 5.77018 5.77018 5.77018 5.77018 5.77018 5.77018 5.77018 5.77018 5.77018 5.77018 5.77018 5.77018 5.77018 5.77018 5.77018 5.77018 5.77018 5.77018 5.77018 5.77017 5.76999 5.77011 5.75087 5.60028 5.56582
5.77 5.77 5.77002 5.77018 5.77004 5.76999 5.76992 5.7701 5.76982 5.7699 5.76993 5.76984 5.76991 5.76991 5.76991 5.77 5.76992 5.77004 5.77017 5.77018 5.77018 5.77018 5.77018 5.77018 5.77018 5.77018 5.77018 5.77018 5.77018 5.77018 5.77018 5.77018 5.77018 5.77018 5.77018 5.77018 5.77018 5.77018 5.77018 5.77018 5.77018 5.77018 5.77018 5.77018 5.77018 5.77018 5.77018 5.77018 5.77018 5.77018 5.77018 5.77018 5.77018 5.77018 5.77018 5.77018 5.77018 5.77018 5.77018 5.77018 5.77018 5.77018 5.77016 5.77017 5.77017 5.77014 5.76994
5.76995 5.76999 5.76999 5.77018 5.76995 5.77 5.76994 5.76991 5.76983 5.77 5.77 5.76978 5.77009 5.76982 5.77 5.77 5.76988 5.77013 5.77018 5.77018 5.77018 5.77018 5.77018 5.77018 5.77018 5.77018 5.77018 5.77018 5.77018 5.77018 5.77018 5.77018 5.77018 5.77018 5.77018 5.77018 5.77018 5.77018 5.77018 5.77018 5.77018 5.77018 5.77018 5.77018 5.77018 5.77018 5.77018 5.77018 5.77018 5.77018 5.77018 5.77018 5.77018 5.77018 5.77018 5.77018 5.77018 5.77018 5.77018 5.77018 5.76882 5.76677 5.76692 5.76886 5.77018 5.77016 5.76994
5.77005 5.76994 5.76999 5.77018 5.76993 5.77002 5.76995 5.7698 5.76979 5.77 5.76983 5.76992 5.76991 5.76992 5.77 5.76997 5.76988 5.77017 5.77018 5.77018 5.77018 5.77018 5.77018 5.77018 5.77018 5.77018 5.77018 5.77018 5.77018 5.77018 5.77018 5.77018 5.77018 5.77018 5.77018 5.77018 5.77018 5.77018 5.77018 5.77018 5.77018 5.77018 5.77018 5.77018 5.77018 5.77018 5.77018 5.77018 5.77018 5.77018 5.77018 5.77018 5.77018 5.77018 5.77018 5.77018 5.77018 5.77018 5.77018 5.77018 5.76925 6.09911 6.05437 5.76828 5.77017 5.76999 5.77018
5.76995 5.76996 5.76999 5.77018 5.76969 5.77 5.76989 5.77013 5.76954 5.77 5.76979 5.77008 5.76985 5.77 5.77 5.76993 5.77008 5.77018 5.77018 5.77018 5.77018 5.77018 5.77018 5.77018 5.77018 5.77018 5.77018 5.77018 5.77018 5.77018 5.77018 5.77018 5.77018 5.77018 5.77018 5.77018 5.77018 5.77018 5.77018 5.77018 5.77018 5.77018 5.77018 5.77018 5.77018 5.77018 5.77018 5.77018 5.77018 5.77018 5.77018 5.77018 5.77018 5.77018 5.77018 5.77017 5.77018 5.77016 5.77018 5.77018 5.76733 5.76466 5.76463 5.7674 5.77012 5.77018 5.77018
5.77 5.77 5.76999 5.77018 5.76964 5.77002 5.76988 5.76966 5.76995 5.76967 5.76998 5.76991 5.76993 5.77 5.76995 5.76992 5.77015 5.77018 5.77018 5.77018 5.77018 5.77018 5.77018 5.77018 5.77018 5.77018 5.77018 5.77018 5.77018 5.77018 5.77018 5.77018 5.77018 5.77018 5.76978 5.76914 5.76926 5.76961 5.77018 5.77018 5.77018 5.77018 5.77018 5.77018 5.77018 5.77018 5.77018 5.77018 5.77018 5.77018 5.77018 5.77018 5.77018 5.77018 5.76999 5.77016 5.77017 5.77001 5.76997 5.77018 5.77016 5.77017 5.77018 5.77017 5.77018 5.77018 5.77018
