tests/full-run-ref/erosion_78_23_-57.856.asc
ncols 512
nrows 512
xllcorner -3.24582
yllcorner -4.08743
cellsize 5
NODATA_value -99999
[rows 186 to 216 of 512, columns 138 to 206 of 512]
8.1591 5.76955 5.76961 5.77 5.76956 8.16002 5.76824 5.77 5.77 5.77 5.77 5.77 5.77 5.77 5.75912 8.07344 13.8658 11.4316 5.72848 5.77 5.77 5.77 5.77 5.77 5.77 5.76401 5.70422 11.4423 13.7622 7.95298 5.76028 5.77 5.77 5.77 5.77 5.77 5.77 5.77 5.77 5.77 5.77 5.77 5.71288 7.89628 13.6922 7.75809 4.86943 4.54815 7.92777 5.66116 11.4632 18.2963 24.7971 31.2176 37.6208 43.9465 50.5662 53.1163 46.4249 39.8593 33.184 26.3223 19.2489 13.0861 5.22579 0 2.85957 5.77 5.77
5.76954 8.15888 5.76953 5.77 5.76953 5.76849 5.76828 5.77 5.77 5.77 5.77 5.77 5.76967 5.76608 5.73384 11.4527 16.161 11.1297 5.72233 5.77 5.77 5.77 5.77 5.77 5.7625 5.70407 7.91667 13.7485 11.3416 5.66149 5.75771 5.77 5.77 5.77 5.77 5.77 5.77 5.77 5.77 5.77 5.77 5.77 5.69637 11.3883 11.3948 5.60307 5.66496 5.18627 2.03898 3.03115 8.78834 15.5026 22.1 28.6131 35.0603 41.4593 47.8769 54.4313 49.2269 42.7826 36.3666 29.8934 23.6212 16.7291 9.24315 2.9669 1.59016 5.2677 5.77
5.76974 5.76971 5.76971 5.77 5.77 5.77 5.77 5.77 5.77 5.77 5.77 5.77 5.76949 6.12686 8.05608 13.852 13.7488 7.94096 5.74469 5.77 5.77 5.77 5.77 5.76129 5.6894 7.84172 13.6609 16.1467 13.6773 7.87662 5.75782 5.77 5.77 5.77 5.77 5.77 5.77 5.77 5.77 5.77 5.77 5.77 5.7203 7.92933 11.4453 5.70217 5.77 5.77 4.87015 0.970903 5.76154 12.5477 19.2595 25.8909 32.4466 38.9171 45.3044 51.9645 49.0242 42.5814 36.1882 29.7355 23.1364 16.4749 10.66 5.47416 4.91792 5.12278 5.65887
5.76997 5.76995 5.76993 5.76986 5.77 5.77 5.77 5.77 5.77 5.77 5.76564 5.75904 5.73988 5.7151 11.4728 13.775 7.96136 5.72265 5.76415 5.77 5.77 5.77 5.76053 5.68033 7.79199 13.6025 16.069 16.978 11.1223 5.61551 5.75456 5.77 5.77 5.77 5.77 5.77 5.77 5.77 5.77 5.77 5.77 5.77 5.75356 5.69205 11.4644 5.71658 5.76416 5.77 5.04573 3.73017 7.86018 14.3774 20.9062 27.3565 33.7229 40.0354 46.3272 52.8581 46.3801 39.8361 33.2467 26.5321 19.6729 12.6441 5.56384 1.39174 3.14856 6.05007 5.63055
5.76997 6.15934 6.15912 5.76965 5.77 5.77 5.77 5.77 5.77 5.77 5.75263 8.07695 11.4786 8.00626 13.8014 7.97655 5.72262 5.76466 5.77 5.77 5.77 5.7583 5.66246 7.77536 13.5837 16.0033 21.8412 19.2045 13.5389 7.79512 5.75503 5.77 5.77 5.77 5.77 5.77 5.77 5.77 5.77 5.77 5.77 5.77 5.77 5.73456 8.09808 8.11234 5.7574 5.77 4.98061 4.54994 9.35647 15.7208 22.089 28.3988 34.6395 40.8611 47.2156 50.4084 43.8303 37.243 30.4131 23.3546 16.0399 8.42466 1.741 0.0553017 5.09208 5.57461 5.70454
5.76998 5.76979 8.15994 5.76973 5.7695 5.77 5.77 5.77 5.77 5.76389 5.71873 11.4204 16.1911 13.7963 11.3735 5.68481 5.76068 5.77 5.77 5.76908 5.73813 5.56434 7.67582 13.5134 15.9738 21.8154 22.6078 16.7506 10.8843 5.58512 5.76075 5.77 5.77 5.77 5.77 5.77 5.77 5.77 5.77 5.77 5.77 5.77 5.77 5.75687 5.74717 8.13469 5.75853 5.77 4.88416 5.36776 10.5067 16.8253 23.1203 29.3719 35.6004 41.9835 46.3317 46.2789 42.1657 35.5745 28.5032 21.2056 13.5502 5.50246 0 1.352 5.62453 5.77 5.77
5.77 5.76987 5.76982 7.12288 5.76945 5.77 5.77 5.77 5.76686 5.73751 7.99231 13.7762 19.5808 19.4928 13.7556 7.99549 5.76285 5.76918 5.7352 5.59684 5.54972 7.35212 13.2804 15.8432 21.7024 24.2215 22.5278 16.6604 10.7976 5.59383 5.77 5.77 5.77 5.77 5.77 5.77 5.77 5.77 5.77 5.77 5.77 5.77 5.77 5.77 5.75542 5.75619 5.7623 5.77 4.84739 6.17931 11.6558 17.923 24.1752 30.4104 36.7297 42.9392 40.0818 40.007 40.3472 39.0599 32.2479 25.2239 18.0526 10.5988 3.73792 1.31062 5.02831 5.77 5.77001
5.77 5.77 5.76932 5.76873 5.76431 5.77 5.77 5.77 5.76585 8.08314 13.7924 16.1775 21.9754 17.0881 11.2329 5.54105 5.59908 5.50793 5.46746 7.35385 11.1736 13.1398 15.5301 21.4781 24.0961 28.2599 22.4136 16.5465 10.6778 5.56636 5.77 5.77 5.77 5.77 5.77 5.77 5.77 5.77 5.77 5.77 5.77 5.77 5.77 5.77 5.77 5.77 5.77 5.77 4.87011 6.77568 12.4393 18.6813 24.9032 31.1734 37.4244 36.8626 33.6222 33.6004 33.6831 37.0839 35.698 28.9877 22.1866 15.2683 8.78481 3.48691 4.40434 5.77 5.77001
5.77 5.77 5.77 5.77 5.77 5.77 5.77 5.77 5.76052 5.67788 11.3511 17.1563 22.9576 19.262 13.3486 7.42125 11.066 7.08237 11.0102 13.06 15.4715 18.9922 21.3726 23.8299 29.7431 28.1694 22.2915 16.4214 10.5497 5.53163 5.77 5.77 5.77 5.77 5.77 5.77 5.77 5.77 5.77 5.77 5.77 5.77 5.77 5.77 5.77 5.77 5.77 5.77 4.94144 7.67715 13.5056 19.6882 25.8854 32.135 33.697 30.4136 27.1683 27.1553 27.0362 30.3401 33.7857 30.4443 23.5807 16.6093 9.46855 3.4912 3.21114 5.27923 5.65324
5.77 5.77 5.77 5.77 5.77 5.77 5.77 5.77 5.71437 7.94076 13.7085 19.5274 25.3404 21.6372 15.7072 15.617 15.4889 12.9126 15.3036 18.8987 21.3107 23.7564 27.2027 29.6597 32.1341 28.0072 22.1261 16.2437 10.3684 5.49799 5.77 5.77 5.77 5.77 5.77 5.77 5.77 5.77 5.77 5.77 5.77 5.77 5.77 5.77 5.77 5.77 5.77 5.77 5.06975 8.70749 14.6456 20.7467 26.9352 30.5595 27.4489 24.0013 20.5502 20.6053 20.4574 23.7833 27.2907 30.6598 27.1081 20.2983 13.586 7.48978 5.0484 3.54904 6.4842
5.77 5.77 5.77 5.77 5.77 5.77 5.77 5.75692 5.54079 5.94966 11.8058 17.7142 23.5839 24.0258 23.8922 21.3913 21.3023 18.7369 21.1529 23.6018 27.1396 29.5835 32.03 35.4919 33.7732 27.9041 22.0258 16.1335 10.2565 5.46648 5.77 5.77 5.77 5.77 5.77 5.77 5.77 5.77 5.77 5.77 5.77 5.77 5.77 5.77 5.77 5.77 5.77 5.74632 5.08478 9.50548 15.5089 21.5739 27.6652 26.0957 21.2392 17.6042 13.8335 13.8984 13.8001 17.3457 20.8865 25.5789 29.0829 23.7819 17.786 14.3812 9.44652 7.60094 10.9269
5.77 5.77 5.77 5.77 5.77 5.77 5.77 5.68973 11.3399 8.16334 13.9505 19.9186 25.822 29.7932 29.6907 27.2296 27.0962 27.5874 26.9871 29.4346 31.8867 35.4028 37.8623 39.5292 33.681 27.8121 21.9324 16.033 10.1563 5.43617 5.77 5.77 5.77 5.77 5.77 5.77 5.77 5.77 5.77 5.77 5.77 5.77 5.77 5.77 5.77 5.77 5.76104 5.57331 7.0148 12.8431 18.2861 24.2616 26.9105 20.4688 16.7869 11.1556 7.0929 7.12341 7.0848 10.8684 16.0565 19.7389 26.5883 27.0765 23.6198 18.6974 16.3792 14.1428 16.8499
5.77 5.77 5.77 5.77 5.77 5.77 5.74824 5.45864 11.1164 14.0682 16.2209 22.158 28.0971 33.9763 35.4808 33.0565 32.9125 33.4 34.019 35.2572 37.7105 40.1656 43.6857 39.4543 33.5862 27.7181 21.8327 15.9281 10.0541 5.40497 5.77 5.77 5.77 5.77 5.77 5.77 5.77 5.77 5.77 5.77 5.77 5.77 5.77 5.77 5.77 5.77 5.72252 7.78303 13.1538 15.4967 21.3603 26.7501 24.4886 18.2756 11.1914 7.1317 1.9422 3.00934 2.0874 6.57123 10.3542 17.666 22.2012 28.3399 27.5434 25.0391 22.6179 20.8385 22.7554
5.77 5.77 5.77 5.77 5.77 5.75165 5.54933 7.34077 13.1838 19.109 22.1878 24.4717 30.3859 36.3054 41.2651 38.8537 41.2336 39.1974 39.8209 42.2577 43.5216 45.9984 45.2125 39.3488 33.4852 27.6107 21.7189 15.8093 9.93993 5.37147 5.77 5.77 5.77 5.77 5.77 5.77 5.77 5.77 5.77 5.77 5.77 5.77 5.77 5.77 5.77 5.77 5.65859 11.1277 15.9321 21.4122 23.8467 23.6577 21.1872 16.1069 9.567 2.95145 4.65819 5.30276 4.61493 2.87313 8.85188 13.4052 19.6669 25.757 30.9876 31.0108 28.5571 26.9582 28.0118
5.77 5.77 5.77 5.77 5.75428 5.58463 7.49608 13.1871 15.4378 21.369 27.2762 30.4025 32.7152 38.6103 44.5131 45.4724 47.0375 46.0973 45.6319 48.0546 50.5116 50.9393 45.1003 39.2365 33.3703 27.4893 21.5921 15.6774 9.81396 5.33588 5.77 5.77 5.77 5.77 5.77 5.77 5.77 5.77 5.77 5.77 5.77 5.77 5.77 5.77 5.77 5.75663 5.54672 10.8755 16.7347 22.5908 27.06 21.1904 15.2569 12.8682 10.4169 5.05577 5.77 5.77 5.77 5.32746 5.07359 11.0538 17.2244 22.4812 28.2663 34.1071 34.4306 31.3941 25.4804
5.77 5.77 5.77 5.75702 5.61456 7.59278 13.3212 15.5966 21.3697 23.6719 29.5818 35.4716 38.6131 40.9507 46.8361 51.2527 52.8229 51.9004 52.2656 53.8737 56.314 50.8382 44.9781 39.1195 33.2478 27.361 21.4582 15.5386 9.68215 5.2995 5.77 5.77 5.77 5.77 5.77 5.77 5.77 5.77 5.77 5.77 5.77 5.77 5.77 5.77 5.77 5.69812 7.52424 13.1889 19.056 24.9384 24.6287 18.7026 12.7791 6.88168 5.46506 5.71478 5.77 5.77 5.77 5.74922 4.99977 8.97377 13.8684 19.7643 25.6829 30.2428 32.6397 28.9195 22.9775
5.77 5.77 5.76003 5.64634 7.69089 13.415 15.7029 21.4994 23.8171 29.5826 31.901 37.7905 43.6637 46.8182 49.1782 55.0365 58.6118 58.4652 60.1003 59.6786 56.5842 50.7208 44.8671 39.0031 33.1252 27.2328 21.3247 15.4 9.55128 5.26378 5.77 5.77 5.77 5.77 5.77 5.77 5.77 5.77 5.77 5.77 5.77 5.77 5.77 5.77 5.77 5.61682 10.9505 15.62 21.4567 27.3489 22.1603 16.2263 10.2761 5.32852 5.74619 5.77 5.77 5.77 5.77 5.77 5.56029 5.57994 11.0721 17.0983 21.7361 27.7775 26.6841 24.246 20.8792
5.77 5.76328 5.6802 7.79664 13.5133 15.8183 21.5903 23.9164 29.7041 32.0335 37.7913 40.1248 45.9957 51.8525 55.0185 57.4001 63.2386 64.7882 65.9009 62.3129 56.4722 50.6185 44.7612 38.8912 33.0077 27.1099 21.1966 15.267 9.42631 5.22981 5.77 5.77 5.77 5.77 5.77 5.77 5.77 5.77 5.77 5.77 5.77 5.77 5.77 5.77 5.74112 5.50073 10.6872 16.5526 22.4175 28.0312 22.1082 16.1873 10.2622 5.43898 5.77 5.77 5.77 5.77 5.77 5.77 5.7468 5.02362 8.54629 12.9793 19.169 25.3549 20.5736 18.0485 15.8413
5.76672 5.71552 7.91171 13.6172 15.9411 21.6909 24.0276 29.7912 32.1155 37.905 40.245 45.996 48.3441 54.1976 60.0389 63.215 65.6186 70.5802 68.0596 62.2203 56.3752 50.5239 44.6612 38.786 32.8974 26.9946 21.0766 15.1424 9.31 5.19825 5.77 5.77 5.77 5.77 5.77 5.77 5.77 5.77 5.77 5.77 5.77 5.77 5.77 5.77 5.68933 7.46563 13.0849 18.9452 24.8314 27.8696 21.9142 15.9731 10.0201 5.38774 5.77 5.77 5.77 5.77 5.77 5.77 5.77 5.54619 5.22523 10.4766 16.7651 20.3925 17.5561 11.6567 9.4053
5.75233 8.03363 13.7268 16.0714 21.7958 24.1439 29.8875 32.2348 37.9778 40.3233 46.1029 48.4523 54.1972 56.5606 62.3982 68.2259 71.4188 73.8171 67.979 62.1375 56.2918 50.4357 44.568 38.688 32.7949 26.8878 20.9657 15.0277 9.20365 5.16944 5.77 5.77 5.77 5.77 5.77 5.77 5.77 5.77 5.77 5.77 5.77 5.77 5.77 5.76041 5.56912 10.8958 15.5435 21.3656 27.2549 27.5901 21.6123 15.6198 9.61186 5.1963 5.74366 5.77 5.77 5.77 5.77 5.77 5.77 5.75011 4.92684 8.50049 14.8409 18.0795 11.321 8.81154 4.40852
5.72274 11.405 16.1849 21.9031 24.2652 29.986 32.3442 38.0822 40.4396 46.1743 48.5287 54.298 56.6572 62.3951 64.7744 70.5993 76.4369 73.7563 67.9055 62.065 56.2148 50.3541 44.4821 38.5981 32.7013 26.7907 20.8653 14.924 9.10832 5.14372 5.77 5.77 5.77 5.77 5.77 5.77 5.77 5.77 5.77 5.77 5.77 5.77 5.77 5.72317 7.73899 13.3989 19.1522 23.8217 29.6592 29.9705 24.0298 18.0844 12.2043 6.47895 5.59675 5.77 5.77 5.77 5.77 5.77 5.77 5.77 5.36687 9.80845 14.9938 15.7675 9.06326 4.37085 5.46779
8.0816 13.8196 19.5824 24.3643 30.084 32.4558 38.1737 40.5415 46.2751 48.6425 54.3694 56.7336 62.4561 64.861 70.5913 72.9887 78.8356 73.6894 67.844 61.9992 56.1449 50.2805 44.4052 38.5181 32.6184 26.705 20.777 14.8333 9.02555 5.12151 5.77 5.77 5.77 5.77 5.77 5.77 5.77 5.77 5.77 5.77 5.77 5.77 5.77 5.69802 11.2827 15.9572 21.6619 27.4078 32.0984 32.3919 26.4821 20.6835 14.8206 10.1361 5.41793 5.77 5.77 5.77 5.77 5.77 5.77 5.77 5.61373 6.55757 12.5761 15.1982 8.78947 5.06142 5.77
13.8701 16.2345 21.9895 27.7483 32.5418 38.2649 40.6441 46.3656 48.7443 54.4728 56.8542 62.5232 64.9503 70.661 73.0801 78.808 79.5022 73.634 67.7914 61.9428 56.0854 50.2182 44.3403 38.4509 32.5491 26.6337 20.7038 14.7584 8.9576 5.10341 5.77 5.77 5.77 5.77 5.77 5.77 5.77 5.77 5.77 5.77 5.77 5.77 5.77 5.72662 7.77828 13.4726 19.2667 24.0184 29.6408 32.0822 27.6193 21.6971 15.7635 9.8205 5.33945 5.77 5.77 5.77 5.77 5.77 5.77 5.77 5.74714 5.38221 10.6914 15.9309 10.5142 5.43369 5.77001
8.04839 13.7991 19.5606 25.3402 31.1176 36.894 42.6734 46.3704 48.7768 54.4944 56.9133 62.5835 65.0379 70.6924 73.1447 78.8117 79.4792 73.5977 67.7513 61.8999 56.0402 50.171 44.2914 38.4004 32.497 26.5803 20.6491 14.7024 8.90711 5.09012 5.77 5.77 5.77 5.77 5.77 5.77 5.77 5.77 5.77 5.77 5.77 5.77 5.77 5.76064 5.61237 11.0458 15.7896 21.4013 23.7784 29.6768 27.2412 21.2502 15.2593 9.24832 5.16214 5.74336 5.77 5.77 5.77 5.77 5.77 5.77 5.77 5.69139 7.57851 13.5212 11.0763 5.60614 5.76249
5.70615 11.3725 17.1566 22.9426 28.7254 34.4983 38.1859 40.5849 46.3096 48.7166 54.3932 56.8374 62.5 64.9475 70.6045 73.0039 78.846 73.5907 67.7282 61.8748 56.0134 50.1429 44.2621 38.37 32.4657 26.548 20.616 14.6685 8.8766 5.08227 5.77 5.77 5.77 5.77 5.77 5.77 5.77 5.77 5.77 5.77 5.77 5.77 5.77 5.77 5.71286 7.7255 13.2642 15.4933 21.3619 27.2564 29.7093 23.7578 17.8043 12.1619 6.32302 5.51167 5.75482 5.77 5.77 5.77 5.77 5.77 5.77 5.75821 5.65218 11.4015 11.4371 7.93585 5.74235
8.09795 13.8385 19.585 25.343 27.6537 30.0119 32.4006 38.1303 40.5316 46.2115 48.65 54.3203 56.7527 62.4115 64.8008 70.5919 76.3525 73.6158 67.7262 61.8708 56.0082 50.1368 44.2552 38.3625 32.4576 26.5394 20.6069 14.659 8.86783 5.08032 5.77 5.77 5.77 5.77 5.77 5.77 5.77 5.77 5.77 5.77 5.77 5.77 5.77 5.77 5.75905 5.61328 7.36265 13.1095 19.0001 24.8622 30.7327 26.2638 20.6858 14.7838 12.4728 7.5205 5.70399 5.77 5.77 5.77 5.77 5.77 5.77 5.77 5.75819 5.73845 5.7156 8.13716 8.11418
8.11999 13.8854 17.2313 19.5425 21.8273 24.2145 29.9503 32.3459 38.0291 40.4627 46.1387 48.5581 54.2244 56.5805 62.3831 68.102 73.9497 73.6575 67.7456 61.8889 56.0256 50.1539 44.272 38.379 32.4739 26.5555 20.6228 14.6746 8.88143 5.0845 5.77 5.77 5.77 5.77 5.77 5.77 5.77 5.77 5.77 5.77 5.77 5.77 5.77 5.77 5.77 5.75216 5.48243 10.7874 16.6659 22.5181 28.3744 29.0358 23.1848 20.8056 15.5278 11.0078 5.64567 5.77 5.77 5.77 5.77 5.77 5.77 5.77 5.77 5.77 5.76374 5.76008 8.15038
5.75388 11.5078 11.4257 13.7135 16.027 21.7692 24.1588 29.8916 32.2735 37.9529 40.3617 46.0279 48.3589 54.1756 59.8975 65.7134 71.5374 73.6991 67.7898 61.928 56.0654 50.1936 44.312 38.4192 32.5142 26.5959 20.6632 14.7151 8.91726 5.09471 5.77 5.77 5.77 5.77 5.77 5.77 5.77 5.77 5.77 5.77 5.77 5.77 5.77 5.77 5.77 5.77 5.60948 10.9547 16.797 22.6291 28.4665 30.3634 24.5138 18.6491 12.9125 7.17524 5.6814 5.77 5.77 5.77 5.77 5.77 5.77 5.77 5.77 5.77 5.77 5.76792 5.75616
5.7678 5.75246 5.68172 7.90829 13.6678 15.9714 21.7076 24.0811 29.8155 32.1614 37.8265 40.1375 45.9677 51.7932 57.5961 63.3833 69.2079 72.423 67.8675 61.9878 56.125 50.2544 44.3733 38.4811 32.5766 26.6588 20.7266 14.7789 8.97404 5.11058 5.77 5.77 5.77 5.77 5.77 5.77 5.77 5.77 5.77 5.77 5.77 5.77 5.77 5.77 5.77 5.77 5.63057 10.9947 16.8226 22.6456 28.4844 27.9557 22.0622 16.1714 10.2556 5.41985 5.75316 5.77 5.77 5.77 5.77 5.77 5.77 5.77 5.77 5.77 5.77 5.77 5.75698
5.77 5.77 5.76286 5.68659 7.86579 13.6047 15.8881 21.6246 23.9563 29.6361 31.9134 37.7586 43.6007 49.4213 55.2294 61.0368 64.2063 66.6067 67.9436 62.0795 56.2028 50.3325 44.4526 38.5615 32.658 26.7411 20.8097 14.8629 9.0493 5.13145 5.77 5.77 5.77 5.77 5.77 5.77 5.77 5.77 5.77 5.77 5.77 5.77 5.77 5.77 5.77 5.77 5.63895 11.0257 16.8548 22.6845 28.4114 28.074 22.226 16.3413 10.4547 5.52835 5.77 5.77 5.77 5.77 5.77 5.77 5.77 5.77 5.77 5.77 5.77 5.77 5.76213
5.77 5.77 5.77 5.76139 5.66594 7.7925 13.5038 15.7492 21.4291 23.6862 29.5489 35.4103 41.241 47.0592 52.8721 56.0343 58.402 60.7704 63.2365 62.1848 56.302 50.424 44.5457 38.6559 32.7539 26.8384 20.9086 14.9631 9.13984 5.15643 5.77 5.77 5.77 5.77 5.77 5.77 5.77 5.77 5.77 5.77 5.77 5.77 5.77 5.77 5.77 5.76201 5.61952 11.0646 16.9146 22.7452 22.5955 22.6104 22.4641 16.5979 10.7202 5.58413 5.77 5.77 5.77 5.77 5.77 5.77 5.77 5.77 5.77 5.77 5.77 5.77 5.76824
