tests/full-run-ref/erosion_2010_78_20_-12.873.asc
ncols 512
nrows 512
xllcorner -3.24582
yllcorner -4.08743
cellsize 5
NODATA_value -99999
[rows 148 to 184 of 512, columns 166 to 248 of 512]
5.77 5.77 5.77 5.76416 11.5253 5.7482 5.77 5.77 5.77 5.77 5.77 5.77 5.77 5.77 5.77 5.77 5.77 5.77 5.77 5.77 5.77 5.77 5.77 5.77 5.77 5.77 5.77 5.77 5.77 5.77 5.77 5.77 5.77 5.77 5.77 5.77 5.77 5.77 5.77 5.77 5.77 5.77 5.77 5.77 5.77 5.77 5.77 5.76423 5.71966 8.08944 11.491 5.67635 5.77 5.77 5.77 5.77 5.77 5.77 5.77 5.77 5.77 5.77 5.39241 10.6416 18.2737 32.0112 41.4385 92.4645 118.282 119.965 113.778 107.793 101.792 95.7252 89.5445 83.3031 77.2343 71.2295 65.2918 59.3936 53.5167 47.6092 41.5565
5.77 5.77 5.77 5.76311 11.5235 5.75095 5.762 5.77 5.77 5.77 5.77 5.77 5.77 5.77 5.77 5.77 5.77 5.77 5.77 5.77 5.77 5.77 5.77 5.77 5.77 5.77 5.77 5.77 5.77 5.77 5.77 5.77 5.77 5.77 5.77 5.77 5.77 5.77 5.77 5.77 5.77 5.77 5.77 5.77 5.77 5.77 5.77 5.74003 8.06577 13.874 11.4491 5.64261 5.77 5.77 5.77 5.77 5.77 5.77 5.77 5.77 5.77 5.77 5.45414 10.8096 18.7916 26.574 35.9346 86.7318 112.119 118.92 113.885 107.875 101.921 95.9272 89.8614 83.6748 77.4248 71.3677 65.3904 59.4767 53.5965 47.7291 41.815
5.77 5.77 5.77 5.76299 11.5363 8.12706 5.74953 5.77 5.77 5.77 5.77 5.77 5.77 5.77 5.77 5.77 5.77 5.77 5.77 5.77 5.77 5.77 5.77 5.77 5.77 5.77 5.77 5.77 5.77 5.77 5.77 5.77 5.77 5.77 5.77 5.77 5.77 5.77 5.77 5.77 5.77 5.77 5.77 5.77 5.77 5.77 5.76136 5.66494 11.4182 16.2892 11.3946 5.62389 5.77 5.77 5.77 5.77 5.77 5.77 5.77 5.77 5.77 5.77 5.50179 10.9794 16.5846 24.6335 30.4618 81.1001 106.331 112.965 111.551 105.406 99.3945 93.3662 87.2845 81.1096 74.7941 68.4153 62.2103 56.0796 50.0125 43.9857 37.9789
5.77 5.77 5.77 5.76356 11.5334 11.511 5.7398 5.76515 5.77 5.77 5.77 5.77 5.77 5.77 5.77 5.77 5.77 5.77 5.77 5.77 5.77 5.77 5.77 5.77 5.77 5.77 5.77 5.77 5.77 5.77 5.77 5.77 5.77 5.77 5.77 5.77 5.77 5.77 5.77 5.77 5.77 5.77 5.77 5.77 5.77 5.76276 5.69522 7.99674 13.8111 17.2784 11.3526 5.60645 5.77 5.77 5.77 5.77 5.77 5.77 5.77 5.77 5.77 5.77 5.56395 11.1508 16.9447 21.4622 24.9108 75.5053 100.56 107.091 109.43 103.097 97.0189 90.9631 84.8849 78.7487 72.5093 66.121 59.644 53.2771 46.9892 40.785 34.6427
5.77 5.77 5.77 5.76645 8.14855 13.9091 8.11934 5.75703 5.77 5.77 5.77 5.77 5.77 5.77 5.77 5.77 5.77 5.77 5.77 5.77 5.77 5.77 5.77 5.77 5.77 5.77 5.77 5.77 5.77 5.77 5.77 5.77 5.77 5.77 5.77 5.77 5.77 5.77 5.77 5.77 5.77 5.77 5.77 5.77 5.77 5.73345 8.02984 13.7749 16.2225 17.2308 11.3177 5.58919 5.77 5.77 5.77 5.77 5.77 5.77 5.77 5.77 5.77 5.77 5.6652 11.3396 13.5371 15.6946 19.4115 69.9972 94.778 101.12 111.292 105.1 99.1486 93.1756 87.2147 81.226 75.1832 69.0525 62.7857 56.4393 50.2553 44.1414 38.0886
5.77 5.77 5.77 5.76923 5.75962 11.5333 11.5116 5.74868 5.77 5.77 5.77 5.77 5.77 5.77 5.77 5.77 5.77 5.77 5.77 5.77 5.77 5.77 5.77 5.77 5.77 5.77 5.77 5.77 5.77 5.77 5.77 5.77 5.77 5.77 5.77 5.77 5.77 5.77 5.77 5.77 5.77 5.77 5.77 5.77 5.77 5.69323 11.3837 16.1552 23.0235 17.1619 11.2854 5.5718 5.77 5.77 5.77 5.77 5.77 5.77 5.77 5.77 5.77 5.77 5.74846 5.53386 7.67903 13.4518 14.1792 64.8181 88.472 94.9476 108.652 102.923 96.8787 90.8935 84.8754 78.862 72.8148 66.7056 60.4942 54.133 47.6907 41.4003 35.1691
5.77 5.77 5.77 5.77 5.76617 8.14963 11.5167 5.75036 5.77 5.77 5.77 5.77 5.77 5.77 5.77 5.77 5.77 5.77 5.77 5.77 5.77 5.77 5.77 5.77 5.77 5.77 5.77 5.77 5.77 5.77 5.77 5.77 5.77 5.77 5.77 5.77 5.77 5.77 5.77 5.77 5.77 5.77 5.77 5.77 5.77 5.66899 11.3283 19.5443 23.0578 17.1135 11.2564 5.55518 5.77 5.77 5.77 5.77 5.77 5.77 5.77 5.77 5.77 5.77 5.77 5.74802 5.53505 7.64068 12.6944 19.3697 56.5676 80.5443 86.3457 100.324 94.7608 88.5927 82.5031 76.4076 70.3158 64.1903 58.0003 51.6986 45.2398 38.6746 32.1888
5.77 5.77 5.77 5.77 5.76872 5.76102 11.5176 5.75562 5.7652 5.77 5.77 5.77 5.77 5.77 5.77 5.77 5.77 5.77 5.77 5.77 5.77 5.77 5.77 5.77 5.77 5.77 5.77 5.77 5.77 5.77 5.77 5.77 5.77 5.77 5.77 5.77 5.77 5.77 5.77 5.77 5.77 5.77 5.77 5.77 5.77 5.65789 11.2971 19.5319 23.0475 17.0957 11.2329 5.53995 5.77 5.77 5.77 5.77 5.77 5.77 5.77 5.77 5.77 5.77 5.77 5.77 5.74621 5.37212 10.8659 18.2781 37.4353 48.6845 72.5113 78.4866 95.5307 89.5009 83.4036 77.374 71.3272 65.282 59.1987 53.0736 46.8631 40.508 34.0149
5.77 5.77 5.77 5.77 5.77 5.76482 8.15619 8.13977 5.76376 5.77 5.77 5.77 5.77 5.77 5.77 5.77 5.77 5.77 5.77 5.77 5.77 5.77 5.77 5.77 5.77 5.77 5.77 5.77 5.77 5.77 5.77 5.77 5.77 5.77 5.77 5.77 5.77 5.77 5.77 5.77 5.77 5.77 5.77 5.77 5.77 5.65461 11.2962 19.5249 23.0502 17.0884 11.2139 5.52599 5.77 5.77 5.77 5.77 5.77 5.77 5.77 5.77 5.77 5.77 5.77 5.77 5.77 5.50871 11.0092 16.2748 32.2701 43.5086 66.9945 73.0277 95.9105 90.1278 84.1483 78.1329 72.2197 66.2282 60.2053 54.1902 48.1406 42.0271 35.78
5.77 5.77 5.77 5.77 5.77 5.76871 5.76424 8.15842 5.76526 5.76533 5.77 5.77 5.77 5.77 5.77 5.77 5.77 5.77 5.77 5.77 5.77 5.77 5.77 5.77 5.77 5.77 5.77 5.77 5.77 5.77 5.77 5.77 5.77 5.77 5.77 5.7654 5.76566 5.76706 5.77 5.77 5.77 5.77 5.77 5.77 5.77 5.66454 11.329 16.0835 22.0643 17.0855 11.1969 5.51261 5.77 5.77 5.77 5.77 5.77 5.77 5.77 5.77 5.77 5.77 5.77 5.77 5.77 5.55246 11.1003 16.6711 26.8644 37.9942 61.5192 67.3782 94.4502 88.7495 82.8222 76.8346 70.8728 66.9171 60.9668 54.981 49.028 43.0341 36.9852
5.77 5.77 5.77 5.77 5.77 5.77 5.76831 5.76773 8.1505 5.76526 5.76498 5.77 5.77 5.77 5.77 5.77 5.77 5.77 5.77 5.77 5.77 5.77 5.77 5.77 5.77 5.77 5.77 5.77 5.77 5.77 5.77 5.77 5.77 5.77 5.7592 5.75111 6.14934 5.76678 5.75676 5.74812 5.75724 5.77 5.77 5.77 5.77 5.71368 7.92688 13.61 23.023 17.0714 11.1787 5.49845 5.77 5.77 5.77 5.77 5.77 5.77 5.77 5.77 5.77 5.77 5.77 5.77 5.77 5.60132 11.2338 16.983 21.351 32.4503 55.9083 61.611 91.9992 86.3612 80.4593 74.5112 68.4918 62.4905 59.7581 53.8602 47.8656 41.9087 35.9038
5.76967 5.7698 5.76992 5.77 5.77 5.77 5.77 5.76895 5.76762 8.15004 5.76432 5.76238 5.77 5.77 5.77 5.77 5.77 5.77 5.77 5.77 5.77 5.77 5.77 5.77 5.77 5.77 5.77 5.77 5.77 5.77 5.77 5.77 5.77 5.77 5.72955 6.91673 5.66738 5.63296 5.6382 8.08484 5.69112 5.77 5.77 5.77 5.77 5.75764 5.57389 11.1209 22.9834 17.0488 11.1548 5.48144 5.77 5.77 5.77 5.77 5.77 5.77 5.77 5.77 5.77 5.77 5.77 5.77 5.77 5.68316 11.3697 13.6057 15.6774 26.8226 50.1824 55.7724 89.5483 83.9724 78.088 72.1837 66.2066 60.1216 54.025 51.3705 45.5221 39.4941 33.5039
6.15975 6.15981 5.76968 5.76981 5.76992 5.77 5.77 5.77 5.76888 5.76748 8.14928 5.76306 5.76049 5.77 5.77 5.77 5.77 5.77 5.77 5.77 5.77 5.77 5.77 5.77 5.77 5.77 5.77 5.77 5.77 5.77 5.77 5.77 5.77 5.77 5.73286 8.11359 8.01803 13.8081 8.06284 11.4932 5.66055 5.77 5.77 5.77 5.77 5.77 5.63764 11.1884 22.9531 17.0186 11.1173 5.46127 5.77 5.77 5.77 5.77 5.77 5.77 5.77 5.77 5.77 5.77 5.77 5.77 5.77 5.74907 5.5676 7.74789 13.4173 21.1518 44.439 49.9072 87.0956 81.5795 75.7022 69.8244 63.9117 57.8936 51.7198 45.5682 43.3664 37.5636 31.5459
6.16001 6.15992 6.15991 6.15991 5.76988 5.77 5.77 5.77 5.77 5.76862 5.76722 8.14426 5.75913 5.75216 5.75774 5.76851 5.77 5.77 5.77 5.77 5.77 5.77 5.76774 5.76012 5.74963 5.70809 5.64968 5.63736 5.6844 5.74829 5.77 5.77 5.77 5.77 5.74586 5.59764 11.4283 13.8342 7.9199 5.59216 5.71306 5.77 5.77 5.77 5.77 5.77 5.65994 11.2408 22.9874 16.9715 11.0802 5.4351 5.77 5.77 5.77 5.77 5.77 5.77 5.77 5.77 5.77 5.77 5.77 5.77 5.77 5.77 5.75044 5.47638 11.0907 18.9325 38.7221 44.032 84.6409 79.1846 73.3076 67.4403 61.5621 55.6366 49.5731 43.3132 37.0928 35.3231 30.2707
6.15991 6.15981 5.76967 5.76981 5.76992 5.77 5.77 5.77 5.77 5.77 5.76826 5.7615 8.11475 8.12281 6.13366 5.76812 5.77 5.77 5.77 5.76002 5.74381 5.71769 5.64144 5.98429 5.84614 5.65743 7.6735 7.64398 7.78388 5.1643 5.52213 5.66514 5.73087 5.67843 5.42419 7.93074 13.93 7.89964 5.56068 5.74327 5.77 5.77 5.77 5.77 5.77 5.77 5.64097 11.2645 23.0025 17.049 11.0243 5.4031 5.77 5.77 5.77 5.77 5.77 5.77 5.77 5.77 5.77 5.77 5.77 5.77 5.77 5.77 5.77 5.59114 11.1923 16.6737 33.0308 38.1388 82.1765 76.7865 70.906 65.0398 59.1747 53.2929 47.3519 41.2395 34.8872 28.5713 26.8986
6.15973 5.76958 5.76991 5.77 5.77 5.77 5.77 5.77 5.77 5.77 5.76662 5.73642 11.516 11.4173 5.66045 5.75445 5.77 5.77 5.7577 5.74891 8.14263 11.0692 11.5512 11.747 11.8332 11.5115 13.1222 13.5675 13.2194 6.82703 7.22858 5.23378 5.48826 5.34547 7.43157 13.7372 11.2726 5.23556 5.67485 5.75102 5.76399 5.76225 5.76091 5.75899 5.75607 5.73744 5.53391 11.1245 22.9713 17.0543 11.0303 5.31374 5.77 5.77 5.77 5.77 5.77 5.77 5.77 5.77 5.77 5.77 5.77 5.77 5.77 5.77 5.77 5.61238 11.229 16.8587 27.3481 32.195 79.6821 74.3796 68.4915 62.6222 56.757 50.8889 44.9999 39.0412 32.8783 26.4306 20.0219
5.76963 5.76989 5.77 5.77 5.77 5.77 5.77 5.77 5.77 5.76696 5.741 8.10442 13.902 13.7478 7.90784 5.73807 5.77 5.77 5.75492 8.15222 5.74192 5.66329 7.93271 13.6456 17.6277 17.5957 19.6282 19.276 15.0359 12.8543 12.5686 13.0941 10.7515 13.0508 13.2145 15.8321 13.3054 7.39607 7.95143 6.02848 6.12885 6.11024 6.07833 6.10536 6.13786 6.12611 7.9923 13.5686 16.0375 16.4853 10.1992 5.07974 5.72592 5.77 5.77 5.77 5.77 5.77 5.77 5.77 5.77 5.77 5.77 5.77 5.77 5.77 5.77 5.63816 11.2787 15.9472 21.648 26.204 77.1193 71.9556 66.0682 60.181 54.3043 48.4281 42.547 36.6428 30.6628 24.4561 17.9288
5.76991 5.77 5.77 5.77 5.77 5.76924 5.76752 5.76376 5.75623 5.74235 8.10678 13.8734 16.2848 13.8413 8.05306 5.74042 5.77 5.75308 5.70959 5.71569 5.64653 5.67322 4.99536 10.5536 22.9897 25.2775 25.2379 23.2855 20.6004 18.4564 19.0918 18.9281 21.0449 20.9317 23.3024 20.8851 15.1784 15.7483 14.0207 14.242 12.2563 12.2874 11.8667 8.10895 6.14522 6.14142 5.94876 7.61137 13.4017 19.0129 12.6093 6.81796 5.42088 5.74263 5.77 5.77 5.77 5.77 5.77 5.77 5.77 5.77 5.77 5.77 5.77 5.77 5.77 5.69963 7.87335 13.5698 19.35 20.4954 74.3804 69.5278 63.8068 57.8884 51.9685 46.0586 40.1476 34.2311 28.2936 22.2848 16.0492
5.77 5.77 5.77 5.77 5.77 5.76907 7.86162 8.15011 13.9183 8.12676 13.89 16.2714 22.0712 11.4108 5.61967 5.70359 5.69844 5.50597 7.90453 7.74894 7.664 5.23291 7.09298 12.1214 33.2343 33.0119 31.4138 28.7878 26.5926 27.1155 26.9381 29.1141 29.0848 31.4573 29.0185 31.4036 27.2268 24.0777 26.1537 22.3926 20.4273 17.279 11.4595 6.0738 6.14977 6.16001 6.13408 5.68434 10.742 21.2778 15.2212 12.8426 7.27513 5.5143 5.74879 5.77 5.77 5.77 5.77 5.77 5.77 5.77 5.77 5.77 5.77 5.77 5.76755 5.7441 5.59317 11.2513 13.4692 14.9656 19.1597 66.5798 61.7418 55.7263 49.7621 43.797 37.8397 31.8843 25.9245 19.9463 13.9048
5.77 5.77 5.77 5.77 5.77 5.76957 5.76412 11.5329 16.3178 17.3095 16.3074 19.6833 19.6783 13.8615 7.97755 7.93666 5.66479 7.56188 13.5043 13.7261 13.035 13.2204 12.4105 12.8939 40.7533 39.722 37.039 34.8455 35.3562 35.1972 37.3377 37.321 39.6846 37.4189 37.1718 33.8677 34.5887 34.5813 34.5857 33.5834 23.0646 17.2797 13.8453 8.08598 6.15076 6.16001 6.16001 5.82271 10.8316 19.3485 21.3051 15.4247 13.1318 7.49758 5.65182 5.77 5.77 5.77 5.77 5.77 5.77 5.77 5.77 5.77 5.77 5.77 5.76672 6.13858 8.12665 5.52388 7.65115 13.3965 14.4054 45.3892 61.6072 56.31 50.2345 44.2692 38.3211 32.3798 26.4394 20.4949 14.5399
5.77 5.77 5.77 5.77 5.77 5.77 5.76604 11.5336 11.5303 11.5193 11.5026 13.8761 16.3006 16.2997 16.203 13.6013 13.802 13.5495 15.4077 19.568 21.4585 20.7796 21.271 48.2774 47.5178 45.3399 43.1198 43.6241 43.5247 45.6506 45.6512 47.9462 45.6693 43.4048 38.9561 33.6361 34.5766 34.6159 33.5853 27.7309 20.4492 14.6963 8.9394 6.00706 6.15294 6.16001 6.13987 5.73294 10.7759 19.1817 23.9042 21.3308 15.5475 10.7743 5.49742 5.77 5.77 5.77 5.77 5.77 5.77 5.77 5.77 5.77 5.77 5.77 5.76721 5.75238 5.74526 5.73381 5.51505 7.59882 12.9318 20.3202 37.8007 56.64 50.8165 44.845 38.9252 33.0108 27.0958 21.1816 15.2609
5.77 5.77 5.77 5.77 5.77 5.77 5.76318 5.75612 5.75314 5.75197 5.73226 8.10487 13.8754 16.274 22.0402 20.1924 21.5865 21.5801 27.7276 29.7671 29.2664 29.9974 56.8162 55.9713 53.7488 51.5707 52.0489 52.0329 54.1743 54.1769 56.3702 54.0502 51.7196 47.2236 41.406 35.8684 34.3671 34.6102 33.5067 24.8131 17.7492 11.9614 6.38205 6.11233 6.16001 6.15155 6.00271 7.65363 13.0659 21.3489 28.2221 22.2117 16.2941 10.4293 5.36683 5.77 5.77 5.77 5.77 5.77 5.77 5.77 5.77 5.77 5.77 5.77 5.77 5.77 5.77 5.77 5.74471 5.42487 11.0348 15.3015 32.5613 52.9859 51.166 45.2057 39.3284 33.4416 27.5451 21.6434 15.741
5.77 5.77 5.77 5.77 5.77 5.77 5.77 5.77 5.77 5.77 5.76634 5.72021 8.0155 13.7707 19.4931 30.0098 28.0255 34.0958 36.1458 35.7669 36.69 63.2131 63.7492 62.1616 59.5991 58.3479 58.4056 60.5768 60.587 62.7161 62.4234 60.0464 55.5589 49.7667 43.9033 38.0858 33.6726 34.4955 30.2418 22.0187 16.3513 10.5514 5.57837 6.15365 6.16001 6.14516 8.03248 13.5185 15.1362 33.6355 27.9664 21.9381 16.0068 10.1313 5.27064 5.77 5.77 5.77 5.77 5.77 5.77 5.77 5.77 5.77 5.77 5.77 5.77 5.77 5.77 5.77 5.77 5.67801 7.79927 13.3309 27.1092 47.1579 50.6186 44.679 38.8262 33.9405 28.1064 22.19 16.2818
5.77 5.77 5.77 5.77 5.77 5.77 5.77 5.77 5.77 5.77 5.77 5.7526 5.56253 11.2709 16.8178 35.5204 40.4855 42.4791 42.3289 43.7176 69.7872 70.0611 69.892 67.9935 65.4656 64.5939 66.7909 66.8076 68.9323 70.6978 68.342 63.8603 58.0792 52.2191 46.2921 41.6258 38.3539 33.3938 33.0002 21.6003 16.039 10.099 4.95746 5.95685 6.13639 6.13637 5.86781 10.5991 39.28 33.7396 27.7002 21.7214 15.7559 9.85583 5.17655 5.77 5.77 5.77 5.77 5.77 5.77 5.77 5.77 5.77 5.77 5.77 5.77 5.77 5.77 5.77 5.77 5.75458 5.54879 11.1685 21.4913 41.3405 48.2283 42.3062 36.4436 30.6172 28.3857 24.9332 19.0947
5.77 5.77 5.77 5.77 5.77 5.77 5.77 5.77 5.77 5.77 5.77 5.71729 7.9198 13.6397 19.0411 46.5435 48.7964 48.6941 50.4769 55.9613 76.3025 76.1703 75.7021 73.7962 71.2442 72.95 72.967 75.0844 78.9098 76.5537 72.0683 66.2947 60.4439 54.525 49.8543 46.4775 41.8621 36.4046 29.9725 24.1996 18.3143 12.1438 6.48146 7.59555 5.7164 5.85585 7.78694 13.0275 39.2567 33.5718 27.541 21.5327 15.5309 9.60148 4.97574 5.7355 5.77 5.77 5.77 5.77 5.77 5.77 5.77 5.77 5.77 5.77 5.77 5.77 5.77 5.77 5.77 5.77 5.67951 11.3538 15.8712 35.6018 45.7192 39.9596 34.0827 28.1945 22.3097 20.2314 18.0256
5.76961 5.769 5.76913 5.76955 5.77 5.77 5.77 5.77 5.77 5.77 5.7612 5.62436 11.2523 15.9202 21.2827 54.7765 54.9607 56.8955 62.6972 58.1998 82.1603 81.9786 81.515 79.6182 79.1343 79.115 81.2467 81.3299 83.5324 80.266 74.4765 68.6343 62.7296 58.0576 54.6602 50.0275 44.4778 38.6024 32.7031 26.6149 20.4312 13.8304 12.9903 13.657 13.7938 11.8592 13.8039 15.3867 41.7814 36.0378 30.1027 24.0992 18.1615 12.3839 6.93042 5.59352 5.77 5.77 5.77 5.77 5.77 5.77 5.77 5.77 5.77 5.77 5.77 5.77 5.77 5.77 5.77 5.77 5.7321 7.99718 13.6406 21.6957 27.4233 37.6949 31.7625 25.8515 19.9677 14.2993 15.5532
5.76511 6.15484 6.15733 5.7696 5.77 5.77 5.77 5.77 5.77 5.76377 5.69211 7.96599 13.5836 29.9153 23.4592 60.8668 63.1339 68.9166 64.6497 88.2625 88.2012 87.8296 87.3646 85.4819 85.3331 87.3919 87.4005 89.6014 88.4666 82.6661 76.8245 70.9368 66.2636 62.8475 58.1952 52.6303 46.7447 40.8622 34.886 28.7156 22.345 27.8436 21.6309 19.784 19.6092 22.1008 19.7652 49.8913 44.3551 38.5004 32.6564 26.7709 20.9237 15.2654 10.7562 5.497 5.77 5.77 5.77 5.77 5.77 5.77 5.77 5.77 5.77 5.77 5.77 5.77 5.77 5.77 5.77 5.77 5.76258 5.652 11.3392 16.0632 21.6931 40.0816 34.2812 28.4371 22.6741 18.7543 12.3879
8.1542 8.15317 5.76678 5.76965 5.77 5.77 5.77 5.77 5.76497 5.71213 8.02661 13.703 15.6673 31.769 66.9754 69.1795 75.127 70.9438 94.516 96.4393 94.0386 95.6615 93.0977 91.3709 93.2825 93.2886 95.5491 95.3494 90.7826 84.9553 79.1189 74.4513 70.9983 66.312 60.7266 54.8328 48.9632 43.0354 36.9352 30.7829 36.0256 29.9418 27.5173 25.547 28.1766 27.6295 53.4576 47.8939 41.9886 36.1495 30.3087 24.4489 18.4924 12.5053 7.0066 5.60157 5.77 5.77 5.77 5.77 5.77 5.77 5.77 5.77 5.77 5.77 5.77 5.77 5.77 5.77 5.77 5.77 5.77 5.73006 8.00981 13.7573 15.9373 39.9673 34.2255 28.4157 22.6102 16.7701 10.7912
11.5292 5.75912 5.76819 5.77 5.77 5.77 5.77 5.76575 5.72314 8.05588 13.7294 15.7429 37.9353 73.1669 75.4294 81.3339 77.231 100.771 103.417 102.267 103.875 101.388 103.725 101.575 111.276 105.504 103.284 98.9125 93.0368 87.1686 82.5647 79.1158 74.4063 68.7986 62.9024 57.0552 51.1841 45.2027 38.7579 41.9594 38.1035 35.6721 33.5916 36.1762 35.7042 56.9901 51.3767 45.5165 39.6904 33.8561 28.0028 22.1524 16.2623 10.269 5.14105 5.73693 5.77 5.77 5.77 5.77 5.77 5.77 5.77 5.77 5.77 5.77 5.77 5.77 5.77 5.77 5.77 5.77 5.77 5.76251 5.69539 8.00509 13.6203 39.1282 33.404 27.5886 21.8035 16.0104 11.3537
11.5282 5.7516 5.7683 5.77 5.77 5.77 5.76718 5.73375 8.07142 13.7557 15.8189 44.2044 79.4119 81.6485 87.5311 83.5085 107.038 109.608 109.258 110.084 109.662 112.062 110.265 117.666 115.322 113.146 107.121 104.706 100.277 94.4128 88.5841 82.7584 76.8351 70.9492 65.1434 59.3425 53.481 47.1989 53.8725 47.9048 43.7283 41.0001 43.8889 43.7403 63.033 57.3969 51.5567 45.7488 39.9429 34.1381 28.3362 22.5199 16.6822 10.8238 5.39592 5.74189 5.76787 5.7696 5.77 5.77 5.77 5.77 5.77 5.77 5.77 5.77 5.77 5.77 5.77 5.77 5.77 5.77 5.77 5.77 5.75946 5.66628 11.3203 30.1124 31.0333 25.197 19.3814 13.5947 7.85052
13.9154 8.13612 5.7507 5.76215 5.76571 5.76534 5.74267 8.10172 13.7764 15.8873 50.6278 85.6993 87.854 93.718 89.757 113.294 115.802 115.466 116.314 116.559 117.161 116.773 114.347 111.851 109.305 111.793 114.69 108.561 102.599 96.7325 90.8353 84.8566 78.9745 73.2456 67.5097 61.7805 55.6422 62.1197 56.2214 63.9854 57.725 69.4885 63.746 61.8903 59.6464 56.8051 53.0578 47.2515 41.4563 35.6668 29.8984 24.1382 19.2868 13.501 7.93225 8.15663 6.15631 5.76952 5.77 5.77 5.77 5.77 5.77 5.77 5.77 5.77 5.77 5.77 5.77 5.77 5.77 5.77 5.77 5.77 5.76526 8.11278 13.8141 24.373 28.7021 22.8447 17.0211 11.1767 5.55648
16.3009 13.9057 8.12305 8.13093 6.1278 6.12439 8.11437 13.8298 16.0212 56.9017 62.6869 94.006 99.9111 95.9916 119.557 122.031 121.695 120.568 118.156 115.733 113.293 110.85 108.412 105.932 103.364 105.656 110.668 111.141 104.865 98.9731 93.1212 86.7415 80.8674 75.1335 69.3567 63.7156 70.1607 64.4857 72.3893 66.5353 73.3972 67.6139 61.5684 55.6726 53.4467 51.2371 48.5584 44.8429 39.0469 33.2491 27.4575 21.6887 15.9397 13.6537 8.03036 5.72738 5.76781 5.7696 5.77 5.77 5.77 5.77 5.77 5.77 5.77 5.77 5.77 5.77 5.77 5.77 5.77 5.77 5.77 5.77 5.76191 5.68975 11.4112 21.9878 31.0905 25.2618 19.4509 13.6594 7.86525
22.0752 16.2873 14.2784 14.2778 14.2685 12.237 14.2034 16.1006 63.0571 71.0942 65.1234 99.801 102.261 124.282 121.971 119.544 117.117 114.695 112.276 109.856 107.434 105.009 102.574 100.068 97.4488 99.7185 104.474 113.709 107.222 101.38 95.779 101.798 96.0186 91.7271 85.9373 80.1623 74.5756 80.729 74.9935 76.8806 70.9781 64.9907 59.0918 53.1432 47.1817 45.0585 42.9541 40.3365 36.6428 30.8423 25.0366 19.2322 13.4514 7.72907 5.66192 5.76377 5.77 5.77 5.77 5.77 5.77 5.77 5.77 5.77 5.77 5.77 5.77 5.77 5.77 5.77 5.77 5.77 5.77 5.77 5.74107 8.05563 13.7877 24.3995 30.2388 27.6853 21.9173 16.1204 13.8717
24.4644 22.4472 22.4451 20.427 22.4194 24.3813 44.4359 54.8511 79.1587 73.3653 106.388 110.458 108.489 118.562 116.132 113.713 111.295 108.879 106.461 104.041 101.616 99.1878 96.7443 94.2023 91.5366 93.8366 98.4855 113.072 109.083 102.964 101.076 98.7356 96.3747 92.5785 86.6385 84.4158 82.2167 79.8073 77.3903 74.4049 68.4711 62.5653 56.677 50.7565 44.7494 38.7176 36.6862 34.68 32.119 28.4541 22.6583 16.8334 11.0097 5.51217 5.75608 5.77 5.77 5.77 5.77 5.77 5.77 5.77 5.77 5.77 5.77 5.77 5.77 5.77 5.77 5.77 5.77 5.77 5.77 5.77 5.70259 11.4142 16.1533 27.803 24.4297 22.0166 19.6316 16.4255 14.043
30.2293 30.6076 28.5924 30.595 30.5702 36.2658 46.6659 133.781 128.054 122.305 119.964 117.606 115.219 112.792 110.347 107.92 105.497 103.076 100.654 98.2311 95.8045 93.3723 90.9179 88.3368 85.6357 88.0088 92.6862 107.143 106.831 100.531 94.3054 92.1439 90.1218 87.9914 84.2054 78.1552 75.8503 73.598 71.3117 69.0122 66.1033 60.2198 54.3036 48.4091 42.4549 36.3738 30.2657 28.3201 26.4101 23.9142 21.681 16.9991 11.1704 5.61513 5.77 5.77 5.77 5.77 5.77 5.77 5.77 5.77 5.77 5.77 5.77 5.77 5.77 5.77 5.77 5.77 5.77 5.77 5.77 5.77 5.65384 11.3378 19.5598 24.2897 21.8483 16.1899 13.7944 11.4174 8.22422
35.9199 38.3082 40.7035 38.6853 44.4369 38.4714 137.168 131.508 125.75 119.971 114.193 111.797 109.393 106.984 104.566 102.139 99.7103 97.2823 94.8557 92.4282 89.9984 87.5621 85.0948 82.4754 79.7545 82.19 86.8989 101.223 104.574 98.3321 92.0259 85.6562 83.62 81.7407 79.6961 75.8781 69.7027 67.4355 65.2538 63.0264 60.7765 57.902 52.0003 46.0803 40.1723 34.1747 28.0097 21.8207 19.9609 18.2188 15.6663 13.4997 11.3058 5.69212 5.77 5.77 5.77 5.77 5.77 5.77 5.77 5.77 5.77 5.77 5.77 5.77 5.77 5.77 5.77 5.77 5.77 5.77 5.77 5.77 5.62084 11.2221 21.6626 19.2727 16.0063 13.628 7.98267 5.64991 5.72612
70.2121 74.0075 70.2459 76.0506 70.2271 140.585 134.889 129.134 123.353 117.571 111.789 105.999 103.602 101.196 98.7833 96.3625 93.933 91.4995 89.066 86.6331 84.1986 81.7568 79.2756 76.6226 73.8846 76.3614 81.0885 95.3268 102.226 96.1087 89.9496 83.5304 77.0303 75.1188 73.3753 71.4075 67.5536 61.2651 59.047 56.9383 54.7682 52.5601 49.7074 43.8147 37.8862 31.9571 25.9087 19.655 13.3879 11.7221 10.4103 7.56215 5.57331 5.75126 5.77 5.77 5.77 5.77 5.77 5.77 5.77 5.77 5.77 5.77 5.77 5.77 5.77 5.77 5.77 5.77 5.77 5.77 5.77 5.77 5.61338 11.2563 15.8357 13.3603 11.1383 7.83424 5.65776 5.75507 5.77
