tests/full-run-ref/erosion_84_12_73.306.asc
ncols 512
nrows 512
xllcorner -3.24582
yllcorner -4.08743
cellsize 5
NODATA_value -99999
[rows 165 to 197 of 512, columns 0 to 73 of 512]
13.16 8.16014 5.77013 5.77013 5.77013 5.77013 5.77013 5.77013 5.77013 5.77013 4.99998 5.77007 5.77005 5 5.77002 5.77013 5.77013 5.77013 5.77013 5.77013 5.77013 5.77013 5.77013 5.77013 5 5.77013 5 5.77013 5 5.77013 5 5.77013 5 5.77013 5 5.77013 5.77013 5.77013 5.77013 5.77013 5 5.77013 5.77013 5.77013 5.77013 5 5.77013 5.77013 5 5.77013 5.77013 5.77013 5.77011 5.77013 5.77011 5.77011 5.77011 5.77011 5.77011 5.77011 5.77011 5.77011 5 5.77011 5 5.77011 5 5.77011 5 5.77011 5 5.77011 5 5.77011
13.16 8.16014 5.77013 5.77011 5.77013 5 5.77013 5 5.77013 5.77003 5.77005 5.77005 5.77011 5.77005 5.77004 5.77013 5 5.77013 5 5.77013 5 5.77013 5 5.77013 5.77013 5.77013 5.77013 5.77013 5.77013 5.77013 5.77013 5.77013 5.77013 5.77013 5.77013 5.77013 5 5.77013 5 5.77013 5.77013 5.77013 5 5.77013 5.77013 5.77013 5.77013 5.77013 5.77013 5.77013 5 5.77011 5 5.77011 5 5.77011 5 5.77011 5 5.77011 5 5.77011 5.77011 5.77011 5.77011 5.77011 5.77011 5.77011 5.77011 5.77011 5.77011 5.77011 5.77011 5.77011
10.77 5 5.77011 5.77011 5.7701 5.77013 5.77013 5.77013 5.77013 4.99998 5.77006 4.99998 5.77011 4.99998 5.77007 5.77004 5.77013 5.77013 5.77013 5.77013 5.77013 5.77013 5.77013 5.77013 5 5.77013 5 5.77013 5 5.77013 5 5.77013 5 5.77013 5 5.77013 5.77013 5.77013 5.77013 5.77013 5 5.77013 5.77013 5.77013 5 5.77013 5.77013 5 5.77013 5.77013 5.77013 5.77011 5.77011 5.77011 5.77011 5.77011 5.77011 5.77011 5.77011 5.77011 5.77011 5.77011 5 5.77011 5 5.77011 5 5.77011 5 5.77011 5 5.77011 5 5.77011
13.16 8.16013 5.7701 5.77005 4.99993 5.76995 4.99988 5.76999 5.77006 5.77003 5.77005 5.77011 5.77011 5.77005 5.77005 5.77013 5.77013 5 5.77013 5 5.77013 5 5.77013 5.77013 5.77013 5.77013 5.77013 5.77013 5.77013 5.77013 5.77013 5.77013 5.77013 5.77013 5.77013 5.77013 5 5.77013 5 5.77013 5.77013 5.77013 5 5.77013 5.77013 5.77013 5.77013 5.77013 5.77013 5 5.77011 5 5.77011 5 5.77011 5 5.77011 5 5.77011 5 5.77011 5.77011 5.77011 5.77011 5.77011 5.77011 5.77011 5.77011 5.77011 5.77011 5.77011 5.77011 5.77011 5.77011
10.77 5 5.77011 5.77005 5.77005 5.77006 5.77005 5.77005 4.99998 5.77005 4.99997 5.77011 4.99997 5.77005 4.99996 5.77013 5.77013 5.77013 5.77013 5.77013 5.77013 5.77013 5.77013 5 5.77013 5 5.77013 5 5.77013 5 5.77013 5 5.77013 5 5.77013 5.77013 5.77013 5.77013 5.77013 5.77013 5 5.77013 5.77013 5.77013 5 5.77013 5 5.77013 5.77011 5.77013 5.77011 5.77011 5.77011 5.77011 5.77011 5.77011 5.77011 5.77011 5.77011 5.77011 5.77011 5 5.77011 5 5.77011 5 5.77011 5 5.77011 5 5.77011 5 5.77011 5
10.77 5.77006 5.77011 5.77003 4.99999 5.77005 5.77005 4.99995 5.77011 5.77001 5.77003 5.77011 5.77005 5.77006 5.77005 5.77013 5 5.77013 5 5.77013 5 5.77013 5.77013 5.77013 5.77013 5.77013 5.77013 5.77013 5.77013 5.77013 5.77013 5.77013 5.77013 5.77013 5.77013 5 5.77013 5 5.77013 5.77013 5.77013 5.77013 5 5.77013 5.77013 5.77013 5.77013 5.77013 5 5.77011 5 5.77011 5 5.77011 5 5.77011 5 5.77011 5 5.77011 5.77011 5.77011 5.77011 5.77011 5.77011 5.77011 5.77011 5.77011 5.77011 5.77011 5.77011 5.77011 5.77011 5.77011
10.77 5 5.77011 4.99997 5.77007 5.77004 5 5.77002 5.77004 4.99998 5.77005 4.99996 5.77005 5 5.77006 4.99999 5.77013 5.77013 5.77013 5.77013 5.77013 5.77013 5 5.77013 5 5.77013 5 5.77013 5 5.77013 5 5.77013 5 5.77013 5.77013 5.77013 5.77013 5.77013 5.77013 5 5.77013 5.77013 5.77013 5.77013 5 5.77013 5 5.77011 5.77011 5.77011 5.77011 5.77011 5.77011 5.77011 5.77011 5.77011 5.77011 5.77011 5.77011 5.77011 5 5.77011 5 5.77011 5 5.77011 5 5.77011 5 5.77011 5 5.77011 5 5.77011
10.77 5.77006 5.77011 5.77003 5.77005 5.77005 5.77006 5.77006 4.99999 5.77009 5.77004 5.77006 5.77006 5.77005 5.77005 5.77011 5.77013 5 5.77013 5 5.77013 5.77013 5.77013 5.77013 5.77013 5.77013 5.77013 5.77013 5.77013 5.77013 5.77013 5.77013 5.77013 5.77013 5 5.77013 5 5.77013 5.77013 5.77013 5.77013 5 5.77013 5.77013 5.77013 5.77013 5.77013 5.77013 5 5.77011 5 5.77011 5 5.77011 5 5.77011 5 5.77011 5 5.77011 5.77011 5.77011 5.77011 5.77011 5.77011 5.77011 5.77011 5.77011 5.77011 5.77011 5.77011 5.77011 5.77011 5.77011
10.77 5 5.77011 5.77009 5 5.77005 4.99999 5.77005 5.77005 5.77005 4.99999 5.77005 5 5.77005 4.99995 5.77011 5.77013 5.77013 5.77013 5.77013 5.77013 5 5.77013 5 5.77013 5 5.77013 5 5.77013 5 5.77013 5 5.77013 5.77013 5.77013 5.77013 5.77013 5.77013 5 5.77013 5.77013 5.77013 5.77013 5 5.77013 5 5.77013 5.77011 5.77013 5.77011 5.77011 5.77011 5.77011 5.77011 5.77011 5.77011 5.77011 5.77011 5.77011 5.77011 5 5.77011 5 5.77011 5 5.77011 5 5.77011 5 5.77011 5 5.77011 5 5.77011
10.77 5.77006 5.77011 5.77009 5.77005 5.77008 5.77005 5.7701 5 5.77006 5.77005 5.77006 5.77005 5.77006 5.77001 5.7701 5 5.77013 5 5.77013 5.77013 5.77013 5.77013 5.77013 5.77013 5.77013 5.77013 5.77013 5.77013 5.77013 5.77013 5.77013 5.77013 5 5.77013 5 5.77013 5.77013 5.77013 5.77013 5 5.77013 5.77013 5.77013 5.77013 5.77013 5.77013 5.77013 5.77013 5.77013 5 5.77011 5 5.77011 5 5.77011 5 5.77011 5 5.77011 5.77011 5.77011 5.77011 5.77011 5.77011 5.77011 5.77011 5.77011 5.77011 5.77011 5.77011 5.77011 5.77011 5.77011
11.54 5.77006 5.77011 5.76923 4.98296 5.77011 4.99999 5.77006 5.77004 5.77005 4.99999 5.77005 4.99999 5.77005 4.99996 5.7701 5.77013 5.77013 5.77013 5.77013 5 5.77013 5 5.77013 5 5.77013 5 5.77013 5 5.77013 5 5.77013 5.77013 5.77013 5.77013 5.77013 5.77013 5 5.77013 5.77013 5.77013 5.77013 5 5.77013 5 5.77013 5 5.77013 5 5.77013 5.77013 5.77011 5.77013 5.77011 5.77011 5.77011 5.77011 5.77011 5.77011 5.77011 5 5.77011 5 5.77011 5 5.77011 5 5.77011 5 5.77011 5 5.77011 5 5.77011
13.93 8.16001 5 6.15557 5.75785 5.77011 5.77007 5.77005 4.99999 5.77007 5.77004 5.77005 5.77006 5.77005 5.77005 5.77009 5 5.77013 5 5.77013 5.77013 5.77013 5.77013 5.77013 5.77013 5.77013 5.77013 5.77013 5.77013 5.77013 5.77013 5.77013 5 5.77013 5 5.77013 5.77013 5.77013 5.77013 5 5.77013 5.77013 5.77013 5.77013 5.77013 5.77013 5.77013 5.77013 5.77013 5.77013 5.77013 5.77013 5.77013 5.77013 5 5.77011 5 5.77011 5 5.77011 5.77011 5.77011 5.77011 5.77011 5.77011 5.77011 5.77011 5.77011 5.77011 5.77011 5.77011 5.77011 5.77011 5.77011
16.32 10.77 5.77006 5.71519 4.95254 5.77011 4.99997 5.77005 5.77003 5.77005 4.99997 5.77005 5 5.77005 4.99996 5.77009 5.77013 5.77013 5.77013 5.77013 5 5.77013 5 5.77013 5 5.77013 5 5.77013 5 5.77013 5 5.77013 5.77013 5.77013 5.77013 5.77013 5 5.77013 5.77013 5.77013 5.77013 5 5.77013 5 5.77013 5 5.77013 5 5.77013 5 5.77013 5 5.77013 5.77011 5.77011 5.77011 5.77011 5.77011 5.77011 5.77011 5 5.77011 5 5.77011 5 5.77011 5 5.77011 5 5.77011 5 5.77011 5 5.77011
16.54 10.77 5.77006 5.77011 5.77005 5.77011 5.77003 5.77007 4.99998 5.77009 5.77003 5.77005 5.77006 5.77005 5.77003 5.77006 5 5.77013 5 5.77013 5.77013 5.77013 5.77013 5.77013 5.77013 5.77013 5.77013 5.77013 5.77013 5.77013 5.77013 5.77013 5 5.77013 5 5.77013 5.77013 5.77013 5 5.77013 5.77013 5.77013 5.77013 5.77013 5.77013 5.77013 5.77013 5.77013 5.77013 5.77013 5.77013 5.77013 5.77013 5.77013 5 5.77011 5 5.77011 5 5.77011 5.77011 5.77011 5.77011 5.77011 5.77011 5.77011 5.77011 5.77011 5.77011 5.77011 5.77011 5.77011 5.77011 5.77011
16.54 10.77 5 5.77011 5 5.77011 5.77003 5 5.77004 5.77004 4.99998 5.77005 4.99999 5.77005 4.99993 5.77013 5.77013 5.77013 5.77013 5.77013 5 5.77013 5 5.77013 5 5.77013 5 5.77013 5 5.77013 5 5.77013 5.77013 5.77013 5.77013 5.77013 5 5.77013 5.77013 5.77013 5 5.77013 5 5.77013 5 5.77013 5 5.77013 5 5.77013 5 5.77013 5 5.77013 5.77011 5.77011 5.77011 5.77011 5.77011 5.77011 5 5.77011 5 5.77011 5 5.77011 5 5.77011 5 5.77011 5 5.77011 5 5.77011
16.54 10.77 5.77006 5.77011 5.77011 5.77007 5.77005 5.77006 5.77006 5 5.77005 5.77005 5.77005 5.77005 5.77005 5.77011 5 5.77013 5 5.77013 5.77013 5.77013 5.77013 5.77013 5.77013 5.77013 5.77013 5.77013 5.77013 5.77013 5.77013 5.77013 5 5.77013 5 5.77013 5.77013 5.77013 5 5.77013 5.77013 5.77013 5.77013 5.77013 5.77013 5.77013 5.77013 5.77013 5.77013 5.77013 5.77013 5.77013 5.77013 5.77013 5.77013 5 5.77011 5 5.77011 5.77011 5.77011 5.77011 5.77011 5.77011 5.77011 5.77011 5.77011 5.77011 5.77011 5.77011 5.77011 5.77011 5.77011 5.77011
16.5399 10.7699 5 5.77011 5 5.77005 5 5.77005 5 5.77005 5.77005 5 5.77005 5 5.77004 4.99999 5.77013 5.77013 5.77013 5.77013 5 5.77013 5 5.77013 5 5.77013 5 5.77013 5 5.77013 5 5.77013 5.77013 5.77013 5.77013 5.77013 5 5.77013 5.77013 5.77013 5 5.77013 5 5.77013 5 5.77013 5 5.77013 5 5.77013 5 5.77013 5 5.77013 5.77011 5.77011 5.77011 5.77011 5.77011 5 5.77011 5 5.77011 5 5.77011 5 5.77011 5 5.77011 5 5.77011 5 5.77011 5
16.5399 10.7699 5.77005 5.77008 5.77011 5.77005 5.77006 5.77005 5.77006 5.77005 5 5.77005 5.77005 5.77006 5.77006 5.77011 5.77013 4.99999 5.77011 5.77013 5.77013 5.77013 5.77013 5.77013 5.77013 5.77013 5.77013 5.77013 5.77013 5.77013 5.77013 5.77013 5 5.77013 5 5.77013 5.77013 5.77013 5 5.77013 5.77013 5.77013 5.77013 5.77013 5.77013 5.77013 5.77013 5.77013 5.77013 5.77013 5.77013 5.77013 5.77013 5.77013 5.77013 5.77013 5 5.77011 5.77011 5.77011 5.77011 5.77011 5.77011 5.77011 5.77011 5.77011 5.77011 5.77011 5.77011 5.77011 5.77011 5.77011 5.77011 5.77011
16.5398 10.7698 5 5.77009 5.77011 4.99998 5.77005 4.99998 5.77003 4.99999 5.77006 5.77005 5 5.77005 4.99998 5.77004 4.99999 5.77006 5.77013 5 5.77013 5 5.77013 5 5.77013 5 5.77013 5 5.77013 5 5.77013 5.77013 5.77013 5.77013 5.77013 5.77013 5 5.77013 5.77013 5.77013 5 5.77013 5 5.77013 5 5.77013 5 5.77013 5 5.77013 5 5.77013 5 5.77013 5 5.77013 5.77011 5.77013 5 5.77011 5 5.77011 5 5.77011 5 5.77011 5 5.77011 5 5.77011 5 5.77011 5 5.77011
16.5398 10.7698 5.77005 5.77011 5.77005 5.77009 5.77005 5.77005 5.77005 5.77006 5.77005 5.77005 5.77005 5.77006 5.77006 5.77012 5.77013 5.77013 5.77013 5.77013 5.77013 5.77013 5.77013 5.77013 5.77013 5.77013 5.77013 5.77013 5.77013 5.77013 5.77013 5 5.77013 5 5.77013 5.77013 5.77013 5.77013 5 5.77013 5.77013 5.77013 5.77013 5.77013 5.77013 5.77013 5.77013 5.77013 5.77013 5.77013 5.77013 5.77013 5.77013 5.77013 5.77013 5.77013 5.77013 5.77013 5.77013 5.77013 5.77011 5.77013 5.77011 5.77013 5.77011 5.77011 5.77011 5.77011 5.77011 5.77011 5.77011 5.77011 5.77011 5.77011
16.5397 10.7697 5 5.77006 5 5.77011 5.77004 4.99998 5.77004 5.77006 4.99999 5.77006 5 5.77006 4.99999 5.77005 4.99999 5.77012 5 5.77013 5 5.77013 5 5.77013 5 5.77013 5 5.77013 5 5.77013 5.77013 5.77013 5.77013 5.77013 5.77013 5 5.77013 5.77013 5.77013 5.77013 5 5.77013 5 5.77013 5 5.77013 5 5.77013 5 5.77013 5 5.77013 5 5.77013 5 5.77013 5 5.77013 5 5.77013 5.77013 5.77013 5 5.77013 5.77013 5 5.77011 5 5.77011 5 5.77011 5 5.77011 5
16.3197 10.7697 5.77005 5.77011 5.77003 5.77005 5.77006 5.77005 5.77005 5 5.77005 5.77005 5.77005 5.77003 5.77005 5.77009 5.7701 5.77013 5.77013 5.77013 5.77013 5.77013 5.77013 5.77013 5.77013 5.77013 5.77013 5.77013 5.77013 5.77013 5 5.77013 5 5.77013 5.77013 5.77013 5.77013 5 5.77013 5.77013 5.77013 5.77013 5.77013 5.77013 5.77013 5.77013 5.77013 5.77013 5.77013 5.77013 5.77013 5.77013 5.77013 5.77013 5.77013 5.77013 5.77013 5.77013 5.77013 5.77013 5 5.77013 5.77013 5.77013 5.77011 5.77013 5.77011 5.77011 5.77011 5.77011 5.77011 5.77011 5.77011 5.77011
13.16 8.15968 5.77005 4.99999 5.77005 4.99999 5.77006 4.99999 5.77006 5.77005 5.77005 5 5.77005 4.99995 5.77013 5 5.77012 5 5.77013 5 5.77013 5 5.77013 5 5.77013 5 5.77013 5 5.77013 5.77013 5.77013 5.77013 5.77013 5.77013 5 5.77013 5.77013 5.77013 5.77013 5 5.77013 5 5.77013 5 5.77013 5 5.77013 5 5.77013 5 5.77013 5 5.77013 5 5.77013 5 5.77013 5 5.77013 5.77013 5.77013 5.77013 5 5.77013 5.77013 5 5.77011 5 5.77011 5 5.77011 5 5.77011 5
10.77 5 5.77006 5.77011 5.77011 5.77003 5.77005 5.77005 5.77005 4.99999 5.77005 5.77006 5.77005 5.77 5.77005 5.77005 5.77011 5.77013 5.77013 5.77013 5.77013 5.77013 5.77013 5.77013 5.77013 5.77013 5.77013 5.77013 5.77013 5 5.77013 5 5.77013 5.77013 5.77013 5.77013 5 5.77013 5.77013 5.77013 5.77013 5.77013 5.77013 5.77013 5.77013 5.77013 5.77013 5.77013 5.77013 5.77013 5.77013 5.77013 5.77013 5.77013 5.77013 5.77013 5.77013 5.77013 5.77013 5 5.77013 5.77013 5.77013 5.77013 5.77011 5.77013 5.77011 5.77011 5.77011 5.77011 5.77011 5.77011 5.77011 5.77011
13.16 8.15979 5.77006 5 5.77011 4.99997 5.77007 4.99999 5.77006 5.77005 5.77005 4.99999 5.77006 5 5.77006 4.99999 5.77006 4.99999 5.77013 5 5.77013 5 5.77013 5 5.77013 5 5.77013 5 5.77013 5.77013 5.77013 5.77013 5.77013 5 5.77013 5.77013 5.77013 5.77013 5 5.77013 5 5.77013 5 5.77013 5 5.77013 5 5.77013 5 5.77013 5 5.77013 5 5.77013 5 5.77013 5 5.77013 5.77013 5.77013 5.77013 5 5.77013 5.77013 5.77013 5 5.77011 5 5.77011 5 5.77011 5 5.77011 5
13.16 8.15979 5.77006 5.77011 5.77011 5.77002 5.77005 5.77005 5.77005 5.77005 5 5.77005 5.77001 5.77004 5.77004 5.77005 5.77008 5.77012 5.77013 5.77013 5.77013 5.77013 5.77013 5.77013 5.77013 5.77013 5.77013 5.77013 5.77013 5 5.77013 5 5.77013 5.77013 5.77013 5 5.77013 5.77013 5.77013 5.77013 5.77013 5.77013 5.77013 5.77013 5.77013 5.77013 5.77013 5.77013 5.77013 5.77013 5.77013 5.77013 5.77013 5.77013 5.77013 5.77013 5.77013 5.77013 5 5.77013 5.77013 5.77013 5.77013 5 5.77013 5.77013 5.77011 5.77011 5.77011 5.77011 5.77011 5.77011 5.77011 5.77011
10.77 5.77005 5 5.77011 5 5.77011 4.99999 5.77006 5 5.77006 5.77005 5.77006 4.99994 5.77008 4.99999 5.77007 4.99999 5.7701 5 5.77013 5 5.77013 5 5.77013 5 5.77013 5 5.77013 5.77013 5.77013 5.77013 5.77013 5.77013 5 5.77013 5.77013 5.77013 5 5.77013 5 5.77013 5 5.77013 5 5.77013 5 5.77013 5 5.77013 5 5.77013 5 5.77013 5 5.77013 5 5.77013 5.77013 5.77013 5.77013 5 5.77013 5.77013 5.77013 5.77013 5 5.77011 5 5.77011 5 5.77011 5 5.77011 5
10.77 5.77005 5.77006 5.77006 5.77011 5.77005 5.77005 5.77006 5.77005 5.77005 5.77005 5 5.77003 5.77004 5.77005 5.77005 5.77007 5.77012 5.77013 5.77013 5.77013 5.77013 5.77013 5.77013 5.77013 5.77013 5.77013 5.77013 5 5.77013 5 5.77013 5.77013 5.77013 5.77013 5 5.77013 5.77013 5.77013 5.77013 5.77013 5.77013 5.77013 5.77013 5.77013 5.77013 5.77013 5.77013 5.77013 5.77013 5.77013 5.77013 5.77013 5.77013 5.77013 5.77013 5.77013 5 5.77013 5.77013 5.77013 5.77013 5 5.77013 5.77011 5.77011 5.77011 5.77011 5.77011 5.77011 5.77011 5.77011 5.77011 5.77011
13.16 8.15979 5 5.77011 5.77011 5.77005 5 5.77005 5 5.77005 5 5.77005 5.77006 4.99998 5.77008 5 5.77005 4.99999 5.77012 5 5.77013 5 5.77013 5 5.77013 5 5.77013 5.77013 5.77013 5.77013 5.77013 5.77013 5 5.77013 5.77013 5.77013 5.77013 5 5.77013 5 5.77013 5 5.77013 5 5.77013 5 5.77013 5 5.77013 5 5.77013 5 5.77013 5 5.77013 5 5.77013 5.77013 5.77013 5 5.77013 5.77013 5.77013 5.77011 5 5.77011 5 5.77011 5 5.77011 5 5.77011 5 5.77011
13.16 8.15979 5.77006 5.77011 5.77011 5.77002 5.77006 5.77006 5.77006 5.77005 5.77006 5.77005 4.99999 5.77004 5.77004 5.77006 5.77006 5.77011 5.77013 5.77013 5.77013 5.77013 5.77013 5.77013 5.77013 5.77013 5.77013 5 5.77013 5 5.77013 5.77013 5.77013 5.77013 5 5.77013 5.77013 5.77013 5.77013 5.77013 5.77013 5.77013 5.77013 5.77013 5.77013 5.77013 5.77013 5.77013 5.77013 5.77013 5.77013 5.77013 5.77013 5.77013 5.77013 5.77013 5.77013 5 5.77013 5.77013 5.77013 5 5.77013 5.77013 5.77011 5.77011 5.77011 5.77011 5.77011 5.77011 5.77011 5.77011 5.77011 5.77011
10.77 5.77005 5 5.77011 5.77004 5 5.77005 5 5.77003 4.99997 5.77005 5 5.77005 5.77006 4.99999 5.77007 4.99999 5.77008 5 5.77013 5 5.77013 5 5.77013 5 5.77013 5.77013 5.77013 5.77013 5.77013 5.77013 5 5.77013 5.77013 5.77013 5.77013 5 5.77013 5 5.77013 5 5.77013 5 5.77013 5 5.77013 5 5.77013 5 5.77013 5 5.77013 5 5.77013 5 5.77013 5.77013 5.77013 5.77013 5 5.77013 5.77013 5.77013 5.77013 5 5.77011 5 5.77011 5 5.77011 5 5.77011 5 5.77011
10.77 5.77005 5.77011 5.7701 5.77011 5.77007 5.77008 5.77005 5.77011 5.77005 5.77005 5.77005 5.77005 5 5.77005 5.77005 5.77005 5.77012 5.77012 5.77013 5.77013 5.77013 5.77013 5.77013 5.77013 5.77013 5 5.77013 5 5.77013 5.77013 5.77013 5.77013 5 5.77013 5.77013 5.77013 5.77013 5.77013 5.77013 5.77013 5.77013 5.77013 5.77013 5.77013 5.77013 5.77013 5.77013 5.77013 5.77013 5.77013 5.77013 5.77013 5.77013 5.77013 5.77013 5 5.77013 5.77013 5.77013 5.77013 5 5.77013 5.77011 5.77013 5.77011 5.77011 5.77011 5.77011 5.77011 5.77011 5.77011 5.77011 5.77011
10.77 5 5.7701 5.77011 5.7701 5.77002 4.99999 5.77002 4.99995 5.77002 5 5.77005 5 5.77005 5.77006 4.99999 5.77009 4.99999 5.7701 5 5.77013 5 5.77013 5 5.77013 5.77013 5.77013 5.77013 5.77013 5.77013 5 5.77013 5.77013 5.77013 5.77013 5 5.77013 5 5.77013 5 5.77013 5 5.77013 5 5.77013 5 5.77013 5 5.77013 5 5.77013 5 5.77013 5 5.77013 5.77013 5.77013 5.77013 5 5.77013 5.77013 5.77013 5.77013 5.77013 5 5.77011 5 5.77011 5 5.77011 5 5.77011 5 5.77011
