tests/full-run-ref/erosion_2010_79_1_-87.555.asc
ncols 512
nrows 512
xllcorner -3.24582
yllcorner -4.08743
cellsize 5
NODATA_value -99999
[rows 145 to 173 of 512, columns 134 to 200 of 512]
8.1416 8.14198 13.8837 8.09488 13.7132 16.0385 21.846 25.3425 27.6602 25.3649 27.6781 22.9189 17.1382 16.29 16.32 16.3162 16.1313 13.7115 11.3331 11.3775 7.96776 5.71886 5.76365 5.77001 5.77001 5.76687 5.75487 5.75337 5.76326 5.77001 5.77001 5.75706 5.66832 7.95715 13.7699 11.4444 5.72983 5.76384 5.77001 5.77001 5.77001 5.77001 5.77001 5.77001 5.58981 10.6542 16.5199 22.3849 23.0046 21.48 15.5808 13.2057 11.046 11.1049 10.9558 13.4578 16.2158 13.8129 13.6298 13.6163 13.4133 13.1407 17.0001 23.0862 29.1214 35.0742 30.4692
8.16001 8.13333 11.5055 13.8571 16.1504 21.8501 24.2384 30.0265 33.4441 31.1479 28.6368 22.8287 17.0869 16.2873 16.318 16.3022 13.725 7.90849 5.69673 5.72977 5.74884 5.76484 5.77001 5.77001 5.76466 5.72852 8.00882 11.4416 5.73358 5.76592 5.77001 5.77001 5.76573 5.72738 11.4733 8.05184 5.75368 5.77001 5.77001 5.77001 5.77001 5.77001 5.77001 5.77001 5.58618 10.6411 16.5105 22.3653 21.5213 19.082 13.2609 11.1265 11.3644 11.4037 11.3133 11.1248 13.6352 16.1974 19.4447 15.2897 18.8719 13.1861 18.9978 25.1459 31.1663 31.5368 29.0623
8.16 8.14546 8.05344 11.0585 16.7035 22.4992 28.2952 32.4216 38.2076 34.3663 28.5703 22.7598 17.0392 16.2852 16.313 14.5336 8.75319 5.71781 5.76486 5.77001 5.77001 5.77001 5.77001 5.76396 5.71546 7.88522 13.6978 13.7894 7.99294 5.73972 5.76691 5.77001 5.77001 5.75786 8.1101 5.74881 5.76339 5.77001 5.77001 5.77001 5.77001 5.77001 5.77001 5.77001 5.56444 10.489 16.4028 21.5555 15.6514 13.2436 11.0779 11.3626 11.4087 11.4087 11.4076 11.315 11.0437 13.2571 15.3991 20.3098 21.9766 19.3674 21.6388 27.7767 28.1309 25.5398 23.0718
8.16 8.16 8.1028 8.44419 14.2224 20.0552 25.8723 31.6734 37.4732 34.321 28.5178 22.7035 16.9924 16.2828 16.3104 12.1342 6.33412 5.75369 5.77001 5.77001 5.77001 5.77001 5.77001 5.74118 7.86257 13.6579 16.1022 16.1902 13.7777 8.02924 5.75695 5.77001 5.77001 5.76739 5.76638 5.76474 5.77001 5.77001 5.77001 5.77001 5.77001 5.77001 5.77001 5.75122 5.45011 10.2496 16.2108 19.2166 13.3166 11.1367 11.3632 11.4075 11.4089 11.4089 11.4084 11.4054 11.2713 10.798 11.6309 17.5437 22.9681 25.3551 27.8018 27.4476 22.025 19.4168 16.8933
8.16002 8.15999 8.08313 10.936 16.6546 22.4671 28.2741 34.069 39.8637 34.2682 28.4617 22.6377 16.9292 16.28 16.3127 14.493 8.70416 5.7458 5.77001 5.77001 5.77001 5.77001 5.77001 5.71829 11.2946 16.074 16.3104 16.3147 16.2172 11.427 5.72989 5.76684 5.77001 5.76941 5.76922 5.76764 5.77001 5.77001 5.77001 5.77001 5.77001 5.77001 5.75461 5.6037 6.93156 12.8083 18.6805 16.9685 10.9922 11.3479 11.4088 11.4089 11.4089 11.4089 11.4089 11.4082 11.4072 11.3128 10.4745 14.1147 20.2379 26.3756 28.1098 24.8156 18.6007 12.9419 10.4068
8.16002 8.15998 8.06815 11.045 16.83 22.655 28.4663 34.2653 39.9804 34.1746 28.36 22.5164 16.8166 16.2767 16.3178 16.2955 11.1427 5.74929 5.77001 5.77001 5.77001 5.77001 5.77001 5.7204 11.3149 16.2637 16.3197 16.32 16.3099 13.7943 8.00434 5.75433 5.77001 5.7693 6.57805 5.76608 5.77001 5.77001 5.77001 5.7566 5.7424 5.73313 5.59372 7.39219 12.8789 15.3347 21.1557 19.3695 13.7047 11.2007 11.3874 11.4088 11.4089 11.4089 11.4089 11.4089 11.4085 11.396 10.6805 14.4747 20.5246 26.6721 25.4511 19.3392 15.9964 9.51507 4.12537
8.16002 8.15997 8.05568 10.9606 16.7348 22.5648 28.383 34.1911 39.8151 33.9964 28.1584 22.2805 16.6179 16.2728 16.32 16.3013 11.4747 5.72931 5.77001 5.77001 5.77001 5.77001 5.77001 5.72903 11.3882 16.281 16.32 16.32 16.3156 16.1985 11.4018 5.72572 5.76207 5.76902 5.76865 5.76637 5.77001 5.77001 5.77001 5.71779 7.88545 5.49458 7.08203 12.9986 15.6651 21.1421 23.0613 21.9066 16.1669 13.8616 11.3574 11.4085 11.4089 11.4089 11.4089 11.4089 11.4088 11.3944 10.7517 14.9796 21.0559 25.6948 19.4543 16.6636 10.423 7.45802 4.50912
8.16002 8.15996 8.05346 10.9493 16.7158 22.5403 28.3597 34.1695 39.5705 33.7283 27.8555 21.9288 16.0858 16.2352 16.32 16.3087 11.2863 5.62363 5.73088 5.74581 5.73441 5.72139 5.71167 5.6895 11.4109 16.3 16.32 16.32 16.3199 16.303 13.823 8.04235 8.12302 5.76134 5.76562 5.77001 5.77001 5.77001 5.77001 5.66242 11.1841 11.1338 12.9278 15.3919 21.2704 23.0507 23.0767 22.9563 17.1584 11.391 11.3491 11.4085 11.4089 11.4089 11.4089 11.4089 11.4078 11.3934 10.7722 15.6878 21.7068 23.2766 16.9779 10.5047 7.99953 4.5837 5.54354
8.16002 8.15995 8.08617 11.0066 15.5573 21.2101 26.9344 32.7574 38.5898 35.9573 30.0714 24.1375 18.2234 16.0976 16.2922 16.2693 13.5294 7.72951 7.90098 5.75657 7.84684 7.81226 11.3607 7.88895 13.7216 16.3083 16.32 16.32 16.32 16.313 16.21 13.8196 11.5136 8.13615 5.76164 5.77001 5.77001 5.77001 5.77001 5.61014 10.8172 16.6543 18.8242 21.2423 23.0313 23.0772 23.0797 22.9336 17.1275 11.382 11.4054 11.4088 11.4089 11.4089 11.4089 11.4088 11.4062 11.2288 10.9365 16.3785 18.1511 20.649 14.7882 8.32742 4.46622 5.48231 5.77
8.16002 8.15996 8.13115 7.84963 12.8727 18.6056 24.4717 30.3195 36.1703 38.1324 32.2353 26.2776 20.28 15.7676 21.6571 16.0933 15.9825 13.5806 13.6966 11.5689 13.644 13.622 16.0699 13.7076 16.1259 16.316 16.32 16.32 16.32 16.2963 13.7929 8.00484 5.74 5.76357 5.76369 5.77001 5.77001 5.77001 5.75498 5.53893 10.4809 16.375 22.2132 23.0442 23.0734 23.08 23.0795 22.8814 17.0525 11.324 11.4061 11.4089 11.4089 11.4081 11.4088 11.4084 11.387 11.1063 13.8026 10.8809 12.2237 15.2242 13.4441 8.06465 5.19946 5.77 5.77001
8.16002 8.16 8.16 7.9614 10.2907 16.1054 22.0026 27.8751 33.7317 39.5847 34.6396 28.6748 22.7508 21.2815 24.013 21.8868 21.7792 19.3933 16.245 16.2604 16.2789 16.2757 16.3035 16.3109 16.3128 16.3199 16.32 16.32 16.3199 16.2757 11.3626 5.71323 5.7667 5.77001 5.77001 5.77001 5.77001 5.77001 5.72589 7.48184 13.2866 18.8096 23.034 23.078 23.08 23.08 23.0792 22.7926 16.9355 11.2593 11.3828 11.4089 11.4081 11.4089 11.4086 11.3667 11.2977 12.467 11.122 11.1418 10.9433 13.3765 11.068 4.94797 5.64293 5.77001 5.77001
8.16002 8.16002 8.16 7.99113 10.5096 16.2599 22.1432 28.002 33.8444 39.6963 37.0674 31.1664 28.8307 27.2515 29.7191 27.6849 25.3211 19.5837 16.2189 16.3198 16.3198 16.3199 16.3199 16.32 16.32 16.32 16.32 16.32 16.32 16.28 11.4042 5.7304 5.77001 5.77001 5.77 5.77001 5.77001 5.77001 5.72732 7.57425 13.3395 18.9108 23.0283 23.0787 23.08 23.08 23.0793 23.0164 19.2908 13.4846 11.3284 11.408 11.4089 11.4089 11.4074 11.2894 13.9228 11.0794 11.3809 11.4049 11.3229 11.1592 9.78138 5.05075 5.63534 5.7541 5.7658
8.16002 8.16002 8.16 7.99623 10.597 16.3445 22.2168 28.0711 33.9027 39.744 39.5187 37.1095 34.7344 33.0942 34.4794 28.6971 22.9055 17.1274 16.2321 16.3197 16.32 16.32 16.32 16.32 16.32 16.32 16.32 16.3196 16.3083 16.2928 11.4168 5.73478 5.76493 5.76361 5.77001 5.77001 5.77001 5.76996 5.7289 5.37007 10.4984 16.4213 22.3275 23.0771 23.08 23.08 23.0798 23.0461 21.7239 15.914 11.2598 11.3842 11.4089 11.4089 11.405 11.5105 11.4892 11.2372 11.405 11.4084 11.4075 11.4016 11.3908 6.68958 7.84998 5.7703 5.96611
8.15997 8.15998 8.16 7.99385 10.5762 16.3224 22.2009 28.0565 33.8973 39.7237 45.3301 42.9328 40.1028 37.7222 32.4072 28.7055 22.9199 17.1711 16.2854 16.3199 16.32 16.32 16.32 16.32 16.3199 16.3198 16.3194 16.3058 16.0711 13.6492 11.4367 8.12193 8.15387 5.76691 5.77001 5.77001 5.76251 5.6774 5.54597 7.13395 12.9716 18.8529 23.0028 23.0775 23.08 23.08 23.08 23.0731 23.0352 19.4009 13.605 11.352 11.3975 11.4006 11.392 11.4938 11.4801 11.372 11.4081 11.3923 11.4088 11.4043 11.4919 12.8624 13.6706 11.5876 11.767
8.15984 8.13183 8.14195 7.9902 10.4172 16.2319 22.1179 27.984 33.8268 39.6539 45.47 43.1498 37.4435 31.8418 29.481 24.1832 21.8226 17.2281 16.303 16.32 16.32 16.32 16.32 16.3194 16.2984 16.2563 16.2476 16.0996 13.6293 7.82959 5.69572 5.75592 5.76406 5.76775 5.77001 5.7621 5.69799 7.83891 11.3977 13.0634 15.4508 21.3387 23.038 23.0798 23.08 23.08 23.08 23.0799 23.0601 21.8394 16.0886 13.7703 11.3383 13.9173 11.3227 13.8751 12.1772 11.3456 11.3864 11.4087 11.4087 11.3763 11.4832 12.2743 12.2992 12.3122 12.3153
8.15974 8.06924 11.4842 7.86226 12.9796 18.7185 24.5759 30.4144 36.239 42.055 46.471 40.6395 34.8836 29.1403 23.5038 21.4539 16.0177 16.245 16.3162 16.32 16.32 16.32 16.32 16.3064 15.9281 13.458 11.1395 11.2932 7.88636 5.70691 5.76329 5.77001 5.77001 5.76243 5.71937 5.67129 7.81888 13.6152 16.0236 18.9519 21.3536 23.0256 23.0695 23.0799 23.08 23.08 23.0798 23.0661 23.0212 21.5327 19.3021 16.2596 13.9009 11.3834 15.2001 16.315 13.8927 12.2891 11.3584 11.3617 11.3609 11.3465 12.3063 12.3179 12.3199 12.32 12.32
8.15974 8.0731 11.4138 13.6096 15.6328 21.3078 27.0338 32.8499 38.6563 44.4696 44.062 38.2151 32.3615 26.5573 20.7841 15.8062 16.2438 16.3199 16.32 16.32 16.32 16.32 16.32 16.2886 13.4968 7.62438 5.6131 5.70208 5.74134 5.76404 5.77001 5.77001 5.7653 5.72366 11.4242 7.77982 12.0506 16.0143 21.8187 23.0388 23.053 23.0707 23.0799 23.08 23.08 23.08 23.0795 23.0155 21.2809 15.58 13.4102 12.1345 12.2451 12.2996 12.1704 12.2019 12.2776 12.308 12.3036 12.3046 11.9008 12.3097 12.3178 12.32 12.32 12.32 12.32
8.15979 8.07333 11.3341 17.1264 21.5786 23.9372 29.5876 35.2819 40.2429 46.04 41.6508 35.8006 29.92 23.9886 18.2281 15.9965 16.3197 16.32 16.32 16.32 16.32 16.32 16.32 16.2817 11.3017 5.64203 5.75998 5.77001 5.77001 5.77001 5.77001 5.76521 5.73276 7.95495 13.7533 13.6031 15.9834 20.2852 23.0464 23.0749 23.0799 23.08 23.08 23.08 23.08 23.08 23.0746 22.9439 18.7763 12.9344 12.1252 12.2969 12.32 12.32 12.3198 12.3197 12.3198 12.32 12.32 12.3185 12.3177 12.3191 12.32 12.32 12.32 12.32 12.32
8.15986 8.07685 11.3467 17.1126 22.9096 27.303 29.6765 32.0474 37.838 40.2697 39.257 33.426 27.5173 21.5389 15.7112 16.1066 16.3197 16.32 16.32 16.32 16.32 16.32 16.32 16.2903 11.4196 5.72888 5.77001 5.77001 5.77001 5.77001 5.77001 5.7416 8.01017 13.7459 16.1389 19.4145 21.8055 23.0539 23.0705 23.08 23.08 23.08 23.08 23.08 23.08 23.08 23.0735 22.2097 16.2249 11.8366 12.2447 12.3198 12.3199 12.3077 12.32 12.32 12.32 12.32 12.32 12.32 12.32 12.32 12.32 12.32 12.32 12.32 12.32
8.15992 8.06933 11.407 17.0582 19.0937 21.4405 23.8164 29.6316 32.0619 36.3207 33.9101 34.0007 30.0762 24.1689 18.6788 16.0121 16.3195 16.2882 16.32 16.32 16.32 16.32 16.316 16.3014 11.4573 5.74698 5.77001 5.77001 5.77001 5.77001 5.77001 5.71403 11.4035 16.185 21.9296 23.059 23.0711 23.076 23.08 23.08 23.08 23.08 23.08 23.08 23.08 23.08 23.0763 22.9923 18.8868 13.0349 12.1161 12.2031 12.3041 12.3197 12.3198 12.3198 12.3197 12.3197 12.3198 12.3199 12.3199 12.3199 12.3199 12.3198 12.3197 12.3196 12.3195
8.08443 8.07938 13.7565 11.2114 13.1891 15.5513 21.4003 23.8313 29.6754 30.518 28.0812 28.1673 28.2753 27.1153 21.6397 16.0237 16.2779 16.3198 16.32 16.32 16.32 16.317 16.2346 13.8315 11.4851 5.75663 5.77001 5.77001 5.77001 5.77001 5.77001 5.70127 11.3538 17.1422 22.9333 23.0777 23.08 23.08 23.08 23.08 23.08 23.08 23.08 23.08 23.08 23.08 23.0798 23.042 21.3998 15.7106 13.8098 13.6381 11.9356 12.1548 12.1685 12.1699 12.1729 12.1721 12.1523 12.1689 12.1683 12.1471 12.1165 12.1485 12.1581 12.1559 12.1529
11.5342 11.5099 7.93017 5.5273 7.32791 13.1463 15.5726 21.451 24.0224 24.7107 22.2438 22.3273 22.4297 24.9038 24.2405 19.4643 16.1599 16.3195 16.294 16.3194 16.3132 16.1614 13.7581 8.04721 5.74464 5.76421 5.77001 5.77001 5.77001 5.77001 5.77001 5.69557 11.2541 17.0591 22.847 23.0796 23.08 23.08 23.08 23.08 23.08 23.08 23.08 23.08 23.08 23.08 23.08 23.0744 23.0391 21.6026 19.6656 19.4496 17.7831 17.9143 17.8603 17.8914 17.9113 17.9084 17.8947 17.8918 17.8927 17.8889 17.8809 17.8753 17.8714 17.8666 17.8583
5.76368 5.72668 5.73898 5.74444 5.59788 7.36506 13.2074 15.7842 21.5905 18.8782 16.3886 16.4733 16.5727 19.0639 21.7162 21.8188 15.9642 16.2864 16.313 16.3088 15.9066 13.4888 7.94953 5.7366 5.76505 5.77001 5.77001 5.77001 5.77001 5.77001 5.77001 5.63844 11.0762 16.9053 22.7029 23.0792 23.0785 23.0764 23.0767 23.0764 23.0757 23.0749 23.0738 23.0729 23.0729 23.0744 23.0763 23.0774 23.0767 23.0667 23.0591 23.057 23.0598 23.0341 23.0339 23.033 23.0394 23.0276 23.0192 23.0174 23.0199 23.0151 23.0118 23.0104 23.0098 23.0098 23.0079
5.76889 5.77001 5.77001 5.77001 5.75503 5.62022 7.57595 13.4281 15.8279 13.2584 10.5214 10.6146 10.7109 13.4119 15.91 16.693 18.7842 12.9908 16.2781 16.2787 13.4758 7.63374 5.69586 5.76353 5.77001 5.77001 5.77001 5.77001 5.77001 5.77001 5.77001 5.55389 10.571 16.542 22.3693 23.0717 22.7604 22.7531 22.7497 22.7497 22.742 22.7304 22.718 22.7086 22.708 22.7184 22.736 22.7514 22.7334 22.7319 22.7355 22.7412 22.7465 22.7408 22.5914 22.9751 23.0745 23.0796 23.079 23.0799 23.0798 23.0798 23.0798 23.0798 23.0798 23.0798 23.0797
5.76891 5.77001 5.77001 5.77001 5.77001 5.75848 5.66918 7.84949 13.4968 7.50197 5.48152 5.54867 5.53183 7.63627 11.2432 10.629 12.5368 15.5254 21.3073 16.2221 11.181 5.61204 5.75418 5.77001 5.77001 5.77001 5.77001 5.77001 5.77001 5.77 5.74822 5.34526 10.0929 16.0429 21.9919 19.9427 20.0116 20.008 20.0055 20.0034 20.0002 19.9957 19.9913 19.9884 19.9885 19.992 19.9976 20.0015 20.0029 20.0026 20.0034 20.0044 20.0047 19.998 19.9819 21.9505 22.9047 23.0711 23.0794 23.08 23.08 23.08 23.08 23.08 23.08 23.08 23.08
5.76877 5.77001 5.77001 5.77001 5.77001 5.77001 5.76339 5.7068 11.4451 5.63689 5.75674 5.77001 5.75984 5.72113 5.64151 5.35577 6.92196 13.1139 16.1041 19.4241 13.6272 7.81202 5.72026 5.76059 5.77001 5.77001 5.77001 5.77001 5.75568 5.69825 5.47553 6.60713 12.4705 18.4817 19.9651 20.0747 20.0898 20.0898 20.0898 20.0897 20.0897 20.0897 20.0896 20.0896 20.0896 20.0896 20.0897 20.0897 20.0898 20.0899 20.0899 20.0899 20.0898 20.0897 20.0607 19.955 21.8768 22.8924 23.0689 23.0799 23.08 23.08 23.08 23.08 23.08 23.08 23.08
5.74457 5.75088 5.76116 5.76769 5.77001 5.77001 5.77001 5.76369 8.14119 5.7549 5.77001 5.77001 5.77001 5.77001 5.77001 5.74967 5.59744 7.89037 13.6911 19.4969 16.0449 13.641 8.0206 5.74143 5.77001 5.77001 5.77001 5.77001 5.75574 7.98636 11.2329 12.6518 15.025 19.8535 20.0747 20.0899 20.09 20.09 20.09 20.09 20.09 20.09 20.09 20.09 20.09 20.09 20.09 20.09 20.0899 20.0899 20.0899 20.0897 20.0895 20.0893 20.0899 20.0189 19.9035 22.1392 23.0537 23.0798 23.08 23.08 23.08 23.08 23.08 23.08 23.08
8.03264 11.4748 8.07883 5.75182 5.76727 5.77001 5.77001 5.76648 5.76123 5.75781 5.77001 5.77001 5.77001 5.77001 5.77001 5.77001 5.75954 5.67314 11.293 17.109 21.8286 16.1979 11.417 5.73625 5.77001 5.77001 5.77001 5.77001 5.75695 5.63815 11.0872 16.9258 20.9741 20.036 20.0897 20.09 20.09 20.09 20.09 20.09 20.09 20.09 20.09 20.09 20.09 20.09 20.09 20.0873 20.0687 20.0222 20.0487 20.0829 19.14 20.0895 20.09 20.0582 21.9851 22.6016 23.0566 23.0798 23.0799 23.0798 23.0653 23.0651 23.0692 23.08 23.08
13.8169 16.2136 13.8348 8.05744 5.75834 5.77001 5.77001 5.77001 5.77001 5.77001 5.77001 5.77001 5.77001 5.77001 5.77001 5.77001 5.73967 7.87471 13.6702 19.4758 22.9584 17.17 11.3795 5.73081 5.77001 5.77001 5.77001 5.77001 5.75878 7.87641 13.62 18.0273 22.5985 20.0419 20.0886 20.0891 20.0893 20.0836 20.0787 20.0761 20.0776 20.0841 20.0821 20.0705 20.0647 20.0696 20.0744 20.0564 19.1654 16.7189 16.6637 19.1039 20.0728 20.0865 20.09 20.0647 19.9829 22.237 23.0722 23.0778 23.0778 23.0518 23.0403 20.5837 23.0706 23.08 23.08
