tests/full-run-ref/erosion_2010_78_24_-72.835.asc
ncols 512
nrows 512
xllcorner -3.24582
yllcorner -4.08743
cellsize 5
NODATA_value -99999
[rows 174 to 202 of 512, columns 134 to 200 of 512]
19.6288 22.0209 16.2519 11.4684 5.74716 5.76758 5.77001 5.77001 5.77001 5.77001 5.77001 5.77001 5.77001 5.77001 5.77001 5.77001 5.72067 11.3605 16.1432 21.9382 22.9616 17.1706 11.3785 5.72975 5.77001 5.77001 5.77001 5.77001 5.76318 5.69551 9.90725 15.7074 16.9066 19.3409 20.042 20.0814 20.071 19.5921 17.1931 17.214 17.2128 19.6152 19.5808 17.1707 17.1744 17.1948 17.1961 16.1186 13.6559 11.0543 10.9809 13.4734 15.9267 20.0752 20.0863 20.0476 22.0434 22.9107 23.0536 22.6165 23.0146 23.0428 20.6002 23.0771 23.0772 23.08 23.08
23.0081 23.0133 17.2348 11.4553 8.10498 5.76701 5.77001 5.77001 5.77001 5.77001 5.77001 5.77001 5.77001 5.77001 5.77001 5.77001 5.70842 11.3221 16.0308 21.8319 22.929 17.1325 11.3358 5.72073 5.77001 5.77001 5.77001 5.77001 5.77001 5.74476 7.5985 11.2573 11.0682 13.5659 16.0195 19.6216 16.2159 13.8091 11.3953 11.4182 11.4223 13.8483 13.8312 11.3715 11.3751 11.4001 11.3988 11.366 7.87317 5.60906 5.59133 7.64151 13.5042 19.3286 19.3944 17.0274 17.0822 17.1019 19.2176 16.7495 18.0129 20.3292 23.031 23.0728 23.0771 23.0765 23.08
17.2203 17.2493 17.2405 11.4548 5.73853 5.76684 5.77001 5.77001 5.77001 5.77001 5.77001 5.77001 5.77001 5.77001 5.77001 5.77001 5.73178 7.81069 13.6025 19.3714 22.9118 17.1102 11.3115 5.71252 5.77001 5.77001 5.77001 5.77001 5.77001 5.7622 5.73769 5.69598 5.63019 7.77042 13.6379 13.8251 11.433 8.03305 5.72319 5.7372 5.73348 8.08603 8.07149 5.72096 5.72805 5.72992 5.7302 5.70846 5.74245 5.76023 5.75966 5.6344 11.2258 16.0028 13.565 11.2037 11.2773 11.278 13.6022 10.8344 12.0105 14.5691 17.1681 23.0626 20.724 23.0767 23.0799
11.4759 11.4913 13.5335 13.8742 8.09187 5.76469 5.77001 5.76991 5.76968 5.76932 5.76898 5.76914 5.76911 5.77001 5.77001 5.77001 5.76101 5.65164 11.1355 16.9719 22.7784 17.1058 11.3022 5.71109 5.77001 5.77001 5.77001 5.77001 5.77001 5.77001 5.77001 5.77001 5.76186 5.71204 8.08848 8.07393 5.73366 5.75625 5.7672 5.77001 5.76667 5.76655 5.76304 5.76661 5.77001 5.77001 5.77001 5.76999 5.76998 5.76999 5.76347 5.66921 11.3487 13.6242 7.75397 5.65015 5.69622 5.66669 7.8893 5.42138 6.42214 8.82585 14.8201 20.683 23.0745 23.0767 23.0664
11.5294 11.5349 11.5112 13.8466 8.1113 5.76425 5.77001 5.76988 6.1596 6.15784 6.15394 6.15347 5.76692 5.77001 5.77001 5.77001 5.77001 5.68957 11.2124 17.0476 17.0714 16.1507 11.3542 5.71992 5.77001 5.77001 5.77001 5.77001 5.77001 5.77001 5.77001 5.77001 5.77001 5.76782 5.76255 5.76214 5.7673 5.77001 5.77001 5.76871 5.75939 8.12097 5.75805 5.76587 5.77001 5.77001 5.77001 5.77001 5.77001 5.76359 5.70444 7.83002 13.6747 11.3655 5.65374 5.76148 5.77001 5.76251 5.7579 5.74117 5.66508 6.77997 12.6701 18.5048 23.0629 21.9605 19.5224
11.54 11.54 11.5259 8.04768 5.74684 5.76771 5.77001 5.76988 5.76975 5.76858 8.15723 8.1555 5.76798 5.77001 5.77001 5.77001 5.77001 5.70982 11.3997 11.393 11.2522 11.3693 7.96623 5.74558 5.77001 5.77001 5.77001 5.77001 5.77001 5.77001 5.77001 5.77001 5.77001 5.77001 5.77001 5.77001 5.77001 5.77001 5.77001 5.76662 8.13018 13.8969 8.12293 5.76361 5.77001 5.77001 5.77001 5.77001 5.77001 5.73464 7.84039 13.63 16.0621 11.126 5.56325 5.72623 5.76309 5.77001 5.77001 5.77001 5.76209 5.64333 11.3893 16.2125 19.5817 16.1698 13.7543
11.5369 11.5381 11.5129 5.74053 5.7668 5.77001 5.77001 5.77001 5.77001 5.76938 5.76817 5.76777 5.76914 5.77001 5.77001 5.77001 5.77001 5.73468 11.464 11.5287 11.5226 7.78838 5.69813 5.76523 5.77001 5.77001 5.77001 5.77001 5.77001 5.7694 5.76852 5.76527 5.7663 5.76902 5.77001 5.77001 5.77001 5.77001 5.77001 5.76639 8.13409 11.5133 5.75617 5.76458 5.77001 5.77001 5.77001 5.77001 5.76206 5.66281 11.1762 16.0507 19.2418 13.3925 7.53246 8.01978 5.74023 5.77001 5.77001 5.77001 5.77001 5.75451 8.03565 13.8296 13.8176 11.3883 7.9746
11.5133 13.921 11.5167 5.75777 5.76904 5.77001 5.77001 5.77 5.77001 5.77001 5.77001 5.77001 5.77001 5.77001 5.77001 5.77001 5.77001 5.75412 11.5134 11.525 8.07004 5.70178 5.75843 5.77001 5.77001 5.77001 5.77001 5.77001 5.77001 5.75951 6.08692 6.10893 8.14667 5.76842 5.77001 5.77001 5.77001 5.77001 5.77001 5.76727 5.75863 5.74929 5.75429 5.77001 5.77001 5.77001 5.77001 5.77001 5.73253 7.78462 13.5764 19.4201 17.119 13.6834 13.4569 11.3592 5.71203 5.77001 5.77001 5.77001 5.77001 5.76403 5.72823 11.5004 8.03666 5.72136 5.75095
17.2882 16.3033 13.8956 8.11975 5.75596 5.76496 5.76668 5.77001 5.77001 5.77 5.77001 5.77001 5.77001 5.77001 5.77001 5.77001 5.77001 5.76588 5.76461 5.75388 5.75831 5.76708 5.77001 5.77001 5.77001 5.77001 5.77001 5.77001 5.76548 5.72949 11.4773 11.494 5.75206 5.76903 5.77001 5.77001 5.77001 5.77001 5.77001 5.77001 5.77001 5.77001 5.77001 5.77001 5.77001 5.77001 5.77001 5.77001 5.70469 11.2515 15.9989 21.823 17.0769 13.7518 13.8956 11.3723 5.70976 5.75333 5.76059 5.77001 5.75727 5.6824 8.04342 11.3977 5.60151 5.728 5.75393
19.6706 22.0611 16.2863 11.5092 8.11072 7.76001 5.76054 5.76665 5.76731 5.77001 5.77001 5.77001 5.77 5.77001 5.77001 5.77001 5.77001 5.77001 5.77001 5.77001 5.77001 5.77001 5.77001 5.77001 5.77001 5.77001 5.77001 5.77001 5.75119 8.0129 11.4921 11.4928 5.73688 5.7672 5.77001 5.77001 5.77001 5.77001 5.77001 5.77001 5.77001 5.77001 5.77001 5.77001 5.77001 5.77001 5.77001 5.77001 5.71005 11.2705 17.0816 21.6442 15.8251 13.4169 11.0446 11.4476 8.08748 8.15493 5.72289 5.62195 5.55432 7.57062 13.4664 13.4992 7.58102 7.78217 5.82793
16.282 22.0581 17.2746 11.4992 11.531 11.4632 8.13533 8.15074 5.76839 5.77001 5.77001 5.77 5.77001 5.77001 5.77001 5.77001 5.77001 5.77001 5.77 5.77001 5.77001 5.77001 5.77001 5.77001 5.77001 5.77001 5.77001 5.77001 5.74147 11.4816 11.5273 11.515 8.06632 5.75082 5.76788 5.77001 5.77001 5.77001 5.77001 5.77001 5.77001 5.77001 5.77001 5.77001 5.77001 5.77001 5.77001 5.77001 5.72364 11.3703 17.1672 16.0782 13.4166 7.53345 5.57339 5.67669 5.74865 5.73718 7.82546 11.3592 7.40487 13.4056 13.8499 13.8587 13.4631 13.6315 11.6727
13.8885 19.6619 19.6675 13.9034 11.5356 11.5386 11.5357 11.5319 5.76619 5.77001 5.77 5.77001 5.77001 5.77001 5.77001 5.77001 5.77001 5.77 5.77001 5.77001 5.77001 5.77001 5.77001 5.77001 5.77001 5.77001 5.77001 5.77001 5.75371 11.5152 11.4951 11.518 11.448 7.37426 5.7634 5.77001 5.77001 5.77001 5.77001 5.77001 5.77001 5.77001 5.77001 5.77001 5.77001 5.77001 5.77001 5.76609 5.73865 11.4799 11.3875 11.32 7.87283 5.67538 5.75813 5.77001 5.77001 5.75864 5.41918 10.7749 13.3403 13.8863 13.9283 13.9287 13.8956 13.1164 7.01999
11.4904 16.2733 17.2877 11.5201 11.5374 11.54 11.54 11.5288 5.76363 5.76874 5.77001 5.77001 5.77001 5.77001 5.77001 5.77001 5.77 5.77001 5.77001 5.77001 5.77001 5.77001 5.77001 5.77001 5.77001 5.77001 5.77001 5.77001 5.76273 8.12622 5.73494 8.06669 11.5241 8.09586 5.76215 5.77001 5.77001 5.77001 5.77001 5.77001 5.77001 5.77001 5.77001 5.77001 5.77001 5.77001 5.76466 5.75202 8.12829 8.11231 5.72102 5.71883 5.7399 5.76308 5.77001 5.77001 5.77001 5.75272 5.36307 10.3255 13.3773 13.6252 13.7298 13.8606 13.8275 9.98161 5.12862
8.10159 13.879 17.2957 11.5209 11.5362 11.54 11.54 11.536 8.14573 5.76723 5.76941 5.76965 5.76983 5.76981 5.76985 5.7695 5.77001 5.77001 5.77001 5.77001 5.77001 5.77001 5.77001 5.77001 5.76978 5.76978 5.7696 5.7697 5.76901 5.76813 5.76679 5.74154 11.5152 5.75044 5.76662 5.77001 5.77001 5.77001 5.77001 5.77001 5.77001 5.77001 5.77001 5.77001 5.77001 5.76168 5.75008 8.0834 11.4934 5.73944 5.76483 5.77001 5.77001 5.77001 5.77001 5.77001 5.77001 5.74069 7.64183 10.589 12.6986 15.4363 16.0666 13.865 13.2904 12.7208 6.65655
5.75363 11.4915 16.2853 13.9054 11.5278 11.54 11.5397 11.5388 11.3701 8.1568 8.15801 6.15665 6.15806 6.15938 6.15989 5.76985 5.77001 5.77001 5.77001 5.77001 5.77001 5.77001 5.77001 5.76792 5.7681 6.15631 6.15783 6.15939 5.76997 5.76971 5.7663 8.14042 11.5293 5.7621 5.76757 5.77001 5.77001 5.77001 5.77001 5.77001 5.77001 5.77001 5.77001 5.77001 5.77001 5.7593 8.10657 13.867 11.4727 5.73695 5.77001 5.77001 5.77001 5.77001 5.77001 5.77001 5.77001 5.75094 5.65705 5.33861 6.79881 12.9374 18.8111 19.6866 15.8891 15.2684 12.8477
5.76194 8.11435 13.8853 16.2806 11.5207 11.5366 11.5398 11.5385 11.5306 11.4255 9.15582 11.3141 8.15843 5.7696 5.76988 5.76983 5.77001 5.77001 5.77001 5.77001 5.77001 5.77001 5.77001 5.76772 8.15681 11.4091 8.15785 5.7695 5.76839 5.75945 8.15129 11.5367 11.5363 8.1405 5.73283 5.75401 5.76176 5.77001 5.77001 5.77001 5.77001 5.77001 5.77001 5.77001 5.77001 5.75949 8.0682 13.8569 11.4385 5.71963 5.76357 5.77001 5.77001 5.77001 5.77001 5.77001 5.77001 5.77001 5.77001 5.74779 5.4423 10.8695 16.7478 22.595 21.2193 15.4969 13.0962
5.76669 5.75958 8.10754 13.8879 13.8394 8.07006 11.5396 11.5328 8.1396 5.76459 5.76841 5.76841 5.76919 5.76981 5.77001 5.77001 5.77001 5.77001 5.77001 5.77001 5.77001 5.77001 5.77001 5.76777 5.76451 5.76458 5.76784 5.77 5.75768 8.10263 11.5378 11.5393 11.5391 11.5346 8.02001 8.12717 5.75226 5.76633 5.77001 5.77001 5.77001 5.77001 5.77001 5.77001 5.77001 5.76147 5.72553 11.4521 13.7692 7.96573 5.74728 5.77001 5.77001 5.77001 5.77001 5.77001 5.77001 5.77001 5.77001 5.77001 5.64537 11.0136 16.8606 21.2354 15.3579 12.9241 7.17141
5.77001 5.7671 5.72734 11.5025 8.02572 11.5351 11.5397 11.5223 5.75164 5.76921 5.77001 5.77001 5.76963 5.7697 5.76942 5.77001 5.77001 5.77001 5.77001 5.77001 5.77001 5.77001 5.77001 5.77001 5.77001 5.77001 5.76888 5.76258 8.1254 11.522 11.528 11.5346 11.524 11.485 11.5129 11.5196 8.07316 5.73662 5.761 5.77001 5.77001 5.77001 5.77001 5.77001 5.77001 5.76065 8.07996 13.7816 16.1688 11.3954 5.73189 5.77001 5.77001 5.77001 5.77001 5.77001 5.77001 5.77001 5.77001 5.77001 5.66598 11.0725 16.9233 18.8352 12.9117 7.03104 5.59595
5.77001 5.77001 5.74513 7.967 13.797 11.5065 11.5233 11.4647 5.73893 5.76796 5.77001 5.77001 5.76933 8.16002 5.76914 5.77001 5.77001 5.77001 5.77001 5.77001 5.76836 5.76591 5.76524 5.76751 5.77001 5.77001 5.76556 8.13146 12.2944 12.3029 12.3063 12.3072 12.2892 14.2922 13.9046 11.513 11.4951 8.00416 5.73005 5.75601 5.76422 5.76893 5.77001 5.77001 5.77001 5.76184 5.73936 7.98157 13.7831 11.397 5.72726 5.77001 5.77001 5.77001 5.77001 5.77001 5.77001 5.77001 5.77001 5.77001 5.68183 11.1611 17.0046 16.7051 10.7798 5.47089 5.74222
5.77001 5.77001 5.76389 5.71298 11.4721 14.2842 13.8956 11.4707 8.08953 5.76306 5.77001 5.77001 5.76907 5.769 5.76913 5.77001 5.77001 5.77001 5.77001 5.77001 5.7676 8.14982 8.13891 5.76378 5.77001 5.76795 5.7544 11.5155 16.2876 13.8957 11.5107 11.4935 13.8553 16.2482 16.1654 11.4832 11.5147 11.5049 8.04926 8.11244 6.07837 5.75008 5.76461 5.77001 5.77001 5.77001 5.76015 5.72083 9.30625 11.4368 5.72527 5.77001 5.77001 5.77001 5.77001 5.77001 5.77001 5.77001 5.77001 5.77001 5.69942 11.2547 17.0849 15.9235 13.4965 7.80875 5.75611
5.77001 5.77001 5.77001 5.74661 11.4526 17.2404 16.2849 13.6161 7.83311 5.76309 5.77001 5.77001 5.77001 5.77001 5.77001 5.77001 5.77001 5.77001 5.77001 5.76919 5.76192 11.5257 11.5103 5.73835 5.74188 5.73511 8.09432 13.8815 13.8503 8.11628 5.75182 5.74365 8.06403 13.8 16.2036 12.7253 11.4866 11.5211 11.5325 11.5246 11.469 8.07881 5.74988 5.77001 5.77001 5.77001 5.77001 5.75277 6.90097 11.4853 5.72245 5.77001 5.77001 5.77001 5.77001 5.77001 5.77001 5.77001 5.77001 5.77001 5.71491 11.3345 17.1487 13.5096 7.67264 5.68566 5.76148
5.77001 5.77001 5.77001 5.74201 11.4295 17.2225 17.2058 11.4045 5.72136 5.7679 5.77001 5.77001 5.77001 5.77001 5.77001 5.77001 5.77001 5.77001 5.7694 5.7646 8.13134 13.9058 13.838 8.04142 11.4558 7.99089 13.7939 13.8482 8.05047 5.75199 5.76866 5.76782 5.74379 8.00336 13.7975 17.2128 12.7627 11.5044 11.5123 11.522 12.5205 11.4857 5.7381 5.77001 5.77001 5.77001 5.77001 5.76503 5.73366 11.4974 5.72328 5.77001 5.77001 5.77001 5.77001 5.77001 5.77001 5.77001 5.77001 5.77001 5.7288 11.3993 16.1351 11.2712 5.66625 5.76149 5.77001
5.77001 5.77001 5.77001 5.72542 11.3869 17.1904 17.1064 11.2845 5.6923 5.76485 5.77001 5.77001 5.77001 5.77001 5.77001 5.77001 5.77 5.77001 5.76833 8.14425 13.906 16.2974 16.2271 13.8265 16.174 13.7841 16.1889 11.4015 5.71012 5.76435 5.77001 5.77001 5.76593 5.72846 11.4462 11.4165 11.3616 12.7608 16.2106 12.7928 13.8431 8.05337 5.74458 5.77001 5.77001 5.77001 5.77001 5.77001 5.75015 8.13034 5.73532 5.77001 5.77001 5.77001 5.77001 5.77001 5.77001 5.77001 5.77001 5.77001 5.74738 8.01746 13.743 7.92798 5.74606 5.77001 5.77001
5.76061 5.75288 5.71554 5.65869 11.2647 17.0948 19.4825 13.6642 7.8711 5.743 5.77001 5.77001 5.77001 5.77001 5.77001 5.77 5.77001 5.77001 5.76817 7.48634 13.2556 19.03 22.0034 19.6099 21.9615 19.5698 16.2443 13.8087 8.0207 5.75645 5.77001 5.77001 5.77001 5.75623 8.10258 5.71841 5.70349 7.99812 13.8129 17.2385 11.4506 5.73628 5.76381 5.77001 5.77001 5.77001 5.77001 5.77001 5.7579 5.75223 5.75123 5.77001 5.77001 5.77001 5.77001 5.77001 5.77001 5.77001 5.77001 5.77001 5.76379 5.73677 11.4976 5.72493 5.76559 5.77001 5.77001
8.10506 8.0492 11.4474 7.76193 13.5513 19.3878 21.875 16.0646 11.2982 5.7149 5.77001 5.77001 5.77001 5.77001 5.77 5.77001 5.77001 5.77001 5.76905 5.75857 11.4974 16.2799 22.0181 21.9531 19.5394 19.4837 16.2167 13.8207 10.828 5.7555 5.77001 5.77001 5.77001 5.76601 5.76482 5.76677 5.76596 5.72776 11.4416 16.217 11.406 5.7349 5.77001 5.77001 5.77001 5.77001 5.77001 5.77001 5.77001 5.77001 5.77001 5.77001 5.77001 5.77001 5.77001 5.77001 5.77001 5.77001 5.77001 5.77001 5.77001 5.75536 11.5173 5.75817 5.77001 5.77001 5.77001
13.8712 13.8317 16.0125 13.9547 15.9625 21.7806 22.8384 17.0302 11.2222 5.68602 5.75738 5.76951 5.76987 5.76954 5.77001 5.77001 5.77001 5.77001 5.77001 5.76356 8.11353 13.8476 16.2418 16.2619 16.1596 13.7513 11.3961 8.03105 5.74282 5.76551 5.77001 5.77001 5.77001 5.77001 5.77001 5.77001 5.77001 5.75363 8.02761 13.7879 11.3587 5.70688 5.76551 5.77001 5.77001 5.77001 5.77001 5.77001 5.77001 5.77001 5.77001 5.77001 5.77001 5.77001 5.77001 5.77001 5.77001 5.77001 5.77001 5.77001 5.77001 5.75897 5.7595 5.76308 5.77001 5.77001 5.77001
16.2657 19.6185 21.8007 19.7709 21.7842 24.1779 25.2308 19.4328 13.6932 7.98621 8.15947 5.76989 6.16002 5.76969 5.77001 5.77001 5.77001 5.77001 5.77001 5.76634 5.75321 8.05939 13.8116 16.2257 13.7608 7.95474 5.71686 5.75513 5.76715 5.7657 5.74841 5.73589 5.74811 5.76291 5.77001 5.77001 5.77001 5.7638 5.73406 7.98845 13.7493 7.9366 5.73958 5.76871 5.77001 5.77001 5.77001 5.77001 5.77001 5.77001 5.77001 5.77001 5.77001 5.77001 5.77001 5.77001 5.77001 5.77001 5.77001 5.77001 5.77001 5.77001 5.77001 5.77001 5.77001 5.77001 5.77001
13.8314 16.22 22.0029 25.5692 27.571 29.9657 25.219 19.422 13.6956 7.96204 5.74344 5.76969 5.76993 5.76972 5.77001 5.77001 5.77001 5.77001 5.77001 5.77001 5.76693 5.74412 8.03235 13.83 11.4403 5.71442 5.76537 5.77001 5.7618 5.70342 7.94348 11.4377 7.95344 5.73812 5.77001 5.77001 5.77001 5.77001 5.76341 5.71815 11.4695 13.7448 8.10823 5.76785 5.77001 5.77001 5.77001 5.77001 5.77001 5.77001 5.77001 5.77001 5.77001 5.77001 5.77001 5.77001 5.77001 5.77001 5.77001 5.77001 5.77001 5.77001 5.77001 5.77001 5.77001 5.77001 5.77001
8.0383 13.8213 19.4701 21.8551 24.2479 28.613 22.8115 17.0027 11.1868 5.64762 5.75934 5.77001 5.77001 5.77001 5.77001 5.77001 5.77001 5.77001 5.77001 5.77001 5.77001 5.76718 5.73459 11.4875 11.4779 5.69232 5.75433 5.74829 5.60948 7.76819 13.6105 16.148 11.2747 5.57018 5.74998 5.77001 5.77001 5.77001 5.77001 5.7404 11.4908 11.4693 5.73668 5.76869 5.77001 5.77001 5.77001 5.77001 5.77001 5.77001 5.77001 5.77001 5.77001 5.77001 5.77001 5.77001 5.77001 5.77001 5.77001 5.77001 5.77001 5.77001 5.77001 5.77001 5.77001 5.77001 5.77001
