tests/full-run-ref/erosion_2010_78_22_-42.864.asc
ncols 512
nrows 512
xllcorner -3.24582
yllcorner -4.08743
cellsize 5
NODATA_value -99999
[rows 72 to 107 of 512, columns 246 to 327 of 512]
5.77 5.76989 8.15947 13.9295 13.9291 8.15883 5.76964 5.76987 5.77 5.77 5.77 5.77 5.77 5.77 5.76997 5.76994 5.76993 5.77 5.77 5.77 5.77 5.76972 5.76934 5.76937 5.76979 5.77 5.77 5.77 5.77 5.77 5.77 5.77 5.77 5.77 5.77 5.77 5.77 5.77 5.77 5.77 5.76953 5.76944 5.7671 8.14535 5.63682 7.58314 13.3276 19.0421 24.8807 30.7073 36.5711 33.4326 27.508 21.5773 15.6215 9.71263 5.27396 5.77 5.77 5.77 5.77 5.77 5.77 5.77 5.77 5.77 5.77 5.77 5.77 5.77 5.77 5.77 5.77 5.77 5.77 5.77 5.77 5.77 5.77 5.77 5.77 5.77
5.77 5.76997 5.7698 8.1592 13.9294 13.9286 8.15821 5.769 5.7696 5.76968 5.77 5.77 5.77 5.77 5.76968 6.15883 5.7694 5.76961 5.76966 5.77 5.77 5.77 5.77 5.77 5.77 5.77 5.77 5.77 5.77 5.77 5.77 5.77 5.77 5.77 5.77 5.77 5.77 5.77 5.77 5.76783 5.76855 6.15849 5.76572 5.76405 5.74169 5.33431 10.6753 16.5694 22.4282 28.2777 34.1795 33.4021 27.4559 21.5276 15.5625 9.64638 5.25171 5.77 5.77 5.77 5.77 5.77 5.77 5.77 5.77 5.77 5.77 5.77 5.77 5.77 5.77 5.77 5.77 5.77 5.77 5.77 5.77 5.77 5.77 5.77 5.77 5.77
5.77 5.77 5.76997 5.76959 11.5391 16.3188 13.9269 8.15603 8.15696 5.76903 5.77 5.77 5.77 5.77 5.76936 11.5395 8.15811 8.15913 5.76963 5.77 5.77 5.77 5.77 5.76972 5.76968 5.76975 5.77 5.77 5.77 5.77 5.77 5.77 5.77 5.77 5.77 5.77 5.77 5.77 5.76849 5.76766 8.15853 5.76213 5.76785 5.73056 5.47933 7.30519 13.0959 18.9954 24.8563 30.6865 36.5645 33.3477 27.4106 21.478 15.5131 9.59619 5.23374 5.77 5.77 5.77 5.77 5.77 5.77 5.77 5.77 5.77 5.77 5.77 5.77 5.77 5.77 5.77 5.77 5.77 5.77 5.77 5.77 5.77 5.77 5.77 5.77 5.77
5.77 5.77 5.77 5.76979 11.5392 13.9289 16.3172 13.9269 11.5376 5.76846 5.77 5.77 5.77 5.77 5.7695 8.15867 11.5371 5.7682 5.76959 5.77 5.77 5.77 5.77 5.76929 8.15707 5.76862 5.76949 5.76977 5.77 5.77 5.77 5.77 5.77 5.77 5.77 5.77 5.77 5.76848 5.76814 8.16002 5.76199 5.76922 5.63793 5.60169 7.20802 13.1179 15.3837 21.2959 27.1602 33.0032 38.8757 33.2768 27.3596 21.4213 15.4494 9.53307 5.21624 5.77 5.77 5.77 5.77 5.77 5.77 5.77 5.77 5.76326 5.76275 5.76217 5.76359 5.77 5.77 5.77 5.77 5.77 5.77 5.77 5.77 5.77 5.77 5.77 5.77 5.77
5.77 5.77 5.77 5.76994 5.76961 8.15853 11.5383 13.9284 11.5377 5.76836 5.77 5.77 5.77 5.77 5.76978 5.76911 8.15776 5.76868 5.77 5.77 5.77 5.77 5.76974 5.76828 11.5377 8.15487 8.1584 5.76982 5.77 5.77 5.77 5.77 5.77 5.77 5.77 5.77 5.76814 5.76732 8.16001 5.764 5.76889 5.62633 7.75486 11.3223 13.0451 15.0466 21.0461 23.6609 29.5401 35.4125 39.1432 33.2187 27.3087 21.3635 15.3841 9.46527 5.19837 5.77 5.77 5.77 5.77 5.77 5.77 5.77 5.77 5.71641 6.08855 6.11078 5.76469 5.77 5.77 5.77 5.77 5.77 5.77 5.77 5.77 5.77 5.77 5.77 5.77 5.77
5.76997 5.76997 5.76998 5.77 5.76996 5.76977 5.76914 8.15789 11.5381 5.76885 5.77 5.77 5.77 5.76982 5.76962 8.16002 5.76931 5.76978 5.76955 5.7685 5.76772 5.7683 5.76538 8.15596 13.9272 11.5358 5.76749 5.7697 5.77 5.77 5.77 5.77 5.77 5.77 5.77 5.77 5.76864 8.15679 5.76444 5.68116 5.5657 7.67408 13.4733 15.6375 18.9718 20.9565 23.3379 29.3047 31.9313 37.831 39.0908 33.168 27.2546 21.3053 15.3195 9.40031 5.17904 5.77 5.77 5.77 5.77 5.77 5.77 5.77 5.77 5.68639 8.13679 5.73563 5.76818 5.77 5.77 5.77 5.77 5.77 5.77 5.77 5.77 5.77 5.77 5.67493 5.66066 5.53256
5.76998 8.16002 5.76998 5.77 5.77 5.77 5.76993 5.76958 5.76928 5.76946 5.77 5.77 5.7698 5.76968 8.16002 5.76939 5.76962 5.76907 5.76461 8.14879 8.14561 6.14104 8.15106 13.9248 11.5371 13.9253 8.15407 5.76918 5.77 5.77 5.77 5.77 5.77 5.77 5.77 5.77 5.76906 5.76477 8.12449 11.4737 7.66966 13.3886 15.6199 21.4699 23.8128 26.8472 29.2106 31.5861 37.5189 39.659 39.0203 33.1017 27.1866 21.2353 15.248 9.3322 5.15646 5.77 5.77 5.77 5.77 5.77 5.77 5.77 5.77 5.68494 5.71548 5.75482 5.77 5.77 5.77 5.77 5.77 5.77 5.77 5.77 5.77 5.77 5.77 5.51022 7.68971 5.23699
5.76999 5.76999 5.76999 5.77 5.77 5.77 5.77 5.77 5.77 5.77 5.77 5.77 5.76956 8.15964 5.76932 5.76983 5.76847 6.14807 8.13918 13.9126 13.9119 11.9125 13.9222 8.15121 8.15618 8.15701 11.5386 5.7687 5.76948 5.77 5.77 5.77 5.77 5.77 5.77 5.77 5.77 5.75362 5.62416 11.3728 15.1342 15.5746 21.4273 23.8264 29.6514 31.8878 35.0686 37.4735 39.9079 44.7918 38.9211 33.021 27.1079 21.1592 15.1736 9.26691 5.13194 5.77 5.77 5.77 5.77 5.77 5.77 5.77 5.77 5.77 5.77 5.77 5.77 5.77 5.77 5.77 5.77 5.77 5.77 5.77 5.77 5.77 5.77 5.43587 10.9366 5.02886
5.77 5.77 5.77 5.76999 5.76996 5.76992 5.76993 5.76999 5.77 5.77 5.77 5.77 5.76932 8.2652 5.76925 5.77 5.76687 11.5323 13.913 16.302 19.6851 17.2851 11.5121 8.15066 8.15856 7.98539 10.8129 8.1588 5.76932 5.77 5.77 5.77 5.77 5.77 5.77 5.77 5.76175 5.6664 7.80308 13.5607 19.4109 23.2214 23.7728 29.628 31.9817 37.723 40.1328 43.2755 45.7241 44.719 38.8135 32.9324 27.0235 21.0794 15.0979 9.20128 5.11164 5.77 5.77 5.77 5.77 5.77 5.77 5.77 5.77 5.77 5.77 5.77 5.77 5.77 5.77 5.77 5.77 5.77 5.77 5.77 5.77 5.77 5.77 5.55622 7.6753 5.26931
5.77 5.77 5.76999 5.76993 8.15978 8.15959 6.15933 5.76974 5.77 5.77 5.77 5.77 5.76955 8.15937 5.76939 5.77 5.7676 8.14155 13.9101 19.6798 24.4669 19.6608 13.9032 8.14765 13.9224 8.15803 5.7669 8.15965 5.76916 5.77 5.77 5.77 5.77 5.77 5.77 5.76458 5.69685 7.89738 13.6138 15.7975 21.6293 27.4648 31.2803 31.9798 37.7566 40.2124 45.9349 48.3509 50.4799 44.6126 38.7402 32.8637 26.9596 21.0201 15.0426 9.15401 5.0996 5.77 5.77 5.77 5.77 5.77 5.77 5.77 5.77 5.77 5.77 5.77 5.53978 5.41952 5.08712 5.28969 5.61636 5.72177 5.77 5.77 5.77 5.77 5.77 5.69567 5.72466 5.59487
5.77 5.76999 5.76994 8.15975 13.9298 13.9297 11.5392 5.76957 5.77 5.77 5.77 5.76998 5.76971 5.76997 5.76964 5.77 5.76869 5.75641 11.5126 17.2884 23.0636 22.0505 16.3022 13.9203 11.5362 5.76761 5.76983 5.7699 5.76956 5.77 5.77 5.77 5.77 5.77 5.76707 5.7253 7.98525 13.7047 15.9357 21.6583 23.9873 29.8046 35.6227 39.4421 40.0515 45.9081 48.4192 54.1611 50.4266 44.5584 38.7076 32.837 26.9364 20.9996 15.0245 9.13801 5.09682 5.77 5.77 5.77 5.77 5.77 5.77 5.77 5.77 5.77 5.77 5.77 5.40517 9.45444 10.7051 5.70578 6.1792 4.99725 5.47911 5.70373 5.77 5.77 5.73878 5.41755 6.99412 6.85587
5.77 5.76999 8.15984 13.9298 16.3198 17.3095 11.5393 5.76956 5.77 5.77 5.77 5.76997 6.15874 8.15823 5.76788 5.76675 5.76262 8.13172 13.9045 19.6791 25.4537 24.2405 19.6765 13.9118 8.14982 5.76876 5.77 5.77 5.77 5.77 5.77 5.77 5.77 5.76855 5.74728 8.06269 13.7918 16.0751 21.7766 24.1204 29.8435 32.1836 37.9272 43.7253 47.6102 48.3037 54.1607 56.2878 50.4265 44.5842 38.7384 32.8691 26.9698 21.035 15.06 9.16871 5.10198 5.77 5.77 5.77 5.77 5.77 5.77 5.77 5.77 5.77 5.77 5.77 5.51323 6.86268 10.2023 10.2888 10.5538 10.7098 6.76939 4.90809 5.7252 5.76054 5.33095 6.8447 12.8345 9.94903
5.77 5.76998 5.76988 11.5397 17.3098 17.3095 11.5394 5.76962 5.76989 5.77 5.77 5.76999 5.76893 11.5384 8.15485 11.5357 8.14555 13.9074 16.2961 22.0699 27.8439 23.0576 17.2858 11.5138 5.7653 5.76974 5.77 5.77 5.77 5.77 5.77 5.77 5.77 5.76431 8.12177 13.8572 16.2005 21.8981 24.2565 29.9551 32.3078 38.0287 40.3869 46.1206 51.935 54.1846 53.6283 51.1659 48.7927 44.6741 38.8395 32.9644 27.0654 21.1284 15.1559 9.25283 5.11581 5.77 5.77 5.77 5.77 5.77 5.77 5.77 5.77 5.77 5.77 5.77 5.72379 5.50454 5.05529 4.93542 4.70386 6.41322 11.7364 4.62986 4.52193 4.30609 4.11889 10.9957 15.3682 9.02669
5.77 5.76997 8.15988 11.5399 11.5397 13.9298 13.9295 8.15932 5.76978 5.76993 5.77 5.77 5.76919 11.5387 11.5368 13.9238 13.9208 16.3087 22.0722 24.462 28.8258 23.0546 17.2832 11.5114 5.76674 5.77 5.77 5.77 5.77 5.77 5.77 5.77 5.77 5.76392 8.10055 13.8479 19.6024 24.3373 30.0758 32.4417 38.1343 40.4706 46.2159 48.5964 54.3787 53.6075 47.6382 45.2054 42.8771 40.5768 38.2323 33.1252 27.2326 21.2865 15.3153 9.39706 5.13834 5.77 5.77 5.77 5.77 5.77 5.77 5.77 5.77 5.77 5.77 5.66049 5.70561 5.70979 5.77 5.77 5.67968 4.20629 8.51426 10.6983 7.85771 5.9226 9.3842 13.4559 17.1997 10.792
5.77 5.76997 8.15994 5.76992 5.76987 8.15969 13.9298 11.5397 8.1597 5.76992 5.77 5.77 5.76959 8.1582 5.7666 8.15021 13.9202 16.3094 19.6749 22.0661 24.4596 23.0651 17.2931 11.5216 5.76612 5.76885 5.76913 5.77 5.77 5.77 5.77 5.77 5.77 5.76802 5.71314 11.3993 16.1235 21.8785 27.6507 33.431 39.2033 44.9521 48.6747 54.4386 53.8386 47.8988 45.2293 39.2472 36.8838 34.6128 32.3343 29.9917 27.4384 21.5363 15.5366 9.594 5.16737 5.77 5.77 5.77 5.77 5.77 5.77 5.77 5.77 5.77 5.77 5.4071 7.641 5.34237 5.59153 5.6712 5.23261 3.52401 8.43101 15.2205 14.4868 13.992 16.2425 19.1657 18.7485 12.4358
5.77 5.76998 5.76998 5.76999 5.76999 5.76993 8.15986 5.76984 5.7699 5.76996 5.77 5.76996 5.76992 5.76991 5.76958 5.7668 8.14735 11.5209 13.9007 16.2929 22.0677 25.4555 19.6846 13.9211 8.15223 11.538 5.7691 5.77 5.77 5.77 5.77 5.77 5.77 5.77 5.74292 7.96906 13.6603 19.4315 25.211 30.9905 36.741 42.5203 48.3266 51.417 48.9636 45.5063 39.5518 36.9009 30.862 28.5541 26.3306 24.0434 21.9472 21.8112 15.8113 9.82843 5.19722 5.77 5.77 5.77 5.77 5.77 5.77 5.77 5.77 5.77 5.77 5.30649 11.0646 7.026 6.21678 4.08264 3.24286 8.15171 8.98202 16.1494 21.2334 15.8668 13.6062 14.7156 14.5336 11.9835
5.77 5.77 5.77 5.77 5.77 5.76999 5.76999 5.76999 5.77 5.77 5.77 5.76996 8.15997 5.76995 5.76995 5.76965 5.76787 5.75886 8.12186 13.9015 19.6674 19.6887 17.3036 16.3145 13.9249 11.5379 5.76866 5.77 5.77 5.77 5.77 5.77 5.77 5.77 5.7645 5.6464 11.2263 17.01 22.7949 28.5822 34.3323 40.1316 45.9389 45.5878 43.104 40.6861 37.2203 31.1959 28.5616 22.4609 20.196 17.9879 15.9263 18.6635 16.1165 10.0856 5.22026 5.77 5.77 5.77 5.77 5.77 5.77 5.77 5.77 5.77 5.77 5.47325 7.25279 13.0266 11.6103 8.30778 7.62669 7.31532 14.2458 19.0963 18.481 11.962 8.22232 9.17005 9.70694 10.6026
5.77 5.77 5.77 5.77 5.77 5.77 5.77 5.77 5.76997 5.7699 5.76985 5.76991 5.76963 8.15956 5.76765 5.76674 5.76599 5.76107 5.74681 11.4879 16.3085 13.9222 13.9261 13.9286 13.684 11.5364 5.76732 5.76909 5.76946 5.76957 5.77 5.77 5.77 5.77 5.77 5.6843 11.3015 17.0859 22.8682 28.6558 34.4259 40.2194 44.5443 39.7407 37.2502 34.8048 32.408 28.9205 22.8255 20.2098 14.024 11.7849 9.78107 12.9339 15.6235 10.3773 5.23264 5.77 5.77 5.77 5.77 5.77 5.77 5.77 5.77 5.77 5.77 5.70452 5.1775 10.0733 16.2852 15.5029 14.84 14.165 17.01 21.7498 13.8821 8.29601 9.91043 10.6145 11.0038 11.2653
5.77 5.77 5.77 5.77 5.77 5.77 5.77 5.77 5.7699 8.1597 8.15943 6.15883 8.15854 13.9245 8.15145 11.5341 8.13664 11.5263 8.10562 13.8883 13.9269 13.9291 13.93 13.93 13.4885 9.9338 7.00396 8.40782 8.15885 5.76982 5.77 5.77 5.77 5.77 5.77 5.7141 11.3868 16.1219 21.9026 27.6872 33.4529 39.2551 39.9395 36.2098 31.3797 28.908 26.4854 24.1203 20.6212 14.4432 11.8652 5.88261 4.81393 7.00399 13.2273 10.722 5.23517 5.77 5.77 5.77 5.77 5.77 5.77 5.77 5.77 5.77 5.77 5.77 5.47321 10.3868 11.0052 12.7561 18.7868 21.1272 23.6332 18.0088 10.2564 8.07208 10.61 11.143 11.4582 5.53418
5.77 5.77 5.77 5.77 5.77 5.77 5.77 5.77 5.76988 8.15956 11.5396 11.9293 13.929 16.3149 13.9243 16.3039 16.0812 16.2816 17.0253 16.2838 13.9186 13.93 13.93 13.93 13.9298 13.9292 12.7755 11.5364 5.76641 5.7679 5.76911 5.76924 5.77 5.77 5.77 5.74593 8.01273 13.7437 19.529 25.3135 31.094 36.8956 37.5619 31.617 27.8721 22.9815 20.5292 18.1527 16.1023 12.4009 6.34375 5.25522 5.69408 5.53347 7.66182 11.0512 5.2347 5.77 5.77 5.77 5.77 5.77 5.77 5.77 5.77 5.77 5.77 5.77 5.69755 4.86396 4.35214 9.40396 15.6307 22.0402 27.7928 20.719 13.6788 7.9689 10.0955 11.2637 10.2586 4.68455
5.77 5.77 5.77 5.77 5.77 5.77 5.77 5.77 5.76993 5.7698 5.76961 8.15904 11.539 11.5354 13.9212 16.3109 21.8529 23.8544 22.7989 19.6698 13.9052 13.928 13.93 13.93 13.93 13.9299 13.9297 13.9212 8.15135 11.5376 8.15492 5.76783 5.77 5.77 5.77 5.76562 5.69322 11.3716 17.1592 22.9462 28.7325 34.5348 35.1858 29.2779 23.2846 19.4821 14.5255 12.1328 10.1788 10.8512 5.20871 5.72778 5.77 5.74382 5.54948 11.1291 5.23603 5.77 5.77 5.77 5.77 5.77 5.77 5.77 5.77 5.77 5.77 5.77 5.77 5.7526 4.54754 7.73791 13.9682 20.2596 26.6815 24.0254 17.446 14.0541 9.35892 10.2713 10.4817 7.26562
5.77 5.77 5.77 5.77 5.77 5.77 5.77 5.77 5.77 5.77 5.76991 5.76974 5.76916 5.76612 8.14732 13.9182 19.6902 25.4584 27.8372 22.0633 16.2893 13.9207 13.93 13.93 13.93 13.93 13.9292 13.911 11.5392 13.9294 11.5343 5.76539 5.77 5.77 5.77 5.77 5.7266 11.4257 17.2098 22.9932 28.7757 34.5697 32.7987 26.9397 20.9916 14.8945 11.0839 6.33184 5.05258 7.79123 5.64034 5.77 5.77 5.77 5.62241 11.146 5.23512 5.77 5.77 5.77 5.77 5.77 5.77 5.77 5.77 5.77 5.77 5.77 5.75955 5.69385 4.97376 9.29185 15.3848 21.5097 27.5731 26.5808 23.5126 18.0378 13.8852 12.8835 10.5553 5.19715
5.77 5.77 5.77 5.77 5.77 5.77 5.77 5.77 5.77 5.77 5.77 5.77 5.77 5.76965 5.76512 11.5301 17.3007 19.6853 22.0762 23.0577 17.2822 13.9178 13.93 13.93 13.93 13.9294 13.9215 11.537 11.5388 11.5389 11.5313 5.76253 5.77 5.77 5.77 5.77 5.74045 11.4581 17.2385 23.0181 28.7967 34.5821 30.4072 24.5799 18.6939 12.668 6.6702 5.38466 5.70122 5.73964 5.7399 5.77 5.77 5.76602 5.65562 11.1759 5.32585 5.77 5.77 5.77 5.77 5.77 5.77 5.77 5.77 5.77 5.77 5.77 5.75677 8.0665 7.19219 12.7019 18.1764 24.1806 23.215 20.4695 17.9839 15.7259 16.4282 16.011 9.75557 5.33863
5.77 5.77 5.77 5.77 5.77 5.77 5.77 5.77 5.77 5.77 5.77 5.77 5.77 5.77 5.76841 11.5363 11.5286 13.9119 16.302 20.0868 19.6835 13.9175 13.93 13.93 13.9288 13.9269 11.5368 11.5386 11.54 11.54 11.5265 5.75966 5.77 5.77 5.77 5.77 5.74779 11.4733 17.2509 23.0284 28.8048 32.5921 28.4068 22.5899 16.7451 10.8188 5.33162 5.74173 5.77 5.77 5.77 5.77 5.77 5.76545 6.02099 5.65151 5.49836 5.77 5.77 5.77 5.77 5.77 5.77 5.77 5.77 5.77 5.77 5.77 5.7626 5.51485 10.8428 15.4641 21.229 23.5516 20.7398 14.4794 11.8729 9.50359 10.1933 13.3097 10.1376 5.39051
5.77 5.77 5.77 5.77 5.77 5.77 5.77 5.77 5.77 5.77 5.77 5.77 5.77 5.77 5.7697 5.76814 5.76263 8.13954 11.9201 17.6965 16.3046 13.9196 13.93 13.9283 13.9246 11.5356 11.5383 11.54 11.5378 11.5367 11.52 5.7562 5.77 5.77 5.77 5.77 5.75235 11.4873 17.2645 22.0291 24.4171 28.7838 28.5506 22.7546 16.9301 11.0816 5.5926 5.76156 5.77 5.77 5.77 5.77 5.77 5.76581 5.76334 5.75967 5.77 5.77 5.77 5.77 5.77 5.77 5.77 5.77 5.77 5.77 5.77 5.77 5.75344 5.45824 10.564 16.4643 22.4349 21.0407 14.9411 12.2184 6.07997 4.99137 5.21118 7.41052 10.6392 5.54073
5.77 5.77 5.77 5.77 5.77 5.77 5.77 5.77 5.77 5.77 5.76999 5.76995 5.76993 5.76994 5.77 5.77 5.76939 5.76386 9.53544 15.3104 13.9235 13.9264 13.9268 13.9026 11.5346 11.5378 11.54 11.54 11.5354 13.93 11.5108 5.75218 5.77 5.77 5.77 5.77 5.75951 11.5022 13.8608 16.2445 22.0276 23.0016 25.3981 25.1712 19.3725 13.6012 7.79942 5.72721 5.77 5.77 5.77 5.77 5.77 5.77 5.77 5.77 5.77 5.77 5.77 5.77 5.77 5.77 5.77 5.77 5.77 5.77 5.77 5.76304 5.63983 7.48536 13.1462 18.929 23.5222 18.531 12.4616 6.55108 5.35087 5.73472 5.74393 5.61448 8.03896 5.6975
5.77 5.77 5.77 5.77 5.77 5.77 5.77 5.77 5.77 5.77 5.76992 6.15956 8.15954 5.76968 5.7699 5.77 5.77 5.76844 8.15003 13.9225 13.9285 13.9279 11.5348 11.5363 11.5374 11.54 11.54 11.54 11.5374 11.5328 11.4984 5.72098 5.77 5.77 5.77 5.77 5.76541 5.74547 8.07793 13.8564 16.2531 17.2217 19.612 22.018 21.8461 16.0463 11.284 5.69335 5.77 5.77 5.77 5.77 5.77 5.77 5.77 5.77 5.77 5.77 5.77 5.77 5.77 5.77 5.77 5.77 5.77 5.77 5.77 5.73684 7.92285 13.4367 15.7788 21.5554 21.0327 14.9458 10.2381 5.24491 5.73733 5.77 5.77 5.75651 5.74613 8.06496
5.77 5.77 5.77 5.77 5.77 5.77 5.77 5.77 5.77 5.77 5.7699 11.5397 13.9297 8.15981 5.76987 5.77 5.77 5.76969 5.76537 11.5326 13.927 11.5373 11.5378 11.54 11.54 11.54 11.54 11.54 11.54 11.536 11.4178 5.69476 5.76505 5.77 5.77 5.77 5.77 5.76723 5.74751 8.08413 13.8657 11.436 13.8257 16.2302 19.315 17.1644 11.3574 5.69629 5.77 5.77 5.77 5.77 5.77 5.77 5.77 5.77 5.77 5.77 5.77 5.77 5.77 5.77 5.77 5.77 5.77 5.77 5.76405 5.68409 11.2969 16.0972 21.7002 23.9776 18.5767 12.5474 6.68136 5.61736 5.77 5.77 5.77 5.77 5.76608 5.76184
5.77 5.77 5.77 5.77 5.77 5.77 5.77 5.77 5.77 5.77 5.76993 8.15964 13.7253 8.15975 5.76993 5.77 5.77 5.77 5.76699 11.535 11.5388 11.5382 11.54 11.54 11.54 11.54 11.54 11.54 11.5346 11.48 13.8403 8.01497 5.74927 5.77 5.77 5.77 5.77 5.76471 5.76289 5.75712 8.10631 5.71605 8.04841 11.1213 16.253 16.2234 11.3911 5.72216 5.77 5.77 5.77 5.77 5.77 5.77 5.77 5.77 5.77 5.77 5.77 5.77 5.77 5.77 5.77 5.77 5.77 5.77 5.74434 7.96552 13.7333 19.529 22.8064 21.5482 15.6366 10.5719 5.39761 5.74705 5.77 5.77 5.77 5.77 5.77 5.76965
5.77 5.77 5.77 5.77 5.77 5.77 5.77 5.77 5.77 5.77 5.76998 5.76989 8.1598 5.76991 5.76998 5.77 5.77 5.77 5.7676 11.5364 11.54 11.54 11.54 11.54 11.54 11.54 11.54 11.5349 11.4921 13.8908 16.2334 11.432 5.73565 5.77 5.77 5.77 5.77 5.75638 10.8266 5.75631 5.76554 5.76367 5.74383 8.06596 13.8604 13.8309 8.03682 5.7539 5.77 5.77 5.77 5.77 5.77 5.77 5.77 5.77 5.77 5.77 5.77 5.77 5.77 5.77 5.77 5.77 5.77 5.77 5.72321 11.3814 16.1789 19.422 16.9772 15.9693 13.2899 7.42426 5.68123 5.77 5.77 5.77 5.77 5.77 5.77 5.77
5.77 5.77 5.77 5.77 5.77 5.77 5.77 5.77 5.77 5.77 5.77 5.76998 5.76997 5.76996 5.76997 5.76995 5.7699 5.76962 5.76686 11.5365 11.54 11.54 11.54 11.54 11.54 11.54 11.54 11.5195 13.8839 16.2767 17.226 11.4215 5.71455 5.76492 5.77 5.77 5.76731 5.7529 11.5194 5.74803 5.77 5.77 5.76581 5.73573 11.4975 11.4739 5.73507 5.76735 5.77 5.77 5.77 5.77 5.77 5.77 5.77 5.77 5.77 5.77 5.77 5.77 5.77 5.77 5.77 5.77 5.77 5.77 5.72315 11.3951 16.0695 13.6187 11.1433 11.2139 7.77182 5.6517 5.75642 5.77 5.77 5.77 5.77 5.77 5.77 5.77
5.77 5.77 5.77 5.77 5.77 5.77 5.77 5.77 5.77 5.77 5.77 5.77 5.76997 5.76972 6.15897 6.15849 6.15834 6.15534 8.15445 11.5384 11.54 11.54 11.54 11.54 11.54 11.54 11.5352 11.5018 16.2639 22.0466 19.6079 13.8043 8.01947 5.73123 5.76005 5.76637 5.76395 8.1524 8.11927 5.7564 5.77 5.77 5.77 5.75557 11.5206 8.0824 5.75923 5.77 5.77 5.77 5.77 5.77 5.77 5.77 5.77 5.77 5.77 5.77 5.77 5.77 5.77 5.77 5.77 5.77 5.77 5.77 5.73023 11.4497 13.6797 7.80484 5.63615 5.68645 5.72842 5.76222 5.77 5.77 5.77 5.77 5.77 5.77 5.77 5.77
5.77 5.77 5.77 5.77 5.77 5.77 5.77 5.77 5.77 5.77 5.77 5.76997 5.76972 8.15884 11.9287 11.9285 11.9281 11.9268 13.9266 11.5396 11.54 11.54 11.54 11.54 11.54 11.5357 11.506 13.8501 19.6326 24.4381 21.9882 16.1909 13.8092 8.05754 8.11648 6.13016 8.15312 8.1534 5.7628 5.76773 5.77 5.77 5.76713 5.76416 8.12104 5.75668 5.76802 5.77 5.77 5.77 5.77 5.77 5.77 5.77 5.77 5.77 5.77 5.77 5.77 5.77 5.77 5.77 5.77 5.77 5.77 5.77 5.74222 11.4955 11.4473 5.686 5.76206 5.77 5.77 5.77 5.77 5.77 5.77 5.77 5.77 5.77 5.77 5.77
5.77 5.77 5.77 5.77 5.77 5.77 5.77 5.77 5.77 5.77 5.77 5.76991 8.15932 13.929 16.3192 17.699 16.3196 13.9293 11.5393 11.5398 11.54 11.54 11.54 11.54 11.54 11.5175 13.8679 16.2217 22.0073 27.7995 24.3773 21.9774 16.2255 13.8455 13.8963 11.9077 11.5309 5.76359 5.76904 5.76987 5.76951 5.76797 5.76686 8.14263 5.76617 5.76875 5.77 5.77 5.77 5.77 5.77 5.77 5.77 5.77 5.77 5.77 5.77 5.77 5.77 5.77 5.77 5.77 5.77 5.77 5.77 5.76668 5.75144 11.5181 8.05759 5.75415 5.77 5.77 5.77 5.77 5.77 5.77 5.77 5.77 5.77 5.77 5.77 5.77
5.77 5.77 5.77 5.77 5.77 5.77 5.77 5.77 5.77 5.77 5.77 5.7699 8.15944 13.9287 16.3188 16.3195 13.9286 11.5389 11.5397 11.54 11.54 11.54 11.54 11.54 11.5367 11.496 16.231 22.0033 24.3945 30.1854 30.154 24.4026 22.0171 19.6364 16.2674 13.8803 8.13875 5.76599 5.77 5.76977 6.15254 6.15475 8.14429 5.76687 5.76905 5.77 5.77 5.77 5.77 5.77 5.77 5.77 5.77 5.77 5.77 5.77 5.77 5.77 5.77 5.77 5.77 5.77 5.77 5.77 5.77 5.7652 8.14293 8.10609 5.75256 5.76727 5.77 5.77 5.77 5.77 5.77 5.77 5.77 5.77 5.77 5.77 5.77 5.77
5.77 5.77 5.77 5.77 5.77 5.77 5.77 5.77 5.77 5.77 5.77 5.76996 5.7696 8.15797 13.9286 13.9291 11.539 11.5397 11.54 11.54 11.54 11.54 11.54 11.5383 11.5112 13.8636 19.6234 24.3965 30.1734 32.5759 32.5791 30.0957 24.3392 19.6061 13.8501 8.07627 5.75324 5.76847 5.77 5.76865 5.76716 8.14448 5.76632 5.76897 5.77 5.77 5.77 5.77 5.77 5.77 5.77 5.77 5.77 5.77 5.77 5.77 5.76887 5.76811 5.76777 5.77 5.77 5.77 5.77 5.77 5.77 5.76631 5.76317 5.76364 5.76809 5.77 5.77 5.77 5.77 5.77 5.77 5.77 5.77 5.77 5.77 5.77 5.77 5.77
