tests/full-run-ref/erosion_83_12_73.250.asc
ncols 512
nrows 512
xllcorner -3.24582
yllcorner -4.08743
cellsize 5
NODATA_value -99999
[rows 198 to 230 of 512, columns 0 to 73 of 512]
10.77 5.77004 5.77009 5.77009 5.77004 5.77005 5.77004 5 5.77005 4.99999 5.77004 5 5.77004 5 5.77004 5.77006 5.77004 5.7701 5.7701 5.77011 5.77011 5.77011 5.77011 5.77011 5.77011 5 5.77011 5 5.77011 5.77011 5.77011 5.77011 5 5.77011 5.77011 5.77011 5.77011 5.77011 5.77011 5.77011 5.77011 5.77011 5.77011 5.77011 5.77011 5.77011 5.77011 5.77011 5.77011 5.77011 5.77011 5.77011 5.77011 5.77011 5.77011 5 5.77011 5.77011 5.77011 5.77011 5 5.77011 5 5.77011 5.77011 5.77009 5.77009 5.77009 5.77009 5.77009 5.77009 5.77009 5.77009 5.77009
10.77 5 5.77009 5 5.77009 5.77007 5.77004 5.77004 5.77004 5.77004 5.77004 5.77004 5.77002 5.77002 5.77003 4.99999 5.77003 5.77007 5 5.77011 5 5.77011 5 5.77011 5.77011 5.77011 5.77011 5.77011 5.77011 5 5.77011 5.77011 5.77011 5.77011 5 5.77011 5 5.77011 5 5.77011 5 5.77011 5 5.77011 5 5.77011 5 5.77011 5 5.77011 5 5.77011 5 5.77011 5.77011 5.77011 5.77011 5 5.77011 5.77011 5.77011 5.77011 5.77011 5.77011 5 5.77009 5 5.77009 5 5.77009 5 5.77009 5 5.77009
13.16 8.15992 5.77004 5.77009 5.77009 4.99999 5.77004 5 5.77004 5 5.77004 5 5.77001 5.77009 5.77006 5.77008 5.77006 5.7701 5.7701 5.77011 5.77011 5.77011 5.77011 5.77011 5 5.77011 5 5.77011 5.77011 5.77011 5.77011 5 5.77011 5.77011 5.77011 5.77011 5.77011 5.77011 5.77011 5.77011 5.77011 5.77011 5.77011 5.77011 5.77011 5.77011 5.77011 5.77011 5.77011 5.77011 5.77011 5.77011 5.77011 5.77011 5 5.77011 5.77011 5.77011 5.77011 5 5.77011 5 5.77011 5.77009 5.77009 5.77009 5.77009 5.77009 5.77009 5.77009 5.77009 5.77009 5.77009 5.77009
13.16 8.15992 5 5.77005 5.77009 5.77006 5.77004 5.77004 5.77005 5.77004 5.77004 5.77004 5.77001 5.77001 5.77003 5.77004 5.77008 4.99999 5.7701 5 5.77011 5 5.77011 5.77011 5.77011 5.77011 5.77011 5.77011 5 5.77011 5.77011 5.77011 5.77011 5 5.77011 5 5.77011 5 5.77011 5 5.77011 5 5.77011 5 5.77011 5 5.77011 5 5.77011 5 5.77011 5 5.77011 5.77011 5.77011 5.77011 5 5.77011 5.77011 5.77011 5.77011 5.77011 5.77009 5 5.77009 5 5.77009 5 5.77009 5 5.77009 5 5.77009 5
10.77 5.77004 5.77009 5.77009 5.77009 4.99999 5.77004 5.77002 5.77002 5.77001 5.77001 4.99997 5.77003 4.99999 5.77007 5 5.77004 5.77009 5.77009 5.77011 5.77011 5.77011 5.77011 5 5.77011 5 5.77011 5.77011 5.77011 5.77011 5 5.77011 5.77011 5.77011 5.77011 5.77011 5.77011 5.77011 5.77011 5.77011 5.77011 5.77011 5.77011 5.77011 5.77011 5.77011 5.77011 5.77011 5.77011 5.77011 5.77011 5.77011 5.77011 5 5.77011 5.77011 5.77011 5.77011 5 5.77011 5 5.77011 5.77009 5.77009 5.77009 5.77009 5.77009 5.77009 5.77009 5.77009 5.77009 5.77009 5.77009 5.77009
10.77 5 5.77009 5 5.77009 5.77007 5.77009 5 5.77009 5 5.77009 5.77003 5.77007 5.77004 5.77004 5.77004 5.77005 4.99999 5.77009 5 5.77011 5 5.77011 5.77011 5.77011 5.77011 5.77011 5 5.77011 5.77011 5.77011 5.77011 5 5.77011 5 5.77011 5 5.77011 5 5.77011 5 5.77011 5 5.77011 5 5.77011 5 5.77011 5 5.77011 5 5.77011 5.77011 5.77011 5.77011 5 5.77011 5.77011 5.77011 5.77011 5.77011 5.77009 5 5.77009 5 5.77009 5 5.77009 5 5.77009 5 5.77009 5 5.77009
10.77 5.77004 5.77009 5.77009 5.77009 5.77003 5.77003 5.77002 5.77002 5.77 5.76999 4.99996 5.77002 4.99999 5.77007 5 5.77009 5.7701 5.7701 5.77011 5.77011 5.77011 5.77011 5 5.77011 5 5.77011 5.77011 5.77011 5 5.77011 5.77011 5.77011 5.77011 5.77011 5.77011 5.77011 5.77011 5.77011 5.77011 5.77011 5.77011 5.77011 5.77011 5.77011 5.77011 5.77011 5.77011 5.77011 5.77011 5.77011 5.77011 5 5.77011 5.77011 5.77011 5.77011 5 5.77011 5 5.77011 5.77009 5.77009 5.77009 5.77009 5.77009 5.77009 5.77009 5.77009 5.77009 5.77009 5.77009 5.77009 5.77009
10.77 5 5.77009 5.77009 5.77009 5 5.77004 5 5.77004 5 5.77004 5.77004 5.77004 5.77003 5.77004 5.77004 5.77005 5 5.7701 5 5.77011 5 5.77011 5.77011 5.77011 5.77011 5.77011 5 5.77011 5.77011 5.77011 5 5.77011 5 5.77011 5 5.77011 5 5.77011 5 5.77011 5 5.77011 5 5.77011 5 5.77011 5 5.77011 5 5.77011 5.77011 5.77011 5.77011 5 5.77011 5.77011 5.77011 5.77011 5.77011 5.77009 5 5.77009 5 5.77009 5 5.77009 5 5.77009 5 5.77009 5 5.77009 5
10.77 5.77004 5.77009 5.77009 5.77002 5.77003 5.77006 5.77003 5.77004 5.77003 5.77004 5 5.77005 4.99999 5.77004 5 5.77008 5.7701 5.7701 5.77011 5.77011 5.77011 5.77011 5 5.77011 5 5.77011 5.77011 5.77011 5 5.77011 5.77011 5.77011 5.77011 5.77011 5.77011 5.77011 5.77011 5.77011 5.77011 5.77011 5.77011 5.77011 5.77011 5.77011 5.77011 5.77011 5.77011 5.77011 5.77011 5.77011 5 5.77011 5.77011 5.77011 5.77011 5 5.77011 5 5.77011 5.77009 5.77009 5.77009 5.77009 5.77009 5.77009 5.77009 5.77009 5.77009 5.77009 5.77009 5.77009 5.77009 5.77009
10.77 5 5.77009 5.77006 5.77009 5.77007 5.77009 5 5.77007 4.99999 5.77005 5.77004 5.77004 5.77004 5.77004 5.77006 5.77003 5.77006 4.99999 5.7701 5 5.77011 5.77011 5.77011 5.77011 5.77011 5.77011 5 5.77011 5.77011 5.77011 5 5.77011 5 5.77011 5 5.77011 5 5.77011 5 5.77011 5 5.77011 5 5.77011 5 5.77011 5 5.77011 5 5.77011 5.77011 5.77011 5 5.77011 5.77011 5.77011 5.77011 5.77011 5.77009 5 5.77009 5 5.77009 5 5.77009 5 5.77009 5 5.77009 5 5.77009 5 5.77009
10.77 5.77004 5.77004 5.77009 5.77009 4.99999 5.77004 5.77004 5.77004 5.77003 5.77004 4.99999 5.77004 5 5.77004 5 5.77005 5.77008 5.77009 5.77011 5.77011 5.77011 5 5.77011 5 5.77011 5.77011 5.77011 5.77011 5 5.77011 5.77011 5.77011 5.77011 5.77011 5.77011 5.77011 5.77011 5.77011 5.77011 5.77011 5.77011 5.77011 5.77011 5.77011 5.77011 5.77011 5.77011 5.77011 5.77011 5.77011 5 5.77011 5.77011 5.77011 5 5.77011 5 5.77011 5.77009 5.77009 5.77009 5.77009 5.77009 5.77009 5.77009 5.77009 5.77009 5.77009 5.77009 5.77009 5.77009 5.77009 5.77009
13.16 8.15983 5.77004 5.77009 5.77009 5.77008 5.77005 5.77009 5 5.77004 5.77004 5.77004 5.77004 5.77004 5.77004 5.77004 5.77004 4.99999 5.77008 5 5.77011 5.77011 5.77011 5.77011 5.77011 5.77011 5 5.77011 5.77011 5.77011 5.77011 5 5.77011 5 5.77011 5 5.77011 5 5.77011 5 5.77011 5 5.77011 5 5.77011 5 5.77011 5 5.77011 5 5.77011 5.77011 5.77011 5 5.77011 5.77011 5.77011 5.77011 5.77009 5 5.77009 5 5.77009 5 5.77009 5 5.77009 5 5.77009 5 5.77009 5 5.77009 5
10.77 5 5.77004 5.77009 5 5.77009 4.99999 5.77003 5.77 5.77004 5 5.77004 5 5.77004 5 5.77004 5.77004 5.77005 5.77008 5.7701 5.77011 5 5.77011 5 5.77011 5.77011 5.77011 5.77011 5 5.77011 5.77011 5.77011 5.77011 5.77011 5.77011 5.77011 5.77011 5.77011 5.77011 5.77011 5.77011 5.77011 5.77011 5.77011 5.77011 5.77011 5.77011 5.77011 5.77011 5.77011 5.77011 5 5.77011 5.77011 5.77011 5 5.77011 5 5.77011 5.77009 5.77009 5.77009 5.77009 5.77009 5.77009 5.77009 5.77009 5.77009 5.77009 5.77009 5.77009 5.77009 5.77009 5.77009
11.54 5.77 5.77009 5.77009 5.77007 5.77004 5.77008 5.77009 5.77008 5.77004 5.77004 5.77003 5.77003 5.77004 5.77004 5.77005 5 5.77004 4.99999 5.77008 5.77011 5.77011 5.77011 5.77011 5.77011 5 5.77011 5.77011 5.77011 5.77011 5 5.77011 5 5.77011 5 5.77011 5 5.77011 5 5.77011 5 5.77011 5 5.77011 5 5.77011 5 5.77011 5 5.77011 5.77011 5.77011 5.77011 5 5.77011 5.77011 5.77011 5.77011 5.77009 5 5.77009 5 5.77009 5 5.77009 5 5.77009 5 5.77009 5 5.77009 5 5.77009 5
10.77 5 5.77009 4.99999 5.77005 5.77009 4.99995 5.77003 4.99999 5.77008 5 5.77008 4.99998 5.77004 5 5.77004 5.77004 5.77005 5.77007 5.77009 5 5.77011 5 5.77011 5.77011 5.77011 5.77011 5 5.77011 5.77011 5.77011 5.77011 5.77011 5.77011 5.77011 5.77011 5.77011 5.77011 5.77011 5.77011 5.77011 5.77011 5.77011 5.77011 5.77011 5.77011 5.77011 5.77011 5.77011 5.77011 5 5.77011 5.77011 5.77011 5.77011 5 5.77011 5 5.77011 5.77009 5.77009 5.77009 5.77009 5.77009 5.77009 5.77009 5.77009 5.77009 5.77009 5.77009 5.77009 5.77009 5.77009 5.77009
11.54 5.77 5.77009 5.77008 5.77004 5.77003 5.77004 5.77004 5.77003 5.77004 5.77004 5.77004 5.77004 5.77004 5.77004 5.77004 4.99999 5.77004 4.99999 5.77008 5.77011 5.77011 5.77011 5.77011 5 5.77011 5.77011 5.77011 5.77011 5 5.77011 5 5.77011 5 5.77011 5 5.77011 5 5.77011 5 5.77011 5 5.77011 5 5.77011 5 5.77011 5 5.77011 5.77011 5.77011 5.77011 5 5.77011 5.77011 5.77011 5.77011 5.77011 5.77009 5 5.77009 5 5.77009 5 5.77009 5 5.77009 5 5.77009 5 5.77009 5 5.77009 5
10.77 5 5.77009 4.99999 5.77009 5.77005 5 5.77004 5 5.77002 5.77007 4.99996 5.77004 4.99999 5.77004 5.77004 5.77007 5.77008 5.77004 5.77009 5 5.77011 5 5.77011 5.77011 5.77011 5 5.77011 5.77011 5.77011 5.77011 5.77011 5.77011 5.77011 5.77011 5.77011 5.77011 5.77011 5.77011 5.77011 5.77011 5.77011 5.77011 5.77011 5.77011 5.77011 5.77011 5.77011 5.77011 5 5.77011 5.77011 5.77011 5.77011 5 5.77011 5 5.77011 5.77009 5.77009 5.77009 5.77009 5.77009 5.77009 5.77009 5.77009 5.77009 5.77009 5.77009 5.77009 5.77009 5.77009 5.77009 5.77009
9.82644 5.77 5.77009 5.77008 5.77003 5.77002 5.77004 5.77004 5.77004 5.77004 5.77002 5.77009 5.77004 5.77002 5.77009 4.99998 5.77005 4.99999 5.7701 5.77011 5.77011 5.77011 5.77011 5.77011 5 5.77011 5.77011 5.77011 5 5.77011 5 5.77011 5 5.77011 5 5.77011 5 5.77011 5 5.77011 5 5.77011 5 5.77011 5 5.77011 5 5.77011 5.77011 5.77011 5.77011 5 5.77011 5.77011 5.77011 5.77011 5.77011 5.77009 5 5.77009 5 5.77009 5 5.77009 5 5.77009 5 5.77009 5 5.77009 5 5.77009 5 5.77009
10.77 5 5.77009 4.99999 5.77009 5.77009 5 5.77004 5 5.77004 4.99999 5.77004 5 5.77002 5.77011 5.77011 5.77011 5.77011 5.77011 5 5.77011 5 5.77011 5.77011 5.77011 5.77011 5 5.77011 5.77011 5.77011 5.77011 5.77011 5.77011 5.77011 5.77011 5.77011 5.77011 5.77011 5.77011 5.77011 5.77011 5.77011 5.77011 5.77011 5.77011 5.77011 5.77011 5.77011 5 5.77011 5.77011 5.77011 5.77011 5 5.77011 5.77011 5.77011 5.77009 5.77009 5.77009 5.77009 5.77009 5.77009 5.77009 5.77009 5.77009 5.77009 5.77009 5.77009 5.77009 5.77009 5.77009 5.77009 5.77009
10.77 5.77 5.77004 5.77009 5.77004 5.77009 5.77003 5.77004 5.77007 5.77004 5.77004 5.77009 5.77006 5.77003 5.77011 5 5.77011 5 5.77011 5.77011 5.77011 5.77011 5.77011 5 5.77011 5.77011 5.77011 5.77011 5 5.77011 5 5.77011 5 5.77011 5 5.77011 5 5.77011 5 5.77011 5 5.77011 5 5.77011 5 5.77011 5 5.77011 5.77011 5.77011 5 5.77011 5.77011 5.77011 5.77011 5 5.77009 5 5.77009 5 5.77009 5 5.77009 5 5.77009 5 5.77009 5 5.77009 5 5.77009 5 5.77009 5
13.16 8.15974 5 5.77009 5.77009 5.77007 5 5.77007 4.99999 5.77004 4.99998 5.77004 4.99999 5.77011 5.77011 5.77011 5.77011 5.77011 5.77011 5 5.77011 5 5.77011 5.77011 5.77011 5 5.77011 5.77011 5.77011 5.77011 5.77011 5.77011 5.77011 5.77011 5.77011 5.77011 5.77011 5.77011 5.77011 5.77011 5.77011 5.77011 5.77011 5.77011 5.77011 5.77011 5.77011 5.77011 5 5.77011 5.77011 5.77011 5 5.77011 5.77009 5.77011 5.77009 5.77009 5.77009 5.77009 5.77009 5.77009 5.77009 5.77009 5.77009 5.77009 5.77009 5.77009 5.77009 5.77009 5.77009 5.77009 5.77009 5.77009
16.3198 10.7696 5.77 5.77 5.77009 5.77004 5.77005 5.77003 5.77011 5.77011 5.7701 5.77009 5.7701 5.77011 5 5.77011 5 5.77011 5.77011 5.77011 5.77011 5.77011 5.77011 5 5.77011 5.77011 5.77011 5 5.77011 5 5.77011 5 5.77011 5 5.77011 5 5.77011 5 5.77011 5 5.77011 5 5.77011 5 5.77011 5 5.77011 5.77011 5.77011 5.77011 5 5.77011 5.77011 5.77009 5 5.77009 5 5.77009 5 5.77009 5 5.77009 5 5.77009 5 5.77009 5 5.77009 5 5.77009 5 5.77009 5 5.77009
16.5396 10.7696 5 5.77002 5.77009 5.77009 5.77009 5.77011 5.77011 5.77011 5.77011 5.77011 5.77011 5.77011 5.77011 5.77011 5.77011 5.77011 5.77011 5.77011 5.77011 5.77011 5.77011 5.77011 5.77011 5.77011 5.77011 5.77011 5.77011 5.77011 5.77011 5.77011 5.77011 5.77011 5.77011 5.77011 5.77011 5.77011 5.77011 5.77011 5.77011 5.77011 5.77011 5.77011 5.77011 5.77011 5.77011 5.77011 5.77011 5.77011 5.77011 5.77011 5 5.77011 5.77009 5.77009 5.77009 5.77009 5.77009 5.77009 5.77009 5.77009 5.77009 5.77009 5.77009 5.77009 5.77009 5.77009 5.77009 5.77009 5.77009 5.77009 5.77009 5.77009
16.5396 10.7696 5.77 5.77009 5 5.77009 5 5.77011 5 5.77011 5 5.77011 5 5.77011 5 5.77011 5.77011 5.77011 5 5.77011 5.77011 5.77011 5 5.77011 5 5.77011 5 5.77011 5 5.77011 5 5.77011 5 5.77011 5 5.77011 5 5.77011 5 5.77011 5 5.77011 5 5.77011 5 5.77011 5.77011 5 5.77011 5.77011 5.77011 5.77009 5.77011 5.77009 5 5.77009 5 5.77009 5 5.77009 5 5.77009 5 5.77009 5 5.77009 5 5.77009 5 5.77009 5 5.77009 5 5.77009
16.5396 10.7696 5 5.77009 5.77009 5.77009 5.77009 5.77011 5.77011 5.77011 5.77011 5.77011 5.77011 5.77011 5.77011 5.77011 5 5.77011 5.77011 5.77011 5 5.77011 5.77011 5.77011 5.77011 5.77011 5.77011 5.77011 5.77011 5.77011 5.77011 5.77011 5.77011 5.77011 5.77011 5.77011 5.77011 5.77011 5.77011 5.77011 5.77011 5.77011 5.77011 5.77011 5.77011 5.77011 5.77011 5.77011 5.77011 5 5.77009 5 5.77009 5.77009 5.77009 5.77009 5.77009 5.77009 5.77009 5.77009 5.77009 5.77009 5.77009 5.77009 5.77009 5.77009 5.77009 5.77009 5.77009 5.77009 5.77009 5.77009 5.77009 5.77009
16.2999 10.7697 5.77 5.77008 5 5.77009 5 5.77011 5 5.77011 5 5.77011 5.77011 5.77011 5 5.77011 5.77011 5.77011 5 5.77011 5.77011 5.77011 5 5.77011 5 5.77011 5 5.77011 5 5.77011 5 5.77011 5 5.77011 5 5.77011 5 5.77011 5 5.77011 5 5.77011 5 5.77011 5.77011 5.77011 5 5.77011 5.77009 5.77011 5.77009 5.77009 5.77009 5 5.77009 5 5.77009 5 5.77009 5 5.77009 5 5.77009 5 5.77009 5 5.77009 5 5.77009 5 5.77009 5 5.77009 5
13.16 8.1399 5 5.77009 5.77009 5.77009 5.77011 5.77011 5.77011 5.77011 5.77011 5.77011 5.77011 5 5.77011 5.77011 5 5.77011 5.77011 5.77011 5 5.77011 5.77011 5.77011 5.77011 5.77011 5.77011 5.77011 5.77011 5.77011 5.77011 5.77011 5.77011 5.77011 5.77011 5.77011 5.77011 5.77011 5.77011 5.77011 5.77011 5.77011 5.77011 5.77011 5.77011 5.77011 5.77011 5.77011 5.77011 5 5.77009 5 5.77009 5.77009 5.77009 5.77009 5.77009 5.77009 5.77009 5.77009 5.77009 5.77009 5.77009 5.77009 5.77009 5.77009 5.77009 5.77009 5.77009 5.77009 5.77009 5.77009 5.77009 5.77009
10.77 5.77 5.77005 5.77009 5 5.77011 5 5.77011 5.77011 5.77011 5.77011 5 5.77011 5.77011 5.77011 5 5.77011 5.77011 5 5.77011 5.77011 5.77011 5 5.77011 5 5.77011 5 5.77011 5 5.77011 5 5.77011 5 5.77011 5 5.77011 5 5.77011 5 5.77011 5 5.77011 5 5.77011 5.77011 5 5.77011 5 5.77011 5.77009 5.77009 5.77009 5.77009 5 5.77009 5 5.77009 5 5.77009 5 5.77009 5 5.77009 5 5.77009 5 5.77009 5 5.77009 5 5.77009 5 5.77009 5
10.77 5 5.77011 5.77011 5.77011 5.77011 5.77011 5.77011 5.77011 5 5.77011 5.77011 5.77011 5 5.77011 5.77011 5.77011 5 5.77011 5.77011 5 5.77011 5.77011 5.77011 5.77011 5.77011 5.77011 5.77011 5.77011 5.77011 5.77011 5.77011 5.77011 5.77011 5.77011 5.77011 5.77011 5.77011 5.77011 5.77011 5.77011 5.77011 5.77011 5.77011 5.77011 5.77011 5.77009 5.77011 5.77009 5 5.77009 5 5.77009 5.77009 5.77009 5.77009 5.77009 5.77009 5.77009 5.77009 5.77009 5.77009 5.77009 5.77009 5.77009 5.77009 5.77009 5.77009 5.77009 5.77009 5.77009 5.77009 5.77009 5.77009
10.77 5.77 5.77011 5.77011 5.77011 5.77011 5.77011 5 5.77011 5.77011 5.77011 5 5.77011 5.77011 5.77011 5 5.77011 5.77011 5.77011 5 5.77011 5.77011 5 5.77011 5 5.77011 5 5.77011 5 5.77011 5 5.77011 5 5.77011 5 5.77011 5 5.77011 5 5.77011 5 5.77011 5.77011 5.77011 5 5.77009 5 5.77009 5.77009 5.77009 5.77009 5.77009 5.77009 5 5.77009 5 5.77009 5 5.77009 5 5.77009 5 5.77009 5 5.77009 5 5.77009 5 5.77009 5 5.77009 5 5.77009 5
10.77 5 5.77011 5.77011 5.77011 5 5.77011 5.77011 5.77011 5 5.77011 5.77011 5.77011 5 5.77011 5.77011 5.77011 5 5.77011 5.77011 5.77011 5 5.77011 5.77011 5.77011 5.77011 5.77011 5.77011 5.77011 5.77011 5.77011 5.77011 5.77011 5.77011 5.77011 5.77011 5.77011 5.77011 5.77011 5.77011 5.77011 5.77011 5 5.77011 5.77009 5.77011 5.77009 5.77009 5 5.77009 5 5.77009 5.77009 5.77009 5.77009 5.77009 5.77009 5.77009 5.77009 5.77009 5.77009 5.77009 5.77009 5.77009 5.77009 5.77009 5.77009 5.77009 5.77009 5.77009 5.77009 5.77009 5.77009 5.77009
10.77 5.77 5.77011 5.77011 5.77011 5.77011 5.77011 5 5.77011 5.77011 5.77011 5 5.77011 5.77011 5.77011 5 5.77011 5.77011 5.77011 5 5.77011 5.77011 5.77011 5 5.77011 5 5.77011 5 5.77011 5 5.77011 5 5.77011 5.77011 5 5.77011 5 5.77011 5 5.77011 5 5.77011 5.77011 5.77009 5.77009 5.77009 5 5.77009 5.77009 5.77009 5.77009 5.77009 5 5.77009 5 5.77009 5 5.77009 5 5.77009 5 5.77009 5 5.77009 5 5.77009 5 5.77009 5.77009 5.77009 5.77009 5.77009 5.77009 5.77009
10.77 5 5.77011 5.77011 5.77011 5 5.77011 5.77011 5.77011 5 5.77011 5.77011 5.77011 5 5.77011 5.77011 5.77011 5 5.77011 5.77011 5.77011 5 5.77011 5.77011 5.77011 5.77011 5.77011 5.77011 5.77011 5.77011 5.77011 5.77011 5.77011 5.77011 5.77011 5.77011 5.77011 5.77011 5.77011 5.77011 5.77011 5.77011 5 5.77011 5.77009 5 5.77009 5.77009 5.77009 5.77009 5 5.77009 5.77009 5.77009 5.77009 5.77009 5.77009 5.77009 5.77009 5.77009 5.77009 5.77009 5.77009 5.77009 5.77009 5.77009 5.77009 5.77009 5 5.77009 5 5.77009 5 5.77009
