tests/full-run-ref/erosion_2010_78_18_17.120.asc
ncols 512
nrows 512
xllcorner -3.24582
yllcorner -4.08743
cellsize 5
NODATA_value -99999
[rows 0 to 39 of 512, columns 270 to 359 of 512]
303.165 303.112 303.066 303.025 302.998 302.996 303.02 303.066 303.133 303.222 303.337 303.477 303.632 303.795 303.971 304.164 304.355 304.52 304.657 304.779 304.876 304.938 304.958 304.941 304.899 304.843 304.768 304.669 304.565 304.475 304.404 304.34 304.289 304.253 58.1101 44.18 41.79 39.4 37.01 39.4 185.248 179.478 173.708 167.938 162.168 156.398 150.628 144.858 139.088 133.318 127.548 121.778 116.008 110.238 104.468 98.6983 92.9283 87.1583 81.3883 75.6183 69.8483 65.0686 59.2986 53.5286 51.1385 48.7485 46.3585 48.7485 53.5285 145.65 139.88 134.11 128.34 122.57 116.8 111.03 105.26 102.87 100.48 98.09 98.09 100.48 102.87 103.86 106.25 103.86 106.25 108.64 111.03 116.8
304.429 304.392 304.361 304.332 304.317 304.324 304.357 304.409 304.482 304.574 304.69 304.83 253.897 253.627 252.97 251.171 250.667 253.404 257.271 306.089 306.251 306.316 306.337 306.319 306.274 306.211 306.124 306.008 305.885 305.777 305.686 303.9 301.51 301.51 55.72 38.41 37.01 37.01 37.01 37.01 178.325 177.079 171.318 165.548 159.778 154.008 148.238 142.468 136.698 130.928 125.158 119.388 113.618 107.848 102.078 96.3083 90.5383 84.7683 78.9983 73.2283 67.4583 61.6883 56.9085 51.1385 45.3685 42.9785 40.5885 40.5853 42.9434 45.3538 137.49 131.72 125.95 120.18 114.41 108.64 102.87 97.1 94.6833 92.2545 92.32 94.71 97.1 98.09 100.48 98.09 100.474 102.77 108.436 115.23
0 0 0 0 0 0 0 0 0 0 0 0 0 0 0 0 0 0 0 0 306.575 118.182 104.27 40.7882 100.783 95.0022 89.2396 83.4929 77.7551 69.6926 48.5064 0 0 60.5001 0 37.01 37.01 37.01 37.01 37.01 37.01 174.657 168.92 163.158 157.388 151.618 145.848 140.078 134.308 128.538 122.768 116.998 111.228 105.458 99.6883 93.9183 88.1483 82.3783 76.6083 70.8383 65.0683 59.2983 53.5283 48.7485 42.9785 37.2051 34.8165 29.0485 29.0485 42.7729 34.62 42.78 45.0996 39.4 41.79 77.7982 75.408 72.9762 69.438 69.6501 69.6501 80.78 83.17 85.56 86.55 85.56 85.56 85.56 91.33 109.46
0 0 0 0 0 0 0 0 0 0 0 0 0 0 0 0 0 0 0 123.97 126.315 115.81 110.04 104.27 98.5001 92.7301 86.9601 81.1901 75.4201 69.6501 63.8801 58.1101 52.3401 48.8747 40.8 37.01 37.01 37.01 37.01 37.01 37.01 37.01 166.495 160.755 154.995 149.225 143.455 137.685 131.915 126.145 120.375 114.605 108.835 103.065 97.2946 91.5246 85.7546 79.9846 74.2145 68.4445 62.6746 56.9047 51.1372 45.3672 40.5853 34.8185 29.0482 25.47 28.8499 28.8499 28.8499 28.8499 31.2399 33.6298 49.7198 67.2597 69.4356 66.5149 41.7899 63.88 69.65 69.65 77.4 79.79 80.78 80.78 80.78 83.17 85.56 103.69
0 0 0 0 0 0 0 0 0 0 0 0 0 0 0 0 0 0 132.13 0 123.947 113.416 107.646 101.876 96.1064 90.3364 84.5664 78.7964 73.0264 67.2564 61.4866 55.7168 49.95 44.1725 38.41 37.01 37.01 37.01 37.01 37.01 37.01 37.01 37.01 158.363 152.605 146.835 141.065 135.295 129.525 123.755 117.985 112.215 106.445 100.675 94.9045 89.1345 83.3645 77.5945 71.8245 66.0545 60.2845 54.5145 48.7446 42.9772 37.2073 34.8161 0 25.47 25.47 0 0 0 0 0 0 41.7592 39.1955 41.7779 63.8067 61.4899 63.8799 69.2399 69.6499 74.0199 75.0099 68.2499 68.2499 68.2499 74.0199 85.56
0 0 0 0 0 0 0 0 0 0 0 0 0 0 0 0 0 306.865 142.679 132.104 121.58 111.026 105.256 99.4863 93.7163 87.9463 82.1763 76.4063 70.6363 64.8663 59.0963 53.3265 47.5561 41.788 37.01 37.01 37.01 37.01 37.01 37.01 37.01 37.01 37.0099 37.01 150.215 144.445 138.675 132.905 127.135 121.365 115.595 109.825 104.055 98.2845 92.5145 86.7445 80.9745 75.2045 69.4344 63.6644 57.8944 52.1243 46.3543 40.5849 34.8179 29.0387 0 0 0 0 0 0 0 0 0 0 16.2133 16.213 61.0268 47.5598 61.4898 63.4698 65.8598 68.2498 68.2498 68.2498 68.2498 68.2498 68.2497 74.02
0 0 0 0 0 0 0 0 0 0 0 0 0 0 0 0 0 0 0 129.74 119.19 113.42 107.65 101.88 96.11 90.34 84.57 78.8 73.03 67.26 61.49 55.72 49.95 44.18 37.01 0 0 0 0 0 0 0 37.0099 157.185 151.42 145.65 139.88 134.11 128.34 122.57 116.8 111.03 105.26 99.49 93.72 87.95 82.1799 76.4099 70.6398 64.8698 59.0997 53.3297 47.5596 41.7896 36.0139 30.2101 25.4697 0 0 0 0 0 0 0 0 0 0 16.213 47.3898 41.7897 41.7897 57.6997 60.0897 62.4797 63.4697 63.4696 63.4696 65.8594 68.2495 74.0199
0 0 0 0 0 0 0 0 0 0 0 0 0 0 0 0 0 0 142.68 127.35 121.58 115.81 110.04 104.27 98.5001 92.7301 86.9601 81.1901 75.4201 69.6501 63.88 58.11 52.34 46.57 0 0 0 0 0 0 0 0 37.01 154.794 149.03 143.26 137.49 131.72 125.95 120.18 114.41 108.64 102.87 97.0999 91.3298 85.5598 79.7897 74.0195 68.2494 62.4792 56.7091 50.939 45.1689 39.3989 33.6289 27.859 0 0 0 0 0 0 0 0 0 0 0 0 41.6242 36.0196 41.7897 41.7897 54.3197 56.7097 57.6997 57.6995 57.6995 60.0889 91.2668 74.0199
0 0 0 0 0 0 0 0 0 0 0 0 0 0 0 0 265.167 184.88 166.17 118.986 123.97 118.2 112.43 106.66 100.89 95.1201 89.3501 83.5801 77.8101 72.0401 66.2701 60.5 54.73 0 38.4096 44.0619 37.01 0 0 0 0 0 37.01 152.399 146.636 140.866 135.096 129.326 123.556 117.786 112.016 106.246 100.476 94.7059 88.9357 83.1655 77.3951 71.6248 65.8545 60.0843 54.3141 48.544 42.774 37.0039 31.2357 25.4686 0 0 25.47 25.47 25.47 25.47 25.47 25.47 25.47 25.47 0 0 0 30.2496 36.0196 41.7896 41.7896 50.9396 51.9296 51.9294 51.9293 60.7998 85.5156 74.0199
0 0 0 0 0 0 0 0 0 0 0 0 0 0 0 173.34 173.34 179.11 52.026 141.69 126.36 120.59 114.82 109.05 103.28 97.5101 91.7401 85.9701 80.2001 74.4301 68.6601 62.89 0 62.8896 227.819 38.4095 37.01 37.01 37.01 37.01 37.01 37.01 37.0099 150.015 143.557 138.476 132.706 126.936 121.166 115.396 109.626 103.856 98.0856 92.3153 86.5448 80.7742 75.0036 69.2333 63.463 57.6929 51.9228 46.1528 40.3828 34.6165 28.8458 25.4689 0 0 0 0 0 0 0 0 0 0 0 0 0 27.8595 30.2496 36.0196 41.7896 41.7896 46.1596 46.1593 46.1592 55.12 79.7781 74.0196
0 0 0 0 0 0 0 0 0 0 0 0 0 0 165.18 173.34 307.041 173.34 154.63 139.3 128.75 122.98 117.21 111.44 105.67 99.9001 94.1301 88.3601 82.5901 76.8201 71.0501 0 71.0498 224.45 222.06 0 0 37.01 37.01 37.01 37.0099 37.0097 37.0087 37.0099 146.64 140.87 135.1 129.33 123.56 117.789 112.019 106.249 100.479 94.7084 88.9376 83.1669 77.3968 71.6268 65.8569 60.0871 54.3172 48.5473 42.7774 37.0074 31.2376 25.4686 0 0 0 0 0 0 0 0 0 0 0 0 0 25.4696 25.4695 30.2495 36.0196 39.3995 40.3895 40.3892 40.3891 46.8185 74.016 68.2495
0 0 0 0 0 0 0 0 0 0 0 0 0 165.18 165.18 173.34 307.021 167.57 152.24 141.69 131.14 125.37 119.6 113.83 108.06 102.29 96.5201 90.7501 84.9801 79.2101 0 79.2098 227.83 222.06 37.009 0 42.18 38.41 37.0099 38.4096 37.0085 37.0099 160.57 154.8 149.03 143.26 137.49 131.72 125.949 120.179 114.409 108.639 102.868 97.0975 91.3264 85.5563 79.7866 74.0172 68.2476 62.478 56.7082 50.9384 45.1684 39.3985 33.6285 27.8589 25.4697 25.47 25.47 25.47 25.47 25.47 25.47 25.47 25.47 25.47 25.47 0 0 25.4697 25.4695 25.4695 30.2495 33.6295 34.6195 32.5682 32.5682 32.5674 5.92274 66.6818
0 0 0 0 0 0 0 0 0 0 0 0 159.41 159.41 165.18 165.18 306.979 165.18 154.63 144.08 133.53 127.76 121.99 116.22 110.45 104.68 98.9101 93.1401 87.3701 0 87.3699 234.777 230.22 224.45 37.0092 0 46.5699 40.7998 46.5269 37.008 37.0098 168.73 162.96 157.19 151.42 145.65 139.88 134.109 128.339 122.569 116.799 111.028 105.258 99.4868 97.0973 91.326 85.5572 79.788 74.0188 68.2493 62.4796 56.7096 50.9396 45.1696 39.3995 33.6295 27.8594 25.4695 25.4696 25.4697 25.4698 25.4698 25.4699 22.6491 22.09 22.09 0 0 23.0799 23.0797 23.0795 23.0795 25.4695 27.8595 28.8494 25.4141 25.4141 25.4134 5.92289 102.278
0 0 0 0 0 0 0 0 0 0 0 0 159.41 159.41 159.41 165.18 165.18 136.098 157.02 146.47 135.92 130.15 124.38 118.61 112.84 107.07 101.3 95.5301 0 95.5299 61.8062 233.6 227.83 222.06 211.509 0 48.9583 54.5936 48.9573 40.7997 176.89 171.12 165.35 159.58 153.81 148.039 142.269 136.499 130.729 124.959 119.188 113.417 107.647 105.258 99.487 105.191 99.4581 109.799 104.27 98.4999 92.7299 86.9599 81.1898 75.4198 69.6497 63.8797 58.1097 52.3397 46.5697 40.7998 38.4099 36.02 33.63 31.24 23.08 22.09 22.09 27.858 25.4667 17.3096 17.3094 17.3094 19.6995 22.0894 23.0794 21.2895 21.2896 21.289 5.92304 99.8899
0 0 0 0 0 0 0 0 0 0 0 0 159.41 159.41 159.41 159.41 165.18 306.905 132.532 148.86 138.31 132.54 126.77 121 115.23 109.46 103.69 0 103.69 61.8062 236.98 231.206 225.44 219.67 0 0 201.735 196.589 190.819 185.049 179.28 173.51 167.74 161.97 156.199 150.429 144.659 138.889 133.119 127.348 121.577 115.807 113.418 107.647 113.353 107.65 99.49 107.623 101.88 96.1099 90.3399 84.5699 78.7998 73.0298 67.2598 61.4897 55.7197 49.9497 44.1796 38.4096 32.6396 30.2497 27.8598 25.466 23.0798 16.3199 16.3199 22.0899 19.696 17.2731 11.5394 11.5394 13.9295 16.3194 17.3094 17.3089 17.309 18.0405 5.92322 97.4981
0 0 0 0 0 0 0 0 0 0 0 0 159.41 159.41 159.41 159.41 159.41 159.41 216.303 0 140.7 134.93 129.16 123.39 117.62 111.85 18.3016 111.85 61.8062 245.14 239.37 233.6 227.83 222.06 216.29 210.435 204.677 198.98 193.21 187.44 181.67 175.9 170.129 164.359 158.589 152.819 147.049 141.279 135.508 129.737 123.967 121.578 115.807 121.513 115.81 116.8 111.03 105.256 99.4861 93.716 87.9459 82.1759 76.4058 70.6358 64.8657 59.0956 53.3256 47.5555 41.7856 36.0158 30.249 24.4789 22.0894 19.6958 17.2706 11.5398 11.5399 16.3198 13.926 11.5031 5.76938 5.76943 8.1595 11.5394 11.5394 11.5389 11.539 15.0047 5.92342 95.1102
0 0 0 0 0 0 0 0 0 0 0 0 0 0 0 0 0 0 0 0 0 137.32 131.55 125.78 120.01 125.67 120.01 61.8062 253.3 247.53 241.76 235.99 230.22 224.45 218.68 212.91 207.14 201.37 195.6 189.83 184.06 178.289 172.519 166.749 160.979 155.209 149.438 143.668 137.897 132.127 129.738 123.968 129.67 123.97 120.18 114.41 108.636 102.866 97.0956 91.3255 85.5553 79.7852 74.0151 68.245 62.4749 56.7048 50.9346 45.1645 39.3943 33.6244 27.8545 22.0876 16.3175 13.9249 11.5009 5.76973 5.76981 11.5398 8.15849 0 0 5.76956 5.76958 5.7694 5.76934 0 0 0 5.92366 92.7223
0 0 0 0 0 0 0 0 0 0 0 0 0 0 0 0 0 0 0 0 0 294.489 295.09 289.32 283.55 277.78 61.8062 260.255 255.69 249.92 244.15 238.38 232.61 226.84 221.07 215.3 209.53 203.76 197.99 192.219 186.449 180.679 174.909 169.139 163.369 157.598 151.828 146.057 140.287 137.898 132.128 133.096 129.33 123.559 117.789 112.015 106.245 100.475 94.7044 88.9342 83.164 77.3937 71.6235 65.8533 60.083 54.3127 48.5425 42.7722 37.0019 31.2316 25.4615 19.6914 13.9244 8.15384 0 0 0 0 0 0 0 0 0 0 0 0 0 0 5.92392 90.3289
0 0 0 0 0 0 0 0 0 0 0 0 0 0 0 0 0 0 0 0 305.371 303.25 297.48 291.71 285.94 280.17 269.62 263.85 258.08 252.31 246.54 240.77 235 229.23 223.46 217.69 211.92 206.15 200.379 194.609 188.839 183.069 177.299 171.528 165.758 159.988 154.217 148.447 146.058 140.288 137.899 132.709 126.938 121.168 115.394 109.624 103.853 98.0829 92.3125 86.5422 80.7718 75.0014 69.2311 63.4606 57.6902 51.9198 46.1493 40.3788 34.6083 28.8378 23.0673 17.2969 11.5275 5.76363 0 0 0 0 0 0 0 0 0 0 0 0 0 0 5.92414 86.957
0 0 0 0 0 0 0 0 0 0 0 0 0 0 0 0 0 0 0 0 0 305.64 299.87 294.1 288.33 282.56 272.01 266.24 260.47 254.7 248.93 243.16 237.39 231.62 225.85 220.08 214.309 208.539 202.769 196.999 191.229 185.458 179.688 173.918 168.148 162.377 156.607 154.218 148.448 144.248 138.478 132.707 126.937 121.167 115.396 109.626 103.856 98.0851 92.3147 86.5443 80.7739 75.0034 69.233 63.4625 57.692 51.9214 46.1509 40.3803 34.6097 28.839 23.0683 17.2976 11.5269 5.76306 0 0 0 0 0 0 0 0 0 0 0 0 0 0 5.92427 84.5676
0 0 0 0 0 0 0 0 0 0 0 0 0 0 0 0 0 0 0 0 0 306.254 302.26 296.49 290.72 280.17 274.4 268.63 262.86 257.09 251.32 245.55 239.78 234.01 228.24 222.469 216.699 210.929 205.159 199.389 193.618 187.848 182.078 176.307 170.537 164.767 161.558 155.787 150.017 144.247 138.476 132.706 126.935 121.165 115.394 109.624 103.854 98.083 92.3125 86.542 80.7715 75.0009 69.2303 63.4597 57.6891 51.9184 46.1477 40.3769 34.6062 28.8354 23.0645 17.2936 11.5227 5.76085 0 0 0 0 0 0 0 0 0 0 0 0 0 0 5.92426 82.1745
0 0 0 0 0 0 0 0 0 0 0 0 0 0 0 0 0 0 0 0 0 0 304.65 298.88 293.28 282.56 276.79 271.02 265.25 259.48 253.71 247.94 242.17 236.4 230.629 224.859 219.089 213.319 207.548 201.778 196.008 190.237 184.467 178.697 172.927 167.326 161.556 155.785 150.015 144.244 138.474 132.703 126.933 121.162 115.392 109.621 103.851 98.0801 92.3094 86.5388 80.7681 74.9973 69.2266 63.4558 57.6849 51.914 46.1431 40.3722 34.6011 28.8301 23.0589 17.2878 11.5166 5.75764 0 0 0 0 0 0 0 0 0 0 0 0 0 0 0 11.5395
0 0 0 0 0 0 0 0 0 0 0 0 0 0 0 0 0 0 303.379 300.989 0 0 298.88 296.66 290.89 282.73 276.96 271.19 265.42 259.65 253.88 248.109 242.339 236.569 230.798 225.028 219.258 213.487 207.717 201.947 196.176 190.406 184.635 178.865 173.094 167.324 161.553 155.783 150.012 144.242 138.471 132.7 126.93 121.159 115.388 109.618 103.847 98.0761 92.3052 86.5344 80.7634 74.9925 69.2215 63.4504 57.6793 51.9081 46.1369 40.3656 34.5942 28.8228 23.0513 17.2798 11.5082 5.75327 0 0 0 0 0 0 0 0 0 0 0 0 0 0 11.5396 11.5392
0 0 0 0 0 0 0 0 0 0 0 0 0 0 0 304.78 0 300.003 297.613 295.219 0 0 0 298.88 288.5 282.73 276.96 271.19 265.42 259.649 253.879 248.108 242.338 236.567 230.797 225.026 219.256 213.485 207.715 201.944 196.174 190.403 184.633 178.862 173.091 167.321 161.55 155.779 150.009 144.238 138.467 132.696 126.926 121.155 115.384 109.613 103.842 98.0707 92.2996 86.5284 80.7572 74.9859 69.2146 63.4431 57.6716 51.9001 46.1284 40.3567 34.5849 28.813 23.0411 17.2691 11.497 5.74738 0 0 0 0 0 0 0 0 0 0 0 0 0 0 0 16.2637
0 0 0 0 0 0 0 0 0 0 0 0 0 303.78 301.394 299.01 296.622 294.232 291.843 289.449 0 0 0 294.217 288.5 282.73 276.96 271.189 265.419 259.648 253.878 248.107 242.336 236.566 230.795 225.024 219.254 213.483 207.712 201.942 196.171 190.4 184.63 178.859 173.088 167.317 161.546 155.776 150.005 144.234 138.463 132.692 126.921 121.15 115.379 109.607 103.836 98.0647 92.2933 86.5218 80.7502 74.9786 69.2068 63.435 57.6631 51.8911 46.119 40.3469 34.5746 28.8023 23.0299 17.2574 11.4847 5.735 0 0 0 0 0 0 0 0 0 0 0 0 0 0 0 0
0 0 0 0 0 0 0 0 0 0 0 306.169 300.376 297.999 295.619 293.236 290.849 288.461 286.072 283.679 0 0 0 0 290.89 285.12 279.349 273.578 267.808 262.037 256.267 250.496 244.725 238.955 233.184 227.413 221.643 215.872 210.102 204.331 198.56 192.79 187.019 181.248 175.478 169.707 163.936 158.165 152.395 146.624 140.853 135.082 129.311 123.54 117.769 111.997 106.226 100.455 94.6835 88.912 83.1405 77.3689 71.5972 65.8254 60.0536 54.2817 48.5097 42.7376 36.9655 31.1933 25.4211 19.6488 13.8769 8.11806 0 0 0 0 0 0 0 0 0 0 0 0 0 0 0 0
0 0 0 0 0 0 0 0 0 0 0 303.75 297.975 292.204 289.832 287.456 285.073 282.687 280.299 277.907 0 0 0 0 222.852 287.478 281.738 275.968 270.197 264.426 258.656 252.885 247.114 241.344 235.573 229.803 224.032 218.261 212.491 206.72 200.95 195.179 189.409 183.638 177.867 172.097 166.326 160.555 154.784 149.013 143.242 137.471 131.7 125.929 120.158 114.387 108.616 102.844 97.0731 91.3016 85.5301 79.7585 73.9868 68.215 62.4432 56.6714 50.8994 45.1274 39.3553 33.5833 27.8112 22.0393 16.2693 11.4979 5.74774 0 0 0 0 0 0 0 0 0 0 0 0 0 0 0
0 0 0 0 0 0 0 0 0 0 306.164 301.357 295.576 289.808 284.035 281.665 279.292 276.91 274.524 272.133 0 0 0 222.849 222.852 288.498 282.727 276.956 271.185 265.414 259.644 253.873 248.102 242.332 236.561 230.79 225.02 219.249 213.478 207.708 201.937 196.166 190.395 184.625 178.854 173.083 167.312 161.541 155.77 149.999 144.228 138.456 132.685 126.914 121.142 115.371 109.599 103.828 98.0558 92.284 86.5121 80.7401 74.968 69.1959 63.4236 57.6513 51.879 46.1065 40.334 34.5614 28.7892 23.0169 17.2466 11.4733 5.73352 0 0 0 0 0 0 0 0 0 0 0 0 0 0 0
0 0 0 0 0 0 0 0 0 0 304.75 298.963 293.189 287.415 281.643 275.866 273.499 271.127 268.746 266.357 0 0 272.126 272.137 294.209 288.466 282.724 276.952 271.181 265.41 259.639 253.869 248.098 242.327 236.556 230.785 225.014 219.243 213.472 207.701 201.93 196.159 190.388 184.617 178.846 173.074 167.303 161.531 155.76 149.988 144.216 138.444 132.672 126.9 121.128 115.356 109.583 103.811 98.0381 92.2653 86.4925 80.7195 74.9464 69.1732 63.4 57.6266 51.8532 46.0796 40.306 34.5322 28.7587 22.9869 17.2168 11.4425 5.71915 0 0 0 0 0 0 0 0 0 0 0 0 0 0 0
0 0 0 0 0 0 0 0 0 306.154 302.354 296.568 290.798 285.026 279.252 273.478 267.698 265.332 262.962 260.578 0 0 274.491 272.136 293.272 287.499 281.727 275.956 270.184 264.413 258.641 252.87 247.098 241.327 235.555 229.784 224.012 218.24 212.469 206.697 200.925 195.153 189.381 183.609 177.837 172.064 166.291 160.519 154.746 148.973 143.199 137.426 131.652 125.878 120.104 114.33 108.556 102.781 97.0064 91.2315 85.4564 79.6812 73.9058 68.1302 62.3545 56.5786 50.8026 45.0265 39.2503 33.4748 27.7002 21.9256 16.1599 11.4093 5.6911 0 0 0 0 0 0 0 0 0 0 0 0 0 0 0
0 0 0 0 0 0 0 0 0 305.747 299.954 294.179 288.407 282.635 276.863 271.089 265.312 259.53 257.166 254.793 0 254.734 302.384 296.655 290.872 285.097 279.324 273.551 267.778 262.005 256.232 250.459 244.686 238.913 233.14 227.367 221.593 215.82 210.046 204.272 198.498 192.724 186.95 181.175 175.4 169.624 163.848 158.072 152.296 146.519 140.742 134.964 129.186 123.408 117.629 111.85 106.071 100.291 94.5112 88.7308 82.9501 77.1691 71.3877 65.6061 59.8243 54.0421 48.2598 42.4773 36.6965 30.9177 25.1383 19.3581 13.5805 7.8923 0 0 0 0 0 0 0 0 0 0 0 0 0 0 0 0
0 0 0 0 0 0 0 0 0 303.339 297.554 291.785 286.015 280.244 274.472 268.701 262.925 257.147 251.362 248.995 0 248.895 299.959 294.245 288.469 282.694 276.92 271.145 265.37 259.595 253.82 248.045 242.27 236.495 230.72 224.944 219.168 213.393 207.616 201.84 196.063 190.285 184.507 178.729 172.95 167.17 161.39 155.61 149.829 144.047 138.265 132.482 126.699 120.915 115.13 109.345 103.559 97.7733 91.9867 86.1996 80.412 74.6239 68.8355 63.0466 57.2573 51.4677 45.6779 39.8889 34.1032 28.3154 22.5271 16.7381 10.9508 5.41819 0 0 0 0 0 0 0 0 0 0 0 0 0 0 0 0
0 0 0 0 0 0 0 0 306.133 300.939 295.16 289.39 283.621 277.85 272.08 266.309 260.537 254.761 248.981 243.188 240.777 242.879 232.669 232.661 288.236 235.105 276.797 271.02 265.244 259.468 253.692 247.916 242.14 236.363 230.587 224.81 219.033 213.256 207.478 201.699 195.921 190.141 184.362 178.581 172.8 167.019 161.236 155.454 149.67 143.886 138.102 132.316 126.531 120.744 114.958 109.17 103.382 97.5937 91.8047 86.0153 80.2255 74.4353 68.6447 62.8537 57.0624 51.2708 45.4791 39.6886 33.8927 28.099 22.3052 16.5109 10.7186 5.41702 0 0 0 0 0 0 0 0 0 0 0 0 0 0 0 0
0 0 0 0 0 0 0 0 304.324 298.538 292.766 286.995 281.225 275.455 269.685 263.915 258.144 252.372 246.596 240.813 235.018 232.483 169.461 169.424 224.402 282.583 226.955 271.167 265.389 259.611 253.834 248.056 242.279 236.501 230.723 224.945 219.166 213.387 207.608 201.828 196.047 190.266 184.484 178.702 172.919 167.135 161.351 155.566 149.781 143.995 138.209 132.422 126.635 120.847 115.059 109.27 103.481 97.6914 91.9015 86.1113 80.3209 74.5302 68.7392 62.948 57.1567 51.3652 45.574 39.7816 33.9903 28.1961 22.4007 16.6023 10.7981 5.30294 0 0 0 0 0 0 0 0 0 0 0 0 0 0 0 0
0 0 0 0 0 0 0 306.159 301.922 296.134 290.366 284.597 278.827 273.057 267.287 261.516 255.746 249.975 244.202 238.425 232.641 226.839 224.476 226.92 224.444 213.872 279.132 218.797 267.788 262.009 256.232 250.455 244.677 238.9 233.122 227.344 221.566 215.787 210.008 204.228 198.448 192.667 186.886 181.105 175.323 169.54 163.757 157.974 152.191 146.407 140.623 134.838 129.053 123.268 117.483 111.697 105.912 100.126 94.3403 88.5544 82.7685 76.9825 71.1966 65.4106 59.6247 53.839 48.0544 42.2693 36.4819 30.6935 24.9012 19.099 13.2882 7.64711 0 0 0 0 0 0 0 0 0 0 0 0 0 0 0 0
0 0 0 0 0 0 0 305.31 299.509 293.734 287.962 282.191 276.42 270.648 264.877 259.105 253.334 247.562 241.79 236.017 230.239 224.455 218.654 216.292 210.397 216.295 210.479 275.916 270.18 264.401 258.624 252.847 247.07 241.292 235.514 229.736 223.958 218.179 212.399 206.62 200.84 195.059 189.278 183.497 177.716 171.934 166.152 160.37 154.587 148.804 143.022 137.239 131.455 125.672 119.889 114.106 108.323 102.54 96.7568 90.974 85.1912 79.4086 73.6262 67.8439 62.0617 56.2802 50.5005 44.7169 38.9321 33.1435 27.3445 21.5349 15.7315 11.033 5.43255 0 0 0 0 0 0 0 0 0 0 0 0 0 0 0
0 0 0 0 0 0 306.202 302.882 297.086 291.313 285.536 279.76 273.984 268.209 262.435 256.66 250.886 245.112 239.338 233.564 227.79 222.014 216.236 210.445 202.388 202.448 208.109 278.192 272.57 266.793 261.014 255.236 249.458 243.679 237.901 232.122 226.342 220.563 214.783 209.003 203.222 197.441 191.66 185.878 180.096 174.314 168.532 162.75 156.967 151.185 145.402 139.619 133.837 128.054 122.272 116.489 110.707 104.925 99.1428 93.361 87.5795 81.7981 76.0169 70.2359 64.4551 58.6753 52.8937 47.1101 41.3228 35.5252 29.7168 23.9131 19.1768 13.3717 7.68033 0 0 0 0 0 0 0 0 0 0 0 0 0 0 0
0 0 0 0 0 0 306.175 300.456 294.655 288.868 283.086 277.305 271.526 265.747 259.969 254.192 248.415 242.639 236.863 231.087 225.318 219.552 213.78 208.006 202.384 202.455 213.887 213.931 214.012 269.183 263.403 257.624 251.845 246.065 240.286 234.506 228.726 222.945 217.165 211.384 205.602 199.821 194.039 188.257 182.475 176.692 170.91 165.127 159.345 153.562 147.779 141.997 136.214 130.432 124.65 118.868 113.086 107.304 101.523 95.742 89.9611 84.1804 78.3999 72.6192 66.8387 61.0595 55.275 49.4882 43.6916 37.8844 32.0822 27.3462 21.5429 15.707 10.9478 5.29921 0 0 0 0 0 0 0 0 0 0 0 0 0 0
0 0 0 0 0 0 306.162 300.431 294.628 288.848 283.069 277.29 271.512 265.734 259.958 254.181 248.405 242.63 236.854 231.071 225.321 219.566 213.799 208.028 202.495 202.462 213.947 210.448 277.281 271.573 265.794 260.012 254.231 248.451 242.67 236.89 231.109 225.328 219.546 213.765 207.983 202.2 196.418 190.636 184.853 179.07 173.288 167.505 161.722 155.94 150.157 144.375 138.592 132.81 127.029 121.247 115.466 109.685 103.904 98.1232 92.3428 86.5625 80.7822 75.0013 69.2201 63.4367 57.6516 51.8559 46.0501 40.2494 35.5136 29.7119 23.8786 19.0798 13.1442 7.40068 5.49466 0 0 0 0 0 0 0 0 0 0 0 0 0
0 0 0 0 0 0 306.17 302.828 297.034 291.264 285.491 279.719 273.946 268.173 262.4 256.628 250.855 245.083 239.311 233.518 225.329 219.596 213.832 208.059 202.455 202.474 202.455 216.236 213.895 214.004 268.184 262.401 256.619 250.837 245.056 239.274 233.492 227.71 221.928 216.145 210.363 204.58 198.797 193.015 187.232 181.449 175.666 169.883 164.1 158.318 152.536 146.754 140.972 135.19 129.409 123.628 117.847 112.066 106.286 100.506 94.7258 88.9458 83.1649 77.3827 71.6005 65.8158 60.0205 54.2163 48.4172 43.6815 37.8812 32.0503 27.2536 21.3248 15.4296 13.3858 7.77969 0 0 0 0 0 0 0 0 0 0 0 0 0
