tests/full-run-ref/erosion_84_12_73.306.asc
ncols 512
nrows 512
xllcorner -3.24582
yllcorner -4.08743
cellsize 5
NODATA_value -99999
[rows 248 to 278 of 512, columns 414 to 482 of 512]
10.9453 10.6794 10.7055 10.457 10.4953 10.7204 10.8799 10.8894 11.0522 10.9736 10.8927 10.8692 10.6999 10.7464 10.7247 10.7413 10.7122 10.815 10.8446 10.8954 10.7077 10.5282 10.5189 10.4621 10.4652 10.5366 10.4671 10.7288 11.0149 11.2238 11.3315 10.7406 11.54 10.8527 11.3502 11.3668 11.3918 11.3718 11.4168 11.4481 11.4714 11.4927 11.5067 11.5126 11.5193 11.5185 11.5066 11.4807 11.4316 11.3555 11.1563 11.1484 10.9547 10.0597 9.63557 9.18952 8.92404 8.49808 7.88442 7.34984 6.23908 5.46427 5.62056 4.9129 6.12368 6.79691 7.09028 7.91519 8.5022
11.2587 11.0849 10.7194 10.7353 10.7147 10.7509 11.01 11.1031 11.0648 11.0659 10.9677 10.9248 10.8429 10.705 10.7943 10.7421 10.8238 10.913 10.9651 11.0354 10.967 10.8549 10.6316 10.6663 10.5141 10.7192 10.7791 10.7437 11.0115 10.9864 11.1666 10.6323 10.2408 10.8072 11.3392 11.3537 11.3614 11.4061 11.4424 11.4653 11.4885 11.505 11.512 11.5188 11.5221 11.5203 11.5093 11.4828 11.438 11.3541 11.1608 11.0577 10.6803 9.70746 9.17721 8.73435 8.68259 8.52786 8.02472 7.67409 6.35015 5.51872 6.0633 4.84302 6.42891 6.66897 7.66625 8.25166 8.81587
11.2151 10.9431 10.8489 10.8642 10.8591 10.9584 11.1292 11.1553 11.1774 11.1282 11.0292 10.9957 10.87 10.8072 10.862 10.8818 10.9504 11.04 11.1251 11.1021 11.1371 10.9726 10.7989 10.7985 10.7924 10.6796 10.9974 11.0929 10.9987 11.1162 11.2351 11.22 11.2945 11.3213 11.3283 11.3733 11.4397 11.4673 11.4878 11.5071 11.5163 11.5238 11.5274 11.5289 11.5294 11.5296 11.523 11.5103 11.4803 11.4279 11.2696 10.9305 10.5389 9.19717 8.55301 8.13743 8.40964 8.55643 8.30457 7.81974 6.62605 5.86382 6.20861 5.55829 6.26552 7.24532 8.04066 8.6568 9.2011
11.1785 11.0537 10.9854 11.0438 11.0832 11.1601 11.1848 11.2493 11.2183 11.54 11.54 11.54 11.54 11.54 11.54 11.54 11.54 11.54 11.54 11.54 11.54 11.1152 11.54 11.54 11.54 11.54 11.54 11.54 11.54 11.54 11.54 11.54 11.54 11.54 11.54 11.54 11.54 11.4573 11.4637 11.5015 11.5037 11.5208 11.5188 11.5258 11.5222 11.5253 11.5099 11.4986 11.4314 11.3861 11.1936 10.8838 10.3215 8.62937 7.86093 7.57524 8.0634 8.06151 8.13825 8.16148 7.01233 6.26727 6.19258 5.63178 6.55635 7.4368 8.46911 8.89032 9.50228
11.2074 11.1297 11.1137 11.1531 11.159 11.2505 11.3029 11.3257 11.2375 11.18 11.0687 10.9195 10.89 10.8127 10.8224 10.9163 11.0012 11.067 11.1858 11.3147 11.3251 11.1364 11.0933 10.9866 10.8477 10.9925 11.0395 10.9686 11.0712 11.039 11.1114 11.1506 11.1951 11.2557 11.3222 11.3986 11.4487 11.4674 11.4944 11.5193 11.5247 11.5214 11.5243 11.5294 11.5282 11.5236 11.5148 11.5158 11.4811 11.382 11.2046 10.8231 10.107 8.05736 7.37479 6.95992 7.59351 7.72449 8.16119 8.27682 7.65381 6.6971 7.05809 6.49827 6.80459 7.5818 8.71501 9.26778 9.59864
11.2564 11.2109 11.2 11.2495 11.261 11.2773 11.3527 11.3414 11.2452 11.1196 10.4543 10.2322 10.0276 9.98315 10.0038 10.2 10.3338 10.557 10.8563 10.7954 10.5328 10.2999 11.0162 10.318 10.2083 10.087 10.3519 10.4098 10.3363 10.469 10.5386 10.6409 10.7729 10.9262 11.0826 11.2114 11.447 11.4912 11.5062 11.5227 11.5203 11.5265 11.5272 11.5293 11.5252 11.5253 11.5183 11.5113 11.4727 11.3931 11.1999 10.7805 9.92757 7.53649 6.6849 5.95829 6.96671 7.41574 7.98571 8.36947 7.9241 8.22444 7.16755 7.09987 7.4455 8.24385 9.0974 9.44918 9.74452
11.312 11.2977 11.3154 11.2884 11.3478 11.3699 11.3707 11.3683 11.2713 11.1814 11.0442 10.978 10.922 10.9045 10.9384 10.9656 11.0476 11.1593 11.2752 10.4462 11.54 9.16677 11.0276 10.9727 10.8996 10.9157 10.9935 10.9664 11.0178 11.0551 11.0979 11.1518 11.2241 11.2994 11.3558 11.4419 11.5058 11.5162 11.5235 11.5201 11.5267 11.5297 11.5288 11.5307 11.5307 11.5304 11.5252 11.5089 11.4784 11.3984 11.2028 10.756 9.81322 6.74861 5.92928 5.19463 6.39755 6.88958 7.90518 8.17087 8.16161 7.49566 7.63329 7.63006 8.15598 8.80458 9.25476 9.60558 9.74038
11.3292 11.3542 11.3342 11.3599 11.3992 11.4058 11.4138 11.3947 11.308 11.2128 11.1106 11.0644 11.0028 11.027 11.0296 11.0738 11.1477 11.1977 11.213 9.82223 9.21874 9.1599 11.0145 10.989 10.9919 11.0093 10.9725 11.0254 11.0613 11.113 11.1703 11.2318 11.2982 11.3527 11.428 11.4802 11.4945 11.5147 11.5165 11.526 11.5286 11.5308 11.5294 11.5307 11.526 11.5272 11.5199 11.5091 11.4789 11.4017 11.2129 10.7579 9.73566 6.1242 5.72075 4.30651 5.45858 6.20909 7.2395 8.02197 7.47494 8.59695 7.84457 8.05689 8.63398 8.99567 9.36692 9.55361 9.59488
11.54 11.54 11.54 11.54 11.54 11.54 11.54 11.54 11.54 11.54 11.54 11.54 11.54 11.54 11.54 11.54 11.54 11.54 11.54 11.54 11.54 11.54 11.54 11.54 11.54 11.54 11.54 11.54 11.54 11.54 11.54 11.54 11.3613 11.4287 11.4719 11.4942 11.5174 11.5152 11.5234 11.528 11.5297 11.5302 11.5303 11.5329 11.5311 11.5251 11.519 11.506 11.4765 11.4038 11.2221 10.782 9.72475 5.8245 5.50035 3.88981 5.4165 4.63587 6.03373 8.38227 7.22141 8.49235 7.8332 8.38417 8.69835 9.12441 9.34106 9.39185 9.3293
11.54 11.3714 11.3958 11.54 11.54 11.54 11.3895 11.3414 11.54 11.54 11.54 11.0815 11.0397 11.0217 11.0213 11.003 10.9227 11.54 11.54 11.54 11.54 11.54 10.7728 11.54 10.8058 10.8636 10.9284 11.0134 11.1153 11.2228 11.3129 11.3496 11.4349 11.4739 11.4877 11.5046 11.5129 11.5222 11.527 11.5295 11.5302 11.5318 11.5315 11.5326 11.5283 11.5239 11.515 11.5001 11.4706 11.402 11.2307 10.8048 9.78135 5.95348 5.68822 3.88074 5.55277 5.54139 6.94941 7.27101 7.29815 8.26794 8.00782 8.42797 8.80678 9.08465 9.17678 9.11831 8.98281
11.124 11.2001 11.1992 11.3659 11.2385 11.3116 11.3096 11.188 10.8047 10.9149 10.3902 10.4245 10.3459 10.2778 10.1998 10.1161 9.69277 10.2112 9.45874 10.0919 9.37555 9.95312 10.0454 9.39071 9.85729 9.98316 10.1668 10.3999 10.6552 10.9023 11.07 11.4153 11.4748 11.4898 11.502 11.5147 11.5274 11.5318 11.5334 11.533 11.5341 11.5352 11.5348 11.5314 11.5284 11.5213 11.5093 11.491 11.4604 11.3937 11.2334 10.8305 9.83314 6.23322 6.01571 4.76489 5.36692 5.54689 6.78895 7.45062 7.87973 7.95159 8.15173 8.543 8.79957 8.92496 8.89662 8.76498 8.5878
11.4395 11.4591 11.4555 11.3128 11.4221 11.2265 10.9932 11.1008 11.3158 10.7951 11.1167 11.0772 11.0331 10.9831 10.9275 10.8714 10.7289 10.2819 10.8381 9.6449 10.5956 9.34628 8.65899 10.7037 10.7813 10.8535 10.9617 11.0897 11.2172 11.3084 11.4283 11.4873 11.4929 11.5032 11.5098 11.5192 11.5227 11.5297 11.5286 11.5323 11.5312 11.5342 11.5331 11.5322 11.5276 11.5181 11.5021 11.4784 11.443 11.3783 11.2231 10.8486 9.90092 6.34323 5.84692 4.89623 6.13616 6.41612 7.1953 7.4475 7.87484 8.3022 8.32172 8.52546 8.6783 8.6443 8.52058 8.36229 8.17323
11.54 11.54 11.54 11.54 11.54 11.54 11.54 11.54 11.54 11.54 11.54 11.54 11.54 11.54 11.54 11.54 11.54 11.54 11.54 11.54 11.54 11.54 11.54 11.54 11.54 11.54 11.54 11.54 11.3037 11.4309 11.5013 11.5055 11.5079 11.5101 11.5161 11.5236 11.5304 11.5286 11.5314 11.535 11.5354 11.5341 11.5341 11.5323 11.5267 11.5149 11.494 11.4621 11.4171 11.3481 11.2054 10.8365 9.96696 6.60378 6.3631 5.28612 5.89144 5.77129 7.58858 8.21214 8.13569 8.38196 8.33574 8.59121 8.53461 8.24368 8.0732 7.93702 7.78349
11.4523 11.4339 11.4465 11.457 11.4531 11.4613 11.4347 11.3918 11.3553 11.2341 11.2305 11.09 11.0924 10.9184 10.9682 10.7859 10.9304 10.9246 10.7366 10.8301 10.6896 10.7467 10.7731 10.815 10.9058 11.0407 11.1899 11.2592 11.4288 11.5049 11.5107 11.5162 11.5146 11.5169 11.5203 11.5259 11.5281 11.5313 11.5331 11.5354 11.5342 11.5347 11.5343 11.532 11.5259 11.5121 11.4857 11.4428 11.3815 11.2985 11.1598 10.8291 9.94512 6.44051 5.86698 4.74808 5.40635 6.25504 7.5904 8.04961 7.46243 8.28772 8.25914 8.0078 8.06858 7.72299 7.59829 7.47849 7.54006
11.3279 11.3308 11.3471 11.3597 11.361 11.3726 11.3354 11.2653 11.0961 10.9312 10.8504 10.7142 10.4531 10.2642 10.2674 10.1978 9.96314 10.1504 10.0979 9.83521 9.83296 9.82106 9.88138 10.018 10.2572 10.5628 10.8098 11.3751 11.5051 11.5157 11.5198 11.5199 11.5198 11.5211 11.5238 11.5278 11.5331 11.5352 11.5357 11.5343 11.5348 11.5346 11.534 11.5317 11.5253 11.5102 11.4786 11.4222 11.3369 11.2246 11.0741 10.776 9.98137 6.62415 6.13552 5.12697 6.02672 6.42983 8.03102 7.17095 7.02969 7.83183 6.72715 7.14412 7.35815 7.16473 7.14718 7.09668 6.85888
11.54 11.54 11.54 11.54 11.54 11.54 11.54 11.54 11.54 11.54 11.54 11.54 11.54 11.54 11.54 11.54 11.54 11.54 11.54 11.54 11.54 11.54 11.54 11.54 11.54 11.1967 11.3795 11.5044 11.5171 11.5252 11.5249 11.5243 11.5223 11.5238 11.5253 11.5287 11.5302 11.5338 11.5336 11.5345 11.5344 11.534 11.5334 11.5312 11.5248 11.5084 11.4738 11.4036 11.2865 11.124 10.9306 10.653 9.95263 6.58847 5.77519 4.74025 6.09788 6.66326 7.13881 6.3213 6.0716 6.10611 6.96814 7.40285 6.99398 6.23399 6.22339 6.64213 6.98478
11.4333 11.4448 11.54 11.54 11.54 11.54 11.4432 11.3983 11.3296 11.2479 11.1432 11.0643 10.9874 11.54 10.9538 11.54 11.54 10.9222 11.54 11.54 10.8108 10.8705 11.54 11.54 11.1793 11.3916 11.5045 11.5167 11.5265 11.5299 11.5281 11.5262 11.5249 11.5247 11.5268 11.5302 11.5336 11.5326 11.5338 11.5338 11.5334 11.533 11.5324 11.5307 11.524 11.5075 11.4691 11.3923 11.2371 11.0025 10.7132 10.4075 9.84034 6.75456 6.0875 5.15718 4.77782 5.48906 6.03775 5.23611 5.4743 5.38319 5.70881 5.18183 5.72137 5.00556 5.41553 5.17189 4.97159
11.3847 11.3663 11.3222 11.4269 11.3664 11.4229 11.3932 11.3244 11.2152 11.0862 10.9493 10.8111 10.6102 10.0262 10.0124 10.7022 10.0874 9.98402 10.5297 9.77022 10.0647 10.0173 10.848 10.527 11.3377 11.5077 11.5176 11.5268 11.5313 11.5325 11.529 11.5278 11.5259 11.5266 11.528 11.5307 11.532 11.5336 11.5343 11.534 11.5337 11.5333 11.5329 11.5313 11.5265 11.5108 11.4782 11.4027 11.2629 11.0005 10.6703 10.3153 9.79667 6.90102 6.12396 5.43556 5.60517 5.64692 5.82452 4.68279 5.41625 5.1843 5.81263 6.00997 6.16487 5.61535 5.67269 5.77017 5.48936
11.2785 11.2459 11.4565 11.443 11.49 11.2969 11.283 11.0082 10.9533 10.504 10.4781 9.90081 10.2467 11.1679 11.1762 10.438 11.0479 10.9743 10.6922 11.1345 11.2139 11.2468 10.7343 11.3343 11.5132 11.5206 11.5278 11.5323 11.5341 11.5334 11.5301 11.5283 11.5273 11.5278 11.5291 11.5316 11.5349 11.5361 11.5363 11.536 11.5358 11.536 11.5357 11.535 11.5338 11.5297 11.5104 11.4809 11.4062 11.2547 10.8958 10.5403 10.1618 7.09209 6.53074 5.80753 4.61719 4.70864 5.74779 4.27594 6.33115 5.2907 6.31197 5.48139 5.80089 5.75086 5.6372 5.46604 5.32002
11.54 11.54 11.54 11.54 11.54 11.54 11.54 11.54 11.54 11.54 11.54 11.54 11.54 11.54 11.54 11.54 11.54 11.54 11.54 11.54 11.54 11.2092 11.3751 11.5183 11.5239 11.5291 11.5331 11.535 11.5351 11.5339 11.5307 11.5293 11.5276 11.5283 11.5291 11.5313 11.5321 11.5347 11.5335 11.5349 11.5332 11.5349 11.5327 11.5336 11.5289 11.5232 11.487 11.4543 11.2858 11.1286 10.4365 10.2075 9.42927 7.00986 6.78742 6.02488 5.30466 5.34439 6.29653 6.14908 7.35301 5.98703 6.82111 5.68322 5.91601 4.90175 6.20082 6.34323 6.53072
11.4563 11.54 11.54 11.54 11.54 11.54 11.54 11.4507 11.54 11.54 11.54 11.2172 11.1765 11.0872 11.1081 11.1393 11.174 11.54 11.54 11.54 11.54 11.54 11.54 11.54 11.54 11.54 11.54 11.54 11.54 11.54 11.54 11.54 11.54 11.54 11.54 11.54 11.54 11.54 11.5342 11.5362 11.5362 11.5345 11.5339 11.5354 11.5337 11.5268 11.5 11.4976 11.4113 11.1699 10.5305 10.4123 9.82822 6.53311 6.25145 5.42671 5.76354 5.49887 6.32064 5.65859 5.59322 6.02329 6.47895 5.41356 5.66833 5.51755 6.15895 5.76753 6.25451
11.3822 11.3349 11.4083 11.3608 11.417 11.3793 11.4391 11.3578 11.1889 11.2153 10.8274 10.8801 10.7402 10.6941 10.695 10.7387 10.683 11.1043 10.89 11.3585 11.4474 11.5231 11.527 11.5304 11.5326 11.5333 11.5338 11.5335 11.5319 11.5288 11.5245 11.5218 11.5201 11.5211 11.5239 11.54 11.54 11.5329 11.5347 11.5362 11.535 11.5356 11.5348 11.5353 11.5329 11.5298 11.5117 11.4904 11.4042 11.2086 10.646 10.3286 9.27497 6.50217 5.90761 4.43431 5.15211 5.50046 6.27265 6.33054 5.73471 6.83184 5.87479 4.77982 4.94198 5.2509 5.66951 6.1101 5.44437
11.2565 11.4488 11.408 11.4772 11.386 11.4717 11.3872 11.2823 11.3933 11.2987 11.3805 11.3952 11.3703 11.3602 11.3555 11.3785 11.3915 11.1022 11.2531 11.4804 11.3084 11.4523 11.5163 11.5216 11.5247 11.5263 11.5268 11.5255 11.5219 11.5149 11.5061 11.4994 11.4966 11.4984 11.4992 11.5212 11.5199 11.54 11.54 11.54 11.54 11.54 11.54 11.54 11.54 11.54 11.54 11.54 11.54 11.54 11.54 11.54 11.54 11.54 5.59471 5.31673 5.89939 5.63426 6.68055 6.10112 5.59711 5.40178 5.62053 6.00199 5.8915 5.81304 5.39775 5.56174 4.62799
11.54 11.54 11.54 11.54 11.54 11.54 11.54 11.54 11.54 11.54 11.54 11.54 11.54 11.54 11.54 11.54 11.54 11.4093 11.4753 11.4885 11.5183 11.5348 11.5357 11.5362 11.5363 11.5365 11.5363 11.5358 11.5345 11.5329 11.5291 11.5271 11.5258 11.5278 11.528 11.5201 11.5245 11.54 11.5279 11.54 11.5288 11.54 11.5213 11.5147 11.54 11.54 11.4141 11.54 11.1332 11.54 10.3715 10.0159 8.98421 6.03235 5.56064 4.65497 5.37031 5.85628 6.68677 6.13426 5.68935 6.01955 6.01062 5.75202 6.27529 6.41722 5.32722 5.35191 4.98787
11.4147 11.4137 11.4172 11.4203 11.54 11.4683 11.4927 11.5009 11.4802 11.4688 11.4475 11.3933 11.3504 11.3982 11.4208 11.3935 11.4076 11.4921 11.5333 11.5334 11.5311 11.5343 11.5338 11.5355 11.5345 11.5357 11.5342 11.5346 11.5312 11.5309 11.5237 11.5248 11.52 11.5252 11.5193 11.5204 11.5224 11.5005 11.5054 11.5178 11.5181 11.5021 11.4935 11.4581 11.4665 11.3536 11.0854 11.0506 10.6154 9.34027 8.47067 7.58657 7.01202 5.66792 5.8584 4.61065 6.70561 6.30238 5.83757 5.2615 5.28627 5.80634 6.46956 6.67177 7.03691 6.75026 5.68261 5.40038 4.61931
11.3465 11.2954 11.3214 11.3224 11.2544 11.3695 11.4308 11.4568 11.4045 11.3932 11.3296 11.2712 11.2276 11.2677 11.2767 11.3179 11.4795 11.5371 11.5356 11.5367 11.5368 11.536 11.5361 11.5372 11.5372 11.5362 11.5353 11.5361 11.5348 11.5314 11.5275 11.5304 11.5299 11.5218 11.5256 11.4849 11.4979 11.5277 11.5283 11.4913 11.507 11.5298 11.5253 11.5089 11.4182 11.4527 11.351 10.7549 9.90331 10.6521 10.1511 9.68898 9.17196 5.59424 5.51819 4.44166 5.30904 5.03434 5.01819 5.22354 5.73017 5.94666 7.15333 6.96362 7.03706 7.00107 6.00963 5.79673 5.19447
11.1693 11.0069 11.1356 11.0744 11.4226 11.4597 11.4935 11.5128 11.5058 11.4953 11.4817 11.4707 11.4659 11.4559 11.4667 11.5004 11.538 11.5381 11.5379 11.5379 11.5371 11.5374 11.5372 11.5376 11.5368 11.5369 11.5362 11.5362 11.5343 11.5332 11.5292 11.54 11.54 11.54 11.54 11.54 11.54 11.54 11.54 11.54 11.54 11.54 11.54 11.54 11.54 11.54 11.54 11.54 11.54 11.54 11.54 11.54 11.54 11.54 5.33537 4.73643 5.74606 5.09041 5.41685 5.36722 5.63961 6.6612 7.57219 7.23491 7.28589 7.09054 6.24788 6.12645 5.26645
11.54 11.54 11.54 11.54 11.54 11.54 11.4422 11.5105 11.5201 11.54 11.54 11.54 11.54 11.5015 11.5171 11.5387 11.5387 11.5391 11.5386 11.5388 11.5387 11.5387 11.5384 11.5375 11.5375 11.5374 11.5366 11.5373 11.537 11.537 11.5309 11.5256 11.5244 11.519 11.5157 11.54 11.54 11.54 11.5146 11.54 11.54 11.54 11.54 11.4422 11.3382 11.2044 11.0445 10.8838 10.7658 10.3053 11.54 11.54 11.54 6.19646 5.38272 4.84484 5.31513 6.01551 6.55423 6.18693 6.82338 7.43383 7.58665 7.38269 7.30174 7.09069 6.3073 6.11734 5.37362
11.4093 11.3826 11.3785 11.3799 11.3904 11.4275 11.34 11.54 11.4989 11.5189 11.5155 11.5123 10.8879 11.0844 11.5274 11.5394 11.5395 11.5397 11.539 11.5389 11.5383 11.5385 11.538 11.5378 11.5377 11.5374 11.537 11.5373 11.536 11.5365 11.5291 11.5266 11.5037 11.494 11.4674 11.4884 11.4607 11.4843 11.4835 11.4783 11.5066 11.4622 11.4621 11.3916 11.2284 10.9223 10.6057 10.2862 10.1812 9.63977 6.94921 7.39483 5.79655 5.26109 5.23824 4.44466 5.03426 6.04993 6.33188 6.92648 7.66719 7.52184 7.77482 7.27974 7.17655 6.9495 6.30941 6.58395 6.21385
11.2201 11.1739 11.1632 11.1379 11.1756 11.2288 11.2543 11.3472 11.446 11.5144 11.4964 11.5007 11.1245 11.5401 11.5306 11.5397 11.5397 11.5397 11.5392 11.5393 11.5391 11.5386 11.5383 11.5378 11.5376 11.5375 11.5372 11.5381 11.5381 11.5376 11.5302 11.5279 11.5205 11.5186 11.5092 11.4884 11.5115 11.4182 11.4575 11.518 11.4862 11.5079 11.4046 11.1276 10.9084 9.96636 9.67396 8.48162 8.60884 7.52874 9.54789 7.67517 8.816 5.51263 5.57036 4.38612 5.69502 5.61364 6.77319 7.44184 7.14638 7.52981 7.6921 7.13341 7.00936 6.82536 6.28271 6.30781 5.43129
11.54 11.54 11.54 11.54 11.54 11.54 11.54 11.54 11.54 11.54 11.5245 11.534 11.5366 11.54 11.5338 11.5398 11.5398 11.5398 11.5395 11.5395 11.5391 11.5389 11.5385 11.5381 11.5377 11.5377 11.5378 11.5386 11.538 11.5386 11.5312 11.5283 11.5237 11.5179 11.5126 11.5121 11.5051 11.5059 11.5143 11.5085 11.5145 11.5127 11.5176 11.4782 11.355 11.0604 11.0126 10.7656 10.3156 10.1337 9.71762 9.88719 8.71239 5.23694 5.27328 4.51298 5.59846 6.54645 7.08767 7.00071 7.27611 7.37274 7.48201 6.8787 6.9651 6.93826 6.27742 6.22028 5.29584
