tests/full-run-ref/erosion_78_15_62.100.asc
ncols 512
nrows 512
xllcorner -3.24582
yllcorner -4.08743
cellsize 5
NODATA_value -99999
[rows 72 to 107 of 512, columns 0 to 80 of 512]
352.771 353.727 353.714 353.714 353.714 353.714 353.714 353.714 353.714 353.714 353.714 353.714 353.714 353.714 353.772 353.821 353.842 353.846 353.845 353.845 353.845 353.849 353.852 353.854 353.856 353.857 353.858 353.858 353.857 353.856 353.855 353.853 353.851 353.849 353.846 353.844 353.841 353.838 353.835 353.832 353.829 353.825 353.823 353.822 353.825 353.83 353.836 353.84 353.84 353.837 353.835 353.833 353.832 353.832 353.832 353.833 353.834 353.835 353.837 353.839 353.841 353.844 353.847 353.851 353.854 353.858 353.862 353.866 353.87 353.874 353.878 353.881 353.884 353.886 353.889 353.89 353.892 353.893 353.894 353.894 353.895
352.776 353.732 353.714 353.714 353.714 353.714 353.714 353.714 353.714 353.714 353.714 353.714 353.714 353.714 353.772 353.82 353.841 353.845 353.845 353.845 353.845 353.849 353.852 353.854 353.856 353.857 353.858 353.858 353.857 353.856 353.855 353.853 353.851 353.849 353.846 353.843 353.84 353.837 353.834 353.831 353.828 353.824 353.821 353.821 353.823 353.828 353.834 353.837 353.837 353.835 353.832 353.831 353.83 353.83 353.831 353.832 353.834 353.836 353.838 353.841 353.845 353.848 353.853 353.857 353.862 353.867 353.872 353.877 353.883 353.888 353.893 353.897 353.902 353.905 353.909 353.912 353.914 353.916 353.918 353.919 353.92
352.782 353.738 353.714 353.714 353.714 353.714 353.714 353.714 353.714 353.714 353.714 353.714 353.714 353.714 353.772 353.82 353.841 353.845 353.845 353.845 353.846 353.849 353.852 353.855 353.856 353.858 353.858 353.858 353.858 353.856 353.855 353.853 353.851 353.848 353.845 353.842 353.839 353.836 353.833 353.83 353.827 353.823 353.82 353.819 353.822 353.826 353.831 353.834 353.834 353.832 353.83 353.829 353.829 353.828 353.83 353.832 353.834 353.837 353.841 353.845 353.849 353.854 353.859 353.865 353.871 353.877 353.884 353.891 353.897 353.904 353.91 353.916 353.922 353.927 353.932 353.936 353.939 353.942 353.945 353.947 353.948
352.786 353.743 353.714 353.714 353.714 353.714 353.714 353.714 353.714 353.714 353.714 353.714 353.714 353.714 353.773 353.82 353.84 353.845 353.845 353.845 353.846 353.85 353.853 353.855 353.857 353.858 353.858 353.858 353.858 353.856 353.855 353.853 353.85 353.848 353.845 353.842 353.839 353.835 353.832 353.829 353.826 353.822 353.819 353.818 353.82 353.824 353.829 353.832 353.832 353.83 353.828 353.827 353.828 353.829 353.831 353.833 353.836 353.84 353.845 353.849 353.855 353.861 353.868 353.875 353.882 353.89 353.898 353.906 353.914 353.923 353.931 353.938 353.945 353.952 353.958 353.963 353.968 353.972 353.975 353.978 353.98
352.79 353.747 353.714 353.714 353.714 353.714 353.714 353.714 353.714 353.714 353.714 353.714 353.714 353.714 353.775 353.821 353.841 353.845 353.845 353.845 353.847 353.85 353.853 353.856 353.857 353.858 353.859 353.858 353.858 353.856 353.854 353.852 353.85 353.847 353.844 353.841 353.838 353.834 353.831 353.828 353.825 353.821 353.818 353.817 353.819 353.823 353.827 353.83 353.83 353.828 353.827 353.826 353.827 353.829 353.832 353.835 353.839 353.844 353.85 353.856 353.863 353.87 353.878 353.887 353.896 353.905 353.915 353.925 353.934 353.944 353.954 353.963 353.971 353.979 353.987 353.994 354 354.005 354.009 354.013 354.016
352.794 353.751 353.714 353.714 353.714 353.714 353.714 353.714 353.714 353.714 353.714 353.714 353.714 353.716 353.777 353.822 353.841 353.846 353.845 353.845 353.848 353.851 353.854 353.857 353.858 353.859 353.859 353.858 353.858 353.856 353.854 353.852 353.849 353.846 353.843 353.84 353.837 353.834 353.83 353.827 353.824 353.82 353.817 353.816 353.817 353.821 353.825 353.828 353.828 353.827 353.826 353.826 353.827 353.83 353.833 353.838 353.843 353.849 353.856 353.863 353.872 353.881 353.891 353.901 353.911 353.923 353.934 353.945 353.957 353.968 353.98 353.99 354 354.01 354.019 354.028 354.035 354.041 354.047 354.052 354.056
352.797 353.755 353.714 353.714 353.714 353.714 353.714 353.714 353.714 353.714 353.714 353.714 353.714 353.721 353.78 353.823 353.842 353.847 353.845 353.845 353.849 353.853 353.855 353.857 353.859 353.859 353.859 353.859 353.857 353.856 353.854 353.851 353.849 353.846 353.843 353.839 353.836 353.833 353.829 353.826 353.823 353.819 353.816 353.815 353.816 353.82 353.823 353.826 353.827 353.826 353.826 353.826 353.828 353.832 353.836 353.841 353.848 353.855 353.864 353.873 353.883 353.893 353.905 353.917 353.929 353.942 353.955 353.969 353.982 353.995 354.008 354.02 354.032 354.044 354.054 354.064 354.073 354.081 354.087 354.093 354.098
352.799 353.757 353.715 353.714 353.714 353.714 353.714 353.714 353.714 353.714 353.714 353.714 353.714 353.726 353.783 353.825 353.844 353.848 353.847 353.847 353.85 353.853 353.856 353.858 353.859 353.859 353.859 353.858 353.857 353.855 353.853 353.851 353.848 353.845 353.842 353.838 353.835 353.832 353.828 353.825 353.822 353.818 353.815 353.814 353.815 353.819 353.822 353.825 353.826 353.826 353.826 353.827 353.83 353.835 353.84 353.847 353.855 353.864 353.874 353.884 353.896 353.908 353.922 353.935 353.95 353.964 353.979 353.994 354.009 354.024 354.039 354.053 354.066 354.079 354.091 354.102 354.112 354.121 354.129 354.136 354.142
352.798 353.758 353.716 353.714 353.714 353.714 353.714 353.714 353.714 353.714 353.714 353.714 353.714 353.731 353.787 353.827 353.845 353.85 353.848 353.848 353.852 353.855 353.857 353.858 353.859 353.859 353.859 353.858 353.856 353.854 353.852 353.85 353.847 353.844 353.84 353.837 353.834 353.83 353.827 353.824 353.821 353.817 353.815 353.814 353.815 353.818 353.822 353.825 353.826 353.827 353.827 353.829 353.834 353.839 353.846 353.854 353.863 353.874 353.886 353.898 353.912 353.926 353.941 353.957 353.973 353.989 354.006 354.023 354.039 354.056 354.072 354.088 354.103 354.117 354.131 354.143 354.154 354.165 354.174 354.182 354.188
352.797 353.757 353.716 353.714 353.714 353.714 353.714 353.714 353.714 353.714 353.714 353.714 353.714 353.738 353.791 353.83 353.848 353.852 353.85 353.85 353.853 353.856 353.857 353.859 353.859 353.859 353.858 353.857 353.856 353.854 353.851 353.848 353.846 353.842 353.839 353.836 353.833 353.829 353.826 353.823 353.82 353.817 353.814 353.814 353.815 353.818 353.822 353.826 353.827 353.828 353.83 353.833 353.838 353.845 353.853 353.863 353.874 353.886 353.9 353.914 353.929 353.946 353.963 353.98 353.998 354.017 354.036 354.054 354.072 354.091 354.109 354.126 354.142 354.158 354.173 354.187 354.199 354.211 354.221 354.23 354.237
352.795 353.756 353.717 353.714 353.714 353.714 353.714 353.714 353.714 353.714 353.714 353.714 353.714 353.744 353.796 353.833 353.85 353.854 353.852 353.852 353.854 353.856 353.858 353.859 353.859 353.859 353.858 353.856 353.854 353.852 353.85 353.847 353.844 353.841 353.838 353.834 353.831 353.828 353.825 353.822 353.819 353.817 353.814 353.814 353.815 353.819 353.823 353.827 353.829 353.831 353.833 353.837 353.844 353.852 353.862 353.873 353.886 353.9 353.915 353.932 353.949 353.968 353.987 354.006 354.026 354.047 354.067 354.087 354.107 354.127 354.146 354.165 354.183 354.2 354.216 354.231 354.245 354.257 354.269 354.278 354.286
352.794 353.756 353.717 353.714 353.714 353.714 353.714 353.714 353.714 353.714 353.714 353.714 353.714 353.752 353.801 353.837 353.853 353.856 353.854 353.853 353.855 353.857 353.858 353.858 353.858 353.857 353.856 353.855 353.853 353.85 353.848 353.845 353.842 353.839 353.836 353.833 353.83 353.826 353.824 353.821 353.819 353.816 353.814 353.814 353.816 353.82 353.824 353.828 353.831 353.834 353.837 353.843 353.851 353.861 353.872 353.885 353.899 353.916 353.933 353.951 353.971 353.991 354.013 354.034 354.056 354.078 354.1 354.122 354.144 354.165 354.185 354.205 354.224 354.242 354.26 354.276 354.29 354.304 354.316 354.326 354.335
352.793 353.755 353.717 353.714 353.714 353.714 353.714 353.714 353.714 353.714 353.714 353.714 353.714 353.76 353.807 353.841 353.856 353.859 353.856 353.855 353.856 353.857 353.858 353.858 353.857 353.856 353.854 353.852 353.85 353.848 353.845 353.842 353.839 353.836 353.833 353.83 353.827 353.825 353.822 353.82 353.818 353.816 353.814 353.815 353.817 353.821 353.826 353.83 353.834 353.838 353.843 353.85 353.859 353.871 353.884 353.899 353.915 353.933 353.953 353.974 353.995 354.018 354.041 354.064 354.088 354.112 354.136 354.159 354.182 354.204 354.226 354.247 354.267 354.286 354.304 354.321 354.336 354.35 354.363 354.374 354.383
352.791 353.754 353.717 353.714 353.714 353.714 353.714 353.714 353.714 353.714 353.714 353.714 353.723 353.768 353.813 353.845 353.859 353.861 353.858 353.856 353.857 353.857 353.857 353.856 353.855 353.854 353.852 353.85 353.847 353.845 353.842 353.839 353.836 353.833 353.831 353.828 353.825 353.823 353.82 353.818 353.817 353.815 353.814 353.815 353.818 353.822 353.828 353.833 353.838 353.843 353.849 353.858 353.869 353.882 353.897 353.914 353.933 353.953 353.975 353.998 354.021 354.046 354.072 354.097 354.122 354.148 354.173 354.198 354.222 354.245 354.268 354.29 354.311 354.331 354.349 354.367 354.383 354.397 354.411 354.422 354.432
352.791 353.754 353.718 353.714 353.714 353.714 353.714 353.714 353.714 353.714 353.714 353.714 353.735 353.778 353.82 353.85 353.862 353.864 353.86 353.857 353.858 353.857 353.856 353.855 353.853 353.851 353.848 353.846 353.844 353.841 353.838 353.835 353.833 353.83 353.827 353.825 353.822 353.82 353.818 353.817 353.816 353.815 353.814 353.816 353.819 353.824 353.83 353.836 353.842 353.849 353.856 353.867 353.879 353.895 353.912 353.931 353.951 353.974 353.998 354.023 354.049 354.076 354.103 354.131 354.158 354.185 354.212 354.238 354.263 354.287 354.311 354.333 354.355 354.375 354.394 354.412 354.428 354.443 354.457 354.469 354.479
352.793 353.757 353.722 353.714 353.714 353.714 353.714 353.714 353.714 353.714 353.714 353.717 353.748 353.788 353.827 353.855 353.866 353.866 353.862 353.858 353.857 353.856 353.854 353.852 353.849 353.847 353.844 353.842 353.839 353.836 353.833 353.831 353.828 353.826 353.823 353.821 353.819 353.817 353.816 353.815 353.814 353.814 353.812 353.816 353.82 353.826 353.832 353.839 353.847 353.855 353.864 353.876 353.89 353.908 353.927 353.948 353.971 353.996 354.022 354.049 354.077 354.106 354.136 354.165 354.194 354.222 354.251 354.278 354.304 354.329 354.353 354.376 354.397 354.418 354.437 354.455 354.472 354.487 354.501 354.513 354.523
352.798 353.762 353.728 353.714 353.714 353.714 353.714 353.714 353.714 353.714 353.714 353.733 353.762 353.799 353.835 353.86 353.869 353.869 353.863 353.859 353.857 353.854 353.851 353.848 353.845 353.842 353.839 353.836 353.834 353.831 353.828 353.826 353.823 353.821 353.819 353.817 353.816 353.814 353.813 353.812 353.812 353.812 353.814 353.816 353.821 353.827 353.834 353.843 353.851 353.861 353.872 353.885 353.902 353.921 353.943 353.966 353.991 354.019 354.047 354.077 354.107 354.138 354.17 354.2 354.231 354.261 354.29 354.318 354.345 354.37 354.395 354.418 354.439 354.46 354.479 354.497 354.513 354.528 354.542 354.554 354.564
352.806 353.769 353.736 353.714 353.714 353.714 353.714 353.714 353.714 353.714 353.73 353.75 353.777 353.811 353.843 353.866 353.873 353.871 353.865 353.859 353.856 353.852 353.848 353.844 353.841 353.837 353.833 353.83 353.827 353.825 353.822 353.82 353.818 353.816 353.814 353.813 353.812 353.811 353.81 353.81 353.81 353.811 353.813 353.816 353.822 353.828 353.837 353.846 353.856 353.867 353.88 353.896 353.915 353.936 353.96 353.985 354.013 354.043 354.074 354.105 354.138 354.171 354.204 354.237 354.269 354.3 354.33 354.359 354.386 354.412 354.436 354.459 354.481 354.501 354.52 354.537 354.553 354.568 354.581 354.593 354.602
352.814 353.778 353.746 353.722 353.714 353.714 353.714 353.714 353.719 353.732 353.749 353.768 353.793 353.823 353.852 353.871 353.877 353.873 353.865 353.859 353.854 353.849 353.844 353.839 353.834 353.83 353.826 353.823 353.82 353.818 353.815 353.813 353.812 353.81 353.809 353.808 353.807 353.806 353.806 353.806 353.808 353.809 353.812 353.816 353.822 353.83 353.839 353.849 353.861 353.874 353.889 353.906 353.927 353.951 353.977 354.005 354.035 354.067 354.101 354.134 354.169 354.204 354.239 354.273 354.306 354.339 354.37 354.399 354.427 354.453 354.477 354.5 354.521 354.541 354.558 354.575 354.591 354.605 354.617 354.628 354.638
352.824 353.788 353.757 353.734 353.723 353.72 353.723 353.729 353.739 353.753 353.77 353.788 353.81 353.836 353.86 353.876 353.879 353.874 353.865 353.857 353.851 353.844 353.838 353.832 353.827 353.822 353.818 353.814 353.811 353.809 353.807 353.805 353.804 353.803 353.802 353.801 353.801 353.801 353.801 353.802 353.804 353.806 353.81 353.815 353.822 353.83 353.841 353.853 353.866 353.88 353.897 353.917 353.94 353.966 353.994 354.024 354.056 354.091 354.127 354.163 354.199 354.236 354.273 354.309 354.343 354.376 354.408 354.438 354.466 354.492 354.516 354.538 354.559 354.577 354.595 354.61 354.625 354.638 354.65 354.661 354.67
352.837 353.801 353.771 353.75 353.74 353.739 353.744 353.752 353.762 353.777 353.794 353.811 353.83 353.851 353.869 353.881 353.881 353.874 353.864 353.854 353.846 353.838 353.83 353.823 353.817 353.812 353.807 353.803 353.8 353.798 353.797 353.795 353.794 353.794 353.793 353.793 353.793 353.794 353.794 353.796 353.799 353.802 353.806 353.812 353.821 353.83 353.842 353.855 353.87 353.887 353.905 353.927 353.952 353.98 354.011 354.043 354.078 354.115 354.153 354.191 354.229 354.268 354.307 354.344 354.379 354.413 354.446 354.476 354.504 354.529 354.553 354.575 354.594 354.612 354.628 354.643 354.656 354.668 354.679 354.689 354.697
352.851 353.817 353.788 353.768 353.76 353.761 353.768 353.777 353.789 353.805 353.822 353.837 353.852 353.867 353.879 353.885 353.883 353.874 353.862 353.851 353.841 353.831 353.822 353.813 353.806 353.8 353.795 353.791 353.788 353.786 353.785 353.784 353.783 353.783 353.783 353.784 353.784 353.785 353.787 353.789 353.793 353.797 353.802 353.809 353.819 353.83 353.843 353.858 353.875 353.893 353.913 353.937 353.964 353.995 354.028 354.063 354.099 354.138 354.179 354.219 354.259 354.3 354.34 354.378 354.414 354.449 354.482 354.513 354.54 354.565 354.588 354.609 354.628 354.644 354.659 354.672 354.685 354.695 354.705 354.714 354.721
352.864 353.831 353.804 353.786 353.78 353.783 353.791 353.802 353.814 353.83 353.847 353.861 353.872 353.881 353.887 353.888 353.883 353.872 353.858 353.845 353.834 353.822 353.811 353.802 353.794 353.787 353.782 353.777 353.774 353.773 353.772 353.772 353.771 353.772 353.773 353.774 353.775 353.777 353.779 353.782 353.786 353.791 353.797 353.806 353.817 353.829 353.844 353.86 353.879 353.899 353.921 353.947 353.976 354.009 354.044 354.081 354.12 354.162 354.204 354.246 354.288 354.33 354.372 354.411 354.448 354.484 354.517 354.548 354.575 354.6 354.622 354.641 354.659 354.674 354.687 354.699 354.71 354.72 354.728 354.736 354.742
352.872 353.841 353.816 353.8 353.795 353.8 353.81 353.821 353.833 353.85 353.866 353.878 353.886 353.89 353.891 353.888 353.88 353.867 353.851 353.837 353.824 353.811 353.798 353.788 353.779 353.772 353.766 353.762 353.76 353.758 353.758 353.759 353.759 353.761 353.762 353.765 353.767 353.769 353.772 353.776 353.781 353.786 353.793 353.803 353.815 353.829 353.845 353.863 353.883 353.904 353.929 353.956 353.988 354.023 354.06 354.099 354.14 354.184 354.228 354.272 354.315 354.359 354.402 354.442 354.48 354.516 354.55 354.58 354.607 354.631 354.652 354.671 354.688 354.701 354.713 354.724 354.733 354.741 354.748 354.755 354.76
352.877 353.848 353.825 353.811 353.808 353.814 353.825 353.836 353.849 353.865 353.88 353.89 353.894 353.895 353.892 353.886 353.875 353.86 353.843 353.827 353.812 353.797 353.783 353.772 353.763 353.755 353.75 353.746 353.744 353.744 353.745 353.746 353.748 353.75 353.753 353.756 353.759 353.762 353.765 353.77 353.776 353.782 353.79 353.801 353.813 353.828 353.846 353.865 353.887 353.91 353.936 353.966 353.999 354.036 354.075 354.116 354.159 354.204 354.251 354.296 354.341 354.386 354.43 354.471 354.51 354.546 354.58 354.61 354.637 354.66 354.68 354.698 354.713 354.726 354.736 354.745 354.753 354.76 354.765 354.771 354.775
352.88 353.853 353.833 353.82 353.818 353.825 353.837 353.848 353.861 353.876 353.889 353.898 353.899 353.896 353.89 353.881 353.868 353.85 353.832 353.814 353.798 353.782 353.766 353.754 353.744 353.737 353.732 353.728 353.727 353.728 353.73 353.733 353.736 353.739 353.743 353.747 353.751 353.755 353.759 353.765 353.771 353.779 353.787 353.798 353.812 353.828 353.846 353.867 353.89 353.915 353.943 353.975 354.01 354.049 354.09 354.133 354.177 354.224 354.272 354.319 354.365 354.412 354.457 354.499 354.538 354.574 354.608 354.638 354.664 354.687 354.706 354.723 354.737 354.747 354.756 354.764 354.77 354.775 354.78 354.783 354.787
352.877 353.853 353.835 353.825 353.824 353.832 353.844 353.856 353.867 353.881 353.893 353.9 353.899 353.894 353.884 353.872 353.857 353.838 353.818 353.799 353.781 353.763 353.747 353.733 353.723 353.716 353.711 353.709 353.708 353.711 353.714 353.718 353.722 353.727 353.733 353.738 353.743 353.748 353.753 353.76 353.767 353.775 353.784 353.796 353.811 353.828 353.847 353.869 353.894 353.92 353.95 353.983 354.02 354.061 354.104 354.148 354.195 354.243 354.293 354.341 354.388 354.436 354.482 354.524 354.564 354.6 354.634 354.664 354.69 354.711 354.73 354.745 354.758 354.767 354.774 354.78 354.786 354.789 354.792 354.794 354.797
352.867 353.846 353.831 353.822 353.823 353.832 353.845 353.856 353.867 353.88 353.891 353.896 353.893 353.885 353.873 353.859 353.842 353.821 353.799 353.778 353.759 353.74 353.723 353.709 353.699 353.692 353.688 353.686 353.687 353.69 353.696 353.702 353.707 353.714 353.721 353.728 353.734 353.74 353.746 353.754 353.762 353.771 353.781 353.794 353.809 353.827 353.848 353.871 353.897 353.925 353.957 353.991 354.03 354.072 354.117 354.163 354.211 354.261 354.312 354.361 354.409 354.458 354.504 354.548 354.587 354.624 354.658 354.687 354.713 354.734 354.751 354.766 354.777 354.785 354.791 354.796 354.8 354.802 354.803 354.804 354.806
352.848 353.831 353.818 353.812 353.815 353.825 353.838 353.849 353.86 353.872 353.882 353.886 353.881 353.871 353.857 353.841 353.822 353.799 353.776 353.754 353.734 353.713 353.695 353.681 353.671 353.664 353.661 353.66 353.663 353.668 353.676 353.683 353.691 353.7 353.709 353.717 353.725 353.732 353.74 353.748 353.757 353.767 353.778 353.791 353.808 353.827 353.849 353.873 353.9 353.93 353.963 353.999 354.039 354.083 354.129 354.177 354.226 354.277 354.329 354.379 354.429 354.478 354.525 354.569 354.609 354.646 354.679 354.708 354.733 354.753 354.77 354.784 354.794 354.801 354.806 354.809 354.812 354.813 354.813 354.813 354.814
352.822 353.809 353.8 353.796 353.8 353.811 353.825 353.837 353.847 353.859 353.867 353.87 353.864 353.852 353.836 353.818 353.797 353.774 353.749 353.726 353.704 353.683 353.664 353.649 353.64 353.634 353.632 353.632 353.636 353.644 353.654 353.664 353.674 353.684 353.695 353.706 353.715 353.724 353.732 353.742 353.752 353.763 353.774 353.789 353.807 353.827 353.849 353.875 353.903 353.935 353.969 354.007 354.048 354.093 354.141 354.19 354.24 354.292 354.345 354.396 354.446 354.496 354.544 354.588 354.628 354.665 354.698 354.727 354.751 354.771 354.787 354.8 354.81 354.815 354.819 354.821 354.823 354.823 354.822 354.821 354.82
352.791 353.781 353.775 353.774 353.78 353.792 353.805 353.817 353.828 353.839 353.846 353.848 353.841 353.827 353.81 353.79 353.769 353.743 353.717 353.693 353.671 353.649 353.629 353.614 353.605 353.6 353.599 353.601 353.607 353.617 353.629 353.641 353.654 353.667 353.68 353.693 353.704 353.714 353.724 353.735 353.746 353.758 353.77 353.786 353.805 353.826 353.849 353.876 353.906 353.939 353.974 354.013 354.056 354.103 354.152 354.202 354.253 354.306 354.36 354.412 354.463 354.513 354.561 354.605 354.645 354.682 354.715 354.744 354.767 354.787 354.802 354.814 354.823 354.828 354.831 354.832 354.833 354.832 354.83 354.828 354.827
352.755 353.749 353.746 353.746 353.753 353.766 353.779 353.791 353.801 353.811 353.819 353.819 353.811 353.797 353.778 353.758 353.735 353.709 353.682 353.656 353.633 353.61 353.589 353.574 353.565 353.561 353.562 353.565 353.573 353.586 353.6 353.615 353.63 353.646 353.662 353.677 353.69 353.702 353.713 353.726 353.738 353.751 353.765 353.782 353.801 353.824 353.848 353.876 353.908 353.942 353.979 354.019 354.064 354.111 354.162 354.213 354.265 354.319 354.374 354.427 354.478 354.528 354.577 354.621 354.661 354.698 354.731 354.759 354.783 354.802 354.817 354.828 354.837 354.841 354.843 354.844 354.843 354.841 354.838 354.836 354.834
352.713 353.71 353.709 353.711 353.719 353.732 353.745 353.756 353.766 353.777 353.783 353.784 353.775 353.761 353.742 353.721 353.697 353.669 353.641 353.615 353.591 353.567 353.546 353.531 353.522 353.519 353.52 353.526 353.536 353.551 353.569 353.586 353.604 353.622 353.641 353.658 353.674 353.688 353.701 353.715 353.73 353.743 353.758 353.776 353.797 353.821 353.847 353.876 353.909 353.944 353.983 354.025 354.07 354.119 354.17 354.223 354.276 354.331 354.386 354.44 354.491 354.542 354.591 354.635 354.676 354.712 354.745 354.774 354.797 354.815 354.83 354.841 354.849 354.853 354.854 354.854 354.853 354.851 354.847 354.844 354.841
352.666 353.666 353.666 353.67 353.679 353.691 353.704 353.715 353.725 353.735 353.741 353.741 353.733 353.719 353.699 353.678 353.654 353.626 353.597 353.57 353.545 353.52 353.498 353.483 353.475 353.473 353.476 353.483 353.495 353.513 353.534 353.554 353.575 353.597 353.618 353.638 353.656 353.672 353.688 353.704 353.719 353.735 353.751 353.77 353.793 353.817 353.844 353.875 353.909 353.946 353.986 354.029 354.076 354.126 354.178 354.232 354.286 354.342 354.398 354.452 354.504 354.555 354.604 354.648 354.689 354.725 354.758 354.786 354.809 354.828 354.842 354.853 354.861 354.864 354.865 354.865 354.863 354.86 354.856 354.852 354.849
352.617 353.619 353.62 353.625 353.634 353.645 353.657 353.668 353.677 353.687 353.693 353.694 353.685 353.671 353.652 353.631 353.606 353.577 353.547 353.519 353.493 353.468 353.446 353.43 353.423 353.421 353.426 353.434 353.449 353.47 353.494 353.518 353.541 353.566 353.591 353.614 353.635 353.653 353.671 353.689 353.707 353.724 353.741 353.762 353.786 353.812 353.84 353.872 353.908 353.946 353.988 354.032 354.08 354.132 354.185 354.239 354.295 354.351 354.408 354.463 354.515 354.567 354.616 354.66 354.701 354.738 354.77 354.798 354.821 354.839 354.854 354.865 354.872 354.875 354.876 354.875 354.874 354.87 354.866 354.862 354.858
352.569 353.572 353.574 353.578 353.586 353.597 353.607 353.617 353.626 353.635 353.641 353.641 353.633 353.618 353.6 353.579 353.553 353.523 353.492 353.463 353.436 353.41 353.387 353.371 353.364 353.364 353.369 353.379 353.397 353.42 353.447 353.474 353.501 353.53 353.558 353.585 353.608 353.63 353.65 353.671 353.69 353.709 353.729 353.751 353.776 353.804 353.834 353.867 353.904 353.944 353.988 354.034 354.083 354.136 354.191 354.246 354.302 354.36 354.418 354.473 354.526 354.578 354.627 354.672 354.713 354.75 354.782 354.81 354.833 354.852 354.866 354.877 354.884 354.887 354.888 354.887 354.885 354.881 354.876 354.872 354.868
