tests/full-run-ref/erosion_2010_78_16_47.110.asc
ncols 512
nrows 512
xllcorner -3.24582
yllcorner -4.08743
cellsize 5
NODATA_value -99999
[rows 352 to 395 of 512, columns 0 to 95 of 512]
110.45 110.45 95.5301 84.9801 79.2101 73.4401 71.0501 65.2801 61.49 55.72 49.95 44.18 38.4099 32.6398 30.2498 24.4797 22.0896 16.3193 13.9292 0 0 0 0 0 5.76992 0 0 0 0 0 0 0 0 0 0 0 0 0 0 0 0 0 0 0 0 0 0 0 0 0 0 0 0 0 0 0 0 0 0 0 5.76999 8.00548 8.00548 13.93 8.16 0 0 0 5.76998 5.76999 8.16 11.54 11.5398 5.77 5.77 5.77 5.77 5.77 0 0 0 0 5.76971 5.76988 8.15999 13.93 16.32 13.93 16.3153 11.5332 0 0 0 0 0 0
109.46 103.56 93.1401 87.3701 81.6001 79.2101 73.4401 69.65 63.88 58.11 52.34 46.5699 40.7999 38.4099 32.6398 30.2497 24.4795 22.0893 16.319 13.9291 0 0 0 0 0 0 0 0 0 0 0 0 0 0 0 0 0 0 0 0 0 0 0 0 0 0 0 0 0 0 0 0 0 0 0 0 0 0 0 0 5.76999 8.00548 8.00548 16.2726 13.93 0 0 0 5.76999 8.16 11.54 11.54 13.9284 5.77 5.77 5.77 5.77 5.77 0 0 0 0 0 5.7699 5.76998 8.16 13.93 16.32 13.9268 0 0 0 0 0 0 0
107.07 101.3 95.5301 89.7601 87.3701 81.6001 77.8101 72.04 66.27 60.5 54.73 48.9599 46.5699 40.7999 38.4098 32.6397 30.2495 24.4793 22.0893 16.319 13.929 0 0 0 0 0 0 0 0 0 0 0 0 0 0 0 0 0 0 0 0 0 0 0 0 0 0 0 0 0 0 0 0 0 0 0 0 0 0 0 5.76999 8.00548 16.32 8.00548 0 0 0 8.16 8.16 11.54 11.54 11.54 16.32 5.77 5.77 5.77 5.77 5.77 0 0 0 0 0 0 5.76998 5.76999 11.54 13.93 8.16 0 0 0 0 0 0 0
109.46 103.69 97.9201 95.5301 89.7601 85.9701 80.2001 74.4301 68.66 62.89 57.12 54.73 48.9599 46.5699 40.7998 38.4097 32.6395 30.2494 24.4791 22.0892 16.3187 13.9285 0 0 0 0 0 0 0 0 0 0 0 0 0 0 0 0 0 0 0 0 0 0 0 0 0 0 0 0 0 0 0 0 0 0 0 0 0 0 5.76999 11.54 17.31 16.32 16.32 0 16.32 16.32 11.54 11.54 11.54 11.54 11.54 11.54 11.54 11.54 11.54 5.77 0 0 0 0 0 0 0 5.76998 8.16001 11.5326 0 0 0 0 0 0 0 0
111.85 106.08 103.69 97.9201 94.1301 88.3601 82.5901 76.8201 71.05 65.28 62.89 57.12 54.73 48.9599 46.5698 40.7997 38.4095 32.6393 30.2493 24.479 22.0888 16.3178 0 13.9074 0 0 0 0 0 0 0 0 0 0 0 0 0 0 0 0 0 0 0 0 0 0 0 0 0 0 0 0 0 0 0 0 0 0 0 0 5.76999 11.54 16.32 23.08 23.08 24.48 32.3748 22.09 16.32 11.54 0 0 5.77 5.77 5.77 5.77 5.77 5.77 0 0 0 0 0 0 0 5.76999 5.76999 0 0 0 0 0 0 0 0 0
114.24 111.85 106.08 102.29 96.5201 90.7501 84.9801 79.2101 73.44 71.05 65.28 62.89 57.12 54.7299 48.9598 46.5697 40.7995 38.4095 32.6392 30.249 24.4781 22.4781 20.4615 16.3174 13.9274 13.9076 0 0 0 0 0 0 0 0 0 0 0 0 0 0 0 0 0 0 0 0 0 0 0 0 0 0 0 0 0 0 0 0 0 0 5.76999 11.54 17.31 23.08 31.24 27.86 39.79 19.6915 13.9283 0 0 11.54 11.54 11.54 5.77 5.77 5.77 5.77 0 0 0 0 0 0 0 5.77 5.76999 0 0 0 0 0 0 0 0 0
120.01 114.24 110.45 104.68 98.9101 93.1401 87.3701 81.6001 79.2101 73.44 71.05 65.28 62.89 57.1199 54.7298 48.9597 46.5696 40.7993 38.4092 32.6385 30.6384 28.6217 24.4774 22.0874 22.0603 16.3172 13.9284 0 0 0 0 0 0 0 0 0 0 0 0 0 0 0 0 0 0 0 0 0 0 0 0 0 0 0 0 0 0 0 0 5.76998 5.76999 11.54 17.31 25.47 27.86 33.63 27.86 22.09 11.54 0 11.54 11.54 11.54 11.54 11.54 11.54 11.54 5.77 0 0 0 0 0 0 0 5.77 0 0 0 0 0 0 0 0 5.77 0
122.4 118.61 112.84 107.07 101.3 95.5301 89.7601 87.3701 81.6001 79.2101 73.44 71.05 65.28 62.8899 57.1198 54.7297 48.9595 46.5694 40.7988 38.7987 36.3949 32.6377 30.2474 30.217 0 30.0917 16.3175 13.9287 0 0 0 0 0 0 0 0 0 0 0 0 0 0 0 0 0 0 0 0 0 0 0 0 0 0 0 0 0 0 0 5.76998 8.16 13.93 19.7 24.48 22.09 27.86 25.47 19.7 0 0 0 0 0 0 0 0 0 0 0 0 0 0 0 0 0 5.77 0 0 0 0 0 0 0 5.76999 5.77 0
126.77 121 115.23 109.46 103.69 97.9201 95.5301 89.7601 87.3701 81.6001 79.21 73.44 71.05 65.2799 62.8898 57.1196 54.7296 48.9591 46.959 44.5552 40.7981 0 0 0 0 0 38.1864 16.3171 13.9287 0 0 0 0 0 0 0 0 0 0 0 0 0 0 0 0 0 0 0 0 0 0 0 0 0 0 0 0 0 5.76999 5.76998 11.54 16.32 22.09 22.09 24.48 22.09 13.93 13.93 11.54 0 0 8.16001 8.16001 8.16001 8.16 8.16 5.76999 5.76998 0 0 0 0 0 0 0 0 5.77 6.16001 0 0 0 0 0 5.76999 5.77 0
129.16 123.39 117.62 111.85 106.08 103.69 97.9201 95.5301 89.7601 87.3701 81.6 79.21 73.44 71.0499 65.2798 62.8897 57.1193 55.1192 52.7155 48.9585 46.5682 0 0 0 0 0 0 46.1582 16.317 13.9288 0 0 0 0 0 0 0 0 0 0 0 0 0 0 0 0 0 6.15999 6.16 6.16 0 0 0 0 0 0 0 0 5.76999 8.15999 13.93 19.7 24.48 27.8378 22.09 0 0 11.54 11.54 11.54 11.54 0 11.54 8.15996 8.15998 8.16 8.15999 5.76996 0 0 0 0 0 0 0 0 0 5.77 5.77 0 0 0 0 0 5.77 0
131.55 125.78 120.01 114.24 111.85 106.08 103.69 97.9201 95.5301 89.7601 87.3701 81.6 79.21 73.4399 71.0498 65.2795 63.2795 60.8757 57.1189 54.7285 52.327 0 0 0 0 0 0 0 0 0 13.929 0 0 0 0 0 0 0 0 0 0 0 0 0 0 5.76995 5.76995 5.76997 5.76997 5.76998 5.76998 0 0 0 0 0 0 5.76999 5.76999 19.7 36.02 39.79 36.02 25.4587 19.6927 0 0 0 0 0 11.54 11.54 11.5399 11.54 11.54 8.16 5.76995 5.7699 0 0 0 0 0 0 0 0 0 0 5.77 0 0 0 0 0 0 0
133.94 128.17 122.4 120.01 114.24 111.85 106.08 103.69 97.9201 95.5301 89.7601 87.37 81.6 79.2099 73.4397 71.4396 69.0359 65.2791 62.8889 60.4874 57.1147 0 0 0 0 0 0 0 0 0 0 13.9286 0 0 0 0 0 0 0 0 0 6.15989 6.15988 6.15991 6.1599 6.15993 8.15995 8.15997 11.93 8.15999 13.93 3.64005 3.64006 0 0 0 0 0 5.76998 22.09 49.5034 0 49.9054 23.0799 17.3067 0 0 0 0 0 11.54 13.93 13.93 11.54 0 0 0 0 0 0 0 0 0 0 0 0 0 0 0 0 0 0 0 0 0 0
136.33 130.56 128.17 122.4 120.01 114.24 111.85 106.08 103.69 97.9201 95.5301 89.76 87.37 81.5998 79.5998 77.1961 73.4394 71.0491 68.6477 65.275 62.8846 0 0 0 0 0 0 0 0 65.2793 13.929 0 14.3153 0 0 0 0 0 0 0 14.4763 18.3519 12.3199 12.3199 12.3199 12.32 12.32 14.32 16.32 21.9906 16.2774 3.64005 3.64006 3.64005 0 0 0 0 5.76997 22.0235 19.6997 258.839 0 23.0798 17.31 0 0 0 0 0 0 13.93 22.09 15.8027 13.3584 0 0 0 0 0 0 0 0 0 0 0 0 0 0 0 0 0 0 0 0 0
138.72 136.33 130.56 128.17 122.4 120.01 114.24 111.85 106.08 103.69 97.9201 95.53 89.7599 87.3699 85.3566 81.5996 79.2094 76.808 73.4354 71.045 0 0 0 0 0 0 0 0 0 65.0498 73.4325 14.3193 22.4703 22.3223 0 0 0 0 0 36.0095 25.0845 28.5127 26.6399 20.4799 20.4799 28.2499 28.64 27.86 29.63 24.48 22.09 20.0765 3.64005 13.93 13.9089 0 0 0 5.76997 11.5396 19.6997 262.837 0 0 19.6997 0 0 0 0 0 0 13.93 19.6906 13.93 8.15992 0 0 0 0 0 0 0 0 0 0 0 0 0 0 0 0 0 0 0 0 0
144.49 138.72 136.33 130.56 128.17 122.4 120.01 114.24 111.85 106.08 103.69 97.92 95.5299 93.1294 89.7567 87.3696 84.9683 81.5958 79.2054 0 0 0 0 0 0 0 0 0 70.8197 76.8076 79.2097 0 34.3424 28.5453 28.6392 0 0 0 0 0 44.1696 33.1828 36.6768 34.7999 26.6399 42.3613 48.3294 53.7685 41.79 36.02 30.1953 24.4755 22.09 22.0622 16.32 19.9756 0 21.9064 16.3198 22.0659 16.3198 262.837 0 0 198.676 16.3195 0 0 0 0 0 13.93 17.2987 11.5324 0 0 0 0 0 0 0 0 0 0 0 0 0 0 0 0 0 0 0 0 0 0
146.88 144.49 138.72 136.33 130.56 128.17 122.4 120.01 114.24 111.85 106.08 103.69 101.289 97.9167 95.5266 93.1285 89.7561 87.3658 84.9672 0 0 0 0 0 0 0 0 78.9797 84.9895 85.4218 53.0168 42.5668 36.7971 42.4319 36.7991 0 0 0 0 0 0 52.3296 39.2478 44.96 34.8 36.8 40.8 40.8 44.1398 38.41 32.64 36.2966 32.64 35.9328 30.25 24.48 28.1549 24.4798 16.3196 16.3198 258.874 262.837 0 0 0 22.0892 0 0 0 0 0 13.93 19.6777 13.9297 8.15926 0 0 0 0 0 0 0 0 0 0 0 0 6.15997 0 0 0 0 0 0 0 0
152.65 146.88 144.49 138.72 136.33 130.56 128.17 122.4 120.01 114.24 111.85 109.45 106.077 103.687 101.288 97.9163 95.5261 93.1276 90.7368 0 0 0 0 0 0 0 93.6897 91.2998 91.5863 61.1404 50.727 44.9572 50.5919 44.9592 44.9594 0 0 0 0 0 0 0 60.4896 46.9459 53.0896 40.8 40.8 40.8 64.6496 40.8 44.5056 32.64 32.64 38.2959 0 0 30.1418 24.4796 24.4798 24.48 16.32 262.837 0 0 0 0 0 0 0 0 16.3199 16.32 22.0898 16.3194 13.9287 0 0 0 0 0 8.15923 13.8474 0 0 0 5.76984 5.76989 5.76995 5.76996 0 0 0 0 0 0 0
155.04 152.65 146.88 144.49 138.72 136.33 130.56 128.17 122.4 120.01 117.61 114.237 111.847 109.449 106.076 103.686 101.288 98.8972 0 0 0 0 0 0 0 0 0 99.6999 69.2944 58.8872 53.1173 58.7519 53.1192 53.1194 51.1193 0 0 0 0 0 0 0 0 68.6497 58.89 61.256 40.8 40.8 40.8 66.0439 48.8058 48.34 33.0229 40.8 16.5345 39.7193 32.6397 32.6398 32.64 268.607 16.32 262.837 0 0 201.886 0 24.4797 24.4792 32.0025 34.3839 24.4799 33.6299 24.4419 22.0891 16.3177 21.8739 16.3175 0 0 13.929 13.9291 19.9789 16.316 6.15934 6.15965 6.15982 8.15989 8.15995 8.15998 13.8196 0 0 0 0 0 0
160.81 155.04 152.65 146.88 144.49 138.72 136.33 130.56 128.17 125.77 122.397 120.007 117.609 114.237 111.846 109.448 107.057 104.667 0 0 0 0 0 0 0 0 108.009 0 67.0473 61.2774 66.9119 61.2791 61.2794 59.2793 59.2795 0 0 0 0 0 0 0 0 0 64.9465 67.045 67.44 67.0501 61.2801 64.2384 58.5 54.6627 48.96 50.7144 48.9599 40.7997 40.7999 40.8 274.377 268.607 16.32 262.837 0 0 201.886 0 196.116 40.7873 47.9229 40.7999 41.79 36.0198 30.2492 0 0 18.8418 28.1622 24.4776 28.1537 16.3182 20.0893 24.406 22.4761 13.9295 13.9298 13.9298 19.9124 22.449 24.4799 16.3198 14.3199 0 0 0 0 0
163.2 160.81 155.04 152.65 146.88 144.49 138.72 136.33 133.93 130.557 128.167 125.769 122.397 120.007 117.608 115.218 112.827 110.437 0 0 0 0 0 0 0 113.389 0 75.2075 69.4375 75.0718 69.4391 69.4393 67.4393 67.4395 65.4394 0 0 0 0 0 0 0 0 0 0 68.5425 83.721 73.6469 82.8652 66.66 62.8901 57.1201 58.871 57.12 48.9597 48.9599 40.8 280.147 274.377 268.607 16.32 262.837 0 0 201.886 0 196.116 58.1093 52.3399 49.95 44.1799 38.4095 24.4789 24.4791 6.47065 36.3227 32.6377 36.3137 32.6379 36.3141 32.6389 30.6392 28.2348 30.2499 27.8597 28.2497 28.6398 51.857 53.9961 22.4797 22.3928 20.48 0 0 0 0
168.97 163.2 160.81 155.04 152.65 146.88 144.49 142.09 138.717 136.327 133.929 130.557 128.167 125.769 123.378 120.987 118.597 0 0 0 0 0 0 0 119.456 0 83.3677 0 69.4394 77.3283 77.5993 75.5993 75.5995 73.5994 71.5994 0 0 0 0 0 0 0 0 0 0 0 0 92.9124 84.0622 91.1799 65.2801 67.0146 65.2801 57.1199 57.1199 48.96 285.917 280.147 274.377 268.607 16.32 59.8785 59.8784 0 201.886 0 196.116 23.606 58.11 52.34 46.5698 40.7993 32.6392 32.6387 44.4841 40.7982 44.4734 40.7978 44.4648 40.7983 38.7988 36.4087 38.4097 36.0198 38.3702 52.7263 54.1084 28.64 54.1084 54.1084 30.5049 28.6399 0 0 0 0
171.36 168.97 163.2 160.81 155.04 152.65 150.25 146.877 144.487 142.089 138.717 136.327 133.929 131.538 129.148 126.757 124.367 0 0 0 0 0 0 124.489 0 91.528 85.758 77.5993 77.5991 85.5269 83.7592 83.7594 81.7594 79.7594 79.7596 0 0 0 0 0 0 0 0 0 0 0 0 0 107.057 93.9201 75.2101 91.3359 75.2101 92.85 57.1199 291.687 285.917 280.147 274.377 268.607 16.32 59.8785 59.8784 59.8784 204.18 201.886 76.8188 58.1097 60.5 54.7299 48.9596 50.7127 48.2919 50.7061 48.9584 52.6338 48.958 54.507 48.958 54.527 48.9586 54.4542 60.185 60.2498 59.8785 38.41 54.1085 28.64 28.64 54.1084 54.1084 36.6955 36.41 0 0 0
177.13 171.36 168.97 163.2 160.81 158.41 155.037 152.647 150.249 146.877 144.487 142.089 139.698 137.308 134.918 132.527 0 0 0 0 0 0 0 0 99.6868 93.9183 97.6892 93.8669 93.9192 91.9192 91.9194 89.9194 87.9194 87.9196 85.9195 85.9197 0 0 0 0 0 0 0 0 0 0 0 0 93.9201 100.102 94.3316 75.2101 75.2101 87.8047 284.023 57.12 285.917 279.913 57.9202 268.44 16.3188 59.8782 59.8781 59.8782 209.305 201.845 74.3881 68.66 62.8899 57.1198 60.8581 57.1192 60.793 57.1185 60.7838 57.1183 62.6866 57.1182 18.2969 0 0 0 54.73 59.8785 59.8784 54.1084 54.1084 54.1084 54.1084 28.64 36.8 59.7656 42.8583 42.57 0 0
179.52 177.13 171.36 168.97 166.57 163.197 160.807 158.409 155.037 152.647 150.249 147.858 145.468 143.078 140.688 138.297 0 0 0 0 0 0 0 136.808 0 105.849 102.027 102.079 100.079 100.079 98.0793 96.0794 96.0795 94.0795 94.0796 92.0796 92.0797 0 0 0 0 0 0 0 0 0 0 0 115.217 97.704 91.9416 86.1657 80.4016 77.8904 79.6444 278.278 57.12 57.1198 57.1121 59.9499 51.6789 16.3191 16.3194 59.7015 200.525 218.206 76.8194 71.05 76.6188 70.97 65.1868 0 0 32.9967 0 32.9965 63.7214 68.9539 65.2786 68.9544 65.2793 57.1198 57.12 59.8785 62.2598 67.821 54.1084 59.8784 59.8784 36.8 42.9601 42.9601 65.6484 49.0207 49.95 47.56
185.29 179.52 177.13 174.73 171.357 168.967 166.569 163.197 160.807 158.409 156.018 153.628 151.238 148.848 146.458 0 0 0 0 0 0 0 144.969 142.578 0 0 112.009 108.239 108.239 106.239 106.239 104.239 102.239 102.24 100.24 100.24 98.2397 98.2398 0 0 0 0 0 0 0 0 0 0 117.62 95.3097 89.5404 83.771 78.0116 72.2416 69.7368 71.5079 270.724 57.1199 60.291 51.6798 51.6798 51.6798 51.6798 48.6128 59.8781 59.8783 59.878 84.9799 79.2096 80.9795 75.2099 73.4398 32.9969 32.9965 32.9963 71.8183 78.9054 73.438 77.0621 73.4388 75.2094 73.4398 73.21 70.4284 62.2683 70.428 71.4183 65.6484 59.8784 42.96 42.9601 49.1201 49.1201 62.2685 0 0
187.68 185.29 182.9 179.517 177.127 174.729 171.357 168.967 166.569 164.178 161.788 159.398 157.008 154.618 152.228 0 0 0 0 0 0 0 0 151.129 148.645 39.3401 0 118.075 114.399 114.399 112.399 112.4 110.399 108.4 108.4 106.4 106.4 104.4 0 0 0 0 0 0 0 0 0 0 119.993 92.9196 87.1497 81.3803 75.611 69.8516 26.1762 26.176 63.7876 57.1199 37.2415 37.2418 37.2418 48.6129 48.6129 48.6129 48.6128 59.8778 260.917 79.2097 79.21 75.2081 81.5992 81.3699 32.9972 32.9966 32.9962 73.4383 73.4364 87.3555 73.4358 87.3689 89.1396 87.3699 78.5884 93.6256 70.428 257.574 71.4181 65.6484 59.8784 42.96 49.1201 49.1201 49.1201 0 0 0
193.45 191.06 187.68 185.287 182.889 179.517 177.127 174.729 172.338 169.948 167.558 165.168 162.778 160.388 157.998 0 0 0 0 0 0 0 159.289 156.899 157.289 154.808 91.4773 27.0726 124.235 120.559 120.56 118.559 118.56 116.56 114.56 114.56 112.56 112.56 16.4317 0 0 0 0 0 0 0 0 0 116.183 0 84.7597 78.9897 73.2203 67.4531 26.1762 26.1762 26.176 59.8784 59.8784 59.8785 59.8785 59.8785 59.8785 59.8785 59.8785 59.878 253.911 263.508 263.508 263.506 89.5184 87.1177 32.9974 32.997 73.4386 73.4317 83.3562 87.3654 87.3614 97.2721 95.5288 97.2996 95.53 99.126 78.5882 261.324 65.648 65.6484 59.8784 49.12 49.1201 49.1201 49.1201 0 0 0
199.22 195.84 193.45 191.049 187.677 185.287 182.889 180.498 178.108 175.718 173.328 170.938 168.548 166.158 0 0 0 0 0 0 0 0 0 165.449 163.059 163.449 160.969 97.6347 33.2333 130.395 126.719 126.72 124.72 124.72 122.72 120.72 120.72 118.72 118.72 0 0 0 0 0 0 0 0 114.032 130.542 0 82.3696 76.5996 70.8415 65.0662 26.1762 26.1762 26.1762 26.1762 26.1762 26.1762 26.1762 59.8785 59.8785 59.8785 59.8785 59.878 59.8781 263.508 263.508 0 0 95.6346 93.2999 85.7598 85.7566 86.7243 258.831 93.5046 87.3615 257.982 105.458 246.22 105.46 245.957 99.2998 261.324 65.648 65.6485 59.8784 49.12 49.1201 49.1201 49.1201 0 0 0
204 201.61 199.22 195.837 193.447 191.049 188.659 186.268 183.878 181.488 179.098 176.708 174.318 171.928 0 0 0 0 0 0 0 0 173.609 171.219 171.609 169.219 169.609 167.13 103.795 39.4067 136.555 132.879 132.88 130.88 130.88 128.88 126.88 126.88 124.88 124.88 0 0 0 0 0 0 114.032 139.71 142.1 0 84.7715 79.0016 68.4515 62.6815 59.8785 59.8785 59.8785 59.8785 59.8785 59.8785 59.8785 59.8785 59.8785 59.8785 59.8785 59.8779 59.878 263.508 263.508 263.507 103.849 101.46 101.85 93.2997 93.6868 93.918 93.5009 105.458 261.322 261.323 261.323 261.324 261.324 261.324 107.46 254.502 65.6481 65.6485 59.8785 49.1201 49.1201 49.1201 49.1201 0 0 0
209.77 207.38 204 201.607 199.209 196.819 194.428 192.038 189.648 187.258 184.868 182.478 180.088 177.698 0 0 0 0 0 0 0 0 0 179.769 177.379 177.769 175.379 175.77 173.29 109.955 45.611 142.715 139.04 139.04 137.04 137.04 135.04 133.04 133.04 131.04 0 0 0 0 0 125.281 119.426 114.032 108.262 102.492 96.7216 90.8504 70.8415 60.2915 59.8785 59.8785 59.8785 59.8785 59.8785 59.8785 59.8785 59.8785 0 0 0 0 59.878 263.508 263.508 263.507 109.619 110.01 107.62 99.4598 107.348 258.736 93.5085 93.5085 261.324 261.324 261.324 261.324 261.324 261.324 71.4185 71.4182 65.6481 65.6485 59.8785 54.1085 49.1201 49.1201 49.1201 49.1201 0 0
215.54 212.16 209.77 207.369 204.979 202.588 200.198 197.808 195.418 193.028 190.638 188.248 185.858 0 0 0 0 0 0 0 0 0 187.929 185.539 185.929 183.539 183.93 181.539 181.93 179.45 116.115 51.9196 148.875 145.2 145.2 143.2 143.2 141.2 139.2 139.2 131.04 131.04 131.14 131.342 133.651 123.182 117.412 111.607 105.839 100.102 94.3316 88.5616 82.7916 62.6816 59.8785 59.8785 59.8785 59.8785 59.8785 59.8785 59.8785 59.8785 59.8785 59.8785 59.8785 0 0 263.508 263.508 263.507 118.169 115.78 116.17 107.619 116.165 261.322 93.5085 93.5085 261.324 261.324 261.324 261.324 261.324 261.324 0 71.4182 65.6481 65.6485 59.8785 54.1085 49.1201 49.1201 49.1201 49.1201 54.1085 54.1085
220.32 217.93 215.54 213.139 210.748 208.358 205.968 203.578 201.188 198.798 196.408 194.018 191.628 0 0 0 0 0 0 0 0 0 0 194.089 191.699 192.09 189.699 190.09 187.7 188.09 185.61 122.276 58.5794 155.035 151.36 151.36 149.36 149.36 147.36 145.36 145.36 137.2 137.112 137.112 131.342 119.598 115.01 109.24 103.47 97.6896 91.9111 68.66 62.89 60.5001 59.8785 59.8785 59.8785 59.8785 59.8785 0 0 0 0 0 0 0 0 0 263.508 0 123.939 124.33 121.939 124.303 265.624 261.323 59.8785 93.5085 261.324 261.324 261.324 261.324 261.324 261.324 0 71.4182 65.6481 65.6485 59.8785 54.1085 49.1201 49.1201 49.1201 49.1201 54.1085 54.1085
226.09 223.7 221.31 218.908 216.518 214.128 211.738 209.348 206.958 204.568 202.178 199.788 197.398 0 0 0 0 0 0 0 0 0 202.249 199.859 200.25 197.859 198.25 195.86 196.25 193.86 194.25 191.77 128.438 66.4193 161.195 157.52 157.52 155.52 155.52 153.52 151.52 149.13 145.272 139.5 133.732 117.208 111.439 105.67 95.1201 100.102 93.7345 66.2434 60.5001 59.8785 59.8785 59.8785 59.8785 59.8785 59.8785 59.8785 59.8785 59.8785 59.8785 59.8785 59.8785 0 0 0 0 0 265.821 129.997 256.624 130.098 255.353 59.8784 85.3485 93.5085 261.324 261.324 261.324 261.324 261.324 261.324 0 71.4181 65.6481 65.6485 59.8784 49.1201 49.1201 49.1201 49.1201 49.1201 54.1085 54.1085
231.86 229.47 227.08 224.678 222.288 219.898 217.508 215.118 212.728 210.338 207.948 205.558 0 0 0 0 0 0 0 0 0 0 0 208.41 206.019 206.41 204.02 204.41 202.02 202.41 200.02 200.41 197.93 134.608 78.2074 167.355 163.68 163.68 161.68 161.68 159.68 158.212 152.427 141.892 125.37 119.528 105.67 99.8865 97.5101 95.1201 92.73 63.8761 59.8785 59.8785 59.8785 59.8785 59.8785 59.8785 59.8785 59.8785 59.8785 59.8785 59.8785 59.8785 0 0 0 0 0 0 0 130.1 130.1 130.1 260.311 59.8785 85.3485 93.5085 261.324 93.5085 261.324 261.324 261.324 0 0 261.324 71.4181 65.6484 59.8784 54.1085 0 0 0 0 0 54.1085
237.63 235.24 232.85 230.448 228.058 225.668 223.278 220.888 218.498 216.108 213.718 211.328 0 0 0 0 0 0 0 0 0 0 0 0 214.57 212.18 212.57 210.18 210.57 208.18 208.57 206.18 206.57 204.09 140.824 103.123 173.515 169.84 169.84 167.84 167.84 155.822 139.3 133.383 122.948 102.29 96.5201 94.1301 82.6142 73.2984 86.96 66.27 59.8785 59.8785 59.8785 59.8785 59.8785 59.8785 59.8785 59.8785 59.8785 59.8785 59.8785 59.8785 59.8785 0 0 0 0 0 265.647 260.805 245.76 60.4999 60.5 59.8785 85.3485 93.5085 261.324 93.5085 261.324 96.8885 261.324 0 261.324 0 71.4182 65.6484 59.8784 54.1084 54.1085 54.1085 54.1085 54.1085 0 54.1085
243.4 241.01 238.62 236.218 233.828 231.438 229.048 226.658 224.268 221.878 219.488 217.098 0 0 0 0 0 0 0 0 0 0 0 0 0 220.73 218.34 218.73 216.34 216.73 214.34 214.73 212.34 212.73 210.251 147.294 179.309 179.676 176 176 168.762 51.8418 0 108.06 102.29 96.5201 90.7501 77.7697 61.5684 32.7522 81.19 68.6601 59.8785 0 0 0 0 0 0 59.8785 59.8785 59.8785 59.8785 59.8785 59.8785 0 0 0 0 263.507 60.4994 59.8774 60.4983 261.323 59.8784 59.8785 85.3485 93.5085 93.5085 96.8885 96.8885 91.1178 261.323 94.4979 0 104.256 0 65.6484 59.8784 54.1084 54.1085 0 0 0 0 0
249.17 246.78 244.39 241.988 239.598 237.208 234.818 232.428 230.038 227.648 225.258 0 0 0 0 0 0 0 0 0 0 214.77 0 0 0 0 226.89 224.5 224.89 222.5 222.89 220.5 220.89 218.5 218.89 216.411 190.531 185.436 185.93 182.16 119.6 0 116.083 105.635 93.14 87.37 84.9351 61.7923 4.17678 0 75.42 59.8784 0 0 0 0 0 0 0 0 0 0 0 0 0 48.8383 243.661 258.518 263.507 59.8778 59.8783 59.8785 59.8743 59.8763 59.8785 85.3485 85.3467 93.5077 261.323 261.102 91.1182 88.7272 75.3243 0 0 99.2784 71.4183 65.6484 59.8784 54.1084 54.1085 54.1085 0 54.1085 0 0
254.94 252.55 250.16 247.758 245.368 242.978 240.588 238.198 235.808 233.418 231.028 0 0 0 0 0 0 0 0 0 0 221.871 236.094 0 0 0 0 233.05 230.66 231.05 228.66 229.05 226.66 227.05 224.66 225.05 186.7 194.071 190.32 190.32 168.667 0 102.29 96.4971 90.7335 84.98 79.0769 76.2103 0 0 69.5377 59.8785 0 0 0 0 0 0 0 0 0 0 0 0 0 0 49.0523 59.878 59.878 59.8784 59.8785 59.8774 60.494 261.321 59.8785 85.3459 85.3446 82.9516 0 0 93.5076 75.325 0 0 0 93.5084 71.4184 65.6484 59.8784 54.1084 54.1085 54.1085 54.1085 0 0 0
260.71 258.32 255.93 253.528 251.138 248.748 246.358 243.968 241.578 239.188 0 0 0 0 0 0 0 0 0 0 203.812 243.123 243.21 242.82 0 0 0 0 0 0 237.21 234.82 235.21 232.82 233.21 230.82 167.693 109.581 200.161 196.48 194.432 110.314 99.8782 94.1142 88.3487 82.5796 76.82 69.497 63.8406 0 0 0 0 0 0 0 0 0 0 0 0 0 0 0 0 0 0 59.8783 59.8784 59.8785 59.8785 59.8763 261.323 59.8769 59.8785 260.884 87.7182 0 0 0 0 0 0 0 0 87.7385 71.4184 65.6484 59.8784 54.1084 54.1085 54.1085 54.1085 54.1085 0 0
266.48 264.09 261.7 259.298 256.908 254.518 252.128 249.738 247.348 244.958 0 0 0 0 0 0 0 0 0 203.812 203.812 249.388 250.98 249.37 248.98 0 0 0 0 245.37 242.98 243.37 240.98 241.37 238.98 239.37 236.891 175.375 123.177 206.315 87.8826 87.8836 97.498 91.728 85.958 80.1887 74.4196 68.66 0 0 0 0 0 0 0 0 0 0 0 0 0 0 0 0 0 0 0 0 0 0 0 0 59.8763 59.8785 59.8785 76.1914 73.7998 79.566 0 0 0 79.5645 0 0 0 76.1985 70.4285 65.6484 59.8784 54.1084 54.1085 54.1085 54.1085 54.1085 0 0
272.25 269.86 267.47 265.068 192.207 263.06 261.29 255.52 253.116 250.728 0 0 0 0 0 0 0 0 203.812 203.812 203.812 256.82 257.53 257.14 255.53 255.14 0 0 0 159.484 251.53 249.14 249.53 247.14 247.53 245.14 245.53 243.051 189.779 116.218 87.8827 100.89 95.108 89.338 83.568 77.798 72.0287 66.2623 0 0 0 0 0 0 0 0 0 0 0 0 0 0 0 0 0 0 0 0 0 0 0 59.8689 261.257 59.8785 73.8056 261.32 76.1911 73.795 0 0 0 0 0 0 0 0 68.0385 62.2685 59.8784 0 0 0 0 0 0 0
278.02 275.63 273.24 270.838 192.207 192.207 263.68 261.29 258.887 257.69 0 0 0 0 0 0 0 203.812 203.812 203.812 203.812 263.085 265.29 263.69 263.3 260.91 0 0 0 259.69 257.3 257.69 255.3 255.69 253.3 253.69 251.3 251.69 249.211 249.617 118.609 98.4852 92.718 86.948 81.178 75.408 69.6499 63.876 0 0 0 0 0 0 0 0 0 0 0 0 0 0 0 0 0 0 0 0 0 0 59.8738 256.633 59.8758 73.8017 73.8036 84.3484 70.4245 68.0248 0 0 0 0 0 0 0 0 65.6388 59.8785 0 0 0 0 0 0 0 0
283.79 281.4 279.01 228.688 228.688 192.207 269.45 0 0 0 0 0 0 0 0 0 203.812 203.812 203.812 203.812 203.812 270.517 271.85 271.46 269.07 266.68 0 0 0 173.181 265.85 263.46 263.85 261.46 261.85 259.46 259.85 257.46 257.85 255.37 106.659 100.89 90.328 84.558 78.788 73.018 67.2599 61.4899 59.8785 59.8785 59.8785 59.8785 59.8785 59.8785 59.8785 59.8785 59.8785 59.8785 59.8785 59.8785 59.8785 59.8785 59.8785 59.8785 59.8785 59.8785 59.8785 59.8785 59.8785 59.8784 59.8613 261.317 68.0385 260.922 76.1709 73.7856 68.0378 62.2567 0 0 0 0 0 0 0 0 0 0 0 0 0 0 0 0 0 0
289.56 287.17 284.78 282.378 280 277.61 275.21 0 0 0 0 0 0 0 0 203.812 203.812 203.812 203.812 203.812 203.812 276.782 279.583 278.01 274.84 274.01 0 0 0 274.01 271.62 272.01 269.62 270.01 267.62 268.01 265.62 266.01 263.62 264.01 104.269 98.4999 87.938 82.168 76.398 70.6399 64.8645 59.8784 59.8785 59.8785 59.8785 59.8785 59.8785 59.8785 59.8785 59.8785 59.8785 59.8785 59.8785 59.8785 59.8785 59.8785 59.8785 59.8785 59.8785 59.8785 59.8785 59.8785 59.8785 59.878 261.323 59.8737 76.1985 68.0313 62.2473 68.0373 65.6376 0 0 0 0 0 0 0 0 0 0 0 0 0 0 0 0 0 0 0
