tests/full-run-ref/erosion_2010_78_19_2.123.asc
ncols 512
nrows 512
xllcorner -3.24582
yllcorner -4.08743
cellsize 5
NODATA_value -99999
[rows 74 to 110 of 512, columns 84 to 167 of 512]
347.6 347.6 347.6 347.6 347.6 347.6 347.6 347.6 347.6 347.6 347.6 347.6 347.6 347.6 347.6 347.6 347.6 347.594 345.489 337.834 344.905 179.541 178.865 173.095 167.325 161.555 155.785 150.015 144.245 138.475 132.705 126.935 121.164 115.394 109.624 103.854 98.0837 92.3134 86.5431 80.7728 75.0025 69.2322 63.4618 57.6914 51.9209 46.1504 40.3798 34.6091 28.8383 23.0675 17.2967 11.5259 5.76255 5.77 5.77 5.77 5.77 5.77 5.77 5.77 5.77 5.77 5.77 5.77 5.77 5.77 5.77 5.77 5.77 5.77 5.77 5.77 5.65997 4.13784 0 0 0 0 0 0 0 0 0 0
347.6 347.6 347.6 347.6 347.6 347.6 347.6 347.6 347.6 347.6 347.6 347.6 347.6 347.6 347.6 347.6 347.6 347.599 347.494 347.195 347.553 186.197 178.863 173.094 167.325 161.555 155.785 150.015 144.245 138.475 132.705 126.934 121.164 115.394 109.624 103.854 98.0834 92.3131 86.5429 80.7726 75.0023 69.2319 63.4616 57.6912 51.9207 46.1501 40.3794 34.6087 28.8379 23.0672 17.2964 11.5257 5.76248 5.77 5.77 5.77 5.77 5.77 5.77 5.77 5.77 5.77 5.77 5.77 5.77 5.77 5.77 5.77 5.77 5.77 5.77 5.65997 4.13784 0 0 0 0 0 0 0 0 0 0 0
347.6 347.6 347.6 347.6 347.6 347.6 347.6 347.6 347.6 347.6 347.6 347.6 347.6 347.6 347.6 347.6 347.6 347.6 347.6 346.178 347.562 193.29 181.251 175.484 167.325 161.555 155.785 150.015 144.245 138.475 132.705 126.934 121.164 115.394 109.624 103.854 98.0834 92.3131 86.5428 80.7725 75.0022 69.2319 63.4615 57.691 51.9205 46.1498 40.3791 34.6084 28.8376 23.067 17.2963 11.5257 5.76259 5.77 5.77 5.77 5.77 5.77 5.77 5.77 5.77 5.77 5.77 5.77 5.77 5.77 5.77 5.77 5.77 5.77 5.65997 4.13784 0 0 0 0 0 0 0 0 0 0 0 5.77
347.6 347.6 347.6 347.6 347.6 347.6 347.6 347.6 347.6 347.6 347.6 347.6 347.6 347.6 347.6 347.6 347.6 347.6 347.28 340.483 235.49 190.066 188.409 177.874 167.324 161.556 155.786 150.016 144.245 138.475 132.705 126.935 121.165 115.394 109.624 103.854 98.0835 92.3132 86.5429 80.7726 75.0022 69.2319 63.4614 57.6909 51.9202 46.1495 40.3788 34.6082 28.8376 23.0671 17.2966 11.5262 5.76291 5.77 5.77 5.77 5.77 5.77 5.77 5.77 5.77 5.77 5.77 5.77 5.77 5.77 5.77 5.77 5.77 5.65997 4.13784 0 0 0 0 0 0 0 0 0 0 0 5.77 5.75894
347.6 347.6 347.6 347.6 347.6 347.6 347.6 347.6 347.6 347.6 347.6 347.6 347.6 347.6 347.6 347.6 347.6 347.6 347.381 341.396 254.403 326.238 184.442 180.252 169.715 161.556 155.786 150.016 144.246 138.476 132.705 126.935 121.165 115.395 109.624 103.854 98.0836 92.3133 86.5429 80.7725 75.0021 69.2317 63.4611 57.6904 51.9198 46.1494 40.3788 34.6084 28.838 23.0677 17.2974 11.5271 5.76341 5.77 5.77 5.77 5.77 5.77 5.77 5.77 5.77 5.77 5.77 5.77 5.77 5.77 5.77 5.77 5.65997 4.13784 0 0 0 0 0 0 0 0 0 0 0 5.77 5.75894 5.32462
347.6 347.6 347.6 347.6 347.6 347.6 347.6 347.6 347.6 347.6 347.6 347.6 347.6 347.6 347.6 347.6 347.6 347.6 347.6 347.44 342.526 254.625 212.711 178.239 172.094 161.556 155.787 150.016 144.246 138.476 132.706 126.935 121.165 115.395 109.624 103.854 98.0837 92.3133 86.5429 80.7724 75.0019 69.2313 63.4605 57.6895 51.9197 46.1497 40.3794 34.6091 28.8389 23.0687 17.2985 11.5283 5.76407 5.77 5.77 5.77 5.77 5.77 5.77 5.77 5.77 5.77 5.77 5.77 5.77 5.77 5.77 5.65997 4.13784 0 0 0 0 0 0 0 0 0 0 0 5.77 5.75894 5.32462 2.91364
347.6 347.6 347.6 347.6 347.6 347.6 347.6 347.6 347.6 347.6 347.6 347.6 347.6 347.6 347.6 347.6 347.6 347.6 347.6 347.6 346.047 338.348 290.035 347.581 174.476 163.947 158.178 152.407 146.637 140.867 135.097 129.327 123.556 117.786 112.016 106.245 100.475 94.7048 88.9345 83.164 77.3935 71.6228 65.852 60.0815 51.9193 46.1504 40.3805 34.6104 28.8402 23.0701 17.2999 11.5298 5.7648 5.77 5.77 5.77 5.77 5.77 5.77 5.77 5.77 5.77 5.77 5.77 5.77 5.77 5.65997 4.13784 0 0 0 0 0 0 0 0 0 0 0 5.77 5.75894 5.32462 2.91364 0
347.6 347.6 347.6 347.6 347.6 347.6 347.6 347.6 347.6 347.6 347.6 347.6 347.6 347.6 347.6 347.6 347.6 347.6 347.6 347.6 347.506 346.458 344.538 347.588 176.86 166.329 160.568 154.798 149.028 143.258 137.487 131.717 125.947 120.177 114.407 108.636 102.866 97.0959 91.3256 85.5551 79.7845 74.0137 68.2433 60.0812 54.3118 46.1504 40.3816 34.6118 28.8417 23.0715 17.3014 11.5312 5.76555 5.77 5.77 5.77 5.77 5.77 5.77 5.77 5.77 5.77 5.77 5.77 5.77 5.65996 4.13778 0 0 0 0 0 0 0 0 0 0 0 5.77 5.75894 5.32462 2.91364 0 5.77
347.6 347.6 347.6 347.6 347.6 347.6 347.6 347.6 347.6 347.6 347.6 347.6 347.6 347.6 347.6 347.6 347.6 347.6 347.6 347.6 347.6 347.586 346.541 327.627 347.585 168.713 162.958 157.188 151.418 145.648 139.878 134.108 128.337 122.567 116.797 111.027 105.257 99.4862 93.7159 87.9454 82.1747 76.4042 68.2424 62.4729 54.3116 48.5425 40.3825 34.6133 28.8431 23.0729 17.3027 11.5326 5.76622 5.77 5.77 5.77 5.77 5.77 5.77 5.77 5.77 5.77 5.77 5.77 5.6598 4.13695 0 0 0 0 0 0 0 0 0 0 0 5.77 5.75894 5.32462 2.91364 0 5.77 5.77
347.6 347.6 347.6 347.6 347.6 347.6 347.6 347.6 347.6 347.6 347.6 347.6 347.6 347.6 347.6 347.6 347.6 347.6 347.6 347.6 347.6 347.541 345.918 335.975 176.219 167.694 165.348 159.578 153.808 148.038 142.268 136.498 130.727 124.957 119.187 113.417 107.647 101.876 96.106 90.3354 84.5649 76.403 70.6335 62.4722 56.7031 48.5423 40.3834 34.6143 28.8442 23.074 17.3039 11.5337 5.76679 5.77 5.77 5.77 5.77 5.77 5.77 5.77 5.77 5.77 5.77 5.65814 4.12764 0 0 0 0 0 0 0 0 0 0 0 5.77 5.75894 5.32462 2.91364 0 5.77 5.77 5.77
347.6 347.6 347.6 347.6 347.6 347.6 347.6 347.6 347.6 347.6 347.6 347.6 347.6 347.6 347.6 347.6 347.6 347.6 347.6 347.6 347.576 346.574 340.997 290.269 347.588 173.494 167.738 161.968 156.198 150.428 144.658 138.888 133.117 127.347 121.577 115.807 110.037 104.267 98.496 92.7254 84.5633 78.7937 70.6324 64.8634 56.7028 48.543 40.384 34.615 28.8448 23.0747 17.3046 11.5345 5.7672 5.77 5.77 5.77 5.77 5.77 5.77 5.77 5.77 5.76914 5.6436 4.05564 0 0 0 0 0 0 0 0 0 0 0 5.77 5.75894 5.32462 2.91364 0 5.77 5.77 5.77 5.77
347.6 347.6 347.6 347.6 347.6 347.6 347.6 347.6 347.6 347.6 347.6 347.6 347.6 347.6 347.6 347.6 347.6 347.6 347.6 347.6 347.236 343.715 292.172 277.401 179.64 175.892 170.128 164.358 158.588 152.818 147.048 141.278 135.507 129.737 123.967 118.197 112.427 106.657 100.886 92.7234 86.9534 78.7922 73.0234 64.8628 56.7033 48.5439 40.3846 34.6152 28.8452 23.0751 17.3051 11.535 5.76747 5.77 5.77 5.77 5.77 5.77 5.77 5.77 5.75732 5.54958 3.70323 0 0 0 0 0 0 0 0 0 0 0 5.77 5.75894 5.32462 2.91364 0 5.77 5.77 5.77 5.77 5.77
347.6 347.6 347.6 347.6 347.6 347.6 347.6 347.6 347.6 347.6 347.6 347.6 347.6 347.6 347.6 347.6 347.6 347.6 347.6 347.42 345.797 325.029 345.932 190.957 184.051 175.897 170.128 164.357 158.587 152.817 147.047 141.277 135.507 129.737 123.966 118.196 112.426 106.656 100.884 95.1122 86.9512 81.1825 73.023 64.8633 54.3126 46.1539 40.3851 34.6153 28.8453 23.0753 17.3053 11.5353 5.76765 5.77 5.77 5.77 5.77 5.77 5.77 5.74479 5.36773 2.78882 0 0 0 0 0 0 0 0 0 0 0 5.77 5.75894 5.32462 2.91364 0 5.77 5.77 5.77 5.77 5.76991 5.76936
347.6 347.6 347.6 347.6 347.6 347.6 347.6 347.6 347.6 347.6 347.6 347.6 347.6 347.6 347.6 347.6 347.6 347.6 347.504 346.499 331.673 347.59 202.488 192.211 184.057 178.287 172.517 166.747 160.977 155.207 149.437 143.667 137.897 132.127 126.357 120.587 114.816 109.045 103.274 97.4992 89.3404 81.1813 68.2415 62.4732 51.9231 46.1551 40.3853 34.6154 28.8455 23.0755 17.3056 11.5356 5.7678 5.77 5.77 5.77 5.77 5.77 5.74957 5.29876 1.8192 0 0 0 0 0 0 0 0 0 0 0 5.77 5.75893 5.32461 2.91363 0 5.77 5.77 5.77 5.77 5.76961 5.76882 6.15865
347.6 347.6 347.6 347.6 347.6 347.6 347.6 347.6 347.6 347.6 347.6 347.6 347.6 347.6 347.6 347.6 347.6 347.526 346.924 338.194 347.59 210.907 199.82 192.217 186.447 180.677 174.907 169.137 163.367 157.597 151.827 146.057 140.287 134.517 128.747 122.977 117.206 111.435 105.663 109.436 91.7316 76.401 65.8532 60.0842 51.9247 46.1556 40.3857 34.6157 28.8458 23.0758 17.3059 11.5359 5.76796 5.77 5.77 5.77 5.77 5.77 5.48837 2.18901 0 0 0 0 0 0 0 0 0 0 0 5.77 5.75873 5.3238 2.91344 0 5.77 5.77 5.77 5.77 5.76972 5.76889 7.84481 8.15948
347.6 347.6 347.6 347.6 347.6 347.6 347.6 347.6 347.6 347.6 347.6 347.6 347.6 347.6 347.6 347.597 347.455 346.6 339.89 347.591 219.069 206.122 200.377 194.608 188.838 183.068 177.298 171.528 165.758 159.987 154.217 148.447 142.677 136.907 131.137 125.367 119.595 113.823 117.597 113.828 84.4437 74.0155 63.4652 57.6957 51.926 46.1563 40.3863 34.6163 28.8463 23.0763 17.3063 11.5363 5.76818 5.77 5.77 5.77 5.77 5.69921 3.82527 0 0 0 0 0 0 0 0 0 0 0 4.93496 5.44316 5.22727 2.8976 0 5.77 5.77 5.77 5.77 5.76984 5.76923 7.71024 8.15946 5.76825
347.6 347.6 347.6 347.6 347.6 347.6 347.6 347.6 347.6 347.6 347.6 347.6 347.6 347.6 347.6 347.554 345.391 335.178 332.443 227.231 212.767 208.537 202.768 196.998 191.228 185.458 179.688 173.918 168.148 162.378 156.608 150.838 145.067 139.297 133.527 127.756 121.985 125.756 121.988 89.7291 82.1776 71.6276 63.4676 57.6972 51.927 46.1571 40.387 34.617 28.847 23.0769 17.3069 11.5369 5.76843 5.77 5.77 5.77 5.76776 5.19853 0 0 0 0 0 0 0 0 0 0 0 0 0 1.2672 1.63488 0 5.76996 5.76998 5.77 5.77 5.77 5.76974 7.42944 8.15963 5.76875 5.76969
347.6 347.6 347.6 347.6 347.6 347.6 347.6 347.6 347.6 347.6 347.6 347.6 347.6 347.6 347.6 346.635 342.855 227.388 235.394 220.093 216.698 210.928 205.158 199.388 193.618 187.848 182.078 176.308 170.538 164.768 158.998 153.228 147.457 141.687 135.916 130.145 131.918 130.149 111.385 87.8426 79.7879 71.628 65.8582 60.0883 51.9279 46.158 40.3878 34.6177 28.8476 23.0776 17.3075 11.5375 5.76871 5.77 5.77 5.77 5.70403 3.59682 0 0 0 0 0 0 0 0 0 0 0 0 0 0 0 6.1594 6.15943 5.76964 5.77 5.77 5.77 5.76977 7.68756 5.76925 5.7698 5.77
347.6 347.6 347.6 347.6 347.6 347.6 347.6 347.6 347.6 347.6 347.6 347.6 347.6 347.6 347.561 347.41 281.959 231.756 227.703 224.858 219.088 213.318 207.548 201.778 196.008 190.238 184.468 178.698 172.928 167.158 161.388 155.618 149.847 144.077 138.306 138.078 138.308 135.717 94.1094 87.9463 79.7878 74.0183 68.2485 60.0884 51.9286 46.1586 40.3885 34.6184 28.8483 23.0782 17.3081 11.538 5.76898 5.77 5.77 5.77 5.34151 0 0 0 0 0 0 0 0 0 0 0 0 0 0 0 8.13848 11.9274 11.539 5.76865 5.76979 5.77 5.77 5.76994 5.76985 5.7699 5.77 5.77
347.6 347.6 347.6 347.6 347.6 347.6 347.6 347.6 347.6 347.6 347.6 347.6 347.6 347.6 347.598 342.593 246.743 233.421 233.018 227.248 221.478 215.708 209.938 204.168 198.398 192.628 186.858 181.088 175.318 169.548 163.778 158.007 152.235 146.466 144.238 137.129 146.234 99.2837 96.1071 90.3373 82.1778 76.4087 68.2485 60.0885 51.9287 46.159 40.3889 34.6188 28.8487 23.0787 17.3086 11.5385 5.76922 5.77 5.77 5.74548 4.31803 0 0 0 0 0 0 0 0 0 0 0 0 12.3029 0 8.67575 22.0833 16.3187 13.9286 8.15797 5.76922 5.77 5.77 5.77 5.77 5.77 5.77 5.77
347.6 347.6 347.6 347.6 347.6 347.6 347.6 347.6 347.6 347.6 347.6 347.6 347.6 347.598 347.595 259.056 245.953 241.178 235.408 229.638 223.868 218.098 212.328 206.558 200.788 195.018 189.248 183.478 177.708 171.938 166.168 160.397 166.165 152.397 152.627 150.399 113.784 98.9344 98.4985 104.267 84.5678 76.4083 68.2488 60.0888 51.929 46.1592 40.3891 34.6191 28.8491 23.079 17.3089 11.5389 5.76941 5.77 5.77 5.58498 1.87217 0 0 0 0 0 0 0 0 0 0 11.4935 22.4785 28.2351 22.4778 18.302 27.8473 22.0885 16.3181 11.5375 5.7678 5.76976 5.77 5.77 5.77 5.77 5.77 5.77
347.6 347.6 347.6 347.6 347.6 347.6 347.6 347.6 347.6 347.549 347.377 347.46 347.598 347.595 268.037 255.482 249.338 243.568 237.799 232.029 226.259 220.489 214.719 208.949 203.179 197.409 191.638 185.868 180.098 174.328 168.557 172.327 168.558 172.326 158.556 158.589 138.599 105.66 112.429 106.659 110.367 78.583 68.2491 60.0892 51.9293 46.1594 40.3893 34.6193 28.8493 23.0792 17.3092 11.5391 5.76952 5.77 5.77 5.24417 0 0 0 0 0 0 0 0 0 0 16.3188 30.6384 54.3188 48.5489 42.7789 37.0091 31.2388 25.4684 19.6979 13.9272 8.15676 5.76818 5.76978 5.77 5.77 5.77 5.77 5.77
347.6 347.6 347.6 347.6 347.6 347.6 347.6 347.6 346.914 347.599 341.674 343.819 347.596 276.198 264.721 257.499 251.729 245.959 240.189 234.419 228.649 222.879 217.109 211.339 205.569 199.799 194.028 188.258 182.488 176.717 180.486 176.718 180.486 176.718 168.327 152.818 150.429 134.819 114.817 118.59 105.26 87.3471 70.6395 60.0895 51.9295 46.1595 40.3894 34.6194 28.8493 23.0793 17.3092 11.5391 5.76954 5.77 5.77 4.76471 0 0 0 0 0 0 0 0 0 13.929 38.7982 62.4794 56.7096 50.9393 45.169 39.3988 33.6284 27.858 22.0875 16.317 13.927 8.15648 5.76719 5.76796 5.76911 5.76969 5.76993 5.77
347.589 347.6 347.6 347.6 347.6 347.6 347.6 347.206 347.599 292.48 295.419 289.798 282.492 270.808 265.659 259.889 254.119 248.349 242.579 236.809 231.039 225.269 219.499 213.729 207.959 202.188 196.413 186.211 194.402 190.448 184.853 190.585 184.852 190.632 182.729 146.603 144.658 129.738 127.35 116.799 99.1765 82.1703 68.2494 60.0894 51.9294 46.1594 40.3893 34.6193 28.8492 23.0791 17.309 11.539 5.76945 5.77 5.7533 4.07061 0 0 0 0 0 0 0 0 11.5392 0 70.6119 64.8697 62.4797 56.7094 50.9389 45.1687 39.3983 33.6279 27.8574 22.0869 16.3165 13.9261 8.15438 13.925 8.15773 8.15951 5.7699 5.77
347.408 347.6 347.6 347.6 347.6 347.599 347.599 347.598 315.137 300.987 293.445 287.748 274.807 269.038 263.269 257.499 251.729 245.959 240.189 237.8 233.43 227.66 221.89 216.119 210.349 216.113 154.968 347.592 347.592 347.591 347.59 347.588 347.587 233.842 198.783 141.161 138.887 123.968 121.579 111.029 93.3683 76.4086 65.859 60.0892 51.9291 46.1591 40.389 34.6189 28.8488 23.0788 17.3087 11.5386 5.76929 5.77 5.62385 2.47718 0 0 0 0 0 0 0 0 13.9288 0 0 69.1496 64.8697 62.4796 56.709 50.9382 45.1677 39.3971 33.6263 27.8553 22.0843 16.3134 20.083 16.3167 11.5363 5.76691 5.76964 5.77
347.203 347.6 347.6 347.6 347.599 329.529 323.759 317.916 296.957 289.212 283.958 278.187 272.418 266.649 260.879 255.108 249.339 243.568 237.799 232.029 229.639 227.25 224.28 218.51 224.276 181.45 181.454 347.598 345.541 347.597 347.6 347.6 346.156 273.842 341.78 131.777 133.114 118.197 115.807 105.257 87.9386 74.0181 65.8586 57.6986 51.9287 46.1586 40.3885 34.6184 28.8484 23.0783 17.3083 11.5382 5.76908 5.77 5.19688 0 0 0 0 0 0 0 0 0 0 79.7895 77.3996 73.03 70.6399 64.8697 69.6268 64.8669 60.0851 54.3146 48.544 42.7733 37.0024 31.2324 25.4661 19.6956 13.9247 8.15473 5.76763 5.76978
345.942 347.6 347.6 343.469 337.695 327.148 321.378 315.607 297.883 287.337 281.568 275.798 270.028 264.258 258.488 252.718 246.948 241.178 235.408 229.639 223.868 221.479 219.07 178.021 226.633 181.454 347.598 345.541 347.594 347.599 347.6 347.6 347.6 343.555 347.583 129.697 127.343 112.426 110.036 99.4865 82.1764 71.6274 65.858 57.6979 51.9281 46.158 40.3879 34.6179 28.8478 23.0778 17.3078 11.5377 5.76885 5.72764 3.85578 0 0 0 0 0 0 0 0 11.539 0 0 71.6296 69.2396 64.9634 68.0873 73.03 68.2497 62.4793 56.7085 50.938 45.1675 39.3968 33.626 27.8552 22.0843 16.3141 13.9254 8.15551 5.76782
347.055 347.6 346.85 341.078 335.305 317.587 315.198 301.266 295.497 284.947 279.178 273.408 267.638 261.868 256.098 250.328 244.558 238.788 233.018 227.248 221.478 215.708 213.318 189.325 213.31 181.454 347.598 347.6 347.599 347.6 345.675 346.632 347.479 347.584 319.132 120.889 121.573 106.655 104.267 93.7151 79.7855 71.6267 63.4669 57.6973 51.9274 46.1574 40.3873 34.6173 28.8473 23.0773 17.3073 11.5373 5.76862 5.46302 0.491996 0 0 0 0 0 0 0 0 13.9288 70.6296 68.2495 65.8595 36.8904 0 50.5105 69.2005 69.2398 68.2498 62.4793 56.7083 50.9375 45.1668 39.396 33.6251 27.8544 22.0843 16.3147 13.9257 8.1557
347.522 347.6 347.6 343.469 337.69 315.197 309.425 298.877 293.107 282.558 276.788 271.018 265.248 259.478 253.708 247.938 242.168 236.398 230.628 224.858 219.088 213.318 207.548 205.158 202.764 205.147 347.37 347.598 347.6 347.6 307.795 335.912 333.742 41.9998 123.904 118.178 115.803 104.265 98.4942 87.943 77.3943 71.6261 63.4662 57.6967 51.9268 46.1568 40.3868 34.6168 28.8468 23.0768 17.3068 11.5368 5.76838 4.93506 0 0 0 0 0 0 0 0 0 16.3189 64.868 62.4795 60.0894 0 0 0 53.7015 61.4568 63.4696 63.4697 62.4796 56.7084 50.9372 45.1662 39.3954 33.6249 27.8544 22.0845 16.3151 13.9256
347.6 347.435 347.6 345.859 323.354 312.808 307.038 301.267 285.936 280.167 274.398 268.628 262.858 257.088 251.318 245.548 239.778 234.008 228.238 222.468 216.698 210.928 205.158 199.387 196.998 194.532 196.987 347.592 347.592 347.535 0 347.43 82.982 219.793 73.6778 115.807 110.035 104.264 96.104 85.5526 77.3943 69.2349 63.466 57.6962 51.9263 46.1563 40.3864 34.6164 28.8464 23.0763 17.3063 11.5363 5.76814 4.21249 0 0 0 0 0 0 0 0 13.9291 61.4814 0 56.7095 54.3194 0 0 0 16.386 42.5084 51.3796 56.1991 55.5165 60.0897 56.6663 50.9361 45.1602 39.3924 33.6218 27.8514 22.0814 16.3117
332.419 347.6 347.6 347.599 320.967 315.199 309.429 298.877 283.546 277.777 272.008 266.238 260.468 254.698 248.928 243.158 237.388 231.618 225.848 220.078 214.308 208.538 202.768 196.998 191.227 188.838 180.683 153.358 170.843 0 0 0 0 0 0 113.418 107.646 101.875 96.1053 87.9448 77.3937 69.235 63.4659 57.696 51.926 46.156 40.386 34.6159 28.8459 23.0759 17.3058 11.5358 5.76788 3.73943 0 0 0 0 0 0 0 0 16.3189 12.0818 53.3295 50.9394 48.5493 0 0 0 0 0 9.19936 36.4337 0 0 0 0 64.8674 59.0961 53.3194 47.5491 41.779 36.0099
343.538 347.6 347.6 347.599 323.358 317.588 307.038 301.267 285.937 275.387 269.618 263.848 258.078 252.308 246.538 240.768 234.998 229.228 223.458 217.688 211.918 206.148 200.378 194.608 188.837 183.067 177.297 171.527 165.757 163.368 0 0 0 347.59 0 111.028 105.257 99.4856 93.7147 85.5543 79.785 69.2343 63.4658 57.6958 51.9257 46.1556 40.3855 34.6155 28.8454 23.0753 17.3053 11.5352 5.76759 3.69788 0 0 0 0 0 0 0 13.9288 52.3332 0 47.5594 45.1693 42.7792 0 0 0 0 0 0 0 0 0 0 0 51.0991 56.7073 50.9368 45.1665 39.3962 33.626
346.204 347.6 347.6 347.599 337.288 331.514 309.427 315.197 273.059 272.997 267.228 261.458 255.688 249.918 244.148 238.378 232.608 226.838 221.068 215.298 209.528 203.758 197.988 192.218 186.447 180.677 174.907 169.137 163.367 157.597 155.208 0 0 0 114.391 108.638 102.868 97.0963 91.3248 85.5547 77.3939 71.6251 63.465 57.6953 51.9251 46.155 40.3849 34.6148 28.8448 23.0747 17.3046 11.5345 5.76723 1.93433 0 0 0 0 0 0 0 16.3181 0 44.1794 41.7893 39.3992 37.009 0 0 0 0 0 0 0 0 0 0 0 0 54.3169 48.5457 42.7751 37.0045 31.2338
347.528 347.6 347.6 347.6 339.679 345.447 325.994 317.585 251.454 253.587 264.838 259.068 253.298 247.528 241.758 235.988 230.218 224.448 218.678 212.908 207.138 201.368 195.598 189.828 184.058 178.287 172.517 166.747 160.977 155.207 149.436 147.047 0 0 0 106.248 100.477 94.7067 88.9353 83.164 77.3939 69.2331 63.4641 57.6944 51.9243 46.1542 40.3841 34.6141 28.844 23.0739 17.3038 11.5337 5.76679 0 0 0 0 0 0 0 11.5383 46.5651 0 38.4092 36.0191 33.629 31.2389 0 0 0 0 0 0 0 0 0 0 0 0 51.9286 46.1559 40.3843 34.6131 28.842
347.6 347.6 347.6 347.6 347.6 347.599 347.599 332.297 304.645 272.995 262.449 256.679 250.908 245.138 239.368 233.598 227.828 222.058 216.288 210.518 204.748 198.978 193.208 187.438 181.668 175.898 170.127 164.357 158.587 152.817 147.047 141.276 138.886 128.326 109.623 103.856 98.0864 92.3161 86.5456 80.7742 75.0029 69.2331 63.4634 57.6934 51.9234 46.1533 40.3832 34.6131 28.843 23.0729 17.3028 11.5326 5.76624 0 0 0 0 0 0 0 0 0 38.4095 32.6392 30.2488 27.8587 25.4686 0 0 0 0 0 0 0 0 0 0 0 0 0 48.5485 42.7753 37.0041 31.2328
347.6 347.6 347.6 347.6 347.6 347.6 347.6 347.6 338.456 275.387 260.059 254.289 248.519 242.749 236.978 231.208 225.438 219.668 213.898 208.128 202.358 196.588 190.818 185.048 179.278 173.508 167.738 161.967 156.197 150.427 144.657 138.886 133.115 125.943 112.013 103.856 98.0865 92.3164 86.5462 80.7755 75.0042 69.2333 63.4629 57.6927 51.9225 46.1524 40.3822 34.6121 28.8419 23.0717 17.3015 11.5313 5.76552 0 0 0 0 0 0 0 0 0 34.6195 30.2492 24.4787 22.0884 19.6986 0 0 0 0 0 0 0 0 0 0 0 0 0 0 45.1429 39.3917 33.6159
347.6 347.6 347.6 347.6 347.6 347.6 347.6 347.6 347.598 277.778 255.109 251.9 246.129 240.359 234.589 228.819 223.048 217.278 211.508 205.738 199.968 194.198 188.428 182.657 176.887 171.117 165.347 159.577 153.807 148.037 142.267 136.496 130.726 124.954 114.404 103.855 98.0865 92.3164 86.5462 80.7759 75.0051 69.234 63.463 57.6924 51.9219 46.1516 40.3813 34.611 28.8406 23.0703 17.2999 11.5295 5.76452 0 0 0 0 0 0 0 0 0 28.8495 27.8594 22.0889 16.3189 16.3195 0 0 0 0 0 0 0 0 0 0 0 0 0 0 0 0 59.0894
