tests/full-run-ref/erosion_2010_078_16_47.110.asc
ncols 512
nrows 512
xllcorner -3.24582
yllcorner -4.08743
cellsize 5
NODATA_value -99999
[rows 330 to 359 of 512, columns 402 to 468 of 512]
217.206 217.206 217.206 217.206 217.206 217.206 217.206 217.206 217.206 217.206 217.206 217.206 217.206 217.206 217.206 217.206 217.206 217.206 217.206 217.206 217.206 217.206 217.206 217.206 217.206 220.091 222.976 227.056 229.446 232.331 235.216 238.101 240.986 243.871 246.756 249.641 252.526 255.411 258.296 261.181 264.066 266.951 269.836 272.721 275.606 278.491 281.376 284.261 287.146 290.031 292.916 295.801 298.686 301.571 304.456 306.555 307.75 308.945 310.14 311.335 312.53 313.725 314.92 316.115 317.31 318.505 319.7
217.206 217.206 217.206 217.206 217.206 217.206 217.206 217.206 217.206 217.206 217.206 217.206 217.206 217.206 217.206 217.206 217.206 217.206 217.206 217.206 217.206 217.206 217.206 217.206 220.091 221.286 224.171 227.056 231.136 233.526 236.411 239.296 242.181 245.066 247.951 250.836 253.721 256.606 259.491 262.376 265.261 268.146 271.031 273.916 276.801 279.686 282.571 285.456 288.341 291.226 294.111 296.996 299.881 302.766 305.651 308.536 310.635 311.83 313.025 314.22 315.415 316.61 317.805 319 320.195 321.39 322.585
217.206 217.206 217.206 217.206 217.206 217.206 217.206 217.206 217.206 217.206 217.206 217.206 217.206 217.206 217.206 217.206 217.206 217.206 217.206 217.206 217.206 217.206 217.206 217.206 220.091 222.976 225.366 228.251 231.136 235.216 237.606 240.491 243.376 246.261 249.146 252.031 254.916 257.801 260.686 263.571 266.456 269.341 272.226 275.111 277.996 280.881 283.766 286.651 289.536 292.421 295.306 298.191 301.076 303.961 306.846 309.731 312.616 314.715 315.91 317.105 318.3 319.495 320.69 321.885 323.08 324.275 325.47
217.206 217.206 217.206 217.206 217.206 217.206 217.206 217.206 217.206 217.206 217.206 217.206 217.206 217.206 217.206 217.206 217.206 217.206 217.206 217.206 217.206 217.206 217.206 220.091 221.286 224.171 227.056 229.446 232.331 235.216 239.296 241.686 244.571 247.456 250.341 253.226 256.111 258.996 261.881 264.766 267.651 270.536 273.421 276.306 279.191 282.076 284.961 287.846 290.731 293.616 296.501 299.386 302.271 305.156 308.041 310.926 313.811 316.696 318.795 319.99 321.185 322.38 323.575 324.77 325.965 327.16 328.355
217.206 217.206 217.206 217.206 217.206 217.206 217.206 217.206 217.206 217.206 217.206 217.206 217.206 217.206 217.206 217.206 217.206 217.206 217.206 217.206 217.206 220.091 221.286 221.286 224.171 225.366 228.251 231.136 233.526 236.411 239.296 242.181 245.066 247.951 250.836 253.721 256.606 259.491 262.376 265.261 268.146 271.031 273.916 276.801 279.686 282.571 285.456 288.341 291.226 294.111 296.996 299.881 302.766 305.651 308.536 311.421 314.306 317.191 320.076 322.875 324.07 325.265 326.46 327.655 328.85 330.045 331.24
217.206 217.206 217.206 217.206 217.206 217.206 217.206 217.206 217.206 217.206 217.206 217.206 217.206 217.206 217.206 217.206 217.206 217.206 217.206 220.091 221.286 221.286 224.171 225.366 225.366 228.251 229.446 232.331 235.216 237.606 240.491 243.376 246.261 249.146 252.031 254.916 257.801 260.686 263.571 266.456 269.341 272.226 275.111 277.996 280.881 283.766 286.651 289.536 292.421 295.306 298.191 301.076 303.961 306.846 309.731 312.616 315.501 318.386 321.271 324.156 326.955 328.15 329.345 330.54 331.735 332.93 334.125
217.206 217.206 217.206 217.206 217.206 217.206 217.206 217.206 217.206 217.206 217.206 217.206 217.206 217.206 217.206 217.206 217.206 220.091 220.091 221.286 224.171 225.366 225.366 228.251 229.446 229.446 232.331 233.526 236.411 239.296 241.686 244.571 247.456 250.341 253.226 256.111 258.996 261.881 264.766 267.651 270.536 273.421 276.306 279.191 282.076 284.961 287.846 290.731 293.616 296.501 299.386 302.271 305.156 308.041 310.926 313.811 316.696 319.581 322.466 325.351 328.236 331.035 332.23 333.425 334.62 335.815 337.01
217.206 217.206 217.206 217.206 217.206 217.206 217.206 217.206 217.206 217.206 217.206 217.206 217.206 217.206 217.206 220.091 220.091 221.286 222.976 224.171 225.366 228.251 229.446 229.446 232.331 233.526 233.526 236.411 237.606 240.491 243.376 245.766 248.651 251.536 254.421 257.306 260.191 263.076 265.961 268.846 271.731 274.616 277.501 280.386 283.271 286.156 289.041 291.926 294.811 297.696 300.581 303.466 306.351 309.236 312.121 315.006 317.891 320.776 323.661 326.546 329.431 332.316 335.115 336.31 337.505 338.7 339.895
217.206 217.206 217.206 217.206 217.206 217.206 217.206 217.206 217.206 217.206 217.206 217.206 217.206 217.206 220.091 221.286 222.976 224.171 225.366 227.056 228.251 229.446 232.331 233.526 233.526 236.411 237.606 237.606 240.491 241.686 244.571 247.456 249.846 252.731 255.616 258.501 261.386 264.271 267.156 270.041 272.926 275.811 278.696 281.581 284.466 287.351 290.236 293.121 296.006 298.891 301.776 304.661 307.546 310.431 313.316 316.201 319.086 321.971 324.856 327.741 330.626 333.511 336.396 339.195 340.39 341.585 342.78
217.206 217.206 217.206 217.206 217.206 217.206 217.206 217.206 217.206 217.206 217.206 217.206 220.091 221.286 221.286 224.171 225.366 227.056 228.251 229.446 231.136 232.331 233.526 236.411 237.606 237.606 240.491 241.686 241.686 244.571 245.766 248.651 251.536 253.926 256.811 259.696 262.581 265.466 268.351 271.236 274.121 277.006 279.891 282.776 285.661 288.546 291.431 294.316 297.201 300.086 302.971 305.856 308.741 311.626 314.511 317.396 320.281 323.166 326.051 328.936 331.821 334.706 337.591 340.476 343.275 344.47 345.665
217.206 217.206 217.206 217.206 217.206 217.206 217.206 217.206 217.206 217.206 220.091 220.091 221.286 224.171 225.366 225.366 228.251 229.446 231.136 232.331 233.526 235.216 236.411 237.606 240.491 241.686 241.686 244.571 245.766 245.766 248.651 249.846 252.731 255.616 258.006 260.891 263.776 266.661 269.546 272.431 275.316 278.201 281.086 283.971 286.856 289.741 292.626 295.511 298.396 301.281 304.166 307.051 309.936 312.821 315.706 318.591 321.476 324.361 327.246 330.131 333.016 335.901 338.786 341.671 344.556 347.355 347.881
217.206 217.206 217.206 217.206 217.206 217.206 217.206 217.206 220.091 220.091 221.286 222.976 224.171 225.366 228.251 229.446 229.446 232.331 233.526 235.216 236.411 237.606 239.296 240.491 241.686 244.571 245.766 245.766 248.651 249.846 249.846 252.731 253.926 256.811 259.696 262.086 264.971 267.856 270.741 273.626 276.511 279.396 282.281 285.166 288.051 290.936 293.821 296.706 299.591 302.476 305.361 308.246 311.131 314.016 316.901 319.786 322.671 325.556 328.441 331.326 334.211 337.096 339.981 342.866 345.751 348.237 348.551
217.206 217.206 217.206 217.206 217.206 217.206 217.206 217.206 220.091 222.976 224.171 225.366 227.056 228.251 229.446 232.331 233.526 233.526 236.411 237.606 239.296 240.491 241.686 243.376 244.571 245.766 248.651 249.846 249.846 252.731 253.926 253.926 256.811 258.006 260.891 263.776 266.166 269.051 271.936 274.821 277.706 280.591 283.476 286.361 289.246 292.131 295.016 297.901 300.786 303.671 306.556 309.441 312.326 315.211 318.096 320.981 323.866 326.751 329.636 332.521 335.406 338.291 341.176 344.061 346.946 348.907 349.201
217.206 217.206 217.206 217.206 217.206 217.206 217.206 217.206 220.091 222.976 225.366 228.251 229.446 231.136 232.331 233.526 236.411 237.606 237.606 240.491 241.686 243.376 244.571 245.766 247.456 248.651 249.846 252.731 253.926 253.926 256.811 256.811 258.006 260.891 262.086 264.971 267.856 270.246 273.131 276.016 278.901 281.786 284.671 287.556 290.441 293.326 296.211 299.096 301.981 304.866 307.751 310.636 313.521 316.406 319.291 322.176 325.061 327.946 330.831 333.716 336.601 339.486 342.371 345.256 348.141 349.549 349.823
217.206 217.206 217.206 217.206 217.206 217.206 217.206 217.206 220.091 221.286 224.171 227.056 229.941 232.826 235.216 236.411 237.606 240.491 241.686 241.686 244.571 245.766 247.456 248.651 249.846 251.536 252.731 253.926 256.811 258.006 258.006 259.696 260.891 262.086 264.971 266.166 269.051 271.936 274.326 277.211 280.096 282.981 285.866 288.751 291.636 294.521 297.406 300.291 303.176 306.061 308.946 311.831 314.716 317.601 320.486 323.371 326.256 329.141 332.026 334.911 337.796 340.681 343.566 346.451 349.336 350.165 350.416
217.206 217.206 217.206 217.206 217.206 217.206 217.206 217.206 217.206 220.091 222.976 225.861 228.746 231.631 236.906 239.296 240.491 241.686 244.571 245.766 245.766 248.651 249.846 251.536 252.731 253.926 255.616 256.811 258.006 260.891 262.086 262.086 263.776 264.971 266.166 269.051 270.246 273.131 276.016 278.406 281.291 284.176 287.061 289.946 292.831 295.716 298.601 301.486 304.371 307.256 310.141 313.026 315.911 318.796 321.681 324.566 327.451 330.336 333.221 336.106 338.991 341.876 344.761 347.646 350.531 350.758 350.985
217.206 217.206 217.206 217.206 217.206 217.206 217.206 217.206 217.206 220.091 222.976 225.366 228.251 231.136 235.711 240.986 243.376 244.571 245.766 248.651 249.846 249.846 252.731 253.926 255.616 256.811 258.006 259.696 260.891 262.086 264.971 264.971 266.166 267.856 269.051 270.246 273.131 274.326 277.211 280.096 282.486 285.371 288.256 291.141 294.026 296.911 299.796 302.681 305.566 308.451 311.336 314.221 317.106 319.991 322.876 325.761 328.646 331.531 334.416 337.301 340.186 343.071 345.956 348.841 351.128 351.326 351.53
217.206 217.206 217.206 217.206 217.206 217.206 217.206 217.206 217.206 220.091 221.286 224.171 227.056 229.941 235.216 239.791 245.066 247.456 248.651 249.846 252.731 253.926 253.926 256.811 258.006 259.696 260.891 262.086 263.776 264.971 266.166 267.856 269.051 270.246 271.936 273.131 274.326 277.211 278.406 281.291 284.176 286.566 289.451 292.336 295.221 298.106 300.991 303.876 306.761 309.646 312.531 315.416 318.301 321.186 324.071 326.956 329.841 332.726 335.611 338.496 341.381 344.266 347.151 350.036 351.694 351.87 352.052
217.206 217.206 217.206 217.206 217.206 217.206 217.206 217.206 217.206 217.206 220.091 222.976 225.861 228.746 234.021 239.296 243.871 249.146 251.536 252.731 253.926 256.811 258.006 258.006 260.891 262.086 263.776 264.971 266.166 267.856 269.051 270.246 271.936 273.131 274.326 276.016 277.211 278.406 281.291 282.486 285.371 288.256 290.646 293.531 296.416 299.301 302.186 305.071 307.956 310.841 313.726 316.611 319.496 322.381 325.266 328.151 331.036 333.921 336.806 339.691 342.576 345.461 348.346 351.231 352.231 352.387 352.547
217.206 217.206 217.206 217.206 217.206 217.206 217.206 217.206 217.206 217.206 220.091 222.976 225.861 228.746 232.826 238.101 243.376 247.951 253.226 255.616 256.811 258.006 260.891 262.086 262.086 264.971 266.166 267.856 269.051 270.246 271.936 273.131 274.326 276.016 277.211 278.406 280.096 281.291 282.486 285.371 286.566 289.451 292.336 294.726 297.611 300.496 303.381 306.266 309.151 312.036 314.921 317.806 320.691 323.576 326.461 329.346 332.231 335.116 338.001 340.886 343.771 346.656 349.541 352.426 352.742 352.879 353.017
217.206 217.206 217.206 217.206 217.206 217.206 217.206 217.206 217.206 217.206 220.091 222.976 225.861 228.746 232.826 236.906 242.181 247.456 252.031 257.306 259.696 260.891 262.086 264.971 266.166 266.166 269.051 270.246 271.936 273.131 274.326 276.016 277.211 278.406 280.096 281.291 282.486 284.176 285.371 286.566 289.451 290.646 293.531 296.416 298.806 301.691 304.576 307.461 310.346 313.231 316.116 319.001 321.886 324.771 327.656 330.541 333.426 336.311 339.196 342.081 344.966 347.851 350.736 353.107 353.232 353.351 353.469
217.206 217.206 217.206 217.206 217.206 217.206 217.206 217.206 217.206 217.206 220.091 222.976 225.861 228.746 231.631 236.906 240.986 246.261 251.536 256.111 261.386 263.776 264.971 266.166 269.051 270.246 270.246 273.131 274.326 276.016 277.211 278.406 280.096 281.291 282.486 284.176 285.371 286.566 288.256 289.451 290.646 293.531 294.726 297.611 300.496 302.886 305.771 308.656 311.541 314.426 317.311 320.196 323.081 325.966 328.851 331.736 334.621 337.506 340.391 343.276 346.161 349.046 351.931 353.594 353.706 353.81 353.911
217.206 217.206 217.206 217.206 217.206 217.206 217.206 217.206 217.206 217.206 220.091 222.976 225.861 228.746 231.631 235.711 240.986 245.066 250.341 255.616 260.191 265.466 267.856 269.051 270.246 273.131 274.326 274.326 277.211 278.406 280.096 281.291 282.486 284.176 285.371 286.566 288.256 289.451 290.646 292.336 293.531 294.726 297.611 298.806 301.691 304.576 306.966 309.851 312.736 315.621 318.506 321.391 324.276 327.161 330.046 332.931 335.816 338.701 341.586 344.471 347.356 350.241 353.126 354.058 354.158 354.251 354.338
217.206 217.206 217.206 217.206 217.206 217.206 217.206 217.206 217.206 217.206 220.091 222.976 225.861 228.746 231.631 235.711 239.791 245.066 249.146 254.421 259.696 264.271 269.546 271.936 273.131 274.326 277.211 278.406 278.406 281.291 282.486 284.176 285.371 286.566 288.256 289.451 290.646 292.336 293.531 294.726 296.416 297.611 298.806 301.691 302.886 305.771 308.656 311.046 313.931 316.816 319.701 322.586 325.471 328.356 331.241 334.126 337.011 339.896 342.781 345.666 348.551 351.436 354.321 354.499 354.592 354.674 354.75
217.206 217.206 217.206 217.206 217.206 217.206 217.206 217.206 217.206 217.206 220.091 222.976 225.861 228.746 231.631 235.711 239.791 243.871 249.146 253.226 258.501 263.776 268.351 273.626 276.016 277.211 278.406 281.291 282.486 282.486 285.371 286.566 288.256 289.451 290.646 292.336 293.531 294.726 296.416 297.611 298.806 300.496 301.691 302.886 305.771 306.966 309.851 312.736 315.126 318.011 320.896 323.781 326.666 329.551 332.436 335.321 338.206 341.091 343.976 346.861 349.746 352.631 354.801 354.924 355.011 355.087 355.153
217.206 217.206 217.206 217.206 217.206 217.206 217.206 217.206 217.206 217.206 220.091 222.976 225.861 228.746 231.631 235.711 239.791 243.871 247.951 253.226 257.306 262.581 267.856 272.431 277.706 280.096 281.291 282.486 285.371 286.566 286.566 289.451 290.646 292.336 293.531 294.726 296.416 297.611 298.806 300.496 301.691 302.886 304.576 305.771 306.966 309.851 311.046 313.931 316.816 319.206 322.091 324.976 327.861 330.746 333.631 336.516 339.401 342.286 345.171 348.056 350.941 353.826 355.223 355.341 355.425 355.495 355.554
217.206 217.206 217.206 217.206 217.206 217.206 217.206 217.206 217.206 217.206 220.091 222.976 225.861 228.746 231.631 235.711 239.791 243.871 247.951 252.031 257.306 261.386 266.661 271.936 276.511 281.786 284.176 285.371 286.566 289.451 290.646 290.646 293.531 294.726 296.416 297.611 298.806 300.496 301.691 302.886 304.576 305.771 306.966 308.656 309.851 311.046 313.931 315.126 318.011 320.896 323.286 326.171 329.056 331.941 334.826 337.711 340.596 343.481 346.366 349.251 352.136 355.021 355.628 355.745 355.828 355.896 355.951
217.206 217.206 217.206 217.206 217.206 217.206 217.206 217.206 217.206 217.206 220.091 222.976 225.861 228.746 231.631 235.711 239.791 243.871 247.951 252.031 256.111 261.386 265.466 270.741 276.016 280.591 285.866 288.256 289.451 290.646 293.531 294.726 294.726 297.611 298.806 300.496 301.691 302.886 304.576 305.771 306.966 308.656 309.851 311.046 312.736 313.931 315.126 318.011 319.206 322.091 324.976 327.366 330.251 333.136 336.021 338.906 341.791 344.676 347.561 350.446 353.331 355.85 356.018 356.135 356.22 356.288 356.342
217.206 217.206 217.206 217.206 217.206 217.206 217.206 217.206 217.206 217.206 220.091 222.976 225.861 228.746 231.631 235.711 239.791 243.871 247.951 252.031 256.111 260.191 265.466 269.546 274.821 280.096 284.671 289.946 292.336 293.531 294.726 297.611 297.611 298.806 301.691 302.886 304.576 305.771 306.966 308.656 309.851 311.046 312.736 313.931 315.126 316.816 318.011 319.206 322.091 323.286 326.171 329.056 331.446 334.331 337.216 340.101 342.986 345.871 348.756 351.641 354.526 356.234 356.4 356.519 356.607 356.678 356.732
217.206 217.206 217.206 217.206 217.206 217.206 217.206 217.206 217.206 220.091 221.286 224.171 227.056 229.941 232.826 235.711 239.791 243.871 247.951 252.031 256.111 260.191 264.271 269.546 273.626 278.901 284.176 288.751 294.026 296.416 297.611 298.806 300.496 301.691 302.886 305.771 306.966 308.656 309.851 311.046 312.736 313.931 315.126 316.816 318.011 319.206 320.896 322.091 323.286 326.171 327.366 330.251 333.136 335.526 338.411 341.296 344.181 347.066 349.951 352.836 355.721 356.615 356.781 356.904 356.996 357.07 357.126
