tests/full-run-ref/erosion_83_12_73.250.asc
ncols 512
nrows 512
xllcorner -3.24582
yllcorner -4.08743
cellsize 5
NODATA_value -99999
[rows 465 to 495 of 512, columns 0 to 68 of 512]
17.31 11.5401 11.5401 11.5397 11.54 11.54 11.5399 11.5399 11.5398 11.5398 11.5386 11.5382 11.5373 11.5371 11.5365 11.5225 11.5282 11.5054 11.5174 11.5116 11.5257 11.5257 11.5356 11.5342 11.5373 11.5395 11.129 11.3602 11.3815 11.54 10.0446 9.99202 10.8565 11.0942 10.0947 15.8826 11.1678 11.4091 11.54 11.5401 11.5385 11.54 11.5343 11.54 11.5376 11.5242 10.3962 8.82479 11.4286 10.9465 10.2713 6.42783 2.93529 5.57138 9.85039 10.1597 10.3634 10.5951 9.0395 10.7386 10.97 11.0645 10.7359 10.4857 11.0408 11.1036 11.4957 11.5288 11.5353
18.119 13.93 11.5401 11.5398 11.54 11.54 11.5399 11.5399 11.5399 11.5397 11.5387 11.5383 11.5376 11.5369 11.5366 11.5271 11.5145 11.5259 11.5052 11.5267 11.5271 11.5363 11.5334 11.5282 11.5342 11.5399 11.1616 11.7082 11.2649 11.54 11.54 11.54 11.54 11.54 10.0308 15.8169 13.5855 10.8874 11.54 11.54 11.5399 11.5355 11.5325 11.4235 11.54 11.54 11.54 11.54 11.3334 10.729 11.54 11.54 11.54 11.54 11.54 11.54 11.54 11.54 11.54 11.54 11.54 11.54 11.54 11.54 11.3809 11.4731 11.5284 11.534 11.5381
17.31 13.93 11.5401 11.5395 11.54 11.54 11.5399 11.5399 11.5398 11.5397 11.5388 11.5384 11.5376 11.5372 11.5368 11.5274 11.5265 11.5224 11.5252 11.5293 11.5352 11.5353 11.511 11.5248 11.54 11.54 11.4182 11.3594 11.2959 11.54 11.54 11.54 11.54 11.54 10.0244 15.8148 11.2084 10.7846 11.54 11.54 11.54 11.5397 11.5392 11.2902 11.2232 11.1024 10.9424 10.7397 11.1376 9.9484 10.3819 10.3234 9.74754 9.18171 11.54 9.41301 9.78674 10.2494 10.6238 10.8787 11.0795 11.2384 11.54 11.4181 11.4926 11.5286 11.5336 11.5369 11.5387
17.31 11.5401 11.5401 11.5394 11.54 11.54 11.5399 11.5399 11.5399 11.5398 11.5388 11.5385 11.5379 11.5375 11.5371 11.5274 11.5279 11.5279 11.5296 11.5336 11.5337 11.537 11.5016 11.54 11.4846 11.5254 11.4862 11.5401 11.5397 11.54 11.54 11.54 11.54 11.54 10.5421 16.3378 12.9481 10.9971 11.54 11.5399 11.54 11.5395 11.54 11.54 11.54 9.84168 10.0952 8.6988 11.54 8.21622 10.357 8.90598 8.87698 9.34428 9.89486 10.3241 10.5523 10.1682 10.4627 10.7797 11.0716 11.3376 11.0964 11.487 11.5312 11.5357 11.5382 11.5388 11.5386
17.31 11.5401 11.5401 11.5395 11.54 11.54 11.5399 11.5399 11.5398 11.5398 11.5389 11.5386 11.5378 11.5376 11.5369 11.5271 11.5263 11.5219 11.5279 11.5297 11.5351 11.5387 11.5382 11.5401 11.3957 11.5364 11.3906 11.3332 11.4243 11.5078 11.54 11.54 11.54 11.54 10.5076 16.0779 11.1862 11.2074 11.54 11.54 11.54 11.5391 11.54 11.54 10.8786 10.575 10.4889 7.28706 6.71855 7.99218 10.5137 10.51 10.1794 10.0521 7.83529 5.88951 8.25029 7.90298 9.67945 9.67261 10.7405 10.8631 11.478 11.5316 11.5362 11.5356 11.5378 11.5383 11.5393
17.31 11.5401 11.5401 11.5397 11.54 11.54 11.5399 11.5399 11.5399 11.5398 11.539 11.5386 11.5381 11.5374 11.537 11.5268 11.5268 11.5263 11.525 11.2603 11.4524 11.475 11.4153 11.3145 11.3451 11.5344 11.5341 11.5352 11.5365 11.47 11.54 11.54 11.5401 11.54 11.3047 16.5313 11.0368 11.54 11.54 11.5399 11.54 11.5396 11.54 10.2572 11.54 11.54 11.54 11.54 11.54 11.54 11.54 11.54 11.54 11.54 11.54 11.54 11.54 11.54 11.54 11.54 11.2806 11.4392 11.5313 11.535 11.5378 11.5383 11.5383 11.5393 11.54
17.31 11.5401 11.5401 11.5398 11.54 11.54 11.5399 11.5399 11.5399 11.5398 11.5391 11.5388 11.5381 11.5377 11.5373 11.5269 11.5259 11.522 11.5261 11.0975 11.5401 11.3574 11.5345 11.5334 11.5332 11.5329 11.5323 11.5346 11.5346 11.4829 11.5396 11.54 11.54 11.54 11.0647 14.9278 11.0662 11.54 11.5401 11.5399 11.54 11.54 11.54 10.1752 10.7776 11.54 10.2147 10.0493 11.54 11.54 10.2435 11.54 11.54 11.54 11.54 10.6171 10.8205 11.0296 11.54 11.3422 11.4617 11.531 11.5348 11.5366 11.5384 11.5382 11.5392 11.54 11.54
17.31 11.5401 11.5401 11.5397 11.4906 11.5046 11.0065 11.5399 11.5399 11.5399 11.5391 11.5389 11.5384 11.538 11.5376 11.5275 11.5277 11.5271 11.5276 11.104 11.1635 11.2505 11.5311 11.5308 11.531 11.5315 11.5316 11.5349 11.5369 11.5375 11.54 11.54 11.5399 11.54 11.3148 11.4578 10.7118 11.54 11.54 11.5399 11.54 11.2936 11.54 8.89741 10.0596 9.08758 9.37158 8.56561 7.54277 9.03068 9.3077 8.58088 9.96248 9.18162 10.4794 10.7653 11.0617 11.3102 10.8311 11.4624 11.5323 11.5364 11.538 11.5386 11.5383 11.5393 11.54 11.54 11.54
18.4655 12.6955 11.5401 11.5397 11.499 11.5614 10.6816 11.5399 11.5398 11.5399 11.5392 11.5389 11.5384 11.5381 11.5374 11.5281 11.5269 11.5214 11.526 11.526 11.5299 11.5299 11.5296 11.5295 11.53 11.5307 11.5313 11.5347 11.3843 11.4773 11.5399 11.5399 11.5401 11.5399 11.54 11.54 11.54 11.54 11.5401 11.5399 11.54 11.1301 9.99768 9.20616 10.614 8.64602 6.29628 7.69291 10.2342 6.5014 8.20857 10.6729 9.50385 10.7124 10.2685 9.80157 10.7069 10.8107 11.4685 11.5291 11.5343 11.5349 11.5375 11.5381 11.5392 11.54 11.54 11.54 11.54
19.5719 13.8019 11.5401 11.5398 11.5018 11.1099 10.7552 11.5399 11.5399 11.5398 11.5392 11.539 11.5386 11.538 11.5376 11.529 11.529 11.5271 11.5224 11.5244 11.5261 11.527 11.5279 11.5286 11.5293 11.5302 11.5311 11.5348 11.3313 11.5401 11.54 11.54 11.5399 11.54 11.5399 11.54 11.5401 11.5399 8.69792 6.7075 11.54 11.0333 11.54 11.54 11.54 11.54 11.54 11.54 11.54 11.54 11.54 11.54 11.54 11.54 11.54 11.54 11.2779 11.4294 11.5288 11.5326 11.5368 11.5378 11.538 11.5392 11.54 11.54 11.54 11.54 11.54
17.31 11.5401 11.5401 11.5397 11.54 11.5399 11.5399 11.5399 11.5398 11.5398 11.5393 11.5391 11.5386 11.5383 11.5379 11.5301 11.529 11.5247 11.5252 11.5263 11.5269 11.5281 11.529 11.5299 11.5304 11.5311 11.5317 11.5344 11.385 11.4726 11.5215 11.5401 11.5399 11.5399 11.5401 11.5396 11.5395 11.5397 11.3705 11.54 11.54 10.9316 11.0407 11.54 10.8102 10.7269 10.5331 10.7148 10.6986 10.746 11.54 10.799 11.0148 11.1553 11.54 11.3701 11.4704 11.5296 11.5321 11.5345 11.5373 11.5374 11.539 11.54 11.54 11.54 11.5396 11.5397 11.5397
17.31 11.5401 11.5401 11.5396 11.54 11.5399 11.5399 11.5399 11.5399 11.5399 11.5393 11.5391 11.5388 11.5386 11.5382 11.5311 11.5313 11.5309 11.5301 11.531 11.5304 11.5325 11.5326 11.5338 11.5331 11.5344 11.5344 11.5335 11.5371 11.5389 11.5121 11.5392 11.5391 11.3491 11.14 11.2691 11.4566 11.5397 8.32062 11.2396 10.9911 10.8562 10.7171 10.0767 10.135 9.89259 9.63111 9.76275 9.45878 9.43733 10.4555 10.8705 11.1005 11.3376 10.9813 11.4734 11.5345 11.5342 11.5354 11.5365 11.4343 11.4877 11.5397 11.5398 11.5396 11.5398 11.5398 11.5401 11.5275
19.7 13.93 11.5401 10.9108 11.54 11.5399 11.5399 11.5399 11.5398 11.5398 11.5394 11.5392 11.5388 11.5387 11.5382 11.5319 11.5311 11.5267 11.5291 11.5256 11.5295 11.5284 11.5324 11.5301 11.5326 11.5315 11.535 11.5366 11.5368 11.5386 11.5391 11.54 11.54 11.5267 11.5264 11.5254 11.2731 11.54 6.35095 10.7261 10.2077 10.3635 9.96106 11.0235 11.0128 10.9065 10.8368 10.8175 10.8467 10.7657 10.2325 9.90079 10.801 10.884 11.4789 11.5347 11.5347 11.5323 11.5343 11.5349 11.4183 11.5401 11.5395 11.54 11.5401 11.5256 11.5227 11.5093 11.5155
22.09 16.3202 13.9301 10.8808 11.54 11.5399 11.5399 11.5399 11.5399 11.5398 11.5394 11.5393 11.539 11.5387 11.5384 11.5328 11.5329 11.5318 11.5287 11.5295 11.5333 11.5343 11.533 11.5333 11.5352 11.5358 11.5346 11.5372 11.5382 11.5385 11.5394 11.54 11.54 11.5074 11.54 11.54 10.7649 11.5399 5.83212 11.54 11.54 11.54 11.54 11.54 11.54 11.54 11.54 11.54 11.54 11.54 11.54 11.54 11.298 11.4424 11.5376 11.5356 11.536 11.5351 11.534 11.5355 11.4327 11.442 11.4873 11.5027 11.501 11.5131 11.5392 11.5392 11.5391
22.2753 16.5054 11.5401 10.3939 11.54 11.5399 11.5399 11.5398 11.5398 11.5398 11.5395 11.5394 11.5391 11.5389 11.5386 11.5336 11.5331 11.5305 11.531 11.5318 11.5342 11.5329 11.5346 11.5347 11.5357 11.5351 11.5363 11.5381 11.538 11.5392 11.54 11.54 11.54 11.488 11.54 11.4706 9.97111 11.54 4.80604 11.54 11.1185 11.1125 11.1167 11.1108 11.0946 11.0969 11.1281 11.1064 11.133 11.1895 11.54 11.3828 11.4722 11.5382 11.5381 11.5362 11.5361 11.5346 11.5352 11.5363 11.5372 11.5381 11.5385 11.539 11.5393 11.5392 11.5391 11.539 11.5389
19.8853 14.1153 11.5401 11.5388 11.5399 11.5399 11.5398 11.5399 11.5398 11.5398 11.5395 11.5394 11.5392 11.5391 11.5389 11.5345 11.5347 11.5345 11.534 11.5347 11.5331 11.5347 11.5356 11.5355 11.5367 11.5376 11.5381 11.4758 11.5043 11.5399 11.54 11.54 11.54 11.4498 11.4507 11.3317 9.11438 7.20587 5.38151 11.1419 10.9674 10.9333 10.9482 10.9138 10.9721 10.963 11.1075 11.2144 11.3336 11.4297 11.0547 11.4826 11.5386 11.5386 11.5384 11.5369 11.5372 11.5369 11.5374 11.5375 11.538 11.5383 11.5388 11.5391 11.5389 11.5392 11.5391 11.5391 11.539
19.7 13.93 11.5401 11.5377 11.54 11.5399 11.5399 11.5398 11.5398 11.5398 11.5395 11.5395 11.5392 11.5392 11.5389 11.5352 11.5347 11.5322 11.5338 11.5326 11.5344 11.5354 11.536 11.5362 11.5372 11.537 11.5384 11.4833 11.5401 11.5397 11.5395 11.5392 11.54 11.4765 11.3141 11.1537 11.4158 11.3557 11.3218 10.3752 10.5132 10.0867 10.48 10.104 10.5064 10.2458 10.7915 10.7577 11.1843 11.2251 11.5067 11.5391 11.539 11.5389 11.5387 11.5374 11.5373 11.5359 11.5368 11.5363 11.5377 11.5376 11.5386 11.5387 11.5392 11.5392 11.5392 11.5391 11.539
17.31 11.5401 11.5401 11.5368 11.5399 11.5399 11.5398 11.5398 11.5398 11.5398 11.5396 11.5395 11.5394 11.5392 11.539 11.5359 11.536 11.5354 11.5337 11.5345 11.5352 11.5358 11.5364 11.5368 11.5381 11.5386 11.5386 11.5163 11.5388 11.5396 11.5401 11.5391 11.54 11.4761 11.54 11.54 11.54 11.54 11.54 11.54 11.54 11.54 11.54 11.54 11.54 11.54 11.54 11.54 11.4269 11.4932 11.5395 11.5393 11.5393 11.5392 11.539 11.5379 11.5381 11.5377 11.5371 11.5375 11.5387 11.5389 11.5388 11.5393 11.5395 11.5394 11.5392 11.5392 11.5392
17.31 11.5401 11.5401 11.5366 11.54 11.5399 11.5398 11.5398 11.5398 11.5398 11.5396 11.5396 11.5394 11.5393 11.5392 11.5366 11.5363 11.5349 11.5351 11.5357 11.536 11.5365 11.5371 11.5376 11.5386 11.5384 11.5391 11.5396 11.54 11.5392 11.5395 11.5397 11.54 11.4736 11.54 11.4059 11.3619 11.2995 11.3034 11.2391 11.2493 11.2514 11.307 11.2759 11.3259 11.3753 11.4572 8.88975 10.3392 11.5305 11.5395 11.5394 11.5394 11.5394 11.5393 11.5383 11.5383 11.5376 11.5379 11.5384 11.539 11.5389 11.5395 11.5397 11.5396 11.5395 11.5395 11.5394 11.5394
17.31 11.5401 11.5401 11.5373 11.54 11.5399 11.5399 11.5399 11.5399 11.5398 11.5396 11.5396 11.5395 11.5395 11.5394 11.5371 11.5373 11.5373 11.537 11.5374 11.5372 11.5381 11.5382 11.5387 11.5384 11.5391 11.5394 11.5398 11.54 11.54 11.54 11.54 11.54 11.4495 11.4584 11.3749 11.333 11.2659 11.1463 11.1419 11.1658 11.1365 11.2424 11.2743 11.3395 11.3924 11.3634 8.60462 11.5401 11.5235 11.5395 11.5394 11.5395 11.5396 11.5394 11.5386 11.5388 11.5387 11.5391 11.5393 11.5391 11.5396 11.5399 11.5398 11.5397 11.5397 11.5397 11.5397 11.5395
17.31 11.5401 11.5401 11.5377 11.54 11.5399 11.5399 11.5399 11.5398 11.5398 11.5397 11.5396 11.5395 11.5395 11.5394 11.5376 11.5375 11.5362 11.537 11.536 11.5372 11.5371 11.5383 11.5383 11.539 11.5394 11.5398 11.54 11.54 11.54 11.54 11.54 11.54 11.4889 11.3518 11.1366 11.1547 10.8616 10.9363 10.7106 10.9033 10.743 11.0332 10.9267 11.1854 11.1599 11.3415 9.86727 11.3061 11.5183 11.5393 11.5394 11.5396 11.5397 11.5395 11.5388 11.5388 11.5384 11.5389 11.5391 11.5396 11.5399 11.5399 11.5398 11.5398 11.5397 11.5398 11.5397 11.5397
17.419 11.649 11.5401 11.5381 11.54 11.5399 11.5399 11.5399 11.5399 11.5399 11.5397 11.5397 11.5396 11.5395 11.5395 11.5381 11.5382 11.538 11.5373 11.5375 11.5386 11.5389 11.5387 11.5391 11.5395 11.5398 11.54 11.54 11.54 11.54 11.54 11.54 11.54 11.4996 11.54 11.54 11.54 11.54 11.54 11.54 11.54 11.54 11.54 11.54 11.54 11.54 11.54 11.54 11.5333 11.5393 11.5393 11.5394 11.5266 11.5341 11.527 11.5388 11.539 11.539 11.5082 11.5228 11.5395 11.54 11.54 11.5398 11.5398 11.5398 11.5398 11.5399 11.5398
17.31 11.5401 11.5401 11.5386 11.54 11.5399 11.5399 11.5399 11.5399 11.5399 11.5397 11.5397 11.5396 11.5396 11.5396 11.5385 11.5384 11.5379 11.5381 11.5384 11.539 11.5387 11.5392 11.5395 11.5398 11.54 11.5397 11.5398 11.5398 11.54 11.54 11.54 11.54 11.5048 11.54 11.469 11.4538 11.4337 11.54 11.4149 11.4241 11.4284 11.54 11.4476 11.4727 11.4943 11.54 11.5213 11.5344 11.5393 11.5393 11.5395 11.5215 11.5401 11.5191 11.5388 11.5389 11.5387 11.4993 11.5401 11.5399 11.5396 11.539 11.536 11.5399 11.5355 11.5374 11.5376 11.5398
19.7 13.93 11.5401 11.5389 11.54 11.5399 11.5399 11.5399 11.5399 11.5399 11.5398 11.5397 11.5397 11.5397 11.5397 11.5389 11.539 11.539 11.539 11.5392 11.5389 11.5393 11.5395 11.5398 11.54 11.54 11.5398 11.5401 11.5398 11.54 11.54 11.54 11.54 11.4959 11.503 11.4693 11.4585 11.4347 11.2913 11.3266 11.3259 11.297 11.4165 11.4549 11.4873 11.514 11.479 11.5321 11.5394 11.5392 11.5393 11.5394 11.5217 11.5178 11.5173 11.5388 11.5389 11.5389 11.5066 11.5178 11.5294 11.5318 11.5401 11.5312 11.5398 11.5314 11.5401 11.5355 11.5398
18.396 12.626 11.5401 11.539 11.54 11.5399 11.5399 11.5399 11.5399 11.5399 11.5398 11.5398 11.5397 11.5397 11.5397 11.5392 11.5392 11.5388 11.5391 11.539 11.5393 11.5396 11.5398 11.54 11.54 11.54 11.54 11.5399 11.5399 11.54 11.54 11.54 11.54 11.5168 11.4581 11.3705 11.3941 11.3298 11.4756 11.4718 11.4752 11.4666 11.3981 11.3498 11.4513 11.4671 11.5324 11.5395 11.5393 11.5393 11.5394 11.5394 11.5394 11.5394 11.5394 11.5388 11.5389 11.5388 11.5392 11.5396 11.5396 11.5246 11.5205 11.5253 11.5396 11.5282 11.5293 11.533 11.5398
17.31 11.5401 11.5401 11.539 11.54 11.5399 11.5399 11.5399 11.5399 11.5399 11.5398 11.5398 11.5398 11.5397 11.5398 11.5394 11.5395 11.5395 11.5393 11.5395 11.5397 11.5398 11.54 7.98248 8.20594 9.51467 11.3774 11.2454 11.3682 11.54 11.54 11.54 11.54 11.5227 11.54 11.54 11.54 11.54 11.54 11.54 11.54 11.54 11.54 11.54 11.5169 11.5306 11.5398 11.5396 11.5395 11.5394 11.5394 11.5394 11.5394 11.5393 11.5393 11.5389 11.5391 11.5392 11.5395 11.5396 11.5396 11.5396 11.5396 11.5397 11.5397 11.5397 11.5398 11.5398 11.5398
17.31 11.5401 11.5401 11.5392 11.54 11.54 11.5399 11.5399 11.5399 11.5399 11.5399 11.5399 11.5398 11.5398 11.5398 11.5396 11.5396 11.5395 11.5396 11.5319 11.5349 10.7558 10.5891 6.988 12.7785 8.4791 11.2189 12.1036 11.2595 11.2213 10.6682 9.31824 11.54 11.5256 11.54 11.5124 11.5082 11.5072 11.509 11.5089 11.5101 11.5132 11.54 11.5258 11.5342 11.5398 11.5399 11.5398 11.5397 11.5395 11.5395 11.5394 11.5394 11.5393 11.5394 11.5391 11.5392 11.539 11.5394 11.5394 11.5396 11.5394 11.5396 11.5394 11.5396 11.5396 11.5398 11.5397 11.5398
19.7 13.93 11.5401 9.04924 11.54 11.54 11.5399 11.5399 11.5399 11.5399 11.5399 11.5399 11.5399 11.5399 11.5399 11.5398 11.5398 11.5398 11.5399 11.534 11.5401 10.626 11.7518 8.22056 8.54406 9.85258 11.3538 11.2768 11.37 10.9987 12.4135 9.77952 11.54 11.5225 11.526 11.5148 11.5127 11.5125 11.5113 11.516 11.5233 11.5305 11.5036 11.5349 11.54 11.5399 11.5399 11.5397 11.5397 11.5396 11.5396 11.5395 11.5395 11.5394 11.5394 11.5393 11.5394 11.5395 11.5394 11.5396 11.5397 11.5397 11.5395 11.5396 11.5397 11.5398 11.5397 11.5398 11.5398
22.09 16.3202 12.3993 7.50126 11.54 11.54 11.54 11.5399 11.5399 11.54 11.5399 11.5399 11.5399 11.5399 11.5399 11.5399 11.5399 11.5398 11.5399 11.5374 11.5399 11.0543 10.7037 11.0489 11.54 11.54 10.7259 11.0119 10.1064 10.971 10.3753 10.1524 11.54 11.5311 11.5099 11.4807 11.4917 11.4701 11.4932 11.4831 11.5122 11.5144 11.5371 11.54 11.54 11.5399 11.5399 11.5398 11.5397 11.5397 11.5396 11.5396 11.5395 11.5395 11.5396 11.5394 11.5395 11.5394 11.5396 11.5397 11.5397 11.5396 11.5397 11.5397 11.5398 11.5397 11.5398 11.5398 11.5399
23.7601 17.9901 12.2201 7.7122 11.54 11.54 11.54 11.54 11.54 11.54 11.5399 11.5399 11.5399 11.5399 11.54 11.5399 11.5399 11.5399 11.5399 11.54 11.54 11.54 11.54 11.54 11.54 11.54 10.193 14.579 9.03534 11.5401 11.5398 11.54 11.54 11.5338 11.54 11.54 11.54 11.54 11.54 11.54 11.5317 11.5365 11.54 11.54 11.54 11.5399 11.5399 11.5398 11.5398 11.5398 11.5397 11.5397 11.5396 11.5396 11.5396 11.5395 11.5397 11.5398 11.5398 11.5398 11.5397 11.5398 11.5397 11.5397 11.5398 11.5399 11.5399 11.5399 11.5399
24.3883 18.6183 12.8483 8.04171 11.5399 11.5394 11.54 11.54 11.54 11.54 11.54 11.54 11.5391 11.5392 11.5395 11.5399 11.54 11.5399 4.92899 8.83073 10.8592 11.54 11.4018 11.2119 11.3221 11.54 10.199 9.7139 8.71517 11.5399 11.5398 11.54 11.54 11.5359 11.54 11.5319 11.5311 11.5316 11.54 11.5354 11.538 11.54 11.54 11.54 11.54 11.54 11.54 11.5399 11.5399 11.5398 11.5398 11.5398 11.5397 11.5397 11.5397 11.5397 11.5398 11.5397 11.5398 11.5398 11.5398 11.5398 11.5398 11.5398 11.5398 11.5398 11.5399 11.5399 11.5399
