tests/full-run-ref/erosion_81_12_73.110.asc
ncols 512
nrows 512
xllcorner -3.24582
yllcorner -4.08743
cellsize 5
NODATA_value -99999
[rows 145 to 173 of 512, columns 0 to 66 of 512]
11.54 5.77003 5.77005 5.77005 5.77005 5.77005 5.77005 5.77005 5.77004 5.76999 5.76999 5.77 5.77 5.77 5.77 5.77 5.76999 5.76984 5.77006 5.77006 5.77001 5.77004 5.77005 5.76999 5.76995 5.76998 5.77001 5.77 5.77001 5.77001 5.77001 5.77005 5.77007 5.77007 5.77007 5.77007 5.77002 5.77007 5.77007 5.77007 5.76998 5.76999 5.77004 5.77007 5.77007 5.77007 5.77007 5.77007 5.77007 5.77007 5.77007 5.77007 5.77007 5.77005 5.77003 5.77005 5.77004 5.77004 5.77005 5.77005 5.77005 5.77005 5.77005 5.77005 5.77005 5.77004 5.77005
11.54 5.77003 5.77005 5.77005 5.77005 5.77003 5.77 5.77 5.77005 5.77004 5.76999 5.76996 5.77 5.77 5.77 5.76998 5.77004 5.76996 5.77006 5.77005 5.77002 5.77005 5.77005 5.76997 5.77002 5.77001 5.77 5.77003 5.77 5.77 5.77002 5.77007 5.77007 5.77007 5.77007 5.77001 5.77007 5.77007 5.77007 5.76996 5.77007 5.77007 5.77005 5.77007 5.77007 5.77007 5.77007 5.77007 5.77007 5.77007 5.77007 5.77007 5.77007 5.77005 5.77004 5.77005 5.77002 5.77004 5.77005 5.77005 5.77005 5.77005 5.77005 5.77005 5.77004 5.77005 5.77005
11.54 5.77003 5.77005 5.77005 5.77005 5.76999 5.76999 5.76999 5.77 5.77005 5.77004 5.76999 5.76997 5.77 5.76999 5.76997 5.76999 5.76997 5.77006 5.77005 5.77 5.77005 5.77005 5.76998 5.77002 5.77001 5.77001 5.77001 5.77001 5.77001 5.77006 5.77007 5.77007 5.77007 5.77002 5.77007 5.77007 5.77007 5.7699 5.77003 5.77001 5.77001 5.77007 5.77007 5.77007 5.77007 5.77007 5.77007 5.77007 5.77007 5.77007 5.77007 5.77007 5.77005 5.77004 5.77005 5.77003 5.77003 5.77005 5.77005 5.77005 5.77005 5.77005 5.77005 5.77005 5.77005 5.77005
11.54 5.77003 5.77005 5.77005 5.77003 5.76998 5.77 5.76998 5.77 5.77 5.77005 5.77003 5.76997 5.77 5.77 5.76998 5.77 5.76995 5.77006 5.77004 5.76999 5.77004 5.77005 5.76998 5.77002 5.77 5.77003 5.77001 5.77 5.77005 5.77007 5.77007 5.77007 5.77001 5.77007 5.77007 5.77007 5.77001 5.77 5.77001 5.77001 5.77 5.77005 5.77007 5.77007 5.77007 5.77007 5.77007 5.77007 5.77007 5.77007 5.77007 5.77005 5.77003 5.77002 5.77002 5.77003 5.77004 5.77005 5.77005 5.77005 5.77005 5.77005 5.77005 5.77005 5.77004 5.77004
11.54 5.77003 5.77005 5.77005 5.77001 5.76999 5.76999 5.77003 5.76998 5.76999 5.76999 5.77005 5.77002 5.77 5.77002 5.76998 5.76999 5.76998 5.77 5.76998 5.76997 5.77005 5.77003 5.76997 5.77001 5.77 5.77001 5.77001 5.77002 5.77007 5.77007 5.77006 5.77001 5.77007 5.77007 5.77007 5.77001 5.77006 5.77006 5.76998 5.77002 5.77 5.77006 5.77007 5.77007 5.77007 5.77007 5.77007 5.77007 5.77007 5.77007 5.77007 5.77005 5.77005 5.77003 5.77004 5.77002 5.77003 5.77005 5.77005 5.77005 5.77005 5.77005 5.77005 5.77005 5.77004 5.77004
11.54 5.77003 5.77005 5.77005 5.77003 5.76999 5.76999 5.76997 5.76999 5.77 5.76999 5.77002 5.77001 5.76998 5.76998 5.76999 5.77004 5.77005 5.77004 5.77005 5.76996 5.77003 5.77001 5.76999 5.77001 5.77001 5.77001 5.77001 5.77001 5.77006 5.77006 5.77 5.77007 5.77007 5.77007 5.77004 5.77 5.77006 5.7699 5.77001 5.77001 5.77003 5.77007 5.77007 5.77007 5.77007 5.77007 5.77007 5.77007 5.77007 5.77007 5.77007 5.77005 5.77003 5.77003 5.77002 5.77005 5.77005 5.77005 5.77005 5.77005 5.77005 5.77005 5.77005 5.77005 5.77005 5.77005
11.54 5.77003 5.77005 5.77005 5.76999 5.77 5.77 5.77 5.76999 5.77 5.76999 5.76997 5.77005 5.7699 5.77 5.76999 5.76998 5.77002 5.77 5.76998 5.77003 5.77005 5.77003 5.76996 5.77001 5.77 5.76999 5.77001 5.77001 5.77005 5.77 5.77007 5.77007 5.77007 5.77005 5.77 5.77007 5.76992 5.77001 5.77001 5.77001 5.77006 5.77007 5.77007 5.77007 5.77007 5.77007 5.77007 5.77007 5.77007 5.77007 5.77007 5.77005 5.77004 5.77003 5.77004 5.77005 5.77005 5.77005 5.77005 5.77005 5.77005 5.77005 5.77005 5.77005 5.77005 5.77005
11.54 5.77003 5.77005 5.77004 5.76999 5.77 5.77 5.77 5.77 5.77 5.77 5.76997 5.76994 5.77005 5.76996 5.76998 5.77005 5.77005 5.77005 5.77005 5.77005 5.77005 5.77005 5.76997 5.77002 5.77 5.77004 5.77 5.77001 5.76999 5.77007 5.77007 5.77007 5.77006 5.76997 5.77007 5.76992 5.77001 5.77003 5.77 5.77004 5.77007 5.77007 5.77007 5.77007 5.77007 5.77007 5.77007 5.77007 5.77007 5.77007 5.77007 5.77005 5.77005 5.76999 5.77 5.77005 5.77005 5.77005 5.77005 5.77005 5.77005 5.77005 5.77005 5.77005 5.77005 5.77004
11.54 5.77003 5.77005 5.77002 5.76999 5.77 5.77 5.76997 5.76997 5.76994 5.76995 5.76996 5.76998 5.76999 5.76999 5.76999 5.77 5.77005 5.77005 5.77003 5.77004 5.77001 5.77001 5.76999 5.77001 5.77 5.77001 5.77 5.77002 5.76996 5.77006 5.77007 5.76991 5.76995 5.77005 5.77002 5.76998 5.77001 5.77001 5.77 5.77006 5.77007 5.77007 5.77007 5.77007 5.77007 5.77007 5.77005 5.77007 5.77007 5.77007 5.77007 5.77005 5.77005 5.77001 5.77001 5.77005 5.77005 5.77005 5.77005 5.77005 5.77005 5.77005 5.77005 5.77005 5.77005 5.77005
11.54 5.77003 5.77005 5.77005 5.76998 5.76999 5.76998 5.7699 5.77005 5.77005 5.77005 5.77005 5.77005 5.77005 5.77005 5.77005 5.77005 5.77005 5.77005 5.77003 5.77004 5.77005 5.77005 5.77005 5.76997 5.77001 5.77 5.77002 5.77 5.76999 5.77005 5.76995 5.77002 5.76997 5.77007 5.77007 5.77006 5.76999 5.77001 5.77004 5.77007 5.77007 5.77007 5.77007 5.77007 5.77007 5.77007 5.77001 5.77007 5.77007 5.77007 5.77007 5.77005 5.77004 5.77001 5.77003 5.77004 5.77005 5.77005 5.77005 5.77005 5.77005 5.77005 5.77005 5.77005 5.77005 5.77005
11.54 5.77003 5.77005 5.77005 5.76999 5.77 5.77005 5.76994 5.77007 5.77003 5.77003 5.77001 5.77002 5.77002 5.77001 5.76997 5.76996 5.76998 5.77002 5.77001 5.77001 5.77001 5.77001 5.77004 5.76998 5.77 5.77003 5.77005 5.77001 5.76999 5.77001 5.77 5.76999 5.77007 5.77007 5.77007 5.77007 5.77007 5.77004 5.77006 5.77007 5.77007 5.77007 5.77007 5.77007 5.77007 5.77006 5.77001 5.77007 5.77007 5.77007 5.77007 5.77005 5.77002 5.77005 5.77003 5.77002 5.77002 5.77004 5.77005 5.77005 5.77005 5.77005 5.77005 5.77005 5.77004 5.77004
11.54 5.77003 5.77005 5.77005 5.77002 5.77005 5.76999 5.77007 5.77007 5.77007 5.77007 5.77007 5.77007 5.77006 5.77003 5.76998 5.77001 5.76999 5.77005 5.77007 5.77006 5.77007 5.77001 5.77003 5.77 5.77003 5.77004 5.77005 5.77005 5.77005 5.77005 5.77005 5.77005 5.77002 5.77007 5.77007 5.77001 5.77002 5.77006 5.77007 5.77007 5.77007 5.77007 5.77007 5.77007 5.77007 5.77006 5.77001 5.77007 5.77007 5.77007 5.77007 5.77005 5.77001 5.77 5.77005 5.77002 5.77002 5.77004 5.77005 5.77005 5.77005 5.77005 5.77005 5.77005 5.77005 5.77005
11.54 5.77003 5.77005 5.77005 5.77005 5.76999 5.77001 5.77006 5.77006 5.77001 5.77004 5.77001 5.77 5.77001 5.77006 5.76997 5.77003 5.76998 5.77003 5.77 5.76998 5.76997 5.77 5.77 5.77004 5.77001 5.77001 5.77 5.76999 5.77001 5.77002 5.77002 5.77002 5.77002 5.77001 5.77001 5.77001 5.77006 5.77007 5.77007 5.77007 5.77007 5.77007 5.77007 5.77006 5.77007 5.77007 5.77001 5.77007 5.77007 5.77007 5.77007 5.77005 5.77001 5.77005 5.77003 5.77002 5.77004 5.77003 5.77005 5.77005 5.77005 5.77005 5.77005 5.77005 5.77005 5.77005
11.54 5.77003 5.77005 5.77005 5.77 5.77005 5.77 5.77007 5.77004 5.77 5.77001 5.77 5.77001 5.76997 5.77006 5.76996 5.77001 5.76997 5.77007 5.76999 5.77001 5.77001 5.77003 5.76999 5.77005 5.77004 5.77005 5.77001 5.77005 5.77005 5.77005 5.77005 5.77005 5.77004 5.77007 5.77007 5.77007 5.77007 5.77007 5.77007 5.77007 5.77007 5.77007 5.77005 5.77007 5.77007 5.77007 5.77 5.77006 5.77007 5.77007 5.77007 5.77007 5.77005 5.77001 5.77001 5.77002 5.76999 5.77005 5.77 5.77 5.77003 5.77005 5.77005 5.77005 5.77005 5.77005
11.54 5.77003 5.77005 5.77 5.77005 5.77005 5.77007 5.77007 5.77001 5.77001 5.77003 5.77001 5.77002 5.76995 5.77007 5.76996 5.77002 5.76997 5.77005 5.77001 5.77003 5.76998 5.76998 5.76997 5.77002 5.76999 5.77005 5.77003 5.77001 5.77003 5.77003 5.77003 5.77003 5.77007 5.77007 5.77007 5.77007 5.77007 5.77007 5.77007 5.77002 5.77007 5.77007 5.77004 5.77007 5.77007 5.76997 5.77007 5.77007 5.77007 5.77007 5.77007 5.77007 5.77005 5.77003 5.77001 5.77003 5.77 5.77005 5.77 5.77003 5.77001 5.77005 5.77005 5.77005 5.77005 5.77005
11.5275 5.77004 5.77 5.77005 5.77005 5.77005 5.77004 5.77001 5.77001 5.77001 5.77 5.77 5.77 5.76996 5.77006 5.76997 5.77 5.76997 5.77006 5.77007 5.77007 5.77007 5.77004 5.77007 5.77 5.77005 5.77005 5.77001 5.77 5.77006 5.77007 5.77007 5.77007 5.77007 5.77007 5.77007 5.77007 5.77007 5.77007 5.77002 5.77007 5.77007 5.77007 5.77002 5.77007 5.77007 5.76995 5.77001 5.77006 5.77007 5.77007 5.77007 5.77007 5.77007 5.77005 5.77 5.77005 5.77002 5.77005 5.77 5.77001 5.77004 5.77005 5.77005 5.77005 5.77005 5.77005
8.16001 5.77 5.77005 5.77005 5.77005 5.77005 5.77005 5.77005 5.77005 5.77004 5.76999 5.77002 5.77001 5.76997 5.76998 5.77001 5.77001 5.77005 5.77007 5.77007 5.77007 5.77005 5.77001 5.77001 5.77002 5.77001 5.77 5.77 5.77001 5.77004 5.77007 5.77007 5.77006 5.77002 5.77007 5.77007 5.77007 5.77007 5.77002 5.77007 5.77007 5.77007 5.77007 5.77 5.77007 5.77007 5.76994 5.77001 5.77003 5.77007 5.77007 5.77007 5.77007 5.77007 5.77005 5.77002 5.77005 5.76999 5.77004 5.77001 5.77004 5.77001 5.77005 5.77005 5.77005 5.77005 5.77005
5.77 5.77005 5.77005 5.77005 5.77005 5.77004 5.77002 5.77002 5.77002 5.76999 5.76999 5.77001 5.77001 5.77002 5.76997 5.77004 5.77002 5.76999 5.77007 5.77005 5.77001 5.77002 5.77002 5.77005 5.77004 5.77001 5.77004 5.77001 5.77001 5.77 5.77005 5.77004 5.77 5.77001 5.77006 5.77007 5.77006 5.77001 5.77007 5.77007 5.77007 5.77007 5.77 5.77007 5.77007 5.77007 5.76996 5.77001 5.77001 5.77006 5.77007 5.77007 5.77007 5.77007 5.77005 5.77001 5.77004 5.77 5.77 5.77005 5.77 5.77003 5.77005 5.77005 5.77005 5.77005 5.77005
8.16001 6.16006 5.77005 5.77005 5.77005 5.77005 5.77005 5.77005 5.77005 5.77004 5.77 5.77 5.76998 5.76996 5.76997 5.77005 5.77003 5.77002 5.77 5.77007 5.77001 5.77005 5.77005 5.77004 5.77003 5.76999 5.76999 5.77 5.77002 5.77001 5.77001 5.77001 5.77001 5.77006 5.77007 5.77007 5.77001 5.77007 5.77007 5.77007 5.77007 5.77007 5.77003 5.77007 5.77007 5.76998 5.77006 5.77001 5.77003 5.77007 5.77007 5.77007 5.77007 5.77007 5.77005 5.76999 5.77004 5.77 5.77003 5.77005 5.77001 5.77001 5.77004 5.77005 5.77005 5.76999 5.77
13.93 11.54 5.77004 5.77005 5.77005 5.77005 5.77005 5.77005 5.77001 5.77005 5.77005 5.77002 5.77004 5.77004 5.77005 5.77005 5.77001 5.77005 5.77001 5.77005 5.77001 5.77003 5.77001 5.77001 5.77 5.77006 5.76995 5.77001 5.77 5.77001 5.77 5.77001 5.77007 5.77007 5.77007 5.77001 5.77007 5.77007 5.77007 5.77007 5.77006 5.77001 5.77007 5.77007 5.77006 5.77007 5.76998 5.77005 5.77001 5.77006 5.77007 5.77007 5.77007 5.77007 5.77005 5.76998 5.77001 5.77002 5.76999 5.77005 5.77 5.77003 5.77 5.77001 5.77001 5.77005 5.77001
17.31 11.54 5.77004 5.77005 5.77005 5.77005 5.77005 5.77005 5.77004 5.77 5.77005 5.77005 5.77005 5.77005 5.77005 5.77003 5.77001 5.77002 5.77001 5.77007 5.77006 5.77 5.76999 5.77 5.77007 5.77001 5.76997 5.77 5.77003 5.77001 5.77002 5.77007 5.77007 5.77007 5.77 5.77007 5.77007 5.77007 5.77007 5.77007 5.77007 5.77003 5.77007 5.77007 5.77007 5.77007 5.77006 5.76997 5.77 5.77006 5.77007 5.77007 5.77007 5.77007 5.77005 5.76999 5.77004 5.77004 5.77003 5.77005 5.77 5.77002 5.77005 5.77005 5.77005 5.77004 5.77005
17.31 11.54 5.77004 5.77005 5.77005 5.77005 5.77003 5.76999 5.77001 5.77005 5.77005 5.77004 5.77004 5.77005 5.77005 5.77004 5.77005 5.77001 5.77007 5.77007 5.77006 5.77006 5.77006 5.77005 5.77001 5.76998 5.77 5.77001 5.77001 5.76999 5.77006 5.77007 5.77005 5.77001 5.77006 5.77007 5.77007 5.77007 5.77007 5.77007 5.77007 5.77 5.77 5.77006 5.77005 5.77003 5.76999 5.77001 5.77001 5.77006 5.77007 5.77007 5.77007 5.77007 5.77005 5.76998 5.76998 5.77 5.76999 5.77005 5.77 5.77003 5.77005 5.77005 5.77005 5.77005 5.77005
17.3084 11.5384 5.77004 5.77005 5.77005 5.77005 5.77005 5.77005 5.77 5.77005 5.77002 5.76998 5.77001 5.77001 5.77003 5.77001 5.77001 5.77 5.77006 5.77002 5.76989 5.76987 5.7699 5.76987 5.76998 5.76999 5.77004 5.77 5.77001 5.77003 5.77007 5.77006 5.77 5.77007 5.77007 5.77007 5.77007 5.77007 5.77007 5.77007 5.77007 5.76999 5.77007 5.77007 5.76998 5.77001 5.77001 5.77004 5.77005 5.77007 5.77007 5.77007 5.77007 5.77007 5.77005 5.76997 5.77002 5.77001 5.77002 5.77004 5.77002 5.77005 5.77005 5.77005 5.77005 5.77005 5.77005
17.2444 11.4744 5.77004 5.77005 5.77005 5.77001 5.77005 5.77003 5.77005 5.76996 5.77 5.77001 5.77 5.77001 5.77001 5.77001 5.76999 5.77005 5.77003 5.76998 5.77001 5.77002 5.77 5.77 5.77001 5.77003 5.76999 5.77001 5.77001 5.77003 5.77004 5.76995 5.77007 5.77006 5.77002 5.77007 5.77007 5.77007 5.77005 5.77007 5.77007 5.77002 5.77007 5.76997 5.77002 5.77001 5.77007 5.77001 5.77001 5.77006 5.77007 5.77007 5.77007 5.77007 5.77005 5.76997 5.77001 5.76996 5.77005 5.77002 5.77005 5.77004 5.77005 5.77005 5.77005 5.77005 5.77005
17.31 11.54 5.77004 5.77005 5.77005 5.77001 5.77001 5.77001 5.77005 5.77005 5.77004 5.77001 5.76999 5.77007 5.77 5.77 5.77006 5.77005 5.76996 5.77 5.77001 5.77001 5.77002 5.76999 5.77006 5.77001 5.77 5.76994 5.77005 5.77002 5.76985 5.77007 5.77006 5.77002 5.77007 5.77007 5.77007 5.77 5.77003 5.77007 5.77007 5.76999 5.77007 5.76992 5.77 5.77006 5.76999 5.77 5.76999 5.77004 5.77007 5.77007 5.77007 5.77007 5.77005 5.77 5.77004 5.77002 5.77005 5.77004 5.77001 5.77001 5.77005 5.77005 5.77005 5.77005 5.77005
17.31 11.54 5.77004 5.77005 5.77005 5.77005 5.77005 5.77002 5.77001 5.77001 5.76999 5.77001 5.77002 5.77006 5.77004 5.77006 5.77001 5.77001 5.76996 5.77002 5.76997 5.76999 5.76997 5.77001 5.77002 5.76998 5.76997 5.77005 5.77 5.76998 5.77006 5.77006 5.77001 5.77006 5.77007 5.77007 5.77007 5.77007 5.77 5.77006 5.76999 5.76999 5.77007 5.77 5.77005 5.76999 5.76999 5.77002 5.76999 5.77004 5.77007 5.77007 5.77007 5.77007 5.77005 5.77002 5.77005 5.76998 5.76997 5.77002 5.77002 5.77001 5.77004 5.77005 5.77005 5.77005 5.77005
17.31 11.54 5.77004 5.77005 5.77004 5.77001 5.77 5.77 5.77007 5.77003 5.77001 5.77001 5.77 5.77001 5.77 5.76997 5.76998 5.77001 5.77001 5.77002 5.76993 5.77006 5.77001 5.77007 5.76997 5.76999 5.77002 5.76996 5.77001 5.77006 5.77006 5.76998 5.77 5.77007 5.77007 5.77006 5.76998 5.77001 5.77004 5.77007 5.76999 5.76998 5.77007 5.76999 5.76998 5.77001 5.77001 5.77001 5.76998 5.77006 5.77007 5.77007 5.77007 5.77007 5.77005 5.77 5.77003 5.77 5.77003 5.77003 5.77005 5.77005 5.77004 5.77005 5.77005 5.77005 5.77005
17.2445 11.4746 5.77005 5.77004 5.77007 5.77007 5.77004 5.76996 5.77007 5.77001 5.77001 5.77002 5.76998 5.77004 5.76998 5.77001 5.77 5.76998 5.77001 5.76998 5.77 5.77003 5.76999 5.77002 5.76999 5.77006 5.76998 5.77001 5.77003 5.77003 5.77001 5.77001 5.77004 5.77007 5.77007 5.77007 5.77001 5.77006 5.77006 5.77007 5.77001 5.76996 5.77007 5.76999 5.77001 5.77001 5.77001 5.77001 5.77005 5.77007 5.77007 5.77007 5.77007 5.77005 5.77005 5.77004 5.77 5.77001 5.77 5.76998 5.77005 5.77 5.77004 5.77005 5.77005 5.77005 5.77004
17.31 11.54 5.77005 5.77007 5.77007 5.77005 5.76996 5.77001 5.77007 5.77002 5.77001 5.77002 5.76996 5.77007 5.76993 5.76997 5.77006 5.77 5.77 5.77005 5.76998 5.77005 5.77 5.77 5.77001 5.77001 5.77 5.77001 5.76996 5.76998 5.76996 5.77001 5.77006 5.77007 5.77005 5.76991 5.76991 5.77007 5.77003 5.77007 5.77003 5.76997 5.77007 5.76999 5.77003 5.77005 5.77005 5.77006 5.77007 5.77007 5.77007 5.77007 5.77005 5.77005 5.77005 5.77005 5.76998 5.77001 5.77 5.77001 5.77005 5.77001 5.77002 5.77005 5.77005 5.77002 5.77004
