tests/full-run-ref/erosion_78_24_-72.835.asc
ncols 512
nrows 512
xllcorner -3.24582
yllcorner -4.08743
cellsize 5
NODATA_value -99999
[rows 0 to 28 of 512, columns 134 to 200 of 512]
340.706 340.312 339.911 339.504 339.095 338.692 338.289 337.884 337.491 334.834 329.064 323.294 317.524 311.754 305.984 300.214 294.444 288.674 282.904 277.134 271.364 265.594 259.824 254.054 248.284 242.514 236.744 230.974 225.204 219.434 213.664 207.894 202.124 196.354 190.584 184.814 179.044 173.274 167.504 161.734 155.964 150.194 146.88 144.49 141.409 138.72 136.33 133.94 130.56 128.17 123.41 119.637 113.867 108.097 102.44 100.05 97.66 95.27 92.88 90.49 88.1 85.71 83.3199 80.9299 78.5399 76.1499 73.7599
341.864 341.465 341.058 340.643 340.225 339.812 339.397 338.98 338.214 332.444 326.674 320.904 315.134 309.364 303.594 297.824 292.054 286.284 280.514 274.744 268.974 263.204 257.434 251.664 245.894 240.124 234.354 228.584 222.814 217.044 211.274 205.504 199.734 193.964 188.194 182.424 176.654 170.884 165.114 159.344 153.574 147.804 142.034 138.72 136.33 133.249 130.56 128.17 125.78 122.4 120.01 115.25 111.477 105.707 99.9365 94.28 91.89 89.5 87.11 84.72 82.33 79.94 77.5499 75.1599 72.7699 70.3799 67.9899
342.021 341.618 341.206 340.783 340.356 339.933 339.507 339.076 335.824 330.054 324.284 318.514 312.744 306.974 301.204 295.434 289.664 283.894 278.124 272.354 266.584 260.814 255.044 249.274 243.504 237.734 231.964 226.194 220.424 214.654 208.884 203.114 197.344 191.574 185.804 180.034 174.264 168.494 162.724 156.954 151.184 145.414 139.644 133.874 130.56 128.17 125.089 122.4 120.01 117.62 114.24 111.85 107.09 103.316 97.5465 91.7765 86.12 83.73 81.34 78.95 76.56 74.1699 71.7799 69.3899 66.9999 64.6099 62.2199
341.938 341.517 341.086 340.646 340.206 339.769 339.218 338.444 332.105 326.244 320.477 314.705 308.93 303.157 297.379 291.612 286.116 280.376 274.634 268.938 263.22 257.492 251.758 246.02 240.28 234.537 228.792 223.046 217.298 211.549 205.8 200.049 194.297 188.545 182.792 177.039 171.284 165.53 159.774 154.018 148.261 142.503 136.744 130.997 125.259 122.129 119.85 116.768 114.074 111.679 109.285 105.9 103.504 98.7323 94.9357 89.1 83.2629 77.562 75.5257 73.1275 70.7311 68.3021 65.9393 63.5443 61.1494 58.7549 56.367
341.981 341.545 341.096 340.637 340.18 339.731 338.674 334.766 328.323 322.557 316.769 310.965 305.152 299.335 293.521 287.735 282.212 276.505 270.83 265.173 259.497 253.81 248.115 242.413 236.707 230.997 225.283 219.566 213.847 208.125 202.402 196.676 190.949 185.221 179.491 173.759 168.027 162.292 156.557 150.819 145.08 139.339 133.596 127.85 122.13 116.41 113.394 111.306 108.292 105.603 103.202 100.8 97.392 94.9877 90.1668 86.3226 80.383 74.4363 68.6128 66.6754 64.6213 62.379 59.9483 57.5748 55.2129 52.8341 50.4608
342.096 341.652 341.189 340.717 340.242 339.619 338.13 330.788 324.701 318.909 313.083 307.231 301.365 295.489 289.612 283.897 278.058 272.383 266.727 261.049 255.386 249.721 244.052 238.379 232.703 227.023 221.34 215.653 209.964 204.273 198.579 192.883 187.185 181.485 175.784 170.08 164.374 158.666 152.955 147.242 141.525 135.805 130.08 124.35 118.609 112.891 107.146 104.35 102.506 99.5355 96.8343 94.4194 92.0036 88.5523 86.1536 81.2413 77.3323 71.19 64.9931 58.9402 57.472 55.8397 53.7709 51.2899 48.9339 46.6051 44.3002
342.267 341.82 341.353 340.872 340.394 339.311 334.563 327.767 321.702 315.817 309.925 304.018 298.094 292.157 286.217 280.536 274.53 268.626 262.807 257.06 251.331 245.624 239.929 234.242 228.56 222.881 217.204 211.527 205.852 200.176 194.5 188.824 183.147 177.469 171.79 166.109 160.426 154.741 149.052 143.36 137.662 131.959 126.249 120.532 114.804 109.05 103.303 97.4796 94.9386 93.3982 90.4661 87.7376 85.3022 82.8677 79.3562 76.9776 71.9242 67.9282 61.4782 54.8778 48.4331 47.6473 46.6498 44.8319 42.2755 39.9328 37.7767
342.456 342.006 341.537 341.05 340.464 339.137 331.834 325.142 319.191 313.182 307.202 301.227 295.245 289.257 283.321 277.147 271.284 265.307 259.318 253.381 247.511 241.684 235.892 230.128 224.386 218.66 212.947 207.244 201.55 195.863 190.18 184.502 178.828 173.155 167.484 161.813 156.142 150.468 144.792 139.111 133.424 127.729 122.025 116.31 110.582 104.837 99.0427 93.225 87.2476 85.012 83.8588 80.9605 78.1894 75.7317 73.2787 69.6842 67.3522 62.1026 58.0076 51.1235 43.9099 36.8481 37.0144 36.9187 35.4417 32.7731 30.6144
342.647 342.196 341.722 341.232 340.336 336.447 329.609 323.182 316.981 310.891 304.823 298.773 292.731 286.692 280.804 274.571 268.358 262.283 256.204 250.119 244.066 238.066 232.116 226.211 220.345 214.513 208.709 202.929 197.17 191.428 185.701 179.987 174.282 168.586 162.897 157.212 151.53 145.848 140.164 134.477 128.783 123.081 117.368 111.641 105.897 100.133 94.344 88.473 82.5266 76.2912 74.4221 73.7694 70.9056 68.0807 65.6061 63.1451 59.4548 57.2225 51.7219 47.531 40.0647 31.9623 23.9864 25.4155 26.5255 25.429 22.8235
342.839 342.385 341.905 341.353 340.267 333.836 327.288 321.217 315.012 308.832 302.696 296.582 290.484 284.418 278.233 272.181 265.945 259.669 253.445 247.237 241.035 234.857 228.722 222.634 216.594 210.601 204.65 198.737 192.858 187.01 181.189 175.391 169.613 163.853 158.107 152.372 146.646 140.924 135.205 129.485 123.759 118.026 112.28 106.52 100.741 94.9388 89.1109 83.2471 77.2565 71.1055 64.4701 63.0396 63.0355 60.216 57.3338 54.865 52.4214 48.6314 46.5733 40.7693 36.495 28.2743 18.939 9.68424 12.7125 15.2363 14.7182
343.034 342.575 342.093 341.345 338.259 331.653 325.344 319.194 313.066 306.898 300.731 294.577 288.439 282.38 276.125 269.89 263.705 257.41 251.065 244.724 238.39 232.062 225.752 219.476 213.241 207.052 200.911 194.817 188.768 182.761 176.792 170.859 164.957 159.083 153.233 147.403 141.59 135.789 129.996 124.207 118.416 112.621 106.815 100.995 95.1564 89.2939 83.4035 77.4806 71.5099 65.351 58.8971 51.6772 50.7666 51.5955 48.8426 45.9106 43.4843 41.0975 37.2131 35.4171 29.2597 24.916 15.7417 4.76319 0 0 3.80647
343.234 342.769 342.251 341.38 335.729 329.404 323.379 317.251 311.124 304.992 298.841 292.683 286.537 280.348 274.183 267.909 261.611 255.32 248.955 242.536 236.095 229.644 223.191 216.748 210.327 203.939 197.591 191.289 185.033 178.825 172.662 166.544 160.467 154.428 148.423 142.449 136.5 130.572 124.661 118.76 112.866 106.971 101.071 95.1594 89.2313 83.2809 77.3029 71.2923 65.2429 59.1317 52.7486 45.8678 37.8354 37.535 39.4159 36.7657 33.8049 31.4711 29.1899 25.2224 23.7813 17.2213 12.8165 2.45923 0 0 0
343.434 342.962 342.333 339.89 333.543 327.38 321.331 315.282 309.192 303.086 296.965 290.831 284.711 278.482 272.268 266.046 259.738 253.387 247.01 240.573 234.079 227.546 220.988 214.415 207.839 201.273 194.729 188.217 181.742 175.311 168.925 162.585 156.291 150.042 143.835 137.666 131.532 125.429 119.35 113.292 107.247 101.209 95.1733 89.1319 83.0783 77.0062 70.909 64.7806 58.615 52.4043 46.114 39.44 31.9801 22.8683 23.2838 26.4735 23.9797 21.0231 18.8411 16.7191 12.6821 11.6864 4.67279 0.202447 0 0 10.4249
343.631 343.136 342.432 337.424 331.301 325.337 319.306 313.274 307.23 301.162 295.074 288.973 282.85 276.685 270.457 264.212 257.942 251.601 245.204 238.76 232.254 225.688 219.069 212.41 205.723 199.019 192.311 185.611 178.93 172.277 165.659 159.081 152.545 146.054 139.606 133.201 126.836 120.508 114.213 107.945 101.699 95.4681 89.2459 83.0252 76.7984 70.558 64.2965 58.0066 51.6811 45.313 38.8919 32.3677 25.3144 17.0932 6.6079 7.89119 12.7109 10.4505 7.54015 5.57183 3.66105 0 0 0 0 5.93993 11.5187
343.83 343.275 341.303 335.184 329.164 323.211 317.244 311.246 305.232 299.202 293.153 287.093 280.968 274.842 268.67 262.438 256.171 249.863 243.491 237.054 230.554 223.987 217.351 210.652 203.899 197.103 190.275 183.427 176.572 169.721 162.884 156.069 149.284 142.533 135.819 129.143 122.507 115.907 109.342 102.807 96.2971 89.8071 83.3299 76.8582 70.3841 63.8992 57.3952 50.8636 44.296 37.6843 31.0204 24.2907 17.4246 9.84869 0.654019 0 0 0 0 0 0 0 0 0 1.39295 10.0742 11.5187
344.029 343.428 338.879 332.909 327.012 321.075 315.133 309.176 303.198 297.202 291.189 285.164 279.086 272.97 266.833 260.654 254.418 248.134 241.798 235.395 228.92 222.373 215.748 209.046 202.269 195.424 188.52 181.567 174.575 167.558 160.525 153.487 146.453 139.43 132.426 125.442 118.483 111.547 104.635 97.7439 90.869 84.0056 77.1473 70.2866 63.4156 56.5253 49.6067 42.6503 35.6466 28.5865 21.4609 14.2605 6.96789 0 0 0 0 0 0 0 0 0 0 2.67288 9.605 11.5187 11.5187
344.214 342.543 336.587 330.674 324.796 318.903 312.987 307.058 301.113 295.151 289.172 283.157 277.133 271.061 264.949 258.804 252.615 246.368 240.065 233.699 227.261 220.743 214.14 207.449 200.667 193.795 186.836 179.797 172.683 165.505 158.27 150.988 143.667 136.314 128.935 121.536 114.119 106.686 99.2357 91.7665 84.2749 76.756 69.2038 61.611 53.9696 46.2708 38.5053 30.6633 22.7352 14.7111 6.58143 0 0 0 0 0 0 0 0 0 0 1.71811 8.65282 11.497 11.5187 11.5187 11.5187
344.408 340.136 334.263 328.415 322.544 316.667 310.776 304.867 298.943 293.001 287.044 281.048 275.026 268.981 262.892 256.758 250.579 244.345 238.048 231.679 225.232 218.696 212.06 205.316 198.456 191.473 184.363 177.124 169.753 162.253 154.625 146.872 138.997 131.004 122.895 114.672 106.338 97.8927 89.3359 80.6659 71.88 62.9746 53.9448 44.7848 35.488 26.047 16.4535 6.69866 0 0 0 0 0 0 0 0 0 0 0 0 8.25946 11.5187 11.5187 11.5187 11.5187 11.5187 11.5187
343.666 337.798 331.951 326.117 320.27 314.407 308.532 302.641 296.733 290.808 284.856 278.886 272.881 266.844 260.773 254.656 248.488 242.263 235.972 229.605 223.151 216.599 209.936 203.149 196.224 189.15 181.913 174.504 166.913 159.134 151.162 142.991 134.62 126.048 117.274 108.298 99.12 89.7413 80.1614 70.3801 60.3962 50.2081 39.8129 29.2069 18.3855 7.3428 0 0 0 0 0 0 0 0 0 0 0 0 0 11.5187 11.5187 11.5187 11.5187 11.5187 11.5187 11.5187 11.5187
344.866 340.281 334.473 328.668 322.858 317.041 311.215 305.381 299.536 293.68 287.815 281.929 276.031 270.112 264.169 258.203 252.206 246.174 240.102 233.985 227.813 221.581 215.279 208.899 202.43 195.862 189.187 182.393 175.473 168.419 161.224 153.882 146.39 138.744 130.941 122.98 114.86 106.581 98.1415 89.5421 80.7824 71.8618 62.7793 53.5334 44.1222 34.5429 24.792 14.8654 4.75795 0 0 0 0 0 0 0 0 0 0 0 7.68652 11.005 11.5187 11.5187 11.5187 11.5187 11.5187
345.105 342.724 336.933 331.152 325.366 319.579 313.788 307.992 302.193 296.389 290.582 284.768 278.945 273.116 267.276 261.424 255.559 249.68 243.782 237.863 231.92 225.949 219.946 213.905 207.822 201.692 195.508 189.265 182.957 176.58 170.127 163.595 156.98 150.278 143.485 136.601 129.622 122.548 115.377 108.109 100.742 93.2766 85.7117 78.0467 70.2807 62.4127 54.4413 46.3649 38.1813 29.8882 21.4827 12.9615 4.32068 0 0 0 0 0 0 0 0 2.45471 8.5165 10.8486 11.5187 11.5187 11.5187
345.342 344.757 339.35 333.574 327.798 322.021 316.243 310.463 304.682 298.898 293.113 287.328 281.538 275.745 269.947 264.144 258.335 252.519 246.695 240.861 235.016 229.157 223.283 217.391 211.478 205.541 199.577 193.583 187.555 181.489 175.383 169.233 163.036 156.789 150.489 144.134 137.721 131.25 124.717 118.123 111.465 104.742 97.9539 91.0993 84.1775 77.1876 70.1288 63 55.8002 48.5281 41.1822 33.7607 26.2607 18.6678 10.8193 2.85073 0 0 0 0 0 0 0 1.75506 7.74939 10.589 11.5187
345.577 344.983 341.753 335.978 330.205 324.432 318.659 312.885 307.11 301.335 295.558 289.782 284.004 278.225 272.444 266.661 260.875 255.085 249.292 243.494 237.691 231.881 226.062 220.235 214.396 208.545 202.679 196.797 190.895 184.973 179.027 173.056 167.057 161.028 154.968 148.873 142.742 136.573 130.364 124.113 117.819 111.481 105.097 98.6656 92.1862 85.6576 79.0787 72.4485 65.7661 59.0305 52.2404 45.3937 38.4792 31.3794 24.0795 15.9639 14.8105 15.5963 13.827 8.68894 5.33774 2.28743 0.926734 0.130307 0.741908 3.4577 7.64627
345.809 345.205 344.15 338.376 332.604 326.833 321.061 315.289 309.516 303.741 297.965 292.19 286.417 280.643 274.869 269.094 263.318 257.54 251.76 245.978 240.192 234.403 228.609 222.81 217.005 211.192 205.37 199.537 193.694 187.837 181.967 176.081 170.177 164.255 158.312 152.348 146.36 140.346 134.306 128.236 122.137 116.005 109.84 103.641 97.4052 91.1322 84.8206 78.4694 72.0775 65.6436 59.1658 52.6347 45.962 39.0786 31.5472 29.203 28.5012 26.3622 21.6647 18.5739 15.4379 12.4764 10.616 7.53668 1.61976 2.782 6.5896
346.043 345.427 343.73 340.771 335.001 329.229 323.456 317.683 311.91 306.136 300.36 294.585 288.81 283.038 277.265 271.493 265.721 259.948 254.174 248.399 242.622 236.843 231.06 225.274 219.483 213.687 207.885 202.076 196.258 190.433 184.598 178.752 172.896 167.027 161.144 155.246 149.333 143.402 137.452 131.482 125.49 119.474 113.434 107.368 101.274 95.1508 88.9979 82.8137 76.5968 70.3454 64.0513 57.6467 51.0511 43.9472 41.0846 39.6817 37.4002 33.035 30.1083 27.1613 24.2348 21.6633 19.6916 13.0271 10.6909 10.7514 12.3738
342.74 340.35 337.959 335.569 333.18 330.79 325.85 320.077 314.303 308.528 302.752 296.976 291.201 285.427 279.655 273.883 268.112 262.341 256.569 250.797 245.024 239.25 233.472 227.692 221.908 216.119 210.325 204.526 198.721 192.909 187.091 181.265 175.431 169.588 163.735 157.872 151.997 146.11 140.208 134.292 128.359 122.409 116.44 110.45 104.44 98.4067 92.3499 86.2682 80.1595 74.0171 67.7894 61.4107 54.6576 51.566 49.7855 47.4452 43.3501 40.5515 37.7261 34.9084 32.2352 29.6172 24.38 21.5527 19.8185 19.422 12.2258
336.97 334.579 332.189 329.799 327.408 325.018 322.627 320.237 316.697 310.923 305.146 299.369 293.593 287.818 282.045 276.273 270.502 264.73 258.96 253.189 247.417 241.645 235.87 230.093 224.313 218.528 212.739 206.946 201.147 195.344 189.535 183.72 177.899 172.071 166.236 160.392 154.539 148.677 142.804 136.92 131.023 125.113 119.188 113.248 107.292 101.318 95.3268 89.315 83.2772 77.1749 70.9591 64.4948 61.3173 59.3276 56.9586 53.1037 50.4209 47.7136 45.003 42.3689 39.7219 34.9406 32.2457 29.9869 27.3771 20.1856 11.9527
331.2 328.809 326.419 324.028 321.637 319.246 316.855 314.463 312.072 309.682 307.291 301.768 295.991 290.213 284.438 278.664 272.892 267.121 261.35 255.579 249.808 244.036 238.264 232.491 226.715 220.937 215.155 209.371 203.582 197.79 191.993 186.191 180.384 174.572 168.754 162.93 157.1 151.262 145.417 139.563 133.7 127.828 121.947 116.055 110.152 104.238 98.3106 92.3649 86.3659 80.2507 73.9242 70.7243 68.6899 66.3631 62.6825 60.1467 57.5944 55.0334 52.5126 49.9692 45.5335 43.0097 40.7445 37.9991 31.2204 23.9015 16.6011
325.43 323.039 320.649 318.258 315.866 313.475 311.083 308.69 306.298 303.905 301.513 299.123 296.735 292.614 286.839 281.061 275.286 269.514 263.742 257.971 252.199 246.427 240.654 234.881 229.109 223.335 217.56 211.783 206.004 200.221 194.432 188.64 182.843 177.042 171.235 165.424 159.607 153.784 147.955 142.12 136.278 130.43 124.575 118.713 112.844 106.967 101.077 95.1406 89.0843 82.8302 79.5781 77.4782 75.1657 71.5715 69.1196 66.6597 64.1916 61.75 59.2772 55.0171 52.6157 50.3982 47.7001 41.2622 34.4865 27.6883 20.5702
