tests/full-run-ref/erosion_83_12_73.250.asc
ncols 512
nrows 512
xllcorner -3.24582
yllcorner -4.08743
cellsize 5
NODATA_value -99999
[rows 31 to 61 of 512, columns 69 to 137 of 512]
11.5198 11.4968 11.508 11.5051 11.532 11.5336 11.5353 11.5355 11.5368 11.5371 11.5381 11.5386 11.539 11.5393 11.5395 11.5396 11.5397 11.5396 11.5396 11.5396 11.5396 11.5397 11.5397 11.5397 11.5396 11.5396 11.5396 11.5396 11.5396 11.5395 11.5391 11.5384 11.5386 11.538 11.5359 11.5248 11.5307 11.5297 11.5127 11.503 11.5271 11.5266 11.5029 11.4892 11.524 11.526 11.5211 11.5308 11.5339 11.5359 11.5368 11.5327 11.5379 11.5386 11.5389 11.5386 11.5381 11.5382 11.5381 11.5379 11.5376 11.5373 11.5364 11.5362 11.5359 11.5359 11.5359 11.536 11.5367
11.5308 11.5304 11.5283 11.5304 11.532 11.5337 11.5353 11.5363 11.5368 11.5377 11.5384 11.5388 11.54 11.54 11.54 11.54 11.54 11.54 11.54 11.54 11.54 11.54 11.54 11.54 11.54 11.54 11.54 11.54 11.54 11.54 11.54 11.54 11.54 11.54 11.54 11.54 11.54 11.54 11.54 11.54 11.54 11.54 11.54 11.54 11.54 11.54 11.54 11.54 11.54 11.54 11.54 11.5377 11.5391 11.5387 11.5388 11.5383 11.5383 11.5383 11.5381 11.5379 11.5377 11.537 11.54 11.54 11.535 11.5305 11.5308 11.5315 11.5329
11.54 11.54 11.54 11.54 11.54 11.54 11.54 11.54 11.54 11.54 11.54 11.54 11.54 11.5394 11.54 11.5396 11.5395 11.5394 11.5393 11.5392 11.54 11.54 11.5392 11.5393 11.5394 11.54 11.54 11.5394 11.54 11.54 11.5389 11.5385 11.5375 11.54 11.54 11.532 11.54 11.54 11.528 11.5285 11.54 11.54 11.53 11.5269 11.5292 11.54 11.54 11.5335 11.54 11.54 11.537 11.5391 11.5396 11.539 11.539 11.5389 11.5389 11.5388 11.5387 11.5386 11.5385 11.5365 11.5352 11.5346 11.5344 11.5355 11.5359 11.5365 11.5373
11.54 11.5277 11.54 11.5304 11.5324 11.54 11.5359 11.54 11.54 11.54 11.54 11.5389 11.5394 11.539 11.5386 11.5388 11.5386 11.5383 11.5382 11.5377 11.5384 11.5376 11.5382 11.5384 11.5383 11.539 11.5386 11.5384 11.5388 11.5377 11.5375 11.5363 11.5328 11.5332 11.5263 11.5212 11.5254 11.5125 11.5146 11.5096 11.5211 11.509 11.5153 11.5162 11.5106 11.5245 11.5162 11.5232 11.5316 11.5298 11.5382 11.5396 11.5394 11.54 11.54 11.54 11.54 11.54 11.54 11.54 11.54 11.54 11.54 11.5249 11.5325 11.5345 11.5356 11.5364 11.5378
11.5242 11.5041 11.5183 11.5209 11.5247 11.5217 11.5286 11.5339 11.5335 11.5363 11.536 11.5366 11.5382 11.5382 11.5395 11.5395 11.5393 11.5391 11.5391 11.5389 11.5384 11.5392 11.5393 11.5394 11.5395 11.5387 11.5394 11.5393 11.5388 11.5393 11.5393 11.539 11.5381 11.5329 11.535 11.533 11.5284 11.5338 11.5333 11.5325 11.5168 11.5299 11.5298 11.5309 11.5307 11.5287 11.5354 11.536 11.5304 11.5377 11.5398 11.5395 11.54 11.54 11.54 11.5382 11.5379 11.54 11.54 11.5267 11.5139 11.54 11.54 11.54 11.54 11.54 11.54 11.5365 11.5378
11.5284 11.5301 11.495 11.51 11.5105 11.5339 11.5353 11.5352 11.5381 11.5359 11.5385 11.5391 11.5395 11.5396 11.54 11.54 11.54 11.54 11.54 11.54 11.54 11.54 11.54 11.54 11.54 11.54 11.54 11.54 11.54 11.54 11.54 11.54 11.54 11.54 11.54 11.54 11.54 11.54 11.54 11.54 11.54 11.54 11.54 11.54 11.54 11.54 11.54 11.5355 11.5378 11.5398 11.5399 11.5394 11.5386 11.5389 11.5358 11.5356 11.5343 11.5358 11.5228 11.503 11.4536 11.4595 11.4208 11.4908 11.5085 11.5244 11.5304 11.5361 11.5378
11.528 11.5261 11.5288 11.5335 11.5356 11.5367 11.5376 11.537 11.5385 11.5389 11.5394 11.5392 11.5396 11.5395 11.5395 11.5392 11.5391 11.5388 11.5389 11.5387 11.5386 11.5387 11.5385 11.54 11.54 11.5384 11.5385 11.5386 11.5386 11.5386 11.5384 11.54 11.54 11.5371 11.5365 11.54 11.54 11.5327 11.5324 11.5304 11.532 11.5312 11.5334 11.54 11.54 11.5366 11.5362 11.5381 11.5396 11.5398 11.5397 11.5393 11.5389 11.5377 11.5388 11.5387 11.5385 11.5344 11.5332 11.5225 11.4934 11.4414 11.4864 11.48 11.456 11.4891 11.54 11.54 11.54
11.5283 11.5301 11.5316 11.535 11.5339 11.5366 11.5367 11.5379 11.5389 11.5387 11.5394 11.5394 11.5397 11.5395 11.5393 11.5382 11.5379 11.5375 11.537 11.5369 11.5366 11.5366 11.5353 11.5367 11.5352 11.5363 11.5367 11.5368 11.5369 11.5366 11.5358 11.5371 11.5351 11.5346 11.53 11.5323 11.5231 11.5252 11.5236 11.5228 11.5245 11.5258 11.5239 11.5332 11.5295 11.5328 11.5381 11.5398 11.5398 11.5397 11.5398 11.5394 11.5391 11.5388 11.5382 11.5383 11.538 11.5377 11.5351 11.5239 11.4942 11.4813 11.4553 11.4652 11.4832 11.5133 11.54 11.54 11.54
11.54 11.54 11.54 11.54 11.54 11.54 11.54 11.54 11.54 11.54 11.54 11.54 11.54 11.54 11.54 11.54 11.54 11.54 11.54 11.54 11.54 11.54 11.54 11.538 11.5384 11.5387 11.5389 11.539 11.5389 11.539 11.5388 11.5364 11.5383 11.5379 11.5364 11.5338 11.5361 11.5367 11.5369 11.5369 11.536 11.5374 11.5378 11.5328 11.5371 11.5387 11.5397 11.5398 11.5397 11.5398 11.5398 11.5395 11.5392 11.5391 11.5389 11.5382 11.538 11.5381 11.5362 11.5285 11.4831 11.54 11.54 11.54 11.54 11.4819 11.526 11.5201 11.5344
11.5289 11.5314 11.5315 11.5339 11.5358 11.54 11.54 11.54 11.54 11.54 11.54 11.5394 11.5393 11.5391 11.5386 11.54 11.54 11.54 11.54 11.5376 11.5375 11.5375 11.5374 11.54 11.54 11.54 11.54 11.54 11.54 11.54 11.54 11.54 11.54 11.54 11.54 11.54 11.54 11.54 11.54 11.54 11.54 11.54 11.54 11.5381 11.5391 11.5399 11.5398 11.5397 11.5398 11.5398 11.5399 11.5396 11.5393 11.5391 11.5388 11.5385 11.5384 11.5383 11.5382 11.5312 11.4704 11.54 11.54 11.54 11.54 11.4487 11.5169 11.5201 11.54
11.5195 11.522 11.5246 11.5279 11.5302 11.5353 11.5347 11.5379 11.5371 11.5386 11.5381 11.5383 11.5381 11.5374 11.5357 11.5364 11.534 11.5355 11.5329 11.5338 11.5337 11.5338 11.5331 11.5364 11.54 11.5358 11.54 11.5372 11.5374 11.5373 11.54 11.537 11.5369 11.54 11.5366 11.5367 11.5366 11.5361 11.54 11.54 11.5381 11.5379 11.5382 11.5393 11.5398 11.5399 11.5398 11.5398 11.5398 11.5399 11.5399 11.5397 11.5395 11.5394 11.5393 11.5392 11.5391 11.539 11.539 11.5392 11.4398 11.4609 11.2066 11.3024 10.1097 10.0947 11.5364 9.07835 9.38376
11.5348 11.5356 11.5352 11.537 11.5374 11.5343 11.538 11.5382 11.5391 11.5377 11.5391 11.539 11.5389 11.5386 11.5379 11.5364 11.5378 11.5337 11.5369 11.5368 11.5368 11.5369 11.5363 11.5332 11.5305 11.5305 11.5281 11.5316 11.5323 11.5314 11.534 11.5348 11.5338 11.5311 11.5326 11.5331 11.5322 11.5312 11.535 11.5333 11.5353 11.5366 11.5391 11.5399 11.5399 11.5398 11.5399 11.5399 11.5399 11.5399 11.5399 11.5398 11.5396 11.5394 11.539 11.539 11.5386 11.5387 11.4883 11.54 11.54 11.4486 11.4279 10.6423 11.54 11.54 11.54 11.54 9.38462
11.54 11.54 11.54 11.54 11.54 11.54 11.54 11.54 11.54 11.54 11.54 11.54 11.54 11.54 11.54 11.54 11.54 11.54 11.54 11.54 11.54 11.54 11.54 11.54 11.5297 11.5221 11.5351 11.5358 11.5361 11.536 11.5303 11.5267 11.5302 11.5372 11.5377 11.5381 11.5382 11.5381 11.5346 11.5378 11.4956 11.5114 11.5381 11.54 11.5399 11.5399 11.5399 11.5399 11.5399 11.5399 11.5399 11.5398 11.5397 11.5396 11.5395 11.5392 11.5389 11.5033 11.54 11.54 11.3968 11.54 11.54 11.54 11.54 11.54 11.54 9.14867 9.45934
11.5341 11.5362 11.5363 11.5364 11.5377 11.5385 11.5386 11.5389 11.5388 11.5388 11.5386 11.538 11.54 11.5368 11.5363 11.5356 11.535 11.5346 11.5345 11.5348 11.54 11.5353 11.5348 11.5341 11.54 11.54 11.54 11.54 11.54 11.54 11.54 11.54 11.54 11.54 11.54 11.54 11.54 11.54 11.54 11.54 11.4976 11.5401 11.5397 11.5379 11.5379 11.5399 11.5399 11.5399 11.5399 11.5399 11.54 11.5399 11.5398 11.5397 11.5395 11.5394 11.5393 11.489 11.3988 11.3691 11.1239 10.9381 10.5911 11.54 6.85629 6.31232 4.19537 8.23096 9.24143
11.5284 11.5314 11.5317 11.5335 11.5354 11.5366 11.537 11.5371 11.5368 11.5369 11.5361 11.5333 11.5337 11.5337 11.5332 11.5322 11.5311 11.5301 11.5303 11.5293 11.5257 11.5283 11.5271 11.5252 11.533 11.5321 11.5337 11.5336 11.5351 11.5348 11.5351 11.535 11.5359 11.5364 11.5365 11.5374 11.5384 11.5385 11.5389 11.539 11.5062 11.5177 11.5329 11.5401 11.5385 11.54 11.5399 11.5399 11.54 11.54 11.54 11.5399 11.5399 11.5398 11.5398 11.5398 11.5398 11.4915 11.4438 11.2408 10.775 10.3715 8.93581 8.06407 3.03634 5.24184 8.70518 9.41208 8.97319
11.54 11.54 11.54 11.54 11.54 11.54 11.54 11.54 11.54 11.54 11.54 11.54 11.5327 11.5244 11.5266 11.5208 11.5229 11.5169 11.5218 11.519 11.5339 11.5341 11.5336 11.5321 11.5317 11.5232 11.5232 11.5259 11.5285 11.5291 11.5291 11.5292 11.5285 11.5313 11.5331 11.5349 11.5357 11.5372 11.537 11.5378 11.5392 11.5395 11.5282 11.536 11.5397 11.5394 11.539 11.5395 11.54 11.5396 11.5395 11.5387 11.5399 11.5399 11.5398 11.5397 11.5397 11.506 11.4809 11.4338 11.2733 10.9706 10.5186 9.79774 9.83656 9.428 11.54 11.54 11.54
11.5359 11.5362 11.54 11.5366 11.54 11.5373 11.5372 11.5371 11.54 11.537 11.54 11.5362 11.54 11.54 11.54 11.54 11.54 11.54 11.54 11.54 11.54 11.54 11.54 11.54 11.54 11.54 11.54 11.54 11.54 11.54 11.54 11.54 11.54 11.54 11.54 11.54 11.54 11.5387 11.54 11.54 11.54 11.54 11.54 11.5399 11.54 11.5397 11.5401 11.5398 11.54 11.5396 11.5401 11.5388 11.54 11.5399 11.5399 11.5398 11.5398 11.5015 11.4094 11.54 10.5899 11.0228 10.4717 11.54 11.54 11.54 11.54 11.54 9.60655
11.5313 11.5296 11.5323 11.5321 11.5299 11.5321 11.5322 11.5305 11.5332 11.5336 11.5307 11.5302 11.5348 11.5335 11.533 11.5319 11.5317 11.5302 11.53 11.5297 11.5295 11.5295 11.5291 11.5281 11.5277 11.528 11.5284 11.528 11.54 11.5261 11.5275 11.5301 11.54 11.5343 11.536 11.5378 11.5386 11.5393 11.5393 11.5392 11.5393 11.5395 5.29466 9.59714 11.465 11.5399 9.74121 9.79194 10.386 11.54 11.54 11.5396 11.54 11.54 11.54 11.54 11.54 11.4459 11.2127 10.9668 10.953 11.1283 10.267 11.54 11.54 8.29457 9.81809 5.69711 7.46188
11.5364 11.5358 11.5283 11.525 11.5357 11.5361 11.536 11.5356 11.5289 11.5266 11.5357 11.5346 11.5338 11.5252 11.5231 11.5209 11.5172 11.5157 11.514 11.5129 11.5124 11.5123 11.5116 11.51 11.5097 11.5092 11.5109 11.5011 11.5094 11.5128 11.5171 11.5187 11.5161 11.5253 11.53 11.486 11.5187 11.5321 11.5394 11.5385 11.5385 11.539 5.10504 11.5777 11.4162 11.54 8.28638 13.7981 9.97663 11.5042 11.5086 11.2206 11.5399 11.5398 11.5398 11.5399 11.54 11.3766 11.3264 11.2989 10.9885 10.1669 9.10773 10.4504 7.02382 5.11954 8.11565 10.2643 10.7506
11.5369 11.5358 11.5364 11.5365 11.5371 11.5373 11.537 11.5365 11.5351 11.5353 11.5353 11.5343 11.5337 11.5318 11.5312 11.5292 11.5281 11.5269 11.5259 11.5251 11.5247 11.5247 11.5247 11.5242 11.5243 11.5247 11.5234 11.54 11.5043 11.4741 11.494 11.4949 11.529 11.5321 11.5345 11.455 11.54 11.5313 11.5395 11.5395 11.5395 11.5396 9.15756 11.3392 11.394 11.5398 7.52879 9.93608 10.9084 11.5035 11.6915 11.363 11.54 11.54 11.54 10.6934 11.4172 11.2736 11.2096 11.181 10.2264 11.54 6.90503 9.68344 10.3381 9.89903 11.54 11.54 11.54
11.5371 11.5358 11.5359 11.5346 11.5361 11.5354 11.5363 11.5354 11.5355 11.5356 11.5354 11.5344 11.5336 11.5325 11.5304 11.5291 11.5276 11.5262 11.525 11.5241 11.5236 11.5236 11.5237 11.5235 11.524 11.5244 11.522 11.5199 11.5214 11.5232 11.5205 11.5246 11.5278 11.5305 11.5333 11.4544 11.4937 11.5247 11.5396 11.5397 11.5397 11.5398 11.54 11.54 11.54 11.5397 11.5401 11.5399 11.2672 11.0267 11.0597 11.4527 11.54 11.1947 10.7224 10.1753 11.54 11.54 11.54 11.54 8.45378 6.45536 7.33907 11.54 11.54 11.54 11.54 11.0318 11.0625
11.54 11.54 11.54 11.54 11.54 11.54 11.54 11.54 11.54 11.54 11.54 11.54 11.54 11.54 11.54 11.54 11.54 11.54 11.54 11.54 11.54 11.54 11.5239 11.5235 11.5236 11.5246 11.5208 11.5187 11.5192 11.5183 11.5217 11.5253 11.5277 11.5306 11.5334 11.5364 11.5386 11.5393 11.5398 11.5398 11.5365 11.5395 11.5397 11.54 11.54 11.5398 11.5399 11.5399 11.2149 14.9404 11.1975 11.5399 11.5398 10.5163 11.4858 11.4331 11.3384 11.2055 10.9986 10.7012 11.54 11.54 10.1015 11.54 11.54 10.6778 10.9385 10.3747 10.7105
11.54 11.54 11.54 11.54 11.5311 11.54 11.54 11.5323 11.5325 11.5314 11.5309 11.5288 11.5271 11.5257 11.5238 11.5221 11.5194 11.5179 11.5171 11.5193 11.54 11.54 11.54 11.54 11.54 11.54 11.54 11.54 11.54 11.54 11.54 11.54 11.54 11.54 11.54 11.54 11.54 11.54 11.5397 11.5399 11.5395 11.5401 11.5397 11.5398 11.5399 11.5399 11.54 10.7306 11.3602 11.4954 11.2583 11.5399 11.5401 9.91132 11.468 11.2713 11.0819 10.7774 10.2789 9.18413 9.82621 8.07576 7.8563 9.53592 8.67692 9.89655 9.99778 10.8777 11.3651
11.5215 11.5251 11.5161 11.5199 11.5201 11.5167 11.5246 11.5271 11.5278 11.5266 11.5245 11.5208 11.5173 11.5136 11.513 11.5085 11.5059 11.5008 11.5044 11.5008 11.4814 11.5059 11.517 11.5159 11.5158 11.5124 11.5006 11.54 11.4894 11.54 11.5034 11.5068 11.54 11.54 11.5283 11.54 11.54 11.5088 11.5341 11.5399 11.5399 11.54 11.5399 11.5399 11.5401 11.5399 11.54 8.30276 12.3966 11.2396 11.5349 11.5399 11.5398 10.3299 11.54 11.54 11.54 11.54 11.54 11.54 10.7331 10.7568 10.7305 8.93255 10.617 8.80639 11.54 10.9472 11.4871
11.5326 11.5186 11.5283 11.508 11.5017 11.5286 11.5164 11.5094 11.5168 11.5077 11.512 11.4942 11.4961 11.4783 11.4877 11.4671 11.4777 11.4568 11.4772 11.4506 11.4813 11.4805 11.4807 11.481 11.479 11.4679 11.4136 11.4268 11.4179 11.3878 11.4309 11.4406 11.4913 11.4841 11.5077 11.533 11.5317 11.5061 11.5401 11.5398 11.5399 11.5401 11.54 11.54 11.54 11.54 11.54 9.02294 14.2149 9.96413 11.54 11.5399 11.54 11.4492 11.4704 11.404 11.54 11.1925 11.54 10.7725 11.54 11.54 11.54 11.54 11.54 9.82072 10.7687 11.4457 11.4921
11.54 11.54 11.54 11.54 11.54 11.54 11.54 11.54 11.54 11.54 11.54 11.54 11.54 11.54 11.54 11.54 11.54 11.54 11.54 11.54 11.54 11.5113 11.5108 11.5096 11.508 11.5027 11.4818 11.364 11.3119 11.4745 11.4872 11.4947 11.4903 11.5232 11.5339 11.5269 11.4903 11.5399 11.54 11.54 11.54 11.54 11.54 11.54 10.2848 10.1888 9.43944 10.4507 11.3768 10.228 11.5401 11.5399 11.54 11.411 11.4539 11.1246 11.1522 10.938 10.2102 10.0199 10.9297 11.54 11.54 11.54 11.54 11.1849 11.4871 11.4863 11.4597
11.5323 11.5312 11.5303 11.5264 11.5281 11.5272 11.5292 11.5301 11.5316 11.53 11.5294 11.5253 11.5246 11.5206 11.5208 11.5184 11.5176 11.5086 11.509 11.51 11.509 11.5106 11.5091 11.5072 11.5047 11.4999 11.4799 11.4679 11.54 11.54 11.54 11.54 11.54 11.54 11.528 11.5367 11.5399 11.5401 11.54 11.5401 11.54 11.4457 9.40919 8.1457 9.04557 14.2736 14.8339 14.2756 12.9925 10.7804 11.54 11.54 11.54 11.447 11.4668 11.3845 10.9852 10.5734 11.1242 10.9534 10.6735 10.5059 9.75237 10.7936 10.343 10.9092 5.87577 10.1467 9.894
11.5191 11.5186 11.5143 11.5115 11.5129 11.5139 11.5162 11.5186 11.5171 11.5174 11.5143 11.5069 11.5044 11.5005 11.4976 11.493 11.4733 11.4677 11.4661 11.4653 11.5064 11.5059 11.5044 11.5012 11.4981 11.494 11.4671 11.54 11.54 11.4341 11.54 11.4705 11.4941 10.5903 11.323 11.5399 11.5399 11.54 11.54 11.54 10.1956 11.3336 14.2357 13.7985 14.8188 11.3547 9.07615 8.93623 10.2054 11.5084 11.54 11.54 11.54 11.483 11.54 11.54 11.54 11.54 11.54 11.54 11.54 11.2393 11.54 10.5176 11.246 11.3379 9.06295 11.5401 8.7297
11.5317 11.5282 11.54 11.54 11.54 11.54 11.54 11.54 11.54 11.54 11.54 11.54 11.54 11.54 11.54 11.54 11.54 11.54 11.54 11.54 11.54 11.54 11.54 11.54 11.54 11.54 11.54 11.4387 11.4149 11.2965 11.23 11.3427 11.4028 9.89945 11.5401 11.5399 11.54 11.54 10.9815 11.0676 11.2195 16.9262 13.3369 10.4931 9.43789 10.3217 11.54 11.54 11.54 11.5333 11.5319 11.3508 11.5398 9.29249 11.428 11.3731 11.3549 11.2671 11.54 11.54 11.2474 11.2638 11.3453 11.4245 5.10429 7.96508 11.5128 8.47723 8.28664
11.5324 11.5279 11.525 11.54 11.54 11.54 11.54 11.54 11.54 11.54 11.54 11.54 11.5103 11.5077 11.504 11.54 11.54 11.54 11.54 11.4754 11.4694 11.4665 11.4637 11.4586 11.4532 11.4489 11.4347 11.54 11.2964 11.116 11.4169 11.4392 11.4705 10.1347 11.54 11.54 11.54 11.0435 10.4981 15.469 16.7354 11.3721 11.1528 11.1156 11.54 11.54 11.54 11.54 11.54 11.5197 11.5206 10.709 11.5401 7.16824 11.3903 11.1268 11.0716 10.8435 11.0153 10.8046 11.2496 11.4211 11.3573 11.54 8.65333 11.5401 8.37194 11.461 11.4353
11.5334 11.5278 11.5134 11.5041 11.4865 11.5044 11.4922 11.51 11.4978 11.5123 11.4832 11.4872 11.4865 11.4819 11.4701 11.427 11.4545 11.3963 11.4232 11.4116 11.4053 11.3982 11.3986 11.3803 11.3801 11.3628 11.3343 11.3532 11.414 11.4473 11.4527 11.4652 11.4839 11.4228 11.54 11.54 11.4021 11.4556 14.9562 13.2042 11.1415 9.93349 11.54 11.54 11.54 11.4251 11.4843 11.4993 11.54 11.5066 11.4937 9.23571 5.06882 3.84118 11.54 11.54 11.54 11.2104 10.9695 11.2661 11.2606 11.421 11.5058 11.47 8.23118 5.98281 7.00693 11.4179 11.4238
