tests/full-run-ref/erosion_2010_78_24_-72.835.asc
ncols 512
nrows 512
xllcorner -3.24582
yllcorner -4.08743
cellsize 5
NODATA_value -99999
[rows 145 to 173 of 512, columns 134 to 200 of 512]
5.77001 5.77001 5.77001 5.77001 5.77001 5.77001 5.77001 5.77001 5.77001 5.77001 5.76522 5.73096 8.00594 13.799 13.8299 11.435 5.7402 5.77001 5.76314 5.75725 5.75463 5.74992 8.101 13.8821 12.6865 15.4342 15.4746 15.4706 17.2678 11.4913 5.75136 5.76656 5.77001 5.77001 5.77001 5.77001 5.77001 5.77001 5.77001 5.77001 5.77001 5.77001 5.77001 5.77001 5.77001 5.77001 5.77001 5.77001 5.77001 5.77001 5.77001 5.77001 5.77001 5.77001 5.77001 5.77001 5.77001 5.77001 5.77001 5.77001 5.77001 5.77001 5.77001 5.77001 5.77001 5.77001 5.77001
5.77001 5.77001 5.77001 5.77001 5.77001 5.77001 5.77001 5.7664 5.76063 5.73244 5.70395 7.94911 13.7498 16.2014 16.074 11.3889 5.72506 5.77001 5.77001 5.77001 5.77001 5.76844 5.74618 8.50347 9.36476 9.6587 9.69902 9.69365 11.4999 11.5183 8.13864 5.76621 5.77001 5.77001 5.77001 5.76584 5.7632 5.75345 5.77001 5.77001 5.77001 5.77001 5.77001 5.77001 5.77001 5.77001 5.77001 5.77001 5.77001 5.77001 5.77001 5.77001 5.77001 5.77001 5.77001 5.77001 5.77001 5.77001 5.77001 5.77001 5.77001 5.77001 5.77001 5.77001 5.77001 5.77001 5.77001
5.77001 5.77001 5.77001 5.77001 5.77001 5.77001 5.77001 5.76021 8.11336 11.4827 7.88622 13.6766 16.1518 19.4296 13.6527 7.84558 5.71589 5.77001 5.77001 5.77001 5.77001 5.76986 5.76429 5.81935 6.13156 6.12671 6.10668 6.07783 6.03065 6.13253 5.76357 5.76293 5.77001 5.77001 5.77001 5.76309 8.1254 5.72756 5.77001 5.77001 5.77001 5.77001 5.77001 5.77001 5.77001 5.77001 5.77001 5.77001 5.77001 5.77001 5.77001 5.77001 5.77001 5.77001 5.77001 5.77001 5.77001 5.77001 5.77001 5.77001 5.77001 5.77001 5.77001 5.77001 5.77001 5.77001 5.77001
5.77001 5.77001 5.77001 5.77001 5.77001 5.77001 5.77001 5.75905 8.02121 13.7904 13.7004 16.0723 21.8881 17.013 11.1761 5.77797 5.7292 5.76855 5.77001 5.76969 5.76914 5.76855 5.9701 6.14447 6.1598 6.16 6.15997 6.15975 6.1593 5.76485 5.76964 5.77001 5.77001 5.77001 5.77001 5.7577 11.4951 5.72149 5.77001 5.77001 5.77001 5.77001 5.77001 5.77001 5.77001 5.77001 5.77001 5.77001 5.77001 5.77001 5.77001 5.77001 5.77001 5.77001 5.77001 5.77001 5.77001 5.77001 5.77001 5.77001 5.77001 5.77001 5.77001 5.77001 5.77001 5.77001 5.77001
5.77001 5.77001 5.76946 5.76575 5.75719 5.74693 5.73364 5.68868 5.59116 11.2085 17.0422 21.8683 22.7024 16.8722 11.02 5.56654 6.05212 5.74756 5.76571 5.76857 6.03947 6.14379 6.15942 6.15975 6.16001 6.16002 6.15946 6.08118 5.76932 5.76984 5.77001 5.77001 5.77001 5.77001 5.77001 5.75539 11.5064 5.73353 5.75232 5.77001 5.77001 5.77001 5.77001 5.77001 5.77001 5.77001 5.77001 5.77001 5.77001 5.77001 5.77001 5.77001 5.77001 5.77001 5.77001 5.77001 5.77001 5.77001 5.77001 5.77001 5.77001 5.77001 5.77001 5.77001 5.77001 5.77001 5.77001
5.77001 5.76175 5.75748 6.0846 8.07256 8.00313 7.91797 11.3633 7.56143 13.3666 19.2354 25.0645 25.0717 19.237 13.3901 7.59365 8.06431 6.09923 6.15936 6.15912 6.15909 6.15973 6.16 6.16002 6.16002 6.16002 6.15855 5.76715 5.76972 5.77001 5.77001 5.77001 5.77001 5.77001 5.77001 5.7542 11.5182 8.05316 5.72657 5.77001 5.77001 5.77001 5.77001 5.77001 5.77001 5.77001 5.77001 5.77001 5.77001 5.77001 5.77001 5.77001 5.77001 5.77001 5.77001 5.77001 5.77001 5.77001 5.77001 5.77001 5.77001 5.77001 5.77001 5.77001 5.77001 5.77001 5.77001
5.77001 5.76688 8.12578 11.8654 13.8517 13.7875 13.7053 15.8692 13.8186 15.7611 21.6048 27.4544 27.4613 21.6266 15.8035 13.4453 7.85563 6.09566 6.16 6.16002 6.16002 6.16002 6.16002 6.16002 6.16002 6.16002 6.15831 6.15835 5.76895 5.76973 5.77001 5.77001 5.77001 5.77001 5.77001 5.7528 11.5045 11.471 5.7096 5.76035 5.77001 5.77001 5.77001 5.77001 5.77001 5.77001 5.77001 5.77001 5.77001 5.77001 5.77001 5.77001 5.77001 5.77001 5.77001 5.77001 5.77001 5.77001 5.77001 5.77001 5.77001 5.77001 5.77001 5.77001 5.77001 5.77001 5.77001
5.77001 5.76747 5.74481 11.4567 17.2366 19.5828 19.5104 21.6663 19.646 21.627 23.999 29.8443 28.2475 22.397 16.5563 10.6801 5.8669 6.13795 6.16 6.16002 6.16002 6.16002 6.16002 6.16002 6.16002 6.16002 6.16002 6.15935 6.1592 5.76932 5.77001 5.77001 5.77001 5.77001 5.77001 5.75949 8.07619 13.817 8.01903 5.7447 5.77001 5.77001 5.77001 5.77001 5.77001 5.77001 5.77001 5.77001 5.77001 5.77001 5.77001 5.77001 5.77001 5.77001 5.77001 5.77001 5.77001 5.77001 5.77001 5.77001 5.77001 5.77001 5.77001 5.77001 5.77001 5.77001 5.77001
5.77001 5.76785 8.10921 13.8793 19.5709 21.9615 24.3493 27.4669 25.5118 27.4318 29.8199 32.2249 28.016 22.1528 16.2751 10.3883 5.81469 6.07775 6.14925 6.16001 6.16002 6.16002 6.16002 6.16002 6.16002 6.16002 6.16002 6.15932 6.15919 5.76926 5.77001 5.77001 5.77001 5.77001 5.77001 5.76743 5.7431 11.5001 11.4705 5.72861 5.77001 5.77001 5.77001 5.77001 5.77001 5.77001 5.77001 5.77001 5.77001 5.77001 5.77001 5.77001 5.77001 5.77001 5.77001 5.77001 5.77001 5.77001 5.77001 5.77001 5.77001 5.77001 5.77001 5.77001 5.77001 5.77001 5.77001
5.76988 5.76804 5.7554 11.4742 13.7732 16.157 21.884 24.2805 29.9814 32.369 35.6213 36.2404 30.4103 24.571 18.7175 12.9959 7.38142 8.08326 6.13942 6.16 6.16002 6.16002 6.16002 6.16002 6.16002 6.16 6.15753 6.15818 5.76887 5.7696 5.77001 5.77001 5.77001 5.77001 5.77001 5.77001 5.75769 8.08749 11.4981 5.7348 5.77001 5.77001 5.77001 5.77001 5.77001 5.77001 5.77001 5.77001 5.77001 5.77001 5.77001 5.77001 5.77001 5.77001 5.77001 5.77001 5.77001 5.77001 5.77001 5.77001 5.77001 5.77001 5.77001 5.77001 5.77001 5.77001 5.77001
5.76987 6.15686 8.15308 5.73316 7.97102 13.6884 16.0686 21.7728 24.1576 29.8441 32.2421 38.0539 32.8308 27.0109 21.3258 15.6205 10.9908 5.89223 6.14585 6.16 6.16002 6.16002 6.16002 6.16002 6.16002 6.16 6.15437 5.76449 5.76979 5.77001 5.77001 5.77001 5.77001 5.77001 5.77001 5.77001 5.76601 5.74882 11.5074 5.7464 5.75991 5.77001 5.77001 5.77001 5.77001 5.77001 5.77001 5.77001 5.77001 5.77001 5.77001 5.77001 5.77001 5.77001 5.77001 5.77001 5.77001 5.77001 5.77001 5.77001 5.77001 5.77001 5.77001 5.77001 5.77001 5.77001 5.77001
5.76886 5.76677 5.7682 5.76556 5.71578 7.87825 13.587 15.9389 21.6316 24.0116 29.829 35.6531 34.1874 28.3711 22.5575 16.7369 10.9113 5.90749 6.15895 6.16 6.16002 6.16002 6.16002 6.16002 6.16002 6.16001 6.1561 5.76602 5.7698 5.77001 5.77001 5.77001 5.77001 5.77001 5.77001 5.77001 5.77001 5.76064 8.13818 8.11858 5.75806 5.77001 5.77001 5.77001 5.77001 5.77001 5.77001 5.77001 5.77001 5.77001 5.77001 5.77001 5.77001 5.77001 5.77001 5.77001 5.77001 5.77001 5.77001 5.77001 5.77001 5.77001 5.77001 5.77001 5.77001 5.77001 5.77001
5.74961 8.11811 8.11846 5.75563 5.76967 5.68972 7.76539 13.427 15.7701 21.6085 27.4355 33.255 34.1999 28.3848 22.5706 16.7444 10.917 5.91088 6.15865 6.16001 6.16002 6.16002 6.16002 6.16002 6.16002 6.16002 6.15877 6.15847 5.76733 5.76932 5.77001 5.77001 5.77001 5.77001 5.77001 5.77001 5.77001 5.76608 5.75982 8.15207 5.76234 5.76018 5.77001 5.77001 5.77001 5.77001 5.77001 5.77001 5.77001 5.77001 5.77001 5.77001 5.77001 5.77001 5.77001 5.77001 5.77001 5.77001 5.77001 5.77001 5.77001 5.77001 5.77001 5.77001 5.77001 5.77001 5.77001
8.06905 13.8552 13.863 8.08209 5.75216 5.76928 5.65295 7.57212 13.3837 19.2386 25.0628 30.8733 34.2295 28.422 22.6094 16.7848 10.9579 5.92149 6.15892 6.16002 6.16002 6.16002 6.16002 6.16002 6.16002 6.16002 6.16002 6.1593 6.13183 5.76161 5.76972 5.77001 5.77001 5.77001 5.77001 5.77001 5.77001 5.77001 5.7663 5.76514 8.15049 5.76219 5.75952 5.77001 5.77001 5.77001 5.77001 5.77001 5.77001 5.77001 5.77001 5.77001 5.77001 5.77001 5.77001 5.77001 5.77001 5.77001 5.77001 5.77001 5.77001 5.77001 5.77001 5.77001 5.77001 5.77001 5.74863
13.8482 16.2455 16.2553 13.8575 8.08163 5.75077 5.69217 5.57859 11.0819 16.9347 22.7516 28.5466 32.4636 28.4682 22.6575 16.8377 11.0119 5.93552 6.15968 6.16002 6.16002 6.16002 6.16002 6.16002 6.16002 6.16002 6.16002 6.15991 6.15478 6.15711 5.76539 5.76893 5.76909 5.76938 5.76968 5.77001 5.77001 5.77001 5.77001 5.76628 5.76466 8.15004 5.76007 5.75371 5.77001 5.77001 5.77001 5.77001 5.77001 5.77001 5.77001 5.77001 5.77001 5.77001 5.77001 5.77001 5.77001 5.77001 5.77001 5.77001 5.77001 5.77001 5.77001 5.77001 5.77001 5.77001 5.68993
19.6284 22.0207 22.0287 16.2535 13.8601 8.08733 11.485 7.89978 13.7238 19.3918 21.8795 24.2663 30.0711 28.4964 22.6857 16.868 11.0407 5.92896 6.1598 6.15997 6.16002 6.16002 6.16002 6.16002 6.16002 6.16002 6.16002 6.16 6.16001 6.15744 6.15818 6.15848 6.15816 6.15864 5.76931 5.7696 5.76968 5.77001 5.77001 5.77001 5.76581 5.7644 8.14927 5.75719 5.748 5.77001 5.77001 5.77001 5.77001 5.77001 5.77001 5.77001 5.77001 5.77001 5.77001 5.77001 5.77001 5.77001 5.77001 5.77001 5.77001 5.77001 5.77001 5.77001 5.77001 5.77001 5.68794
25.4042 27.7963 24.4224 22.0312 16.2579 14.0565 16.1694 13.7805 11.4577 13.7607 16.0711 21.8689 27.6743 28.4805 22.6645 16.8432 11.0024 5.87347 6.13468 6.15988 6.16 6.16002 6.16 6.16002 6.16002 6.16002 6.16002 6.16002 6.16002 6.16002 6.16002 6.16002 6.16002 6.15945 6.15952 6.15949 5.7697 5.77001 5.77001 5.77001 5.77001 5.76366 5.76244 8.14407 5.74524 5.72738 5.74536 5.76572 5.77001 5.77001 5.77001 5.77001 5.77001 5.77001 5.77001 5.77001 5.77001 5.77001 5.77001 5.77001 5.77001 5.77001 5.77001 5.77001 5.77001 5.77001 5.68829
23.0159 27.8551 27.8573 24.4243 22.0338 19.6734 13.9025 11.5181 11.5253 11.4473 13.7045 19.4916 25.2909 30.8792 25.0748 19.2579 13.4528 7.6463 5.95247 6.14341 6.1599 6.15998 6.16002 6.16002 6.16002 6.16002 6.16002 6.16002 6.16002 6.16002 6.16002 6.16002 6.1594 6.15872 5.76926 5.76943 5.76952 5.77001 5.77001 5.77001 5.77001 5.77001 5.76498 5.74544 8.0097 7.99647 6.04019 5.76446 5.77001 5.77001 5.77001 5.75123 5.71401 5.61212 5.41324 5.07762 4.98128 5.3288 5.14863 4.99171 5.42938 5.7416 5.77001 5.77001 5.77001 5.77001 5.40156
23.0298 23.0263 23.0303 25.423 23.0548 17.282 11.5095 11.5367 11.54 11.5282 11.4174 17.1156 22.9125 28.7111 27.4813 21.6946 15.8766 13.4927 7.85643 5.97475 6.14161 6.15989 6.16 6.16002 6.16002 6.16002 6.16002 6.16002 6.16002 6.16002 6.16002 6.15943 6.15833 5.76885 5.76967 5.77001 5.77001 5.77001 5.77001 5.77001 5.77001 5.77001 5.75988 5.65618 11.3554 11.2332 5.59102 5.74383 5.77001 5.77001 5.73308 5.7373 8.06855 10.8168 11.1039 10.589 7.46373 3.40569 5.43041 7.58809 5.09776 5.69184 5.77 5.77 5.77 5.77 4.34521
17.2554 17.2497 17.2533 19.649 17.2846 16.2841 11.5173 11.538 11.54 11.54 11.4443 17.1623 22.9521 28.7423 29.9071 24.0994 21.7018 16.044 13.6514 7.89663 5.98199 6.14616 6.1598 6.16 6.16002 6.16002 6.16002 6.16002 6.16002 6.16002 6.159 6.15867 5.76887 5.76941 5.77001 5.77001 5.77001 5.77001 5.77001 5.77001 5.77001 5.75727 5.66709 7.65464 13.5291 13.1986 7.3312 5.70402 5.77001 5.77001 5.7272 8.12163 5.7303 5.08312 4.74408 8.64738 11.4333 9.79684 11.6707 6.44973 2.81755 5.18833 5.44353 5.53201 5.77 5.00863 3.10323
11.4748 11.4712 11.475 13.8938 11.5094 13.8759 8.10275 11.5347 11.5372 11.5288 11.4356 17.1502 22.9385 28.7265 32.2982 29.8937 24.243 21.8455 16.0759 13.6862 7.92662 5.99361 6.14645 6.15982 6.16001 6.16002 6.16002 6.16001 6.16001 6.15768 6.15811 5.7683 5.76971 5.77001 5.77001 5.77001 5.77001 5.76738 5.76324 5.75558 5.72914 5.66983 7.64821 13.4753 15.9386 13.0257 7.46915 5.71328 5.77001 5.76216 5.59989 5.47751 5.58262 5.77001 5.05935 3.91228 7.66812 12.1421 16.1368 8.21415 2.21379 1.1849 3.33143 1.67072 2.43263 0.715886 5.08819
5.75033 5.75336 5.75179 8.12633 5.73978 8.07669 13.8767 11.5201 13.914 11.4523 13.7857 19.5587 25.3347 31.1176 36.8996 32.4292 30.0305 24.2691 21.876 16.1042 13.7177 7.96517 5.90616 6.14476 6.15981 6.16 6.16002 6.16002 6.15668 6.15804 5.766 5.76972 5.77001 5.77001 5.77001 5.77001 5.77001 5.76786 7.84693 8.09992 11.4781 7.8737 13.4862 15.9115 16.4741 10.5462 4.86795 5.65893 5.77001 5.49623 5.37226 4.82401 5.293 5.75521 5.77 4.42174 3.53474 5.37196 12.8456 14.3389 7.21842 2.60855 6.01192 4.65755 1.95182 5.15355 5.07807
5.76829 5.77001 5.76754 5.76726 5.76701 5.73957 11.5085 15.2937 16.2926 17.248 16.1932 21.9611 27.7416 33.5117 39.2912 37.8327 32.0496 30.0586 24.2939 21.9041 16.1461 13.6775 7.82325 5.7705 6.1449 6.15991 6.16001 6.15899 6.15803 5.76473 5.76973 5.77001 5.77001 5.77001 5.77001 5.77001 5.77001 5.76709 5.75645 11.5031 16.1148 13.7231 16.0963 19.2518 18.0614 12.1807 5.68326 4.74269 4.92239 4.606 6.69814 6.9214 3.26296 4.802 5.77 5.77 4.5331 1.86134 7.31582 15.2787 15.3984 10.2784 12.5229 10.1626 13.5764 10.8737 11.8615
5.77001 5.77001 5.77001 5.77001 5.76826 8.13619 13.8785 16.2684 22.0401 23.0238 22.2172 24.37 30.1397 35.9142 41.6823 40.2256 37.8301 32.4725 29.2581 24.0796 19.4115 16.0911 13.5205 7.80924 5.65167 6.14883 6.15956 6.15859 5.76838 5.76977 5.77001 5.77001 5.77001 5.77001 5.77001 5.77001 5.77001 5.77001 5.75032 11.4672 11.4648 11.4019 11.2376 13.4037 15.849 14.6614 11.7776 9.61071 2.46657 1.28056 3.34198 11.8885 4.57475 1.68601 4.60407 5.77 5.77 2.98909 3.15909 11.0277 18.085 23.9631 19.6145 22.0158 20.7083 19.4857 19.5264
5.77001 5.77001 5.77001 5.77001 5.7687 5.7594 8.0938 13.8685 19.6462 25.3362 27.7269 30.1149 32.4991 38.2715 44.0465 45.9546 40.6461 37.432 31.8621 26.0769 20.2874 14.5121 16.1099 13.6395 7.88799 5.53165 6.14447 5.75074 5.76867 5.77001 5.77001 5.77001 5.77001 5.77001 5.77001 5.77001 5.77001 5.77001 5.52558 5.69534 5.70513 5.70667 5.61372 7.50324 10.6721 13.0702 18.0255 12.8213 8.16497 6.42624 8.9307 13.1742 8.39055 3.64143 0 4.39209 5.43255 3.10725 0 4.81215 14.299 21.3583 27.3534 29.0067 27.7417 26.7547 27.2189
5.77001 5.77001 5.77001 5.77001 5.76888 5.76632 5.74769 11.4851 17.2452 19.5522 21.9374 24.3242 30.1015 35.8781 41.654 40.1792 42.1099 36.331 30.5415 24.7428 18.9173 14.4586 15.6375 16.1025 13.6429 7.84488 5.39223 6.09801 5.75769 5.76943 5.77001 5.77001 5.77001 5.77001 5.77001 5.77001 5.77001 5.77001 5.77001 5.77001 5.77001 5.77001 5.75627 5.40578 4.38067 9.46676 12.7183 19.3303 15.445 13.7783 15.8991 18.5238 13.5718 7.24081 0 0 0 0 0 2.33836 15.24 23.4737 29.7705 35.7003 34.8714 34.7608 28.1491
5.77001 5.77001 5.77001 5.77001 5.76795 8.15295 8.13988 13.8851 11.4594 13.7529 16.1361 21.923 27.7066 33.4858 36.7959 34.3972 36.7942 38.7224 32.9367 27.1327 21.3148 20.1802 21.3764 21.2027 16.0358 13.6318 7.84977 8.00775 5.99448 5.74323 5.76567 5.77001 5.77001 5.77001 5.77001 5.77001 5.77001 5.77001 5.77001 5.77001 5.77001 5.77001 5.77001 5.77001 4.83767 1.44747 7.67784 15.2091 21.9044 21.0924 22.8205 23.9328 18.1382 8.45398 4.38879 0 0.0262282 0 0 0 14.885 25.2883 32.3541 38.8886 38.6082 31.623 23.8814
5.77001 5.77001 5.77001 5.77001 5.76687 5.76579 8.14752 8.12738 5.70996 7.94659 13.7327 19.5279 25.3168 28.6933 31.0161 28.6114 31.0076 33.4106 35.3404 29.5518 27.1435 25.9941 27.1688 24.231 21.8296 16.0457 13.6745 13.8053 11.7917 8.05628 5.75831 5.77001 5.77001 5.77001 5.77001 5.77001 5.77001 5.77001 5.77001 5.77001 5.77001 5.77001 5.77001 5.77001 4.64333 2.33333 7.83917 15.2611 22.5539 27.7258 29.5998 28.5048 20.1917 16.3526 11.139 10.7753 7.29558 8.20282 1.17062 7.70126 14.0804 26.3199 34.7901 41.716 35.7557 28.27 20.7359
5.77001 5.77001 5.77001 5.77001 5.77001 5.76815 5.76667 5.76803 5.76431 5.69833 11.3611 17.1634 22.9533 22.9122 25.2331 22.8188 25.2175 27.6182 30.0335 32.4414 32.9487 31.7949 32.4174 29.9862 24.2078 21.8286 16.1473 13.756 11.4442 8.09122 5.7597 5.77001 5.76902 5.76761 5.7677 5.76819 5.77001 5.77001 5.77001 5.77001 5.77001 5.77001 5.77001 5.74741 1.85018 1.85316 7.95156 15.4839 22.8178 29.9154 35.9148 30.6398 26.8762 23.0936 19.8754 17.4212 20.2945 16.9386 16.2512 15.6956 21.5071 27.1198 37.2759 40.0024 32.0318 24.2975 16.1435
