tests/full-run-ref/erosion_2010_78_15_62.100.asc
ncols 512
nrows 512
xllcorner -3.24582
yllcorner -4.08743
cellsize 5
NODATA_value -99999
[rows 222 to 258 of 512, columns 84 to 167 of 512]
230.835 232.03 233.225 234.42 233.805 232.61 231.415 230.22 229.025 227.83 226.635 225.44 224.245 223.05 223.05 223.05 224.245 225.44 225.44 226.635 227.83 229.025 230.22 231.415 230.22 229.025 227.83 226.635 225.44 224.245 224.245 224.245 223.05 223.05 223.05 224.245 225.44 225.44 224.245 223.05 223.05 223.05 224.245 224.245 223.05 221.855 221.855 221.855 223.05 224.245 225.44 226.14 224.945 223.75 222.555 222.555 222.555 222.555 223.75 224.945 224.075 224.075 222.88 221.685 220.49 219.295 218.1 216.905 215.71 214.515 213.32 212.125 210.93 209.735 208.54 207.345 206.15 204.955 203.76 202.565 201.37 200.175 198.98 197.785
227.95 229.145 230.34 231.535 230.92 229.725 228.53 227.335 226.14 224.945 223.75 222.555 221.36 220.165 220.165 220.165 221.36 222.555 222.555 223.75 224.945 226.14 227.335 228.53 227.335 226.14 224.945 223.75 222.555 221.36 221.36 221.36 220.165 220.165 220.165 221.36 222.555 222.555 221.36 220.165 220.165 220.165 221.36 221.36 220.165 218.97 218.97 218.97 220.165 221.36 222.555 223.255 222.06 220.865 220.865 219.67 219.67 219.67 220.865 222.06 221.19 221.19 219.995 218.8 217.605 216.41 215.215 214.02 212.825 211.63 210.435 209.24 208.045 206.85 205.655 204.46 203.265 202.07 200.875 199.68 198.485 197.29 196.095 194.9
225.065 226.26 227.455 228.65 228.035 226.84 225.645 224.45 223.255 222.06 220.865 219.67 218.475 217.28 217.28 217.28 218.475 219.67 219.67 220.865 222.06 223.255 224.45 225.645 224.45 223.255 222.06 220.865 219.67 218.475 218.475 218.475 217.28 217.28 217.28 218.475 219.67 218.475 218.475 217.28 217.28 217.28 218.475 218.475 217.28 216.085 216.085 216.085 217.28 218.475 219.67 220.37 219.175 217.98 217.98 216.785 216.785 216.785 217.98 219.175 218.305 218.305 217.11 215.915 214.72 213.525 212.33 211.135 209.94 208.745 207.55 206.355 205.16 203.965 202.77 201.575 200.38 199.185 197.99 196.795 195.6 194.405 193.21 192.015
222.18 223.375 224.57 225.765 225.15 223.955 222.76 221.565 220.37 219.175 217.98 216.785 215.59 214.395 214.395 214.395 215.59 216.785 216.785 217.98 219.175 220.37 221.565 222.76 221.565 220.37 219.175 217.98 216.785 215.59 215.59 215.59 214.395 214.395 214.395 215.59 216.785 215.59 215.59 214.395 214.395 214.395 215.59 215.59 214.395 213.2 213.2 213.2 214.395 215.59 216.785 217.485 216.29 215.095 215.095 213.9 213.9 213.9 215.095 216.29 215.42 215.42 214.225 213.03 211.835 210.64 209.445 208.25 207.055 205.86 204.665 203.47 202.275 201.08 199.885 198.69 197.495 196.3 195.105 193.91 192.715 191.52 190.325 189.13
219.295 220.49 221.685 222.88 222.265 221.07 219.875 218.68 217.485 216.29 215.095 213.9 212.705 211.51 211.51 211.51 212.705 213.9 213.9 215.095 216.29 217.485 218.68 219.875 218.68 217.485 216.29 215.095 213.9 212.705 212.705 212.705 211.51 211.51 211.51 212.705 213.9 213.9 212.705 211.51 211.51 211.51 212.705 212.705 211.51 210.315 210.315 210.315 211.51 212.705 213.9 214.6 213.405 212.21 211.015 211.015 211.015 211.015 212.21 213.405 212.535 212.535 211.34 210.145 208.95 207.755 206.56 205.365 204.17 202.975 201.78 200.585 199.39 198.195 197 195.805 194.61 193.415 192.22 191.025 189.83 188.635 187.44 186.245
216.41 217.605 218.8 219.995 219.38 218.185 216.99 215.795 214.6 213.405 212.21 211.015 209.82 208.625 208.625 208.625 209.82 211.015 211.015 212.21 213.405 214.6 215.795 216.99 215.795 214.6 213.405 212.21 211.015 209.82 209.82 209.82 208.625 208.625 208.625 209.82 211.015 209.82 209.82 208.625 208.625 208.625 209.82 209.82 208.625 207.43 207.43 207.43 208.625 209.82 211.015 211.715 210.52 209.325 209.325 208.13 208.13 208.13 209.325 210.52 209.65 209.65 208.455 207.26 206.065 204.87 203.675 202.48 201.285 200.09 198.895 197.7 196.505 195.31 194.115 192.92 191.725 190.53 189.335 188.14 186.945 185.75 184.555 183.36
213.525 214.72 215.915 217.11 216.495 215.3 214.105 212.91 211.715 210.52 209.325 208.13 206.935 205.74 205.74 205.74 206.935 208.13 208.13 209.325 210.52 211.715 212.91 214.105 212.91 211.715 210.52 209.325 208.13 206.935 206.935 206.935 205.74 205.74 205.74 206.935 208.13 208.13 206.935 205.74 205.74 205.74 206.935 206.935 205.74 204.545 204.545 204.545 205.74 206.935 208.13 208.83 207.635 206.44 205.245 205.245 205.245 205.245 206.44 207.635 206.765 206.765 205.57 204.375 203.18 201.985 200.79 199.595 198.4 197.205 196.01 194.815 193.62 192.425 191.23 190.035 188.84 187.645 186.45 185.255 184.06 182.865 181.67 180.475
210.64 211.835 213.03 214.225 213.61 212.415 211.22 210.025 208.83 207.635 206.44 205.245 204.05 202.855 202.855 202.855 204.05 205.245 205.245 206.44 207.635 208.83 210.025 211.22 210.025 208.83 207.635 206.44 205.245 204.05 204.05 204.05 202.855 202.855 202.855 204.05 205.245 204.05 204.05 202.855 202.855 202.855 204.05 204.05 202.855 201.66 201.66 201.66 202.855 204.05 205.245 205.945 204.75 203.555 202.36 202.36 202.36 202.36 203.555 204.75 203.88 203.88 202.685 201.49 200.295 199.1 197.905 196.71 195.515 194.32 193.125 191.93 190.735 189.54 188.345 187.15 185.955 184.76 183.565 182.37 181.175 179.98 178.785 177.59
207.755 208.95 210.145 211.34 210.725 209.53 208.335 207.14 205.945 204.75 203.555 202.36 201.165 199.97 199.97 199.97 201.165 202.36 202.36 203.555 204.75 205.945 207.14 208.335 207.14 205.945 204.75 203.555 202.36 201.165 201.165 201.165 199.97 199.97 199.97 201.165 202.36 202.36 201.165 199.97 199.97 199.97 201.165 201.165 199.97 198.775 198.775 198.775 199.97 201.165 202.36 203.06 201.865 200.67 200.67 199.475 199.475 199.475 200.67 201.865 200.995 200.995 199.8 198.605 197.41 196.215 195.02 193.825 192.63 191.435 190.24 189.045 187.85 186.655 185.46 184.265 183.07 181.875 180.68 179.485 178.29 177.095 175.9 174.705
204.87 206.065 207.26 208.455 207.84 206.645 205.45 204.255 203.06 201.865 200.67 199.475 198.28 197.085 197.085 197.085 198.28 199.475 199.475 200.67 201.865 203.06 204.255 205.45 204.255 203.06 201.865 200.67 199.475 198.28 198.28 198.28 197.085 197.085 197.085 198.28 199.475 199.475 198.28 197.085 197.085 197.085 198.28 198.28 197.085 195.89 195.89 195.89 197.085 198.28 199.475 200.175 198.98 197.785 197.785 196.59 196.59 196.59 197.785 198.98 198.11 198.11 196.915 195.72 194.525 193.33 192.135 190.94 189.745 188.55 187.355 186.16 184.965 183.77 182.575 181.38 180.185 178.99 177.795 176.6 175.405 174.21 173.015 171.82
201.985 203.18 204.375 205.57 204.955 203.76 202.565 201.37 200.175 198.98 197.785 196.59 195.395 194.2 194.2 194.2 195.395 196.59 196.59 197.785 198.98 200.175 201.37 202.565 201.37 200.175 198.98 197.785 196.59 195.395 195.395 195.395 194.2 194.2 194.2 195.395 196.59 195.395 195.395 194.2 194.2 194.2 195.395 195.395 194.2 193.005 193.005 193.005 194.2 195.395 196.59 197.29 196.095 194.9 194.9 193.705 193.705 193.705 194.9 196.095 195.225 195.225 194.03 192.835 191.64 190.445 189.25 188.055 186.86 185.665 184.47 183.275 182.08 180.885 179.69 178.495 177.3 176.105 174.91 173.715 172.52 171.325 170.13 168.935
199.1 200.295 201.49 202.685 202.07 200.875 199.68 198.485 197.29 196.095 194.9 193.705 192.51 191.315 191.315 191.315 192.51 193.705 193.705 194.9 196.095 197.29 198.485 199.68 198.485 197.29 196.095 194.9 193.705 192.51 192.51 192.51 191.315 191.315 191.315 192.51 193.705 193.705 192.51 191.315 191.315 191.315 192.51 192.51 191.315 190.12 190.12 190.12 191.315 192.51 193.705 194.405 193.21 192.015 190.82 190.82 190.82 190.82 192.015 193.21 192.34 192.34 191.145 189.95 188.755 187.56 186.365 185.17 183.975 182.78 181.585 180.39 179.195 178 176.805 175.61 174.415 173.22 172.025 170.83 169.635 168.44 167.245 166.05
196.215 197.41 198.605 199.8 199.185 197.99 196.795 195.6 194.405 193.21 192.015 190.82 189.625 188.43 188.43 188.43 189.625 190.82 190.82 192.015 193.21 194.405 195.6 196.795 195.6 194.405 193.21 192.015 190.82 189.625 189.625 189.625 188.43 188.43 188.43 189.625 190.82 190.82 189.625 188.43 188.43 188.43 189.625 189.625 188.43 187.235 187.235 187.235 188.43 189.625 190.82 191.52 190.325 189.13 187.935 187.935 187.935 187.935 189.13 190.325 189.455 189.455 188.26 187.065 185.87 184.675 183.48 182.285 181.09 179.895 178.7 177.505 176.31 175.115 173.92 172.725 171.53 170.335 169.14 167.945 166.75 165.555 164.36 163.165
193.33 194.525 195.72 196.915 196.3 195.105 193.91 192.715 191.52 190.325 189.13 187.935 186.74 185.545 185.545 185.545 186.74 187.935 187.935 189.13 190.325 191.52 192.715 193.91 192.715 191.52 190.325 189.13 187.935 186.74 186.74 186.74 185.545 185.545 185.545 186.74 187.935 187.935 186.74 185.545 185.545 185.545 186.74 186.74 185.545 184.35 184.35 184.35 185.545 186.74 187.935 188.635 187.44 186.245 186.245 185.05 185.05 185.05 186.245 187.44 186.57 186.57 185.375 184.18 182.985 181.79 180.595 179.4 178.205 177.01 175.815 174.62 173.425 172.23 171.035 169.84 168.645 167.45 166.255 165.06 163.865 162.67 161.475 160.28
190.445 191.64 192.835 194.03 193.415 192.22 191.025 189.83 188.635 187.44 186.245 185.05 183.855 182.66 182.66 182.66 183.855 185.05 185.05 186.245 187.44 188.635 189.83 191.025 189.83 188.635 187.44 186.245 185.05 183.855 183.855 183.855 182.66 182.66 182.66 183.855 185.05 185.05 183.855 182.66 182.66 182.66 183.855 183.855 182.66 181.465 181.465 181.465 182.66 183.855 185.05 185.75 184.555 183.36 182.165 182.165 182.165 182.165 183.36 184.555 183.685 183.685 182.49 181.295 180.1 178.905 177.71 176.515 175.32 174.125 172.93 171.735 170.54 169.345 168.15 166.955 165.76 164.565 163.37 162.175 160.98 159.785 158.59 157.395
187.56 188.755 189.95 191.145 190.53 189.335 188.14 186.945 185.75 184.555 183.36 182.165 180.97 179.775 179.775 179.775 180.97 182.165 182.165 183.36 184.555 185.75 186.945 188.14 186.945 185.75 184.555 183.36 182.165 180.97 180.97 180.97 179.775 179.775 179.775 180.97 182.165 180.97 180.97 179.775 179.775 179.775 180.97 180.97 179.775 178.58 178.58 178.58 179.775 180.97 182.165 182.865 181.67 180.475 179.28 179.28 179.28 179.28 180.475 181.67 180.8 180.8 179.605 178.41 177.215 176.02 174.825 173.63 172.435 171.24 170.045 168.85 167.655 166.46 165.265 164.07 162.875 161.68 160.485 159.29 158.095 156.9 155.705 154.51
184.675 185.87 187.065 188.26 187.645 186.45 185.255 184.06 182.865 181.67 180.475 179.28 178.085 176.89 176.89 176.89 178.085 179.28 179.28 180.475 181.67 182.865 184.06 185.255 184.06 182.865 181.67 180.475 179.28 178.085 178.085 178.085 176.89 176.89 176.89 178.085 179.28 179.28 178.085 176.89 176.89 176.89 178.085 178.085 176.89 175.695 175.695 175.695 176.89 178.085 179.28 179.98 178.785 177.59 177.59 176.395 176.395 176.395 177.59 178.785 177.915 177.915 176.72 175.525 174.33 173.135 171.94 170.745 169.55 168.355 167.16 165.965 164.77 163.575 162.38 161.185 159.99 158.795 157.6 156.405 155.21 154.015 152.82 151.625
181.79 182.985 184.18 185.375 184.76 183.565 182.37 181.175 179.98 178.785 177.59 176.395 175.2 174.005 174.005 174.005 175.2 176.395 176.395 177.59 178.785 179.98 181.175 182.37 181.175 179.98 178.785 177.59 176.395 175.2 175.2 175.2 174.005 174.005 174.005 175.2 176.395 176.395 175.2 174.005 174.005 174.005 175.2 175.2 174.005 172.81 172.81 172.81 174.005 175.2 176.395 177.095 175.9 174.705 174.705 173.51 173.51 173.51 174.705 175.9 175.03 175.03 173.835 172.64 171.445 170.25 169.055 167.86 166.665 165.47 164.275 163.08 161.885 160.69 159.495 158.3 157.105 155.91 154.715 153.52 152.325 151.13 149.935 148.74
178.905 180.1 181.295 182.49 181.875 180.68 179.485 178.29 177.095 175.9 174.705 173.51 172.315 171.12 171.12 171.12 172.315 173.51 173.51 174.705 175.9 177.095 178.29 179.485 178.29 177.095 175.9 174.705 173.51 172.315 172.315 172.315 171.12 171.12 171.12 172.315 173.51 173.51 172.315 171.12 171.12 171.12 172.315 172.315 171.12 169.925 169.925 169.925 171.12 172.315 173.51 174.21 173.015 171.82 171.82 170.625 170.625 170.625 171.82 173.015 172.145 172.145 170.95 169.755 168.56 167.365 166.17 164.975 163.78 162.585 161.39 160.195 159 157.805 156.61 155.415 154.22 153.025 151.83 150.635 149.44 148.245 147.05 145.855
176.02 177.215 178.41 179.605 178.99 177.795 176.6 175.405 174.21 173.015 171.82 170.625 169.43 168.235 168.235 168.235 169.43 170.625 170.625 171.82 173.015 174.21 175.405 176.6 175.405 174.21 173.015 171.82 170.625 169.43 169.43 169.43 168.235 168.235 168.235 169.43 170.625 170.625 169.43 168.235 168.235 168.235 169.43 169.43 168.235 167.04 167.04 167.04 168.235 169.43 170.625 171.325 170.13 168.935 167.74 167.74 167.74 167.74 168.935 170.13 169.26 169.26 168.065 166.87 165.675 164.48 163.285 162.09 160.895 159.7 158.505 157.31 156.115 154.92 153.725 152.53 151.335 150.14 148.945 147.75 146.555 145.36 144.165 142.97
173.135 174.33 175.525 176.72 176.105 174.91 173.715 172.52 171.325 170.13 168.935 167.74 166.545 165.35 165.35 165.35 166.545 167.74 167.74 168.935 170.13 171.325 172.52 173.715 172.52 171.325 170.13 168.935 167.74 166.545 166.545 166.545 165.35 165.35 165.35 166.545 167.74 167.74 166.545 165.35 165.35 165.35 166.545 166.545 165.35 164.155 164.155 164.155 165.35 166.545 167.74 168.44 167.245 166.05 166.05 164.855 164.855 164.855 166.05 167.245 166.375 166.375 165.18 163.985 162.79 161.595 160.4 159.205 158.01 156.815 155.62 154.425 153.23 152.035 150.84 149.645 148.45 147.255 146.06 144.865 143.67 142.475 141.28 140.085
170.25 171.445 172.64 173.835 173.22 172.025 170.83 169.635 168.44 167.245 166.05 164.855 163.66 162.465 162.465 162.465 163.66 164.855 164.855 166.05 167.245 168.44 169.635 170.83 169.635 168.44 167.245 166.05 164.855 163.66 163.66 163.66 162.465 162.465 162.465 163.66 164.855 164.855 163.66 162.465 162.465 162.465 163.66 163.66 162.465 161.27 161.27 161.27 162.465 163.66 164.855 165.555 164.36 163.165 161.97 161.97 161.97 161.97 163.165 164.36 163.49 163.49 162.295 161.1 159.905 158.71 157.515 156.32 155.125 153.93 152.735 151.54 150.345 149.15 147.955 146.76 145.565 144.37 143.175 141.98 140.785 139.59 138.395 137.2
167.365 168.56 169.755 170.95 170.335 169.14 167.945 166.75 165.555 164.36 163.165 161.97 160.775 159.58 159.58 159.58 160.775 161.97 161.97 163.165 164.36 165.555 166.75 167.945 166.75 165.555 164.36 163.165 161.97 160.775 160.775 160.775 159.58 159.58 159.58 160.775 161.97 161.97 160.775 159.58 159.58 159.58 160.775 160.775 159.58 158.385 158.385 158.385 159.58 160.775 161.97 162.67 161.475 160.28 160.28 159.085 159.085 159.085 160.28 161.475 160.605 160.605 159.41 158.215 157.02 155.825 154.63 153.435 152.24 151.045 149.85 148.655 147.46 146.265 145.07 143.875 142.68 141.485 140.29 139.095 137.9 136.705 135.51 134.315
164.48 165.675 166.87 168.065 167.45 166.255 165.06 163.865 162.67 161.475 160.28 159.085 157.89 156.695 156.695 156.695 157.89 159.085 159.085 160.28 161.475 162.67 163.865 165.06 163.865 162.67 161.475 160.28 159.085 157.89 157.89 157.89 156.695 156.695 156.695 157.89 159.085 157.89 157.89 156.695 156.695 156.695 157.89 157.89 156.695 155.5 155.5 155.5 156.695 157.89 159.085 159.785 158.59 157.395 156.2 156.2 156.2 156.2 157.395 158.59 157.72 157.72 156.525 155.33 154.135 152.94 151.745 150.55 149.355 148.16 146.965 145.77 144.575 143.38 142.185 140.99 139.795 138.6 137.405 136.21 135.015 133.82 132.625 131.43
161.595 162.79 163.985 165.18 164.565 163.37 162.175 160.98 159.785 158.59 157.395 156.2 155.005 153.81 153.81 153.81 155.005 156.2 156.2 157.395 158.59 159.785 160.98 162.175 160.98 159.785 158.59 157.395 156.2 155.005 155.005 155.005 153.81 153.81 153.81 155.005 156.2 155.005 155.005 153.81 153.81 153.81 155.005 155.005 153.81 152.615 152.615 152.615 153.81 155.005 156.2 156.9 155.705 154.51 153.315 153.315 153.315 153.315 154.51 155.705 154.835 154.835 153.64 152.445 151.25 150.055 148.86 147.665 146.47 145.275 144.08 142.885 141.69 140.495 139.3 138.105 136.91 135.715 134.52 133.325 132.13 130.935 129.74 128.545
158.71 159.905 161.1 162.875 161.68 160.485 159.29 158.095 156.9 155.705 154.51 153.315 152.12 150.925 150.925 150.925 152.12 153.315 153.315 154.51 155.705 156.9 158.095 159.29 158.095 156.9 155.705 154.51 153.315 152.12 152.12 152.12 150.925 150.925 150.925 152.12 153.315 153.315 152.12 150.925 150.925 150.925 152.12 152.12 150.925 149.73 149.73 149.73 150.925 152.12 153.315 154.015 152.82 151.625 150.43 150.43 150.43 150.43 151.625 152.82 151.95 151.95 150.755 149.56 148.365 147.17 145.975 144.78 143.585 142.39 141.195 140 138.805 137.61 136.415 135.22 134.025 132.83 131.635 130.44 129.245 128.05 126.855 125.66
155.825 157.02 159.905 159.99 158.795 157.6 156.405 155.21 154.015 152.82 151.625 150.43 149.235 148.04 148.04 148.04 149.235 150.43 150.43 151.625 152.82 154.015 155.21 156.405 155.21 154.015 152.82 151.625 150.43 149.235 149.235 149.235 148.04 148.04 148.04 149.235 150.43 150.43 149.235 148.04 148.04 148.04 149.235 149.235 148.04 146.845 146.845 146.845 148.04 149.235 150.43 151.13 149.935 148.74 147.545 147.545 147.545 147.545 148.74 149.935 149.065 149.065 147.87 146.675 145.48 144.285 143.09 141.895 140.7 139.505 138.31 137.115 135.92 134.725 133.53 132.335 131.14 129.945 128.75 127.555 126.36 125.165 123.97 122.775
152.94 155.825 158.3 157.105 155.91 154.715 153.52 152.325 151.13 149.935 148.74 147.545 146.35 145.155 145.155 145.155 146.35 147.545 147.545 148.74 149.935 151.13 152.325 153.52 152.325 151.13 149.935 148.74 147.545 146.35 146.35 146.35 145.155 145.155 145.155 146.35 147.545 146.35 146.35 145.155 145.155 145.155 146.35 146.35 145.155 143.96 143.96 143.96 145.155 146.35 147.545 148.245 147.05 145.855 145.855 144.66 144.66 144.66 145.855 147.05 146.18 146.18 144.985 143.79 142.595 141.4 140.205 139.01 137.815 136.62 135.425 134.23 133.035 131.84 130.645 129.45 128.255 127.06 125.865 124.67 123.475 122.28 121.085 119.89
151.745 154.425 155.415 154.22 153.025 151.83 150.635 149.44 148.245 147.05 145.855 144.66 143.465 142.27 142.27 142.27 143.465 144.66 144.66 145.855 147.05 148.245 149.44 150.635 149.44 148.245 147.05 145.855 144.66 143.465 143.465 143.465 142.27 142.27 142.27 143.465 144.66 143.465 143.465 142.27 142.27 142.27 143.465 143.465 142.27 141.075 141.075 141.075 142.27 143.465 144.66 145.36 144.165 142.97 141.775 141.775 141.775 141.775 142.97 144.165 143.295 143.295 142.1 140.905 139.71 138.515 137.32 136.125 134.93 133.735 132.54 131.345 130.15 128.955 127.76 126.565 125.37 124.175 122.98 121.785 120.59 119.395 118.2 117.005
150.345 151.54 152.53 151.335 150.14 148.945 147.75 146.555 145.36 144.165 142.97 141.775 140.58 139.385 139.385 139.385 140.58 141.775 141.775 142.97 144.165 145.36 146.555 147.75 146.555 145.36 144.165 142.97 141.775 140.58 140.58 140.58 139.385 139.385 139.385 140.58 141.775 140.58 140.58 139.385 139.385 139.385 140.58 140.58 139.385 138.19 138.19 138.19 139.385 140.58 141.775 142.475 141.28 140.085 138.89 138.89 138.89 138.89 140.085 141.28 140.41 140.41 139.215 138.02 136.825 135.63 134.435 133.24 132.045 130.85 129.655 128.46 127.265 126.07 124.875 123.68 122.485 121.29 120.095 118.9 117.705 116.51 115.315 114.12
147.46 148.655 149.645 148.45 147.255 146.06 144.865 143.67 142.475 141.28 140.085 138.89 137.695 136.5 136.5 136.5 137.695 138.89 138.89 140.085 141.28 142.475 143.67 144.865 143.67 142.475 141.28 140.085 138.89 137.695 137.695 137.695 136.5 136.5 136.5 137.695 138.89 138.89 137.695 136.5 136.5 136.5 137.695 137.695 136.5 135.305 135.305 135.305 136.5 137.695 138.89 139.59 138.395 137.2 136.005 136.005 136.005 136.005 137.2 138.395 137.525 137.525 136.33 135.135 133.94 132.745 131.55 130.355 129.16 127.965 126.77 125.575 124.38 123.185 121.99 120.795 119.6 118.405 117.21 116.015 114.82 113.625 112.43 111.235
144.575 147.46 146.76 145.565 144.37 143.175 141.98 140.785 139.59 138.395 137.2 136.005 134.81 133.615 133.615 133.615 134.81 136.005 136.005 137.2 138.395 139.59 140.785 141.98 140.785 139.59 138.395 137.2 136.005 134.81 134.81 134.81 133.615 133.615 133.615 134.81 136.005 136.005 134.81 133.615 133.615 133.615 134.81 134.81 133.615 132.42 132.42 132.42 133.615 134.81 136.005 136.705 135.51 134.315 133.12 133.12 133.12 133.12 134.315 135.51 134.64 134.64 133.445 132.25 131.055 129.86 128.665 127.47 126.275 125.08 123.885 122.69 121.495 120.3 119.105 117.91 116.715 115.52 114.325 113.13 111.935 110.74 109.545 108.35
143.38 144.78 143.875 142.68 141.485 140.29 139.095 137.9 136.705 135.51 134.315 133.12 131.925 130.73 130.73 130.73 131.925 133.12 133.12 134.315 135.51 136.705 137.9 139.095 137.9 136.705 135.51 134.315 133.12 131.925 131.925 131.925 130.73 130.73 130.73 131.925 133.12 131.925 131.925 130.73 130.73 130.73 131.925 131.925 130.73 129.535 129.535 129.535 130.73 131.925 133.12 133.82 132.625 131.43 131.43 130.235 130.235 130.235 131.43 132.625 132.625 132.625 130.56 129.365 128.17 126.975 125.78 124.585 123.39 122.195 121 119.805 118.61 117.415 116.22 115.025 113.83 112.635 111.44 110.245 109.05 107.855 106.66 105.465
140.7 141.895 140.99 139.795 138.6 137.405 136.21 135.015 133.82 132.625 131.43 130.235 129.04 127.845 127.845 127.845 129.04 130.235 130.235 131.43 132.625 133.82 135.015 136.21 135.015 133.82 132.625 131.43 130.235 129.04 129.04 129.04 127.845 127.845 127.845 129.04 130.235 129.04 129.04 127.845 127.845 127.845 129.04 129.04 127.845 126.65 126.65 126.65 127.845 129.04 130.235 130.935 129.74 128.545 128.545 127.35 127.35 127.35 128.545 129.74 129.74 129.74 129.365 126.48 125.285 124.09 122.895 121.7 120.505 119.31 118.115 116.92 115.725 114.53 113.335 112.14 110.945 109.75 108.555 107.36 106.165 104.97 103.775 102.58
137.815 139.01 138.105 136.91 135.715 134.52 133.325 132.13 130.935 129.74 128.545 127.35 126.155 124.96 124.96 124.96 126.155 127.35 127.35 128.545 129.74 130.935 132.13 133.325 132.13 130.935 129.74 128.545 127.35 126.155 126.155 126.155 124.96 124.96 124.96 126.155 127.35 126.155 126.155 124.96 124.96 124.96 126.155 126.155 124.96 123.765 123.765 123.765 124.96 126.155 127.35 128.05 126.855 125.66 124.465 124.465 124.465 124.465 125.66 126.855 126.855 126.855 126.48 125.285 122.4 121.205 120.01 118.815 117.62 116.425 115.23 114.035 112.84 111.645 110.45 109.255 108.06 106.865 105.67 104.475 103.28 102.085 100.89 99.6951
134.93 136.125 135.22 134.025 132.83 131.635 130.44 129.245 128.05 126.855 125.66 124.465 123.27 122.075 122.075 122.075 123.27 124.465 124.465 125.66 126.855 128.05 129.245 130.44 129.245 128.05 126.855 125.66 124.465 123.27 123.27 123.27 122.075 122.075 122.075 123.27 124.465 124.465 123.27 122.075 122.075 122.075 123.27 123.27 122.075 120.88 120.88 120.88 122.075 123.27 124.465 125.165 123.97 122.775 121.58 121.58 121.58 121.58 122.775 123.97 123.97 123.97 125.165 122.4 121.205 118.32 117.125 115.93 114.735 113.54 112.345 111.15 109.955 108.76 107.565 106.37 105.175 103.98 102.785 101.59 100.395 99.2001 98.0051 96.8101
132.045 133.24 132.335 131.14 129.945 128.75 127.555 126.36 125.165 123.97 122.775 121.58 120.385 119.19 119.19 119.19 120.385 121.58 121.58 122.775 123.97 125.165 126.36 127.555 126.36 125.165 123.97 122.775 121.58 120.385 120.385 120.385 119.19 119.19 119.19 120.385 121.58 121.58 120.385 119.19 119.19 119.19 120.385 120.385 119.19 117.995 117.995 117.995 119.19 120.385 121.58 122.28 121.085 119.89 118.695 118.695 118.695 118.695 119.89 121.085 121.085 121.085 122.28 121.085 118.32 117.125 114.24 113.045 111.85 110.655 109.46 108.265 107.07 105.875 104.68 103.485 102.29 101.095 99.9001 98.7051 97.5101 96.3151 95.1201 93.9251
