tests/full-run-ref/erosion_2010_78_22_-42.864.asc
ncols 512
nrows 512
xllcorner -3.24582
yllcorner -4.08743
cellsize 5
NODATA_value -99999
[rows 72 to 107 of 512, columns 0 to 81 of 512]
352.771 353.727 353.714 353.714 353.714 353.714 224.858 219.088 216.698 219.088 353.714 353.714 353.714 353.714 353.772 353.82 199.967 194.198 191.808 189.418 191.808 194.197 191.807 194.196 196.166 198.548 200.931 203.321 205.71 207.607 209.968 212.34 214.73 217.119 219.509 221.899 224.288 226.677 229.067 231.456 233.846 236.236 238.625 241.015 243.403 245.792 248.179 250.565 252.95 255.332 257.711 260.086 262.457 264.827 267.2 269.578 271.96 274.346 276.737 279.134 281.534 283.934 286.336 288.738 291.141 293.546 296.294 295.527 293.122 290.717 288.318 288.332 288.357 287.585 281.644 275.862 270.081 264.292 258.484 252.717 250.375 248.001
352.776 353.732 353.714 353.714 210.928 208.538 206.148 208.538 210.928 216.698 353.714 353.714 353.714 353.712 353.771 200.377 197.988 188.428 186.038 183.648 186.038 188.427 186.036 188.426 190.396 192.778 195.161 197.551 199.94 201.836 204.197 206.57 208.96 211.349 213.739 216.128 218.518 220.907 223.297 225.686 228.076 230.465 232.855 235.244 237.632 240.02 242.407 244.792 247.174 249.553 251.928 254.298 256.666 259.04 261.418 263.798 266.182 268.57 270.964 273.361 275.76 278.161 280.562 282.964 285.367 288.114 290.521 289.754 287.348 284.941 282.537 282.549 282.568 284.987 279.406 273.474 267.693 261.912 256.123 250.312 244.545 242.209
352.782 353.738 353.714 353.714 208.538 202.768 200.378 202.768 208.538 219.088 187.438 185.048 182.656 185.046 192.217 189.827 192.218 182.658 180.268 177.878 180.268 182.657 180.266 182.656 184.626 187.008 189.391 191.781 194.17 196.066 198.427 200.8 203.189 205.579 207.969 210.358 212.747 215.137 217.526 219.916 222.305 224.695 227.084 229.473 231.861 234.248 236.633 239.016 241.395 243.769 246.138 248.505 250.878 253.255 255.636 258.018 260.404 262.794 265.188 267.586 269.985 272.386 274.787 277.188 279.935 282.34 284.748 283.981 281.573 279.163 276.756 276.765 276.778 279.207 277.026 271.232 265.304 259.525 253.746 247.957 242.143 236.374
352.786 353.743 353.714 353.714 210.928 200.378 194.608 188.838 186.448 184.058 181.668 179.278 176.888 179.278 181.668 184.058 186.448 176.888 174.498 172.108 174.498 176.887 174.496 176.886 178.856 181.238 183.621 186.011 188.4 190.296 192.657 195.03 197.419 199.809 202.198 204.588 206.977 209.367 211.756 214.146 216.535 218.924 221.313 223.701 226.089 228.474 230.857 233.236 235.61 237.978 240.343 242.713 245.092 247.473 249.855 252.239 254.627 257.018 259.411 261.808 264.208 266.608 269.008 271.755 274.159 276.565 278.974 278.206 275.797 273.385 270.973 270.98 270.992 273.421 274.652 268.849 263.063 257.143 251.368 245.581 239.788 233.972
352.79 353.747 353.714 353.714 203.758 197.988 192.218 186.448 180.678 178.288 175.898 173.508 171.118 173.508 175.898 178.288 171.119 168.729 168.728 166.338 168.727 166.336 168.726 171.116 173.086 175.468 177.851 180.24 182.63 184.526 186.887 189.259 191.649 194.038 196.428 198.817 201.207 203.596 205.986 208.375 210.764 213.153 215.542 217.929 220.315 222.698 225.077 227.451 229.819 232.183 234.549 236.924 239.308 241.691 244.074 246.46 248.848 251.238 253.631 256.029 258.428 260.828 263.574 265.977 268.381 270.789 273.2 272.432 270.021 267.605 265.189 265.195 265.205 267.632 270.062 266.481 260.681 254.905 249.125 243.354 237.568 231.772
352.794 353.751 353.714 353.714 201.368 195.598 189.828 184.058 178.288 172.518 170.128 167.738 165.348 167.738 170.128 162.959 160.569 158.179 160.568 160.568 158.177 160.566 162.956 165.346 167.316 169.698 172.081 174.47 176.86 178.756 181.117 183.489 185.879 188.268 190.658 193.047 195.436 197.826 200.215 202.605 204.994 207.382 209.77 212.156 214.539 216.919 219.292 221.66 224.023 226.386 228.757 231.138 233.525 235.909 238.294 240.68 243.066 245.455 247.851 250.248 252.647 255.394 257.796 260.199 262.605 265.014 267.427 266.658 264.245 261.825 259.404 259.409 259.419 261.848 264.285 264.107 258.314 252.524 246.747 240.969 235.189 229.404
352.797 353.755 353.714 353.713 203.758 197.988 192.218 186.448 180.678 170.128 164.358 161.968 159.578 161.968 154.799 152.409 150.019 150.019 150.019 150.017 152.407 154.796 157.186 159.576 161.546 163.928 166.311 168.7 171.089 172.986 175.346 177.719 180.108 182.498 184.887 187.277 189.666 192.055 194.445 196.834 199.222 201.61 203.996 206.38 208.76 211.134 213.502 215.864 218.225 220.591 222.968 225.355 227.742 230.128 232.513 234.897 237.281 239.672 242.068 244.465 247.213 249.615 252.017 254.421 256.829 259.24 261.654 260.885 258.469 256.045 253.618 253.622 253.632 256.067 258.503 260.927 255.938 250.15 244.365 238.585 232.806 227.026
352.799 353.757 353.715 353.714 353.714 353.714 353.714 165.759 163.369 160.978 158.588 156.198 153.808 151.419 149.029 146.639 144.249 144.249 144.248 144.247 146.637 149.026 151.416 153.806 155.776 158.158 160.541 162.93 165.319 167.215 169.576 171.949 174.338 176.727 179.117 181.506 183.896 186.285 188.674 191.063 193.451 195.837 198.221 200.601 202.976 205.345 207.707 210.066 212.428 214.799 217.183 219.572 221.96 224.346 226.729 229.11 231.494 233.887 236.284 239.032 241.434 243.835 246.238 248.645 251.054 253.467 255.883 255.113 252.695 250.265 247.832 247.835 247.847 250.288 252.725 255.154 253.564 247.774 241.989 236.206 230.424 224.644
352.798 353.758 353.716 353.714 353.714 353.714 353.714 163.369 157.599 155.209 152.818 150.428 148.038 145.649 143.259 140.869 138.479 138.479 138.478 138.477 140.867 143.256 145.646 148.036 150.006 152.388 154.771 157.16 159.549 161.445 163.806 166.178 168.568 170.957 173.347 175.736 178.125 180.514 182.903 185.291 187.678 190.062 192.442 194.818 197.188 199.55 201.908 204.267 206.633 209.011 211.4 213.79 216.178 218.561 220.941 223.32 225.707 228.101 230.851 233.252 235.654 238.056 240.461 242.869 245.28 247.695 250.111 249.341 246.92 244.486 242.047 242.048 242.061 244.509 246.951 249.376 251.182 245.398 239.614 233.829 228.046 222.264
352.797 353.757 353.716 353.714 353.714 353.714 353.714 165.759 155.209 149.439 147.049 144.658 142.268 139.878 137.489 135.099 132.709 132.709 132.708 132.707 135.097 137.486 139.876 142.266 144.236 146.618 149.001 151.39 153.779 155.675 158.036 160.408 162.797 165.187 167.576 169.965 172.355 174.743 177.132 179.518 181.903 184.284 186.66 189.031 191.394 193.752 196.108 198.47 200.842 203.226 205.618 208.008 210.394 212.773 215.149 217.53 219.919 222.668 225.071 227.472 229.874 232.278 234.684 237.094 239.506 241.924 244.344 243.57 241.145 238.706 236.261 236.261 236.276 238.731 241.176 243.599 246.016 243.02 237.236 231.453 225.669 219.886
352.795 353.756 353.717 191.229 185.459 179.689 164.359 158.589 152.819 147.049 141.279 138.888 136.498 134.108 131.719 129.329 126.939 126.939 126.938 126.937 129.327 131.716 134.106 136.496 138.466 140.848 143.23 145.62 148.009 149.905 152.265 154.638 157.027 159.416 161.806 164.195 166.584 168.972 171.359 173.744 176.125 178.503 180.874 183.238 185.596 187.952 190.31 192.676 195.054 197.444 199.836 202.225 204.606 206.981 209.356 211.739 214.486 216.887 219.289 221.692 224.095 226.5 228.908 231.318 233.733 236.152 240.213 237.793 235.369 232.926 230.475 230.475 230.491 232.952 235.401 237.825 240.242 240.637 234.856 229.074 223.291 217.508
352.794 353.756 353.717 188.839 183.069 177.299 161.969 156.199 150.429 144.659 138.889 133.119 130.728 128.338 125.949 123.559 121.169 121.169 121.168 121.167 123.556 125.946 128.336 130.726 132.695 135.077 137.46 139.849 142.238 144.134 146.495 148.867 151.257 153.646 156.035 158.424 160.812 163.199 165.585 167.967 170.345 172.717 175.083 177.441 179.796 182.152 184.513 186.885 189.27 191.661 194.053 196.438 198.813 201.185 203.562 206.305 208.703 211.105 213.509 215.913 218.317 220.723 223.131 225.542 227.958 232.038 234.439 232.02 229.594 227.146 224.689 224.688 224.706 227.172 229.627 232.052 234.466 236.873 232.474 226.693 220.912 215.129
352.793 353.755 353.717 186.449 180.679 174.909 164.359 158.589 152.819 142.269 136.499 127.349 124.959 122.568 120.179 117.789 115.399 115.399 115.398 115.397 117.786 120.176 122.566 124.956 126.925 129.307 131.69 134.079 136.468 138.364 140.725 143.097 145.486 147.875 150.264 152.653 155.04 157.426 159.808 162.187 164.561 166.928 169.287 171.642 173.996 176.353 178.72 181.098 183.486 185.879 188.267 190.646 193.017 195.389 198.126 200.521 202.92 205.324 207.729 210.134 212.539 214.944 217.352 219.765 223.85 226.268 228.667 226.248 223.82 221.366 218.903 218.902 218.921 221.394 223.852 226.28 228.693 231.1 230.088 224.309 218.529 212.748
352.791 353.754 353.717 188.839 183.069 177.299 171.529 165.759 155.209 144.659 138.889 121.579 119.189 116.799 114.409 112.019 109.629 109.628 109.628 109.627 112.016 114.406 116.796 119.185 121.155 123.537 125.92 128.309 130.698 132.594 134.954 137.326 139.716 142.105 144.493 146.881 149.267 151.65 154.029 156.404 158.772 161.133 163.489 165.841 168.196 170.558 172.93 175.313 177.703 180.094 182.476 184.849 187.218 189.952 192.341 194.737 197.139 199.544 201.949 204.355 206.758 209.163 211.572 215.663 218.081 220.496 222.896 220.477 218.046 215.587 213.118 213.116 213.136 215.615 218.078 220.507 222.92 225.326 227.711 221.934 216.155 210.376
352.791 353.754 353.718 353.714 353.714 174.909 169.139 163.369 152.819 147.049 141.279 115.809 113.419 111.029 108.639 106.249 103.859 103.858 103.858 103.857 106.246 108.636 111.026 113.415 115.385 117.767 120.15 122.539 124.928 126.823 129.184 131.556 133.945 136.333 138.721 141.107 143.491 145.872 148.247 150.617 152.979 155.336 157.688 160.041 162.399 164.765 167.142 169.528 171.919 174.304 176.68 179.05 181.78 184.164 186.555 188.954 191.358 193.764 196.169 198.57 200.974 203.393 207.483 209.893 212.307 214.724 217.125 214.705 212.271 209.807 207.332 207.33 207.352 209.836 212.304 214.735 217.148 219.552 221.953 219.572 213.793 208.015
139.701 137.311 139.701 353.714 353.714 177.299 166.749 160.979 155.209 149.439 112.429 110.039 107.649 105.259 102.869 100.479 98.0887 98.0882 98.0874 98.0864 100.476 102.866 105.255 107.645 109.615 111.997 114.379 116.768 119.157 121.053 123.413 125.785 128.174 130.562 132.948 135.333 137.714 140.09 142.461 144.825 147.183 149.536 151.888 154.242 156.603 158.974 161.355 163.743 166.13 168.509 170.881 173.61 175.99 178.376 180.771 183.172 185.577 187.982 190.38 192.774 195.185 201.087 201.713 204.118 206.535 208.953 211.355 208.933 206.498 204.028 201.547 201.544 201.567 204.057 206.529 208.963 211.376 213.78 216.18 217.191 211.413 205.634
133.936 131.541 129.151 131.541 353.714 174.908 169.139 163.369 157.599 163.369 106.659 104.269 101.879 99.4891 97.0993 94.709 92.3186 92.3181 92.3173 92.3162 94.7059 97.0955 99.4853 101.875 103.845 106.226 108.609 110.998 113.387 115.283 117.643 120.014 122.402 124.789 127.174 129.555 131.933 134.305 136.671 139.03 141.384 143.735 146.088 148.445 150.81 153.186 155.569 157.955 160.336 162.711 165.441 167.819 170.201 172.591 174.988 177.39 179.794 182.188 184.573 186.976 192.897 195.391 195.933 198.341 200.764 203.182 205.584 203.162 200.724 198.25 195.763 195.758 195.783 198.278 200.755 203.19 205.605 208.008 210.406 212.805 209.038 203.259
128.166 125.776 123.381 120.991 123.38 177.299 171.529 165.758 169.528 103.278 100.889 98.4991 96.109 93.7194 91.3293 88.939 86.5485 86.548 86.5472 86.5461 88.9358 91.3254 93.7152 96.1049 98.0746 100.456 102.839 105.228 107.616 109.512 111.872 114.243 116.63 119.015 121.397 123.776 126.149 128.517 130.877 133.232 135.584 137.935 140.289 142.649 145.019 147.397 149.78 152.162 154.539 157.272 159.65 162.028 164.413 166.806 169.205 171.606 173.995 176.371 178.765 184.707 187.228 190.203 190.156 192.566 194.992 197.411 199.813 197.39 194.95 192.471 189.978 189.973 189.998 192.499 194.981 197.418 199.833 202.236 204.634 207.033 206.656 200.876
125.776 120.006 117.616 115.221 109.45 107.059 104.669 102.284 99.8969 97.5085 95.1191 92.7291 90.3393 87.9494 85.5592 83.1689 80.7784 80.7779 80.777 80.7759 83.1657 85.5552 87.945 90.3347 92.3043 94.6859 97.0685 99.4572 101.846 103.741 106.1 108.47 110.856 113.239 115.618 117.993 120.362 122.724 125.081 127.433 129.783 132.135 134.491 136.856 139.229 141.608 143.988 146.366 149.101 151.48 153.857 156.239 158.627 161.021 163.418 165.801 168.166 170.551 176.511 179.032 184.889 184.427 184.375 186.791 189.219 191.641 194.043 191.619 189.176 186.692 184.194 184.188 184.214 186.721 189.207 191.646 194.061 196.464 198.862 201.261 203.655 198.49
123.39 117.616 111.846 106.076 103.686 101.291 98.9009 96.5153 94.1275 91.7387 89.3493 86.9591 84.5694 82.1794 79.7892 77.3989 75.0083 75.0078 75.0069 75.0058 77.3956 79.7851 82.1749 84.5645 86.5341 88.9156 91.2981 93.6867 96.075 97.9698 100.328 102.697 105.081 107.461 109.837 112.207 114.571 116.929 119.282 121.632 123.982 126.336 128.696 131.063 133.437 135.814 138.192 140.93 143.31 145.687 148.066 150.45 152.84 155.231 157.607 159.96 162.335 168.312 170.832 176.703 181.112 178.628 178.59 181.015 183.447 185.87 188.273 185.848 183.403 180.914 178.411 178.403 178.431 180.943 183.433 185.874 188.289 190.692 193.091 195.489 197.885 196.106
121 115.23 109.456 103.686 97.9157 95.5255 93.1307 90.7452 88.3574 85.9686 83.5793 81.1894 78.7994 76.4094 74.0192 71.6288 69.2382 69.2376 69.2368 69.2356 71.6254 74.0149 76.4047 78.7943 80.7637 83.1452 85.5276 87.916 90.3039 92.1979 94.5552 96.922 99.303 101.68 104.052 106.418 108.777 111.132 113.482 115.831 118.182 120.538 122.901 125.269 127.642 130.018 132.757 135.139 137.517 139.895 142.276 144.661 147.047 149.414 151.753 154.116 160.112 162.63 168.511 174.361 175.326 172.836 172.805 175.239 177.676 180.1 182.503 180.077 177.63 175.137 172.627 172.619 172.647 175.164 177.659 180.102 182.518 184.921 187.32 189.718 192.111 198.504
118.61 112.84 107.07 101.296 95.5257 89.7555 87.3672 84.9791 82.5892 80.1993 77.8094 75.4194 73.0294 70.6394 68.2492 65.8587 63.4681 63.4675 63.4666 63.4655 65.8552 68.2448 70.6344 73.024 74.9934 77.3747 79.7569 82.1449 84.5323 86.425 88.7806 91.1451 93.5231 95.8963 98.2639 100.625 102.981 105.332 107.681 110.03 112.383 114.741 117.105 119.473 121.846 124.584 126.967 129.346 131.725 134.103 136.485 138.865 141.222 143.545 145.896 151.91 154.425 160.321 166.18 171.24 169.535 167.048 167.021 169.462 171.904 174.33 176.734 174.307 171.857 169.359 166.844 166.835 166.864 169.386 171.885 174.329 176.746 179.15 181.55 183.946 186.334 200.888
116.22 110.45 104.68 98.9096 93.1395 87.3693 81.599 79.209 76.819 74.4292 72.0393 69.6494 67.2594 64.8693 62.4791 60.0887 57.698 57.6974 57.6965 57.6953 60.0851 62.4745 64.8642 67.2537 69.2229 71.6041 73.986 76.3734 78.7598 80.6509 83.0044 85.3661 87.7406 90.1097 92.4729 94.8301 97.1822 99.5312 101.879 104.23 106.584 108.943 111.306 113.675 116.412 118.795 121.175 123.554 125.932 128.31 130.685 133.031 135.337 137.674 143.706 146.218 152.13 158.002 163.074 166.214 163.743 161.261 161.238 163.686 166.134 168.561 170.965 168.538 166.085 163.582 161.062 161.051 161.081 163.608 166.111 168.557 170.975 173.38 175.779 178.176 180.562 192.517
113.83 108.06 102.29 96.5196 90.7495 84.9794 79.2092 73.4388 71.0489 68.659 66.2692 63.8793 61.4894 59.0993 56.7091 54.3186 51.9278 51.9272 51.9263 51.9251 54.3148 56.7043 59.0939 61.4833 63.4523 65.8332 68.2145 70.6011 72.9862 74.8753 77.2261 79.5845 81.9552 84.3201 86.679 89.0324 91.3818 93.7295 96.078 98.4294 100.784 103.142 105.507 108.241 110.623 113.003 115.383 117.761 120.137 122.506 124.841 127.13 129.45 135.501 138.009 143.938 149.825 154.902 160.699 160.429 157.958 155.474 155.454 157.911 160.363 162.793 165.196 162.768 160.313 157.806 155.28 155.268 155.298 157.829 160.337 162.785 165.204 167.609 170.009 172.406 174.797 177.183
111.44 105.67 99.8996 94.1296 88.3596 82.5895 76.8194 71.0491 65.2787 62.8888 60.499 58.1092 55.7193 53.3293 50.9391 48.5485 46.1577 46.1571 46.1561 46.1548 48.5446 50.934 53.3235 55.7127 57.6815 60.0619 62.4425 64.8279 67.2113 69.0978 71.4455 73.8003 76.1669 78.5275 80.8824 83.2326 85.5801 87.9273 90.2761 92.6271 94.9808 97.3406 100.072 102.452 104.832 107.212 109.59 111.965 114.329 116.653 118.923 121.227 127.294 129.797 135.743 141.646 146.731 152.53 154.921 154.649 152.175 149.688 149.671 152.135 154.593 157.024 159.427 156.999 154.542 152.029 149.498 149.485 149.515 152.051 154.563 157.013 159.434 161.839 164.239 166.637 169.03 171.42
109.05 103.28 97.5096 91.7396 85.9696 80.1995 74.4294 68.6593 62.889 57.1186 54.7287 52.339 49.9492 47.5592 45.169 42.7784 40.3876 40.3869 40.3859 40.3846 42.7743 45.1637 47.553 49.942 51.9103 54.29 56.6695 59.0534 61.4347 63.3181 65.6623 68.0132 70.3756 72.7321 75.0834 77.4311 79.7774 82.1242 84.4721 86.8218 89.1772 91.9053 94.2824 96.6606 99.0404 101.419 103.793 106.154 108.467 110.716 113.002 119.086 121.584 127.547 133.467 138.56 144.362 146.752 151.301 148.867 146.393 143.902 143.888 146.36 148.823 151.256 153.658 151.229 148.77 146.253 143.717 143.703 143.733 146.274 148.789 151.242 153.663 156.07 158.47 160.866 163.26 165.651
106.66 100.89 95.1196 89.3496 83.5796 77.8095 72.0395 66.2694 60.4992 54.7289 48.9585 46.5687 44.179 41.7891 39.399 37.0084 34.6175 34.6168 34.6157 34.6143 37.004 39.3932 41.7823 44.171 46.1386 48.5173 50.8954 53.2773 55.6562 57.536 59.8765 62.2232 64.5814 66.934 69.2823 71.6281 73.9734 76.3186 78.6648 81.0161 83.7405 86.1144 88.4904 90.8693 93.2474 95.6207 97.978 100.28 102.51 104.778 110.878 113.368 119.35 125.286 130.387 136.192 138.578 144.376 145.529 143.086 140.611 138.117 138.105 140.584 143.053 145.487 147.889 145.46 142.999 140.478 137.937 137.921 137.951 140.496 143.015 145.47 147.893 150.3 152.7 155.096 157.49 159.881
104.27 98.4996 92.7296 86.9596 81.1896 75.4195 69.6495 63.8794 58.1093 52.3391 46.5688 40.7984 38.4086 36.0189 33.6289 31.2383 28.8473 28.8466 28.8455 28.8439 31.2335 33.6226 36.0114 38.3995 40.3662 42.7435 45.1199 47.4995 49.8756 51.7513 54.0877 56.4302 58.7842 61.1334 63.4792 65.8233 68.1663 70.5094 72.8571 75.5779 77.9483 80.3217 82.6989 85.0762 87.4486 89.8027 92.0946 94.3043 96.5538 102.668 105.151 111.15 117.105 122.215 128.023 130.403 136.2 141.997 139.748 137.31 134.831 132.333 132.323 134.809 137.282 139.718 142.12 139.69 137.227 134.702 132.156 132.139 132.169 134.718 137.241 139.698 142.122 144.53 146.93 149.326 151.719 154.111
101.88 96.1096 90.3396 84.5695 78.7995 73.0295 67.2595 61.4894 55.7194 49.9493 44.1791 38.4087 32.6382 30.2485 27.8587 25.4681 23.0772 23.0764 23.0752 23.0735 25.4629 27.8516 30.24 32.6276 34.5932 36.9685 39.3427 41.7197 44.0925 45.9638 48.2958 50.6341 52.9842 55.3303 57.6737 60.0148 62.3554 64.7006 67.4178 69.7842 72.1545 74.5296 76.9055 79.2767 81.6274 83.9091 86.099 88.3297 94.4583 96.9318 102.95 108.922 114.041 119.853 122.229 128.028 133.831 136.394 133.972 131.533 129.051 126.549 126.541 129.033 131.511 133.949 136.351 133.92 131.455 128.926 126.376 126.357 126.388 128.941 131.467 133.927 136.352 138.76 141.16 143.556 145.949 148.34
99.4896 93.7196 87.9496 82.1795 76.4095 70.6395 64.8695 59.0994 53.3294 47.5593 41.7892 36.019 30.2486 24.4781 22.0883 19.698 17.307 17.3062 17.3049 17.303 19.692 22.0802 24.468 27.8439 28.8188 31.1919 33.5636 35.9375 38.3067 40.1731 42.5005 44.8347 47.1813 49.5242 51.8637 54.202 56.5453 59.3196 61.6226 63.989 66.3615 68.7356 71.105 73.4521 75.7235 77.8938 80.1056 86.248 88.7117 94.7485 100.739 105.868 111.683 114.055 119.856 125.66 131.453 130.619 128.199 125.758 123.272 120.766 120.76 123.257 125.74 128.18 130.582 128.15 125.683 123.151 120.596 120.576 120.607 123.164 125.694 128.155 130.582 132.991 135.391 137.786 140.179 142.57
97.0995 91.3295 85.5595 79.7895 74.0195 68.2495 62.4795 56.7094 50.9394 45.1694 39.3993 33.6292 27.8589 22.0885 16.3179 13.9277 11.5367 11.536 11.5345 11.5321 13.9206 16.3083 19.6856 22.0701 23.0424 25.4133 27.7819 30.1526 32.5207 34.3821 36.7017 39.0318 41.3745 43.7119 46.0486 48.3942 51.2876 53.5224 55.8251 58.1947 60.5666 62.9338 65.277 67.5379 69.6885 71.8815 78.0372 80.4905 86.5459 92.5555 97.6935 103.513 105.881 111.685 117.492 123.287 127.253 124.844 122.425 119.984 117.494 114.984 114.979 117.482 119.969 122.41 124.812 122.38 119.911 117.375 114.817 114.795 114.826 117.387 119.92 122.384 124.811 127.221 129.621 132.016 134.408 136.8
94.7095 88.9395 83.1695 77.3995 71.6295 65.8595 60.0894 54.3194 48.5493 42.7793 37.0092 31.2392 25.469 19.6988 13.9283 8.15765 5.76814 5.76814 5.76742 5.76512 8.1511 11.528 13.9123 16.2957 17.2653 19.6317 21.9963 24.3643 27.7032 28.5851 30.8984 33.2242 35.5598 37.8911 40.2305 43.6262 45.4887 47.7216 50.029 52.3985 54.7634 57.1023 59.3523 61.4832 63.6572 69.8261 72.2683 78.3424 84.3712 89.519 95.3431 97.7068 103.514 109.325 115.121 120.907 121.481 119.072 116.653 114.209 111.716 109.202 109.198 111.706 114.197 116.64 119.042 116.61 114.139 111.6 109.037 109.015 109.046 111.61 114.147 116.613 119.041 121.451 123.851 126.245 128.638 131.029
92.3195 86.5495 80.7795 75.0095 69.2395 63.4694 57.6994 51.9293 46.1593 40.3892 34.6191 28.849 23.0789 17.3088 11.5386 5.76893 5.76992 5.77 5.77 5.7697 5.76812 5.76206 8.14226 11.5152 11.4844 13.8458 16.2078 19.5595 21.9072 22.7787 25.089 27.4073 29.7347 32.0685 35.4617 37.8228 39.6813 41.922 44.2309 46.5934 48.9279 51.1668 53.2777 55.4326 61.6146 64.0452 70.1381 76.1863 81.3444 87.1732 89.5335 95.3437 101.158 106.957 112.742 118.108 115.707 113.3 110.881 108.435 105.938 103.421 103.417 105.93 108.425 110.87 113.272 110.839 108.367 105.825 103.258 103.234 103.265 105.833 108.374 110.841 113.271 115.681 118.08 120.475 122.868 125.259
92.3195 86.5495 80.7795 75.0095 69.2394 63.4694 57.6993 51.9293 46.1592 40.3891 34.619 28.8489 23.0788 17.3087 11.5386 5.76947 5.77 5.77 5.77 5.77 5.77 5.7694 5.7662 5.75714 5.73152 8.07658 11.4244 13.7662 16.1114 16.9739 19.2691 21.5786 23.9082 27.2981 29.6625 32.0311 33.8926 36.121 38.4233 40.7534 42.9812 45.072 47.2078 53.4027 55.8214 61.9331 68.0011 73.1695 79.0035 81.3606 87.1739 92.9918 98.793 104.579 110.359 112.337 109.935 107.529 105.109 102.661 100.161 97.6397 97.637 100.154 102.653 105.099 107.502 105.068 102.595 100.049 97.4788 97.454 97.4853 100.057 102.6 105.07 107.5 109.91 112.31 114.705 117.097 119.488
92.3194 86.5494 80.7794 75.0094 69.2393 63.4693 57.6992 51.9291 46.159 40.3889 34.6188 28.8487 23.0786 17.3085 11.5384 5.76941 5.77 5.77 5.77 5.77 5.77 5.77 5.77 5.77 5.76728 5.75322 5.70246 8.00179 11.3369 11.1543 13.4367 15.7485 19.137 21.4914 23.8525 27.2972 28.0891 30.3084 32.5785 34.7953 36.8661 38.9827 45.1904 47.5969 53.7276 59.8154 64.9944 70.8339 73.188 79.0044 84.826 90.6294 96.4168 102.196 107.972 106.565 104.164 101.758 99.3365 96.8875 94.3836 91.8592 91.857 94.3785 96.8806 99.3286 101.732 99.2975 96.8226 94.2739 91.6998 91.674 91.7055 94.2803 96.8271 99.2982 101.73 104.14 106.54 108.935 111.327 113.718
92.3193 86.5493 80.7793 75.0092 69.2392 63.4691 57.699 51.9289 46.1588 40.3887 34.6186 28.8484 23.0783 17.3082 11.538 5.76929 5.77 5.77 5.77 5.77 5.77 5.77 5.77 5.77 5.77 5.77 5.76497 5.74005 5.68267 5.55514 7.71827 11.0197 13.3263 15.6752 19.1164 21.4854 22.2609 24.4542 26.6087 28.6595 30.7571 36.9777 39.3717 45.5215 51.6294 56.8191 62.6643 65.0158 70.8353 76.6604 82.4661 88.2546 94.0344 99.8105 103.19 100.793 98.3936 95.9866 93.5647 91.1139 88.607 86.079 86.0772 88.6027 91.1081 93.5577 95.9616 93.5266 91.0502 88.4986 85.9209 85.8943 85.926 88.5041 91.054 93.5267 95.9589 98.37 100.77 103.164 105.556 107.947
