tests/full-run-ref/erosion_2010_78_20_-12.873.asc
ncols 512
nrows 512
xllcorner -3.24582
yllcorner -4.08743
cellsize 5
NODATA_value -99999
[rows 29 to 57 of 512, columns 201 to 267 of 512]
1.14155e-06 1.14155e-06 1.14155e-06 1.14155e-06 1.14155e-06 1.14155e-06 1.14155e-06 1.14155e-06 1.14155e-06 1.14155e-06 1.14155e-06 1.12525e-06 1.06986e-06 2.885 1.06122e-06 1.08744e-06 1.10383e-06 1.12615e-06 1.10068e-06 2.885 4.08001 4.08001 2.885 1.99354e-06 2.24717e-06 2.28311e-06 2.26645e-06 2.28311e-06 2.28311e-06 2.28311e-06 2.28311e-06 2.28311e-06 2.045e-06 2.26144 3.21581e-06 2.24311e-06 2.28311e-06 1.14155e-06 1.14155e-06 1.14155e-06 1.08768e-06 2.885 2.885 2.14233e-06 2.28311e-06 2.28311e-06 2.28311e-06 2.28311e-06 1.14155e-06 1.14155e-06 1.14155e-06 1.14155e-06 1.14155e-06 1.14155e-06 1.14155e-06 1.14155e-06 1.14155e-06 1.14155e-06 1.14155e-06 1.14155e-06 1.11293e-06 2.01243 1.12083e-06 1.06104e-06 2.885 4.08001 2.885
1.14155e-06 1.14155e-06 1.14155e-06 1.14155e-06 1.14155e-06 1.14155e-06 1.14155e-06 2.28311e-06 1.14155e-06 1.14155e-06 1.14155e-06 1.14155e-06 1.12437e-06 2.21731e-06 1.12346e-06 1.14155e-06 1.14155e-06 1.14155e-06 1.12544e-06 1.0784e-06 1.40217 2.35191 2.885 2.885 2.0074e-06 2.24038e-06 2.28311e-06 2.28311e-06 2.28311e-06 3.36291e-06 2.2831e-06 2.23048e-06 2.05973e-06 2.24905 2.885 2.20425e-06 2.28311e-06 1.14155e-06 1.14155e-06 1.14155e-06 1.08923e-06 2.885 2.13627e-06 2.24682e-06 2.28311e-06 2.28311e-06 2.28311e-06 1.14155e-06 1.14155e-06 1.14155e-06 1.14155e-06 1.14155e-06 1.14155e-06 1.14155e-06 1.14155e-06 1.14155e-06 1.14155e-06 1.14155e-06 1.14155e-06 1.14155e-06 1.13079e-06 1.12596e-06 1.12992e-06 1.909 4.08001 2.885 1.98935e-06
1.14155e-06 1.14155e-06 1.14155e-06 1.14155e-06 1.14155e-06 1.14155e-06 2.28311e-06 2.28311e-06 2.28311e-06 2.28311e-06 2.28311e-06 1.14155e-06 1.14155e-06 1.12668e-06 1.11692e-06 2.2541e-06 1.14155e-06 1.14155e-06 1.14155e-06 1.13265e-06 1.11273e-06 1.09368e-06 1.07323e-06 2.885 2.885 2.02835e-06 2.23693e-06 2.28311e-06 2.26645e-06 2.28311e-06 2.28311e-06 2.15609e-06 2.03653 2.08118e-06 2.14279e-06 2.2506e-06 2.28311e-06 2.28311e-06 1.14155e-06 1.14155e-06 1.09088e-06 2.88499 2.17815e-06 2.28311e-06 2.28311e-06 2.28311e-06 1.14155e-06 1.14155e-06 1.14155e-06 1.14155e-06 1.14155e-06 1.14155e-06 1.14155e-06 1.14155e-06 1.14155e-06 1.14155e-06 1.14155e-06 1.14155e-06 1.14155e-06 1.14155e-06 1.14155e-06 1.14155e-06 1.12069e-06 1.06745e-06 2.885 2.88499 2.09131e-06
1.14155e-06 1.14155e-06 1.14155e-06 1.14155e-06 1.14155e-06 2.28311e-06 2.28311e-06 2.28311e-06 2.28311e-06 2.28311e-06 2.28311e-06 1.14155e-06 1.14155e-06 1.10914e-06 2.54914 2.21364e-06 1.14155e-06 1.12793e-06 1.11784e-06 2.25409e-06 1.14155e-06 1.14155e-06 1.12559e-06 1.08302e-06 2.885 2.885 2.05834e-06 2.23919e-06 2.28311e-06 2.28311e-06 2.28311e-06 2.18879e-06 2.7497 1.9553e-06 3.41396e-06 2.2831e-06 2.28311e-06 1.14155e-06 1.13724e-06 1.11977e-06 1.08596e-06 2.885 2.20041e-06 2.28311e-06 2.28311e-06 1.14155e-06 1.14155e-06 1.14155e-06 1.14155e-06 1.14155e-06 1.14155e-06 1.14155e-06 1.14155e-06 1.14155e-06 1.14155e-06 1.14155e-06 1.14155e-06 1.14155e-06 1.14155e-06 1.14155e-06 1.14155e-06 1.12559e-06 1.08302e-06 2.885 2.885 2.05623e-06 2.25049e-06
1.14155e-06 1.14155e-06 1.14155e-06 1.14155e-06 2.28311e-06 2.28311e-06 2.28311e-06 2.28311e-06 2.28311e-06 2.28311e-06 2.28311e-06 1.14155e-06 1.14155e-06 1.10928e-06 2.49281 2.21381e-06 1.14155e-06 1.10653e-06 2.54915 2.21032e-06 1.14155e-06 1.14155e-06 1.14155e-06 1.12559e-06 1.08302e-06 2.885 2.885 2.09583e-06 2.24135e-06 2.28311e-06 2.28311e-06 2.19628e-06 2.01244 9.26466e-07 3.37791e-06 1.14155e-06 1.13376e-06 1.11668e-06 1.11228e-06 0.743525 2.885 2.17314e-06 2.25156e-06 2.28311e-06 1.14155e-06 1.14155e-06 1.14155e-06 1.14155e-06 1.14155e-06 1.14155e-06 1.14155e-06 1.14155e-06 1.14155e-06 1.14155e-06 1.14155e-06 1.14155e-06 1.14155e-06 1.14155e-06 1.14155e-06 1.14155e-06 1.12559e-06 1.08302e-06 2.885 2.885 2.0748e-06 2.25016e-06 2.28311e-06
1.14155e-06 1.14155e-06 1.14155e-06 2.28311e-06 2.28311e-06 2.28311e-06 2.28311e-06 2.28311e-06 2.28311e-06 2.28311e-06 2.28311e-06 1.14155e-06 1.14155e-06 1.1266e-06 1.11845e-06 1.12585e-06 1.12811e-06 1.08349e-06 2.88444 2.18097e-06 1.14155e-06 1.14155e-06 1.14155e-06 1.14155e-06 1.12559e-06 1.08302e-06 2.885 2.885 2.14171e-06 2.24891e-06 2.28311e-06 2.25612e-06 1.06333e-06 2.885 3.28474e-06 1.14155e-06 1.13288e-06 1.11352 2.72481 1.12138e-06 2.22507e-06 2.25196e-06 1.14155e-06 1.14155e-06 1.14155e-06 1.14155e-06 1.14155e-06 1.14155e-06 1.14155e-06 1.14155e-06 1.14155e-06 1.14155e-06 1.14155e-06 1.14155e-06 1.14155e-06 1.14155e-06 1.14155e-06 1.14155e-06 1.14155e-06 1.12559e-06 1.08302e-06 2.885 2.885 2.09437e-06 2.2503e-06 2.28311e-06 2.28311e-06
1.14155e-06 1.14155e-06 2.28311e-06 2.28311e-06 2.28311e-06 2.28311e-06 2.28311e-06 2.28311e-06 2.28311e-06 2.28311e-06 2.2831e-06 2.2831e-06 1.14155e-06 3.40324e-06 3.39945e-06 1.14155e-06 1.11114e-06 2.25144 2.885 2.13722e-06 2.28311e-06 1.14155e-06 1.14155e-06 1.14155e-06 1.14155e-06 1.12559e-06 1.07851e-06 2.885 2.885 2.1961e-06 2.28311e-06 1.14155e-06 2.18407e-06 2.74979 3.23638e-06 1.14155e-06 1.13558e-06 1.11839e-06 1.10095e-06 2.885 2.23858e-06 2.28311e-06 1.14155e-06 1.14155e-06 1.14155e-06 1.14155e-06 1.14155e-06 1.14155e-06 1.14155e-06 1.14155e-06 1.14155e-06 1.14155e-06 1.14155e-06 1.14155e-06 1.14155e-06 1.14155e-06 1.14155e-06 1.14155e-06 1.12582e-06 1.08384e-06 2.885 2.885 2.11717e-06 2.2503e-06 2.28311e-06 2.28311e-06 1.14155e-06
1.14155e-06 2.28311e-06 2.28311e-06 2.28311e-06 2.28311e-06 2.28311e-06 2.28311e-06 2.28311e-06 2.28311e-06 2.28311e-06 3.4101e-06 1.14155e-06 1.14155e-06 1.14155e-06 1.14155e-06 1.14155e-06 1.10896e-06 2.30959 2.13796e-06 2.24245e-06 2.28311e-06 2.28311e-06 1.14155e-06 1.14155e-06 1.14155e-06 1.14155e-06 1.11987e-06 0.477173 2.885 2.20508e-06 1.14155e-06 2.28311e-06 2.18302e-06 2.74977 3.23114e-06 1.14155e-06 1.14155e-06 1.12613e-06 1.11464e-06 2.24997e-06 2.25236e-06 1.14155e-06 1.14155e-06 1.14155e-06 1.14155e-06 1.14155e-06 1.14155e-06 1.14155e-06 1.14155e-06 1.14155e-06 1.14155e-06 1.14155e-06 2.25373e-06 2.24069e-06 2.25375e-06 1.14155e-06 1.14155e-06 1.14155e-06 1.10236e-06 2.885 2.885 2.14545e-06 2.2503e-06 2.28311e-06 2.28311e-06 1.14155e-06 1.14155e-06
2.28311e-06 2.28311e-06 2.28311e-06 2.28311e-06 2.28311e-06 2.28311e-06 2.28311e-06 2.28311e-06 2.28311e-06 2.28311e-06 2.2831e-06 1.14155e-06 1.14155e-06 1.14155e-06 1.14155e-06 1.14155e-06 1.12377e-06 3.29023e-06 2.24202e-06 2.28311e-06 2.28311e-06 2.28311e-06 2.28311e-06 1.14155e-06 1.14155e-06 1.14155e-06 1.13885e-06 1.12038e-06 1.11872e-06 1.11826e-06 2.17747e-06 2.14102e-06 2.15636e-06 2.885 2.16857e-06 1.14155e-06 1.13783e-06 1.09433e-06 2.885 2.20556e-06 2.28311e-06 1.14155e-06 1.14155e-06 1.14155e-06 1.14155e-06 1.14155e-06 1.14155e-06 1.14155e-06 1.14155e-06 1.14155e-06 1.14155e-06 2.28311e-06 2.20577e-06 2.65964 2.23925e-06 1.14155e-06 1.14155e-06 1.12508e-06 1.07461e-06 2.885 3.06741e-06 2.24184e-06 2.28311e-06 2.28311e-06 1.14155e-06 1.14155e-06 1.14155e-06
2.28311e-06 2.28311e-06 2.28311e-06 2.28311e-06 2.28311e-06 2.28311e-06 2.28311e-06 2.28311e-06 2.28311e-06 2.28311e-06 2.2831e-06 1.14155e-06 1.14155e-06 1.14155e-06 1.14155e-06 3.35448e-06 1.0978e-06 2.24871e-06 2.28311e-06 2.28311e-06 2.28311e-06 2.28311e-06 2.28311e-06 1.14155e-06 1.14155e-06 1.14155e-06 1.14155e-06 1.14155e-06 1.12023e-06 1.96025 2.7197 2.7197 2.47305 2.885 2.17728e-06 1.14155e-06 1.11749e-06 0.629165 2.885 2.16752e-06 2.28311e-06 1.14155e-06 1.14155e-06 1.14155e-06 1.14155e-06 1.14155e-06 1.14155e-06 1.14155e-06 1.14155e-06 1.14155e-06 2.28311e-06 2.28311e-06 2.20811e-06 2.28125e-06 2.23606e-06 1.14155e-06 1.12491e-06 1.06911e-06 2.885 2.88476 2.16779e-06 2.28311e-06 2.28311e-06 1.14155e-06 1.14155e-06 1.14155e-06 1.1259e-06
2.28311e-06 2.28311e-06 2.28311e-06 2.28311e-06 2.28311e-06 2.28311e-06 2.28311e-06 2.28311e-06 2.28311e-06 2.2831e-06 1.14155e-06 1.14155e-06 1.14155e-06 1.14155e-06 1.14155e-06 1.1052e-06 2.54949 2.19324e-06 2.28311e-06 2.28311e-06 2.28311e-06 2.28311e-06 2.28311e-06 1.14155e-06 1.14155e-06 1.14155e-06 1.14155e-06 1.14155e-06 1.12294e-06 0.884122 2.65558 2.65573 2.65573 2.885 2.18834e-06 1.14155e-06 1.0923e-06 2.885 2.885 2.09317e-06 2.24898e-06 1.14155e-06 1.14155e-06 1.14155e-06 1.14155e-06 1.14155e-06 1.14155e-06 1.13558e-06 1.11088e-06 2.20859e-06 2.25231e-06 2.25821e-06 2.17404e-06 2.885 2.20176e-06 1.11975e-06 1.06775e-06 2.885 4.08001 2.885 2.16949e-06 2.28311e-06 1.14155e-06 1.14155e-06 1.14155e-06 1.12525e-06 1.07825e-06
2.28311e-06 2.28311e-06 2.28311e-06 2.28311e-06 2.28311e-06 2.28311e-06 2.28311e-06 2.28311e-06 2.2831e-06 1.14155e-06 1.14155e-06 1.14155e-06 1.14155e-06 1.14155e-06 1.14155e-06 1.09484e-06 2.74317 2.162e-06 2.28311e-06 2.28311e-06 2.28311e-06 2.28311e-06 2.28311e-06 1.14155e-06 1.14155e-06 1.14155e-06 1.14155e-06 1.14155e-06 1.13657e-06 1.1184e-06 1.09769e-06 1.08891e-06 1.08202e-06 2.19568e-06 3.33708e-06 1.14155e-06 1.08258e-06 2.885 4.08001 2.885 2.06784e-06 2.18108e-06 2.18477e-06 2.20897e-06 2.25231e-06 1.14155e-06 1.14155e-06 1.13078e-06 1.11351 2.885 2.24694e-06 2.21029e-06 1.57816 2.885 1.11169e-06 1.06143e-06 2.885 4.08001 2.885 2.11236e-06 2.25064e-06 1.14155e-06 1.14155e-06 1.14155e-06 1.12525e-06 1.0692e-06 2.88506
2.28311e-06 2.28311e-06 2.28311e-06 2.28311e-06 2.28311e-06 2.28311e-06 2.28311e-06 2.28311e-06 1.14155e-06 1.14155e-06 1.14155e-06 1.14155e-06 1.14155e-06 1.14155e-06 1.14155e-06 1.08525e-06 2.7495 2.13369e-06 2.28311e-06 2.28311e-06 2.28311e-06 2.28311e-06 1.14155e-06 1.14155e-06 1.14155e-06 1.14155e-06 1.14155e-06 1.14155e-06 1.14155e-06 1.14155e-06 1.14155e-06 1.14155e-06 1.14155e-06 1.14155e-06 1.14155e-06 1.14155e-06 1.08785e-06 2.885 4.52824 4.08001 2.885 2.74977 2.74979 2.885 2.23848e-06 1.14155e-06 1.14155e-06 1.10876e-06 2.25216e-06 2.25035e-06 2.26049e-06 1.33612 2.88499 1.08979e-06 1.11301e-06 2.885 4.08001 2.885 3.02459e-06 2.23974e-06 1.14155e-06 1.14155e-06 1.14155e-06 1.12525e-06 1.0692e-06 2.88506 2.88506
2.28311e-06 2.28311e-06 2.28311e-06 2.28311e-06 2.28311e-06 2.2831e-06 2.28311e-06 1.14155e-06 1.14155e-06 1.14155e-06 1.14155e-06 1.14155e-06 1.14155e-06 1.14155e-06 1.14155e-06 2.18389e-06 2.74837 2.11539e-06 2.28311e-06 2.28311e-06 2.28311e-06 1.14155e-06 1.14155e-06 1.14155e-06 1.14155e-06 1.14155e-06 1.14155e-06 1.14155e-06 1.14155e-06 1.14155e-06 1.14155e-06 1.14155e-06 1.14155e-06 1.14155e-06 1.14155e-06 1.14155e-06 1.10463e-06 0.448231 3.33323 2.885 9.84101e-07 1.08756e-06 1.08722e-06 2.20897e-06 2.25231e-06 1.13929e-06 1.11033e-06 2.16929e-06 2.88498 2.27402e-06 1.77952 2.19949e-06 2.21418e-06 1.12344e-06 1.08217e-06 2.885 5.76976 2.88476 2.13009e-06 1.14155e-06 1.14155e-06 1.14155e-06 1.12525e-06 1.0692e-06 2.88506 2.88506 2.88506
2.28311e-06 2.28311e-06 2.28311e-06 2.28311e-06 1.14155e-06 1.14155e-06 1.14155e-06 1.14155e-06 1.14155e-06 1.14155e-06 1.14155e-06 1.14155e-06 1.14155e-06 1.13456e-06 2.25287e-06 2.15347e-06 2.83091 2.09995e-06 2.28311e-06 2.28311e-06 1.14155e-06 1.14155e-06 1.14155e-06 1.14155e-06 1.14155e-06 1.14155e-06 1.14155e-06 1.14155e-06 1.14155e-06 1.14155e-06 1.14155e-06 1.14155e-06 1.14155e-06 1.14155e-06 2.28311e-06 1.14155e-06 3.05231e-06 1.69703 2.885 2.06765e-06 2.24929e-06 1.14155e-06 1.14155e-06 1.14155e-06 1.14155e-06 1.13867e-06 0.335254 2.885 2.1796e-06 2.22149e-06 2.23927e-06 2.24098e-06 1.14155e-06 1.14155e-06 1.09841e-06 2.885 4.08001 2.88499 2.19343e-06 1.14155e-06 1.14155e-06 1.12525e-06 1.0692e-06 2.88506 2.88506 2.88506 2.88506
2.28311e-06 2.28311e-06 1.14155e-06 1.14155e-06 1.14155e-06 1.14155e-06 1.14155e-06 1.14155e-06 1.14155e-06 1.14155e-06 1.14155e-06 1.14155e-06 1.14155e-06 2.25154e-06 0.945571 0.945571 2.885 2.08561e-06 2.28311e-06 1.14155e-06 1.14155e-06 1.14155e-06 1.14155e-06 1.14155e-06 1.14155e-06 1.14155e-06 1.14155e-06 1.14155e-06 1.14155e-06 1.14155e-06 1.14155e-06 1.14155e-06 1.14155e-06 2.28311e-06 2.26099e-06 2.177e-06 1.05167e-06 2.885 2.88499 2.13032e-06 2.25157e-06 1.14155e-06 1.14155e-06 1.14155e-06 1.14155e-06 1.13971e-06 1.0988e-06 2.885 2.885 2.74978 2.885 1.078e-06 2.25238e-06 1.14155e-06 1.12372e-06 1.06899e-06 2.885 2.13688e-06 2.2489e-06 3.42466e-06 1.12418e-06 1.0692e-06 2.88506 2.88506 2.88506 2.88506 2.88506
2.28311e-06 1.14155e-06 1.14155e-06 1.14155e-06 1.14155e-06 1.14155e-06 1.14155e-06 1.14155e-06 1.14155e-06 1.14155e-06 1.14155e-06 1.14155e-06 2.28311e-06 2.23282e-06 1.08507e-06 2.08867 2.885 2.17435e-06 1.14155e-06 1.14155e-06 1.14155e-06 1.14155e-06 1.14155e-06 1.14155e-06 1.14155e-06 1.14155e-06 1.14155e-06 1.14155e-06 1.14155e-06 1.14155e-06 1.14155e-06 1.14155e-06 2.26117e-06 2.21735e-06 2.20731e-06 1.1866 1.76233 3.50428 0.892902 2.885 2.20508e-06 1.14155e-06 1.14155e-06 1.14155e-06 1.14155e-06 1.14155e-06 1.12596e-06 1.10606e-06 1.11207e-06 1.09788e-06 1.09176e-06 2.885 2.23365e-06 2.28311e-06 1.14155e-06 1.12291e-06 2.21788e-06 2.25091e-06 1.14155e-06 1.12202e-06 1.06768e-06 2.88506 2.88506 2.88506 2.88506 2.88506 2.88506
1.14155e-06 1.14155e-06 1.14155e-06 1.14155e-06 1.14155e-06 1.14155e-06 1.14155e-06 1.14155e-06 1.14155e-06 1.14155e-06 1.14155e-06 2.2831e-06 2.28311e-06 2.24401e-06 1.04643e-06 2.885 2.885 2.20241e-06 1.14155e-06 1.14155e-06 1.14155e-06 1.14155e-06 1.14155e-06 1.14155e-06 1.14155e-06 1.14155e-06 1.14155e-06 1.14155e-06 1.14155e-06 1.14155e-06 1.14155e-06 2.26702e-06 2.18867e-06 1.03867 2.885 2.19189e-06 3.18193e-06 0.892902 3.0511 2.88444 2.20503e-06 1.14155e-06 1.14155e-06 1.14155e-06 1.12747e-06 1.11957e-06 1.12576e-06 1.11957e-06 2.65964 2.24067e-06 1.11283e-06 2.23347e-06 2.25218e-06 2.28311e-06 2.28311e-06 1.14155e-06 1.14155e-06 1.14155e-06 1.12379e-06 1.0692e-06 2.88506 2.88506 2.88506 2.88506 2.88506 2.88506 2.88506
1.14155e-06 1.14155e-06 1.14155e-06 1.14155e-06 1.14155e-06 1.14155e-06 1.14155e-06 1.14155e-06 1.14155e-06 1.14155e-06 3.40407e-06 2.2831e-06 2.28311e-06 2.26706e-06 2.18096e-06 2.17686 2.16358e-06 2.25119e-06 1.14155e-06 1.14155e-06 1.14155e-06 1.14155e-06 1.14155e-06 1.14155e-06 1.14155e-06 1.14155e-06 1.14155e-06 1.14155e-06 1.14155e-06 1.14155e-06 2.28311e-06 2.23743e-06 1.00858e-06 2.885 2.88417 2.19116e-06 1.12936e-06 3.26182e-06 1.70742 2.16879e-06 2.25149e-06 1.14155e-06 1.14155e-06 1.14155e-06 1.10747e-06 2.65964 2.2407e-06 1.12353e-06 1.11876e-06 1.11776e-06 2.28311e-06 2.28311e-06 2.28311e-06 2.28311e-06 1.14155e-06 1.14155e-06 1.14155e-06 1.12525e-06 1.0692e-06 2.88506 2.88506 2.88506 2.88506 2.88506 2.88506 2.88506 2.88506
1.14155e-06 1.14155e-06 1.14155e-06 1.14155e-06 1.14155e-06 1.14155e-06 1.14155e-06 1.14155e-06 1.14155e-06 1.14155e-06 3.42466e-06 2.28311e-06 2.28311e-06 2.28311e-06 2.25551e-06 1.11283e-06 2.25559e-06 1.14155e-06 1.14155e-06 1.14155e-06 1.14155e-06 1.14155e-06 1.14155e-06 1.14155e-06 1.14155e-06 1.14155e-06 1.14155e-06 1.14155e-06 1.14155e-06 2.28311e-06 2.26354e-06 2.15056e-06 0.704803 2.885 2.14979e-06 2.24972e-06 1.14155e-06 1.13004e-06 1.12112e-06 2.25816e-06 1.14155e-06 1.14155e-06 1.14155e-06 1.14155e-06 2.25099e-06 2.23305e-06 2.24878e-06 1.14155e-06 1.14155e-06 3.39945e-06 2.28311e-06 2.28311e-06 2.28311e-06 1.14155e-06 1.14155e-06 1.14155e-06 1.12525e-06 1.0692e-06 2.88506 2.88506 2.88506 2.88506 2.88506 2.88506 2.88506 2.88506 2.88506
1.14155e-06 1.14155e-06 1.14155e-06 1.14155e-06 1.14155e-06 1.14155e-06 1.14155e-06 1.14155e-06 1.14155e-06 1.14155e-06 3.42466e-06 2.28311e-06 2.28311e-06 2.28311e-06 1.14155e-06 1.14155e-06 1.14155e-06 1.14155e-06 1.14155e-06 1.14155e-06 1.14155e-06 1.14155e-06 1.14155e-06 1.14155e-06 1.14155e-06 1.14155e-06 1.14155e-06 1.14155e-06 2.28311e-06 2.28311e-06 2.21423e-06 0.686028 2.8845 2.17305e-06 3.37793e-06 1.14155e-06 1.14155e-06 1.14155e-06 1.14155e-06 1.14155e-06 1.14155e-06 1.14155e-06 1.14155e-06 2.2831e-06 2.2831e-06 3.37076e-06 3.36861e-06 1.12249e-06 1.11101e-06 2.25204e-06 2.28311e-06 2.28311e-06 1.14155e-06 1.14155e-06 1.14155e-06 1.12525e-06 1.0692e-06 2.88506 2.88506 2.88506 2.88506 2.88506 2.88506 2.88506 2.88506 2.88506 2.88506
1.14155e-06 1.14155e-06 1.14155e-06 1.14155e-06 1.14155e-06 1.14155e-06 1.14155e-06 1.14155e-06 1.14155e-06 1.14155e-06 3.42466e-06 2.2831e-06 2.28311e-06 1.14155e-06 1.14155e-06 1.14155e-06 1.14155e-06 1.14155e-06 1.14155e-06 1.14155e-06 1.14155e-06 1.14155e-06 1.14155e-06 1.14155e-06 1.14155e-06 1.14155e-06 1.14155e-06 2.28311e-06 2.28311e-06 2.28311e-06 2.21475e-06 1.45711 2.19277e-06 2.24909e-06 1.14155e-06 1.14155e-06 1.14155e-06 1.14155e-06 1.14155e-06 1.14155e-06 1.14155e-06 1.14155e-06 3.40954e-06 3.40407e-06 3.40728e-06 3.38886e-06 3.38421e-06 1.10974e-06 2.65623 2.24058e-06 2.28311e-06 1.14155e-06 1.14155e-06 1.14155e-06 1.12525e-06 1.0692e-06 2.88506 2.88506 2.88506 2.88506 2.88506 2.88506 2.88506 2.88506 2.88506 2.88506 1.14155e-06
1.14155e-06 1.14155e-06 1.14155e-06 1.14155e-06 1.14155e-06 1.14155e-06 1.14155e-06 1.14155e-06 1.14155e-06 1.14155e-06 3.4101e-06 2.2831e-06 1.14155e-06 1.14155e-06 1.14155e-06 1.14155e-06 1.14155e-06 1.14155e-06 1.14155e-06 1.14155e-06 1.14155e-06 1.14155e-06 1.14155e-06 1.14155e-06 1.14155e-06 1.14155e-06 2.28311e-06 2.28311e-06 2.28311e-06 2.28311e-06 2.25455e-06 2.24626e-06 2.25871e-06 1.14155e-06 3.39211e-06 1.14155e-06 1.14155e-06 1.14155e-06 1.14155e-06 1.14155e-06 1.14155e-06 1.14155e-06 1.14155e-06 1.14155e-06 1.14155e-06 1.14155e-06 1.14155e-06 2.25206e-06 2.24064e-06 2.25376e-06 1.14155e-06 1.14155e-06 1.14155e-06 1.12525e-06 1.0692e-06 2.88506 2.88506 2.88506 2.88506 2.88506 2.88506 2.88506 2.88506 2.88506 2.88506 1.14155e-06 2.88506
1.14155e-06 1.14155e-06 1.14155e-06 1.14155e-06 1.14155e-06 1.14155e-06 1.14155e-06 1.14155e-06 1.14155e-06 3.39555e-06 2.2831e-06 1.14155e-06 1.14155e-06 1.14155e-06 1.14155e-06 1.14155e-06 1.14155e-06 1.14155e-06 1.14155e-06 1.14155e-06 1.14155e-06 1.14155e-06 1.14155e-06 1.14155e-06 1.14155e-06 2.28311e-06 2.28311e-06 2.28311e-06 2.28311e-06 2.28311e-06 2.28311e-06 2.28311e-06 1.14155e-06 3.39555e-06 1.14155e-06 1.14155e-06 1.14155e-06 1.14155e-06 1.14155e-06 1.14155e-06 1.14155e-06 1.14155e-06 1.14155e-06 1.14155e-06 1.14155e-06 1.14155e-06 2.28311e-06 2.28311e-06 2.28311e-06 1.14155e-06 1.14155e-06 1.14155e-06 1.12525e-06 1.0692e-06 2.88506 2.88506 2.88506 2.88506 2.88506 2.88506 2.88506 2.88506 2.88506 2.88506 1.14155e-06 2.88506 2.88506
1.14155e-06 1.14155e-06 1.14155e-06 1.14155e-06 1.14155e-06 1.14155e-06 1.14155e-06 1.11918e-06 2.23648e-06 2.2504e-06 1.14155e-06 1.14155e-06 1.14155e-06 1.14155e-06 1.14155e-06 1.14155e-06 1.14155e-06 1.14155e-06 1.14155e-06 1.14155e-06 1.14155e-06 1.14155e-06 1.14155e-06 1.14155e-06 2.28311e-06 2.28311e-06 2.28311e-06 2.28311e-06 2.28311e-06 2.28311e-06 2.28311e-06 1.14155e-06 3.39555e-06 1.14155e-06 1.14155e-06 1.14155e-06 1.14155e-06 1.14155e-06 1.14155e-06 1.14155e-06 1.14155e-06 1.14155e-06 1.14155e-06 1.14155e-06 1.14155e-06 2.28311e-06 2.28311e-06 2.28311e-06 1.14155e-06 1.14155e-06 1.14155e-06 1.12525e-06 1.0692e-06 2.88506 2.88506 2.88506 2.88506 2.88506 2.88506 2.88506 2.88506 2.88506 2.88506 1.14155e-06 2.88506 2.88506 1.14155e-06
1.14155e-06 1.14155e-06 1.14155e-06 1.14155e-06 1.14155e-06 1.13727e-06 1.11629e-06 2.15423e-06 2.87836 2.20545e-06 1.14155e-06 1.14155e-06 1.14155e-06 1.14155e-06 1.14155e-06 1.14155e-06 1.14155e-06 1.14155e-06 1.14155e-06 1.14155e-06 1.14155e-06 1.14155e-06 1.14155e-06 2.28311e-06 2.28311e-06 2.28311e-06 2.28311e-06 2.28311e-06 2.28311e-06 1.14155e-06 1.14155e-06 3.37863e-06 1.14155e-06 1.14155e-06 1.14155e-06 1.14155e-06 1.14155e-06 1.14155e-06 1.14155e-06 1.14155e-06 1.14155e-06 1.14155e-06 1.14155e-06 1.14155e-06 2.28311e-06 2.28311e-06 2.28311e-06 1.14155e-06 1.14155e-06 1.14155e-06 1.12525e-06 1.0692e-06 2.88506 2.88506 2.88506 2.88506 2.88506 2.88506 2.88506 2.88506 2.88506 2.88506 1.14155e-06 2.88506 2.88506 1.14155e-06 2.88506
1.14155e-06 1.14155e-06 1.14155e-06 1.14155e-06 1.14155e-06 1.13105e-06 0.764539 2.37386 2.87607 2.17641e-06 1.14155e-06 1.14155e-06 1.14155e-06 1.14155e-06 1.14155e-06 1.14155e-06 1.14155e-06 1.14155e-06 1.14155e-06 1.14155e-06 1.14155e-06 1.14155e-06 2.28311e-06 2.28311e-06 2.28311e-06 2.28311e-06 2.28311e-06 2.28311e-06 1.14155e-06 1.14155e-06 1.14155e-06 1.14155e-06 1.14155e-06 1.14155e-06 1.14155e-06 1.14155e-06 1.14155e-06 1.14155e-06 1.14155e-06 1.14155e-06 1.14155e-06 1.14155e-06 1.14155e-06 2.28311e-06 2.28311e-06 2.28311e-06 1.14155e-06 1.14155e-06 1.14155e-06 1.12525e-06 1.0692e-06 2.88506 2.88506 2.88506 2.88506 2.88506 2.88506 2.88506 2.88506 2.88506 2.88506 1.14155e-06 2.88506 2.88506 1.14155e-06 2.88506 2.88506
1.14155e-06 1.14155e-06 1.14155e-06 1.14155e-06 1.14155e-06 1.13124e-06 0.654737 3.53974 2.885 2.18836e-06 1.14155e-06 1.14155e-06 1.14155e-06 1.14155e-06 1.14155e-06 1.14155e-06 1.14155e-06 1.14155e-06 1.14155e-06 1.14155e-06 1.14155e-06 2.28311e-06 2.28311e-06 2.28311e-06 2.28311e-06 2.28311e-06 2.28311e-06 1.14155e-06 1.14155e-06 1.14155e-06 1.14155e-06 1.14155e-06 1.14155e-06 1.14155e-06 1.14155e-06 1.14155e-06 1.14155e-06 1.14155e-06 1.14155e-06 1.14155e-06 1.14155e-06 1.14155e-06 2.28311e-06 2.28311e-06 2.28311e-06 1.14155e-06 1.14155e-06 1.14155e-06 1.12525e-06 1.0692e-06 2.88506 2.88506 2.88506 2.88506 2.88506 2.88506 2.88506 2.88506 2.88506 2.88506 1.14155e-06 2.88506 2.88506 1.14155e-06 2.88506 2.88506 2.88506
1.14155e-06 1.14155e-06 1.14155e-06 1.14155e-06 1.14155e-06 1.13775e-06 1.08453e-06 2.5713 3.18023e-06 2.23842e-06 1.14155e-06 1.14155e-06 1.14155e-06 1.14155e-06 1.14155e-06 1.14155e-06 1.14155e-06 1.14155e-06 1.14155e-06 1.14155e-06 2.28311e-06 2.28311e-06 2.28311e-06 2.28311e-06 2.28311e-06 2.28311e-06 1.14155e-06 1.14155e-06 1.14155e-06 1.14155e-06 1.14155e-06 1.14155e-06 1.14155e-06 1.14155e-06 1.14155e-06 1.14155e-06 1.14155e-06 1.14155e-06 1.14155e-06 1.14155e-06 1.14155e-06 2.28311e-06 2.28311e-06 2.28311e-06 1.14155e-06 1.14155e-06 1.14155e-06 1.12525e-06 1.0692e-06 2.88506 2.88506 2.88506 2.88506 2.88506 2.88506 2.88506 2.88506 2.88506 2.88506 1.14155e-06 2.88506 2.88506 1.14155e-06 2.88506 2.88506 2.88506 2.88506
