tests/full-run-ref/erosion_2010_78_19_2.123.asc
ncols 512
nrows 512
xllcorner -3.24582
yllcorner -4.08743
cellsize 5
NODATA_value -99999
[rows 48 to 71 of 512, columns 55 to 109 of 512]
0 0 0 0 3.68016 4.08001 2.885 1.0491e-06 0 0 0 0 0 15.125 12.24 11.045 8.16001 6.96501 4.08001 2.885 9.93752e-07 1.11943e-06 1.14155e-06 1.14155e-06 1.14155e-06 1.14155e-06 1.14155e-06 1.14155e-06 1.14155e-06 1.14155e-06 1.14155e-06 1.14155e-06 1.14155e-06 1.14155e-06 1.14155e-06 1.14155e-06 1.14155e-06 1.14155e-06 1.14155e-06 1.14155e-06 1.14155e-06 1.14155e-06 1.14155e-06 1.14155e-06 1.14155e-06 1.14155e-06 1.14155e-06 1.14155e-06 1.14155e-06 1.14155e-06 1.14155e-06 0 0 0 0
1.12256e-06 1.11351 0 0 3.22197 6.96501 4.08001 2.885 0 0 0 0 0 12.24 11.045 8.16001 6.96501 4.08001 2.885 9.92664e-07 1.11907e-06 1.14155e-06 1.14155e-06 1.14155e-06 1.14155e-06 1.14155e-06 1.14155e-06 1.14155e-06 1.14155e-06 1.14155e-06 1.14155e-06 1.14155e-06 1.14155e-06 1.14155e-06 1.14155e-06 1.14155e-06 1.14155e-06 1.14155e-06 1.14155e-06 1.14155e-06 1.14155e-06 1.14155e-06 1.14155e-06 1.14155e-06 1.14155e-06 1.14155e-06 1.14155e-06 1.14155e-06 1.14155e-06 1.14155e-06 0 0 0 0 0
1.12187e-06 0 0 0 0 4.62937 6.96501 4.08001 2.885 0 0 0 0 11.045 8.16001 6.96501 4.08001 2.885 9.94611e-07 1.11914e-06 1.14155e-06 1.14155e-06 1.14155e-06 1.14155e-06 1.14155e-06 1.14155e-06 1.14155e-06 1.14155e-06 1.14155e-06 1.14155e-06 1.14155e-06 1.14155e-06 1.14155e-06 1.14155e-06 1.14155e-06 1.14155e-06 1.14155e-06 1.14155e-06 1.14155e-06 1.14155e-06 1.14155e-06 1.14155e-06 1.14155e-06 1.14155e-06 1.14155e-06 1.14155e-06 1.14155e-06 1.14155e-06 1.14155e-06 0 0 0 0 0 0
0 1.05097 0 0 0 0 0 6.96501 3.56042 0 0 0 0 8.16001 6.96501 4.08001 2.885 9.99798e-07 1.11943e-06 1.14155e-06 1.14155e-06 1.14155e-06 1.14155e-06 1.14155e-06 1.14155e-06 1.14155e-06 1.14155e-06 1.14155e-06 1.14155e-06 1.14155e-06 1.14155e-06 1.14155e-06 1.14155e-06 1.14155e-06 1.14155e-06 1.14155e-06 1.14155e-06 1.14155e-06 1.14155e-06 1.14155e-06 1.14155e-06 1.14155e-06 1.14155e-06 1.14155e-06 1.14155e-06 1.14155e-06 1.14155e-06 1.14155e-06 1.14155e-06 0 0 0 0 0 0
2.88498 0 0 2.885 0 0 0 0 0 0 11.0447 8.16001 8.16001 6.96501 4.08001 2.885 1.01076e-06 1.12012e-06 1.14155e-06 1.14155e-06 1.14155e-06 1.14155e-06 1.14155e-06 1.14155e-06 1.14155e-06 1.14155e-06 1.14155e-06 1.14155e-06 1.14155e-06 1.14155e-06 1.14155e-06 1.14155e-06 1.14155e-06 1.14155e-06 1.14155e-06 1.14155e-06 1.14155e-06 1.14155e-06 1.14155e-06 1.14155e-06 1.14155e-06 1.14155e-06 1.14155e-06 1.14155e-06 1.14155e-06 1.14155e-06 1.14155e-06 1.14155e-06 0 0 0 0 0 0 0
2.885 9.99127e-07 0 0 0 0 0 0 0 15.1247 12.735 9.85001 6.96501 4.08001 2.885 9.44497e-07 1.12125e-06 1.14155e-06 1.14155e-06 1.14155e-06 1.14155e-06 1.14155e-06 1.14155e-06 1.14155e-06 1.14155e-06 1.14155e-06 1.14155e-06 1.14155e-06 1.14155e-06 1.14155e-06 1.14155e-06 1.14155e-06 1.14155e-06 1.14155e-06 1.14155e-06 1.14155e-06 1.14155e-06 1.14155e-06 1.14155e-06 1.14155e-06 1.14155e-06 1.14155e-06 1.14155e-06 1.14155e-06 1.14155e-06 1.14155e-06 1.14155e-06 1.14155e-06 0 0 0 0 0 0 0
4.08001 4.08001 2.88499 0 0 0 0 0 17.31 14.425 11.54 8.655 5.77 2.885 1.2441e-06 1.05288e-06 1.14155e-06 1.14155e-06 1.14155e-06 1.14155e-06 1.14155e-06 1.14155e-06 1.14155e-06 1.14155e-06 1.14155e-06 1.14155e-06 1.14155e-06 1.14155e-06 1.14155e-06 1.14155e-06 1.14155e-06 1.14155e-06 1.14155e-06 1.14155e-06 1.14155e-06 1.14155e-06 1.14155e-06 1.14155e-06 1.14155e-06 1.14155e-06 1.14155e-06 1.14155e-06 1.14155e-06 1.14155e-06 1.14155e-06 1.14155e-06 1.14155e-06 1.14155e-06 0 0 0 0 0 0 0
6.96501 6.96497 6.96501 0 0 0 0 20.7164 18.505 15.62 12.735 9.85001 6.96501 4.08001 2.885 9.1746e-07 1.11907e-06 1.14155e-06 1.14155e-06 1.14155e-06 1.14155e-06 1.14155e-06 1.14155e-06 1.14155e-06 1.14155e-06 1.14155e-06 1.14155e-06 1.14155e-06 1.14155e-06 1.14155e-06 1.14155e-06 1.14155e-06 1.14155e-06 1.14155e-06 1.14155e-06 1.14155e-06 1.14155e-06 1.14155e-06 1.14155e-06 1.14155e-06 1.14155e-06 1.14155e-06 1.14155e-06 1.14155e-06 1.14155e-06 1.14155e-06 1.14155e-06 1.14155e-06 0 0 0 0 0 0 0
8.56376 0 0 0 0 0 0 22.5667 19.7 16.815 13.93 11.045 8.16001 6.96501 4.08001 2.885 9.97488e-07 1.11986e-06 1.14155e-06 1.14155e-06 1.14155e-06 1.14155e-06 1.14155e-06 1.14155e-06 1.14155e-06 1.14155e-06 1.14155e-06 1.14155e-06 1.14155e-06 1.14155e-06 1.14155e-06 1.14155e-06 1.14155e-06 1.14155e-06 1.14155e-06 1.14155e-06 1.14155e-06 1.14155e-06 1.14155e-06 1.14155e-06 1.14155e-06 1.14155e-06 1.14155e-06 1.14155e-06 1.14155e-06 1.14155e-06 1.14155e-06 1.14155e-06 0 0 0 0 0 0 0
0 0 0 0 0 0 26.665 23.78 20.895 18.01 15.125 12.24 11.045 8.16001 6.96501 4.08001 2.885 1.00514e-06 1.1205e-06 1.14155e-06 1.14155e-06 1.14155e-06 1.14155e-06 1.14155e-06 1.14155e-06 1.14155e-06 1.14155e-06 1.14155e-06 1.14155e-06 1.14155e-06 1.14155e-06 1.14155e-06 1.14155e-06 1.14155e-06 1.14155e-06 1.14155e-06 1.14155e-06 1.14155e-06 1.14155e-06 1.14155e-06 1.14155e-06 1.14155e-06 1.14155e-06 1.14155e-06 1.14155e-06 1.14155e-06 1.14155e-06 1.14155e-06 0 0 0 0 0 0 1.89204
0 0 0 0 0 0 27.8093 24.975 22.09 19.205 16.32 15.125 12.24 11.045 8.16001 6.96501 4.08001 2.885 1.01413e-06 1.12153e-06 1.14155e-06 1.14155e-06 1.14155e-06 1.14155e-06 1.14155e-06 1.14155e-06 1.14155e-06 1.14155e-06 1.14155e-06 1.14155e-06 1.14155e-06 1.14155e-06 1.14155e-06 1.14155e-06 1.14155e-06 1.14155e-06 1.14155e-06 1.14155e-06 1.14155e-06 1.14155e-06 1.14155e-06 1.14155e-06 1.14155e-06 1.14155e-06 1.14155e-06 1.14155e-06 1.14155e-06 1.14155e-06 0 0 0 0 0 0 0
0 0 0 0 0 0 0 26.17 23.285 20.4 19.205 16.32 15.125 12.24 11.045 8.16001 6.96501 4.08001 2.885 1.03142e-06 1.12325e-06 1.14155e-06 1.14155e-06 1.14155e-06 1.14155e-06 1.14155e-06 1.14155e-06 1.14155e-06 1.14155e-06 1.14155e-06 1.14155e-06 1.14155e-06 1.14155e-06 1.14155e-06 1.14155e-06 1.14155e-06 1.14155e-06 1.14155e-06 1.14155e-06 1.14155e-06 1.14155e-06 1.14155e-06 1.14155e-06 1.14155e-06 1.14155e-06 1.14155e-06 0 1.14155e-06 0 0 0 0 0 0 0
0 0 0 0 16.815 0 0 0 24.48 23.285 20.4 19.205 16.32 15.125 12.24 11.045 8.16001 6.96501 4.08001 2.885 1.05918e-06 1.12566e-06 1.14155e-06 1.14155e-06 1.14155e-06 1.14155e-06 1.14155e-06 1.14155e-06 1.14155e-06 1.14155e-06 1.14155e-06 1.14155e-06 1.14155e-06 1.14155e-06 1.14155e-06 1.14155e-06 1.14155e-06 1.14155e-06 1.14155e-06 1.14155e-06 1.14155e-06 1.14155e-06 1.14155e-06 1.14155e-06 1.14155e-06 0 1.14155e-06 1.14155e-06 0 0 0 0 0 0 0
0 0 0 0 0 12.735 0 0 0 0 0 11.4184 18.505 16.32 15.125 12.24 11.045 8.16001 6.96501 4.08001 2.885 1.11031e-06 1.14155e-06 1.14155e-06 1.14155e-06 1.14155e-06 1.14155e-06 1.14155e-06 1.14155e-06 1.14155e-06 1.14155e-06 1.14155e-06 1.14155e-06 1.14155e-06 1.14155e-06 1.14155e-06 1.14155e-06 1.14155e-06 1.14155e-06 1.14155e-06 1.14155e-06 1.14155e-06 1.14155e-06 1.14155e-06 0 1.14155e-06 1.14155e-06 1.14155e-06 1.14155e-06 0 0 0 0 0 0
0 0 0 0 0 0 0 0 0 0 0 0 8.46221 13.8135 15.62 14.425 11.54 8.655 5.77 2.885 2.04767e-06 1.11769e-06 1.14155e-06 1.14155e-06 1.14155e-06 1.14155e-06 1.14155e-06 1.14155e-06 1.14155e-06 1.14155e-06 1.14155e-06 1.14155e-06 1.14155e-06 1.14155e-06 1.14155e-06 1.14155e-06 1.14155e-06 1.14155e-06 1.14155e-06 1.14155e-06 1.14155e-06 1.14155e-06 1.14155e-06 0 1.14155e-06 1.14155e-06 1.14155e-06 1.14155e-06 1.14155e-06 0 0 0 0 0 0
0 0 0 0 0 0 0 0 0 0 0 0 0 9.46976 10.8125 13.93 11.045 8.16001 5.76978 2.88476 1.04195e-06 1.14155e-06 1.14155e-06 1.14155e-06 1.14155e-06 1.14155e-06 1.14155e-06 1.14155e-06 1.14155e-06 1.14155e-06 1.14155e-06 1.14155e-06 1.14155e-06 1.14155e-06 1.14155e-06 1.14155e-06 1.14155e-06 1.14155e-06 1.14155e-06 1.14155e-06 1.14155e-06 1.14155e-06 0 1.14155e-06 1.14155e-06 1.14155e-06 1.14155e-06 1.14155e-06 1.14155e-06 0 0 0 0 0 0
0 0 0 0 0 0 0 0 0 0 0 0 0 4.28795 7.22697 10.6584 9.85001 6.96501 4.08001 2.885 1.07613e-06 1.14155e-06 1.14155e-06 1.14155e-06 1.14155e-06 1.14155e-06 1.14155e-06 1.14155e-06 1.14155e-06 1.14155e-06 1.14155e-06 1.14155e-06 1.14155e-06 1.14155e-06 1.14155e-06 1.14155e-06 1.14155e-06 1.14155e-06 1.14155e-06 1.12604e-06 1.1035e-06 0 1.12582e-06 1.14155e-06 1.14155e-06 1.14155e-06 1.14155e-06 1.14155e-06 1.14155e-06 0 0 0 0 0 0
0 0 0 0 0 0 0 0 0 0 0 0 0 0 3.66228 7.53374 8.655 5.77 2.885 1.96848e-06 1.11429e-06 1.14155e-06 1.14155e-06 1.14155e-06 1.14155e-06 1.14155e-06 1.14155e-06 1.14155e-06 1.14155e-06 1.14155e-06 1.14155e-06 1.14155e-06 1.14155e-06 1.14155e-06 1.14155e-06 1.14155e-06 1.14155e-06 1.14155e-06 1.14155e-06 1.11902e-06 0 2.885 1.07832e-06 1.12465e-06 1.1259e-06 1.10284e-06 1.10265e-06 1.1257e-06 1.14155e-06 0 0 0 0 0 0
1.10303e-06 1.14155e-06 0 0 0 0 0 0 0 0 0 0 0 0 0 3.448 8.16001 5.76978 2.88476 1.03835e-06 1.14155e-06 1.14155e-06 1.14155e-06 1.14155e-06 1.14155e-06 1.14155e-06 1.14155e-06 1.14155e-06 1.14155e-06 1.14155e-06 1.14155e-06 1.14155e-06 1.14155e-06 1.14155e-06 1.14155e-06 1.14155e-06 1.14155e-06 1.14155e-06 1.14155e-06 1.12604e-06 1.06722e-06 1.88456 2.885 1.03283e-06 1.08604e-06 1.05096 2.885 1.04464e-06 1.06789e-06 1.09422e-06 1.12453e-06 0 0 0 0
1.12604e-06 1.14155e-06 1.14155e-06 1.14155e-06 1.14155e-06 1.14155e-06 1.14155e-06 0 0 0 0 0 0 0 0 2.60967 6.96501 4.08001 2.885 1.0841e-06 1.14155e-06 1.14155e-06 1.14155e-06 1.14155e-06 1.14155e-06 1.14155e-06 1.14155e-06 1.14155e-06 1.14155e-06 1.14155e-06 1.14155e-06 1.14155e-06 1.14155e-06 1.14155e-06 1.14155e-06 1.14155e-06 1.14155e-06 1.12493e-06 1.09623e-06 0 1.02911e-06 0.505945 3.84414 4.08001 2.88498 1.01731e-06 2.05346 3.73013 2.88498 2.885 1.01964e-06 1.06058e-06 0 0 0
1.14155e-06 1.14155e-06 1.14155e-06 1.14155e-06 1.14155e-06 1.14155e-06 1.14155e-06 1.14155e-06 1.14155e-06 0 0 0 0 0 0 2.99545 5.77 2.885 2.02507e-06 1.11829e-06 1.14155e-06 1.14155e-06 1.14155e-06 1.14155e-06 1.14155e-06 1.14155e-06 1.14155e-06 1.14155e-06 1.14155e-06 1.14155e-06 1.14155e-06 1.14155e-06 1.14155e-06 1.14155e-06 0 0 0 0 0 1.98387 1.77229 3.15043 4.96281 6.96501 4.08001 5.89756 3.67569 4.81534 6.96501 4.08001 4.08001 2.88498 2.885 2.885 0
1.14155e-06 1.14155e-06 1.14155e-06 1.14155e-06 1.14155e-06 1.14155e-06 1.14155e-06 1.14155e-06 1.14155e-06 0 0 0 0 0 0 0 4.02156 2.88476 1.07755e-06 1.14155e-06 1.14155e-06 1.14155e-06 1.14155e-06 1.14155e-06 1.14155e-06 1.14155e-06 1.14155e-06 1.14155e-06 1.14155e-06 1.14155e-06 1.14155e-06 1.14155e-06 1.14155e-06 0 0 0 0 0 3.2758 5.54077 5.77 5.34698 5.06528 5.77 5.55473 5.55473 5.22223 5.88925 5.77 6.23091 5.75453 6.96501 5.77 4.08001 2.885
1.12562e-06 1.14155e-06 1.14155e-06 1.14155e-06 1.14155e-06 1.14155e-06 1.14155e-06 1.14155e-06 1.14155e-06 1.14155e-06 1.14155e-06 0 0 0 0 0 0 2.07691e-06 1.12139e-06 1.14155e-06 1.14155e-06 1.14155e-06 1.14155e-06 1.14155e-06 1.14155e-06 1.14155e-06 1.14155e-06 1.14155e-06 1.14155e-06 1.14155e-06 1.14155e-06 1.14155e-06 0 0 0 0 0 3.17194 6.29965 5.77 4.08001 2.885 2.50968 2.50968 2.50968 2.50966 1.46715 3.81583 2.6602 2.78325 3.88691 9.31428 8.16001 5.77 2.885
1.10567e-06 1.1259e-06 1.14155e-06 1.14155e-06 1.14155e-06 1.14155e-06 1.14155e-06 1.14155e-06 1.14155e-06 1.14155e-06 1.14155e-06 1.14155e-06 1.14155e-06 0 0 0 0 1.09491e-06 1.14155e-06 1.14155e-06 1.14155e-06 1.14155e-06 1.14155e-06 1.14155e-06 1.14155e-06 1.14155e-06 1.14155e-06 1.14155e-06 1.14155e-06 1.14155e-06 1.14155e-06 1.14155e-06 0 0 0 0 3.17194 6.73175 4.08001 2.885 2.885 0 0 0 0 0 0 2.27236 0 0 3.15833 6.48335 5.77 5.77 2.885
