tests/full-run-ref/erosion_2010_78_22_-42.864.asc
ncols 512
nrows 512
xllcorner -3.24582
yllcorner -4.08743
cellsize 5
NODATA_value -99999
[rows 32 to 63 of 512, columns 284 to 354 of 512]
15.166 21.2001 21.7526 15.613 9.18715 4.47435 5.36088 5.68186 5.74857 5.76851 5.77 5.77 5.75402 5.752 5.5996 5.57293 2.98999 5.55259 9.05426 14.6582 20.7202 26.9047 33.247 39.4741 45.0665 49.173 54.5239 59.4902 66.9807 70.9899 124.025 122.65 114.763 107.83 100.811 93.7335 86.5573 79.2596 71.8155 64.2052 56.4127 48.4271 40.2339 31.8192 23.1697 14.2734 5.11842 0 0 0 0 0 0 0.698635 4.40455 5.77 5.77 5.77 5.77 5.77 5.77 5.77 5.77 5.77 5.77 5.77 5.77 5.77 5.77 5.77 5.77
21.2274 19.6055 16.3044 13.7243 12.354 9.91934 7.05041 7.91993 5.9288 5.75377 5.77 5.76514 5.7338 8.04869 8.06001 5.47061 5.07978 11.5374 14.4728 18.597 24.472 30.6537 37.2424 39.0795 41.4366 41.818 50.1027 58.0965 61.5416 124.746 124.953 117.951 110.736 103.353 95.8557 88.1821 80.3144 72.2293 63.9061 55.3224 46.4565 37.2881 27.7984 17.9684 7.77929 0 0 0 0 0 0 0 2.73432 5.77 5.77 5.77 5.77 5.77 5.77 5.77 5.77 5.77 5.77 5.77 5.77 5.77 5.77 5.77 5.77 5.77 5.77
17.5794 13.329 10.4764 7.11323 9.66144 13.0423 13.2398 13.5933 7.91457 5.74911 5.77 5.75639 8.10525 11.4744 11.3886 6.05152 11.3265 14.8377 19.8012 24.126 28.1451 34.1405 36.563 34.2915 30.0196 31.2863 30.3409 58.7824 129.643 129.373 124.57 117.677 110.404 103.034 95.4652 87.7012 79.7149 71.4901 63.0077 54.2501 45.1989 35.8355 26.1421 16.1016 5.6975 0 0 0 0 0 0 0 0.209728 4.9917 5.77 5.77 5.77 5.77 5.77 5.77 5.77 5.77 5.77 5.77 5.77 5.77 5.77 5.77 5.77 5.77 5.77
11.7349 8.7324 4.50739 4.74268 4.82951 6.83423 13.105 11.1559 5.43267 5.73281 5.77 5.75628 8.10754 5.7136 5.42824 5.43748 7.22652 12.8314 17.9683 20.1273 25.9389 30.5982 30.4588 28.3459 24.7127 26.8377 29.6076 24.0093 53.2258 125.493 126.824 120.834 113.916 106.778 99.5555 92.1631 84.607 76.8654 68.929 60.7849 52.4229 43.8328 35.0054 25.9317 16.6033 7.01167 0 0 0 0 0 0 0 0 5.27745 5.77 5.77 5.77 5.77 5.77 5.77 5.77 5.77 5.77 5.77 5.77 5.77 5.77 5.77 5.77 5.77
5.70276 4.87551 5.5155 5.76616 5.73842 5.50738 7.58163 13.3789 7.29464 5.24649 5.36484 5.59286 5.73686 5.73915 5.77 5.74457 5.30133 10.3276 15.1295 19.5295 22.486 25.8285 24.5535 24.6518 19.2216 23.0338 25.1943 29.6343 29.1127 41.8056 120.841 122.947 117.315 110.381 103.248 96.0674 88.7454 81.2932 73.6901 65.9317 58.0105 49.9231 41.6663 33.237 24.6322 15.8483 6.87559 0 0 0 0 0 0 0 1.99414 5.77 5.77 5.77 5.77 5.77 5.77 5.77 5.77 5.77 5.77 5.77 5.77 5.77 5.77 5.77 5.77
5.30029 5.73961 5.77 5.77 5.77 5.73582 5.49953 10.9023 12.9034 6.6131 10.6707 6.75368 7.87103 5.73469 5.77 5.77 5.61142 7.16071 12.8654 14.3052 17.5946 21.548 18.4241 21.2614 15.3625 18.868 23.6029 29.2851 33.5017 27.1471 31.6039 115.533 118.815 113.572 106.517 99.2654 91.9857 84.5744 77.0459 69.3815 61.5822 53.6452 45.5688 37.3502 28.987 20.4764 11.765 2.14741 0 0 0 0 0 0 0 4.69969 5.77 5.77 5.77 5.77 5.77 5.77 5.77 5.77 5.77 5.77 5.77 5.77 5.77 5.77 5.77
5.73307 5.77 5.77 5.77 5.77 5.77 5.68731 5.32598 6.90822 12.5824 15.0657 9.5253 5.03608 5.69352 5.77 5.77 5.7415 5.44976 6.98641 12.9198 14.1074 15.6131 11.7654 12.725 21.3331 23.8731 22.8626 26.9618 27.8544 32.9045 27.5954 17.9396 111.021 115.674 109.738 102.547 95.1566 87.7516 80.2228 72.5941 64.8514 56.9941 49.0143 40.9081 32.672 24.2983 15.4048 5.67337 0 1.91306 0 0 0 0 0 2.03569 5.77 5.77 5.77 5.77 5.77 5.77 5.77 5.77 5.77 5.77 5.77 5.77 5.77 5.77 5.77
5.77 5.77 5.738 5.72278 5.72744 5.77 5.76355 5.69433 5.06566 9.77547 16.0824 11.6516 5.50991 5.53641 5.77 5.77 5.77 5.73712 5.44891 7.17782 10.3511 10.5863 5.45766 11.2451 18.1795 24.7762 26.2867 21.9763 25.7416 27.9869 33.9198 31.777 26.5082 107.757 112.425 105.902 98.5759 91.052 83.5437 75.9474 68.2764 60.5007 52.6148 44.6115 36.4876 28.1971 20.0394 11.0922 15.8747 12.0711 11.7281 1.75644 0 0 0 0 5.77 5.77 5.77 5.77 5.77 5.77 5.77 5.77 5.77 5.77 5.77 5.77 5.77 5.77 5.77
5.77 5.72719 5.37685 7.77455 5.41156 5.45029 5.58592 6.07436 7.68159 8.49749 10.7334 14.5227 9.25366 5.22577 5.77 5.77 5.77 5.77 5.74012 5.61409 4.69333 5.40632 5.22692 11.2688 17.4031 20.5053 26.7586 28.1672 21.6756 25.3087 31.4234 36.7965 41.0889 31.7301 103.97 109.001 102.091 94.6631 87.1139 79.6204 72.0273 64.3491 56.5639 48.6698 40.6616 32.6258 26.7432 31.2766 25.0966 18.3009 8.28598 0 0 0 0 0.690779 5.77 5.77 5.77 5.77 5.77 5.77 5.77 5.77 5.77 5.77 5.77 5.77 5.77 5.77 5.77
5.50975 4.87819 6.22208 12.7274 7.53546 11.0522 7.79861 5.71609 5.61113 5.0559 7.49512 14.1362 8.83696 4.85283 5.73291 5.77 5.77 5.77 5.77 5.77 5.61984 4.84861 2.90777 8.95056 10.5195 16.235 22.8704 30.1382 28.3248 26.6938 33.2454 40.2269 44.8673 37.9558 29.3516 100.925 105.702 98.6005 91.3506 83.8515 76.3694 68.7824 61.112 53.338 45.4602 37.9211 33.3958 25.0144 14.5003 3.84225 0 0 0 0 0 3.47455 2.95984 3.80077 4.60613 5.77 5.77 5.77 5.77 5.77 5.77 5.77 5.77 5.77 5.77 5.77 5.77
3.84458 8.65764 12.5151 11.3317 6.03531 5.16927 5.59469 5.74288 5.77 5.19763 9.34735 15.7319 11.872 6.0814 5.64089 5.77 5.77 5.77 5.77 5.77 5.7405 7.82173 10.8052 3.98949 6.62188 12.587 19.1215 26.0112 32.4842 35.9896 37.9704 38.4073 37.9862 43.3064 43.3882 36.6263 96.2915 100.553 92.8619 85.0796 77.1537 69.2389 61.2215 53.1108 44.8849 36.8503 28.3239 19.0836 9.22751 0 0 0 0 0 0 0 0 4.9748 2.04492 5.77 5.77 5.77 5.77 5.77 5.77 5.77 5.77 5.77 5.77 5.77 5.77
8.65263 12.6494 12.7698 5.61277 4.01875 5.62581 5.77 5.77 5.77 4.7346 7.49872 14.1632 11.7065 6.1491 5.63595 5.77 5.77 5.77 5.77 5.77 5.74974 5.20026 5.9361 7.52477 9.24088 15.2139 21.5163 27.908 34.3227 41.0032 39.8724 38.6002 36.9893 41.7137 47.458 42.758 36.7331 94.1821 98.1509 88.9842 81.1783 73.2045 65.264 57.227 49.105 40.8686 32.429 23.7203 14.8067 5.6243 0 0 0 0 0 0 0 3.70747 0 5.77 5.77 5.77 4.29004 4.71738 5.116 5.71003 5.77 5.77 5.77 5.77 5.77
15.1867 18.4916 11.4733 4.60529 4.02214 5.77 5.77 5.77 5.77 3.94904 6.18074 13.7149 8.02654 4.8033 5.72512 5.77 5.77 5.77 5.77 5.77 5.74469 5.50323 4.12434 6.27851 12.318 18.376 24.5828 30.6497 35.1967 38.6269 41.5285 41.1446 38.0093 41.6778 41.4347 47.4598 49.4075 41.293 90.8925 94.6207 85.4909 77.7103 69.7689 61.8727 53.8851 45.8036 37.5749 29.1576 20.6192 11.8273 2.28183 0 0 0 0 0 0 0 0 5.77 5.39942 4.03796 0.564719 6.13238 3.30392 5.53712 5.77 5.77 5.77 5.77 5.77
22.3241 16.1516 7.33384 0.645452 0.646164 2.81133 4.43866 5.44286 3.97212 0.866322 8.03897 13.8677 6.86089 4.75034 5.73743 5.77 5.77 5.77 5.77 5.77 5.73125 8.00777 5.46005 10.7871 14.5003 20.283 22.9654 26.2288 28.9354 30.408 37.51 44.9762 43.7306 37.6503 40.8462 46.6275 50.7978 46.4278 35.1006 87.1076 91.1732 81.9594 74.1378 66.1648 58.2252 50.1649 41.9665 33.6822 25.2035 16.1739 4.57201 0 0 8.91452 6.33148 4.52627 0 0 0 0 0 0 0.000290097 8.33625 0 3.97551 5.63905 5.77 5.77 5.77 5.77
23.4257 17.8632 9.5901 4.82378 6.31022 1.70058 0 0 0 5.38745 12.3142 16.2652 9.88705 5.45622 5.65157 5.77 5.77 5.77 5.77 5.77 5.72079 5.24857 10.6038 14.73 14.9554 13.8858 17.2462 20.3008 20.7342 27.6467 34.7148 41.5146 44.9822 45.4381 43.3562 44.2419 44.5832 45.0047 41.5021 30.885 83.8845 88.0424 78.4168 70.5313 62.4855 54.4275 46.3065 38.0539 29.4109 18.9079 4.63352 0 20.1178 17.0515 15.1375 2.30868 0 0 0 0 0 0 5.61179 6.06071 0 0 1.30093 5.21889 5.77 5.77 5.77
24.7183 21.1305 15.4511 15.9136 11.7317 5.31106 0 0 0.243787 12.2914 14.9225 10.0314 8.20908 6.09027 5.65026 5.77 5.77 5.77 5.77 5.77 5.77 5.58306 7.00788 9.23534 6.71061 6.68485 12.6405 12.3136 19.3388 26.5304 32.0191 33.708 41.0908 48.0103 46.1289 38.5874 38.8349 38.889 40.5959 35.295 32.4714 82.2038 85.0327 74.808 66.8117 58.7343 50.6548 42.3105 32.7267 20.4048 0 31.1309 27.61 25.5693 13.962 0 0 0 0 0 6.21649 0 10.7764 2.24131 0 1.41985 0 0.576331 3.70435 4.65482 5.50939
24.5643 26.1478 25.6404 22.1453 17.5713 12.2543 9.84973 5.49104 16.4682 13.7625 6.30288 1.01158 2.90261 5.18926 5.73671 5.77 5.77 5.77 5.77 5.77 5.77 5.72943 5.57108 4.48481 1.42998 2.10478 6.2545 16.7064 24.2808 24.1147 24.0458 31.2632 38.8096 41.0315 43.1987 42.0122 34.1745 34.0406 34.0573 40.4137 42.3334 39.9052 81.0641 81.5467 71.156 63.1883 54.9792 46.1262 35.4463 17.7265 41.9608 38.0274 35.8484 25.3346 11.3647 0.585823 0 11.4009 4.32696 13.3104 9.93718 14.4821 11.7244 10.2068 8.84904 2.25268 0 0 0.978162 5.01762 3.77945
26.2969 32.6685 32.1727 27.9552 24.7967 20.6075 19.5171 13.8023 12.6793 4.36433 0 0 4.82736 5.57549 5.67764 5.70912 5.77 5.77 5.77 5.77 5.77 5.77 5.77 5.77 4.09947 0.373981 7.4156 15.3191 22.6137 14.8487 22.578 30.0836 37.0667 34.1152 35.8264 39.5905 38.5237 36.1016 33.5535 38.6527 45.352 48.901 48.8251 77.9541 78.2012 67.6112 59.2766 49.8496 35.2756 52.6317 48.3487 46.0063 36.4689 24.1912 14.9318 0 23.2303 16.6351 23.2023 19.6904 21.3729 21.1618 20.4363 18.5102 12.1153 0 0.444061 2.98543 7.25912 5.04826 4.39355
26.0364 32.6821 38.1484 34.842 33.0087 30.7139 22.4827 24.5052 16.4426 9.71824 4.26012 2.91734 2.32399 3.73602 6.43593 4.83274 5.13169 5.40494 5.63018 5.73544 5.77 5.77 5.77 5.72088 3.88964 7.06775 13.1533 12.2449 11.0729 22.3186 27.6843 32.0243 31.6194 26.9226 28.4131 31.3813 35.6447 39.5272 35.9901 41.8447 49.1955 53.0272 46.2685 39.1391 73.5002 74.7572 63.7463 53.035 63.5492 58.684 56.1101 47.4342 36.6248 28.5625 11.8113 34.9328 29.1401 31.2004 31.2029 28.6356 28.4574 30.0065 28.4877 22.298 11.2657 10.9847 11.4851 12.7115 13.1769 8.80092 1.66294
24.7593 31.4939 38.8669 40.5751 34.2518 29.2709 28.4338 30.0452 23.0009 17.0866 13.3503 5.7021 5.23169 6.85266 10.3783 9.61523 9.36929 5.5029 6.91844 5.37094 5.6847 5.77 5.77 5.68824 7.14654 9.21828 5.30095 2.47962 10.7883 20.3801 24.0689 24.9757 24.5524 19.4591 20.5418 22.7288 31.2603 39.0791 44.0226 47.0883 46.7799 46.5052 43.4227 37.992 31.437 68.7105 69.5413 75.268 70.5861 66.3327 58.3901 48.7829 41.6572 29.1143 45.7487 40.504 38.77 38.7712 38.6 35.4573 36.728 37.7343 32.4843 22.2776 21.4476 21.221 20.7935 20.1767 18.0843 9.51489 8.4114
24.7964 31.1832 38.8099 37.3937 29.0366 26.7016 31.2962 32.4881 27.7109 23.7655 15.8962 12.6425 11.8772 13.5828 16.3581 15.5069 13.2583 11.3802 12.4394 10.6416 5.43055 5.73723 5.77 5.72136 5.5111 4.15514 1.47815 4.18124 12.6175 19.821 17.3441 18.2895 17.6697 11.4613 11.7292 20.7145 28.5454 35.6721 42.803 47.7934 40.0049 40.0098 37.4636 36.0278 34.0113 26.771 56.3901 62.4789 75.6917 71.5309 60.9055 54.4214 44.473 53.8297 51.3633 48.8961 45.7444 45.7592 45.1852 43.2701 44.217 42.5956 33.0651 31.6901 30.9033 30.0535 28.2569 26.9038 19.3441 17.5921 15.0559
28.6243 34.4306 41.3236 38.5784 31.0743 27.7833 31.4734 32.5759 32.368 26.2023 22.158 18.9288 19.0325 22.7019 22.2939 21.5443 19.4294 17.6658 18.2297 12.8694 7.30819 5.72548 5.77 5.77 5.77 5.68432 3.43155 6.29671 13.7742 14.6303 11.4755 12.7036 12.4145 6.63786 11.8304 19.8979 27.3765 34.8096 41.7879 41.2914 41.4284 32.9411 30.8256 29.5589 31.8904 32.2769 37.8201 35.4013 47.8789 68.826 69.6454 58.6623 62.1371 61.4354 59.0623 55.7174 52.7659 52.372 52.7032 50.5451 51.006 43.5991 41.7289 40.4222 39.2526 37.2504 35.0554 28.865 26.9214 24.1941 22.6772
27.6449 33.0315 43.7225 39.9562 32.9647 28.2649 31.5457 32.5901 32.5446 32.351 29.0288 25.4438 28.1812 29.0037 28.533 27.6259 25.7303 21.4058 15.3294 9.19932 5.02851 5.74228 5.72757 5.64041 5.49706 4.95414 5.22625 10.9427 13.2689 13.2777 13.1259 12.3147 9.93298 13.1969 18.1434 24.9822 31.829 38.4637 38.2424 33.9478 36.3868 33.1916 23.7472 23.4459 26.4324 35.9195 32.4937 32.1898 28.3077 38.1826 64.7594 69.2632 71.4241 69.9045 65.7907 62.5089 59.4276 59.7148 59.5073 57.3754 53.4764 51.4729 49.7897 48.3292 46.2396 43.9802 38.0796 36.0678 33.2158 31.4773 26.6123
25.8031 30.8772 46.0045 40.8534 34.2093 30.2195 31.4016 32.5827 32.6193 32.6013 31.9866 32.1102 32.4548 32.5177 32.4518 32.2802 26.7891 20.7126 14.5715 8.87499 5.08792 5.77 5.60352 11.2518 7.27634 10.7668 12.0062 13.696 13.8899 13.9176 13.9215 13.6653 11.603 13.18 19.5939 26.0589 30.4747 32.7247 31.0437 26.8599 29.3208 29.1794 25.0713 18.6432 27.6784 30.1848 26.8081 28.4404 29.6421 34.0958 35.3164 44.2648 52.5371 74.7877 73.3455 68.9821 66.6999 66.4467 66.2289 62.7548 60.8446 58.9865 57.2821 55.1237 52.8513 47.2238 45.0756 42.1197 40.195 35.4139 31.9796
24.9611 29.9082 47.8611 41.6375 35.2041 30.8246 31.5316 32.5812 32.6197 32.6197 32.6134 32.6187 32.6194 32.6195 32.6146 32.2459 26.7703 20.7464 14.6937 8.78103 5.05822 5.77 5.39815 10.8302 13.179 15.6009 17.0593 13.6608 13.9271 13.9295 13.9283 13.9202 12.5953 16.7188 21.1445 22.1999 23.6657 26.4064 24.6472 20.0469 22.7465 21.6365 13.3704 25.9695 23.399 24.7669 20.9894 21.9179 30.2245 32.9139 39.9001 46.6012 52.1777 56.7274 77.8568 76.8487 73.4067 73.107 72.1923 70.0469 68.0055 66.1031 63.8934 61.6103 56.2107 53.9558 50.9231 48.8351 44.1213 40.7139 34.4165
23.5906 28.5435 48.5052 42.404 36.0833 31.3665 31.7315 32.588 32.6198 32.62 32.62 32.62 32.62 32.62 32.6148 32.2344 26.7122 20.6199 14.5822 8.6698 5.04794 5.77 5.22022 9.80939 15.924 21.5016 19.1945 13.4008 13.8613 13.9283 13.93 13.9205 13.2843 13.8902 15.3242 15.1296 17.2762 25.2885 17.9598 13.3777 16.1316 11.1486 6.58686 14.5933 23.6074 25.6387 17.6594 22.2473 23.8432 31.001 37.9558 44.5075 50.5339 55.745 60.2901 82.0797 79.9134 79.3181 79.1132 76.9533 75.0021 72.7487 70.3955 65.194 62.8475 59.7415 57.4461 52.7464 49.3493 43.2482 40.937
26.418 31.557 49.2007 43.1195 36.8819 31.8946 31.7715 32.5965 32.6199 32.62 32.62 32.62 32.62 32.62 32.6171 32.3634 27.0157 20.9199 14.8539 8.87101 4.89162 5.23421 4.84338 8.71953 14.9101 21.3115 21.2908 15.3087 13.6182 13.9268 13.93 13.9243 13.8394 13.2469 12.3233 10.7036 16.5575 20.6161 14.7134 8.4211 11.1985 8.84123 5.31757 10.1988 21.1539 22.9504 22.9982 15.5768 22.2199 28.8409 35.6054 41.9125 48.2165 54.479 58.3366 87.6202 86.0355 86.0365 85.6081 80.3225 74.4714 72.4379 70.1618 67.904 65.61 63.273 60.8681 57.9518 52.0943 49.656 45.2845
28.8742 34.1401 49.8178 43.7633 37.6082 32.3994 31.8391 32.6039 32.6199 32.62 32.62 32.62 32.62 32.62 32.619 32.529 29.6724 23.6595 17.6786 12.0692 6.52599 10.8438 5.82256 11.1107 17.2475 23.6674 22.9557 18.8569 13.5138 13.9283 13.93 13.9287 13.9223 13.9184 13.7659 12.9967 13.6236 18.925 10.4003 12.4613 12.651 12.1821 10.783 14.3077 16.1705 13.7682 13.9397 23.5633 26.8478 32.8707 38.9837 45.1768 51.3788 57.6807 61.4857 92.9394 92.1619 87.2916 82.6346 77.0934 71.0504 65.0023 63.2814 61.392 59.322 57.1385 54.8504 52.4757 51.0533 51.917 50.5514
26.8096 32.223 50.3098 44.3298 38.252 32.8666 31.948 32.6095 32.62 32.62 32.62 32.62 32.62 32.6198 32.6162 32.5773 32.0321 26.3053 20.7758 15.082 12.9614 12.9489 12.4774 14.241 19.7801 26.2146 19.8269 14.1897 13.4997 13.9283 13.93 13.93 13.93 13.9278 13.9228 13.8478 12.9751 15.9639 13.3961 13.8488 13.9288 13.9028 13.6245 13.7568 11.9362 8.57408 12.7355 20.4592 27.0112 33.0234 39.172 45.3037 51.4879 57.559 60.7264 95.0007 90.3693 83.8944 77.5533 73.1617 67.8514 61.7045 55.5006 54.211 52.739 50.8939 48.7594 46.4677 44.9732 45.8698 44.5422
29.415 34.9528 50.7314 44.8303 38.7984 33.2798 32.0787 32.6136 32.62 32.62 32.62 32.62 32.62 32.6196 32.5666 31.8968 29.4052 23.691 21.2742 15.4352 9.55716 6.46528 8.24921 12.6646 18.799 23.8918 17.4734 12.9358 13.8094 13.9279 13.93 13.93 13.93 13.93 13.9289 13.9233 13.8202 13.7852 13.8226 13.9282 13.9295 13.929 13.8834 13.8158 13.8048 11.6381 15.1135 21.0015 27.178 33.2803 39.3558 45.5072 51.5362 57.5312 60.8361 92.5992 87.68 81.1549 74.7339 68.3463 64.0113 58.6631 52.2838 45.8116 44.9931 44.0012 42.4119 40.3524 38.9616 39.911 38.5698
27.8978 33.545 48.4083 45.2516 39.2409 33.626 32.2127 32.6163 32.62 32.62 32.62 32.62 32.6199 32.6195 32.5237 29.3175 23.3876 21.0756 15.341 13.0203 7.3065 5.66708 4.55686 10.326 16.4754 22.0212 15.6772 13.2428 13.9203 13.9242 13.93 13.93 13.93 13.93 13.93 13.9284 13.9285 13.9275 13.9284 13.9288 13.93 13.9297 13.9289 13.9288 13.879 12.4032 14.4035 20.1243 26.3065 32.4996 38.6156 44.5966 50.6092 56.574 60.2881 88.6462 85.4561 78.7682 72.2603 65.7461 59.2274 54.9448 49.527 42.8198 35.9847 35.6539 35.1764 33.8918 32.8375 33.9284 32.5717
30.3918 36.1274 46.0846 45.5705 39.5799 33.8972 32.3381 32.6181 32.62 32.62 32.62 32.62 32.6198 32.5961 32.5032 26.928 20.9509 15.0139 12.7559 7.12318 5.53353 7.91804 9.81715 12.4893 14.8078 21.0358 18.9018 13.0395 13.7445 13.9194 13.9267 13.93 13.93 13.93 13.93 13.93 13.93 13.93 13.93 13.93 13.93 13.93 13.93 13.9297 13.9295 12.5864 15.4389 21.1103 27.2657 33.3905 39.4223 45.4752 51.2757 57.1466 61.4631 83.0923 83.426 76.5404 70.0032 63.4547 56.8401 50.1843 45.9501 40.4324 33.3208 26.0454 26.2091 26.3259 26.3446 27.8754 26.5299
