tests/full-run-ref/erosion_82_12_73.185.asc
ncols 512
nrows 512
xllcorner -3.24582
yllcorner -4.08743
cellsize 5
NODATA_value -99999
[rows 248 to 278 of 512, columns 345 to 413 of 512]
11.5376 11.5382 11.5383 11.5386 11.5376 11.5385 11.5385 11.5392 11.5389 11.5376 11.5377 11.5362 11.537 11.5365 11.538 11.5217 11.5325 11.54 11.54 11.54 11.3974 14.6458 9.93321 11.54 11.54 11.54 11.5394 11.54 11.5398 11.5396 11.5391 11.5307 11.5338 11.5379 11.5393 11.5389 11.5389 11.5388 11.5394 11.5395 11.5398 11.5399 11.5399 11.54 11.5399 11.5399 11.5399 11.5399 11.5399 11.5399 11.5399 11.5399 11.5399 11.5379 11.5401 11.5381 11.5399 11.5398 11.5396 11.5395 11.5395 11.5394 11.5395 11.5395 11.5396 11.5397 11.5398 11.5399 11.5294
11.5373 11.5375 11.5381 11.5385 11.539 11.54 11.54 11.5392 11.538 11.5388 11.5378 11.5387 11.5364 11.5384 11.5383 11.5167 11.5401 11.54 11.54 10.5969 11.3888 11.4093 10.5839 11.54 11.54 11.5401 11.5392 11.5399 11.5399 11.5396 11.5396 11.5397 11.5398 11.5399 11.5392 11.5389 11.5391 11.5392 11.5393 11.5397 11.5399 11.5399 11.5399 11.5399 11.54 11.5399 11.5399 11.5399 11.54 11.54 11.5399 11.5399 11.5399 11.5382 11.5389 11.5382 11.5399 11.5398 11.5397 11.5396 11.5395 11.5395 11.5396 11.5397 11.5397 11.5398 11.5399 11.54 11.5289
11.54 11.54 11.54 11.54 11.5391 11.5397 11.5396 11.54 11.54 11.54 11.54 11.54 11.54 11.54 11.54 11.5229 11.54 11.54 11.54 9.38378 13.8506 11.0587 11.54 11.54 11.54 11.5398 11.5395 11.54 11.54 11.5396 11.5395 11.5395 11.5323 11.5372 11.521 11.5389 11.5389 11.5148 11.5274 11.5382 11.5399 11.5399 11.5399 11.5399 11.54 11.54 11.54 11.54 11.54 11.54 11.5399 11.5399 11.5399 11.54 11.54 11.5399 11.5399 11.5398 11.5397 11.5396 11.5396 11.5396 11.5397 11.5397 11.5398 11.5399 11.54 11.54 11.5281
11.5379 11.5382 11.5388 11.539 11.5396 11.5396 11.5393 11.54 11.54 11.54 11.5385 11.5381 11.5384 11.5385 11.54 11.5247 11.5401 11.54 11.54 9.7908 13.1354 11.3811 11.3452 11.54 11.5401 11.5397 11.54 11.54 11.54 11.5395 11.5394 11.5394 11.5271 11.5401 11.51 11.5389 11.539 11.505 11.5401 11.5367 11.5399 11.5399 11.5399 11.54 11.54 11.54 11.54 11.54 11.54 11.54 11.5399 11.5399 11.5399 11.54 11.54 11.5399 11.5399 11.5398 11.5397 11.5397 11.5396 11.5397 11.5397 11.5352 11.5375 11.5396 11.5393 11.5393 11.2781
11.536 11.5368 11.5376 11.5395 11.54 11.5399 11.5395 11.5396 11.5378 11.5375 11.5375 11.5373 11.5371 11.5377 11.5375 11.53 11.5399 11.5399 11.5399 9.22824 8.80736 13.6894 11.3031 11.54 11.5398 11.54 11.5397 11.5398 11.54 11.5394 11.5393 11.5393 11.5274 11.54 11.5172 11.5389 11.5389 11.5145 11.5319 11.5361 11.5399 11.5399 11.54 11.54 11.54 11.54 10.5619 10.5001 10.6255 11.54 11.54 11.54 11.54 11.539 11.5394 11.5388 11.5399 11.5398 11.5397 11.5397 11.5397 11.5396 11.5397 11.5338 11.5401 11.5393 11.5389 11.5401 11.1586
11.5388 11.539 11.5396 11.54 11.54 11.5399 11.5397 11.5393 11.5393 11.5354 11.5355 11.5334 11.5352 11.5353 11.5198 11.5314 11.5399 11.54 11.54 11.54 8.27978 12.4925 11.3885 11.3291 11.54 11.5398 11.5401 11.5399 11.5398 11.5266 11.5393 11.5391 11.539 11.5391 11.5387 11.5389 11.5393 11.5392 11.5398 11.5398 11.5399 11.5399 11.5399 11.54 11.54 11.54 9.76897 11.8233 10.3082 11.54 11.54 11.54 11.54 11.5389 11.5401 11.5384 11.5399 11.5398 11.5398 11.5397 11.5396 11.5397 11.5397 11.5343 11.5358 11.5293 11.4515 11.2962 11.1906
11.5393 11.5397 11.54 11.54 11.54 11.5399 11.5397 11.5397 11.5393 11.5389 11.539 11.5389 11.5385 11.539 11.5182 11.5401 11.5399 11.54 11.54 11.54 10.5054 9.37155 14.8464 11.1914 11.5187 11.54 11.54 11.54 11.5401 11.522 11.5393 11.539 11.5393 11.5393 11.5393 11.5394 11.5391 11.5394 11.5397 11.5398 11.5399 11.5399 11.5399 11.54 11.54 11.54 7.95272 7.65493 9.83101 11.54 11.54 11.54 11.54 11.539 11.5388 11.5387 11.5399 11.5399 11.5398 11.5397 11.5397 11.5397 11.5397 11.5398 11.5399 11.5393 11.5341 11.5329 11.5284
11.5325 11.5397 11.54 11.54 11.54 11.54 11.5398 11.5398 11.5396 11.5394 11.5388 11.5391 11.5393 11.5395 11.5243 11.531 11.536 11.5395 11.54 11.54 11.54 8.1477 13.4207 11.6845 11.1789 11.54 11.54 11.5395 11.5369 11.5291 11.5394 11.5392 11.5392 11.5391 11.5394 11.5391 11.5394 11.5397 11.5398 11.5399 11.5399 11.5399 11.54 11.54 11.54 11.54 11.54 11.54 11.5395 11.5398 11.5394 11.54 11.54 11.54 11.54 11.54 11.5399 11.5399 11.5398 11.5398 11.5398 11.5397 11.5398 11.5398 11.5398 11.5392 11.5333 11.5315 11.527
11.5401 11.5337 11.5394 11.539 11.54 11.54 11.5397 11.54 11.54 11.54 11.54 11.54 11.54 11.54 11.54 11.54 11.54 11.5382 11.54 11.54 11.54 10.2601 11.1602 16.4158 10.8103 11.0416 11.4511 11.5392 11.5399 11.5397 11.5396 11.5394 11.5394 11.54 11.54 11.54 11.5397 11.54 11.54 11.54 11.54 11.54 11.54 11.5399 11.54 11.54 11.54 11.54 11.538 11.5401 11.5392 11.54 11.54 11.54 11.54 11.54 11.54 11.5399 11.5399 11.5398 11.5398 11.5397 11.5398 11.5364 11.5374 11.5256 11.5342 11.5326 11.5298
11.5126 11.5229 11.54 11.54 11.5394 11.54 11.5392 11.54 11.5397 11.54 11.5395 11.5394 11.5391 11.54 11.5393 11.5395 11.54 11.5356 11.5399 11.5399 11.54 11.54 10.6792 16.1635 13.2135 11.533 11.3907 11.5399 11.5398 11.5393 11.5392 11.5396 11.5397 11.54 11.54 11.5397 11.5398 11.5399 11.54 11.5397 11.54 11.5374 11.5391 11.5374 11.54 11.5398 11.5398 11.5399 11.5376 11.5387 11.5393 11.54 11.54 11.54 11.5399 11.5399 11.5399 11.5399 11.5399 11.5398 11.5398 11.5398 11.5399 11.5365 11.5401 11.5234 11.5354 11.5341 11.5306
11.5392 11.5391 11.5396 11.5393 11.5393 11.5388 11.5391 11.5397 11.5395 11.539 11.539 11.5386 11.538 11.5387 11.5389 11.539 11.5389 11.5332 11.5401 11.5399 11.54 10.7101 11.3722 12.2394 11.0045 11.3666 11.4525 11.54 11.5399 11.54 11.539 11.5385 11.5369 11.5399 11.5344 11.5354 11.5374 11.5397 11.5396 11.5395 11.5394 11.535 11.5401 11.5345 11.5398 11.5396 11.5397 11.5397 11.5399 11.54 11.54 11.54 11.54 11.54 11.54 11.54 11.54 11.5399 11.5399 11.5399 11.5398 11.5398 11.5399 11.5375 11.5377 11.5304 11.5365 11.5352 11.5334
11.5392 11.5394 11.5389 11.5397 11.5398 11.5397 11.5397 11.5393 11.5393 11.5398 11.5396 11.5395 11.5393 11.5382 11.5376 11.5386 11.5397 11.534 11.54 11.54 11.2269 11.1521 14.9398 11.14 11.4643 11.54 11.54 11.54 11.54 11.54 11.5398 11.54 11.5381 11.5398 11.5369 11.5401 11.5363 11.5398 11.5393 11.5391 11.5397 11.5328 11.5304 11.532 11.5392 11.539 11.5393 11.5394 11.5398 11.5398 11.54 11.54 11.54 11.54 11.54 11.54 11.54 11.5399 11.5399 11.5399 11.5399 11.5399 11.5399 11.5399 11.5399 11.54 11.5375 11.5367 11.535
11.54 11.54 11.5395 11.5397 11.54 11.54 11.54 11.54 11.54 11.5399 11.5398 11.5397 11.5394 11.5395 11.5395 11.5394 11.5397 11.5344 11.54 11.54 11.3299 15.1636 11.0369 11.0011 11.4099 11.3922 11.54 11.54 11.54 11.54 11.54 11.5389 11.5383 11.5399 11.5367 11.5361 11.5368 11.5398 11.5398 11.5398 11.5398 11.5398 11.5398 11.5397 11.5396 11.5397 11.5398 11.5399 11.5399 11.54 11.54 11.54 11.54 11.54 11.54 11.54 11.54 11.54 11.5399 11.5399 11.5399 11.5399 11.5399 11.5399 11.5399 11.5399 11.5381 11.5375 11.5367
11.54 11.5119 11.5344 11.5311 11.5394 11.5393 11.54 11.54 11.5329 11.5386 11.5335 11.54 11.54 11.54 11.54 11.54 11.54 11.5313 11.5327 11.5378 10.9986 11.3154 11.1697 11.3859 12.0043 11.3147 11.54 11.54 11.54 11.54 11.54 11.54 11.54 11.54 11.54 11.54 11.54 11.54 11.54 11.54 11.54 11.5396 11.54 11.54 11.54 11.54 11.54 11.5333 11.5384 11.5395 11.54 11.54 11.54 11.54 11.54 11.54 11.54 11.54 11.54 11.5399 11.5399 11.5399 11.5399 11.54 11.54 11.5399 11.5383 11.54 11.54
11.537 11.495 11.5401 11.5191 11.5391 11.5377 11.5386 11.5385 11.5281 11.5401 11.5254 11.54 11.5392 11.5392 11.5392 11.5393 11.5394 11.5395 11.5397 11.5358 11.54 11.54 11.54 11.3245 11.2407 11.379 11.54 11.54 11.54 11.5399 11.5399 11.5398 11.54 11.5396 11.5395 11.54 11.5395 11.5395 11.5397 11.5398 11.5397 11.5396 11.5396 11.54 11.54 11.5392 11.5393 11.5245 11.5401 11.5387 11.5399 11.54 11.54 11.54 11.54 11.5398 11.5398 11.5395 11.5399 11.54 11.5383 11.5387 11.5387 11.5399 11.5386 11.5392 11.5003 11.5374 11.54
11.5366 11.4931 11.4888 11.5001 11.5385 11.5387 11.5384 11.5395 11.5323 11.5346 11.526 11.5391 11.5385 11.5386 11.5385 11.5388 11.539 11.5392 11.5393 11.5332 11.5401 11.54 11.5401 11.54 11.54 11.5399 11.54 11.54 11.5399 11.5399 11.5396 11.5392 11.5393 11.5392 11.5391 11.5386 11.5389 11.539 11.5392 11.5325 11.5351 11.5326 11.5393 11.5389 11.5379 11.538 11.5381 11.5189 11.5232 11.5337 11.5399 11.54 11.54 11.54 11.54 11.5398 11.5401 11.5395 11.5399 11.5398 11.5355 11.5401 11.5356 11.5398 11.5357 11.5401 11.4793 11.5349 11.5324
11.54 11.54 11.54 11.54 11.54 11.54 11.54 11.54 11.5397 11.5397 11.5394 11.5377 11.5366 11.5374 11.5369 11.5376 11.5376 11.5385 11.5386 11.5332 11.5326 11.5327 11.5339 11.5352 11.5369 11.5385 11.5398 11.54 11.5397 11.5399 11.5398 11.5396 11.5389 11.5383 11.5387 11.5396 11.5396 11.5397 11.5397 11.5313 11.5401 11.5311 11.5395 11.5391 11.5393 11.5392 11.5392 11.5394 11.5396 11.5397 11.5399 11.5387 11.5395 11.5399 8.13731 7.5812 9.18501 11.5397 11.5397 11.5396 11.5256 11.5182 11.5254 11.5396 11.5339 11.5398 11.4972 11.5366 11.5284
11.5359 11.5359 11.5363 11.5365 11.537 11.5376 11.5382 11.5153 11.5363 11.5294 11.54 11.54 11.54 11.54 11.54 11.54 11.54 11.54 11.54 11.54 11.54 11.54 11.54 11.54 11.54 11.54 11.5396 11.54 11.5392 11.54 11.54 11.54 11.54 11.54 11.54 11.54 11.54 11.54 11.54 11.5298 11.5287 11.5303 11.54 11.54 11.54 11.54 11.54 11.54 11.54 11.54 11.5399 11.5384 11.5401 11.5399 7.33791 13.1012 7.80276 11.54 11.5397 11.5394 11.5394 11.5392 11.5391 11.5394 11.5319 11.5399 11.5051 11.5367 11.5367
11.529 11.5287 11.5293 11.5297 11.5314 11.5328 11.5351 11.4926 11.5401 11.5173 11.539 11.54 11.5387 11.5389 11.5391 11.54 11.5393 11.5394 11.5395 11.5395 11.5396 11.5396 11.5396 11.5396 11.5396 11.54 11.5395 11.539 11.5394 11.5396 11.54 11.5395 11.5394 11.5393 11.54 11.54 11.5393 11.5393 11.54 11.54 11.5396 11.54 11.5396 11.5393 11.5388 11.5387 11.5388 11.54 11.5394 11.5397 11.54 11.5392 11.5399 11.5399 9.46598 7.96468 8.69097 11.5399 11.5396 11.5394 11.5393 11.539 11.539 11.5392 11.5202 11.5401 11.4883 11.537 11.5368
11.5346 11.5344 11.5347 11.5351 11.5356 11.5365 11.5374 11.4885 11.5024 11.5102 11.5379 11.5376 11.538 11.5384 11.5384 11.5378 11.5385 11.5386 11.5388 11.5388 11.5389 11.5389 11.539 11.539 11.5387 11.5391 11.5392 11.5396 11.5396 11.5393 11.5386 11.5387 11.5385 11.5381 11.5386 11.538 11.5383 11.5383 11.539 11.5386 11.5388 11.5393 11.5393 11.5391 11.5383 11.5381 11.5375 11.5373 11.5386 11.5397 11.54 11.54 11.54 11.54 11.54 11.5399 11.5401 11.54 11.5396 11.5393 11.5394 11.5392 11.5392 11.539 11.5085 11.491 11.4906 11.5369 11.5373
11.54 11.54 11.54 11.54 11.54 11.5377 11.5381 11.5388 11.5395 11.5384 11.5385 11.5364 11.5353 11.5371 11.5369 11.5392 11.5393 11.5394 11.5394 11.5394 11.5395 11.5395 11.5394 11.5395 11.5394 11.5389 11.5394 11.5379 11.5384 11.5381 11.5394 11.5394 11.5394 11.5392 11.5388 11.5394 11.5395 11.5395 11.5386 11.5394 11.5395 11.5389 11.5384 11.5384 11.5367 11.5367 11.5363 11.5392 11.5397 11.54 11.54 11.54 11.54 11.54 11.54 11.5398 11.5399 11.54 11.5396 11.5393 11.5393 11.5388 11.5389 11.5384 11.5384 11.5381 11.5378 11.5371 11.5375
11.5304 11.5318 11.54 11.54 11.54 11.54 11.54 11.54 11.54 11.54 11.54 11.54 11.54 11.54 11.54 11.54 11.54 11.54 11.54 11.54 11.54 11.54 11.54 11.54 11.54 11.54 11.54 11.54 11.54 11.54 11.54 11.54 11.54 11.54 11.54 11.54 11.54 11.54 11.54 11.54 11.54 11.54 11.54 11.54 11.54 11.54 11.5394 11.5396 11.5399 11.5399 11.5399 11.54 11.54 11.54 11.54 11.54 11.54 11.54 11.5396 11.5393 11.5393 11.5391 11.5386 11.5382 11.5378 11.5374 11.5372 11.5371 11.5381
11.5197 11.5193 11.5305 11.5233 11.5331 11.5361 11.54 11.5361 11.54 11.54 11.5382 11.54 11.5388 11.5391 11.5393 11.5393 11.5393 11.5393 11.5393 11.5393 11.5393 11.5393 11.5393 11.5391 11.5389 11.54 11.54 11.54 11.54 11.5392 11.54 11.5392 11.54 11.5393 11.54 11.5392 11.54 11.5393 11.54 11.5393 11.54 11.54 11.5396 11.54 11.5396 11.5337 11.5355 11.5386 11.5399 11.5399 11.54 11.54 11.5399 11.54 11.54 11.54 11.54 11.54 11.5396 11.5393 11.5393 11.5389 11.5387 11.5383 11.5379 11.5375 11.5375 11.5376 11.5384
11.534 11.535 11.5222 11.5249 11.5271 11.5279 11.5307 11.5319 11.5319 11.5362 11.5372 11.536 11.5376 11.538 11.5383 11.5384 11.5384 11.5384 11.5383 11.5383 11.5383 11.5382 11.5382 11.5379 11.5367 11.5376 11.5365 11.5379 11.5373 11.5374 11.5382 11.5385 11.5378 11.5377 11.5386 11.5387 11.538 11.5377 11.5384 11.5387 11.5384 11.5391 11.5393 11.5391 11.5395 11.536 11.5401 11.5376 11.5399 11.54 11.54 11.54 11.5399 11.5399 11.54 11.54 11.54 11.54 11.5396 11.5394 11.5394 11.5393 11.5393 11.5389 11.5387 11.5385 11.5386 11.5388 11.5384
11.54 11.54 11.54 11.5325 11.5342 11.534 11.5266 11.5259 11.5365 11.5347 11.5339 11.5386 11.539 11.5391 11.5392 11.5392 11.5392 11.5392 11.5392 11.5391 11.5391 11.5391 11.539 11.5389 11.5384 11.5373 11.5386 11.5366 11.5388 11.5389 11.5376 11.537 11.5392 11.5392 11.5378 11.5373 11.5392 11.5391 11.5379 11.5375 11.5393 11.5388 11.5387 11.5397 11.5399 11.54 11.5391 11.5385 11.5399 11.5399 11.54 11.54 11.54 11.5399 11.5399 11.54 11.5399 11.54 11.5396 11.5394 11.5393 11.539 11.5391 11.5383 11.5385 11.5378 11.5385 11.5384 11.5391
11.5285 11.54 11.54 11.54 11.54 11.54 11.54 11.54 11.54 11.54 11.54 11.54 11.54 11.54 11.54 11.54 11.54 11.54 11.54 11.54 11.54 11.54 11.54 11.54 11.54 11.54 11.54 11.54 11.54 11.54 11.5394 11.5395 11.5395 11.5395 11.5393 11.5393 11.5393 11.5393 11.5394 11.5396 11.5397 11.5395 11.5397 11.5399 11.54 11.54 11.54 11.5399 11.5399 11.5399 11.5399 11.5399 11.5399 11.5399 11.54 11.54 11.5399 11.54 11.5396 11.5394 11.5394 11.5393 11.539 11.5387 11.5391 11.539 11.5386 11.539 11.5394
11.5199 11.5165 11.5296 11.5329 11.5341 11.5351 11.5349 11.5368 11.5369 11.5377 11.5381 11.5382 11.5383 11.5384 11.5384 11.5384 11.5385 11.5385 11.5385 11.5386 11.5387 11.5387 11.5386 11.5385 11.5381 11.5382 11.5384 11.5388 11.5391 11.5393 11.5391 11.5394 11.5393 11.5395 11.5396 11.5396 11.5397 11.5396 11.5394 11.5396 11.5396 11.5397 11.5399 11.54 11.54 11.54 11.54 11.54 11.5399 11.54 11.54 11.5399 11.54 11.5399 11.5399 11.5399 11.5399 11.54 11.5397 11.5395 11.5394 11.5392 11.5392 11.539 11.5392 11.5388 11.5391 11.5393 11.5394
11.4986 11.5185 11.5175 11.5226 11.5238 11.5286 11.5309 11.5315 11.5335 11.5345 11.5351 11.5354 11.5356 11.5357 11.5358 11.5359 11.536 11.5361 11.5362 11.5364 11.5366 11.5367 11.5366 11.5362 11.5355 11.5358 11.5356 11.5366 11.5382 11.54 11.54 11.54 11.54 11.54 11.54 11.54 11.54 11.54 11.54 11.54 11.54 11.54 11.54 11.54 11.54 11.54 11.54 11.54 11.5399 11.54 11.54 11.5399 11.5399 11.5399 11.5399 11.54 11.5399 11.5399 11.5397 11.5395 11.5396 11.5396 11.5396 11.5394 11.5392 11.5393 11.5394 11.5394 11.5394
11.54 11.54 11.54 11.54 11.54 11.54 11.54 11.54 11.54 11.54 11.54 11.54 11.54 11.54 11.54 11.54 11.54 11.54 11.54 11.54 11.54 11.54 11.54 11.54 11.54 11.54 11.54 11.54 11.5383 11.5388 11.5389 11.5391 11.5392 11.5394 11.5395 11.5396 11.5396 11.5397 11.5397 11.5398 11.5399 11.54 9.85799 10.9453 11.1547 11.54 11.54 11.54 11.54 11.5399 11.54 11.5399 11.5399 11.5399 11.5399 11.5399 11.5399 11.5399 11.5397 11.5396 11.5396 11.5394 11.5395 11.5393 11.5394 11.5393 11.5394 11.5394 11.5394
11.5283 11.5289 11.5309 11.5323 11.5336 11.5341 11.5351 11.5356 11.536 11.5361 11.5361 11.5362 11.5362 11.5362 11.5363 11.5364 11.5366 11.5367 11.5369 11.5371 11.5373 11.5375 11.5377 11.5377 11.5376 11.5377 11.5374 11.5374 11.5386 11.5381 11.5385 11.5387 11.5389 11.5389 11.5393 11.5395 11.5397 11.5396 11.5397 11.5398 11.54 11.54 9.71003 11.8283 11.003 11.54 11.54 11.54 11.54 11.5399 11.5399 11.5399 11.5399 11.54 11.54 11.54 11.54 11.5399 11.5398 11.5397 11.5397 11.5397 11.5396 11.5396 11.5396 11.5394 11.5393 11.5393 11.5394
11.5142 11.5169 11.5189 11.5231 11.5249 11.5272 11.5286 11.5297 11.5301 11.5303 11.5303 11.5304 11.5305 11.5306 11.5308 11.5311 11.5314 11.5319 11.5324 11.5329 11.5335 11.5341 11.5346 11.5348 11.5347 11.5343 11.5326 11.5323 11.5352 11.535 11.5371 11.5368 11.538 11.5379 11.5386 11.5389 11.5393 11.5393 11.5396 11.5396 11.5399 11.54 11.1968 11.0667 11.2165 11.54 11.54 11.54 11.54 11.5399 11.5399 11.5399 11.5399 11.54 11.54 11.54 11.5399 11.5399 11.5398 11.5397 11.5398 11.5389 11.539 11.5388 11.5396 11.5394 11.5394 11.5394 11.5394
