tests/full-run-ref/erosion_78_20_-12.873.asc
ncols 512
nrows 512
xllcorner -3.24582
yllcorner -4.08743
cellsize 5
NODATA_value -99999
[rows 36 to 71 of 512, columns 0 to 81 of 512]
352.896 353.887 353.879 353.874 353.871 353.871 353.872 353.875 353.881 353.889 353.898 353.908 353.919 353.932 353.944 353.954 353.962 353.969 353.974 353.975 353.971 353.964 353.952 353.936 353.913 353.886 353.854 353.818 353.777 353.732 353.684 353.636 353.587 353.536 353.486 353.438 353.394 353.352 353.311 353.273 353.238 353.207 353.175 353.143 353.109 353.074 353.038 353 352.958 352.913 352.869 352.83 352.794 352.76 352.734 352.72 352.722 352.736 352.761 352.795 352.842 352.904 352.968 353.026 353.078 353.13 353.171 353.19 353.183 353.158 353.112 353.047 352.955 352.84 352.71 352.578 352.439 352.29 352.14 352.006 351.886 351.775
352.888 353.877 353.867 353.86 353.856 353.854 353.855 353.858 353.863 353.872 353.882 353.892 353.904 353.918 353.932 353.945 353.956 353.966 353.974 353.978 353.979 353.976 353.968 353.956 353.939 353.916 353.889 353.859 353.824 353.784 353.742 353.699 353.655 353.609 353.563 353.52 353.479 353.44 353.403 353.368 353.335 353.305 353.275 353.244 353.211 353.178 353.143 353.106 353.066 353.024 352.982 352.945 352.911 352.88 352.855 352.842 352.845 352.859 352.883 352.916 352.961 353.019 353.079 353.133 353.18 353.227 353.262 353.276 353.264 353.235 353.186 353.117 353.023 352.906 352.775 352.641 352.502 352.351 352.202 352.067 351.946 351.833
352.879 353.866 353.855 353.846 353.841 353.838 353.837 353.84 353.845 353.853 353.863 353.874 353.887 353.902 353.918 353.932 353.945 353.958 353.969 353.976 353.979 353.98 353.977 353.969 353.956 353.938 353.916 353.891 353.861 353.827 353.789 353.752 353.713 353.672 353.631 353.592 353.555 353.52 353.486 353.453 353.423 353.394 353.366 353.337 353.305 353.273 353.24 353.205 353.167 353.127 353.087 353.053 353.021 352.992 352.97 352.959 352.961 352.975 352.999 353.03 353.073 353.126 353.182 353.231 353.273 353.313 353.343 353.351 353.336 353.302 353.25 353.179 353.084 352.966 352.835 352.702 352.562 352.414 352.267 352.132 352.011 351.899
352.871 353.856 353.842 353.832 353.825 353.821 353.82 353.822 353.826 353.834 353.845 353.856 353.87 353.886 353.902 353.918 353.933 353.948 353.961 353.971 353.978 353.981 353.982 353.978 353.969 353.955 353.938 353.917 353.892 353.862 353.83 353.797 353.762 353.726 353.689 353.654 353.621 353.589 353.558 353.528 353.499 353.473 353.447 353.419 353.389 353.358 353.326 353.293 353.258 353.22 353.183 353.151 353.121 353.095 353.075 353.065 353.068 353.082 353.104 353.132 353.172 353.221 353.272 353.316 353.353 353.388 353.412 353.416 353.397 353.361 353.306 353.234 353.139 353.022 352.893 352.76 352.624 352.478 352.334 352.201 352.082 351.971
352.863 353.846 353.83 353.819 353.81 353.805 353.803 353.803 353.808 353.816 353.826 353.838 353.852 353.868 353.886 353.902 353.919 353.935 353.951 353.963 353.972 353.978 353.982 353.981 353.975 353.965 353.952 353.935 353.914 353.888 353.861 353.832 353.802 353.77 353.737 353.705 353.676 353.646 353.618 353.591 353.565 353.54 353.515 353.489 353.461 353.432 353.402 353.371 353.338 353.302 353.268 353.238 353.213 353.188 353.17 353.161 353.164 353.177 353.197 353.223 353.26 353.304 353.35 353.389 353.42 353.45 353.468 353.468 353.446 353.407 353.352 353.279 353.185 353.071 352.945 352.817 352.685 352.544 352.404 352.275 352.161 352.053
352.855 353.836 353.818 353.805 353.795 353.788 353.785 353.785 353.789 353.796 353.807 353.818 353.833 353.849 353.867 353.884 353.901 353.919 353.936 353.95 353.961 353.969 353.975 353.977 353.974 353.968 353.958 353.944 353.927 353.906 353.882 353.858 353.832 353.803 353.775 353.747 353.72 353.694 353.668 353.643 353.619 353.597 353.574 353.55 353.523 353.496 353.468 353.439 353.408 353.376 353.345 353.318 353.295 353.272 353.256 353.249 353.252 353.263 353.282 353.306 353.337 353.377 353.417 353.45 353.476 353.499 353.513 353.508 353.484 353.443 353.387 353.316 353.225 353.114 352.994 352.871 352.745 352.61 352.477 352.355 352.244 352.141
352.847 353.826 353.807 353.791 353.78 353.772 353.768 353.767 353.77 353.777 353.787 353.799 353.813 353.83 353.848 353.866 353.884 353.902 353.92 353.935 353.948 353.958 353.966 353.97 353.97 353.966 353.96 353.949 353.936 353.918 353.898 353.877 353.855 353.83 353.805 353.78 353.757 353.733 353.71 353.688 353.666 353.645 353.624 353.601 353.577 353.551 353.525 353.499 353.471 353.442 353.413 353.389 353.368 353.35 353.335 353.328 353.331 353.342 353.358 353.379 353.406 353.44 353.475 353.502 353.523 353.541 353.549 353.541 353.515 353.473 353.418 353.348 353.261 353.155 353.041 352.925 352.805 352.679 352.553 352.437 352.333 352.236
352.841 353.817 353.796 353.779 353.767 353.758 353.752 353.751 353.753 353.76 353.77 353.782 353.796 353.812 353.831 353.849 353.867 353.887 353.906 353.922 353.936 353.948 353.957 353.963 353.966 353.965 353.96 353.953 353.942 353.928 353.911 353.893 353.874 353.853 353.831 353.809 353.788 353.767 353.746 353.726 353.706 353.687 353.667 353.646 353.624 353.6 353.576 353.551 353.526 353.499 353.474 353.453 353.434 353.417 353.404 353.398 353.401 353.411 353.425 353.443 353.466 353.495 353.525 353.547 353.563 353.577 353.581 353.57 353.542 353.501 353.447 353.38 353.296 353.197 353.09 352.981 352.868 352.749 352.633 352.525 352.427 352.336
352.835 353.809 353.786 353.768 353.754 353.744 353.738 353.735 353.738 353.744 353.754 353.766 353.78 353.796 353.815 353.833 353.852 353.872 353.892 353.909 353.924 353.938 353.949 353.956 353.96 353.961 353.959 353.954 353.946 353.934 353.92 353.905 353.889 353.87 353.851 353.832 353.813 353.794 353.775 353.757 353.739 353.721 353.703 353.684 353.663 353.64 353.618 353.595 353.572 353.549 353.526 353.507 353.49 353.476 353.465 353.459 353.461 353.47 353.482 353.497 353.517 353.543 353.567 353.584 353.596 353.605 353.606 353.594 353.566 353.525 353.473 353.41 353.331 353.239 353.139 353.038 352.934 352.824 352.716 352.617 352.528 352.442
352.829 353.802 353.777 353.757 353.742 353.731 353.724 353.721 353.723 353.729 353.739 353.751 353.764 353.781 353.8 353.818 353.838 353.858 353.879 353.897 353.912 353.927 353.939 353.948 353.953 353.955 353.955 353.952 353.946 353.936 353.925 353.912 353.898 353.882 353.865 353.848 353.831 353.814 353.797 353.78 353.763 353.747 353.73 353.713 353.693 353.673 353.652 353.631 353.611 353.589 353.57 353.553 353.538 353.525 353.516 353.51 353.512 353.519 353.53 353.542 353.558 353.58 353.599 353.613 353.621 353.627 353.625 353.611 353.583 353.545 353.496 353.436 353.364 353.28 353.189 353.096 353.002 352.903 352.804 352.714 352.632 352.557
352.825 353.796 353.769 353.747 353.731 353.719 353.714 353.714 353.714 353.715 353.725 353.737 353.751 353.767 353.785 353.804 353.824 353.845 353.866 353.885 353.901 353.916 353.929 353.939 353.945 353.949 353.95 353.948 353.944 353.936 353.927 353.916 353.904 353.89 353.875 353.859 353.845 353.829 353.814 353.798 353.783 353.768 353.753 353.736 353.718 353.699 353.68 353.661 353.643 353.624 353.607 353.592 353.579 353.568 353.559 353.555 353.556 353.561 353.57 353.58 353.594 353.611 353.626 353.637 353.642 353.644 353.64 353.626 353.599 353.563 353.517 353.462 353.396 353.32 353.239 353.155 353.071 352.982 352.894 352.814 352.741 352.673
352.821 353.79 353.762 353.739 353.721 353.714 353.714 353.714 353.714 353.714 353.714 353.724 353.738 353.755 353.773 353.792 353.812 353.833 353.855 353.874 353.891 353.907 353.92 353.931 353.938 353.943 353.945 353.945 353.942 353.936 353.928 353.919 353.909 353.896 353.883 353.87 353.856 353.842 353.828 353.814 353.8 353.787 353.772 353.757 353.741 353.723 353.705 353.688 353.671 353.655 353.64 353.627 353.615 353.606 353.599 353.595 353.596 353.6 353.607 353.615 353.626 353.639 353.651 353.658 353.661 353.661 353.655 353.64 353.615 353.581 353.539 353.489 353.43 353.362 353.289 353.214 353.139 353.06 352.982 352.911 352.846 352.787
352.817 353.785 353.755 353.731 353.714 353.714 353.714 353.714 353.714 353.714 353.714 353.714 353.726 353.742 353.759 353.778 353.799 353.821 353.844 353.864 353.882 353.899 353.913 353.925 353.933 353.939 353.942 353.943 353.942 353.937 353.931 353.923 353.914 353.903 353.891 353.879 353.867 353.854 353.841 353.828 353.815 353.803 353.789 353.775 353.76 353.742 353.725 353.709 353.695 353.68 353.667 353.656 353.646 353.638 353.631 353.628 353.629 353.632 353.638 353.644 353.652 353.662 353.672 353.677 353.677 353.676 353.669 353.655 353.631 353.6 353.562 353.517 353.465 353.405 353.34 353.275 353.209 353.139 353.072 353.009 352.954 352.901
352.815 353.781 353.749 353.723 353.714 353.714 353.714 353.714 353.714 353.714 353.714 353.714 353.716 353.73 353.747 353.765 353.786 353.81 353.834 353.855 353.874 353.892 353.907 353.919 353.929 353.936 353.94 353.942 353.941 353.937 353.932 353.925 353.917 353.907 353.897 353.886 353.875 353.863 353.851 353.839 353.827 353.815 353.803 353.789 353.774 353.758 353.741 353.726 353.713 353.7 353.689 353.679 353.671 353.663 353.658 353.655 353.655 353.658 353.662 353.667 353.673 353.681 353.688 353.691 353.691 353.688 353.682 353.668 353.647 353.619 353.586 353.546 353.5 353.448 353.392 353.336 353.279 353.221 353.162 353.108 353.061 353.017
352.812 353.777 353.744 353.717 353.714 353.714 353.714 353.714 353.714 353.714 353.714 353.714 353.714 353.721 353.738 353.756 353.777 353.802 353.826 353.848 353.868 353.885 353.901 353.914 353.924 353.931 353.936 353.938 353.938 353.935 353.931 353.925 353.918 353.909 353.899 353.889 353.879 353.868 353.857 353.845 353.834 353.823 353.812 353.8 353.785 353.77 353.754 353.74 353.728 353.717 353.708 353.699 353.692 353.685 353.681 353.678 353.678 353.68 353.683 353.687 353.691 353.697 353.702 353.704 353.703 353.7 353.693 353.681 353.662 353.638 353.609 353.574 353.535 353.491 353.444 353.396 353.348 353.298 353.249 353.204 353.165 353.127
352.81 353.773 353.739 353.714 353.714 353.714 353.714 353.714 353.714 353.714 353.714 353.714 353.714 353.718 353.736 353.756 353.777 353.8 353.823 353.844 353.862 353.879 353.894 353.906 353.916 353.923 353.928 353.93 353.931 353.929 353.925 353.92 353.913 353.906 353.897 353.888 353.878 353.868 353.858 353.848 353.838 353.827 353.817 353.806 353.793 353.78 353.766 353.754 353.744 353.734 353.726 353.718 353.712 353.706 353.702 353.699 353.699 353.7 353.702 353.705 353.708 353.713 353.716 353.717 353.715 353.712 353.705 353.694 353.678 353.657 353.632 353.603 353.569 353.531 353.492 353.452 353.411 353.369 353.329 353.291 353.259 353.229
352.807 353.77 353.734 353.714 353.714 353.714 353.714 353.714 353.714 353.714 353.714 353.714 353.714 353.721 353.747 353.77 353.79 353.809 353.827 353.843 353.859 353.873 353.886 353.896 353.904 353.91 353.914 353.916 353.916 353.915 353.911 353.907 353.901 353.894 353.886 353.878 353.87 353.861 353.852 353.843 353.833 353.824 353.815 353.805 353.796 353.787 353.778 353.769 353.76 353.751 353.743 353.736 353.73 353.725 353.721 353.718 353.718 353.718 353.72 353.722 353.724 353.727 353.73 353.73 353.728 353.725 353.719 353.709 353.695 353.677 353.655 353.631 353.602 353.571 353.537 353.504 353.471 353.435 353.402 353.372 353.345 353.32
352.805 353.767 353.73 353.714 353.714 353.714 353.714 353.714 353.714 353.714 353.714 353.714 353.714 353.731 353.765 353.793 353.811 353.825 353.835 353.846 353.857 353.867 353.876 353.884 353.89 353.894 353.897 353.898 353.898 353.896 353.892 353.888 353.883 353.877 353.87 353.863 353.856 353.848 353.84 353.832 353.824 353.815 353.807 353.8 353.795 353.791 353.787 353.782 353.775 353.767 353.759 353.751 353.746 353.741 353.737 353.735 353.734 353.734 353.735 353.736 353.738 353.74 353.742 353.742 353.74 353.737 353.732 353.724 353.712 353.697 353.679 353.659 353.636 353.609 353.581 353.554 353.526 353.498 353.469 353.445 353.423 353.404
352.802 353.763 353.726 353.714 353.714 353.714 353.714 353.714 353.714 353.714 353.714 353.714 353.714 353.74 353.783 353.816 353.833 353.841 353.844 353.849 353.856 353.862 353.868 353.873 353.876 353.879 353.88 353.88 353.879 353.877 353.874 353.87 353.866 353.861 353.855 353.849 353.842 353.836 353.829 353.822 353.814 353.806 353.799 353.794 353.792 353.794 353.796 353.795 353.789 353.781 353.772 353.765 353.76 353.755 353.752 353.749 353.748 353.748 353.749 353.749 353.75 353.752 353.754 353.753 353.752 353.75 353.745 353.739 353.729 353.717 353.702 353.686 353.667 353.644 353.621 353.599 353.576 353.553 353.531 353.511 353.494 353.479
352.799 353.76 353.721 353.714 353.714 353.714 353.714 353.714 353.714 353.714 353.714 353.714 353.714 353.745 353.795 353.832 353.848 353.852 353.85 353.851 353.855 353.859 353.862 353.865 353.867 353.868 353.869 353.868 353.867 353.865 353.862 353.858 353.854 353.85 353.845 353.839 353.834 353.828 353.822 353.816 353.809 353.801 353.795 353.792 353.793 353.798 353.804 353.805 353.801 353.794 353.785 353.778 353.773 353.768 353.765 353.763 353.761 353.761 353.761 353.761 353.762 353.763 353.764 353.764 353.763 353.761 353.757 353.752 353.744 353.734 353.722 353.709 353.693 353.676 353.657 353.639 353.621 353.602 353.585 353.569 353.557 353.545
352.796 353.755 353.716 353.714 353.714 353.714 353.714 353.714 353.714 353.714 353.714 353.714 353.714 353.745 353.799 353.838 353.854 353.856 353.853 353.851 353.854 353.857 353.86 353.862 353.863 353.864 353.864 353.863 353.862 353.86 353.857 353.854 353.85 353.846 353.841 353.837 353.832 353.826 353.821 353.815 353.809 353.802 353.796 353.794 353.797 353.804 353.811 353.814 353.811 353.804 353.795 353.788 353.784 353.78 353.777 353.774 353.773 353.772 353.772 353.772 353.773 353.773 353.774 353.773 353.772 353.77 353.768 353.763 353.757 353.749 353.739 353.728 353.716 353.702 353.687 353.672 353.658 353.644 353.63 353.619 353.609 353.601
352.792 353.751 353.714 353.714 353.714 353.714 353.714 353.714 353.714 353.714 353.714 353.714 353.714 353.742 353.798 353.839 353.855 353.857 353.853 353.851 353.854 353.857 353.859 353.861 351.05 348.66 346.27 343.88 346.27 353.859 353.857 353.854 353.85 353.846 353.842 353.838 353.833 353.828 353.823 353.818 353.812 353.806 353.801 353.798 353.802 353.809 353.817 353.821 353.818 353.812 353.804 353.797 353.793 353.79 353.787 353.784 353.783 353.782 353.782 353.782 353.782 353.782 353.783 353.782 353.781 353.779 353.777 353.773 353.768 353.761 353.754 353.745 353.735 353.724 353.713 353.701 353.691 353.679 353.668 353.66 353.653 353.648
352.787 353.746 353.714 353.714 353.714 353.714 353.714 353.714 353.714 353.714 353.714 353.714 353.714 353.738 353.796 353.838 353.855 353.857 353.853 353.851 353.854 353.857 353.859 347.67 345.28 342.89 340.5 338.11 340.5 353.03 353.858 353.855 353.852 353.848 353.844 353.84 353.836 353.831 353.827 353.822 353.817 353.81 353.806 353.804 353.807 353.815 353.823 353.827 353.824 353.818 353.811 353.805 353.801 353.798 353.795 353.793 353.792 353.791 353.791 353.79 353.79 353.79 353.79 353.79 353.789 353.788 353.786 353.782 353.778 353.773 353.767 353.76 353.752 353.743 353.734 353.726 353.717 353.709 353.702 353.694 353.69 353.687
352.783 353.742 353.714 353.714 353.714 353.714 353.714 353.714 353.714 353.714 353.714 353.714 353.714 353.735 353.794 353.837 353.855 353.857 353.853 353.851 353.854 353.857 353.859 345.28 339.51 337.12 334.73 332.34 334.73 347.26 349.65 353.855 353.852 353.849 353.845 353.842 353.837 353.833 353.829 353.825 353.82 353.814 353.809 353.808 353.812 353.82 353.828 353.832 353.83 353.824 353.818 353.812 353.809 353.806 353.803 353.801 353.8 353.799 353.798 353.798 353.798 353.798 353.798 353.797 353.796 353.795 353.793 353.791 353.787 353.783 353.778 353.773 353.767 353.76 353.753 353.746 353.74 353.734 353.729 353.725 353.722 353.72
352.779 353.737 353.714 353.714 353.714 353.714 353.714 353.714 353.714 353.714 353.714 353.714 353.714 353.731 353.793 353.838 353.856 353.858 353.853 353.851 353.853 353.856 353.858 347.67 337.12 331.35 328.96 326.57 328.96 336.71 339.1 341.49 353.852 353.849 353.846 353.842 353.838 353.834 353.83 353.826 353.822 353.816 353.812 353.811 353.815 353.824 353.832 353.837 353.835 353.83 353.824 353.818 353.815 353.812 353.81 353.808 353.807 353.806 353.805 353.805 353.804 353.804 353.804 353.803 353.803 353.801 353.8 353.798 353.795 353.791 353.787 353.783 353.778 353.773 353.768 353.763 353.758 353.754 353.75 353.747 353.746 353.745
352.774 353.732 353.714 353.714 353.714 353.714 353.714 353.714 353.714 353.714 353.714 353.714 353.714 353.728 353.792 353.838 353.856 353.858 353.853 353.85 353.853 353.855 353.858 353.859 334.73 328.96 323.19 320.8 323.19 330.94 333.33 335.72 353.852 353.849 353.846 353.843 353.839 353.835 353.832 353.828 353.824 353.819 353.815 353.814 353.819 353.827 353.836 353.84 353.839 353.834 353.828 353.824 353.82 353.818 353.816 353.814 353.813 353.812 353.811 353.81 353.81 353.81 353.809 353.809 353.808 353.807 353.806 353.804 353.801 353.798 353.795 353.792 353.788 353.783 353.779 353.775 353.771 353.768 353.765 353.763 353.763 353.763
352.769 353.727 353.714 353.714 353.714 353.714 353.714 353.714 353.714 353.714 353.714 353.714 353.714 353.725 353.79 353.837 353.856 353.858 353.853 353.85 353.852 353.855 353.857 353.858 337.12 319.81 317.42 315.03 312.64 315.03 322.78 325.17 327.56 353.849 353.846 353.843 353.84 353.836 353.833 353.829 353.825 353.821 353.817 353.817 353.821 353.83 353.838 353.843 353.842 353.838 353.832 353.828 353.825 353.823 353.821 353.819 353.818 353.817 353.816 353.815 353.815 353.815 353.814 353.814 353.813 353.812 353.811 353.809 353.807 353.805 353.802 353.799 353.796 353.792 353.788 353.785 353.782 353.779 353.777 353.776 353.775 353.776
352.766 353.723 353.714 353.714 353.714 353.714 353.714 353.714 353.714 353.714 353.714 353.714 353.714 353.721 353.788 353.836 353.856 353.858 353.852 353.849 353.851 353.854 353.856 353.858 353.859 317.42 311.65 309.26 306.87 309.26 317.01 314.62 317.01 319.4 353.846 353.843 353.84 353.837 353.834 353.831 353.827 353.823 353.819 353.819 353.824 353.832 353.841 348.08 345.69 348.08 350.47 353.831 353.829 353.827 353.825 353.823 353.822 353.821 353.82 353.82 353.819 353.819 353.819 353.818 353.817 353.817 353.816 353.814 353.813 353.811 353.808 353.806 353.803 353.8 353.797 353.794 353.792 353.79 353.788 353.787 353.787 353.788
352.762 353.72 353.714 353.714 353.714 353.714 353.714 353.714 353.714 353.714 353.714 353.714 353.714 353.718 353.786 353.835 353.855 353.857 353.851 353.848 353.851 353.853 353.855 353.857 353.858 311.65 305.88 303.49 301.1 298.71 301.1 308.85 306.46 308.85 311.24 353.844 353.841 353.838 353.835 353.832 353.828 353.824 353.821 353.821 353.825 353.834 351.46 332.75 330.36 332.75 339.92 342.31 353.832 353.83 353.828 353.827 353.826 353.825 353.824 353.823 353.823 353.823 353.822 353.822 353.821 353.821 353.82 353.819 353.817 353.816 353.814 353.812 353.81 353.807 353.805 353.802 353.8 353.799 353.797 353.797 353.797 353.798
352.76 353.717 353.714 353.714 353.714 353.714 353.714 353.714 353.714 353.714 353.714 353.714 353.714 353.714 353.784 353.834 353.854 353.856 353.85 353.847 353.85 353.852 353.854 353.856 353.857 309.26 303.49 297.72 295.33 292.94 290.55 292.94 300.69 298.3 300.69 303.08 353.841 353.838 353.835 353.833 353.829 353.825 353.822 353.822 353.827 353.835 310.25 307.86 310.25 312.64 324.59 331.76 334.15 353.832 353.831 353.828 353.828 353.827 353.827 353.826 353.826 353.826 353.825 353.825 353.825 353.824 353.824 353.823 353.822 353.82 353.819 353.817 353.815 353.813 353.811 353.809 353.807 353.805 353.804 353.803 353.803 353.804
352.758 353.715 353.714 353.714 353.714 353.714 353.714 353.714 353.714 353.714 353.714 353.714 353.714 353.714 353.781 353.832 353.852 353.854 353.849 353.846 353.849 353.851 353.854 353.856 353.857 311.65 270.44 268.05 270.44 287.17 284.78 282.39 284.78 292.53 290.14 292.53 294.92 353.839 353.836 353.833 353.83 353.826 353.823 353.823 353.828 353.836 304.48 302.09 304.48 306.87 314.04 316.43 323.6 325.99 328.378 353.831 353.824 353.822 353.821 353.829 353.828 353.828 353.828 353.828 353.828 353.828 353.827 353.827 353.826 353.825 353.824 353.822 353.821 353.819 353.817 353.815 353.814 353.812 353.811 353.81 353.81 353.81
352.757 353.714 353.714 353.714 353.714 353.714 353.714 353.714 353.714 353.714 353.714 353.714 353.714 353.714 353.779 353.83 353.851 353.853 353.848 353.845 353.848 353.851 353.853 353.855 353.856 309.26 264.67 262.28 264.67 281.4 279.01 276.62 274.23 276.62 284.37 281.98 284.37 286.76 353.836 353.834 353.83 353.827 353.824 353.824 353.828 353.836 298.71 296.32 298.71 301.1 303.49 305.88 308.27 315.439 317.829 320.217 317.812 320.18 353.812 353.831 353.831 353.831 353.831 353.831 353.831 353.831 353.832 353.831 353.831 353.831 353.83 353.829 353.828 353.826 353.825 353.823 353.822 353.821 353.82 353.819 353.819 353.819
352.758 353.715 353.714 353.714 353.714 353.714 353.714 353.714 353.714 353.714 353.714 353.714 353.714 353.714 353.777 353.828 353.849 353.851 353.846 353.845 353.847 353.85 353.853 353.855 353.856 311.65 258.9 256.51 258.9 270.85 273.24 270.85 268.46 270.85 273.24 276.21 273.82 276.21 278.6 353.834 353.83 353.827 353.824 353.824 353.828 353.836 292.94 290.55 292.94 295.33 297.72 300.11 302.5 304.889 307.277 309.663 312.05 314.41 353.814 353.832 353.833 353.833 353.834 353.834 353.835 353.835 353.836 353.837 353.837 353.837 353.837 353.837 353.836 353.835 353.834 353.833 353.832 353.831 353.83 353.829 353.829 353.829
352.76 353.716 353.714 353.714 353.714 353.714 353.714 353.714 353.714 353.714 353.714 353.714 353.714 353.714 353.775 353.826 353.847 353.85 353.845 353.845 353.846 353.849 353.852 353.854 353.856 353.857 253.13 250.74 248.35 250.74 262.69 265.08 262.69 265.08 267.47 270.44 268.05 265.66 268.05 270.439 353.829 353.827 353.824 353.824 353.828 353.835 287.17 284.78 287.17 289.56 291.95 294.34 296.729 299.118 301.505 303.891 306.278 312.028 353.813 353.834 353.834 353.835 353.836 353.837 353.838 353.839 353.841 353.842 353.843 353.844 353.844 353.845 353.845 353.845 353.844 353.844 353.843 353.842 353.841 353.841 353.841 353.841
352.763 353.719 353.714 353.714 353.714 353.714 353.714 353.714 353.714 353.714 353.714 353.714 353.714 353.714 353.773 353.824 353.845 353.848 353.845 353.845 353.846 353.849 353.852 353.854 353.856 353.857 247.36 244.97 242.58 244.97 256.92 259.31 256.92 254.53 256.92 259.31 262.28 259.89 262.28 259.89 262.279 353.827 353.824 353.824 353.827 353.834 281.4 279.01 281.4 283.79 286.18 288.569 290.958 293.345 295.731 298.116 303.886 314.427 353.814 353.816 353.817 353.821 353.827 353.83 353.835 353.84 353.845 353.848 353.85 353.852 353.853 353.854 353.855 353.856 353.856 353.856 353.856 353.856 353.855 353.855 353.855 353.855
352.766 353.722 353.714 353.714 353.714 353.714 353.714 353.714 353.714 353.714 353.714 353.714 353.714 353.714 353.772 353.823 353.844 353.847 353.845 353.845 353.845 353.849 353.852 353.854 353.856 353.857 241.59 239.2 236.81 234.42 236.81 253.54 251.15 248.76 251.15 248.76 251.15 254.12 251.73 254.12 256.509 353.825 353.823 353.823 353.826 353.832 275.63 273.24 275.63 278.02 280.409 282.798 285.185 287.57 289.954 295.722 306.284 308.666 311.043 313.426 319.195 324.968 330.742 336.514 342.288 348.063 353.844 353.854 353.858 353.862 353.864 353.867 353.868 353.87 353.871 353.872 353.872 353.873 353.873 353.873 353.873 353.873
