tests/full-run-ref/erosion_81_12_73.110.asc
ncols 512
nrows 512
xllcorner -3.24582
yllcorner -4.08743
cellsize 5
NODATA_value -99999
[rows 465 to 495 of 512, columns 0 to 70 of 512]
17.31 11.54 11.54 11.5399 11.54 11.54 11.54 11.54 11.54 11.54 11.54 11.5399 11.5398 11.5397 11.5399 11.5397 11.5399 11.5399 11.5399 11.5399 11.5399 11.5399 11.54 11.54 11.5399 11.54 11.1306 11.3702 11.4368 11.54 10.28 10.0029 9.97164 10.9144 15.3923 21.0545 15.0807 10.9133 11.54 11.54 11.54 11.54 11.1123 12.0862 11.2364 11.54 11.54 11.5399 11.54 11.5399 11.5397 11.5398 11.5392 11.5394 11.5395 11.5396 11.5396 11.5396 11.5394 11.5395 11.5395 11.5394 11.5396 11.5395 11.5398 11.5397 11.5399 11.5399 11.5399 11.54 11.54
18.119 13.93 11.54 11.5399 11.54 11.54 11.54 11.54 11.54 11.54 11.5399 11.54 11.54 11.54 11.5399 11.5399 11.5399 11.54 11.54 11.54 11.54 11.54 11.54 11.5397 11.5398 11.5399 11.1664 11.7082 11.3576 11.54 11.54 11.54 11.54 11.134 13.5991 19.6117 16.9955 11.2318 11.54 11.54 11.54 11.54 11.1332 11.251 11.3095 11.54 11.54 11.54 11.54 11.5398 11.5397 11.5394 11.5397 11.5388 11.5391 11.5389 11.5392 11.5391 11.5397 11.5397 11.5397 11.5397 11.5396 11.5398 11.5396 11.5399 11.5399 11.5399 11.5399 11.54 11.54
17.31 13.93 11.54 11.5398 11.54 11.54 11.54 11.54 11.54 11.54 11.54 11.54 11.54 11.5399 11.54 11.54 11.54 11.54 11.54 11.54 11.54 11.5399 11.5393 11.5395 11.54 11.54 11.4414 11.4071 11.3912 11.54 11.54 11.54 11.54 11.0568 13.4709 19.4792 14.7848 10.7731 11.2399 11.54 11.54 11.54 11.54 11.54 11.5398 11.5394 11.5396 11.5397 11.5399 11.5381 11.5397 11.5397 11.5396 11.5396 11.5398 11.5398 11.5397 11.5397 11.5397 11.5397 11.5397 11.5398 11.5398 11.5398 11.5399 11.5399 11.5399 11.5399 11.54 11.54 11.54
17.31 11.54 11.54 11.5397 11.54 11.54 11.54 11.54 11.54 11.5399 11.5399 11.5399 11.5397 11.5397 11.5398 11.54 11.5398 11.5399 11.5396 11.5398 11.5398 11.5398 11.5387 11.54 11.5395 11.5398 11.5397 11.54 11.54 11.54 11.54 11.54 11.54 11.2105 15.9026 19.2874 17.1004 13.0463 11.4275 11.54 11.54 11.54 11.4928 11.499 10.3594 11.5399 11.5399 11.539 11.54 11.5369 11.5397 11.5397 11.5397 11.5398 11.5397 11.5398 11.5398 11.5398 11.5398 11.5398 11.5398 11.5399 11.5398 11.5399 11.5399 11.5399 11.5399 11.54 11.54 11.54 11.54
17.31 11.54 11.54 11.5398 11.54 11.54 11.54 11.54 11.54 11.5399 11.5399 11.5398 11.5399 11.5399 11.5397 11.5396 11.5392 11.5397 11.5399 11.5397 11.5399 11.5399 11.539 11.54 11.5387 11.5399 11.5392 11.5391 11.5396 11.54 11.54 11.54 11.54 10.8099 11.1328 16.8559 13.4006 9.77479 11.1347 11.54 11.54 11.491 11.4875 11.6182 7.1954 11.54 11.54 11.535 11.532 11.5335 11.54 11.54 11.54 11.54 11.54 11.54 11.54 11.54 11.54 11.54 11.54 11.54 11.54 11.54 11.54 11.54 11.54 11.54 11.54 11.54 11.54
17.31 11.54 11.54 11.5399 11.54 11.54 11.54 11.54 11.54 11.54 11.54 11.54 11.54 11.54 11.54 11.5398 11.5397 11.5398 11.5398 11.5382 11.5391 11.5394 11.5389 11.5383 11.5385 11.5399 11.5399 11.5399 11.54 11.54 11.54 11.54 11.54 10.9204 15.9072 16.8844 11.1311 10.9438 11.54 11.54 11.54 11.4572 11.5932 7.77199 5.84624 11.5398 11.54 11.54 11.5395 11.54 11.54 11.54 11.54 11.5395 11.54 11.5396 11.54 11.5397 11.54 11.54 11.54 11.5398 11.54 11.5399 11.54 11.5399 11.54 11.54 11.54 11.54 11.54
17.31 11.54 11.54 11.5399 11.54 11.54 11.54 11.54 11.5399 11.5399 11.54 11.54 11.5398 11.5398 11.54 11.54 11.54 11.54 11.54 11.5361 11.54 11.5377 11.54 11.54 11.54 11.54 11.54 11.54 11.54 11.54 11.54 11.54 11.54 11.0559 11.1554 16.5441 11.0289 11.54 11.54 11.54 11.54 11.4791 11.5123 9.23071 11.5398 11.5397 11.5391 11.5392 11.5391 11.5386 11.5389 11.5385 11.5389 11.5391 11.5388 11.539 11.5394 11.5395 11.5393 11.5395 11.5394 11.5395 11.5397 11.5398 11.5397 11.5399 11.54 11.54 11.54 11.54 11.54
17.31 11.54 11.54 11.5399 11.4923 11.5123 11.0344 11.5399 11.5398 11.5397 11.5395 11.5396 11.5396 11.5396 11.5394 11.5396 11.5397 11.5397 11.5396 11.5346 11.5337 11.5356 11.5397 11.5397 11.5397 11.5397 11.5398 11.5398 11.5399 11.54 11.54 11.54 11.54 11.54 11.0332 15.3745 9.466 11.54 11.54 11.54 11.54 11.54 11.54 11.5379 11.5396 11.5391 11.5396 11.5388 11.5383 11.5393 11.5389 11.5394 11.5379 11.5387 11.5397 11.5398 11.5389 11.5394 11.5398 11.5395 11.5398 11.5398 11.5396 11.5396 11.5399 11.54 11.54 11.54 11.54 11.54 11.54
18.4655 12.6955 11.54 11.5399 11.5055 11.5614 10.6819 11.5397 11.5395 11.5396 11.5398 11.5392 11.5393 11.5391 11.5394 11.5393 11.5392 11.5392 11.5392 11.5396 11.5396 11.5396 11.5396 11.5393 11.5393 11.5393 11.5394 11.5396 11.5385 11.5395 11.54 11.54 11.54 11.54 11.3195 11.206 10.4591 11.54 11.54 11.54 11.54 11.5397 11.5381 11.5376 11.54 11.54 11.54 11.54 11.54 11.54 11.54 11.54 11.54 11.54 11.54 11.54 11.54 11.5397 11.5398 11.5399 11.5399 11.5399 11.5399 11.5399 11.54 11.54 11.54 11.54 11.54 11.54 11.54
19.5719 13.8019 11.54 11.5399 11.504 11.1105 10.7553 11.5399 11.5399 11.5398 11.5398 11.54 11.54 11.54 11.54 11.54 11.54 11.54 11.54 11.54 11.54 11.54 11.54 11.54 11.54 11.54 11.54 11.54 11.5368 11.54 11.54 11.54 11.54 11.54 11.54 11.54 11.54 11.54 11.54 11.54 11.54 11.5391 11.5399 11.54 11.54 11.5397 11.5395 11.54 11.54 11.5391 11.54 11.54 11.54 11.54 11.54 11.54 11.54 11.54 11.54 11.54 11.54 11.54 11.5399 11.54 11.54 11.54 11.54 11.54 11.54 11.5399 11.5398
17.31 11.54 11.54 11.5399 11.54 11.5399 11.5399 11.5399 11.5398 11.5398 11.5398 11.5398 11.5397 11.5397 11.5396 11.5396 11.5395 11.5395 11.5394 11.5393 11.5393 11.5394 11.5394 11.5394 11.5394 11.5395 11.5396 11.5397 11.5365 11.538 11.5394 11.54 11.54 11.54 11.54 11.5399 11.54 11.54 11.54 11.5398 11.5393 11.5389 11.5397 11.5396 11.5392 11.5391 11.5385 11.5388 11.5378 11.5377 11.5387 11.5381 11.539 11.5388 11.5396 11.5391 11.5395 11.5397 11.54 11.5398 11.54 11.5399 11.54 11.54 11.54 11.54 11.5398 11.5399 11.5399 11.5399 11.54
17.31 11.54 11.54 11.5398 11.54 11.5399 11.5399 11.5399 11.5399 11.5399 11.5398 11.5397 11.5393 11.5393 11.5392 11.539 11.5389 11.5388 11.5386 11.5385 11.5385 11.5385 11.5386 11.5386 11.5387 11.5388 11.539 11.5392 11.5398 11.5399 11.5392 11.5396 11.5396 11.5397 11.5396 11.5398 9.87115 11.3592 10.8691 11.54 11.5399 11.5399 11.5399 11.5395 11.5397 11.5396 11.5394 11.5389 11.5394 11.5393 11.5383 11.5392 11.5391 11.5397 11.5391 11.5392 11.5392 11.5391 11.5394 11.5395 11.5377 11.539 11.5399 11.5399 11.5398 11.5399 11.5399 11.54 11.5391 11.5392 11.5389
19.7 13.93 11.54 10.9108 11.54 11.5399 11.5399 11.5399 11.5398 11.5398 11.5398 11.5397 11.5397 11.5397 11.5396 11.5395 11.5395 11.5394 11.5394 11.5393 11.5393 11.5393 11.5394 11.5394 11.5394 11.5395 11.5396 11.5397 11.5398 11.5399 11.5399 11.54 11.54 11.54 11.54 11.54 8.15231 11.9778 9.833 11.5399 11.5399 11.5399 11.5399 11.5398 11.5398 11.5398 11.5397 11.5393 11.5394 11.5392 11.5393 11.5395 11.5397 11.5395 11.5396 11.5397 11.5397 11.5397 11.5388 11.5392 11.5361 11.54 11.5398 11.54 11.54 11.5383 11.538 11.5362 11.5372 11.54 11.54
22.09 16.3201 13.93 10.8809 11.54 11.5399 11.5399 11.5399 11.5399 11.5398 11.5398 11.5398 11.5397 11.5397 11.5396 11.54 11.54 11.54 11.54 11.54 11.54 11.54 11.54 11.54 11.54 11.54 11.54 11.54 11.54 11.5399 11.54 11.54 11.54 11.54 11.54 11.54 8.81905 11.3382 6.87355 11.5399 11.5399 11.5399 11.5398 11.5398 11.5397 11.5396 11.54 11.54 11.54 11.54 11.54 11.54 11.54 11.54 11.54 11.54 11.54 11.54 11.54 11.54 11.5333 11.5318 11.5351 11.5364 11.5361 11.5372 11.5398 11.5398 11.5398 11.5398 11.538
22.2753 16.5053 11.54 10.3939 11.54 11.5399 11.5399 11.5398 11.5398 11.5398 11.5398 11.5398 11.5398 11.5397 11.5396 11.5396 11.5394 11.5394 11.5393 11.5393 11.5393 11.5393 11.5394 11.5394 11.5395 11.5395 11.5397 11.5398 11.5398 11.54 11.54 11.54 11.54 11.54 11.5399 11.54 11.5393 11.54 11.5383 11.54 11.54 11.54 11.54 11.54 11.54 11.54 11.54 11.5395 11.5396 11.5395 11.54 11.54 11.5395 11.54 11.5395 11.54 11.54 11.54 11.5395 11.5395 11.5395 11.5396 11.5397 11.5398 11.54 11.5398 11.5397 11.5394 11.5394 11.5395 11.5363
19.8853 14.1153 11.54 11.5398 11.5399 11.5399 11.5398 11.5399 11.5398 11.5398 11.5398 11.54 11.54 11.54 11.54 11.54 11.5393 11.5386 11.5384 11.5384 11.5384 11.5385 11.5386 11.5387 11.5388 11.5391 11.5392 11.5369 11.5383 11.54 11.54 11.54 11.54 11.54 11.5399 11.54 11.5382 11.537 11.5371 11.54 11.54 11.54 11.54 11.54 11.54 11.5395 11.5396 11.5394 11.5393 11.5394 11.539 11.5393 11.5391 11.5388 11.5388 11.5392 11.5386 11.539 11.5391 11.5392 11.5392 11.5393 11.5394 11.5396 11.5393 11.5398 11.5397 11.5397 11.5397 11.5397 11.5361
19.7 13.93 11.54 11.5393 11.54 11.5399 11.5399 11.5398 11.5398 11.5398 11.5397 11.54 11.5397 11.54 11.5395 11.54 11.54 11.54 11.54 11.54 11.54 11.54 11.54 11.54 11.54 11.54 11.5398 11.5367 11.54 11.5399 11.5398 11.5397 11.54 11.54 11.5399 11.5399 11.5398 11.5398 11.5398 11.5398 11.5395 11.5397 11.5393 11.5394 11.5391 11.5386 11.539 11.5386 11.5391 11.5389 11.5397 11.5391 11.5387 11.5395 11.5395 11.5392 11.5395 11.5381 11.5386 11.5382 11.5387 11.5385 11.5391 11.539 11.5398 11.5398 11.5397 11.5397 11.5397 11.5397 11.5398
17.31 11.54 11.54 11.5387 11.5399 11.5399 11.5398 11.5398 11.5398 11.5398 11.5395 11.5396 11.5393 11.5389 11.5387 11.5391 11.5389 11.54 11.54 11.54 11.54 11.54 11.54 11.54 11.54 11.54 11.54 11.5382 11.5395 11.5398 11.54 11.5396 11.54 11.54 11.5399 11.5398 11.5399 11.5395 11.5397 11.5396 11.5398 11.5395 11.5397 11.5394 11.5397 11.5396 11.54 11.54 11.5398 11.5398 11.54 11.54 11.54 11.54 11.54 11.54 11.54 11.54 11.54 11.54 11.54 11.54 11.5397 11.5398 11.54 11.54 11.54 11.54 11.54 11.54 11.54
17.31 11.54 11.54 11.5385 11.54 11.5399 11.5398 11.5398 11.5398 11.5398 11.5397 11.5391 11.5387 11.5396 11.5395 11.5389 11.5379 11.5385 11.5376 11.5384 11.5377 11.5386 11.5382 11.5392 11.539 11.5397 11.5399 11.5399 11.54 11.5397 11.5398 11.5399 11.54 11.54 11.5399 11.5399 11.5398 11.5398 11.5397 11.5398 11.5397 11.5398 11.5397 11.5397 11.5396 11.5396 11.54 11.5368 11.5384 11.5379 11.5398 11.5397 11.5397 11.5398 11.5397 11.5396 11.54 11.54 11.54 11.54 11.5398 11.5397 11.5398 11.5398 11.54 11.5398 11.5398 11.5398 11.54 11.5398 11.5398
17.31 11.54 11.54 11.5388 11.54 11.5399 11.5399 11.5399 11.5399 11.5398 11.5397 11.54 11.54 11.54 11.54 11.54 11.54 11.5392 11.5392 11.5378 11.539 11.5388 11.5395 11.539 11.5392 11.5394 11.5397 11.5399 11.54 11.54 11.54 11.54 11.54 11.54 11.5399 11.5399 11.5399 11.5399 11.5399 11.5398 11.5398 11.5398 11.5397 11.5398 11.5398 11.5395 11.5398 11.5357 11.54 11.5358 11.5397 11.5393 11.5394 11.5395 11.5393 11.5389 11.5392 11.5388 11.5395 11.5393 11.5394 11.5399 11.5399 11.5397 11.5398 11.5396 11.5397 11.5397 11.5394 11.5395 11.5396
17.31 11.54 11.54 11.539 11.54 11.5399 11.5399 11.5399 11.5398 11.5398 11.5397 11.5397 11.5396 11.5396 11.5395 11.5394 11.5392 11.5392 11.5391 11.5392 11.5393 11.5395 11.5395 11.5396 11.5397 11.5398 11.5399 11.54 11.54 11.54 11.54 11.54 11.54 11.54 11.54 11.5399 11.5399 11.5398 11.5398 11.5398 11.5399 11.5399 11.5398 11.5398 11.5397 11.5396 11.5393 11.5339 11.5314 11.5334 11.5395 11.5396 11.5397 11.5398 11.5397 11.5395 11.5392 11.5396 11.5393 11.5397 11.5399 11.5399 11.5399 11.5398 11.5395 11.5393 11.5395 11.5394 11.5398 11.5399 11.5399
17.419 11.649 11.54 11.5392 11.54 11.5399 11.5399 11.5399 11.5399 11.5399 11.5397 11.5397 11.5392 11.539 11.5389 11.5387 11.5384 11.54 11.54 11.54 11.54 11.54 11.54 11.54 11.5398 11.5399 11.54 11.54 11.54 11.54 11.54 11.54 11.54 11.54 11.54 11.54 11.54 11.54 11.54 11.54 11.54 11.54 11.54 11.54 11.54 11.5396 11.5397 11.5396 11.5396 11.5395 11.5395 11.5396 11.5362 11.5384 11.5369 11.5396 11.5396 11.5395 11.5356 11.5382 11.5398 11.54 11.54 11.5399 11.5399 11.5399 11.5399 11.5399 11.5399 11.5399 11.5399
17.31 11.54 11.54 11.5394 11.54 11.5399 11.5399 11.5399 11.5399 11.5399 11.5397 11.5397 11.5396 11.5396 11.5396 11.5394 11.54 11.54 11.54 11.54 11.54 11.5396 11.5397 11.5398 11.5399 11.54 11.5399 11.5399 11.5399 11.54 11.54 11.54 11.54 11.54 11.54 11.54 11.5399 11.54 11.5399 11.54 11.5399 11.54 11.5399 11.5399 11.5398 11.5397 11.5397 11.5396 11.54 11.54 11.54 11.54 11.5335 11.54 11.533 11.54 11.54 11.54 11.5335 11.54 11.54 11.5398 11.5396 11.5387 11.5399 11.5386 11.5391 11.5395 11.5399 11.5399 11.5399
19.7 13.93 11.54 11.5395 11.54 11.5399 11.5399 11.5399 11.5399 11.5399 11.5398 11.5397 11.5397 11.5397 11.5397 11.5395 11.5391 11.5395 11.5385 11.5392 11.5387 11.5392 11.5395 11.5399 11.54 11.54 11.5399 11.54 11.5399 11.54 11.54 11.54 11.54 11.54 11.5399 11.5399 11.5399 11.5398 11.5398 11.5399 11.5399 11.5397 11.5398 11.5397 11.5399 11.5397 11.5397 11.5394 11.5394 11.5393 11.5394 11.5394 11.5322 11.5302 11.5303 11.5393 11.5394 11.5395 11.5339 11.5363 11.5384 11.5388 11.54 11.5376 11.5399 11.5377 11.54 11.5393 11.5399 11.5399 11.5399
18.396 12.626 11.54 11.5396 11.54 11.5399 11.5399 11.5399 11.5399 11.5399 11.5398 11.5398 11.5397 11.5397 11.5397 11.5396 11.5395 11.5391 11.5396 11.539 11.5396 11.5398 11.5399 11.54 11.54 11.54 11.54 11.54 11.54 11.54 11.54 11.54 11.54 11.54 11.54 11.5399 11.5398 11.5399 11.5399 11.5398 11.5397 11.5399 11.5399 11.5399 11.54 11.5397 11.5398 11.5395 11.5393 11.5386 11.5387 11.5388 11.5394 11.5394 11.5394 11.5393 11.5385 11.5389 11.5397 11.5398 11.5398 11.5371 11.5357 11.5368 11.5398 11.5377 11.5383 11.5389 11.5399 11.5399 11.5399
17.31 11.54 11.54 11.5396 11.54 11.5399 11.5399 11.5399 11.5399 11.5399 11.5398 11.5398 11.5398 11.5397 11.5398 11.5397 11.5396 11.5397 11.5396 11.5397 11.5398 11.5399 11.54 7.45256 8.36736 9.56632 11.4208 11.3141 11.4085 11.54 11.54 11.54 11.54 11.54 11.54 11.54 11.54 11.54 11.54 11.54 11.54 11.54 11.54 11.54 11.5399 11.5398 11.5398 11.5396 11.5395 11.5394 11.5394 11.5394 11.5394 11.5393 11.5393 11.5392 11.5393 11.5395 11.5397 11.5398 11.5398 11.5398 11.5398 11.5398 11.5398 11.5399 11.5399 11.5399 11.5399 11.5399 11.5399
17.31 11.54 11.54 11.5397 11.54 11.54 11.5399 11.5399 11.5399 11.5399 11.5399 11.5399 11.5398 11.5398 11.5398 11.5398 11.5397 11.5397 11.5398 11.5382 11.5388 10.8446 10.8117 7.68102 13.0557 8.81067 11.2805 12.1035 11.3329 11.309 10.7534 9.32923 11.54 11.54 11.54 11.54 11.5399 11.54 11.54 11.54 11.54 11.54 11.54 11.54 11.54 11.5398 11.5399 11.5398 11.5397 11.5395 11.5395 11.5394 11.5394 11.5393 11.5394 11.5394 11.5395 11.5396 11.5397 11.5398 11.5398 11.5398 11.5398 11.5397 11.5398 11.5398 11.5399 11.5399 11.5399 11.5399 11.5399
19.7 13.93 11.54 9.04951 11.54 11.54 11.5399 11.5399 11.5399 11.5399 11.5399 11.5399 11.5399 11.5399 11.5399 11.5398 11.5399 11.5399 11.5399 11.5385 11.54 10.8688 11.7518 8.62269 8.92964 10.1319 11.4012 11.357 11.4108 11.1504 12.4134 9.82019 11.54 11.54 11.54 11.54 11.5399 11.5399 11.5399 10.6552 11.1359 11.4793 11.54 11.54 11.54 11.5399 11.5399 11.5397 11.5397 11.5396 11.5396 11.5395 11.5395 11.5394 11.5394 11.5395 11.5396 11.5397 11.5398 11.5399 11.5398 11.5398 11.5397 11.5398 11.5398 11.5399 11.5399 11.5399 11.5399 11.5399 11.5399
22.09 16.3201 12.3993 7.50145 11.54 11.54 11.54 11.5399 11.5399 11.54 11.5399 11.5399 11.5399 11.5399 11.5399 11.5399 11.5399 11.5399 11.5399 11.5393 11.54 11.2171 10.9694 11.2031 11.54 11.54 10.9816 11.219 10.6361 11.1752 10.5298 10.17 11.4905 11.4671 11.2619 11.54 11.54 11.54 11.5399 10.5756 11.6017 11.4253 11.54 11.54 11.54 11.5399 11.5399 11.5398 11.5397 11.5397 11.5396 11.5396 11.5395 11.5395 11.5396 11.5396 11.5396 11.5397 11.5399 11.5399 11.5398 11.5399 11.5399 11.5399 11.5399 11.5399 11.5399 11.5399 11.5399 11.5399 11.5399
23.7601 17.9901 12.2201 7.71225 11.54 11.54 11.54 11.54 11.54 11.54 11.5399 11.5399 11.5399 11.5399 11.54 11.5399 11.5399 11.54 11.5399 11.54 11.54 11.54 11.54 11.54 11.54 11.54 10.7587 14.579 9.91259 11.54 11.5399 11.54 11.4551 11.5671 11.1408 11.54 11.54 11.54 11.54 10.8685 11.4587 11.3962 11.54 11.54 11.54 11.5399 11.5399 11.5398 11.5398 11.5398 11.5397 11.5397 11.5396 11.5396 11.5396 11.5397 11.5397 11.5399 11.5399 11.5399 11.5398 11.5399 11.5398 11.5399 11.5399 11.5399 11.5399 11.5399 11.5399 11.5399 11.5399
24.3883 18.6183 12.8483 8.11205 11.54 11.5398 11.54 11.54 11.54 11.54 11.54 11.54 11.5397 11.5397 11.5398 11.54 11.54 11.54 4.64692 8.20108 10.9289 11.54 11.4476 11.263 11.4018 11.2138 11.2712 11.2244 9.14289 11.54 11.5399 11.54 11.4541 11.3361 11.2152 11.54 11.54 11.54 11.54 11.1914 11.5712 11.4394 11.54 11.54 11.54 11.54 11.54 11.5399 11.5399 11.5398 11.5398 11.5398 11.5397 11.5397 11.5397 11.5398 11.5399 11.5399 11.5399 11.5399 11.5399 11.5399 11.5399 11.5399 11.5399 11.5399 11.54 11.5399 11.5399 11.5399 11.5399
