tests/full-run-ref/erosion_86_12_73.390.asc
ncols 512
nrows 512
xllcorner -3.24582
yllcorner -4.08743
cellsize 5
NODATA_value -99999
[rows 396 to 428 of 512, columns 0 to 73 of 512]
10.77 5.77016 5.77016 5.77016 5.77016 5.77016 5.77016 5.77016 5.77016 5.77016 5.77016 5.77016 5.77016 5.77016 5.77016 5.77016 5.77016 5.77016 5.77016 5.77016 5.77016 5.77016 5.77018 5.77018 5.77018 5.77016 5.77016 5.77016 5.77016 5.77016 5.77016 5.77016 5.77016 5.77016 5.77016 5.77016 5.77016 5.77016 5.77016 5.77016 5.77016 5.77016 5.77016 5.77016 5.77016 5.77016 5.77016 5.77016 5.77016 5.77016 5.77016 5.77016 5.77016 5.77016 5.77016 5.77016 5.77016 5.77016 5.77016 5.77016 5.77016 5.77016 5.77016 5.77016 5.77016 5.77016 5.77016 5.77016 5.77016 5.77016 5.77016 5.77016 5.77016 5.77016
10.77 5 5.77016 5 5.77016 5 5.77016 5 5.77016 5 5.77016 5 5.77016 5 5.77016 5 5.77016 5 5.77016 5 5.77018 5.77018 5.77018 5 5.77018 5.77018 5 5.77016 5 5.77016 5 5.77016 5 5.77016 5 5.77016 5 5.77016 5 5.77016 5 5.77016 5 5.77016 5 5.77016 5 5.77016 5 5.77016 5 5.77016 5 5.77016 5 5.77016 5 5.77016 5 5.77016 5 5.77016 5 5.77016 5 5.77016 5 5.77016 5 5.77016 5 5.77016 5 5.77016
10.77 5.77016 5.77016 5.77016 5.77016 5.77016 5.77016 5.77016 5.77016 5.77016 5.77016 5.77016 5.77016 5.77016 5.77016 5.77016 5.77016 5.77003 5.76958 5.76953 5.76994 5.77018 5.77016 5.77018 5.77018 5.77016 5.77016 5.77016 5.77016 5.77016 5.77016 5.77016 5.77016 5.77016 5.77016 5.77016 5.77016 5.77016 5.77016 5.77016 5.77016 5.77016 5.77016 5.77016 5.77016 5.77016 5.77016 5.77016 5.77016 5.77016 5.77016 5.77016 5.77016 5.77016 5.77016 5.77016 5.77016 5.77016 5.77016 5.77016 5.77016 5.77016 5.77016 5.77016 5.77016 5.77016 5.77016 5.77016 5.77016 5.77016 5.77016 5.77016 5.77016 5.77016
10.77 5 5.77016 5 5.77016 5 5.77016 5 5.77016 5 5.77016 5 5.77016 5 5.77016 5 5.77016 4.9998 6.14293 6.12791 4.99963 5.77016 5.77018 5.77018 5 5.77016 5 5.77016 5 5.77016 5 5.77016 5 5.77016 5 5.77016 5 5.77016 5 5.77016 5 5.77016 5 5.77016 5 5.77016 5 5.77016 5 5.77016 5 5.77016 5 5.77016 5 5.77016 5 5.77016 5 5.77016 5 5.77016 5 5.77016 5 5.77016 5 5.77016 5 5.77016 5 5.77016 5 5.77016
10.77 5.77016 5.77016 5.77016 5.77016 5.77016 5.77016 5.77016 5.77016 5.77016 5.77016 5.77016 5.77016 5.77016 5.77016 5.77016 5.77016 5.77003 5.76961 5.76955 5.76996 5.76988 4.99952 5.76987 5.77016 5.77016 5.77016 5.77016 5.77016 5.77016 5.77016 5.77016 5.77016 5.77016 5.77016 5.77016 5.77016 5.77016 5.77016 5.77016 5.77016 5.77016 5.77016 5.77016 5.77016 5.77016 5.77016 5.77016 5.77016 5.77016 5.77016 5.77016 5.77016 5.77016 5.77016 5.77016 5.77016 5.77016 5.77016 5.77016 5.77016 5.77016 5.77016 5.77016 5.77016 5.77016 5.77016 5.77016 5.77016 5.77016 5.77016 5.77016 5.77016 5.77016
13.16 8.16017 5 5.77016 5 5.77016 5 5.77016 5 5.77016 5 5.77016 5 5.77016 5 5.77016 5 5.77016 5 5.77016 5 5.76974 6.12476 5.76972 5 5.77016 5 5.77016 5 5.77016 5 5.77016 5 5.77016 5 5.77016 5 5.77016 5 5.77016 5 5.77016 5 5.77016 5 5.77016 5 5.77016 5 5.77016 5 5.77016 5 5.77016 5 5.77016 5 5.77016 5 5.77016 5 5.77016 5 5.77016 5 5.77016 5 5.77016 5 5.77016 5 5.77016 5 5.77016
13.16 8.16017 5.77016 5.77016 5.77016 5.77016 5.77016 5.77016 5.77016 5.77016 5.77016 5.77016 5.77016 5.77016 5.77016 5.77016 5.77016 5.77016 5.77016 5.77016 5.77016 5.76992 4.99959 5.76992 5.77016 5.77016 5.77016 5.77016 5.77016 5.77016 5.77016 5.77016 5.77016 5.77016 5.77016 5.77016 5.77016 5.77016 5.77016 5.77016 5.77016 5.77016 5.77016 5.77016 5.77016 5.77016 5.77016 5.77016 5.77016 5.77016 5.77016 5.77016 5.77016 5.77016 5.77016 5.77016 5.77016 5.77016 5.77016 5.77016 5.77016 5.77016 5.77016 5.77016 5.77016 5.77016 5.77016 5.77016 5.77016 5.77016 5.77016 5.77016 5.77016 5.77016
10.77 5 5.77016 5 5.77016 5 5.77016 5 5.77016 5 5.77016 5 5.77016 5 5.77016 5 5.77016 5 5.77016 5 5.77016 5.77016 5.77016 5.77016 5 5.77016 5 5.77016 5 5.77016 5 5.77016 5 5.77016 5 5.77016 5 5.77016 5 5.77016 5 5.77016 5 5.77016 5 5.77016 5 5.77016 5 5.77016 5 5.77016 5 5.77016 5 5.77016 5 5.77016 5 5.77016 5 5.77016 5 5.77016 5 5.77016 5 5.77016 5 5.77016 5 5.77016 5 5.77016
13.16 8.16017 5.77016 5.77016 5.77016 5.77016 5.77016 5.77016 5.77016 5.77016 5.77016 5.77016 5.77016 5.77016 5.77016 5.77016 5.77016 5.77016 5.77016 5.77016 5.77016 5 5.77016 5.77016 5.77016 5.77016 5.77016 5.77016 5.77016 5.77016 5.77016 5.77016 5.77016 5.77016 5.77016 5.77016 5.77016 5.77016 5.77016 5.77016 5.77016 5.77016 5.77016 5.77016 5.77016 5.77016 5.77016 5.77016 5.77016 5.77016 5.77016 5.77016 5.77016 5.77016 5.77016 5.77016 5.77016 5.77016 5.77016 5.77016 5.77016 5.77016 5.77016 5.77016 5.77016 5.77016 5.77016 5.77016 5.77016 5.77016 5.77016 5.77016 5.77016 5.77016
16.32 10.77 5 5.77016 5 5.77016 5 5.77016 5 5.77016 5 5.77016 5 5.77016 5 5.77016 5 5.77016 5 5.77016 5.77016 5.77016 5.77016 5 5.77016 5 5.77016 5 5.77016 5 5.77016 5 5.77016 5 5.77016 5 5.77016 5 5.77016 5 5.77016 5 5.77016 5 5.77016 5 5.77016 5 5.77016 5 5.77016 5 5.77016 5 5.77016 5 5.77016 5 5.77016 5 5.77016 5 5.77016 5 5.77016 5 5.77016 5 5.77016 5 5.77016 5 5.77016 5
16.3113 10.7701 5.77016 5.77016 5.77016 5.77016 5.77016 5.77016 5.77016 5.77016 5.77016 5.77016 5.77016 5.77016 5.77016 5.77016 5.77016 5.77016 5.77016 5.77016 5 5.77016 5.77016 5.77016 5.77016 5.77016 5.77016 5.77016 5.77016 5.77016 5.77016 5.77016 5.77016 5.77016 5.77016 5.77016 5.77016 5.77016 5.77016 5.77016 5.77016 5.77016 5.77016 5.77016 5.77016 5.77016 5.77016 5.77016 5.77016 5.77016 5.77016 5.77016 5.77016 5.77016 5.77016 5.77016 5.77016 5.77016 5.77016 5.77016 5.77016 5.77016 5.77016 5.77016 5.77016 5.77016 5.77016 5.77016 5.77016 5.77016 5.77016 5.77016 5.77016 5.77016
13.16 8.15143 5.77018 5 5.77016 5 5.77016 5 5.77016 4.99999 5.77014 4.99999 5.77016 5 5.77016 5 5.77016 5 5.77016 5.77016 5.77012 5.77011 4.99996 5.77016 5 5.77016 5 5.77016 5 5.77016 5 5.77016 5 5.77016 5 5.77016 5 5.77016 5 5.77016 5 5.77016 5 5.77016 5 5.77016 5 5.77016 5 5.77016 5 5.77016 5 5.77016 5 5.77016 5 5.77016 5 5.77016 5 5.77016 5 5.77016 5 5.77016 5 5.77016 5 5.77016 5 5.77016 5 5.77016
10.77 5 5.77018 5.77018 5.77018 5.77017 5.77016 5.77016 5.77016 5.77014 6.15993 5.77014 5.77018 5.77018 5.77018 5.77018 5.77018 5.77018 5.77018 5.77018 4.99991 6.14596 5.77008 5.77018 5.77016 5.77018 5.77018 5.77018 5.77016 5.77018 5.77016 5.77018 5.77018 5.77018 5.77018 5.77018 5.77016 5.77018 5.77018 5.77016 5.77016 5.77016 5.77016 5.77016 5.77018 5.77016 5.77018 5.77018 5.77018 5.77018 5.77018 5.77018 5.77018 5.77018 5.77018 5.77018 5.77016 5.77018 5.77016 5.77018 5.77016 5.77018 5.77016 5.77018 5.77016 5.77018 5.77016 5.77018 5.77016 5.77018 5.77016 5.77018 5.77016 5.77016
13.16 8.16019 5.77018 5.77018 5.77018 5 5.77018 5.77018 5 5.77015 4.99998 5.77015 5 5.77018 5.77018 5.77018 5 5.77018 5.77018 5.77018 5.77007 5.77007 4.99994 5.77018 5.77018 5.77018 5 5.77018 5.77018 5.77018 5.77018 5.77018 5 5.77017 5 5.77018 5.77018 5.77018 5.77018 5 5.77016 5 5.77016 5 5.77016 5.77018 5.77018 5 5.77018 5 5.77018 5 5.77018 5 5.77018 5 5.77018 5.77018 5.77018 5.77018 5.77018 5.77018 5.77018 5.77018 5.77018 5.77018 5.77018 5.77018 5.77018 5.77018 5.77018 5.77018 5.77018 5
10.77 5 5.77018 5 5.77018 5.77018 5.77018 5.77016 5.77016 5.77016 5.77016 5.77018 5.77018 5.77018 5 5.77018 5.77018 5.77018 5 5.77018 5.77018 5.77018 5.77018 5.76986 4.99994 5.77013 5.77018 5.77018 5 5.77018 5.77017 5 5.77017 6.15994 5.77017 5.77018 5 5.77018 5.77018 5.77016 5.77016 5.77016 5.77016 5.77016 5.77016 5 5.77018 5.77018 5.77018 5.77018 5.77018 5.77018 5.77018 5.77018 5.77018 5.77018 5.77018 5.77018 5.77018 5.77018 5.77018 5.77018 5 5.77018 5.77018 5.77018 5.77018 5.77018 5.77018 5.77018 5.77018 5 5.77016 5.77016
10.77 5.77018 5.77018 5.77018 5.77018 5.77018 5 5.77016 5 5.77016 5 5.77018 5.77018 5 5.77018 5.77018 5 5.77018 5.77018 5.77018 5 5.77018 5.77016 5.76965 6.15888 5.77013 4.99997 5.77014 5.77018 5.77018 5 6.16009 5.77017 4.99999 5.77017 5 5.77018 5.77018 5 5.77016 5 5.77016 5 5.77016 5.77016 5.77016 5.77018 5 5.77018 5 5.77018 5 5.77018 5 5.77018 5 5.77018 5 5.77018 5 5.77018 5 5.77018 5.77018 5 5.77018 5 5.77018 5 5.77018 5.77016 5.77018 5.77016 5
10.77 5.77018 5 5.77018 5 5.77018 5.77018 5.77016 5.77016 5.77016 5.77016 5.77018 5.77018 5.77018 5.77018 5 5.77018 5.77018 5 5.77018 5.77018 5.77018 5.77018 4.99964 5.7701 5.77012 6.15926 5.77012 5 5.77018 5.77017 5.77017 5 5.77018 5.77018 5.77018 5.77018 5.77016 5.77018 5.77016 5.77016 5.77016 5.77016 5.77016 5 5.77018 5.77018 5.77018 5.77018 5.77018 5.77018 5.77018 5.77018 5.77018 5.77018 5.77018 5.77018 5.77018 5.77018 5.77018 5.77018 5.77018 5.77018 5 5.77018 5.77018 5.77018 5.77018 5.77018 5.77018 5.77018 5.77018 5.77018 5.77016
10.77 5.77018 5.77018 5.77018 5.77018 5.77018 5 5.77016 5 5.77016 5 5.77018 5.77018 5 5.77018 5.77018 5.77018 5 5.77018 5.77018 5 5.77018 5.77017 5.77016 5.77017 4.99996 5.77011 5.77005 5.77018 5.77018 5 5.77018 5.77018 5.77018 5 5.77018 5 5.77018 5 5.77016 5 5.77016 5 5.77016 5.77016 5.77016 5 5.77018 5 5.77018 5 5.77018 5 5.77018 5 5.77018 5 5.77018 5 5.77018 5 5.77018 5 5.77018 5.77018 5 5.77018 5 5.77018 5 5.77018 5 5.77018 5
10.77 5.77018 5 5.77018 5 5.77018 5.77018 5.77018 5.77018 5.77018 5.77018 5.77018 5 5.77018 5.77018 5 5.77018 5.77018 5.77018 5 5.77018 5.77018 5.77018 5.77018 5.77018 5.77016 5.77017 5.77017 5.77017 5.77018 5.77018 5.77018 4.99999 5.77015 5.77016 5.77018 5.77018 5.77016 5.77016 5.77016 5.77016 5.77016 5.77016 5.77016 5 5.77018 5.77018 5.77018 5.77018 5.77018 5.77018 5.77018 5.77018 5.77018 5.77018 5.77018 5.77018 5.77018 5.77018 5.77018 5.77018 5.77018 5.77018 5.77018 5.77016 5.77018 5.77018 5.77018 5.77018 5.77018 5.77018 5.77018 5.77018 5.77018
13.16 8.16019 5.77018 5.77018 5.77017 5.77017 5.77017 5.77018 5.77018 5 5.77018 5.77018 5.77018 5.77018 5 5.77018 5.77018 5 5.77018 5.77018 5.77018 5 5.77018 5.77018 5.77018 5.77017 5.77017 5.77017 5 5.77018 5.77018 5 5.77015 6.15979 4.99998 5.77018 5 5.77018 5 5.77016 5 5.77016 5 5.77016 5.77016 5.77016 5.77018 5 5.77017 5 5.77017 5 5.77017 5 5.77018 5 5.77018 5 5.77018 5 5.77018 5 5.77018 5 5.77018 5.77018 5 5.77018 5 5.77018 5 5.77018 5 5.77018
10.77 5.77018 5 5.77018 5 6.16019 5 5.77018 5 5.77018 5.77018 5 5.77018 5 5.77018 5.77018 5 5.77018 5.77018 5 5.77018 5.77018 5.77018 5 5.77018 5.77018 5 5.77017 5.77017 5.77018 5 5.77018 5.77016 4.99998 5.77016 5.77018 5.77018 5.77018 5.77016 5.77018 5.77016 5.77016 5.77016 5.77016 5 5.77016 5.77016 5.77016 5.77016 5.77016 5.77016 5.77016 5.77016 5.77016 5.77016 5.77016 5.77016 5.77016 5.77016 5.77016 5.77016 5.77016 5.77016 5.77016 5.77016 5.77016 5.77016 5.77018 5.77018 5.77018 5.77018 5.77018 5.77018 5.77018
10.77 5.77018 5.77018 5.77018 5.77017 5.77017 5.77017 5.77018 5.77018 5.77018 5 5.77018 5.77018 5.77018 5.77018 5 5.77018 5.77018 5 5.77018 5.77018 5 5.77018 5.77018 5.77018 5.77017 5.77018 5.77018 5 5.77018 5.77018 5.77018 5 5.77018 5.77018 5 5.77018 5 5.77018 5.77018 5 5.77016 5 5.77016 5.77016 5.77016 5 5.77016 5 5.77016 5 5.77016 5 5.77016 5 5.77016 5 5.77016 5 5.77016 5 5.77016 5 5.77016 5 5.77016 5 5.77016 5 5.77016 4.99998 5.7701 4.99992 5.77011
10.77 5 5.77018 5 5.77018 5 5.77018 5 5.77018 5 5.77018 5.77018 5 5.77018 5 5.77018 5.77018 5 5.77018 5.77018 5 5.77018 5.77018 5 5.77018 5.77018 5.77018 5 5.77018 5.77018 5.77018 5 5.77018 5.77018 5 5.77018 5.77018 5.77018 5.77018 5.77018 5.77016 5.77016 5.77016 5.77016 5 5.77016 5.77016 5.77016 5.77016 5.77016 5.77016 5.77016 5.77016 5.77016 5.77016 5.77016 5.77016 5.77016 5.77016 5.77016 5.77016 5.77016 5.77016 5.77016 5.77016 5.77016 5.77016 5.77016 5.77016 5.77016 5.77013 6.15777 6.15944 6.15895
10.77 5.77018 5.77018 5.77018 5.77018 5.77018 5.77018 5.77018 5.77018 5.77018 5.77018 5 5.77018 5.77018 5.77018 5.77018 5 5.77018 5.77018 5 5.77018 5.77018 5 5.77018 5.77018 5 5.77018 5.77018 5.77018 5 5.77018 5.77018 5.77018 5 5.77018 5.77018 5 5.77018 5 5.77016 5 5.77016 5 5.77016 5.77016 5.77016 5 5.77016 5 5.77016 5 5.77016 5 5.77016 5 5.77016 6.00015 6.00015 5 5.77016 5 5.77016 5 5.77016 5 5.77016 5 5.77016 5 5.77016 4.99999 5.77012 4.99994 5.77013
10.77 5.77018 5 5.77018 5 5.77018 5 5.77018 5 5.77018 5 5.77018 5.77018 5 5.77018 5 5.77018 5.77018 5 5.77018 5.77018 5 5.77018 5.77018 5 5.77018 5.77018 5 5.77018 5.77018 5.77018 5 5.77018 5.77018 5.77018 5 5.77018 5.77018 5.77016 5.77016 5.77016 5.77016 5.77016 5.77016 5 5.77016 5.77016 5.77016 5.77016 5.77016 5.77016 5.77016 5.77016 5.77016 5.77016 5.77016 5 5.77016 5.77016 5.77016 5.77016 5.77016 5.77016 5.77016 5.77016 5.77016 5.77016 5.77016 5.77016 5.77016 5.77016 5.77016 5.77016 5.77016
10.77 5.77018 5.77018 5.77018 5.77018 5.77018 5.77018 5.77018 5.77018 5.77018 5.77018 5.77018 5 5.77018 5.77018 5.77018 5.77018 5 5.77018 5.77018 5 5.77018 5.77018 5 5.77018 5.77018 5 5.77018 5.77018 5 5.77018 5.77018 5.77018 5 5.77018 5.77018 5.77018 5 5.77016 5 5.77016 5 5.77016 5.77016 5.77016 5.77016 5 5.77016 5 5.77016 5 5.77016 5 5.77016 5 5.77016 5.77016 5.77016 5 5.77016 5 5.77016 5 5.77018 5 5.77018 5 5.77016 5 5.77016 5 5.77018 5 5.77018
10.77 5 5.77018 5 5.77018 5 5.77018 5 5.77018 5 5.77018 5 5.77018 5.77018 5 5.77018 5 5.77018 5.77018 5 5.77018 5.77018 5 5.77018 5.77018 5 5.77018 5.77018 5 5.77018 5.77018 5 5.77018 5.77018 5.77018 5 5.77018 5.77018 5.77016 5.77016 5.77016 5.77016 5.77016 5 5.77016 5.77018 5.77016 5.77018 5.77016 5.77018 5.77016 5.77018 5.77016 5.77018 5.77016 5.77016 5 5.77016 5.77016 5.77016 5.77016 5.77018 5.77018 5.77018 5.77018 5.77018 5.77018 5.77018 5.77018 5.77018 5.77018 5.77018 5.77018 5.77018
10.6292 5.77018 5.77018 5.77018 5.77018 5.77018 5.77018 5.77018 5.77018 5.77018 5.77018 5.77018 5.77018 5 5.77018 5.77018 5.77018 5.77018 5 5.77018 5.77018 5 5.77018 5.77018 5 5.77018 5.77018 5 5.77018 5.77018 5 5.77018 5.77018 5 5.77018 5.77018 5.77018 5 5.77016 5 5.77016 5 5.77016 5.77016 5.77016 5 5.77018 5 5.77018 5 5.77018 5 5.77018 5 5.77018 5.77016 5.77018 5.77016 5.77018 5 5.77018 5 5.77018 5 5.77018 5.77018 5.77018 5.77018 5.77018 5.77018 5.77018 5.77018 5.77018 5.77018
10.77 5.77018 5 5.77018 5 5.77018 5 5.77018 5 5.77018 5 5.77018 5 5.77018 5.77018 5 5.77018 5 5.77018 5.77018 5 5.77018 5.77018 5 5.77018 5.77018 5 5.77018 5.77018 5 5.77018 5.77018 5 5.77018 5.77018 5 5.77018 5.77016 5.77016 5.77016 5.77016 5.77016 5.77016 5 5.77018 5.77018 5.77018 5.77018 5.77018 5.77018 5.77018 5.77018 5.77018 5.77018 5.77018 5.77018 5.77018 5.77018 5.77018 5.77018 5.77018 5.77018 5.77018 5.77018 5.77018 5 5.77018 5 5.77018 5 5.77018 5 5.77018 5
10.77 5.77018 5.77018 5.77018 5.77018 5.77018 5.77018 5.77018 5.77018 5.77018 5.77018 5.77018 5.77018 5.77018 5 5.77018 5.77018 5.77018 5.77018 5 5.77018 5.77018 5 5.77018 5.77018 5 5.77018 5.77018 5 5.77018 5.77018 5 5.77018 5.77018 5.77016 5.77018 5.77018 5 5.77016 5 5.77016 5 5.77016 5.77016 5.77016 5.77018 5 5.77018 5.77018 5.77018 5 5.77018 5.77018 5 5.77018 5 5.77018 5.77018 5.77018 5 5.77018 5.77018 5.77018 5 5.77018 5.77018 5.77018 5.77018 5.77018 5.77018 5.77018 5.77018 5.77018 5.77018
10.77 5 5.77018 5 5.77018 5 5.77018 5 5.77018 5 5.77018 5 5.77018 5 5.77018 5.77018 5 5.77018 5 5.77018 5.77018 5 5.77018 5.77018 5 5.77018 5.77018 5 5.77018 5.77018 5 5.77018 5.77018 5 5.77018 5.77018 5.77016 5.77016 5.77016 5.77016 5.77016 5.77016 5.77016 5.77018 5.77018 5.77018 5.77018 5.77018 5 5.77018 5.77018 5.77018 5 5.77018 5.77018 5.77018 5.77018 5 5.77018 5.77018 5.77018 5 5.77018 5.77018 5.77018 5 5.77018 5 5.77018 5 5.77018 5 5.77018 5
10.77 5.77018 5.77018 5.77018 5.77018 5.77018 5.77018 5.77018 5.77018 5.77018 5.77018 5.77018 5.77018 5.77018 5.77018 5 5.77018 5.77018 5.77018 5.77018 5 5.77018 5.77018 5 5.77018 5.77018 5 5.77018 5.77018 5 5.77018 5.77018 5.77016 5.77018 5.77018 5 5.77018 5 5.77016 5 5.77016 5.77018 5 5.77018 5 5.77018 5.77018 5 5.77018 5.77018 5 5.77018 5.77018 5.77018 5 5.77018 5 5.77018 5.77018 5 5.77018 5.77018 5.77018 5 5.77018 5.77018 5.77018 5.77018 5.77018 5.77018 5.77018 5.77018 5.77018 5.77018
10.77 5.77018 5 5.77018 5 5.77018 5 5.77018 5 5.77018 5 5.77018 5 5.77018 5 5.77018 5.77018 5 5.77018 5 5.77018 5.77018 5 5.77018 5.77018 5 5.77018 5.77018 5 5.77018 5.77018 5 5.77018 5.77018 5.77018 5.77018 5.77016 5.77016 5.77016 5.77018 5.77018 5.77018 5.77018 5.77018 5.77018 5.77018 5 5.77018 5.77018 5 5.77018 5.77018 5 5.77018 5.77018 5.77018 5.77018 5.77018 5 5.77018 5.77018 5 5.77018 5.77018 5.77018 5 5.77018 5 5.77018 5 5.77018 5 5.77018 5
