tests/full-run-ref/erosion_2010_78_19_2.123.asc
ncols 512
nrows 512
xllcorner -3.24582
yllcorner -4.08743
cellsize 5
NODATA_value -99999
[rows 185 to 221 of 512, columns 168 to 251 of 512]
1.67478 0 0 0 0 0 0 0 0 0 0 0 0 0 21.7738 41.776 36.0083 30.2238 19.6571 13.9104 0 0 0 0 14.3734 17.297 13.916 13.93 13.93 13.93 13.93 13.93 13.93 13.93 13.1961 0 0 0 16.9367 22.2643 22.7896 23.0744 23.0716 23.075 23.0709 23.0695 22.4631 0 0 0 0 19.3587 21.9942 19.5755 17.9113 16.1012 13.6929 7.88812 5.66822 5.75953 5.77 5.77 5.77 5.77 5.77 5.77 5.77 5.77 5.77 5.77 5.77 5.77 5.77 5.77 5.77 5.77 5.77 5.77 5.77 5.77 5.77 5.77 5.77 5.77
9.04423 0 0 0 0 0 0 0 0 0 0 0 0 24.4561 22.0498 23.7377 38.3846 27.8258 22.0775 0 0 0 22.0633 0 17.6758 19.6722 13.888 13.9004 13.907 13.9229 13.929 13.93 13.93 0 0 0 0 0 12.3947 18.7664 20.8394 21.4091 21.4759 21.4776 21.4761 20.4209 22.0734 0 0 0 0 0 24.5528 25.3499 23.6876 21.8679 16.031 13.6518 7.8589 5.66048 5.75908 5.77 5.77 5.77 5.77 5.77 5.77 5.77 5.77 5.77 5.77 5.77 5.77 5.77 5.77 5.77 5.77 5.77 5.77 5.77 5.77 5.77 5.77 5.77
0 0 0 0 0 0 0 0 0 0 0 0 27.8554 22.0768 16.2964 13.8937 0 0 0 0 0 0 0 30.2228 24.4457 22.0469 16.2435 20.0348 16.2554 14.2592 13.8889 13.901 13.9119 13.9244 0 0 0 0 0 0 0 0 0 0 0 0 0 0 0 0 0 0 31.7602 31.1274 29.4746 24.2251 21.8287 15.9964 13.6344 7.84664 5.65661 5.75877 5.77 5.77 5.77 5.77 5.77 5.77 5.77 5.77 5.77 5.77 5.77 5.77 5.77 5.77 5.77 5.77 5.77 5.77 5.77 5.77 5.77 5.77
0 0 0 0 0 0 2.78585 0 0 0 0 23.8593 25.4624 19.6862 13.911 8.13531 0 0 0 0 0 0 0 0 30.2245 24.354 28.1977 24.4199 22.416 22.0297 16.2668 20.0733 16.2979 14.2997 13.8912 0 0 0 0 0 0 0 0 0 0 0 0 0 0 0 0 0 39.243 36.9126 32.4143 30.0149 24.1893 21.8111 15.9823 13.6254 7.83832 5.6532 5.75843 5.77 5.77 5.77 5.77 5.77 5.77 5.77 5.77 5.77 5.77 5.77 5.77 5.77 5.77 5.77 5.77 5.77 5.77 5.77 5.77 5.77
7.49469 0 0 0 0 0 0 0 0 0 0 25.2665 23.0705 17.2943 11.5192 5.75064 0 0 0 0 0 0 0 0 0 0 32.3825 30.6076 30.2225 24.4435 22.0569 16.2688 13.8697 11.4664 8.07973 0 0 0 0 0 0 0 0 0 0 0 0 0 0 0 0 0 45.1055 40.6013 38.1992 32.3812 29.9974 24.1757 21.8025 15.9727 13.6167 7.82873 5.64925 5.75804 5.77 5.77 5.77 5.77 5.77 5.77 5.77 5.77 5.77 5.77 5.77 5.77 5.77 5.77 5.77 5.77 5.77 5.77 5.77 5.77
11.54 11.5313 9.37171 0 0 0 0 0 0 0 0 0 25.4596 19.6821 13.909 8.14183 5.76564 0 0 0 0 0 0 0 0 0 38.3917 33.6072 27.8224 22.0362 16.2505 13.8521 8.06249 5.6995 5.74786 5.76597 0 0 0 0 0 0 0 0 0 0 0 0 0 0 0 0 48.7955 46.3838 40.5726 38.1832 32.3686 29.9893 24.1664 21.7935 15.9609 13.6064 7.81789 5.64528 5.75769 5.77 5.77 5.77 5.77 5.77 5.77 5.77 5.77 5.77 5.77 5.77 5.77 5.77 5.77 5.77 5.77 5.77 5.77 5.77
11.5391 11.5397 11.54 10.9607 0 0 0 0 0 0 0 7.77677 27.8528 22.0707 16.2984 11.5207 5.7598 0 0 0 0 0 0 0 0 0 36.9898 31.2074 25.4256 19.6429 13.8572 8.07888 5.72149 5.7648 0 0 0 0 0 0 0 0 0 0 0 0 0 0 0 0 25.2467 21.6331 54.5689 48.7648 46.3692 40.5611 38.1756 32.3595 29.9804 24.1544 21.7826 15.9472 13.5962 7.80842 5.64241 5.75749 5.77 5.77 5.77 5.77 5.77 5.77 5.77 5.77 5.77 5.77 5.77 5.77 5.77 5.77 5.77 5.77 5.77 5.77
13.9263 11.5381 11.54 11.4092 7.0248 0 0 0 0 0 0 0 27.7438 23.0641 17.2847 11.5124 5.75484 0 0 0 0 0 0 0 0 0 34.6003 28.82 23.0391 17.2623 11.4777 5.7087 5.76362 0 0 0 0 0 0 0 0 0 0 0 0 0 0 0 0 0 27.6452 62.6679 56.9595 54.5566 48.7542 46.3617 40.5522 38.1666 32.3472 29.9691 24.1402 21.7716 15.9351 13.5892 7.80343 5.64153 5.75749 5.77 5.77 5.77 5.77 5.77 5.77 5.77 5.77 5.77 5.77 5.77 5.77 5.77 5.77 5.77 5.77 5.77
16.1833 11.5306 11.5392 11.54 11.54 11.54 11.5375 12.7966 0 0 0 0 0 23.0696 17.2867 11.5064 5.7516 0 0 0 0 0 0 0 0 0 32.6239 27.8372 22.0581 16.2835 13.8991 8.13332 5.76673 0 0 0 0 0 0 0 0 0 0 0 0 0 0 0 0 0 25.2744 65.0013 60.2622 56.9497 54.5481 48.7452 46.3524 40.5392 38.155 32.3325 29.9576 24.1273 21.7641 15.9288 13.5873 7.80415 5.64277 5.75767 5.77 5.77 5.77 5.77 5.77 5.77 5.77 5.77 5.77 5.77 5.77 5.77 5.77 5.77 5.77 5.77
18.5674 12.7941 11.5321 11.5393 11.54 11.5397 11.536 15.244 13.8925 0 0 0 0 1.26856 17.2956 11.5089 5.74971 0 0 0 0 0 0 0 0 0 30.2372 24.4593 19.6733 13.8946 8.12245 5.75141 5.7684 0 0 0 0 0 0 0 0 0 0 0 0 0 0 0 0 11.498 16.0402 38.1347 24.3955 62.7263 56.9405 54.5385 48.731 46.3404 40.524 38.1427 32.3185 29.9494 24.1205 21.7621 15.9301 13.5904 7.81001 5.64584 5.758 5.77 5.77 5.77 5.77 5.77 5.77 5.77 5.77 5.77 5.77 5.77 5.77 5.77 5.77 5.77
20.9514 18.5641 12.7967 11.532 11.5354 11.5379 12.5326 13.9207 8.13459 0 0 0 0 0 17.3024 11.5185 5.75115 0 0 0 0 0 0 0 0 0 27.8494 22.0732 16.2957 11.5117 5.74599 5.76796 0 0 0 0 0 0 0 0 0 0 0 0 0 0 0 0 0 0 0 24.2515 70.7794 5.0676 62.7263 56.9232 54.5259 48.7152 46.3272 40.5085 38.1338 32.311 29.9472 24.1218 21.7657 15.9381 13.5982 7.82005 5.65036 5.75843 5.77 5.77 5.77 5.77 5.77 5.77 5.77 5.77 5.77 5.77 5.77 5.77 5.77 5.77
26.7283 20.956 18.5697 12.7969 18.5756 12.8092 13.9277 8.14708 5.75672 5.76721 0 0 0 0 11.5291 11.5262 5.75693 0 0 0 0 0 0 0 0 0 25.4607 19.6864 13.9093 8.13795 5.76282 0 0 0 0 0 0 0 0 0 0 0 0 0 0 0 0 0 0 0 0 0 24.1448 70.8322 65.1098 62.7134 56.9072 54.5114 48.6977 46.3171 40.5001 38.1312 32.3121 29.9508 24.13 21.7744 15.9514 13.6097 7.83334 5.65593 5.75894 5.77 5.77 5.77 5.77 5.77 5.77 5.77 5.77 5.77 5.77 5.77 5.77 5.77
28.8451 26.7389 20.9612 26.734 20.9659 17.304 11.5299 5.75809 5.76838 0 0 0 0 0 0 5.76436 5.76481 0 0 0 0 0 0 0 0 0 0 17.3008 11.5246 5.75482 5.76876 0 0 0 0 0 0 0 0 0 0 0 0 0 0 0 0 0 0 0 0 0 21.8208 73.1365 18.4463 65.1024 62.6958 56.8864 54.4996 48.6879 46.314 40.5009 38.1348 32.3204 29.9598 24.1439 21.7872 15.9691 13.624 7.849 5.66222 5.75949 5.77 5.77 5.77 5.77 5.77 5.77 5.77 5.77 5.77 5.77 5.77 5.77
23.0566 0 0 28.8474 23.068 17.296 11.5202 5.75623 5.77 5.77 5.77 5.60512 0.599169 0 0 0 0 0 0 0 0 0 0 0 0 0 0 11.5298 11.5324 5.7621 0 0 0 0 0 0 0 0 0 0 0 0 0 0 0 0 0 0 0 0 0 0 19.3278 29.892 68.8965 70.8822 65.0754 62.6816 56.8747 54.4958 48.6884 46.3175 40.5094 38.144 32.3348 29.9731 24.1623 21.8032 15.9899 13.6404 7.86644 5.66906 5.76007 5.77 5.77 5.77 5.77 5.77 5.77 5.77 5.77 5.77 5.77 5.77
0 0 0 6.7113 23.0348 17.2547 11.4756 5.74314 5.76835 5.77 5.77 5.77 5.247 0 0 0 0 0 0 0 0 0 0 0 0 0 0 5.76139 8.1555 5.76693 0 0 0 0 0 0 0 0 0 0 0 0 0 0 0 0 0 0 0 0 0 0 0 27.518 78.9285 73.2672 70.8637 65.0609 62.6768 56.8747 54.4992 48.6969 46.327 40.5243 38.1579 32.3542 29.9898 24.1841 21.8215 16.0131 13.6584 7.88549 5.67618 5.76065 5.77 5.77 5.77 5.77 5.77 5.77 5.77 5.77 5.77 5.77
0 0 0 0 25.4346 19.6468 13.8774 8.11465 5.76115 5.76961 5.77 5.77 5.12841 0 0 0 0 0 0 0 0 0 0 0 0 0 0 0 0 5.76934 0 0 0 0 0 0 0 0 0 0 0 0 0 0 0 0 0 0 0 0 0 0 0 0 81.2775 79.0474 73.247 70.8572 65.0601 62.6799 56.8831 54.5088 48.7124 46.3415 40.5446 38.1754 32.377 30.0089 24.2084 21.8416 16.0386 13.678 7.90464 5.679 5.75988 5.77 5.77 5.77 5.77 5.77 5.77 5.77 5.77 5.77
0 0 0 0 0 22.0599 16.2855 13.9219 8.15493 5.76937 5.77 5.77 5.03069 0 0 0 0 0 0 0 0 0 0 0 0 0 0 0 0 0 0 0 0 0 0 0 0 0 0 0 0 0 0 0 0 5.76316 0 0 0 0 0 0 0 0 87.0722 81.4352 79.0376 73.2453 70.86 65.0683 62.6897 56.8993 54.5241 48.734 46.36 40.5688 38.1953 32.4026 30.03 24.2351 21.8639 16.0658 13.6908 7.90974 5.69291 5.76126 5.77 5.77 5.77 5.77 5.77 5.77 5.77 5.77
0 0 0 0 0 22.0562 16.284 11.523 5.75832 5.7696 5.77 5.77 5.0832 0 0 0 0 0 0 0 0 0 0 0 0 0 0 0 0 0 0 0 0 0 0 0 0 0 0 0 0 0 0 0 0 8.1388 0 0 0 0 0 0 0 0 89.4368 87.208 81.4319 79.0399 73.2529 70.8699 65.0854 62.7061 56.9227 54.544 48.7602 46.3811 40.5962 38.218 32.4308 30.0534 24.265 21.8835 16.078 13.7095 8.05099 5.7156 5.76292 5.77 5.77 5.77 5.77 5.77 5.77 5.77
10.9861 0 0 0 0 5.74369 13.8809 8.11152 5.76289 5.77 5.77 5.77 5.25633 0 0 0 0 0 0 0 0 0 0 0 0 0 0 0 0 0 5.76752 5.76917 0 0 0 0 0 0 0 0 0 0 0 0 0 0 0 0 0 0 0 0 0 0 95.2381 36.4048 87.2209 81.4385 79.0499 73.2717 70.8881 65.1121 62.7284 56.9524 54.5675 48.7898 46.4048 40.6326 38.2474 32.4649 30.0765 24.2794 21.8993 16.2185 13.8425 8.07054 5.72839 5.77 5.77 5.77 5.77 5.77 5.77 5.77
11.5045 0 0 0 0 12.3381 11.4796 5.73508 5.76757 5.77 5.76906 5.76954 5.76962 0 0 0 0 0 0 0 0 0 0 0 0 0 0 0 0 7.2546 8.15886 5.7687 0 0 0 0 0 0 0 0 0 0 0 0 0 0 0 0 0 0 0 0 0 0 46.2717 95.2632 75.5801 87.233 81.4601 79.074 73.3025 70.9129 65.1441 62.76 56.9921 54.6036 48.8246 44.1316 40.6766 38.2909 32.5007 30.0945 24.4078 22.0225 16.2294 11.4159 5.65496 5.75701 5.77 5.77 5.77 5.77 5.77 5.76952
11.4918 11.5043 11.5061 11.5061 11.5046 11.5033 11.5251 5.73883 5.7623 5.76575 5.7611 8.15792 5.7675 1.19416 0 0 0 0 0 0 0 0 0 0 0 0 0 0 0 0 7.68516 0 0 0 0 0 0 0 0 0 0 0 0 0 0 0 0 0 0 0 0 0 0 0 0 54.5227 90.6172 84.9488 79.1712 73.3879 68.6019 62.8199 57.0434 54.668 52.2878 49.9058 47.515 41.7339 35.9505 33.5874 36.0125 32.6137 30.206 24.4139 19.6009 13.7845 7.99717 5.66581 5.74104 5.75424 5.76607 5.76787 5.77 5.75957
13.9022 11.4898 11.504 9.76759 0 0 11.5324 6.78428 8.13787 6.13304 7.17809 11.5258 5.76144 3.17694 0 0 0 0 0 0 0 0 0 0 0 0 0 0 0 0 0 5.76809 5.76918 0 0 0 0 0 0 0 0 0 0 0 0 0 0 0 0 0 0 0 0 0 0 0 62.7775 0 76.7872 71.0034 65.2224 60.4397 54.6634 48.8795 46.5027 44.1199 41.7405 39.3536 33.5731 27.8052 0 35.9904 32.614 27.8036 22.0013 16.2099 13.5851 8.03967 8.06696 6.08111 6.08708 5.71844 5.74872 5.70705
16.2739 13.8981 11.4863 9.68428 0 0 0 0 13.0574 14.2909 13.9111 11.5234 5.75151 5.76857 0 0 0 0 0 0 0 0 0 0 0 0 0 0 0 0 7.54193 8.15919 5.76862 0 0 5.76634 0 0 0 0 0 0 0 0 0 0 0 0 0 0 0 0 0 0 0 0 0 0 74.401 68.6174 62.8342 57.0527 52.2681 46.486 40.6954 38.3217 35.9415 33.5733 33.5476 27.7685 0 11.3825 30.6512 28.2415 22.4645 20.0822 16.2999 14.035 14.2664 11.1587 13.8699 8.05842 5.84963 6.8515
22.0466 16.2681 13.8858 11.2031 7.39201 0 0 0 0 20.0386 19.6812 13.9028 8.13414 5.76253 0 0 0 0 0 0 0 0 0 0 0 0 0 0 0 0 0 5.76788 5.76856 0 0 0 5.73246 6.15663 0 0 0 0 0 0 0 0 0 0 0 0 0 0 0 0 0 21.8431 0 0 72.0115 66.2279 60.446 54.6627 48.8806 44.0953 38.3081 32.5098 30.1384 27.7664 30.1332 27.7242 0 0 28.2579 22.4587 20.0664 14.3103 0 0 0 22.0655 16.2565 13.8423 16.0922 13.7163
24.4317 22.039 16.2487 20.0485 16.2663 0 0 0 14.3711 25.8357 22.0677 16.2896 11.4927 5.75366 2.58194 0 0 0 0 0 0 0 0 0 0 0 0 0 0 0 0 0 0 0 0 0 12.2251 9.98978 5.74561 0 0 0 0 0 0 0 0 0 0 0 0 0 68.5422 62.7972 74.7368 69.05 39.5701 75.3843 69.6111 63.8306 58.0495 52.2681 46.4853 40.7021 35.9163 30.1234 24.3172 21.9439 24.3634 21.9402 0 0 25.4376 20.0763 14.3005 14.3589 0 0 0 0 22.0071 22.2864 21.8975 17.1023
30.2098 24.4204 26.2122 24.437 0 0 0 0 31.9605 28.8087 23.0293 17.2535 11.4787 5.74712 4.68349 0 0 0 0 0 0 0 0 0 0 0 0 0 0 0 0 0 0 0 0 0 18.085 12.3794 18.1517 12.3587 0 0 0 0 0 0 0 0 0 0 0 0.658388 69.791 96.0733 90.3086 84.5486 78.7821 72.9936 67.215 61.4351 55.6555 49.8749 44.0933 38.3101 32.5253 27.7464 21.943 16.1583 14.2275 14.292 0 0 0 20.1302 14.3599 0 0 0 0 0 28.4775 27.838 22.0393 16.2301
32.5939 32.3742 0 0 0 0 0 40.1104 34.5731 28.7975 23.0199 17.2445 11.4695 5.7437 5.57592 0.0375446 0 0 0 0 0 0 0 0 0 0 0 0 0 0 0 0 0 0 0 0 13.1286 13.5224 19.9381 18.3565 0 0 0 0 0 0 0 0 0 0 0 0 0 91.7266 87.9308 82.1533 76.377 70.6 64.8217 59.0434 53.2642 47.4846 41.7039 35.9218 30.1376 24.3606 21.9965 14.2589 14.3676 0 0 0 0 0 16.3187 16.8394 0 0 0 3.21733 31.2361 25.4375 19.6396 13.8371
38.5276 30.8754 0 0 0 15.7973 46.0895 40.3437 34.5649 28.7903 23.015 17.24 11.4652 5.74193 5.77 4.96298 0 0 0 0 0 0 0 0 0 0 0 0 0 0 0 0 0 0 0 0 0 17.3429 20.1932 20.3713 0 0 0 0 0 0 0 0 0 0 0 0 0 0 85.5405 79.7639 73.9855 68.2079 62.4301 56.6516 50.8726 45.0928 39.3123 33.5307 27.7474 21.9635 16.1994 14.3422 14.3378 11.679 0 0 0 0 0 0 0 0 0 0 28.8427 23.0442 17.2509 11.4521
46.2871 46.2199 44.4985 12.2789 34.8519 51.8789 46.1153 40.3378 34.5623 28.7885 23.0139 17.2392 11.4646 5.74157 5.77 5.77 4.61477 0 0 0 0 0 0 0 0 0 0 0 0 0 0 0 0 0 0 0 0 13.6118 19.9707 0 0 0 0 0 0 0 0 0 0 0 0 0 0 0 57.319 77.3761 71.5988 65.818 60.0382 54.258 48.4772 42.6958 36.9135 31.1303 25.346 19.5706 14.2885 14.3694 14.3649 13.6689 8.62239 0 3.47092 7.96839 0 14.3739 0 0 0 0 28.7867 22.9854 17.196 11.4024
56.8567 61.4229 56.8797 54.1677 56.7059 51.8962 46.1186 40.3405 34.5654 28.7911 23.0165 17.2419 11.4673 5.74252 5.77 5.77 5.58602 0.511169 0 0 0 0 0 0 0 0 0 0 0 0 0 0 0 0 0 0 0 0 19.7991 0 0 0 0 0 0 0 0 0 0 0 0 0 0 0 0 60.8239 69.2215 63.4461 57.6591 51.877 46.0949 40.3123 34.5291 28.7451 22.9606 17.1916 14.3288 14.3739 14.3739 14.3739 14.3739 14.3739 14.3739 14.3739 14.3739 14.3739 14.3739 0 0 0 28.6877 22.8794 17.0902 11.3004
60.4882 58.0966 55.7038 53.3127 50.9227 48.5354 46.125 40.3503 34.5737 28.7977 23.0228 17.2479 11.4731 5.74462 5.77 5.77 5.70993 2.64585 0 0 0 0 0 0 0 0 0 0 0 0 0 0 0 0 0 0 0 0 18.9679 20.3744 0 0 0 0 0 0 0 0 0 0 0 0 0 56.678 0 0 35.7359 65.8476 60.0734 54.2924 48.5147 42.7367 36.9587 31.1804 25.4018 19.6338 14.3379 14.3739 14.3739 14.3739 14.3739 14.3739 14.3739 14.3095 14.1169 13.8511 0 0 0 0 28.7537 22.9459 17.1574 11.3684
54.688 52.3049 49.9183 47.5303 45.143 42.7556 40.369 38.3939 34.5841 28.809 23.0325 17.2567 11.4813 5.74766 5.77 5.77 5.76349 3.64485 0 0 0 0 0 0 0 0 0 0 0 0 0 0 0 0 0 0 0 0 18.9806 0 0 0 0 0 0 0 0 54.3137 51.9184 0 0 0 51.9089 50.9134 48.5133 0 0 27.4101 57.6773 51.9089 46.1273 40.3477 34.5682 28.7889 23.0096 17.2449 14.3495 14.3739 14.3739 14.3739 14.3739 14.3739 14.3739 13.6612 7.38884 12.1309 0 0 0 0 28.782 22.9827 17.1926 11.4032
48.8877 46.5131 44.1344 41.7501 39.3633 36.9759 34.5897 32.6157 30.2311 27.8445 23.0452 17.2689 11.4915 5.75131 5.77 5.77 5.77 4.56225 0 0 0 0 0 0 0 0 0 0 0 0 0 0 0 0 0 0 0 0 0 0 0 0 0 0 0 0 50.9347 48.5395 46.145 0 0 0 46.1389 45.1454 42.7471 40.3501 0 0 10.1021 46.2442 46.1407 40.3541 34.5745 28.7956 23.017 17.252 14.3513 14.3739 14.3739 14.3739 14.3739 14.3739 14.3739 12.4846 0 0 0 0 0 0 25.4508 23.0563 17.2746 11.4822
46.4931 40.7085 38.3387 35.9647 33.5827 31.196 28.8104 27.8297 24.4514 22.0678 19.6829 17.2811 11.5053 5.75534 5.77 5.77 5.77 5.30298 0 0 0 0 0 0 0 0 0 0 0 0 0 0 0 0 0 0 0 0 0 0 0 0 0 0 0 0 45.1607 42.7661 40.3713 0 0 0 40.3681 39.3758 36.9788 34.583 0 0 0 0 32.2051 42.7562 36.9789 31.2026 25.4263 19.6542 14.3432 14.3723 14.3739 14.3739 14.3739 14.3739 0 13.9204 0 0 0 0 22.6645 22.0631 19.6657 17.2809 17.2665 13.9111
44.1202 38.3185 32.529 30.1644 27.7951 25.4143 23.0289 22.0508 19.6649 16.2881 13.904 11.5217 11.5191 5.76155 5.77 5.77 5.77 5.6872 2.17766 0 0 0 0 0 0 0 0 0 0 0 0 0 0 0 0 0 0 0 0 0 0 0 0 0 0 40.3828 39.3889 36.9935 0 0 0 0 34.5968 33.6051 31.2081 0 0 0 0 0 0 45.1534 39.3779 33.602 27.826 22.0506 16.289 14.3675 14.3739 14.3739 14.3739 0 0 0 0 0 30.169 27.835 22.0462 16.246 13.8687 11.4927 11.4858 11.519
40.7544 35.9511 30.1436 24.3491 21.9897 19.624 17.2476 16.2723 13.8864 11.5041 8.13266 5.75211 5.76349 5.76733 5.77 5.77 5.77 5.74399 4.37712 0 0 0 0 0 0 0 0 0 0 0 0 0 0 0 0 0 0 0 0 0 0 0 0 0 0 34.6113 33.6175 31.221 0 0 0 0 28.8253 27.834 25.4364 23.0357 0 0 0 0 0 46.1415 40.3627 34.5852 28.8077 23.0307 17.2665 14.3594 14.3739 14.3739 0 0 0 0 0 0 31.191 25.4086 19.6218 13.8329 8.0584 5.71207 5.75094 5.75952
36.9739 32.5885 27.7818 21.9682 16.1684 13.8129 11.4558 11.4924 8.11884 5.74295 5.76131 5.76816 5.77 5.77 5.77 5.77 5.74409 5.28341 1.75682 0 0 0 0 0 0 0 0 0 0 0 0 0 0 0 0 0 0 0 0 0 0 0 0 0 0 28.8401 27.8461 25.4487 23.0508 0 0 0 23.0538 22.0627 19.6642 0 0 0 0 24.3963 0 48.5226 42.7455 36.9654 31.1872 25.4131 19.6458 14.3417 14.3722 14.3739 14.3739 0 0 0 0 0 28.7926 22.9859 17.22 11.4314 5.67725 5.75886 5.77 5.77
