tests/full-run-ref/erosion_2010_78_23_-57.856.asc
ncols 512
nrows 512
xllcorner -3.24582
yllcorner -4.08743
cellsize 5
NODATA_value -99999
[rows 90 to 119 of 512, columns 67 to 133 of 512]
2.88512 2.88512 2.88513 2.88513 2.88513 2.88513 2.88513 2.88513 2.88513 2.88513 2.88513 2.88513 2.88513 2.88513 2.88513 2.88512 2.88512 2.88512 2.88512 2.88512 2.88512 2.88512 2.88512 2.88512 2.88512 2.88512 2.88512 2.88512 2.88512 2.88512 2.88512 2.88512 2.88512 2.88512 2.88512 2.88512 2.88512 2.88512 4.08001 4.08001 2.88512 2.88512 2.88512 2.88512 2.88512 2.88512 2.88512 2.88511 2.88511 2.88511 2.88511 2.88511 2.88511 2.88511 2.88511 2.88511 2.88511 2.88511 2.88511 2.88511 2.88511 2.88511 2.88511 4.08001 6.96501 9.85001 12.24
2.88512 2.88512 2.88513 2.88513 2.88513 2.88513 2.88513 2.88513 2.88513 2.88513 2.88513 2.88513 2.88513 2.88513 2.88513 2.88512 2.88512 2.88512 2.88512 2.88512 2.88512 2.88512 2.88512 2.88512 2.88512 2.88512 2.88512 2.88512 2.88512 2.88512 2.88512 2.88512 2.88512 2.88512 2.88512 2.88512 2.88512 2.88512 2.88512 4.08001 4.08001 2.88512 2.88512 2.88512 2.88512 2.88512 2.88512 2.88512 2.88511 2.88511 2.88511 2.88511 2.88511 2.88511 2.88511 2.88511 2.88511 2.88511 2.88511 2.88511 2.88511 2.88511 2.88511 2.88511 5.77 8.16002 11.045
2.88512 2.88512 2.88513 2.88513 2.88513 2.88513 2.88513 2.88513 2.88513 2.88513 2.88513 2.88513 2.88513 2.88513 2.88513 2.88512 2.88512 2.88512 2.88512 2.88512 2.88512 2.88512 2.88512 2.88512 2.88512 2.88512 2.88512 2.88512 2.88512 2.88512 2.88512 2.88512 2.88512 2.88512 2.88512 2.88512 2.88512 2.88512 2.88512 2.88512 4.08001 4.08001 2.88512 2.88512 2.88512 2.88512 2.88512 2.88512 2.88512 2.88511 2.88511 2.88511 2.88511 2.88511 2.88511 2.88511 2.88511 2.88511 2.88511 2.88511 2.88511 2.88511 2.88511 2.88511 4.08001 6.96501 8.16002
2.88512 2.88512 2.88513 2.88513 2.88513 2.88513 2.88513 2.88513 2.88513 2.88513 2.88513 2.88513 2.88513 2.88513 2.88513 2.88512 2.88512 2.88512 2.88512 2.88512 2.88512 2.88512 2.88512 2.88512 2.88512 2.88512 2.88512 2.88512 2.88512 2.88512 2.88512 2.88512 2.88512 2.88512 2.88512 2.88512 2.88512 2.88512 2.88512 2.88512 2.88512 4.08001 4.08001 2.88512 2.88512 2.88512 2.88512 2.88512 2.88512 2.88512 2.88512 2.88512 2.88511 2.88511 2.88511 2.88511 2.88511 2.88511 2.88511 2.88511 2.88511 2.88511 2.88511 2.88511 2.88511 4.08001 6.96501
2.88512 2.88512 2.88513 2.88513 2.88513 2.88513 2.88513 2.88513 2.88513 2.88513 2.88513 2.88513 2.88513 2.88513 2.88513 2.88512 2.88512 2.88512 2.88512 2.88512 2.88512 2.88512 2.88512 2.88512 2.88512 2.88512 2.88512 2.88512 2.88512 2.88512 2.88512 2.88512 2.88512 2.88512 2.88512 2.88512 2.88512 2.88512 2.88512 2.88512 2.88512 2.88512 4.08001 4.08001 2.88512 2.88512 2.88512 2.88512 2.88512 2.88512 2.88512 2.88512 2.88512 2.88512 2.88511 2.88511 2.88511 2.88511 2.88511 2.88511 2.88511 2.88511 2.88511 2.88511 2.88511 2.88511 5.77
2.88512 2.88512 2.88513 2.88513 2.88513 2.88513 2.88513 2.88513 2.88513 2.88513 2.88513 2.88513 2.88513 2.88513 2.88513 2.88512 2.88512 2.88512 2.88512 2.88512 2.88512 2.88512 2.88512 2.88512 2.88512 2.88512 2.88512 2.88512 2.88512 4.48006 4.08001 4.08001 2.88512 2.88512 2.88512 2.88512 2.88512 2.88512 2.88512 2.88512 2.88512 2.88512 2.88512 4.08001 4.08001 2.88512 2.88512 2.88512 2.88512 2.88512 2.88512 2.88512 2.88512 2.88511 2.88511 2.88511 2.88511 2.88511 2.88511 2.88511 2.88511 2.88511 2.88511 2.88511 2.88511 4.08001 6.96501
2.88512 2.88512 2.88513 2.88513 2.88513 2.88513 2.88513 2.88513 2.88513 2.88513 2.88513 2.88513 2.88513 2.88513 2.88513 2.88512 2.88512 2.88512 2.88512 2.88512 2.88512 2.88512 2.88512 2.88512 2.88512 2.88512 2.88512 2.88512 2.88512 5.52148 4.08001 2.88512 2.88512 2.88512 2.88512 2.88512 2.88512 2.88512 2.88512 2.88512 2.88512 2.88512 2.88512 2.88512 4.08001 4.08001 2.88512 2.88512 2.88512 2.88511 2.88511 2.88511 2.88511 2.88511 2.88511 2.88511 2.88511 2.88511 2.88511 2.88511 2.88511 2.88511 2.88511 2.88511 2.88511 5.77 8.16002
2.88513 2.88513 2.88513 2.88513 2.88513 2.88513 2.88513 2.88513 2.88513 2.88513 2.88513 2.88513 2.88513 2.88513 2.88513 2.88512 2.88512 2.88512 2.88512 2.88512 2.88512 2.88512 2.88512 2.88512 2.88512 2.88512 2.88512 2.88512 4.08001 5.77001 2.88512 2.88512 2.88512 2.88512 2.88512 2.88512 2.88512 2.88512 2.88512 2.88512 2.88512 2.88512 2.88512 2.88512 2.88512 4.08001 4.08001 2.88512 2.88512 2.88511 2.88511 2.88511 2.88511 2.88511 2.88511 2.88511 2.88511 2.88511 2.88511 2.88511 2.88511 2.88511 2.88511 2.88511 4.08001 6.96501 9.85001
2.88513 2.88513 2.88513 2.88513 2.88513 2.88513 2.88513 2.88513 2.88513 2.88513 2.88513 2.88513 2.88513 2.88513 2.88513 2.88512 2.88512 2.88512 2.88512 2.88512 2.88512 2.88512 2.88512 2.88512 2.88512 2.88512 2.88512 2.88512 4.08001 2.88512 2.88512 2.88512 2.88512 2.88512 2.88512 2.88512 2.88512 2.88512 2.88512 2.88512 2.88512 2.88512 2.88512 2.88512 2.88512 2.88512 4.08001 4.08001 2.88512 2.88511 2.88511 2.88511 2.88511 2.88511 2.88511 2.88511 2.88511 2.88511 2.88511 2.88511 2.88511 2.88511 2.88511 2.88511 5.77 8.16002 11.045
2.88513 2.88513 2.88513 2.88513 2.88513 2.88513 2.88513 2.88513 2.88513 2.88513 2.88513 2.88513 2.88513 2.88513 2.88513 2.88512 2.88512 2.88512 2.88512 2.88512 2.88512 2.88512 2.88512 2.88512 2.88512 2.88512 2.88512 4.08001 2.88512 2.88512 2.88512 2.88511 2.88511 2.88511 2.88511 2.88512 2.88512 2.88512 2.88512 2.88512 2.88512 2.88512 2.88512 2.88512 2.88512 2.88512 2.88512 4.08001 4.08001 2.88512 2.88511 2.88511 2.88511 2.88511 2.88511 2.88511 2.88511 2.88511 2.88511 2.88511 2.88511 2.88511 2.88511 2.88511 5.77 8.655 11.54
2.88512 2.88512 2.88512 2.88512 2.88512 2.88512 2.88512 2.88512 2.88512 2.88512 2.88512 2.88512 2.88512 2.88512 2.88512 2.88512 2.88512 2.88512 2.88512 2.88512 2.88512 2.88512 2.88512 2.88512 2.88512 2.88512 2.88512 4.08001 2.88512 2.88511 2.88511 2.88511 2.88511 2.88511 2.88511 2.88511 2.88512 2.88512 2.88512 2.88512 2.88512 2.88512 2.88512 2.88512 2.88512 2.88512 2.88512 2.88512 4.08001 2.88512 2.88511 2.88511 2.88511 2.88511 2.88511 2.88511 2.88511 2.88511 2.88511 2.88511 2.88511 2.88511 2.88511 2.88511 5.77 8.655 11.54
2.88512 2.88512 2.88512 2.88512 2.88512 2.88512 2.88512 2.88512 2.88512 2.88512 2.88512 2.88512 2.88512 2.88512 2.88512 2.88512 2.88512 2.88512 2.88512 2.88512 2.88512 2.88512 2.88512 2.88512 2.88512 2.88512 4.08001 2.88512 2.88511 2.88511 2.88511 2.88511 2.88511 2.88511 2.88511 2.88511 2.88512 2.88513 2.88513 2.88513 2.88513 2.88513 2.88513 2.88513 2.88513 2.88513 2.88513 2.88513 2.88513 4.08001 2.88511 2.88511 2.88511 2.88511 2.88511 2.88511 2.88511 2.88511 2.88511 2.88511 2.88511 2.88511 2.88511 4.08001 6.96501 9.85001 11.045
2.88512 2.88512 2.88512 2.88512 2.88512 2.88512 2.88512 2.88512 2.88512 2.88512 2.88512 2.88512 2.88512 2.88512 2.88512 2.88512 2.88512 2.88512 2.88512 2.88512 2.88512 2.88512 2.88512 2.88512 2.88512 2.88512 2.88512 2.88511 2.88511 2.88511 2.88511 2.88511 2.88511 2.88511 2.88511 2.88511 2.88513 2.88513 2.88513 2.88513 2.88513 2.88513 2.88513 2.88513 2.88513 2.88513 2.88513 2.88513 2.88513 2.88511 2.88511 2.88511 2.88511 2.88511 2.88511 2.88511 2.88511 2.88511 2.88511 2.88511 2.88511 2.88511 4.08001 6.96501 8.16002 11.045 9.85001
2.88512 2.88512 2.88512 2.88512 2.88512 2.88512 2.88512 2.88512 2.88512 2.88512 2.88512 2.88512 2.88512 2.88512 2.88512 2.88512 2.88512 2.88512 2.88512 2.88512 2.88512 2.88512 2.88512 2.88512 2.88512 2.88511 2.88511 2.88511 2.88511 2.88511 2.88511 2.88511 2.88511 2.88511 2.88511 4.08001 2.88513 2.88513 2.88513 2.88513 2.88513 4.08001 5.35812 5.77001 5.77001 4.08001 2.88513 2.88513 2.88511 2.88511 2.88511 2.88511 2.88511 2.88511 2.88511 2.88511 2.88511 2.88511 2.88511 2.88511 2.88511 5.77 6.96501 8.16002 11.045 11.54 8.655
2.88512 2.88512 2.88512 2.88512 2.88512 2.88512 2.88512 2.88512 2.88512 2.88512 2.88512 2.88512 2.88512 2.88512 2.88512 2.88512 2.88512 2.88512 2.88512 2.88512 2.88512 2.88512 2.88512 2.88512 2.88512 2.88511 2.88511 2.88511 2.88511 2.88511 2.88511 2.88511 2.88511 2.88511 2.88511 5.77 4.08001 2.88513 2.88513 2.88513 2.88513 3.43668 6.32168 4.08001 2.88513 2.88513 2.88513 2.88511 2.88511 2.88511 2.88511 2.88511 2.88511 2.88511 2.88511 2.88511 2.88511 2.88511 2.88511 2.88511 2.88511 5.77 8.655 11.045 12.24 11.54 8.655
2.88512 2.88512 2.88512 2.88512 2.88512 2.88512 2.88512 2.88512 2.88512 2.88512 2.88512 2.88512 2.88512 2.88512 2.88512 2.88512 2.88512 2.88512 2.88512 2.88512 2.88512 2.88512 2.88512 2.88512 2.88512 2.88511 2.88511 2.88511 2.88511 2.88511 2.88511 2.88511 2.88511 2.88511 4.08001 6.96501 5.77001 2.88513 2.88513 2.88513 2.88513 4.066 5.77001 2.88513 2.88513 2.88513 2.88513 2.88511 2.88511 2.88511 2.88511 2.88511 2.88511 2.88511 2.88511 2.88511 2.88511 2.88511 2.88511 2.88511 2.88511 5.77 8.655 11.54 13.93 11.045 8.16002
2.88512 2.88512 2.88512 2.88512 2.88512 2.88512 2.88512 2.88512 2.88512 2.88512 2.88512 2.88512 2.88512 2.88512 2.88512 2.88512 2.88512 2.88512 2.88512 2.88512 2.88512 2.88512 2.88512 2.88512 2.88512 2.88511 2.88511 2.88511 2.88511 2.88511 2.88511 2.88511 2.88511 3.81191 6.69691 8.16002 6.96501 4.08001 4.08001 2.88513 4.08001 5.12518 6.96501 4.08001 4.08001 2.88513 2.88513 2.88511 2.88511 2.88511 2.88511 2.88511 2.88511 2.88511 2.88511 2.88511 2.88511 2.88511 2.88511 2.88511 4.08001 6.96501 9.85001 12.735 12.24 9.85001 6.96501
2.88512 2.88512 2.88512 2.88512 2.88512 2.88512 2.88512 2.88512 2.88512 2.88512 2.88512 2.88512 2.88512 2.88512 2.88512 2.88512 2.88512 2.88512 2.88512 2.88512 2.88512 2.88512 2.88512 2.88512 2.88512 2.88512 2.88511 2.88511 2.88511 2.88511 2.88511 2.88511 2.88511 2.88511 4.08001 6.96501 8.16002 6.96501 6.96498 5.77013 5.85139 8.00359 8.16002 6.96501 4.08001 2.88513 2.88511 2.88511 2.88511 2.88511 2.88511 2.88511 2.88511 2.88511 2.88511 2.88511 2.88511 2.88511 2.88511 4.08001 6.96501 8.16002 11.045 13.93 11.045 8.16002 5.77
2.88512 2.88512 2.88512 2.88512 2.88512 2.88512 2.88512 2.88512 2.88512 2.88512 2.88512 2.88512 2.88512 2.88512 2.88512 2.88512 2.88512 2.88512 2.88512 2.88512 2.88512 2.88512 2.88512 2.88512 2.88512 2.88512 2.88511 2.88511 2.88511 2.88511 2.88511 2.88511 2.88511 2.88511 2.88511 4.08001 6.96501 9.85001 9.84998 8.65513 8.16002 6.96501 5.77001 4.08001 2.88513 2.88511 2.88511 2.88511 2.88511 2.88511 2.88511 2.88511 2.88511 2.88511 2.88511 2.88511 2.88511 2.88511 2.88511 5.77 8.16002 11.045 12.24 12.735 9.85001 6.96501 4.08001
2.88512 2.88512 2.88512 2.88512 2.88512 2.88512 2.88512 2.88512 2.88512 2.88512 2.88512 2.88512 2.88512 2.88512 2.88512 2.88512 2.88512 2.88512 2.88512 2.88512 2.88512 2.88512 2.88512 2.88512 2.88512 4.08001 2.88511 2.88511 2.88511 2.88511 2.88511 2.88511 2.88511 2.88511 2.88511 2.88511 5.77 8.655 8.16002 6.96501 5.77001 4.08001 2.88513 2.88513 2.88511 2.88511 2.88511 2.88511 2.88511 2.88511 2.88511 2.88511 2.88511 2.88511 2.88511 2.88511 2.88511 2.88511 2.88511 5.77 8.655 11.54 14.425 11.54 8.655 5.77 2.8851
2.88512 2.88512 2.88512 2.88512 2.88512 2.88512 2.88512 2.88512 2.88512 2.88512 2.88512 2.88512 2.88512 2.88512 2.88512 2.88512 2.88512 2.88512 2.88512 2.88512 2.88512 2.88512 2.88512 2.88512 2.88512 4.08001 4.08001 2.88511 2.88511 2.88511 2.88511 2.88511 2.88511 2.88511 2.88511 2.88511 5.77 5.77001 5.77001 4.08001 2.88513 2.88513 2.88511 2.88511 2.88511 2.88511 2.88511 2.88511 2.88511 2.88511 2.88511 2.88511 2.88511 2.88511 2.88511 2.88511 2.88511 2.88511 4.08001 6.96501 8.16002 11.045 13.93 12.735 9.85001 6.96501 4.08001
2.88512 2.88512 2.88512 2.88512 2.88512 2.88512 2.88512 2.88512 2.88512 2.88512 2.88512 2.88512 2.88512 2.88512 2.88512 2.88512 2.88512 2.88512 2.88512 2.88512 2.88512 2.88512 2.88512 2.88512 2.88512 2.88512 4.08001 4.08001 2.88511 2.88511 2.88511 2.88511 2.88511 2.88511 2.88511 2.88511 4.08001 2.88513 2.88513 2.88513 2.88513 2.88511 2.88511 2.88511 2.88511 2.88511 2.88511 2.88511 2.88511 2.88511 2.88511 2.88511 2.88511 2.88511 2.88511 2.88511 2.88511 2.88511 2.88511 4.08001 6.96501 9.85001 12.735 13.93 11.045 8.16002 5.77
2.88512 4.08001 2.88512 2.88512 2.88512 2.88512 2.88512 2.88512 4.08001 2.88512 2.88512 2.88512 2.88512 2.88512 2.88512 2.88512 2.88512 2.88512 2.88512 2.88512 2.88512 2.88512 2.88512 2.88512 2.88512 2.88512 2.88512 2.88512 2.88512 2.88511 2.88511 2.88511 2.88511 2.88511 2.88511 2.88511 2.88513 2.88513 2.88513 2.88513 2.88511 2.88511 2.88511 2.88511 2.88511 2.88511 2.88511 2.88511 2.88511 2.88511 2.88511 2.88511 2.88511 2.88511 2.88511 2.88511 2.88511 2.88511 2.88511 2.88511 5.77 8.655 11.54 14.425 12.24 9.85001 6.96501
4.08001 2.88512 2.88512 2.88512 2.88512 2.88512 2.88512 2.88512 4.08001 4.08001 2.88512 2.88512 2.88512 2.88512 2.88512 2.88512 2.88512 2.88512 2.88512 2.88512 2.88512 2.88512 2.88512 2.88512 2.88512 2.88512 2.88512 2.88512 2.88512 2.88512 2.88511 2.88511 2.88511 2.88511 2.88511 2.88511 2.88513 2.88513 2.88513 2.88513 2.88511 2.88511 2.88511 2.88511 2.88511 2.88511 2.88511 2.88511 2.88511 2.88511 2.88511 2.88511 4.08001 2.88511 2.88511 2.88511 2.88511 2.88511 2.88511 2.88511 5.77 8.655 11.54 14.425 13.93 11.045 8.16002
2.88512 2.88512 2.88512 2.88512 2.88512 2.88512 2.88512 2.88512 2.88512 4.08001 4.08001 2.88512 2.88512 2.88512 2.88512 2.88512 2.88512 2.88512 2.88512 2.88512 2.88512 2.88512 2.88512 2.88512 2.88512 2.88512 2.88512 2.88512 4.08001 2.88512 2.88511 2.88511 2.88511 2.88511 2.88511 2.88511 2.88513 2.88513 2.88511 2.88511 2.88511 2.88511 2.88511 2.88511 2.88511 2.88511 2.88511 2.88511 2.88511 2.88511 4.08001 5.77 2.88511 2.88511 2.88511 2.88511 2.88511 2.88511 2.88511 2.88511 5.77 8.655 11.54 14.425 15.125 12.24 11.045
2.88512 2.88512 2.88512 2.88512 2.88512 2.88512 2.88512 2.88512 2.88512 2.88512 4.08001 4.08001 2.88512 2.88512 2.88512 2.88512 2.88512 2.88512 2.88512 2.88512 2.88512 2.88512 2.88512 2.88512 2.88512 2.88512 2.88512 2.88512 4.08001 2.88512 2.88511 2.88511 2.88511 2.88511 2.88511 2.88511 2.88511 2.88511 2.88511 2.88511 2.88511 2.88511 2.88511 2.88511 2.88511 2.88511 2.88511 2.88511 2.88511 2.88511 4.08001 4.08001 2.8851 2.88511 2.88511 2.88511 2.88511 2.88511 2.88511 2.8851 5.77 8.655 11.54 14.425 16.32 15.125 12.24
2.88512 2.88512 2.88512 2.88512 2.88512 2.88512 2.88512 2.88512 2.88512 2.88512 2.88512 4.08001 2.88512 2.88512 2.88512 2.88512 2.88512 2.88512 2.88512 2.88512 2.88512 2.88512 2.88512 2.88512 2.88512 2.88512 2.88512 2.88512 2.88512 2.88511 2.8851 2.8851 2.8851 2.8851 2.8851 2.8851 2.8851 2.8851 2.8851 2.8851 2.8851 2.8851 2.8851 2.8851 2.8851 2.8851 2.8851 2.8851 2.8851 2.8851 2.8851 2.8851 2.8851 2.8851 2.8851 2.8851 2.8851 2.8851 2.8851 2.8851 5.77 8.655 11.54 14.425 17.31 16.32 15.125
2.88512 2.88512 2.88512 2.88512 2.88512 2.88512 2.88512 2.88512 2.88512 2.88512 2.88512 2.88512 2.88512 2.88512 2.88512 2.88512 2.88512 2.88512 2.88512 2.88512 2.88512 2.88512 2.88512 2.88512 2.88512 2.88512 2.88512 2.88512 2.88512 2.8851 2.8851 2.8851 2.8851 2.8851 2.8851 2.8851 2.88511 2.8851 2.8851 2.8851 2.8851 2.8851 2.8851 2.8851 2.8851 2.8851 2.8851 2.8851 2.8851 2.8851 2.8851 2.8851 2.8851 2.8851 2.8851 2.8851 2.8851 2.8851 2.8851 2.8851 5.77 8.655 11.54 14.425 17.31 19.205 16.32
2.88512 2.88512 2.88512 2.88512 2.88512 2.88512 2.88512 2.88512 2.88512 2.88512 2.88512 2.88512 2.88512 2.88512 2.88512 2.88512 2.88512 2.88512 2.88512 2.88512 2.88512 2.88512 2.88512 2.88512 2.88512 2.88512 2.88512 2.88512 2.88512 2.8851 2.8851 2.8851 2.8851 2.8851 2.8851 2.88511 2.8851 2.8851 2.8851 2.8851 2.8851 2.8851 2.8851 2.8851 2.8851 2.8851 2.8851 2.8851 2.8851 2.8851 2.8851 2.8851 2.8851 2.8851 2.8851 2.8851 2.8851 2.8851 2.8851 2.8851 5.77 8.655 11.54 14.425 17.31 20.195 19.205
2.88512 2.88512 2.88512 2.88512 2.88512 2.88512 2.88512 2.88512 2.88512 2.88512 2.88512 2.88512 2.88512 2.88512 2.88512 2.88512 2.88512 2.88512 2.88512 2.88512 2.88512 2.88512 2.88512 2.88512 2.88512 2.88512 2.88512 2.88512 2.88512 2.8851 2.8851 2.8851 2.8851 2.8851 2.8851 2.8851 2.8851 2.8851 2.8851 2.8851 2.8851 2.8851 2.88511 2.8851 2.8851 2.8851 2.8851 2.8851 2.8851 2.8851 2.8851 2.8851 2.8851 2.8851 2.8851 2.8851 2.8851 2.8851 2.8851 2.8851 5.77 8.655 11.54 14.425 17.31 20.195 20.4
