tests/full-run-ref/erosion_79_12_72.935.asc
ncols 512
nrows 512
xllcorner -3.24582
yllcorner -4.08743
cellsize 5
NODATA_value -99999
[rows 0 to 32 of 512, columns 292 to 364 of 512]
22.0841 16.32 13.16 10.77 11.54 10.77 10.77 13.16 16.3117 21.2897 21.32 16.32 13.16 10.77 11.54 13.93 13.16 10.77 11.54 10.77 10.77 13.16 16.3147 18.9246 16.5346 18.7813 21.1713 24.3812 29.4416 35.1912 40.6916 45.5386 48.8362 53.6722 56.9112 61.9432 67.7068 73.4207 73.2743 67.9703 62.7474 57.0327 54.5971 48.9018 43.579 38.3516 32.6297 30.2397 27.8497 25.4659 23.08 23.08 22.54 23.08 22.54 23.08 22.54 23.08 23.08 22.09 16.32 13.93 11.54 11.54 10.77 10.77 10.77 10.77 10.77 10.77 13.16 16.3106 21.2898
16.3141 13.9241 8.16003 5 5.77002 5 5.77002 8.14723 13.1158 18.8956 16.313 13.16 8.16003 5 5.77002 8.16003 8.16003 5 5.77002 5 5.77002 8.15212 11.3786 13.16 10.7646 13.0051 16.1829 21.2629 27.0023 32.4763 37.2794 40.6544 45.3952 48.7013 53.7649 59.5275 65.1956 69.7576 70.861 65.1143 59.8103 54.5874 48.8727 46.4371 40.7418 35.419 30.1916 24.4697 22.0797 19.6959 17.31 17.31 16.77 17.31 16.77 17.31 16.77 17.31 17.31 16.77 13.93 11.54 11.54 8.16003 5.77001 5 5.77001 5 5.77001 5 8.14591 13.1159 18.8918
48.4771 188.723 5.77002 5.77002 5.77002 5.77002 5.77002 5.77001 32.9279 470.196 77.942 204.411 5.77002 5.77002 5.77002 5 5.77002 5.77002 5.77002 5.77002 5.77002 5 5.77002 498.028 5.77001 133.395 27.0973 23.1593 33.8543 45.3767 47.0138 76.2426 51.8254 51.7526 54.8925 68.3974 81.2554 98.0733 506.355 100.867 86.149 83.7017 261.468 140.988 79.8996 61.5073 59.2394 232.474 73.3955 195.526 11.54 11.54 11 11.54 11.54 11.54 11.54 11.54 11.54 11 11.54 11.54 242.266 5.77001 5.77002 5.77002 5.77002 5.77002 5.77002 5.77002 5.77001 23.183 826.254
133.737 5 5.77002 5 5.77002 5.77002 5.77002 4.99999 123.365 288.744 155.771 5.76998 4.99999 5.77002 5.77002 5.77002 5.77002 5 5.77002 5 5.77002 5.77002 5.76999 4.99998 5.76999 4.99834 46.5442 40.8504 41.7407 40.5715 55.578 41.2209 44.5523 46.7317 60.2373 73.0954 66.6723 88.6502 614.984 83.0059 82.2188 81.2287 62.3616 112.603 77.789 60.6882 56.901 39.4145 149.573 10.9994 11.5387 11.54 11.54 11.54 11.54 11 11.54 11 11.54 11.54 11.54 11.5398 283.531 5.97062 4.99987 5.77002 5.77001 5.77002 5 5.77002 4.99935 47.482 1184.7
5.77001 5.77002 5.77002 5.77002 5.77002 5.77002 5.77001 5.77 5.76995 249.342 283.776 5.76991 5.76998 5.77002 5 5.77002 5.77002 5.77002 5.77002 5.77002 5.77002 5.77002 5.77002 5.77002 5.77002 5.76876 155.114 36.6818 52.1904 56.4156 33.1436 36.3884 38.5694 52.0761 64.9343 58.5114 59.6803 79.7809 644.299 78.8168 74.8455 74.056 73.0658 54.196 104.437 69.6188 84.2125 90.08 11.4986 11.5394 11.54 11.54 11.54 11.54 11.54 11.54 11.54 11.54 11.54 11.54 11.5399 10.9999 297.339 286.044 5.76944 5.76988 5.76965 5.77002 5.77002 5.77002 5.76873 125.269 140.245
5 5.77002 5 5.77002 5 5.77002 5.77002 5.77002 4.99995 156.222 519.102 523.94 4.99988 5.77002 5.77002 5.77002 5 5.77002 5 5.77002 5 5.77002 5 5.77002 5.77002 5.76944 4.98882 93.1159 52.7756 33.6429 28.324 30.4024 43.9121 56.7708 50.3481 51.5184 53.1325 75.8394 641.909 74.8915 70.6553 66.6824 65.8902 64.8949 46.017 96.2551 66.9881 282.439 11.5074 11.54 11 11.54 11 11.54 11 11.54 11 11.54 11 11.54 11.5395 929.047 140.239 284.422 802.447 980.081 4.99937 5.77001 5.77002 5.77001 5.76938 4.99822 229.589
5.77002 5.77002 5.77002 5.77002 5.77002 5.77002 5 5.77002 5.76997 390.747 397.353 5.76991 5.76991 5.77002 5.77002 5.77002 5.77002 5.77002 5.77002 5.77002 5.77002 5.77002 5.77002 5.77002 5.77001 5.77002 5.76748 5.72856 150.479 25.9382 25.3834 40.0687 48.6015 42.1791 43.353 44.9699 50.1097 78.6958 659.083 79.5889 66.7296 62.4911 58.5134 57.7142 56.7059 39.6448 138.162 11.4555 10.9934 11.54 11.54 11.5399 11.5399 11.5399 11.5399 11.5399 11.5397 11.5394 11.5393 11.5397 899.067 197.729 175.545 4.999 5.76951 5.76944 5.76956 5.77002 5.77002 5.77002 5.77002 5.76225 285.694
5.77002 5 5.77002 5 5.77002 5.77002 5.77002 5.77002 4.99992 5.76996 4.99995 5.76999 5.77002 5.77002 5.77002 5.77002 5.77002 5.77002 5.77002 5 5.77002 5 5.77002 5.77002 5.77002 5.77002 5.77002 4.99053 5.69839 45.1898 63.5489 53.8083 33.9981 35.1796 36.8032 41.9467 51.3839 96.0857 329.282 116.686 64.3385 58.564 54.3194 50.3306 80.9108 90.0483 11.4066 11.5164 11.54 11.5397 10.9993 11.539 10.9996 11.5399 10.9996 11.5399 10.9982 1148.9 240.811 262.065 114.156 257.207 4.99891 5.76916 5.77002 5.77002 5.77002 5 5.77002 5.77002 4.99154 5.73014 281.228
5.77002 5.77002 5.77002 5.77002 5.77002 5 5.77002 5.77001 5.77002 5.77002 5.77002 5.76997 4.99986 5.76978 4.99979 5.76993 5 5.77002 5.77001 5.77002 5.77002 5.77002 5.77002 5.77002 5.77002 5 5.77002 5.77002 5.74077 117.029 69.9701 34.1331 26.9908 28.6285 33.7798 43.2209 70.5329 59.7881 133.048 228.439 63.4384 56.1718 50.3896 46.1315 51.8746 279.908 10.9405 11.54 11.5392 10.999 1052.82 206.341 307.925 253.437 316.74 253.561 234.733 118.037 247.912 4.99721 5.76867 5.76923 5.76967 5.77002 5.77001 5.77002 5.77002 5.77002 5.77002 5.77002 5.73897 159.149 208.762
5.77002 5 5.77002 5 5.77002 5.77002 5.77002 5.77002 5.77002 5 5.77002 5.76994 614.982 609.433 300.927 6.15853 5.76984 5.76997 5.77002 5.77002 5.77002 5.77002 5 5.77002 5.77002 5.77002 5.77002 5.77002 5.76388 4.89679 128.289 26.6415 20.5572 25.7037 35.3384 62.979 51.6089 47.134 71.0778 381.661 115.143 71.8884 66.0878 60.2921 71.4551 11.3907 11.514 11.54 10.9994 783.619 143.864 184.877 4.99258 5.7656 4.99721 5.76668 4.99692 5.76724 4.99885 5.76947 5.77002 5.77002 5.77002 5.77002 5.77002 5.77002 5.77002 5.77002 5.77001 4.99231 5.67009 34.992 329.144
5 5.77002 5.77002 5.77002 5.77002 5.77002 5 5.77002 5.77002 5.77002 5.77002 4.99976 5.76975 183.421 270.091 134.533 198.935 4.99986 5.76998 5.77002 5.77002 5 5.77002 5.77002 5.77002 4.9999 5.7699 4.99989 5.76997 5.74972 5.63977 32.9997 26.591 34.1086 109.015 78.583 38.9678 41.8636 48.4533 179.747 331.533 71.3755 65.5959 59.8045 70.6734 10.8899 11.5202 11.54 11.5388 186.008 197.548 5.75921 5.76906 5.77002 5.77002 5.77002 5.77002 5.77002 5.77001 5.77002 5.77001 5.77002 5.77002 5 5.77002 5 5.77002 5.77002 5.77002 5.72727 7.47017 18.3759 207.032
5.77002 5.77002 5 5.77002 5 5.77002 5.77002 5.77002 5 5.77002 5.77002 5.77002 5.76988 193.478 122.939 929.936 118.123 244.338 5.76992 5.77002 5.77002 5.77002 5.77002 5 5.77002 5.76994 496.384 607.493 5.76991 5.77002 5.71294 45.1439 64.4548 100.88 234.456 46.8904 33.6928 40.2837 43.5606 83.5644 1014.8 110.281 50.0962 55.1741 37.9976 128.948 11.4731 10.9875 11.5273 280.466 5.74005 5.76759 5.77002 5.77002 5.77002 5.77002 5 5.77002 5.77002 5.77002 5.77002 5.77002 5 5.77002 5.77002 5.77002 5.77002 5.77002 5.75918 4.84058 34.4626 19.1252 121.222
5.77002 5 5.77002 5.77002 5.77002 5.77002 5 5.77002 5.77002 5.77002 5.77002 5.77002 5.76992 5.76976 100.471 110.377 915.243 159.922 5.76973 4.99986 5.76997 5 5.77002 5.77002 5.77002 5.76993 322.881 421.328 5.76988 5.77002 4.97683 103.294 32.4293 109.023 19.0731 21.5459 33.0642 36.2226 35.8287 39.4052 431.623 317.813 114.127 83.0762 170.697 49.8061 173.303 216.545 12.2742 152.626 5.73911 4.99375 5.76921 4.99991 5.76999 4.99999 5.77002 5.77002 5 5.77002 5 5.77002 5.77002 5.77002 4.99817 5.75714 4.97243 5.68405 4.77645 7.08045 24.201 20.8076 95.2528
5.77002 5.77002 5.77002 5 5.77002 5 5.77002 5.77002 5 5.77002 5 5.77002 5.77002 4.99993 5.76984 100.174 120.329 184.478 120.448 284.566 6.15964 5.76998 5.77002 5.77001 5.76999 4.99995 828.882 5.7699 4.99994 5.77002 5.76415 5.72002 96.2266 94.9148 66.6868 30.4261 41.8862 28.4442 29.9642 36.6205 219.244 406.929 100.939 345.301 492.759 478.284 443.96 452.848 976.7 108.29 346.516 244.704 6.15328 6.15913 6.15986 5.76999 5.77001 5.77002 5.77002 5.77002 5.77002 5.77002 5.77001 5.77002 5.76299 174.019 85.5916 14.1313 17.3111 20.6217 23.2219 26.6726 91.086
5.77002 5 5.77002 5.77002 5.77002 5.77002 5.77002 5 5.77002 5.77002 5.77002 5.77002 5.77002 5.77002 5.76985 4.99982 65.6885 551.708 814.694 210.927 545.445 4.99997 5.77002 5.76999 4.99997 1212.66 5.76997 4.99998 5.77002 5.77002 5.77002 4.99174 5.72731 485.96 4.85504 133.056 25.5275 22.216 28.4526 35.7141 301.123 99.1526 99.8075 42.5762 51.0107 77.1334 40.3445 61.5214 123.325 266.389 318.33 355.066 358.11 755.324 5.76989 4.99999 5.77002 5.77002 5 5.77002 5 5.77002 5.77002 5.76798 4.98489 42.3625 116.927 119.434 98.26 126.132 88.2186 52.271 144.716
5 5.77002 5.77002 5 5.77002 5 5.77002 5.77002 5.77002 5 5.77002 5 5.77002 5.77001 5.77002 5.76991 30.314 621.249 10.9999 171.798 5.76977 5.77 5.77 4.99997 1031.93 5.76998 4.99999 5.77002 5.77002 5 5.77002 5.77002 5.76506 4.99154 5.7372 5.65009 47.5285 34.0809 24.2933 63.3878 185.594 65.5628 53.3593 91.6433 34.4382 73.7506 219.747 8.12321 7.98878 8.15076 7.99844 403.995 267.779 5.76929 4.99996 5.77002 5.77001 5.77002 5.77002 5.77002 5.77002 5.77002 5.77001 4.99662 440.918 76.867 78.6004 1021.53 587.346 482.301 423.523 335.332 217.234
5.77002 5.77002 5 5.77002 5.77002 5.77002 5.77002 5 5.77002 5.77002 5.77002 5.77002 5.77002 5.77002 5.77002 4.99991 64.9367 628.491 1015.24 175.956 4.99954 5.76977 4.99988 497.628 590.811 5.76999 5.77002 5.77002 5.77002 5.77002 5.77002 5.77002 5.77002 5.77002 5.77002 4.97141 163.803 24.6858 28.5661 114.93 80.2789 40.8154 74.8178 46.0118 134.198 7.97276 8.13008 8.15196 8.1597 8.159 929.717 367.893 5.76605 5.76985 5.77002 5.77002 5.77002 5.76985 5.76991 4.99935 5.77001 5.77002 5.77002 5.76619 5.75565 32.2853 102.873 196.186 48.9543 41.8374 29.1009 30.3236 32.5219
5 5.77002 5.77002 5.77002 5 5.77002 5 5.77002 5.77002 5 5.77002 5 5.77002 5 5.77002 5.76996 331.377 81.1861 118.67 174.669 69.1314 12.2621 49.9546 209.15 5.76993 4.99998 5.77002 5.77002 5 5.77002 5 5.77002 5 5.77002 5.77002 5.76335 5.73466 46.7392 157.562 39.9167 78.704 43.7486 75.7084 225.29 8.11975 8.1511 8.16003 8.16003 8.15926 879.548 447.96 5.76929 5.76986 5 5.77 4.99999 5.76994 4.99989 1511.04 5.76924 5.77002 5.77002 5.77001 5.77002 4.99185 59.6324 591.688 79.928 50.7388 37.5188 28.4327 24.3041 43.7499
5.77002 5.77002 5 5.77002 5.77002 5.77002 5.77002 5.77002 5 5.77002 5.77002 5.77002 5.77002 5.77002 5.77002 5.76974 4.99994 5.76986 157.414 119.316 319.456 388.942 203.597 32.2296 127.004 5.76995 5.76999 5.77002 5.77002 5.77002 5.77002 5.77002 5.77002 5.77002 5.77002 5.77002 4.99062 189.032 155.276 79.9593 74.5566 254.121 7.97749 8.13027 8.15132 8.15869 8.16003 8.16003 7.99973 519.301 5.76815 4.99993 5.77001 5.77001 6.15995 6.15981 6.15955 981.883 5.76986 4.99983 5.77002 5.77002 5.77002 5.77002 5.76608 206.269 125.152 177.697 5.69501 5.57853 6.95621 56.7312 21.4232
5.77002 5 5.77002 5.77002 5 5.77002 5 5.77002 5.77002 5.77002 5 5.77002 5 5.77002 5.77002 5.77002 5.77002 5.76998 4.99987 32.559 38.3812 368.582 285.193 564.588 155.271 420.114 4.99996 5.77002 5.77002 5 5.77002 5 5.77002 5 5.77002 5.77002 5.76758 5.75784 540.912 4.98562 323.933 8.13015 8.15291 8.16003 8.16003 8.16003 8.16003 8.16003 8.15926 610.739 5.76671 5.76984 5.77002 5.76998 4.99995 885.152 586.947 799.966 5.76976 5.77002 5.77002 5.77002 5.77002 5.77002 5.76825 4.99379 5.75523 4.98761 5.76597 4.98907 5.56105 5.62414 30.0203
5.77002 5.77002 5.77002 5 5.77002 5.77002 5.77002 5.77002 5 5.77002 5.77002 5.77002 5.77002 5.77002 5.77002 5.77002 5.77002 5.77002 5.76994 62.6347 33.6053 424.278 233.791 32.8158 136.448 389.121 5.76991 5.77002 5.77002 5.77002 5.77002 5.77002 5.77002 5.77002 5.77002 5.77002 5.77002 4.95304 5.70622 480.06 701.439 8.133 8.16003 8.16002 8.16003 8 8.16003 8.16003 8.15952 1002.96 6.88406 4.99442 5.76677 4.9988 1212.24 5.76978 4.99962 5.76972 4.99979 5.77002 5 5.77002 5 5.77002 5.77002 5.77002 5.77002 5.77002 5.77002 5.77002 5.73723 4.45471 31.7028
5.77002 5 5.77002 5.77002 5.77002 5 5.77002 5 5.77002 5.77002 5 5.77002 5 5.77002 5 5.77002 5 5.77002 4.99996 7.58525 56.0848 195.138 52.4817 130.194 4.99986 5.76995 4.99995 5.77002 5.77002 5 5.77002 4.99451 5.71503 4.92634 5.77001 5 5.77001 5.77001 5.63566 4.75163 503.969 8.14693 7.99984 8.16003 8.16003 8.16003 8.16003 8 8.15983 8.15899 953.919 1018.07 501.185 1047.42 5.76983 4.99987 5.77002 5.77002 5.77002 5.77002 5.77002 5.77002 5.77002 5.77002 5 5.77002 5.77002 5 5.77002 5.77002 4.97403 6.93199 85.292
5.77002 5.77002 5.77002 4.99942 5.76905 5.76945 5.77002 5.77002 5.77002 5 5.77002 5.77002 5.77002 5.77002 5.77002 5.77002 5.77002 5.77002 5.76999 5.76992 240.537 100.684 247.854 5.76987 5.76997 5.77002 5.77002 5.77002 5.77002 5.77002 5.77002 5.72675 1064.46 5.58837 5.56125 5.58924 5.50482 4.80208 5.44586 259.87 1043.26 7.99279 8.16003 8.16003 8.16003 8.16003 8 8.16003 8.16003 7.99974 8.15862 7.9987 466.65 5.76803 5.7697 5.77002 5.77002 5.77002 5 5.77002 5 5.77002 5 5.77002 5.77002 5.77002 5 5.77002 5.77002 5.77002 5.75483 5.46081 83.9075
5.77002 5 5.77002 5.43085 835.991 4.98382 5.77002 5 5.77002 5.77002 5.77002 5 5.77002 5 5.77002 5 5.77002 5.77002 5.77002 4.99999 5.76997 4.99992 5.76992 4.99995 5.77002 5.77002 5.77002 5 5.77002 5 5.75247 4.7255 300.066 6.9692 103.064 6.04229 216.739 6.8376 6.65643 678.337 7.94842 8.15848 8.16003 8.16003 8.16003 8.14423 8.16003 8.16003 8.16003 8.16003 8.16002 8.15909 662.496 448.576 4.99943 5.77002 5.77002 5 5.77002 5.77002 5.77002 5.77002 5.77002 5.77002 5 5.77002 5.77002 5.77002 5 5.77002 5.77002 4.8934 6.57959
5 5.77002 5.60098 4.60874 702.325 4.94431 5.77002 5.77002 5.77002 5 5.77002 5.77002 5.77002 5.77002 5.77002 5.77002 5.77002 5.77002 5.77002 5.77002 5.77002 5.77002 5.77002 5.77002 5.77002 5 5.77002 5.77002 5.77002 5.77002 5.74 6.729 128.863 531.643 36.6899 59.2598 20.1086 15.7653 51.4524 174.601 7.6701 7.87828 7.90253 8.02075 8.13919 8.16003 8.16003 8.16003 8.16003 8 8.16003 8.15971 6.99938 471.646 5.76925 5.76975 5.77002 5.77002 5.77002 5 5.77002 5 5.77002 5 5.77002 5.77002 5 5.77002 5.77002 5.77002 5.77002 5.75732 5.49165
5.77002 5.77002 4.61692 659.756 244.745 3.68072 5.2385 5 5.77002 5.36529 5.32361 4.85696 5.77002 5 5.77002 5 5.77002 5.77002 5 5.77002 5 5.77002 5 5.77002 5.77002 5.77002 5.74574 4.87028 5.48533 4.85409 5.72195 3.99768 28.9847 97.0584 235.132 100.121 23.0807 27.4412 74.152 23.085 20.9987 17.1583 126.672 332.407 7.94335 8.15971 8.15944 8.15916 8.15911 8.1594 8.15946 7.99674 656.762 363.498 812.414 4.99959 5.77002 5.77002 5 5.77002 5.77002 5.77002 5.77002 5.77002 5.77002 5 5.77002 5.77002 5 5.77002 5.77002 5.77002 4.84608
5.5765 4.74734 5.28473 5.11089 344.613 580.722 4.74712 5.26191 4.7161 4.14027 901.798 5.13251 5.77002 5.77002 5.77002 5.77002 5.77002 5 5.77002 5.77002 5.77002 5.77002 5.77002 5.77002 4.99901 5.74581 5.60132 262.692 280.256 5.04801 4.63878 3.84549 55.4506 29.1814 42.8302 81.1249 134.945 81.6467 30.1406 29.2304 26.9821 204.575 304.436 101.702 7.4444 5.95773 6.84933 6.88727 5.99963 6.88692 7.99647 654.574 401.86 4.9986 5.7696 5.76934 5.77002 5.77002 5.77002 5.77002 5 5.77002 5 5.77002 5 5.77002 5.77002 5 5.77002 5.77002 5 5.77002 5.69943
5.22626 7.24321 5.14851 4.35625 4.55089 369.651 20.7202 1.78082 16.5187 507.053 4.59351 5.53108 4.30128 4.88504 4.56615 5.60429 4.94375 5.7557 5.77002 5 5.77002 5 5.77002 5.77002 5.76832 5.92738 50.3439 132.96 86.2767 35.4659 11.5439 15.394 18.6656 31.0271 25.0477 31.3867 219.844 56.0456 38.9246 69.2939 312.604 145.092 91.4898 62.7701 5.68363 6.87611 6.8895 6.8895 6.8895 6.88839 5.99812 652.355 5.76821 5.76967 5.77002 5.77002 5.77001 5.77002 5 5.77002 5.77002 5.77002 5.77002 5.77002 5.77002 5.77002 5 5.77002 5.77002 5 5.77002 5.77002 4.98913
5.34068 4.69312 5.30466 5.77002 5.18874 3.95383 162.672 833.52 53.9385 138.505 3.79481 2.60849 62.4092 64.8945 193.951 335.695 756.901 5.74552 5 5.77002 5.77002 5.77002 5.77002 5.77002 4.98671 5.57976 33.0092 48.8795 140.483 19.7646 19.1171 17.8139 21.8337 26.1369 37.6587 32.3675 70.0988 221.408 163.31 304.058 132.274 74.9653 69.0934 76.3814 6.41976 6.8895 6.88756 6.8895 6.88856 5.99866 8.1588 507.912 4.99901 5.77002 5.77002 5.77002 5.77002 5.77002 5.77002 5.77002 5 5.77002 5 5.77002 5 5.77002 5.77002 5.77002 5 5.77002 5.77002 5.77002 5.76084
5.77002 5.77002 5.77002 5 5.77002 4.66339 15.7101 180.372 256.19 32.5625 29.7682 30.3898 14.8374 221.351 397.558 117.081 4.75777 5.7557 5.77002 5.77002 5 5.77002 5 5.77002 5.71112 7.33605 44.978 99.5216 668.445 641.534 355.112 316.017 49.2562 34.4478 40.3874 40.4042 60.8683 1015.99 224.854 111.487 59.0604 84.293 85.7814 66.2104 5.45086 6.8895 6.8895 6.88895 6.88583 8.15874 1021.77 7.76422 5.76949 5.77002 5 5.77002 5 5.77002 5 5.77002 5.77002 5.77002 5.77002 5.77002 5.77002 5.77002 5 5.77002 5.77002 5.77002 5 5.77002 4.9458
5.19042 4.50004 5.34561 5.18676 4.55532 3.49606 33.0189 35.2129 195.541 42.4268 21.553 18.2884 44.845 135.207 221.001 81.8564 5.4651 5.77002 5 5.77002 5.77002 5.77002 5.77002 5.77002 4.89231 158.091 395.759 113.462 57.0034 72.4975 129.409 92.1516 299.959 182.24 69.3729 42.2394 190.807 541.104 72.3247 49.9634 47.1185 63.264 210.463 121.801 6.08503 6.88946 6.8895 6.88762 8.15835 965.23 373.192 4.99889 5.7699 5.77002 5.77002 5.77002 5.77002 5.77002 5.77002 5.77002 5 5.77002 5 5.77002 5 5.77002 5.77002 5.77002 5 5.77002 5.77002 5.77002 5.68535
2.06045 52.8275 3.62131 3.62889 116.879 46.8987 20.4052 26.0448 189.891 111.807 103.595 200.796 354.671 220.331 105.042 65.6636 4.64704 5.77002 5.77002 5.77002 5 5.77002 5 5.77002 5.69929 379.027 68.9327 36.6084 24.1495 32.9119 25.3555 31.3155 48.9546 141.759 252.423 126.273 179.619 193.244 75.7457 69.8946 33.849 27.3279 38.0984 156.404 6.18613 6.8895 6.8895 6.88883 5.99578 670.475 5.76188 5.76732 5.76845 4.99976 5.76984 4.99984 5.76984 4.9998 5.76978 5.76975 5.76982 5.76994 5.77002 5.77002 5.77002 5.77002 5 5.77002 5.77002 5.77002 5 5.77002 4.94426
381.889 18.2985 31.4064 24.7633 20.8809 46.025 60.669 56.3817 338.49 1037.78 561.629 464.18 556.387 171.752 144.865 106.247 5.39539 5.77002 5 5.77002 5.77002 5.77002 5.77002 5.77002 4.98107 5.36364 3.83741 4.52665 43.9457 21.4828 21.083 23.4491 29.383 38.602 66.9501 156.968 1191.64 135.022 121.611 97.1837 32.7697 17.8245 56.6 5.00874 5.58938 6.8895 6 6.8895 6.88717 6.87593 972.358 572.387 6.13801 6.14765 6.14958 6.15119 6.1495 6.14767 6.14587 6.1446 6.13948 4.99482 5.76525 4.99749 5.76957 5.76975 5.76972 5.77002 5 5.77002 5.77002 5.77002 5.72391
