tests/full-run-ref/erosion_78_24_-72.835.asc
ncols 512
nrows 512
xllcorner -3.24582
yllcorner -4.08743
cellsize 5
NODATA_value -99999
[rows 87 to 115 of 512, columns 134 to 200 of 512]
145.884 140.059 134.224 128.379 122.522 116.654 110.772 104.878 98.968 93.0431 87.1002 81.1381 75.1548 69.1489 63.1186 57.0626 50.9793 44.8673 38.7252 32.5517 26.3451 20.1042 13.8271 7.57954 3.46687 4.5902 5.77001 5.77001 5.77001 5.77001 5.77001 5.77001 5.77001 5.75387 5.59802 11.4292 8.0979 8.11268 8.10015 8.0245 12.9141 10.5868 7.24639 6.62678 3.38155 4.541 1.96341 11.6244 20.4251 22.5475 23.8811 32.0899 39.9508 46.892 53.445 60.2162 57.5578 50.9731 44.4261 37.7289 30.8894 23.9246 16.8174 9.55727 2.52773 0 5.04242
146.115 140.299 134.474 128.639 122.793 116.936 111.067 105.186 99.2903 93.3802 87.4544 81.5101 75.5461 69.5601 63.5506 57.5158 51.4541 45.364 39.2439 33.0924 26.9079 20.6888 14.4334 8.1899 3.8417 4.57672 5.77001 5.77001 5.77001 5.77001 5.77001 5.77001 5.77001 5.77001 5.74729 11.5039 8.02671 13.7626 7.97124 13.5731 7.60896 6.90613 6.8965 5.89667 8.84901 0 4.85402 13.2878 13.1314 13.5768 22.3017 30.6895 37.9694 44.6202 51.0758 57.6178 59.3201 52.81 46.4063 39.8705 33.1978 26.3938 19.4579 12.3903 5.19568 1.00519 4.02189
146.328 140.52 134.704 128.88 123.045 117.2 111.343 105.475 99.5934 93.6985 87.7884 81.8623 75.917 69.9513 63.9624 57.9489 51.9087 45.8402 39.7417 33.6114 27.4476 21.2485 15.012 8.77191 4.21523 4.58015 5.77001 5.77001 5.77001 5.77001 5.77001 5.77001 5.77001 5.77001 5.75492 8.04557 13.8114 16.1594 13.7536 11.256 7.88935 8.15269 8.15402 7.71891 6.73483 5.18025 12.0452 5.14424 3.13288 12.4114 21.3921 29.0234 35.8453 42.4123 48.8175 55.1127 60.2447 54.437 48.0579 41.6505 35.1183 28.4576 21.673 14.7638 7.72988 2.49095 3.30891
146.488 140.687 134.881 129.065 123.242 117.408 111.563 105.707 99.8396 93.9585 88.0636 82.1529 76.2253 70.2772 64.3074 58.3127 52.2916 46.2416 40.161 34.0476 27.8993 21.7135 15.4879 9.24507 4.53181 4.60095 5.77001 5.77001 5.77001 5.77001 5.77001 5.77001 5.77001 5.77001 5.76668 5.71194 11.3447 16.1492 19.4576 13.6582 7.86885 8.15685 8.15773 8.15333 7.30975 8.0845 5.22769 0 3.20652 12.3775 20.2949 27.2806 33.9423 40.5291 46.8002 51.4861 54.104 55.8467 49.658 43.2726 36.856 30.3263 23.6781 16.9115 10.0259 4.01158 2.87796
146.537 140.739 134.941 129.135 123.321 117.497 111.663 105.819 99.9619 94.0923 88.2082 82.3089 76.3922 70.4567 64.4984 58.5156 52.505 46.4644 40.391 34.282 28.1343 21.9448 15.7102 9.44574 4.65304 4.63289 5.77001 5.77001 5.77001 5.77001 5.77001 5.76521 5.76622 5.76784 5.77001 5.7471 7.95301 11.27 13.6488 11.2827 7.84864 8.15584 8.15921 8.15363 7.97733 7.27381 6.79696 2.90029 7.62392 14.9025 21.7655 28.3713 34.8669 41.0849 42.9935 45.2771 47.9008 50.7878 51.0764 44.813 38.4365 32.0235 25.4982 18.8601 12.1092 5.64002 2.36838
146.389 140.602 134.808 129.01 123.204 117.388 111.562 105.724 99.8738 94.009 88.1291 82.2323 76.3173 70.3816 64.4234 58.4382 52.4235 46.3752 40.2896 34.1627 27.9904 21.7684 15.4924 9.16691 4.36586 4.67403 5.77001 5.77001 5.77001 5.77001 5.77001 5.76591 8.15485 5.76659 5.76831 5.76552 5.74483 5.66928 7.83866 11.4758 7.8683 8.15454 8.01077 8.15936 8.15695 8.14633 6.9977 4.07015 7.70371 14.4117 21.4173 27.9638 32.7247 34.7397 36.4726 38.9932 41.7269 44.6 47.5484 46.1198 39.7529 33.4431 27.0236 20.4964 13.862 7.25066 3.10011
141.504 140.072 134.562 128.774 122.97 117.159 111.338 105.506 99.66 93.7994 87.9223 82.0277 76.1137 70.1785 64.2193 58.2333 52.2154 46.1615 40.0662 33.9248 27.7324 21.483 15.1632 8.80909 3.50659 4.36122 5.77001 5.77001 5.77001 5.77001 5.77001 5.76616 5.76646 8.15485 5.76551 5.77001 5.77001 5.76138 5.6793 11.4569 7.85815 7.94174 8.12055 8.14473 8.15356 7.95856 6.02893 9.41941 12.3449 19.02 24.6193 25.3427 26.1608 28.1113 30.0125 32.6619 35.5484 38.4462 41.4155 47.0469 40.8159 34.5679 28.2479 21.8244 15.3003 8.72046 3.98116
135.693 134.275 131.899 129.519 125.412 119.623 113.819 108.004 102.187 96.3588 90.5196 84.6677 78.8024 72.9217 67.0245 61.1079 55.1695 49.2041 43.2084 37.1779 31.1076 24.9876 18.8203 12.5807 7.7346 3.34704 5.57304 5.77001 5.77001 5.77001 5.77001 5.77001 5.76417 5.76124 5.76306 5.77001 5.77001 5.77001 5.74943 11.4679 11.4676 7.95807 5.65228 7.9281 6.64536 7.0291 11.6674 14.0835 19.1799 20.8466 18.023 18.3942 19.3438 21.4658 23.4807 26.317 29.206 32.1773 38.9942 45.3679 41.6431 35.4357 29.2112 22.8945 16.4799 9.97773 4.7883
129.88 128.469 126.092 123.716 121.341 118.964 116.265 110.481 104.68 98.8747 93.0662 87.2502 81.4248 75.5898 69.7432 63.8842 58.0098 52.1183 46.2052 40.2664 34.2927 28.2807 22.2113 17.0977 11.5688 7.41866 4.75436 5.76526 5.77001 5.77001 5.77001 5.77001 5.77001 5.77001 5.77001 5.77001 5.77001 5.77001 5.75472 5.69779 7.96795 5.52208 10.8019 6.07218 10.8821 13.1667 15.6045 15.9845 15.5104 14.1528 10.9606 11.4922 12.497 14.8376 16.9901 19.6388 22.6068 30.0165 36.6474 42.915 42.3389 36.173 30.0381 23.8167 17.4922 11.0924 5.60322
124.058 122.658 120.282 117.907 115.531 113.155 110.785 110.523 107.121 101.332 95.5323 89.733 83.9274 78.1135 72.2911 66.4582 60.614 54.7562 48.8812 42.9793 37.0468 31.0693 25.9927 20.5137 15.7985 9.58967 3.91606 5.20026 5.74547 5.77001 5.77001 5.77001 5.77001 5.77001 5.77001 5.77001 5.77001 5.77001 5.77001 5.76113 5.5368 10.8009 13.2266 12.4674 15.0026 13.1269 10.4741 9.93875 9.39834 8.2509 5.1755 5.96351 6.48833 9.58543 9.93737 12.553 20.7433 27.8916 34.2768 39.5843 41.9186 36.9331 30.8993 24.7692 18.5117 12.2213 6.50847
118.226 116.838 114.464 112.09 109.716 107.34 104.968 104.719 102.349 103.754 97.9651 92.1707 86.3748 80.5728 74.7625 68.944 63.1156 57.2749 51.4151 45.5329 39.6178 34.5781 29.1547 24.4627 18.2754 11.979 10.1322 5.35239 5.28901 5.74466 5.77001 5.77001 5.77001 5.77001 5.77001 5.77001 5.77001 5.77001 5.77001 5.76106 5.54797 10.6987 16.63 18.3976 12.4763 7.27969 7.57353 7.60586 7.55064 7.43576 7.54761 6.95361 5.26704 3.97841 3.99339 11.3639 19.1231 25.7427 30.9491 33.4895 35.8586 33.4019 28.7442 25.807 19.744 13.5504 7.64031
112.386 111.011 108.637 106.264 103.891 101.514 99.1445 98.9075 96.5331 98.9762 100.376 94.5901 88.7979 83.0029 77.2018 71.3928 65.5746 59.742 53.8934 48.0233 43.0159 37.6384 32.976 26.9108 20.7662 18.6578 13.435 11.2089 5.44809 5.29021 5.74465 5.77001 5.77001 5.77001 5.77001 5.77001 5.77001 5.77001 5.77001 5.74371 7.8116 13.2919 15.7195 16.0622 9.93542 7.50253 8.14573 8.14868 8.15548 8.14926 8.14755 7.9213 7.75986 6.73618 6.07627 12.9884 19.6429 22.3947 24.7002 27.4055 31.7344 27.2125 24.803 20.0965 17.9229 13.6774 8.9447
106.537 105.176 102.801 100.429 98.0562 95.6775 93.3072 93.0847 90.7056 93.1646 95.6031 96.996 91.2115 85.42 79.6256 73.8242 68.0116 62.1872 56.3479 51.3633 46.0205 41.3835 35.4103 29.3805 27.171 21.9791 19.6461 13.5523 11.2489 5.51366 5.34256 5.7446 5.77001 5.77001 5.77001 5.77001 5.77001 5.77001 5.77001 5.74865 5.64786 7.40999 13.2477 15.7953 13.1763 7.31795 7.77382 8.13943 8.15502 8.15999 8.15799 8.15436 8.15009 7.28785 7.66209 13.8486 14.0664 15.6705 18.3256 25.3097 25.788 22.8882 18.3372 16.0378 11.2988 9.46486 5.65569
100.68 99.3333 96.9572 94.5852 92.2118 89.829 87.4563 87.2477 84.8622 87.3468 89.804 92.2255 93.6161 87.8319 82.0403 76.2434 70.4377 64.6213 59.6544 54.3362 49.717 43.811 37.8654 35.5877 30.4235 28.0609 22.0643 19.6633 13.5885 11.4493 6.1522 5.57759 5.77001 5.77001 5.77001 5.77001 5.77001 5.77001 5.77001 5.77001 5.75555 5.62107 7.44642 13.335 15.7042 13.1753 7.20411 7.68394 8.1371 8.15507 8.15963 8.15821 8.15205 7.52956 10.7101 7.75448 7.53928 9.41741 16.3927 21.5395 21.4821 16.7656 13.9919 9.53921 7.91679 4.29244 5.41535
94.8164 93.4839 91.1055 88.7326 86.3578 83.9688 81.5912 81.3959 78.9987 81.5173 84.0013 86.431 88.8458 90.2361 84.4509 78.656 72.8572 67.905 62.6059 58.0005 52.1416 46.255 43.9299 38.7873 36.4082 30.4893 28.0775 22.0844 19.7852 14.0129 8.84404 4.9604 5.75502 5.77001 5.77001 5.77001 5.77001 5.77001 5.77001 5.77001 5.77001 5.7538 5.63527 7.49939 13.2649 15.7465 13.0927 7.1836 7.71098 8.13559 8.15056 8.06117 7.70117 7.88586 7.66669 7.12017 6.29521 9.6214 12.8168 18.3251 15.3499 14.8854 7.84957 8.21253 3.99302 5.45223 5.77001
88.946 87.6283 85.2465 82.8718 80.4945 78.0971 75.7116 75.528 73.1137 75.6724 78.1918 80.6341 83.0526 85.4666 86.8554 81.069 76.1246 70.8412 66.2471 60.4218 54.5772 52.2178 47.0889 44.7001 38.8403 36.4277 30.5073 28.1655 22.4351 16.7587 10.5893 4.77545 5.30529 5.74541 5.77001 5.77001 5.77001 5.77001 5.77001 5.77001 5.77001 5.77001 5.75093 5.62775 7.38198 13.1535 15.6578 12.9794 7.31769 7.64195 7.67591 7.55177 11.1562 11.1959 8.02647 8.15491 7.77762 6.52024 11.5519 13.5185 9.39476 11.373 7.05271 4.24251 5.40987 5.77001 5.77001
83.0696 81.7669 79.3807 77.0032 74.6222 72.2139 69.8174 69.6434 67.2053 69.8109 72.3724 74.8327 77.2587 79.6746 82.085 84.3278 79.0563 74.4661 68.6637 62.8487 60.4669 55.348 52.9516 47.1322 44.7224 38.8585 36.4974 30.8202 25.2354 19.1584 12.9965 10.8887 5.95138 5.41763 5.7469 5.77001 5.77001 5.77001 5.77001 5.77001 5.77001 5.77001 5.77001 5.74681 5.60656 7.25612 13.0348 15.5533 12.5419 7.18169 12.2571 7.27539 13.2042 7.33108 8.05292 8.15882 8.15403 7.24513 10.2013 12.3415 6.25787 9.58336 5.34785 5.43202 5.77001 5.77001 5.77001
77.1897 75.9032 73.5091 71.127 68.7412 66.3194 63.9082 63.7412 61.2721 63.9313 66.5433 69.0251 71.462 73.8818 76.6011 79.2882 81.9615 76.8832 71.0818 68.6866 63.5763 61.1752 55.3834 52.9744 47.1463 44.7772 39.1413 33.6351 27.6793 21.6637 19.3909 14.1812 11.929 6.57643 5.50078 5.7495 5.77001 5.77001 5.77001 5.77001 5.77001 5.77001 5.77001 5.77001 5.74394 5.58497 7.11822 12.727 15.2713 12.9438 14.5575 11.8717 9.48697 7.34245 8.13747 8.15034 8.15404 7.44972 13.3909 11.7078 10.1327 6.87269 5.37676 5.7465 5.77001 5.77001 5.77001
71.3029 70.1518 67.6313 65.2434 62.8514 60.4137 57.984 57.8207 55.3127 58.0329 60.7036 63.2119 65.6606 68.3976 71.0879 73.7628 76.2634 78.6771 76.8893 71.7818 69.3787 63.6061 61.1971 55.3924 53.0127 47.397 41.9444 36.0741 30.1621 27.8367 22.6655 20.3336 14.8603 12.5669 7.34636 5.73523 5.77001 5.77001 5.77001 5.77001 5.77001 5.77001 5.77001 5.77001 5.77001 5.74239 5.54612 6.72237 12.2124 14.726 20.3764 17.043 10.7495 6.77287 7.42564 7.64304 7.68637 7.61574 11.3164 11.031 6.98181 5.51418 5.73797 5.77001 5.77001 5.77001 5.77001
65.4095 64.3276 61.8673 59.3522 56.9526 54.4962 52.0443 51.8812 49.326 52.1147 54.8541 57.3928 60.1678 62.8777 65.5614 68.0576 70.4657 76.2723 79.9777 77.5715 71.8082 69.3991 63.6095 61.2222 55.6189 50.1955 44.3743 38.5328 36.1806 31.0263 27.1342 21.2294 15.3077 9.31873 5.07999 5.72155 5.77001 5.77001 5.77001 5.77001 5.77001 5.77001 5.77001 5.77001 5.77001 5.77001 5.74161 5.4819 6.17271 11.7743 14.3084 19.637 14.2591 10.8203 11.2327 6.97411 12.383 6.78747 11.2131 7.20844 5.57548 5.74504 5.77001 5.77001 5.77001 5.77001 5.77001
59.5123 58.521 56.0302 53.5765 51.0444 48.5665 46.0882 45.9221 43.3102 46.1778 48.9947 51.8842 54.6382 57.3413 59.8413 62.2484 68.0711 73.8691 79.6603 80.0033 77.5875 71.81 69.4176 63.8223 58.4154 52.6208 46.8179 44.4511 39.3339 35.47 29.6136 23.7275 17.8219 12.1806 6.75022 5.68005 5.77001 5.77001 5.77001 5.77001 5.77001 5.77001 5.77001 5.77001 5.77001 5.77001 5.77001 5.74526 5.4364 5.82966 11.7719 14.6746 17.3942 17.283 14.57 12.6047 13.5746 11.0295 4.78136 5.38901 5.74978 5.77001 5.77001 5.77001 5.77001 5.77001 5.77001
53.6099 52.6892 50.2104 47.7262 45.2525 42.6241 40.1274 39.959 37.2824 40.2227 43.4499 46.3367 49.0877 51.6008 54.0079 59.8607 65.6758 71.467 77.259 80.8048 78.4039 72.6272 70.237 64.4668 60.833 55.0532 52.6749 46.9087 41.0974 35.2717 29.4193 23.5209 17.6061 12.1026 6.71062 5.67978 5.77001 5.77001 5.77001 5.77001 5.77001 5.77001 5.77001 5.77001 5.77001 5.77001 5.77001 5.77001 5.74801 5.44045 6.2503 9.14709 11.0265 13.668 17.2284 12.97 10.3514 5.04907 5.43507 5.77001 5.77001 5.77001 5.77001 5.77001 5.77001 5.77001 5.77001
47.7667 46.9231 44.3775 41.88 39.3817 36.7941 34.1461 34.352 31.2359 34.5913 37.8617 40.7626 43.3209 45.7369 51.633 57.4735 63.277 69.0686 74.8608 78.405 72.6084 70.2125 64.4251 62.0387 56.2667 53.8866 48.1074 44.477 38.6727 32.847 26.9708 21.0282 15.0464 9.04198 5.04921 5.72109 5.77001 5.77001 5.77001 5.77001 5.77001 5.77001 5.77001 5.77001 5.77001 5.77001 5.77001 5.77001 5.77001 5.74623 5.61382 5.17875 5.09064 8.36148 11.5224 10.3392 4.89165 5.48713 5.77001 5.77001 5.77001 5.77001 5.77001 5.77001 5.77001 5.77001 5.77001
41.7885 43.6428 38.5518 35.9867 33.5338 31.0808 28.6737 29.1922 26.3992 29.267 32.3125 34.9672 37.4177 43.3823 49.2585 55.0785 60.8786 66.6721 72.475 72.6525 70.2076 64.4031 62.0104 56.2099 53.8298 48.0408 45.6649 39.8794 37.5096 31.7187 29.3471 23.5301 17.7489 12.5188 7.03315 5.73092 5.77001 5.77001 5.77001 5.77001 5.77001 5.77001 5.77001 5.77001 5.77001 5.77001 5.77001 5.77001 5.77001 5.77001 5.77001 5.76326 5.60161 5.14474 6.06992 6.26468 5.46368 5.77001 5.77001 5.77001 5.77001 5.77001 5.77001 5.77001 5.77001 5.77001 5.77001
35.9287 37.8405 36.7712 30.2611 28.1682 26.8483 27.3562 27.5683 27.7004 27.561 27.3179 29.1367 35.0882 41.0127 46.8588 52.6742 58.48 64.2813 70.0847 70.2588 64.4381 62.0021 56.1809 53.7937 47.9751 45.6026 39.7933 37.4278 31.6174 29.2578 23.4364 21.0727 15.2645 10.3082 5.39845 5.74607 5.77001 5.77001 5.77001 5.77001 5.77001 5.77001 5.77001 5.77001 5.77001 5.77001 5.77001 5.77001 5.77001 5.77001 5.77001 5.77001 5.77001 5.73872 5.69621 5.69941 5.74884 5.77001 5.77001 5.77001 5.77001 5.77001 5.77001 5.77001 5.77001 5.77001 5.77001
30.9223 31.8675 35.1266 28.9677 27.4199 27.7973 27.86 27.86 27.86 27.86 27.8082 27.4368 32.8921 38.7676 44.6045 50.4269 56.2398 62.0495 67.8538 64.5326 62.0463 56.215 53.7825 47.9403 45.5611 39.7191 37.3569 31.52 29.1663 23.3231 20.9755 15.1171 12.7897 7.09135 5.66003 5.77001 5.77001 5.77001 5.77001 5.77001 5.77001 5.77001 5.77001 5.77001 5.77001 5.77001 5.77001 5.77001 5.77001 5.77001 5.77001 5.77001 5.77001 5.77001 5.77001 5.77001 5.77001 5.77001 5.77001 5.77001 5.77001 5.77001 5.77001 5.77001 5.77001 5.77001 5.77001
26.9504 27.1021 29.7371 27.5292 27.8102 27.86 27.86 27.86 27.86 27.8599 27.7889 29.7026 35.4708 41.2495 47.0641 52.8696 58.6709 64.4761 64.634 62.1382 56.3088 53.829 47.9742 45.5478 39.68 37.3113 31.4399 29.0904 23.2187 20.8796 14.9932 12.6725 6.90895 5.53937 5.75304 5.77001 5.77001 5.77001 5.77001 5.77001 5.77001 5.77001 5.77001 5.77001 5.77001 5.77001 5.77001 5.77001 5.77001 5.77001 5.77001 5.77001 5.77001 5.77001 5.77001 5.77001 5.77001 5.77001 5.77001 5.77001 5.77001 5.77001 5.77001 5.77001 5.77001 5.77001 5.77001
27.86 27.8296 27.8155 27.8234 27.86 27.86 27.86 27.86 27.86 27.8598 27.7356 33.2052 37.9518 43.7494 49.5053 55.297 61.0895 64.6523 62.2299 56.4141 53.9257 48.0758 45.5974 39.7148 37.2971 31.3984 29.0428 23.1357 20.8021 14.8879 12.5906 6.80843 5.4915 5.74896 5.77001 5.77001 5.77001 5.77001 5.77001 5.77001 5.77001 5.77001 5.77001 5.77001 5.77001 5.77001 5.77001 5.77001 5.77001 5.77001 5.77001 5.77001 5.77001 5.77001 5.77001 5.77001 5.77001 5.77001 5.77001 5.77001 5.77001 5.77001 5.77001 5.77001 5.77001 5.77001 5.77001
27.86 27.86 27.86 27.86 27.8599 27.86 27.86 27.86 27.86 27.8599 27.7217 33.0634 38.8764 44.6839 50.4846 56.2788 62.0709 62.1352 56.4476 54.0249 48.1928 45.7027 39.8245 37.3506 31.4356 29.0291 23.094 20.7549 14.8064 12.5373 6.74952 5.45976 5.74602 5.77001 5.77001 5.77001 5.77001 5.77001 5.77001 5.77001 5.77001 5.77001 5.77001 5.77001 5.77001 5.77001 5.77001 5.77001 5.77001 5.77001 5.77001 5.77001 5.77001 5.77001 5.77001 5.77001 5.77001 5.77001 5.77001 5.77001 5.77001 5.77001 5.77001 5.77001 5.77001 5.77001 5.77001
