tests/full-run-ref/erosion_85_12_73.353.asc
ncols 512
nrows 512
xllcorner -3.24582
yllcorner -4.08743
cellsize 5
NODATA_value -99999
[rows 87 to 115 of 512, columns 268 to 334 of 512]
5.77013 5.77017 5.77018 5.77015 5.76994 5.77017 5.76999 5.76998 5.77013 5.76999 5.77008 5.76994 5.77016 5.76998 5.77015 5.76999 5.7699 5.7699 5.7699 5.77 5.77007 5.76982 5.76998 5.76997 5.76997 5.76999 5.76996 5.76997 5.76998 5.77 5.77017 5.77016 5.77017 5.77013 5.76998 5.76981 5.77017 5.76987 5.76994 5.76991 5.76993 5.76988 5.76989 5.77007 5.7699 5.76997 5.76997 5.77014 5.76985 5.77007 5.76988 5.7701 5.76957 5.7699 5.76986 5.76985 5.77003 5.76988 5.76995 4.81692 6.88159 5.43735 5.76999 5.76999 5.76992 5.76989 5.76981
5.7701 5.77018 5.77017 5.76999 5.76999 5.77003 5.7701 5.76996 5.76995 5.76994 5.77015 5.76988 5.76994 5.76989 5.76995 5.76988 5.76995 5.7701 5.76994 5.7699 5.76996 5.76993 5.76992 5.77008 5.76995 5.76998 5.77005 5.76998 5.76997 5.76988 5.76982 5.76998 5.77008 5.77017 5.76999 5.76995 5.76997 5.77008 5.76999 5.77001 5.76993 5.77008 5.76997 5.77017 5.77009 5.76983 5.76999 5.77014 5.76977 5.76996 5.7699 5.77013 5.76953 5.77 5.77 5.76976 5.77016 5.76988 5.77007 5.06324 5.59679 5.56609 5.76999 5.77007 5.77 5.77015 5.76981
5.77011 5.77011 5.77015 5.7701 5.76994 5.76998 5.77016 5.76988 5.77006 5.76995 5.77 5.7699 5.77 5.77 5.76995 5.77 5.76993 5.76983 5.76986 5.77011 5.76992 5.77007 5.76992 5.76996 5.77002 5.76998 5.76999 5.76996 5.76997 5.77004 5.76989 5.77017 5.77018 5.77017 5.77 5.76992 5.76996 5.76999 5.76999 5.76993 5.76994 5.76993 5.76989 5.7699 5.77018 5.77003 5.76996 5.77017 5.76983 5.76992 5.77009 5.76999 5.76992 5.76958 5.76948 5.76989 5.77005 5.76991 5.76995 5.76999 5.76999 5.76998 5.76999 5.77018 5.77015 5.76994 5.7701
5.77018 5.77017 5.76997 5.7701 5.7699 5.77 5.77016 5.76988 5.76993 5.76995 5.76984 5.7697 5.76966 5.76969 5.76996 5.77016 5.76979 5.77 5.76988 5.76984 5.76996 5.76984 5.76995 5.76999 5.76994 5.77008 5.76996 5.77 5.76996 5.76989 5.76991 5.76985 5.76999 5.77018 5.77014 5.76999 5.77 5.76999 5.77016 5.76997 5.76993 5.77003 5.77 5.77003 5.77017 5.77016 5.76999 5.77009 5.76992 5.76994 5.77015 5.76999 5.76997 5.77007 5.77017 5.77013 5.77002 5.76997 5.76999 5.77 5.77011 5.77016 5.77016 5.77018 5.77007 5.76997 5.76993
5.77017 5.77018 5.76997 5.77007 5.76991 5.76999 5.77016 5.76998 5.76994 5.77004 5.76976 5.77014 5.76999 5.77015 5.76998 5.76993 5.76988 5.76998 5.77 5.76981 5.77009 5.76979 5.76994 5.76989 5.76989 5.77017 5.76998 5.77 5.77 5.76981 5.77011 5.76995 5.77005 5.77018 5.77018 5.76999 5.76997 5.76994 5.76995 5.77009 5.76993 5.76996 5.76998 5.76989 5.76991 5.77018 5.77013 5.76997 5.76999 5.76994 5.76999 5.77014 5.76998 5.76993 5.77017 5.77018 5.77018 5.77018 5.77016 5.77018 5.77018 5.77016 5.76998 5.77015 5.77017 5.76998 5.77017
5.77016 5.76994 5.77011 5.77015 5.76995 5.77 5.77016 5.76981 5.76995 5.76995 5.76974 5.76979 5.76998 5.76989 5.7699 5.76993 5.77002 5.76995 5.76976 5.76995 5.7699 5.76992 5.76995 5.77009 5.76993 5.77011 5.76996 5.76988 5.76981 5.76993 5.76995 5.76992 5.7701 5.77018 5.77018 5.77004 5.76991 5.77005 5.76997 5.76998 5.77 5.76994 5.76999 5.77003 5.7699 5.77013 5.77018 5.77005 5.76988 5.77016 5.76997 5.77015 5.77016 5.76998 5.77015 5.77018 5.77018 5.77018 5.77017 5.77 5.76999 5.76994 5.76999 5.77008 5.77018 5.77016 5.77016
5.77017 5.76996 5.77017 5.76998 5.76991 5.76998 5.77016 5.76978 5.77005 5.76997 5.77 5.76978 5.77014 5.76996 5.77009 5.76992 5.76991 5.76988 5.77013 5.7699 5.77002 5.76998 4.63089 4.41348 5.11481 5.77005 5.76998 5.76998 5.77013 5.76995 5.77006 5.76991 5.77005 5.77017 5.77018 5.77018 5.76989 5.76991 5.76997 5.76987 5.77017 5.76991 5.76999 5.76996 5.76992 5.77018 5.77018 5.76998 5.77017 5.77015 5.77006 5.77016 5.77016 5.77008 5.77013 5.77018 5.77017 5.76843 5.75157 5.75407 5.77018 5.76985 5.76999 5.77 5.77017 5.76999 5.77017
5.76984 5.76999 5.77017 5.77 5.76995 5.77 5.77015 5.76981 5.76996 5.76995 5.77008 5.76997 5.76988 5.76977 5.76977 5.76986 5.77007 5.76989 5.76985 5.76995 5.76997 5.76994 4.73794 7.47793 5.49151 5.76998 5.77016 5.76999 5.76995 5.76991 5.76996 5.76987 5.77013 5.76999 5.77018 5.77018 5.77018 5.76965 5.76995 5.76997 5.76999 5.76979 5.77001 5.76983 5.77009 5.77018 5.77004 5.77014 5.77018 5.77015 5.77006 5.77016 5.77015 5.77006 5.77016 5.77018 5.77017 5.76784 5.97254 5.76441 5.77018 5.7698 5.76998 5.77 5.77016 5.76998 5.76998
5.77014 5.76982 5.77017 5.77011 5.76992 5.76999 5.77012 5.76994 5.77 5.76997 5.76998 5.77015 5.76998 5.77 5.77 5.76989 5.76988 5.76989 5.76986 5.76999 5.76993 5.77008 3.48372 3.40611 4.76141 5.76994 5.7699 5.77016 5.76997 5.76992 5.77002 5.76991 5.76999 5.76993 5.77016 5.76996 5.76995 5.77017 5.76953 5.77014 5.76997 5.76992 5.76962 5.76983 5.77013 5.77018 5.77018 5.77018 5.77018 5.77017 5.77005 5.77005 5.77005 5.77017 5.77018 5.77018 5.77018 5.76508 5.76483 5.76526 5.77012 5.76992 5.77015 5.77016 5.76997 5.76999 5.76999
5.77016 5.76997 5.77017 5.77 5.76999 5.76996 5.77 5.76999 5.76997 5.76998 5.76995 5.77013 5.76984 5.76999 5.76999 5.76999 5.76992 5.77003 5.76984 5.77011 5.76993 5.76997 5.76995 5.77011 5.76994 5.7699 5.76998 5.7699 5.77015 5.76987 5.76993 5.76994 5.77009 5.76998 5.76994 5.7701 5.77002 5.77017 5.76998 5.77017 5.76995 5.76997 5.77011 5.77018 5.77018 5.77018 5.77018 5.77018 5.77018 5.77018 5.77003 5.77018 5.77003 5.77017 5.77018 5.77018 5.77012 5.77013 5.77018 5.77018 5.77016 5.7699 5.77018 5.77018 5.77 5.76993 5.77007
5.77017 5.77 5.77017 5.77013 5.76995 5.77013 5.77008 5.76999 5.7701 5.77 5.76998 5.77013 5.76997 5.77 5.76994 5.76986 5.76997 5.76994 5.76994 5.76997 5.76991 5.77006 5.76986 5.76974 5.76985 5.77011 5.76984 5.76985 5.76989 5.77014 5.25687 4.9039 5.21043 5.77 5.76999 5.76999 5.77014 5.77018 5.76989 5.77015 5.77004 5.77015 5.77003 5.77017 5.77016 5.77017 5.77018 5.77018 5.77018 5.77018 5.77018 5.77006 5.77018 5.77018 5.77018 5.77018 5.76999 5.76997 5.76999 5.76986 5.76984 5.76988 5.77018 5.77018 5.77015 5.77 5.77016
5.77018 5.76997 5.77017 5.77006 5.77001 5.77018 5.77018 5.77018 5.77018 5.77018 5.77017 5.77011 5.77 5.77 5.76989 5.77005 5.76988 5.76991 5.77006 5.76996 5.76995 5.76992 5.76989 5.77001 5.76983 5.76987 5.76995 5.76994 5.76988 5.77 5.68006 6.74095 5.64698 5.77 5.76998 5.76998 5.77016 5.77018 5.77003 5.76985 5.77017 5.77016 5.76993 5.76995 5.76978 5.76999 5.77018 5.77 5.77016 5.77018 5.77016 5.77011 5.77018 5.77013 5.77018 5.77018 5.77008 5.45202 5.39672 4.9071 5.77002 5.76983 5.77018 5.77018 5.77016 5.76991 5.77007
5.76989 5.76995 5.77017 5.77017 5.76998 5.77018 5.77018 5.77018 5.77018 5.77018 5.77012 5.76998 5.76986 5.77 5.76996 5.76987 5.76991 5.76992 5.76999 5.76996 5.76995 5.76993 5.76998 5.76996 5.76997 5.77 5.76992 5.77005 5.76992 5.76995 5.55761 5.7151 5.75815 5.76998 5.76998 5.77017 5.77018 5.77013 5.76988 5.76998 5.77 5.77014 5.76998 5.77 5.77012 5.76994 5.76957 5.77018 5.77018 5.77018 5.77018 5.77018 5.77018 5.77018 5.76997 5.77018 5.67015 5.714 7.55116 4.76234 5.76999 5.76985 5.77018 5.77018 5.77015 5.76988 5.77
5.77016 5.76991 5.77013 5.77007 5.76997 5.76992 5.77008 5.77018 5.77 5.77018 5.77 5.76983 5.77 5.77 5.77 5.77 5.77 5.76977 5.77003 5.76985 5.77003 5.76988 5.77 5.76999 5.77 5.77 5.76995 5.76996 5.76998 5.76991 5.77015 5.76998 5.76999 5.76997 5.77016 5.77018 5.77017 5.76998 5.77017 5.76997 5.77017 5.77017 5.77017 5.77015 5.76998 5.76999 5.77 5.76989 5.77017 5.77018 5.77018 5.77018 5.77016 5.77005 5.77018 5.7699 5.60262 6.95973 5.73413 5.44742 5.76993 5.76997 5.77011 5.77018 5.77012 5.76987 5.76999
5.77017 5.77018 5.76987 5.77014 5.7701 5.71391 5.7548 5.75306 5.77018 5.77018 5.77015 5.76974 5.76998 5.76971 5.76984 5.77 5.77 5.76975 5.7701 5.76977 5.76994 5.76992 5.76981 5.76982 5.7699 5.76995 5.76987 5.76999 5.77001 5.76985 5.77017 5.76999 5.77 5.77015 5.77018 5.77018 5.77016 5.76999 5.77017 5.77 5.77015 5.77 5.77017 5.77009 5.76999 5.77017 5.77004 5.76998 5.7699 5.77016 5.77017 5.77018 5.77018 5.77 5.77018 5.77015 5.58655 5.51327 5.62355 5.77018 5.77008 5.76988 5.77 5.77018 5.77003 5.76993 5.77
5.77009 5.76988 5.76997 5.76987 5.33631 5.71012 6.11347 5.63222 5.77015 5.77015 5.77016 5.76985 5.76995 5.77016 5.76996 5.76992 5.76991 5.76992 5.76999 5.7699 5.76996 5.76977 5.76988 5.77008 5.76988 5.77003 5.76977 5.77013 5.76996 5.77009 5.77018 5.77017 5.77017 5.77018 5.77018 5.77018 5.77002 5.7701 5.77017 5.77016 5.77013 5.76994 5.76995 5.77 5.77018 5.77015 5.76998 5.76998 5.76992 5.76997 5.77015 5.76999 5.77018 5.76996 5.77018 5.77011 5.76998 5.76997 5.77009 5.77018 5.77018 5.7699 5.76999 5.77018 5.76986 5.76998 5.7699
5.77017 5.76991 5.76999 5.76999 5.24098 7.21123 5.50236 5.62127 5.76995 5.76989 5.76977 5.7699 5.76994 5.76984 5.76994 5.77007 5.76998 5.76998 5.76998 5.77 5.76983 5.77011 5.76978 5.76978 5.76985 5.76995 5.76982 5.77018 5.76996 5.76997 5.77016 5.77017 5.77017 5.77018 5.77017 5.77018 5.77018 5.77017 5.77017 5.77 5.76998 5.77002 5.76994 5.76998 5.77018 5.77008 5.76999 5.76998 5.76983 5.77018 5.77 5.76999 5.76993 5.76996 5.77017 5.77018 5.77 5.77016 5.77 5.76997 5.76987 5.76993 5.77005 5.77015 5.76976 5.77 5.76982
5.77013 5.76982 5.76988 5.77017 5.48927 5.65968 5.55115 5.76997 5.77012 5.76992 5.76989 5.77009 5.76989 5.7699 5.76999 5.76997 5.76996 5.77015 5.76995 5.77 5.76983 5.76986 5.76976 5.77 5.77 5.77 5.76988 5.77014 5.77018 5.77008 5.76999 5.77012 5.77018 5.76697 5.76398 5.76466 5.76734 5.77 5.77018 5.77018 5.77018 5.77011 5.76999 5.77011 5.77018 5.76999 5.76996 5.76989 5.77017 5.77018 5.77016 5.76996 5.76999 5.76986 5.77018 5.77018 5.77014 5.77018 5.77016 5.77006 5.76982 5.76997 5.76993 5.76996 5.76994 5.77 5.76996
5.76979 5.76994 5.76992 5.76998 5.76999 5.75551 5.73927 5.72715 5.76995 5.76998 5.76992 5.76987 5.76989 5.77006 5.7699 5.77001 5.76996 5.76999 5.76994 5.76997 5.76996 5.77003 5.76994 5.77 5.76975 5.76977 5.76996 5.77014 5.77018 5.77018 5.77018 5.77018 5.77016 5.76669 6.04918 5.82342 5.75828 5.77012 5.76994 5.77017 5.77016 5.76989 5.76996 5.77004 5.77018 5.77011 5.76999 5.76996 5.77013 5.77018 5.77018 5.77007 5.77018 5.77018 5.62226 5.76376 5.76468 5.77018 5.77012 5.76997 5.77018 5.77011 5.76999 5.77014 5.77 5.76997 5.76995
5.77005 5.76995 5.76999 5.77006 5.77 5.73067 5.93483 5.76679 5.76998 5.77 5.7699 5.77 5.76994 5.76989 5.76994 5.77 5.76995 5.77007 5.76995 5.77004 5.76996 5.76994 5.76996 5.77 5.76972 5.77018 5.76999 5.77 5.77018 5.77018 5.77017 5.77018 5.77017 5.76361 5.75676 5.73856 5.75837 5.77 5.76995 5.7701 5.77005 5.7699 5.76999 5.76999 5.77018 5.77003 5.76996 5.76994 5.77 5.77016 5.77018 5.77017 5.77018 5.77017 5.76826 6.07412 5.72642 5.77018 5.76993 5.77018 5.76999 5.76992 5.76998 5.76998 5.77018 5.77008 5.76991
5.76993 5.76976 5.77014 5.76997 5.76999 5.71107 5.75082 5.75263 5.76996 5.77016 5.76979 5.77 5.77 5.61725 5.58907 5.65225 5.76999 5.77015 5.76995 5.76997 5.76994 5.77 5.77 5.77 5.7698 5.77014 5.7699 5.76997 5.7701 5.77018 5.77018 5.76999 5.77018 5.76993 5.77006 5.77015 5.76998 5.77009 5.76998 5.76999 5.76989 5.76999 5.76999 5.77009 5.77017 5.76999 5.76994 5.76999 5.76989 5.77011 5.77017 5.76997 5.77012 5.77017 5.66852 5.44012 5.50343 5.76983 5.76991 5.76992 5.7701 5.77 5.76996 5.76997 5.77018 5.77016 5.76996
5.77 5.76968 5.77016 5.76998 5.76993 5.76998 5.76999 5.76999 5.76998 5.77015 5.76993 5.76997 5.77 5.64505 6.13543 5.7269 5.77001 5.77015 5.76997 5.77 5.77 5.76989 5.76993 5.7699 5.76986 5.76981 5.76996 5.76998 5.76999 5.77017 5.77013 5.76998 5.76987 5.76999 5.76999 5.77012 5.77 5.76998 5.76998 5.77014 5.76989 5.76999 5.77 5.77016 5.77017 5.77015 5.76999 5.77007 5.76992 5.76993 5.76997 5.76999 5.77016 5.77017 5.7698 5.76999 5.77001 5.77 5.77001 5.76987 5.77014 5.77017 5.77018 5.76998 5.77018 5.76996 5.77
5.76999 5.76984 5.77 5.77017 5.77009 5.77014 5.77013 5.77017 5.77011 5.77011 5.76999 5.76992 5.77007 5.61989 5.58106 5.67107 5.76999 5.77 5.76998 5.76991 5.76982 5.7699 5.77007 5.76989 5.77002 5.76996 5.76992 5.76996 5.77 5.77018 5.77001 5.76998 5.76994 5.77007 5.77 5.6158 5.64201 5.58061 5.66781 5.63057 5.68737 5.76996 5.77014 5.76998 5.76999 5.77007 5.7701 5.76997 5.77017 5.76999 5.77003 5.77016 5.77013 5.77017 5.76989 5.76993 5.76993 5.7699 5.76992 5.76989 5.77017 5.77018 5.77018 5.77018 5.77 5.77018 5.77001
5.76999 5.76998 5.77013 5.76999 5.76994 5.77014 5.76997 5.76995 5.76991 5.76996 5.76989 5.76997 5.76999 5.76997 5.77012 5.76998 5.77 5.76998 5.76999 5.76998 5.77015 5.76981 5.76994 5.76988 5.76995 5.76998 5.76981 5.77017 5.76999 5.77017 5.77018 5.76998 5.77018 5.76998 5.77008 5.58228 6.66907 5.74244 5.85014 6.08256 5.69679 5.76997 5.76997 5.76997 5.76994 5.76989 5.76993 5.76999 5.77016 5.77018 5.77018 5.77017 5.76978 5.76985 5.77 5.77009 5.76997 5.76999 5.77017 5.76996 5.77018 5.77018 5.77018 5.77018 5.77015 5.77016 5.77008
5.76999 5.77016 5.77015 5.76988 5.76995 5.76978 5.77015 5.76996 5.77003 5.76994 5.76999 5.76998 5.74949 5.73535 5.71662 5.76988 5.76999 5.76997 5.77017 5.76993 5.76989 5.76986 5.77004 5.76992 5.76989 5.76991 5.77 5.77016 5.77018 5.77016 5.77 5.7701 5.76999 5.76994 5.77004 5.45187 5.42462 5.62084 5.73423 5.73135 5.69068 5.77 5.76999 5.76997 5.76988 5.77017 5.77016 5.77017 5.77018 5.77018 5.77015 5.76967 5.76997 5.76999 5.76999 5.77016 5.77016 5.77013 5.77018 5.77018 5.77 5.77018 5.77018 5.77018 5.77018 5.77018 5.77018
5.77009 5.77017 5.77009 5.76986 5.76998 5.76994 5.76987 5.76996 5.76998 5.76995 5.77017 5.77 5.75438 5.82375 5.68529 5.77002 5.76997 5.76997 5.76997 5.76995 5.77004 5.76996 5.76996 5.76984 5.7701 5.76989 5.77005 5.77018 5.77018 5.77018 5.77018 5.77018 5.77012 5.76997 5.76998 5.77 5.77002 5.76999 5.77012 5.77011 5.76995 5.76996 5.76997 5.77003 5.76985 5.76999 5.77015 5.77018 5.77009 5.77014 5.76978 5.77 5.76996 5.77 5.77013 5.77018 5.77018 5.77018 5.77018 5.77018 5.77018 5.77015 5.77018 5.77018 5.77018 5.77018 5.77018
5.77008 5.76999 5.77014 5.76982 5.77002 5.76998 5.77 5.76997 5.76999 5.76998 5.77014 5.77013 5.76184 5.75616 5.71338 5.76994 5.76987 5.77004 5.77 5.76999 5.76992 5.76989 5.76994 5.76984 5.76996 5.76987 5.76946 5.77018 5.77 5.77018 5.77018 5.77016 5.77017 5.76979 5.76986 5.76997 5.76992 5.76999 5.76983 5.76985 5.77017 5.76998 5.76992 5.76997 5.76984 5.77017 5.77018 5.77016 5.76999 5.76996 5.77 5.76994 5.77011 5.77016 5.77018 5.77018 5.77018 5.77018 5.77018 5.77018 5.77018 5.77018 5.77018 5.77018 5.77018 5.77018 5.77018
5.6789 5.74321 5.77017 5.76989 5.76988 5.7699 5.76999 5.77007 5.76999 5.76993 5.77 5.77017 5.77016 5.77013 5.76986 5.77006 5.76992 5.77013 5.76997 5.77 5.76987 5.77012 5.76988 5.76989 5.77008 5.76991 5.76995 5.76991 5.77016 5.77018 5.76997 5.76993 5.76992 5.77017 5.77012 5.77 5.77012 5.76992 5.77003 5.76987 5.7699 5.77015 5.76999 5.76998 5.76994 5.76999 5.77018 5.77017 5.76989 5.76999 5.76997 5.77015 5.77018 5.77018 5.77018 5.77018 5.77018 5.77018 5.77018 5.77018 5.77018 5.77018 5.77018 5.77018 5.77018 5.77018 5.77018
6.13361 5.75727 5.77017 5.77016 5.77017 5.77016 5.77017 5.77014 5.77 5.76992 5.77015 5.77012 5.77006 5.77013 5.76981 5.76994 5.76991 5.76999 5.77 5.76995 5.76994 5.76986 5.76991 5.76993 5.76987 5.76991 5.77 5.76986 5.77014 5.77018 5.76999 5.77014 5.76999 5.77017 5.76999 5.76997 5.76995 5.76983 5.7699 5.76999 5.76988 5.77016 5.77009 5.76999 5.76994 5.76985 5.77018 5.76988 5.76999 5.76999 5.77016 5.77018 5.77018 5.77018 5.77018 5.77018 5.77018 5.77018 5.77018 5.77018 5.77018 5.77018 5.77018 5.77018 5.77018 5.77018 5.77018
