tests/full-run-ref/erosion_87_12_73.418.asc
ncols 512
nrows 512
xllcorner -3.24582
yllcorner -4.08743
cellsize 5
NODATA_value -99999
[rows 0 to 29 of 512, columns 335 to 401 of 512]
11.54 13.8645 16.2545 17.31 17.31 17.31 17.31 17.31 16.32 13.93 8.16001 5.77 8.16001 8.16001 5.77 5.77 5.77 8.16001 11.54 11.54 11.54 13.9194 11.54 13.8658 16.2558 17.31 17.31 17.31 17.31 17.31 16.32 13.93 11.54 11.54 11.54 11.54 11.54 11.54 13.8658 16.2558 17.31 16.32 13.93 8.16001 5.77 5.77 8.16001 11.54 11.54 11.54 11.54 11.54 11.54 11.54 11.54 11.54 13.8645 16.2545 17.31 17.31 16.32 13.93 11.54 11.54 11.54 10.7792 9.44374
5.77015 8.09349 11.5401 11.5401 11.5401 11.5401 11.5401 11.5401 11.5401 8.16012 5.77017 5.77022 5.77021 5.77021 5.77023 5.77024 5.77023 5.7702 5.7702 5.7702 5.7702 8.14954 5.7702 8.09483 11.5401 11.5401 11.5401 11.5401 11.5401 11.5401 11.5401 8.16012 5.77019 5.77019 5.77019 5.77019 5.77019 5.77019 8.09481 11.5401 11.5401 11.5401 8.16008 5.77014 5.77021 5.7702 5.77012 5.77012 5.77012 5.77013 5.77014 5.77016 5.77017 5.77018 5.77018 5.77018 8.09352 11.5401 11.5401 11.5401 11.5401 8.16014 5.77017 5.77017 5.77017 5.77017 5.77016
5.77021 5.7701 5.77017 5.77017 5.77017 5.77017 5.77017 5.77017 5.77017 5.77019 5.77023 5.77024 5.77024 5.77024 5.77024 5.77024 5.77024 5.77024 5.77024 5.77024 5.77023 5.77022 5.77022 5.7702 5.7702 5.7702 5.7702 5.7702 5.7702 5.7702 5.7702 5.7702 5.77022 5.77023 5.77023 5.77023 5.77023 5.77022 5.77019 5.77018 5.77018 5.77018 5.77018 5.77022 5.77024 5.77024 5.77024 5.77024 5.77024 5.77024 5.77024 5.77024 5.77024 5.77023 5.77023 5.77023 5.77021 5.7702 5.7702 5.7702 5.7702 5.7702 5.77023 5.77024 5.77024 5.77024 5.77024
5.76978 5.77 5.77018 5.77022 5.77022 5.77022 5.77022 5.77019 5.77021 5.7702 5.77024 5.77024 5.77024 5.77024 5.77024 5.77024 5.77024 5.77024 5.77024 5.77024 5.77024 5.77023 5.77023 5.77023 5.77023 5.77023 5.77023 5.77023 5.77023 5.77023 5.77023 5.77019 5.77023 5.77023 5.77023 5.77023 5.77023 5.77023 5.77023 5.77023 5.77022 5.77022 5.77024 5.77024 5.77024 5.77022 5.77024 5.77024 5.77024 5.77024 5.77024 5.77024 5.77024 5.77023 5.77023 5.77023 5.77019 5.77022 5.7702 5.77023 5.77023 5.77023 5.77024 5.77024 5.77024 5.77024 5.77024
5.76993 5.77 5.7702 5.77021 5.77022 5.77021 5.77021 5.77018 5.77 5.77024 5.77024 5.77024 5.77024 5.77024 5.77024 5.77024 5.77024 5.77024 5.77024 5.77024 5.77024 5.77024 5.77023 5.77023 5.77023 5.77023 5.77023 5.77023 5.77023 5.77023 5.77023 5.77023 5.77022 5.77023 5.77023 5.77023 5.77023 5.77024 5.77024 5.77024 5.77024 5.77024 5.76914 5.7701 5.7699 5.77024 5.77024 5.77024 5.77024 5.77024 5.77024 5.77024 5.77024 5.77022 5.77023 5.7702 5.77023 5.77023 5.77023 5.77023 5.77023 5.77023 5.77024 5.77024 5.77024 5.77024 5.77024
5.76994 5.76994 5.77019 5.77022 5.77 5.77017 5.7702 5.77 5.77021 5.77024 5.77024 5.77024 5.77023 5.77023 5.77022 5.77024 5.77023 5.77024 5.77024 5.77024 5.77023 5.77023 5.77023 5.77023 5.77023 5.77023 5.77023 5.77023 5.77023 5.77023 5.77023 5.77023 5.77023 5.7702 5.77022 5.77023 5.77024 5.77024 5.77024 5.77024 5.77024 5.77024 5.76721 6.15526 5.76958 5.77024 5.77024 5.77024 5.77024 5.77023 5.77024 5.77024 5.77024 5.77024 5.7702 5.77021 5.77023 5.77023 5.77023 5.77023 5.77023 5.77024 5.77024 5.77024 5.77024 5.77024 5.77024
5.77 5.76995 5.7702 5.77 5.7702 5.7702 5.76999 5.77023 5.77023 5.77024 5.7702 5.77023 5.77024 5.76991 5.77019 5.77 5.7702 5.76999 5.77018 5.77024 5.77023 5.77023 5.77023 5.77024 5.77023 5.77023 5.77023 5.77023 5.77023 5.77023 5.77023 5.77023 5.77022 5.77021 5.77023 5.77022 5.77024 5.77024 5.77024 5.77024 5.77024 5.77024 5.76723 5.76795 5.76824 5.77024 5.77024 5.77024 5.77024 5.7702 5.7702 5.77023 5.77024 5.77023 5.7702 5.7702 5.77022 5.77023 5.77023 5.77023 5.77023 5.77024 5.77024 5.77024 5.77024 5.77024 5.77024
3.14179 4.12255 4.8039 5.7702 5.77017 5.76999 5.77024 5.77024 5.77024 5.77024 5.77023 5.76999 5.76996 5.77024 5.76993 5.77024 5.76998 5.77024 5.77024 5.77023 5.77023 5.77023 5.77023 5.77024 5.77024 5.77024 5.77023 5.77023 5.77023 5.77023 5.77023 5.77023 5.77023 5.77021 5.77023 5.77022 5.77024 5.77024 5.77024 5.77024 5.77024 5.77023 5.77022 5.77023 5.77023 5.77022 5.77024 5.77023 5.77024 5.77024 5.7702 5.77023 5.77019 5.77019 5.77019 5.77021 5.77018 5.77023 5.77023 5.77023 5.77023 5.77024 5.77024 5.77024 5.77024 5.77024 5.77023
3.17751 7.3435 4.94502 5.76991 5.7699 5.77024 5.77024 5.77024 5.77024 5.77024 5.77024 5.77024 5.77024 5.77024 5.77023 5.77 5.77024 5.77024 5.77024 5.77023 5.77023 5.77023 5.77022 5.77024 5.77024 5.77024 5.77023 5.77023 5.77023 5.77023 5.77023 5.77023 5.77023 5.77023 5.77023 5.77022 5.77024 5.77024 5.77024 5.77024 5.77024 5.77022 5.77022 5.77023 5.77023 5.77023 5.77024 5.77023 5.77024 5.77024 5.77024 5.7702 5.77024 5.7702 5.77018 5.7702 5.77022 5.77023 5.77023 5.77023 5.77024 5.77024 5.77024 5.77024 5.77024 5.77023 5.77024
3.83431 4.97653 5.09197 5.77015 5.76984 5.77024 5.77024 5.77024 5.77023 5.77023 5.77024 5.77023 5.77022 5.77024 5.77024 5.76994 5.77021 5.77024 5.77024 5.77023 5.77023 5.77023 5.77021 5.77024 5.77024 5.77024 5.77023 5.77023 5.77023 5.77023 5.77023 5.77023 5.77023 5.77022 5.77023 5.77022 5.77024 5.77022 5.77024 5.77024 5.77024 5.77023 5.77022 5.77023 5.77023 5.77023 5.77023 5.77024 5.77024 5.77024 5.77022 5.77024 5.77021 5.77023 5.77023 5.77019 5.77018 5.77023 5.77023 5.77023 5.77024 5.77024 5.77024 5.77024 5.77023 5.77024 5.77024
5.76946 5.77021 5.62228 5.51406 5.46919 5.7695 5.76942 5.7697 5.76982 5.74091 5.76523 5.76542 5.69576 5.77024 5.76989 5.77024 5.77024 5.77024 5.77024 5.77023 5.77023 5.77023 5.77021 5.77023 5.77024 5.77023 5.77023 5.77023 5.77023 5.77023 5.77023 5.77023 5.77023 5.77022 5.77023 5.77022 5.77022 5.77024 5.77024 5.77024 5.77024 5.77024 5.77024 5.77023 5.77023 5.77023 5.77023 5.77023 5.77024 5.77024 5.77024 5.77024 5.77024 5.77024 5.77023 5.7702 5.77022 5.77023 5.77023 5.77023 5.77024 5.77024 5.77024 5.77023 5.77024 5.77024 5.77024
5.76913 5.76953 5.3135 6.13476 5.27641 5.77 5.77 5.76995 5.77007 5.72017 5.89028 6.14916 5.64281 5.77 5.76996 5.77016 5.77023 5.77024 5.77024 5.77022 5.77023 5.77023 5.77013 5.77022 5.77024 5.77023 5.77023 5.77023 5.77023 5.77023 5.77023 5.77023 5.77022 5.77023 5.77022 5.77022 5.77024 5.77024 5.77024 5.77024 5.77024 5.77024 5.77024 5.77023 5.77023 5.77023 5.77023 5.77024 5.77024 5.77024 5.77024 5.77024 5.77024 5.77024 5.77023 5.7702 5.77023 5.77023 5.77023 5.77023 5.77024 5.77024 5.77023 5.77024 5.77024 5.77024 5.77024
5.76999 5.77 5.31798 5.5598 5.44842 5.76997 5.76989 5.76989 5.76989 5.74097 5.76581 5.76574 5.69575 5.77022 5.76996 5.76996 5.76995 5.77013 5.77024 5.77024 5.77022 5.77023 5.77011 5.77024 5.77024 5.77023 5.77023 5.77023 5.77023 5.77023 5.77023 5.77023 5.77023 5.77023 5.77022 5.77022 5.77024 5.77023 5.77024 5.77024 5.77024 5.77023 5.77024 5.77023 5.77023 5.77023 5.77024 5.77024 5.77024 5.77024 5.77024 5.77024 5.77024 5.77024 5.77024 5.77022 5.77023 5.77023 5.77023 5.77022 5.77024 5.77023 5.77024 5.77024 5.77024 5.77024 5.77024
5.77 5.76999 5.76984 5.77009 5.76997 5.76998 5.77004 5.77013 5.7702 5.77022 5.77022 5.77022 5.77022 5.77021 5.76997 5.76995 5.76994 5.76996 5.77024 5.77024 5.7701 5.77011 5.77022 5.77024 5.77024 5.77023 5.77023 5.77023 5.77023 5.77023 5.77023 5.77023 5.77023 5.77023 5.77022 5.77022 5.77023 5.77024 5.77024 5.77024 5.77023 5.77024 5.77023 5.77023 5.77023 5.77023 5.77024 5.77024 5.77024 5.77024 5.77024 5.77024 5.77024 5.77024 5.77024 5.77022 5.77023 5.77023 5.77023 5.77022 5.77022 5.77024 5.77024 5.77024 5.77024 5.77024 5.77024
5.77 5.76999 5.7699 5.76996 5.76995 5.77017 5.76989 5.76973 5.76966 5.76999 5.77009 5.77021 5.7699 5.77015 5.77024 5.77021 5.77023 5.77023 5.77013 5.77013 5.77024 5.77024 5.77024 5.77024 5.77024 5.77023 5.77023 5.77023 5.77023 5.77023 5.77023 5.77023 5.77023 5.77023 5.77022 5.77023 5.77023 5.77024 5.77024 5.77024 5.77024 5.77024 5.77024 5.77023 5.77023 5.77023 5.77024 5.77024 5.77024 5.77024 5.77024 5.77024 5.77023 5.77024 5.77022 5.77022 5.77023 5.77023 5.77023 5.77024 5.77024 5.77024 5.77024 5.77024 5.77024 5.77024 5.77024
5.77 5.77 5.7699 5.76998 5.77019 5.76986 5.7699 5.77006 5.76992 5.76993 5.76992 5.76992 5.77 5.76988 5.7702 5.77024 5.77024 5.77024 5.77024 5.77024 5.77011 5.77012 5.77007 5.77024 5.77024 5.77024 5.77023 5.77023 5.77023 5.77023 5.77023 5.77023 5.77023 5.77023 5.77022 5.77023 5.77023 5.77024 5.77024 5.77024 5.77024 5.77024 5.77023 5.77023 5.77023 5.77023 5.77024 5.77024 5.77024 5.77024 5.77024 5.77024 5.77024 5.77022 5.77022 5.77022 5.77023 5.77023 5.77022 5.77024 5.77024 5.77024 5.77024 5.77024 5.77024 5.77024 5.77024
5.77 5.77 5.76998 5.7701 5.76998 5.7699 5.76991 5.76986 5.76986 5.76984 5.77024 5.77024 5.76976 5.77024 5.76988 5.77021 5.77024 5.77024 5.77024 5.77023 5.77012 5.77024 5.77024 5.77011 5.77024 5.77024 5.77024 5.77023 5.77023 5.77023 5.77023 5.77023 5.77023 5.77022 5.77022 5.77023 5.77023 5.77023 5.77022 5.77024 5.77024 5.77024 5.77024 5.77023 5.77023 5.77023 5.77024 5.77024 5.77024 5.77024 5.77024 5.77024 5.77024 5.77024 5.77022 5.77022 5.77022 5.77022 5.77024 5.77024 5.77024 5.77024 5.77024 5.77024 5.77024 5.77024 5.77024
5.77 5.77 5.77 5.76996 5.76998 5.77 5.76994 5.76988 5.76952 5.77023 5.77024 5.77024 5.77024 5.77001 5.77024 5.77023 5.77024 5.77024 5.77024 5.77019 5.77013 5.77023 5.77024 5.77013 5.77019 5.77024 5.77024 5.77023 5.77023 5.77023 5.77023 5.77023 5.77022 5.77022 5.77022 5.77023 5.77022 5.77023 5.77022 5.77023 5.77023 5.77024 5.77024 5.77024 5.77024 5.77024 5.77024 5.77024 5.77024 5.77024 5.77024 5.77024 5.77024 5.77024 5.77024 5.77023 5.77022 5.77022 5.77024 5.77024 5.77024 5.77024 5.77024 5.77024 5.77024 5.77024 5.77024
5.77 5.76998 5.76996 5.76999 5.76999 5.77 5.76978 5.77007 5.76939 5.77023 5.77024 5.77024 5.77024 5.76996 5.77024 5.77024 5.77024 5.77024 5.77024 5.77024 5.77024 5.77024 5.77024 5.77023 5.77024 5.77024 5.77024 5.77024 5.77023 5.77023 5.77023 5.77023 5.77023 5.77022 5.77023 5.77022 5.77023 5.77022 5.77023 5.77023 5.77023 5.77023 5.77024 5.77024 5.77024 5.77024 5.77024 5.77024 5.77024 5.77024 5.77024 5.77024 5.77024 5.77024 5.77024 5.77024 5.77024 5.77024 5.77024 5.77024 5.77024 5.77024 5.77024 5.77024 5.77024 5.77024 5.77024
5.7699 5.7699 5.77005 5.76983 5.77 5.77 5.76994 5.76986 5.76942 5.77022 5.77024 5.77024 5.77024 5.77024 5.77006 5.77024 5.77024 5.77024 5.77024 5.77024 5.77024 5.77024 5.77024 5.77024 5.77024 5.77024 5.77024 5.77024 5.77024 5.77023 5.77023 5.77023 5.77023 5.77023 5.77023 5.77023 5.77022 5.77023 5.77023 5.77023 5.77023 5.77024 5.77024 5.77024 5.77024 5.77024 5.77024 5.77024 5.77024 5.77024 5.77024 5.77024 5.77024 5.77024 5.77024 5.77024 5.77024 5.77024 5.77024 5.77024 5.77024 5.77009 5.76991 5.75985 5.77024 5.77024 5.77024
5.76977 5.76997 5.76991 5.7699 5.76994 5.76999 5.77 5.77 5.76943 5.77021 5.77024 5.77024 5.77024 5.77024 5.7702 5.77024 5.77024 5.77024 5.77024 5.77024 5.77024 5.77024 5.77024 5.77024 5.77024 5.77024 5.77024 5.77023 5.77023 5.77023 5.77023 5.77023 5.77023 5.77023 5.77023 5.77023 5.77023 5.77022 5.77023 5.77023 5.77024 5.77024 5.77024 5.77024 5.77024 5.77024 5.77024 5.77024 5.77024 5.77024 5.77024 5.77024 5.77024 5.77024 5.77024 5.77024 5.77024 5.77024 5.77024 5.77024 5.77024 5.7701 6.15971 5.75247 5.77024 5.77024 5.77024
5.76996 5.77 5.76992 5.77004 5.7699 5.76999 5.76999 5.77 5.76924 5.77022 5.77024 5.77024 5.77024 5.77024 5.77024 5.77024 5.77024 5.77024 5.77024 5.77024 5.77024 5.77024 5.77024 5.77024 5.77024 5.77024 5.77023 5.77024 5.77024 5.77023 5.77023 5.77023 5.77023 5.77023 5.77023 5.77023 5.77022 5.77022 5.77023 5.77023 5.77024 5.77024 5.77024 5.77024 5.77024 5.77023 5.77024 5.77024 5.77024 5.77024 5.77024 5.77024 5.77024 5.77024 5.77024 5.77024 5.77024 5.77024 5.77024 5.77024 5.77024 5.76995 5.76979 5.75985 5.77024 5.77024 5.77024
5.76993 5.7698 5.76992 5.76986 5.76989 5.77 5.77 5.77 5.76909 5.77023 5.77024 5.77024 5.77024 5.77024 5.77024 5.77024 5.77024 5.77024 5.77024 5.77024 5.77024 5.77024 5.77024 5.77024 5.77024 5.77024 5.77024 5.77024 5.77023 5.77023 5.77023 5.77023 5.77023 5.77023 5.77023 5.77023 5.77023 5.77022 5.77023 5.77024 5.77024 5.77024 5.77024 5.77024 5.77024 5.77024 5.77023 5.77024 5.77024 5.77024 5.77024 5.77024 5.77024 5.77024 5.77024 5.77024 5.77024 5.77024 5.77024 5.77024 5.77024 5.77024 5.77024 5.77024 5.77024 5.77024 5.77024
5.77016 5.76967 5.77 5.77 5.77 5.77 5.77 5.76999 5.76906 5.77024 5.77023 5.77016 5.77022 5.77024 5.77024 5.77024 5.77024 5.77024 5.77024 5.77024 5.77024 5.77024 5.77024 5.77024 5.77024 5.77024 5.77024 5.77023 5.77024 5.77024 5.77023 5.77023 5.77023 5.77023 5.77023 5.77023 5.77023 5.77023 5.77023 5.77023 5.77024 5.77024 5.77024 5.77024 5.77023 5.77023 5.77024 5.77024 5.77024 5.77024 5.77024 5.77024 5.77024 5.77024 5.77024 5.77024 5.77024 5.77024 5.77024 5.77024 5.77024 5.77024 5.77024 5.77024 5.77024 5.77024 5.77024
5.76993 5.76991 5.76981 5.7698 5.77 5.77 5.76999 5.77 5.76926 5.77012 5.77024 5.77 5.77024 5.77024 5.77024 5.77024 5.77024 5.77024 5.77024 5.77024 5.77024 5.77024 5.77024 5.77024 5.77024 5.77024 5.77024 5.77024 5.77024 5.77024 5.77023 5.77023 5.77023 5.77023 5.77023 5.77023 5.77023 5.77023 5.77023 5.77023 5.77023 5.77024 5.77024 5.77024 5.77024 5.77024 5.77023 5.77024 5.77024 5.77024 5.77024 5.77024 5.77024 5.77024 5.77024 5.77024 5.77024 5.77024 5.77024 5.77024 5.77024 5.77024 5.77024 5.77024 5.77024 5.77024 5.77024
5.76999 5.76975 5.7701 5.7699 5.76979 5.76978 5.77 5.77 5.76983 5.76961 5.76981 5.77023 5.77023 5.77024 5.77024 5.77024 5.77024 5.77024 5.77024 5.77024 5.77024 5.77024 5.77024 5.77024 5.77024 5.77024 5.77024 5.77024 5.77024 5.77024 5.77024 5.77023 5.77023 5.77023 5.77023 5.77023 5.77023 5.77023 5.77023 5.77023 5.77023 5.77023 5.77024 5.77024 5.77024 5.77024 5.77024 5.77023 5.77024 5.77024 5.77024 5.77024 5.77024 5.77024 5.77024 5.77024 5.77024 5.77024 5.77024 5.77024 5.77024 5.77024 5.77024 5.77024 5.77024 5.77024 5.77024
5.77001 5.76983 5.76977 5.76974 5.77014 5.76992 5.76982 5.76986 5.76997 5.77004 5.76979 5.77017 5.77024 5.77024 5.77024 5.77024 5.77024 5.77024 5.77024 5.77024 5.77024 5.77024 5.77024 5.77024 5.77024 5.77024 5.77024 5.77024 5.77024 5.77024 5.77024 5.77024 5.77023 5.77023 5.77023 5.77023 5.77023 5.77023 5.77023 5.77023 5.77023 5.77023 5.77023 5.77024 5.77024 5.77024 5.77024 5.77024 5.77023 5.77024 5.77024 5.77024 5.77024 5.77024 5.77024 5.77024 5.77024 5.77024 5.77024 5.77024 5.77024 5.77024 5.77024 5.77024 5.77024 5.77024 5.77024
5.76998 5.76998 5.77 5.76975 5.76965 5.76984 5.77016 5.76992 5.76998 5.76997 5.76985 5.7701 5.77024 5.77024 5.77024 5.77024 5.77024 5.77024 5.77024 5.77024 5.77024 5.77024 5.77024 5.77024 5.77024 5.77024 5.77024 5.77024 5.77024 5.77024 5.77024 5.77024 5.77023 5.77023 5.77023 5.77023 5.77023 5.77023 5.77023 5.77023 5.77023 5.77023 5.77023 5.77024 5.77024 5.77024 5.77024 5.77024 5.77023 5.77024 5.77024 5.77024 5.77024 5.77024 5.77024 5.77024 5.77024 5.77024 5.77024 5.77024 5.77024 5.77024 5.77024 5.77024 5.77024 5.77024 5.77024
5.77 5.76999 5.77 5.77 5.77 5.76984 5.76967 5.76977 5.77 5.77 5.76999 5.7702 5.77023 5.76992 5.77023 5.77024 5.77024 5.77024 5.77024 5.77024 5.77024 5.77024 5.77024 5.77024 5.77024 5.77024 5.77024 5.77024 5.77024 5.77024 5.77024 5.77023 5.77024 5.77023 5.77023 5.77023 5.77023 5.77023 5.77023 5.77023 5.77023 5.77023 5.77023 5.77023 5.77024 5.77024 5.77024 5.77024 5.77023 5.77024 5.77024 5.77024 5.77024 5.77024 5.77024 5.77024 5.77024 5.77024 5.77024 5.77024 5.77024 5.77024 5.77024 5.77024 5.77024 5.77024 5.77024
5.76999 5.77 5.76999 5.76999 5.77 5.76999 5.77 5.77 5.76999 5.77 5.7697 5.77023 5.77 5.77024 5.7699 5.77022 5.77024 5.77024 5.77024 5.77024 5.77024 5.77024 5.77024 5.77024 5.77024 5.77024 5.77024 5.77024 5.77024 5.77024 5.77024 5.77024 5.77024 5.77023 5.77023 5.77023 5.77023 5.77023 5.77023 5.77023 5.77023 5.77023 5.77023 5.77023 5.77023 5.77024 5.77024 5.77024 5.77023 5.77024 5.77024 5.77024 5.77024 5.77024 5.77024 5.77024 5.77024 5.77024 5.77024 5.77024 5.77024 5.77024 5.77024 5.77024 5.77024 5.77024 5.77024
