tests/full-run-ref/erosion_2010_078_17_32.116.asc
ncols 512
nrows 512
xllcorner -3.24582
yllcorner -4.08743
cellsize 5
NODATA_value -99999
[rows 290 to 318 of 512, columns 0 to 66 of 512]
257.08 257.848 257.612 257.396 257.2 257.013 256.845 256.708 256.608 256.54 256.493 256.456 256.435 256.433 256.435 256.427 256.411 256.396 256.364 256.297 256.192 256.06 255.895 255.694 255.446 255.153 254.841 254.531 254.217 253.889 253.575 253.307 253.091 252.912 252.771 252.666 252.614 252.611 252.627 252.632 252.631 252.637 252.625 252.569 252.452 252.288 252.101 251.913 251.717 251.503 251.298 251.125 250.993 250.888 250.807 250.745 250.717 250.723 250.73 250.705 250.637 250.545 250.434 250.314 250.141 249.92 249.744
257.373 258.143 257.91 257.698 257.508 257.329 257.17 257.042 256.953 256.896 256.859 256.833 256.82 256.826 256.836 256.834 256.826 256.818 256.79 256.723 256.615 256.475 256.298 256.079 255.806 255.482 255.133 254.785 254.428 254.051 253.688 253.373 253.112 252.887 252.703 252.562 252.478 252.449 252.443 252.432 252.419 252.42 252.406 252.348 252.23 252.068 251.883 251.697 251.503 251.291 251.088 250.917 250.787 250.685 250.605 250.544 250.516 250.52 250.523 250.49 250.41 250.301 250.17 250.024 249.819 249.56 249.341
257.67 258.444 258.216 258.01 257.829 257.66 257.513 257.395 257.316 257.27 257.244 257.226 257.221 257.232 257.247 257.25 257.246 257.243 257.218 257.15 257.037 256.889 256.701 256.465 256.168 255.816 255.435 255.05 254.653 254.231 253.821 253.46 253.154 252.885 252.657 252.478 252.361 252.302 252.272 252.241 252.214 252.207 252.188 252.129 252.012 251.855 251.677 251.498 251.312 251.11 250.916 250.754 250.634 250.542 250.471 250.418 250.395 250.404 250.409 250.374 250.288 250.171 250.027 249.861 249.632 249.342 249.308
257.972 258.753 258.533 258.337 258.167 258.011 257.876 257.77 257.703 257.667 257.651 257.642 257.642 257.658 257.676 257.681 257.68 257.679 257.655 257.585 257.467 257.311 257.111 256.859 256.541 256.162 255.751 255.333 254.897 254.433 253.978 253.573 253.223 252.908 252.636 252.416 252.265 252.174 252.115 252.062 252.019 252.001 251.976 251.915 251.801 251.651 251.485 251.318 251.144 250.957 250.779 250.633 250.529 250.452 250.397 250.376 250.376 250.376 250.376 250.345 250.26 250.139 249.988 249.81 249.562 249.308 249.308
258.293 259.083 258.874 258.689 258.531 258.387 258.265 258.172 258.115 258.09 258.084 258.081 258.086 258.104 258.123 258.128 258.128 258.129 258.104 258.031 257.907 257.743 257.533 257.266 256.929 256.528 256.09 255.642 255.172 254.669 254.174 253.727 253.335 252.975 252.66 252.4 252.212 252.086 251.996 251.917 251.854 251.821 251.787 251.721 251.608 251.466 251.311 251.157 250.999 250.831 250.672 250.546 250.461 250.404 250.376 250.376 250.376 250.379 250.402 250.378 250.296 250.177 250.023 249.836 249.574 249.308 249.308
258.649 259.448 259.25 259.076 258.929 258.798 258.688 258.605 258.558 258.541 258.542 258.545 258.552 258.571 258.589 258.594 258.594 258.593 258.567 258.491 258.361 258.19 257.971 257.692 257.339 256.919 256.459 255.986 255.488 254.952 254.421 253.938 253.507 253.106 252.75 252.451 252.224 252.06 251.936 251.827 251.74 251.687 251.637 251.562 251.447 251.308 251.161 251.018 250.875 250.726 250.589 250.484 250.419 250.384 250.376 250.376 250.382 250.428 250.462 250.446 250.37 250.253 250.098 249.904 249.631 249.308 249.308
259.032 259.843 259.656 259.493 259.357 259.238 259.139 259.065 259.026 259.015 259.021 259.027 259.035 259.052 259.068 259.07 259.067 259.064 259.034 258.953 258.818 258.642 258.415 258.126 257.761 257.328 256.852 256.359 255.837 255.275 254.715 254.2 253.733 253.294 252.897 252.558 252.291 252.087 251.923 251.78 251.663 251.584 251.513 251.423 251.302 251.164 251.024 250.892 250.766 250.639 250.527 250.446 250.406 250.396 250.406 250.422 250.46 250.522 250.571 250.566 250.498 250.387 250.234 250.038 249.759 249.402 249.308
259.442 260.264 260.09 259.939 259.815 259.706 259.618 259.553 259.52 259.514 259.523 259.53 259.537 259.552 259.563 259.56 259.553 259.545 259.511 259.425 259.284 259.103 258.87 258.574 258.2 257.757 257.269 256.762 256.221 255.638 255.053 254.51 254.01 253.534 253.097 252.719 252.411 252.162 251.956 251.774 251.624 251.512 251.415 251.307 251.177 251.039 250.905 250.784 250.675 250.573 250.49 250.436 250.424 250.443 250.482 250.523 250.582 250.664 250.729 250.738 250.681 250.579 250.432 250.237 249.956 249.594 249.308
259.885 260.721 260.56 260.422 260.309 260.212 260.133 260.077 260.049 260.047 260.057 260.065 260.07 260.08 260.086 260.079 260.067 260.054 260.014 259.922 259.776 259.59 259.352 259.049 258.67 258.22 257.724 257.205 256.65 256.05 255.445 254.878 254.349 253.839 253.365 252.948 252.598 252.305 252.054 251.831 251.644 251.497 251.369 251.239 251.097 250.955 250.823 250.711 250.618 250.54 250.484 250.458 250.472 250.521 250.587 250.654 250.734 250.834 250.915 250.938 250.892 250.799 250.658 250.465 250.183 249.819 249.455
260.37 261.22 261.074 260.949 260.848 260.761 260.692 260.643 260.62 260.621 260.632 260.64 260.643 260.65 260.652 260.64 260.623 260.604 260.558 260.46 260.31 260.119 259.876 259.569 259.184 258.73 258.229 257.701 257.135 256.522 255.902 255.314 254.76 254.22 253.713 253.26 252.87 252.533 252.237 251.973 251.746 251.56 251.398 251.242 251.083 250.932 250.797 250.688 250.607 250.548 250.516 250.513 250.55 250.624 250.715 250.803 250.901 251.016 251.109 251.142 251.104 251.017 250.878 250.686 250.402 250.033 249.661
260.899 261.765 261.635 261.523 261.433 261.356 261.296 261.253 261.233 261.236 261.248 261.254 261.255 261.259 261.256 261.239 261.216 261.19 261.138 261.035 260.88 260.685 260.438 260.128 259.741 259.285 258.781 258.249 257.677 257.056 256.425 255.822 255.246 254.68 254.143 253.656 253.227 252.845 252.503 252.195 251.925 251.695 251.493 251.305 251.124 250.957 250.814 250.704 250.63 250.588 250.575 250.593 250.652 250.749 250.862 250.97 251.082 251.209 251.313 251.353 251.321 251.237 251.099 250.905 250.619 250.246 249.866
261.467 262.35 262.236 262.138 262.059 261.993 261.94 261.902 261.886 261.889 261.9 261.904 261.903 261.902 261.895 261.872 261.844 261.811 261.751 261.642 261.482 261.284 261.034 260.722 260.334 259.88 259.377 258.845 258.27 257.647 257.009 256.394 255.801 255.213 254.648 254.129 253.661 253.234 252.845 252.49 252.173 251.896 251.649 251.424 251.216 251.029 250.873 250.759 250.69 250.661 250.667 250.704 250.781 250.9 251.034 251.159 251.285 251.422 251.533 251.579 251.551 251.469 251.331 251.135 250.846 250.47 250.083
262.071 262.972 262.874 262.791 262.724 262.667 262.622 262.59 262.576 262.58 262.589 262.591 262.588 262.584 262.573 262.546 262.511 262.472 262.405 262.29 262.126 261.924 261.672 261.358 260.972 260.52 260.02 259.487 258.913 258.289 257.649 257.026 256.419 255.811 255.223 254.675 254.171 253.7 253.265 252.865 252.502 252.175 251.881 251.618 251.381 251.17 250.998 250.874 250.805 250.786 250.806 250.857 250.949 251.085 251.237 251.375 251.51 251.654 251.77 251.819 251.792 251.709 251.569 251.368 251.076 250.696 250.301
262.704 263.624 263.545 263.478 263.423 263.377 263.339 263.313 263.303 263.307 263.315 263.316 263.312 263.307 263.294 263.264 263.225 263.18 263.108 262.988 262.82 262.615 262.36 262.045 261.658 261.208 260.71 260.178 259.604 258.982 258.34 257.711 257.092 256.469 255.862 255.288 254.752 254.244 253.767 253.325 252.918 252.544 252.206 251.904 251.636 251.4 251.208 251.07 250.997 250.98 251.008 251.066 251.166 251.313 251.476 251.622 251.76 251.906 252.021 252.069 252.038 251.951 251.805 251.598 251.299 250.913 250.508
263.373 264.314 264.255 264.203 264.162 264.126 264.097 264.077 264.07 264.075 264.083 264.084 264.08 264.076 264.062 264.031 263.989 263.94 263.863 263.739 263.567 263.358 263.101 262.784 262.397 261.949 261.453 260.923 260.351 259.731 259.091 258.458 257.831 257.198 256.575 255.981 255.417 254.875 254.36 253.878 253.429 253.009 252.625 252.284 251.982 251.718 251.501 251.346 251.263 251.243 251.271 251.33 251.433 251.584 251.75 251.898 252.035 252.176 252.286 252.327 252.289 252.193 252.036 251.819 251.51 251.115 250.699
264.077 265.039 265 264.966 264.939 264.913 264.893 264.879 264.876 264.882 264.89 264.891 264.889 264.886 264.874 264.842 264.798 264.745 264.665 264.537 264.362 264.149 263.889 263.57 263.184 262.738 262.245 261.718 261.149 260.534 259.897 259.263 258.633 257.992 257.358 256.747 256.159 255.586 255.036 254.517 254.026 253.56 253.13 252.748 252.412 252.115 251.871 251.694 251.595 251.567 251.59 251.645 251.743 251.893 252.059 252.203 252.333 252.466 252.566 252.596 252.546 252.437 252.268 252.037 251.717 251.311 250.882
264.805 265.791 265.773 265.758 265.744 265.73 265.718 265.711 265.712 265.719 265.727 265.73 265.73 265.73 265.72 265.689 265.645 265.59 265.506 265.376 265.198 264.982 264.719 264.398 264.013 263.568 263.076 262.552 261.988 261.378 260.745 260.112 259.48 258.835 258.193 257.569 256.96 256.361 255.781 255.228 254.699 254.189 253.715 253.293 252.921 252.591 252.317 252.114 251.997 251.954 251.966 252.01 252.1 252.243 252.401 252.537 252.656 252.776 252.862 252.879 252.815 252.692 252.508 252.263 251.93 251.513 251.071
265.552 266.561 266.565 266.568 266.569 266.566 266.563 266.563 266.568 266.578 266.587 266.591 266.594 266.598 266.592 266.565 266.521 266.466 266.381 266.25 266.07 265.851 265.584 265.262 264.875 264.43 263.939 263.416 262.854 262.248 261.619 260.988 260.355 259.709 259.063 258.428 257.804 257.184 256.579 255.999 255.437 254.889 254.375 253.915 253.509 253.145 252.841 252.61 252.469 252.407 252.401 252.429 252.503 252.633 252.778 252.9 253.004 253.108 253.178 253.179 253.1 252.962 252.764 252.505 252.16 251.732 251.277
266.315 267.349 267.375 267.397 267.413 267.422 267.428 267.436 267.447 267.459 267.47 267.477 267.485 267.495 267.494 267.471 267.431 267.378 267.294 267.163 266.981 266.759 266.489 266.164 265.776 265.329 264.837 264.314 263.754 263.152 262.527 261.899 261.267 260.622 259.975 259.335 258.7 258.066 257.443 256.841 256.25 255.669 255.119 254.626 254.186 253.789 253.452 253.191 253.022 252.935 252.905 252.91 252.961 253.07 253.196 253.297 253.38 253.464 253.515 253.497 253.401 253.247 253.034 252.76 252.402 251.963 251.496
267.1 268.158 268.208 268.25 268.282 268.303 268.319 268.334 268.351 268.366 268.379 268.39 268.404 268.421 268.428 268.41 268.374 268.326 268.245 268.115 267.933 267.708 267.434 267.106 266.715 266.265 265.771 265.248 264.69 264.091 263.47 262.845 262.217 261.577 260.932 260.29 259.65 259.007 258.371 257.751 257.137 256.526 255.945 255.419 254.946 254.515 254.144 253.85 253.649 253.53 253.47 253.445 253.469 253.55 253.649 253.726 253.784 253.843 253.87 253.831 253.716 253.545 253.316 253.026 252.655 252.205 251.725
267.906 268.99 269.064 269.126 269.173 269.207 269.232 269.256 269.279 269.297 269.313 269.328 269.349 269.373 269.388 269.377 269.347 269.304 269.228 269.1 268.917 268.69 268.413 268.081 267.686 267.233 266.735 266.21 265.653 265.057 264.439 263.818 263.195 262.56 261.92 261.28 260.638 259.99 259.346 258.712 258.078 257.442 256.832 256.275 255.771 255.306 254.898 254.569 254.333 254.177 254.081 254.022 254.012 254.062 254.129 254.176 254.206 254.239 254.241 254.179 254.045 253.857 253.612 253.309 252.925 252.465 251.974
268.734 269.843 269.941 270.024 270.087 270.133 270.169 270.202 270.231 270.253 270.272 270.291 270.317 270.349 270.371 270.367 270.343 270.306 270.235 270.111 269.928 269.699 269.419 269.083 268.684 268.225 267.722 267.193 266.635 266.04 265.425 264.807 264.188 263.561 262.928 262.291 261.648 260.999 260.349 259.705 259.055 258.397 257.761 257.177 256.642 256.142 255.699 255.332 255.057 254.861 254.725 254.626 254.58 254.593 254.626 254.641 254.641 254.646 254.624 254.54 254.387 254.184 253.927 253.612 253.218 252.751 252.252
269.578 270.713 270.835 270.939 271.019 271.079 271.127 271.168 271.204 271.229 271.251 271.273 271.306 271.344 271.372 271.375 271.358 271.329 271.266 271.146 270.965 270.735 270.453 270.114 269.71 269.243 268.733 268.199 267.639 267.042 266.427 265.811 265.199 264.58 263.955 263.324 262.685 262.037 261.386 260.736 260.073 259.398 258.741 258.131 257.567 257.033 256.552 256.146 255.829 255.588 255.405 255.263 255.175 255.147 255.143 255.123 255.092 255.069 255.022 254.916 254.747 254.532 254.265 253.94 253.539 253.068 252.563
270.441 271.602 271.75 271.875 271.972 272.047 272.106 272.158 272.2 272.229 272.253 272.28 272.317 272.361 272.396 272.406 272.398 272.379 272.324 272.21 272.032 271.802 271.517 271.175 270.765 270.289 269.77 269.23 268.665 266.432 265.237 264.042 264.042 264.042 264.042 264.042 263.752 263.11 262.462 261.808 261.137 260.449 259.773 259.141 258.548 257.981 257.462 257.015 256.652 256.36 256.125 255.934 255.8 255.728 255.682 255.624 255.56 255.508 255.435 255.308 255.123 254.896 254.62 254.288 253.882 253.409 252.901
271.335 272.522 272.693 272.84 272.954 273.043 273.114 273.175 273.224 273.258 273.285 273.316 273.36 273.41 273.452 273.469 273.469 273.46 273.414 273.305 273.129 272.898 272.611 272.265 271.847 271.362 270.832 269.317 266.432 265.237 262.352 261.157 261.157 261.157 261.157 261.157 262.352 264.042 263.568 262.915 262.238 261.54 260.849 260.195 259.575 258.973 258.415 257.925 257.514 257.168 256.878 256.634 256.451 256.33 256.237 256.138 256.039 255.955 255.856 255.707 255.506 255.269 254.987 254.648 254.239 253.767 253.257
272.272 273.482 273.675 273.84 273.97 274.072 274.154 274.224 274.281 274.32 274.352 274.389 274.439 274.498 274.547 274.572 274.58 274.579 274.54 274.435 274.259 274.026 273.734 273.382 272.202 269.317 266.432 265.237 264.042 262.352 261.157 258.272 258.272 258.272 258.272 258.272 261.157 261.157 261.157 261.157 261.157 261.157 261.958 261.284 260.635 259.998 259.4 258.865 258.404 258.002 257.655 257.356 257.12 256.946 256.804 256.661 256.524 256.407 256.278 256.107 255.89 255.644 255.355 255.012 254.602 254.132 253.625
273.253 274.484 274.698 274.881 275.025 275.138 275.23 275.31 275.375 275.421 275.459 275.503 275.562 275.629 275.688 275.721 275.736 275.742 275.708 275.606 275.087 272.202 269.317 266.432 265.237 264.042 264.042 262.352 261.157 261.157 258.272 258.272 258.272 258.272 258.272 258.272 258.272 258.272 258.272 258.272 258.272 258.272 261.157 262.352 261.735 261.062 260.421 259.839 259.325 258.864 258.455 258.097 257.803 257.571 257.374 257.183 257.004 256.852 256.694 256.499 256.267 256.013 255.721 255.377 254.968 254.505 254.003
274.271 275.523 275.755 275.955 276.112 276.237 276.338 276.427 276.501 276.554 276.6 276.652 276.721 276.798 276.867 276.908 276.93 275.087 272.202 269.317 266.432 265.237 264.042 264.042 262.352 261.157 261.157 261.157 258.272 258.272 258.272 258.272 258.272 258.272 258.272 258.272 258.272 258.272 258.272 258.272 258.272 258.272 258.272 261.157 262.352 262.166 261.48 260.85 260.28 259.757 259.282 258.861 258.505 258.211 257.955 257.712 257.49 257.299 257.11 256.892 256.645 256.384 256.091 255.747 255.343 254.888 254.395
275.325 276.594 276.843 277.057 277.227 277.361 277.471 277.569 277.652 277.713 277.768 277.828 277.907 277.995 278.073 278.122 275.087 272.202 269.317 266.432 265.237 262.352 261.157 261.157 261.157 258.272 258.272 258.272 258.272 258.272 258.272 258.272 258.272 258.272 258.272 258.272 258.272 258.272 258.272 258.272 258.272 258.272 258.272 258.272 261.157 263.301 262.572 261.892 261.267 260.68 260.14 259.655 259.236 258.878 258.561 258.264 257.997 257.767 257.545 257.302 257.039 256.771 256.475 256.132 255.732 255.286 254.802
