tests/full-run-ref/erosion_2010_78_23_-57.856.asc
ncols 512
nrows 512
xllcorner -3.24582
yllcorner -4.08743
cellsize 5
NODATA_value -99999
[rows 120 to 149 of 512, columns 67 to 133 of 512]
2.88512 2.88512 2.88512 2.88512 2.88512 2.88512 2.88512 2.88512 2.88512 2.88512 2.88512 2.88512 2.88512 2.88512 2.88512 2.88512 2.88512 2.88512 2.88512 2.88512 2.88512 2.88512 2.88512 2.88512 2.88512 2.88512 2.88512 4.08001 2.88512 2.8851 2.8851 2.8851 2.8851 2.8851 2.8851 2.8851 2.8851 2.8851 2.8851 2.8851 2.8851 2.8851 2.88511 2.88511 2.8851 2.8851 2.8851 2.8851 2.8851 2.8851 2.8851 2.8851 2.8851 2.8851 2.8851 2.8851 2.8851 2.8851 2.8851 2.8851 5.77 8.655 11.54 14.425 17.31 20.195 23.08
2.88512 2.88512 2.88512 2.88512 2.88512 2.88512 2.88512 2.88512 2.88512 2.88512 2.88512 2.88512 2.88512 2.88512 2.88512 2.88512 2.88512 2.88512 2.88512 2.88512 2.88512 2.88512 2.88512 2.88512 2.88512 2.88512 2.88512 2.88512 2.88512 2.8851 2.8851 2.8851 2.8851 2.8851 2.8851 2.8851 2.8851 2.8851 2.8851 2.8851 2.8851 2.8851 4.08001 2.88511 2.8851 2.8851 2.8851 2.8851 2.8851 2.8851 2.8851 2.8851 2.8851 2.8851 2.8851 2.8851 2.8851 2.8851 2.8851 2.8851 5.77 8.655 11.54 14.425 17.31 20.195 23.08
2.88512 2.88512 2.88512 2.88512 2.88512 2.88512 2.88512 2.88512 2.88512 2.88512 2.88512 2.88512 2.88512 2.88512 2.88512 2.88512 2.88512 2.88512 2.88512 2.88512 2.88512 2.88512 2.88512 2.88512 2.88512 2.88512 2.88512 2.88512 2.88512 2.8851 2.8851 2.8851 2.8851 2.8851 2.8851 2.8851 2.8851 2.8851 2.8851 2.8851 2.8851 2.8851 5.77 2.88511 2.8851 2.8851 2.8851 2.8851 2.8851 2.8851 2.8851 2.8851 2.8851 2.8851 2.8851 2.8851 2.8851 2.8851 2.8851 2.8851 5.77 8.655 11.54 14.425 17.31 20.195 23.08
2.88512 2.88512 2.88512 2.88512 2.88512 2.88512 2.88512 2.88512 2.88512 2.88512 2.88512 2.88512 2.88512 2.88512 2.88512 2.88512 2.88512 2.88512 2.88512 2.88512 2.88512 2.88512 2.88512 2.88512 2.88512 2.88512 2.88512 2.88512 2.88512 2.8851 2.8851 2.8851 2.8851 2.8851 2.8851 2.8851 2.8851 2.8851 2.8851 2.8851 2.8851 3.90526 5.77001 2.88511 2.88511 2.8851 2.8851 2.8851 2.8851 2.8851 2.8851 2.8851 2.8851 2.8851 2.8851 2.8851 2.8851 2.8851 2.8851 4.08001 6.96501 9.85001 12.735 15.62 18.505 21.39 24.275
2.88512 2.88512 2.88512 2.88512 2.88512 2.88512 2.88512 2.88512 2.88512 2.88512 2.88512 2.88512 2.88512 2.88512 2.88512 2.88512 2.88512 2.88512 2.88512 2.88512 2.88512 2.88512 2.88512 2.88512 2.88512 2.88512 2.88512 2.88512 2.88512 2.8851 2.8851 2.8851 2.8851 2.8851 2.8851 2.8851 2.8851 2.8851 2.8851 2.8851 2.8851 2.8851 4.08001 4.08001 2.88511 2.8851 2.8851 2.8851 2.8851 2.8851 2.8851 2.8851 2.8851 2.8851 2.8851 2.8851 2.8851 2.8851 4.08001 6.96501 8.16002 11.045 13.93 16.815 19.7 22.585 25.47
2.88512 2.88512 2.88512 2.88512 2.88512 2.88512 2.88512 2.88512 2.88512 2.88512 2.88512 2.88512 2.88512 2.88512 2.88512 2.88512 2.88512 2.88512 2.88512 2.88512 2.88512 2.88512 2.88512 2.88512 2.88512 2.88512 2.88512 4.08001 2.88512 2.8851 2.8851 2.8851 2.8851 2.8851 2.8851 2.8851 2.8851 2.8851 2.8851 2.8851 2.8851 2.8851 2.8851 2.88511 2.8851 2.8851 2.8851 2.8851 2.8851 2.8851 2.8851 2.8851 2.8851 2.8851 2.8851 2.8851 2.8851 4.08001 6.96501 8.16002 11.045 12.24 15.125 18.01 20.895 23.78 26.665
2.88512 2.88512 2.88512 2.88512 2.88512 2.88512 2.88512 2.88512 2.88512 2.88512 2.88512 2.88512 2.88512 2.88512 2.88512 2.88512 2.88512 2.88512 2.88512 2.88512 2.88512 2.88512 4.08001 2.88512 2.88512 2.88512 2.88512 2.88512 2.88512 2.8851 2.8851 2.8851 2.8851 2.8851 2.8851 2.8851 2.8851 2.8851 2.8851 2.8851 2.8851 2.8851 2.8851 2.88511 2.8851 2.8851 2.8851 2.8851 2.8851 2.8851 2.8851 2.8851 2.8851 2.8851 2.8851 2.8851 4.08001 6.96501 8.16002 11.045 12.24 15.125 16.32 19.205 22.09 24.975 27.86
2.88512 2.88512 2.88512 2.88512 2.88512 2.88512 2.88512 2.88512 2.88512 2.88512 2.88512 2.88512 2.88512 2.88512 2.88512 2.88512 2.88512 2.88512 2.88512 2.88512 2.88512 2.88512 2.88512 2.88512 2.88512 2.88512 2.88512 2.8851 2.8851 2.8851 2.8851 2.8851 2.8851 2.8851 2.8851 2.8851 2.8851 2.8851 2.8851 2.8851 2.8851 2.8851 2.8851 2.8851 2.8851 2.8851 2.8851 2.8851 2.8851 2.8851 2.8851 4.08001 2.8851 2.8851 2.8851 4.08001 6.96501 8.16002 11.045 12.24 15.125 16.32 19.205 20.4 23.285 26.17 29.055
2.88512 2.88512 2.88512 2.88512 2.88512 2.88512 2.88512 2.88512 2.88512 2.88512 2.88512 2.88512 2.88512 2.88512 2.88512 2.88512 2.88512 2.88512 2.88512 2.88512 2.88512 2.88512 2.88512 2.88512 2.88512 2.88512 2.88512 2.8851 2.8851 2.8851 2.8851 2.8851 2.8851 2.8851 2.8851 2.8851 2.8851 2.8851 2.8851 2.8851 2.8851 2.8851 2.8851 2.8851 2.8851 2.8851 2.8851 2.8851 2.8851 2.8851 4.08001 2.8851 2.8851 2.8851 4.08001 6.96501 8.16002 11.045 12.24 15.125 16.32 19.205 20.4 23.285 24.48 27.365 30.25
2.88512 2.88512 2.88512 2.88512 2.88512 2.88512 2.88512 2.88512 2.88512 2.88512 2.88512 2.88512 2.88512 2.88512 2.88512 2.88512 2.88512 2.88512 2.88512 2.88512 2.88512 2.88512 2.88512 2.88512 2.88512 2.88512 2.88512 2.8851 2.8851 2.8851 2.8851 2.8851 2.8851 2.8851 2.8851 2.8851 2.8851 2.8851 2.8851 2.8851 2.8851 2.8851 2.8851 2.8851 2.8851 2.8851 2.8851 2.8851 2.8851 2.8851 2.8851 4.08001 5.7701 4.08001 6.96501 8.16002 11.045 12.24 15.125 16.32 19.205 20.4 23.285 24.48 27.365 28.56 31.445
2.88512 2.88512 2.88512 2.88512 2.88512 2.88512 2.88512 2.88512 2.88512 2.88512 2.88512 2.88512 2.88512 2.88512 2.88512 2.88512 2.88512 2.88512 2.88512 2.88512 2.88512 2.88512 2.88512 2.88512 2.88512 2.88512 2.88512 2.88512 2.8851 2.8851 2.8851 2.8851 2.8851 2.8851 2.8851 2.8851 2.8851 2.8851 2.8851 2.8851 2.8851 2.8851 2.8851 2.8851 2.8851 2.8851 2.8851 2.8851 2.8851 2.8851 2.8851 2.8851 5.77 6.96501 8.16002 11.045 12.24 15.125 16.32 19.205 20.4 23.285 24.48 27.365 28.56 31.445 32.6401
2.88512 2.88512 2.88512 2.88512 2.88512 2.88512 2.88512 2.88512 2.88512 2.88512 2.88512 2.88512 2.88512 2.88512 2.88512 2.88512 2.88512 2.88512 2.88512 2.88512 2.88512 2.88512 2.88512 2.88512 2.88512 2.88512 2.88512 2.88512 2.8851 2.8851 2.8851 2.8851 2.8851 2.8851 2.8851 2.8851 4.08001 4.11683 4.08001 2.8851 2.8851 2.8851 2.8851 2.8851 2.8851 2.8851 2.8851 2.8851 2.8851 2.8851 2.8851 2.8851 5.77 8.655 8.655 9.85001 11.045 12.24 15.125 16.32 19.205 20.4 23.285 24.48 27.365 28.56 31.445
2.88512 2.88512 2.88512 2.88512 2.88512 2.88512 2.88512 2.88512 2.88512 2.88512 2.88512 2.88512 2.88512 2.88512 2.88512 5.77 5.77 2.88512 2.88512 2.88512 2.88512 2.88512 2.88512 2.88512 2.88512 4.08001 2.88512 2.88512 2.8851 2.8851 2.8851 2.8851 2.8851 2.8851 2.8851 5.72043 6.96501 7.00183 6.96501 4.08001 2.8851 2.8851 2.8851 2.8851 2.8851 2.8851 2.8851 2.8851 2.8851 2.8851 2.8851 2.8851 5.77 6.96501 5.77 6.96501 8.16002 11.045 12.24 15.125 16.32 19.205 20.4 23.285 24.48 27.365 28.56
2.88512 2.88512 2.88512 2.88512 2.88512 2.88512 2.88512 2.88512 2.88512 2.88512 2.88512 2.88512 2.88512 2.88512 4.08001 6.96501 6.96501 4.08001 2.88512 2.88512 2.88512 2.88512 2.88512 2.88512 4.08001 5.77001 2.88512 2.88512 2.88512 2.8851 2.8851 2.8851 2.8851 2.8851 2.8851 2.8851 4.08001 6.96501 8.16002 5.77 2.8851 2.8851 2.8851 2.8851 2.8851 2.8851 2.8851 2.8851 2.8851 2.8851 2.8851 2.8851 4.08001 4.08001 2.8851 4.08001 6.96501 8.16002 11.045 12.24 15.125 16.32 19.205 20.4 23.285 24.48 27.365
2.88512 2.88512 2.88512 2.88512 2.88512 2.88512 2.88512 2.88512 2.88512 2.88512 2.88512 2.88512 2.88512 2.88512 3.13244 6.01744 4.08001 2.88512 2.88512 2.88512 2.88512 2.88512 2.88512 2.88512 4.7997 5.77001 2.88512 2.88512 2.88512 2.8851 2.8851 2.8851 2.8851 2.8851 2.8851 2.8851 2.8851 4.08001 5.77001 5.77001 4.08001 2.8851 2.8851 2.8851 2.8851 2.8851 2.8851 2.8851 2.8851 2.8851 2.8851 2.8851 2.8851 2.8851 2.8851 2.8851 4.08001 6.96501 8.16002 11.045 12.24 15.125 16.32 19.205 20.4 23.285 24.48
2.88512 2.88512 2.88512 2.88512 2.88512 2.88512 2.88512 2.88512 2.88512 2.88512 2.88512 2.88512 2.88512 2.88512 2.88512 4.08001 2.88512 2.88512 2.88512 2.88512 2.88512 2.88512 2.88512 4.08001 5.14207 4.08001 2.88512 2.88512 2.88512 2.88512 2.8851 2.8851 2.8851 2.8851 2.8851 2.8851 2.8851 2.8851 2.8851 2.8851 2.8851 2.8851 2.8851 2.8851 2.8851 2.8851 2.8851 2.8851 2.8851 2.8851 2.8851 2.8851 2.8851 4.08001 2.8851 2.8851 2.8851 4.08001 6.96501 8.16002 11.045 12.24 15.125 16.32 19.205 20.4 23.285
2.88512 2.88512 2.88512 2.88512 2.88512 2.88512 2.88512 2.88512 2.88512 2.88512 2.88512 2.88512 2.88512 2.88512 2.88512 2.88512 2.88512 2.88512 2.88512 2.88512 2.88512 2.88512 2.88512 2.88512 2.88512 2.88512 2.88512 2.88512 2.88512 2.88512 2.88512 2.8851 2.8851 2.8851 2.8851 2.8851 2.8851 2.8851 2.8851 2.8851 2.8851 2.8851 2.8851 2.8851 2.8851 2.8851 2.8851 2.8851 2.8851 2.8851 2.8851 2.8851 2.8851 2.8851 4.08001 2.8851 2.8851 2.8851 4.08001 6.96501 8.16002 11.045 12.24 15.125 16.32 19.205 20.4
2.88512 2.88512 2.88512 2.88512 2.88512 2.88512 2.88512 2.88512 2.88512 2.88512 2.88512 2.88512 2.88512 2.88512 2.88512 2.88512 2.88512 2.88512 2.88512 2.88512 2.88512 2.88512 2.88512 2.88512 2.88512 2.88512 2.88512 2.88512 2.88512 4.08001 2.88512 2.88512 2.8851 2.8851 2.8851 2.8851 2.8851 2.8851 2.8851 2.8851 2.8851 2.8851 2.8851 2.8851 2.8851 2.8851 2.8851 2.8851 2.8851 2.8851 2.8851 2.8851 2.8851 2.8851 2.8851 2.8851 2.8851 2.8851 2.8851 4.08001 6.96501 8.16002 11.045 12.24 15.125 16.32 19.205
2.88512 2.88512 2.88512 2.88512 2.88512 2.88512 2.88512 2.88512 2.88512 2.88512 2.88512 2.88512 2.88512 2.88512 2.88512 2.88512 2.88512 2.88512 2.88512 2.88512 2.88512 2.88512 2.88512 2.88512 2.88512 2.88512 2.88512 2.88512 2.88512 2.88512 2.88512 2.88512 2.88512 2.8851 2.8851 2.8851 2.8851 2.8851 2.8851 2.8851 2.8851 2.8851 2.8851 2.8851 2.8851 2.8851 2.8851 2.8851 2.8851 2.8851 2.8851 2.8851 2.8851 2.8851 2.8851 2.8851 4.08001 2.8851 2.8851 2.8851 4.08001 6.96501 8.16002 11.045 12.24 15.125 16.32
2.88512 2.88512 2.88512 2.88512 2.88512 2.88512 2.88512 2.88512 2.88512 2.88512 2.88512 2.88512 2.88512 2.88512 2.88512 2.88512 2.88512 2.88512 2.88512 2.88512 2.88512 2.88512 2.88512 2.88512 2.88512 2.88512 2.88512 2.88512 2.88512 2.88512 2.88512 2.88512 2.88512 2.8851 2.8851 2.8851 2.88512 2.8851 2.8851 2.8851 2.8851 2.8851 2.8851 2.8851 2.8851 2.8851 2.8851 2.8851 2.8851 2.8851 2.8851 2.8851 2.8851 2.8851 2.8851 2.8851 2.8851 4.08001 2.8851 2.8851 2.8851 4.08001 6.96501 8.16002 11.045 12.24 15.125
2.88512 2.88512 2.88512 2.88512 2.88512 2.88512 2.88512 2.88512 2.88512 2.88512 2.88512 2.88512 2.88512 2.88512 2.88512 2.88512 2.88512 2.88512 2.88512 2.88512 2.88512 2.88512 2.88512 2.88512 2.88512 2.88512 2.88512 2.88512 2.88512 2.88512 2.88512 2.88512 2.88512 2.88512 2.88512 2.88512 2.88512 2.88512 2.8851 2.8851 2.8851 2.8851 2.8851 2.8851 2.8851 2.8851 2.8851 2.8851 2.8851 2.8851 2.8851 2.8851 2.8851 2.8851 2.8851 2.8851 2.8851 2.8851 2.8851 2.8851 2.8851 2.8851 4.08001 6.96501 8.16002 11.045 13.93
2.88512 2.88512 2.88512 2.88512 2.88512 2.88512 2.88512 2.88512 2.88512 2.88512 2.88512 2.88512 2.88512 2.88512 2.88512 2.88512 2.88512 2.88512 2.88512 2.88512 2.88512 2.88512 2.88512 2.88512 2.88512 2.88512 2.88512 2.88512 2.88512 2.88512 2.88512 2.88512 2.88512 2.88512 4.08001 2.88512 2.88511 2.88511 2.8851 2.8851 2.8851 2.8851 2.8851 2.8851 2.8851 2.8851 2.8851 2.8851 2.8851 2.8851 2.8851 2.8851 2.8851 2.8851 2.8851 2.8851 2.8851 2.8851 2.8851 2.8851 2.8851 2.8851 2.8851 4.08001 6.96501 9.85001 12.24
2.88511 2.88511 2.88511 2.88511 2.88511 2.88511 2.88511 2.88511 2.88511 2.88511 2.88511 2.88511 2.88511 2.88511 2.88511 2.88511 2.88511 2.88511 2.88511 2.88511 2.88511 2.88511 2.88511 2.88511 2.88511 2.88511 2.88511 2.88511 2.88511 2.88511 2.88511 2.88511 2.88511 2.88511 5.43745 4.08001 5.73721 2.88511 2.8851 2.8851 2.8851 2.8851 2.8851 2.8851 2.8851 2.8851 2.8851 2.8851 2.8851 2.8851 2.8851 2.8851 2.8851 2.8851 2.8851 2.8851 2.8851 2.8851 2.8851 2.8851 2.8851 2.8851 2.8851 2.8851 5.77 8.16002 11.045
2.88511 2.88511 2.88511 2.88511 2.88511 2.88511 2.88511 2.88511 2.88511 2.88511 2.88511 2.88511 2.88511 2.88511 2.88511 2.88511 2.88511 2.88511 2.88511 2.88511 2.88511 2.88511 2.88511 2.88511 2.88511 2.88511 2.88511 2.88511 2.88511 2.88511 2.88511 2.88511 2.88511 2.88511 4.08001 2.88511 2.88511 4.08001 4.08001 2.8851 2.8851 2.8851 2.8851 2.8851 2.8851 2.8851 2.8851 2.8851 2.8851 2.8851 2.8851 2.8851 2.8851 2.8851 2.8851 2.8851 2.8851 2.8851 2.8851 2.8851 2.8851 2.8851 2.8851 2.8851 4.08001 6.96501 8.16002
2.88511 2.88511 2.88511 2.88511 2.88511 2.88511 2.88511 2.88511 2.88511 2.88511 2.88511 2.88511 2.88511 2.88511 2.88511 2.88511 2.88511 2.88511 2.88511 2.88511 2.88511 2.88511 2.88511 2.88511 2.88511 2.88511 2.88511 2.88511 4.08001 2.88511 2.88511 2.88511 2.88511 2.88511 2.88511 2.88511 2.88511 2.88511 4.08001 4.08001 4.08001 2.88511 2.8851 2.8851 2.8851 2.8851 2.8851 2.8851 2.8851 2.8851 2.8851 2.8851 2.8851 2.8851 2.8851 2.8851 2.8851 2.8851 2.8851 2.8851 2.8851 2.8851 2.8851 2.8851 2.8851 4.08001 6.96501
2.88511 2.88511 2.88511 2.88511 2.88511 2.88511 2.88511 2.88511 2.88511 2.88511 2.88511 2.88511 2.88511 2.88511 2.88511 2.88511 2.88511 2.88511 2.88511 2.88511 2.88511 2.88511 2.88511 2.88511 2.88511 2.88511 2.88511 2.88511 4.08001 2.88511 2.88511 2.88511 2.88511 2.88511 2.88511 2.88511 2.88511 2.88511 2.88511 4.08001 3.35848 3.35848 2.88511 2.8851 2.8851 2.8851 2.8851 2.8851 2.8851 2.8851 2.8851 2.8851 2.8851 2.8851 2.8851 2.8851 2.8851 2.8851 2.8851 2.8851 2.8851 2.8851 2.8851 2.8851 2.8851 2.8851 4.08001
2.88511 2.88511 2.88511 2.88511 2.88511 2.88511 2.88511 2.88511 2.88511 2.88511 2.88511 2.88511 2.88511 2.88511 2.88511 2.88511 2.88511 2.88511 2.88511 2.88511 2.88511 2.88511 2.88511 2.88511 2.88511 2.88511 2.88511 2.88511 2.88511 2.88511 2.88511 2.88511 2.88511 2.88511 2.88511 2.88511 2.88511 2.88511 2.88511 2.88511 2.88511 2.88511 2.88511 2.88511 2.8851 2.8851 2.8851 2.8851 2.8851 2.8851 2.8851 2.8851 2.8851 2.8851 2.8851 2.8851 2.8851 2.8851 2.8851 2.8851 2.8851 2.8851 2.8851 2.8851 2.8851 2.8851 2.8851
2.88511 2.88511 2.88511 2.88511 2.88511 2.88511 2.88511 2.88511 2.88511 2.88511 2.88511 2.88511 2.88511 2.88511 2.88511 2.88511 2.88511 2.88511 2.88511 2.88511 2.88511 2.88511 2.88511 2.88511 2.88511 2.88511 2.88511 2.88511 2.88511 2.88511 2.88511 2.88511 2.88511 2.88511 2.88511 2.88511 2.88511 2.88511 2.88511 2.88511 2.88511 2.88511 2.88511 2.88511 2.88511 2.88511 2.8851 2.8851 2.8851 2.8851 2.8851 2.8851 2.8851 2.8851 2.8851 2.8851 2.8851 2.8851 2.8851 2.8851 2.8851 2.8851 2.8851 2.8851 2.8851 2.8851 2.8851
2.88511 2.88511 2.88511 2.88511 2.88511 2.88511 2.88511 2.88511 2.88511 2.88511 2.88511 2.88511 2.88511 2.88511 2.88511 2.88511 2.88511 2.88511 2.88511 2.88511 2.88511 2.88511 2.88511 2.88511 2.88511 2.88511 2.88511 2.88511 2.88511 2.88511 2.88511 2.88511 2.88511 2.88511 2.88511 2.88511 2.88511 2.88511 2.88511 2.88511 2.88511 2.88511 2.88511 2.88511 2.88511 2.88511 2.88511 2.8851 2.8851 2.8851 2.8851 2.8851 2.8851 2.8851 2.8851 2.8851 2.8851 2.8851 2.8851 2.8851 2.8851 2.8851 2.8851 2.8851 2.8851 2.8851 2.8851
2.88511 2.88511 2.88511 2.88511 2.88511 2.88511 2.88511 2.88511 2.88511 2.88511 2.88511 2.88511 2.88511 2.88511 2.88511 2.88511 2.88511 2.88511 2.88511 2.88511 2.88511 2.88511 2.88511 2.88511 2.88511 2.88511 2.88511 2.88511 2.88511 2.88511 2.88511 2.88511 2.88511 2.88511 2.88511 2.88511 2.88511 2.88511 2.88511 2.88511 2.88511 2.88511 2.88511 2.88511 2.88511 2.88511 2.88511 2.8851 2.8851 2.8851 2.8851 2.8851 2.8851 2.8851 2.8851 2.8851 2.8851 2.8851 2.8851 2.8851 2.8851 2.8851 2.8851 2.8851 2.8851 2.8851 2.8851
