tests/full-run-ref/erosion_2010_78_23_-57.856.asc
ncols 512
nrows 512
xllcorner -3.24582
yllcorner -4.08743
cellsize 5
NODATA_value -99999
[rows 450 to 479 of 512, columns 204 to 271 of 512]
5.77001 5.77001 5.77001 5.77001 5.77001 5.76995 5.76987 6.53833 6.53779 6.53775 6.53808 6.53822 5.76984 5.77001 5.77001 5.77001 5.77001 5.77001 5.77001 5.77001 5.77001 5.77001 5.77001 5.77001 5.76213 8.09788 13.7588 16.1108 21.8119 27.5843 30.7938 33.0342 35.3767 37.7617 40.1935 40.0567 34.7377 28.7828 22.7918 20.4766 14.7269 12.2557 6.34596 5.16764 5.80244 6.03633 6.13445 5.76829 5.77001 5.77001 5.77001 5.77001 5.77001 5.77001 5.77001 5.75745 11.5185 11.8799 11.4564 5.73519 5.76575 5.76933 5.77001 5.77001 5.77001 5.77001 5.77001 5.77001
5.77001 5.77001 5.77001 5.77001 5.77001 5.76996 6.48347 6.53845 6.53842 6.53844 6.53846 6.53844 5.76993 5.77001 5.77001 5.77001 5.77001 5.77001 5.77001 5.77001 5.77001 5.77001 5.77001 5.77001 5.76732 5.72074 7.89886 13.5717 19.3367 25.1312 30.929 36.7147 41.2222 43.5861 45.9831 43.0185 37.1093 31.1846 28.8271 23.1218 20.6099 14.5368 12.2507 10.8829 11.626 7.86943 5.74332 5.76906 5.77001 5.77001 5.77001 5.77001 5.77001 5.77001 5.77001 5.75114 8.11503 13.8949 13.8665 8.08246 6.09557 5.75586 5.76643 5.7668 5.76763 5.76837 5.76887 5.76914
5.77001 5.77001 5.77001 5.77001 5.77001 5.76997 5.76994 5.76993 5.76993 5.76992 5.76992 5.76995 5.76997 5.77001 5.77001 5.77001 5.77001 5.77001 5.77001 5.77001 5.77001 5.77001 5.77001 5.77001 5.77001 5.76316 5.633 11.1047 16.9005 22.6957 28.4899 34.2835 40.0768 45.8701 51.2813 45.4169 39.53 37.1403 31.4726 28.9492 22.9489 20.585 18.3452 15.5311 10.4711 4.96946 5.68313 5.77001 5.77001 5.77001 5.77001 5.77001 5.77001 5.77001 5.77001 5.76255 5.75677 11.5081 11.5129 13.871 11.8822 11.5276 11.5355 11.5363 11.537 11.5374 11.5375 11.5377
5.77001 5.77001 5.77001 5.77001 5.77001 5.77001 5.77001 5.77001 5.77001 5.77001 5.77001 5.77001 5.77001 5.77001 5.77001 5.77001 5.77001 5.77001 5.77001 5.77001 5.77001 5.77001 5.77001 5.77001 5.77001 5.77001 5.67184 11.1678 16.9595 22.7521 28.5428 34.3333 40.1245 45.9056 49.5276 47.8878 45.4461 39.7837 37.2549 31.3199 28.9171 26.6017 23.7155 17.9311 11.7101 5.72712 5.08073 5.57698 5.74122 5.7696 5.77001 5.77001 5.77001 5.77001 5.77001 5.77001 5.76727 5.76255 5.75696 8.13538 11.5332 11.5372 11.5382 13.9276 16.3177 17.308 17.308 16.6784
5.77001 5.77001 5.77001 5.77001 5.77001 5.77001 5.77001 5.77001 5.77001 5.77001 5.77001 5.77001 5.77001 5.77001 5.77001 5.77001 5.77001 5.77001 5.77001 5.77001 5.77001 5.77001 5.77001 5.77001 5.77001 5.77001 5.6878 11.2222 17.0136 22.804 28.597 34.385 38.9851 41.3446 43.6844 46.1249 48.1096 45.5516 39.653 37.2238 34.8579 31.9532 26.2153 20.0953 13.8886 11.689 10.571 7.07603 5.53254 5.69778 5.77001 5.77001 5.77001 5.77001 5.77001 5.77001 5.77001 5.77001 5.76933 5.76716 5.76591 5.76825 5.7687 8.15682 13.9274 19.6978 19.6983 17.3082
5.77001 5.77001 5.77001 5.77001 5.77001 5.77001 5.77001 5.77001 5.77001 5.77001 5.77001 5.77001 5.77001 5.77001 5.77001 5.77001 5.77001 5.77001 5.77001 5.77001 5.77001 5.77001 5.77001 5.77001 5.76684 5.75222 5.69346 11.2819 17.0801 22.8814 28.5779 30.8598 33.1601 35.5219 37.8723 40.2879 46.1149 48.0063 45.5319 43.105 40.183 34.4916 28.4801 22.393 20.0797 17.8743 15.2627 12.9598 10.8676 5.49906 5.77001 5.77001 5.77001 5.77001 5.77001 5.77001 5.77001 5.77001 5.77001 5.77001 5.77001 5.77001 5.76992 5.76913 11.5384 16.3186 13.9283 11.5375
5.77001 5.77001 5.77001 5.77001 5.77001 5.77001 5.77001 5.77001 5.77001 5.77001 5.77001 5.77001 5.77001 5.77001 5.77001 5.77001 5.77001 5.77001 5.77001 5.77001 5.77001 5.77001 5.77001 5.77001 5.76369 11.5271 8.05477 13.8093 19.5289 22.9339 22.7697 25.0298 27.3346 29.6997 32.0588 37.8872 40.2694 46.1 51.3801 48.4302 42.7522 36.8248 30.836 28.4707 26.1803 23.5361 21.1985 15.7215 9.53428 4.61366 5.76471 5.77001 5.76886 5.76301 5.76469 5.76903 5.77001 5.77001 5.77001 5.77001 5.77001 5.77001 5.77001 5.7697 11.5394 13.9287 8.15809 5.76873
5.77001 5.77001 5.77001 5.77001 5.77001 5.77001 5.77001 5.77001 5.77001 5.77001 5.77001 5.77001 5.77001 5.77001 5.77001 5.77001 5.77001 5.77001 5.77001 5.77001 5.77001 5.77001 5.77001 5.77001 5.76116 11.5262 13.8713 16.2581 17.2217 17.1207 16.9353 19.1953 21.4905 23.8656 29.7013 32.0407 37.8638 43.6746 48.5402 51.0437 45.1406 39.2229 36.8203 34.4696 31.7788 28.7108 22.781 16.607 10.1478 4.11221 4.56472 5.16344 5.31605 5.62576 6.0689 5.76835 5.77001 5.77001 5.77001 5.77001 5.77001 5.77001 5.77001 5.76983 8.15953 8.15953 5.76968 5.76987
5.77001 5.77001 5.77001 5.77001 5.77001 5.77001 5.77001 5.77001 5.77001 5.77001 5.77001 5.77001 5.77001 5.77001 5.77001 5.77001 5.77001 5.77001 5.77001 5.77001 5.77001 5.77001 5.77001 5.77001 5.76282 11.5248 13.9062 13.883 11.4176 11.3009 11.0882 13.328 15.6344 21.481 23.8315 29.6703 35.4914 40.3027 46.0949 51.8789 47.5862 45.1309 42.7378 40.015 36.9282 31.0328 24.9722 18.6772 12.1748 9.99561 8.96649 9.88058 10.6374 10.9731 5.44267 5.76898 5.77001 5.77001 5.77001 5.77001 5.77001 5.77001 5.77001 5.76992 5.76989 5.76991 5.76997 5.77001
5.76992 5.76988 5.7699 5.76998 5.77001 5.77001 5.77001 5.77001 5.77001 5.77001 5.77001 5.77001 5.77001 5.77001 5.77001 5.77001 5.77001 5.77001 5.77001 5.77001 5.77001 5.77001 5.77001 5.77001 5.76655 5.76164 8.13097 8.10344 5.71563 5.68277 5.54718 7.58253 13.371 15.5843 21.4395 27.2753 32.0848 37.8767 43.6223 49.4483 53.4325 50.9998 48.2431 45.1435 39.2839 33.3148 27.1922 20.9319 18.6096 16.412 15.2 14.5149 15.5936 9.28818 4.94395 5.74902 5.77001 5.77001 5.77001 5.77001 5.77001 5.77001 5.77001 5.77001 5.77001 5.77001 5.77001 5.77001
5.76975 8.15953 6.15925 5.76999 5.77001 5.77001 5.77001 5.77001 5.77001 5.77001 5.77001 5.77001 5.77001 5.77001 5.77001 5.77001 5.77001 5.77001 5.77001 5.77001 5.77001 5.77001 5.77001 5.77001 5.77001 5.76906 5.76585 5.76507 5.76797 5.77001 5.75442 5.59538 7.51644 13.2758 19.1267 23.8584 29.6564 35.4043 41.2139 47.0346 52.8511 56.4889 53.3648 47.5227 41.6221 35.6234 29.5288 27.1762 24.8991 22.5923 21.2679 20.1784 14.1774 11.372 5.42974 5.37932 5.74594 5.77001 5.77001 5.77001 5.77001 5.77001 5.77001 5.77001 5.77001 5.77001 5.77001 5.77001
5.76971 8.15883 5.76971 5.76999 5.77001 5.77001 5.77001 5.77001 5.77001 5.77001 5.77001 5.77001 5.77001 5.77001 5.77001 5.77001 5.77001 5.77001 5.77001 5.77001 5.77001 5.77001 5.77001 5.77001 5.77001 5.77001 5.77001 5.77001 5.77001 5.77001 5.77001 5.7528 5.50019 10.9562 15.61 21.4199 27.1778 32.996 38.814 44.6203 50.4221 56.245 55.7786 49.9019 43.9902 38.0118 35.6273 33.3048 30.9665 28.614 27.2203 22.5743 19.9572 14.0152 11.6811 6.62018 5.53971 5.75441 5.77001 5.77001 5.77001 5.77001 5.77001 5.77001 5.77001 5.77001 5.77001 5.77001
5.7698 5.76997 5.76976 5.76999 5.77001 5.77001 5.77001 5.77001 5.77001 5.77001 5.77001 5.77001 5.77001 5.77001 5.77001 5.77001 5.77001 5.77001 5.77001 5.77001 5.77001 5.77001 5.77001 5.77001 5.76913 5.76834 5.76815 5.76798 5.77001 5.77001 5.77001 5.77001 5.68087 7.49491 13.1104 18.8868 24.7259 30.5579 36.3794 42.1925 48.0038 53.8223 58.1934 52.3135 46.4049 43.995 41.6331 39.2805 36.9161 34.537 30.9189 28.3311 22.4847 19.2509 13.3502 11.175 7.75378 5.74052 5.77001 5.77001 5.77001 5.77001 5.77001 5.77001 5.77001 5.77001 5.77001 5.77001
5.76981 8.1593 6.15888 5.7698 5.76986 5.77001 5.77001 5.77001 5.77001 5.77001 5.77001 5.76998 5.76994 5.76995 5.76999 5.77001 5.77001 5.77001 5.77001 5.77001 5.77001 5.77001 5.77001 5.76849 5.76585 8.14858 8.14643 5.76172 5.77001 5.77001 5.77001 5.77001 5.75342 5.37476 10.5069 16.3627 22.2243 28.0758 33.9173 39.7513 45.5769 51.3965 57.2364 54.7478 52.3127 49.9422 47.581 45.2173 42.8273 39.2028 34.3126 28.4246 22.5008 16.4683 10.4518 4.79527 5.48834 5.75313 5.77001 5.77001 5.77001 5.77001 5.77001 5.77001 5.77001 5.77001 5.77001 5.77001
5.76982 5.76976 5.76983 8.15967 5.76969 5.76982 5.76997 5.77001 5.77001 5.77001 5.77001 5.76957 6.15804 6.15876 5.76996 5.77001 5.77001 5.77001 5.77001 5.77001 5.77001 5.77001 5.77001 5.76836 8.14912 13.9205 11.5247 5.75464 5.77001 5.77001 5.77001 5.77001 5.77001 5.41873 10.4452 16.2902 22.1529 28.008 33.8579 39.6993 45.532 51.3581 57.1904 60.5723 55.2894 50.1004 44.4202 42.0594 39.7047 37.3169 31.8519 25.9276 19.9084 13.8046 7.75441 5.05567 5.77001 5.77001 5.77001 5.77001 5.77001 5.77001 5.77001 5.77001 5.77001 5.77001 5.77001 5.77001
5.77001 5.77001 5.7699 5.76979 7.93402 6.15904 5.76971 5.76973 5.76989 5.76993 5.76998 5.76935 11.4237 5.76896 5.76965 5.77001 5.77001 5.77001 5.77001 5.77001 5.77001 5.77001 5.77001 5.76808 5.76454 11.5289 11.5233 5.75295 5.77001 5.77001 5.77001 5.76103 5.63604 5.32427 10.2962 16.1541 22.0181 27.8743 33.7239 39.5734 45.4154 51.2491 57.1102 58.706 52.823 46.9488 41.6858 35.9014 33.5964 31.3403 29.0502 26.6984 20.8404 14.7496 8.77534 5.25004 5.77001 5.77001 5.77001 5.77001 5.77001 5.77001 5.77001 5.77001 5.77001 5.77001 5.77001 5.77001
5.77001 5.76998 5.76998 5.76991 5.76983 5.76984 8.15953 6.15857 6.15862 6.15945 5.76998 5.76952 7.18582 8.1582 5.76939 5.77001 5.77001 5.77001 5.77001 5.77001 5.77001 5.77001 5.77001 5.77001 5.76731 5.76451 8.14678 5.75888 5.77001 5.77001 5.77001 5.74043 11.4362 7.41443 12.9348 18.6795 24.5237 30.3604 36.1865 42.0206 47.8573 53.6614 59.5209 56.2704 50.3608 44.4549 38.5 33.1399 27.2157 25.0187 22.8925 20.75 21.3444 15.7366 9.67745 5.25089 5.75336 5.77001 5.77001 5.77001 5.77001 5.77001 5.77001 5.77001 5.77001 5.77001 5.77001 5.77001
5.77001 5.76997 6.15985 5.76999 5.77001 5.7699 5.76967 8.15963 8.15915 5.7697 5.76992 5.76987 5.76978 5.7695 5.76946 5.77001 5.77001 5.77001 5.77001 5.77001 5.77001 5.77001 5.77001 5.77001 5.77001 5.76876 5.77 5.76538 5.77001 5.77001 5.77001 5.71898 11.4167 13.448 15.653 21.3305 27.0616 32.8916 38.7012 44.5056 47.0299 52.6982 58.5635 53.8155 47.8916 41.9501 35.9664 29.8961 24.3956 18.267 16.2443 14.3913 15.3499 16.6568 13.2105 7.30715 5.68576 5.77001 5.77001 5.77001 5.77001 5.77001 5.77001 5.77001 5.77001 5.77001 5.77001 5.77001
5.77001 5.76998 5.76998 5.76998 5.77001 5.77001 5.76979 5.76963 5.76963 5.77001 5.7691 7.71711 5.76934 5.77001 5.77001 5.77001 5.77001 5.77001 5.77001 5.77001 5.77001 5.77001 5.77001 5.77001 5.77001 5.76673 8.15081 5.75853 5.77001 5.77001 5.77001 5.71681 11.3673 17.1917 21.693 24.0088 29.3919 31.7334 36.4188 38.7119 44.4199 50.2667 56.1597 51.3829 45.4207 39.4343 33.4001 27.303 21.0624 15.3559 9.10458 7.58861 9.09461 10.6642 11.2328 11.2801 5.68474 5.76798 5.76965 5.76985 5.7692 5.76789 5.76784 5.76867 5.77001 5.77001 5.77001 5.77001
5.77001 5.77001 5.77001 5.77001 5.77001 5.77001 5.77001 5.77001 5.77001 5.76935 8.15471 11.5365 5.76832 5.76968 5.77001 5.77001 5.77001 5.77001 5.77001 5.77001 5.77001 5.77001 5.77001 5.77001 5.76821 5.75546 11.5237 5.75287 5.77001 5.77001 5.77001 5.73622 11.3923 13.452 15.7496 21.1151 23.4017 28.0837 30.3128 36.0676 41.9593 47.8413 53.7652 48.9648 42.9517 36.8949 30.7772 24.5767 18.2544 11.7133 6.38084 3.3123 4.58752 5.42203 5.62634 5.72123 8.06646 6.09552 6.09983 6.099 5.76952 8.15849 8.15673 5.76835 5.77001 5.77001 5.77001 5.77001
5.77001 5.77001 5.77001 5.77001 5.77001 5.77001 5.77001 5.77001 5.76986 5.76854 11.5375 13.9259 8.15514 5.76953 5.77001 5.77001 5.77001 5.77001 5.77001 5.77001 5.77001 5.77001 5.77001 5.76744 5.75087 8.10482 11.5057 5.7361 5.76392 5.77001 5.77001 5.75955 5.62231 7.52212 12.8173 15.016 19.6624 21.7787 27.606 33.5646 39.5065 45.422 51.3556 46.5633 40.5064 34.3874 28.218 21.911 15.442 8.77235 3.17539 4.94584 5.77001 5.77001 5.77001 5.76802 5.76716 5.76799 5.76964 5.76982 5.76938 5.76866 5.76879 5.76894 5.77001 5.77001 5.77001 5.77001
5.77001 5.77001 5.77001 5.77001 5.77001 5.76998 5.76997 5.76986 5.76903 8.1571 13.9272 11.5348 5.76798 5.76947 5.77001 5.77001 5.77001 5.77001 5.77001 5.77001 5.77001 5.77001 5.76694 5.74512 8.06892 13.8562 13.8342 8.03872 5.73864 5.76488 5.77001 5.77001 5.75483 5.51845 6.77463 11.1864 13.0778 19.0034 25.0514 31.0616 37.0499 43.0033 46.8391 45.5605 40.0349 33.9329 27.7864 22.8361 16.5777 9.90942 4.40104 5.15732 5.77001 5.77001 5.77001 5.77001 5.77001 5.77001 5.77001 5.77001 5.77001 5.77001 5.77001 5.77001 5.77001 5.77001 5.77001 5.77001
5.77001 5.77001 5.77001 5.77001 5.77001 5.76998 6.16002 5.76984 8.15741 13.926 8.15624 5.76822 5.76912 5.77001 5.77001 5.77001 5.77001 5.77001 5.77001 5.77001 5.7696 5.76659 5.74389 8.04895 13.8303 16.2459 16.2216 13.8058 8.02501 5.74612 5.77001 5.77001 5.77001 5.74304 5.23647 4.74895 10.2808 16.4137 22.5411 28.6027 34.6303 38.4402 40.8691 41.5304 37.0793 31.4738 25.2323 19.0273 17.1814 13.0471 7.0511 4.82688 5.73598 5.76578 5.76499 5.76658 5.76877 5.77001 5.77001 5.77001 5.77001 5.77001 5.77001 5.77001 5.77001 5.77001 5.77001 5.77001
5.77001 5.77001 5.77001 5.77001 5.77001 5.76997 5.76995 5.76975 5.76874 8.15549 5.76864 5.76947 5.77001 5.77001 5.77001 5.77001 5.77001 5.77001 5.77001 5.77001 5.76952 6.13379 8.0714 13.8286 16.2217 22.0102 21.9879 16.2032 11.4117 5.71938 5.77001 5.77001 5.77001 5.77001 5.67908 4.42439 7.99206 14.1359 20.2093 26.3079 30.061 32.4068 34.8913 35.619 33.0359 28.5421 22.8201 16.3736 9.91815 8.62034 9.76613 6.6822 5.72261 5.91939 5.8994 5.89642 5.71113 5.77001 5.77001 5.77001 5.77001 5.77001 5.77001 5.77001 5.77001 5.77001 5.77001 5.77001
5.77001 5.77001 5.77001 5.77001 5.77001 5.77001 5.77001 5.77001 5.76966 5.77001 5.76971 5.77001 5.77001 5.77001 5.77001 5.77001 5.77001 5.77001 5.77001 5.77001 5.76711 5.73227 11.4332 16.2214 22.0081 24.3378 21.8892 16.1064 11.3868 5.70806 5.77001 5.77001 5.77001 5.77001 5.71735 7.07531 12.032 14.182 20.2126 22.2608 23.9112 26.2505 28.8715 33.3495 26.8675 24.3827 19.8952 14.0443 7.64379 3.55047 4.83327 5.56022 5.73815 5.73537 7.91729 11.2619 5.58614 5.74304 5.77001 5.77001 5.77001 5.77001 5.77001 5.77001 5.77001 5.77001 5.77001 5.77001
5.77001 5.77001 5.77001 5.77001 5.77001 5.77001 5.77001 5.77001 5.76972 8.15988 5.76969 5.77001 5.77001 5.77001 5.77001 5.77001 5.77001 5.77001 5.77001 5.77001 5.75762 8.05701 13.8169 19.6018 24.407 21.9174 16.1272 13.685 7.86947 5.73507 5.77001 5.77001 5.77001 5.77001 5.73702 5.3646 5.92098 11.8745 14.8595 15.9155 17.5326 19.9471 26.5468 31.0728 24.4077 17.7837 15.56 11.2017 6.48831 4.89521 5.77001 5.77001 5.77001 5.75098 5.62688 11.3775 7.51731 5.67333 5.77001 5.77001 5.77001 5.77001 5.77001 5.77001 5.77001 5.77001 5.77001 5.77001
5.77001 5.77001 5.77001 5.77001 5.77001 5.77001 5.77001 5.77001 5.76984 5.76982 5.76978 5.77001 5.77001 5.77001 5.77001 5.77001 5.77001 5.77001 5.77001 5.77001 5.74636 11.4512 16.2252 22.0002 25.3126 19.5059 13.7109 11.2766 5.64295 5.75787 5.76728 5.7662 5.77001 5.77001 5.77001 5.73909 5.14062 10.4791 8.65636 9.42899 11.0355 17.7578 24.301 28.7275 22.1449 15.3444 8.6297 7.6125 4.4178 5.60189 5.77001 5.77001 5.77001 5.77001 5.65799 11.345 11.2087 5.57615 5.74918 5.77001 5.75218 5.72066 5.71558 5.75106 5.77001 5.77001 5.77001 5.77001
5.77001 5.77001 5.77001 5.77001 5.77001 5.77001 5.77001 5.77001 5.77001 5.77001 5.77001 5.77001 5.77001 5.77001 5.77001 5.77001 5.77001 5.77001 5.77001 5.77001 5.74242 11.44 16.1987 21.9713 22.9176 17.1028 12.0714 12.208 8.02095 6.14231 6.15783 5.76759 5.77001 5.77001 5.77001 5.77001 5.62035 7.46875 4.65998 3.6402 9.63456 16.2171 22.5563 26.6145 20.1872 13.5003 6.79321 3.64108 5.38386 5.77001 5.77001 5.77001 5.77001 5.77001 5.68055 11.3544 13.5175 7.64829 5.66911 5.70312 5.70833 8.09075 8.00068 5.7544 5.77001 5.77001 5.77001 5.77001
5.77001 5.77001 5.77001 5.77001 5.77001 5.77001 5.77001 5.77001 5.77001 5.77001 5.77001 5.77001 5.77001 5.77001 5.77001 5.77001 5.77001 5.77001 5.77001 5.77001 5.75372 8.0142 13.7726 19.5504 22.9326 17.1224 12.0643 7.78652 5.69264 5.7623 5.76844 5.76888 5.77001 5.77001 5.77001 5.77001 5.74357 5.72562 5.69521 4.82568 8.68189 14.9381 21.1001 25.1262 18.7747 12.3149 5.79617 4.68033 5.77001 5.77001 5.77001 5.77001 5.77001 5.77001 5.69307 11.3175 15.9198 13.4884 7.8252 11.3688 7.95093 12.1226 8.04151 5.75506 5.77001 5.77001 5.77001 5.77001
5.77001 5.77001 5.77001 5.77001 5.77001 5.77001 5.77001 5.77001 5.77001 5.77001 5.77001 5.77001 5.77001 5.77001 5.77001 5.77001 5.77001 5.77001 5.77001 5.77001 5.76652 5.70979 11.3498 16.1383 21.9468 17.0056 11.1597 5.53056 5.73283 5.7644 5.76496 5.76687 5.76884 5.77001 5.77001 5.77001 5.76374 5.75093 5.60295 5.21088 9.86082 15.8622 21.8716 26.9442 20.8801 14.7527 8.65579 5.04239 5.77001 5.77001 5.77001 5.77001 5.77001 5.75867 5.65773 11.2537 17.0954 16.0515 14.1473 16.0441 13.7463 11.3562 5.69586 5.76573 5.77001 5.77001 5.77001 5.77001
