tests/full-run-ref/erosion_81_12_73.110.asc
ncols 512
nrows 512
xllcorner -3.24582
yllcorner -4.08743
cellsize 5
NODATA_value -99999
[rows 310 to 340 of 512, columns 142 to 212 of 512]
11.5371 11.54 11.54 11.54 11.54 11.54 11.54 11.54 11.54 11.54 11.54 11.54 11.54 11.54 11.54 11.54 11.54 11.54 11.54 11.54 11.54 11.54 11.54 11.54 11.54 11.54 11.54 11.54 11.54 11.54 11.54 11.54 11.54 11.54 11.54 11.54 11.54 11.54 11.54 11.54 11.54 11.54 11.54 11.54 11.54 11.54 11.54 11.54 11.54 11.54 11.5399 11.5399 11.5399 11.54 11.54 11.54 11.54 11.54 11.54 11.54 11.54 11.54 11.54 11.54 11.54 11.54 11.54 11.54 11.54 11.5399 11.5399
11.5369 11.5365 11.5345 11.54 11.54 11.5329 11.54 11.54 11.54 11.54 11.54 11.54 11.54 11.54 11.5338 11.54 11.5324 11.54 11.5337 11.5342 11.54 11.5359 11.54 11.5375 11.54 11.5388 11.54 11.5394 11.54 11.5394 11.54 11.5396 11.54 11.5397 11.5397 11.5396 11.5397 11.54 11.5398 11.5398 11.5398 11.5398 11.5399 11.5399 11.5399 11.5399 11.54 11.54 11.54 11.54 11.54 11.5399 11.54 11.54 11.54 11.54 11.54 11.54 11.54 11.54 11.54 11.54 11.54 11.54 11.54 11.54 11.54 11.54 11.54 11.5399 11.5399
11.537 11.5357 11.5233 11.5276 11.5193 11.5198 11.5275 11.5235 11.5291 11.5233 11.5277 11.5222 11.5275 11.5216 11.5211 11.5271 11.5261 11.5191 11.5254 11.5255 11.5318 11.5326 11.5305 11.5332 11.5368 11.538 11.5377 11.5385 11.539 11.5391 11.5387 11.5389 11.5393 11.5395 11.5395 11.5395 11.5394 11.5391 11.5393 11.5394 11.5395 11.5395 11.5396 11.5397 11.5398 11.5398 11.5399 11.5399 11.5399 11.5399 11.54 11.54 11.54 11.54 11.54 11.5399 11.54 11.54 11.54 11.5399 11.54 11.54 11.54 11.54 11.54 11.54 11.54 11.54 11.54 11.5399 11.5399
11.5373 11.5361 11.5332 11.5284 11.5341 11.534 11.5235 11.5324 11.53 11.5343 11.5237 11.5313 11.5274 11.5339 11.534 11.512 11.5183 11.5336 11.5353 11.5354 11.5229 11.5282 11.5373 11.538 11.5335 11.5368 11.5395 11.5396 11.5383 11.5387 11.5396 11.5397 11.5386 11.539 11.5388 11.5391 11.5389 11.5396 11.5397 11.5397 11.5397 11.5398 11.5398 11.5398 11.5399 11.5399 11.5399 11.5399 11.5399 11.54 11.54 11.54 11.5399 11.54 11.5399 11.5399 11.5399 11.5399 11.5398 11.54 11.54 11.54 11.5399 11.54 11.54 11.54 11.54 11.54 11.54 11.5399 11.5399
11.5372 11.54 11.54 11.54 11.54 11.54 11.54 11.54 11.54 11.54 11.54 11.54 11.54 11.54 11.54 11.54 11.54 11.54 11.54 11.54 11.54 11.54 11.54 11.54 11.54 11.54 11.54 11.54 11.54 11.54 11.54 11.54 11.54 11.54 11.54 11.54 11.54 11.54 11.5397 11.5398 11.5398 11.5399 11.5399 11.5399 11.5399 11.54 11.54 11.54 11.54 11.54 11.54 11.54 11.54 11.54 11.54 11.54 11.54 11.5399 11.54 11.54 11.5399 11.54 11.54 11.54 11.54 11.54 11.54 11.54 11.54 11.5399 11.5399
11.537 11.536 11.5333 11.5332 11.5325 11.5308 11.5326 11.5318 11.5322 11.5329 11.5303 11.5312 11.5307 11.5289 11.5293 11.5292 11.5307 11.532 11.5322 11.5343 11.5352 11.5368 11.5376 11.5377 11.5389 11.5394 11.5395 11.5397 11.5396 11.5396 11.5396 11.5395 11.5396 11.5397 11.5398 11.5397 11.5397 11.5396 11.5397 11.5396 11.5398 11.5398 11.5398 11.5398 11.5399 11.5399 11.5399 11.54 11.54 11.54 11.54 11.54 11.54 11.54 11.54 11.54 11.54 11.54 11.54 11.54 11.5399 11.54 11.54 11.54 11.54 11.54 11.54 11.54 11.54 11.54 11.5399
11.5372 11.5355 11.5258 11.5249 11.5217 11.5213 11.5229 11.5233 11.5233 11.5213 11.5194 11.5197 11.5165 11.516 11.5154 11.5148 11.5181 11.5181 11.523 11.5263 11.5293 11.5327 11.5338 11.5358 11.5375 11.5384 11.5391 11.5392 11.5391 11.5391 11.5389 11.5389 11.5391 11.5392 11.5394 11.5394 11.5396 11.54 11.54 11.54 11.54 11.54 11.54 11.54 11.54 11.54 11.54 11.54 11.54 11.54 11.54 11.54 11.54 11.54 11.54 11.54 11.54 11.54 11.54 11.54 11.54 11.54 11.54 11.54 11.54 11.54 11.54 11.54 11.54 11.54 11.5399
11.5376 11.5362 11.5342 11.5337 11.5331 11.5328 11.5317 11.5324 11.5315 11.5315 11.5307 11.5309 11.5304 11.5298 11.5295 11.5293 11.529 11.5308 11.5323 11.5342 11.5353 11.54 11.54 11.54 11.54 11.54 11.54 11.54 11.54 11.54 11.54 11.54 11.54 11.54 11.54 11.54 11.54 11.54 11.5395 11.54 11.54 11.54 11.5398 11.54 11.54 11.54 11.5399 11.54 11.54 11.54 11.5399 11.54 11.54 11.54 11.54 11.54 11.54 11.54 11.54 11.5399 11.54 11.5399 11.54 11.54 11.54 11.54 11.54 11.54 11.54 11.54 11.54
11.538 11.5369 11.5351 11.5348 11.5333 11.5338 11.5335 11.5326 11.5325 11.5324 11.5315 11.5317 11.53 11.5309 11.5289 11.5304 11.5314 11.5325 11.534 11.5355 11.5364 11.5371 11.5381 11.5386 11.5392 11.5395 11.5396 11.5396 11.5395 11.5395 11.5394 11.5394 11.5395 11.5396 11.5396 11.5397 11.5395 11.5391 11.5392 11.5388 11.5394 11.5393 11.5394 11.5396 11.5395 11.5397 11.5397 11.5397 11.5398 11.5398 11.5399 11.5399 11.5399 11.5399 11.5399 11.54 11.54 11.54 11.5399 11.5398 11.5398 11.5398 11.5399 11.54 11.54 11.54 11.54 11.54 11.54 11.54 11.54
11.5198 11.5374 11.5359 11.5353 11.5347 11.5337 11.5344 11.5342 11.5339 11.5337 11.5333 11.5318 11.5312 11.5317 11.5315 11.5306 11.5324 11.5327 11.535 11.5358 11.5371 11.5376 11.5358 11.5372 11.5382 11.5389 11.539 11.539 11.5388 11.5387 11.5386 11.5386 11.5388 11.5389 11.5385 11.5393 11.5396 11.5384 11.5389 11.5396 11.5391 11.5397 11.5397 11.5397 11.5398 11.5394 11.5396 11.5399 11.5397 11.5399 11.5399 11.5399 11.5398 11.5398 11.5399 11.5399 11.5399 11.5399 11.54 11.5399 11.5396 11.5396 11.54 11.54 11.54 11.54 11.54 11.54 11.5399 11.54 11.54
11.5162 11.5379 11.5367 11.5363 11.5353 11.5349 11.5351 11.5342 11.5346 11.5336 11.5341 11.5338 11.5334 11.5321 11.5327 11.5329 11.5326 11.54 11.54 11.54 11.54 11.54 11.54 11.54 11.54 11.54 11.54 11.54 11.54 11.54 11.54 11.54 11.54 11.54 11.54 11.54 11.54 11.54 11.54 11.54 11.54 11.54 11.54 11.54 11.54 11.54 11.54 11.54 11.54 11.54 11.54 11.54 11.54 11.54 11.54 11.54 11.54 11.54 11.54 11.54 11.5399 11.5399 11.5399 11.54 11.54 11.54 11.54 11.5399 11.5399 11.5399 11.54
11.5224 11.5384 11.5374 11.537 11.5366 11.5362 11.5354 11.5351 11.5353 11.535 11.5342 11.5347 11.5337 11.5334 11.534 11.5335 11.5343 11.5353 11.5366 11.5372 11.5381 11.5387 11.5389 11.5391 11.54 11.54 11.54 11.54 11.54 11.5389 11.5389 11.5389 11.54 11.54 11.54 11.54 11.54 11.5396 11.5396 11.5395 11.54 11.54 11.54 11.54 11.54 11.5397 11.5398 11.5398 11.54 11.54 11.54 11.54 11.54 11.54 11.54 11.54 11.54 11.54 11.54 11.54 11.54 11.5399 11.5399 11.54 11.54 11.54 11.54 11.5399 11.5399 11.5399 11.5399
11.5262 11.5387 11.5379 11.5376 11.5367 11.5368 11.5364 11.5363 11.5356 11.5359 11.5356 11.5349 11.5348 11.5346 11.535 11.5355 11.5357 11.5362 11.5325 11.5346 11.5362 11.5374 11.5377 11.5375 11.5383 11.5377 11.5385 11.5376 11.538 11.538 11.538 11.538 11.5376 11.5387 11.5383 11.539 11.5388 11.539 11.539 11.5385 11.5389 11.5386 11.5392 11.539 11.5393 11.5395 11.5396 11.5396 11.5396 11.5398 11.5397 11.5399 11.5399 11.54 11.54 11.54 11.54 11.54 11.54 11.54 11.54 11.54 11.54 11.54 11.54 11.54 11.54 11.54 11.54 11.54 11.54
11.5318 11.5389 11.5383 11.5379 11.5374 11.5367 11.5369 11.5363 11.5362 11.5364 11.5359 11.5358 11.5355 11.5355 11.5361 11.5361 11.5368 11.5371 11.5375 11.5382 11.5387 11.5391 11.5392 11.5389 11.5382 11.539 11.5376 11.5388 11.5368 11.5352 11.5363 11.5358 11.5389 11.5385 11.5394 11.5387 11.5395 11.5395 11.5395 11.5393 11.5389 11.5394 11.5387 11.5395 11.539 11.5387 11.5391 11.5391 11.5398 11.5397 11.5399 11.5397 11.54 11.54 11.54 11.54 11.54 11.54 11.54 11.54 11.54 11.54 11.54 11.54 11.54 11.54 11.5399 11.5399 11.54 11.54 11.5399
11.5395 11.5391 11.5386 11.5383 11.5376 11.5372 11.5372 11.5371 11.537 11.5365 11.5364 11.5362 11.5361 11.5361 11.5367 11.5372 11.5372 11.5378 11.5383 11.5389 11.5394 11.5394 11.5392 11.5388 11.54 11.54 11.54 11.54 11.54 11.54 11.54 11.54 11.54 11.54 11.54 11.54 11.54 11.54 11.54 11.54 11.54 11.54 11.54 11.54 11.54 11.54 11.54 11.54 11.54 11.54 11.54 11.5398 11.5399 11.5398 11.5399 11.5398 11.5399 11.5399 11.5399 11.54 11.54 11.54 11.5399 11.5399 11.5399 11.5399 11.5399 11.5398 11.5399 11.5398 11.5399
11.535 11.5393 11.5388 11.5386 11.5382 11.5378 11.5372 11.5374 11.537 11.537 11.5368 11.5366 11.5365 11.5367 11.5374 11.5375 11.538 11.5385 11.5244 11.5315 11.5347 11.5394 11.5392 11.5385 11.54 11.54 11.54 11.54 11.5382 11.54 11.5384 11.54 11.54 11.54 11.5388 11.539 11.539 11.539 11.539 11.539 11.54 11.54 11.54 11.54 11.5394 11.54 11.5396 11.54 11.54 11.54 11.54 11.5398 11.5398 11.5399 11.5398 11.5399 11.5399 11.5399 11.54 11.54 11.54 11.54 11.54 11.54 11.5399 11.54 11.54 11.54 11.5399 11.5399 11.5399
11.5338 11.5394 11.539 11.5388 11.5382 11.5381 11.5378 11.5374 11.5375 11.5375 11.5373 11.5372 11.5372 11.5374 11.5379 11.5383 11.5385 11.5388 11.5223 11.54 11.5297 11.5393 11.5391 11.5374 11.5384 11.5347 11.5365 11.535 11.5348 11.5363 11.5361 11.5358 11.5374 11.5365 11.5373 11.5376 11.5378 11.5378 11.5377 11.5373 11.5383 11.5376 11.5385 11.5379 11.5384 11.5391 11.5392 11.5391 11.5395 11.5395 11.5397 11.5399 11.5399 11.5399 11.5399 11.5399 11.5399 11.5399 11.5399 11.54 11.54 11.54 11.54 11.54 11.54 11.54 11.54 11.54 11.54 11.54 11.54
11.535 11.5395 11.5392 11.539 11.5386 11.5381 11.5381 11.538 11.5381 11.538 11.54 11.54 11.54 11.54 11.54 11.54 11.54 11.54 11.5037 11.494 11.5079 11.54 11.54 11.54 11.5381 11.5379 11.5345 11.5377 11.5377 11.5346 11.5334 11.538 11.5377 11.5389 11.5391 11.5392 11.5393 11.5393 11.5393 11.5392 11.5378 11.539 11.5386 11.5394 11.5395 11.5382 11.5389 11.5397 11.5394 11.5395 11.5399 11.5399 11.5399 11.5399 11.5399 11.5399 11.5399 11.5399 11.5399 11.5399 11.54 11.54 11.54 11.54 11.54 11.54 11.54 11.54 11.54 11.54 11.54
11.5398 11.5396 11.5394 11.5392 11.5388 11.5384 11.5384 11.5381 11.5384 11.5379 11.54 11.54 11.5376 11.5373 11.5373 11.5371 11.5369 11.5367 11.5367 11.5369 11.5372 11.5375 11.5377 11.5375 11.54 11.54 11.54 11.54 11.54 11.54 11.54 11.54 11.54 11.54 11.54 11.54 11.54 11.54 11.54 11.54 11.54 11.54 11.54 11.54 11.54 11.54 11.54 11.54 11.54 11.54 11.54 11.54 11.54 11.54 11.54 11.54 11.54 11.54 11.54 11.54 11.54 11.54 11.54 11.54 11.54 11.54 11.54 11.54 11.54 11.54 11.54
11.54 11.54 11.54 11.54 11.54 11.54 11.54 11.54 11.54 11.5379 11.5385 11.5344 11.5347 11.5344 11.5339 11.5336 11.5329 11.5325 11.5324 11.5328 11.5335 11.5344 11.5348 11.5341 11.5373 11.5379 11.538 11.54 11.5376 11.5371 11.5376 11.5376 11.5379 11.5381 11.54 11.5383 11.54 11.5388 11.54 11.5388 11.5391 11.5391 11.5391 11.5393 11.5394 11.5395 11.5395 11.5396 11.5397 11.5397 11.5398 11.5398 11.5398 11.5398 11.5398 11.5398 11.5398 11.5398 11.5399 11.54 11.5399 11.5399 11.5399 11.5399 11.54 11.5396 11.5399 11.5397 11.54 11.54 11.54
11.5397 11.5398 11.5394 11.5393 11.5389 11.5384 11.54 11.5381 11.54 11.54 11.5385 11.5385 11.5385 11.5383 11.538 11.5379 11.5377 11.5375 11.5373 11.5374 11.5378 11.5382 11.5383 11.5377 11.5373 11.5341 11.5326 11.5343 11.5357 11.5361 11.5359 11.5364 11.5365 11.5367 11.535 11.5356 11.5373 11.5378 11.5368 11.5377 11.538 11.5382 11.5383 11.5385 11.5387 11.5388 11.539 11.5392 11.5393 11.5394 11.5395 11.5395 11.5395 11.5395 11.5396 11.5396 11.5396 11.5396 11.5396 11.5397 11.5398 11.5398 11.5399 11.5399 11.5399 11.5392 11.54 11.5395 11.54 11.5399 11.5399
11.5393 11.5395 11.5395 11.5392 11.5375 11.5357 11.5366 11.5365 11.5355 11.5383 11.54 11.54 11.54 11.54 11.54 11.54 11.54 11.54 11.54 11.54 11.54 11.54 11.54 11.54 11.54 11.5378 11.5369 11.5323 11.5303 11.5324 11.531 11.5335 11.5323 11.5352 11.5386 11.5387 11.5348 11.5366 11.5392 11.5394 11.5395 11.5394 11.5396 11.5396 11.5396 11.5397 11.5398 11.5398 11.5398 11.5398 11.5398 11.5398 11.5398 11.5398 11.5398 11.5398 11.5398 11.5398 11.5399 11.5394 11.5396 11.5396 11.5397 11.5397 11.5398 11.5391 11.539 11.5393 11.5399 11.5399 11.5399
11.5345 11.5377 11.5349 11.5394 11.539 11.5384 11.5353 11.5338 11.5382 11.538 11.5381 11.538 11.5374 11.5371 11.5374 11.5373 11.5366 11.5362 11.5367 11.5368 11.5366 11.5374 11.5384 11.5383 11.5379 11.538 11.5376 11.538 11.5381 11.5376 11.5378 11.5386 11.5388 11.538 11.54 11.54 11.54 11.54 11.54 11.54 11.54 11.54 11.54 11.54 11.54 11.54 11.54 11.54 11.54 11.54 11.54 11.54 11.54 11.54 11.54 11.54 11.54 11.54 11.54 11.54 11.54 11.54 11.54 11.54 11.54 11.54 11.54 11.54 11.54 11.54 11.54
11.5316 11.54 11.5346 11.5396 11.5391 11.54 11.54 11.54 11.54 11.54 11.54 11.5372 11.5343 11.5336 11.5338 11.533 11.5326 11.5319 11.5325 11.532 11.5332 11.5346 11.5363 11.5358 11.5385 11.5389 11.538 11.54 11.54 11.54 11.54 11.54 11.54 11.54 11.54 11.54 11.5383 11.5386 11.54 11.54 11.5394 11.5393 11.54 11.54 11.5395 11.5395 11.54 11.54 11.5396 11.5395 11.54 11.54 11.5395 11.5395 11.54 11.54 11.5397 11.5397 11.54 11.54 11.5398 11.5398 11.54 11.54 11.5399 11.5399 11.54 11.54 11.54 11.54 11.54
11.5301 11.5306 11.5351 11.5397 11.5389 11.5384 11.5381 11.5376 11.5379 11.5374 11.5375 11.5373 11.5375 11.5374 11.537 11.537 11.5368 11.5365 11.5368 11.537 11.5376 11.5382 11.5384 11.5387 11.5389 11.5384 11.5376 11.54 11.5374 11.54 11.54 11.5376 11.54 11.5371 11.5386 11.5348 11.5362 11.5365 11.5384 11.5376 11.5385 11.5383 11.539 11.5383 11.5388 11.5388 11.5393 11.5388 11.539 11.5386 11.539 11.5383 11.5387 11.5387 11.5394 11.539 11.5393 11.5391 11.5395 11.5392 11.5394 11.5395 11.5398 11.5397 11.5399 11.5399 11.5399 11.5399 11.5399 11.54 11.54
11.54 11.54 11.54 11.5398 11.5388 11.5381 11.5354 11.5349 11.5342 11.534 11.5344 11.5371 11.5376 11.5374 11.5374 11.5374 11.5373 11.537 11.5374 11.5373 11.5382 11.5383 11.5391 11.539 11.5392 11.539 11.5364 11.5371 11.5338 11.5326 11.5346 11.5356 11.5342 11.5329 11.5367 11.5386 11.5387 11.5391 11.5376 11.5391 11.5393 11.5392 11.539 11.5395 11.5396 11.5397 11.539 11.5395 11.5395 11.5393 11.5389 11.5395 11.5395 11.5396 11.539 11.5396 11.5397 11.5396 11.5394 11.5397 11.5398 11.5399 11.5398 11.54 11.54 11.54 11.54 11.54 11.54 11.54 11.54
11.5387 11.539 11.5327 11.5383 11.5286 11.5381 11.5377 11.5373 11.5373 11.537 11.5373 11.5374 11.5375 11.5376 11.5377 11.5377 11.5376 11.5376 11.5379 11.5382 11.5383 11.5391 11.5395 11.5391 11.5392 11.5388 11.5378 11.5334 11.5302 11.5365 11.5323 11.5311 11.5377 11.5379 11.5384 11.5379 11.54 11.54 11.54 11.54 11.54 11.54 11.54 11.54 11.54 11.54 11.54 11.54 11.54 11.54 11.54 11.54 11.54 11.54 11.54 11.54 11.54 11.54 11.54 11.54 11.54 11.54 11.54 11.54 11.54 11.54 11.54 11.54 11.54 11.54 11.54
11.5366 11.5373 11.5262 11.54 11.5072 11.54 11.54 11.54 11.54 11.54 11.54 11.54 11.54 11.54 11.54 11.54 11.54 11.54 11.54 11.5386 11.5391 11.5395 11.5395 11.5392 11.5394 11.5394 11.5382 11.54 11.54 11.54 11.54 11.54 11.54 11.54 11.54 11.54 11.54 11.54 11.54 11.54 11.54 11.54 11.54 11.54 11.5394 11.5395 11.5395 11.5394 11.5394 11.5392 11.5393 11.5392 11.54 11.54 11.54 11.54 11.54 11.54 11.54 11.54 11.5398 11.5397 11.5399 11.5398 11.5399 11.54 11.54 11.54 11.54 11.54 11.54
11.5382 11.5384 11.5213 11.4936 11.4892 11.54 11.535 11.5354 11.54 11.54 11.5372 11.5373 11.54 11.54 11.5379 11.5383 11.54 11.54 11.5387 11.5392 11.5395 11.5395 11.5396 11.5394 11.5395 11.5392 11.5382 11.5381 11.5371 11.5376 11.5378 11.5381 11.5383 11.538 11.5383 11.5372 11.5385 11.5357 11.5375 11.5367 11.5381 11.5375 11.5387 11.5381 11.5386 11.5387 11.5387 11.5387 11.5385 11.5383 11.5382 11.5376 11.5385 11.538 11.5389 11.5385 11.5391 11.5388 11.5394 11.5391 11.5395 11.5399 11.5398 11.5398 11.5398 11.5399 11.5399 11.5399 11.5399 11.5399 11.5399
11.54 11.54 11.54 11.5365 11.5357 11.5315 11.5283 11.528 11.5333 11.5309 11.5334 11.533 11.5363 11.534 11.5357 11.5358 11.5382 11.5371 11.5392 11.5395 11.5395 11.5396 11.5396 11.5395 11.5396 11.5395 11.5382 11.54 11.5373 11.5339 11.5349 11.5349 11.5358 11.5357 11.5361 11.5338 11.5368 11.5385 11.5364 11.5385 11.5382 11.5392 11.538 11.5392 11.5393 11.5393 11.5393 11.5394 11.5393 11.5392 11.5392 11.539 11.5386 11.5393 11.5384 11.5393 11.5392 11.5396 11.5395 11.54 11.54 11.5399 11.5399 11.5399 11.54 11.54 11.5399 11.54 11.54 11.54 11.54
11.538 11.5383 11.537 11.5352 11.5307 11.5351 11.536 11.5364 11.5311 11.5365 11.5373 11.5374 11.5367 11.5386 11.539 11.5392 11.5375 11.5393 11.5396 11.5396 11.5396 11.5397 11.5398 11.5396 11.5396 11.5395 11.5384 11.5383 11.5376 11.5375 11.5379 11.5381 11.538 11.5382 11.5383 11.538 11.5384 11.5381 11.5385 11.5387 11.5391 11.539 11.5392 11.5392 11.5393 11.5393 11.5393 11.5393 11.5393 11.5392 11.5393 11.5391 11.5393 11.5391 11.5394 11.5394 11.5396 11.5395 11.5397 11.5398 11.5399 11.5399 11.5399 11.5399 11.5399 11.5399 11.54 11.5399 11.54 11.54 11.54
