tests/full-run-ref/erosion_78_20_-12.873.asc
ncols 512
nrows 512
xllcorner -3.24582
yllcorner -4.08743
cellsize 5
NODATA_value -99999
[rows 72 to 107 of 512, columns 164 to 245 of 512]
93.7727 91.498 89.2012 86.7686 86.7734 89.1848 91.0773 178.311 172.851 167.147 161.349 155.544 149.757 143.967 138.18 132.392 126.605 120.819 115.045 109.261 103.477 97.694 91.9111 86.1284 80.346 74.5638 68.7819 63.0001 57.2186 51.4371 45.6558 39.8746 34.0935 28.3124 22.5314 16.7504 10.9731 5.52775 5.77 5.77 5.77 5.77 5.77 5.77 5.77 5.77 5.77 5.77 5.77 5.77 5.77 5.77 5.77 5.77 5.77 5.77 5.77 5.77 5.77 5.77 5.77 5.77 5.77 5.77 5.77 5.77 5.77 5.77 5.77 5.77 5.77 5.77 5.77 5.77 5.77 5.77 5.76999 5.76986 11.5399 8.15964 5.76986 5.76998
21.2722 85.6128 83.3835 81.0039 78.5646 78.5736 80.7276 82.5453 172.365 167.021 161.36 155.556 149.752 143.967 138.177 132.392 126.606 120.821 115.047 109.264 103.48 97.6975 91.915 86.1326 80.3505 74.5685 68.7867 63.0051 57.2235 51.442 45.6606 39.8792 34.0979 28.3167 22.5354 16.7542 10.9767 5.52962 5.77 5.77 5.77 5.77 5.77 5.77 5.77 5.77 5.77 5.77 5.77 5.77 5.77 5.77 5.77 5.77 5.77 5.77 5.77 5.77 5.77 5.77 5.77 5.77 5.77 5.77 5.77 5.77 5.77 5.77 5.77 5.77 5.77 5.77 5.77 5.77 5.77 5.77 5.76995 8.15983 13.9299 13.9297 8.15959 5.76986
19.2588 50.2637 77.6214 75.2689 72.8258 70.4152 70.4411 72.5311 74.092 166.766 161.37 155.563 149.764 143.962 138.178 132.389 126.604 120.819 115.045 109.261 103.478 97.6946 91.912 86.1296 80.3474 74.5653 68.7833 63.0013 57.2194 51.4375 45.6556 39.8738 34.0919 28.3101 22.5283 16.7465 10.9687 5.5266 5.77 5.77 5.77 5.77 5.77 5.77 5.77 5.77 5.77 5.77 5.77 5.77 5.77 5.77 5.77 5.77 5.77 5.77 5.77 5.77 5.77 5.77 5.77 5.77 5.77 5.77 5.77 5.77 5.77 5.77 5.77 5.77 5.77 5.77 5.77 5.77 5.77 5.77 5.76991 11.5398 16.3199 16.3197 13.9296 8.15962
17.0169 44.7898 71.889 69.5244 67.0764 64.6626 64.6874 67.0957 68.4478 166.696 161.38 155.57 149.772 143.975 138.175 132.391 126.602 120.818 115.038 109.254 103.47 97.6862 91.9029 86.1199 80.3369 74.554 68.7712 62.9884 57.2056 51.4228 45.6401 39.8573 34.0746 28.292 22.5093 16.7268 10.9485 5.51857 5.77 5.77 5.77 5.77 5.77 5.77 5.77 5.77 5.77 5.77 5.77 5.77 5.77 5.77 5.77 5.77 5.77 5.77 5.77 5.77 5.77 5.77 5.77 5.77 5.77 5.77 5.77 5.77 5.77 5.77 5.77 5.77 5.77 5.77 5.77 5.77 5.77 5.77 5.76991 11.5398 19.6999 22.0898 16.3197 13.9297
17.1437 39.1262 66.1396 63.7696 61.3161 58.8802 58.8871 61.3092 62.5996 166.627 161.373 155.57 149.769 143.975 138.182 132.384 126.6 120.812 115.026 109.241 103.456 97.6714 91.8869 86.1024 80.3181 74.5337 68.7495 62.9653 57.1811 51.397 45.613 39.8291 34.0453 28.2616 22.4781 16.6946 10.916 5.5057 5.77 5.77 5.77 5.77 5.77 5.77 5.77 5.77 5.77 5.77 5.77 5.77 5.77 5.77 5.77 5.77 5.77 5.77 5.77 5.77 5.77 5.77 5.77 5.77 5.77 5.77 5.77 5.77 5.77 5.77 5.77 5.77 5.77 5.77 5.77 5.77 5.77 5.77 5.76992 11.5398 19.6999 24.4798 22.0898 16.3197
17.1953 33.4074 60.3795 58.008 55.5507 53.0982 53.0941 55.525 56.7084 166.544 161.347 155.537 149.743 143.948 138.158 132.367 126.572 120.796 115.009 109.222 103.435 97.6484 91.8618 86.0752 80.2888 74.5026 68.7165 62.9306 57.1449 51.3594 45.5742 39.7891 34.0043 28.2196 22.4352 16.6511 10.8726 5.48869 5.77 5.77 5.77 5.77 5.77 5.77 5.77 5.77 5.77 5.77 5.77 5.77 5.77 5.77 5.77 5.77 5.77 5.77 5.77 5.77 5.77 5.77 5.77 5.77 5.77 5.77 5.77 5.77 5.77 5.77 5.77 5.77 5.77 5.77 5.77 5.77 5.77 5.77 5.76993 11.5398 19.6999 27.86 24.4798 22.0898
17.2344 27.6735 54.6168 52.2428 49.7814 47.3165 47.3053 49.742 50.8121 166.498 161.344 155.527 149.726 143.937 138.145 132.357 126.567 120.775 114.984 109.194 103.404 97.6143 91.8252 86.0364 80.2479 74.4598 68.6721 62.8847 57.0978 51.3112 45.5249 39.7391 33.9535 28.1683 22.3835 16.5989 10.8211 5.46894 5.77 5.77 5.77 5.77 5.77 5.77 5.77 5.77 5.77 5.77 5.77 5.77 5.77 5.77 5.77 5.77 5.77 5.77 5.77 5.77 5.77 5.77 5.77 5.77 5.77 5.77 5.77 5.77 5.77 5.77 5.77 5.77 5.77 5.77 5.77 5.77 5.77 5.77 5.76994 11.5399 19.6999 27.86 28.8499 23.0798
16.2709 21.9335 48.8559 46.4788 44.0093 41.5351 41.519 43.9609 44.9369 166.452 161.33 155.518 149.706 143.908 138.119 132.326 126.535 120.74 114.946 109.153 103.36 97.5686 91.7775 85.9869 80.197 74.4076 68.6189 62.8307 57.0431 51.256 45.4694 39.6834 33.8977 28.1124 22.3275 16.5429 10.7662 5.44865 5.77 5.77 5.77 5.77 5.77 5.77 5.77 5.77 5.77 5.77 5.77 5.77 5.77 5.77 5.77 5.77 5.77 5.77 5.77 5.77 5.77 5.77 5.77 5.77 5.77 5.77 5.77 5.77 5.77 5.77 5.77 5.77 5.77 5.77 5.77 5.77 5.77 5.77 5.76994 11.5399 22.0899 30.25 28.8499 23.0798
13.887 16.1838 46.4972 40.6898 38.2422 35.7366 35.6872 38.1197 39.4068 166.256 161.081 155.513 149.699 143.883 138.081 132.287 126.486 120.691 114.898 109.104 103.31 97.5167 91.7243 85.9329 80.1424 74.3527 68.5639 62.7757 56.9883 51.2014 45.4152 39.6294 33.8441 28.0591 22.2745 16.4902 10.7152 5.43103 5.77 5.77 5.77 5.77 5.77 5.77 5.77 5.77 5.77 5.77 5.77 5.77 5.77 5.77 5.77 5.77 5.77 5.77 5.77 5.77 5.77 5.77 5.77 5.77 5.77 5.77 5.77 5.77 5.77 5.77 5.77 5.77 5.77 5.77 5.77 5.77 5.77 5.76997 8.15995 13.9299 36.41 34.6199 28.8499 23.0798
8.10955 13.8391 19.4938 38.327 32.4559 29.9871 27.4835 27.4909 29.3855 30.6433 160.17 155.16 149.675 143.853 138.031 132.223 126.444 120.652 114.855 109.058 103.263 97.4684 91.6758 85.8845 80.0942 74.305 68.5167 62.7293 56.9426 51.1564 45.3708 39.5856 33.8008 28.0165 22.2324 16.4503 10.6804 5.42049 5.77 5.77 5.77 5.77 5.77 5.77 5.77 5.77 5.77 5.77 5.77 5.77 5.77 5.77 5.77 5.77 5.77 5.77 5.77 5.77 5.77 5.77 5.77 5.77 5.77 5.77 5.77 5.77 5.77 5.77 5.77 5.77 5.77 5.77 5.77 5.77 5.76998 8.15997 13.9299 16.3199 40.3899 34.6199 28.8499 23.0799
5.73985 11.4884 13.8148 16.0614 30.1661 24.2495 21.7826 19.3296 19.3789 21.2254 22.05 154.238 149.336 143.885 138.058 132.247 126.446 120.634 114.828 109.027 103.23 97.4367 91.6448 85.8543 80.0655 74.2778 68.491 62.7046 56.9186 51.133 45.3479 39.5632 33.7789 27.9954 22.2178 16.4441 10.6788 5.42185 5.77 5.77 5.77 5.77 5.77 5.77 5.77 5.77 5.77 5.77 5.77 5.77 5.77 5.77 5.77 5.77 5.77 5.77 5.77 5.77 5.77 5.77 5.77 5.77 5.77 5.77 5.77 5.77 5.77 5.77 5.77 5.77 5.77 5.77 5.77 5.76999 8.15998 13.93 16.3199 38.4097 36.0197 33.6297 28.8499 23.0799
5.76529 5.72143 8.05804 13.8122 16.1393 22.0112 16.0577 13.6191 11.2369 11.2736 12.8576 13.1165 148.08 142.406 136.839 131.936 126.493 120.661 114.848 109.048 103.252 97.4586 91.6657 85.875 80.0856 74.2975 68.5102 62.7235 56.9373 51.1516 45.3665 39.5818 33.7977 28.0151 22.2567 16.4908 10.7243 5.43804 5.77 5.77 5.77 5.77 5.77 5.77 5.77 5.77 5.77 5.77 5.77 5.77 5.77 5.77 5.77 5.77 5.77 5.77 5.77 5.77 5.77 5.77 5.77 5.77 5.77 5.77 5.77 5.77 5.77 5.77 5.77 5.77 5.77 5.77 5.77 5.76997 11.54 16.32 22.09 32.6398 30.2497 27.8597 25.4698 23.0799
5.77 5.7654 5.72118 8.05044 13.8579 16.2919 13.8082 7.95049 8.06002 8.07411 7.94104 12.6026 22.0016 27.1134 32.929 131.722 126.638 120.801 114.987 109.182 103.38 97.5795 91.7853 85.9921 80.2015 74.4116 68.6226 62.8342 57.0467 51.2601 45.4742 39.689 33.9046 28.1213 22.3365 16.585 10.8139 5.46773 5.77 5.77 5.77 5.77 5.77 5.77 5.77 5.77 5.77 5.77 5.77 5.77 5.77 5.77 5.77 5.77 5.77 5.77 5.77 5.77 5.77 5.77 5.77 5.77 5.77 5.77 5.77 5.77 5.77 5.77 5.76999 5.76998 5.76998 5.76999 5.76997 8.15997 13.93 22.09 36.0197 30.2498 24.4798 22.0897 19.6998 17.3099
5.77 5.77 5.76506 5.71696 11.509 13.919 8.10563 8.1479 8.16001 8.16001 8.05912 11.2082 21.7487 27.5036 32.0069 132.041 126.77 120.967 115.151 109.341 103.528 97.7328 91.9331 86.1408 80.3472 74.5556 68.7644 62.9748 57.1866 51.3995 45.6134 39.8284 34.0444 28.2614 22.4771 16.6903 10.9211 5.50451 5.77 5.77 5.77 5.77 5.77 5.77 5.77 5.77 5.77 5.77 5.77 5.77 5.77 5.77 5.77 5.77 5.77 5.77 5.77 5.77 5.77 5.77 5.77 5.77 5.77 5.77 5.77 5.77 5.77 5.77 5.76998 8.15997 8.15996 6.15995 8.15997 13.93 16.32 39.3997 33.6297 27.8597 22.0897 16.3197 13.9297 11.5399
5.77 5.77 5.77 5.76331 8.14456 11.5367 8.15378 8.16001 8.16001 8.15574 8.06962 13.8276 17.0877 19.2945 35.2935 131.626 126.636 121.002 115.177 109.379 103.6 97.7974 92.012 86.2161 80.4259 74.6336 68.8446 63.0571 57.2709 51.4855 45.7013 39.9186 34.1365 28.3562 22.5758 16.7944 11.0133 5.53937 5.77 5.77 5.77 5.77 5.77 5.77 5.77 5.77 5.77 5.77 5.77 5.77 5.77 5.77 5.77 5.77 5.77 5.77 5.77 5.77 5.77 5.77 5.77 5.77 5.77 5.77 5.77 5.77 5.77 5.77 5.76996 11.54 13.93 16.32 13.93 16.32 22.09 37.0097 31.2397 25.4697 19.6997 13.9299 11.5399 8.15995
5.77 5.77 5.77 5.76905 5.75957 11.538 8.15568 8.15389 8.15217 8.14244 13.9258 11.4825 11.3544 13.6083 15.547 20.3146 125.989 120.933 115.145 109.369 103.578 97.8133 92.0147 86.2365 80.4449 74.6616 68.8775 63.0942 57.3107 51.5279 45.747 39.9661 34.1862 28.4059 22.6268 16.8482 11.0716 5.56583 5.77 5.77 5.77 5.77 5.77 5.77 5.77 5.77 5.77 5.77 5.77 5.77 5.77 5.77 5.77 5.77 5.77 5.77 5.77 5.77 5.77 5.77 5.77 5.77 5.77 5.77 5.77 5.77 5.77 5.77 5.76996 11.54 19.7 22.09 22.48 22.09 38.41 32.64 28.8497 23.0797 17.3098 11.5399 8.15993 5.76996
5.77 5.77 5.77 5.77 5.76288 11.5345 8.14646 13.9069 8.10662 13.9141 8.12597 8.10781 8.08411 7.98663 13.7288 14.7533 125.211 120.142 114.882 109.372 103.575 97.7809 92.0175 86.219 80.4455 74.6635 68.8844 63.1031 57.3226 51.5429 45.7636 39.986 34.2086 28.4314 22.6537 16.8765 11.1017 5.5839 5.77 5.77 5.77 5.77 5.77 5.77 5.77 5.77 5.77 5.77 5.77 5.77 5.77 5.77 5.77 5.77 5.77 5.77 5.77 5.77 5.77 5.77 5.77 5.77 5.77 5.77 5.77 5.77 5.77 5.77 8.15999 13.93 16.32 22.09 28.25 30.64 32.64 30.25 24.48 22.09 17.31 11.5399 5.76993 5.77
5.77 5.77 5.77 5.77 5.76582 8.14789 13.9133 16.2979 22.0665 11.4786 8.12857 8.16001 8.16001 8.13713 7.98295 13.1264 18.4192 19.8665 114.483 109.23 103.608 97.7908 91.9936 86.231 80.4394 74.6644 68.8831 63.1054 57.3289 51.5534 45.7795 40.0041 34.2287 28.4535 22.6781 16.9023 11.1283 5.59734 5.77 5.77 5.77 5.77 5.77 5.77 5.77 5.77 5.77 5.77 5.77 5.77 5.77 5.77 5.77 5.77 5.77 5.77 5.77 5.77 5.77 5.77 5.77 5.77 5.77 5.77 5.77 5.77 5.77 5.77 5.76999 8.15999 13.93 16.32 36.02 32.64 30.25 24.48 22.09 16.32 13.93 11.54 5.76998 5.77
5.77 5.77 5.77 5.77 5.76916 5.7542 11.5161 16.291 19.6786 13.8717 8.11921 8.16001 8.16001 8.16001 8.10655 11.3975 13.7339 15.5396 20.5783 109.105 103.661 97.829 92.0145 86.2182 80.457 74.6728 68.8998 63.1254 57.3516 51.5778 45.8031 40.0283 34.254 28.4791 22.7041 16.9288 11.155 5.60906 5.77 5.77 5.77 5.77 5.77 5.77 5.77 5.77 5.77 5.77 5.77 5.77 5.77 5.77 5.77 5.77 5.77 5.77 5.77 5.77 5.77 5.77 5.77 5.77 5.77 5.77 5.77 5.77 5.77 5.77 5.77 5.76999 8.15999 13.93 36.02 30.25 24.48 22.09 16.32 13.93 8.15997 5.76998 5.76999 5.77
5.77 5.76893 5.76853 5.76894 5.77 5.76427 8.13899 11.5058 13.8919 11.4977 8.12543 8.16001 8.16001 8.16001 8.14852 8.09455 7.9814 13.7599 18.8547 109.736 103.72 97.8884 92.0628 86.2569 80.4647 74.7014 68.9247 63.1524 57.3786 51.6053 45.8305 40.056 34.2805 28.5053 22.7298 16.9541 11.1797 5.61962 5.77 5.77 5.77 5.77 5.77 5.77 5.77 5.77 5.77 5.77 5.77 5.77 5.77 5.77 5.77 5.77 5.77 5.77 5.77 5.77 5.77 5.77 5.77 5.77 5.77 5.77 5.77 5.77 5.77 5.77 5.77 5.77 5.76999 11.54 22.09 27.86 22.09 16.32 13.93 8.15998 5.76998 5.77 5.77 5.77
5.77 5.76871 8.15898 5.7678 5.76894 5.76868 5.7635 5.74078 8.1228 11.5276 8.13012 8.16001 8.16001 8.16001 8.16001 8.16001 8.05636 11.3842 16.6514 107.268 101.648 97.7377 91.9476 86.3435 80.522 74.7169 68.943 63.1656 57.393 51.6206 45.8481 40.074 34.2999 28.5247 22.7492 16.9731 11.1982 5.62856 5.77 5.77 5.77 5.77 5.77 5.77 5.77 5.77 5.77 5.77 5.77 5.77 5.77 5.77 5.77 5.77 5.77 5.77 5.77 5.77 5.77 5.77 5.77 5.77 5.77 5.77 5.77 5.77 5.77 5.77 5.77 5.77 5.77 11.54 16.32 25.47 19.7 13.93 8.15999 5.76999 5.77 5.77 5.77 5.77
5.77 5.76893 5.76795 8.15898 5.76854 5.77 5.77 5.76766 5.74025 11.5318 8.12266 8.14049 8.16001 8.16001 8.16001 8.13276 7.9343 13.7649 19.3502 29.7183 60.1018 57.5963 59.8055 84.8772 79.2698 74.7737 68.9566 63.1729 57.3982 51.6251 45.8529 40.0818 34.3081 28.5346 22.7596 16.9839 11.2084 5.63563 5.77 5.77 5.77 5.77 5.77 5.77 5.77 5.77 5.77 5.77 5.77 5.77 5.77 5.77 5.77 5.77 5.77 5.77 5.77 5.77 5.77 5.77 5.77 5.77 5.77 5.77 5.77 5.77 5.77 5.77 5.77 5.77 5.77 8.16001 13.93 24.48 19.7 11.54 5.76999 5.77 5.77 5.77 5.77 5.76998
5.77 5.77 5.76889 5.76867 5.76884 5.77 5.77 5.77 5.76031 11.5283 11.528 8.1341 8.10125 8.12219 8.11559 8.02021 13.7226 16.1734 22.0026 25.2395 37.9906 51.9313 49.3283 51.448 76.6384 71.0711 68.6796 63.1786 57.4089 51.6294 45.8546 40.084 34.3134 28.5402 22.7664 16.9898 11.2137 5.64165 5.77 5.77 5.77 5.77 5.77 5.77 5.77 5.77 5.77 5.77 5.77 5.77 5.77 5.77 5.77 5.77 5.77 5.77 5.77 5.77 5.77 5.77 5.77 5.77 5.77 5.77 5.77 5.77 5.77 5.77 5.77 5.77 5.77 5.77 11.54 13.93 16.32 11.54 5.77 5.77 5.77 5.77 5.76999 8.15999
5.77 5.77 5.77 5.77 5.77 5.77 5.77 5.77 5.76755 5.74645 8.13702 8.07938 13.7594 7.86651 11.7774 13.8841 16.277 17.1609 17.1745 17.1186 16.9726 19.2302 21.5156 23.7094 43.2863 68.472 62.8665 60.4766 56.5797 51.6476 45.8787 40.0894 34.3228 28.5514 22.773 16.996 11.2188 5.64828 5.77 5.77 5.77 5.77 5.77 5.77 5.77 5.77 5.77 5.77 5.77 5.77 5.77 5.77 5.77 5.77 5.77 5.77 5.77 5.77 5.77 5.77 5.77 5.77 5.77 5.77 5.77 5.77 5.77 5.77 5.77 5.77 5.77 5.77 5.77 8.16001 13.93 11.54 5.77 5.77 5.76999 6.16 8.15999 13.93
5.77 5.77 5.77 5.77 5.77 5.77 5.77 5.77 5.77 5.76737 5.6809 11.4203 16.181 19.9055 16.2132 13.8414 11.411 11.3161 11.3065 11.3897 11.3705 13.7334 16.0981 19.4099 21.499 35.1642 60.2703 54.381 52.0601 48.3539 45.8811 40.1204 34.3353 28.5669 22.7873 17.0074 11.2284 5.65596 5.77 5.77 5.77 5.77 5.77 5.77 5.77 5.77 5.77 5.77 5.77 5.77 5.77 5.77 5.77 5.77 5.77 5.77 5.77 5.77 5.77 5.77 5.77 5.77 5.77 5.77 5.77 5.77 5.77 5.77 5.77 5.77 5.77 5.77 5.77 5.77 8.16001 13.93 8.16001 13.93 8.16 11.93 14.32 16.32
5.77 5.77 5.77 5.77 5.77 5.77 5.77 5.77 5.77 5.76835 5.71075 11.4268 22.0308 19.6228 13.6414 7.90664 8.04136 8.07889 8.06437 8.06885 8.07973 8.01402 11.3638 13.7114 15.9688 21.5503 27.1435 32.9181 35.4225 44.0736 40.1579 37.8618 32.25 28.5854 22.8088 17.0296 11.2474 5.66614 5.77 5.77 5.77 5.77 5.77 5.77 5.77 5.77 5.77 5.77 5.77 5.77 5.77 5.77 5.77 5.77 5.77 5.77 5.77 5.77 5.77 5.77 5.77 5.77 5.77 5.77 5.77 5.77 5.77 5.77 5.77 5.77 5.77 5.77 5.77 5.77 5.77 11.54 20.09 16.32 20.09 16.32 22.09 52.3197
5.76363 5.77 5.77 5.77 5.77 5.77 5.77 5.77 5.77 5.76669 8.13151 13.8737 16.2554 17.2414 11.3233 7.99387 8.16001 8.16001 8.16001 8.16001 8.16001 8.14471 8.10081 7.93901 13.6718 19.448 25.2256 27.4823 33.3168 38.4151 35.8648 31.9205 29.6526 24.0315 21.715 16.0315 11.2925 5.68434 5.77 5.77 5.77 5.77 5.77 5.77 5.77 5.77 5.77 5.77 5.77 5.77 5.77 5.77 5.77 5.77 5.77 5.77 5.77 5.77 5.77 5.77 5.77 5.77 5.77 5.77 5.77 5.77 5.77 5.77 5.77 5.77 5.77 5.77 5.77 5.77 8.16001 13.93 24.48 28.25 24.48 30.25 55.6997 51.9297
5.71154 5.76475 5.77 5.77 5.77 5.77 5.77 5.77 5.77 5.76789 5.74174 8.08978 13.8563 16.3003 13.8279 7.97622 8.0919 8.16001 8.16001 8.16001 8.16001 8.16001 8.16001 8.05712 11.3367 17.1143 19.4166 21.7653 24.1613 30.0198 30.1983 27.6443 23.7072 21.4362 15.7858 13.5308 7.9093 5.72593 5.77 5.77 5.77 5.77 5.77 5.77 5.77 5.77 5.77 5.77 5.77 5.77 5.77 5.77 5.77 5.77 5.77 5.77 5.77 5.77 5.77 5.77 5.77 5.77 5.77 5.77 5.77 5.77 5.77 5.77 5.77 5.77 5.77 5.77 5.77 5.77 5.77 11.54 65.2799 62.8898 60.4998 56.5621 54.1721 51.7821
8.05205 5.73972 5.77 5.77 5.77 5.77 5.77 5.77 5.77 5.77 5.7662 5.72989 8.08649 13.8725 16.32 13.8028 7.97903 8.08392 8.16001 8.16001 8.16001 8.16001 8.16001 8.10115 11.4305 11.2951 13.6131 16.0061 21.9017 24.3286 24.5292 21.9949 19.449 15.5338 13.3107 7.65713 5.63523 5.76106 5.77 5.77 5.77 5.77 5.77 5.77 5.77 5.77 5.77 5.77 5.77 5.77 5.77 5.77 5.77 5.77 5.77 5.77 5.77 5.77 5.77 5.77 5.77 5.77 5.77 5.77 5.77 5.77 5.77 5.77 5.77 5.77 5.77 5.77 5.77 5.77 8.16001 13.93 62.8899 57.1199 54.7298 52.3397 48.4021 46.0121
11.393 5.66312 5.76225 5.77 5.77 5.77 5.77 5.77 5.77 5.77 5.77 5.76544 5.72614 8.08239 13.8615 16.32 13.7809 7.95366 8.07715 8.16001 8.16001 8.14823 8.12552 8.13231 8.12253 8.03766 7.86062 13.6258 16.0218 21.1424 18.7442 19.3124 13.7484 13.3384 7.47783 5.5639 5.75344 5.77 5.77 5.77 5.77 5.77 5.77 5.77 5.77 5.77 5.77 5.77 5.77 5.77 5.77 5.77 5.77 5.77 5.77 5.77 5.77 5.77 5.77 5.77 5.77 5.77 5.77 5.77 5.77 5.77 5.77 5.77 5.77 5.77 5.77 5.77 5.77 5.77 11.54 16.32 60.4998 54.7299 48.9599 46.5697 44.1797 40.2421
13.7574 7.9984 5.70212 5.76415 5.77 5.77 5.77 5.77 5.77 5.77 5.77 5.77 5.7644 5.71788 8.06732 13.8488 16.32 13.7591 7.92721 8.03209 8.03793 8.03693 11.4725 11.4784 8.14313 8.16001 8.12347 7.88862 13.688 15.3171 12.945 13.56 11.2469 7.65185 5.5536 5.74843 5.77 5.77 5.77 5.77 5.77 5.77 5.77 5.77 5.77 5.77 5.77 5.77 5.77 5.77 5.77 5.77 5.77 5.77 5.77 5.77 5.77 5.77 5.77 5.77 5.77 5.77 5.77 5.77 5.77 5.77 5.77 5.77 5.77 5.77 5.77 5.77 5.77 8.16001 13.93 61.49 58.1098 52.3398 46.5699 40.7999 38.4097 36.0197
16.1408 13.8004 8.04179 5.717 5.76523 5.77 5.77 5.77 5.77 5.77 5.77 5.77 5.77 5.763 5.70797 8.05157 13.8359 16.32 13.7187 7.7211 13.5945 7.82854 13.8838 7.9768 8.14307 8.16001 8.16001 8.05858 11.4186 13.1267 7.6872 10.7878 7.85484 5.62996 5.75092 5.77 5.77 5.77 5.77 5.77 5.77 5.77 5.77 5.77 5.77 5.77 5.77 5.77 5.77 5.77 5.77 5.77 5.77 5.77 5.77 5.77 5.77 5.77 5.77 5.77 5.77 5.77 5.77 5.77 5.77 5.77 5.77 5.77 5.77 5.77 5.77 5.77 5.77 11.54 16.32 55.72 53.33 49.9498 44.1798 38.4099 32.6399 30.2497
21.9305 16.1809 13.8234 8.06581 5.73061 5.76669 5.77 5.77 5.77 5.77 5.77 5.77 5.77 5.77 5.76161 5.69785 8.03515 13.8207 16.2686 19.9318 16.0243 14.9613 11.2221 7.9169 8.16001 8.16001 8.16001 8.09111 13.9041 12.0062 10.6784 7.7671 5.65261 5.75723 5.77 5.77 5.77 5.77 5.77 5.77 5.77 5.77 5.77 5.77 5.77 5.77 5.77 5.77 5.77 5.77 5.77 5.77 5.77 5.77 5.77 5.77 5.77 5.77 5.77 5.77 5.77 5.77 5.77 5.77 5.77 5.77 5.77 5.77 5.77 5.77 5.77 8.16001 8.16001 13.93 52.34 49.95 47.56 47.5598 41.7898 36.0198 30.2499 24.4798
27.7121 21.9576 16.2111 13.8503 8.10039 5.75347 5.77 5.77 5.77 5.77 5.77 5.77 5.77 5.77 5.77 5.76021 5.68487 8.00105 13.7401 16.17 22.0353 19.4982 13.4283 7.66849 7.9232 8.0521 8.08887 8.09041 11.5056 11.3832 7.86202 5.65604 5.75361 5.77 5.77 5.77 5.77 5.77 5.77 5.77 5.77 5.77 5.77 5.77 5.77 5.77 5.77 5.77 5.77 5.77 5.77 5.77 5.77 5.77 5.77 5.77 5.77 5.77 5.77 5.77 5.77 5.77 5.77 5.77 5.77 5.77 5.77 5.77 5.77 5.77 5.77 5.77 11.54 16.32 46.57 44.18 41.79 44.18 39.3997 33.6297 27.8598 22.0899
33.5364 27.7708 22.0128 16.2505 11.4799 5.73778 5.77 5.77 5.77 5.77 5.77 5.77 5.77 5.77 5.77 5.77 5.7584 5.6644 7.95346 13.7024 16.0946 22.0506 15.9723 13.8025 13.4649 7.58097 13.6623 8.0147 13.6545 7.88866 5.67909 5.75772 5.77 5.77 5.77 5.77 5.77 5.77 5.77 5.77 5.77 5.77 5.77 5.77 5.77 5.77 5.77 5.77 5.77 5.77 5.77 5.77 5.77 5.77 5.77 5.77 5.77 5.77 5.77 5.77 5.77 5.77 5.77 5.77 5.77 5.77 5.77 5.77 8.16001 8.16001 6.16001 5.77 8.16 13.93 19.7 25.47 36.02 38.41 37.0097 31.2399 25.4698 22.09
31.1112 25.3336 19.5592 13.7868 8.04945 5.74553 5.77 5.77 5.77 5.77 5.77 5.77 5.77 5.77 5.77 5.77 5.77 5.75637 5.6514 7.92693 13.6973 16.1368 22.0366 21.9537 16.0643 19.4035 15.6982 13.4157 7.61472 5.6044 5.75921 5.77 5.77 5.77 5.77 5.77 5.77 5.77 5.77 5.77 5.77 5.77 5.77 5.77 5.77 5.77 5.77 5.77 5.77 5.75818 5.75402 5.76037 5.77 5.77 5.77 5.77 5.77 5.77 5.77 5.77 5.77 5.77 5.77 5.77 5.77 5.77 5.77 5.77 5.77 11.54 5.77 5.77 5.76999 11.54 17.31 23.08 30.25 27.86 30.25 28.8499 23.0798 22.0899
