tests/full-run-ref/erosion_79_12_72.935.asc
ncols 512
nrows 512
xllcorner -3.24582
yllcorner -4.08743
cellsize 5
NODATA_value -99999
[rows 66 to 98 of 512, columns 73 to 145 of 512]
5.77001 5 5.77001 4.37048 1.52805 0 0 18.5613 26.8422 23.0666 30.3891 48.9572 41.683 57.7782 46.7155 51.3409 57.0973 60.4005 64.7013 69.681 75.4559 81.2322 87.0073 135.318 548.688 347.083 166.029 125.738 104.605 102.17 99.7511 97.3707 95.0171 92.6445 90.268 99.4834 147.137 104.947 81.6785 85.0975 67.4024 118.054 64.1991 110.142 50.4614 105.627 62.7162 34.5043 86.7353 35.0514 31.3923 2.80955 4.06091 6.34826 5.40304 5.77001 5.77001 5.77002 5 5.77002 5.77002 5 5.77002 5.77002 5 5.77002 5.77002 5 5.77002 5.77002 5 5.77002 5.77002
5.63405 4.9768 2.36604 0 10.3741 73.8404 6.88075 34.7982 22.7977 37.3908 31.2581 38.5678 57.1307 49.8592 65.9515 54.8884 59.5112 65.2654 68.5687 72.8681 77.8455 83.6181 116.028 565.827 231.462 95.5018 96.5698 95.0489 98.8091 96.3682 93.9275 91.5444 89.1975 86.8348 84.4499 82.096 91.3138 146.218 97.7327 71.8473 76.8618 59.0996 109.704 55.7505 101.598 41.741 96.7047 53.2843 30.1729 44.4027 2.4354 4.79697 5.42652 5.31567 5.53361 5 5.77001 5 5.77002 5.77002 5 5.77002 5.77002 5 5.77002 5.77002 5 5.77002 5.77002 5 5.77002 5.77002 5
1.34975 0 0 42.2399 19.6529 46.5877 41.1679 24.1546 43.8092 31.0848 45.5906 39.4437 46.7452 65.3031 58.0334 74.1226 63.0582 67.6785 73.4318 76.7356 81.0347 104.253 408.474 410.425 116.328 97.5521 86.8474 88.377 86.8231 90.557 88.1191 85.6992 83.3334 80.9983 78.6257 76.2846 73.9173 104.502 173.198 74.9062 63.6238 68.5777 50.7049 101.191 46.9966 92.5251 32.194 86.6521 35.1164 2.77541 4.01271 5.77001 5 5.77001 5 5.77002 5.77002 5.77001 5.77001 5 5.77002 5.77002 5 5.77002 5.77002 5 5.77002 5.77002 5 5.77002 5.77002 5 5.77002
0 114.51 21.7667 16.0702 24.3623 36.7749 50.5284 47.2034 29.9125 51.748 39.3145 53.7817 47.6262 54.9224 73.4764 66.2061 82.2907 71.2259 75.8448 81.5968 89.7059 338.329 472.373 137.313 128.786 100.429 89.3762 78.6374 80.1325 78.549 82.2698 79.8247 77.4565 75.1044 72.7465 70.4069 68.0631 89.3032 207.312 106.146 61.0734 55.3124 60.1251 41.9935 92.1288 37.3188 82.073 23.3627 2.25453 4.27998 5.77002 5.77001 5.77001 5.77001 5.77001 5.77002 5 5.77001 5 5.77001 5.77001 5 5.77002 5.77002 5 5.77002 5.77002 5 5.77002 5.77002 5 5.77002 5.77002
23.9227 26.0221 54.9287 25.8472 30.0996 40.4118 51.5773 45.7666 41.8656 38.5657 60.0013 47.5293 61.9681 55.8069 63.1011 81.6504 74.3778 90.4589 79.3941 96.1134 266.677 873.361 130.681 121.603 102.503 120.616 92.2469 81.1615 70.3639 71.8225 70.2016 73.8134 71.3771 69.0474 66.724 64.4295 62.1299 72.1282 130.624 206.735 58.5538 52.7001 46.7232 51.1808 32.4158 81.7451 37.5698 1.62411 4.11553 5.77001 5.77001 5 5.77002 5 5.77001 5 5.77002 5.77001 5.77001 5.77001 5 5.77001 5.77002 5 5.77002 5.77002 5 5.77002 5.77002 5 5.77002 5.77002 5
13.7204 20.3449 36.4935 38.2305 33.7013 41.4966 59.5233 51.7732 42.6252 47.8384 46.8806 68.2296 55.7381 70.1512 63.9853 71.2832 98.1463 91.9029 181.885 210.095 522.294 179.198 142.596 96.0458 113.418 94.3184 112.417 84.0154 72.8775 61.9801 63.309 61.3813 64.9984 62.6481 60.409 58.213 55.9939 66.092 85.6873 344.72 69.0291 50.1317 44.0096 37.5411 41.2212 23.8069 1.91687 3.98644 5.77001 5.77001 5 5.77001 5.77001 5.77001 5.77001 5.77001 5.77001 5 5.77001 5 5.77001 5.77002 5 5.77002 5.77002 5 5.77002 5.77002 5 5.77002 5.77002 5 5.77002
24.1426 24.4483 30.9307 41.2045 42.1915 42.2449 66.7768 59.4478 48.5236 49.1342 56.1253 55.1453 76.4511 63.9451 93.7446 109.82 227.594 455.164 377.575 359.355 159.052 90.6867 99.2769 134.341 87.7075 105.091 86.0151 104.086 75.654 64.4125 53.0567 53.9555 51.9369 55.6826 53.5218 51.4925 49.4619 59.7537 53.2073 148.302 136.702 47.6132 41.3587 34.6631 59.1859 1.55269 4.12071 5.77002 5.77001 5 5.77001 5.77001 5 5.77001 5 5.77001 5 5.77001 5.77001 5.77001 5.77001 5 5.77002 5.77002 5 5.77002 5.77002 5 5.77002 5.77002 5 5.77002 5.77002
31.5565 32.2028 36.5527 41.6331 50.5704 51.2065 64.6884 63.5628 54.4088 54.988 57.4033 64.3672 69.82 253.018 196.234 484.297 154.422 81.9657 86.8713 194.707 96.7883 95.7697 81.9636 90.5263 125.574 78.7681 96.164 77.0802 95.2326 66.6814 54.9959 42.7837 43.5723 41.7341 45.8007 43.9523 42.2336 52.8642 46.5761 83.689 283.78 53.0739 38.7462 31.8066 43.4032 4.57953 5.35746 5.77002 5 5.77001 5.77001 5 5.77001 5.77001 5.77001 5.77001 5.77001 5.77001 5 5.77001 5 5.77001 5.77002 5 5.77002 5.77002 5 5.77002 5.77002 5 5.77002 5.77002 5
93.3033 44.9748 50.7515 76.9623 88.4147 130.113 178.762 133.588 124.216 196.512 301.053 468.469 741.096 418.159 193.49 116.44 82.6272 71.3174 73.8871 144.226 247.447 82.7755 86.7324 72.8686 81.4001 116.363 69.1162 86.5466 67.3842 85.5465 56.3527 43.9761 30.7703 32.027 30.7045 35.3064 33.914 45.0461 39.4087 38.6563 245.492 156.132 71.5384 49.8056 3.02577 3.03333 5.36983 5 5.77002 5.77001 5 5.77001 5.77001 5 5.77001 5 5.77001 5 5.77001 5.77002 5.77002 5.77001 5 5.77002 5.77002 5 5.77002 5.77002 5 5.77002 5.77002 5 5.77002
562.753 1047.1 649.413 653.697 443.208 346.824 355.671 453.517 608.774 446.417 303.509 188.402 115.873 91.8375 85.9272 88.4655 76.1415 65.0042 67.4444 86.7528 321.463 114.12 73.3837 77.0246 63.1985 71.7585 106.565 58.4996 75.9653 56.5046 74.3985 43.9127 30.8439 16.6919 19.2034 18.7454 24.088 35.8017 31.1308 23.1938 90.1919 439.11 179.084 72.3815 91.0697 4.13926 5.77002 5.77001 5.77001 5 5.77001 5.77001 5 5.77001 5.77001 5.77001 5.77001 5.77001 5.77001 5 5.77001 5 5.77002 5.77002 5 5.77002 5.77002 5 5.77002 5.77002 5 5.77002 5.77002
40.4062 62.8366 141.311 83.3204 50.0161 47.4548 49.6066 53.268 71.5955 82.5343 83.0078 82.9137 82.632 82.3801 79.2875 81.8279 69.4086 58.3191 60.8073 63.2417 160.053 197.257 80.2115 62.7505 66.4743 52.7949 61.4703 95.9933 46.5912 64.017 43.7843 61.0538 28.6138 15.1094 5.38492 21.3687 14.3393 24.4021 21.1701 20.2584 22.7615 351.653 244.169 52.7967 17.1607 3.27541 1.56323 2.62141 3.81977 5.77001 5.77001 5 5.77001 5.77001 5 5.77001 5 5.77001 5 5.77001 5.77001 5.77001 5.77002 5 5.77002 5.77002 5 5.77002 5.77002 5 5.77002 5.77002 5
32.1505 34.4995 70.7954 57.2454 42.1526 39.4345 41.8478 46.0481 64.6627 75.9325 76.5577 76.4809 76.0226 75.5912 72.3663 74.9577 62.4238 51.2439 54.0566 56.7964 89.3539 507.819 99.0444 53.345 50.8186 54.8134 41.4673 50.3541 84.4025 32.9285 50.0983 28.3808 44.7669 12.1045 26.8878 77.4356 13.0183 0 0 14.9403 29.5275 83.7758 836.9 104.67 31.6379 14.6982 264.74 44.0049 4.37921 5.77002 5 5.77002 5.77002 5 5.77001 5.77001 5.77001 5.77001 5.77001 5.77001 5 5.77002 5 5.77002 5.77002 5 5.77002 5.77002 5 5.77002 5.77002 5.77002 5.77002
23.2187 26.7243 67.6017 50.7189 33.7491 31.2617 33.6189 39.1253 61.269 71.8036 69.7824 69.7903 69.1035 68.4807 65.1505 67.8456 55.2142 44.1806 47.1795 49.9004 53.0159 159.331 560.041 41.2882 41.3363 37.2046 41.7615 28.9683 38.163 80.5825 16.0637 35.2453 24.871 79.2319 0 0 0 3.7483 4.05477 1.23319 29.1642 36.8817 299.908 130.915 60.4981 391.499 93.518 23.7975 4.22621 5 5.77002 5.77002 5 5.77001 5.77001 5 5.77001 5 5.77001 5 5.77001 5.77002 5.77002 5.77002 5 5.77002 5.77002 5 5.77002 5.77002 5 5.77002 5
19.1308 28.8821 103.658 41.4465 24.6331 22.0553 29.2496 41.1241 84.8945 64.8375 62.5332 62.7541 61.8338 61.0286 57.6268 60.4835 47.7983 37.1625 40.2321 43.0941 51.4405 55.1487 785.56 51.6393 28.6705 27.7454 21.504 26.9224 14.957 60.688 114.528 3.60679 0 0 1.84011 5 5.77001 5 5.77001 3.14066 4.55999 25.645 62.7986 522.509 912.99 23.5572 9.07396 1.92316 1.659 4.70714 5.77001 5 5.77001 5.77001 5 5.77001 5.77001 5.77001 5.77001 5.77001 5.77001 5 5.77002 5 5.77002 5.77002 5 5.77002 5.77002 5.77002 5.77002 5.77002 5.77002
5.18528 160.161 82.9564 28.3561 14.3975 16.514 18.4578 109.878 71.5585 53.4529 54.6762 55.2714 54.1703 53.2141 49.7831 52.8749 40.1606 29.8016 32.8709 41.1209 40.6853 66.3073 488.684 56.6117 40.6597 14.5533 12.2913 3.23906 9.64251 41.5774 357.988 0 0 4.09517 5 5.77001 5.77001 5.77001 5.77001 5.31302 3.67017 27.606 24.087 126.69 409.431 67.1406 19.959 82.8173 66.1503 1.69626 3.98909 5.77002 5.77001 5 5.77001 5.77001 5 5.77001 5 5.77001 5 5.77002 5.77002 5.77002 5.77002 5 5.77002 5.77002 5.77002 5 5.77002 5 5.77002
46.6735 228.576 28.8046 16.3621 9.80445 4.7963 37.2604 50.6629 42.915 44.2416 46.1054 47.2387 46.0577 45.0117 41.6102 45.0231 32.2634 21.8614 30.2853 29.8759 37.9123 74.7059 583.207 69.8425 46.0262 28.9732 0 0 0 0 48.9536 401.755 0 5.77001 5.77001 5.77001 5 5.77001 5 5.77001 3.57076 115.762 34.0195 112.525 453.752 86.4645 63.9977 81.0701 29.1829 106.411 2.55881 5.2208 5 5.77002 5.77002 5 5.77002 5.77002 5.77001 5.77002 5.77001 5.77002 5 5.77002 5 5.77002 5.77002 5.77002 5 5.77002 5.77002 5.77002 5.77002
260.491 164.294 12.0698 0 0 83.4655 39.6598 27.1145 32.8526 34.2424 36.6819 38.5545 37.4266 36.3876 33.0909 36.8917 23.7427 18.3909 18.3374 27.9425 33.0603 126.175 131.37 109.937 59.029 34.8009 16.4125 0 0 2.59267 0 0 2.13991 5.77001 5 5.77001 5.77001 5.77001 5.77001 5.77002 5.0096 3.71785 96.3419 21.1863 139.601 735.749 779.089 97.7767 279.516 96.6655 14.3488 4.24235 5.77002 5.77002 5 5.77001 5.77001 5 5.77001 5 5.77001 5 5.77001 5.77002 5.77002 5.77002 5.77002 5 5.77002 5.77002 5 5.77002 5
0 0 0 4.35452 0 367.791 28.099 46.8849 37.0337 23.2883 26.3376 29.1036 28.19 27.2871 24.1489 28.1783 24.7736 5.39108 17.418 24.0184 31.5231 208.43 326.215 47.1902 98.869 47.4743 54.9123 42.4072 28.6078 0.26164 5 5.77001 5.77001 5.77001 5.77001 5.77001 5 5.77001 5 5.77002 5 4.69968 2.75342 42.0577 46.302 35.1309 874.292 142.877 72.4549 6.0036 1.57846 3.06271 4.72994 5 5.77001 5.77001 5 5.77001 5.77001 5.77001 5.77001 5.77002 5.77001 5 5.77002 5.77002 5 5.77002 5.77002 5 5.77002 5.77002 5.77002
5.77001 5.77001 5.77001 3.79174 4.27327 73.8418 0 73.6755 0 0 0 0 0 0 0 0 0 16.5986 19.7327 28.0377 34.6189 375.889 88.5158 101.249 35.7617 86.8908 35.7212 185.149 39.706 0 5.77001 5.77001 5 5.77001 5 5.77001 5.77001 5.77001 5.77001 5.77001 5.77002 5.77002 4.32667 71.3734 18.1451 29.3319 201.301 368.102 53.5588 21.3107 151.943 153.808 3.04842 5.77002 5.77002 5 5.77001 5.77001 5 5.77001 5 5.77002 5 5.77002 5.77002 5 5.77002 5.77002 5 5.77002 5.77002 5.77002 5.77002
5 5.77001 5 5.04266 4.19355 2.71761 2.26332 3.38759 3.81009 5 5.77001 5 5.77001 5.77001 4.60794 3.95134 1.09085 18.0597 26.1462 32.6971 42.7668 839.878 112.538 39.5755 90.1452 23.1112 72.5309 11.7932 0 3.91565 5.77001 5 5.77001 5.77002 5.77001 5.77001 5 5.77001 5 5.77002 5 5.77002 4.4081 3.74034 50.325 19.963 65.8424 1178.91 83.4305 160.997 103.779 36.534 2.93698 5.77002 5 5.77002 5.77002 5 5.77002 5.77002 5.77002 5.77002 5.77002 5.77002 5 5.77002 5.77002 5 5.77002 5.77002 5.77002 5.77002 5
5.77001 5.77002 3.95632 4.05513 4.16578 5.77001 5 5.77001 5 5.77001 5.77001 5.77002 5.77001 5 5.77001 4.8246 0.532079 16.3569 23.2608 29.4712 80.2019 742.092 54.5014 49.8875 28.4685 77.6764 13.2081 0 3.23596 5.77001 5 5.77001 5.77001 5 5.77002 5 5.77002 5.77001 5.77001 5.77001 5.77002 5.77002 5.77002 4.73658 2.92492 54.9949 48.7719 101.657 643.96 314.022 37.8985 65.1058 2.37047 2.93851 5.06209 5.77002 5 5.77002 5.77002 5 5.77002 5 5.77002 5 5.77002 5.77002 5 5.77002 5.77002 5.77002 5.77002 5.77002 5.77002
5 5.77002 2.97114 1080.27 4.05834 5.77001 5.77001 5.77002 5.77002 5.77002 5 5.77002 5 5.77001 4.30398 3.26337 20.4976 15.757 20.423 26.3748 276.423 349.321 44.3606 37.3767 39.442 19.4495 0 3.38899 5.77001 5.77002 5.77001 5.77001 5 5.77002 5.77002 5.77002 5.77001 5 5.77001 5 5.77002 5 5.77002 3.83589 441.483 117.562 18.7101 32.5364 148.901 550.018 64.9057 38.1689 68.6601 53.5162 2.72902 1.52218 3.24016 4.89702 5 5.77002 5.77002 5.77002 5.77002 5.77002 5.77002 5 5.77002 5.77002 5.77002 5.77002 5.77002 5 5.77002
5.77001 5.77002 3.44596 6.42732 2.56363 5.77001 5 5.77002 5 5.77001 5.77002 5.77002 5.77002 5.77002 3.69248 188.723 50.6566 20.7703 24.345 38.8891 837.054 141.965 49.7458 43.3204 47.9843 0.535432 3.96807 5.77001 5.77001 5 5.77002 5 5.77002 5.77001 5 5.77002 5 5.77001 5.77001 5.77001 5.77002 5.77002 5.77002 5.06688 4.28633 2.5859 68.955 18.3717 34.5005 703.902 108.95 52.2373 84.5013 29.3674 24.4182 368.143 326.26 3.6285 5.77002 5.77002 5 5.77002 5 5.77002 5 5.77002 5.77002 5.77002 5.77002 5.77002 5 5.77002 5.77002
5 5.77002 3.40862 671.309 3.86448 5.77001 5.77001 5.77002 5.77002 5.77002 5 5.77001 5 5.77002 4.29458 30.4963 32.0378 30.6538 29.0352 78.6788 506.99 74.9906 62.1814 55.9755 59.8089 2.59268 4.85886 5.77002 5 5.77001 5.77002 5.77001 5.77002 5 5.77001 5.77001 5.77001 5.77001 5 5.77001 5 5.77002 5 5.77002 5 5.01856 4.04138 19.2755 22.3593 137.856 470.322 186.119 33.9278 39.5562 181.012 66.4239 2.03196 3.18124 5.00545 5 5.77002 5.77002 5.77002 5.77002 5.77002 5.77002 5 5.77002 5 5.77002 5.77002 5.77002 5
5.77001 5.77001 4.71952 4.72846 4.40219 5 5.77002 5 5.77002 5 5.77001 5.77002 5.77002 5.17814 2.82623 23.6642 17.1143 25.1727 36.2717 84.4877 429.126 48.6239 42.6885 45.0146 39.56 113.554 3.59784 4.49956 5.77002 5.77001 5 5.77002 5 5.77001 5.77002 5 5.77001 5 5.77001 5.77001 5.77001 5.77002 5.77002 5.77002 5.77002 5.74354 3.21681 21.0992 25.8493 40.7539 304.501 93.0657 48.8906 104.917 56.48 32.3778 65.7737 203.696 2.93321 5.77002 5.77002 5 5.77002 5 5.77002 5.77002 5.77002 5.77002 5.77002 5.77002 5 5.77002 5.77002
5.77001 5 5.77002 5 5.77002 5.77002 5.77002 5.77001 5.77001 5.77001 5.77001 5 5.77002 3.89807 96.421 30.69 25.9561 32.2069 42.8167 178.997 408.489 51.0055 53.5296 42.2113 80.7162 55.4067 44.8487 4.04362 5.77002 5 5.77001 5.77001 5.77001 5.77001 5 5.77001 5.77001 5.77001 5.77001 5 5.77001 5 5.77002 5 5.77002 4.99027 4.5125 25.8289 26.8567 32.8913 126.392 452.413 271.921 65.4599 37.2979 65.423 131.029 16.9939 1.79718 5.1518 5 5.77002 5.77002 5.77002 5.77002 5.77002 5.77002 5.77002 5 5.77002 5.77002 5.77002 5
5.77001 5.54463 5.57609 5.61652 5.77002 5 5.77001 5 5.77001 5 5.77002 5.77002 5.77002 4.50711 4.99953 25.9009 27.7602 34.0509 40.0706 96.998 664.078 64.2969 55.4715 129.685 60.5758 62.4255 54.3106 2.29264 2.31374 4.71618 5.77001 5 5.77001 5 5.77001 5.77001 5 5.77001 5 5.77001 5.77001 5.77002 5.77002 5.77002 5.77002 5.76374 4.17265 23.1192 24.4469 30.5189 44.1087 273.017 278.981 46.0826 74.791 87.4462 49.3958 35.192 3.23257 1.5641 5.0199 5.77002 5 5.77002 5 5.77002 5.77002 5.77002 5.77002 5.77002 5 5.77002 5.77002
5.77001 4.75975 6.27625 4.7767 5.77002 5.77001 5.77001 5.77001 5.77001 5.77002 5.77002 5 5.77002 3.67469 4.6276 20.1768 27.0676 33.4229 39.4701 57.5795 984.265 121.053 207.986 133.592 282.473 135.008 73.1655 163.981 402.024 4.31444 5 5.77001 5.77001 5.77001 5.77001 5 5.77001 5.77001 5.77001 5.77001 5 5.77002 5 5.77002 5 5.76347 3.59744 24.0201 26.021 32.0427 37.9197 154.434 141.795 103.051 96.2888 59.0524 37.4168 83.1192 33.9752 278.114 3.7961 5 5.77002 5.77002 5.77002 5.77002 5 5.77002 5 5.77002 5.77002 5.77002 5
5.77002 5.60653 5.60273 5.5977 5.77002 5 5.77001 5 5.77002 5 5.77002 5.77002 5.77002 4.10222 15.3868 19.4795 26.4018 32.7787 38.8366 80.8883 915.866 89.9749 66.6719 49.6698 41.9068 161.72 94.5504 159.967 3.12043 4.07081 5.77002 5.77002 5 5.77001 5 5.77001 5.77001 5 5.77001 5 5.77002 5.77002 5.77002 5.77002 5.77002 5.23771 4.36297 18.4198 22.5857 28.5906 34.4791 52.459 424.159 211.041 67.7197 46.681 92.8807 45.3389 114.297 39.0119 2.40688 5.29437 5.77002 5 5.77002 5.77002 5.77002 5.77002 5.77002 5.77002 5 5.77002 5.77002
5 5.77002 5 5.77002 5 5.77001 5.77001 5.77002 5.77002 5.77002 5.77002 5 5.55046 2.41293 24.9007 16.4289 23.3325 29.7294 35.7938 207.376 397.665 52.8495 46.8416 40.602 45.044 31.682 45.9268 2.51403 4.05169 5.77002 5.77002 5 5.77002 5.77001 5.77001 5.77001 5 5.77001 5.77001 5.77001 5.77001 5 5.77002 5 5.71178 3.80215 48.9173 16.8397 21.3377 26.423 32.2655 38.0859 350.089 190.468 55.1679 101.583 54.5014 72.3711 49.1771 36.1665 42.6693 2.08075 5.024 5.77002 5.77002 5.77002 5 5.77002 5 5.77002 5.77002 5.77002 5
5.77002 5.77002 5.77002 5.77002 5.77001 5.77001 5 5.77002 5 5.77002 5 5.77002 4.73532 3.12373 19.267 16.8481 23.1957 29.5104 36.2121 528.724 202.686 66.1031 60.0194 73.4854 72.488 22.7276 2.01297 0.787181 2.48585 4.27788 5 5.77002 5.77002 5 5.77001 5 5.77002 5.77001 5 5.77001 5 5.77002 5.77002 5.77002 5.18145 4.6851 23.1114 22.6862 25.4842 29.7076 34.6778 40.4661 279.966 111.3 109.895 62.9775 81.0985 58.473 38.2751 84.5613 36.4021 314.151 4.24284 5 5.77002 5.77002 5.77002 5.77002 5.77002 5.77002 5 5.77002 5.77002
5.77002 5 5.77002 5 5.77002 5 5.77002 5.77002 5.77002 5.77002 5.77002 4.86608 2.19843 24.1701 15.8639 20.4617 30.6259 60.2224 79.8692 1168.81 117.667 75.5807 69.5992 80.151 275.302 107.3 650.183 306.472 682.314 3.14873 5.77002 5.77002 5 5.77002 5.77002 5.77002 5.77001 5 5.77001 5.77002 5.77002 5.77002 5 5.72459 3.75655 63.0791 18.9978 22.6617 31.0899 33.7186 37.9206 42.8574 207.862 350.054 71.2091 89.4123 66.9807 47.1653 93.8901 43.9698 132.684 78.2822 3.97682 5.77002 5.77002 5.77002 5 5.77002 5 5.77002 5.77002 5.77002 5
5.77002 5.77002 5.77002 5.77002 5.77002 5.09124 4.317 2.63998 3.24884 2.51773 3.2149 2.37608 105.449 53.3432 53.9287 70.7799 134.7 157.792 57.4209 598.285 74.0015 47.5816 41.5289 44.4797 35.4356 101.189 2.87753 2.50332 3.19501 4.60225 5.77002 5 5.77002 5.77002 5 5.77002 5 5.77002 5.77002 5 5.77002 5 5.77002 5.25669 4.68584 27.7083 21.0846 23.4544 30.2645 39.0036 41.9169 46.0955 155.431 221 97.6089 75.2379 55.5393 102.38 52.9771 36.5333 21.4945 84.8042 3.97802 5 5.77002 5 5.77002 5.77002 5.77002 5.77002 5 5.77002 5.77002
