tests/full-run-ref/erosion_80_12_73.027.asc
ncols 512
nrows 512
xllcorner -3.24582
yllcorner -4.08743
cellsize 5
NODATA_value -99999
[rows 464 to 492 of 512, columns 268 to 334 of 512]
5.77005 5.77005 5.77005 5.77005 5.77005 5.77005 5.77005 5.77005 5.77005 5.77001 5.77002 5.77001 5.77005 5.77005 5.77005 5.77005 5.77005 5.77005 5.77005 5.77005 5.77005 5.77005 5.77005 5.77005 5.77005 5.77005 5.77005 5.77005 5.77005 5.77005 5.77005 5.77005 5.77005 5.77005 5.77005 5.77005 5.77005 5.77005 5.77005 5.77005 5.77005 5.77005 5.77005 5.77005 5.77005 5.77005 5.77005 5.77005 5.77005 5.77005 5.77005 5.77005 5.77005 5.77005 5.77005 5.77005 5.77005 5.77005 5.77005 5.77005 5.77005 5.77005 5.77005 5.77005 5.77005 5.77005 5.77005
5.77005 5.77005 5.77005 5.77005 5.77005 5.77005 5.77005 5.77005 5.77005 5.77005 5.77005 5.77005 5.77005 5.77005 5.77005 5.77005 5.77005 5.77005 5.77005 5.77005 5.77005 5.77005 5.77005 5.77005 5.77005 5.77005 5.77005 5.77005 5.77005 5.77005 5.77005 5.77005 5.77005 5.77005 5.77005 5.77005 5.77005 5.77005 5.77005 5.77005 5.77005 5.77005 5.77005 5.77005 5.77005 5.77005 5.77005 5.77005 5.77005 5.77005 5.77005 5.77005 5.77005 5.77005 5.77005 5.77005 5.77005 5.77005 5.77005 5.77005 5.77005 5.77005 5.77005 5.77005 5.77005 5.77005 5.77005
5.77005 5.77005 5.77005 5.77005 5.77005 5.77005 5.77005 5.77005 5.77005 5.77005 5.77005 5.77005 5.77005 5.77005 5.77005 5.77005 5.77005 5.77005 5.77005 5.77005 5.77005 5.77005 5.77005 5.77005 5.77005 5.77005 5.77005 5.77005 5.77005 5.77005 5.77005 5.77005 5.77005 5.77005 5.77005 5.77005 5.77005 5.77005 5.77005 5.77005 5.77005 5.77005 5.77005 5.77005 5.77005 5.77005 5.77005 5.77005 5.77005 5.77005 5.77005 5.77005 5.77005 5.77005 5.77005 5.77005 5.77005 5.77005 5.77005 5.77005 5.77005 5.77005 5.77005 5.77005 5.77005 5.77005 5.77005
5.77005 5.77005 5.77005 5.77005 5.77005 5.77005 5.77005 5.77005 5.77005 5.77005 5.77005 5.77005 5.77005 5.77005 5.77005 5.77005 5.77005 5.77005 5.77005 5.77005 5.77005 5.77005 5.77005 5.77005 5.77005 5.77005 5.77005 5.77005 5.77005 5.77005 5.77005 5.77005 5.77005 5.77005 5.77005 5.77005 5.77005 5.77005 5.77005 5.77005 5.77005 5.77005 5.77005 5.77005 5.77005 5.77005 5.77005 5.77005 5.77005 5.77005 5.77005 5.77005 5.77005 5.77005 5.77005 5.77005 5.77005 5.77005 5.77005 5.77005 5.77005 5.77005 5.77005 5.77005 5.77005 5.77005 5.77005
5.77005 5.77005 5.77005 5.77005 5.77005 5.77005 5.77005 5.77005 5.77005 5.77005 5.77005 5.77005 5.77005 5.77005 5.77005 5.77005 5.77005 5.77005 5.77005 5.77005 5.77005 5.77005 5.77005 5.77005 5.77005 5.77005 5.77005 5.77005 5.77005 5.77005 5.77005 5.77005 5.77005 5.77005 5.77005 5.77005 5.77005 5.77005 5.77005 5.77005 5.77005 5.77005 5.77005 5.77005 5.77005 5.77005 5.77005 5.77005 5.77005 5.77005 5.77005 5.77005 5.77005 5.77005 5.77005 5.77005 5.77005 5.77005 5.77005 5.77005 5.77005 5.77005 5.77005 5.77005 5.77005 5.77005 5.77005
5.77005 5.77005 5.77005 5.77005 5.77005 5.77005 5.77005 5.77005 5.77005 5.77005 5.77005 5.77005 5.77005 5.77005 5.77005 5.77005 5.77005 5.77005 5.77005 5.77005 5.77005 5.77005 5.77005 5.77005 5.77005 5.77005 5.77005 5.77005 5.77005 5.77005 5.77005 5.77005 5.77005 5.77005 5.77005 5.77005 5.77005 5.77005 5.77005 5.77005 5.77005 5.77005 5.77005 5.77005 5.77005 5.77005 5.77005 5.77005 5.77005 5.77005 5.77005 5.77005 5.77005 5.77005 5.77005 5.77005 5.77005 5.77005 5.77005 5.77005 5.77005 5.77005 5.77005 5.77005 5.77005 5.77005 5.77005
5.77005 5.77005 5.77005 5.77005 5.77005 5.77005 5.77005 5.77005 5.77005 5.77005 5.77005 5.77005 5.77005 5.77005 5.77005 5.77005 5.77005 5.77005 5.77005 5.77005 5.77005 5.77005 5.77005 5.77005 5.77005 5.77005 5.77005 5.77005 5.77005 5.77005 5.77005 5.77005 5.77005 5.77005 5.77005 5.77005 5.77005 5.77005 5.77005 5.77005 5.77005 5.77005 5.77005 5.77005 5.77005 5.77005 5.77005 5.77005 5.77005 5.77005 5.77005 5.77005 5.77005 5.77005 5.77005 5.77005 5.77005 5.77005 5.77005 5.77005 5.77005 5.77005 5.77005 5.77005 5.77005 5.77005 5.77005
5.77005 5.77005 5.77005 5.77005 5.77005 5.77005 5.77005 5.77005 5.77005 5.77005 5.77005 5.77005 5.77005 5.77005 5.77005 5.77005 5.77005 5.77005 5.77005 5.77005 5.77005 5.77005 5.77005 5.77005 5.77005 5.77005 5.77005 5.77005 5.77005 5.77005 5.77005 5.77005 5.77005 5.77005 5.77005 5.77005 5.77005 5.77005 5.77005 5.77005 5.77005 5.77005 5.77005 5.77005 5.77005 5.77005 5.77005 5.77005 5.77005 5.77005 5.77005 5.77005 5.77005 5.77005 5.77005 5.77005 5.77005 5.77005 5.77005 5.77005 5.77005 5.77005 5.77005 5.77005 5.77005 5.77005 5.77005
5.77005 5.77005 5.77005 5.77005 5.77005 5.77005 5.77005 5.77005 5.77005 5.77005 5.77005 5.77005 5.77005 5.77005 5.77005 5.77005 5.77005 5.77005 5.77005 5.77005 5.77005 5.77005 5.77005 5.77005 5.77005 5.77005 5.77005 5.77005 5.77005 5.77005 5.77005 5.77005 5.77005 5.77005 5.77005 5.77005 5.77004 5.77005 5.77005 5.77005 5.77005 5.77005 5.77005 5.77005 5.77005 5.77005 5.77005 5.77005 5.77005 5.77005 5.77005 5.77005 5.77004 5.77004 5.77005 5.77005 5.77005 5.77005 5.77005 5.77005 5.77005 5.77005 5.77005 5.77005 5.77005 5.77005 5.77005
5.77005 5.77005 5.77004 5.76818 5.76968 5.76993 5.76994 5.76994 5.76993 5.76992 5.76991 5.76992 5.76991 5.7699 5.76987 5.76982 5.76976 5.76969 5.7696 5.76954 5.76951 5.7695 5.76949 5.76947 5.76947 5.76949 5.76967 5.7699 5.77005 5.77005 5.77005 5.77005 5.77005 5.77005 5.77005 5.77004 5.77004 5.77002 5.77005 5.77005 5.77005 5.77004 5.76859 5.76874 5.76832 5.76836 5.76839 5.76832 5.76832 5.76849 5.76869 5.75355 5.74769 5.75965 5.77005 5.77005 5.77005 5.77005 5.77005 5.77005 5.77005 5.77005 5.77003 5.77005 5.77005 5.77005 5.77005
5.76886 5.76842 5.77003 5.76797 6.13005 6.15689 6.15683 6.15659 6.15613 6.15567 6.15566 6.15588 6.15603 6.15552 6.15463 6.15305 6.15171 6.1495 6.14837 6.14698 6.14598 6.14502 6.14369 6.14284 6.14286 6.14157 6.14096 5.76991 5.76972 5.76948 5.76928 5.76899 5.76795 5.76614 5.74685 5.74124 5.70518 5.65471 5.68172 5.76471 5.76817 5.77003 5.76843 6.08015 6.09645 6.09822 6.1027 6.10745 6.11181 6.11567 6.11869 6.12074 6.12247 5.76975 5.76892 5.76801 5.76776 5.76787 5.76807 5.76825 5.76886 5.76859 5.77005 5.77005 5.77005 5.77005 5.77005
6.15845 5.76998 5.77003 5.76998 5.76992 5.76987 5.76983 5.76981 5.7698 5.76982 5.76984 5.76986 5.76984 5.76982 5.76979 5.76975 5.76964 5.76956 5.76951 5.76952 5.76951 5.7695 5.76947 5.76944 5.76941 5.76942 5.76963 5.7699 6.15558 6.16006 6.16006 6.16006 6.16006 6.16006 6.16005 6.15042 5.76975 6.62512 6.15347 6.14034 5.76933 5.77003 5.76951 5.76921 5.76909 5.76912 5.76918 5.76924 5.7693 5.76935 5.76939 5.76944 5.76965 5.76988 6.15134 6.16005 6.16006 6.16006 6.16006 6.16006 6.15913 5.75902 5.77005 5.77004 5.77005 5.77005 5.77005
5.76994 5.76998 5.77003 5.77003 5.77003 5.77003 5.77003 5.77003 5.77003 5.77003 5.77003 5.77003 5.77003 5.77003 5.77003 5.77003 5.77003 5.77003 5.77003 5.77003 5.77003 5.77003 5.77003 5.77003 5.77003 5.77003 5.77003 5.76989 5.76987 5.76986 5.76994 5.76995 5.76995 5.76993 5.76971 5.76971 5.76958 5.76888 5.76848 5.76913 5.76942 5.77003 5.77003 5.77003 5.77003 5.77003 5.77003 5.77003 5.77003 5.77003 5.77003 5.77003 5.77003 5.76988 5.76968 5.76963 5.76973 5.76973 5.76974 5.76972 5.76935 5.7606 5.77004 5.77005 5.77005 5.77005 5.77005
5.77003 5.77003 5.77003 5.77003 5.77003 5.77003 5.77003 5.77003 5.77003 5.77003 5.77003 5.77003 5.77003 5.77003 5.77003 5.77003 5.77003 5.77003 5.77003 5.77003 5.77003 5.77003 5.77003 5.77003 5.77003 5.77003 5.77003 5.77003 5.77003 5.77003 5.77003 5.77003 5.77003 5.77003 5.77003 5.77003 5.77003 5.77003 5.77003 5.77003 5.77003 5.77003 5.77003 5.77003 5.77005 5.77005 5.77005 5.77005 5.77005 5.77005 5.77005 5.77005 5.77005 5.77005 5.77005 5.77005 5.77005 5.77005 5.77005 5.77005 5.77005 5.77005 5.77005 5.77005 5.77005 5.77005 5.77005
5.77003 5.77003 5.77003 5.77003 5.77003 5.77003 5.77003 5.77003 5.77003 5.77003 5.77003 5.77003 5.77003 5.77003 5.77003 5.77003 5.77003 5.77003 5.77003 5.77003 5.77003 5.77003 5.77003 5.77003 5.77003 5.77003 5.77003 5.77003 5.77003 5.77003 5.77003 5.77003 5.77003 5.77003 5.77003 5.77003 5.77003 5.77003 5.77003 5.77003 5.77003 5.77003 5.77003 5.77003 5.77003 5.77003 5.77003 5.77003 5.77003 5.77003 5.77003 5.77005 5.77005 5.77005 5.77005 5.77005 5.77005 5.77005 5.77005 5.77005 5.77005 5.77005 5.77005 5.77005 5.77005 5.77005 5.77004
5.77003 5.77003 5.77003 5.77003 5.77003 5.77003 5.77003 5.77003 5.77003 5.77003 5.77003 5.77003 5.77003 5.77003 5.77003 5.77003 5.77003 5.77003 5.77003 5.77003 5.77003 5.77003 5.77003 5.77003 5.77003 5.77003 5.77003 5.77003 5.77003 5.77003 5.77003 5.77003 5.77003 5.77003 5.77003 5.77003 5.77003 5.77003 5.77003 5.77003 5.77003 5.77003 5.77003 5.77003 5.77003 5.77003 5.77003 5.77003 5.77003 5.77003 5.7693 5.76899 5.76896 5.76914 5.76927 5.76935 5.76942 5.76947 5.76967 5.76978 5.77005 5.77005 5.77005 5.77005 5.77005 5.77004 5.77005
5.77003 5.77003 5.77003 5.77003 5.77003 5.77003 5.77003 5.77003 5.77003 5.77003 5.77003 5.77003 5.77003 5.77003 5.77003 5.77003 5.77003 5.77003 5.77003 5.77003 5.76953 5.76936 5.76889 5.76878 5.76868 5.76871 5.76875 5.76887 5.76877 5.76874 5.76909 5.76951 5.77003 5.77003 5.77003 5.77003 5.77003 5.77003 5.77003 5.77003 5.77003 5.77003 5.77003 5.77003 5.77003 5.77003 5.77003 5.77003 5.77003 5.77003 5.76947 6.09454 6.11477 6.12411 6.12978 6.13295 6.13511 6.13742 6.13671 5.76977 5.77003 5.77005 5.77005 5.77005 5.77005 5.77005 5.77002
5.77003 5.77003 5.77003 5.77003 5.77003 5.77003 5.77003 5.77003 5.77003 5.77003 5.77003 5.77003 5.77003 5.77003 5.77003 5.77003 5.77003 5.77003 5.77003 5.77003 5.76947 6.1576 6.15674 6.15317 6.15018 6.15061 6.15153 6.15199 6.15413 6.15776 6.15851 5.76987 5.77003 5.77003 5.77003 5.77003 5.77003 5.77003 5.77003 5.77003 5.77003 5.77003 5.77003 5.76899 5.76787 5.76621 5.76623 5.76746 5.76929 5.77003 5.76967 5.76915 6.10232 6.12023 6.12883 6.13371 6.13652 6.13829 5.76967 5.76995 5.77003 5.77003 5.77005 5.77005 5.77005 5.77002 5.77005
5.76933 5.7697 5.76969 5.7697 5.76972 5.76971 5.76967 5.76965 5.7697 5.76974 5.76972 5.76967 5.76964 5.7696 5.76958 5.76952 5.76946 5.76937 5.76928 5.76948 5.77002 5.76893 5.76866 5.76841 6.14322 6.14734 6.1498 6.14671 5.7688 5.76935 5.7697 5.76971 5.76947 5.76964 5.76954 5.76928 5.76901 5.76884 5.7688 5.76874 5.76844 5.7686 5.76921 5.76909 6.13956 6.14481 6.14307 6.13427 5.7689 5.77003 5.77003 5.76977 5.76919 5.76892 5.76924 5.76963 5.76989 5.76994 5.77 5.77003 5.77003 5.77003 5.77005 5.77005 5.77002 5.77002 5.77005
6.15925 6.15926 6.15872 6.15871 6.15881 6.15893 6.15876 6.15873 6.15887 6.15906 6.15884 6.15861 6.15844 6.15844 6.15832 6.15816 6.1579 6.15766 6.15728 6.15368 5.76933 5.77003 5.77003 5.76918 5.76842 5.76825 5.76844 5.76849 5.76927 5.77003 5.76942 6.15314 6.15832 6.15878 6.15847 6.15741 6.15582 6.15518 6.15553 6.1566 6.15615 6.14768 5.76943 5.76925 5.76763 5.76634 5.76622 5.76748 5.76924 5.77003 5.77003 5.77003 5.77003 5.77003 5.77003 5.77003 5.77003 5.77003 5.77003 5.77003 5.77003 5.77003 5.77005 5.77005 5.77005 5.77001 5.77005
5.76975 5.76968 5.76967 5.76966 5.76969 5.76966 5.76962 5.76962 5.76966 5.7697 5.76969 5.76963 5.7696 5.76956 5.76952 5.76945 5.76939 5.76932 5.76923 5.76939 5.76953 5.77003 5.77003 5.77003 5.77003 5.77003 5.77003 5.77003 5.77003 5.77003 5.76951 5.76948 5.76944 5.76961 5.76954 5.7693 5.76905 5.76889 5.76895 5.76903 5.76888 5.7691 5.76956 5.77003 5.77003 5.77003 5.77003 5.77003 5.77003 5.77003 5.76937 5.76782 5.76714 5.76877 5.76934 5.7698 5.77005 5.77005 5.77005 5.77005 5.77005 5.77005 5.77003 5.77003 5.77003 5.77005 5.77005
5.77003 5.77003 5.77003 5.77003 5.77003 5.77003 5.77003 5.77003 5.77003 5.77003 5.77003 5.77003 5.77003 5.77003 5.77003 5.77003 5.77003 5.77003 5.77003 5.77003 5.77003 5.77003 5.77003 5.77003 5.77003 5.77003 5.77003 5.77003 5.77003 5.77003 5.77003 5.77003 5.77003 5.77003 5.77003 5.77003 5.77003 5.77003 5.77003 5.77003 5.77003 5.77003 5.77003 5.77003 5.77003 5.77003 5.77003 5.77003 5.77003 5.77003 5.76937 5.92202 6.1277 6.14234 6.15415 5.76971 5.77005 5.77005 5.77005 5.77005 5.77005 5.77005 5.77003 5.77005 5.77003 5.77005 5.77005
5.77003 5.77003 5.77003 5.77003 5.77003 5.77003 5.77003 5.77003 5.77003 5.77003 5.77003 5.77003 5.77003 5.77003 5.77003 5.77003 5.77003 5.77003 5.77003 5.77003 5.77003 5.77003 5.77003 5.77003 5.77003 5.77003 5.77003 5.77003 5.77003 5.77003 5.77003 5.77003 5.77003 5.77003 5.77003 5.77003 5.77003 5.77003 5.77003 5.77003 5.77003 5.77003 5.77003 5.77003 5.77003 5.77003 5.77003 5.77003 5.77003 5.77003 5.76961 5.76838 5.76779 5.76946 5.76973 5.76983 5.77005 5.77005 5.77005 5.77005 5.77005 5.77005 5.77002 5.77003 5.77003 5.77005 5.77005
5.77003 5.77003 5.77003 5.77003 5.77003 5.77003 5.77003 5.77003 5.77003 5.77003 5.77003 5.77003 5.77003 5.77003 5.77003 5.77003 5.77003 5.77003 5.77003 5.77003 5.77003 5.77003 5.77003 5.77003 5.77003 5.77003 5.77003 5.77003 5.77003 5.77003 5.77003 5.77003 5.77003 5.77003 5.77003 5.77003 5.77003 5.77003 5.77003 5.77003 5.77003 5.77003 5.77003 5.77003 5.77003 5.77003 5.77003 5.77003 5.77003 5.77003 5.77003 5.77003 5.77003 5.77003 5.77003 5.77005 5.77005 5.77005 5.77005 5.77005 5.77005 5.77004 5.77004 5.77005 5.77005 5.77005 5.77005
5.76894 5.76872 5.76841 5.76818 5.76824 5.76853 5.76868 5.76874 5.76875 5.76868 5.7684 5.76821 5.76827 5.76873 5.76921 5.76955 5.77001 5.77001 5.77 5.77 5.77 5.76999 5.76999 5.76998 5.76998 5.76998 5.76998 5.76998 5.76999 5.76999 5.76974 5.76968 5.76944 5.76911 5.76881 5.7687 5.76878 5.76899 5.7693 5.76961 5.77001 5.77 5.77 5.76999 5.76999 5.76997 5.76995 5.76993 5.7699 5.76916 5.76877 5.76877 5.76917 5.76955 5.76975 5.7698 5.7697 5.76954 5.76772 5.76856 5.77005 5.77005 5.77005 5.77005 5.77005 5.77005 5.77005
6.16006 6.16006 6.16006 6.16006 6.16006 6.16006 6.16006 6.16006 6.16006 6.16006 6.16006 6.16006 6.16006 6.16006 6.16006 6.16006 6.16006 6.16006 6.16006 6.16006 6.16006 6.16006 6.16006 6.16006 6.16006 6.16006 6.16006 6.16006 6.16006 6.16006 6.16006 6.16006 6.16006 6.16006 6.16006 6.16006 6.16006 6.16006 6.16006 6.16006 6.16006 6.16006 6.16006 6.16006 6.16006 6.16006 6.16006 6.16006 6.16006 6.16006 6.16006 6.16006 6.16006 6.16006 6.16006 6.16006 6.16006 6.16006 6.15951 5.76932 5.77005 5.77005 5.77005 5.77005 5.77005 5.77005 5.77005
5.76997 5.76984 5.76975 5.76967 5.76953 5.76942 5.76877 5.76862 5.7689 5.7698 5.76911 5.76894 5.76915 5.76924 5.76907 5.768 5.76745 5.76763 5.76875 5.76919 5.76873 5.7677 5.76726 5.76751 5.76853 5.76829 5.76769 5.76752 5.76814 5.76889 5.76961 5.76849 5.76807 5.76829 5.76913 5.76935 5.76938 5.76958 5.76971 5.76994 5.76999 5.76997 5.76996 5.76995 5.76993 5.76974 5.76564 5.76399 5.76165 5.76151 5.76231 5.76497 5.76571 5.76304 5.76072 5.76119 5.76393 5.7656 5.76702 5.76926 5.77005 5.77005 5.77005 5.77005 5.77005 5.77005 5.77005
5.77005 5.77005 5.77005 5.77005 5.77005 5.77005 5.77005 5.77005 5.77005 5.77005 5.77005 5.77005 5.77005 5.77005 5.77005 5.77005 5.77005 5.77005 5.77005 5.77005 5.77005 5.77005 5.77005 5.77005 5.77005 5.77005 5.77005 5.77005 5.77005 5.77005 5.77005 5.77005 5.77005 5.77005 5.77005 5.77005 5.77005 5.77005 5.77005 5.77005 5.77005 5.77005 5.77005 5.77005 5.77005 5.77005 5.77005 5.77005 5.77005 5.77005 5.77005 5.77005 5.77005 5.77005 5.77005 5.77005 5.77005 5.77005 5.77005 5.77005 5.77005 5.77005 5.77005 5.77005 5.77005 5.77005 5.77005
5.77005 5.77005 5.77005 5.77005 5.77005 5.77005 5.77005 5.77005 5.77005 5.77005 5.77005 5.77005 5.77005 5.77005 5.77005 5.77005 5.77005 5.77005 5.77005 5.77005 5.77005 5.77005 5.77005 5.77005 5.77005 5.77005 5.77005 5.77005 5.77005 5.77005 5.77005 5.77005 5.77005 5.77005 5.77005 5.77005 5.77005 5.77005 5.77005 5.77005 5.77005 5.77005 5.77005 5.77005 5.77005 5.77005 5.77005 5.77005 5.77005 5.77005 5.77005 5.77005 5.77005 5.77005 5.77005 5.77005 5.77005 5.77005 5.77005 5.77005 5.77005 5.77005 5.77005 5.77005 5.77005 5.77005 5.77005
