tests/full-run-ref/erosion_2010_78_24_-72.835.asc
ncols 512
nrows 512
xllcorner -3.24582
yllcorner -4.08743
cellsize 5
NODATA_value -99999
[rows 29 to 57 of 512, columns 335 to 401 of 512]
0 0 1.17181 4.28205 5.77 5.77 5.77 5.77 5.77 5.77 5.77 5.77 5.77 5.77 5.77 5.77001 5.77001 5.77001 5.77 5.77001 5.77001 5.77001 5.77001 5.77001 5.77001 5.77001 5.77001 5.77001 5.77001 5.77001 5.77001 5.77001 5.77001 5.77001 5.77001 5.77001 5.77001 5.77001 5.77001 5.77001 5.77001 5.77001 5.77001 5.77001 5.77001 5.77001 5.77001 5.77001 5.77001 5.77001 5.77001 5.77001 5.77001 5.76969 5.76914 10.5564 11.5388 5.76947 5.76996 5.77001 5.76997 5.76998 8.01646 5.77 5.77 7.78416 5.77
0 3.81528 5.77 5.77 5.77 5.77 5.77 5.77001 5.77 5.77 5.77001 5.77 5.43758 5.48424 5.2147 5.44417 5.5966 5.75096 5.77001 5.77001 5.77001 5.77001 5.77001 5.77001 5.77001 5.77001 5.77001 5.77001 5.77001 5.77001 5.77001 5.77001 5.77001 5.77001 5.77001 5.77001 5.77001 5.77001 5.77001 5.77001 5.77001 5.77001 5.77001 5.77001 5.77001 5.77001 5.77001 5.77001 5.77001 5.77001 5.77001 5.77001 5.77001 5.76902 8.1568 13.9238 8.15573 5.76961 5.77001 5.77001 5.77001 5.77 5.77 5.77 5.77 5.77 7.37937
2.05659 5.77 5.77 5.77 5.77 5.77 5.77 5.77 5.77 5.77 5.77 5.77 4.75219 5.41942 9.996 10.749 6.44568 5.6227 5.77001 5.77001 5.77001 5.77001 5.77001 5.77001 5.77001 5.77001 5.77001 5.77001 5.77001 5.77001 5.77001 5.77001 5.77001 5.77001 5.77001 5.77001 5.77001 5.77001 5.77001 5.77001 5.77001 5.77001 5.77001 5.77001 5.77001 5.77001 5.77001 5.77001 5.77001 5.77001 5.77001 5.77001 5.76944 5.76761 11.5377 8.15247 5.76838 5.7699 5.77001 5.77001 5.77001 5.77001 5.77001 5.77001 5.77 5.77 7.76487
5.34442 5.77 5.77 5.77 5.77 5.77 5.77 5.77 5.77 5.77 5.77 4.12369 4.09563 8.23768 14.3699 12.1807 9.13575 5.25827 5.77001 5.77001 5.77001 5.77001 5.77001 5.77001 5.77001 5.77001 5.77001 5.77001 5.77001 5.77001 5.77001 5.77001 5.77001 5.77001 5.77001 5.77001 5.77001 5.77001 5.77001 5.77001 5.77001 5.77001 5.77001 5.77001 5.77001 5.77001 5.77001 5.77001 5.77001 5.77001 5.77001 5.77001 5.76871 8.15109 11.5355 5.76676 5.76973 5.77001 5.77001 5.77001 5.77001 5.77001 5.77001 5.77001 5.77 7.39725 8.15998
5.77 5.77 5.77 5.77 5.77 5.77 5.77001 5.77 5.77 5.77 4.43249 4.1667 8.43794 11.9346 10.9046 5.94205 3.01787 4.46268 5.77 5.77001 5.77001 5.77001 5.77001 5.77001 5.77001 5.77001 5.77001 5.77001 5.77001 5.77001 5.77001 5.77001 5.77001 5.77001 5.77001 5.77001 5.77001 5.77001 5.77001 5.77001 5.77001 5.77001 5.77001 5.77001 5.77001 5.77001 5.77001 5.77001 5.77001 5.77001 5.77001 5.76972 5.76709 11.5345 11.5268 5.76668 5.77001 5.77001 5.77001 5.77001 5.77001 5.77001 5.77001 5.77001 5.77 5.77 5.76999
5.77 5.77 5.77 5.77 5.77 5.77 5.77001 5.77 5.77 5.59629 4.0761 7.71709 12.0608 10.7563 5.12813 3.79286 5.14101 5.77 5.77 5.77 5.77001 5.77001 5.77001 5.77001 5.77001 5.77001 5.77001 5.77001 5.77001 5.77001 5.77001 5.77001 5.77001 5.77001 5.77001 5.77001 5.77001 5.77001 5.77001 5.77001 5.77001 5.77001 5.77001 5.77001 5.77001 5.77001 5.77001 5.77001 5.77001 5.77001 5.77001 5.76965 8.15274 13.924 11.5278 5.76637 5.77001 5.77001 5.77001 5.77001 5.77001 5.77001 5.77001 5.77001 5.77001 5.77001 5.77001
5.77 5.77 5.77 5.77 5.77 5.77 5.77 5.77 5.77001 5.55186 3.98452 10.5959 8.12505 3.72381 3.45787 5.24266 5.77001 5.77001 5.77 5.54741 5.61784 5.68088 5.75427 5.77001 5.77001 5.77001 5.77001 5.77001 5.77001 5.77001 5.77001 5.77001 5.77001 5.77001 5.77001 5.77001 5.77001 5.77001 5.77001 5.77001 5.77001 5.77001 5.77001 5.77001 5.77001 5.77001 5.77001 5.77001 5.77001 5.77001 5.77001 5.76974 5.76707 11.535 11.5214 5.76608 5.77001 5.77001 5.77001 5.77001 5.77001 5.77001 5.77001 5.77001 5.77001 5.77001 5.77001
3.93291 5.77 5.77 5.77 5.77 5.77 5.77 5.77 5.77 5.63319 3.04192 10.9099 4.60619 4.62372 5.77 5.77 5.77 5.77 5.77 4.72915 6.23974 5.41616 5.09597 5.60003 5.74919 5.77001 5.77 5.77001 5.77001 5.77001 5.77001 5.77001 5.77001 5.77001 5.77001 5.77001 5.77001 5.77001 5.77001 5.77001 5.77001 5.77001 5.77001 5.77001 5.77001 5.77001 5.77001 5.77001 5.77001 5.77001 5.77001 5.77001 5.7676 11.5348 11.5269 5.76598 5.77001 5.77001 5.77001 5.77001 5.77001 5.77001 5.77001 5.77001 5.77001 5.77001 5.77001
0.981288 5.77 5.77 5.77 5.77 5.77 4.08837 4.27275 3.25236 0.728221 4.63344 7.1049 3.78388 5.32835 5.77 5.77 5.77 5.70042 4.69363 3.71514 7.04021 11.4136 9.92025 6.41283 5.45055 5.74959 5.77001 5.77001 5.77001 5.77001 5.77001 5.77001 5.77001 5.77001 5.77001 5.77001 5.77001 5.77001 5.77001 5.77001 5.77001 5.77001 5.77001 5.77001 5.77001 5.77001 5.77001 5.77001 5.77001 5.77001 5.77001 5.77001 5.76778 11.5345 11.5318 5.76524 5.76947 5.77001 5.77001 5.77001 5.77001 5.77001 5.77001 5.77001 5.77001 5.77001 5.77001
0 5.77 5.77 5.77 5.77 5.09269 2.52127 4.71183 0 7.37071 0 4.41642 4.52085 5.77 5.77 5.36192 4.3934 3.16127 2.93149 7.17191 10.455 16.0324 14.6146 11.8875 5.97617 5.58552 5.77001 5.77001 5.77001 5.77001 5.77001 5.77001 5.77001 5.77001 5.77001 5.77001 5.77001 5.77001 5.77001 5.77001 5.77001 5.77001 5.77001 5.77001 5.77001 5.77001 5.77001 5.77001 5.77001 5.77001 5.77001 5.77001 5.76875 8.15073 13.9203 8.14819 5.76847 5.77001 5.77001 5.77001 5.77001 5.77001 5.77001 5.77001 5.77001 5.77001 5.77001
0 4.40439 5.77 2.86559 4.86574 0.165134 2.44972 2.35452 10.1416 7.83875 4.50356 0 4.14325 4.48058 3.55526 2.67252 2.66761 6.00441 9.14584 12.552 16.606 19.513 20.1704 13.9889 8.44701 5.13943 5.77 5.77001 5.77001 5.77001 5.77001 5.77001 5.77001 5.77001 5.77001 5.77001 5.77001 5.77001 5.77001 5.77001 5.77001 5.77001 5.77001 5.77001 5.77001 5.77001 5.77001 5.77001 5.77001 5.77001 5.77001 5.77001 5.76968 5.76784 8.15449 11.5357 5.76788 5.77001 5.77001 5.77001 5.77001 5.77001 5.77001 5.77001 5.77001 5.77001 5.77001
1.78829 0 0 4.09266 5.14529 10.2021 1.05783 8.67866 13.0355 15.9793 4.14063 0 0 0 3.3726 3.19519 9.09908 12.6804 16.0493 18.9778 21.8468 25.4628 21.1314 14.899 8.64046 4.63662 5.77 5.77001 5.77001 5.77001 5.77001 5.77001 5.77001 5.77001 5.77001 5.77001 5.77001 5.77001 5.77001 5.77001 5.77001 5.77001 5.77001 5.77001 5.77001 5.77001 5.77001 5.77001 5.77001 5.77001 5.77001 5.77001 5.77001 5.76967 5.7683 8.15567 5.76859 5.77001 5.77001 5.77001 5.77001 5.77001 5.77001 5.77001 5.77001 5.77001 5.77001
8.79307 0 8.46728 4.73184 11.8777 12.6531 17.7477 11.0414 20.3152 17.7566 6.41971 3.18778 6.22828 5.60576 9.60938 13.463 14.1392 19.4699 22.2654 25.221 27.9505 26.906 20.717 14.4959 8.86007 4.47616 5.77 5.77001 5.77001 5.77001 5.77001 5.77001 5.77001 5.77001 5.77001 5.77001 5.77001 5.77001 5.77001 5.77001 5.77001 5.77001 5.77001 5.77001 5.77001 5.77001 5.77001 5.77001 5.77001 5.77001 5.77001 5.77001 5.77001 5.77001 5.76946 5.76924 5.76941 5.76992 5.76991 5.76993 5.77001 5.77001 5.77001 5.77001 5.77001 5.77001 5.77001
6.66459 9.63486 13.3361 18.9868 14.2201 20.359 21.1457 26.6446 23.6129 20.5478 16.6639 15.3342 16.2846 17.7485 17.644 20.755 23.5757 23.7097 28.4441 31.149 30.3078 24.0853 17.5867 10.7424 4.33911 4.24505 5.77 5.77 5.77 5.77001 5.77001 5.77001 5.77001 5.77001 5.77001 5.77001 5.77001 5.77001 5.77001 5.77001 5.77001 5.77001 5.77001 5.77001 5.77001 5.77001 5.77001 5.77001 5.77001 5.77001 5.77001 5.77001 5.77001 5.77001 5.77001 5.77001 5.77001 5.76991 6.15507 5.76939 5.76939 5.77001 5.77001 5.77001 5.77001 5.77001 5.77001
0 9.73812 18.4763 24.0563 27.3047 23.3727 29.7106 31.4192 28.2284 28.3771 26.9659 24.7452 27.6273 25.2395 25.9289 27.2738 29.8307 30.197 32.3823 33.715 27.5751 21.1429 14.2691 6.44553 0.465178 5.09453 5.69876 5.67895 5.73316 5.77001 5.77001 5.77001 5.77001 5.77001 5.77001 5.77001 5.77001 5.77001 5.77001 5.77001 5.77001 5.77001 5.77001 5.77001 5.77001 5.77001 5.77001 5.77001 5.77001 5.77001 5.77001 5.77001 5.77001 5.77001 5.77001 5.77001 5.77001 5.76965 5.76875 8.15432 5.76918 5.77001 5.77001 5.77001 5.77001 5.77001 5.77001
0 7.20068 15.1841 21.9283 28.5926 30.0996 27.3454 22.835 18.908 17.7429 22.4195 26.3168 29.7805 31.9239 32.27 34.6193 35.7958 38.2037 38.2597 35.0466 28.8419 22.3473 15.1483 6.87412 0 1.34878 3.32623 5.04542 5.19879 5.77 5.77001 5.77001 5.77001 5.77001 5.77001 5.77001 5.77001 5.77001 5.77001 5.77001 5.77001 5.77001 5.77001 5.77001 5.77001 5.77001 5.77001 5.77001 5.77001 5.77001 5.77001 5.77001 5.77001 5.77001 5.77001 5.77001 5.77001 5.7698 8.15853 11.5384 5.76856 5.76952 5.77001 5.77001 5.77001 5.77001 5.77001
3.13381 10.297 17.3937 24.1742 30.7083 23.3058 18.9049 14.6218 10.3262 8.10368 12.4807 17.0576 21.9182 26.167 29.0461 34.505 40.4293 44.1131 43.3881 37.3604 31.1743 24.5918 17.3312 9.35902 7.23056 6.65207 7.21259 7.32982 4.47502 5.77 5.77 5.77 5.77 5.77001 5.77001 5.77001 5.77001 5.77001 5.77001 5.77001 5.77001 5.77001 5.77001 5.77001 5.77001 5.77001 5.77001 5.77001 5.77001 5.77001 5.77001 5.77001 5.77001 5.77001 5.77001 5.77001 5.77001 5.76993 5.76935 11.5393 8.15614 5.76874 5.77001 5.77001 5.77001 5.77001 5.77001
7.32725 13.2681 20.2738 27.2252 27.8481 19.7763 10.4102 6.03485 2.15054 0.0885185 4.46766 8.88355 15.1249 19.4376 25.6256 31.8401 37.8603 41.9518 44.4813 39.8417 33.6675 27.1266 20.3157 17.8602 15.447 14.5835 13.2619 6.48236 3.42971 4.48202 4.7739 4.99627 5.4142 5.60312 5.75069 5.77001 5.77 5.77001 5.77001 5.77001 5.77001 5.77001 5.77001 5.77001 5.77001 5.77001 5.77001 5.77001 5.77001 5.77001 5.77001 5.77001 5.77001 5.77001 5.77001 5.77001 5.77001 5.77001 5.76972 8.15856 11.5385 5.76836 5.77001 5.77001 5.77001 5.77001 5.77001
15.2143 17.4902 23.1298 30.1539 24.9764 17.3885 8.52458 0 0.785629 1.15065 0.318062 3.48289 8.15876 16.0165 23.1043 29.3274 33.3485 35.7478 40.5527 39.0495 36.1855 30.176 28.0264 25.6242 23.0846 21.3847 15.1838 7.89373 1.91675 3.5065 10.2374 9.62565 10.2466 6.42792 5.44348 5.752 5.77001 5.77001 5.77001 5.77001 5.77001 5.77001 5.77001 5.77001 5.77001 5.77001 5.77001 5.77001 5.77001 5.77001 5.77001 5.77001 5.77001 5.77001 5.77001 5.77001 5.77001 5.77001 5.76992 5.76956 8.15897 5.76896 5.77001 5.77001 5.77001 5.77001 5.77001
16.5 23.0998 27.0389 29.1771 22.215 14.9143 6.84778 2.36311 7.50059 7.74886 6.60343 3.45784 5.47354 13.7909 20.6663 24.7234 27.036 31.8642 34.4617 32.7812 29.986 27.5099 25.2583 23.7764 26.751 24.9516 18.0767 11.031 9.10097 10.3961 13.3911 15.6047 14.6665 11.6505 5.70001 5.40946 5.75034 5.77001 5.77 5.77001 5.77001 5.77001 5.77001 5.77001 5.77001 5.77001 5.77001 5.77001 5.77001 5.77001 5.77001 5.77001 5.77001 5.77001 5.77001 5.77001 5.77001 5.77001 5.77001 5.76992 5.76982 5.76969 5.77001 5.77001 5.77001 5.77001 5.77001
12.6685 19.8142 27.0321 29.9672 22.7591 15.6055 8.10807 3.49919 7.2143 7.82729 7.82756 6.83753 4.90087 11.9968 15.9415 18.1184 23.0459 25.6868 30.2831 26.4747 23.3778 20.4553 17.8329 16.1372 19.7722 23.0983 21.6143 18.8271 17.1027 16.852 19.3412 21.5255 20.0716 13.9735 11.5424 5.89582 5.45892 5.75068 5.77001 5.77001 5.77001 5.77001 5.77001 5.77001 5.77001 5.77001 5.77001 5.77001 5.77001 5.77001 5.77001 5.77001 5.77001 5.77001 5.77001 5.77001 5.77001 5.77001 5.77001 5.77001 5.77001 5.77001 5.77001 5.77001 5.77001 5.77001 5.77001
15.1141 21.5725 28.5062 32.4392 25.5324 18.9723 12.3242 6.25139 6.13773 7.19634 7.93435 7.83408 6.08936 8.10292 9.50594 14.1315 16.2853 23.3422 28.11 20.755 16.6073 13.4856 10.6226 8.6873 12.6668 16.645 20.5119 25.2527 23.4238 23.1164 25.2826 27.4149 22.4594 19.9832 14.1476 11.839 6.71593 5.639 5.77001 5.77 5.77001 5.77001 5.77001 5.77001 5.77001 5.77001 5.77001 5.77001 5.77001 5.77001 5.77001 5.77001 5.77001 5.77001 5.77001 5.77001 5.77001 5.77001 5.77001 5.77001 5.77001 5.77001 5.77001 5.77001 5.77001 5.77001 5.77001
12.3169 18.9743 25.9784 29.8643 22.7915 15.9063 11.8097 10.189 8.77916 7.0889 7.91204 7.82019 7.57217 6.56722 9.65082 7.5333 13.9673 21.1298 25.8206 18.6499 10.4189 6.3389 4.0844 2.23372 6.40943 10.5403 16.5457 20.55 26.5947 29.1692 31.1846 30.8395 28.3667 22.6046 20.2133 14.8866 9.91835 5.34326 5.75004 5.77001 5.77001 5.77001 5.77001 5.77001 5.77001 5.77001 5.77001 5.77001 5.77001 5.77001 5.77001 5.77001 5.77001 5.77001 5.77001 5.77001 5.77001 5.77001 5.77001 5.77001 5.77001 5.77001 5.77001 5.77001 5.77001 5.77001 5.77001
15.1574 18.344 25.4597 27.3874 19.9223 12.2243 5.15251 3.14721 6.04882 7.26344 7.81024 8.04231 8.15738 7.77702 6.53519 6.63388 13.1918 20.1372 23.4765 16.7767 8.99091 1.41368 2.38051 3.71603 2.81172 7.32365 11.4438 18.0683 22.9316 28.8295 34.6861 36.6979 30.9679 28.5453 23.2441 18.2325 12.3012 6.56041 5.63709 5.77001 5.77001 5.77001 5.77001 5.77001 5.77001 5.77001 5.77001 5.77001 5.77001 5.77001 5.77001 5.77001 5.77001 5.77001 5.77001 5.77001 5.77001 5.77001 5.77001 5.77001 5.77001 5.77001 5.77001 5.77001 5.77001 5.77001 5.77001
8.12563 14.5604 22.5789 24.8676 16.5011 7.94534 1.41582 6.15538 7.88788 7.86337 7.73508 8.15582 8.15968 8.15577 7.54803 6.0479 12.8362 19.2945 19.9582 17.1061 10.1693 2.50897 4.87302 5.77 5.26693 4.16378 9.4087 14.4527 20.4488 26.3607 32.2407 38.1082 36.8389 31.5438 26.5801 20.6949 14.8191 10.049 5.48881 5.77001 5.77001 5.77001 5.77001 5.77001 5.77001 5.77001 5.77001 5.77001 5.77001 5.77001 5.77001 5.77001 5.77001 5.77001 5.77001 5.77001 5.77001 5.77001 5.77001 5.77001 5.77001 5.77001 5.77001 5.77001 5.77001 5.77001 5.77001
11.6427 17.3583 25.068 27.1484 19.4323 11.4912 4.54213 4.28216 7.63739 7.8639 7.81393 7.85213 8.15394 8.15588 7.451 9.77316 15.6815 14.1666 13.6539 16.6717 13.7546 7.46604 4.33273 5.56243 5.65206 5.36546 6.07982 11.9968 18.0025 23.9402 29.8214 35.6895 39.0593 33.214 27.357 21.4647 15.5515 9.65674 5.4244 5.77001 5.77001 5.77001 5.77001 5.77001 5.77001 5.77001 5.77001 5.77001 5.77001 5.77001 5.77001 5.77001 5.77001 5.77001 5.77001 5.77001 5.77001 5.77001 5.77001 5.77001 5.77001 5.77001 5.77001 5.77001 5.77001 5.77001 5.77001
13.8907 20.85 27.6549 29.62 22.2314 14.8845 8.82727 3.53704 7.02271 7.8726 7.8507 7.87007 7.61384 7.88877 7.73673 10.9942 9.576 7.96449 7.46106 11.6978 12.6379 10.577 7.47202 8.14542 5.75295 5.745 5.0724 9.43605 15.4626 21.4685 27.3995 33.2916 35.2946 32.8483 27.3419 21.4478 15.5104 9.60037 5.40885 5.77001 5.77001 5.77001 5.77001 5.77001 5.77001 5.77001 5.77001 5.77001 5.77001 5.77001 5.77001 5.77001 5.77001 5.77001 5.77001 5.77001 5.77001 5.77001 5.77001 5.77001 5.77001 5.77001 5.77001 5.77001 5.77001 5.77001 5.77001
15.6078 22.8862 30.3279 31.7719 24.549 17.2993 9.33459 2.15532 3.94589 6.39772 7.37604 7.8701 6.29254 9.59844 6.42735 6.93684 5.06698 5.16799 4.95221 6.14166 6.77855 5.29922 5.56846 5.67902 5.75534 5.36181 4.9261 8.59709 14.7208 20.796 26.7974 32.7616 31.5588 26.9402 24.5596 21.7209 15.8043 9.87598 5.43482 5.77001 5.77001 5.77001 5.77001 5.77001 5.77001 5.77001 5.77001 5.77001 5.77001 5.77001 5.77001 5.77001 5.77001 5.77001 5.77001 5.77001 5.77001 5.77001 5.77001 5.77001 5.77001 5.77001 5.77001 5.77001 5.77001 5.77001 5.77001
19.4166 25.3393 32.7637 34.2169 27.1615 19.9058 11.6375 3.61289 4.50252 5.8248 5.90952 5.53336 7.28766 12.0435 8.22858 4.8984 5.72114 5.77001 5.74177 5.67679 5.6778 5.74333 5.77001 5.77001 5.63818 11.1429 5.31425 10.4881 16.6704 22.7681 28.8026 32.4688 27.1593 23.03 18.3228 16.0527 14.2986 10.2873 5.46418 5.77001 5.77001 5.77001 5.77001 5.77001 5.77001 5.77001 5.77001 5.77001 5.77001 5.77001 5.77001 5.77001 5.77001 5.77001 5.77001 5.77001 5.77001 5.77001 5.77001 5.77001 5.77001 5.77001 5.77001 5.77001 5.77001 5.77001 5.77001
