tests/full-run-ref/erosion_2010_78_23_-57.856.asc
ncols 512
nrows 512
xllcorner -3.24582
yllcorner -4.08743
cellsize 5
NODATA_value -99999
[rows 30 to 59 of 512, columns 0 to 67 of 512]
237.625 235.235 232.845 230.455 228.065 225.675 223.285 220.895 218.504 216.114 213.724 211.334 208.944 206.554 204.164 201.774 199.384 196.994 194.604 192.214 189.825 187.435 185.045 182.655 180.265 177.875 175.485 173.097 168.117 162.346 156.576 150.805 145.035 139.264 133.494 127.723 121.953 116.182 110.411 104.64 98.869 93.0975 87.331 81.5582 79.1645 73.3901 70.9914 68.581 66.1599 63.738 61.3156 58.9237 56.5289 54.1298 51.7288 51.7254 51.7267 51.7435 51.7667 46.3416 40.5521 38.1714 32.5064 30.1253 27.7459 24.4494 22.0634 20.075
235.235 229.465 227.075 224.685 222.295 219.905 217.515 215.125 212.734 210.344 207.954 205.564 203.174 200.784 198.394 196.004 193.614 191.224 188.834 186.444 184.055 181.665 179.275 176.885 174.495 172.105 169.715 167.327 165.727 159.957 154.186 148.416 142.645 136.875 131.104 125.333 119.563 113.792 108.021 102.25 96.4785 90.7069 84.9348 79.1677 73.394 71.0011 65.2254 62.8274 60.4181 57.9972 55.5743 53.1493 50.7526 48.3483 45.9403 45.9371 45.9366 45.9489 45.9807 46.021 46.0515 40.6944 38.3043 35.9148 30.2301 27.8534 25.4678 23.0787
232.845 227.075 221.305 218.915 216.525 214.135 211.745 209.355 206.964 204.574 202.184 199.794 197.404 195.014 192.624 190.234 187.844 185.454 183.064 180.674 178.285 175.895 173.505 171.115 168.725 166.335 163.945 161.557 161.557 157.567 151.797 146.026 140.256 134.485 128.714 122.943 117.173 111.402 105.631 99.86 94.0885 88.3168 82.5448 76.7721 71.0039 65.2291 62.8373 57.0602 54.6632 52.2546 49.833 47.407 44.9756 42.5649 40.1503 40.1477 40.1483 40.1607 40.1894 40.2271 40.266 39.3106 36.9194 31.1772 27.8067 23.0679 23.0783 23.0797
230.455 224.685 218.915 213.145 210.755 208.365 205.975 203.585 201.194 198.804 196.414 194.024 191.634 189.244 186.854 184.464 182.074 179.684 177.294 174.904 172.515 170.125 167.735 165.345 162.955 160.565 158.175 155.787 155.787 155.177 149.407 143.636 137.866 132.095 126.325 120.554 114.783 109.012 103.241 97.47 91.6987 85.9271 80.1551 74.3828 68.6094 62.8399 57.0638 54.673 48.8944 46.4982 44.0894 41.6645 39.2301 36.7808 34.36 34.3558 34.3578 34.3699 34.3979 34.4355 34.4742 34.5132 31.1301 28.7513 23.0543 23.0769 23.08 23.08
232.845 227.075 216.525 210.755 204.985 202.595 200.205 197.815 195.424 193.034 190.644 188.254 185.864 183.474 181.084 178.694 176.304 173.914 171.524 169.134 166.745 164.355 161.965 159.575 157.185 154.795 152.405 150.016 150.017 152.408 147.017 141.247 135.476 129.706 123.935 118.164 112.393 106.622 100.851 95.0799 89.3087 83.5373 77.7655 71.9933 66.2207 60.4466 54.6757 48.898 46.5082 40.7278 38.3314 35.9193 33.4838 31.0288 28.5689 28.5647 28.5668 28.5791 28.6061 28.6431 28.683 28.7274 28.7628 23.0443 23.0748 23.08 23.08 23.08
235.235 229.465 218.915 208.365 202.595 196.825 194.435 192.045 189.654 187.264 184.874 182.484 180.094 177.704 175.314 172.924 170.534 168.144 165.754 163.364 160.975 158.585 156.195 153.805 151.415 149.024 146.634 144.246 144.247 146.638 144.633 138.863 133.092 127.322 121.552 115.781 110.01 104.238 98.4671 92.6958 86.9245 81.1531 75.3814 69.6095 63.8371 58.0642 52.2894 46.5112 40.7317 38.3428 32.5591 30.1605 27.7423 25.3026 22.9969 23.0092 23.0115 23.0145 23.0199 23.0276 23.0364 23.0459 23.0614 23.0752 23.08 23.08 23.08 23.08
240.184 237.794 221.305 210.755 200.205 194.435 188.665 186.275 183.884 181.494 179.104 176.714 174.324 171.934 169.544 167.154 164.764 162.374 159.984 157.594 155.205 152.815 150.425 148.035 145.645 143.254 140.864 138.476 138.477 140.867 142.243 136.473 130.703 124.932 119.162 113.391 107.621 101.849 96.078 90.3065 84.535 78.7634 72.9917 67.2198 61.4476 55.6751 49.9019 44.1263 38.3462 32.5648 30.1777 24.3994 23.0429 23.0638 23.0752 23.08 23.08 23.08 23.08 23.08 23.08 23.08 23.08 23.08 23.08 23.08 23.08 23.08
234.414 232.024 229.634 213.145 202.595 192.045 186.275 180.504 178.114 175.724 173.334 170.944 168.554 166.164 163.774 161.384 158.994 156.604 154.214 151.824 149.435 147.045 144.655 142.265 139.874 137.484 135.094 132.706 132.706 135.097 137.488 134.087 128.317 122.546 116.776 111.006 105.235 99.4639 93.6927 87.9212 82.1495 76.3777 70.6059 64.8339 59.0618 53.2894 47.5166 41.743 35.9665 30.1857 24.4148 23.0603 23.0777 23.08 23.08 23.08 23.08 23.08 23.08 23.08 23.08 23.08 23.08 23.08 23.08 23.08 23.08 23.08
228.644 226.254 223.864 221.474 204.985 194.434 183.884 178.114 172.344 169.954 167.564 165.174 162.784 160.394 158.004 155.614 153.224 150.834 148.444 146.054 143.665 141.275 138.885 136.495 134.104 131.714 129.324 126.936 126.936 129.327 131.718 131.702 125.932 120.162 114.391 108.621 102.851 97.0799 91.3089 85.5376 79.7659 73.9941 68.2221 62.4501 56.6778 50.9054 45.1327 39.3597 33.5856 27.8119 23.0555 23.0779 23.08 23.08 23.08 23.08 23.08 23.08 23.08 23.08 23.08 23.08 23.08 23.08 23.08 23.08 23.08 23.08
222.874 220.484 218.094 215.704 213.314 196.824 186.274 175.724 169.954 164.184 161.794 159.404 157.014 154.624 152.234 149.844 147.454 145.064 142.674 140.284 137.895 135.505 133.115 130.725 128.334 125.944 123.554 121.166 121.166 123.557 125.948 128.338 123.544 117.774 112.004 106.233 100.463 94.6924 88.9216 83.1505 77.3791 71.6073 65.8353 60.063 54.2906 48.5179 42.745 36.9718 31.1982 25.4337 23.0733 23.08 23.08 23.08 23.08 23.08 23.08 23.08 23.08 23.08 23.08 23.08 23.08 23.08 23.08 23.08 23.08 23.08
217.104 214.714 212.324 209.934 207.544 209.934 188.664 163.194 160.804 158.414 156.024 153.634 151.244 148.854 146.464 144.074 141.684 139.294 136.904 134.514 132.125 129.735 127.345 124.955 122.564 120.174 117.784 115.395 115.396 117.787 120.178 122.568 121.154 115.384 109.614 103.844 98.0737 92.3034 86.5328 80.762 74.9908 69.2193 63.4473 57.6751 51.9026 46.1297 40.3566 34.5831 28.8093 23.0609 23.0782 23.08 23.08 23.08 23.0799 23.08 23.08 23.08 23.08 23.08 23.08 23.08 23.08 23.08 23.08 23.08 23.08 23.08
211.334 208.944 206.554 204.164 201.774 204.163 166.572 160.804 155.034 152.644 150.254 147.864 145.474 143.084 140.694 138.304 135.914 133.524 131.134 128.744 126.355 123.965 121.575 119.185 116.794 114.404 112.014 109.625 109.626 112.017 114.407 116.798 119.188 115.389 109.619 103.849 98.0786 92.3084 86.5381 80.7677 74.997 69.2261 63.4549 57.6834 51.9115 46.1394 40.3669 34.5942 28.8212 23.0686 23.08 23.08 23.08 23.0799 23.08 23.08 23.08 23.08 23.08 23.08 23.08 23.08 23.08 23.08 23.08 23.08 23.08 23.08
205.564 203.174 200.784 198.394 196.003 184.872 164.182 158.414 152.644 146.874 144.484 142.094 139.704 137.314 134.924 132.534 130.144 127.754 125.364 122.974 120.585 118.195 115.805 113.415 111.024 108.634 106.244 103.855 103.856 106.247 108.637 111.028 113.418 115.393 109.623 103.853 98.0824 92.3123 86.5422 80.772 75.0017 69.2312 63.4605 57.6896 51.9185 46.1471 40.3754 34.6034 28.8312 23.0723 23.08 23.08 23.0797 23.08 23.08 23.08 23.08 23.08 23.08 23.08 23.08 23.08 23.0799 23.08 23.08 23.08 23.08 23.08
199.794 197.404 195.014 192.624 186.853 182.483 161.793 156.023 150.253 144.484 138.714 136.324 133.934 131.544 129.154 126.764 124.374 121.984 119.594 117.204 114.815 112.425 110.035 107.645 105.254 102.864 100.474 98.0849 98.0854 100.476 102.867 105.258 107.648 109.628 109.625 103.855 98.0848 92.3147 86.5446 80.7745 75.0043 69.234 63.4637 57.6932 51.9226 46.1517 40.3806 34.6093 28.8377 23.0743 23.08 23.0793 23.08 23.08 23.08 23.08 23.08 23.08 23.0799 23.08 23.08 23.0799 23.08 23.08 23.08 23.08 23.08 23.08
194.024 191.634 189.244 186.854 181.083 178.693 164.183 153.633 147.863 142.093 136.323 130.553 128.164 125.774 123.384 120.994 118.604 116.214 113.824 111.434 109.045 106.655 104.265 101.875 99.4844 97.0941 94.7037 92.3148 92.3153 94.7064 97.0972 99.4876 101.878 103.858 103.856 103.855 98.0849 92.3148 86.5447 80.7746 75.0044 69.2343 63.4641 57.6938 51.9234 46.1529 40.3822 34.6112 28.8397 23.074 23.0778 23.08 23.08 23.08 23.08 23.08 23.08 23.0799 23.08 23.08 23.0799 23.08 23.08 23.08 23.08 23.08 23.08 23.0664
191.634 185.864 183.474 181.084 175.313 172.924 170.533 156.022 145.472 139.703 133.933 128.163 122.393 120.004 117.614 115.224 112.834 110.444 108.054 105.664 103.275 100.885 98.4947 96.1046 93.7144 91.3241 88.9336 86.5446 86.5451 88.9363 91.3271 93.7176 96.1078 98.0877 98.0862 100.475 100.474 94.7036 88.9335 83.1634 77.3933 71.6232 65.8531 60.0829 54.3128 48.5425 42.772 37.001 31.2295 25.459 23.0774 23.08 23.08 23.0796 23.08 23.08 23.0799 23.08 23.08 23.0799 23.08 23.08 23.08 23.08 23.08 23.08 23.0708 22.9202
189.244 183.474 177.704 175.314 172.924 167.153 164.763 162.372 147.862 137.312 131.543 125.773 120.003 114.233 111.843 109.454 107.064 104.674 102.284 99.8936 97.505 95.1149 92.7247 90.3346 87.9444 85.5541 83.1636 80.7745 80.775 83.1662 85.5571 87.9475 90.3377 92.3177 92.3161 94.7049 97.095 97.0917 91.3216 85.5516 79.7815 74.0114 68.2414 62.4713 56.7012 50.931 45.1603 39.3893 33.6177 27.8462 23.0758 23.08 23.0793 23.08 23.08 23.0799 23.08 23.08 23.0799 23.08 23.08 23.08 23.08 23.08 23.08 23.0718 22.966 24.0372
186.854 181.084 175.314 169.544 167.154 164.764 158.993 146.462 140.678 134.908 129.152 123.383 117.613 111.843 106.073 103.683 101.294 98.9037 96.5136 94.1235 91.735 89.3449 86.9548 84.5646 82.1744 79.7841 77.3935 75.0044 75.0048 77.396 79.787 82.1774 84.5676 86.5476 86.546 88.9348 91.3249 93.715 92.3089 86.5388 80.7687 74.9987 69.2286 63.4585 57.6884 51.918 46.1472 40.3758 34.6038 28.8312 23.0719 23.0784 23.08 23.08 23.0798 23.08 23.08 23.0799 23.08 23.08 23.08 23.08 23.08 23.08 23.0701 22.9597 24.0925 29.7926
184.464 178.694 172.924 167.154 161.384 158.993 153.223 144.073 138.288 132.518 126.748 120.992 115.223 109.452 103.682 97.9123 95.5229 93.1334 90.7435 88.3535 85.9649 83.5749 81.1848 78.7946 76.4044 74.0141 71.6234 69.2342 69.2347 71.6259 74.0169 76.4074 78.7976 80.7775 80.7759 83.1647 85.5548 87.9449 90.335 88.9287 83.1586 77.3885 71.6185 65.8484 60.0783 54.3078 48.5369 42.7654 36.9931 31.2201 25.4503 23.0747 23.08 23.0793 23.08 23.08 23.0796 23.08 23.08 23.08 23.08 23.08 23.08 23.0676 22.9258 24.021 29.7916 32.1673
182.074 176.304 170.534 164.764 158.994 153.223 147.453 141.683 135.913 130.128 124.358 118.588 112.832 107.062 101.292 95.5219 89.7517 87.3626 84.9732 82.5834 80.1949 77.8048 75.4147 73.0246 70.6344 68.244 65.8533 63.4641 63.4645 65.8558 68.2468 70.6373 73.0275 75.0074 75.0058 77.3946 79.7847 82.1748 84.5649 86.5407 85.5471 79.777 74.0069 68.2369 62.4667 56.6961 50.9251 45.1533 39.3808 33.6077 27.8353 23.0667 23.0779 23.08 23.08 23.0793 23.08 23.08 23.08 23.08 23.08 23.073 23.0315 22.8519 23.8403 29.6647 31.98 37.8746
179.684 173.914 168.144 162.374 156.604 150.834 145.063 139.293 133.523 127.753 121.968 116.198 110.427 104.671 98.9015 93.1313 87.3612 81.591 79.2021 76.8129 74.4248 72.0348 69.6447 67.2546 64.8644 62.474 60.0833 57.6939 57.6943 60.0857 62.4767 64.8672 67.2574 69.2373 69.2356 71.6245 74.0146 76.4047 78.7948 80.7707 80.7679 82.1652 76.3952 70.6251 64.8548 59.0842 53.3128 47.5408 41.7681 35.995 30.2215 24.4524 23.0672 23.0752 23.0743 23.08 23.08 23.08 23.08 23.08 23.0694 22.9562 24.1286 27.3818 29.6005 31.8292 37.7613 40.17
177.294 171.524 165.754 159.984 154.214 148.444 142.673 136.903 131.133 125.363 119.593 113.808 108.037 102.266 96.5103 90.7407 84.9705 79.2005 73.4301 71.0415 68.6541 66.2646 63.8747 61.4846 59.0944 56.704 54.3132 51.9238 51.9242 54.3156 56.7066 59.0971 61.4873 63.4672 63.4655 65.8544 68.2445 70.6347 73.0248 75.0006 74.9978 77.3879 78.7853 73.0151 67.2447 61.4738 55.7023 49.9301 44.1578 38.3852 32.6136 30.2276 28.8396 24.4669 23.0624 23.0556 23.0508 23.025 23.0128 22.9641 22.8352 23.839 29.6832 32.1746 35.488 37.6742 40.0436 45.9575
174.904 169.134 163.364 157.594 151.824 146.054 140.284 134.513 128.743 122.973 117.203 111.433 105.662 99.8912 94.1205 88.3499 82.5798 76.8099 71.0396 65.269 62.8823 60.4938 58.1044 55.7145 53.3244 50.934 48.5431 46.1536 46.154 48.5454 50.9365 53.327 55.7172 57.6971 57.6954 60.0843 62.4744 64.8646 67.2547 69.2306 69.2278 71.6178 74.0079 75.4052 69.6348 63.8637 58.092 52.3204 46.5488 40.7783 38.3907 36.0032 32.6304 30.2009 24.4078 28.181 24.316 28.1124 24.1055 25.7724 23.4455 29.3364 31.8913 37.824 40.2713 43.5689 45.8785 48.2574
172.515 166.745 160.975 155.205 149.435 143.665 137.894 132.124 126.354 120.584 114.814 109.044 103.273 97.5024 91.7317 85.9608 80.1903 74.42 68.6497 62.8794 57.1094 54.7215 52.3334 49.9442 47.5543 45.1639 42.773 40.3835 40.3838 42.7753 45.1664 47.5569 49.947 51.927 51.9252 54.3142 56.7044 59.0945 61.4847 63.4605 63.4577 65.8477 68.2376 70.625 68.2345 65.844 60.4834 54.7123 48.9421 46.5535 44.1648 40.7921 38.3686 32.5882 30.3613 32.5195 30.0954 32.3785 29.9088 31.5812 29.288 31.5513 37.5348 40.1245 46.0217 48.4626 51.7623 54.0689
170.125 164.355 158.585 152.815 147.045 141.275 135.505 129.734 123.964 118.194 112.424 106.654 100.884 95.113 89.3422 83.5714 77.8006 72.03 66.2596 60.4891 54.7193 48.9482 46.5607 44.1729 41.7839 39.3938 37.0029 34.6133 34.6136 37.0051 39.3963 41.7867 44.1769 46.1569 46.1551 48.5441 50.9343 53.3245 55.7146 57.6904 57.6874 60.0772 62.4669 64.8541 62.4629 60.0725 57.6833 57.1058 54.716 52.326 48.9528 46.5304 40.7583 38.3635 36.1438 38.2996 35.8822 38.1669 35.7209 37.4251 35.2351 37.4948 39.8467 45.7716 48.335 54.2033 56.6522 59.9424
167.736 161.966 156.196 150.426 144.656 138.886 133.116 127.346 121.575 115.805 110.035 104.265 98.4947 92.7243 86.9537 81.183 75.4122 69.6414 63.8708 58.1003 52.3297 46.5585 40.7871 38.3999 36.0123 33.6233 31.2327 28.8431 28.8434 31.235 33.6261 36.0166 38.4071 40.3867 40.3849 42.774 45.1642 47.5543 49.9444 51.9201 51.9167 54.3061 56.6956 59.0827 56.6915 54.301 51.9114 51.9162 54.3077 54.2941 51.9041 48.9206 46.53 44.1371 41.9268 44.0793 41.6707 43.9544 41.5284 43.235 41.1275 43.4226 45.7551 48.115 53.9982 56.5541 62.3956 64.841
165.346 159.576 153.806 148.036 142.266 136.496 130.726 124.956 119.186 113.415 107.645 101.875 96.105 90.3347 84.5642 78.7936 73.0229 67.2521 61.4814 55.7107 49.9401 44.1693 38.3977 32.6259 30.239 27.8517 25.4623 23.0729 23.0732 25.4648 27.8559 30.2468 32.6372 34.6167 34.6148 37.0038 39.3939 41.784 44.1739 46.1495 46.1454 48.5346 50.9242 53.312 50.9203 48.5292 46.1395 46.1444 48.5368 48.5238 46.1339 48.4879 50.8764 49.9104 47.7087 49.8594 47.457 49.7416 47.3248 49.0385 46.9628 49.2906 51.6482 53.9964 56.3671 62.2164 64.767 70.5863
162.956 157.186 151.416 145.646 139.876 134.106 128.336 122.566 116.796 111.026 105.256 99.4854 93.7153 87.945 82.1747 76.4042 70.6336 64.8628 59.0921 53.3214 47.5507 41.7801 36.009 30.237 24.4648 22.078 19.6906 17.3024 17.3029 19.6945 22.0861 24.4769 28.8478 28.8465 28.8445 31.2334 33.6235 36.0133 38.4032 40.3785 40.3738 42.763 45.1532 47.5415 45.1493 42.7576 40.3673 40.3727 42.766 42.7534 40.3635 42.7171 45.1051 47.4951 49.8851 52.2748 53.2423 55.5296 53.1217 54.8317 52.859 55.1169 57.4916 59.8614 62.225 64.6042 70.4259 72.9736
160.566 154.796 149.026 143.256 137.486 131.716 125.946 120.176 114.406 108.636 102.866 97.0955 91.3254 85.5552 79.7849 74.0145 68.244 62.4734 56.7027 50.932 45.1613 39.3906 33.6198 27.8485 22.0761 16.3035 13.9168 11.5308 11.5325 13.9246 16.316 22.0875 23.0777 23.0762 23.0741 25.4629 27.8526 30.2424 32.6324 34.6075 34.6019 36.9915 39.3823 41.771 39.3784 36.986 34.5951 34.6006 36.9949 36.9828 34.5927 36.946 39.3334 41.7217 44.1082 46.4929 48.8775 54.6502 58.9082 60.6254 59.1038 60.9251 63.3056 65.6876 68.0661 70.4415 72.8265 78.6265
158.176 152.406 146.636 140.866 135.096 129.326 123.556 117.786 112.016 106.246 100.476 94.7057 88.9356 83.1655 77.3952 71.6248 65.8543 60.0838 54.3131 48.5424 42.7717 37.0009 31.23 25.4591 19.6875 13.9147 8.14394 5.76288 5.76621 8.15513 13.927 16.3183 17.3074 17.3059 17.3034 19.6918 22.0814 24.4714 30.243 28.8359 28.83 31.2202 33.6115 36.0005 33.6077 31.2146 28.8228 28.8283 31.2237 31.2121 28.8215 31.1741 33.5597 35.9436 38.3228 40.6993 46.469 52.2437 57.0225 62.8049 64.9121 66.7269 69.1117 71.4968 73.8846 76.2705 78.6544 81.0421
