tests/full-run-ref/erosion_79_12_72.935.asc
ncols 512
nrows 512
xllcorner -3.24582
yllcorner -4.08743
cellsize 5
NODATA_value -99999
[rows 34 to 67 of 512, columns 228 to 303 of 512]
17.31 17.31 17.31 17.31 17.31 17.31 17.31 17.31 17.31 17.31 17.31 17.31 17.31 17.31 17.31 16.6249 16.3292 16.1871 16.0306 15.4962 16.4237 17.31 17.31 17.31 17.31 17.3099 17.3099 17.3097 17.3096 17.3097 17.3098 17.3098 17.3098 17.3098 17.3098 17.3098 17.3098 17.3098 17.3098 17.3099 17.3099 17.3098 17.3098 17.3098 17.3098 17.3099 17.3099 17.3099 17.3098 17.3099 17.3099 17.31 17.31 17.3098 17.3096 17.3095 17.3095 17.3095 17.3095 17.3096 17.3096 17.3097 17.3097 17.3096 17.3096 17.3098 17.3099 17.31 17.31 17.31 17.31 17.31 17.31 17.31 17.31 17.31
17.31 17.31 17.31 17.31 17.31 17.31 17.31 17.31 17.31 17.31 17.31 17.31 17.31 17.31 17.31 17.31 17.31 17.31 17.31 17.31 17.31 17.31 17.31 17.31 17.3099 17.3099 17.3097 17.3096 17.3097 17.3098 17.3098 17.3098 17.3098 17.3098 17.3098 17.3098 17.3098 17.3098 17.3098 17.3099 17.3099 17.3099 17.3098 17.3098 17.3098 17.3099 17.3099 17.3099 17.3099 17.3098 17.3096 17.3094 17.3094 17.3094 17.3095 17.3095 17.3094 17.3095 17.3096 17.3096 17.3096 17.3096 17.3097 17.3097 17.3096 17.3096 17.3098 17.3099 17.31 17.31 17.31 17.31 17.31 17.31 17.31 17.31
17.31 17.31 17.31 17.31 17.31 17.31 17.31 17.31 17.31 17.31 17.31 17.31 17.31 17.31 17.31 17.31 17.31 17.31 17.31 17.31 17.31 17.31 17.31 17.3099 17.3099 17.3097 17.3096 17.3097 17.3098 17.3098 17.3098 17.3098 17.3098 17.3098 17.3098 17.3098 17.3098 17.3098 17.3098 17.3099 17.3099 17.3099 17.3098 17.3098 17.3098 17.3099 17.3099 17.3099 17.3099 17.3098 17.3096 17.3094 17.3093 17.3095 17.3096 17.3095 17.3094 17.3095 17.3096 17.3096 17.3096 17.3096 17.3097 17.3097 17.3097 17.3097 17.3096 17.3098 17.3099 17.31 17.31 17.31 17.31 17.31 17.31 17.31
17.31 17.31 17.31 17.31 17.31 17.31 17.31 17.31 17.31 17.31 17.31 17.31 17.31 17.31 17.31 17.31 17.31 17.31 17.31 17.31 17.31 17.31 17.31 17.3099 17.3098 17.3097 17.3097 17.3098 17.3098 17.3098 17.3098 17.3098 17.3098 17.3098 17.3098 17.3098 17.3098 17.3098 17.3098 17.3099 17.3099 17.3099 17.3098 17.3098 17.3099 17.3099 17.3099 17.3099 17.3099 17.3098 17.3096 17.3094 17.3093 17.3095 17.3096 17.3095 17.3094 17.3095 17.3096 17.3096 17.3096 17.3096 17.3097 17.3097 17.3097 17.3097 17.3097 17.3097 17.3098 17.3099 17.31 17.31 17.31 17.31 17.31 17.31
17.31 17.31 17.31 17.31 17.31 17.31 17.31 17.31 17.31 17.31 17.31 17.31 17.31 17.31 17.31 17.31 17.31 17.31 17.31 17.31 17.31 17.31 17.3099 17.3098 17.3097 17.3097 17.3098 17.3098 17.3098 17.3098 17.3098 17.3098 17.3098 17.3098 17.3098 17.3098 17.3098 17.3098 17.3098 17.3099 17.3099 17.3099 17.3098 17.3098 17.3099 17.3099 17.3099 17.3099 17.3099 17.3098 17.3097 17.3094 17.3093 17.3095 17.3096 17.3095 17.3094 17.3095 17.3096 17.3096 17.3096 17.3096 17.3096 17.3097 17.3097 17.3097 17.3097 17.3097 17.3097 17.3099 17.3099 17.31 17.31 17.31 17.31 17.31
17.3099 17.31 17.31 17.31 17.31 17.31 17.31 17.31 17.31 17.31 17.31 17.31 17.31 17.31 17.31 17.31 17.31 17.31 17.31 17.31 17.3099 17.3099 17.3098 17.3097 17.3097 17.3098 17.3098 17.3098 17.3098 17.3098 17.3098 17.3098 17.3098 17.3098 17.3098 17.3098 17.3098 17.3098 17.3098 17.3099 17.3099 17.3099 17.3098 17.3098 17.3099 17.3099 17.3099 17.3099 17.3099 17.3098 17.3097 17.3094 17.3094 17.3095 17.3096 17.3095 17.3094 17.3095 17.3096 17.3096 17.3096 17.3096 17.3096 17.3097 17.3097 17.3097 17.3097 17.3097 17.3097 17.3097 17.3099 17.3099 17.31 17.31 17.31 17.31
17.3099 17.3099 17.3099 17.31 17.31 17.31 17.31 17.31 17.31 17.31 17.31 17.31 17.31 17.31 17.31 17.31 17.31 17.31 17.31 17.31 17.3099 17.3098 17.3097 17.3097 17.3098 17.3098 17.3098 17.3098 17.3098 17.3098 17.3098 17.3098 17.3098 17.3098 17.3098 17.3098 17.3098 17.3098 17.3098 17.3099 17.3099 17.3099 17.3098 17.3099 17.3099 17.3099 17.3099 17.3099 17.3099 17.3098 17.3097 17.3094 17.3094 17.3095 17.3096 17.3095 17.3094 17.3095 17.3096 17.3096 17.3096 17.3096 17.3096 17.3096 17.3097 17.3097 17.3097 17.3097 17.3098 17.3098 17.3098 17.3099 17.31 17.31 17.31 17.31
17.3099 17.3099 17.3099 17.3099 17.3099 17.31 17.31 17.31 17.3099 17.31 17.31 17.31 17.31 17.31 17.31 17.31 17.31 17.31 17.31 17.3099 17.3099 17.3098 17.3098 17.3098 17.3098 17.3098 17.3098 17.3098 17.3098 17.3098 17.3098 17.3098 17.3098 17.3098 17.3098 17.3098 17.3098 17.3098 17.3098 17.3099 17.3099 17.3099 17.3098 17.3099 17.3099 17.3099 17.3099 17.3099 17.3099 17.3098 17.3097 17.3094 17.3094 17.3095 17.3096 17.3095 17.3094 17.3095 17.3096 17.3096 17.3096 17.3096 17.3096 17.3096 17.3097 17.3097 17.3097 17.3097 17.3098 17.3098 17.3098 17.3098 17.3099 17.31 17.31 17.31
17.3099 17.3099 17.3099 17.3099 17.3099 17.3099 17.3099 17.31 17.31 17.3099 17.31 17.31 17.31 17.31 17.31 17.31 17.31 17.31 17.31 17.3099 17.3098 17.3098 17.3098 17.3098 17.3098 17.3098 17.3098 17.3098 17.3098 17.3098 17.3098 17.3098 17.3098 17.3098 17.3098 17.3099 17.3098 17.3098 17.3099 17.3099 17.3099 17.3099 17.3099 17.3099 17.3099 17.3099 17.3099 17.3099 17.3099 17.3098 17.3097 17.3095 17.3094 17.3095 17.3096 17.3095 17.3094 17.3095 17.3096 17.3096 17.3096 17.3096 17.3096 17.3096 17.3096 17.3097 17.3097 17.3097 17.3098 17.3098 17.3098 17.3098 17.3098 17.3099 17.31 17.31
17.3099 17.3099 17.3099 17.3099 17.3099 17.3099 17.3099 17.3099 17.3099 17.3099 17.3099 17.31 17.31 17.31 17.31 17.31 17.31 17.31 17.3099 17.3099 17.3098 17.3098 17.3098 17.3097 17.3098 17.3098 17.3098 17.3098 17.3098 17.3098 17.3098 17.3098 17.3098 17.3098 17.3099 17.3099 17.3098 17.3098 17.3099 17.3099 17.3099 17.3099 17.3099 17.3099 17.3099 17.3099 17.3099 17.3099 17.3099 17.3098 17.3097 17.3095 17.3094 17.3096 17.3096 17.3095 17.3094 17.3095 17.3096 17.3096 17.3096 17.3096 17.3096 17.3096 17.3096 17.3097 17.3097 17.3097 17.3097 17.3098 17.3098 17.3098 17.3099 17.3099 17.3099 17.31
17.3099 17.3099 17.3099 17.3099 17.3099 17.3099 17.3099 17.3099 17.3099 17.3099 17.3099 17.3099 17.31 17.31 17.31 17.31 17.31 17.31 17.3099 17.3099 17.3098 17.3098 17.3097 17.3097 17.3098 17.3098 17.3098 17.3098 17.3098 17.3098 17.3098 17.3098 17.3098 17.3099 17.3099 17.3099 17.3098 17.3098 17.3099 17.3099 17.3099 17.3099 17.3099 17.3099 17.3099 17.3099 17.3099 17.3099 17.3098 17.3098 17.3097 17.3095 17.3094 17.3096 17.3096 17.3095 17.3094 17.3095 17.3096 17.3096 17.3096 17.3096 17.3096 17.3096 17.3096 17.3097 17.3097 17.3097 17.3097 17.3098 17.3098 17.3098 17.3099 17.3099 17.3099 17.31
17.3098 17.3099 17.3099 17.3099 17.3099 17.3099 17.3099 17.3099 17.3099 17.3099 17.3099 17.3099 17.3099 17.3099 17.31 17.31 17.31 17.3099 17.3099 17.3098 17.3098 17.3097 17.3097 17.3098 17.3098 17.3098 17.3098 17.3098 17.3098 17.3098 17.3098 17.3098 17.3099 17.3099 17.3099 17.3099 17.3099 17.3098 17.3099 17.3099 17.3099 17.3099 17.3099 17.3099 17.3099 17.3099 17.3099 17.3099 17.3098 17.3098 17.3097 17.3095 17.3095 17.3096 17.3096 17.3095 17.3094 17.3095 17.3096 17.3096 17.3096 17.3096 17.3096 17.3096 17.3096 17.3096 17.3097 17.3097 17.3097 17.3098 17.3098 17.3098 17.3098 17.3099 17.3099 17.3099
17.3098 17.3098 17.3099 17.3099 17.3099 17.3099 17.3099 17.3099 17.3099 17.3099 17.3099 17.3099 17.3099 17.3099 17.3099 17.31 17.31 17.3099 17.3099 17.3098 17.3098 17.3097 17.3097 17.3098 17.3098 17.3098 17.3098 17.3098 17.3098 17.3098 17.3098 17.3098 17.3099 17.3099 17.3099 17.3099 17.3099 17.3098 17.3099 17.3099 17.3099 17.3099 17.3099 17.3099 17.3099 17.3099 17.3099 17.3099 17.3098 17.3098 17.3097 17.3095 17.3095 17.3096 17.3096 17.3096 17.3094 17.3095 17.3096 17.3096 17.3097 17.3096 17.3096 17.3096 17.3096 17.3096 17.3097 17.3097 17.3097 17.3097 17.3098 17.3098 17.3098 17.3099 17.3099 17.3099
17.3098 17.3098 17.3099 17.3099 17.3099 17.3099 17.3099 17.3099 17.3099 17.3099 17.3099 17.3099 17.3099 17.3099 17.3099 17.3099 17.31 17.3099 17.3099 17.3099 17.3097 17.3097 17.3098 17.3098 17.3098 17.3098 17.3098 17.3098 17.3098 17.3098 17.3098 17.3099 17.3099 17.3099 17.3099 17.3099 17.3099 17.3099 17.3099 17.3099 17.3099 17.3099 17.3099 17.3099 17.3099 17.3099 17.3099 17.3099 17.3098 17.3098 17.3097 17.3096 17.3095 17.3096 17.3096 17.3096 17.3095 17.3095 17.3096 17.3097 17.3097 17.3097 17.3096 17.3096 17.3096 17.3096 17.3097 17.3097 17.3097 17.3097 17.3098 17.3098 17.3098 17.3099 17.3099 17.3099
17.3099 17.3098 17.3098 17.3099 17.3099 17.3099 17.3099 17.3099 17.3099 17.3099 17.3099 17.3099 17.3099 17.3099 17.3099 17.3099 17.3099 17.3099 17.3099 17.3097 17.3097 17.3098 17.3098 17.3098 17.3098 17.3098 17.3098 17.3098 17.3098 17.3099 17.3099 17.3099 17.3099 17.3099 17.3099 17.3099 17.3099 17.3099 17.3099 17.3099 17.3099 17.3099 17.3099 17.3099 17.3099 17.3099 17.3099 17.3099 17.3099 17.3098 17.3097 17.3096 17.3096 17.3096 17.3097 17.3096 17.3095 17.3095 17.3096 17.3097 17.3097 17.3097 17.3097 17.3096 17.3096 17.3096 17.3096 17.3097 17.3097 17.3097 17.3097 17.3098 17.3098 17.3098 17.3099 17.3099
17.3099 17.3099 17.3098 17.3098 17.3099 17.3099 17.3099 17.3099 17.3099 17.3099 17.3099 17.3099 17.3099 17.3099 17.31 17.3099 17.3099 17.3099 17.3098 17.3097 17.3098 17.3098 17.3098 17.3098 17.3098 17.3098 17.3098 17.3098 17.3099 17.3099 17.3099 17.3099 17.3099 17.3099 17.3099 17.3099 17.3099 17.3099 17.3099 17.3099 17.3099 17.3099 17.3099 17.3099 17.3099 17.3099 17.31 17.3099 17.3099 17.3098 17.3098 17.3097 17.3096 17.3096 17.3097 17.3097 17.3096 17.3096 17.3096 17.3097 17.3097 17.3098 17.3097 17.3096 17.3096 17.3096 17.3097 17.3097 17.3097 17.3097 17.3097 17.3098 17.3098 17.3098 17.3099 17.3099
17.3099 17.3099 17.3099 17.3099 17.3098 17.3099 17.3099 17.3099 17.3099 17.3099 17.3099 17.3099 17.3099 17.3099 17.31 17.31 17.3099 17.3098 17.3098 17.3098 17.3099 17.3099 17.3099 17.3099 17.3099 17.3099 17.3098 17.3099 17.3099 17.3099 17.3099 17.31 17.3099 17.3099 17.3099 17.3099 17.3099 17.3099 17.31 17.3099 17.31 17.3099 17.3099 17.31 17.31 17.31 17.31 17.3099 17.3099 17.3099 17.3098 17.3097 17.3096 17.3097 17.3097 17.3097 17.3096 17.3096 17.3097 17.3097 17.3097 17.3098 17.3098 17.3098 17.3097 17.3096 17.3097 17.3097 17.3097 17.3097 17.3097 17.3097 17.3098 17.3098 17.3099 17.3099
17.3099 17.3099 17.3099 17.3099 17.3099 17.3098 17.3099 17.3099 17.3099 17.3099 17.3099 17.3099 17.3099 17.3099 17.3099 17.3099 17.3099 17.3098 17.3098 17.3099 17.3099 17.3099 17.3099 17.3099 17.3099 17.3099 17.3099 17.3099 17.3099 17.31 17.31 17.31 17.31 17.31 17.31 17.31 17.31 17.31 17.31 17.31 17.31 17.31 17.31 17.31 17.31 17.31 17.31 17.31 17.31 17.3099 17.3099 17.3098 17.3097 17.3097 17.3097 17.3097 17.3096 17.3096 17.3097 17.3097 17.3097 17.3098 17.3098 17.3099 17.3098 17.3098 17.3098 17.3098 17.3097 17.3097 17.3097 17.3097 17.3098 17.3098 17.3099 17.3099
17.3099 17.3099 17.3099 17.3099 17.3099 17.3099 17.3099 17.3099 17.3099 17.3099 17.3099 17.3099 17.3099 17.3099 17.3099 17.3098 17.3098 17.3099 17.3099 17.3099 17.3099 17.3099 17.3099 17.3099 17.3099 17.3099 17.3099 17.31 17.31 17.31 17.31 17.31 17.31 17.31 17.31 17.31 17.31 17.31 17.31 17.31 17.31 17.31 17.31 17.31 17.31 17.31 17.31 17.31 17.31 17.31 17.3099 17.3099 17.3098 17.3098 17.3097 17.3097 17.3096 17.3097 17.3097 17.3097 17.3097 17.3098 17.3098 17.3099 17.31 17.3099 17.3099 17.3099 17.3098 17.3098 17.3097 17.3097 17.3097 17.3098 17.3098 17.3099
17.3099 17.3099 17.3099 17.3099 17.3099 17.3099 17.3099 17.3099 17.3099 17.3099 17.3099 17.3099 17.3099 17.3099 17.31 17.31 17.3099 17.3099 17.3099 17.3099 17.3099 17.3099 17.3099 17.3099 17.3099 17.3099 17.31 17.31 17.31 17.31 17.31 17.31 17.31 17.31 17.31 17.31 17.31 17.31 17.31 17.31 17.31 17.31 17.31 17.31 17.31 17.31 17.31 17.31 17.31 17.31 17.3099 17.3099 17.3099 17.3099 17.3098 17.3098 17.3097 17.3097 17.3097 17.3097 17.3097 17.3098 17.3098 17.3099 17.31 17.31 17.31 17.3099 17.3099 17.3099 17.3098 17.3097 17.3097 17.3098 17.3098 17.3099
17.3099 17.3099 17.3099 17.3099 17.3099 17.3099 17.3099 17.3099 17.3099 17.3099 17.3099 17.31 17.3099 17.31 17.31 17.31 17.31 17.3099 17.31 17.31 17.31 17.31 17.31 17.31 17.31 17.31 17.31 17.31 17.31 17.31 17.31 17.31 17.31 17.31 17.31 17.31 17.31 17.31 17.31 17.31 17.31 17.31 17.31 17.31 17.31 17.31 17.31 17.31 17.31 17.31 17.31 17.3099 17.3099 17.3099 17.3099 17.3098 17.3098 17.3097 17.3097 17.3097 17.3098 17.3098 17.3099 17.31 17.31 17.31 17.31 17.31 17.31 17.3099 17.3099 17.3098 17.3097 17.3097 17.3098 17.3099
17.3099 17.3099 17.3099 17.3099 17.3099 17.3099 17.3099 17.3099 17.3099 17.3099 17.3099 17.31 17.31 17.31 17.31 17.31 17.31 17.31 17.31 17.31 17.31 17.31 17.31 17.31 17.31 17.31 17.31 17.31 17.31 17.31 17.31 17.31 17.31 17.31 17.31 17.31 17.31 17.31 17.31 17.31 17.31 17.31 17.31 17.31 17.31 17.31 17.31 17.31 17.31 17.31 17.31 17.3099 17.3099 17.3099 17.3099 17.3099 17.3098 17.3098 17.3098 17.3098 17.3098 17.3098 17.3099 17.31 17.31 17.31 17.31 17.31 17.31 17.31 17.31 17.3099 17.3099 17.3097 17.3097 17.31
17.3099 17.3099 17.3099 17.3099 17.3099 17.3099 17.3099 17.3099 17.3099 17.3099 17.3099 17.31 17.31 17.31 17.31 17.31 17.31 17.31 17.31 17.31 17.31 17.31 17.31 17.31 17.31 17.31 17.31 17.31 17.31 17.31 17.31 17.31 17.31 17.31 17.31 17.31 17.31 17.31 17.31 17.31 17.31 17.31 17.31 17.31 17.31 17.31 17.31 17.31 17.31 17.31 17.31 17.3099 17.3099 17.3099 17.3099 17.3099 17.3099 17.3099 17.3098 17.3098 17.3098 17.3099 17.31 17.31 17.31 17.31 17.31 17.31 17.31 17.31 17.31 17.31 17.31 17.31 17.3098 17.3098
17.3099 17.3099 17.3099 17.3099 17.3099 17.3099 17.3099 17.3099 17.3099 17.3099 17.3099 17.31 17.31 16.9774 16.9099 16.9656 17.31 17.31 17.31 17.31 17.31 17.31 17.31 17.31 17.31 17.31 17.31 17.31 17.31 17.31 17.31 17.31 17.31 17.31 17.31 17.31 17.31 17.31 17.31 17.31 17.31 17.31 17.31 17.31 17.31 17.31 17.31 17.31 17.31 17.31 17.31 17.31 17.3099 17.31 17.31 17.3099 17.3099 17.3099 17.3099 17.3099 17.3099 17.3099 17.31 17.31 17.31 17.31 17.31 17.31 17.31 17.31 17.31 17.31 17.31 17.31 17.3099 17.3098
17.3099 17.3099 17.3099 17.3099 17.31 17.31 17.31 17.3099 17.3099 17.3099 17.31 17.31 17.31 16.5246 18.6778 15.8113 16.5395 16.7337 17.31 17.31 17.31 17.31 17.31 17.31 17.31 17.31 17.31 17.31 17.31 17.31 17.31 17.31 17.31 17.31 17.31 17.31 17.31 17.31 17.31 17.31 17.31 17.31 17.31 17.31 17.31 17.31 17.31 17.31 17.31 17.31 17.31 17.31 17.31 17.31 17.31 17.31 17.3099 17.3099 17.3099 17.3099 17.3099 17.31 17.31 17.31 17.31 17.31 17.31 17.31 17.31 17.31 17.31 17.31 17.31 17.31 17.3099 17.3099
17.31 17.3099 17.3099 17.3099 17.3099 17.31 17.31 17.3098 17.3099 17.31 17.31 17.31 17.31 16.327 21.1633 18.6595 19.6452 15.9092 17.31 16.7654 16.8407 16.8357 17.31 17.31 17.31 17.31 17.31 17.31 17.31 17.31 17.31 17.31 17.31 17.31 17.31 17.31 17.31 17.31 17.31 17.31 17.31 17.31 17.31 17.31 17.31 17.31 17.31 17.31 17.31 17.31 17.31 17.31 17.31 17.31 17.31 17.31 17.3099 17.3099 17.3099 17.3099 17.31 17.31 17.31 17.31 17.31 17.31 17.31 17.31 17.31 17.31 17.31 17.31 17.31 17.31 17.31 17.31
17.31 17.31 17.31 17.31 17.3099 17.3098 17.3098 17.3097 17.3099 17.31 17.31 17.31 17.31 16.2354 19.858 24.0045 21.7585 14.7695 16.0401 14.5899 16.6936 14.4701 15.4193 16.7557 17.2512 17.31 17.31 17.31 17.31 17.31 17.31 17.31 17.31 17.31 17.31 17.31 17.31 17.31 17.31 17.31 17.31 17.31 17.31 17.31 17.31 17.31 17.31 17.31 17.31 17.31 17.31 17.31 17.31 17.31 17.31 17.31 17.31 17.31 17.31 17.31 17.31 17.31 17.31 17.31 17.31 17.31 17.31 17.31 17.31 17.31 17.31 17.31 17.31 17.31 17.31 17.31
17.31 17.31 17.31 17.31 17.3098 17.3099 17.3098 17.3099 17.31 17.31 17.31 17.31 17.31 16.7805 15.7842 16.5727 20.9495 18.3553 12.7709 15.7126 20.3533 19.8008 18.2385 16.9148 17.2068 17.31 17.31 17.31 17.31 17.31 17.31 17.31 17.31 17.31 17.31 17.31 17.31 17.31 17.31 17.31 17.31 17.31 17.31 17.31 17.31 17.31 17.31 17.31 17.31 17.31 17.31 17.31 17.31 17.31 17.31 17.31 17.31 17.31 17.31 17.31 17.31 17.31 17.31 17.31 17.31 17.31 17.31 17.31 17.31 17.31 17.31 17.31 17.31 17.31 17.31 17.31
17.31 17.31 17.3098 17.3099 17.3098 17.3099 17.31 17.3099 17.31 17.31 17.31 17.31 17.31 17.31 16.9235 15.2097 15.9966 23.0919 19.756 23.3768 24.6519 17.246 14.6891 16.4925 17.2274 17.31 17.31 17.31 17.31 17.31 17.31 17.31 17.31 17.31 17.31 17.31 17.31 17.31 17.31 17.31 17.31 17.31 17.31 17.31 17.31 17.31 17.31 17.31 17.31 17.31 17.31 17.31 17.31 17.31 17.31 17.31 17.31 17.31 17.31 17.31 17.31 17.31 17.31 17.31 17.31 17.31 17.31 17.31 17.31 17.31 17.31 17.31 17.31 17.31 17.31 17.31
17.3099 17.3099 17.3098 17.3098 17.3099 17.31 17.31 17.31 17.31 17.31 17.31 17.31 17.31 17.31 17.31 15.4016 15.5809 22.864 27.59 28.191 20.2317 13.0278 15.7521 17.31 17.31 17.31 17.31 17.31 17.31 17.31 17.31 16.6446 16.2908 15.5441 15.6788 16.5317 17.0534 17.31 17.31 17.31 17.31 17.31 17.31 17.31 17.31 17.31 17.31 17.31 17.31 17.31 17.31 17.31 17.31 17.31 17.31 17.31 17.31 17.31 17.31 17.31 17.31 17.31 17.31 17.31 17.31 17.31 17.31 17.31 17.31 17.31 17.31 17.31 17.31 17.31 17.31 17.31
17.3098 17.3096 17.3099 17.3099 17.31 17.31 17.31 17.31 17.31 17.31 17.31 17.31 17.31 17.31 17.31 15.3279 15.2371 21.8094 30.5145 30.9749 22.855 16.5247 15.7107 17.31 17.31 17.31 17.31 17.31 17.31 17.31 17.31 16.6443 19.5799 21.0878 18.7012 17.8726 16.6902 16.4723 16.8648 17.2416 17.31 17.31 17.31 17.31 17.31 17.31 17.31 17.31 17.31 17.31 17.31 17.31 17.31 17.31 17.31 17.31 17.31 17.31 17.31 17.31 17.31 17.31 17.31 17.31 17.31 17.31 17.31 17.31 17.31 17.31 17.31 17.31 17.31 17.31 17.31 17.31
17.31 17.31 17.3099 17.31 17.3099 17.31 17.31 17.31 17.31 16.9693 16.6014 16.3771 16.7061 17.31 17.31 15.9652 11.0151 17.5223 27.2012 29.9477 21.0178 14.3624 15.0811 17.31 17.31 17.31 17.31 17.31 17.31 17.31 17.31 16.8692 15.7444 15.7538 16.2488 16.7407 18.2327 18.3305 17.1212 17.1999 17.31 17.31 17.31 17.31 17.31 17.31 17.31 17.31 17.31 17.31 17.31 17.31 17.31 17.31 17.31 17.31 17.31 17.31 17.31 17.31 17.31 17.31 17.31 17.31 17.31 17.31 17.31 17.31 17.31 17.31 17.31 17.31 17.31 17.31 17.31 17.31
17.3099 17.3099 17.31 17.3099 17.31 17.31 17.31 17.31 17.31 16.7018 20.163 19.624 15.2185 16.2107 17.31 15.4016 11.6695 18.218 27.4259 31.9199 23.2879 16.4666 13.6923 16.847 17.31 17.31 17.31 17.31 17.31 17.31 17.31 17.31 17.31 17.31 17.31 17.024 16.6253 16.45 16.8256 17.2286 17.31 17.31 17.31 17.31 17.31 17.31 17.31 17.31 17.31 17.31 17.31 17.31 17.31 17.31 17.31 17.31 17.31 17.31 17.31 17.31 17.31 17.31 17.31 17.31 17.31 17.31 17.31 17.31 17.31 17.31 17.31 17.31 17.31 17.31 17.31 17.31
17.3098 17.3098 17.3099 17.31 17.31 17.31 17.31 17.31 17.31 15.543 19.7563 22.8877 18.4955 12.8967 13.8529 11.2986 13.0454 20.9373 29.8448 34.4491 26.4108 19.3753 14.4935 16.1863 17.31 17.31 17.31 17.31 17.31 17.31 17.31 17.31 17.31 17.31 17.31 17.31 17.31 17.31 17.31 17.31 17.31 17.31 17.31 17.31 17.31 17.31 17.31 17.31 17.31 17.31 17.31 17.31 17.31 17.31 17.31 17.31 17.31 17.31 17.31 17.31 17.31 17.31 17.31 17.31 17.31 17.31 17.31 17.31 17.31 17.31 17.31 17.31 17.31 17.31 17.31 17.31
