tests/full-run-ref/erosion_85_12_73.353.asc
ncols 512
nrows 512
xllcorner -3.24582
yllcorner -4.08743
cellsize 5
NODATA_value -99999
[rows 462 to 494 of 512, columns 148 to 221 of 512]
5.77015 5.77015 5.77015 5.77015 5.77015 5 5.77015 5 5.77015 5 5.77015 5.77015 5.77015 5.77015 5.77015 5.77015 5.77015 5 5.77015 5 5.77015 5 5.77015 5 5.77015 5 5.77016 5 5.77016 5 5.77016 5 5.77016 5 5.77016 5 5.77016 5 5.77016 5 5.77016 5 5.77016 5 5.77016 5.77016 5 5.77016 5 5.77016 5 5.77014 5 5.77014 5 5.77014 5 5.77014 5 5.77014 5 5.77014 5.77014 5.77014 5.77014 5.77014 5 5.77014 5 5.77013 5.77013 5.77014 5.77014 5.77014
5.77015 5 5.77015 5 5.77015 5.77015 5.77015 5.77015 5.77015 5.77015 5.77015 5 5.77015 5 5.77015 5 5.77015 5.77015 5.77015 5.77015 5.77015 5.77015 5.77015 5.77015 5.77015 5.77016 5.77016 5.77016 5.77016 5.77016 5.77016 5.77016 5.77016 5.77016 5.77016 5.77016 5.77016 5.77016 5.77016 5.77016 5.77016 5.77016 5.77016 5.77016 5.77016 5 5.77016 5.77016 5.77016 5.77016 5.77016 5.77014 5.77014 5.77014 5.77014 5.77014 5.77014 5.77014 5.77014 5.77014 5.77014 5.77014 5 5.77014 5 5.77014 5.77014 5.77014 5.77014 5.77014 5 5.77014 5 5.77014
5.77015 5.77015 5.77015 5.77015 5.77015 5 5.77015 5 5.77015 5 5.77015 5.77015 5.77015 5.77015 5.77015 5.77015 5.77015 5 5.77015 5 5.77015 5 5.77015 5 5.77016 5 5.77016 5 5.77016 5.77016 5 5.77016 5 5.77016 5 5.77016 5 5.77016 5 5.77016 5 5.77016 5 5.77016 5.77016 5.77016 5.77016 5 5.77016 5 5.77016 5 5.77016 5 5.77014 5 5.77014 5 5.77014 5 5.77014 5.77014 5.77014 5.77014 5.77014 5.77014 5 5.77014 5 5.77013 5.77013 5.77014 5.77013 5.77014
5.77015 5 5.77015 5 5.77015 5.77015 5.77015 5.77015 5.77015 5.77015 5.77015 5 5.77015 5 5.77015 5 5.77015 5.77015 5.77015 5.77015 5.77015 5.77015 5.77015 5.77016 5.77016 5.77016 5.77016 5.77016 5.77016 5 5.77016 5.77016 5.77016 5.77016 5.77016 5.77016 5.77016 5.77016 5.77016 5.77016 5.77016 5.77016 5.77016 5.77016 5 5.77016 5.77016 5.77016 5.77016 5.77016 5.77016 5.77016 5.77016 5.77016 5.77014 5.77014 5.77014 5.77014 5.77014 5.77014 5.77014 5 5.77014 5 5.77014 5.77014 5.77014 5.77013 5.77014 5.77014 5 5.77014 5 5.77013
5.77015 5.77015 5.77015 5.77015 5.77015 5 5.77015 5 5.77015 5 5.77015 5.77015 5.77015 5.77015 5.77015 5.77015 5.77015 5 5.77015 5 5.77015 5 5.77016 5 5.77016 5 5.77016 5.77016 5 5.77016 5.77016 5 5.77016 5.77016 5 5.77016 5 5.77016 5 5.77016 5 5.77016 5 5.77016 5.77016 5.77016 5 5.77016 5 5.77016 5 5.77016 5.77016 5 5.77014 5 5.77014 5 5.77014 5 5.77014 5.77014 5.77014 5.77014 5.77014 5 5.77014 5 5.77013 5.77013 5.77014 5.77014 5.77014 5.77014
5.77015 5 5.77015 5 5.77015 5.77015 5.77015 5.77015 5.77015 5.77015 5.77015 5 5.77015 5 5.77015 5 5.77015 5.77015 5.77015 5.77015 5.77015 5.77016 5.77016 5.77016 5.77016 5.77016 5.77016 5 5.77016 5.77016 5 5.77016 5.77016 5 5.77016 5.77016 5.77016 5.77016 5.77016 5.77016 5.77016 5.77016 5.77016 5.77016 5 5.77016 5.77016 5.77016 5.77016 5.77016 5.77016 5.77016 5.77016 5.77016 5.77014 5.77014 5.77014 5.77014 5.77014 5.77014 5.77014 5 5.77014 5 5.77014 5.77014 5.77014 5.77014 5.77014 5 5.77013 5 5.77014 5.77013
5.77015 5.77015 5.77015 5.77015 5.77015 5 5.77015 5 5.77015 5 5.77015 5.77015 5.77015 5.77015 5.77015 5.77015 5.77015 5 5.77015 5 5.77016 5 5.77016 5 5.77016 5.77016 5 5.77016 5.77016 5 5.77016 5.77016 5 5.77016 5.77016 5 5.77016 5 5.77016 5 5.77016 5 5.77016 5.77016 5.77016 5.77016 5 5.77016 5 5.77016 5 5.77016 5.77016 5 5.77014 5 5.77014 5 5.77014 5 5.77014 5.77014 5.77014 5.77014 5.77014 5 5.77014 5 5.77014 5.77014 5.77013 5.77013 5.77014 5.77014
5.77015 5 5.77015 5 5.77015 5.77015 5.77015 5.77015 5.77015 5.77015 5.77015 5 5.77015 5 5.77015 5 5.77015 5.77015 5.77015 5.77016 5.77016 5.77016 5.77016 5.77016 5.77016 5 5.77016 5.77016 5 5.77016 5.77016 5 5.77016 5.77016 5.77014 5.77016 5.77016 5.77016 5.77016 5.77016 5.77016 5.77016 5.77016 5 5.77016 5.77016 5.77016 5.77016 5.77016 5.77016 5.77016 5.77016 5.77016 5.77016 5.77014 5.77014 5.77014 5.77014 5.77014 5.77014 5.77014 5 5.77014 5 5.77014 5.77014 5.77014 5.77014 5.77014 5 5.77014 5 5.77014 5.77013
5 5.77015 5.77015 5.77015 5.77015 5 5.77015 5 5.77015 5 5.77015 5.77015 5.77015 5.77015 5.77015 5.77015 5.77015 5 5.77016 5 5.77016 5 5.77016 5.77016 5 5.77016 5.77016 5 5.77016 5.77016 5 5.77016 5.77016 5 5.77016 5.77016 5 5.77016 5 5.77016 5 5.77016 5.77016 5.77016 5.77016 5 5.77016 5 5.77016 5 5.77016 5.77016 5 5.77014 5 5.77014 5 5.77014 5 5.77014 5.77014 5.77014 5.77014 5.77014 5.77014 5 5.77014 5 5.77014 5.77014 5.77014 5.77014 5.77014 4.96247
5.77015 5.77015 5 5.77015 4.99998 5.77012 5.77011 5.77015 5.77015 5.77015 5.77015 5 5.77015 5 5.77015 5 5.77015 5.77015 5.77016 5.77016 5.77016 5.77016 5.77016 5 5.77016 5.77016 5 5.77016 5.77016 5 5.77016 5.77016 5.77014 5.77016 5.77016 5.77016 5.77016 5.77016 5.77016 5.77016 5.77016 5.77016 5 5.77016 5.77016 5.77016 5.77016 5.77016 5.77016 5.77016 5.77016 5.77016 5.77016 5.77016 5.77014 5.77014 5.77014 5.77014 5.77014 5.77014 5 5.77014 5 5.77014 5.77014 5.77014 5.77014 5.77014 5.77014 5 5.77014 5 5.77014 5.74786
5 5.77015 5.77016 5.77015 5.77011 6.16017 4.99991 5.77016 5 5.77015 5 5.77015 5.77015 5.77015 5.77015 5.77015 5.77015 5 5.77015 5 5.77016 5.77016 5 5.77016 5.77016 5 5.77016 5.77016 5 5.77016 5.77016 5 5.77016 5.77016 5 5.77016 5 5.77016 5 5.77016 5 5.77016 5.77016 5.77016 5 5.77016 5 5.77016 5 5.77016 5 5.77016 5.77016 5 5.77014 5 5.77014 5 5.77014 5.77014 5.77014 5.77014 5.77014 5.77014 5 5.77014 5 5.77014 5.77014 5.77014 5.77014 5.77014 5.77014 4.982
5.77015 5.77015 5 5.77016 4.99997 5.77011 5.77009 5.77016 5.77016 5.77016 5.77015 5.77015 5 5.77015 5 5.77015 5 5.77015 5.77015 5.77016 5.77016 5 5.77016 5.77016 5 5.77016 5.77016 5 5.77016 5.77016 5.77014 5.77016 5.77016 5.77016 5.77016 5.77016 5.77016 5.77016 5.77016 5.77016 5.77016 5.77016 5 5.77016 5.77016 5.77016 5.77016 5.77016 5.77016 5.77016 5.77016 5.77016 5.77016 5.77016 5.77016 5.77014 5.77014 5.77014 5.77014 5 5.77014 5 5.77014 5.77014 5.77014 5.77014 5.77014 5.77014 5 5.77014 5 5.77014 5 5.77014
5 5.77015 5.77015 5.77016 5.77015 5.77016 5 5.77015 5 5.77015 5 5.77015 5.77015 5.77015 5.77015 5.77015 5.77015 5.77015 5 5.77015 5 5.77016 5.77016 5 5.77016 5.77016 5 5.77016 5.77016 5 5.77016 5.77016 5 5.77016 5 5.77016 5 5.77016 5 5.77016 5 5.77016 5.77016 5.77016 5 5.77016 5 5.77016 5 5.77016 5 5.77016 5 5.77016 5.77016 5 5.77014 5 5.77014 5.77014 5.77014 5.77014 5.77014 5 5.77014 5 5.77014 5.77014 5.77014 5.77014 5.77014 5.77014 5.77014 5.77014
5.77015 5.77015 4.99997 5.7701 4.99996 5.77016 5.77015 5.77015 5.77015 5.77015 5.77015 5.77015 5 5.77015 5 5.77015 5 5.77015 5.77015 5.77015 5.77016 5.77016 5 5.77016 5.77016 5 5.77016 5.77016 5.77014 5.77016 5.77016 5.77014 5.77016 5.77016 5.77016 5.77016 5.77016 5.77016 5.77016 5.77016 5.77016 5.77016 5 5.77016 5.77016 5.77016 5.77016 5.77016 5.77016 5.77016 5.77016 5.77016 5.77016 5.77016 5.77016 5.77016 5.77014 5.77014 5.77014 5 5.77014 5 5.77014 5.77014 5.77014 5.77014 5.77014 5 5.77014 5 5.77014 5 5.77014 5
5 5.77015 5.77011 6.15887 5.77011 5.77015 5 5.77015 5 5.77015 5 5.77015 5.77015 5.77015 5.77015 5.77015 5.77015 5.77015 5 5.77014 5 5.77015 5.77016 5.77016 5 5.77016 5.77016 5 5.77016 5.77016 5 5.77016 5.77016 5 5.77016 5 5.77016 5 5.77016 5 5.77016 5.77016 5.77016 5.77016 5 5.77016 5 5.77016 5 5.77016 5.77016 5.77016 5 5.77016 5.77016 5.77016 5 5.77014 5.77014 5.77014 5.77014 5.77014 5.77014 5 5.77014 5 5.77014 5.77014 5.77014 5.77014 5.77014 5.77014 5.77014 5.74073
5.77015 5.77015 4.99997 5.77011 4.99997 5.77015 5.77015 5.77015 5.77015 5.77015 5.77015 5.77015 5 5.77015 5 5.77015 5 5.77015 5.77014 5.77014 5.77014 5.77016 5.77016 5 5.77016 5.77016 5.77014 5.77016 5.77016 5.77014 5.77016 5.77016 5.77016 5.77016 5.77016 5.77016 5.77016 5.77016 5.77016 5.77016 5.77016 5 5.77016 5.77016 5.77016 5.77016 5.77016 5.77016 5.77016 5.77016 5.77016 5 5.77016 5.77016 5.77016 5.77014 5.77016 5.77014 5 5.77014 5 5.77014 5.77014 5.77014 5.77014 5.77014 5.77014 5 5.77014 4.98343 5.70825 5.71858 5.725 4.97735
5.77015 5 5.77015 5.77015 5.77015 5.77015 5 5.77015 5 5.77015 5 5.77015 5.77015 5.77015 5.77015 5.77015 5.77015 5.77015 5 5.77014 5 5.77014 5.77015 5.77016 5.77016 5 5.77016 5.77016 5 5.77016 5.77016 5 5.77016 5 5.77016 5 5.77016 5 5.77016 5 5.77016 5.77016 5.77016 5 5.77016 5 5.77016 5 5.77016 5.77016 5 5.77016 5.77016 5 5.77016 5.77016 5.77016 5.77014 5.77014 5.77014 5.77014 5.77014 5 5.77014 5 5.77014 5.77014 5.77014 5.77014 5.76344 5.97754 4.99837 5.76827 5.99386
5.77015 5.77015 5.77015 5 5.77015 5.77014 5.77015 5.77015 5.77015 5.77015 5.77015 5.77015 5 5.77015 5 5.77015 5 5.77015 5.77014 5.77014 5.77014 5.77014 5.77016 5.77016 5.77014 5.77016 5.77016 5.77014 5.77016 5.77016 5.77016 5.77016 5.77016 5.77016 5.77016 5.77016 5.77016 5.77016 5.77016 5.77016 5.77016 5 5.77016 5.77016 5.77016 5.77016 5.77016 5.77016 5.77016 5 5.77016 5.77016 5.77016 5.77016 5.77016 5 5.77016 5.77016 5 5.77014 5 5.77014 5.77014 5.77014 5.77014 5.77014 5 5.77014 5 5.76279 4.98966 5.98925 5.97621 4.99836
5.77015 5 5.77015 5.77015 5.77015 5 5.77014 5 5.77014 5.77015 5 5.77015 5.77015 5.77015 5.77015 5.77015 5.77015 5.77015 5 5.77014 5 5.77014 5 5.77014 5.77016 5.77016 5 5.77016 5.77016 5.77016 5.77016 5 5.77016 5 5.77016 5 5.77016 5 5.77016 5 5.77016 5.77016 5.77016 5 5.77016 5 5.77016 5.77016 5 5.77016 5.77016 5 5.77016 5 5.77016 5.77016 5.77016 5.77014 5.77016 5.77014 5.77014 5.77014 5 5.77014 5 5.77014 5.77014 5.77014 5.77014 5.77014 5.75064 5.98306 5.76749 5.76945
5.77015 5.77015 5.77015 5 5.77015 5.77014 5.77014 5.77014 5.77014 5.77015 5.77015 5.77015 5 5.77015 5 5.77015 5 5.77015 5.77014 5.77014 5.77014 5.77014 5.77014 5.77014 5.77016 5.77014 5.77016 5.77016 5.77016 5.77016 5 5.77016 5.77016 5.77016 5.77016 5.77016 5.77016 5.77016 5.77016 5.77016 5.77016 5 5.77016 5.77016 5.77016 5.77016 5.77016 5 5.77016 5.77016 5.77016 5.77016 5.77016 5.77016 5.77016 5 5.77016 5.77016 5 5.77014 5 5.77014 5.77014 5.77014 5.77014 5.77014 5 5.77014 5 5.77014 4.98354 5.98626 5.76877 5
5.77015 5 5.77015 5.77015 5.77015 5 5.77014 5 5.77014 5.77015 5 5.77015 5.77015 5.77015 5.77015 5.77015 5.77015 5.77014 5 5.77014 5 5.77014 5 5.77014 5 5.77016 5.77016 5.77016 5.77016 5 5.77016 5.77016 5 5.77016 5 5.77016 5 5.77016 5 5.77016 5.77016 5.77016 5.77016 5 5.77016 5.77016 5 5.77016 5.77016 5 5.77016 5 5.77016 5 5.77016 5.77016 5.77016 5.77014 5.77016 5.77014 5.77014 5.77014 5 5.77014 5 5.77014 5.77014 5.77014 5.77014 5.77014 5.76426 5.7697 5.76974 5.77014
5.77015 5.77015 5.77015 5 5.77015 5.77014 5.77014 5.77014 5.77014 5.77014 5.77015 5.77015 5.77015 5 5.77015 5 5.77014 5.77014 5.77014 5.77014 5.77014 5.77014 5.77014 5.77014 5.77014 5.77016 5.77016 5.77016 5 5.77016 5.77016 5.77016 5.77016 5.77016 5.77016 5.77016 5.77016 5.77016 5.77016 5.77016 5 5.77016 5.77016 5.77016 5.77016 5 5.77016 5.77016 5.77016 5.77016 5.77016 5.77016 5.77016 5.77016 5.77016 5 5.77016 5.77016 5.77016 5 5.77014 5.77014 5.77014 5.77014 5.77014 5.77014 5 5.77014 5 5.77014 5 5.77014 5 5.77014
5.77015 5.77014 5.77015 5.77015 5.77015 5 5.77014 5.77014 5 5.77015 5.77015 5.77015 5.77015 5.77015 5.77015 5.77014 5.77014 5 5.77014 5.77014 5 5.77014 5.77014 5.77014 5 5.77016 5.77016 5 5.77016 5.77016 5 5.77016 5 5.77016 5 5.77016 5 5.77016 5 5.77016 5.77016 5.77016 5.77016 5.77016 5 5.77016 5.77016 5 5.77016 5 5.77016 5 5.77016 5 5.77016 5.77016 5.77016 5.77016 5.77015 5.77016 5.77014 5 5.77014 5 5.77014 5.77014 5.77014 5.77014 5.77014 5.77014 5.77014 5.77014 5.77014 5.77014
5 5.77014 5 5.77014 5 5.77014 5.77014 5 5.77014 5.77014 5.77014 5.77014 5 5.77014 5.77014 5.77014 5 5.77014 5.77014 5 5.77014 5.77014 5 5.77014 5.77014 5.77014 5.77015 5.77016 5.77016 5.77016 5.77016 5.77016 5.77016 5.77016 5.77016 5.77016 5.77016 5.77016 5.77016 5.77016 5.77016 5.77016 5.77016 5 5.77016 5.77016 5.77016 5.77016 5.77016 5.77016 5.77016 5.77016 5.77016 5.77016 5.77016 5.77016 5.77016 5.77016 5.77016 5 5.77014 5.77014 5.77014 5.77014 5.77014 5 5.77014 5 5.77014 5 5.77014 5 5.77014 5
5.77014 5.77014 5.77014 5.77014 5.77014 5.77014 5 5.77014 5.77014 5 5.77014 5 5.77014 5.77014 5 5.77014 5.77014 5.77014 5 5.77014 5.77014 5 5.77014 5.77014 5 5.77014 5 5.77016 5.77016 5.77016 5.77016 5.77016 5.77016 5.77016 5.77016 5.77016 5.77016 5 5.77016 5 5.77016 5 5.77016 5.77016 5.77015 5 5.77015 5 5.77015 5 5.77015 5 5.77015 5 5.77015 5.77014 5.77015 5.77014 5.77014 5.77014 5.77014 5 5.77014 5 5.77014 5.77014 5.77014 5.77014 5.77014 5.77014 5.77014 5.77014 5.77014 5.77014
5.77014 5 5.77014 5 5.77014 5 5.77014 5.77014 5 5.77014 5.77014 5.77014 5.77014 5 5.77014 5.77014 5 5.77014 5.77014 5.77014 5 5.77014 5.77014 5 5.77014 5.77014 5.77014 5.77014 5.77014 5.77014 5.77014 5.77014 5.77014 5.77014 5.77014 5.77014 5.77014 5.77014 5.77014 5.77014 5.77014 5.77014 5.77014 5.77014 5.77014 5.77014 5.77014 5.77014 5.77014 5.77014 5.77014 5.77014 5.77014 5.77014 5.77014 5 5.77014 5 5.77014 5 5.77014 5.77014 5.77014 5.77014 5.77014 5 5.77014 5 5.77014 5 5.77014 5 5.77014 5
5.77014 5.77014 5.77014 5.77014 5.77014 5.77014 5.77014 5 5.77014 5.77014 5 5.77014 5 5.77014 5.77014 5 5.77014 5.77014 5 5.77014 5.77014 5.77014 5 5.77014 5.77014 5 5.77014 5 5.77014 5 5.77014 5 5.77014 5 5.77014 5 5.77014 5 5.77014 5 5.77014 5 5.77014 5 5.77014 5 5.77014 5 5.77014 5 5.77014 5 5.77014 5 5.77014 5.77014 5.77014 5.77014 5.77014 5.77014 5.77014 5 5.77014 5 5.77014 5.77014 5.77014 5.77014 5.77014 5.77014 5.77014 5.77014 5.77014 5.77014
5 5.77014 5 5.77014 5 5.77014 5 5.77014 5.77014 5 5.77014 5.77014 5.77014 5.77014 5 5.77014 5.77014 5 5.77014 5.77014 5 5.77014 5.77014 5.77014 5 5.77014 5.77014 5.77014 5.77014 5.77014 5.77014 5.77014 5.77014 5.77014 5.77014 5.77014 5.77014 5.77014 5.77014 5.77014 5.77014 5.77014 5.77014 5.77014 5.77014 5.77014 5.77014 5.77014 5.77014 5.77014 5.77014 5.77014 5.77014 5.77014 5.77014 5 5.77014 5 5.77014 5 5.77014 5.77014 5.77014 5.77014 5.77014 5 5.77014 5 5.77014 5 5.77014 5 5.77014 5
5.77014 5.77014 5.77014 5.77014 5.77014 5.77014 5.77014 5.77014 5 5.77014 5.77014 5 5.77014 5 5.77014 5.77014 5 5.77014 5.77014 5 5.77014 5.77014 5 5.77014 5.77014 5.77014 5 5.77014 5 5.77014 5 5.77014 5 5.77014 5 5.77014 5 5.77014 5 5.77014 5 5.77014 5 5.77014 5 5.77014 5 5.77014 5 5.77014 5 5.77014 5 5.77014 5 5.77014 5.77014 5.77014 5.77014 5.77014 5.77014 5 5.77014 5 5.77014 5.77014 5.77014 5.77014 5.77014 5.77014 5.77014 5.77014 5.77014 5.77014
5.77014 5 5.77014 5 5.77014 5 5.77014 5 5.77014 5.77014 5 5.77014 5.77014 5.77014 5.77014 5 5.77014 5.77014 5 5.77014 5.77014 5 5.77014 5.76991 4.99956 5.76972 5.77014 5.77014 5.77014 5.77014 5.77014 5.77014 5.77014 5.77014 5.77014 5.77014 5.77014 5.77014 5.77014 5.77014 5.77014 5.77014 5.77014 5.77014 5.77014 5.77014 5.77014 5.77014 5.77014 5.77014 5.77014 5.77014 5.77014 5.77014 5.77014 5.77014 5 5.77014 5 5.77014 5 5.77014 5.77014 5.77014 5.77014 5 5.77014 5 5.77014 5 5.77014 5 5.77014 5
5.77014 5.77014 5.77014 5.77014 5.77014 5.77014 5.77014 5.77014 5.77014 5 5.77014 5.77014 5 5.77014 5 5.77014 5.77014 5 5.77014 5.77014 5 5.77014 5.77014 4.99963 6.15777 5.76972 5 5.77014 5 5.77014 5 5.77014 5 5.77014 5 5.77014 5 5.77014 5 5.77014 5 5.77014 5 5.77014 5 5.77014 5 5.77014 5 5.77014 5 5.77014 5 5.77014 5 5.77014 5.77014 5.77014 5.77014 5.77014 5.77014 5.77014 5 5.77014 5.77014 5.77014 5.77014 5.77014 5.77014 5.77014 5.77014 5.77014 5.77014 5.77014
5 5.77014 5 5.77014 5 5.77014 5 5.77014 5 5.77014 5.77014 5 5.77014 5.77014 5.77014 5.77014 5 5.77014 5.77014 5 5.77014 5.77014 5 5.76992 5.76977 5.76992 5.77014 5.77014 5.77014 5.77014 5.77014 5.77014 5.77014 5.77014 5.77014 5.77014 5.77014 5.77014 5.77014 5.77014 5.77014 5.77014 5.77014 5.77014 5.77014 5.77014 5.77014 5.77014 5.77014 5.77014 5.77014 5.77014 5.77014 5.77014 5.77014 5.77014 5 5.77014 5 5.77014 5 5.77014 5.77014 5.77014 5 5.77014 5 5.77014 5 5.77014 5 5.77014 5 5.77014
5.77014 5.77014 5.77014 5.77014 5.77014 5.77014 5.77014 5.77014 5.77014 5.77014 5 5.77014 5.77014 5 5.77014 5 5.77014 5.77014 5 5.77014 5.77014 5 5.77014 5.77014 5 5.77014 5 5.77014 5 5.77014 5 5.77014 5 5.77014 5 5.77014 5 5.77014 5 5.77014 5 5.77014 5 5.77014 5 5.77014 5 5.77014 5 5.77014 5 5.77014 5 5.77014 5 5.77014 5.77014 5.77014 5.77014 5.77014 5.77014 5.77014 5 5.77014 5.77014 5.77014 5.77014 5.77014 5.77014 5.77014 5.77014 5.77014 5.77014 5.77014
