tests/full-run-ref/erosion_2010_78_23_-57.856.asc
ncols 512
nrows 512
xllcorner -3.24582
yllcorner -4.08743
cellsize 5
NODATA_value -99999
[rows 120 to 149 of 512, columns 272 to 339 of 512]
32.6005 38.3747 40.7678 46.454 44.0618 40.7425 38.3107 32.5355 30.1478 27.9909 28.3898 27.7092 30.1024 27.7119 30.1042 27.6783 21.9319 16.1733 11.4451 5.74001 5.76815 5.77 5.77 5.76817 5.76602 5.76539 5.76758 5.77 5.77 5.77 5.77 5.77 5.77 5.77 5.77 5.77001 5.77001 5.77 5.77 5.77 5.77 5.77 5.77 5.77 5.77 5.77 5.77 5.77 5.77 5.77 5.77 5.77 5.77 5.77 5.77 5.77 5.77 5.77 5.77 5.74275 11.4507 17.2452 17.2829 16.2609 11.2993 5.6556 5.76224 5.77
30.2114 32.6015 38.3764 44.15 48.9078 46.4757 40.7012 38.3122 35.9213 34.5531 34.1625 33.7652 32.5099 30.1193 27.7262 24.4157 19.5995 13.8147 8.03913 5.757 5.77 5.77 5.77 5.76772 7.87026 8.15326 5.7684 5.77 5.77 5.77 5.77 5.77 5.77 5.77 5.77 5.77001 5.77001 5.77 5.77 5.77 5.77 5.77 5.77 5.77 5.77 5.77 5.77 5.77 5.77 5.77 5.77 5.77 5.77 5.77 5.77 5.77 5.77 5.77 5.77 5.75487 11.4954 17.2784 17.2981 16.25 11.4394 5.72884 5.77 5.77
24.4364 30.2122 35.9863 40.7652 46.5302 48.8678 46.476 44.0843 41.6935 40.3258 39.9352 35.8287 30.1109 24.3321 21.943 19.5528 16.2445 11.4446 5.7365 5.76748 5.77 5.77 5.76922 5.76791 8.05598 5.76686 5.76891 5.77 5.77 5.77 5.77 5.76897 5.76668 5.76437 5.76495 5.7684 5.76987 5.76972 5.76969 5.76983 5.76972 5.77 5.77 5.77 5.77 5.77 5.77 5.77 5.77 5.77 5.77 5.77 5.77 5.77 5.77 5.77 5.77 5.77 5.77 5.76142 11.5156 17.2914 17.2993 13.8571 8.07157 5.75813 5.77 5.77
22.0468 27.8219 32.6008 38.3654 44.1232 49.8964 52.2478 49.8562 47.4656 44.9798 39.2044 33.4253 27.6445 21.9209 16.1349 13.7582 11.4555 8.09283 5.76082 5.77 5.77 5.76946 5.76814 8.1571 5.76828 5.76917 5.77 5.77 5.77 5.77 5.76919 5.766 6.70034 8.15434 8.14905 5.76904 5.76998 6.15948 6.15955 6.15943 5.76986 5.77 5.77 5.77 5.77 5.77 5.77 5.77 5.77 5.77 5.77 5.77 5.77 5.77 5.77 5.77 5.77 5.77 5.77 5.76492 11.5249 16.3091 17.2804 11.4975 5.74566 5.76785 5.77 5.77
19.6605 24.4337 30.199 35.9571 41.7301 47.5032 53.2766 54.1324 48.3561 42.5765 36.7923 31.0064 25.2171 19.424 13.6868 7.90968 5.70723 5.76121 5.76845 5.77 5.77 5.76949 8.15794 8.15607 5.76858 5.77 5.77 5.77 5.77 5.77 5.76515 6.68975 9.09134 8.13728 5.76514 5.76935 5.76995 5.76992 5.76984 5.7698 5.76986 5.77 5.77 5.77 5.77 5.77 5.77 5.77 5.77 5.77 5.77 5.77 5.77 5.77 5.77 5.77 5.77 5.77 5.77 5.76765 8.14663 13.9185 13.9191 11.5239 5.7637 5.77 5.77 5.76725
16.2602 22.027 27.7863 33.5601 39.3337 45.1069 50.8822 51.7407 45.9535 40.1671 34.3767 28.5822 22.7836 16.9803 11.1669 5.60221 5.75555 5.77 5.77 5.77 5.77 5.76966 5.76914 5.76888 5.76928 5.77 5.77 5.77 5.77 5.77 5.76158 11.5259 11.5146 5.7573 5.76867 5.77001 5.77001 5.77001 5.77001 5.77 5.77 5.77 5.77 5.77 5.77 5.77 5.77 5.77 5.77 5.77 5.77 5.77 5.77 5.77 5.77 5.77 5.77 5.77 5.77 5.76946 5.76726 8.15211 8.14829 5.76568 5.76872 5.77 5.76912 5.76214
13.84 19.6027 25.3799 31.1565 36.9327 42.7085 48.4859 54.1339 48.3456 42.5584 36.7712 30.9817 25.1895 19.3913 13.6146 7.84328 5.70719 5.76667 5.77 5.77 5.77 5.77 5.77 5.77 5.77 5.77 5.77 5.77 5.77 5.76815 5.75506 11.5256 8.09688 5.76292 5.77001 5.77001 5.77001 5.77001 5.77001 5.77001 5.77 5.77 5.77 5.77 5.77 5.77 5.77 5.77 5.77 5.77 5.77 5.77 5.77 5.77 5.77 5.77 5.77 5.77 5.77 5.77 5.76975 5.7691 5.76903 5.76964 5.77 5.77 5.76881 8.1383
11.4121 17.193 22.9732 28.7529 34.5321 40.3107 46.089 51.8737 50.7409 44.9531 39.17 33.386 27.599 21.8354 16.044 13.6931 8.03241 5.74256 5.76803 5.77 5.77 5.77 5.77 5.77 5.77 5.77 5.77 5.77 5.76841 5.75861 8.11786 11.5023 5.75151 5.76856 5.77001 5.77001 5.77001 5.77001 5.77001 5.77001 5.77001 5.77 5.77 5.77 5.77 5.77 5.77 5.77 5.77 5.77 5.77 5.77 5.77 5.77 5.77 5.77 5.77 5.77 5.77 5.77 5.77 5.77 5.77 5.77 5.77 5.77 5.76753 5.74373
13.8316 19.5984 25.3761 31.1534 36.9299 42.7068 48.4822 54.2622 53.1346 47.3484 41.5679 35.7859 30.0298 24.2468 21.8808 16.2038 13.8281 8.08497 5.74892 5.76476 5.76897 5.77 5.77 5.77 5.77 5.77 5.77 5.77 5.76483 8.11997 13.8947 11.4911 5.75059 5.7688 5.77001 5.77001 5.77001 5.77001 5.77001 5.77001 5.77001 5.77001 5.77 5.77 5.77 5.77 5.77 5.77 5.77 5.77 5.77 5.77 5.77 5.77 5.77 5.77 5.77 5.77 5.77 5.77 5.77 5.77 5.77 5.77 5.77 5.76908 5.75682 8.09617
13.982 19.7586 25.5349 31.3091 37.0857 42.8617 48.6378 54.4176 55.528 49.7453 43.9665 38.2151 32.4373 30.0613 24.3829 22.0013 16.2514 13.864 8.09335 8.13412 5.76323 5.76936 5.77 5.77 5.77 5.77 5.77 5.77 5.7615 11.5075 16.2896 13.8787 8.09958 5.76429 5.77001 5.77001 5.77001 5.77001 5.77001 5.77001 5.77001 5.77001 5.77001 5.77 5.77 5.77 5.77 5.77 5.77 5.77 5.77 5.77 5.77 5.77 5.77 5.77 5.77 5.77 5.77 5.77 5.77 5.77 5.77 5.77 5.76946 5.76244 8.12467 13.8779
16.3925 22.1614 27.935 33.7076 39.482 45.257 51.0321 56.8084 57.9214 52.142 46.3939 40.6196 38.2362 32.5566 30.1709 24.4216 21.6639 16.2587 13.8734 13.907 8.13463 5.76422 5.76881 5.77 5.77 5.77 5.77 5.77 5.7623 11.5117 16.2959 16.2735 11.4971 5.76036 5.77001 5.77001 5.77 5.77001 5.77001 5.77001 5.77001 5.77001 5.77001 5.77 5.77 5.77 5.77 5.77 5.77 5.77 5.77 5.77 5.77 5.77 5.77 5.77 5.77 5.77 5.77 5.77 5.77 5.77 5.77 5.76976 5.76592 8.1393 13.9003 16.2828
18.8129 24.42 30.1859 35.9582 40.7365 46.4904 48.8792 54.6555 60.314 54.5669 48.7944 46.4063 40.726 38.3376 32.5892 29.831 24.4279 22.039 19.6525 16.2961 13.907 8.13756 5.76552 5.76924 5.77 5.77 5.77 5.77 5.76578 8.12712 13.9019 17.2762 11.4976 5.76111 5.77001 5.77 5.77001 5.77001 5.77001 5.77001 5.77001 5.77001 5.77001 5.77001 5.77 5.77 5.77 5.77 5.77 5.77 5.77 5.77 5.77 5.77 5.77 5.77 5.77 5.77 5.77 5.77 5.77 5.77 5.77 5.76883 8.1509 13.9132 16.2987 22.059
16.2548 22.0177 27.7902 32.5692 38.3222 40.7093 46.4884 52.2657 58.0409 56.964 54.5722 48.8918 46.5021 40.7547 37.9963 32.5948 30.205 27.8161 24.4588 22.0699 16.2997 13.9107 8.14798 5.76792 5.77 5.77 5.77 5.77 5.76908 5.75944 11.5135 17.2856 11.5077 5.76028 5.76937 5.77001 5.77001 5.77001 5.77001 5.77001 5.77001 5.77001 5.77001 5.77001 5.77 5.77 5.77 5.77 5.77 5.77 5.77 5.77 5.77 5.77 5.77 5.77 5.77 5.77 5.77 5.77 5.77 5.77 5.77 5.76782 11.5318 16.3112 22.073 24.462
13.8479 19.6217 24.4014 30.1544 32.5373 38.3191 44.0999 49.8761 55.6497 61.4221 57.0362 54.6461 48.9186 46.1605 40.7602 38.3704 35.9804 32.6222 30.2324 24.462 19.6619 13.9044 8.13452 5.76791 5.77 5.77 5.77 5.77 5.76942 5.76273 11.5222 17.2974 13.9123 8.14035 5.76857 5.77001 5.77001 5.77001 5.77001 5.77001 5.77001 5.77001 5.77001 5.77001 5.77001 5.77 5.77 5.77 5.77 5.77 5.77 5.77 5.77 5.77 5.77 5.77 5.77 5.77 5.77 5.77 5.77 5.77 5.77 5.7676 11.5316 16.3094 22.0785 27.8494
11.4612 16.2332 21.9857 24.3635 30.1479 35.9322 41.7116 47.4867 53.2594 59.0314 54.6451 48.8729 46.4838 44.0947 41.7056 39.316 36.9259 34.5756 28.8139 23.0407 17.2664 11.4904 5.75542 5.76928 5.77 5.77 5.77 5.76921 5.76712 8.14436 13.9174 16.3023 13.9102 8.14868 5.76867 5.77001 5.77001 5.77001 5.77001 5.77001 5.77001 5.77001 5.77001 5.77001 5.77001 5.77 5.77 5.77 5.77 5.77 5.77 5.77 5.77 5.77 5.77 5.77 5.77 5.77 5.77 5.77 5.77 5.77 5.77 5.76862 8.14855 13.9159 19.6872 25.4585
8.09444 13.821 16.1874 21.9748 27.763 33.5455 39.3226 45.0967 50.8689 56.6412 52.2539 46.481 40.7072 38.3184 35.9305 33.5418 31.152 28.8026 28.8181 23.0452 17.2693 11.493 5.75494 5.76918 5.77 5.77 5.77 5.76949 8.15494 13.9182 16.3051 13.9102 8.13739 5.76634 5.76963 5.77001 5.77001 5.77001 5.77001 5.77001 5.77001 5.77001 5.77001 5.77001 5.77001 5.77001 5.77 5.77 5.77 5.77 5.77 5.77 5.77 5.77 5.77 5.77 5.77 5.77 5.77 5.77 5.77 5.77 5.77 5.76972 5.76498 11.5261 17.2977 23.0691
5.7412 8.02778 13.8045 19.5971 25.3824 31.1615 36.9371 42.7105 48.4831 54.2562 49.0317 44.0886 38.3139 32.5375 30.1508 27.7649 25.3768 23.0275 23.0468 25.4384 19.6647 13.8982 8.1346 5.76873 5.77 5.76986 5.76885 5.76778 5.76187 11.5317 13.9141 8.14007 5.76573 5.76953 5.77001 5.77001 5.77001 5.77001 5.77001 5.77001 5.77001 5.77001 5.77001 5.77001 5.77001 5.77 5.77 5.77 5.77 5.77 5.77 5.77 5.77 5.77 5.77 5.77 5.77 5.77 5.77 5.77 5.77 5.77 5.77 5.77 5.76741 11.5317 16.3112 22.0825
5.76643 5.71935 11.4382 17.2252 23.0045 28.7813 34.5563 40.3301 46.1036 51.8779 46.6292 40.8642 35.9199 30.1423 24.3621 21.9787 19.5957 17.2497 17.2703 19.6675 17.2846 11.5088 5.75915 5.76929 5.77 5.76775 6.14225 8.14029 8.13968 13.9159 11.5301 5.76495 5.76956 5.77001 5.77001 5.77001 5.77001 5.77001 5.77001 5.77001 5.77001 5.77001 5.77001 5.77001 5.77 5.77 5.77 5.77 5.77 5.77 5.77 5.77 5.77 5.77 5.77 5.77 5.77 5.77 5.77 5.77 5.77 5.77 5.77 5.77 5.76899 8.15291 13.923 19.6943
5.77 5.74954 11.481 16.2575 22.0267 27.7984 33.5725 39.3464 45.1201 49.9917 44.214 38.4597 32.6923 27.7463 21.9647 16.1791 13.8004 11.4634 11.4924 13.9029 16.3003 11.5214 5.75811 5.76767 5.76619 5.75723 11.5147 13.9122 13.9141 13.8905 8.14437 5.76836 5.77001 5.77001 5.77001 5.77001 5.77001 5.77001 5.77001 5.77001 5.77001 5.77001 5.77001 5.77001 5.77 5.77 5.77 5.77 5.77 5.77 5.77 5.77 8.16001 5.77 5.77 5.77 5.77 5.77 5.77 5.77 5.77 5.77 5.77 5.77 5.76983 5.76773 11.5348 16.3153
5.77 5.7613 8.09307 13.8545 19.6278 25.4033 31.1782 36.9527 42.7277 47.6007 41.821 36.0424 30.2851 24.5145 19.5665 13.7794 8.00124 5.72166 5.75059 8.12936 13.9102 13.9141 8.1367 6.13142 8.1402 8.12254 13.8977 19.6529 13.8849 8.10818 5.76236 5.76968 5.77001 5.77001 5.77 5.77001 5.77001 5.77001 5.77001 5.77001 5.77001 5.77001 5.77001 5.77001 5.77 5.77 5.77 5.77 5.77 5.77 5.77 5.77 11.4766 5.77 5.77 5.77 5.77 5.77 5.77 5.77 5.77 5.77 5.77 5.77 5.77 5.76943 8.15598 13.9264
5.77 5.76825 5.73914 11.4561 17.2339 23.0096 28.7856 34.5611 40.3377 45.2106 39.4278 33.6473 27.8651 22.1038 16.3286 11.3833 5.707 5.7659 5.76911 5.76386 8.14057 13.9158 13.9113 11.9039 13.9114 13.8986 16.2908 17.2612 11.4794 5.75 5.76804 5.7699 5.76981 5.76962 5.77001 5.77001 5.77001 5.77001 5.77001 5.77001 5.77001 5.77001 5.77001 5.77001 5.77 5.77 5.77 5.77 5.77 5.77 6.09045 7.75575 8.16001 5.77 5.77 5.77 5.77 5.77 5.77 5.77 5.77 5.77 5.77 5.77 5.77 5.76991 5.76888 11.5378
5.77 5.77 5.75037 11.4765 16.234 21.9983 27.7664 33.5423 39.3185 42.8198 37.0351 31.2514 25.4657 19.6773 13.9089 8.15194 5.73924 5.77 5.77 5.76912 5.75984 11.5121 17.288 17.6793 19.6854 19.6739 22.0646 19.651 13.8928 8.11877 5.76471 5.76915 8.0219 5.76968 5.77001 5.77001 5.77001 5.77001 5.77001 5.77001 5.77001 5.77001 5.77001 5.77001 5.77 5.77 5.77 5.77 5.77 5.77 7.14206 8.16001 5.77 5.77 5.77 5.77 5.77 5.77 5.77 5.77 5.77 5.77 5.77 5.77 5.77 5.77 5.76978 8.15865
5.77 5.77 5.76013 8.08215 13.8222 19.593 25.3713 31.1488 36.9261 40.4305 34.6436 28.8579 23.0684 17.2756 11.4789 5.76638 5.76111 5.77 5.77 5.77 5.76075 11.5036 17.2806 21.083 21.0709 21.0819 22.2005 20.9086 15.1363 12.7473 6.98726 5.76948 8.00324 5.76969 5.77001 5.77001 5.77001 5.77001 5.77001 5.77001 5.77001 5.77001 5.77001 5.77001 5.77 5.77 5.77 5.77 5.77 5.77 5.77 5.77 5.77 5.77 5.77 5.77 5.77 5.77 5.77 5.77 5.77 5.77 5.77 5.77 5.77 5.77 5.76997 5.76981
5.77 5.77 5.76799 5.72994 11.4119 17.1937 22.9745 28.7541 34.5343 40.2776 34.4944 28.7118 22.9259 17.1356 11.3425 5.69619 5.7698 5.77 5.77 5.77 5.76102 11.5096 17.274 15.3057 15.2944 15.3066 16.4269 16.3035 12.7451 6.97384 6.9943 5.76948 5.76986 5.76987 5.77001 5.77001 5.77001 5.77001 5.77001 5.77001 5.77001 5.77001 5.77001 5.77 5.77 5.77 5.77 5.77 5.77 5.77 5.77 5.77 5.77 5.77 5.77 5.77 5.77 5.77 5.77 5.77 5.77 5.77 5.77 5.77 5.77 5.77 5.77 5.77
5.77 5.77 5.77 5.73898 11.4228 17.2029 22.9811 28.7602 34.5406 38.2198 34.52 28.7413 22.9588 17.1756 11.3865 5.72551 5.77 5.77 5.77 5.77 5.76281 11.5219 11.4985 9.52815 9.51946 9.53245 10.6534 11.5209 8.14121 5.76517 5.76913 5.76985 5.77001 5.77001 5.77001 5.77001 5.77001 5.77001 5.77001 5.77001 5.77 5.77 5.77 5.77 5.77 5.77 5.77 5.77 5.77 8.16001 5.77 5.77 5.77 5.77 5.77 5.77 5.77 5.77 5.77 5.77 5.77 5.77 5.77 5.77 5.77 5.77 5.77 5.77
5.77 5.77 5.77 5.74126 11.431 17.2097 22.9881 28.7663 34.5526 32.4364 30.0393 27.6566 21.9919 16.2076 11.4346 5.73664 5.77 5.77 5.77 5.77 5.76581 8.139 5.7577 5.75981 5.76154 5.76255 5.76297 5.76462 5.76735 5.76939 5.77001 5.77001 5.77001 5.77001 5.77001 5.77001 5.77001 5.77001 5.77 5.77 5.77 5.77 5.77 5.77 5.77 5.77 5.77 5.76998 7.99004 5.77 5.77 5.77001 5.77 5.77 5.77 5.77 5.77 5.77 5.77 5.77 5.77 5.77 5.77 5.77 5.77 5.77 5.77 5.77
5.77 5.77 5.77 5.74361 11.4408 17.219 22.9974 28.7766 34.5628 30.0375 24.2367 21.8537 19.4811 13.8181 8.04109 5.75335 5.77 5.77 5.77 5.77 5.7685 5.7687 5.76898 5.77001 5.77001 5.77001 5.77001 5.77001 5.77001 5.77001 5.77001 5.77001 5.77001 5.77001 5.77001 5.77001 5.77001 5.77 5.77 5.77 5.77 5.77 5.77 5.77 5.77 5.77 5.77 5.76997 11.1415 5.76999 5.77001 5.77001 5.77001 5.77 5.77 5.77 5.77 5.77 5.77 5.77 5.77 5.77 5.77 5.77 5.77 5.77 5.77 5.77
5.77 5.77 5.77 5.74691 11.4548 17.2328 23.0109 28.791 33.4419 27.6457 21.8415 16.0325 13.6613 11.4253 5.73806 5.76679 5.77001 5.77 5.77 5.77 5.77001 5.77001 5.77001 5.77001 5.77001 5.77001 5.77001 5.77001 5.77001 5.77001 5.77001 5.77001 5.77001 5.77001 5.77001 5.77001 5.77 5.77 5.77 5.77 5.77 5.77 5.77 5.77 5.77 5.77 5.76999 5.76997 8.16001 5.76999 5.77 5.77 5.77001 5.77001 5.77 5.77 5.77 5.77 5.77 5.77 5.77 5.77 5.77 5.77 5.77 5.77 5.77 5.77
5.77 5.77 5.77 5.75095 11.4707 17.2479 23.0248 28.8037 31.0504 25.2585 19.4587 13.6404 7.8435 5.69493 5.76467 5.77001 5.77001 5.77001 5.77001 5.77001 5.77001 5.77001 5.77001 5.77001 5.77001 5.77001 5.77001 5.77001 5.77001 5.77001 5.77001 5.77001 5.77001 5.77001 5.77001 5.77 5.77 5.77 5.77 5.77 5.77 5.77 5.77 5.77 5.77 5.77 5.76997 8.15987 8.16002 8.16001 6.16001 5.77 6.16002 5.77 5.77 5.77 5.77 5.77 5.77 5.77 5.77001 5.77001 5.77 5.77 5.77 5.77 5.77 5.77
5.77 5.77 5.77 5.7551 11.4864 17.2624 23.0378 28.8162 28.7157 22.9271 17.1358 11.3271 5.67156 5.76281 5.77001 5.77001 5.77001 5.77001 5.77001 5.77001 5.77001 5.77001 5.77001 5.77001 5.77001 5.77001 5.77001 5.77001 5.77001 5.77001 5.77001 5.77001 5.77001 5.77001 5.77001 5.77 5.77 5.77 5.77 5.77 5.77 5.77 5.77 5.77 5.77 5.76999 5.76995 8.15987 8.16001 8.16001 7.45168 5.77 5.77 5.77 5.77 5.77 5.77 5.77 5.77 5.77001 5.77001 5.77001 5.77001 5.77 5.77 5.77 5.77 5.77
