tests/full-run-ref/erosion_84_12_73.306.asc
ncols 512
nrows 512
xllcorner -3.24582
yllcorner -4.08743
cellsize 5
NODATA_value -99999
[rows 310 to 340 of 512, columns 207 to 275 of 512]
4.42962 4.22267 2.96799 2.90636 2.92615 2.50846 2.5836 2.75735 3.21876 3.92051 4.43606 3.65818 6.77066 6.09247 5.3213 5.57065 8.40365 6.81991 9.46589 7.33963 9.38249 9.73529 8.55332 9.71576 10.1892 10.4372 10.7261 10.8813 11.114 11.2788 11.4084 11.4619 11.4842 11.5109 11.5149 11.5062 11.5195 11.5235 11.5063 11.5068 11.499 11.4889 11.4725 11.4416 11.381 11.4215 11.3117 11.3506 11.253 11.3442 11.243 11.3062 11.3285 11.3495 11.3585 11.3539 11.308 11.3854 11.2974 11.3577 11.3022 7.88085 9.06397 10.0947 11.5053 11.4357 11.2815 11.1762 11.2828
7.80029 8.02928 7.49879 7.38043 7.40458 7.27331 7.32369 7.2549 7.36737 7.52613 8.02076 8.2597 4.86301 3.09271 9.00247 9.41344 8.73219 10.4527 8.58458 10.2233 9.00411 9.32916 11.54 11.54 11.1009 11.2097 11.2577 11.3608 11.428 11.4768 11.5102 11.5224 11.5244 11.5058 11.4929 11.5267 11.5124 11.505 11.5242 11.4854 11.4378 11.4365 11.3708 11.4005 11.4861 11.3781 11.4276 11.3416 11.4264 11.2479 11.3956 11.178 11.0385 11.1468 11.0851 11.2443 11.4541 11.3155 11.4126 11.3431 11.4519 11.4827 11.4966 11.5162 11.4587 11.3422 11.4522 11.3985 11.3051
11.54 11.54 11.54 11.54 11.54 11.54 11.54 11.54 11.54 11.54 11.54 8.77691 9.78933 11.54 11.54 11.54 11.54 11.54 11.54 11.54 11.54 10.9192 11.54 11.1242 11.29 11.3468 11.3976 11.4361 11.4868 11.5122 11.5216 11.5294 11.5282 11.5322 11.5332 11.5338 11.5309 11.5303 11.5254 11.526 11.5185 11.5042 11.4937 11.4953 11.4759 11.4704 11.4379 11.4383 11.3991 11.4115 11.406 11.4424 11.4319 11.4016 11.4108 11.4438 11.4201 11.4279 11.4156 11.4343 11.4155 11.4722 11.505 11.5251 11.5226 11.4998 11.4759 11.43 11.4349
8.70062 8.4239 8.13812 7.86429 7.47914 7.54053 7.48833 7.45547 8.55162 9.22342 9.6698 10.1348 8.96816 11.54 9.4976 10.255 11.54 10.6699 11.54 11.54 10.9601 11.0903 10.5039 11.2797 11.3929 11.4481 11.4775 11.4993 11.5108 11.5256 11.5306 11.5314 11.5312 11.5336 11.5304 11.5341 11.5347 11.5345 11.5306 11.5187 11.5196 11.5156 11.5074 11.4885 11.4831 11.475 11.4433 11.4543 11.4477 11.453 11.4487 11.3964 11.4361 11.4434 11.4564 11.4237 11.436 11.4286 11.4159 11.4494 11.464 11.462 11.5055 11.5146 11.5322 11.5092 11.4895 11.4528 11.4697
8.61039 4.36469 4.04988 2.77562 2.73473 2.06445 2.62813 2.50845 4.86042 4.36428 9.42197 9.3202 8.45269 9.66794 9.40011 9.21278 8.99681 9.85253 10.7537 9.69289 10.386 10.4559 11.332 11.4386 11.471 11.4917 11.5136 11.5189 11.525 11.5304 11.533 11.5341 11.5337 11.536 11.5358 11.5332 11.5344 11.5306 11.5316 11.5267 11.511 11.5089 11.494 11.4874 11.4798 11.4732 11.4502 11.4507 11.4018 11.424 11.4051 11.4155 11.4376 11.4027 11.4499 11.4686 11.4708 11.456 11.4439 11.4079 11.4618 11.4936 11.5026 11.0835 11.5396 10.6025 11.4999 11.4738 11.4778
8.94823 8.61052 8.13277 7.84985 7.75424 7.72698 7.50668 7.71388 8.36462 11.54 11.54 11.54 11.54 8.86258 6.59735 8.84894 11.054 11.2236 10.7888 11.2812 11.3145 11.4059 11.46 11.4905 11.507 11.5183 11.5263 11.5294 11.5316 11.5335 11.5351 11.5357 11.5355 11.5367 11.5353 11.5353 11.5365 11.5345 11.528 11.5286 11.5222 11.5077 11.4996 11.4906 11.483 11.4778 11.4588 11.4712 11.4537 11.4145 11.427 11.4276 11.4598 11.4553 11.4268 11.4533 11.426 11.4313 11.54 11.54 11.54 8.28838 10.3866 11.5396 11.5401 10.164 11.54 11.54 11.54
9.07223 8.56045 8.40357 8.4178 8.6192 8.39321 8.42493 8.46438 8.84258 8.93459 9.38939 9.80306 9.99256 10.4999 10.9792 10.8144 11.1715 11.2078 11.3292 11.3708 11.438 11.4863 11.4994 11.5111 11.5226 11.5286 11.5326 11.5337 11.5354 11.536 11.5366 11.537 11.5368 11.5375 11.5378 11.5374 11.5348 11.5353 11.5324 11.5234 11.5242 11.5207 11.5132 11.5059 11.5011 11.5007 11.4874 11.4397 11.4533 11.4523 11.466 11.4688 11.4311 11.4594 11.4578 11.4423 11.4419 11.4351 11.4242 11.4102 11.4122 6.11922 11.5401 10.686 9.75414 9.87827 11.5045 11.4987 11.5063
8.91589 8.86194 8.68822 8.3681 8.64657 8.63683 8.6109 8.46659 8.80857 8.8205 6.78345 7.74938 8.52654 10.4411 11.2554 11.2145 11.3079 11.4096 11.4449 11.4782 11.5054 11.5166 11.5229 11.5279 11.5314 11.5333 11.5352 11.5358 11.5357 11.5369 11.537 11.5377 11.5374 11.5378 11.5368 11.5375 11.5368 11.5333 11.5336 11.5294 11.518 11.5159 11.4967 11.4973 11.4797 11.4906 11.474 11.4493 11.4509 11.4131 11.4404 11.437 11.4411 11.4645 11.445 11.4555 11.4522 11.4214 11.3763 11.2158 11.2401 5.7751 6.85854 8.83053 11.4948 11.5036 11.5054 11.4713 11.4633
8.90961 8.68497 8.61357 8.87453 9.18771 9.11874 9.20403 9.00199 9.1688 9.16989 9.71175 9.99384 10.4379 10.7713 11.2688 11.2002 11.392 11.4796 11.5071 11.5221 11.5259 11.529 11.5322 11.5339 11.5351 11.5359 11.5367 11.5366 11.5368 11.5375 11.5379 11.5379 11.5379 11.5385 11.5381 11.5365 11.537 11.5358 11.5304 11.5306 11.5251 11.5143 11.5017 11.5065 11.5012 11.4862 11.4792 11.4522 11.4569 11.4481 11.4234 11.4383 11.446 11.4795 11.479 11.4845 11.4683 11.4086 11.385 11.3805 11.3779 11.415 11.4546 11.4697 11.49 11.4943 11.5081 11.5116 11.518
11.54 11.54 11.54 11.54 11.54 11.54 11.54 11.54 11.54 11.54 11.54 11.54 11.54 10.323 10.7042 11.1651 11.54 11.54 11.5316 11.5354 11.54 11.54 11.54 11.54 11.54 11.54 11.54 11.54 11.54 11.54 11.54 11.54 11.54 11.54 11.54 11.54 11.54 11.54 11.54 11.54 11.54 11.54 11.54 11.54 11.54 11.54 11.54 11.54 11.54 11.54 11.54 11.54 11.54 11.477 11.4535 11.4705 11.4516 11.3867 11.54 11.54 11.54 11.54 11.54 11.54 11.54 11.54 11.54 11.54 11.54
8.91819 8.85995 8.77413 8.69303 11.54 11.54 11.54 11.54 9.81463 10.0839 10.4286 10.7568 11.54 10.2734 11.54 11.0664 11.5057 11.1871 11.4558 11.4962 11.5374 11.5366 11.5364 11.5365 11.5367 11.5369 11.5375 11.5375 11.538 11.5382 11.5382 11.5383 11.5377 11.54 11.54 11.54 11.5308 11.5277 11.5215 11.5155 11.5057 11.4967 11.4827 11.4623 11.4433 11.4279 11.4132 11.3891 11.3839 11.54 11.54 11.54 11.54 11.54 11.54 11.54 11.54 11.54 11.54 11.54 11.2621 11.305 11.54 11.54 11.4797 11.4996 11.5175 11.5264 11.5324
5.92411 5.8337 5.60222 4.37496 7.06532 4.89117 7.8489 6.20254 7.87205 8.74209 9.41565 9.96584 11.1595 10.7238 11.1555 11.4154 11.5198 11.0609 11.5401 11.4708 11.5371 11.5324 11.5318 11.5321 11.5327 11.5334 11.5344 11.535 11.5353 11.5361 11.5363 11.5358 11.5333 11.5345 11.5277 11.528 11.524 11.518 11.5116 11.4941 11.4787 11.4536 11.4426 11.4108 11.3724 11.3387 11.323 11.2956 11.2024 11.1224 11.2694 11.0764 11.3061 11.54 11.4123 11.54 11.3803 11.1816 11.3133 10.749 10.8997 10.9436 11.2715 11.2393 11.3871 11.4577 11.491 11.514 11.5353
9.25738 9.18974 9.21369 8.81415 7.65445 9.59092 6.93608 9.78068 10.2765 10.593 10.9169 11.1264 11.2045 11.411 11.4714 11.5094 11.5278 11.3312 11.4967 11.4785 11.5372 11.5366 11.5364 11.5366 11.537 11.5373 11.5378 11.538 11.5382 11.5384 11.5384 11.5382 11.537 11.5343 11.5357 11.5124 11.5099 11.4831 11.4805 11.4312 11.4209 11.3361 11.3408 11.2084 11.2244 11.0372 11.1007 10.9085 11.0656 11.414 11.0271 11.0245 11.0106 11.2377 11.2693 11.1746 11.1338 10.6411 11.0225 11.2815 11.3295 11.3488 11.3252 11.54 11.54 11.54 11.5243 11.5347 11.54
11.54 11.54 11.54 11.54 11.54 11.54 11.54 11.54 11.54 11.54 11.54 11.54 11.54 11.54 11.54 11.54 11.5209 11.5351 11.54 11.54 11.54 11.54 11.54 11.54 11.54 11.54 11.54 11.54 11.54 11.54 11.54 11.54 11.54 11.54 11.54 11.54 11.54 11.54 11.54 11.54 11.54 11.54 11.54 11.54 11.54 11.54 11.54 11.54 11.54 11.54 11.2769 11.2888 11.3214 11.0934 10.9997 11.3786 11.3281 11.2397 11.2597 11.1667 11.2656 11.54 11.54 11.4339 11.54 11.5079 11.5332 11.54 11.54
9.69237 9.76782 9.84909 9.8397 10.3639 10.3468 10.7566 10.9611 11.1481 11.2731 11.3256 11.3707 11.3702 11.4285 11.4839 11.5005 11.5302 11.5386 11.5382 11.5373 11.5369 11.5368 11.5372 11.5376 11.5383 11.5384 11.5385 11.5385 11.5385 11.5385 11.5384 11.538 11.537 11.5364 11.535 11.5326 11.5263 11.5249 11.5198 11.5085 11.4878 11.4834 11.4743 11.4609 11.4202 11.431 11.4227 11.4206 11.3162 11.254 11.3521 11.3734 11.3909 11.3554 11.3807 11.3675 11.3226 11.2477 11.2909 11.281 11.2205 11.2097 11.3644 11.3747 11.3619 11.518 11.54 11.54 11.54
7.34127 7.95114 8.16547 8.45408 9.26151 10.4338 10.7897 10.0852 10.6596 10.8233 11.0593 11.116 11.221 11.3298 11.4045 11.5162 11.5399 11.5386 11.538 11.5343 11.5332 11.5334 11.5343 11.5355 11.5358 11.5368 11.5369 11.5369 11.5368 11.5366 11.5363 11.5353 11.5334 11.5316 11.5255 11.5209 11.5131 11.4982 11.4868 11.4573 11.424 11.4078 11.3578 11.3463 11.3252 11.2644 11.2872 11.1447 11.0238 11.3179 11.2508 11.3159 11.3112 11.3456 11.3622 11.3479 11.3085 11.245 11.2837 11.2245 11.2579 11.3321 11.1028 11.2124 11.3519 11.5399 11.54 11.54 11.54
11.54 11.54 11.54 11.54 11.54 11.54 11.54 11.54 11.54 11.54 11.54 11.54 11.54 8.50599 10.1301 11.5385 11.5399 11.5389 11.54 11.54 11.54 11.54 11.54 11.5385 11.539 11.54 11.54 11.54 11.54 11.54 11.54 11.54 11.54 11.54 11.54 11.54 11.54 11.54 11.54 11.54 11.54 11.54 11.54 11.54 11.4452 11.4427 11.3835 11.362 11.3021 11.3387 11.3321 11.281 11.3124 11.3279 11.3153 11.2902 11.2689 11.221 11.3046 11.322 11.3722 11.4177 11.3483 11.4133 11.54 11.54 11.54 11.4966 11.54
9.81319 11.54 10.5693 10.8798 11.0226 11.0458 11.54 11.1997 11.54 11.3296 11.54 11.54 11.54 8.21863 11.5401 11.5369 11.54 11.539 11.5387 11.5383 11.5382 11.5385 11.5386 11.5394 11.5393 11.5389 11.5382 11.54 11.5374 11.54 11.54 11.54 11.54 11.54 11.54 11.5279 11.54 11.5151 11.5055 11.4936 11.4803 11.4789 11.4685 11.4563 11.4659 11.4136 11.3838 11.3776 11.3338 11.3491 11.276 11.3164 11.3401 11.3374 11.3074 11.2752 11.2514 11.2098 11.2693 11.1612 11.54 11.0157 11.54 8.19642 3.4623 3.99064 8.38542 11.54 11.4625
9.08139 9.61366 11.54 11.54 10.5446 10.4556 10.9618 11.0507 10.8533 11.0354 11.3113 11.2415 11.4255 9.21794 10.5499 11.251 11.54 11.5392 11.5388 11.5369 11.5369 11.5374 11.5393 11.54 11.5392 11.5386 11.5342 11.5347 11.5342 11.5325 11.535 11.5321 11.5343 11.5263 11.5271 11.5197 11.4939 11.4832 11.4609 11.4362 11.413 11.4079 11.3982 11.4787 11.4365 11.4052 11.3823 11.3714 11.3224 11.3786 11.3854 11.3857 11.4021 11.4041 11.3711 11.3249 11.2942 11.166 11.2733 11.0831 11.54 10.3037 7.35778 6.13685 11.54 11.54 11.54 10.7179 10.2812
5.82632 11.54 11.54 11.2504 11.2529 11.2235 10.8569 10.6857 11.333 11.3849 11.384 11.4764 11.4039 11.5009 11.5241 11.0684 11.5398 11.5063 11.5389 11.5389 11.5391 11.5396 11.54 11.54 11.5391 11.5385 11.5373 11.5317 11.529 11.5364 11.5352 11.5376 11.5328 11.5347 11.5204 11.5048 11.5232 11.5161 11.507 11.4975 11.4922 11.4838 11.4939 11.4621 11.4394 11.4204 11.393 11.369 11.333 11.354 11.3023 11.3551 11.3128 11.3644 11.254 11.2551 11.1655 11.1627 11.2517 10.7438 11.0193 10.4227 9.35067 9.88077 9.10227 7.73186 7.31324 10.399 10.8872
9.92368 11.54 10.8543 11.3494 11.3456 11.3149 11.3784 11.4077 11.4594 11.484 11.4551 11.4981 11.5089 11.5184 11.525 10.757 11.5401 11.4427 11.538 11.4705 11.5204 11.5396 11.5397 11.5397 11.5 11.5384 11.5372 11.5375 11.5376 11.5378 11.5368 11.538 11.5383 11.5375 11.5344 11.5311 11.527 11.5192 11.5134 11.5049 11.5023 11.5057 11.4845 11.4584 11.4762 11.4689 11.4407 11.4181 11.3738 11.3115 11.3243 11.3851 11.3998 11.3546 11.2654 11.2772 11.2305 11.0969 11.1771 11.54 10.3788 8.27802 9.65843 8.28294 9.5818 6.66434 9.80167 10.5006 10.933
10.681 11.0795 11.3649 11.3885 11.3845 11.3588 11.3987 11.3738 11.4525 11.4672 11.5035 11.516 11.504 11.5146 11.5165 10.9287 11.0939 11.2831 11.5354 11.3651 11.5401 11.5399 11.5397 11.5401 11.4632 11.538 11.537 11.5372 11.5364 11.5377 11.5382 11.5378 11.5384 11.5376 11.5361 11.5332 11.5293 11.5246 11.5175 11.5128 11.5156 11.5058 11.4754 11.4867 11.4476 11.45 11.3843 11.3932 11.3383 11.3422 11.3318 11.3814 11.3535 11.3621 11.2677 11.2359 11.0924 11.055 11.0443 10.8679 10.9849 11.0862 10.3987 9.21293 11.54 11.54 10.4216 11.0589 11.1933
10.9208 11.326 11.3828 11.4005 11.3995 11.3903 11.4381 11.4595 8.57796 9.99357 10.9428 11.5241 11.5199 11.5142 11.5204 11.5264 11.5301 11.5318 11.5332 11.2875 11.2918 11.402 11.4133 11.3765 11.4185 11.5372 11.5367 11.5374 11.5376 11.5373 11.5385 11.5389 11.5387 11.5386 11.5373 11.5354 11.5322 11.529 11.5259 11.5239 11.5191 11.5004 11.4917 11.4932 11.4754 11.4456 11.4145 11.4262 11.4199 11.3987 11.3897 11.3433 11.3661 11.3563 11.2499 11.2621 11.1653 10.9452 10.9483 10.814 10.8227 10.6847 10.7364 11.54 11.54 11.54 9.80071 11.4373 11.3404
10.9988 11.2575 11.3422 11.3956 11.4184 11.4194 11.4505 11.4456 8.23088 11.5401 10.7069 11.5235 11.5169 11.5196 11.523 11.5257 11.5283 11.5305 11.5319 11.5341 11.5343 11.5354 11.5358 11.5362 11.5364 11.5366 11.5365 11.5373 11.537 11.5379 11.5388 11.5387 11.5391 11.5391 11.5385 11.5369 11.5351 11.5325 11.5316 11.5267 11.5128 11.5138 11.4857 11.4861 11.4601 11.4572 11.4282 11.4254 11.3582 11.3811 11.3465 11.3785 11.3879 11.362 11.2572 11.2064 10.9493 10.8095 10.8971 10.8168 10.6116 11.1505 11.54 11.0181 9.77905 9.01006 10.1369 10.5439 10.4903
11.151 11.287 11.363 11.4016 11.4376 11.4341 11.4673 11.4765 9.11718 10.0313 10.6136 11.5234 11.5266 11.5289 11.5298 11.5308 11.5325 11.5336 11.5338 11.5319 11.5335 11.5346 11.5351 11.5356 11.536 11.5364 11.5365 11.5378 11.5383 11.5389 11.5387 11.5392 11.5394 11.5395 11.5391 11.5383 11.5369 11.5358 11.5311 11.5219 11.5203 11.5033 11.4878 11.4957 11.4901 11.4839 11.4665 11.4197 11.3878 11.4075 11.4235 11.4327 11.4494 11.4211 11.3283 11.1145 10.8667 10.586 10.862 10.1445 11.54 10.5169 10.7733 11.54 6.13598 10.0636 10.0548 10.4123 8.49883
11.2254 11.3289 11.386 11.4252 11.4504 11.4523 11.47 11.4617 11.4991 11.5113 11.5209 11.5194 11.5255 11.5232 11.528 11.5261 11.5307 11.5296 11.5332 11.5344 11.5357 11.5362 11.5366 11.5369 11.5373 11.5377 11.5378 11.5371 11.5383 11.5384 11.5391 11.5394 11.5396 11.5396 11.5395 11.539 11.5386 11.5348 11.5262 11.5247 11.5145 11.5037 11.4881 11.4902 11.4606 11.4669 11.4418 11.4293 11.4024 11.4136 11.3675 11.4214 11.3919 11.4009 11.2949 11.1453 10.8412 10.4103 10.4433 6.85006 4.76721 5.90407 7.68732 3.37961 5.24609 9.3777 9.45128 11.54 11.54
11.2852 11.3647 11.413 11.4454 11.4627 11.4648 11.4859 11.4906 11.4873 11.5045 11.5222 11.527 11.5262 11.5282 11.532 11.532 11.5304 11.5317 11.5339 11.5321 11.5345 11.5339 11.5358 11.5352 11.5367 11.5364 11.5378 11.5384 11.5384 11.539 11.5394 11.5396 11.5397 11.5397 11.5396 11.5395 11.5379 11.5317 11.5305 11.5232 11.5166 11.5056 11.4903 11.4945 11.482 11.4524 11.4405 11.4269 11.4072 11.4342 11.4477 11.4283 11.4331 11.4513 11.4178 11.3265 11.0655 10.2522 10.1358 9.72483 9.61989 9.72065 8.89349 8.45548 8.06423 8.62825 9.49483 11.54 5.55544
11.3339 11.387 11.4328 11.4569 11.4737 11.4769 11.4895 11.4819 11.4985 11.5118 11.5248 11.5243 11.53 11.5313 11.5327 11.5307 11.5323 11.5331 11.5353 11.5355 11.5345 11.5353 11.5372 11.5375 11.537 11.5375 11.5385 11.5383 11.5389 11.5393 11.5395 11.5397 11.5398 11.5398 11.5398 11.539 11.5356 11.5323 11.5319 11.5305 11.5244 11.5171 11.4894 11.491 11.4698 11.4607 11.4466 11.4298 11.4187 11.4455 11.4282 11.4534 11.4444 11.4449 11.3271 11.2412 10.8152 10.3131 10.301 9.81204 8.82194 8.80132 7.96909 7.60265 8.39528 9.43509 9.46642 11.54 6.71357
11.54 11.54 11.54 11.54 11.54 11.54 11.54 11.54 11.54 11.54 11.54 11.54 11.54 11.54 11.54 11.54 11.54 11.54 11.54 11.54 11.54 11.54 11.54 11.54 11.54 11.54 11.5384 11.5388 11.5392 11.5395 11.5396 11.5397 11.5398 11.5399 11.5396 11.5382 11.5377 11.5345 11.5286 11.5277 11.5159 11.5161 11.4937 11.4991 11.4946 11.4901 11.4773 11.4617 11.4524 11.4194 11.443 11.452 11.4503 11.4711 11.4227 11.2425 10.8864 10.3523 10.1748 9.30885 8.8889 8.75062 7.64885 7.3659 8.01131 8.10205 9.52213 9.15301 8.07424
11.2189 11.2929 11.3533 11.3986 11.4349 11.4623 11.54 11.54 11.5113 11.516 11.5237 11.54 11.528 11.5286 11.5298 11.5291 11.5311 11.54 11.533 11.5345 11.5343 11.54 11.537 11.54 11.5385 11.5383 11.5388 11.5391 11.5394 11.5396 11.5397 11.5398 11.5399 11.5399 11.5396 11.539 11.5358 11.5353 11.5324 11.5275 11.5205 11.5233 11.4995 11.4951 11.4707 11.4759 11.4406 11.4479 11.4284 11.4418 11.4455 11.4599 11.4577 11.4635 11.397 11.2647 10.9038 10.4026 10.4308 10.0858 9.75217 9.53715 8.33467 7.1764 7.94711 9.0584 9.17142 9.28754 10.9574
10.8199 10.9933 11.1223 11.2245 11.303 11.3419 11.462 11.435 11.4681 11.4934 11.4977 11.5152 11.5192 11.521 11.5236 11.5238 11.5206 11.516 11.5229 11.5263 11.5265 11.5319 11.5356 11.5344 11.5363 11.5389 11.5392 11.5394 11.5395 11.5397 11.5398 11.5399 11.5399 11.5398 11.5398 11.5391 11.5369 11.5355 11.5317 11.5293 11.5247 11.5268 11.5004 11.5031 11.4934 11.4738 11.461 11.4775 11.4779 11.4729 11.4802 11.484 11.4825 11.4442 11.3978 11.2637 10.9232 10.3993 10.2385 9.23308 9.26585 8.35291 8.1992 7.74817 8.88667 8.5161 8.8275 8.80031 6.30942
