tests/full-run-ref/erosion_2010_78_16_47.110.asc
ncols 512
nrows 512
xllcorner -3.24582
yllcorner -4.08743
cellsize 5
NODATA_value -99999
[rows 0 to 39 of 512, columns 267 to 355 of 512]
303.359 303.294 303.228 303.165 303.112 303.066 303.025 302.998 302.996 303.02 303.066 303.133 303.222 303.337 303.477 303.632 303.795 303.971 304.164 304.355 304.52 304.657 304.779 304.876 304.938 304.958 304.941 304.899 304.843 304.768 304.669 304.565 304.475 304.404 304.34 304.289 304.253 304.245 299.46 296.575 293.69 263.1 260.215 257.33 254.445 251.56 248.675 245.79 242.905 240.02 238.825 237.63 236.435 235.24 234.045 232.85 231.655 230.46 228.975 226.09 223.205 220.32 219.125 219.62 220.815 221.565 218.68 215.795 212.91 210.025 207.14 204.255 201.37 198.485 195.6 192.715 189.83 186.945 184.06 181.175 178.29 175.405 172.52 169.635 166.75 163.865 160.98 158.095 155.21
304.566 304.522 304.475 304.429 304.392 304.361 304.332 304.317 304.324 304.357 304.409 304.482 304.574 304.69 304.83 304.983 305.145 305.322 305.517 305.709 305.88 306.022 306.15 306.251 306.316 306.337 306.319 306.274 306.211 306.124 306.008 305.885 305.777 305.686 305.601 304.89 302.923 303.54 300.655 297.77 267.18 261.905 255.64 252.755 249.87 246.985 244.1 241.215 238.33 237.135 235.94 234.745 233.55 232.355 231.16 229.965 228.77 227.575 226.38 224.895 222.01 219.125 216.24 215.045 215.54 216.735 217.485 214.6 211.715 208.83 205.945 203.06 200.175 197.29 194.405 191.52 188.635 185.75 182.865 179.98 177.095 174.21 171.325 168.44 165.555 162.67 159.785 156.9 154.015
221.707 221.707 221.707 221.707 221.707 221.707 221.707 221.707 221.707 221.707 221.707 221.707 221.707 221.707 221.707 221.707 221.707 221.707 221.707 290.67 290.67 294.255 294.255 306.575 297.38 294.483 291.588 288.695 285.807 283.005 281.81 280.615 279.42 278.225 277.03 275.808 276.857 304.735 301.85 271.26 265.985 259.72 254.445 231.623 231.623 231.623 231.623 231.623 231.365 230.17 228.975 227.78 226.585 225.39 224.195 223 221.805 220.61 219.415 218.22 216.735 213.85 210.965 208.08 206.885 206.885 206.885 207.38 206.44 203.3 200.67 197.785 194.9 192.015 189.13 186.245 183.36 180.475 177.59 174.705 171.82 168.935 134.765 134.765 134.765 134.765 134.765 134.765 0
221.707 221.707 221.707 221.707 221.707 221.707 221.707 221.707 221.707 221.707 221.707 221.707 221.707 221.707 221.707 221.707 221.707 221.707 290.67 290.67 294.255 294.255 294.255 301.486 292.855 289.97 232.148 232.148 232.148 232.148 232.148 232.148 232.148 232.148 232.148 232.148 232.148 272.95 271.755 270.028 263.8 258.525 253.94 246.932 231.623 231.623 231.623 231.365 228.48 227.285 226.09 224.895 223.7 222.505 221.31 220.115 218.92 217.725 216.53 215.335 214.14 212.655 209.77 206.885 204 202.805 202.805 202.805 203.3 202.36 199.22 196.59 193.705 190.82 187.935 185.05 182.165 179.28 176.395 173.51 170.625 134.765 134.765 134.765 134.765 134.765 134.765 0 0
221.707 221.707 221.707 221.707 221.707 221.707 221.707 221.707 221.707 221.707 221.707 221.707 221.707 221.707 221.707 221.707 221.707 290.67 290.67 294.255 294.255 294.255 305.563 296.908 286.59 147.522 147.522 147.522 147.522 147.522 147.522 147.522 147.522 147.522 147.522 147.522 147.522 147.522 262.605 262.605 262.605 259.72 251.053 245.79 231.623 231.623 231.365 228.48 227.285 224.4 223.205 222.01 220.815 219.62 218.425 217.23 216.035 214.84 213.645 212.45 211.255 210.06 208.575 205.69 202.805 0 0 198.725 198.725 199.22 198.28 195.14 192.51 189.625 186.74 183.855 180.97 178.085 175.2 172.315 134.765 134.765 134.765 134.765 134.765 134.765 0 0 0
221.707 221.707 221.707 221.707 221.707 221.707 221.707 221.707 221.707 221.707 221.707 221.707 221.707 221.707 221.707 221.707 290.67 290.67 294.255 294.255 294.255 302.91 298.335 290.642 280.994 147.522 147.522 147.522 147.522 147.522 147.522 147.522 147.522 147.522 147.522 147.522 147.522 147.522 147.522 256.63 263.8 260.71 249.87 245.287 231.623 231.365 228.48 227.285 224.4 223.205 220.32 219.125 217.93 216.735 215.54 214.345 213.15 211.955 210.76 209.565 208.37 207.175 205.98 204.495 0 0 0 0 194.645 194.645 195.14 194.2 191.06 188.43 185.545 182.66 179.775 176.89 174.005 134.765 134.765 134.765 134.765 134.765 134.765 0 0 0 0
221.707 221.707 221.707 221.707 221.707 221.707 221.707 221.707 221.707 221.707 221.707 221.707 221.707 221.707 221.707 290.67 290.67 290.67 294.255 306.806 298.83 294.255 288.98 286.072 276.891 147.522 147.522 147.522 147.522 147.522 147.522 147.522 147.522 147.522 147.522 147.522 147.522 147.522 147.522 147.522 256.63 255.435 251.065 244.1 241.215 235.94 227.285 224.4 223.205 220.32 219.125 0 0 0 0 0 0 0 0 0 0 0 0 0 0 0 0 0 0 190.565 190.565 191.06 189.865 186.98 184.095 181.21 178.325 175.44 134.765 134.765 134.765 134.765 134.765 134.765 0 0 0 0 0
221.707 221.707 221.707 221.707 221.707 221.707 221.707 221.707 221.707 221.707 221.707 221.707 221.707 221.707 290.67 290.67 290.67 290.67 306.8 294.75 290.175 284.9 282.015 277.44 272.165 147.522 147.522 147.522 147.522 147.522 147.522 147.522 147.522 147.522 147.522 147.522 147.522 147.522 147.522 147.522 253.745 243.895 242.7 245.295 240.02 235.437 230.17 223.205 220.32 219.125 0 0 0 0 0 0 0 0 0 0 0 0 0 0 0 0 0 0 0 0 186.485 186.485 186.98 184.59 181.705 178.82 175.935 134.765 134.765 134.765 134.765 134.765 134.765 0 0 0 0 0 0
221.707 221.707 221.707 221.707 221.707 221.707 221.707 221.707 221.707 221.707 221.707 221.707 221.707 290.67 290.67 290.67 290.67 302.91 290.67 286.095 279.13 276.245 273.36 272.165 147.522 147.522 147.522 147.522 147.522 147.522 147.522 147.522 147.522 147.522 147.522 147.522 147.522 147.522 147.522 147.522 250.84 241.01 238.125 236.93 241.215 234.24 227.285 220.32 219.125 0 0 0 0 0 0 0 0 0 0 0 0 0 0 0 0 0 0 0 0 0 0 182.405 182.405 181.705 178.82 175.935 134.765 134.765 134.765 134.765 134.765 134.765 0 0 0 0 0 0 0
221.707 221.707 221.707 221.707 221.707 221.707 221.707 221.707 221.707 221.707 221.707 221.707 290.67 290.67 290.67 305.729 298.83 291.865 287.785 279.13 276.245 273.36 272.165 269.28 147.522 147.522 147.522 147.522 147.522 147.522 147.522 147.522 147.522 147.522 147.522 147.522 147.522 147.522 147.522 147.522 247.952 238.125 136.533 136.533 136.533 233.055 226.09 0 0 0 0 0 0 0 0 0 0 0 0 0 0 0 0 0 0 0 0 0 0 0 0 0 174.245 174.245 134.765 134.765 134.765 134.765 134.765 134.765 134.765 0 0 0 0 0 0 0 0
221.707 221.707 221.707 221.707 221.707 221.707 221.707 221.707 221.707 221.707 221.707 297.635 297.635 290.67 301.715 294.75 291.865 288.98 284.9 276.245 273.36 189.675 189.675 189.675 147.522 147.522 147.522 147.522 147.522 147.522 147.522 147.522 147.522 147.522 147.522 147.522 147.522 147.522 147.522 147.522 245.066 235.24 0 0 0 227.78 0 0 0 0 0 0 0 0 0 0 0 0 0 0 0 0 0 0 0 0 0 0 0 0 0 0 0 0 0 0 0 0 0 0 0 0 0 0 0 0 0 0 0
221.707 221.707 221.707 221.707 221.707 221.707 221.707 221.707 221.707 221.707 297.635 297.635 189.675 189.675 294.75 189.675 189.675 189.675 282.015 189.675 189.675 189.675 189.675 189.675 147.522 147.522 147.522 147.522 147.522 147.522 147.522 147.522 147.522 147.522 147.522 147.522 147.522 147.522 147.522 147.522 242.181 232.355 0 0 0 0 0 0 0 0 0 0 0 0 0 0 0 0 0 0 0 0 0 0 0 0 0 0 0 0 0 0 0 0 0 0 0 0 0 0 0 0 0 0 0 0 0 0 0
221.707 221.707 221.707 221.707 221.707 221.707 221.707 221.707 221.707 297.635 221.707 189.675 189.675 189.675 189.675 189.675 189.675 189.675 189.675 189.675 189.675 189.675 189.675 147.522 147.522 147.522 147.522 147.522 147.522 147.522 147.522 147.522 147.522 147.522 147.522 147.522 147.522 147.522 147.522 147.522 239.296 229.47 0 0 0 0 0 0 0 0 0 0 0 0 0 0 0 0 0 0 0 0 0 0 0 0 0 0 0 0 0 0 0 0 0 0 0 0 0 0 0 0 0 0 0 0 0 0 0
221.707 221.707 221.707 221.707 221.707 221.707 221.707 221.707 297.635 297.635 221.707 189.675 189.675 189.675 189.675 189.675 189.675 189.675 189.675 189.675 189.675 189.675 189.675 147.522 147.522 147.522 147.522 147.522 147.522 147.522 147.522 147.522 147.522 147.522 147.522 147.522 147.522 147.522 147.522 147.522 147.522 147.522 0 0 0 0 0 0 0 0 0 0 0 0 0 0 0 0 0 0 0 0 0 0 0 0 0 0 0 0 0 0 0 0 0 0 0 0 0 0 0 0 0 0 0 0 0 0 0
221.707 221.707 221.707 221.707 221.707 221.707 221.707 221.707 221.707 221.707 189.675 189.675 189.675 189.675 189.675 189.675 189.675 189.675 189.675 189.675 189.675 189.675 189.675 147.522 147.522 147.522 147.522 147.522 147.522 147.522 147.522 147.522 147.522 147.522 147.522 147.522 147.522 147.522 147.522 147.522 147.522 147.522 0 0 0 0 0 0 0 0 0 0 0 0 0 0 0 0 0 0 0 0 0 0 0 0 0 0 0 0 0 0 0 0 0 0 0 0 0 0 0 0 0 0 0 0 0 0 0
221.707 221.707 221.707 221.707 221.707 221.707 221.707 221.707 221.707 221.707 189.675 189.675 189.675 189.675 189.675 189.675 189.675 189.675 189.675 189.675 189.675 189.675 189.675 147.522 147.522 147.522 147.522 147.522 147.522 147.522 147.522 147.522 147.522 147.522 147.522 147.522 147.522 147.522 147.522 147.522 147.522 147.522 0 0 0 0 0 0 0 0 0 0 0 0 0 0 0 0 0 0 0 0 0 0 0 0 0 0 0 0 0 0 0 0 0 0 0 0 0 0 0 0 0 0 0 0 0 0 0
221.707 221.707 221.707 221.707 221.707 221.707 221.707 221.707 221.707 221.707 189.675 189.675 189.675 189.675 189.675 189.675 189.675 189.675 189.675 189.675 189.675 189.675 189.675 147.522 147.522 147.522 147.522 147.522 147.522 147.522 147.522 147.522 147.522 147.522 147.522 147.522 147.522 147.522 147.522 147.522 147.522 147.522 0 0 0 0 0 0 0 0 0 0 0 0 0 0 0 0 0 0 0 0 0 0 0 0 0 0 0 0 0 0 0 0 0 0 0 0 0 0 0 0 0 0 0 0 0 0 0
221.707 221.707 221.707 221.707 221.707 221.707 221.707 221.707 221.707 221.707 189.675 189.675 189.675 189.675 189.675 189.675 189.675 189.675 189.675 189.675 189.675 189.675 189.675 147.522 147.522 147.522 147.522 147.522 147.522 147.522 147.522 147.522 147.522 147.522 147.522 147.522 147.522 147.522 147.522 147.522 147.522 147.522 0 0 0 0 0 0 0 0 0 0 0 0 0 0 0 0 0 0 0 0 0 0 0 0 0 0 0 0 0 0 0 0 0 0 0 0 0 0 0 0 0 0 0 0 0 0 0
221.707 221.707 221.707 221.707 221.707 221.707 221.707 221.707 221.707 221.707 189.675 189.675 189.675 189.675 189.675 189.675 189.675 189.675 189.675 189.675 189.675 189.675 189.675 147.522 147.522 147.522 147.522 147.522 147.522 147.522 147.522 147.522 147.522 147.522 147.522 147.522 147.522 147.522 147.522 147.522 147.522 147.522 0 0 0 0 0 0 0 0 0 0 0 0 0 0 0 0 0 0 0 0 0 0 0 0 0 0 0 0 0 0 0 0 0 0 0 0 0 0 0 0 0 0 0 0 0 0 0
221.707 221.707 221.707 221.707 221.707 221.707 221.707 221.707 221.707 221.707 189.675 189.675 189.675 189.675 189.675 189.675 189.675 189.675 189.675 189.675 189.675 189.675 189.675 147.522 147.522 147.522 147.522 147.522 147.522 147.522 147.522 147.522 147.522 147.522 147.522 147.522 147.522 147.522 147.522 147.522 147.522 147.522 0 0 0 0 0 0 0 0 0 0 0 0 0 0 0 0 0 0 0 0 0 0 0 0 0 0 0 0 0 0 0 0 0 0 0 0 0 0 0 0 0 0 0 0 0 0 0
221.707 221.707 221.707 221.707 221.707 221.707 221.707 221.707 221.707 221.707 189.675 189.675 189.675 189.675 189.675 189.675 189.675 189.675 189.675 189.675 189.675 189.675 147.522 147.522 147.522 147.522 147.522 147.522 147.522 147.522 147.522 147.522 147.522 147.522 147.522 147.522 147.522 147.522 147.522 147.522 147.522 147.522 0 0 0 0 0 0 0 0 0 0 0 0 0 0 0 0 0 0 0 0 0 0 0 0 0 0 0 0 0 0 0 0 0 0 0 0 0 0 0 0 0 0 0 0 0 0 0
221.707 221.707 221.707 221.707 221.707 221.707 221.707 221.707 221.707 221.707 189.675 189.675 189.675 189.675 189.675 189.675 189.675 189.675 189.675 189.675 189.675 189.675 147.522 147.522 147.522 147.522 147.522 147.522 147.522 147.522 147.522 147.522 147.522 147.522 147.522 147.522 147.522 147.522 147.522 147.522 147.522 147.522 0 0 0 0 0 0 0 0 0 0 0 0 0 0 0 0 0 0 0 0 0 0 0 0 0 0 0 0 0 0 0 0 0 0 0 0 0 0 0 0 0 0 0 0 0 0 0
221.707 221.707 221.707 221.707 221.707 221.707 221.707 221.707 221.707 221.707 189.675 189.675 189.675 189.675 189.675 189.675 189.675 189.675 189.675 189.675 189.675 189.675 147.522 147.522 147.522 147.522 147.522 147.522 147.522 147.522 147.522 147.522 147.522 147.522 147.522 147.522 147.522 147.522 147.522 147.522 147.522 147.522 0 0 0 0 0 0 0 0 0 0 0 0 0 0 0 0 0 0 0 0 0 0 0 0 0 0 0 0 0 0 0 0 0 0 0 0 0 0 0 0 0 0 0 0 0 0 0
221.707 221.707 221.707 221.707 221.707 221.707 221.707 221.707 221.707 221.707 189.675 189.675 189.675 189.675 189.675 189.675 189.675 189.675 189.675 189.675 189.675 189.675 147.522 147.522 147.522 147.522 147.522 147.522 147.522 147.522 147.522 147.522 147.522 147.522 147.522 147.522 147.522 147.522 147.522 147.522 147.522 147.522 0 0 0 0 0 0 0 0 0 0 0 0 0 0 0 0 0 0 0 0 0 0 0 0 0 0 0 0 0 0 0 0 0 0 0 0 0 0 0 0 0 0 0 0 0 0 0
221.707 221.707 221.707 221.707 221.707 221.707 221.707 221.707 221.707 221.707 189.675 189.675 189.675 189.675 189.675 189.675 189.675 189.675 189.675 189.675 189.675 189.675 147.522 147.522 147.522 147.522 147.522 147.522 147.522 147.522 147.522 147.522 147.522 147.522 147.522 147.522 147.522 147.522 147.522 147.522 147.522 0 0 0 0 0 0 0 0 0 0 0 0 0 0 0 0 0 0 0 0 0 0 0 0 0 0 0 0 0 0 0 0 0 0 0 0 0 0 0 0 0 0 0 0 0 0 0 0
221.707 221.707 221.707 221.707 221.707 221.707 221.707 221.707 221.707 221.707 189.675 189.675 189.675 189.675 189.675 189.675 189.675 189.675 189.675 189.675 189.675 189.675 147.522 147.522 147.522 147.522 147.522 147.522 147.522 147.522 147.522 147.522 147.522 147.522 147.522 147.522 147.522 147.522 147.522 147.522 147.522 0 0 0 0 0 0 0 0 0 0 0 0 0 0 0 0 0 0 0 0 0 0 0 0 0 0 0 0 0 0 0 0 0 0 0 0 0 0 0 0 0 0 0 0 0 0 0 0
221.707 221.707 221.707 221.707 221.707 221.707 221.707 221.707 221.707 221.707 189.675 189.675 189.675 189.675 189.675 189.675 189.675 189.675 189.675 189.675 189.675 189.675 147.522 147.522 147.522 147.522 147.522 147.522 147.522 147.522 147.522 147.522 147.522 147.522 147.522 147.522 147.522 147.522 147.522 147.522 0 0 0 0 0 0 0 0 0 0 0 0 0 0 0 0 0 0 0 0 0 0 0 0 0 0 0 0 0 0 0 0 0 0 0 0 0 0 0 0 0 0 0 0 0 0 0 0 0
221.707 221.707 221.707 221.707 221.707 221.707 221.707 221.707 221.707 221.707 189.675 189.675 189.675 189.675 189.675 189.675 189.675 189.675 189.675 189.675 189.675 189.675 147.522 147.522 147.522 147.522 147.522 147.522 147.522 147.522 147.522 147.522 147.522 147.522 147.522 147.522 147.522 147.522 147.522 147.522 0 0 0 0 0 0 0 0 0 0 0 0 0 0 0 0 0 0 0 0 0 0 0 0 0 0 0 0 0 0 0 0 0 0 0 0 0 0 0 0 0 0 0 0 0 0 0 0 0
221.707 221.707 221.707 221.707 221.707 221.707 221.707 221.707 221.707 221.707 189.675 189.675 189.675 189.675 189.675 189.675 189.675 189.675 189.675 189.675 189.675 189.675 147.522 147.522 147.522 147.522 147.522 147.522 147.522 147.522 147.522 147.522 147.522 147.522 147.522 147.522 147.522 147.522 147.522 0 0 0 0 0 0 0 0 0 0 0 0 0 0 0 0 0 0 0 0 0 0 0 0 0 0 0 0 0 0 0 0 0 0 0 0 0 0 0 0 0 0 0 0 0 0 0 0 0 0
221.707 221.707 221.707 221.707 221.707 221.707 221.707 221.707 221.707 221.707 189.675 189.675 189.675 189.675 189.675 189.675 189.675 189.675 189.675 189.675 189.675 189.675 147.522 147.522 147.522 147.522 147.522 147.522 147.522 147.522 147.522 147.522 147.522 147.522 147.522 147.522 147.522 147.522 0 0 0 0 0 0 0 0 0 0 0 0 0 0 0 0 0 0 0 0 0 0 0 0 0 0 0 0 0 0 0 0 0 0 0 0 0 0 0 0 0 0 0 0 0 0 0 0 0 0 0
221.707 221.707 221.707 221.707 221.707 221.707 221.707 221.707 221.707 221.707 189.675 189.675 189.675 189.675 189.675 189.675 189.675 189.675 189.675 189.675 189.675 189.675 147.522 147.522 147.522 147.522 147.522 147.522 147.522 147.522 147.522 147.522 147.522 147.522 147.522 147.522 147.522 0 0 0 0 0 0 0 0 0 0 0 0 0 0 0 0 0 0 0 0 0 0 0 0 0 0 0 0 0 0 0 0 0 0 0 0 0 0 0 0 0 0 0 0 0 0 0 0 0 0 0 0
221.707 221.707 221.707 221.707 221.707 221.707 221.707 221.707 221.707 221.707 189.675 189.675 189.675 189.675 189.675 189.675 189.675 189.675 189.675 189.675 189.675 189.675 147.522 147.522 147.522 147.522 147.522 147.522 147.522 147.522 147.522 147.522 147.522 147.522 147.522 147.522 147.522 0 0 0 0 0 0 0 0 0 0 0 0 0 0 0 0 0 0 0 0 0 0 0 0 0 0 0 0 0 0 0 0 0 0 0 0 0 0 0 0 0 0 0 0 0 0 0 0 0 0 0 0
221.707 221.707 221.707 221.707 221.707 221.707 221.707 221.707 221.707 221.707 189.675 189.675 189.675 189.675 189.675 189.675 189.675 189.675 189.675 189.675 189.675 189.675 147.522 147.522 147.522 147.522 147.522 147.522 147.522 147.522 147.522 147.522 147.522 147.522 147.522 147.522 147.522 0 0 0 0 0 0 0 0 0 0 0 0 0 0 0 0 0 0 0 0 0 0 0 0 0 0 0 0 0 0 0 0 0 0 0 0 0 0 0 0 0 0 0 0 0 0 0 0 0 0 0 0
221.707 221.707 221.707 221.707 221.707 221.707 221.707 221.707 221.707 221.707 189.675 189.675 189.675 189.675 189.675 189.675 189.675 189.675 189.675 189.675 189.675 189.675 147.522 147.522 147.522 147.522 147.522 147.522 147.522 147.522 147.522 147.522 147.522 147.522 147.522 147.522 147.522 0 0 0 0 0 0 0 0 0 0 0 0 0 0 0 0 0 0 0 0 0 0 0 0 0 0 0 0 0 0 0 0 0 0 0 0 0 0 0 0 0 0 0 0 0 0 0 0 0 0 0 0
221.707 221.707 221.707 221.707 221.707 221.707 221.707 221.707 221.707 221.707 189.675 189.675 189.675 189.675 189.675 189.675 189.675 189.675 189.675 189.675 189.675 189.675 147.522 147.522 147.522 147.522 147.522 147.522 147.522 147.522 147.522 147.522 147.522 147.522 147.522 147.522 0 0 0 0 0 0 0 0 0 0 0 0 0 0 0 0 0 0 0 0 0 0 0 0 0 0 0 0 0 0 0 0 0 0 0 0 0 0 0 0 0 0 0 0 0 0 0 0 0 0 0 0 0
221.707 221.707 221.707 221.707 221.707 221.707 221.707 221.707 221.707 221.707 189.675 189.675 189.675 189.675 189.675 189.675 189.675 189.675 189.675 189.675 189.675 189.675 147.522 147.522 147.522 147.522 147.522 147.522 147.522 147.522 147.522 147.522 147.522 147.522 147.522 147.522 0 0 0 0 0 0 0 0 0 0 0 0 0 0 0 0 0 0 0 0 0 0 0 0 0 0 0 0 0 0 0 0 0 0 0 0 0 0 0 0 0 0 0 0 0 0 0 0 0 0 0 0 0
221.707 221.707 221.707 221.707 221.707 221.707 221.707 221.707 221.707 221.707 189.675 189.675 189.675 189.675 189.675 189.675 189.675 189.675 189.675 189.675 189.675 189.675 147.522 147.522 147.522 147.522 147.522 147.522 147.522 147.522 147.522 147.522 147.522 147.522 147.522 147.522 0 0 0 0 0 0 0 0 0 0 0 0 0 0 0 0 0 0 0 0 0 0 0 0 0 0 0 0 0 0 0 0 0 0 0 0 0 0 0 0 0 0 0 0 0 0 0 0 0 0 0 0 0
221.707 221.707 221.707 221.707 221.707 221.707 221.707 221.707 221.707 221.707 189.675 189.675 189.675 189.675 189.675 189.675 189.675 189.675 189.675 189.675 189.675 189.675 147.522 147.522 147.522 147.522 147.522 147.522 147.522 147.522 147.522 147.522 147.522 147.522 147.522 147.522 0 0 0 0 0 0 0 0 0 0 0 0 0 0 0 0 0 0 0 0 0 0 0 0 0 0 0 0 0 0 0 0 0 0 0 0 0 0 0 0 0 0 0 0 0 0 0 0 0 0 0 0 0
221.707 221.707 221.707 221.707 221.707 221.707 221.707 221.707 221.707 221.707 189.675 189.675 189.675 189.675 189.675 189.675 189.675 189.675 189.675 189.675 189.675 189.675 147.522 147.522 147.522 147.522 147.522 147.522 147.522 147.522 147.522 147.522 147.522 147.522 147.522 0 0 0 0 0 0 0 0 0 0 0 0 0 0 0 0 0 0 0 0 0 0 0 0 0 0 0 0 0 0 0 0 0 0 0 0 0 0 0 0 0 0 0 0 0 0 0 0 0 0 0 0 0 0
221.707 221.707 221.707 221.707 221.707 221.707 221.707 221.707 221.707 221.707 189.675 189.675 189.675 189.675 189.675 189.675 189.675 189.675 189.675 189.675 189.675 189.675 147.522 147.522 147.522 147.522 147.522 147.522 147.522 147.522 147.522 147.522 147.522 147.522 0 0 0 0 0 0 0 0 0 0 0 0 0 0 0 0 0 0 0 0 0 0 0 0 0 0 0 0 0 0 0 0 0 0 0 0 0 0 0 0 0 0 0 0 0 0 0 0 0 0 0 0 0 0 0
