tests/full-run-ref/erosion_2010_78_23_-57.856.asc
ncols 512
nrows 512
xllcorner -3.24582
yllcorner -4.08743
cellsize 5
NODATA_value -99999
[rows 0 to 29 of 512, columns 268 to 334 of 512]
8.16 8.65499 8.655 8.655 8.655 8.655 8.655 8.655 8.655 8.655 8.655 9.85001 9.85001 8.16001 6.96501 5.77 5.77 5.77 5.77 5.77 5.82203 7.01703 8.21204 11.045 12.24 12.24 11.045 9.85001 8.655 8.16001 6.96501 5.77 5.77 5.77 5.77 6.96501 8.16001 9.85001 8.655 9.84985 10.7933 11.045 8.16001 6.96501 5.77 5.77 5.77 5.77 5.77 5.77 5.77 5.77 5.77 5.77 5.77 4.08001 2.885 4.08001 6.96501 8.16001 8.16001 6.96501 5.77 5.77 4.08001 2.885 4.08001
6.96499 5.76999 5.77 5.77 5.77 5.77 5.77 5.77 5.77 5.77 5.77 6.96501 6.96501 5.77 4.08001 2.88506 2.88506 2.88506 2.88506 2.88506 2.93703 4.13203 6.96501 8.16001 11.045 11.045 8.16002 6.96501 5.77 5.77 4.08001 2.88505 2.88505 2.88505 2.88505 4.08001 5.77 6.96501 5.77 6.96485 7.90834 8.16002 6.96501 4.08001 2.88505 2.88505 2.88505 2.88505 2.88505 2.88505 2.88505 2.88505 2.88505 2.88505 2.88505 2.88505 2.88505 2.88505 4.08001 5.77 5.77 4.08001 2.88505 2.88505 2.88505 2.88505 2.88505
4.08 2.88506 2.88506 2.88506 2.88506 2.88506 2.88506 2.88506 2.88506 2.88506 2.88506 4.08001 4.08001 2.88506 2.88506 2.88506 2.88506 2.88506 2.88506 2.88506 2.88506 2.88506 4.08001 6.96501 8.16002 9.85001 6.96501 4.08001 2.88506 2.88506 2.88506 2.88506 2.88506 2.88505 2.88505 2.88505 2.88505 4.08001 2.88505 4.08001 5.02334 6.96501 4.08001 2.88505 2.88505 2.88505 2.88505 2.88505 2.88505 2.88505 2.88505 2.88505 2.88505 2.88505 2.88505 2.88505 2.88505 2.88505 2.88505 2.88505 2.88505 2.88505 2.88505 2.88505 2.88505 2.88505 2.88505
2.88506 2.88506 2.88506 2.88506 2.88506 2.88506 2.88506 2.88506 2.88506 2.88506 2.88506 2.88506 2.88506 2.88506 2.88506 2.88506 2.88506 2.88506 2.88506 2.88506 2.88506 2.88506 2.88506 4.08001 6.96501 8.65501 5.77001 2.88506 2.88506 2.88506 2.88506 2.88506 2.88506 2.88505 2.88505 2.88505 2.88505 2.88505 2.88505 2.88505 4.79618 4.08001 2.88505 2.88505 2.88505 2.88505 2.88505 2.88505 2.88505 2.88505 2.88505 2.88505 2.88505 2.88505 2.88505 2.88505 2.88505 2.88505 2.88505 2.88505 2.88505 2.88505 2.88505 2.88505 2.88505 2.88505 2.88505
2.88506 2.88506 2.88506 2.88506 2.88506 2.88506 2.88506 2.88506 2.88506 2.88506 2.88506 2.88506 2.88506 2.88506 2.88506 2.88506 2.88506 2.88506 2.88506 2.88506 2.88506 2.88506 2.88506 2.88506 4.7264 7.6114 6.96501 4.08001 2.88506 2.88506 2.88506 2.88506 2.88506 2.88505 2.88505 2.88505 2.88505 2.88505 2.88505 2.88505 4.08001 2.88505 2.88505 2.88505 2.88505 2.88505 2.88505 2.88505 2.88505 2.88505 2.88505 2.88505 2.88505 2.88505 2.88505 2.88505 2.88505 2.88505 2.88505 2.88505 2.88505 2.88505 2.88505 2.88505 2.88505 2.88505 2.88505
2.88506 2.88506 2.88506 2.88506 2.88506 2.88506 2.88506 2.88506 2.88506 2.88506 2.88506 2.88506 2.88506 2.88506 2.88506 2.88506 2.88506 2.88506 2.88506 2.88506 2.88506 2.88506 2.88506 2.88506 3.5314 5.77 6.96501 6.96501 4.08001 2.88506 2.88506 2.88506 2.88506 2.88505 2.88505 2.88505 2.88505 2.88505 2.88505 2.88505 2.88505 2.88505 2.88505 2.88505 2.88505 2.88505 2.88505 2.88505 2.88505 2.88505 2.88505 2.88505 2.88505 2.88505 2.88505 2.88505 2.88505 2.88505 2.88505 2.88505 2.88505 2.88505 2.88505 2.88505 2.88505 2.88505 2.88505
2.88506 2.88506 2.88506 2.88506 2.88506 2.88506 2.88506 2.88506 2.88506 2.88506 2.88506 2.88506 2.88506 2.88506 2.88506 2.88506 2.88506 2.88506 2.88506 2.88506 2.88506 2.88506 2.88506 2.88506 2.88506 2.88506 4.08001 6.06357 6.96501 4.08001 2.88506 2.88506 2.88506 2.88505 2.88505 2.88505 2.88505 2.88505 2.88505 2.88505 2.88505 2.88505 2.88505 2.88505 2.88505 2.88505 2.88505 2.88505 2.88505 2.88505 2.88505 2.88505 2.88505 2.88505 2.88505 2.88505 2.88505 2.88505 2.88505 2.88505 2.88505 2.88505 2.88505 2.88505 2.88505 2.88505 2.88505
2.88506 4.08001 2.88506 2.88506 2.88506 2.88506 2.88506 2.88506 2.88506 2.88506 2.88506 2.88506 2.88506 2.88506 2.88506 2.88506 2.88506 2.88506 2.88506 2.88506 2.88506 2.88506 2.88506 2.88506 2.88506 2.88506 2.88506 4.08001 5.77 5.77 4.08001 2.88506 2.88506 2.88505 2.88505 2.88505 2.88505 2.88505 2.88505 2.88505 2.88505 2.88505 2.88505 2.88505 2.88505 2.88505 2.88505 2.88505 2.88505 2.88505 2.88505 2.88505 2.88505 2.88505 2.88505 2.88505 2.88505 2.88505 2.88505 2.88505 2.88505 2.88505 2.88505 2.88505 2.88505 2.88505 2.88505
2.88506 2.88506 4.08001 2.88506 2.88506 2.88506 2.88506 2.88506 2.88506 2.88506 2.88506 2.88506 2.88506 2.88506 2.88506 2.88506 2.88506 2.88506 2.88506 2.88506 2.88506 2.88506 2.88506 2.88506 2.88506 2.88506 2.88506 2.88506 2.88506 2.88506 4.08001 4.08001 2.88506 2.88506 2.88505 2.88505 2.88505 2.88505 2.88505 2.88505 2.88505 2.88505 2.88505 2.88505 2.88505 2.88505 2.88505 2.88505 2.88505 2.88505 2.88505 2.88505 2.88505 2.88505 2.88505 2.88505 2.88505 2.88505 2.88505 2.88505 2.88505 2.88505 2.88505 2.88505 2.88505 2.88505 2.88505
2.88506 2.88506 2.88506 2.88506 2.88506 2.88506 2.88506 2.88506 2.88506 2.88506 2.88506 2.88506 2.88506 2.88506 2.88506 2.88506 2.88506 2.88506 2.88506 2.88506 2.88506 2.88506 2.88506 2.88506 2.88506 2.88506 2.88506 2.88506 2.88506 2.88506 2.88506 5.77 4.08001 2.88506 2.88506 2.88505 2.88505 2.88505 2.88505 2.88505 2.88505 2.88505 2.88505 2.88505 2.88505 2.88505 2.88505 2.88505 2.88505 2.88505 2.88505 2.88505 2.88505 2.88505 2.88505 2.88505 2.88505 2.88505 2.88505 2.88505 2.88505 2.88505 2.88505 2.88505 2.88505 2.88505 2.88505
2.88506 2.88506 2.88506 2.88506 2.88506 2.88506 2.88506 2.88506 2.88506 2.88506 2.88506 2.88506 2.88506 2.88506 2.88506 2.88506 2.88506 2.88506 2.88506 2.88506 2.88506 2.88506 2.88506 2.88506 2.88506 2.88506 2.88506 2.88506 2.88506 2.88506 2.88506 5.77 6.96501 4.08001 2.88506 2.88505 2.88505 2.88505 2.88505 2.88505 2.88505 2.88505 2.88505 2.88505 2.88505 2.88505 2.88505 2.88505 2.88505 2.88505 2.88505 2.88505 2.88505 2.88505 2.88505 2.88505 2.88505 2.88505 2.88505 2.88505 2.88505 2.88505 2.88505 2.88505 2.88505 2.88505 2.88505
2.88506 2.88506 2.88506 2.88506 2.88506 2.88506 2.88506 2.88506 2.88506 2.88506 2.88506 2.88506 2.88506 2.88506 2.88506 2.88506 2.88506 2.88506 2.88506 2.88506 2.88506 2.88506 2.88506 2.88506 2.88506 2.88506 2.88506 2.88506 2.88506 2.88506 2.88505 4.08001 6.96501 6.96501 4.08001 2.88505 2.88505 2.88505 2.88505 2.88505 2.88505 2.88505 2.88505 2.88505 2.88505 2.88505 2.88505 2.88505 2.88505 2.88505 2.88505 2.88505 2.88505 2.88505 2.88505 2.88505 2.88505 2.88505 2.88505 2.88505 2.88505 2.88505 2.88505 2.88505 2.88505 2.88505 2.88505
2.88506 2.88506 2.88506 2.88506 2.88506 2.88506 2.88506 2.88506 2.88506 2.88506 2.88506 2.88506 2.88506 2.88506 2.88506 2.88506 2.88506 2.88506 4.08001 4.08001 2.88506 2.88506 2.88506 2.88506 2.88506 2.88506 2.88506 2.88506 2.88506 2.88506 2.88506 2.88505 4.08001 4.08001 2.88505 2.88505 2.88505 2.88505 2.88505 2.88505 2.88505 2.88505 2.88505 2.88505 2.88505 2.88505 2.88505 2.88505 2.88505 2.88505 2.88505 2.88505 2.88505 2.88505 2.88505 2.88505 2.88505 2.88505 2.88505 2.88505 2.88505 2.88505 2.88505 2.88505 2.88505 2.88505 2.88505
2.88506 2.88506 2.88506 2.88506 2.88506 2.88506 2.88506 2.88506 2.88506 2.88506 2.88506 2.88506 2.88506 2.88506 2.88506 2.88506 2.88506 2.88506 5.77 6.96501 4.08001 2.88506 2.88506 2.88506 2.88506 2.88506 2.88506 2.88506 2.88506 2.88506 2.88506 2.88506 2.88505 2.88505 2.88505 2.88505 2.88505 2.88505 2.88505 4.08001 2.88505 2.88505 2.88505 2.88505 2.88505 2.88505 2.88505 2.88505 2.88505 2.88505 2.88505 2.88505 2.88505 2.88505 2.88505 2.88505 2.88505 2.88505 2.88505 2.88505 2.88505 2.88505 2.88505 2.88505 2.88505 2.88505 2.88505
2.88506 2.88506 2.88506 2.88506 2.88506 2.88506 2.88506 2.88506 2.88506 2.88506 2.88506 2.88506 2.88506 2.88506 2.88506 2.88506 2.88506 2.88506 5.62706 8.16002 5.77001 2.88506 2.88506 2.88506 2.88506 2.88506 2.88506 2.88506 2.88506 2.88506 2.88506 2.88506 2.88506 2.88505 2.88505 2.88505 2.88505 2.88505 4.08001 5.76998 2.88505 2.88505 2.88505 2.88505 2.88505 2.88505 2.88505 2.88505 2.88505 2.88505 2.88505 2.88505 2.88505 2.88505 2.88505 2.88505 2.88505 2.88505 2.88505 2.88505 2.88505 2.88505 2.88505 2.88505 2.88505 2.88505 2.88505
2.88506 2.88506 2.88506 2.88506 2.88506 2.88506 2.88506 2.88506 2.88506 2.88506 2.88506 2.88506 2.88506 2.88506 2.88506 2.88506 2.88506 2.88506 4.08001 6.96501 4.08001 2.88506 2.88506 2.88506 2.88506 2.88506 2.88506 2.88506 2.88506 2.88506 2.88506 2.88506 2.88506 2.88505 2.88505 2.88505 2.88505 4.08001 4.7263 5.76998 2.88505 2.88505 2.88505 2.88505 2.88505 2.88505 2.88505 2.88505 2.88505 2.88505 2.88505 2.88505 2.88505 2.88505 2.88505 2.88505 2.88505 2.88505 2.88505 2.88505 2.88505 2.88505 2.88505 2.88505 2.88505 2.88505 2.88505
2.88506 2.88506 2.88506 2.88506 2.88506 2.88506 2.88506 2.88506 2.88506 2.88506 2.88506 2.88506 2.88506 2.88506 2.88506 2.88506 2.88506 2.88506 2.88506 5.77 2.88506 2.88506 2.88506 2.88506 2.88506 2.88506 2.88506 2.88506 2.88506 2.88506 2.88506 2.88506 2.88506 2.88505 2.88505 2.88505 2.88505 4.08001 5.64969 5.76999 2.88505 2.88505 2.88505 2.88505 2.88505 2.88505 2.88505 2.88505 2.88505 2.88505 2.88505 2.88505 2.88505 2.88505 2.88505 2.88505 2.88505 2.88505 2.88505 2.88505 2.88505 2.88505 2.88505 2.88505 2.88505 2.88505 2.88505
2.88506 2.88506 2.88506 2.88506 2.88506 2.88506 2.88506 2.88506 2.88506 2.88506 2.88506 2.88506 2.88506 2.88506 2.88506 2.88506 2.88506 2.88506 3.64156 6.52656 4.08001 2.88506 2.88506 2.88506 2.88506 2.88506 2.88506 2.88506 2.88506 2.88506 2.88506 2.88506 2.88506 2.88505 2.88505 2.88505 2.88505 2.88505 4.37663 5.76999 2.88505 2.88505 2.88505 2.88505 2.88505 2.88505 2.88505 2.88505 2.88505 2.88505 2.88505 2.88505 2.88505 2.88505 2.88505 2.88505 2.88505 2.88505 2.88505 2.88505 2.88505 2.88505 2.88505 2.88505 2.88505 2.88505 2.88505
2.88506 2.88506 2.88506 2.88506 2.88506 2.88506 2.88506 2.88506 2.88506 2.88506 2.88506 2.88506 2.88506 2.88506 2.88506 2.88506 2.88506 2.88506 2.88506 4.08001 6.96501 4.08001 2.88506 2.88506 2.88506 2.88506 2.88506 2.88506 2.88506 2.88506 2.88506 2.88506 2.88506 2.88505 2.88505 2.88505 2.88505 2.88505 4.08001 5.77 2.88505 2.88505 2.88505 2.88505 2.88505 2.88505 2.88505 2.88505 2.88505 2.88505 2.88505 2.88505 2.88505 2.88505 2.88505 2.88505 2.88505 2.88505 2.88505 2.88505 2.88505 2.88505 2.88505 2.88505 2.88505 2.88505 2.88505
2.88507 2.88506 2.88506 2.88506 2.88506 2.88506 2.88506 2.88506 2.88506 2.88506 2.88506 2.88506 2.88506 2.88506 2.88506 2.88506 2.88506 2.88506 2.88506 2.88506 5.77 6.96501 4.08001 2.88506 2.88506 2.88506 2.88506 2.88506 2.88506 2.88506 2.88506 2.88506 2.88506 2.88505 2.88505 2.88505 2.88505 2.88505 2.88505 4.08001 2.88505 2.88505 2.88505 2.88505 2.88505 2.88505 2.88505 2.88505 2.88505 2.88505 2.88505 2.88505 2.88505 2.88505 2.88505 2.88505 2.88505 2.88505 2.88505 2.88505 2.88505 2.88505 2.88505 2.88505 2.88505 2.88505 2.88505
2.88507 2.88507 2.88506 2.88506 2.88506 2.88506 2.88506 2.88506 2.88506 2.88506 2.88506 2.88506 2.88506 2.88506 2.88506 2.88506 2.88506 2.88506 2.88506 2.88506 4.08001 5.77 6.96501 4.08001 2.88506 2.88506 2.88506 2.88506 2.88506 2.88506 2.88506 2.88506 2.88506 2.88505 2.88505 2.88505 2.88505 2.88505 2.88505 2.88505 2.88505 2.88505 2.88505 2.88505 2.88505 2.88505 2.88505 2.88505 2.88505 2.88505 2.88505 2.88505 2.88505 2.88505 2.88505 2.88505 2.88505 2.88505 2.88505 2.88505 2.88505 2.88505 2.88505 2.88505 2.88505 2.88505 2.88505
2.88507 2.88507 2.88507 2.88506 2.88506 2.88506 2.88506 2.88506 2.88506 2.88506 2.88506 2.88506 2.88506 2.88506 2.88506 2.88506 2.88506 2.88506 2.88506 2.88506 2.88506 2.88506 4.08001 5.77 4.08001 2.88506 2.88506 2.88506 2.88506 2.88506 2.88506 2.88506 2.88506 2.88505 2.88505 2.88505 2.88505 2.88505 2.88505 2.88505 2.88505 2.88505 2.88505 2.88505 2.88505 2.88505 2.88505 2.88505 2.88505 2.88505 2.88505 2.88505 2.88505 2.88505 2.88505 2.88505 2.88505 2.88505 2.88505 2.88505 2.88505 2.88505 2.88505 2.88505 2.88505 2.88505 2.88505
2.88507 2.88507 2.88507 2.88506 2.88506 2.88506 2.88506 2.88506 2.88506 2.88506 2.88506 2.88506 2.88506 2.88506 2.88506 2.88506 2.88506 2.88506 2.88506 2.88506 2.88506 2.88506 2.88506 2.88506 4.08001 4.08001 2.88506 2.88506 2.88506 2.88506 2.88506 2.88506 2.88506 2.88505 2.88505 2.88505 2.88505 2.88505 2.88505 2.88505 2.88505 2.88505 2.88505 2.88505 2.88505 2.88505 2.88505 2.88505 2.88505 2.88505 2.88505 2.88505 2.88505 2.88505 2.88505 2.88505 2.88505 2.88505 2.88505 2.88505 2.88505 2.88505 2.88505 2.88505 2.88505 2.88505 2.88505
2.88507 2.88507 2.88507 2.88507 2.88506 2.88506 2.88506 2.88506 2.88506 2.88506 2.88506 2.88506 2.88506 2.88506 2.88506 2.88506 2.88506 2.88506 2.88506 2.88506 2.88506 2.88506 2.88506 2.88506 2.88506 4.08001 4.08001 2.88506 2.88506 2.88506 2.88506 2.88506 2.88506 2.88505 2.88505 2.88505 2.88505 2.88505 2.88505 2.88505 2.88505 2.88505 2.88505 2.88505 2.88505 2.88505 2.88505 2.88505 2.88505 2.88505 2.88505 2.88505 2.88505 2.88505 2.88505 2.88505 2.88505 2.88505 2.88505 2.88505 2.88505 2.88505 2.88505 2.88505 2.88505 2.88505 2.88505
2.88507 2.88507 2.88507 2.88507 2.88506 2.88506 2.88506 2.88506 2.88506 2.88506 2.88506 2.88506 2.88506 2.88506 2.88506 2.88506 2.88506 2.88506 2.88506 2.88506 2.88506 2.88506 2.88506 2.88506 2.88505 2.88506 4.08001 4.08001 2.88506 2.88506 2.88506 2.88506 2.88506 2.88505 2.88505 2.88505 2.88505 2.88505 2.88505 2.88505 2.88505 2.88505 2.88505 2.88505 2.88505 2.88505 2.88505 2.88505 2.88505 2.88505 2.88505 2.88505 2.88505 2.88505 2.88505 2.88505 2.88505 2.88505 2.88505 2.88505 2.88505 2.88505 2.88505 2.88505 2.88505 2.88505 2.88505
2.88507 2.88507 2.88507 2.88507 2.88507 2.88506 2.88506 2.88506 2.88506 2.88506 2.88506 2.88506 2.88506 2.88506 2.88506 2.88506 2.88506 2.88506 2.88506 2.88506 2.88506 2.88506 2.88506 2.88506 2.88506 2.88505 2.88506 4.08001 4.08001 2.88506 2.88506 2.88506 2.88506 2.88505 2.88505 2.88505 2.88505 2.88505 2.88505 2.88505 2.88505 2.88505 2.88505 2.88505 2.88505 2.88505 2.88505 2.88505 2.88505 2.88505 2.88505 2.88505 2.88505 2.88505 2.88505 2.88505 2.88505 2.88505 2.88505 2.88505 2.88505 2.88505 2.88505 2.88505 2.88505 2.88505 2.88505
2.88507 2.88507 2.88507 2.88507 2.88507 2.88506 2.88506 2.88506 2.88506 2.88506 2.88506 2.88506 2.88506 2.88506 2.88506 2.88506 2.88506 2.88506 2.88506 2.88506 2.88506 2.88506 2.88506 2.88506 2.88506 2.88506 2.88505 2.88506 4.08001 4.08001 2.88506 2.88506 2.88506 2.88505 2.88505 2.88505 2.88505 2.88505 2.88505 2.88505 2.88505 2.88505 2.88505 2.88505 2.88505 2.88505 2.88505 2.88505 2.88505 2.88505 2.88505 2.88505 2.88505 2.88505 2.88505 2.88505 2.88505 2.88505 2.88505 2.88505 2.88505 2.88505 2.88505 2.88505 2.88505 2.88505 2.88505
2.88507 2.88507 2.88507 2.88507 2.88507 2.88507 2.88506 2.88506 2.88506 2.88506 2.88506 2.88506 2.88506 2.88506 2.88506 2.88506 2.88506 2.88506 2.88506 2.88506 2.88506 2.88506 2.88506 2.88506 2.88506 2.88506 2.88506 2.88505 2.88506 4.08001 4.08001 2.88506 2.88506 2.88505 2.88505 2.88505 2.88505 2.88505 2.88505 2.88505 2.88505 2.88505 2.88505 2.88505 2.88505 2.88505 2.88505 2.88505 2.88505 2.88505 2.88505 2.88505 2.88505 2.88505 2.88505 2.88505 2.88505 2.88505 2.88505 2.88505 2.88505 2.88505 2.88505 2.88505 2.88505 2.88505 2.88505
2.88507 2.88507 2.88507 2.88507 2.88507 2.88507 2.88507 2.88506 2.88506 2.88506 2.88506 2.88506 2.88506 2.88506 2.88506 2.88506 2.88506 2.88506 2.88506 2.88506 2.88506 2.88506 2.88506 2.88506 2.88506 2.88506 2.88506 2.88506 2.88505 2.88506 4.08001 4.08001 2.88506 2.88505 2.88505 2.88505 2.88505 2.88505 2.88505 2.88505 2.88505 2.88505 2.88505 2.88505 2.88505 2.88505 2.88505 2.88505 2.88505 2.88505 2.88505 2.88505 2.88505 2.88505 2.88505 2.88505 2.88505 2.88505 2.88505 2.88505 2.88505 2.88505 2.88505 2.88505 2.88505 2.88505 2.88505
2.88507 2.88507 2.88507 2.88507 2.88507 2.88507 2.88507 2.88506 2.88506 2.88506 2.88506 2.88506 2.88506 2.88506 2.88506 2.88506 2.88506 2.88506 2.88506 2.88506 2.88506 2.88506 2.88506 2.88506 2.88506 2.88506 2.88506 2.88506 2.88506 2.88505 2.88506 4.08001 4.08001 2.88505 2.88505 2.88505 2.88505 2.88505 2.88505 2.88505 2.88505 2.88505 2.88505 2.88505 2.88505 2.88505 2.88505 2.88505 2.88505 2.88505 2.88505 2.88505 2.88505 2.88505 2.88505 2.88505 2.88505 2.88505 2.88505 2.88505 2.88505 2.88505 2.88505 2.88505 2.88505 2.88505 2.88505
