tests/full-run-ref/erosion_86_12_73.390.asc
ncols 512
nrows 512
xllcorner -3.24582
yllcorner -4.08743
cellsize 5
NODATA_value -99999
[rows 210 to 239 of 512, columns 67 to 133 of 512]
5.77015 5.76997 5.77016 5.77021 5.77021 5.7701 5.7702 5.76991 5.77021 5.76999 5.7702 5.77021 5.7702 5.77002 5.77 5.7702 5.76995 5.76993 5.77019 5.77002 5.7702 5.77018 5.77005 5.77 5.77019 5.77016 5.77001 5.77005 5.77021 5.76994 5.77005 5.76999 5.77021 5.77005 5.77004 5.77021 5.77021 5.77021 5.77021 5.77021 5.77021 5.77021 5.77021 5.76994 5.76999 5.77019 5.77021 5.77018 5.77001 5.77018 5.77004 5.77021 5.77001 5.77021 5.76935 5.77021 5.77021 5.77021 5.77005 5.77021 5.77021 5.77005 5.77021 5.77021 5.76998 5.7702 5.77021
5.76998 5.77014 5.77021 5.77021 5.76999 5.7702 5.76993 5.77021 5.77 5.7702 5.77019 5.77021 5.77017 5.77012 5.7702 5.7702 5.77 5.7702 5.7702 5.7702 5.77013 5.7702 5.77 5.77003 5.77019 5.77017 5.76995 5.77013 5.77021 5.7699 5.77009 5.76999 5.77019 5.7702 5.76997 5.77019 5.77005 5.77001 5.7702 5.76997 5.76998 5.7702 5.77004 5.77021 5.76998 5.77021 5.77004 5.77005 5.77021 5.76987 5.77021 5.77 5.77021 5.7702 5.77021 5.7702 5.77021 5.77005 5.77021 5.77021 5.77004 5.77021 5.77021 5.76995 5.76992 5.77021 5.76999
5.77009 5.7702 5.77021 5.77015 5.7702 5.77 5.77021 5.77 5.77021 5.77003 5.77021 5.77021 5.77019 5.77005 5.7702 5.77003 5.7702 5.77002 5.7702 5.76987 5.7702 5.77019 5.77006 5.76997 5.77018 5.77018 5.76997 5.77005 5.77021 5.77011 5.77001 5.77002 5.77007 5.77021 5.7702 5.77004 5.7702 5.77014 5.77003 5.77008 5.77003 5.77018 5.77015 5.7702 5.76999 5.7702 5.77015 5.7702 5.76985 5.77008 5.76972 5.77021 5.77021 5.77021 5.76998 5.77017 5.77003 5.77021 5.77021 5.77003 5.77017 5.77021 5.77014 5.76999 5.77021 5.76995 5.77014
5.77015 5.77018 5.77006 5.7702 5.76995 5.77021 5.76982 5.77021 5.76999 5.7702 5.77021 5.7702 5.77002 5.77021 5.77019 5.77021 5.7702 5.7702 5.77006 5.77021 5.77002 5.77021 5.76994 5.77004 5.77013 5.77019 5.77001 5.77005 5.77021 5.77004 5.77004 5.77001 5.76988 5.77021 5.77006 5.76996 5.77021 5.77021 5.77021 5.77021 5.77021 5.77021 5.77006 5.77021 5.7702 5.76991 5.77021 5.77004 5.77021 5.76968 5.77021 5.77018 5.77021 5.77 5.77021 5.76996 5.77021 5.77021 5.76996 5.7702 5.77021 5.77021 5.77021 5.77021 5.77019 5.76993 5.7702
5.7699 5.76983 5.76999 5.76961 5.7702 5.77021 5.77021 5.77 5.77021 5.77017 5.77021 5.77015 5.77004 5.77001 5.7702 5.77005 5.77021 5.77002 5.77021 5.77001 5.7702 5.7702 5.77017 5.77005 5.77 5.77018 5.77003 5.77004 5.77021 5.77009 5.77003 5.77012 5.76993 5.77016 5.7702 5.77004 5.77018 5.77004 5.77013 5.77018 5.77005 5.77019 5.77008 5.77019 5.77005 5.77017 5.7702 5.77017 5.77 5.77021 5.77021 5.7701 5.77003 5.77017 5.77001 5.77021 5.77019 5.76994 5.77 5.77021 5.77021 5.77021 5.77021 5.77021 5.7702 5.76982 5.77005
5.76983 5.77019 5.7696 5.76999 5.76986 5.77021 5.76993 5.77021 5.76995 5.7702 5.77021 5.77019 5.77005 5.77019 5.77006 5.77021 5.77019 5.7702 5.77009 5.77019 5.76999 5.77004 5.77003 5.77004 5.77016 5.77002 5.77002 5.76999 5.77021 5.76999 5.77 5.77003 5.77002 5.76987 5.77021 5.77021 5.76999 5.7702 5.77021 5.77021 5.77003 5.77021 5.7702 5.76992 5.77021 5.7702 5.77002 5.77003 5.77021 5.77016 5.77021 5.76992 5.76991 5.76994 5.77021 5.76994 5.77001 5.77009 5.7702 5.77021 5.77021 5.77018 5.77021 5.77021 5.77006 5.76999 5.76978
5.7702 5.77021 5.76992 5.76994 5.76997 5.76998 5.77021 5.76998 5.77013 5.77021 5.77021 5.77012 5.77021 5.7702 5.77021 5.77001 5.77019 5.76997 5.77021 5.76992 5.77003 5.77018 5.77001 5.77 5.77019 5.77018 5.7701 5.77015 5.77019 5.76994 5.77016 5.77001 5.77012 5.76992 5.77018 5.77021 5.77021 5.77001 5.77013 5.7699 5.7702 5.77017 5.76982 5.77019 5.77019 5.77004 5.77016 5.77021 5.76985 5.7702 5.76988 5.77021 5.77021 5.77021 5.7702 5.77021 5.77005 5.77019 5.77021 5.7702 5.77021 5.77019 5.76998 5.77009 5.77007 5.76997 5.7702
5.76999 5.7702 5.77013 5.7702 5.77002 5.7702 5.77014 5.7702 5.77021 5.77021 5.77018 5.77004 5.76996 5.7702 5.77005 5.77021 5.77005 5.76997 5.7702 5.76993 5.76999 5.77001 5.77003 5.77013 5.76999 5.77002 5.77002 5.76998 5.76996 5.76996 5.77003 5.76999 5.77002 5.76996 5.77004 5.77018 5.77021 5.77021 5.7699 5.77005 5.77021 5.77005 5.77021 5.77 5.77021 5.7702 5.77021 5.77002 5.77011 5.7699 5.77006 5.77002 5.77004 5.77003 5.77021 5.77001 5.77005 5.77021 5.77021 5.77001 5.7702 5.77021 5.77015 5.76999 5.77021 5.77021 5.76997
5.76997 5.7702 5.76997 5.76994 5.77012 5.76991 5.76999 5.77021 5.77021 5.77016 5.77021 5.77002 5.77005 5.76999 5.7702 5.77005 5.76999 5.77021 5.76997 5.77 5.77003 5.77005 5.77018 5.76999 5.77003 5.77018 5.77003 5.77014 5.77001 5.76996 5.77012 5.77002 5.7701 5.76999 5.77004 5.77015 5.77017 5.7702 5.77021 5.77 5.77017 5.7702 5.77018 5.77007 5.77018 5.77004 5.76998 5.77021 5.7702 5.77021 5.77021 5.77021 5.77021 5.77011 5.7702 5.77001 5.77018 5.77021 5.77021 5.76999 5.77021 5.77021 5.7702 5.76988 5.76999 5.76999 5.77021
5.77012 5.77021 5.77011 5.76997 5.76998 5.76999 5.76997 5.77019 5.7702 5.77005 5.77021 5.7702 5.77016 5.77021 5.76999 5.76997 5.77011 5.77021 5.77003 5.77017 5.76998 5.77001 5.77003 5.77003 5.77001 5.76997 5.77 5.76999 5.76998 5.77018 5.77003 5.76999 5.76999 5.76982 5.77016 5.77005 5.76993 5.76989 5.77012 5.7702 5.76989 5.76999 5.77021 5.76993 5.77021 5.76986 5.77021 5.76988 5.7702 5.76997 5.77009 5.77009 5.77019 5.77004 5.77021 5.77002 5.7702 5.77021 5.7702 5.76999 5.77019 5.77015 5.76984 5.77021 5.7702 5.76991 5.77006
5.76977 5.7702 5.76978 5.76988 5.77017 5.76994 5.76988 5.77017 5.77016 5.77002 5.77021 5.77005 5.7702 5.77002 5.77021 5.7702 5.77021 5.77 5.77002 5.77 5.77001 5.77001 5.77005 5.77004 5.77 5.77001 5.77001 5.77013 5.7702 5.77 5.77003 5.77 5.77005 5.77017 5.77021 5.77002 5.76999 5.7701 5.76989 5.77019 5.7702 5.76998 5.77017 5.77021 5.77005 5.77021 5.77007 5.77021 5.77008 5.77021 5.77021 5.77021 5.77021 5.77021 5.76995 5.77015 5.7702 5.77021 5.77018 5.76996 5.77018 5.77005 5.76997 5.76999 5.77021 5.77003 5.76996
5.76979 5.7702 5.77016 5.76987 5.77021 5.76986 5.77 5.77021 5.76998 5.77015 5.77021 5.77014 5.77003 5.7702 5.77002 5.7701 5.77003 5.77003 5.77005 5.76999 5.77014 5.76998 5.77016 5.77011 5.77002 5.77015 5.77 5.76998 5.77021 5.76997 5.77015 5.76999 5.77005 5.77021 5.77012 5.77 5.77013 5.76999 5.76998 5.77003 5.77021 5.7702 5.76995 5.76996 5.7702 5.76992 5.77021 5.76981 5.77021 5.76988 5.77002 5.77016 5.77005 5.77019 5.77004 5.77004 5.77021 5.77021 5.77008 5.7699 5.77016 5.76998 5.77019 5.77015 5.77021 5.7702 5.76995
5.77019 5.76991 5.77012 5.76993 5.77016 5.76995 5.77013 5.77021 5.77019 5.77005 5.7702 5.77019 5.77004 5.77005 5.7702 5.76997 5.77005 5.77017 5.76999 5.77 5.77001 5.77001 5.77019 5.76998 5.77003 5.77004 5.77002 5.76996 5.77021 5.76997 5.76998 5.77001 5.77017 5.7702 5.76984 5.77001 5.77 5.77014 5.77017 5.77021 5.77002 5.77021 5.77017 5.77001 5.77012 5.77021 5.77018 5.77007 5.76992 5.77021 5.77004 5.77021 5.77003 5.77021 5.77005 5.7702 5.77021 5.7702 5.76981 5.76989 5.77021 5.77021 5.77021 5.76998 5.77021 5.77012 5.77021
5.76985 5.77021 5.76977 5.7702 5.76972 5.76999 5.77014 5.77021 5.77015 5.77002 5.77016 5.77021 5.77017 5.77021 5.77018 5.7702 5.77002 5.77001 5.77004 5.76998 5.77012 5.77018 5.76997 5.77 5.77018 5.76996 5.77003 5.77005 5.7702 5.77004 5.77003 5.77004 5.77021 5.76981 5.77008 5.76983 5.77018 5.77011 5.7702 5.77004 5.77011 5.77021 5.77021 5.7702 5.76993 5.77004 5.7702 5.77005 5.7702 5.77011 5.7702 5.77004 5.77021 5.7699 5.77002 5.77017 5.77021 5.77013 5.7697 5.76988 5.77008 5.7702 5.77007 5.7699 5.7702 5.77017 5.7702
5.76984 5.77014 5.7702 5.77012 5.76983 5.76984 5.77018 5.77021 5.77005 5.77003 5.77005 5.77021 5.77005 5.77003 5.77004 5.77021 5.77014 5.77 5.77 5.77005 5.77018 5.77002 5.77002 5.7701 5.77002 5.77002 5.77004 5.77018 5.77012 5.76997 5.77005 5.77012 5.7702 5.76991 5.76989 5.77019 5.77019 5.77021 5.77 5.77021 5.77018 5.77015 5.77005 5.77021 5.7702 5.76988 5.77 5.76993 5.77021 5.77004 5.76999 5.77021 5.7702 5.77004 5.77003 5.7702 5.77021 5.7702 5.76995 5.76966 5.77019 5.77021 5.7699 5.76983 5.77021 5.76984 5.76982
5.77016 5.76989 5.76988 5.77021 5.76979 5.77002 5.77017 5.77021 5.77018 5.77003 5.76992 5.77021 5.76993 5.77002 5.77004 5.77021 5.76993 5.7701 5.76999 5.77019 5.77002 5.77005 5.77016 5.76996 5.77001 5.77019 5.77005 5.77 5.77003 5.77001 5.77002 5.77018 5.77 5.77016 5.77021 5.76999 5.77021 5.77005 5.77021 5.77021 5.7702 5.77002 5.77021 5.77004 5.77021 5.77021 5.7702 5.77002 5.7702 5.76994 5.7702 5.76998 5.77021 5.76984 5.77011 5.7702 5.77021 5.77018 5.76979 5.77016 5.76994 5.76989 5.76994 5.77018 5.76987 5.76991 5.76998
5.7702 5.77014 5.77 5.76994 5.77021 5.76989 5.7702 5.77021 5.7701 5.77003 5.77019 5.76997 5.7702 5.76997 5.7702 5.77019 5.76998 5.77001 5.77018 5.77002 5.77011 5.77004 5.77002 5.77005 5.77002 5.77001 5.77003 5.77015 5.77003 5.77021 5.77001 5.77011 5.7699 5.7702 5.77001 5.7702 5.76995 5.77021 5.77015 5.7702 5.77 5.77021 5.77004 5.77021 5.7702 5.77018 5.77014 5.76996 5.76995 5.77021 5.77014 5.77021 5.77006 5.77021 5.77005 5.77021 5.76994 5.76983 5.77021 5.76999 5.7702 5.7702 5.77019 5.76997 5.77021 5.7702 5.76996
5.77021 5.77021 5.77018 5.77014 5.76992 5.7702 5.77015 5.7702 5.76998 5.77005 5.76981 5.77019 5.77021 5.77016 5.76993 5.77005 5.77018 5.77005 5.7701 5.77002 5.77009 5.77004 5.77004 5.77003 5.77014 5.77002 5.77003 5.77001 5.77004 5.77004 5.77001 5.76998 5.77019 5.77006 5.7702 5.7702 5.7702 5.76999 5.77021 5.77001 5.77021 5.77 5.77021 5.77019 5.77005 5.77004 5.7698 5.77002 5.77021 5.7699 5.77021 5.76998 5.77021 5.76994 5.77021 5.77021 5.76991 5.76999 5.77021 5.76989 5.77015 5.77021 5.77015 5.76986 5.7702 5.77014 5.77021
5.76993 5.7702 5.77021 5.7702 5.76995 5.76989 5.7702 5.77021 5.77005 5.76999 5.77011 5.77018 5.77021 5.77006 5.77002 5.77002 5.77005 5.77005 5.77002 5.76999 5.77001 5.76997 5.7702 5.76997 5.77 5.76998 5.77007 5.77019 5.77019 5.77013 5.77005 5.77003 5.76971 5.7702 5.77005 5.77021 5.77005 5.77021 5.76994 5.77021 5.77008 5.77021 5.77014 5.7702 5.77001 5.76999 5.7699 5.77006 5.77003 5.76995 5.77019 5.77021 5.7702 5.7702 5.76997 5.77021 5.77021 5.77021 5.77019 5.76993 5.77005 5.76999 5.76989 5.76995 5.77021 5.76998 5.76986
5.77021 5.76984 5.77021 5.77021 5.77 5.76998 5.77015 5.77019 5.76977 5.77 5.76989 5.77001 5.77021 5.77019 5.77 5.77014 5.77 5.77019 5.77014 5.7702 5.77021 5.77021 5.77017 5.77021 5.77014 5.77018 5.7702 5.77021 5.77021 5.77018 5.77004 5.77004 5.77004 5.77007 5.77019 5.7702 5.77021 5.77021 5.77021 5.76993 5.77021 5.77008 5.77021 5.77018 5.7699 5.77001 5.77021 5.77001 5.77016 5.77021 5.76987 5.7697 5.77021 5.77013 5.77021 5.76999 5.77002 5.77021 5.76971 5.77014 5.77021 5.77021 5.7702 5.76997 5.7702 5.76995 5.7702
5.77016 5.76992 5.76987 5.77019 5.7702 5.77019 5.77021 5.77005 5.76986 5.77009 5.76999 5.77001 5.77021 5.77021 5.76998 5.77003 5.76999 5.77018 5.77003 5.77021 5.77021 5.77005 5.77019 5.77021 5.77021 5.77021 5.77021 5.77021 5.77021 5.7702 5.77005 5.77019 5.77005 5.77003 5.76999 5.7702 5.77002 5.77021 5.77001 5.77021 5.7702 5.77021 5.77017 5.77001 5.77016 5.77021 5.77003 5.77005 5.77021 5.7702 5.77009 5.77021 5.76996 5.7702 5.77021 5.77011 5.77003 5.77021 5.76989 5.76969 5.76949 5.77018 5.76962 5.76993 5.77021 5.76999 5.77021
5.77021 5.76993 5.76999 5.7702 5.77021 5.77021 5.77012 5.77021 5.76974 5.76977 5.76998 5.77014 5.7702 5.77021 5.77017 5.77002 5.77005 5.77004 5.77004 5.77003 5.77002 5.77021 5.77021 5.77021 5.77021 5.77021 5.77021 5.77021 5.7702 5.7702 5.77021 5.77021 5.77014 5.77001 5.77014 5.76996 5.77021 5.77007 5.77021 5.77005 5.77021 5.77005 5.76988 5.77012 5.77021 5.77005 5.77016 5.7702 5.77021 5.76984 5.76986 5.77021 5.77004 5.77014 5.77021 5.77018 5.77021 5.77019 5.76984 5.76988 5.76999 5.7697 5.77011 5.76984 5.76989 5.77014 5.77019
5.76969 5.76995 5.77014 5.77021 5.77021 5.77021 5.77003 5.77002 5.77021 5.77019 5.77001 5.77005 5.7702 5.77021 5.7702 5.77013 5.77 5.77003 5.7702 5.77021 5.77021 5.77021 5.77021 5.77021 5.77021 5.77021 5.77021 5.7702 5.77009 5.77004 5.77021 5.77021 5.77021 5.77017 5.76998 5.77002 5.76985 5.7702 5.7702 5.77021 5.77019 5.77005 5.77016 5.77001 5.76998 5.77003 5.77021 5.77021 5.7702 5.77014 5.77002 5.77021 5.77005 5.7702 5.77021 5.77019 5.77021 5.77012 5.76997 5.7702 5.77021 5.77021 5.77021 5.77016 5.76976 5.76989 5.76968
5.76998 5.76999 5.77021 5.77021 5.77021 5.77005 5.77021 5.77021 5.77021 5.77021 5.77021 5.77016 5.77021 5.77021 5.77018 5.77004 5.7702 5.77006 5.77021 5.77021 5.77021 5.77021 5.77021 5.77021 5.77021 5.77019 5.77005 5.76994 5.77 5.76992 5.7702 5.77021 5.77021 5.77021 5.7701 5.76996 5.77006 5.76983 5.7702 5.77007 5.77001 5.77015 5.77021 5.76995 5.77002 5.7702 5.77021 5.77017 5.77021 5.76992 5.77005 5.77019 5.77005 5.77021 5.76995 5.76992 5.38608 5.7 5.29655 5.76988 5.77015 5.77019 5.77013 5.7702 5.7702 5.76997 5.77
5.77016 5.77021 5.77021 5.7702 5.76995 5.7702 5.77021 5.77021 5.77021 5.77021 5.77021 5.77021 5.7702 5.77021 5.77019 5.76999 5.77021 5.7702 5.77021 5.77021 5.77021 5.77021 5.7702 5.77018 5.77019 5.77016 5.77003 5.77001 5.77013 5.76995 5.77018 5.77021 5.77021 5.77021 5.77021 5.77017 5.76996 5.76987 5.77021 5.76998 5.77004 5.7702 5.77004 5.77012 5.7702 5.77021 5.77019 5.77021 5.77004 5.77021 5.77003 5.77021 5.77018 5.77021 5.76997 5.77019 5.32326 7.33375 4.77458 5.76996 5.76999 5.76996 5.76982 5.76998 5.77021 5.77015 5.76976
5.77021 5.77021 5.7702 5.76999 5.77005 5.77021 5.77016 5.77021 5.77021 5.77021 5.77021 5.77021 5.77005 5.77016 5.76999 5.77021 5.77021 5.77018 5.77021 5.77021 5.77021 5.77021 5.7701 5.77003 5.77005 5.77021 5.77005 5.76998 5.77004 5.77003 5.77 5.77009 5.7702 5.77021 5.77021 5.77021 5.7702 5.77018 5.76999 5.77018 5.77021 5.76995 5.77 5.7702 5.77021 5.77001 5.77021 5.77005 5.77021 5.76991 5.77007 5.7701 5.77021 5.77018 5.77019 5.77021 5.54903 5.13751 4.882 5.76985 5.7702 5.77016 5.76999 5.76956 5.7702 5.77017 5.77017
5.77021 5.77021 5.76998 5.77001 5.77018 5.77021 5.77017 5.77006 5.77004 5.77007 5.77021 5.77021 5.77002 5.76996 5.77021 5.77001 5.77002 5.77 5.77021 5.77021 5.77021 5.77021 5.77019 5.77001 5.77004 5.77014 5.77021 5.77013 5.77 5.77017 5.77001 5.77003 5.77019 5.77021 5.77021 5.77021 5.7702 5.7697 5.77005 5.7702 5.76987 5.77012 5.76994 5.77021 5.77003 5.77021 5.77005 5.77021 5.77003 5.7702 5.76987 5.77019 5.77004 5.77021 5.7702 5.77021 5.76996 5.77021 5.76987 5.76991 5.77021 5.76992 5.76989 5.77014 5.77021 5.77021 5.77021
5.77021 5.77021 5.77005 5.77021 5.77012 5.77019 5.77021 5.77021 5.77021 5.77002 5.7702 5.77004 5.77006 5.77017 5.77021 5.76979 5.77021 5.77018 5.77 5.77021 5.77021 5.77021 5.77021 5.77018 5.77002 5.76992 5.77019 5.7702 5.76999 5.77005 5.76997 5.77012 5.77021 5.77021 5.77021 5.77021 5.77 5.77002 5.77 5.77 5.76999 5.76989 5.7702 5.7702 5.77021 5.77006 5.7702 5.77013 5.77021 5.77021 5.7702 5.77001 5.7702 5.77021 5.77008 5.77021 5.7702 5.77021 5.76994 5.77009 5.77019 5.76956 5.76997 5.76998 5.7702 5.77008 5.76998
5.77021 5.77021 5.7702 5.77021 5.7702 5.76997 5.76996 5.77001 5.76998 5.77002 5.77021 5.77021 5.77021 5.77021 5.77021 5.77007 5.77021 5.77021 5.77003 5.77021 5.77021 5.77021 5.77021 5.77005 5.77004 5.77003 5.7699 5.77014 5.77018 5.77 5.77018 5.77021 5.77021 5.77021 5.7702 5.77003 5.77017 5.77017 5.77005 5.77015 5.77021 5.7702 5.76984 5.7702 5.76992 5.77021 5.76999 5.77021 5.77019 5.77021 5.77 5.77001 5.77018 5.77021 5.76998 5.77021 5.76997 5.77021 5.77005 5.7702 5.76991 5.77007 5.76964 5.77015 5.77021 5.76991 5.76991
5.77021 5.77013 5.77021 5.77021 5.77018 5.77004 5.77004 5.77021 5.7702 5.77004 5.71453 5.76845 5.75874 5.75914 5.74313 5.77021 5.77006 5.77021 5.77005 5.77003 5.77021 5.77021 5.77021 5.77012 5.77004 5.77003 5.77005 5.77003 5.76998 5.76992 5.7702 5.77021 5.77021 5.7702 5.77011 5.77 5.77004 5.7702 5.7702 5.77021 5.77021 5.77005 5.77003 5.76993 5.7702 5.77005 5.77021 5.77006 5.77021 5.77005 5.77021 5.77021 5.77004 5.77021 5.76995 5.77021 5.76993 5.7702 5.76991 5.77011 5.77 5.76972 5.7702 5.76956 5.77021 5.77015 5.77008
