tests/full-run-ref/erosion_2010_78_22_-42.864.asc
ncols 512
nrows 512
xllcorner -3.24582
yllcorner -4.08743
cellsize 5
NODATA_value -99999
[rows 480 to 511 of 512, columns 213 to 283 of 512]
5.76991 6.15517 8.14374 13.9176 13.9068 8.12742 11.5252 8.12048 13.898 13.9072 13.9021 8.1259 5.76605 5.77 5.76507 5.70791 11.4176 13.7385 7.88881 5.6856 5.7609 5.77 5.77 5.77 5.77 5.77 5.77 5.77 5.74264 7.88215 13.569 19.269 24.0757 29.8172 35.485 41.271 47.0502 53.0173 49.7889 43.9028 38.0645 32.2251 26.3713 20.8352 15.0143 12.8677 11.4228 7.94601 9.56987 8.11109 13.8555 16.2507 11.4987 5.75959 5.77 5.77 5.77 5.77 5.77 5.77 5.77 5.77 5.77 5.77 5.77 5.77 5.77 5.77 5.77 5.77 5.77
5.76406 5.75792 11.5183 16.3065 16.2951 16.0654 16.2858 18.0734 16.2907 17.2785 11.4975 5.74964 5.76595 5.77 5.77 5.7459 8.0445 11.441 5.69519 5.75933 5.77 5.77 5.77 5.77 5.77 5.77 5.77 5.77 5.74518 8.01549 13.6835 15.9019 21.6347 27.4266 33.1204 38.9097 44.6865 50.6033 52.252 46.3677 40.5429 34.7135 29.202 23.4158 21.1523 17.6425 16.12 13.7746 15.3506 13.8902 16.2901 17.2723 11.4934 5.75904 5.77 5.77 5.77 5.77 5.77 5.77 5.77 5.77 5.77 5.77 5.77 5.77 5.77 5.77 5.77 5.77 5.77
11.5317 8.12532 13.8981 19.6744 22.4674 21.8437 23.8443 23.8486 22.0656 17.2701 11.4851 5.74494 5.76519 5.77 5.77 5.76093 5.73846 8.12194 8.12097 5.75397 5.77 5.77 5.77 5.77 5.77 5.77 5.77 5.77 5.76464 5.69022 7.82678 13.437 19.2362 25.0291 30.8203 36.6046 42.4041 48.2017 54.093 48.8355 42.9938 37.4945 31.7276 29.4081 25.853 23.5175 21.9467 19.5769 21.1311 20.4671 22.0636 17.2814 11.5048 5.75842 5.76943 5.77 5.77 5.77 5.77 5.77 5.77 5.77 5.77 5.77 5.77 5.77 5.77 5.77 5.77 5.77 5.77
16.2983 16.0769 16.2904 22.065 27.84 24.4436 22.0505 19.6598 17.2825 19.659 13.8832 8.10518 5.76425 5.77 5.77 5.77 5.76375 5.73696 11.5094 5.74188 5.77 5.77 5.77 5.77 5.77 5.77 5.77 5.77 5.77 5.76024 5.606 11.1048 16.9073 22.7061 28.5009 34.3021 40.0932 45.8863 48.7708 51.2813 45.755 39.9949 37.6368 34.0591 31.7005 29.3346 27.7416 25.366 26.9119 24.4354 22.0443 16.2975 13.9075 8.14543 5.76928 5.77 5.77 5.77 5.77 5.77 5.77 5.77 5.77 5.77 5.76999 5.76997 5.76994 5.76993 5.76997 5.76999 5.76999
16.3086 21.8502 22.4694 24.4594 24.452 22.0475 16.2694 13.8817 11.5143 13.913 11.4733 5.7304 5.7647 5.77 5.77 5.77 5.77 5.74616 11.5121 5.74133 5.77 5.77 5.77 5.77 5.77 5.77 5.77 5.77 5.76954 5.76526 5.65874 11.2494 17.0461 22.8501 28.6528 34.4345 38.2022 40.5667 46.3647 52.1747 48.2534 45.8479 42.2541 39.8808 37.5057 35.1292 33.5295 30.0641 24.2976 21.9108 16.2588 13.8742 8.13196 5.76438 5.76958 5.77 5.76999 5.76998 6.15999 6.0897 5.77 5.77 5.76998 5.76993 6.15977 6.15971 8.02682 8.15987 6.15992 6.16002 6.16002
13.9079 16.2969 22.0714 24.4589 22.0584 16.2814 13.8951 11.5224 11.5343 11.5299 13.8846 8.07899 5.75569 5.77 5.77 5.77 5.76416 5.75655 8.13197 5.75268 5.77 5.77 5.77 5.77 5.77 5.77 5.77 5.77 5.76932 6.13688 8.04387 13.797 19.5227 25.305 27.6783 30.0377 32.4131 38.1877 43.9785 49.7647 54.0608 50.4441 48.0607 45.6825 43.2982 39.1577 33.3753 27.588 21.8542 16.0775 13.7175 8.08131 5.75547 5.76931 5.77 5.77 5.76999 8.02848 5.76998 5.77 5.77 5.77 5.76999 7.10116 11.5398 9.37512 11.5398 8.15985 5.76995 5.76999 5.76999
8.13213 13.904 19.6798 22.0673 16.2908 13.9028 11.5243 11.5371 11.54 11.5361 11.5328 11.4943 5.73875 5.76603 5.77 5.76484 5.75426 8.13885 5.75627 5.76322 5.77 5.77 5.77 5.77 5.77 5.77 5.77 5.77 5.76961 5.74383 11.4936 16.2627 17.2128 19.518 21.8501 24.225 30.0317 35.8055 41.5894 47.3476 57.9462 56.2407 51.9277 46.145 40.3658 36.7318 30.9474 25.1561 19.3607 13.6162 7.85758 5.71564 5.76793 5.77 5.77 5.77 5.76997 5.76996 5.76998 5.77 5.77 5.77 5.76997 5.76989 5.76985 5.76987 5.76987 5.76991 5.76997 5.77 5.77
5.75927 11.5179 17.2948 16.3048 13.91 11.5267 11.5377 11.54 11.54 11.54 11.5399 11.5146 8.10978 5.76041 5.77 5.76601 8.14324 11.5218 5.75026 5.77 5.77 5.77 5.77 5.77 5.77 5.77 5.77 5.77 5.76866 5.75539 11.518 13.862 11.3974 13.6856 16.0308 21.8472 27.6541 33.4175 39.1856 44.936 55.5442 54.175 48.4396 43.7088 37.9173 32.1291 28.5133 22.7306 16.9285 11.1236 5.62292 5.76245 5.77 5.77 5.77 5.77 5.77 5.77 5.77 5.77 5.77 5.77 5.77 5.77 5.77 5.77 5.77 5.77 5.77 5.77 5.77
5.7651 11.5291 16.3153 13.9198 11.5279 11.5383 11.54 11.54 11.54 11.54 11.54 11.5356 11.1382 5.75818 5.76814 5.76687 5.83572 8.14243 5.75621 5.77 5.77 5.77 5.77 5.77 5.77 5.77 5.77 5.77 5.76816 8.14421 13.8986 8.0963 5.65385 7.87102 13.6611 19.4753 25.2701 31.0015 36.7738 42.5122 57.4139 51.6179 45.9409 40.2085 35.4765 29.6745 23.8825 21.5703 16.9838 11.1693 5.66872 5.77 5.77 5.77 5.77 5.77 5.77 5.77 5.77 5.77 5.77 5.77 5.77 5.77 5.77 5.77 5.77 5.77 5.77 5.77 5.77
5.7667 11.5307 13.9277 11.5332 11.5389 11.54 11.54 11.54 11.54 11.54 11.54 11.5399 11.5384 8.15327 8.24155 6.15154 8.24126 5.76427 5.76723 5.77 5.77 5.77 5.77 5.77 5.77 5.77 5.77 5.77 5.76857 5.76323 8.14317 5.75431 5.7573 5.64389 11.2991 17.0974 22.8835 28.5905 34.3697 40.1013 55.0114 49.2026 43.3864 37.7092 31.9648 27.2312 21.4142 15.5937 13.3371 11.3256 5.71434 5.77 5.77 5.77 5.77 5.77 5.77 5.77 5.77 5.77 5.77 5.77 5.77 5.77 5.77 5.77 5.77 5.76999 5.76999 5.76999 5.77
5.76715 11.537 11.5394 11.5396 11.54 11.54 11.54 11.54 11.54 11.5399 11.5399 11.5399 11.5399 11.5391 11.5089 11.5373 8.15611 5.76902 5.77 5.77 5.77 5.77 5.77 5.77 5.77 5.77 5.77 5.77 5.77 5.76789 5.76717 5.76827 5.77 5.70606 11.3671 17.0641 22.8416 28.5364 34.3121 40.0563 50.6404 46.8131 40.9798 35.1567 29.4679 23.7086 18.9704 13.1288 7.3699 5.56815 5.75783 5.77 5.77 5.77 5.77 5.77 5.77 5.77 5.77 5.77 5.77 5.77 5.77 5.77 5.77 5.77 5.77 6.15998 6.15992 6.15993 5.76997
8.15622 11.5396 11.54 11.54 11.54 11.54 11.54 11.5372 11.5322 11.5083 11.4569 11.3914 11.391 11.5091 11.5391 11.5379 5.76793 5.76977 5.77 5.77 5.77 5.77 5.77 5.77 5.77 5.77 5.77 5.77 5.77 5.77 5.77 5.77 5.77 5.72326 11.4105 16.0905 21.8384 27.5356 33.2948 39.0558 44.8721 44.4382 38.5796 32.7474 26.9094 21.2021 15.4201 10.7165 5.43332 5.75119 5.77 5.76942 5.76914 5.7695 5.76994 5.77 5.77 5.77 5.77 5.77 5.76999 5.76999 5.76999 5.76997 5.76997 5.76998 5.76998 5.76994 7.06836 8.15992 5.76998
11.5383 11.5392 11.5398 11.54 11.54 11.54 11.5383 11.4572 8.13209 5.75295 5.75804 5.76263 5.76727 5.76861 8.15769 11.5355 5.76922 5.77 5.77 5.77 5.77 5.77 5.77 5.77 5.77 5.77 5.77 5.77 5.77 5.77 5.77 5.77 5.77 5.74603 7.99554 13.6393 19.3914 25.1043 30.8854 36.6573 42.4877 42.0525 36.165 30.3109 24.4478 18.5715 12.8301 7.18384 5.64994 5.77 5.77 5.76946 8.15991 8.15985 5.76997 5.77 5.76999 5.76999 6.16 5.77 6.67996 6.91302 5.76999 7.13605 8.15989 6.15981 7.70737 7.16849 11.5399 5.76992 5.76999
11.9293 13.6786 11.5386 11.5392 11.54 11.5391 11.4547 8.14133 5.76188 5.76882 5.77 5.77 5.77 5.7699 5.76943 8.15957 5.76954 5.76976 5.7699 5.76991 5.76994 5.76993 5.77 5.77 5.77 5.77 5.77 5.77 5.77 5.77 5.77 5.77 5.77 5.76523 5.6642 11.1844 16.9713 22.7052 28.4887 34.2743 40.089 39.6775 33.7465 27.8688 21.9785 16.0766 10.1628 5.22298 5.69347 5.76702 5.77 5.76956 5.76962 8.16 5.76997 5.76997 5.76997 8.15997 5.76998 5.77 5.76999 5.76999 5.76998 8.93137 11.5399 10.4731 9.09023 7.03142 11.5398 8.15987 6.15998
11.5394 13.4473 13.9291 11.5389 11.54 11.5372 8.14704 5.76421 5.76914 5.77 5.77 5.77 5.77 5.77 5.76988 5.76947 8.15876 6.15745 6.1577 6.15807 6.15874 5.76969 5.76987 5.77 5.77 5.77 5.77 5.77 5.77 5.77 5.77 5.77 5.76596 5.75052 5.68279 11.2379 17.032 22.8271 28.6006 32.2327 38.0551 42.113 36.2277 30.3713 24.5187 18.6575 13.0163 7.36909 8.10145 5.75335 5.77 5.77 5.7697 5.76989 8.15997 9.26939 8.09825 8.15998 5.76998 5.77 5.77 5.77 5.76998 5.76995 5.76992 5.76992 5.76994 5.76995 5.76994 5.76995 5.76999
11.5393 11.5387 11.5389 11.54 11.5394 11.5334 5.76427 5.76921 5.77 5.77 5.77 5.77 5.77 5.76991 5.76926 8.1574 12.3176 11.9272 11.9273 11.9277 11.9289 8.15935 5.76979 5.77 5.77 5.77 5.77 5.77 5.77 5.77 5.77 5.77 5.76433 11.5287 8.08662 13.8167 19.4894 21.792 24.1283 29.8897 35.6999 41.5174 38.6914 32.8566 27.0422 21.435 15.7209 13.4392 7.95089 5.75067 5.77 5.77 5.77 5.76992 5.76998 5.76997 5.76997 5.76998 5.76999 5.77 5.77 5.77 5.77 5.77 5.77 5.77 5.77 5.77 5.77 5.77 5.77
11.54 11.54 11.54 11.5391 13.792 11.5358 5.76647 5.77 5.77 5.77 5.77 5.77 5.77 5.76962 8.15755 13.9275 16.3177 17.2552 15.4713 16.7904 16.3194 11.5395 5.76976 5.77 5.77 5.77 5.77 5.77 5.77 5.77 5.77 5.77 5.76557 8.14923 13.8813 11.448 13.7056 15.9372 21.7504 27.5434 33.3375 39.1378 40.0754 34.2439 28.4404 22.635 16.841 11.0123 5.60117 5.7634 5.77001 5.77 5.77 5.77001 5.77001 5.77001 5.77 5.77 5.77 5.77 5.77 5.77 5.77 5.77 5.77 5.77 5.77 5.77 5.77 5.77 5.77
11.54 11.54 11.54 11.5388 13.7716 11.5375 5.76782 5.77 5.77 5.77 5.77 5.77 5.77 5.76924 11.5375 16.3178 22.088 23.0255 21.2418 22.5606 17.3094 11.5393 5.76976 5.77 5.77 5.76991 5.76978 5.7664 5.77 5.77 5.77 5.77 5.76889 5.76134 8.12761 5.66671 7.89258 13.6125 19.4325 25.2112 30.9945 36.7817 40.1054 34.2696 28.4655 22.6602 16.8524 11.0407 5.62973 5.77 5.77 5.77 5.77 5.77 5.77 5.77 5.77 5.77 5.77 5.77 5.77 5.77 5.77 5.77 5.77 5.77 5.77 5.77 5.77 5.77 5.77
11.54 11.54 11.5398 11.3504 8.1542 5.76804 5.76932 5.77 5.77 5.77 5.77 5.77 5.77 5.76909 11.5372 17.3076 23.0779 28.7958 27.012 23.0794 17.3093 11.5392 5.76961 5.76993 5.76989 5.76969 8.15939 5.76921 5.76933 5.76981 5.77 5.77 5.77 5.76854 5.76778 5.75827 5.66013 11.3077 17.1095 22.8699 28.6501 34.4311 40.151 34.3192 28.517 22.7134 16.9074 11.1024 5.64971 5.77 5.77 5.77 5.77 5.77 5.77 5.77 5.77 5.77 5.77 5.77 5.77 5.77 5.77 5.77 5.77 5.77 5.77 5.77 5.77 5.77 5.77
11.5397 11.5231 11.4939 8.15835 5.76878 5.76976 5.77 5.77 5.77 5.77 5.77 5.77 5.77 5.7691 11.5375 17.3078 23.0782 28.8485 31.2396 25.4694 19.6994 13.9294 8.15933 6.1594 8.15941 8.15907 13.9288 8.15836 6.15866 5.76881 5.77 5.77 5.77 5.77 5.77 5.77 5.72773 11.4137 17.1956 22.9533 28.7301 34.5069 40.2117 34.3936 28.5968 22.7978 16.996 11.1938 5.66854 5.77 5.77 5.77 5.77 5.77 5.77 5.77 5.77 5.77 5.77 5.77 5.77 5.77 5.77 5.77 5.77 5.77 5.77 5.77 5.77 5.77 5.77
8.15731 5.769 5.76935 5.76957 5.76986 5.76979 5.76945 5.76923 5.76959 5.76994 5.77 5.77 5.76973 5.76861 11.5375 17.3081 23.0784 28.8485 33.6296 27.8595 22.0895 16.3195 13.9295 11.9295 13.9295 13.9292 16.3188 13.9286 11.5382 5.76868 5.76919 5.77 5.77 5.77 5.77 5.77 5.74571 11.4615 17.238 22.9979 28.7725 34.5459 40.2555 34.4515 28.661 22.8679 17.0719 11.2742 5.68905 5.77 5.77 5.77 5.77 5.77 5.77 5.77 5.77 5.77 5.77 5.77 5.77 5.77 5.77 5.77 5.77 5.77 5.77 5.77 5.77 5.77 5.77
5.76836 5.76989 5.77 5.77 5.76978 5.76857 8.15723 8.15697 6.15593 5.76799 5.76921 5.77 5.76893 8.15561 13.9268 19.6975 25.4678 31.2378 36.0196 30.2497 24.4796 22.0896 19.6996 17.6996 19.6996 19.6994 22.089 19.6987 13.9286 8.15854 5.76787 5.77 5.77 5.77 5.77 5.77 5.75336 11.482 17.2562 23.0178 28.7907 34.5634 40.2885 34.4937 28.7087 22.9212 17.1309 11.3386 5.70737 5.77 5.77 5.77 5.77 5.77 5.77 5.77 5.77 5.77 5.77 5.77 5.77 5.77 5.77 5.77 5.77 5.77 5.77 5.77 5.77 5.77 5.77
5.76865 5.76993 5.77 5.77 5.76963 8.15597 11.4879 11.1396 7.3093 11.5324 5.76761 5.76661 5.7638 11.5308 16.3163 22.0873 27.8577 33.6278 38.4071 32.6397 30.2497 27.8597 25.4697 23.4697 22.0897 19.6995 17.3094 17.3094 16.319 11.538 5.76767 5.77 5.77 5.76973 5.76918 5.76578 5.75501 11.4891 17.2623 23.0243 28.7965 34.5693 40.3013 34.5121 28.7306 22.9473 17.1616 11.3738 5.72056 5.77 5.77 5.77 5.77 5.77 5.77 5.77 5.77 5.77 5.77 5.77 5.77 5.77 5.77 5.77 5.77 5.77 5.77 5.77 5.77 5.77 5.77
8.15881 5.76989 5.77 5.77 5.76978 5.76786 10.5852 7.30246 5.7673 8.15696 8.15503 11.5349 8.14164 13.9137 19.6875 24.477 30.2477 36.0178 32.637 30.247 27.857 24.4798 22.0898 19.6998 16.3197 13.9295 11.5392 11.5392 13.9294 11.5391 5.76905 5.77 5.77 5.76952 8.15814 11.5372 8.13489 13.8966 19.6593 25.4254 31.1912 36.9633 40.3209 34.5367 28.7573 22.9766 17.194 11.4095 5.72264 5.76828 5.77 5.77 5.77 5.77 5.77 5.77 5.77 5.77 5.77 5.77 5.77 5.77 5.77 5.77 5.77 5.77 5.77 5.77 5.77 5.77 5.77
5.76693 5.76986 5.77 5.77 5.77 5.76933 7.66161 5.76954 5.76861 5.76627 11.5326 16.3075 16.0817 16.3036 22.0763 27.8485 32.6376 36.0149 30.2463 24.4766 22.0868 19.6969 16.3197 13.9297 11.5397 8.15955 5.76971 5.76962 8.15931 11.5395 5.76944 5.77 5.77 5.76931 11.5381 16.3092 18.0859 16.2982 22.0637 27.8256 33.5912 39.3574 42.7115 36.9339 31.1584 25.3822 19.6049 13.8546 8.0921 5.7621 5.77 5.77 5.77 5.77 5.77 5.77 5.77 5.77 5.77 5.77 5.77 5.77 5.77 5.77 5.77 5.77 5.77 5.77 5.77 5.77 5.77
5.76943 5.77 5.77 5.77 5.77 5.76991 5.7696 7.66113 10.5859 8.15249 13.9224 19.6936 21.8537 24.2418 24.4667 30.2381 36.0097 33.6246 27.854 22.0852 16.315 13.9259 11.5385 8.15959 5.76985 5.76994 5.76999 5.76998 5.76985 8.15987 5.76977 5.77 5.77 5.76919 11.5374 17.3078 23.078 26.2462 24.4629 30.2273 35.9892 41.7549 45.103 39.3293 33.5567 27.7838 22.0382 16.2703 11.5066 5.75777 5.77 5.77 5.77 5.77 5.77 5.77 5.77 5.77 5.77 5.77 5.77 5.77 5.77 5.77 5.77 5.77 5.77 5.77 5.77 5.77 5.77
5.77 5.77 5.77 5.77 5.77 5.76994 5.76924 10.0507 15.8211 13.9245 16.3134 22.0839 27.6246 30.0133 30.4036 32.6287 35.6118 31.2336 25.4627 19.6908 13.9217 8.15249 5.76794 5.76991 5.76998 5.77 5.77 5.77 5.76999 5.76998 5.76995 5.77 5.77 5.76917 11.5373 17.3073 23.0775 28.8479 32.6177 32.6249 38.3892 44.1511 46.1468 40.3745 34.6029 28.8312 23.0592 17.2872 11.5143 5.76036 5.76967 5.77 5.77 5.77 5.77 5.77 5.77 5.77 5.77 5.77 5.77 5.77 5.77 5.77 5.77 5.77 5.77 5.77 5.77 5.77 5.77
5.77 5.77 5.77 5.77 5.76994 5.76966 8.15834 13.9285 18.2112 19.9814 22.085 24.4747 30.2448 35.7838 36.1747 38.3993 33.2206 27.4495 23.07 17.2986 11.5276 5.76439 5.76957 5.77 5.77 5.77 5.77 5.77 5.77 5.77 5.77 5.77 5.76996 5.7691 11.5376 17.3073 23.0776 28.8477 34.6175 40.3875 40.786 46.5504 48.5371 42.7658 36.995 31.2241 25.4531 19.6818 13.9159 8.14707 5.76847 5.77 5.77 5.77 5.77 5.77 5.77 5.77 5.77 5.77 5.77 5.77 5.77 5.77 5.77 5.77 5.77 5.77 5.77 5.77 5.77
5.77 5.77 5.77 5.76997 5.76988 8.15951 13.9288 16.3188 22.0888 25.7517 27.8557 30.2456 32.6355 38.4054 41.7888 36.6009 30.8296 25.4505 25.4538 19.6912 13.9223 8.1532 5.76865 5.76999 5.77 5.77 5.77 5.77 5.77 5.77 5.77 5.76999 5.76977 8.15879 13.9287 19.6983 25.4679 31.238 37.0078 42.7777 48.5477 48.9467 50.9273 45.1568 39.3865 33.6161 27.8456 22.0806 16.3109 11.5341 5.76728 5.77 5.77 5.77 5.77 5.77 5.77 5.77 5.77 5.77 5.77 5.77 5.77 5.77 5.77 5.77 5.77 5.77 5.77 5.77 5.77
5.76997 5.76997 5.76997 5.76998 8.15991 13.9297 16.3197 22.089 24.479 30.249 33.6259 36.0159 38.4059 40.7959 44.1796 38.9915 33.2238 27.4539 25.4563 22.086 16.3159 13.9273 8.16001 5.77 5.77 5.77 5.77 5.77 5.77 5.77 5.77 5.76999 8.15998 13.9294 16.3192 22.0892 27.8587 33.6282 39.3982 45.1681 50.9379 59.0876 53.3175 47.5474 41.7772 36.0071 30.2424 24.4731 19.6963 13.9274 8.15798 5.76999 5.77 5.77 5.77 5.77 5.77 5.77 5.77 5.77 5.77 5.77 5.77 5.77 5.77 5.77 5.77 5.77 5.77 5.77 5.77
11.54 8.16001 11.54 8.15998 13.9299 16.3199 22.0897 24.4797 30.2491 32.6391 38.4091 41.786 44.176 46.566 42.3763 36.6063 30.8363 25.4563 25.4563 23.08 17.31 11.54 5.77 5.77 5.77 5.77 5.77 5.77 5.77 5.77 8.16 8.16 13.93 16.32 22.0895 24.4795 30.2494 36.0189 41.7884 47.5584 53.3282 61.4777 55.7077 49.9377 44.1677 38.4032 32.634 27.8573 22.0886 16.3191 11.54 5.77 5.77 5.77 5.77 5.77 5.77 5.77 5.77 5.77 5.77 5.77 5.77 5.77 5.77 5.77 5.77 5.77 5.77 5.77 5.77
16.32 18.09 16.32 16.09 16.32 22.09 24.48 30.2497 32.6397 38.4091 40.7991 46.5691 49.946 50.5363 44.7663 38.9963 33.2263 27.4563 25.4563 25.4563 19.7 13.93 8.16001 6.16001 6.16001 6.16001 6.16001 6.16001 8.16001 8.16001 13.93 13.93 16.32 22.09 24.48 30.2495 32.6395 38.4094 44.1789 49.9484 55.7184 63.8677 58.0977 52.3277 46.5632 40.7941 36.0173 30.2487 24.4791 19.7 13.93 8.16001 5.77 5.77 5.77 5.77 5.77 5.77 5.77 5.77 5.77 5.77 5.77 5.77 5.77 5.77 5.77 5.77 5.77 5.77 5.77
