tests/full-run-ref/erosion_2010_78_24_-72.835.asc
ncols 512
nrows 512
xllcorner -3.24582
yllcorner -4.08743
cellsize 5
NODATA_value -99999
[rows 0 to 28 of 512, columns 268 to 334 of 512]
16.32 13.93 11.54 11.54 11.54 11.54 11.54 11.54 11.54 11.54 11.54 11.54 11.54 11.54 11.54 11.54 11.54 11.54 11.54 11.54 11.54 13.93 16.32 17.31 16.32 13.93 11.54 13.93 16.32 22.09 27.86 33.63 30.25 24.48 22.09 19.7 17.31 19.7 22.09 23.08 23.08 19.7 17.31 19.7 22.09 23.08 25.47 27.8553 30.2453 33.63 39.4 45.17 49.9487 52.3387 54.7287 57.1187 62.8867 68.6563 74.4263 97.0945 105.248 114.41 108.64 102.87 97.1 91.33 85.56
11.54 11.54 11.54 11.54 11.54 11.54 11.54 11.54 11.54 11.54 11.54 11.54 11.54 11.54 11.54 11.54 11.54 11.54 11.54 11.54 11.54 11.54 11.54 11.54 13.4801 8.16002 5.77 8.16002 13.93 19.7 25.47 31.24 27.86 22.09 17.31 17.31 17.31 17.31 17.31 17.31 17.31 17.31 17.31 17.31 17.31 17.31 19.7 22.0853 25.47 31.24 37.01 41.7887 44.1787 46.5687 48.9587 54.7267 60.4963 66.2663 72.0363 91.3245 99.4781 112.02 106.25 100.48 94.71 88.94 83.17
11.54 11.54 11.54 11.54 11.54 11.54 11.54 11.54 11.54 11.54 11.54 11.54 11.54 11.54 11.54 11.54 11.54 11.54 11.54 11.54 11.54 11.54 8.16002 5.77 7.71015 5.77 5.77001 5.77001 11.54 17.31 23.08 28.85 25.47 19.7 17.31 17.31 17.31 17.31 17.31 17.31 17.31 17.31 17.31 17.31 17.31 17.31 17.31 17.31 23.08 28.85 33.6287 36.0187 38.4087 40.7987 46.5667 52.3363 58.1063 63.8763 69.6463 85.5545 93.7081 109.63 103.86 98.09 92.32 86.55 80.78
11.54 11.54 11.54 11.54 11.54 11.54 11.54 11.54 11.54 11.54 11.54 11.54 11.54 11.54 11.54 11.54 11.54 11.54 11.54 11.54 11.54 8.16001 5.77 5.77 5.77 8.16001 11.54 8.15994 13.9299 19.6999 25.4699 28.8497 23.0798 17.3099 17.31 17.31 17.31 17.31 17.31 17.31 17.31 17.31 17.31 17.31 17.31 17.31 17.31 17.3099 23.0795 25.4687 27.8587 30.2487 32.6385 38.4065 44.1761 49.946 55.716 61.486 67.2551 79.7842 87.9374 108.592 102.822 97.0515 91.2814 85.5112 79.741
11.54 11.54 11.54 11.54 11.54 11.54 11.54 11.54 11.54 11.54 11.54 11.54 11.54 11.54 11.5399 11.54 11.54 11.54 9.92097 7.53096 5.77 5.77 5.77 5.77001 5.77 5.76999 8.15996 13.9299 16.3199 22.0899 27.8599 31.2398 25.4699 19.6999 17.31 17.31 17.31 17.31 17.31 17.31 17.31 17.31 17.31 17.31 17.31 17.31 17.31 17.3099 17.3095 19.6986 22.0884 24.4782 30.2462 36.0158 41.7858 47.5557 53.3257 59.0949 64.8642 74.0136 82.1662 106.201 100.431 94.6608 88.8903 83.1197 77.3491
11.54 11.54 11.54 11.54 11.54 11.54 11.54 11.54 11.54 11.54 11.54 11.5397 11.5398 8.15958 5.76988 5.76999 8.15998 8.15999 5.77 5.77 5.77 5.77001 5.77001 5.77001 5.77001 5.77 5.76995 11.5398 17.3099 23.0799 28.8499 33.4306 27.8599 22.0899 17.3099 17.31 17.31 17.31 17.31 17.31 17.31 17.31 17.31 17.31 17.31 17.31 16.3199 13.9295 11.5393 13.9281 16.3177 22.0857 27.8553 33.6253 39.3953 45.1653 50.9344 56.7039 62.4732 68.2428 76.3946 103.81 98.0406 92.2699 86.499 80.728 74.9568
11.54 11.54 11.54 11.54 11.54 11.54 11.54 11.54 11.54 11.54 11.539 11.5393 8.15789 5.76957 5.76999 5.77 5.77 5.77 5.77 5.77001 5.77001 5.77 5.77 5.77 5.77 5.76997 5.76992 11.5398 17.3098 23.0798 28.8498 27.6606 25.4697 19.6998 17.3098 17.31 17.31 17.31 17.31 17.31 17.31 17.31 17.31 17.31 16.3199 13.9298 11.5399 8.1598 5.76835 8.15516 13.9242 19.6944 25.4646 31.2346 37.0047 42.7746 48.5434 54.3129 60.0827 65.8523 74.0038 99.898 97.5088 92.2559 86.4849 80.7136 74.9422
11.54 11.54 11.54 11.54 11.54 11.54 11.54 11.54 11.54 11.538 11.5385 8.1535 5.76855 5.76993 5.77001 5.77001 5.77001 5.77 5.77 5.77 5.77001 5.77 6.16001 8.16 8.15996 11.5399 8.15972 13.9297 19.6998 25.4698 23.2365 21.8906 23.0797 17.3097 17.31 17.31 17.31 17.31 17.31 17.31 17.31 17.31 16.3198 13.9298 11.5398 8.15981 5.76994 5.76998 5.76977 5.75977 11.5275 17.3018 23.0734 28.8438 34.614 40.384 46.1524 51.9224 57.6922 65.845 76.3938 94.1286 91.7382 89.3477 86.4644 80.6932 74.9213
11.54 11.54 11.54 11.54 11.54 11.54 11.54 11.54 11.5371 11.5374 8.14759 5.76696 5.76975 5.77001 5.77001 5.77001 5.77 5.77 8.16002 5.77 5.77001 5.77001 5.77 8.15999 13.93 16.3198 14.09 16.3198 22.0898 19.8565 17.4664 16.3194 18.5106 19.6999 17.3098 17.31 17.31 17.31 17.31 17.31 17.31 17.31 13.9298 8.15975 5.76992 5.76998 5.77 5.77001 5.77001 5.74137 11.4993 17.2843 23.0616 28.8345 34.6055 40.3759 46.1461 51.9162 57.6858 65.8151 90.7478 88.3592 85.9676 83.5767 81.1862 78.7958 74.8946
11.5388 11.54 11.54 11.54 11.54 11.54 11.54 11.536 11.5355 8.14156 5.76525 5.7695 5.77001 5.77001 5.77001 5.77 5.77 8.16001 5.77 5.77 5.77001 5.77001 5.77 5.76999 11.5399 13.9299 16.3199 22.0897 23.2365 17.4665 16.3194 17.3099 17.3096 21.829 17.3098 17.31 17.31 17.31 17.31 17.31 17.31 17.3099 11.5398 5.76992 5.77 5.77001 5.77001 5.77001 5.77001 5.67967 11.4064 17.222 23.0168 28.7991 34.5743 40.3462 46.1171 51.8877 57.6568 68.2055 84.9784 82.5879 80.1971 77.8062 75.4151 73.0246 70.6345
11.54 11.54 11.54 11.54 11.54 11.54 11.5349 11.5328 8.13324 5.7632 5.76928 5.77001 5.77001 5.77001 5.77001 5.77 8.15997 11.54 5.76998 5.77 5.77001 5.77001 5.77001 5.77 5.76996 8.15982 13.9296 16.3197 22.0891 16.3189 17.3099 17.3099 17.3098 17.3098 17.3099 17.31 17.31 17.31 17.31 17.31 17.31 17.3098 11.5398 5.76994 5.77001 5.77001 5.77001 5.75375 5.61331 5.40769 11.1177 17.0217 22.8621 28.6702 34.4595 40.2379 46.011 51.7826 57.5518 81.5984 79.2093 76.8172 74.4263 72.0354 69.6443 67.2528 64.8619
11.54 11.54 11.5324 11.5192 11.4984 11.5155 11.5286 8.12519 5.76163 5.76898 5.77001 5.77001 5.77001 5.77001 5.77001 5.76998 11.54 13.9299 8.15993 5.76998 5.77 5.77001 5.77001 5.77001 5.77 5.7699 8.15939 13.9286 16.3186 17.31 17.3099 17.31 17.31 17.31 17.31 17.31 17.31 17.31 17.31 17.31 17.31 17.3098 11.5397 5.76991 5.77 5.77001 5.76245 5.6719 11.3432 7.40969 13.2164 19.1861 25.0821 30.9211 36.7288 42.5168 48.2936 54.0658 59.8349 76.9876 73.4372 71.0462 68.6543 66.2629 63.871 61.4788 59.0853
11.54 11.5335 11.5218 8.08547 5.74017 5.75455 5.75978 5.76439 5.76878 5.77001 5.77001 5.77001 5.77001 5.77001 5.76999 5.76988 11.5398 16.32 11.9839 8.15991 5.76997 5.76999 5.77 5.77 5.77001 5.76999 5.76967 8.15832 13.9287 17.3099 17.31 17.31 17.3097 17.3097 17.31 17.3099 17.3042 17.3016 17.2999 17.3008 17.3035 17.3062 13.9298 8.15979 5.76998 5.77001 5.72594 7.89836 13.7221 13.33 15.4122 21.357 27.297 33.18 39.0159 44.8203 50.6043 56.3791 62.149 71.2163 68.8224 65.2684 62.8776 60.4837 58.0899 55.6952 53.2996
11.5315 11.4785 7.71455 5.67517 5.76732 5.77001 5.77001 5.77001 5.77001 5.77001 5.77 5.77001 5.77001 5.76999 5.7699 8.15951 13.9296 17.31 16.3199 13.9299 8.15988 8.15997 6.15999 5.77 5.77001 5.77001 5.76996 5.76951 11.5393 17.3096 16.3196 13.9295 11.5396 11.5396 13.9297 13.9242 11.5339 11.5313 11.5296 11.5307 11.5334 11.5362 13.9257 11.5395 5.76948 5.77001 5.49491 11.2135 15.1684 19.2725 21.4436 23.6634 29.566 35.4838 41.3583 47.1894 52.9864 58.7655 64.542 65.4434 63.0397 60.6391 57.0756 54.6871 52.288 49.889 47.4873
12.3025 10.8782 5.37063 5.71491 5.76051 5.76705 5.76776 5.76848 5.76935 5.76989 5.77001 5.77001 5.77 5.76991 8.15958 13.9296 16.3196 17.31 17.31 16.3199 13.9299 11.5399 5.76997 5.77 5.77001 5.77001 5.77001 5.76989 11.5397 17.3098 13.9292 8.15939 5.76982 5.76986 8.15962 8.15935 5.76304 5.75984 5.75776 5.75896 5.76229 5.7657 8.15455 11.5361 5.76913 5.76989 5.54779 6.16276 10.8166 16.3389 22.3011 28.1672 31.8323 37.7317 43.6473 49.5152 55.3328 61.1202 65.2761 62.8656 57.2357 54.8192 52.3993 48.8108 46.4345 44.0248 41.6158
11.291 13.6008 7.53054 8.01505 5.99082 6.04915 6.08184 6.11505 6.14139 5.76689 5.76988 5.77001 5.76996 8.15963 13.3764 16.3196 22.0897 17.3099 17.31 17.31 13.9298 8.15973 5.76997 5.77001 5.77001 5.77001 5.77001 5.76995 11.5398 14.1152 11.539 5.76936 5.76958 5.76915 5.76621 5.76407 5.76652 5.77001 5.77001 5.77001 5.77001 5.76883 5.76879 5.76827 8.159 5.49421 5.38681 3.41224 6.528 12.8977 19.0509 25.0978 31.1125 37.0555 43.0682 49.0512 54.9546 60.7884 62.8693 57.0245 54.5977 48.9284 46.4695 44.0061 40.3593 38.0233 35.5936
11.3182 15.9934 13.5804 13.7755 11.75 11.7948 11.8569 11.8935 11.4992 8.15723 5.76985 5.76998 5.76987 11.5396 16.3197 21.5365 22.0899 17.3097 17.31 17.3096 11.5395 5.76971 5.76996 5.77 5.77001 5.77001 5.77001 5.76998 5.95525 8.34514 11.5386 8.15949 5.76904 5.77001 5.77001 5.77001 5.77001 5.77001 5.77001 5.77001 5.77001 5.77001 5.67998 5.36066 5.37746 5.71512 6.53245 1.0386 2.66532 10.0436 17.2736 23.4746 29.4844 35.5021 41.5308 47.6441 53.7256 59.7108 60.4335 54.4713 48.5467 46.1152 40.3416 37.7978 35.2483 31.4759 29.2429
11.3989 13.81 19.3658 19.5689 17.5437 17.5937 13.4719 7.89889 5.70264 5.76895 5.76988 8.16 8.15972 13.9297 19.6997 24.4798 24.4798 22.0897 17.3097 17.3099 13.9292 8.1593 8.15994 5.77 5.77001 5.77001 5.77001 5.77 5.76999 5.7699 5.76822 5.76774 5.76885 5.77001 5.77001 5.77001 5.77001 5.77001 5.77001 5.77001 5.77001 5.77 5.00912 9.28957 2.18892 7.34403 7.23915 8.29193 0 7.28967 16.2511 23.6276 29.7837 35.7376 41.7568 47.7565 53.9592 60.258 57.8667 51.704 45.6102 39.4768 37.1126 31.1202 28.4235 25.715 21.6859
11.4459 11.0787 16.936 22.7921 22.6397 16.7975 10.8257 5.07936 5.65894 5.7381 5.7457 5.76947 8.15553 13.9107 19.6808 25.4509 30.2498 25.4698 22.0897 17.3095 16.3194 11.5395 5.76975 5.77 5.77001 5.77001 5.77001 5.77001 5.77001 5.77001 5.77001 5.77001 5.77001 5.77001 5.77001 5.77001 5.77001 5.77001 5.77001 5.73647 5.47102 4.69189 3.26613 9.65304 5.94527 5.89783 12.3418 12.0897 16.2892 7.00498 16.6109 25.2806 32.313 38.2632 44.2438 50.3268 56.0849 61.3506 55.0132 48.5722 42.1562 35.7287 29.2139 27.0782 20.6401 17.6844 14.6976
11.1653 12.7686 18.8218 24.7848 24.394 18.4482 12.3471 6.29503 7.13517 5.47399 5.69402 5.76984 5.74227 11.5147 17.2907 23.0608 28.8309 30.2498 25.4696 23.079 17.309 11.5384 5.76855 5.76987 5.77001 5.77001 5.77001 5.77001 5.77001 5.77001 5.77001 5.77001 5.77001 5.77001 5.77001 5.77001 5.77001 5.77001 5.74311 5.2042 5.67793 8.43685 8.39649 9.92343 11.9319 12.3304 14.3278 18.0755 21.1546 25.3701 17.1798 25.511 34.3451 40.5108 45.5139 48.0392 50.5254 56.9093 51.8224 44.9176 38.0531 31.0437 23.9969 16.7397 15.2432 7.96107 4.60037
12.0799 14.3903 20.6049 26.7066 26.7474 20.7073 14.5402 12.1354 12.9236 10.5553 5.02823 5.66983 5.12413 11.0731 16.8967 22.6751 28.4453 33.6296 31.2369 25.4668 19.6968 13.9256 8.15428 5.76905 5.77001 5.77 5.77001 5.77001 5.77001 5.77001 5.77001 5.77001 5.77001 5.77001 5.77001 5.77001 5.77001 5.75724 5.12138 4.77983 10.7652 13.1631 14.8885 16.2155 17.5679 19.2224 21.3409 23.0039 27.4281 29.9478 34.2526 29.9613 32.0623 38.6564 39.5574 41.2727 47.3098 54.4238 48.2996 40.5155 32.8395 24.9234 16.686 8.36656 0 0.102947 0
17.0907 20.2225 22.8245 29.0423 29.0902 22.9962 20.5097 18.1605 17.8516 11.684 5.58963 4.9267 6.85362 13.0086 18.8712 24.6606 30.4309 31.9106 31.2386 25.4686 19.6979 16.3152 11.5308 5.76561 5.76966 5.77001 5.77001 5.77001 5.77001 5.77001 5.77001 5.77001 5.77001 5.76445 5.74683 5.59586 5.48436 4.68133 3.98814 9.905 12.4438 18.8757 21.32 22.8812 24.119 25.5144 28.1363 30.9241 30.1191 35.9401 39.566 34.5088 27.482 36.0775 34.4869 37.4711 43.0556 53.1937 43.2341 33.9379 24.5614 14.7461 4.42931 0 0 0 0
23.0867 25.5384 28.7055 31.3235 31.397 28.875 26.4395 24.0848 20.0698 13.8654 11.4661 10.8545 12.7123 15.3732 21.2532 26.139 26.1401 26.1406 28.1006 27.8582 22.0873 17.3033 13.9173 8.14607 5.76595 5.76954 5.77001 5.77001 5.77 5.77001 5.77001 5.77001 5.77001 5.76177 8.04996 11.387 7.00587 10.0208 10.0779 11.6601 18.1028 20.9994 27.2806 29.3396 30.8526 32.008 34.4069 37.2161 37.0398 39.539 45.2111 36.1649 41.0312 33.7919 35.0774 34.9105 40.5338 51.6324 37.3486 26.7061 15.6537 4.00066 0 0 0 0 1.27986
29.043 31.4628 33.961 37.096 37.1719 34.7333 32.3347 28.36 22.3462 19.9996 17.6432 16.9709 18.745 21.2487 22.3234 22.3152 22.3181 22.3241 22.3289 22.3325 22.3334 22.0798 16.3083 13.914 8.14092 5.76239 5.76767 5.76785 5.77001 5.77001 5.77001 5.77001 5.77001 5.76513 5.61325 11.2214 13.0319 15.0744 16.6954 18.3321 20.3497 26.6957 29.5373 35.4991 37.2693 39.0547 38.5279 43.3799 43.5469 46.342 40.0034 43.491 42.9004 38.9695 28.5559 37.0882 43.5076 52.4463 41.1815 31.5132 21.6453 11.3839 0.631043 0 0 0 0
34.9817 37.3616 39.8254 42.3268 43.0009 40.5858 36.6392 30.7063 28.3684 26.0645 21.6648 22.1957 22.2625 22.3197 22.3324 22.3336 22.3336 22.3336 22.3336 22.3336 22.3336 22.333 22.0778 16.3028 13.9047 8.13094 8.15304 5.76822 5.77001 5.77001 5.77001 5.77001 5.77001 5.75539 5.49482 10.7319 16.6053 21.1298 22.9391 24.8904 26.9537 28.4699 34.5492 38.0217 43.5316 43.8985 45.1149 47.0752 49.7733 49.0884 51.7757 47.708 48.0313 39.4644 46.4844 38.3802 46.507 55.0473 45.003 36.3934 27.7784 18.9811 9.73069 0.0164637 0 0 0
40.8697 43.2578 45.6808 48.157 48.8276 44.8921 39.0167 36.6497 32.9286 27.0393 21.524 22.2186 22.331 22.3334 22.3336 22.3336 22.3336 22.3336 22.3336 22.3336 22.3336 22.3336 22.3322 22.0685 16.2915 11.4916 5.75048 5.7684 5.77001 5.77001 5.77001 5.77001 5.77001 5.68901 7.35832 13.0631 18.9224 24.777 28.93 31.0294 33.3029 34.8679 37.0669 43.0912 44.7833 50.0155 51.3252 53.5657 54.5621 58.0641 57.3235 57.3813 49.6271 54.1217 48.7174 53.3287 48.5424 56.8187 48.1661 40.101 32.0864 23.887 15.5285 6.71234 6.78076 0 0
46.7231 49.1144 51.5369 53.9892 53.1321 47.2865 44.8966 40.1497 35.3317 29.4898 27.3168 21.646 22.2405 22.3313 22.3329 22.3334 22.3336 22.3336 22.3336 22.3336 22.3336 22.3335 22.3334 22.3257 17.2025 11.4032 5.61227 5.77001 5.77001 5.77001 5.77001 5.76916 5.75636 5.56617 10.8672 15.5931 21.3697 27.2092 33.0299 36.969 39.3602 41.1348 43.4486 44.3899 50.2234 53.2324 57.5589 59.9155 62.1012 63.6931 65.1977 60.2614 64.1944 58.6685 60.3685 56.7692 62.3401 58.7548 51.1863 43.6743 36.136 28.7139 21.0361 20.0699 12.6962 10.3844 2.69092
50.6169 54.9554 57.3878 59.8201 55.5448 53.1412 48.3946 43.6062 37.8191 35.4621 29.8642 27.4757 21.6106 21.9768 22.2294 22.331 22.3332 22.3336 22.3336 22.3336 22.3336 22.3331 22.3319 22.2839 16.7802 10.5843 5.24308 5.77001 5.77001 5.77001 5.77001 5.76071 6.00031 7.72328 13.5178 19.1933 23.9151 26.48 28.8113 31.1599 36.3171 38.6844 43.7772 46.1269 49.7347 52.0068 54.2354 58.1819 58.5902 60.9726 63.4974 66.1164 68.6777 68.9019 68.2204 72.4955 67.851 61.0875 54.2959 47.3065 40.2029 34.2351 32.7655 26.0891 24.6287 17.6268 14.4016
53.0009 58.9036 61.5726 59.1547 56.7604 54.3778 51.8519 46.1023 43.7231 38.1232 35.7059 29.9047 27.5113 27.7003 21.8699 22.1696 22.3283 22.3323 22.3336 22.3336 22.3336 22.3325 22.3247 21.4064 14.73 8.33603 4.87925 5.77001 5.77 5.77001 5.77001 5.75911 8.08197 13.6347 16.0219 16.7614 18.5352 20.494 22.8128 27.9842 30.2785 35.3599 37.6461 42.0133 43.3892 45.4495 49.3206 51.5087 51.8808 53.8377 56.5463 58.5789 60.282 63.269 65.5731 68.353 67.8754 60.633 53.9599 46.8312 39.4925 32.9947 26.855 18.4444 10.253 8.37481 0.326079
