tests/full-run-ref/erosion_2010_78_16_47.110.asc
ncols 512
nrows 512
xllcorner -3.24582
yllcorner -4.08743
cellsize 5
NODATA_value -99999
[rows 378 to 419 of 512, columns 0 to 95 of 512]
140.29 137.9 0 0 0 0 0 0 0 0 0 0 0 0 0 0 0 0 0 0 0 0 154.969 152.579 150.969 150.579 0 0 0 0 0 0 0 0 0 0 0 0 0 0 0 0 0 0 0 0 0 127.35 192.928 182 185.02 181.34 175.57 169.146 167.41 161.64 84.9801 84.9801 84.9801 84.9801 84.9801 0 0 0 0 0 84.98 117 111.23 105.46 99.6899 0 0 0 92.8535 76.4128 83.3551 84.9796 84.9797 84.9798 93.14 93.1401 253.612 259.146 256.086 0 0 0 0 0 0 79.21 271.589 271.59 271.508 0
146.06 143.67 0 0 0 0 0 0 0 0 0 0 0 0 0 0 0 0 0 0 0 0 0 161.129 158.739 157.129 156.739 0 0 0 0 0 0 0 0 0 0 0 0 0 0 0 0 0 0 0 0 127.35 127.35 192.642 189.5 183.73 177.96 175.57 169.8 84.98 84.9799 84.98 84.98 84.9801 84.9801 84.9801 84.9801 84.9801 84.9801 84.9801 84.98 119.39 0 117.895 111.57 107.768 76.4331 76.4329 76.432 107.829 237.411 84.9789 84.9797 243.589 243.589 245.589 251.359 253.749 256.086 0 0 261.338 261.338 0 79.2101 79.2101 271.591 0 0 0
151.83 149.44 0 0 0 0 0 0 0 0 0 0 0 0 0 0 0 0 0 0 0 0 169.289 166.899 167.289 164.899 163.289 162.899 0 0 0 0 0 0 0 0 0 0 0 0 0 0 0 0 0 0 127.35 127.35 127.35 207.38 191.89 186.12 183.73 177.96 175.57 171.914 84.98 84.9801 84.9801 84.9801 84.9801 84.9801 84.9801 84.9801 84.9801 84.9801 84.98 121.78 0 101.317 115.361 117.72 115.39 76.433 115.479 244.24 84.978 84.9789 84.9792 248.968 251.359 251.359 253.749 253.749 253.749 0 261.338 261.338 261.338 79.2101 79.2101 79.2101 79.2101 0 0 0
157.6 155.84 0 0 0 0 0 0 0 0 0 0 0 0 0 0 0 0 0 0 0 0 0 175.449 173.059 173.449 171.059 169.449 169.06 0 0 0 0 0 0 0 0 0 0 0 0 0 0 0 0 193.45 195.805 127.35 127.35 127.35 213.237 221.31 84.9801 183.617 180.891 177.957 84.98 84.9801 84.9801 84.9801 84.9801 84.9801 84.9801 84.9801 84.9801 84.9801 84.98 131.347 76.4331 76.4329 125.94 123.477 123.94 76.433 76.4292 84.9776 84.9797 84.9798 84.9797 251.358 257.128 261.338 253.749 261.338 0 253.749 261.338 261.338 261.338 261.338 79.2101 79.2101 79.2101 79.2101 0 0
164 162 0 0 0 0 0 0 0 0 0 0 0 0 0 0 0 0 0 0 0 0 183.609 181.219 181.609 179.219 179.61 177.219 175.61 175.22 0 0 0 0 0 0 0 0 0 0 0 0 0 0 196.822 132.13 127.35 123.97 129.703 127.35 36.8884 84.98 84.9801 187.499 84.9801 189.5 0 0 0 0 0 0 0 0 0 0 84.9797 138.033 76.4332 136.954 76.433 132.041 129.71 76.4328 129.706 257.87 84.9799 84.9799 84.98 251.358 258.683 261.338 253.749 261.338 0 253.749 261.338 261.338 261.338 261.338 79.2101 79.2101 79.2101 79.2101 79.2101 79.2101
170.16 170.16 0 0 0 0 0 0 0 0 0 0 0 0 0 0 0 0 0 0 0 0 0 189.769 187.379 187.77 185.379 185.77 183.38 181.77 181.38 0 0 0 0 0 0 0 0 0 0 0 0 132.13 132.13 134.496 132.13 129.74 123.955 0 0 0 0 0 0 295.148 0 0 0 0 0 0 0 0 0 0 76.4329 76.4332 76.4333 265.626 140.257 76.4332 76.4326 135.987 129.709 259.243 84.9798 84.98 252.912 252.913 258.683 261.338 261.338 261.338 0 253.749 261.338 261.338 261.338 79.2101 79.2101 79.2101 79.2101 79.2101 79.2101 79.2101
178.32 176.32 0 0 0 0 0 0 0 0 0 0 0 0 0 0 0 0 0 0 0 0 197.929 195.539 195.93 193.539 193.93 191.54 191.93 189.54 187.93 187.54 0 0 0 0 0 0 0 0 0 0 137.9 205.98 207.543 0 126.36 120.59 118.187 0 113.42 84.9801 0 0 0 84.98 84.98 0 0 0 0 0 0 0 0 0 0 76.4334 76.4334 0 76.4333 76.4333 84.9801 146.353 250.847 84.98 84.9798 84.9801 252.913 258.683 261.338 261.338 261.338 261.338 0 261.338 261.338 261.338 261.338 79.2101 79.2101 79.2101 79.2101 79.2101 79.2101 79.2101
184.48 184.48 0 0 0 0 0 0 0 0 0 0 0 0 0 0 0 0 0 0 0 0 0 204.09 201.699 202.09 199.7 200.09 197.7 198.09 195.7 194.09 193.7 0 0 0 0 0 0 0 0 206.957 209.36 137.9 140.29 0 120.59 114.807 0 0 107.65 84.9801 0 0 0 0 0 0 0 0 0 0 0 0 0 0 0 76.4334 76.4334 76.4334 76.4333 84.9801 84.9801 84.98 261.064 84.9799 84.9798 84.98 252.913 258.683 261.338 261.338 261.338 0 261.338 261.338 261.338 261.338 261.338 79.2101 79.2101 79.21 79.2101 79.2101 79.2101 79.2101
192.64 190.64 0 0 0 0 0 0 0 0 0 0 0 0 0 0 0 0 0 0 0 0 0 0 210.25 207.86 208.25 205.86 206.25 203.86 204.25 201.86 200.25 199.86 0 0 0 0 0 0 0 0 154.18 117.21 111.44 117.21 111.44 109.037 0 0 101.88 84.9801 0 0 0 0 0 0 0 0 0 0 0 0 0 0 0 76.4334 84.9801 76.4332 263.302 84.9801 84.98 84.9799 84.98 84.9798 84.9797 84.98 252.912 258.683 261.338 258.683 261.338 0 261.338 261.338 261.338 261.338 261.338 79.2101 79.2101 79.21 79.21 79.21 79.2101 79.2101
198.8 198.8 0 0 0 0 0 0 0 0 0 0 0 0 0 0 0 0 0 0 0 0 0 0 0 216.41 214.02 214.41 212.02 212.41 210.02 210.41 208.02 206.41 206.02 0 0 0 0 0 213.057 218.147 151.819 122.952 117.21 111.44 105.657 0 0 0 96.11 84.9801 0 0 0 0 0 0 84.9801 0 0 0 0 0 0 0 76.433 263.301 84.9798 265.82 84.9796 0 0 84.9793 84.98 258.682 84.9799 252.912 252.913 258.683 261.338 258.683 261.338 0 261.338 261.338 261.338 261.338 261.338 79.2101 79.2101 79.21 79.21 79.21 79.2101 79.2101
206.96 204.96 0 0 0 0 0 0 0 0 0 0 0 0 0 0 0 0 0 0 0 0 0 0 0 0 222.57 220.18 220.57 218.18 218.57 216.18 216.57 214.18 212.57 0 0 0 0 0 0 136.91 0 120.555 108.06 102.29 99.8866 0 0 0 90.34 0 0 0 0 0 0 0 0 0 0 0 0 0 0 0 84.9798 0 0 84.9798 0 0 84.2415 260.381 84.98 84.9795 84.9795 84.98 258.683 261.338 258.683 258.683 261.338 0 261.338 261.338 261.338 261.338 261.338 79.2101 79.2101 79.21 79.21 79.21 79.2101 79.2101
213.12 213.12 0 0 0 0 0 0 0 0 0 0 0 0 0 0 0 0 0 0 0 0 0 0 0 0 0 228.73 226.34 226.73 224.34 224.73 222.34 220.73 220.34 0 0 0 0 0 225.742 0 113.83 108.06 102.29 96.5066 0 0 0 0 0 0 0 0 0 0 0 0 0 0 0 0 0 0 0 0 84.9799 0 0 0 0 0 0 84.9778 84.9801 84.9797 84.9797 252.913 258.683 258.683 258.683 261.338 261.338 0 261.338 261.338 261.338 261.338 261.338 79.2101 79.2101 79.21 79.21 79.21 79.2101 79.2101
221.28 219.28 0 0 0 0 0 0 0 0 0 0 0 0 0 0 0 0 0 0 0 240.5 0 0 0 0 0 0 234.89 232.5 232.89 230.5 230.89 228.5 226.89 226.5 0 0 0 231.027 119.6 121.835 111.408 98.9101 93.1401 90.7413 0 0 0 0 0 0 0 0 0 0 0 0 0 0 0 0 0 0 0 0 0 0 0 0 0 0 84.979 84.9787 84.9801 261.338 261.338 261.338 261.338 261.338 261.338 261.338 261.338 0 261.338 261.338 261.338 261.338 261.338 0 79.2101 79.21 79.21 79.21 79.2101 79.2101
227.44 227.44 0 0 0 0 0 216.289 0 0 0 0 0 0 0 0 0 0 0 0 0 0 246.66 0 0 0 0 0 0 245.029 238.66 239.05 236.66 237.05 234.66 233.05 0 0 111.44 236.791 105.669 99.8998 102.267 96.5036 90.7501 0 0 0 0 0 0 0 0 0 0 0 0 0 0 0 0 0 0 0 0 0 0 0 0 0 0 84.9779 261.336 84.9801 84.9801 261.338 261.338 261.338 261.338 261.338 261.338 261.338 261.338 0 215.59 261.338 261.338 261.338 261.338 0 0 79.21 79.21 79.21 79.2101 79.2101
235.6 235.6 0 0 0 0 222.391 244.595 245.21 242.82 0 0 0 0 0 0 0 0 0 0 0 254.82 252.43 252.82 0 0 0 0 0 0 253.192 244.82 245.21 242.82 243.21 240.82 240.19 111.44 111.44 111.439 127.759 105.641 99.8843 94.1201 88.356 0 0 0 0 0 0 0 0 0 0 0 0 0 0 0 0 0 0 0 0 0 0 0 0 0 0 84.9766 260.557 84.9801 234.3 261.338 261.338 261.338 261.338 261.338 261.338 261.338 261.338 0 215.59 261.338 261.338 261.338 261.338 0 0 0 79.21 79.21 79.2101 79.2101
243.76 241.76 0 0 0 228.961 248.159 250.754 252.966 253.37 250.98 0 0 0 0 0 0 0 0 0 0 88.7378 260.98 258.59 258.98 0 0 0 0 0 0 261.352 250.98 251.37 248.98 249.37 246.98 218.494 111.44 111.439 130.149 103.261 97.4981 91.74 85.97 84.9801 84.9801 84.9801 84.9801 84.9801 84.9801 84.9801 84.9801 84.9801 84.9801 84.9801 84.9801 84.9801 84.9801 84.9801 84.9801 84.9801 84.9801 84.9801 84.9801 84.9801 84.9801 84.9801 84.9801 84.9801 84.9798 84.962 84.9768 84.9801 261.338 234.3 234.3 261.338 261.338 261.338 261.338 261.338 261.338 215.59 215.59 261.338 261.338 261.338 261.338 0 0 0 0 79.21 79.2101 79.2101
249.92 249.92 0 0 0 0 0 0 0 218.458 258.678 0 0 0 0 0 0 0 0 0 0 269.14 266.75 267.14 264.75 263.14 0 0 0 0 0 0 269.512 257.14 257.53 255.14 255.53 218.494 245.96 254.119 111.439 105.67 95.12 89.3455 84.9801 84.9801 84.9801 84.9801 84.9801 84.9801 84.9801 84.9801 84.9801 84.9801 84.9801 84.9801 84.9801 84.9801 84.9801 84.9801 84.9801 84.9801 84.9801 84.9801 84.9801 84.9801 84.9801 84.9801 84.9801 84.9801 84.9785 84.9778 84.9745 84.9801 234.3 234.3 234.3 261.338 261.338 261.338 261.338 261.338 261.338 261.149 260.583 215.59 261.338 261.338 0 0 0 0 0 0 79.2101 79.2101
258.08 256.08 0 0 0 0 0 0 0 0 0 0 0 0 0 0 0 0 0 0 0 102.435 275.3 272.91 271.3 270.91 0 0 0 0 0 0 275.287 269.07 263.222 263.69 261.3 261.69 253.14 259.889 109.021 98.4999 92.73 86.96 84.9801 84.9801 84.9801 84.9801 84.9801 84.9801 84.9801 84.9801 84.9801 84.9801 84.9801 84.9801 84.9801 84.9801 84.9801 84.9801 84.9801 84.9801 84.9801 84.9801 84.9801 84.9801 84.9801 84.9801 84.9801 84.9801 84.9761 260.557 84.9801 234.3 234.3 234.3 261.338 233.941 228.239 222.739 220.355 197.728 56.0839 56.0839 199.107 261.338 261.338 212.21 0 0 0 0 0 0 79.2101 294.67
264.24 264.24 0 0 0 0 0 0 0 0 0 0 0 0 0 277.46 0 0 0 0 0 283.46 281.07 279.46 279.07 277.46 0 0 0 0 0 0 281.056 271.46 271.838 269.46 269.85 267.46 267.85 265.659 0 96.0955 90.3341 84.9801 84.9801 84.9801 84.9801 84.9801 84.9801 84.9801 84.9801 84.9801 84.9801 84.9801 84.9801 84.9801 84.9801 84.9801 84.9801 84.9801 84.9801 84.9801 84.9801 84.9801 84.9801 84.9801 84.9801 84.9801 84.9801 84.9798 84.9691 84.976 84.9801 234.3 234.3 261.338 237.647 231.91 226.14 220.37 214.6 212.197 0 0 204.285 261.338 212.21 0 212.21 0 0 0 0 0 291.29 264.472
272.4 270.4 0 0 0 0 0 0 0 0 0 0 0 0 285.599 289.116 289.62 287.23 0 0 207.976 285.58 289.62 287.23 285.62 284.01 0 0 0 0 0 0 0 287.99 277.552 278.01 275.62 276.01 273.62 93.7192 113.828 93.7194 87.9499 84.9801 84.9801 84.9801 84.9801 84.9801 84.9801 84.9801 84.9801 84.9801 84.9801 84.9801 84.9801 84.9801 84.9801 84.9801 84.9801 84.9801 84.9801 84.9801 84.9801 84.9801 84.9801 84.9801 84.9801 84.9801 84.9801 84.9782 84.9781 84.977 234.3 234.3 261.338 260.793 186.74 229.162 223.51 217.97 212.21 206.44 204.036 0 203.11 190.12 260.951 212.21 212.21 212.21 273.98 279.162 263.735 0 0 253.816
278.561 278.561 0 0 0 0 0 0 0 0 0 0 0 291.758 297.121 299.16 297.39 297.78 0 299.759 297.39 297.78 295.39 295.78 292.17 291.78 0 0 0 0 0 0 0 0 294.15 283.78 284.17 281.78 282.17 279.78 93.7199 0 90.34 84.9801 84.9801 84.9801 84.9801 84.9801 84.9801 84.9801 84.9801 84.9801 84.9801 84.9801 84.9801 84.9801 84.9801 84.9801 84.9801 84.9801 84.9801 84.9801 84.9801 84.9801 84.9801 84.9801 84.9801 84.9801 84.9799 84.9718 84.9767 84.9767 189.129 261.338 261.338 186.74 186.74 198.27 196.466 139.43 194.9 204.05 198.265 0 193.5 184.349 190.12 212.21 212.21 212.21 212.21 0 0 225.092 234.268 0
286.721 284.721 0 0 0 0 0 0 0 0 0 0 292.594 299.489 0 0 0 0 0 0 305.94 303.55 303.94 301.55 299.94 298.33 0 0 0 0 0 0 0 0 299.92 300.31 289.94 290.33 287.94 288.33 109.048 0 92.73 86.96 0 0 0 0 0 0 0 0 0 0 84.9801 84.9801 84.9801 84.9801 84.9801 84.9801 84.9801 84.9801 84.9801 84.9801 84.9801 84.9801 84.9801 84.9801 84.9788 84.9785 84.977 84.9744 84.9771 261.338 186.74 192.51 188.393 139.43 139.43 139.43 192.51 194.9 192.497 0 0 0 184.35 268.988 212.21 212.21 194.373 0 0 0 0 0
292.881 294.881 0 0 0 0 0 0 0 0 0 0 0 0 0 0 0 0 0 0 294.124 312.1 309.71 310.1 306.49 306.1 0 0 0 0 0 0 0 0 0 306.08 301.87 296.027 296.49 0 0 100.89 95.12 89.35 0 0 0 0 0 0 0 84.9801 0 84.9801 84.9801 84.9801 84.9801 84.9801 84.9801 84.9801 84.9801 84.9801 84.9801 84.9801 84.9801 84.9801 84.9801 84.9801 84.9767 176.226 84.9791 84.9792 84.9789 261.338 260.262 173.8 184.35 186.74 192.51 198.267 203.948 192.25 186.72 184.336 0 0 0 269.113 198.28 186.503 0 0 0 0 0 0
303.041 300.651 16.6161 0 0 0 0 0 0 0 0 0 0 0 0 0 0 0 0 0 320.26 317.87 318.26 314.65 314.26 311.87 0 0 0 0 0 0 0 0 0 311.85 304.26 304.64 302.26 0 109.049 103.28 97.51 91.74 30.3512 0 0 84.4256 0 0 0 0 0 73.4196 84.9801 84.9801 84.9801 84.9801 84.9801 84.98 84.9801 84.9801 84.9801 84.9801 84.9801 84.9801 84.9801 84.9798 84.9741 84.9767 84.979 173.799 176.17 84.9791 159.017 176.167 173.8 173.8 173.8 173.8 173.8 173.8 173.8 0 0 174.584 0 198.28 186.502 0 0 0 0 0 0 0
308.811 309.201 16.6161 16.6161 0 0 0 0 0 0 0 0 0 0 0 0 0 0 0 0 0 0 210.141 324.42 320.03 320.42 0 0 0 0 0 0 0 0 0 317.64 318.01 310.363 310.81 0 111.44 105.67 99.9001 94.1301 30.3512 0 88.3368 0 84.9801 84.9801 140.523 134.759 128.989 128.731 84.9801 71.4652 84.98 0 84.9799 84.98 84.98 0 0 0 0 0 84.9801 0 0 167.94 84.9793 84.9794 84.9797 84.9799 84.98 159.017 162.26 162.26 162.26 162.26 162.26 162.26 0 0 0 0 0 200.563 192.376 0 0 0 0 0 0 0
317.361 314.971 16.6161 16.6161 16.6161 0 0 0 0 0 0 0 0 0 0 0 0 0 0 0 0 0 0 0 0 0 0 0 0 0 0 0 0 0 0 0 0 324.17 0 316.97 0 0 102.29 96.5201 30.3512 96.3505 84.98 84.9801 155.86 146.299 140.529 134.759 84.9801 84.9801 128.989 128.989 76.7125 0 0 0 84.9799 84.9801 84.9801 84.9801 84.9801 0 162.259 148.508 152.409 0 84.9794 84.9795 84.9797 0 0 0 0 0 0 0 0 0 0 0 0 134.086 0 189.985 0 0 0 0 0 0 0 0
323.131 323.521 16.6161 16.6161 16.6161 16.6161 0 0 0 0 0 0 0 0 0 0 0 0 0 0 0 0 0 0 0 0 0 0 0 0 0 0 0 0 0 0 0 0 172.93 0 0 0 104.68 98.9101 104.481 84.98 90.7501 84.9801 154.459 148.689 140.529 134.759 84.9801 84.9801 128.989 128.989 0 0 140.529 184.35 84.9798 84.98 84.98 84.98 164.65 84.9801 0 0 0 0 0 84.9801 0 0 0 0 0 0 0 0 0 0 0 0 0 0 0 0 0 0 0 0 0 0 0 0
331.681 329.291 16.6161 16.6161 16.6161 16.6161 16.6161 0 0 0 0 0 0 0 0 0 0 0 0 0 0 0 0 0 0 0 0 0 0 0 0 0 0 0 0 0 0 293.321 330.128 172.93 0 0 107.07 112.414 107.07 155.083 84.9801 84.9801 152.069 146.299 140.529 134.759 128.989 128.989 128.989 128.989 0 0 140.529 181.922 84.98 168.617 164.65 0 0 0 0 0 156.49 156.49 156.49 156.49 156.49 156.49 156.49 0 120.808 120.808 120.808 120.808 120.808 120.808 0 0 0 0 0 0 0 0 0 0 0 0 0 0
337.225 336.298 16.6161 16.6161 16.6161 16.6161 16.6161 16.6161 0 0 0 0 0 0 0 0 0 0 0 0 0 0 0 0 0 0 0 0 0 0 0 0 0 0 0 0 0 0 293.321 0 0 115.23 154.61 115.23 148.766 84.9801 84.9801 84.9801 84.9801 146.299 140.529 134.759 128.989 128.989 128.989 128.989 0 0 140.529 179.57 173.8 167.612 162.26 0 0 0 0 120.808 120.808 120.808 120.808 120.808 120.808 120.808 120.808 120.808 120.808 120.808 120.808 120.808 166.712 168.805 148.209 0 0 0 0 0 0 0 0 0 0 0 0 0
337.342 338.423 16.6161 16.6161 16.6161 16.6161 16.6161 16.6161 16.6161 0 0 0 0 0 0 0 0 0 0 0 0 0 0 0 0 0 0 0 0 0 0 0 0 0 0 0 0 0 0 0 155.62 153.23 115.23 115.23 84.9801 84.9801 84.9801 84.9801 146.06 146.299 140.529 134.759 128.989 128.989 128.989 128.989 0 0 140.529 181.921 176.19 168.03 162.249 0 0 0 156.49 0 156.49 156.49 156.49 120.808 120.808 120.808 120.808 120.808 120.808 120.808 120.808 120.808 178.97 178.959 178.97 180.97 0 0 0 0 0 0 0 0 0 0 0 0
337.465 338.554 16.6161 16.6161 16.6161 16.6161 16.6161 16.6161 16.6161 16.6161 0 0 0 0 0 0 0 0 0 0 0 0 0 0 0 0 0 0 0 0 0 0 0 0 0 0 0 0 0 0 149.85 115.23 115.23 115.23 115.23 146.06 146.06 146.06 146.06 146.299 140.529 134.759 128.989 128.989 128.989 128.989 0 0 140.529 179.57 173.8 168.03 162.26 0 0 0 0 0 0 162.26 162.26 162.65 120.808 120.808 120.808 120.808 120.808 120.808 120.808 120.808 176.19 187.091 189.13 187.13 187.13 0 0 0 0 0 0 0 0 0 0 0
337.593 338.688 16.6161 16.6161 16.6161 16.6161 16.6161 16.6161 16.6161 16.6161 16.6161 0 0 0 0 0 0 0 0 0 0 0 0 0 0 0 0 0 0 0 0 0 0 0 0 0 0 0 0 0 0 115.23 115.23 146.06 146.06 146.06 146.06 146.06 146.06 146.299 140.529 134.759 128.989 128.989 128.989 128.989 0 0 140.529 179.57 173.8 168.03 162.259 0 0 0 0 0 0 162.26 168.03 168.81 168.81 120.808 120.808 120.808 120.808 120.808 120.808 172.81 178.58 187.13 0 0 166.628 0 0 0 0 0 0 0 0 0 0 0
337.721 338.821 16.6161 16.6161 16.6161 16.6161 16.6161 16.6161 16.6161 16.6161 16.6161 16.6161 0 0 0 0 0 0 0 0 0 0 0 0 0 0 0 0 0 0 0 0 0 0 0 0 0 0 0 0 0 0 0 0 0 0 0 0 146.06 146.299 140.529 134.759 128.989 128.989 128.989 128.989 0 0 140.519 181.96 176.19 170.42 164.649 164.648 0 0 0 162.649 164.65 164.65 170.42 174.97 174.97 174.97 174.97 120.808 120.808 120.808 120.808 172.81 178.58 192.38 195.29 0 0 0 0 0 0 0 0 0 0 0 0 0
337.844 338.949 16.6161 16.6161 16.6161 16.6161 16.6161 16.6161 16.6161 16.6161 16.6161 16.6161 16.6161 0 0 0 0 0 0 0 0 0 0 0 0 0 0 0 0 0 0 0 0 0 0 0 0 0 0 0 0 0 0 0 0 0 0 0 146.06 148.689 142.919 137.149 137.149 128.989 128.989 128.988 128.988 128.988 142.917 183.709 184.61 172.809 172.805 170.775 170.808 0 172.785 180.71 180.84 170.81 170.81 170.81 170.81 120.808 120.808 120.808 120.808 120.808 120.808 120.808 178.58 192.38 198.15 201.45 0 0 0 0 0 0 0 0 0 0 0 0
337.964 339.072 16.6161 16.6161 16.6161 16.6161 16.6161 16.6161 16.6161 16.6161 16.6161 16.6161 16.6161 16.6161 0 0 0 0 0 0 0 0 0 0 0 0 0 0 0 0 0 0 0 0 0 0 0 0 146.06 0 0 0 0 0 0 0 0 0 0 142.919 145.307 145.306 143.276 143.309 141.309 143.308 143.308 143.307 145.306 192.77 189 184.739 178.904 170.808 0 170.418 170.42 172.81 172.81 172.81 172.81 172.81 172.81 180.84 169.383 120.808 120.808 120.807 120.808 120.807 186.61 192.38 198.15 203.59 203.59 0 0 0 0 0 0 0 0 0 0 236.69
338.083 339.193 16.6161 16.6161 16.6161 16.6161 16.6161 16.6161 16.6161 16.6161 16.6161 16.6161 16.6161 16.6161 16.6161 0 0 0 0 0 0 0 0 0 0 0 0 0 0 0 0 0 0 0 0 0 0 0 146.06 142.918 142.919 142.919 142.919 142.919 142.919 142.919 142.919 142.919 142.919 145.309 159.178 52.2511 52.2511 151.079 153.445 157.125 153.467 143.308 90.5638 195.941 195.159 187.129 185.128 185.128 187.128 170.418 174.507 174.507 195.16 193.16 193.16 193.16 195.16 195.16 192.77 169.383 120.807 120.808 120.807 186.61 189 194.77 200.54 203.59 203.59 203.59 0 0 0 0 0 0 0 0 224.507 239.08
338.197 339.309 16.6161 16.6161 16.6161 16.6161 16.6161 16.6161 16.6161 16.6161 16.6161 16.6161 16.6161 16.6161 16.6161 16.6161 0 0 0 0 0 0 0 0 0 0 0 0 0 0 0 0 0 0 0 0 0 0 146.06 0 0 0 0 0 0 0 0 0 0 151.683 161.629 257.992 52.2509 161.555 159.238 161.595 143.307 207.059 205.318 208.933 205.319 203.216 195.176 197.287 194.896 195.287 194.899 197.251 228.734 222.582 222.964 222.964 213.48 202.93 197.16 169.383 169.383 120.807 189 189 194.77 197.16 202.93 203.59 203.59 203.59 203.59 0 0 0 0 0 0 203.59 224.507 241.47
338.308 339.422 16.6161 16.6161 16.6161 16.6161 16.6161 16.6161 16.6161 16.6161 16.6161 16.6161 16.6161 16.6161 16.6161 16.6161 16.6161 0 0 0 0 0 0 0 0 0 0 0 0 0 0 0 0 0 0 0 0 0 146.06 0 0 0 0 0 0 0 0 0 0 0 249.087 252.391 257.992 257.155 255.281 257.633 161.629 213.102 205.32 205.319 217.165 213.479 211.478 211.478 211.477 216.936 222.638 228.386 197.29 222.964 222.964 229.124 211.09 205.32 202.93 194.77 194.77 205.302 202.93 197.16 197.16 202.93 203.59 203.59 203.59 203.59 203.59 203.59 203.59 203.59 203.59 203.59 203.59 203.59 224.507 243.86
338.413 339.528 16.6161 16.6161 16.6161 16.6161 16.6161 16.6161 16.6161 16.6161 16.6161 16.6161 16.6161 16.6161 16.6161 16.6161 16.6161 16.6161 0 0 0 0 0 0 0 0 0 0 0 0 0 0 0 0 0 0 0 0 146.06 0 0 0 0 0 0 0 0 0 0 0 0 0 257.386 251.878 249.511 251.901 221.64 221.41 221.019 223.389 221.639 219.639 219.639 217.639 217.638 182.057 217.25 223.02 228.79 229.124 229.124 234.072 213.48 211.09 211.449 209.09 211.454 211.09 213.443 211.09 203.32 203.59 203.59 203.59 203.59 203.59 203.59 203.59 203.59 203.59 203.59 203.59 203.59 224.507 243.86 244.39
338.514 339.63 16.6161 16.6161 16.6161 16.6161 16.6161 16.6161 16.6161 16.6161 16.6161 16.6161 16.6161 16.6161 16.6161 16.6161 16.6161 16.6161 16.6161 0 0 0 0 0 0 0 0 0 0 0 0 0 0 0 0 0 0 0 146.06 0 0 0 0 0 0 0 0 0 0 146.06 132.246 0 234.181 236.571 238.961 241.351 231.57 221.02 231.549 229.799 233.464 229.798 227.799 231.395 227.799 233.202 238.918 242.92 231.18 236.894 242.219 236.56 230.79 224.795 219.25 224.777 219.249 261.338 146.637 225.41 219.64 203.59 203.59 203.59 203.59 203.59 203.59 203.59 203.59 203.59 203.59 203.59 224.507 255.4 244.39 244.39
338.614 339.731 16.6161 16.6161 16.6161 16.6161 16.6161 16.6161 16.6161 16.6161 16.6161 16.6161 16.6161 16.6161 16.6161 16.6161 16.6161 16.6161 16.6161 16.6161 16.6161 16.6161 16.6161 188.84 0 0 0 0 0 0 0 0 0 0 0 0 0 0 146.06 0 0 0 0 0 0 0 0 0 0 0 0 0 0 0 220.251 222.641 222.641 227.421 227.8 227.8 222.639 227.8 227.8 227.799 227.8 227.8 233.57 239.34 239.34 250.054 244.72 238.95 233.18 227.41 106.268 106.267 233.015 260.739 263.507 223.803 233.57 203.59 203.59 203.59 203.59 203.59 203.59 203.59 203.59 203.59 203.59 203.59 261.644 277.179 309.01 244.39
338.716 339.834 16.6161 16.6161 16.6161 16.6161 16.6161 16.6161 16.6161 16.6161 16.6161 16.6161 16.6161 16.6161 16.6161 16.6161 16.6161 16.6161 16.6161 16.6161 16.6161 16.6161 188.84 340.022 340.019 0 0 0 0 0 0 0 0 0 0 0 0 0 0 0 0 0 0 0 0 0 0 0 0 0 0 0 0 0 0 216.871 219.261 222.641 227.8 227.8 227.8 222.64 227.8 227.8 227.8 227.8 227.8 246.732 247.11 259.43 247.11 250.837 247.037 239.27 235.484 237.34 235.57 261.338 0 268.157 235.847 241.73 203.59 203.59 203.59 203.59 203.59 203.59 203.59 203.59 203.59 211.75 211.75 274.785 236.23 246.718
