tests/full-run-ref/erosion_2010_78_24_-72.835.asc
ncols 512
nrows 512
xllcorner -3.24582
yllcorner -4.08743
cellsize 5
NODATA_value -99999
[rows 29 to 57 of 512, columns 0 to 66 of 512]
352.919 353.923 353.927 353.93 352.41 350.02 347.63 345.24 342.85 340.46 338.07 335.68 333.29 330.9 328.51 326.12 323.73 321.339 318.949 316.559 314.169 311.779 309.389 306.999 304.609 302.219 299.829 297.439 295.048 297.437 299.824 352.902 352.829 352.756 352.687 352.624 352.563 352.507 352.454 352.405 352.362 352.325 352.291 352.257 352.224 352.191 352.159 352.123 352.083 352.036 351.983 351.928 351.859 351.765 351.648 351.552 351.512 351.545 351.631 351.741 351.857 351.961 352.049 352.12 352.187 352.165 345.31
352.921 353.81 351.42 349.03 346.64 344.25 341.86 339.47 337.08 334.69 332.3 329.91 327.52 325.13 322.74 320.35 317.96 315.569 313.179 310.789 308.399 306.009 303.619 301.229 298.839 296.449 294.059 291.669 289.279 286.888 284.497 282.105 284.493 286.876 352.816 352.754 352.698 352.642 352.589 352.54 352.498 352.46 352.426 352.391 352.356 352.323 352.289 352.251 352.208 352.159 352.104 352.046 351.976 351.879 351.764 351.664 351.626 351.656 351.74 351.852 351.969 352.077 352.169 352.244 352.316 352.244 342.841
350.43 348.04 345.65 343.26 340.87 338.48 336.09 333.7 331.31 328.92 326.53 324.14 321.75 319.36 316.97 314.58 312.19 309.799 307.409 305.019 302.629 300.239 297.849 295.459 293.069 290.679 288.289 285.899 283.509 281.119 278.729 276.338 273.947 276.334 278.712 352.876 352.822 352.772 352.72 352.673 352.629 352.592 352.557 352.522 352.487 352.452 352.416 352.378 352.333 352.282 352.226 352.167 352.095 351.998 351.885 351.789 351.752 351.782 351.861 351.968 352.086 352.198 352.292 352.369 352.378 351.051 335.484
344.66 342.27 339.88 337.49 335.1 332.71 330.32 327.93 325.54 323.15 320.76 318.37 315.98 313.59 311.2 308.81 306.42 304.029 301.639 299.249 296.859 294.469 292.079 289.689 287.299 284.909 282.519 280.129 277.739 275.349 272.959 270.568 268.178 265.786 268.172 270.547 352.94 352.893 352.849 352.803 352.762 352.725 352.689 352.654 352.618 352.583 352.546 352.507 352.461 352.409 352.352 352.292 352.221 352.125 352.012 351.921 351.884 351.908 351.988 352.093 352.21 352.324 352.421 352.503 352.431 343.707 333.047
338.89 336.5 334.11 331.72 329.33 326.94 324.55 322.16 319.77 317.38 314.99 312.6 310.21 307.82 305.43 303.04 300.65 298.259 295.869 293.479 291.089 288.699 286.309 283.919 281.529 279.139 276.749 274.359 271.969 269.579 267.188 264.798 262.408 260.017 257.626 260.01 262.381 353.011 352.971 352.933 352.893 352.857 352.823 352.788 352.751 352.715 352.678 352.639 352.592 352.541 352.483 352.425 352.355 352.263 352.155 352.065 352.026 352.052 352.129 352.233 352.348 352.462 352.558 352.62 352.207 341.219 335.663
333.12 330.73 328.34 325.95 323.56 321.17 318.78 316.39 314 311.61 309.22 306.83 304.44 302.05 299.66 297.27 294.88 292.489 290.099 287.709 285.319 282.929 280.539 278.149 275.759 273.369 270.979 268.589 266.199 263.809 261.418 259.028 256.638 254.247 251.857 249.465 251.848 254.216 353.082 353.049 353.019 352.984 352.95 352.916 352.88 352.843 352.806 352.766 352.721 352.67 352.615 352.558 352.493 352.407 352.307 352.224 352.191 352.211 352.284 352.382 352.491 352.601 352.695 352.735 349.593 343.629 334.921
327.35 324.96 322.57 320.18 317.79 315.4 313.01 310.62 308.23 305.84 303.45 301.06 298.67 296.28 293.89 291.5 289.11 286.719 284.329 281.939 279.549 277.159 274.769 272.379 269.989 267.599 265.209 262.819 260.429 258.039 255.648 253.258 250.868 248.477 246.087 243.696 241.304 243.686 246.051 353.15 353.125 353.1 353.068 353.034 352.999 352.963 352.925 352.887 352.842 352.792 352.739 352.685 352.624 352.547 352.457 352.384 352.353 352.374 352.438 352.527 352.63 352.733 352.823 352.865 352.175 342.648 323.655
321.58 319.19 316.8 314.41 312.02 309.63 307.24 304.85 302.46 300.07 297.68 295.29 292.9 290.51 288.12 285.73 283.34 280.949 278.559 276.169 273.779 271.389 268.999 266.609 264.219 261.829 259.439 257.049 254.659 252.269 249.878 247.488 245.098 242.707 240.317 237.926 235.535 233.143 235.524 237.888 353.217 353.199 353.175 353.143 353.109 353.074 353.037 352.999 352.955 352.907 352.857 352.806 352.75 352.679 352.6 352.535 352.508 352.526 352.586 352.665 352.759 352.858 352.943 352.902 351.206 331.581 304.095
315.824 313.42 311.03 308.64 306.25 303.86 301.47 299.08 296.69 294.3 291.91 289.52 287.13 284.74 282.35 279.96 277.57 275.179 272.789 270.399 268.009 265.619 263.229 260.839 258.449 256.059 253.669 251.279 248.889 246.499 244.108 241.718 239.328 236.937 234.547 232.156 229.766 227.375 224.983 227.364 229.729 353.286 353.268 353.244 353.211 353.178 353.143 353.105 353.064 353.02 352.972 352.926 352.874 352.811 352.741 352.683 352.66 352.676 352.729 352.802 352.888 352.978 353.024 352.721 339.457 312.209 273.89
310.059 307.664 305.26 302.87 300.48 298.09 295.7 293.31 290.92 288.53 286.14 283.75 281.36 278.97 276.58 274.19 271.8 269.409 267.019 264.629 262.239 259.849 257.459 255.069 252.679 250.289 247.899 245.509 243.119 240.729 238.338 235.948 233.558 231.167 228.777 226.386 223.996 221.605 219.214 219.207 221.588 223.956 353.349 353.331 353.305 353.273 353.24 353.204 353.166 353.124 353.08 353.038 352.992 352.936 352.878 352.829 352.808 352.823 352.869 352.934 353.012 353.093 352.871 347.054 319.313 273.445 269.071
305.263 301.899 299.504 297.1 294.71 292.32 289.93 287.54 285.15 282.76 280.37 277.98 275.59 273.2 270.81 268.42 266.03 263.639 261.249 258.859 256.469 254.079 251.689 249.299 246.909 244.519 242.129 239.739 237.349 234.959 232.568 230.178 227.788 225.397 223.007 220.616 218.226 215.835 213.444 213.438 213.423 215.804 218.176 353.404 353.382 353.358 353.326 353.292 353.257 353.217 353.177 353.139 353.099 353.052 353.002 352.963 352.946 352.96 353 353.055 353.124 352.968 351.74 326.159 255.037 255.784 254.043
299.493 297.103 293.739 291.344 288.94 286.55 284.16 281.77 279.38 276.99 274.6 272.209 269.819 267.429 265.039 262.65 260.259 257.869 255.479 253.089 250.699 248.309 245.919 243.529 241.139 238.749 236.359 233.969 231.579 229.189 226.798 224.408 222.018 219.627 217.237 214.846 212.456 210.065 207.674 207.668 207.653 210.03 212.413 214.784 353.446 353.423 353.402 353.371 353.337 353.3 353.264 353.229 353.196 353.155 353.114 353.083 353.069 353.082 353.115 353.162 353.068 351.102 331.753 245.364 247.204 246 248.644
293.723 291.333 288.943 285.579 283.184 280.78 278.389 275.999 273.609 271.219 268.829 266.439 264.049 261.659 259.269 256.879 254.489 252.099 249.709 247.319 244.929 242.539 240.149 237.759 235.369 232.979 230.589 228.199 225.809 223.418 221.028 218.638 216.248 213.857 211.467 209.076 206.686 204.295 201.904 201.897 201.883 204.26 206.642 209.024 211.388 353.474 353.452 353.439 353.407 353.375 353.342 353.312 353.282 353.248 353.214 353.188 353.18 353.19 353.22 353.259 350.273 335.332 228.168 233.084 237.78 240.418 242.902
291.333 285.563 283.173 280.783 277.418 275.024 272.619 270.229 267.839 265.449 263.059 260.669 258.279 255.889 253.499 251.109 248.719 246.329 243.939 241.549 239.159 236.769 234.379 231.989 229.599 227.209 224.819 222.429 220.039 217.648 215.258 212.868 210.478 208.087 205.697 203.306 200.916 198.525 196.134 196.127 196.113 198.49 200.872 203.262 205.641 207.983 353.483 353.47 353.471 353.441 353.411 353.384 353.358 353.332 353.304 353.283 353.277 353.288 353.311 349.388 345.046 221.266 228.591 229.562 232.206 234.677 237.123
288.943 283.173 277.403 275.013 272.623 269.258 266.864 264.459 262.069 259.679 257.289 254.899 252.509 250.119 247.729 245.339 242.949 240.559 238.169 235.779 233.389 230.999 228.609 226.219 223.829 221.439 219.049 216.659 214.269 211.878 209.488 207.098 204.708 202.317 199.927 197.536 195.146 192.754 190.363 190.357 190.342 192.72 195.102 197.492 199.881 202.25 204.551 353.472 353.474 353.498 353.473 353.45 353.427 353.404 353.383 353.366 353.363 353.373 349.389 342.618 210.403 221.581 223.523 223.772 226.367 228.902 231.34
286.553 280.783 275.013 269.243 266.853 264.463 261.098 258.703 256.298 253.908 251.518 249.128 246.739 244.349 241.959 239.569 237.179 234.789 232.399 230.009 227.619 225.229 222.839 220.449 218.059 215.669 213.279 210.889 208.499 206.108 203.718 201.328 198.938 196.547 194.157 191.766 189.375 186.984 184.593 184.586 184.572 186.95 189.331 191.721 194.11 196.445 198.798 201.027 353.419 353.35 353.361 353.505 353.486 353.467 353.45 353.438 353.435 350.08 342.475 217.041 215.51 219.821 217.751 217.915 220.521 223.087 225.525
284.163 278.393 272.623 266.853 261.083 258.692 256.302 252.937 250.542 248.137 245.747 243.357 240.968 238.578 236.189 233.799 231.409 229.019 226.629 224.239 221.849 219.459 217.069 214.679 212.289 209.899 207.509 205.119 202.729 200.338 197.948 195.558 193.168 190.777 188.387 185.996 183.605 181.214 178.823 178.816 178.802 181.179 183.561 185.95 188.338 190.674 193.06 195.373 197.496 202.806 353.16 353.309 353.535 353.519 353.506 353.496 351.1 344.442 226.507 207.372 213.589 211.964 211.94 212.009 214.651 217.21 219.695
280.37 276.003 270.233 264.463 258.693 252.922 250.532 248.141 244.776 242.381 239.976 237.586 235.197 232.807 230.418 228.028 225.639 223.249 220.859 218.469 216.079 213.689 211.299 208.909 206.519 204.129 201.739 199.349 196.959 194.568 192.178 189.788 187.398 185.007 182.617 180.226 177.835 175.444 173.052 173.046 173.031 175.409 177.79 180.179 182.567 184.9 187.284 189.66 192.023 194.016 210.645 353.016 353.21 353.564 353.552 352.156 347.427 238.838 216.829 208.529 208.17 206.158 206.081 206.127 208.769 211.335 213.748
274.6 272.21 267.843 262.073 256.303 250.532 244.761 242.371 239.981 236.615 234.22 231.816 229.426 227.036 224.647 222.258 219.868 217.478 215.089 212.699 210.309 207.919 205.529 203.139 200.749 198.359 195.969 193.579 191.189 188.798 186.408 184.018 181.628 179.237 176.847 174.456 172.065 169.674 167.282 167.275 167.261 169.638 172.019 174.407 176.793 179.123 181.498 183.864 186.226 191.952 202.099 218.431 352.754 352.553 351.898 350.033 252.839 226.906 200.219 200.772 198.863 200.543 200.199 200.209 202.883 205.442 207.842
268.83 266.44 264.05 259.683 253.913 248.143 242.372 236.601 234.21 231.82 228.454 226.059 223.655 221.265 218.876 216.487 214.097 211.708 209.318 206.929 204.539 202.149 199.759 197.369 194.979 192.589 190.199 187.809 185.419 183.028 180.638 178.248 175.858 173.467 171.077 168.686 166.295 163.904 161.512 161.505 161.49 163.867 166.247 168.633 171.016 173.34 175.707 178.058 183.823 189.563 200.038 210.193 226.277 279.373 272.253 266.826 238.445 210.023 196.556 195.578 193.275 194.823 194.382 194.294 196.972 199.54 201.911
263.06 260.67 258.28 255.89 251.523 245.753 239.982 234.211 228.44 226.049 223.659 220.293 217.899 215.494 213.105 210.715 208.326 205.937 203.548 201.158 198.768 196.379 193.989 191.599 189.209 186.819 184.429 182.039 179.649 177.258 174.868 172.478 170.087 167.697 165.307 162.916 160.525 158.133 155.742 155.735 155.719 158.095 160.473 162.857 165.235 167.556 169.915 172.298 172.644 174.816 177.104 179.317 181.107 182.216 183.168 249.252 219.582 206.273 187.475 185.594 187.705 189.022 188.515 188.389 191.056 193.619 195.976
257.29 254.9 252.51 250.12 247.73 243.363 237.593 231.822 226.051 220.279 217.888 215.498 212.132 209.738 207.334 204.944 202.555 200.166 197.777 195.387 192.998 190.608 188.218 185.829 183.439 181.049 178.659 176.269 173.879 171.488 169.098 166.708 164.317 161.927 159.536 157.146 154.755 152.363 149.971 149.964 149.948 152.322 154.698 157.078 159.454 161.776 164.149 166.54 166.903 169.097 171.426 173.766 176.03 177.634 179.338 180.773 182.716 185.48 182.791 180.304 182.075 183.283 182.654 182.473 185.139 187.698 190.032
251.52 249.13 246.74 244.35 241.96 239.569 235.203 229.433 223.662 217.89 212.117 209.727 207.336 203.97 201.576 199.173 196.784 194.395 192.006 189.616 187.227 184.838 182.448 180.058 177.669 175.279 172.889 170.499 168.108 165.718 163.328 160.938 158.547 156.157 153.766 151.376 148.985 146.593 144.201 144.193 144.176 146.548 148.921 151.299 153.676 156.004 158.38 160.769 161.125 163.308 165.622 167.947 170.213 171.879 174.222 175.174 177.026 179.098 177.556 174.431 176.265 177.515 176.817 176.573 179.238 181.795 184.107
245.75 243.36 240.97 238.58 236.19 233.799 231.409 227.043 221.272 215.501 209.729 203.956 201.565 199.175 195.809 193.415 191.012 188.623 186.234 183.845 181.456 179.067 176.678 174.288 171.898 169.508 167.118 164.729 162.338 159.948 157.558 155.168 152.777 150.387 147.996 145.606 143.215 140.823 138.43 138.422 138.402 140.772 143.143 145.522 147.902 150.277 152.609 155.058 155.341 157.51 159.812 162.134 164.42 166.086 168.411 169.407 171.421 169.321 169.683 168.82 170.52 171.723 170.984 170.682 173.34 175.891 178.176
239.98 237.59 235.2 232.81 230.42 228.029 225.639 223.249 218.883 213.112 207.341 201.568 195.793 193.403 191.013 187.647 185.254 182.851 180.462 178.074 175.685 173.296 170.907 168.518 166.128 163.738 161.348 158.958 156.568 154.178 151.788 149.398 147.007 144.617 142.226 139.835 137.444 135.052 132.66 132.65 132.627 134.995 137.367 139.747 142.129 144.513 146.899 149.28 149.551 151.708 154.004 156.332 158.624 160.285 162.646 163.63 165.629 163.591 164.157 163.194 164.808 165.914 165.129 164.77 167.401 169.929 172.182
234.21 231.82 229.43 227.04 224.65 222.259 219.869 217.479 215.089 210.723 204.952 199.18 193.407 187.631 185.24 182.851 179.485 177.092 174.69 172.302 169.914 167.525 165.136 162.747 160.357 157.968 155.578 153.188 150.798 148.408 146.018 143.628 141.237 138.847 136.456 134.065 131.674 129.282 126.888 126.877 126.851 129.219 131.591 133.973 136.356 138.74 141.122 143.497 143.754 145.904 148.2 150.525 152.847 155.171 156.868 157.853 159.789 157.707 158.356 157.461 159.063 160.141 159.281 158.866 161.479 163.982 166.199
228.44 226.05 223.66 221.27 218.88 216.489 214.099 211.709 209.319 206.929 202.562 196.792 191.019 185.245 179.468 177.078 174.689 171.323 168.93 166.529 164.141 161.753 159.365 156.976 154.587 152.197 149.808 147.418 145.028 142.638 140.248 137.858 135.467 133.077 130.686 128.295 125.904 123.511 121.117 121.103 121.075 123.443 125.817 128.199 130.583 132.965 135.342 137.71 137.955 140.1 142.394 144.715 147.037 149.351 151.688 153.697 153.928 151.853 152.566 151.708 153.322 154.358 153.439 152.96 155.548 158.021 160.193
226.05 220.28 217.89 215.5 213.11 210.719 208.329 205.939 203.549 201.159 198.769 194.402 188.631 182.858 177.082 171.304 168.915 166.527 163.161 160.769 158.368 155.981 153.593 151.205 148.816 146.427 144.037 141.648 139.258 136.868 134.478 132.087 129.697 127.306 124.916 122.525 120.134 117.741 115.344 115.328 115.299 117.668 120.042 122.425 124.807 127.187 129.558 131.92 132.154 134.295 136.586 138.907 141.219 143.526 145.866 148.217 148.093 146.104 146.827 145.945 147.567 148.578 147.601 147.065 149.631 152.074 154.2
220.655 217.89 212.12 209.73 207.34 204.949 202.559 200.169 197.779 195.389 192.999 190.609 186.241 180.469 174.696 168.919 163.14 160.752 158.364 154.999 152.608 150.207 147.821 145.433 143.044 140.656 138.267 135.877 133.487 131.098 128.707 126.317 123.927 121.536 119.146 116.755 114.363 111.969 109.571 109.554 109.523 111.892 114.267 116.65 119.03 121.405 123.77 126.127 126.351 128.488 130.777 133.094 135.405 137.727 140.068 142.392 142.418 141.834 140.966 140.173 141.857 142.889 141.803 141.147 143.717 146.119 148.193
