tests/full-run-ref/erosion_2010_78_22_-42.864.asc
ncols 512
nrows 512
xllcorner -3.24582
yllcorner -4.08743
cellsize 5
NODATA_value -99999
[rows 108 to 143 of 512, columns 82 to 163 of 512]
13.9188 16.3063 22.0774 27.8484 32.6276 38.3966 44.164 49.9349 55.7066 55.6701 53.2734 50.8746 48.4708 46.0662 46.0687 46.0769 48.4815 50.8816 51.9024 54.2955 56.6882 59.0773 61.4641 63.8544 66.245 68.6355 71.0359 73.0293 73.0299 73.0301 73.0301 73.0301 73.0301 73.0301 73.0301 73.0301 73.0301 73.0301 73.017 78.781 84.5565 80.6796 74.9018 69.1247 63.3466 57.5679 51.7885 46.0083 40.2274 34.4457 28.6633 22.8801 17.096 11.3122 5.69552 5.77 5.77 5.77 5.77 5.77 5.77 5.77 5.77 5.77 5.76945 8.15617 13.9272 11.5374 5.76828 5.77 5.77 5.77 5.77 5.77 5.77 5.77 5.77 5.77 5.77 5.77 5.77 5.76928
19.6921 22.0804 24.469 30.2397 36.0106 40.7901 46.5593 52.3272 52.2914 49.8966 47.5004 45.1014 42.6959 40.289 40.2915 40.3003 42.7071 45.1091 46.1305 48.5243 50.9174 53.3058 55.6935 58.084 60.4741 62.8641 65.2638 71.0358 73.0296 73.0301 73.0301 73.0301 73.0301 73.0301 73.0301 73.0301 73.0301 73.0268 73.016 78.7752 84.5521 80.6698 74.8925 69.115 63.3367 57.5575 51.7775 45.9966 40.2149 34.4322 28.6487 22.8641 17.0784 11.2928 5.68978 5.77 5.77 5.77 5.77 5.77 5.77 5.77 5.77 5.77 5.76903 11.5369 16.3163 11.5358 5.76812 5.77 5.77 5.77 5.77 5.77 5.77 5.77 5.77 5.77 5.77 5.77 5.77 5.77
25.4635 27.8528 30.2418 32.6309 38.4014 44.172 48.9521 48.9319 46.5339 44.1246 41.7283 39.3285 36.921 34.5118 34.5142 34.5233 36.9327 39.3368 40.3588 42.7532 45.1461 47.5346 49.9224 52.3133 54.7029 57.1021 62.8671 68.6384 73.029 71.0381 73.0301 73.0301 73.0301 73.0301 73.0301 73.0301 73.0265 73.0162 78.7734 81.1661 86.4332 80.6563 74.8802 69.1033 63.3249 57.5456 51.7652 45.9837 40.2011 34.4173 28.6323 22.8459 17.058 11.2701 5.68314 5.77 5.77 5.77 5.77 5.77 5.77 5.77 5.77 5.77 5.7691 11.5378 13.9257 8.15407 5.76889 5.77 5.77 5.77 5.77 5.77 5.77 5.77 5.77 5.77 5.77 5.77 5.77 5.77
27.8581 33.6237 36.0135 38.4029 40.7924 46.5627 52.3126 46.5415 40.7675 38.368 35.9564 33.5556 31.1462 28.7345 28.7368 28.7461 31.1581 33.5645 34.587 36.9817 39.375 41.7637 44.1514 46.5418 48.9406 54.706 60.477 65.2708 71.035 73.029 73.0299 73.0301 73.0301 73.0301 73.0301 73.0263 73.0156 78.7715 81.1628 86.9374 86.4149 80.6381 74.8628 69.0861 63.3083 57.5292 51.7485 45.9664 40.1828 34.3976 28.6107 22.8219 17.0312 11.2402 5.67448 5.77 5.77 5.77 5.77 5.77 5.77 5.77 5.77 5.77 5.76952 8.15778 11.5383 5.76832 5.7698 5.77 5.77 5.77 5.77 5.77 5.77 5.77 5.77 5.77 5.77 5.77 5.77 5.77
25.4675 31.2378 37.008 42.7782 46.5636 48.9538 49.9224 44.1512 38.3793 32.6018 30.1994 27.7827 25.3713 22.9573 22.9592 22.9687 25.3833 27.7921 28.8152 31.2104 33.6041 35.9946 38.3794 40.7792 46.5456 52.317 57.1107 62.8745 65.2693 71.0313 73.0294 73.0299 73.0301 73.0301 73.0267 73.0159 78.7756 81.1611 86.9349 89.3302 86.3967 80.6231 74.8475 69.0705 63.293 57.5139 51.7333 45.951 40.1668 34.3807 28.5924 22.8017 17.0087 11.2129 5.64373 5.76376 5.77 5.77 5.77 5.77 5.77 5.77 5.76965 5.76875 5.76782 5.76625 11.5374 5.76686 5.76945 5.76986 5.76995 5.77 5.77 5.77 5.77 5.77 5.77 5.77 5.77 5.77 5.77 5.77
23.0772 28.8474 34.6177 40.3879 46.1582 51.9286 47.5321 41.7613 35.9901 30.2159 24.4325 22.0245 19.5961 17.18 17.1816 17.1913 19.6085 22.0346 23.0434 25.4393 27.833 30.2248 32.6167 38.3843 44.1568 48.9508 54.7145 57.1088 62.8704 65.2663 71.0218 73.0296 73.0301 73.0272 73.0166 78.7731 81.1646 86.9348 89.329 87.2884 81.5219 79.1323 76.7439 71.4719 65.6968 59.919 54.1409 48.3621 42.5818 36.7999 31.0159 25.2302 19.4425 13.6858 7.92561 5.72185 5.76531 5.76867 5.76908 5.76919 5.76812 5.76658 5.76276 8.15138 11.0151 8.14886 13.9235 8.1528 6.15294 6.15584 5.76852 5.76953 5.77 5.77 5.77 5.77 5.77 5.77 5.77 5.77 5.77 5.77
25.4677 31.2379 37.0081 42.7782 48.5483 50.9125 45.1419 39.3714 33.6006 27.8286 22.0505 16.2562 13.8359 11.4021 11.4041 11.4137 13.8491 16.269 17.2724 19.6677 22.0609 24.4547 30.2295 36.0009 40.7899 46.5541 48.9484 54.7099 57.105 62.8595 68.6305 73.029 73.0277 73.0187 78.7736 81.1623 86.9346 89.3315 87.2882 81.5114 79.1206 73.3543 70.9653 68.5796 66.1935 62.3233 56.5495 50.7724 44.9944 39.216 33.4359 27.656 21.9073 16.1297 13.7672 8.07614 6.10477 6.13112 6.1364 6.13954 6.13813 8.1404 8.13554 13.9136 16.3133 13.9212 16.3137 13.9236 11.9226 11.924 8.15255 5.76566 5.76907 5.76979 5.76992 5.77 5.77 5.77 5.77 5.77 5.77 5.77
27.8582 33.6283 38.4087 40.7985 46.5687 48.5225 42.752 36.9816 31.2109 25.4399 19.666 13.8811 8.07703 5.71015 5.72081 5.71634 8.09481 11.5017 11.4999 13.8978 16.2904 22.0675 27.8417 32.6293 38.3933 40.7874 46.5494 48.9448 54.6992 60.4696 66.2396 73.0243 73.0203 78.7809 81.1661 84.9564 89.3274 90.6715 84.894 79.1172 73.3416 70.9536 65.1855 62.7975 60.4128 58.0285 55.6424 53.1741 47.4004 41.6237 35.8466 30.1018 24.3293 21.9512 16.2489 13.8635 11.8818 11.8989 11.8991 11.9078 11.9083 13.9126 13.9099 16.3057 16.3194 16.3194 16.3194 16.3187 16.3183 16.3148 13.9187 8.14559 6.14819 6.15465 5.76818 5.76962 5.76992 5.77 5.77 5.77 5.77 5.77
27.8587 30.2485 32.6383 38.4084 44.1787 46.1498 40.3794 34.6091 28.8386 23.0679 17.2963 11.5195 5.74288 5.76734 5.77 5.76803 5.76066 5.75418 5.75063 8.12904 13.9073 19.6831 24.4694 30.2372 32.6266 38.3884 40.7838 46.5382 48.9403 54.7091 57.0962 62.8594 65.2492 71.0206 76.7932 82.5648 88.3378 88.2792 82.5035 76.7265 70.9485 65.1706 62.7854 57.0152 54.6287 52.2458 49.8619 47.4762 45.0895 42.717 38.2855 32.5162 30.1265 24.4242 22.0366 19.6495 17.6682 16.3036 16.3101 16.3138 16.3163 16.3145 16.3176 16.3192 16.32 16.32 16.32 16.32 16.32 16.3195 16.3113 13.9176 11.9191 11.9221 8.15239 6.156 5.76959 5.77 5.77 5.77 5.77 5.77
22.0882 24.478 30.2482 36.0184 41.7887 46.1579 40.3877 34.6175 28.8472 23.0768 17.3062 11.5351 5.76659 5.77 5.77 5.77 5.77 5.77 5.76897 5.7592 11.5279 16.3089 22.0768 24.4666 30.2347 32.6222 38.3769 40.7796 46.5494 48.9374 54.7025 57.0895 62.8607 68.632 74.4028 80.1736 85.948 82.9447 80.1128 74.3384 68.5597 62.7789 56.9983 54.6161 48.8431 46.4585 44.078 41.6953 39.3098 36.9386 34.5666 36.9639 32.5957 30.2028 24.4494 22.0619 16.3009 16.3167 16.32 16.32 16.32 16.32 16.32 16.32 16.32 16.32 16.32 16.32 16.32 16.32 16.3193 16.3183 16.3178 16.3141 13.9209 8.15366 5.76947 5.77 5.77 5.77 5.77 5.77
16.3176 22.0879 27.8583 33.6286 39.3988 42.7791 40.3883 34.6182 28.848 23.0777 17.3073 11.5367 5.76841 5.76989 5.77 5.77 5.77 5.77 5.77 5.7684 8.15212 13.9204 16.3058 22.0739 24.464 30.2307 32.6178 38.3883 40.7761 46.5418 48.9281 54.7 60.4722 65.2622 71.022 76.7979 86.3292 80.5523 74.7754 71.9475 66.173 60.3922 54.6084 48.8246 46.4455 40.6687 38.2869 35.9094 33.5285 31.1589 28.786 31.187 33.5809 27.8093 22.0353 16.2877 16.311 16.32 16.32 16.32 16.32 16.32 16.32 16.32 16.32 16.32 16.32 16.32 16.32 16.32 16.32 16.32 16.32 16.3174 11.5239 5.7586 5.76884 5.77 5.77 5.77 5.77 5.77
13.9277 19.6982 25.4685 31.2387 37.0089 37.0091 34.619 34.6192 31.2383 25.4681 19.6978 13.9274 8.15707 5.76928 5.7699 5.77 5.77 5.77 5.77 5.76975 5.76677 8.14882 13.9176 16.3029 22.0701 24.4605 30.2296 32.6147 38.3808 40.7664 46.5391 52.3116 57.1024 62.8632 65.2597 71.0236 83.9367 78.1611 72.384 66.6068 63.7815 58.007 52.2239 46.4367 40.6489 38.2734 32.4925 30.114 27.7404 25.3755 23.005 25.4085 27.8074 25.4203 19.6393 16.296 16.32 16.32 16.32 16.32 16.32 16.32 16.32 16.3196 16.32 16.32 16.32 16.32 16.32 16.32 16.32 16.32 16.32 16.3172 13.9076 8.13194 5.75976 5.7682 5.76953 5.7698 5.76988 5.76985
11.5383 17.3087 23.079 28.8492 33.6291 31.239 28.8489 28.849 28.8492 27.8583 22.0881 16.318 13.9278 8.15798 5.76961 5.77 5.77 5.77 5.77 5.77 5.76963 5.76573 8.14639 13.9164 16.2992 22.0685 24.4556 30.2215 32.6047 38.3778 44.1509 48.9418 54.703 57.0995 62.8604 65.2503 81.5446 75.7711 69.9942 64.2155 58.4368 55.6146 49.8401 44.0548 38.2639 32.4713 30.0995 24.3144 21.94 19.5836 17.2187 19.6295 22.0457 24.4529 22.0584 16.2988 16.32 16.32 16.32 16.32 16.32 16.32 16.3196 16.32 16.32 16.32 16.32 16.32 16.3198 16.32 16.32 16.32 16.32 16.319 16.3028 13.9026 8.12768 6.13683 6.15374 6.15784 6.15955 5.76993
13.9291 19.6991 25.4692 30.2493 27.8591 25.4689 23.0787 23.0788 23.079 22.0888 19.6985 17.3085 16.3186 11.5386 5.7693 5.77 5.77 5.77 5.77 5.77 5.77 5.76955 5.76514 8.14546 13.9137 16.2942 22.0603 24.4449 30.2186 35.9921 40.7814 46.5422 48.9388 54.6999 57.0965 62.8454 76.7833 73.3807 67.6048 61.8257 56.0445 50.2634 47.4455 41.6707 35.8812 30.087 24.2904 21.9237 16.1348 13.7834 11.4278 13.8652 16.2761 22.0623 19.6775 16.3031 16.32 16.32 16.32 16.32 16.32 16.3196 16.32 16.32 16.32 16.32 16.32 16.3198 16.32 16.32 16.32 16.32 16.32 16.32 16.3188 16.2994 13.9037 11.9133 11.9251 8.15752 5.76955 5.76995
13.9296 19.6996 25.4697 24.4793 22.0891 19.6987 17.3086 17.3087 17.3088 16.3186 13.9284 11.538 11.5384 11.5391 5.76937 5.77 5.77 5.77 5.77 5.77 5.77 5.77 5.76952 5.76449 8.14307 13.9089 16.2833 22.0574 27.8314 32.6208 38.3812 40.7771 46.5382 48.9353 54.6913 57.0879 62.8336 68.6241 65.2189 59.4367 53.6563 47.8738 42.0921 39.2642 33.4846 27.7017 21.9058 16.1054 13.7749 8.06961 8.12572 8.123 13.8969 16.2975 22.0764 16.3041 16.32 16.32 16.32 16.32 16.3196 16.32 16.32 16.32 16.32 16.32 16.3198 16.32 16.32 16.32 16.32 16.32 16.32 16.32 16.32 16.3186 16.3163 13.9138 8.14277 5.76644 5.76964 5.77
11.5395 17.3096 23.0797 22.0893 16.319 13.9287 11.5384 11.5385 11.5387 11.5388 8.15827 5.76915 5.76936 5.76946 5.76961 5.77 5.77 5.77 5.77 5.77 5.77 5.77 5.77 5.76942 5.76266 8.13602 13.9033 19.6778 24.4612 30.2243 32.6155 38.377 40.7737 46.5306 48.9307 54.6816 57.0791 62.8556 65.7837 60.0019 54.2249 48.447 42.6661 36.8655 31.087 25.3093 19.5228 13.7318 8.04734 8.14859 8.16002 8.15701 8.14689 13.9104 19.6841 16.3116 16.32 16.32 16.32 16.3196 16.32 16.32 16.32 16.32 16.32 16.3194 16.32 16.32 16.32 16.32 16.3192 16.32 16.32 16.32 16.32 16.32 16.3136 11.5101 5.75026 5.76837 5.77 5.77
13.9297 19.6997 24.4799 19.6992 13.929 8.15869 5.76933 5.76952 5.76955 5.76957 5.76971 5.76987 5.77 5.77 5.77 5.77 5.77 5.77 5.77 5.77 5.77 5.77 5.77 5.77 5.76918 5.75947 11.5228 16.3006 22.0636 24.4545 30.2187 32.6122 38.3693 40.7694 46.5205 48.9182 54.6912 60.4659 63.3982 57.6149 51.8371 46.0588 40.2786 34.4914 28.7003 22.9161 17.131 11.3609 8.11132 8.16001 8.16002 8.16002 8.15596 11.5238 13.9066 16.3103 16.3149 16.3132 16.3119 16.315 16.3145 16.3157 16.3188 16.32 16.3183 16.32 16.32 16.32 16.32 16.3192 16.32 16.32 16.32 16.32 16.32 16.32 16.3121 12.5774 6.805 5.76604 5.77 5.77
13.9298 16.3198 22.0898 17.3096 11.5394 5.76958 5.76996 5.77 5.77 5.77 5.77 5.77 5.77 5.77 5.77 5.77 5.77 5.77 5.77 5.77 5.77 5.77 5.77 5.77 5.77 5.76757 8.14748 13.9131 16.2934 22.0578 24.4509 30.2179 32.6075 38.3588 40.7558 46.5291 52.3031 57.0865 62.8646 57.6316 51.8539 46.0771 40.2996 34.5209 28.7384 22.9523 17.1676 11.4117 8.12513 8.16001 8.16002 8.16002 8.15799 8.15528 8.14951 13.9195 13.9198 11.5225 11.5225 12.4747 11.5164 13.9058 16.3027 16.316 16.32 16.32 16.32 16.32 16.3192 16.32 16.32 16.32 16.32 16.32 16.32 16.32 16.315 14.9701 9.19325 5.75679 5.76926 5.77
8.15973 13.9298 16.3198 16.3198 11.5397 5.76985 5.77 5.77 5.77 5.77 5.77 5.77 5.77 5.77 5.77 5.77 5.77 5.77 5.77 5.77 5.77 5.77 5.77 5.77 5.77 5.76959 5.76433 8.14011 13.9084 16.2895 22.0566 24.4487 30.2117 32.5927 38.3668 44.1412 48.9236 54.6979 60.465 57.6497 51.8727 46.0967 40.3205 34.5437 28.766 22.9863 17.2037 11.4308 8.12764 8.16001 8.16002 8.16002 8.16002 8.16002 8.15716 11.5359 8.15149 8.15336 8.15371 8.15291 8.15135 8.13373 13.8833 16.3098 16.3183 16.32 16.32 16.3192 16.32 16.32 16.32 16.32 16.32 16.32 16.32 16.32 16.3188 16.3127 12.9453 7.17258 5.76632 5.77
5.76993 8.15977 11.5397 11.5398 8.15973 5.7699 5.77 5.77 5.77 5.77 5.77 5.77 5.77 5.77 5.77 5.77 5.77 5.77 5.77 5.77 5.77 5.77 5.77 5.77 5.77 5.77 5.76933 5.76235 8.13656 13.906 16.2867 22.0498 24.4327 30.2077 35.9823 40.7619 46.5354 52.3008 54.6931 57.0855 51.8547 46.0787 40.3034 34.5276 28.7512 22.9746 17.1756 11.3762 8.11857 8.16002 8.16002 8.15907 8.16002 8.16002 8.15917 8.15821 8.15904 8.16002 8.16002 8.16002 8.16002 8.14635 11.4994 17.2886 16.3164 16.32 16.3177 16.32 16.32 16.32 16.32 16.32 16.3189 16.32 16.32 16.32 16.32 16.3164 15.3422 9.5673 5.76115 5.76892
5.76999 5.76995 5.7699 5.76988 5.7699 5.76994 5.77 5.77 5.77 5.77 5.77 5.77 5.77 5.77 5.77 5.77 5.77 5.77 5.77 5.77 5.77 5.77 5.77 5.77 5.77 5.77 5.77 5.76921 5.76119 8.13345 13.8986 16.2697 22.0455 27.8209 32.6003 38.3742 44.138 46.5293 48.9205 54.6897 53.2785 47.5028 41.729 35.9549 30.1803 24.4282 19.5255 13.7613 8.08355 8.15014 8.15771 8.16002 8.16002 8.16002 8.16002 8.16002 8.16002 8.16002 8.16002 8.16002 8.16002 8.1533 11.5207 16.3054 16.3108 16.3143 16.3192 16.32 16.32 16.32 16.32 16.3189 16.32 16.32 16.32 16.32 16.3167 16.2637 13.8693 11.5168 8.15171 5.76839
5.77 5.77 5.77 5.77 5.77 5.77 5.77 5.77 5.77 5.77 5.77 5.77 5.77 5.77 5.77 5.77 5.77 5.77 5.77 5.77 5.77 5.77 5.77 5.77 5.77 5.77 5.77 5.77 5.76909 5.75868 8.12272 13.8891 19.6655 24.4414 30.2157 35.9768 38.3652 40.7555 46.5238 52.2984 50.8865 45.1076 39.3316 33.5551 27.7801 21.9947 21.9834 16.213 13.8601 11.9027 8.14918 8.15591 8.15846 8.15895 8.15878 8.15843 8.15876 8.16002 8.16002 8.16002 8.16002 8.15807 8.14633 13.8929 16.299 13.8871 16.3155 16.32 16.32 16.32 16.317 16.32 16.32 16.32 16.32 16.32 16.3053 13.8473 8.06124 5.74419 5.76692 5.76866
5.77 5.77 5.77 5.77 5.77 5.77 5.77 5.77 5.77 5.77 5.77 5.77 5.77 5.77 5.77 5.77 5.77 5.77 5.77 5.77 5.77 5.77 5.77 5.77 5.77 5.77 5.77 5.77 5.77 5.76874 5.75352 11.5118 16.2806 22.0554 27.8165 30.2022 32.5895 38.359 44.132 49.9074 48.4974 42.7146 36.9358 31.1562 25.3834 22.0334 22.0892 22.0469 19.6603 16.3028 13.9155 11.9198 8.15377 12.9314 8.15629 11.5371 8.15759 8.16002 8.16002 8.16002 8.16002 8.16002 8.15535 8.12295 13.8457 19.6606 16.2956 16.3127 16.32 16.3118 16.32 16.32 16.32 16.3198 16.32 16.32 16.2928 11.4219 5.7087 5.76507 5.77 5.77
5.77 5.77 5.77 5.77 5.77 5.77 5.77 5.77 5.77 5.77 5.77 5.77 5.77 5.77 5.77 5.77 5.77 5.77 5.77 5.77 5.77 5.77 5.77 5.77 5.77 5.77 5.77 5.77 5.77 5.77 5.76606 8.13828 13.8999 19.669 22.0397 24.4241 30.2005 35.9707 41.7431 47.5176 48.504 42.7198 36.9415 31.1624 25.3907 22.0499 22.09 22.0894 22.0876 22.0781 19.6891 16.3108 15.0891 16.314 13.9253 11.5343 8.15695 8.16002 8.16002 8.16002 8.16002 8.16002 8.16002 8.14095 11.4868 17.2787 22.0616 16.2742 16.3008 16.32 16.32 16.32 16.3194 16.32 16.32 16.32 16.2858 13.4953 7.72911 5.76595 5.77 5.77
5.77 5.77 5.77 5.77 5.77 5.77 5.77 5.77 5.77 5.77 5.77 5.77 5.77 5.77 5.77 5.77 5.77 5.77 5.77 5.77 5.77 5.77 5.77 5.77 5.77 5.77 5.77 5.77 5.77 5.77 5.76935 5.76198 11.5183 13.8898 16.2591 22.0366 27.8129 33.5847 39.3567 45.129 50.897 45.1179 39.3429 33.5683 27.8095 22.0558 22.09 22.087 22.09 22.0897 22.0887 22.0841 20.8609 22.0852 17.3021 11.5301 8.15628 8.16002 8.16002 8.15976 8.16002 8.16002 8.16002 8.15233 11.5162 16.2885 22.0592 22.0493 16.2636 16.3076 16.32 16.3184 16.32 16.32 16.32 16.3187 16.2806 11.3861 5.71227 5.76587 5.77 5.77
5.77 5.77 5.77 5.77 5.77 5.77 5.77 5.77 5.77 5.77 5.77 5.77 5.77 5.77 5.77 5.77 5.77 5.77 5.77 5.77 5.77 5.77 5.77 5.77 5.77 5.77 5.77 5.77 5.77 5.76997 5.76999 5.769 5.7558 8.11676 13.8895 19.6608 25.4354 31.2035 36.9752 42.7466 48.5196 42.7421 36.9674 31.1903 25.4182 22.0552 22.0854 22.09 22.09 22.09 22.09 22.09 22.09 22.0886 17.2962 11.5221 8.15496 8.16002 8.15931 8.16002 8.16002 8.16002 8.16002 8.15763 8.14276 13.8863 19.6588 24.4431 22.0472 16.2637 16.3164 16.32 16.32 16.32 16.32 16.3186 15.6159 9.80384 5.72431 5.77 5.77 5.77
5.77 5.77 5.77 5.77 5.77 5.77 5.77 5.77 5.77 5.77 5.77 5.77 5.77 5.77 5.77 5.77 5.77 5.77 5.77 5.77 5.77 5.77 5.77 5.77 5.77 5.77 5.77 5.77 5.77 5.76996 6.16002 5.76999 5.76863 5.74978 11.4999 17.2756 23.0492 28.8193 34.5914 40.3631 46.529 40.7512 38.3634 33.5923 27.8363 27.84 22.0848 22.09 22.09 22.09 22.09 22.09 22.09 22.0891 19.6825 13.9072 8.15083 8.15798 8.16002 8.16002 8.16002 8.16002 8.16002 8.16002 8.14706 11.4866 17.2637 23.045 23.0529 17.279 16.3143 16.32 16.32 16.32 16.32 16.3192 16.3008 11.4527 5.7319 5.77 5.77 5.77
5.77 5.77 5.77 5.77 5.77 5.77 5.77 5.77 5.77 5.77 5.77 5.77 5.77 5.77 5.77 5.77 5.77 5.77 5.77 5.77 5.77 5.77 5.77 5.77 5.77 5.77 5.77 5.77 5.77 5.76997 5.76997 5.76976 5.76781 5.75514 11.5011 17.2746 23.0475 28.8202 34.5926 40.3659 44.1389 38.3592 32.5834 30.1979 27.8122 22.0577 22.0841 22.086 22.0857 22.0864 22.0882 22.0891 22.0892 22.089 22.0741 16.3023 11.5244 8.1567 8.16002 8.16002 8.16002 8.16002 8.16001 8.15643 8.13909 13.8789 19.6547 25.4345 23.0445 17.2734 16.3123 16.32 16.32 16.32 16.32 16.32 16.3037 11.481 5.74437 5.77 5.77 5.77
5.77 5.77 5.77 5.77 5.77 5.77 5.77 5.77 5.77 5.77 5.77 5.77 5.77 5.77 5.77 5.77 5.77 5.77 5.77 5.77 5.77 5.77 5.77 5.77 5.77 5.77 5.77 5.77 5.77 5.77 5.76996 6.15863 8.15724 8.1385 13.8941 19.6658 25.4373 31.2096 36.9815 42.7567 41.7461 35.9669 30.1902 24.4123 22.0288 19.6488 17.2668 17.2872 17.2903 17.2918 17.2938 17.2965 17.2965 19.6865 19.6882 17.2982 11.5277 8.15584 8.16002 8.16002 8.16002 8.16002 8.16001 8.1501 11.4949 16.266 22.0443 27.8239 23.0375 17.2716 16.3095 16.32 16.32 16.32 16.32 16.3169 16.272 11.484 5.75198 5.77 5.77 5.77
5.77 5.77 5.77 5.77 5.77 5.77 5.77 5.77 5.77 5.77 5.77 5.77 5.77 5.77 5.77 5.77 5.77 5.77 5.77 5.77 5.77 5.77 5.77 5.77 5.77 5.77 5.77 5.77 5.77 5.77 5.76997 5.76886 8.15168 13.9153 16.2918 22.0581 27.8295 33.6001 39.3728 45.131 39.352 33.5752 27.7985 22.0194 16.2376 13.8628 11.4886 11.51 11.519 11.52 11.5222 11.5236 11.5234 13.9152 13.9154 11.5267 11.5339 8.15712 8.16002 8.16002 8.16002 8.16001 8.1561 8.13712 13.8709 19.648 24.4383 28.8197 23.0387 17.2744 16.3088 16.32 16.32 16.32 16.32 16.3103 13.8656 8.0883 5.7601 5.77 5.77 5.77
5.77 5.77 5.77 5.77 5.77 5.77 5.77 5.77 5.77 5.77 5.77 5.77 5.77 5.77 5.77 5.77 5.77 5.77 5.77 5.77 5.77 5.77 5.77 5.77 5.77 5.77 5.77 5.77 5.77 5.7698 5.76954 5.76636 5.75924 11.5151 17.2877 23.058 28.8296 34.6017 40.3755 42.7419 36.9637 31.1875 25.4106 19.6316 13.8513 8.1172 8.14645 8.1516 8.15413 8.15511 8.1555 8.15582 8.15563 8.15516 8.15526 8.15626 8.15763 8.1585 8.16002 8.16002 8.16002 8.16001 8.15119 11.4983 16.2569 22.0358 27.8172 24.4431 22.0483 16.2866 16.318 16.32 16.32 16.32 16.32 16.3051 11.475 5.73856 5.76778 5.77 5.77 5.77
5.77 5.77 5.77 5.77 5.77 5.77 5.77 5.77 5.77 5.77 5.77 5.77 5.77 5.77 5.77 5.77 5.77 5.77 5.77 5.77 5.77 5.77 5.77 5.77 5.77 5.77 5.77 5.77 5.77 5.76932 8.15685 11.5368 8.13595 13.9072 19.6791 25.4504 31.2223 36.9947 42.7681 40.3573 34.5811 28.805 23.0277 17.249 11.4731 8.14272 8.16002 8.16002 8.16002 8.16002 8.16002 8.16002 8.16002 8.16002 8.16002 8.16002 8.16002 8.16002 8.16002 8.16002 8.16002 8.16001 8.14481 11.4745 17.2509 23.0337 24.4397 22.0339 16.2952 16.3082 16.32 16.32 16.32 16.32 16.32 16.3043 11.4875 5.75105 5.77 5.77 5.77 5.77
5.77 5.77 5.77 5.77 5.77 5.77 5.77 5.77 5.77 5.77 5.77 5.77 5.77 5.77 5.77 5.77 5.77 5.77 5.77 5.77 5.77 5.77 5.77 5.77 5.77 5.77 5.77 5.77 5.77 5.76864 11.536 16.3076 18.0852 16.3006 22.0726 27.8445 33.6159 36.9934 39.3843 40.369 34.5961 28.8218 23.0463 17.2696 11.4976 8.14842 8.16002 8.16002 8.16002 8.16002 8.16002 8.16002 8.16002 8.16002 8.16002 8.16002 8.16002 8.16002 8.16001 8.16001 8.16001 8.15609 8.13235 13.8554 19.6386 24.4535 22.0382 16.292 16.3089 16.32 16.32 16.32 16.32 16.32 16.317 16.2804 11.4934 5.75474 5.77 5.77 5.77 5.76712
5.77 5.77 5.77 5.77 5.77 5.77 5.77 5.77 5.77 5.77 5.77 5.77 5.77 5.77 5.77 5.77 5.77 5.77 5.77 5.77 5.77 5.77 5.77 5.77 5.77 5.77 5.77 5.77 5.77 5.76801 11.5337 17.3047 23.0753 26.2458 24.4669 30.2379 28.8314 31.2206 33.6122 36.0046 34.6033 28.8302 23.0564 17.2817 11.5097 8.15163 8.16002 8.16002 8.16002 8.16002 8.16002 8.16002 8.16002 8.16002 8.16002 8.16002 8.15734 8.1537 8.15393 8.15445 8.15441 8.14796 11.4812 16.2593 22.0379 22.0504 16.2952 16.3092 16.32 16.32 16.32 16.32 16.32 16.32 16.3118 13.8762 8.10183 5.7621 5.7686 5.76315 5.75818 5.74657
5.77 5.77 5.77 5.77 5.77 5.77 5.77 5.77 5.77 5.77 5.77 5.77 5.77 5.77 5.77 5.77 5.77 5.77 5.77 5.77 5.77 5.77 5.77 5.77 5.77 5.77 5.77 5.77 5.77 5.76741 11.5316 17.3028 23.0738 28.845 27.8455 25.4526 23.0573 25.448 27.8402 30.2343 32.6244 28.8336 23.0615 17.2877 11.5158 8.15337 8.16002 8.16002 8.16002 8.16002 8.16002 8.16002 8.16002 8.16002 8.15924 8.16001 8.15234 12.3086 11.905 8.12672 13.8776 8.11146 13.8567 19.6482 22.0661 16.297 16.3102 16.32 16.32 16.32 16.32 16.32 16.3167 16.3114 16.2878 11.492 5.74641 5.76952 5.76627 8.14619 11.5269 8.13088
5.77 5.77 5.77 5.77 5.77 5.77 5.77 5.77 5.77 5.77 5.77 5.77 5.77 5.77 5.77 5.77 5.77 5.77 5.77 5.77 5.77 5.77 5.77 5.77 5.77 5.77 5.77 5.77 5.76972 5.76588 11.5291 17.3009 23.0728 24.472 22.0775 19.6787 17.2834 19.6751 22.0696 24.4625 30.2341 24.4611 22.0704 17.2915 11.5196 8.15437 8.16002 8.16002 8.16002 8.16002 8.16002 8.15929 8.15865 8.15852 8.16001 8.16002 8.14594 11.4973 16.2786 16.0344 16.2302 18.0275 16.2398 22.0389 19.6608 16.3032 16.32 16.32 16.32 16.32 16.32 16.3167 16.2628 13.8556 11.4826 8.11731 5.76285 6.15512 8.15683 5.76204 8.12954 11.5188
