tests/full-run-ref/erosion_78_20_-12.873.asc
ncols 512
nrows 512
xllcorner -3.24582
yllcorner -4.08743
cellsize 5
NODATA_value -99999
[rows 72 to 107 of 512, columns 246 to 327 of 512]
5.77 5.77 5.77 5.77 5.77 5.77 5.77 5.77 5.77 5.77 5.77 5.77 5.77 5.77 5.7655 11.5288 22.0829 23.0705 23.0587 25.4422 27.8271 30.2193 32.6256 28.7625 22.9665 17.1811 12.1977 12.3199 12.32 12.3189 12.2977 8.08243 5.7448 5.77 5.77 5.77 5.76946 8.15515 13.9188 16.2835 22.0125 62.7671 57.0309 54.6351 48.8883 46.4971 40.727 38.3381 32.5658 30.1788 24.4124 22.0288 16.2663 11.4852 5.7506 5.77 5.77 5.77 5.77 5.77 5.77 5.77 5.77 5.77 5.76102 5.6641 7.83144 12.9848 38.4084 40.15 34.1123 28.2381 22.4002 16.5554 10.715 5.31282 5.77 5.77 5.77 5.77 5.77 5.77
5.76999 5.77 5.77 5.77 5.77 5.77 5.77 5.77 5.77 5.77 5.76999 5.76983 5.76938 5.76873 5.7661 11.5322 19.6945 17.2945 17.2816 19.6649 22.051 24.4426 30.2316 28.7769 22.9883 17.196 12.2146 12.3199 12.32 12.32 12.3099 11.4801 5.72118 5.77 5.77 5.77 5.76966 5.76615 8.15067 11.5245 13.891 16.2335 62.7725 57.0413 54.6731 48.8987 46.507 40.7395 38.3501 32.584 28.8049 23.0297 17.2552 11.4809 5.74856 5.77 5.77 5.77 5.77 5.77 5.77 5.77 5.77 5.76446 5.75549 5.67289 5.44196 10.3409 32.5229 40.2612 33.8621 28.0142 22.1607 16.3402 10.5 5.21004 5.77 5.77 5.77 5.77 5.77 5.77
5.76987 5.76999 5.77 5.77 5.77 5.77 5.77 5.77 5.77 5.77 5.76971 6.1589 8.1585 13.9294 8.15767 13.9285 13.9225 11.5175 11.5036 13.8851 16.2728 22.063 24.5477 22.1467 23.012 17.2178 12.2318 12.3199 12.32 12.32 12.3155 11.4755 5.70689 5.77 5.77 5.77 5.77 5.7695 5.76724 5.75918 8.14234 13.8986 16.2616 22.0279 55.6978 54.6787 48.9095 45.1201 39.3443 33.5683 27.7955 22.0257 16.2581 11.4861 5.7472 5.7638 5.75859 5.75951 5.77 5.77 5.77 5.77 5.77 5.76061 8.14732 11.5341 7.99386 13.2029 26.7911 40.1621 33.9945 27.8054 21.9631 16.1107 10.2858 5.10493 5.77 5.77 5.77 5.77 5.77 5.77
8.15968 5.7699 5.76999 5.77 5.77 5.77 5.77 5.77 5.77 5.77 5.76932 11.5387 13.929 16.3198 13.9296 11.538 8.15147 5.75371 5.73895 8.11232 13.8891 19.6801 18.7691 16.3661 18.7741 17.2451 12.2502 12.3199 12.32 12.32 12.3162 11.471 5.66102 5.76121 5.77 5.7694 5.76895 5.76932 5.77 5.76918 5.76195 8.14266 13.9115 19.6589 49.9245 52.33 48.5032 42.7277 36.9503 31.173 25.3954 19.6187 13.8469 8.09029 5.75632 6.31759 8.11482 5.72918 5.77 5.77 5.77 5.77 5.77 5.76096 8.14695 5.66876 7.97412 13.4862 21.2097 40.0714 34.1818 28.0218 21.789 15.9438 10.0827 5.00717 5.77 5.77 5.77 5.77 5.77 5.77
13.9297 8.15978 5.76995 5.77 5.77 5.77 5.77 5.77 5.77 5.77 5.76923 11.5389 16.3172 11.9367 8.15652 5.76541 5.76688 5.76908 5.76777 5.73946 11.5074 16.9357 12.9852 10.587 12.9894 16.9371 12.2742 12.3199 12.32 12.32 12.318 12.1356 8.00644 5.68295 5.72033 5.73002 8.15086 5.74843 5.76697 5.77 5.7688 5.75677 11.5254 17.284 35.99 41.7638 44.1618 40.338 34.5618 28.7789 22.9993 17.2189 11.4411 5.71858 5.73576 5.71074 11.4553 5.69707 5.77 5.77 5.77 5.77 5.77 5.76396 5.76555 5.75775 5.60044 11.2089 15.5323 40.0692 34.276 28.2678 22.0863 15.8256 9.97777 4.92822 5.77 5.77 5.77 5.77 5.77 5.77
16.3198 11.5398 5.76992 5.77 5.77 5.77 5.77 5.77 5.77 5.77 5.7694 11.5392 11.5378 8.15845 5.7685 5.76926 5.77 5.77 5.77 5.75468 11.5206 14.5488 8.74141 5.72279 8.7497 13.91 12.2896 12.319 12.3175 12.3188 12.3197 12.1741 13.8591 8.02813 13.8679 8.05522 13.8927 8.09311 5.7233 5.7645 5.7693 8.15531 13.9237 16.307 22.0655 27.8302 33.6025 36.0013 36.9639 31.1866 25.4031 19.625 13.8451 8.05986 11.8612 8.04704 11.4278 5.68031 5.77 5.77 5.77 5.77 5.77 5.7588 8.15019 8.14988 5.72749 7.91592 13.2817 39.1075 33.3511 27.3659 21.323 15.1 9.93469 4.98005 5.77 5.77 5.77 5.77 5.77 5.77
17.3098 11.5398 5.76991 5.77 5.77 5.77 5.77 5.77 5.77 5.77 5.76975 8.15948 5.76908 5.76959 5.76992 5.77 5.77 5.77 5.76951 5.75719 11.5301 11.6832 6.36919 5.76119 5.74421 8.1154 12.2764 12.2965 11.4833 12.3018 12.3164 12.2027 16.2379 20.0088 16.2032 20.009 16.2297 13.8326 8.03776 5.70273 5.77 5.76597 8.15119 13.9186 16.3037 22.0744 23.0573 25.4452 27.8413 33.5918 27.8065 22.0292 16.2478 18.0425 16.2329 13.8363 11.3851 5.67259 5.77 5.77 5.77 5.77 5.77 5.75806 8.15069 5.75611 5.75506 5.61435 11.0554 36.7721 31.0201 25.0698 19.0466 12.9242 6.89654 5.24378 5.77 5.77 5.77 5.77 5.77 5.77
17.3098 11.5398 5.76991 5.77 5.77 5.77 5.77 5.77 5.77 5.77 5.76995 5.76991 5.76996 5.77 5.77 5.77 5.77 5.77 5.76828 8.15263 13.9229 8.14518 5.75904 5.76938 5.76642 5.74802 8.13301 8.10515 5.67643 8.05761 12.2769 12.1653 16.7454 22.5873 25.926 24.3871 21.9664 16.1608 13.7855 8.00292 5.69542 5.77 5.76436 8.14725 13.919 17.2994 17.2911 19.679 22.0641 35.9791 30.202 24.4311 26.2232 23.824 22.0169 17.1697 11.3427 5.66589 5.77 5.77 5.77 5.77 5.77 5.76632 5.76486 5.76715 5.77 5.69594 11.2525 33.4625 28.7098 22.7962 16.8432 10.7818 4.94868 5.61893 5.77 5.77 5.77 5.77 5.77 5.77
17.3098 11.5398 5.76992 5.77 5.77 5.77 5.77 5.77 5.77 5.77 5.77 5.77 5.77 5.77 5.77 5.77 5.77 5.76982 5.76658 11.5374 11.5381 5.76117 5.76876 5.77 5.77 5.76666 5.75949 5.75467 5.75759 5.61508 11.3765 13.522 19.2764 19.7298 25.4968 31.2854 27.7114 21.8873 16.1131 13.7633 8.00911 5.71245 5.7647 5.76251 11.5336 11.527 11.5186 13.9082 16.2863 35.5382 30.5664 28.1794 25.7893 28.1793 22.9564 17.1503 11.3195 5.66175 5.77 5.77 5.77 5.77 5.77 5.77 5.77 5.77 5.77 5.71359 11.339 27.7073 30.0271 24.1359 19.116 13.2109 7.45376 5.71338 5.77 5.77 5.77 5.77 5.77 5.77
17.3098 11.5398 5.76993 5.77 5.77 5.77 5.77 5.77 5.77 5.76999 5.76996 5.76997 5.77 5.77 5.77 5.77 5.77 5.76947 8.1576 13.929 13.9264 8.15849 5.76982 5.77 5.77 5.77 5.77 5.77 5.75029 8.04903 13.8735 15.6667 21.4734 25.55 27.8805 33.6843 33.5227 27.6612 21.8583 16.1183 13.8123 8.09822 8.15284 5.76835 5.76613 5.76211 5.75494 8.13989 13.8985 33.145 27.3789 22.4021 20.0107 22.3988 22.955 17.1524 11.3146 5.65984 5.77 5.77 5.77 5.77 5.77 5.77 5.77 5.77 5.77 5.72061 11.3997 21.9407 27.6408 21.7624 15.9072 11.0647 5.4968 5.74942 5.77 5.77 5.77 5.77 5.77 5.77
17.3099 11.5399 5.76994 5.77 5.77 5.77 5.77 5.77 5.76999 5.7699 8.15995 5.76992 5.77 5.77 5.77 5.77 5.77 5.76951 8.15779 13.9286 8.15758 5.76864 5.76977 5.7699 5.76947 5.7693 5.77 5.77 5.75352 8.10526 13.8762 17.2735 19.6407 21.9921 33.6746 36.1067 35.9942 33.3857 27.6053 21.9597 16.2336 11.478 5.73203 5.76777 5.77 5.77 5.76908 5.75742 11.5128 27.8355 24.9871 19.2137 14.2353 18.3562 17.2847 17.1654 11.3214 5.65772 5.77 5.77 5.77 5.77 5.77 5.77 5.77 5.77 5.77 5.73227 11.452 16.1971 25.2656 19.4325 13.5747 7.78304 5.69657 5.77 5.77 5.77 5.77 5.77 5.77 5.77
17.3099 11.5399 5.76996 5.77 5.77 5.77 5.77 5.77 5.76994 8.15989 9.3866 5.76989 5.77 5.77 5.77 5.77 5.76998 5.76958 5.76819 8.15913 5.76887 5.76986 5.77 5.76989 6.16001 5.76926 5.77 5.77 5.76518 5.71683 11.4886 11.4602 13.8259 16.1791 21.9071 33.5027 31.1284 33.4493 27.6844 24.4135 19.6599 13.8864 8.12674 5.76367 5.77 5.77 5.77 5.76284 11.5204 22.068 19.6805 16.8244 11.0499 12.5829 11.5037 13.8938 11.3015 5.57971 5.71502 5.75288 5.77 5.77 5.77 5.77 5.77 5.77 5.77 5.75212 8.09092 13.8355 16.2399 17.1104 11.2342 5.59794 5.7574 5.77 5.77 5.77 5.77 5.77 5.77 5.77
17.31 11.5399 5.76997 5.77 5.77 5.77 5.77 5.76999 5.76988 11.5399 10.5451 5.76987 5.77 5.77 5.77 5.77 5.76946 6.15888 8.15934 5.76936 5.7699 5.77 5.77 5.76971 5.76955 5.7686 5.77 5.77 5.77 5.74483 8.11955 5.68389 8.04632 13.8286 16.1661 19.4685 25.2811 27.7286 25.2921 19.5629 17.261 16.3051 11.5265 5.76288 5.76951 5.76893 5.76844 5.75785 11.5277 16.3061 16.3079 14.1535 11.7662 8.1427 7.94286 8.12359 11.5077 7.89842 7.87256 5.61256 5.7515 5.77 5.77 5.77 5.77 5.77 5.77 5.7666 5.7299 8.06816 13.8526 16.6827 11.3264 5.66527 5.73597 5.7629 5.76916 5.77 5.77 5.77 5.77 5.77
13.93 11.54 5.76998 5.77 5.77 5.77 5.77 5.76999 8.15994 11.5399 11.4575 5.76987 5.77 5.77 5.77 5.77 5.76907 11.5397 5.76789 5.76956 5.77 5.77 5.77 5.76952 8.15966 5.76889 5.77 5.77 5.77 5.76406 5.75742 5.75666 5.71455 8.06464 11.4052 13.749 16.1178 21.9681 16.1073 13.7541 11.4231 11.5055 8.1446 5.76753 8.15927 6.15639 6.14602 8.14356 13.9225 16.3185 14.1594 8.38053 7.96064 7.96708 7.96997 7.96321 7.94843 8.10483 13.6127 7.68431 5.61533 5.75605 5.77 5.77 5.77 5.77 5.77 5.77 5.76573 5.72675 8.47594 14.2904 13.8242 8.07568 11.5366 8.14782 5.76862 5.77 5.77 5.77 5.77 5.77
11.54 11.54 5.76998 5.77 5.77 5.77 5.77 5.76999 5.76993 8.15989 11.5195 5.76989 5.76999 5.77 5.77 5.77 5.76936 8.15916 5.7685 5.77 5.77 5.77 5.77 5.76909 11.5398 5.76693 5.76811 5.77 5.77 5.77 5.77 5.77 5.76199 5.73943 5.66615 7.99563 13.7911 19.6643 13.7805 7.98974 5.66127 5.73397 5.76201 5.76863 5.7598 11.5315 14.3102 13.9108 16.3145 16.3151 11.7539 7.95122 7.96994 7.97034 7.97034 7.97034 7.9698 7.89537 11.4703 13.5545 7.85097 5.74712 5.77 5.77 5.77 5.77 5.77 5.77 5.77 5.76471 6.11681 11.9047 13.9183 8.13656 5.74436 5.76095 5.76938 5.77 5.77 5.77 5.77 5.77
11.54 11.54 5.76995 5.76999 5.77 5.77 5.77 5.77 5.76998 5.76988 10.423 8.15994 5.76999 5.77 5.77 5.77 5.76986 5.76974 5.76977 5.76978 5.77 5.77 5.77 5.76826 11.5398 8.15435 5.7665 5.77 5.77 5.77 5.77 5.77 5.77 5.77 5.76094 5.66963 11.4507 17.3 11.4346 5.64677 5.75672 5.77 5.77 5.76494 5.71811 11.4969 17.2892 21.0553 17.2776 16.3081 14.1311 8.37276 7.96728 7.97034 7.97034 7.97034 7.97034 7.93245 11.4852 11.1728 5.42114 5.70493 5.75431 5.77 5.77 5.77 5.77 5.77 5.77 5.76966 5.74883 11.5306 11.5289 5.74916 5.76738 5.77 5.77 5.76972 5.76889 5.76849 5.76934 5.77
11.54 11.54 8.15989 5.76999 5.77 5.77 5.77 5.77 5.76996 8.15991 11.4787 5.7699 5.76996 5.76995 5.76996 5.76993 5.76994 5.76953 8.15962 5.76947 5.77 5.77 5.77 5.7669 11.5388 5.76261 5.76588 5.77 5.77 5.77 5.77 5.77 5.77 5.77 5.7609 5.68882 11.465 17.2971 13.8577 8.0553 5.69239 5.74421 5.75796 5.71793 8.06769 13.8559 19.6524 25.4271 19.6354 16.294 16.3194 11.5206 7.96109 7.97034 7.97034 7.97034 7.97034 7.95737 8.08684 13.6459 7.64581 7.85836 5.68733 5.77 5.77 5.77 5.77 5.77 5.77 5.77 5.7635 11.5356 8.13114 5.76265 5.77 5.77 5.77 5.76952 8.158 8.15842 5.76901 5.77
11.54 11.54 8.43445 5.76997 5.77 5.77 5.76999 5.76995 5.76992 11.5399 11.54 8.15993 8.15996 6.15983 6.15959 6.15954 6.15983 5.76941 8.15963 5.76914 5.77 5.77 5.77 5.76837 5.7672 8.15657 5.76545 5.77 5.77 5.77 5.77 5.77 5.77 5.77 5.72874 8.05186 13.828 19.6654 16.251 13.8249 8.00544 8.06739 5.61807 8.03754 13.8401 16.2169 22.0283 27.7777 21.9686 16.225 16.3063 12.9121 7.95177 7.9696 7.97034 7.97034 7.97034 7.96988 7.92269 11.4941 13.5881 11.0514 5.45135 5.69814 5.7553 5.77 5.77 5.77 5.77 5.77 5.76747 8.14672 5.76274 5.76884 5.77 5.77 5.77 5.76949 5.76847 5.76836 5.76902 5.77
11.54 11.54 10.8245 8.15999 5.77 5.77 8.15999 13.93 8.15995 11.54 11.54 11.54 11.54 11.54 11.5399 8.15962 5.7697 5.76969 5.7696 5.76973 5.77 5.77 5.77 5.77 5.76925 5.76757 5.76656 5.77 5.77 5.77 5.77 5.77 5.77 5.75749 5.68674 11.4086 16.18 22.0147 22.0094 16.1525 14.15 11.5199 16.2015 11.5148 16.156 28.1783 24.3963 30.099 24.287 22.0058 16.2441 15.3058 9.54072 7.96786 7.97034 7.97034 7.97034 7.97034 7.95266 11.4972 16.3002 13.5149 7.53496 7.85218 5.68827 5.77 5.77 5.77 5.77 5.77 5.76954 5.76891 5.76935 5.77 5.77 5.77 5.77 5.77 5.77 5.77 5.77 5.77
11.54 13.93 11.54 5.76992 5.76998 5.76999 5.76992 11.54 14.3199 11.54 11.54 11.54 8.15994 5.7698 5.76946 5.7694 5.76977 5.77 5.77 5.77 5.77 5.77 5.77 5.77 5.76907 5.76724 5.76632 5.77 5.77 5.77 5.77 5.77 5.77 5.7536 8.09743 13.8267 19.5298 27.5726 23.944 21.8146 19.2476 23.2188 19.4804 25.3667 19.5883 32.5052 36.2228 32.4679 30.1643 24.3926 19.6557 13.8804 8.1272 7.96827 7.97034 7.97034 7.97034 7.97034 7.96458 8.11877 13.8906 15.9798 13.4518 10.9874 5.49281 5.74956 5.77 5.77 5.77 5.77 5.77 5.77 5.77 5.77 5.77 5.77 5.77 5.77 5.77 5.77 5.77 5.77
11.54 11.54 13.93 8.15988 8.1599 6.15988 8.15991 13.93 17.3099 11.5399 11.54 10.1701 5.76987 5.76999 5.77 5.77 5.77 5.77 5.77 5.77 5.77 5.77 5.77 5.76952 5.76763 8.15807 5.76449 5.77 5.77 5.77 5.77 5.77 5.77 5.76008 5.68742 11.3958 15.9076 29.3811 74.8028 69.1325 63.4005 57.6961 52.0631 46.3167 40.5798 42.3484 40.3477 34.558 28.7769 22.9998 17.226 11.4631 7.93666 7.97017 7.97034 7.97034 7.97034 7.97034 7.97015 7.94705 11.4787 21.7811 19.3461 13.5182 7.63587 5.61871 5.73092 5.76549 5.77 5.77 5.77 5.77 5.77 5.77 5.77 5.77 5.77 5.77 5.77 5.77 5.77 5.76957
11.5399 13.93 16.3199 14.3198 14.3198 14.3198 14.3199 16.32 17.3099 11.5399 11.54 11.5399 7.07584 5.76997 5.77 5.77 5.77 5.77 5.77 5.77 5.77 5.77 5.77 5.76737 8.1564 5.76083 5.76412 5.77 5.77 5.77 5.77 5.77 5.77 5.77 5.7351 8.0062 13.0599 68.0989 76.66 70.8822 65.1394 62.8108 57.0566 54.6796 51.8819 46.1117 40.3244 34.5413 28.7698 22.9912 17.215 11.452 7.92546 7.96949 7.97027 7.97034 7.97034 7.97034 7.97034 7.95955 11.5165 21.9855 16.1692 13.718 11.2924 8.047 8.13805 5.76315 5.77 5.77 5.77 5.77 5.77 5.77 5.77 5.77 5.77 5.76975 5.76935 5.76931 5.76914 5.7675
13.93 16.3199 30.2499 24.4798 24.4798 28.2494 24.48 23.0799 17.3099 11.5399 11.54 11.54 9.46585 5.76992 5.76987 5.77 5.77 5.77 5.77 5.77 5.77 5.77 5.77 5.76451 11.5374 8.14635 5.76385 5.77 5.77 5.77 5.77 5.77 5.77 5.77 5.76347 5.65026 10.528 79.4686 74.3307 68.4606 62.6345 56.8683 54.574 48.8299 46.4644 44.0985 41.7285 36.954 31.1864 25.4073 19.6218 13.8457 8.09758 8.15153 7.96855 7.97034 7.97034 7.97034 7.97034 7.96556 11.5294 16.2897 13.7909 7.93521 5.60728 5.69303 5.741 5.76558 5.77 5.77 5.77 5.77 5.77 5.77 5.77 5.77 5.77 5.76967 8.15729 6.15565 6.15231 8.15494
16.3199 38.41 32.64 36.0197 30.2498 24.4797 22.0897 19.6998 17.3099 11.5399 11.54 11.54 11.54 8.15994 5.76916 5.76967 5.77 5.77 5.77 5.77 5.77 5.77 5.77 5.7628 11.5388 5.75053 5.76549 5.77 5.77 5.77 5.77 5.77 5.77 5.77 5.77 5.70318 10.7867 77.2259 71.8397 66.0248 60.2104 54.3834 48.6051 46.3497 40.6019 38.2499 35.8918 33.5422 31.1953 27.8288 22.9884 16.2542 14.2826 11.5253 7.96462 7.9703 7.97034 7.97034 7.97034 7.96742 11.5356 13.9042 8.10734 5.71953 5.76275 5.77 5.77 5.77 5.77 5.77 5.77 5.77 5.77 5.77 5.77 5.77 5.77 5.76984 5.76927 8.1584 12.3143 11.5317
46.57 40.8 39.3997 33.6297 27.8596 22.0896 16.3195 13.9297 11.5398 11.54 11.54 11.54 11.54 11.54 8.15855 5.76866 5.77 5.77 5.77 5.77 5.77 5.77 5.77 5.76338 11.5387 5.7495 5.76511 5.77 5.77 5.77 5.77 5.77 5.77 5.77 5.77 5.72519 11.0377 75.0584 69.4889 63.584 57.7779 51.9699 46.1376 40.3468 38.1269 32.3745 30.0411 27.702 25.3669 23.021 25.412 19.6596 19.6932 13.9203 8.15184 7.96857 7.97029 7.97033 7.97032 7.96827 11.5386 11.5271 5.75297 5.76821 5.77 5.77 5.77 5.77 5.77 5.77 5.77 5.77 5.77 5.77 5.77 5.77 5.77 5.77 5.76977 5.76689 11.5377 13.9179
48.5497 42.7797 37.0097 31.2396 25.4696 19.6995 13.9296 11.5398 11.54 11.54 11.54 11.54 11.54 11.54 11.5387 5.76694 5.76961 5.77 5.77 5.77 5.77 5.77 5.77 5.76531 11.5379 8.14804 5.76754 5.77 5.77 5.77 5.77 5.77 5.77 5.77 5.77 5.7409 11.247 72.832 67.1544 61.26 55.3446 49.5412 43.7341 37.8936 32.0894 29.9032 24.1461 21.8377 19.5297 17.2027 17.2562 19.6838 19.6938 16.3154 13.9261 8.15691 8.15884 7.96934 7.96912 8.15822 13.9294 11.535 5.76592 5.76948 5.77 5.77 5.77 5.77 5.77 5.77 5.77 5.77 5.77 5.77 5.77 5.77 5.77 5.77 5.77 5.76627 11.5361 11.5266
46.1597 40.3896 34.6196 28.8496 23.0796 17.3096 11.5397 11.54 11.54 11.54 11.54 11.54 11.54 11.54 11.5389 8.15697 5.76909 5.77 5.77 5.77 5.77 5.77 5.77 5.76793 8.15702 5.76458 5.7691 5.77 5.77 5.77 5.77 5.77 5.77 5.77 5.77 5.75202 11.3741 70.5314 64.8071 58.9514 53.043 47.1141 41.3107 35.5014 29.6499 23.8312 21.6776 15.9193 13.6434 11.3696 11.4652 13.8992 16.31 19.6991 16.3185 16.3188 14.3189 12.3188 14.3193 13.9294 16.3199 13.925 8.15263 5.76751 5.76956 5.77 5.77 5.77 5.77 5.77 5.77 5.77 5.77 5.77 5.77 5.77 5.77 5.77 5.76969 5.76438 11.5343 13.9139
48.5497 42.7797 37.0097 31.2396 25.4697 19.6998 13.9298 11.5399 11.54 11.54 11.54 11.54 11.54 11.54 11.5388 7.01674 5.76916 5.77 5.77 5.77 5.77 5.77 5.77 5.76951 5.76949 5.76955 5.7697 5.77 5.77 5.77 5.77 5.77 5.77 5.77 5.76906 5.75339 11.4276 68.1828 62.4429 56.6213 50.7559 44.8317 38.8895 33.0844 27.2705 21.4051 15.5697 13.451 7.77806 5.565 5.70432 8.12713 13.9223 19.6989 19.7 19.6997 19.6994 18.0894 16.3194 13.9293 11.5381 13.9287 13.9252 8.15343 5.76591 5.76811 5.76908 5.76978 5.76995 5.77 5.77 5.77 5.77 5.77 5.77 5.77 5.77 5.77 5.76897 8.15471 13.9236 16.3074
43.6221 43.0841 39.3997 33.6298 27.8598 22.0898 16.3198 13.9299 11.5399 11.54 11.54 11.54 11.54 11.54 11.5297 5.76631 5.76978 5.77 5.77 5.77 5.77 5.77 5.77 5.77 5.7683 8.15858 5.76713 5.76828 5.76946 5.77 5.77 5.77 5.77 5.76929 5.76323 8.14158 13.839 65.809 60.066 54.2668 48.4399 42.5634 36.6236 30.6676 24.857 19.0315 13.1439 7.43352 5.50347 5.75238 5.7678 5.75671 11.5365 16.3189 17.3094 19.6994 20.9145 19.6995 13.929 8.15825 5.76707 8.15641 13.9291 13.9236 8.1501 8.15047 6.1497 6.15507 5.76892 5.77 5.77 5.77 5.77 5.77 5.77 5.77 5.77 5.77 5.76895 8.15433 13.9234 17.3007
37.8521 37.3141 34.9241 32.5341 30.2499 24.4799 22.0899 16.3198 11.5399 11.54 11.54 11.54 11.54 11.54 11.4825 5.76861 5.77 5.77 5.77 5.77 5.77 5.77 5.77 5.77 5.76846 8.15802 8.15606 8.15524 5.76584 5.76951 5.77 5.77 5.77 5.76754 8.15185 13.9018 16.2298 63.4367 57.6813 51.895 46.0945 40.2633 34.3788 28.4282 22.4607 16.6564 10.8024 5.20452 5.73592 5.77 5.77 5.76941 8.1585 11.5389 11.5388 11.5387 11.5384 13.9291 11.539 5.76892 5.7696 5.76781 11.5382 11.5379 13.9242 13.9183 11.9201 11.5324 5.7664 5.77 5.77 5.77 5.77 5.77 5.77 5.77 5.77 5.77 5.76957 5.76465 11.5335 19.6914
32.0821 33.3717 29.1541 26.7641 29.1541 28.8498 23.0798 17.3097 11.5397 11.54 11.54 11.54 11.54 11.54 11.4311 5.76941 5.77 5.77 5.77 5.77 5.77 5.77 5.77 5.77 5.76896 5.76189 11.5332 13.9253 8.15182 5.76743 5.77 5.77 5.77 5.76452 11.5313 16.2842 68.006 62.265 56.4878 50.7081 44.9231 39.1245 33.2957 27.4127 21.4588 15.5611 10.9742 5.39906 5.77 5.77 5.77 5.76992 5.76962 5.76934 5.7693 5.76925 5.76896 8.1589 8.15944 5.7696 5.77 5.76964 5.76874 5.76628 8.15428 13.9262 17.3012 11.5247 5.76349 5.77 5.77 5.77 5.77 5.77 5.77 5.77 5.77 5.77 5.76963 5.76491 11.5352 17.3035
27.6508 28.48 25.8723 22.011 26.7641 25.391 25.4697 19.6995 13.9295 11.5397 13.9297 11.5398 11.5399 11.54 11.4865 5.76958 5.77 5.77 5.77 5.77 5.77 5.77 5.77 5.77 5.76618 8.14667 13.9204 16.3149 11.5284 5.75836 5.76703 5.76839 5.76779 5.75366 11.5251 17.2585 65.7912 60.0423 54.2644 48.4858 42.7053 36.919 31.1185 25.2856 19.3935 13.515 10.9444 5.4793 5.77 5.77 5.77 5.77 5.77 5.77 5.77 5.77 5.76982 5.76977 5.76975 5.76978 5.77 5.77 5.77 5.76962 5.76362 11.5313 17.2987 11.5171 5.76146 5.77 5.77 5.77 5.77 5.77 5.77 5.77 5.77 5.77 5.76834 8.15578 13.9203 11.5304
25.47 25.47 25.3411 23.1243 22.011 20.5134 20.5134 22.0896 16.3193 20.0886 16.3196 16.3197 13.9295 11.5395 11.5395 5.76917 5.76981 5.76996 5.77 5.77 5.77 5.77 5.77 5.76841 5.75131 11.5223 16.3121 17.3042 13.9181 8.14328 8.15065 6.14988 6.14347 8.13708 13.9102 19.6435 62.4482 60.2363 54.4563 48.6794 42.9019 37.1233 31.3417 25.5522 19.7424 13.9435 11.2534 5.54825 5.76342 5.77 5.77 5.77 5.77 5.77 5.77 5.77 5.76969 8.15934 8.15919 5.76841 5.76976 5.77 5.77 5.77 5.7642 11.5298 17.2979 11.5138 5.75991 5.77 5.77 5.77 5.77 5.77 5.77 5.77 5.77 5.77 5.76723 11.5382 8.14772 5.76348
25.47 25.47 25.4655 25.391 20.5134 20.5134 20.5134 24.4796 25.6868 24.2531 22.0896 22.0893 16.3189 14.3189 13.929 8.15903 8.15924 5.76962 5.77 5.77 5.77 5.76994 5.76923 5.75783 8.1249 13.9072 17.297 17.308 16.313 14.3091 14.3124 14.3128 12.3048 13.911 16.2974 22.0305 56.6675 60.2847 54.5008 48.7237 42.9468 37.1696 31.392 25.6131 19.8307 14.0664 11.4528 8.04906 5.74174 5.77 5.77 5.77 5.77 5.77 5.77 5.77 5.76856 5.76204 11.2495 8.15677 5.7683 5.77 5.77 5.77 5.76316 11.5284 17.2965 11.5108 5.75882 5.77 5.77 5.77 5.77 5.77 5.77 5.77 5.7698 5.76944 5.7672 11.5337 5.76453 5.76936
25.47 25.47 25.47 25.47 22.011 23.4697 22.0109 27.7809 31.4568 30.0232 28.2493 24.4111 22.089 20.0889 16.3195 14.3196 11.5387 5.76899 5.77 5.77 5.77 5.76992 6.1574 8.14817 13.9062 16.2889 17.3008 17.3097 17.3088 17.3078 17.3086 17.3081 17.3077 17.2473 22.0758 24.4269 50.8891 60.2828 54.4996 48.7216 42.9441 37.1667 31.3892 25.6115 19.8333 14.0828 11.5017 11.539 5.73117 5.77 5.77 5.77 5.77 5.77 5.77 5.76927 5.76128 8.14204 12.2523 6.47381 5.76628 5.77 5.77 5.76929 5.75942 11.5265 17.2942 11.5077 5.75738 5.77 5.77 5.77 5.77 5.77 5.77 5.77 5.76927 7.21124 8.15956 8.15079 5.76789 5.77
25.47 25.47 25.47 25.47 25.47 25.4697 29.2396 30.1709 35.9409 35.7931 32.5713 30.2492 27.8593 24.4796 19.6992 13.9284 8.15784 5.7695 5.77 5.76994 5.7695 5.76713 5.76341 11.5267 16.3073 23.0642 17.2871 17.31 17.31 17.31 17.31 17.31 17.31 17.2466 23.0055 28.7546 45.1153 60.2709 54.4941 48.7151 42.9368 37.1586 31.3806 25.6024 19.8242 14.0773 11.496 11.5387 5.74443 5.77 5.77 5.77 5.77 5.77 5.77 5.76752 8.14908 13.9144 14.6364 8.85472 5.75266 5.76551 5.76395 5.75743 8.1462 13.9199 17.2918 11.5061 5.75323 5.76875 5.77 5.77 5.77 5.77 5.77 5.77 5.76877 9.60169 8.15102 5.76793 5.76834 5.77
