tests/full-run-ref/erosion_78_19_2.123.asc
ncols 512
nrows 512
xllcorner -3.24582
yllcorner -4.08743
cellsize 5
NODATA_value -99999
[rows 407 to 443 of 512, columns 336 to 419 of 512]
5.58971 5.77 5.77 5.77 5.77 5.77 5.77 5.77 5.77 5.77 5.71011 5.17228 3.40092 0.695085 0 0 0 0 0 0 0 0 5.38182 5.77 5.77 5.77 5.77 5.77 5.77 5.77 5.77 5.77 5.77 5.77 5.77 5.77 5.77 5.77 5.77 5.77 5.77 5.77 5.77 5.77 5.77 5.77 5.77 5.77 5.77 5.77 5.7681 5.55305 2.87091 0 0 0 0 0 0 0 0 0 0 0 0 0 0 0 0 35.9387 30.2234 24.4448 22.0572 16.2769 13.8924 8.12205 5.75131 5.76795 5.77 5.77 0 0 0 0
5.73838 5.77 5.77 5.77 5.77 5.77 5.77 5.77 5.77 5.77 5.77 5.76523 5.71147 5.54255 5.37558 4.9646 2.57601 0 0 0 0.712922 4.80601 5.71216 5.77 5.77 5.77 5.77 5.77 5.77 5.77 5.77 5.77 5.77 5.77 5.77 5.77 5.77 5.77 5.77 5.77 5.77 5.77 5.77 5.77 5.77 5.77 5.77 5.77 5.77 5.77 5.77 5.75838 5.36719 0.576303 0 0 0 0 0 0 0 0 0 0 0 13.8166 48.9402 46.3755 44.17 38.3915 32.611 30.2226 24.4432 22.0574 16.2786 13.8945 8.12424 5.74528 0 0 0 0 0 0
5.77 5.77 5.77 5.77 5.77 5.77 5.77 5.77 5.77 5.77 5.77 5.77 5.77 5.77 5.77 5.75457 5.6017 5.13086 4.73102 4.96681 5.47415 5.73166 5.77 5.77 5.77 5.77 5.77 5.77 5.77 5.77 5.77 5.77 5.77 5.77 5.77 5.77 5.77 5.77 5.77 5.77 5.77 5.77 5.77 5.77 5.77 5.77 5.77 5.77 5.77 5.77 5.77 5.77 5.72873 4.93 0 0 0 0 0 0 0 0 0 0 0 0 0 52.3346 46.558 40.7799 38.3892 32.6107 30.2228 24.4448 22.0591 16.2813 13.8957 8.11547 0 0 0 0 0 0
5.77 5.77 5.77 5.77 5.77 5.77 5.77 5.77 5.77 5.77 5.77 5.77 5.77 5.77 5.77 5.77 5.77 5.77 5.77 5.77 5.77 5.77 5.77 5.77 5.77 5.77 5.77 5.77 5.77 5.77 5.77 5.77 5.77 5.77 5.77 5.77 5.77 5.77 5.77 5.77 5.77 5.77 5.77 5.77 5.77 5.77 5.77 5.77 5.77 5.77 5.77 5.77 5.77 5.67262 4.16906 0 0 0 0 0 0 0 0 0 0 0 0 49.5723 48.9487 46.5569 40.7801 38.3897 32.6133 30.2241 24.4468 22.061 16.2781 13.8845 0 0 0 0 0 0
5.77 5.77 5.77 5.77 5.77 5.77 5.77 5.77 5.77 5.77 5.77 5.77 5.77 5.77 5.77 5.77 5.77 5.77 5.77 5.77 5.77 5.77 5.77 5.77 5.77 5.77 5.77 5.77 5.77 5.77 5.77 5.77 5.77 5.77 5.77 5.77 5.77 5.77 5.77 5.77 5.77 5.77 5.77 5.77 5.77 5.77 5.77 5.77 5.77 5.77 5.77 5.77 5.77 5.77 5.55959 0 0 0 0 0 0 0 0 0 0 0 24.4397 57.0926 54.6897 48.913 0 40.2867 38.3907 32.6141 30.2258 24.4465 22.0574 20.4433 0 0 0 0 0 30.0107
5.77 5.77 5.77 5.77 5.77 5.77 5.77 5.77 5.77 5.77 5.77 5.77 5.77 5.77 5.77 5.77 5.77 5.77 5.77 5.77 5.77 5.77 5.77 5.77 5.77 5.77 5.77 5.77 5.77 5.77 5.77 5.77 5.77 5.77 5.77 5.77 5.77 5.77 5.77 5.77 5.77 5.77 5.77 5.77 5.77 5.77 5.77 5.77 5.77 5.77 5.77 5.77 5.77 5.77 5.55591 0 0 0 0 0 0 0 0 0 22.0883 16.3158 0 16.2899 15.9692 0 21.9808 0 39.6203 38.3915 32.6147 30.224 27.8306 28.6156 26.5991 0 0 0 30.4101 61.3524
5.77 5.77 5.77 5.77 5.77 5.77 5.77 5.77 5.77 5.77 5.77 5.77 5.77 5.77 5.77 5.77 5.77 5.77 5.77 5.77 5.77 5.77 5.77 5.77 5.77 5.77 5.77 5.77 5.77 5.77 5.77 5.77 5.77 5.77 5.77 5.77 5.77 5.77 5.77 5.77 5.77 5.77 5.77 5.77 5.77 5.77 5.77 5.77 5.77 5.77 5.77 5.77 5.77 5.77 4.94458 0 0 0 0 0 0 0 0 10.4519 19.6964 16.318 16.2699 14.6626 0 0 0 0 0 38.0639 38.3912 35.9964 36.7803 34.3834 36.3829 33.9752 0 0 36.5934 0
5.77 5.77 5.77 5.77 5.77 5.77 5.77 5.77 5.77 5.77 5.77 5.77 5.77 5.77 5.77 5.77 5.77 5.77 5.77 5.77 5.77 5.77 5.77 5.77 5.77 5.77 5.77 5.77 5.77 5.77 5.77 5.77 5.77 5.77 5.77 5.77 5.77 5.77 5.77 5.77 5.77 5.77 5.77 5.77 5.77 5.77 5.77 5.77 5.77 5.77 5.77 5.77 5.77 5.77 2.49918 0 0 0 0 0 0 0 0 0 17.302 16.3182 16.1185 10.4445 0 0 0 0 0 0 0 44.9432 42.5505 44.5547 42.1557 40.9196 0 42.7698 71.9329 66.227
5.77 5.77 5.77 5.77 5.77 5.77 5.77 5.77 5.77 5.77 5.77 5.77 5.77 5.77 5.77 5.77 5.77 5.77 5.77 5.77 5.77 5.77 5.77 5.77 5.77 5.77 5.77 5.77 5.77 5.77 5.77 5.77 5.77 5.77 5.77 5.77 5.77 5.77 5.77 5.77 5.77 5.77 5.77 5.77 5.77 5.77 5.77 5.77 5.77 5.77 5.77 5.77 5.77 5.75358 0 0 0 0 0 0 0 0 0 0 19.6863 16.3159 16.32 16.32 16.32 16.32 0 0 0 30.189 15.1619 50.7166 52.7194 50.3278 47.9288 50.3063 0 42.135 74.3744 61.4312
5.77 5.77 5.77 5.77 5.77 5.77 5.77 5.77 5.77 5.77 5.77 5.77 5.77 5.77 5.77 5.77 5.77 5.77 5.77 5.77 5.77 5.77 5.77 5.77 5.77 5.77 5.77 5.77 5.77 5.77 5.77 5.77 5.77 5.77 5.77 5.77 5.77 5.77 5.77 5.77 5.77 5.77 5.77 5.77 5.77 5.77 5.77 5.77 5.77 5.77 5.77 5.77 5.77 5.63011 0 0 0 0 0 0 0 0 0 0 22.0752 16.3077 16.32 16.32 16.32 16.32 16.32 0 0 27.8023 15.1584 58.8854 56.7069 56.1056 58.4841 56.0789 56.6367 49.8046 40.6115 28.5681
5.77 5.77 5.77 5.77 5.77 5.77 5.77 5.77 5.77 5.77 5.77 5.77 5.77 5.77 5.77 5.77 5.77 5.77 5.77 5.77 5.77 5.77 5.77 5.77 5.77 5.77 5.77 5.77 5.77 5.77 5.77 5.77 5.77 5.77 5.77 5.77 5.77 5.77 5.77 5.77 5.77 5.77 5.77 5.77 5.77 5.77 5.77 5.77 5.77 5.77 5.77 5.77 5.77 5.14825 0 0 0 0 0 0 0 0 0 0 33.6126 0 16.3118 16.32 16.32 16.32 0 0 0 30.1882 61.9971 54.8515 49.8002 44.4943 38.67 33.3455 27.6865 21.9045 16.1548 13.779
5.77 5.77 5.77 5.77 5.77 5.77 5.77 5.77 5.77 5.77 5.77 5.77 5.77 5.77 5.77 5.77 5.77 5.77 5.77 5.77 5.77 5.77 5.77 5.77 5.77 5.77 5.77 5.77 5.77 5.77 5.77 5.77 5.77 5.77 5.77 5.77 5.77 5.77 5.77 5.77 5.77 5.77 5.77 5.77 5.77 5.77 5.77 5.77 5.77 5.77 5.77 5.77 5.77 3.2797 0 0 0 0 0 0 0 0 0 0 0 39.3681 16.2503 0 0 0 0 0 0 0 16.2722 16.2767 16.2774 16.2694 16.2622 16.2582 22.0564 16.2724 13.9043 13.9266
5.76995 1.58377 5.76984 0 0 3.31859 5.74161 5.7699 5.76993 5.76998 5.77 5.77 5.77 5.77 5.77 5.77 5.77 5.77 5.77 5.77 5.77 5.77 5.77 5.77 5.77 5.77 5.77 5.77 5.77 5.77 5.77 5.77 5.77 5.77 5.77 5.77 5.77 5.77 5.77 5.77 5.77 5.77 5.77 5.77 5.77 5.77 5.77 5.77 5.77 5.77 5.77 5.77 5.76367 0 0 0 0 0 0 0 0 0 0 0 0 36.4007 16.2653 8.21698 0 22.0629 16.2927 22.0777 16.3122 16.32 16.32 16.32 16.32 16.32 16.32 16.3101 19.6904 13.9016 13.927 13.93
5.54947 7.76751 0 0 0 6.13012 6.15851 6.15834 6.15864 5.76899 5.76971 5.76991 5.76995 5.76999 5.77 5.77 5.77 5.77 5.77 5.77 5.77 5.77 5.77 5.77 5.77 5.77 5.77 5.77 5.77 5.77 5.77 5.77 5.77 5.77 5.77 5.77 5.77 5.77 5.77 5.77 5.77 5.77 5.77 5.77 5.77 5.77 5.77 5.77 5.77 5.77 5.77 5.77 5.66972 0 0 0 0 0 0 0 0 0 0 0 0 34.0142 27.2165 24.4371 0 21.9635 27.8444 22.0751 16.3073 16.32 16.32 16.32 16.32 16.32 16.32 16.314 17.3031 13.914 13.93 13.93
5.76989 0 0 0 0 8.51763 6.06454 14.3177 11.9276 8.15738 6.15812 6.15935 6.15984 5.76997 5.77 5.77 5.77 5.77 5.77 5.77 5.77 5.77 5.77 5.77 5.77 5.77 5.77 5.77 5.77 5.77 5.77 5.77 5.77 5.77 5.77 5.77 5.77 5.77 5.6755 5.61535 5.76838 5.77 5.77 5.77 5.77 5.77 5.77 5.77 5.77 5.77 5.77 5.77 5.30188 0 0 0 0 0 0 0 0 0 0 0 0 0 32.6216 0 30.297 36.0026 25.4422 19.6662 16.3056 16.32 16.32 16.32 16.32 16.32 16.32 16.3145 19.6936 13.9156 13.93 13.93
3.02152 0 0 0 0 9.29156 16.7222 17.305 16.3134 13.921 11.5351 8.15924 5.76958 5.76996 5.77 5.77 5.77 5.77 5.77 5.77 5.77 5.77 5.77 5.77 5.77 5.77 5.77 5.77 5.77 5.77 5.77 5.77 5.77 5.77 5.77 5.77 5.77 5.77 0.0909024 2.03245 5.76183 5.76843 5.77 5.77 5.77 5.77 5.77 5.77 5.77 5.77 5.77 5.77 3.87539 0 0 0 0 0 0 0 0 0 0 0 0 0 0 0 42.5517 33.6033 27.8262 22.0385 16.2719 16.3113 16.3172 16.3184 16.3176 16.3164 16.3149 16.2979 16.31 13.9216 13.93 13.93
4.90518 0 0 0 0 0 13.9188 11.5305 11.5316 8.14946 5.76619 5.76875 5.76972 5.77 5.77 5.77 5.77 5.77 5.77 5.77 5.77 5.77 5.77 5.77 5.77 5.77 5.77 5.77 5.77 5.77 5.77 5.77 5.77 5.77 5.77 5.77 5.77 5.72256 0 0 8.14644 5.76073 5.76859 5.77 5.77 5.77 5.77 5.77 5.77 5.77 5.77 5.77 0 0 0 0 0 0 0 0 0 0 0 0 0 0 0 0 41.7749 35.9797 0 35.8772 30.1546 24.2696 16.2965 22.0827 16.3053 22.0737 16.3044 16.3136 13.9196 13.9284 13.93 13.93
4.52796 0 0 0 0 0 8.14793 5.76427 5.76633 5.76795 5.76955 5.77 5.77 5.77 5.77 5.77 5.77 5.77 5.77 5.77 5.77 5.77 5.77 5.77 5.77 5.77 5.77 5.77 5.77 5.77 5.77 5.77 5.77 5.77 5.77 5.77 5.77 4.33746 0 0 13.9242 8.14766 5.76378 5.76885 5.77 5.77 5.77 5.77 5.77 5.77 5.77 5.69989 0 0 0 0 0 0 0 0 0 0 0 0 0 0 0 0 0 49.9261 0 199.508 62.7754 52.3126 30.618 24.466 28.2408 24.4572 16.2976 13.9193 13.9284 13.93 13.93 13.93
5.42634 0.154523 0 0 0 0 5.76742 5.76943 5.77 5.77 5.77 5.77 5.77 5.77 5.77 5.77 5.77 5.77 5.77 5.77 5.77 5.77 5.77 5.77 5.77 5.77 5.77 5.77 5.77 5.77 5.77 5.77 5.77 5.77 5.77 5.77 5.77 0 0 0 11.5313 11.534 8.15587 5.76798 5.76903 5.77 5.77 5.77 5.77 5.77 5.77 5.41916 0 0 0 0 0 0 0 0 0 0 0 0 0 0 0 0 0 0 57.9753 205.68 44.0494 38.3894 36.0128 33.6273 32.6265 16.2762 13.9109 13.9283 0 0 0 0
5.72328 4.68907 0 0 0 0 0 0 5.29191 5.77 5.77 5.77 5.77 5.77 5.77 5.77 5.77 5.77 5.77 5.77 5.77 5.77 5.77 5.77 5.77 5.77 5.77 5.77 5.77 5.77 5.77 5.77 5.77 5.77 5.77 5.77 5.60623 0 0 0 0 5.76118 5.76606 8.15894 5.76894 5.77 5.77 5.77 5.77 5.77 5.77 4.33015 0 0 0 0 0 0 0 0 0 0 0 0 0 0 0 0 8.59976 8.60501 60.46 52.2596 41.7111 36.0051 30.2354 27.8478 19.6643 13.8976 13.9283 0 0 0 0 0
5.77 5.63986 1.17051 0 0 0 0 1.00778 5.512 5.77 5.77 5.77 5.77 5.77 5.77 5.77 5.77 5.77 5.77 5.77 5.77 5.77 5.77 5.77 5.77 5.77 5.77 5.77 5.77 5.77 5.77 5.77 5.77 5.77 5.77 5.77 5.12246 0 0 0 0 0 1.88727 5.582 5.769 5.77 5.77 5.77 5.77 5.77 5.77 0.107578 0 0 0 0 0 0 0 0 0 0 0 0 0 0 0 0 40.2636 74.3575 84.9512 49.178 39.3796 33.6112 27.8412 22.0681 16.2937 13.9227 0 0 0 0 0 0
5.77 5.73641 5.23072 3.03645 0.0247626 0.267738 3.21198 5.25976 5.73535 5.77 5.77 5.77 5.77 5.77 5.77 5.77 5.77 5.77 5.77 5.77 5.77 5.77 5.77 5.77 5.77 5.77 5.77 5.77 5.77 5.77 5.77 5.77 5.77 5.77 5.77 5.77 5.33831 1.72645 0 0 0 2.90554 5.40135 5.7464 5.77 5.77 5.77 5.77 5.77 5.77 5.72268 0 0 0 0 0 0 0 0 0 0 0 0 0 0 0 0 0 0 38.347 82.5421 52.2479 41.7809 36.0038 25.443 19.6779 13.911 13.9282 0 0 0 0 0 0
5.77 5.77 5.76052 5.68425 5.5248 5.53745 5.69765 5.763 5.77 5.77 5.77 5.77 5.77 5.77 5.77 5.77 5.77 5.77 5.77 5.77 5.77 5.77 5.77 5.77 5.77 5.77 5.77 5.77 5.77 5.77 5.77 5.77 5.77 5.77 5.77 5.77 5.7436 5.52292 4.98136 4.73823 5.14308 5.62199 5.75916 5.77 5.77 5.77 5.77 5.77 5.77 5.77 5.50868 0 0 0 0 0 0 0 0 0 0 0 0 0 0 0 0 0 0 0 38.3811 40.7836 41.7356 46.9529 23.0504 17.2863 13.9182 0 0 0 0 0 0 0
5.77 5.77 5.77 5.77 5.77 5.77 5.77 5.77 5.77 5.77 5.77 5.77 5.77 5.77 5.77 5.77 5.77 5.77 5.77 5.77 5.77 5.77 5.77 5.77 5.77 5.77 5.77 5.77 5.77 5.77 5.77 5.77 5.77 5.77 5.77 0 0 5.6765 5.76837 5.77 5.77 5.77 5.77 5.77 5.77 5.77 5.77 5.77 5.77 5.77 4.67733 0 0 0 0 0 0 0 0 0 0 0 0 0 0 0 0 0 0 0 0 26.7867 26.7888 46.5636 25.4416 19.6784 13.9115 13.9277 0 0 0 0 0 0
5.77 5.77 5.77 5.77 5.77 5.77 5.77 5.77 5.77 5.77 5.77 5.77 5.77 5.77 5.77 5.77 5.77 5.77 5.77 5.77 5.77 5.77 5.77 5.77 5.77 5.77 5.77 5.77 5.77 5.77 5.77 5.77 5.77 5.77 0 0 0 4.3843 5.75048 5.76856 5.77 5.77 5.77 5.77 5.77 5.76979 5.76969 5.7698 5.77 5.77 1.45372 0 0 0 0 0 0 0 0 0 0 0 0 0 0 0 0 0 0 0 0 0 0 38.405 27.839 22.0697 16.2963 14.3017 14.3096 14.3139 13.926 13.9292 0 0
5.77 5.77 5.77 5.77 5.77 5.77 5.77 5.77 5.77 5.77 5.77 5.77 5.77 5.77 5.77 5.77 5.77 5.77 5.77 5.77 5.77 5.77 5.77 5.77 5.77 5.77 5.77 5.77 5.77 5.77 5.77 5.77 5.77 0 0 0 0 13.9262 8.15527 5.75371 5.7687 5.77 5.77 5.77 5.76904 5.76841 6.1589 5.76968 5.77 5.74007 0 0 0 0 0 0 0 0 0 0 0 0 0 0 0 0 0 0 0 0 0 0 0 36.0174 30.2384 24.4606 22.461 22.4614 22.4694 22.0817 16.3087 13.9211 13.9282 0
5.77 5.77 5.77 5.77 5.77 5.77 5.77 5.77 5.77 5.77 5.77 5.77 5.77 5.77 5.77 5.77 5.77 5.77 5.77 5.77 5.77 5.77 5.77 5.77 5.77 5.77 5.77 5.77 5.77 5.77 5.77 5.77 0 0 0 0 13.4744 16.3191 13.9269 8.15666 5.76109 5.77 5.77 5.76903 5.7682 8.15971 5.76907 5.76988 5.77 5.57702 0 0 0 0 0 0 0 0 0 0 0 0 0 0 0 0 0 0 0 0 0 0 0 0 32.567 30.631 28.6176 30.6303 30.243 24.47 22.0754 16.3018 0 0
5.77 5.77 5.77 5.77 5.77 5.77 5.77 5.77 5.77 5.77 5.77 5.77 5.77 5.77 5.77 5.77 5.77 5.77 5.77 5.77 5.77 5.77 5.77 5.77 5.77 5.77 5.77 5.77 5.77 5.77 0 0 0 0 0 9.00343 16.3187 13.9273 11.5375 11.5377 5.76801 5.77 5.77 5.76705 7.85093 5.76793 5.76926 5.77 5.77 4.94237 0 0 0 0 0 0 0 0 0 0 0 0 0 0 0 0 0 0 0 0 0 0 0 0 0 0 17.6074 36.3976 32.6331 30.2406 24.4629 19.6863 13.9187 13.9288
5.77 5.77 5.77 5.77 5.77 5.77 5.77 5.77 5.77 5.77 5.77 5.77 5.77 5.77 5.77 5.77 5.77 5.77 5.77 5.77 5.77 5.77 5.77 5.77 5.77 5.77 5.77 5.77 5.77 3.48255 0 0 0 0 3.93869 16.3178 13.9249 8.15474 5.76658 5.76839 5.76861 5.77 5.77 5.76676 8.00028 5.76748 5.77 5.77 5.77 2.4814 0 0 0 0 0 0 0 0 0 0 0 0 0 0 0 0 0 0 0 0 0 0 0 0 0 0 0 39.1711 38.406 32.6299 27.8501 22.0756 16.3054 13.9268
5.77 5.77 5.77 5.77 5.77 5.77 5.77 5.77 5.77 5.77 5.77 5.77 5.77 5.77 5.77 5.77 5.77 5.77 5.77 5.77 5.77 5.77 5.77 5.77 5.77 5.77 5.77 5.77 5.76629 0 0 0 0 0 9.66769 13.9234 8.15176 5.76651 5.76967 5.77 5.77 5.77 5.77 5.76851 5.76866 5.76881 5.77 5.77 5.75335 0 0 0 0 0 0 0 0 0 0 0 0 0 0 0 0 0 0 0 0 0 0 0 0 0 0 0 0 0 40.7992 36.0147 30.2403 24.4648 19.6902 13.9249
5.77 5.77 5.77 5.77 5.77 5.77 5.77 5.77 5.77 5.77 5.77 5.77 5.77 5.77 5.77 5.77 5.77 5.77 5.77 5.77 5.77 5.77 5.77 5.77 5.77 5.77 5.77 5.77 5.63037 1.99306 0 0 0 0 0 11.5329 5.76402 5.76938 5.77 5.77 5.77 5.77 5.77 5.77 5.77 5.77 5.77 5.77 5.62919 0 0 0 0 0 0 0 0 0 0 0 0 0 0 0 0 0 0 0 0 0 0 0 0 0 0 0 0 0 0 38.4081 32.6311 27.8505 17.2959 13.9246
5.77 5.77 5.77 5.77 5.77 5.77 5.77 5.77 5.77 5.77 5.77 5.77 5.77 5.77 5.77 5.77 5.77 5.77 5.77 5.77 5.77 5.77 5.77 5.77 5.77 5.77 5.77 5.77 5.74704 3.62834 0 0 0 0 0 5.76445 5.76786 5.77 5.77 5.77 5.77 5.77 5.77 5.77 5.77 5.77 5.77 5.77 5.25952 0 0 0 0 0 0 0 0 0 0 0 0 0 0 0 0 0 0 0 0 0 0 0 0 0 0 0 0 0 0 28.7573 36.0156 25.4588 19.6882 0
5.77 5.77 5.77 5.77 5.77 5.77 5.77 5.77 5.77 5.77 5.77 5.77 5.77 5.77 5.77 5.77 5.77 5.77 5.77 5.77 5.77 5.77 5.77 5.77 5.77 5.77 5.77 5.77 5.76817 5.24407 0 0 0 0 0 0 2.02033 5.68276 5.77 5.77 5.77 5.77 5.77 5.77 5.77 5.77 5.77 5.77 4.93612 0 0 0 0 0 0 0 0 0 0 0 0 0 0 0 0 0 0 0 0 0 0 0 0 0 0 0 0 0 0 16.9048 33.6274 27.8529 22.0782 16.3058
5.77 5.77 5.77 5.77 5.77 5.77 5.77 5.77 5.77 5.77 5.77 5.77 5.77 5.77 5.77 5.77 5.77 5.77 5.77 5.77 5.77 5.77 5.77 5.77 5.77 5.77 5.77 5.77 5.77 5.71225 4.71695 0 0 0 0 0 4.37205 5.74805 5.77 5.77 5.77 5.77 5.77 5.77 5.77 5.77 5.77 5.77 5.25588 0 0 0 0 0 0 0 0 0 0 0 0 0 0 0 0 0 0 0 0 0 0 0 0 0 0 0 0 0 0 0 29.2673 30.2463 24.4689 19.6901
5.76998 5.76998 5.76998 5.76997 5.76996 5.76996 5.76998 5.76998 5.76999 5.76999 5.76998 5.76996 5.76991 5.76989 5.76986 5.7699 5.76977 5.76968 5.7698 5.77 5.77 5.77 5.77 5.77 5.77 5.77 5.77 5.77 5.77 5.77 5.7071 5.27933 4.3727 3.73547 4.10952 5.10214 5.67804 5.77 5.77 5.77 5.77 5.77 5.77 5.77 5.77 5.77 5.77 5.77 5.58979 1.29209 0 0 0 0 0 0 0 0 0 0 0 0 0 0 0 0 0 0 0 0 0 0 0 0 0 0 0 0 0 0 0 32.6385 27.8535 22.0791
6.15985 6.15984 6.15984 6.15976 6.1597 6.15965 6.1598 6.15987 6.15992 6.15994 6.15989 6.15973 6.15948 6.15888 6.15871 6.15947 5.76979 8.0607 5.76975 5.77 5.77 5.77 5.77 5.77 5.77 5.77 5.77 5.77 5.77 5.77 5.77 5.77 5.76955 5.76824 5.76957 5.77 5.77 5.77 5.77 5.77 5.77 5.77 5.77 5.77 5.77 5.77 5.77 5.77 5.73798 4.81466 0 0 0 0 0 0 0 0 0 0 0 0 0 0 0 0 0 0 0 0 0 0 0 0 0 0 0 0 0 0 0 25.0087 30.2455 24.4683
5.76999 5.76999 5.76998 5.76998 5.76997 5.76997 5.76998 5.76999 5.76999 5.76999 5.76999 5.76998 5.76995 5.76992 5.76989 5.76993 5.76984 5.76973 5.7698 5.77 5.77 5.77 5.77 5.77 5.77 5.77 5.77 5.77 5.77 5.77 5.77 5.77 5.77 5.77 5.77 5.77 5.77 5.77 5.77 5.77 5.77 5.77 5.77 5.77 5.77 5.77 5.77 5.77 5.77 5.62794 3.53828 0 0 0 0 0 0 0 0 0 0 0 0 0 0 0 0 0 0 0 0 0 0 0 0 0 0 0 0 0 0 0 32.6368 30.2437
