tests/full-run-ref/erosion_79_1_-87.555.asc
ncols 512
nrows 512
xllcorner -3.24582
yllcorner -4.08743
cellsize 5
NODATA_value -99999
[rows 87 to 115 of 512, columns 67 to 133 of 512]
192.982 189.846 186.185 182.059 180.167 182.18 186.353 189.992 193.052 195.8 198.38 200.868 203.305 205.719 204.186 198.352 192.513 186.653 180.767 174.852 168.904 162.914 156.862 150.762 144.864 146.33 146.47 146.47 146.47 146.47 146.47 146.47 146.47 146.47 146.47 146.47 146.47 146.47 146.47 146.47 146.47 146.47 146.47 146.47 146.47 146.47 146.47 146.47 146.47 146.47 146.47 146.47 146.47 146.407 151.981 154.256 159.857 162.224 168.05 173.869 179.678 174.897 169.114 163.324 157.523 151.71 145.883
187.092 183.893 180.091 175.757 173.763 175.88 180.265 184.051 187.189 189.978 192.58 195.082 197.526 199.936 202.158 196.335 190.498 184.647 178.772 172.869 166.934 160.962 154.947 149.1 145.602 146.46 146.47 146.47 146.47 146.47 146.47 146.47 146.47 146.47 146.47 146.47 146.47 146.47 146.47 146.47 146.47 146.47 146.47 146.47 146.47 146.47 146.47 146.47 146.47 146.47 146.47 146.47 146.47 146.453 146.336 151.77 153.968 159.818 165.662 171.48 177.283 175.51 169.734 163.948 158.154 152.352 146.537
181.201 177.932 173.977 169.42 167.315 169.543 174.155 178.098 181.319 184.152 186.778 189.293 191.744 194.16 196.565 194.153 188.315 182.47 176.604 170.713 164.79 158.832 152.855 147.294 146.268 146.47 146.47 146.47 146.47 146.47 146.47 146.47 146.47 146.47 146.47 146.47 146.47 146.47 146.47 146.47 146.47 146.47 146.47 146.47 146.47 146.47 146.47 146.47 146.47 146.47 146.47 146.47 146.47 146.47 146.443 146.224 151.595 157.462 163.3 169.115 173.565 171.168 168.777 164.54 158.758 152.963 147.16
175.31 171.961 167.844 163.046 160.823 163.169 168.023 172.134 175.444 178.323 180.974 183.502 185.963 188.385 190.788 191.826 185.992 180.147 174.281 168.388 162.463 156.498 150.607 145.812 146.428 146.47 146.47 146.47 146.47 146.47 146.47 146.47 146.47 146.47 146.47 146.47 146.47 146.47 146.47 146.47 146.47 146.47 146.47 146.47 146.47 146.47 146.47 146.47 146.47 146.47 146.47 146.47 146.47 146.47 146.47 146.342 151.866 157.692 163.504 169.301 167.783 165.375 162.979 160.595 158.214 153.462 147.671
169.417 165.98 161.689 156.636 154.284 156.757 161.869 166.157 169.562 172.491 175.167 177.71 180.18 182.606 185.01 187.415 183.642 177.785 171.91 166.012 160.078 154.108 148.221 146.1 146.469 146.47 146.47 146.47 146.47 146.47 146.47 146.47 146.47 146.47 146.47 146.47 146.47 146.47 146.47 146.47 146.47 146.47 146.47 146.47 146.47 146.47 146.47 146.47 146.47 146.47 146.47 146.47 146.47 146.47 146.47 146.4 152.008 157.813 163.612 164.409 161.99 159.578 157.174 154.781 152.4 150.031 147.66
163.521 159.99 155.513 150.188 147.7 150.306 155.691 160.169 163.674 166.655 169.359 171.916 174.395 176.827 179.235 181.637 184.053 180.278 174.429 168.575 162.707 156.816 151.302 146.043 146.444 146.47 146.47 146.47 146.47 146.47 146.47 146.47 146.47 146.47 146.47 146.47 146.47 146.47 146.47 146.47 146.47 146.47 146.47 146.47 146.47 146.47 146.47 146.47 146.47 146.47 146.47 146.47 146.47 146.47 146.47 146.425 152.089 157.888 161.037 158.619 156.196 153.775 151.361 148.96 146.573 144.198 141.848
157.62 153.989 149.316 143.702 141.069 143.817 149.491 154.168 157.779 160.816 163.549 166.121 168.608 171.047 173.459 175.863 178.267 180.677 176.911 171.09 165.268 159.789 154.132 148.488 146.402 146.47 146.47 146.47 146.47 146.47 146.47 146.47 146.47 146.47 146.47 146.47 146.47 146.47 146.47 146.47 146.47 146.47 146.47 146.47 146.47 146.47 146.47 146.47 146.47 146.47 146.47 146.47 146.47 146.47 146.47 146.44 152.155 157.66 155.251 152.826 150.396 147.965 145.54 143.129 140.735 138.352 135.998
151.716 147.978 143.096 137.178 134.391 137.289 143.268 148.155 151.878 154.973 157.736 160.325 162.821 165.266 167.684 170.09 172.491 174.894 177.299 173.539 168.075 162.447 156.763 151.052 146.347 146.461 146.47 146.47 146.47 146.47 146.47 146.47 146.47 146.47 146.47 146.47 146.47 146.47 146.47 146.47 146.47 146.47 146.47 146.47 146.47 146.47 146.47 146.47 146.47 146.47 146.47 146.47 146.47 146.47 146.467 146.452 152.211 151.882 149.461 147.032 144.592 142.149 139.712 137.288 134.882 132.485 130.116
145.808 141.956 136.855 130.615 127.665 130.721 137.021 142.13 145.97 149.127 151.922 154.528 157.033 159.484 161.906 164.315 166.718 169.118 171.518 173.92 170.684 165.004 159.286 153.534 147.804 146.441 146.47 146.47 146.47 146.47 146.47 146.47 146.47 146.47 146.47 146.47 146.47 146.47 146.47 146.47 146.47 146.47 146.47 146.47 146.47 146.47 146.47 146.47 146.47 146.47 146.47 146.47 146.47 146.467 146.462 150.908 148.51 146.098 143.673 141.234 138.784 136.328 133.876 131.437 129.016 126.596 124.211
139.895 135.923 130.591 124.013 120.892 124.114 130.75 136.092 140.056 143.278 146.107 148.73 151.244 153.701 156.127 158.538 160.942 163.343 165.742 168.14 170.541 167.509 161.754 155.989 150.22 146.412 146.468 146.47 146.47 146.47 146.47 146.47 146.47 146.47 146.47 146.47 146.47 146.47 146.47 146.47 146.47 146.47 146.47 146.47 146.47 146.47 146.47 146.47 146.45 146.451 146.457 146.461 146.464 146.465 147.528 145.128 142.729 140.314 137.882 135.434 132.972 130.502 128.034 125.577 123.137 120.684 118.274
133.977 129.879 124.305 117.372 114.07 117.466 124.456 130.041 134.135 137.425 140.29 142.931 145.455 147.917 150.346 152.759 155.165 157.568 159.968 162.365 164.762 167.161 164.204 158.417 152.641 146.905 146.455 146.47 146.47 146.47 146.47 146.47 146.47 146.47 146.47 146.47 146.47 146.47 146.47 146.47 146.47 146.47 146.47 146.455 146.459 146.456 146.456 146.458 146.46 152.227 152.23 149.391 146.537 144.14 141.746 139.353 136.949 134.529 132.09 129.632 127.157 124.672 122.187 119.711 117.245 114.747 112.303
128.054 123.824 117.996 110.691 107.199 110.778 118.138 123.978 128.207 131.569 134.471 137.131 139.665 142.132 144.564 146.979 149.387 151.791 154.192 156.59 158.987 161.383 163.782 160.848 155.077 149.305 146.442 146.47 146.47 146.47 146.47 146.47 146.47 146.47 146.47 146.47 146.47 146.47 146.47 146.47 146.47 146.47 146.462 146.452 152.205 152.211 152.205 152.217 151.754 149.363 146.97 144.418 141.224 138.366 135.97 133.574 131.168 128.742 126.296 123.828 121.341 118.84 116.336 113.837 111.341 108.787 106.297
122.125 117.757 111.664 103.971 100.28 104.05 111.795 117.902 122.273 125.711 128.651 131.331 133.875 136.346 138.781 141.198 143.607 146.012 148.415 150.815 153.213 155.609 158.004 160.403 157.498 151.718 146.431 146.466 146.47 146.47 146.47 146.47 146.47 146.47 146.47 146.47 146.47 146.47 146.47 146.47 146.47 146.46 146.448 152.203 154.592 157.986 157.981 155.131 149.356 143.578 141.189 138.799 136.248 133.052 130.193 127.794 125.384 122.954 120.501 118.023 115.523 113.006 110.482 107.958 105.426 102.801 100.255
116.189 111.678 105.309 97.2107 93.3119 97.2813 105.429 111.813 116.333 119.848 122.83 125.53 128.083 130.56 132.997 135.416 137.826 140.233 142.636 145.037 147.437 149.835 152.23 154.626 157.026 154.142 148.368 146.456 146.47 146.47 146.47 146.47 146.47 146.47 146.47 146.47 146.47 146.47 146.47 146.47 146.465 146.449 152.207 154.595 160.366 162.758 158.511 152.734 146.956 141.175 135.391 133.005 130.62 128.072 124.875 122.011 119.598 117.164 114.704 112.217 109.704 107.171 104.626 102.075 99.5001 96.7918 94.1773
110.246 105.586 98.93 90.4102 86.2945 90.4718 99.0395 105.712 110.386 113.983 117.007 119.729 122.292 124.773 127.212 129.633 132.044 134.452 136.856 139.259 141.66 144.059 146.456 148.852 154.634 156.551 150.775 146.446 146.468 146.47 146.47 146.47 146.47 146.47 146.47 146.47 146.47 146.47 146.47 146.466 146.454 152.213 154.6 160.369 162.762 161.893 156.117 150.338 144.557 138.773 132.983 127.185 124.806 122.431 119.888 116.686 113.808 111.372 108.906 106.41 103.885 101.335 98.7685 96.1874 93.5639 90.758 88.0635
104.297 99.4822 92.5276 83.5692 79.2276 83.6216 92.6256 99.5983 104.432 108.114 111.182 113.926 116.499 118.985 121.427 123.849 126.261 128.669 131.075 133.479 135.881 138.281 140.679 146.463 152.242 156.099 153.185 147.407 146.449 146.455 146.453 146.45 146.448 146.447 146.447 146.448 146.449 146.452 146.453 146.452 152.216 154.605 160.373 162.765 165.274 159.501 153.725 147.945 142.162 136.374 130.58 124.775 118.955 116.587 114.228 111.691 108.478 105.575 103.106 100.602 98.065 95.4991 92.9101 90.2967 87.6178 84.7001 81.9142
98.3392 93.3653 86.1014 76.6876 72.1113 76.7306 86.1877 93.472 98.4723 102.242 105.356 108.122 110.706 113.196 115.64 118.063 120.477 122.886 125.293 127.698 130.1 132.5 138.29 144.072 147.929 153.708 155.581 149.805 152.196 149.801 152.195 152.187 152.183 152.174 152.174 152.178 152.184 152.193 152.201 152.21 154.605 160.379 162.77 168.438 162.883 157.109 151.333 145.554 139.769 133.979 128.184 122.377 116.548 110.697 108.344 106.007 103.475 100.24 97.3008 94.7911 92.2438 89.6628 87.0512 84.4031 81.662 78.6187 75.73
92.374 87.2352 79.6512 69.7653 64.9453 69.7988 79.7259 87.3331 92.5057 96.3672 99.5283 102.318 104.913 107.407 109.853 112.277 114.692 117.102 119.509 121.912 124.312 130.11 135.898 139.757 145.539 151.314 157.089 155.583 157.969 155.576 157.965 157.962 157.959 157.951 157.951 157.954 157.96 157.968 157.977 157.985 160.379 162.771 165.057 162.666 160.275 154.719 148.943 143.164 137.379 131.589 125.791 119.985 114.16 108.298 102.404 100.073 97.7622 95.2308 91.9615 88.9758 86.4202 83.8249 81.1918 78.5068 75.6968 72.5141 69.5109
86.4006 81.0919 73.1768 62.802 57.7295 62.8261 73.2401 81.1816 86.5326 90.4885 93.6987 96.5126 99.118 101.617 104.065 106.49 108.906 111.314 113.718 116.117 121.925 127.719 131.58 137.368 143.146 148.923 154.698 160.469 163.742 161.351 163.74 163.737 163.735 163.726 163.726 163.73 163.736 163.743 163.752 163.76 164.068 161.677 159.285 156.893 154.502 152.112 146.554 140.775 134.991 129.202 123.404 117.598 111.779 105.93 100.022 94.0697 91.766 89.4854 86.9483 83.6323 80.5909 77.9836 75.3296 72.6074 69.7221 66.3865 63.2559
80.4188 74.9351 66.6779 55.7977 50.4639 55.8126 66.7304 75.0175 80.5528 84.6064 87.8672 90.706 93.3226 95.8258 98.2755 100.701 103.113 105.517 107.912 113.733 119.535 123.397 129.193 134.975 140.755 146.531 152.304 158.076 163.849 167.125 169.513 169.512 169.509 169.501 169.501 169.504 169.51 169.518 166.455 160.681 158.291 155.902 153.511 151.12 148.728 146.338 143.948 138.389 132.606 126.817 121.021 115.216 109.399 103.565 97.685 91.7156 85.6877 83.4155 81.167 78.6175 75.2425 72.1348 69.4615 66.7016 63.7374 60.2357 56.9658
74.4285 68.7646 60.1546 48.7521 43.1483 48.758 60.1967 68.8408 74.5664 78.7207 82.0338 84.8984 87.5262 90.0337 92.4841 94.9048 97.3072 99.6976 105.534 111.345 115.208 121.013 126.8 132.583 138.361 144.136 149.909 155.682 161.454 167.227 172.999 175.285 175.283 175.274 175.275 175.279 175.284 169.833 164.058 158.281 152.503 150.118 147.732 145.343 142.952 140.561 138.172 135.783 130.222 124.435 118.641 112.839 107.025 101.196 95.3432 89.4222 83.3741 77.2481 75.0114 72.7962 70.2283 66.7796 63.5829 60.7854 57.7382 54.0612 50.6431
68.4296 62.5804 53.6066 41.6652 35.7826 41.6625 53.6391 62.6515 68.5733 72.8315 76.1984 79.0894 81.7286 84.2391 86.6825 89.0881 91.4727 97.3263 103.148 107.011 112.826 118.619 124.407 130.187 135.964 141.739 147.513 153.286 159.06 164.832 170.605 176.378 181.056 181.048 181.048 178.985 173.211 167.435 161.659 155.881 150.1 144.316 141.936 139.557 137.172 134.782 132.393 130.006 127.619 122.055 116.263 110.464 104.654 98.8305 92.9885 87.1122 81.1393 74.9912 68.74 66.5419 64.3616 61.7673 58.2152 54.854 51.7214 47.8584 44.2868
62.4219 56.3824 47.0339 34.5369 28.3668 34.5259 47.0575 56.4496 62.5736 66.9387 70.361 73.2789 75.9281 78.4316 80.8542 83.2351 89.1103 94.9444 98.8061 104.633 110.433 116.226 122.009 127.788 133.565 139.341 145.116 150.89 156.664 162.438 168.211 173.984 179.757 185.53 182.366 176.591 170.815 165.038 159.26 153.48 147.697 141.909 136.115 133.744 131.375 128.997 126.61 124.223 121.839 119.453 113.888 108.091 102.286 96.4682 90.6339 84.7763 78.8714 72.8333 66.5598 60.1498 57.9933 55.8472 53.2043 49.4596 45.6856 41.6304 37.872
56.4053 50.1704 40.4364 27.367 20.9007 27.3482 40.4518 50.235 56.5671 61.0423 64.5213 67.4652 70.1129 72.5915 74.9802 80.8843 86.7328 90.5923 96.4316 102.24 108.04 113.827 119.608 125.387 131.165 136.942 142.718 148.493 154.269 160.043 165.818 171.592 177.365 183.139 179.973 174.196 168.419 162.64 156.86 151.078 145.294 139.505 133.706 127.898 125.539 123.186 120.818 118.436 116.053 113.672 111.288 105.72 99.9186 94.1071 88.2808 82.4349 76.5592 70.6193 64.5002 58.071 51.4615 49.3467 47.2192 44.4464 40.2333 35.3777 31.4582
50.3798 43.9444 33.814 20.1555 13.3842 20.1294 33.8222 44.0078 50.5539 55.142 58.6778 61.6354 64.2626 66.6955 72.6458 78.5125 82.3687 88.2223 94.0395 99.8475 105.64 111.425 117.206 122.985 128.764 134.542 140.32 146.097 151.873 157.649 163.424 169.199 174.974 180.749 177.582 171.803 166.024 160.243 154.461 148.676 142.889 137.1 131.302 125.488 119.66 117.32 114.988 112.634 110.26 107.881 105.504 103.123 97.5519 91.7455 85.9275 80.0922 74.2334 68.3366 62.354 56.1351 49.5138 42.6529 40.5665 38.4224 35.2867 29.8908 25.4289
44.3454 37.7044 27.1667 12.9023 5.81728 12.8693 27.1684 37.768 44.5338 49.2363 52.8162 55.7761 58.3465 64.3886 70.2818 74.1342 80.0039 85.8319 91.6495 97.4482 103.236 109.02 114.802 120.584 126.364 132.143 137.922 143.701 149.478 155.255 161.032 166.808 172.583 178.359 175.191 169.411 163.63 157.848 152.062 146.275 140.485 134.693 128.897 123.088 117.254 111.4 109.084 106.78 104.446 102.082 99.7088 97.3359 94.9569 89.3837 83.5722 77.7471 71.9016 66.0278 60.1052 54.0696 47.7277 40.8691 33.673 31.665 30.3439 25.9263 23.074
38.3021 31.4503 20.4944 5.60729 0 5.56785 20.4906 31.5153 38.5051 43.3072 46.9405 49.844 56.0958 62.0375 65.8875 71.7759 77.6163 83.4453 89.2512 95.0437 100.831 106.616 112.4 118.182 123.964 129.746 135.526 141.306 147.085 152.863 158.64 164.417 170.192 175.969 172.8 167.02 161.238 155.453 149.666 143.876 138.083 132.287 126.489 120.685 114.862 109.001 103.115 100.829 98.5615 96.252 93.9017 91.5356 89.1675 86.7911 81.2178 75.4035 69.5697 63.7139 57.8243 51.874 45.7813 39.3084 32.2158 25.629 25.0225 26.6492 27.323
32.2427 25.1816 13.797 0 0 0 13.7884 25.2472 32.4396 37.3909 40.9875 47.7202 53.7711 57.6261 63.5376 69.3927 75.235 81.0493 86.847 92.6381 98.4264 104.213 109.999 115.783 121.567 127.35 133.131 138.912 144.692 150.471 156.249 162.026 167.802 173.579 170.41 164.629 158.846 153.06 147.27 141.478 135.682 129.883 124.081 118.276 112.463 106.623 100.728 94.8006 92.5526 90.3309 88.0526 85.7187 83.3614 80.9987 78.6266 74.2585 68.4434 62.6061 56.7485 50.8552 44.8977 38.7903 32.3181 25.9923 27.5952 27.835 27.86
26.2918 18.8529 7.07105 0 0 0 7.05756 18.9138 26.432 31.3854 39.1439 45.458 49.3439 55.2878 61.1608 67.0185 72.8427 78.6465 84.442 90.2341 96.024 101.813 107.6 113.386 119.172 124.956 130.738 136.52 142.301 148.08 153.859 159.636 165.412 171.188 168.02 162.238 156.455 150.668 144.877 139.082 133.284 127.482 121.676 115.867 110.053 104.229 98.3682 92.4309 86.4544 84.253 82.0869 79.8467 77.5328 75.1858 72.8268 70.4588 67.2065 61.3895 55.5486 49.6862 43.7848 37.812 31.7781 26.6832 27.8214 27.86 27.86
