tests/full-run-ref/erosion_2010_78_18_17.120.asc
ncols 512
nrows 512
xllcorner -3.24582
yllcorner -4.08743
cellsize 5
NODATA_value -99999
[rows 440 to 479 of 512, columns 180 to 269 of 512]
0 0 0 0 0 16.3186 114.489 111.424 108.929 24.48 111.439 24.4786 0 48.545 42.7757 37.0055 31.2354 25.4657 19.6974 16.3194 16.32 16.32 16.32 16.32 16.32 16.32 16.3198 16.3169 28.5994 30.6273 57.1113 24.3153 51.7702 54.7231 52.4985 54.8829 20.147 20.147 20.1468 20.1453 20.1437 73.4297 79.0695 0 0 0 0 110.443 116.155 110.446 115.36 109.628 103.857 98.0861 92.3152 86.5444 80.7736 75.0028 69.232 63.4612 57.6904 51.9195 46.149 40.7843 40.79 40.79 40.79 40.79 40.79 40.79 40.79 40.79 40.79 40.79 40.79 40.79 40.79 40.7898 40.7898 40.7899 40.79 40.79 40.79 7.47426 7.47426 0 0 0 0 0
0 0 0 0 0 22.0541 24.468 108.928 111.439 111.44 24.4791 24.4776 51.9178 46.1557 40.3855 34.6153 28.8451 23.0783 17.3084 16.3196 16.32 16.32 16.32 16.32 16.32 16.3199 16.3187 22.0843 36.7898 65.272 9.50882 59.3923 62.8444 60.3654 62.8819 60.6343 63.0466 42.7795 42.7793 45.1673 81.5899 87.3404 0 0 0 0 118.603 124.315 118.606 121.161 115.398 109.626 103.856 98.0849 92.3142 86.5435 80.7728 75.0021 69.2313 63.4606 57.6898 51.919 46.1485 40.7831 40.7896 40.79 40.79 40.79 40.79 40.79 40.79 40.79 40.79 40.79 40.79 40.79 40.79 40.79 40.79 40.79 40.79 40.79 7.47426 7.47426 0 0 0 0 0 0
0 0 0 0 0 0 22.0474 27.7627 109.601 24.4787 24.4782 60.0413 54.3196 48.5495 42.7793 37.0091 31.2387 25.4682 19.6982 16.3192 11.54 11.54 11.54 11.54 11.5399 11.5395 16.3192 30.2457 71.5728 71.0325 19.6988 71.0425 44.1795 44.1796 44.1795 71.2089 45.1575 42.7698 0 59.0602 95.4995 0 0 0 28.171 126.764 132.475 126.767 129.32 123.557 117.787 112.016 106.246 100.475 94.7047 88.9343 83.1638 77.3933 71.6228 65.8523 60.0818 54.3112 48.5408 42.7731 0 0 0 0 0 0 0 0 0 0 0 0 0 0 0 0 0 0 0 0 0 0 0 0 0 0
0 0 0 0 0 0 8.15966 22.0486 0 0 0 61.6063 24.9893 50.9396 45.1694 39.399 33.6286 27.8582 22.0879 16.3184 16.3194 16.3198 16.3198 16.3199 11.54 11.5396 11.5388 19.6897 17.269 0 49.3448 35.9465 43.7683 46.292 77.0915 76.5938 0 0 0 33.6174 97.8988 0 0 125.297 134.925 140.636 134.928 137.484 131.718 125.947 120.177 114.407 108.636 102.866 97.0958 91.3255 85.5552 79.7849 74.0145 68.2442 62.4738 56.7035 50.9331 45.1643 40.7876 0 0 0 0 0 0 0 0 0 0 0 0 0 0 0 0 0 0 0 0 0 0 0 0 0
0 0 0 0 0 0 0 0 0 0 27.8042 30.1305 24.4796 53.3296 47.5593 41.7889 36.0186 30.2481 24.4781 22.0885 24.4688 22.0897 20.4798 20.0898 16.3163 13.9231 11.5368 11.5354 0 0 16.3043 22.075 19.6978 35.9909 36.7809 0 0 0 0 47.5176 160.389 132.587 148.539 143.086 148.807 143.088 140.869 135.098 129.327 123.556 117.786 112.015 106.245 100.474 94.7035 88.9329 83.1624 77.3918 71.6212 65.8506 60.0799 54.3092 48.5387 42.7715 40.7883 40.79 40.79 40.79 40.79 40.79 40.79 40.79 40.79 40.79 40.79 0 0 0 0 0 0 0 0 0 0 0 0 0 0 0
0 0 0 0 0 0 0 0 0 0 0 24.4688 60.5905 24.4798 49.9493 44.179 38.4086 32.6387 30.249 32.6212 30.2498 24.4797 22.0897 16.3193 13.9289 8.15668 5.76765 0 0 0 0 11.5386 17.3088 23.0791 27.8461 21.1203 27.8528 0 0 23.0589 162.758 157.018 151.248 153.782 150.019 144.248 138.477 132.702 126.932 121.161 115.39 109.619 103.849 98.0778 92.3069 86.5361 80.7652 74.9942 69.2233 63.4523 57.6812 51.9138 46.1414 40.78 0 0 0 0 0 0 0 0 0 0 0 0 0 0 0 0 0 0 0 0 0 40.7941 40.7939 40.7932 40.7924 40.7882
0 0 0 0 0 0 0 0 0 0 0 13.9292 24.4686 57.1847 0 46.5691 40.7992 38.4094 38.4011 32.6398 27.8596 22.0893 16.3191 13.9289 8.15843 5.76879 0 0 0 0 0 11.5386 17.3092 23.0796 22.252 0 0 0 0 23.0575 23.0667 159.409 159.557 155.783 150.018 144.247 138.476 132.705 126.935 121.164 115.393 109.622 103.851 98.0802 92.3092 86.5382 80.7672 74.9961 69.225 63.4538 57.6826 51.9114 46.1408 40.7801 40.79 40.79 40.79 40.79 40.79 40.79 40.79 40.79 40.79 40.79 0 40.79 40.79 40.79 40.79 40.79 40.79 40.79 40.79 40.79 40.79 40.79 40.79 40.79 40.7934 40.79
0 0 0 0 0 0 0 0 0 0 0 0 13.9288 24.4169 53.8314 0 46.5696 40.7998 36.0196 30.2486 24.4783 19.6959 13.9288 8.15845 5.76893 0 0 0 0 0 5.76885 11.5389 17.3096 0 0 0 0 0 0 23.0552 23.0637 165.328 161.558 155.787 150.016 144.245 138.475 132.704 126.933 121.162 115.391 109.62 103.849 98.078 92.3069 86.5358 80.7646 74.9934 69.2221 63.4508 57.6794 51.908 46.1371 40.7761 40.7893 40.79 40.79 40.79 40.79 40.79 40.79 40.79 40.79 40.79 40.79 40.79 40.79 40.79 40.79 28.5264 28.5264 28.5264 28.5264 28.5264 28.5264 28.5264 28.5264 28.5264 28.5239 40.7861
0 0 0 0 0 0 0 0 0 0 0 0 0 13.9286 24.4018 22.089 44.1797 38.4089 32.6385 27.8558 22.0881 16.3179 11.5363 5.76863 0 0 0 0 0 5.76939 8.15899 13.9289 27.8212 23.0333 0 0 0 0 0 24.4512 23.0615 169.718 163.947 158.177 152.406 146.635 140.864 135.093 129.323 123.552 117.781 112.01 106.239 100.468 94.6973 88.9263 83.1553 77.3842 71.6131 65.8419 60.0707 54.2994 48.5284 42.7637 5.27352 5.27693 5.27693 5.27693 5.27693 5.27693 28.5264 28.5264 28.5264 28.5264 28.5264 28.5264 28.5264 28.5264 28.5264 28.5264 28.5264 28.5264 28.5264 28.5264 28.5264 28.5264 28.5264 28.5264 28.5245 28.5224
0 0 0 0 0 0 0 0 0 0 0 0 0 8.15908 13.9288 19.6991 22.0896 36.0162 30.2484 24.4782 19.6955 13.9277 8.15812 0 0 0 0 0 0 5.76936 11.5389 16.3194 32.6395 23.0795 23.08 23.08 23.08 23.08 23.0799 23.0434 23.0609 172.108 166.337 160.566 154.796 149.025 143.254 137.483 131.713 125.942 120.171 114.4 108.629 102.859 97.0877 91.3168 85.5458 79.7748 74.0038 68.2327 62.4616 56.6904 50.9193 45.1512 40.7802 28.526 28.5264 28.5264 28.5264 28.5264 28.5264 28.5264 28.5264 28.5264 28.5241 28.5188 28.5192 28.5235 28.5261 28.5264 28.5264 28.5264 28.5264 28.5264 28.5264 28.5264 28.5253 28.5234 28.5215 28.5235
0 0 0 0 0 0 0 0 0 0 0 0 0 0 11.5393 19.6995 22.0898 33.6261 27.8559 22.0881 16.3178 11.5363 5.76728 0 0 0 0 0 0 5.7693 11.5389 16.3195 30.2494 23.0795 23.08 23.08 23.08 23.08 23.0762 24.4449 23.0615 174.498 168.727 162.956 157.185 151.415 145.644 139.873 134.102 128.332 122.561 116.79 111.019 105.248 99.4775 93.7066 87.9356 82.1646 76.3936 70.6225 64.8514 59.0803 53.3091 47.5387 41.7751 28.5239 28.5264 28.5264 28.5264 28.5264 28.5264 28.5264 28.5264 28.5241 28.5122 40.7805 47.5206 41.7792 28.5242 28.5264 28.5264 28.5264 28.5264 28.5264 28.5264 28.5262 28.5246 28.5243 28.5252 28.526
0 0 0 0 0 0 0 0 0 0 0 0 0 0 11.5395 13.9296 22.0898 30.2487 25.4657 19.6955 13.9276 8.15833 0 0 0 0 0 0 5.76929 5.7694 11.5391 16.3197 27.8594 23.0795 0 0 0 23.0746 23.0648 23.0522 182.642 176.888 171.117 165.346 159.575 153.805 148.034 142.263 136.493 130.722 124.951 119.18 113.41 107.639 101.868 96.0969 90.326 84.5551 78.7841 73.013 67.242 61.4709 55.6998 49.9286 44.1615 32.597 32.6004 32.603 32.6055 32.6055 32.6055 32.6055 32.6027 32.5918 40.7811 40.7864 49.1112 44.1626 40.7823 28.5264 28.5264 28.5264 28.5264 28.5264 28.5264 28.5259 28.5247 28.5254 28.5263 28.5264
0 0 0 0 0 0 0 0 0 0 0 0 0 5.76962 8.15958 11.5395 13.9296 27.8587 22.0882 16.3178 11.5366 5.76693 0 0 0 0 0 5.76977 5.76975 8.15955 13.9291 19.6997 30.2495 0 12.5014 24.4753 30.0926 66.1192 71.5265 77.6446 180.741 179.279 173.508 167.737 161.967 156.196 150.425 144.655 138.884 133.114 127.343 121.572 115.802 110.031 104.26 98.4894 92.7187 86.9479 81.1771 75.4063 69.6354 63.8645 58.0936 52.3223 46.5519 40.7781 40.7823 40.7906 40.7809 40.7868 32.6037 32.6039 32.5997 40.7819 40.786 38.5285 0 46.5556 40.7868 28.5192 28.5242 28.5248 28.5254 28.5258 28.5258 28.5253 28.5254 28.5261 28.5264 28.5264
0 0 0 0 0 0 0 0 0 0 0 0 0 5.76968 5.7696 5.7694 8.15924 13.9296 19.6955 13.928 8.15863 0 0 0 0 0 0 0 5.76937 5.76928 19.6915 38.4087 32.6379 24.4777 27.5198 77.6249 24.4785 79.3621 40.7984 80.0409 178.263 173.114 175.899 170.128 164.357 158.587 152.816 147.046 141.275 135.505 129.734 123.964 118.193 112.422 106.652 100.881 95.1107 89.34 83.5694 77.7987 72.028 66.2573 60.4864 54.7152 48.9408 54.6687 48.9546 51.4536 49.0637 46.6743 44.2841 32.6022 32.5971 32.5883 38.5215 38.5205 38.3629 48.8915 38.3737 40.7647 28.5248 28.5244 28.5242 28.5249 28.5252 28.5257 28.526 28.5263 28.5264 28.5264
0 0 0 0 0 0 0 0 0 0 0 0 0 0 0 5.76946 5.7694 8.15933 17.3058 11.5371 5.76629 0 0 0 0 0 0 0 0 5.769 17.3067 66.1639 32.6394 32.6396 86.2133 40.7915 38.4088 40.7857 87.9213 82.426 172.441 167.343 178.29 172.518 166.748 160.977 155.207 149.436 143.666 137.895 132.125 126.354 120.584 114.813 109.043 103.272 97.5018 91.7312 85.9607 80.1901 74.4196 68.649 62.8783 57.1084 60.9826 57.1162 51.4511 45.6793 43.2871 40.8927 38.498 36.0749 30.3351 30.3391 32.5861 43.1134 40.7201 28.4901 28.5086 28.5227 28.5252 28.5258 28.5256 28.5258 28.526 28.5262 28.5263 28.5264 28.5264 28.5264
0 0 0 0 0 0 0 0 0 0 0 0 0 0 0 0 5.76945 5.7694 5.76945 11.5396 5.76944 0 0 0 0 0 0 0 0 0 19.668 60.2708 54.6385 48.9567 19.6578 38.4085 38.41 38.4088 38.4025 96.1928 38.3955 168.176 177.182 174.909 169.138 163.368 157.597 151.827 146.056 140.286 134.515 128.745 122.975 117.204 111.434 105.663 99.8928 94.1223 88.3519 82.5814 76.811 71.0407 65.2712 64.3727 60.5997 54.8293 49.0552 43.2858 37.5118 35.1194 32.729 30.3422 30.352 30.2257 30.2224 32.5691 30.2147 28.5015 28.5074 28.5192 28.5244 28.5259 28.5264 28.5264 28.5264 28.5264 28.5264 28.5264 28.5264 28.5264
0 0 0 0 0 0 0 0 0 0 0 0 0 0 0 0 0 0 0 0 0 0 0 0 0 0 0 0 0 0 22.0799 19.6987 52.3388 46.4268 40.7965 38.4097 38.4101 38.4101 38.4086 38.4036 38.3959 38.3844 38.396 177.296 171.529 165.758 159.988 154.217 148.447 142.677 136.906 131.136 125.366 119.595 113.825 108.055 102.284 96.5138 90.7435 84.9731 79.2028 73.4331 69.751 63.9801 58.2081 52.4367 46.6619 40.8902 35.1208 30.2348 30.2434 30.2479 30.2477 30.2437 30.2422 30.2447 30.2477 30.2442 30.2354 28.5175 28.5239 28.5258 28.5263 28.5264 28.5264 28.5264 28.5264 28.5264 28.5264 28.5264
0 0 0 0 0 0 0 0 0 0 0 0 0 0 0 0 0 0 0 0 0 0 0 0 0 0 0 0 0 16.3153 61.4879 16.3197 49.8653 44.1759 38.4089 38.41 38.4101 38.4101 38.4101 38.4101 38.4101 38.4051 38.3818 176.984 171.225 165.454 159.684 153.913 148.143 142.372 136.602 130.832 125.061 119.291 113.52 107.75 101.98 96.2092 90.4388 84.6684 78.898 73.1279 67.3568 61.5857 55.8111 50.0401 44.2686 38.4967 32.7292 30.2431 30.25 30.25 0 30.25 30.25 30.25 30.25 30.25 30.2459 28.5115 28.5174 28.523 28.5264 28.5264 28.5264 28.5264 28.5264 28.5264 28.5264 28.5264
0 0 0 0 0 0 0 0 0 0 0 0 0 0 0 0 0 0 0 0 0 0 0 0 0 0 0 0 13.9234 64.8301 16.3196 53.1576 47.5588 41.7876 38.4094 38.4101 38.4101 38.4101 38.4101 38.4101 38.4101 38.4101 38.3896 38.3951 168.835 163.064 157.293 151.523 145.752 139.981 134.211 128.44 122.67 116.899 111.129 105.358 99.5874 93.8169 88.0463 82.2758 76.5053 70.7347 64.9603 59.1894 53.4186 47.6474 41.8755 36.1031 30.3389 0 0 0 0 0 0 0 0 0 0 0 28.5031 28.5192 28.5257 28.5264 28.5264 28.5264 28.5264 28.5264 28.5264 28.5264
0 0 0 0 0 0 0 0 0 0 0 0 0 0 0 0 0 0 0 0 0 0 0 0 0 0 0 5.46946 16.3148 62.4783 56.7055 50.9352 45.1687 39.3989 38.4098 38.4101 38.4101 38.4101 38.4101 38.4101 38.4101 38.4101 38.3949 38.3921 168.712 162.958 157.187 151.417 145.646 139.875 134.105 128.334 122.564 116.793 111.022 105.252 99.4813 93.7108 87.9402 82.1697 76.3991 70.6285 64.8579 59.0871 53.3161 47.5447 41.7717 35.997 30.2317 0 0 0 0 0 0 0 0 0 0 0 28.503 28.5215 40.7654 28.5264 28.5264 28.5264 28.5264 28.5264 28.5264 49.95
0 0 0 0 0 0 0 0 0 0 0 0 0 0 0 0 0 0 0 0 0 0 0 0 0 0 0 13.9229 65.8551 16.3195 54.131 48.5486 42.7771 38.4091 38.41 38.4101 38.4101 38.4101 38.4101 38.4101 38.4101 38.4101 38.4039 38.3747 166.325 160.568 154.797 149.026 143.255 137.484 131.713 125.942 120.171 114.4 108.629 102.858 97.0871 91.3162 85.5453 79.7743 74.0034 68.2323 62.4611 56.6897 50.9178 45.1446 39.3682 33.5955 30.2313 0 0 0 0 0 0 0 0 0 0 0 0 40.7654 54.89 49.12 49.1201 49.1201 49.1195 28.5264 28.5264 39.4
0 0 0 0 0 0 0 0 0 0 0 0 0 0 0 0 0 0 0 0 0 0 0 0 0 0 11.5352 0 63.4051 57.6954 51.9249 46.1581 40.388 38.4094 38.4101 38.4101 38.4101 38.4101 38.4101 38.4101 38.4101 38.4101 38.4101 38.38 163.25 158.174 152.402 146.631 140.859 135.088 129.317 123.545 117.774 112.003 106.231 100.46 94.6889 88.9177 83.1464 77.3751 71.6036 65.832 60.06 54.2873 48.5132 42.7359 36.9564 31.1842 30.2333 30.25 30.25 30.25 30.25 30.25 23.08 23.08 23.0774 0 0 0 0 0 0 49.1193 40.3899 40.3899 40.3899 28.5263 39.4 39.4
0 0 0 0 0 0 0 0 0 0 0 0 0 0 0 0 0 0 0 0 0 0 0 0 0 0 13.9222 0 65.8587 60.0888 54.3184 48.548 42.7779 38.4088 38.41 38.4101 38.4101 38.4101 38.4101 38.4101 38.4101 38.4101 38.4017 38.3619 165.521 160.567 154.796 149.024 143.253 137.482 131.711 125.94 120.169 114.398 108.628 102.857 97.0859 91.315 85.5439 79.7728 74.0014 68.2295 62.4569 56.6828 50.9057 45.1232 39.3332 33.551 30.2141 30.25 30.25 30.25 30.25 30.25 30.25 23.0721 23.0573 23.0558 23.0512 23.0416 37.3527 0 48.8467 45.1536 42.7689 28.5236 28.5262 28.5262 28.5263 39.4
0 0 0 0 0 0 0 0 0 0 0 0 0 0 0 0 0 0 0 0 0 0 0 0 0 6.52854 0 73.6467 68.2491 62.4786 56.7082 50.9378 45.1675 39.3981 0 0 0 38.4101 38.4101 38.4101 38.4101 38.4101 38.3836 38.3827 168.72 162.956 157.185 151.414 145.643 139.873 134.102 128.331 122.561 116.791 111.02 105.25 99.4789 93.7083 87.9373 82.1661 76.3943 70.6217 64.8476 59.0709 53.2896 47.5017 41.701 35.9026 30.1941 30.25 30.25 30.25 0 0 0 0 23.0586 23.0565 23.0586 23.0632 37.3791 5.05473 49.0243 42.757 36.9905 28.5196 28.5251 28.5262 28.5263 28.5262
0 0 0 0 0 0 0 0 0 0 0 0 0 0 0 0 0 0 0 0 0 0 0 0 0 0 0 75.7509 70.6389 64.8684 59.098 53.3276 47.5572 41.7874 38.4091 0 38.4101 38.4101 38.4101 38.4101 38.4101 38.3981 38.3548 176.87 171.117 165.346 159.575 153.804 148.033 142.263 136.493 130.722 124.952 119.182 113.411 107.641 101.87 96.0993 90.3281 84.5563 78.7837 73.0097 67.2334 61.4535 55.6679 49.8709 44.0717 38.286 30.1766 0 0 0 0 19.7 19.7 19.6735 23.0467 23.0551 23.0575 48.9835 49.0269 49.0325 54.7775 33.5846 31.2165 23.0684 23.0763 23.0794 23.0797 25.4699
0 0 0 0 0 0 0 0 0 0 0 0 0 0 0 0 0 0 0 0 0 0 0 0 0 0 0 78.7991 73.0285 67.2581 61.4877 55.7173 49.9468 44.1764 38.407 38.4098 0 0 0 0 38.3953 38.3604 185.021 179.269 173.506 167.735 161.965 156.194 150.424 144.654 138.883 133.113 127.343 121.572 115.802 110.032 104.261 98.4895 92.7178 86.9453 81.1715 75.3958 69.6172 63.8348 58.0404 52.235 46.4746 40.6789 30.0645 9.82014 9.84971 0 0 0 0 19.6756 19.6279 25.3139 22.9827 25.4094 27.8063 33.4745 27.8211 25.4356 23.0201 17.298 17.3044 0 17.3097 17.3098
0 0 0 0 0 0 0 0 0 0 0 0 0 0 0 0 8.15967 5.76978 0 0 0 0 0 0 0 0 86.9581 81.1887 75.4182 69.6478 63.8774 58.107 52.3364 46.5654 40.795 0 0 0 0 30.5487 38.335 193.179 187.429 181.667 175.896 170.126 164.355 158.585 152.815 147.044 141.274 135.504 129.733 123.963 118.192 112.422 106.65 100.879 95.1062 89.3326 83.5573 77.7797 71.9998 66.2103 60.4138 54.6196 44.0021 38.2127 32.4322 17.6102 9.80865 9.82621 0 35.9932 30.2092 24.4038 21.9862 19.5983 11.4786 11.5056 11.5131 22.0577 19.6728 16.7952 0 0 0 0 0 0
0 0 0 0 0 0 0 0 0 0 0 0 0 0 0 0 13.9296 8.15957 5.76973 0 0 0 0 0 0 0 89.3489 83.5784 77.808 72.0376 66.2672 60.4967 54.7259 48.9548 46.5648 40.793 0 0 0 40.7279 196.547 190.806 185.047 179.276 173.505 167.734 161.963 156.193 150.422 144.651 138.881 133.11 127.339 121.569 115.797 110.025 104.252 98.4782 92.7025 86.9245 81.1436 75.3588 69.5652 63.7659 57.9793 52.1762 46.385 40.5882 42.4973 17.596 44.5038 40.7685 39.3776 33.5925 27.7933 22.0067 16.2042 13.8131 11.455 5.72265 5.74316 11.5195 11.5221 0 0 0 0 0 0 0
0 0 0 0 0 0 0 0 0 0 0 0 0 0 0 0 16.3196 13.9295 8.15946 5.76968 0 0 0 0 0 0 91.7392 85.9687 80.1984 74.428 68.6576 62.8869 57.1159 54.7258 48.9537 52.6973 0 0 48.9102 204.721 198.97 193.207 187.437 181.666 175.895 170.125 164.354 158.584 152.813 147.043 141.272 135.501 129.73 123.959 118.187 112.414 106.639 100.864 95.0857 89.3052 83.5215 77.7294 71.9333 66.1537 60.3713 54.579 48.7881 48.6427 17.609 17.6359 48.3431 42.7458 36.9615 31.1696 25.386 19.5999 13.8112 8.02951 0 0 0 0 0 0 0 0 0 0 0 0
0 0 0 0 0 0 0 0 0 0 0 0 0 0 0 0 22.0897 16.3195 13.9294 8.15934 5.76959 0 0 0 11.5299 0 94.1293 88.3589 82.5886 76.8182 71.0475 65.2767 62.8866 57.1149 0 0 0 52.4131 212.839 207.122 201.368 195.598 189.827 184.057 178.286 172.516 166.745 160.975 155.205 149.434 143.663 137.893 132.121 126.349 120.575 114.801 109.025 103.247 97.4676 91.6852 85.8954 80.1022 74.3257 68.5481 62.7617 56.968 54.7861 48.2838 55.6716 51.902 46.1148 40.3272 34.5393 28.7548 22.9704 17.1863 11.4 5.65813 0 0 0 0 0 0 0 0 0 0 0 0
0 0 0 0 0 0 0 0 0 0 0 0 0 0 0 0 0 22.0896 16.3194 13.9293 8.15906 0 0 0 11.5324 0 96.5194 90.749 84.9786 79.208 73.4372 71.0474 65.2759 0 0 67.036 0 57.1051 202.07 191.639 203.759 197.988 192.218 186.447 180.677 174.906 169.136 163.366 157.595 151.825 146.054 140.282 134.51 128.736 122.962 117.186 111.408 105.629 99.8475 94.0594 88.2684 82.4932 76.7172 70.9342 65.145 62.7925 60.5876 61.8261 60.0606 54.2772 48.4955 42.715 36.935 31.1552 25.3767 19.5979 13.8193 8.0688 0 0 0 0 0 0 0 0 0 0 0 0
0 0 0 0 0 0 0 0 0 0 0 0 0 0 0 0 30.2497 24.4795 22.0894 16.3191 13.9288 0 0 0 0 0 83.2083 93.1389 87.3683 81.5976 79.2077 73.4365 71.2068 0 73.1975 0 0 194.008 0 183.477 183.478 199.873 194.608 188.838 183.067 177.297 171.527 165.756 159.985 154.214 148.443 142.67 136.897 131.122 125.347 119.569 113.79 108.01 102.223 96.4345 90.6603 84.8858 79.1057 73.3204 70.9658 68.5972 67.9727 67.6035 62.4443 56.6626 50.8843 45.1067 39.3297 33.5545 27.7793 22.0046 16.2296 11.4594 5.7123 0 0 0 0 0 0 0 0 0 0 0
0 0 0 0 0 0 0 0 0 0 0 0 0 0 0 0 0 30.2496 24.4793 22.089 16.3181 0 0 0 0 0 99.8475 95.5286 89.758 87.368 81.5969 79.207 76.9734 79.3576 0 0 190.647 188.254 185.86 0 185.817 175.318 196.223 191.228 185.458 179.687 173.917 168.146 162.375 156.604 150.831 145.058 139.283 133.508 127.731 121.952 116.173 110.388 104.601 98.8274 93.0543 87.2768 81.4948 79.137 76.7657 74.3858 73.7622 70.6108 64.8292 59.0511 53.2741 47.498 41.7235 35.9494 30.1758 24.4021 19.6262 13.8474 8.08137 5.73686 0 0 0 0 0 0 0 0 0 0
5.77 5.77 0 0 0 0 0 0 0 0 0 0 0 0 0 0 33.5124 32.6394 30.2492 24.4783 0 0 189.634 0 0 0 103.689 97.9183 95.5283 89.7572 87.3673 84.9739 87.3581 76.9615 199.791 194.028 188.259 182.488 180.093 177.699 0 177.66 167.157 193.62 187.848 182.078 176.307 170.536 164.765 158.992 153.219 147.445 141.669 135.892 130.114 124.336 118.552 112.767 106.995 101.223 95.4477 89.6688 87.3073 84.9329 82.5496 80.1654 78.7753 72.996 67.2176 61.4411 55.6655 49.8915 44.1179 38.3448 32.5717 27.7955 22.0183 16.2381 13.8733 8.11247 0.0807343 0.103884 0.106474 0.108072 0.108923 0.109879 0.110103 6.15901 6.15897 6.15936
5.77 0 0 0 0 0 0 0 0 0 0 0 0 0 0 0 40.7996 38.4093 32.6386 0 0 0 215.943 0 0 111.849 106.079 103.689 97.9176 95.5276 93.1342 95.5189 89.0603 203.172 197.408 191.636 185.866 180.098 174.328 171.933 169.537 0 169.508 195.241 161.39 184.468 178.697 172.926 167.153 161.38 155.606 149.831 144.054 138.277 132.499 126.717 120.934 115.162 109.391 103.618 97.8422 95.4771 93.0997 90.7148 88.3277 85.9418 81.1622 75.3835 69.6077 63.8326 58.0591 52.2858 46.5132 40.7405 35.964 30.188 24.4095 22.0412 16.2714 13.8934 14.2951 12.3035 12.3108 6.15323 14.3168 0.109226 6.15917 6.15928 6.15959 6.15974
0 0 0 0 0 0 0 0 0 0 0 0 0 0 0 0 46.5695 40.7989 0 0 0 0 0 0 106.406 0 111.849 106.078 103.688 101.294 103.68 101.286 206.553 200.788 195.015 189.245 183.475 177.705 171.938 166.167 163.772 161.376 158.994 161.358 192.019 153.229 181.087 175.315 169.542 163.768 157.993 152.217 146.44 140.663 134.882 129.1 123.329 117.56 111.789 106.015 103.647 101.266 98.8798 96.4919 94.1045 89.3255 83.5492 77.7737 71.9992 66.2261 60.4532 54.6809 48.9087 44.1317 38.3568 32.5797 30.2082 24.4389 22.0595 20.4552 0 22.4704 20.47 20.4758 20.0881 16.3187 13.9277 0 0 0
0 0 0 0 0 0 0 0 0 0 0 0 0 0 0 49.3297 48.9592 0 0 0 0 231.24 226.089 0 0 120.009 113.779 111.848 109.455 111.84 109.448 209.934 204.118 198.396 192.625 186.855 181.085 175.315 169.545 163.777 158.006 155.611 153.215 150.833 153.207 188.874 145.068 177.705 171.931 166.156 160.38 154.604 148.828 143.048 137.267 131.497 125.728 119.959 114.187 111.815 109.432 107.045 104.656 102.268 97.4892 91.7139 85.9392 80.1653 74.3926 68.62 62.848 57.0761 52.2987 46.5248 40.7489 38.3745 32.6053 30.2242 27.8388 0 0 0 27.934 23.458 19.6957 13.9253 8.15499 0 0 0
0 0 0 0 0 0 0 0 0 0 0 0 0 0 0 49.3291 0 0 0 0 237.4 234.249 231.859 229.462 0 0 120.008 117.615 120.001 117.609 213.315 195.278 201.776 196.005 190.235 184.465 178.695 172.924 167.154 161.384 155.617 149.845 147.451 145.054 142.671 145.044 185.709 136.906 174.32 168.545 162.769 156.993 151.214 145.435 139.666 133.897 128.129 122.359 119.984 117.598 115.209 112.82 110.431 105.653 99.8783 94.1044 88.3309 82.5586 76.7863 71.0145 65.2429 60.4651 54.6919 48.9171 46.5402 40.7709 38.3882 36.0015 33.6138 0 0 33.6221 31.6196 27.8564 22.0853 11.5309 5.76594 0 0 0
0 0 0 0 0 0 0 0 0 0 0 0 0 0 0 0 0 0 0 93.8126 241.068 240.02 237.626 0 0 128.011 50.2483 50.2522 125.706 216.695 0 205.156 199.385 193.615 187.845 182.075 176.305 170.534 164.764 158.994 153.224 147.456 141.684 139.29 136.892 134.503 136.862 182.426 128.741 170.935 165.16 159.382 153.603 147.835 142.067 136.299 130.531 128.152 125.763 123.373 120.983 118.594 113.816 108.042 102.269 96.4962 90.7241 84.952 79.1804 73.409 68.6308 62.8583 57.0844 54.7052 48.9359 46.5517 44.1642 41.7763 40.9531 37.8358 40.5621 37.0069 31.236 25.465 19.6946 13.9254 8.15744 0 0 0
0 0 0 0 0 0 0 0 0 0 0 0 0 0 0 0 0 0 0 237.767 248.1 245.79 243.396 237.629 235.234 133.877 221.995 133.932 217.481 0 208.536 202.766 196.995 191.225 185.455 179.685 173.915 168.144 162.374 156.604 150.834 145.064 139.296 133.523 131.128 128.728 126.328 118.114 178.852 95.1077 167.551 161.774 156.005 150.238 144.47 133.418 136.319 133.927 131.537 129.147 126.757 121.979 116.206 110.434 104.661 98.8891 93.1171 87.3457 81.5744 76.7959 71.0239 65.2508 62.8696 57.1003 54.7149 52.3263 49.9381 47.5502 47.1161 46.1577 40.3866 34.6154 28.8446 23.0742 17.304 11.5341 5.76664 0 0 0
