tests/full-run-ref/erosion_2010_78_19_2.123.asc
ncols 512
nrows 512
xllcorner -3.24582
yllcorner -4.08743
cellsize 5
NODATA_value -99999
[rows 31 to 61 of 512, columns 71 to 141 of 512]
2.8851 2.8851 2.8851 2.8851 2.8851 2.8851 2.8851 2.8851 2.8851 2.8851 2.8851 2.8851 2.8851 2.8851 2.8851 2.8851 2.8851 2.8851 2.8851 2.8851 2.8851 2.8851 2.8851 2.8851 2.8851 2.8851 2.8851 2.8851 2.8851 2.8851 2.8851 2.8851 2.8851 2.8851 2.8851 2.8851 2.8851 2.8851 2.8851 2.8851 2.8851 2.8851 2.88509 2.88509 2.88509 2.88509 2.88509 0 2.28784 0 0 0 0 0 0 0 0 0 0 0 0 0 0 0 0 0 0 0 0 0 0.268976
2.8851 2.8851 2.8851 2.8851 2.8851 2.8851 2.8851 2.8851 2.8851 2.8851 2.8851 2.8851 2.8851 2.8851 2.8851 2.8851 2.8851 2.8851 2.8851 2.8851 2.8851 2.8851 2.8851 2.8851 2.8851 2.8851 2.8851 2.8851 2.8851 2.8851 2.8851 2.8851 2.8851 2.8851 2.8851 2.8851 2.8851 2.8851 2.8851 2.8851 2.8851 2.8851 2.88509 2.88509 2.88509 2.88509 0 0 0 0 0 0 0 0 0 0 0 0 0 0 0 0 0 0 0 0 0 0 0 0 1.22776
2.8851 2.83963 2.8739 2.8851 2.8851 2.8851 2.8851 2.8851 2.8851 2.8851 2.8851 2.8851 2.8851 2.8851 2.8851 2.8851 2.8851 2.8851 2.8851 2.8851 2.8851 2.8851 2.8851 2.8851 2.8851 2.8851 2.8851 2.8851 2.8851 2.8851 2.8851 2.8851 2.8851 2.8851 2.8851 2.8851 2.8851 2.8851 2.8851 2.8851 2.8851 2.8851 2.88509 2.88509 2.88509 0 0 0 0 0 0 0 0 0 5.50774 4.08001 2.88509 0 0 0 0 0 0 0 0 0 0 0 0 0 1.96553
2.8851 0 2.08513 2.87453 2.8851 2.8851 2.8851 2.8851 2.8851 2.8851 2.8851 2.8851 2.8851 2.8851 2.8851 2.8851 2.8851 2.8851 2.8851 2.8851 2.8851 2.8851 2.8851 2.8851 2.8851 2.8851 2.8851 2.8851 2.8851 2.8851 2.8851 2.8851 2.8851 2.8851 2.8851 2.8851 2.8851 2.8851 2.8851 2.8851 2.8851 2.72424 2.84548 2.88509 0 0 0 0 0 0 0 0 0 0 8.16001 6.96501 4.08001 2.88509 1.36378 2.88508 0 0 0 0 0 0 0 0 0 0 2.53722
2.8851 0 0.0417012 2.84305 2.8851 2.8851 2.8851 2.8851 2.8851 2.8851 2.8851 2.8851 2.8851 2.8851 2.8851 2.8851 2.8851 2.8851 2.8851 2.8851 2.8851 2.8851 2.8851 2.8851 2.8851 2.8851 2.8851 2.8851 2.8851 2.8851 2.8851 2.8851 2.8851 2.8851 2.8851 2.8851 2.8851 2.8851 2.8851 2.8851 2.8851 0 1.87151 0 0 0 0 0 0 0 0 0 0.649912 8.09004 11.045 8.16001 6.96501 4.08001 2.88509 2.88509 0 0 0 0 0 0 0 0 0 0.383063 2.81281
0 2.88446 2.1726 2.87453 2.8851 2.8851 2.8851 2.8851 2.8851 2.8851 2.8851 2.8851 2.8851 2.8851 2.8851 2.8851 2.8851 2.8851 2.8851 2.8851 2.8851 2.8851 2.8851 2.8851 2.8851 2.8851 2.8851 2.8851 2.8851 2.8851 2.8851 2.8851 2.8851 2.8851 2.8851 2.8851 2.8851 2.8851 2.8851 2.8851 0 0 0 0 0 0 0 0 0 0 0 0 4.20371 9.22611 12.24 9.85001 6.96501 4.08001 2.88509 2.88509 2.88509 0 0 0 0 0 0 0 0 2.21319 2.87879
0 2.86385 2.8851 2.8851 2.8851 2.8851 2.8851 2.8851 2.8851 2.8851 2.8851 2.8851 2.8851 2.8851 2.8851 2.8851 2.8851 2.8851 2.8851 2.8851 2.8851 2.8851 2.8851 2.8851 2.8851 2.8851 2.8851 2.8851 2.8851 2.8851 2.8851 2.8851 2.8851 2.8851 2.8851 2.8851 2.8851 2.8851 2.8851 2.8851 0 0 0 0 0 0 0 0 0 0 0 0 0 8.18769 11.54 8.655 5.77 2.88509 2.88509 2.88509 2.88509 2.88509 0 0 0 0 0 0 0.605831 2.79137 2.88509
0 2.8851 2.8851 2.8851 2.8851 2.8851 2.8851 2.8851 2.8851 2.8851 2.8851 2.8851 2.8851 2.8851 2.8851 2.8851 2.8851 2.8851 2.8851 2.8851 2.8851 2.8851 2.8851 2.8851 2.8851 2.8851 2.8851 2.8851 2.8851 2.8851 2.8851 2.8851 2.8851 2.8851 2.8851 2.8851 2.8851 2.8851 2.8851 0 0 0 0 0 0 0 0 0 0 0 0 0 4.59179 7.73831 8.655 8.655 6.96501 4.08001 2.88509 2.88509 2.88509 2.88509 2.88509 0 0 0 0 0.762287 2.6696 2.88159 2.88509
4.08001 2.8851 2.8851 2.8851 2.8851 2.8851 2.8851 2.8851 2.8851 2.8851 2.8851 2.8851 2.8851 2.8851 2.8851 2.8851 2.8851 2.8851 2.8851 2.8851 2.8851 2.8851 2.8851 2.8851 2.8851 2.8851 2.8851 2.8851 2.8851 2.8851 2.8851 2.8851 2.8851 2.8851 2.8851 2.8851 2.8851 2.8851 2.73975 0 0 0 0 0 0 0 0 0 0 0 0 0 0 0.645462 4.52989 5.1714 6.45784 6.96501 4.08001 2.88509 2.88509 2.88509 2.88509 0 0 0 1.76042 2.69093 2.88355 2.88509 2.88509
2.88511 2.88511 2.8851 2.8851 2.8851 2.8851 2.8851 2.8851 2.8851 2.8851 2.8851 2.8851 2.8851 2.8851 2.8851 2.8851 2.8851 2.8851 2.8851 2.8851 2.8851 2.8851 2.8851 2.8851 2.8851 2.8851 2.8851 2.8851 2.8851 2.8851 2.8851 2.8851 2.8851 2.8851 2.8851 2.8851 2.8851 0 0.658496 0 0 0 0 0 0 0 0 0 0 0 0 0 0 0 2.86841 2.59187 2.95438 6.27906 5.77 2.88509 2.88509 2.88509 2.88509 2.88509 2.54923 2.4113 2.84178 2.88509 2.88509 2.88509 2.88509
2.88511 2.88511 2.8851 2.8851 2.8851 2.8851 2.8851 2.8851 2.8851 2.8851 2.8851 2.8851 2.8851 2.8851 2.8851 2.8851 2.8851 2.8851 2.8851 2.8851 2.8851 2.8851 2.8851 2.8851 2.8851 2.8851 2.8851 2.8851 2.8851 2.8851 2.8851 2.8851 2.8851 2.8851 2.8851 2.8851 0 0 0 0 0 0 0 0 0 0 0 0 0 0 0 0 0 0 0 1.58036 0 0.327353 6.96501 4.08001 2.88509 2.88509 2.88509 2.88509 2.88509 2.88509 2.88509 2.88509 2.88509 2.88509 2.88509
2.88511 2.88511 2.88511 2.8851 2.8851 2.8851 2.8851 2.8851 2.8851 2.8851 2.8851 2.8851 2.8851 2.8851 2.8851 2.8851 2.8851 2.8851 2.8851 2.8851 2.8851 2.8851 2.8851 2.8851 2.8851 2.8851 2.8851 2.8851 2.8851 2.8851 2.8851 2.8851 2.8851 2.8851 2.8851 2.8851 0 0 0 0 0 0 0 0 0 0 0 0 0 0 0 0 0 0 0 0 0.631067 2.14952 8.16001 5.77 2.88509 2.88509 2.88509 2.88509 2.88509 2.88509 2.88509 2.88509 2.88509 2.88509 2.88509
2.88511 2.88511 2.8851 2.8851 2.8851 2.8851 2.8851 2.8851 2.8851 2.8851 2.8851 2.8851 2.8851 2.8851 2.8851 2.8851 2.8851 2.8851 2.8851 2.8851 2.8851 2.8851 2.8851 2.8851 2.8851 2.8851 2.8851 2.8851 2.8851 2.8851 2.8851 2.8851 2.8851 2.8851 2.8851 2.8851 0 0 0 0 0 0 0 0 0 0 0 0 0 0 0 0 0 0 0 0 0 0 6.96501 4.08001 2.88509 2.88509 2.88509 2.88509 2.88509 2.88509 2.88509 2.88509 2.88509 4.08001 2.88509
2.88511 2.88511 2.8851 2.8851 2.8851 2.8851 2.8851 2.8851 2.8851 2.8851 2.8851 2.8851 2.8851 2.8851 2.8851 2.8851 2.8851 2.8851 2.8851 2.8851 2.8851 2.8851 2.8851 2.8851 2.8851 2.8851 2.8851 2.8851 2.8851 2.8851 2.8851 2.8851 2.8851 2.8851 2.8851 2.8851 0 0 0 0 0 0 0 0 0 0 0 0 0 0 0 0 0 0 0 0 0 0 5.77 2.88509 2.88509 2.88509 2.88509 2.88509 2.88509 2.88509 2.88509 2.88509 2.88509 2.88509 4.08001
2.88511 2.8851 2.8851 2.8851 2.8851 2.8851 2.8851 2.8851 2.8851 2.8851 2.8851 2.8851 2.8851 2.8851 2.8851 2.8851 2.8851 2.8851 2.8851 2.8851 2.8851 2.8851 2.8851 2.8851 2.8851 2.8851 2.8851 2.8851 2.8851 2.8851 2.8851 2.8851 2.8851 2.8851 2.8851 2.8851 0 0 0 0 0 0 0 2.8851 2.8851 0 0 0 0 0 0 0 0 0 0 0 0 1.6545 4.08001 2.88509 2.88509 2.88509 2.88509 2.88509 2.88509 2.88509 2.88509 2.88509 2.88509 2.88509 2.88509
2.8851 2.8851 2.8851 2.8851 2.8851 2.8851 2.8851 2.8851 2.8851 2.8851 2.8851 2.8851 2.8851 2.8851 2.8851 2.8851 2.8851 2.8851 2.8851 2.8851 2.8851 2.8851 2.8851 2.8851 2.8851 2.8851 2.8851 2.8851 2.8851 2.8851 2.8851 2.8851 2.8851 2.8851 2.60781 2.8168 0 0 0 0 0 0 2.8851 2.8851 2.8851 0 0 0 0 0 0 0 0 0 0 0 0 3.98688 2.88509 2.88509 2.88509 2.88509 2.88509 2.88509 2.88509 2.88509 2.88509 2.88509 2.88509 2.88509 2.88509
2.8851 2.8851 2.8851 2.8851 2.8851 2.8851 2.8851 2.8851 2.8851 2.8851 2.8851 2.8851 2.8851 2.8851 2.8851 2.8851 2.8851 2.8851 2.8851 2.8851 2.8851 2.8851 2.8851 2.8851 2.8851 2.8851 2.8851 2.8851 2.8851 2.8851 2.8851 2.8851 2.8851 2.8851 0 0 0 0 0 0 0 4.08001 2.8851 2.8851 0 0 0 0 2.8851 0 0 0 0 0 0 0 0 0 0 2.88509 2.88509 2.88509 2.88509 2.88509 2.88509 2.88509 2.88509 2.88509 2.88509 2.88509 2.88509
2.8851 2.8851 2.8851 2.8851 2.8851 2.8851 2.8851 2.8851 2.8851 2.8851 2.8851 2.8851 2.8851 2.8851 2.8851 2.8851 2.8851 2.8851 2.8851 2.8851 2.8851 2.8851 2.8851 2.8851 2.8851 2.8851 2.8851 2.8851 2.8851 2.8851 2.8851 2.8851 2.8851 0 0 0 0 0 0 0 0 2.8851 2.8851 2.8851 0 0 0 0 2.8851 2.8851 0 0 0 0 0 0 0 0 0 2.88371 2.88509 2.88509 2.88509 2.88509 2.88509 2.88509 2.88509 2.88509 2.88509 2.88509 2.88509
2.8851 2.8851 2.8851 2.8851 2.8851 2.8851 2.8851 2.8851 2.8851 2.8851 2.8851 2.8851 2.8851 2.8851 2.8851 2.8851 2.8851 2.8851 2.8851 2.8851 2.8851 2.8851 2.8851 2.8851 2.8851 2.8851 2.8851 2.8851 2.8851 2.8851 2.8851 2.28423 2.63594 0 0 0 0 0 0 0 0 2.8851 2.8851 0 0 0 0 4.08001 2.8851 2.8851 0 0 0 0 0 0 0 2.8851 2.8851 0 2.88509 2.88509 2.88509 2.88509 2.88509 2.88509 2.88509 2.88509 2.88509 2.88509 2.88509
2.8851 2.8851 2.8851 2.8851 2.8851 2.8851 2.8851 2.8851 2.8851 2.8851 2.8851 2.8851 2.8851 2.8851 2.8851 2.8851 2.8851 2.8851 2.8851 2.8851 2.8851 2.8851 2.8851 2.8851 2.8851 2.8851 2.8851 2.8851 2.8851 2.8851 2.8851 0 0 0 0 0 0 0 0 0 0 2.8851 2.8851 0 0 0 4.08001 4.08001 2.8851 2.8851 0 0 0 0 0 0 2.70635 2.8851 2.8851 0 2.88509 2.88509 2.88509 2.88509 2.88509 2.88509 2.88509 2.88509 2.88509 2.88509 2.88509
2.78014 2.8851 2.8851 2.8851 2.8851 2.8851 2.8851 2.8851 2.8851 2.8851 2.8851 2.8851 2.8851 2.8851 2.8851 2.8851 2.8851 2.8851 2.8851 4.08001 2.8851 2.8851 2.8851 2.8851 2.8851 2.8851 2.8851 2.8851 2.8851 2.8851 2.8851 0 0 0 0 0 2.8851 2.8851 0 0 4.48005 4.08001 0 0 0 0 4.08001 2.8851 2.8851 0 0 0 0 0 0 0 2.58494 2.8851 2.8851 2.8851 0 2.88509 2.88509 2.88509 2.88509 2.88509 2.88509 2.88509 2.88509 2.88509 2.88509
2.74865 2.8851 4.08001 2.8851 2.8851 2.8851 2.8851 2.8851 2.8851 2.8851 2.8851 2.8851 2.8851 2.8851 2.8851 2.8851 2.8851 2.8851 2.8851 4.08001 4.08001 2.8851 2.8851 2.8851 2.8851 2.8851 2.8851 2.8851 2.8851 2.8851 2.8851 0 0 0 0 2.8851 2.8851 2.8851 0 0 5.323 4.08001 2.8851 0 2.8851 2.8851 0 2.8851 0 0 0 0 0 0 0 0 2.8851 2.8851 2.8851 2.8851 0 2.88509 2.88509 2.88509 2.88509 2.88509 2.88509 2.88509 2.88509 2.88509 2.88509
2.8851 2.8851 2.8851 2.8851 2.8851 2.8851 2.8851 2.8851 2.8851 2.8851 2.8851 2.8851 2.8851 2.8851 2.8851 2.8851 2.8851 2.8851 2.8851 2.8851 5.70301 4.08001 2.8851 2.8851 2.8851 2.8851 2.8851 2.8851 2.8851 2.8851 0 0 0 0 4.08001 2.8851 2.8851 2.8851 0 0 5.24934 2.8851 2.8851 0 2.8851 2.8851 0 2.8851 0 0 0 0 0 0 0 0 4.07858 2.8851 2.8851 2.8851 2.8851 0 2.88509 2.88509 2.88509 2.88509 2.88509 2.88509 2.88509 2.88509 2.88509
2.8851 2.8851 2.8851 2.8851 2.8851 2.8851 2.8851 2.8851 2.8851 2.8851 2.8851 2.8851 2.8851 2.8851 2.8851 2.8851 2.8851 2.8851 4.48005 4.08001 4.08001 2.8851 2.8851 2.8851 2.8851 2.8851 2.8851 2.8851 2.8851 0 0 0 0 0 2.8851 2.8851 2.8851 0 0 0 4.08001 4.08001 2.8851 0 0 2.8851 0 0 0 0 0 0 0 0 9.50114 8.16001 6.94915 4.08001 2.8851 2.8851 2.8851 2.8851 0 2.88509 2.88509 2.88509 2.88509 2.88509 2.88509 2.88509 2.88509
2.8851 2.8851 2.8851 2.8851 2.8851 2.8851 2.8851 2.8851 2.8851 2.8851 2.8851 2.8851 2.8851 2.8851 2.8851 2.8851 2.8851 2.8851 5.52147 4.08001 2.8851 2.8851 2.8851 2.8851 2.8851 2.8851 2.8851 2.8851 2.8851 2.57516 0 0 0 0 2.8851 0 0 2.8851 0 0 0 5.59696 2.8851 2.8851 2.8851 0 0 0 0 0 0 0 0 0 11.6166 11.045 8.16001 6.96501 4.08001 2.8851 2.8851 2.8851 2.8851 0 2.88509 2.88509 2.88509 2.88509 2.88509 2.88509 2.88509
2.8851 2.8851 2.8851 2.8851 2.8851 2.8851 2.8851 2.8851 2.8851 2.8851 2.8851 2.8851 2.8851 2.8851 2.8851 2.8851 0 4.08001 5.73213 2.8851 2.8851 2.8851 2.8851 2.8851 2.8851 2.8851 2.8851 2.8851 2.8851 2.7698 0 0 0 0 2.8851 2.8851 0 0 0 0 0 5.43846 4.08001 2.8851 2.8851 0 0 0 0 0 0 0 0 0 14.95 12.24 11.045 8.16001 6.96501 4.08001 2.8851 2.8851 2.8851 0 2.88509 2.88509 2.88509 2.88509 2.88509 2.88509 2.88509
2.8851 2.8851 2.8851 2.8851 2.8851 2.8851 2.8851 2.8851 2.8851 2.8851 2.8851 2.8851 2.8851 2.8851 2.8851 2.8851 0 0 4.08001 2.8851 2.8851 2.8851 2.8851 2.8851 2.8851 4.08001 2.8851 2.8851 2.8851 2.43453 0 0 0 2.8851 2.8851 2.8851 0 0 0 0 0 6.96501 4.08001 2.8851 0 0 0 0 0 0 0 0 0 0 16.2683 15.125 12.24 11.045 8.16001 6.96501 4.08001 2.8851 2.8851 0 2.88509 2.88509 2.88509 2.88509 2.88509 2.88509 2.88509
2.8851 2.8851 2.8851 2.8851 2.8851 2.8851 2.8851 2.8851 2.8851 2.8851 2.8851 2.8851 2.8851 2.8851 2.8851 2.8851 0 0 0 4.08001 4.08001 2.8851 2.8851 2.8851 2.8851 5.58772 4.08001 2.8851 2.8851 2.8851 0 0 0 2.8851 2.8851 0 0 0 0 0 5.1146 5.77 2.8851 2.8851 0 0 0 6.68074 0 0 0 0 0 0 19.205 16.32 15.125 12.24 11.045 8.16001 6.96501 4.08001 2.8851 2.8851 0 2.88509 2.88509 2.88509 2.88509 2.88509 2.88509
2.8851 2.8851 2.8851 2.8851 2.8851 2.8851 2.8851 2.8851 2.8851 2.8851 2.8851 2.8851 2.8851 2.8851 2.8851 0 0 0 3.35591 2.51652 6.96501 6.96501 4.08001 6.96488 4.08001 4.08001 2.8851 2.8851 2.8851 2.83641 2.01044 0 0 0 0 0 0 0 0 0 8.16001 5.77 2.8851 0 0 0 0 4.08001 0 0 0 0 0 0 20.4 19.1963 16.32 15.125 12.24 11.045 8.16001 6.96501 4.08001 2.8851 2.87008 2.88509 2.88509 2.88509 2.88509 2.88509 2.88509
2.8851 2.8851 2.8851 2.8851 2.8851 2.8851 2.8851 2.8851 2.8851 2.8851 2.8851 2.8851 1.00882 2.423 0 0 0 0.886638 3.76936 6.79419 9.85001 8.16001 6.96501 6.96501 4.08001 2.8851 2.8851 2.8851 2.8851 2.82121 0 0 0 0 0 0 0 0 0 6.95233 8.655 5.77 2.8851 2.8851 0 0 0 2.8851 0 0 0 0 0 0 0 20.3606 19.205 16.32 15.125 12.24 11.045 8.16001 6.96501 4.08001 2.8851 2.88509 2.88509 2.88509 2.88509 2.88509 2.88509
2.8851 2.8851 2.8851 2.8851 2.8851 2.8851 2.8851 2.8851 2.8851 2.8851 2.8851 2.8851 0 0.640143 0 0 0 0 5.08224 9.44325 11.045 8.16001 6.96501 4.08001 2.8851 2.8851 2.8851 2.8851 2.8851 2.57637 0 0 0 0 0 0 0 0 2.85071 11.54 8.655 5.77 2.8851 2.8851 2.8851 0 0 0 0 0 0 0 0 0 0 23.2744 20.4 19.205 16.32 15.125 12.24 11.045 8.16001 6.96501 4.08001 2.8851 2.88509 2.88509 2.88509 2.88509 2.88509
