tests/full-run-ref/erosion_87_12_73.418.asc
ncols 512
nrows 512
xllcorner -3.24582
yllcorner -4.08743
cellsize 5
NODATA_value -99999
[rows 30 to 59 of 512, columns 0 to 66 of 512]
11.54 5.7702 5.77022 5.77022 5.77022 5.77022 5.77022 5.77021 5.77001 5.76998 5.77004 5.76998 5.76985 5.76986 5.77 5.77 5.76985 5.77008 5.76981 5.76996 5.76998 5.77 5.77 5.76995 5.76991 5.76992 5.76999 5.76976 5.77005 5.76991 5.77 5.76999 5.76999 5.77 5.76999 5.76999 5.76999 5.77 5.76999 5.77 5.76999 5.76999 5.77 5.76999 5.77 5.76999 5.76988 5.76978 5.76989 5.77 5.77 5.76999 5.76999 5.76999 5.76998 5.76996 5.76995 5.76995 5.76997 5.76998 5.76999 5.76999 5.76999 5.76999 5.77 5.76999 5.76999
11.54 5.7702 5.77022 5.77022 5.77022 5.77022 5.77022 5.77018 5.76999 5.76998 5.76999 5.76988 5.7697 5.76998 5.76994 5.76966 5.76993 5.76979 5.76988 5.77002 5.76995 5.76987 5.76989 5.76987 5.77 5.76999 5.76999 5.76993 5.76994 5.76993 5.76999 5.76999 5.76999 5.77 5.76999 5.76999 5.77 5.76999 5.77 5.76999 5.76999 5.77 5.77 5.76999 5.77 5.77 5.76999 5.77 5.77 5.77 5.77 5.76999 5.76999 5.76999 5.76998 5.76998 5.76997 5.76996 5.76997 5.76998 5.76999 5.76999 5.77 5.77 5.77 5.77 5.77
11.54 5.77019 5.77022 5.77022 5.77022 5.77022 5.77022 5.77017 5.76999 5.76996 5.77007 5.76988 5.77015 5.76978 5.7698 5.7702 5.76938 5.76992 5.76997 5.76996 5.76997 5.76979 5.7701 5.76967 5.76985 5.76968 5.76995 5.76994 5.77003 5.76989 5.77 5.77 5.76999 5.76992 5.76978 5.76995 5.77 5.76993 5.76977 5.76994 5.77 5.77 5.76999 5.77 5.76999 5.76999 5.76999 5.76999 5.76998 5.76999 5.76999 5.77 5.77 5.76999 5.76999 5.76997 5.76997 5.76996 5.76997 5.76999 5.76999 5.77 5.77 5.76999 5.76999 5.76999 5.76998
11.54 5.77018 5.77021 5.77022 5.77022 5.77022 5.77022 5.77014 5.76999 5.76998 5.76979 5.76998 5.7699 5.76985 5.76988 5.76945 5.76978 5.77005 5.76994 5.76986 5.76994 5.76994 5.76949 5.76982 5.76964 5.77011 5.76985 5.76997 5.76994 5.76992 5.77 5.76999 5.77 5.76975 5.77005 5.76985 5.77 5.76985 5.77006 5.76983 5.77 5.76999 5.76999 5.76999 5.77 5.76999 5.77 5.77 5.76999 5.77 5.77 5.77 5.76999 5.77 5.76999 5.76998 5.76997 5.76997 5.76997 5.76999 5.76999 5.77 5.76999 5.77 5.76999 5.77 5.76999
13.93 8.16017 5.77018 5.77022 5.77022 5.77022 5.77021 5.77012 5.76999 5.76967 5.77003 5.77013 5.76985 5.77002 5.76996 5.77 5.76997 5.76993 5.76991 5.77006 5.76989 5.76999 5.76994 5.76986 5.76994 5.76988 5.76993 5.76999 5.77 5.77 5.76999 5.76999 5.77 5.76994 5.76983 5.76994 5.77 5.76993 5.76979 5.76984 5.77 5.77 5.77 5.76999 5.77 5.76999 5.76999 5.77 5.76999 5.76999 5.76999 5.77 5.77 5.76999 5.76999 5.76998 5.76997 5.76997 5.76998 5.76999 5.76999 5.76999 5.76999 5.76999 5.76999 5.76999 5.76999
11.54 5.77018 5.77021 5.77022 5.77022 5.7702 5.77017 5.77 5.76985 5.77016 5.76988 5.76984 5.76988 5.76985 5.7696 5.76998 5.76991 5.76991 5.77 5.76988 5.76986 5.77 5.76989 5.77004 5.76993 5.77 5.77 5.76999 5.76999 5.76999 5.76999 5.76999 5.77 5.76999 5.77 5.77 5.77 5.76999 5.77 5.77 5.77 5.77 5.77 5.76999 5.76999 5.76999 5.76999 5.76999 5.76999 5.76999 5.76999 5.77 5.76999 5.76999 5.76999 5.76999 5.76997 5.76998 5.76998 5.76998 5.76998 5.76999 5.76999 5.76999 5.76999 5.76998 5.76999
11.54 5.77018 5.77021 5.77022 5.77022 5.77013 5.76999 5.76989 5.77014 5.76999 5.76988 5.77002 5.76998 5.76989 5.77018 5.76937 5.76988 5.77006 5.76989 5.76999 5.76993 5.76988 5.77 5.76985 5.76989 5.7699 5.76999 5.77 5.77 5.76999 5.76999 5.77 5.76999 5.77 5.77 5.77 5.76999 5.76999 5.76999 5.76998 5.76999 5.76999 5.76999 5.76999 5.76999 5.77 5.76999 5.76999 5.76999 5.76999 5.76999 5.77 5.76999 5.77 5.77 5.76999 5.76998 5.76998 5.76997 5.76997 5.76998 5.76998 5.76998 5.76998 5.76998 5.76998 5.77
13.93 8.16015 5.77018 5.77022 5.77021 5.77 5.76995 5.77017 5.77013 5.76998 5.76991 5.76991 5.76984 5.76999 5.76997 5.76968 5.76991 5.76999 5.76991 5.77 5.76988 5.77004 5.76988 5.76989 5.77009 5.7698 5.77 5.77 5.76999 5.76999 5.77 5.76999 5.77 5.76999 5.77 5.76999 5.76999 5.76999 5.76998 5.76999 5.76999 5.76998 5.76999 5.76999 5.76999 5.77 5.76999 5.76999 5.76999 5.77 5.77 5.77 5.77 5.76999 5.76999 5.77 5.76999 5.76998 5.76997 5.76997 5.76997 5.76997 5.76997 5.76997 5.76997 5.76998 5.76998
11.54 5.77018 5.77021 5.77022 5.77016 5.76998 5.7702 5.76999 5.76996 5.77014 5.76997 5.76997 5.77012 5.7701 5.76994 5.77 5.76987 5.77007 5.76984 5.76935 5.76991 5.76988 5.76995 5.76989 5.76984 5.76983 5.76999 5.77 5.76999 5.77 5.76999 5.77 5.76999 5.77 5.76999 5.77 5.76999 5.76999 5.76999 5.76999 5.76999 5.76999 5.76999 5.76999 5.76999 5.76999 5.76996 5.7699 5.76997 5.77 5.77 5.77 5.77 5.77 5.76999 5.77 5.76999 5.76998 5.76998 5.76998 5.76998 5.76997 5.76997 5.76997 5.76997 5.77 5.76999
11.54 5.77018 5.77021 5.77022 5.77013 5.7702 5.77004 5.76986 5.76991 5.76987 5.77017 5.77013 5.76995 5.76992 5.76996 5.77 5.76995 5.76997 5.7699 5.7702 5.76971 5.76985 5.76984 5.77 5.77 5.76999 5.76985 5.76981 5.76994 5.77 5.77 5.76999 5.77 5.76999 5.76999 5.77 5.76999 5.76999 5.76999 5.76998 5.77 5.76999 5.76999 5.77 5.76999 5.77 5.76994 5.77003 5.7699 5.77 5.76999 5.76999 5.76999 5.77 5.76999 5.76999 5.76999 5.76998 5.76998 5.76998 5.76998 5.76998 5.76998 5.76998 5.76997 5.76999 5.76999
13.93 8.16013 5.77018 5.77022 5.77022 5.77019 5.76977 5.76998 5.76991 5.76994 5.76992 5.76994 5.76994 5.77 5.77 5.77 5.76997 5.77005 5.76993 5.76956 5.76985 5.77017 5.76968 5.77 5.77 5.76999 5.7698 5.77006 5.76988 5.77 5.76999 5.77 5.77 5.76999 5.76999 5.77 5.76999 5.76999 5.77 5.76999 5.77 5.76999 5.77 5.76999 5.77 5.76999 5.76994 5.76993 5.76996 5.76999 5.77 5.76999 5.77 5.76999 5.77 5.77 5.76999 5.76998 5.76999 5.76999 5.76999 5.76999 5.76998 5.76998 5.76998 5.76999 5.76999
16.32 11.5401 5.77017 5.77022 5.77022 5.77019 5.76981 5.76991 5.77008 5.76986 5.76988 5.7701 5.76994 5.76996 5.77 5.76987 5.76985 5.76992 5.76986 5.76993 5.76986 5.76988 5.76998 5.76979 5.76974 5.76996 5.76993 5.76987 5.76994 5.77 5.77 5.76999 5.76999 5.77 5.76999 5.77 5.77 5.77 5.76999 5.76989 5.76989 5.76995 5.77 5.77 5.76999 5.77 5.76999 5.77 5.77 5.76999 5.77 5.76999 5.77 5.76999 5.76999 5.77 5.76999 5.76999 5.76998 5.76999 5.76999 5.76999 5.76999 5.76999 5.76999 5.76999 5.76999
17.31 11.5401 5.77017 5.77022 5.77022 5.77021 5.77 5.76995 5.77 5.76989 5.76991 5.76995 5.76989 5.77004 5.76987 5.76984 5.77011 5.76999 5.7701 5.76991 5.77 5.77 5.7699 5.77015 5.76965 5.76992 5.77004 5.76984 5.76989 5.76978 5.7699 5.76995 5.76999 5.76999 5.77 5.77 5.76999 5.76999 5.77 5.76986 5.77004 5.76992 5.77 5.77 5.77 5.77 5.76991 5.76987 5.76991 5.77 5.77 5.76999 5.77 5.77 5.77 5.77 5.77 5.76999 5.77 5.76999 5.76999 5.77 5.77 5.76999 5.76999 5.76999 5.76999
17.31 11.54 5.77017 5.77021 5.77022 5.77021 5.77012 5.76998 5.77008 5.76986 5.76993 5.76967 5.77013 5.76963 5.76987 5.76994 5.76979 5.76977 5.76981 5.76991 5.76997 5.76996 5.76976 5.76986 5.76995 5.76991 5.76996 5.76966 5.77018 5.7697 5.77005 5.76988 5.77 5.77 5.77 5.77 5.76999 5.76999 5.76999 5.76994 5.76993 5.76996 5.76999 5.77 5.76994 5.76988 5.76991 5.7701 5.76986 5.77 5.76999 5.76999 5.76999 5.77 5.76999 5.77 5.77 5.77 5.76999 5.77 5.76999 5.76999 5.77 5.76999 5.76992 5.7698 5.76983
17.31 11.54 5.77017 5.77021 5.77022 5.77021 5.76996 5.76996 5.76996 5.76995 5.76971 5.77018 5.76971 5.76988 5.76996 5.77 5.77 5.77 5.77 5.77 5.76996 5.77003 5.76995 5.77 5.77 5.7699 5.77005 5.76976 5.76952 5.76984 5.76989 5.76983 5.76994 5.77 5.77 5.77 5.76999 5.76999 5.76995 5.76987 5.7699 5.76955 5.76988 5.7698 5.76992 5.77009 5.76988 5.76979 5.76982 5.76999 5.76999 5.77 5.77 5.77 5.77 5.76999 5.76999 5.76999 5.76999 5.76999 5.76999 5.76999 5.76999 5.76999 5.76982 5.77006 5.76982
16.32 11.54 5.77017 5.77021 5.77022 5.77019 5.76995 5.77 5.76996 5.76947 5.77019 5.76971 5.7698 5.77005 5.7699 5.76978 5.7699 5.77 5.77 5.77 5.76997 5.76993 5.76987 5.76992 5.77 5.76993 5.76981 5.76994 5.77 5.77 5.76991 5.77014 5.7699 5.77 5.76999 5.76985 5.7698 5.7699 5.76986 5.77007 5.76976 5.77011 5.76995 5.77009 5.7699 5.76989 5.7699 5.7699 5.77 5.77 5.77 5.77 5.76999 5.76999 5.77 5.76999 5.77 5.77 5.76999 5.77 5.76999 5.76999 5.77 5.76999 5.76977 5.76981 5.76974
13.93 8.16007 5.77017 5.77021 5.77022 5.77017 5.76996 5.76997 5.76964 5.77021 5.76989 5.76988 5.76991 5.76986 5.76981 5.77012 5.76976 5.76992 5.76995 5.77 5.77 5.7699 5.77007 5.7698 5.77 5.77 5.77 5.77 5.77 5.76999 5.76977 5.76984 5.7699 5.76982 5.77 5.76985 5.7701 5.76985 5.76995 5.76983 5.76988 5.76998 5.76986 5.76981 5.76989 5.76985 5.77009 5.76986 5.76992 5.76992 5.76999 5.76999 5.77 5.77 5.77 5.77 5.76999 5.77 5.76999 5.76999 5.77 5.76999 5.76999 5.76999 5.76999 5.77 5.76976
11.54 5.77017 5.7702 5.77022 5.77022 5.77015 5.76999 5.76984 5.7702 5.76998 5.76986 5.77014 5.76982 5.77 5.76994 5.76989 5.76986 5.77003 5.7699 5.77 5.77 5.76992 5.7699 5.76981 5.77 5.77 5.77 5.77 5.77 5.77 5.77 5.76981 5.77015 5.76988 5.76988 5.77 5.13608 5.18538 5.13275 5.77 5.76991 5.77012 5.76975 5.77002 5.76996 5.76989 5.76988 5.7699 5.77003 5.76994 5.76999 5.76999 5.77 5.76999 5.76999 5.77 5.76999 5.77 5.77 5.77 5.76999 5.77 5.76998 5.76999 5.76999 5.76999 5.76957
11.54 5.77017 5.77022 5.77022 5.77021 5.77 5.76995 5.7702 5.76999 5.76989 5.76987 5.76989 5.76992 5.77 5.76999 5.77 5.76997 5.76992 5.76995 5.77 5.77 5.76999 5.76999 5.76999 5.76999 5.76999 5.76999 5.77 5.77 5.77 5.76999 5.76962 5.76956 5.76983 5.7701 5.76984 5.18468 6.15825 5.08207 5.77 5.76991 5.76977 5.76982 5.76997 5.76989 5.76984 5.76981 5.76993 5.7699 5.76994 5.77 5.76999 5.77 5.76999 5.76999 5.76999 5.77 5.76999 5.76999 5.76999 5.76999 5.77 5.76999 5.76999 5.76998 5.77 5.76999
11.54 5.77017 5.77022 5.77022 5.77018 5.76998 5.7702 5.76999 5.76999 5.76983 5.77012 5.76987 5.77 5.77 5.77 5.77 5.77 5.76999 5.77 5.76999 5.76999 5.76999 5.77 5.76999 5.77 5.77 5.76999 5.76999 5.76999 5.76999 5.77 5.76999 5.77001 5.76984 5.76985 5.76993 5.33028 5.13252 5.10442 5.77 5.77 5.76999 5.77 5.77 5.76988 5.77011 5.76985 5.77 5.76999 5.76999 5.77 5.77 5.76999 5.76999 5.77 5.76999 5.77 5.76999 5.76999 5.76999 5.76999 5.77 5.77 5.76999 5.77 5.76999 5.77
11.54 5.77017 5.7702 5.77021 5.77014 5.77021 5.7701 5.76999 5.77 5.76992 5.76988 5.76984 5.77 5.77 5.77 5.77 5.77 5.77 5.76999 5.77 5.77 5.77 5.77 5.77 5.77 5.77 5.76999 5.77 5.77 5.77 5.76999 5.76998 5.76999 5.76999 5.77 5.77 5.77 5.77 5.77 5.77 5.76999 5.77 5.76999 5.77 5.76979 5.76978 5.76989 5.77 5.76999 5.76999 5.77 5.77 5.76999 5.76999 5.77 5.76999 5.76999 5.77 5.76999 5.77 5.76999 5.76999 5.77 5.76998 5.77 5.77 5.76999
13.93 8.16006 5.77017 5.77017 5.77022 5.77017 5.76999 5.77 5.76985 5.7699 5.76992 5.76999 5.77 5.77 5.77 5.77 5.77 5.77 5.77 5.76999 5.77 5.77 5.76999 5.77 5.76999 5.77 5.77 5.77 5.77 5.77 5.76999 5.76999 5.77 5.76999 5.76999 5.77 5.77 5.77 5.76999 5.77 5.77 5.77 5.77 5.77 5.77 5.77 5.76999 5.77 5.76999 5.76999 5.76998 5.76998 5.76999 5.77 5.76999 5.77 5.76999 5.76999 5.76999 5.77 5.76999 5.76999 5.76999 5.76999 5.76999 5.76999 5.76999
16.32 11.54 5.77014 5.77017 5.77021 5.77003 5.76999 5.77 5.76986 5.77012 5.76964 5.76999 5.77 5.77 5.77 5.77 5.77 5.77 5.76999 5.76999 5.76999 5.76999 5.76999 5.76999 5.76999 5.76999 5.76999 5.76999 5.77 5.77 5.77 5.77 5.76999 5.76999 5.77 5.77 5.77 5.77 5.77 5.77 5.76999 5.76999 5.76999 5.77 5.77 5.76999 5.77 5.76999 5.77 5.76998 5.77001 5.76998 5.77 5.77 5.76999 5.77 5.76999 5.77 5.76999 5.76999 5.77 5.76999 5.77 5.77 5.76999 5.77 5.76999
17.31 11.54 5.77012 5.76959 5.7702 5.76976 5.76998 5.76992 5.7699 5.76987 5.7698 5.76996 5.77 5.77 5.77 5.76999 5.77 5.76999 5.77 5.76999 5.77 5.77 5.77 5.77 5.76999 5.76999 5.77 5.76999 5.76999 5.76999 5.76999 5.77 5.77 5.77 5.76999 5.77 5.76999 5.77 5.77 5.77 5.76999 5.76999 5.77 5.76999 5.77 5.77 5.77 5.77 5.76999 5.76997 5.76996 5.76998 5.77 5.77 5.77 5.77 5.76999 5.77 5.76999 5.76999 5.76999 5.77 5.76999 5.76999 5.76999 5.76999 5.77
17.3751 11.6051 5.83525 5.76921 5.7702 5.76969 5.77 5.76986 5.77008 5.76987 5.77002 5.76993 5.77 5.77 5.77 5.77 5.76999 5.76999 5.77 5.76999 5.76999 5.76999 5.76999 5.76999 5.76999 5.76999 5.77 5.77 5.77 5.77 5.77 5.76999 5.76999 5.76999 5.76999 5.76999 5.77 5.77 5.77 5.76999 5.77 5.77 5.76999 5.76999 5.76999 5.76999 5.76999 5.77 5.77 5.77 5.76999 5.77 5.77 5.77 5.76999 5.77 5.76999 5.76999 5.76999 5.76999 5.76999 5.77 5.76999 5.77 5.77 5.77 5.76999
17.2931 11.5231 5.77012 5.7691 5.77018 5.76976 5.77 5.76992 5.7699 5.76988 5.76998 5.76993 5.77 5.77 5.77 5.77 5.77 5.77 5.76999 5.76999 5.76999 5.76999 5.77 5.77 5.77 5.77 5.76999 5.76999 5.76999 5.76999 5.76999 5.77 5.76999 5.77 5.77 5.77 5.77 5.76999 5.77 5.77 5.77 5.77 5.76999 5.76999 5.76999 5.76999 5.76999 5.76999 5.76999 5.77 5.76999 5.77 5.76999 5.77 5.76999 5.76999 5.76999 5.76999 5.76999 5.77 5.76999 5.77 5.77 5.77 5.76999 5.76999 5.76999
17.31 11.54 5.77012 5.77021 5.77007 5.76992 5.76998 5.76995 5.76997 5.76989 5.77004 5.76987 5.76991 5.76991 5.77 5.77 5.77 5.77 5.77 5.76999 5.77 5.77 5.76999 5.76999 5.76999 5.76999 5.77 5.77 5.77 5.76999 5.76999 5.77 5.76999 5.76999 5.76999 5.77 5.76999 5.76995 5.76996 5.76995 5.77 5.77 5.76999 5.76999 5.76999 5.76999 5.76999 5.77 5.76999 5.77 5.76999 5.77 5.77 5.76999 5.77 5.76999 5.77 5.77 5.76999 5.77 5.76999 5.77 5.77 5.76999 5.76999 5.76999 5.77
17.31 11.54 5.77012 5.77021 5.76999 5.76998 5.76996 5.77009 5.76974 5.76992 5.76988 5.76986 5.77008 5.76987 5.77 5.77 5.77 5.77 5.76999 5.76999 5.76999 5.76999 5.76999 5.76999 5.76999 5.76999 5.76999 5.76999 5.77 5.76999 5.76999 5.77 5.76999 5.76999 5.76999 5.76999 5.76999 5.76992 5.77002 5.76994 5.77 5.77 5.76999 5.76999 5.76999 5.76999 5.76999 5.76999 5.77 5.77 5.76999 5.76999 5.76999 5.76999 5.77 5.77 5.76999 5.77 5.76999 5.76999 5.77 5.77 5.76999 5.77 5.77 5.76999 5.77
17.31 11.54 5.77012 5.77021 5.7701 5.77 5.76991 5.76958 5.76995 5.77006 5.7699 5.76979 5.76989 5.7699 5.77 5.76999 5.76999 5.77 5.77 5.76999 5.76999 5.77 5.76999 5.77 5.76999 5.77 5.77 5.76999 5.76999 5.76999 5.77 5.76999 5.76999 5.76999 5.76999 5.76999 5.76999 5.76994 5.76994 5.76994 5.77 5.76999 5.77 5.76999 5.76999 5.76999 5.76999 5.77 5.77 5.77 5.76999 5.76999 5.76999 5.76999 5.76999 5.77 5.76999 5.76993 5.76974 5.76983 5.77 5.77 5.77 5.76999 5.77 5.76999 5.76999
17.31 11.54 5.77012 5.7702 5.77 5.76996 5.77 5.77 5.76994 5.76991 5.76987 5.77016 5.76988 5.76989 5.76988 5.77 5.77 5.76999 5.77 5.76999 5.77 5.77 5.76999 5.76999 5.76999 5.76999 5.76999 5.77 5.77 5.77 5.77 5.76999 5.77 5.76999 5.76999 5.76999 5.76999 5.76999 5.77001 5.76999 5.76999 5.77 5.76999 5.76999 5.76999 5.76999 5.77 5.76999 5.77 5.77 5.77 5.77 5.77 5.77 5.76999 5.77 5.77 5.76979 5.77009 5.76986 5.76993 5.76989 5.76974 5.76969 5.76976 5.76999 5.76999
