tests/full-run-ref/erosion_82_12_73.185.asc
ncols 512
nrows 512
xllcorner -3.24582
yllcorner -4.08743
cellsize 5
NODATA_value -99999
[rows 462 to 494 of 512, columns 148 to 221 of 512]
5.77009 5.77009 5.77009 5.77009 5.77009 5 5.77009 5 5.77009 5 5.77009 5.77009 5.77009 5.77009 5.77009 5.77009 5.77009 5 5.77009 5 5.77009 5 5.77009 5 5.77009 5 5.77009 5 5.77009 5 5.77009 5 5.77009 5 5.77009 5 5.77009 5 5.77009 5 5.77009 5 5.77009 5 5.77009 5.77009 5 5.77009 5 5.77009 5 5.77007 5 5.77007 5 5.77007 5 5.77007 5 5.77007 5 5.77007 5.77007 5.77007 5.77007 5.77007 5 5.77007 5 5.77007 5.77007 5.77007 5.77007 5.77007
5.77009 5 5.77009 5 5.77009 5.77009 5.77009 5.77009 5.77009 5.77009 5.77009 5 5.77009 5 5.77009 5 5.77009 5.77009 5.77009 5.77009 5.77009 5.77009 5.77009 5.77009 5.77009 5.77009 5.77009 5.77009 5.77009 5.77009 5.77009 5.77009 5.77009 5.77009 5.77009 5.77009 5.77009 5.77009 5.77009 5.77009 5.77009 5.77009 5.77009 5.77009 5.77009 5 5.77009 5.77009 5.77009 5.77009 5.77009 5.77007 5.77007 5.77007 5.77007 5.77007 5.77007 5.77007 5.77007 5.77007 5.77007 5.77007 5 5.77007 5 5.77007 5.77007 5.77007 5.77007 5.77007 5 5.77007 5 5.77007
5.77009 5.77009 5.77009 5.77009 5.77009 5 5.77009 5 5.77009 5 5.77009 5.77009 5.77009 5.77009 5.77009 5.77009 5.77009 5 5.77009 5 5.77009 5 5.77009 5 5.77009 5 5.77009 5 5.77009 5.77009 5 5.77009 5 5.77009 5 5.77009 5 5.77009 5 5.77009 5 5.77009 5 5.77009 5.77009 5.77009 5.77009 5 5.77009 5 5.77009 5 5.77009 5 5.77007 5 5.77007 5 5.77007 5 5.77007 5.77007 5.77007 5.77007 5.77007 5.77007 5 5.77007 5 5.77007 5.77007 5.77007 5.77007 5.77007
5.77009 5 5.77009 5 5.77009 5.77009 5.77009 5.77009 5.77009 5.77009 5.77009 5 5.77009 5 5.77009 5 5.77009 5.77009 5.77009 5.77009 5.77009 5.77009 5.77009 5.77009 5.77009 5.77009 5.77009 5.77009 5.77009 5 5.77009 5.77009 5.77009 5.77009 5.77009 5.77009 5.77009 5.77009 5.77009 5.77009 5.77009 5.77009 5.77009 5.77009 5 5.77009 5.77009 5.77009 5.77009 5.77009 5.77009 5.77009 5.77009 5.77009 5.77007 5.77007 5.77007 5.77007 5.77007 5.77007 5.77007 5 5.77007 5 5.77007 5.77007 5.77007 5.77007 5.77007 5.77007 5 5.77007 5 5.77007
5.77009 5.77009 5.77009 5.77009 5.77009 5 5.77009 5 5.77009 5 5.77009 5.77009 5.77009 5.77009 5.77009 5.77009 5.77009 5 5.77009 5 5.77009 5 5.77009 5 5.77009 5 5.77009 5.77009 5 5.77009 5.77009 5 5.77009 5.77009 5 5.77009 5 5.77009 5 5.77009 5 5.77009 5 5.77009 5.77009 5.77009 5 5.77009 5 5.77009 5 5.77009 5.77009 5 5.77007 5 5.77007 5 5.77007 5 5.77007 5.77007 5.77007 5.77007 5.77007 5 5.77007 5 5.77007 5.77006 5.77007 5.77007 5.77007 5.77007
5.77009 5 5.77009 5 5.77009 5.77009 5.77009 5.77009 5.77009 5.77009 5.77009 5 5.77009 5 5.77009 5 5.77009 5.77009 5.77009 5.77009 5.77009 5.77009 5.77009 5.77009 5.77009 5.77009 5.77009 5 5.77009 5.77009 5 5.77009 5.77009 5 5.77009 5.77009 5.77009 5.77009 5.77009 5.77009 5.77009 5.77009 5.77009 5.77009 5 5.77009 5.77009 5.77009 5.77009 5.77009 5.77009 5.77009 5.77009 5.77009 5.77007 5.77007 5.77007 5.77007 5.77007 5.77007 5.77007 5 5.77007 5 5.77007 5.77007 5.77007 5.77007 5.77007 5 5.77007 5 5.77007 5.77007
5.77009 5.77009 5.77009 5.77009 5.77009 5 5.77009 5 5.77009 5 5.77009 5.77009 5.77009 5.77009 5.77009 5.77009 5.77009 5 5.77009 5 5.77009 5 5.77009 5 5.77009 5.77009 5 5.77009 5.77009 5 5.77009 5.77009 5 5.77009 5.77009 5 5.77009 5 5.77009 5 5.77009 5 5.77009 5.77009 5.77009 5.77009 5 5.77009 5 5.77009 5 5.77009 5.77009 5 5.77007 5 5.77007 5 5.77007 5 5.77007 5.77007 5.77007 5.77007 5.77007 5 5.77007 5 5.77007 5.77007 5.77007 5.77007 5.77007 5.77007
5.77009 5 5.77009 5 5.77009 5.77009 5.77009 5.77009 5.77009 5.77009 5.77009 5 5.77009 5 5.77009 5 5.77009 5.77009 5.77009 5.77009 5.77009 5.77009 5.77009 5.77009 5.77009 5 5.77009 5.77009 5 5.77009 5.77009 5 5.77009 5.77009 5.77007 5.77009 5.77009 5.77009 5.77009 5.77009 5.77009 5.77009 5.77009 5 5.77009 5.77009 5.77009 5.77009 5.77009 5.77009 5.77009 5.77009 5.77009 5.77009 5.77007 5.77007 5.77007 5.77007 5.77007 5.77007 5.77007 5 5.77007 5 5.77007 5.77007 5.77007 5.77007 5.77007 5 5.77007 5 5.77007 5.77007
5 5.77009 5.77009 5.77009 5.77009 5 5.77009 5 5.77009 5 5.77009 5.77009 5.77009 5.77009 5.77009 5.77009 5.77009 5 5.77009 5 5.77009 5 5.77009 5.77009 5 5.77009 5.77009 5 5.77009 5.77009 5 5.77009 5.77009 5 5.77009 5.77009 5 5.77009 5 5.77009 5 5.77009 5.77009 5.77009 5.77009 5 5.77009 5 5.77009 5 5.77009 5.77009 5 5.77007 5 5.77007 5 5.77007 5 5.77007 5.77007 5.77007 5.77007 5.77007 5.77007 5 5.77007 5 5.77007 5.77007 5.77007 5.77007 5.77007 4.97344
5.77009 5.77009 5 5.77009 4.99998 5.77006 5.77005 5.77009 5.77009 5.77009 5.77009 5 5.77009 5 5.77009 5 5.77009 5.77009 5.77009 5.77009 5.77009 5.77009 5.77009 5 5.77009 5.77009 5 5.77009 5.77009 5 5.77009 5.77009 5.77007 5.77009 5.77009 5.77009 5.77009 5.77009 5.77009 5.77009 5.77009 5.77009 5 5.77009 5.77009 5.77009 5.77009 5.77009 5.77009 5.77009 5.77009 5.77009 5.77009 5.77009 5.77007 5.77007 5.77007 5.77007 5.77007 5.77007 5 5.77007 5 5.77007 5.77007 5.77007 5.77007 5.77007 5.77007 5 5.77007 5 5.77007 5.75441
5 5.77009 5.77009 5.77009 5.77006 6.1601 4.99993 5.77009 5 5.77009 5 5.77009 5.77009 5.77009 5.77009 5.77009 5.77009 5 5.77009 5 5.77009 5.77009 5 5.77009 5.77009 5 5.77009 5.77009 5 5.77009 5.77009 5 5.77009 5.77009 5 5.77009 5 5.77009 5 5.77009 5 5.77009 5.77009 5.77009 5 5.77009 5 5.77009 5 5.77009 5 5.77009 5.77009 5 5.77007 5 5.77007 5 5.77007 5.77007 5.77007 5.77007 5.77007 5.77007 5 5.77007 5 5.77007 5.77007 5.77007 5.77007 5.77007 5.77007 4.98733
5.77009 5.77009 5 5.77009 4.99998 5.77005 5.77004 5.77009 5.77009 5.77009 5.77009 5.77009 5 5.77009 5 5.77009 5 5.77009 5.77009 5.77009 5.77009 5 5.77009 5.77009 5 5.77009 5.77009 5 5.77009 5.77009 5.77007 5.77009 5.77009 5.77009 5.77009 5.77009 5.77009 5.77009 5.77009 5.77009 5.77009 5.77009 5 5.77009 5.77009 5.77009 5.77009 5.77009 5.77009 5.77009 5.77009 5.77009 5.77009 5.77009 5.77009 5.77007 5.77007 5.77007 5.77007 5 5.77007 5 5.77007 5.77007 5.77007 5.77007 5.77007 5.77007 5 5.77007 5 5.77007 5 5.77007
5 5.77009 5.77009 5.77009 5.77009 5.77009 5 5.77009 5 5.77009 5 5.77009 5.77009 5.77009 5.77009 5.77009 5.77009 5.77009 5 5.77009 5 5.77009 5.77009 5 5.77009 5.77009 5 5.77009 5.77009 5 5.77009 5.77009 5 5.77009 5 5.77009 5 5.77009 5 5.77009 5 5.77009 5.77009 5.77009 5 5.77009 5 5.77009 5 5.77009 5 5.77009 5 5.77009 5.77009 5 5.77007 5 5.77007 5.77007 5.77007 5.77007 5.77007 5 5.77007 5 5.77007 5.77007 5.77007 5.77007 5.77007 5.77007 5.77007 5.77007
5.77009 5.77009 4.99997 5.77005 4.99997 5.77009 5.77009 5.77009 5.77009 5.77009 5.77009 5.77009 5 5.77009 5 5.77009 5 5.77009 5.77009 5.77009 5.77009 5.77009 5 5.77009 5.77009 5 5.77009 5.77009 5.77007 5.77009 5.77009 5.77007 5.77009 5.77009 5.77009 5.77009 5.77009 5.77009 5.77009 5.77009 5.77009 5.77009 5 5.77009 5.77009 5.77009 5.77009 5.77009 5.77009 5.77009 5.77009 5.77009 5.77009 5.77009 5.77009 5.77009 5.77007 5.77007 5.77007 5 5.77007 5 5.77007 5.77007 5.77007 5.77007 5.77007 5 5.77007 5 5.77007 5 5.77007 5
5 5.77009 5.77006 6.1588 5.77005 5.77009 5 5.77009 5 5.77009 5 5.77009 5.77009 5.77009 5.77009 5.77009 5.77009 5.77009 5 5.77007 5 5.77009 5.77009 5.77009 5 5.77009 5.77009 5 5.77009 5.77009 5 5.77009 5.77009 5 5.77009 5 5.77009 5 5.77009 5 5.77009 5.77009 5.77009 5.77009 5 5.77009 5 5.77009 5 5.77009 5.77009 5.77009 5 5.77009 5.77009 5.77009 5 5.77007 5.77007 5.77007 5.77007 5.77007 5.77007 5 5.77007 5 5.77007 5.77007 5.77007 5.77007 5.77007 5.77007 5.77007 5.7479
5.77009 5.77009 4.99998 5.77005 4.99998 5.77009 5.77009 5.77009 5.77009 5.77009 5.77009 5.77009 5 5.77009 5 5.77009 5 5.77009 5.77007 5.77007 5.77007 5.77009 5.77009 5 5.77009 5.77009 5.77007 5.77009 5.77009 5.77007 5.77009 5.77009 5.77009 5.77009 5.77009 5.77009 5.77009 5.77009 5.77009 5.77009 5.77009 5 5.77009 5.77009 5.77009 5.77009 5.77009 5.77009 5.77009 5.77009 5.77009 5 5.77009 5.77009 5.77009 5.77007 5.77009 5.77007 5 5.77007 5 5.77007 5.77007 5.77007 5.77007 5.77007 5.77007 5 5.77007 5.75801 4.95497 5.73252 5.73826 4.98359
5.77009 5 5.77009 5.77009 5.77009 5.77009 5 5.77009 5 5.77009 5 5.77009 5.77009 5.77009 5.77009 5.77009 5.77009 5.77009 5 5.77007 5 5.77007 5.77009 5.77009 5.77009 5 5.77009 5.77009 5 5.77009 5.77009 5 5.77009 5 5.77009 5 5.77009 5 5.77009 5 5.77009 5.77009 5.77009 5 5.77009 5 5.77009 5 5.77009 5.77009 5 5.77009 5.77009 5 5.77009 5.77009 5.77009 5.77007 5.77007 5.77007 5.77007 5.77007 5 5.77007 5 5.77007 5.77007 5.77007 5.77007 4.99513 5.98503 5.76894 4.99869 5.99455
5.77009 5.77009 5.77009 5 5.77009 5.77007 5.77009 5.77009 5.77009 5.77009 5.77009 5.77009 5 5.77009 5 5.77009 5 5.77009 5.77007 5.77007 5.77007 5.77007 5.77009 5.77009 5.77007 5.77009 5.77009 5.77007 5.77009 5.77009 5.77009 5.77009 5.77009 5.77009 5.77009 5.77009 5.77009 5.77009 5.77009 5.77009 5.77009 5 5.77009 5.77009 5.77009 5.77009 5.77009 5.77009 5.77009 5 5.77009 5.77009 5.77009 5.77009 5.77009 5 5.77009 5.77009 5 5.77007 5 5.77007 5.77007 5.77007 5.77007 5.77007 5 5.77007 5 5.76471 5.76263 5.99297 5.98674 5.7689
5.77009 5 5.77009 5.77009 5.77009 5 5.77007 5 5.77007 5.77009 5 5.77009 5.77009 5.77009 5.77009 5.77009 5.77009 5.77009 5 5.77007 5 5.77007 5 5.77007 5.77009 5.77009 5 5.77009 5.77009 5.77009 5.77009 5 5.77009 5 5.77009 5 5.77009 5 5.77009 5 5.77009 5.77009 5.77009 5 5.77009 5 5.77009 5.77009 5 5.77009 5.77009 5 5.77009 5 5.77009 5.77009 5.77009 5.77007 5.77009 5.77007 5.77007 5.77007 5 5.77007 5 5.77007 5.77007 5.77007 5.77007 5.77007 4.98594 5.98932 5.76822 4.99937
5.77009 5.77009 5.77009 5 5.77009 5.77007 5.77007 5.77007 5.77007 5.77009 5.77009 5.77009 5 5.77009 5 5.77009 5 5.77009 5.77007 5.77007 5.77007 5.77007 5.77007 5.77007 5.77009 5.77007 5.77009 5.77009 5.77009 5.77009 5 5.77009 5.77009 5.77009 5.77009 5.77009 5.77009 5.77009 5.77009 5.77009 5.77009 5 5.77009 5.77009 5.77009 5.77009 5.77009 5 5.77009 5.77009 5.77009 5.77009 5.77009 5.77009 5.77009 5 5.77009 5.77009 5 5.77007 5 5.77007 5.77007 5.77007 5.77007 5.77007 5 5.77007 5 5.77007 5.75818 5.99221 5.76895 5.77007
5.77009 5 5.77009 5.77009 5.77009 5 5.77007 5 5.77007 5.77009 5 5.77009 5.77009 5.77009 5.77009 5.77009 5.77009 5.77007 5 5.77007 5 5.77007 5 5.77007 5 5.77009 5.77009 5.77009 5.77009 5 5.77009 5.77009 5 5.77009 5 5.77009 5 5.77009 5 5.77009 5.77009 5.77009 5.77009 5 5.77009 5.77009 5 5.77009 5.77009 5 5.77009 5 5.77009 5 5.77009 5.77009 5.77009 5.77007 5.77009 5.77007 5.77007 5.77007 5 5.77007 5 5.77007 5.77007 5.77007 5.77007 5.77007 5.76582 4.99967 5.7697 5
5.77009 5.77009 5.77009 5 5.77009 5.77007 5.77007 5.77007 5.77007 5.77007 5.77009 5.77009 5.77009 5 5.77009 5.77007 5 5.77007 5.77007 5.77007 5.77007 5.77007 5.77007 5.77007 5.77007 5.77009 5.77009 5.77009 5 5.77009 5.77009 5.77009 5.77009 5.77009 5.77009 5.77009 5.77009 5.77009 5.77009 5.77009 5 5.77009 5.77009 5.77009 5.77009 5 5.77009 5.77009 5.77009 5.77009 5.77009 5.77009 5.77009 5.77009 5.77009 5 5.77009 5.77009 5.77009 5 5.77007 5.77007 5.77007 5.77007 5.77007 5.77007 5 5.77007 5 5.77007 5.77007 5.77007 5.77007 5.77007
5.77009 5.77007 5.77009 5.77009 5.77009 5.77007 5 5.77007 5.77007 5.77009 5.77009 5.77009 5.77009 5.77009 5.77009 5 5.77007 5.77007 5 5.77007 5 5.77007 5.77007 5.77007 5 5.77009 5.77009 5 5.77009 5.77009 5 5.77009 5 5.77009 5 5.77009 5 5.77009 5 5.77009 5.77009 5.77009 5.77009 5.77009 5 5.77009 5.77009 5 5.77009 5 5.77009 5 5.77009 5 5.77009 5.77009 5.77009 5.77009 5.77009 5.77009 5.77007 5 5.77007 5 5.77007 5.77007 5.77007 5.77007 5.77007 5.77007 5 5.77007 5 5.77007
5.77007 5 5.77007 5 5.77007 5 5.77007 5.77007 5 5.77007 5.77007 5.77007 5.77007 5.77007 5 5.77007 5.77007 5 5.77007 5.77007 5.77007 5.77007 5 5.77007 5.77007 5.77007 5.77009 5.77009 5.77009 5.77009 5.77009 5.77009 5.77009 5.77009 5.77009 5.77009 5.77009 5.77009 5.77009 5.77009 5.77009 5.77009 5.77009 5 5.77009 5.77009 5.77009 5.77009 5.77009 5.77009 5.77009 5.77009 5.77009 5.77009 5.77009 5.77009 5.77009 5.77009 5.77009 5 5.77007 5.77007 5.77007 5.77007 5.77007 5 5.77007 5 5.77007 5.77007 5.77007 5.77007 5.77007 5.77007
5.77007 5.77007 5.77007 5.77007 5.77007 5.77007 5.77007 5 5.77007 5.77007 5 5.77007 5 5.77007 5.77007 5.77007 5 5.77007 5.77007 5 5.77007 5 5.77007 5.77007 5 5.77007 5 5.77009 5.77009 5.77009 5.77009 5.77009 5.77009 5.77009 5.77009 5.77009 5.77009 5 5.77009 5 5.77009 5 5.77009 5.77009 5.77009 5 5.77009 5 5.77009 5 5.77009 5 5.77009 5 5.77009 5.77007 5.77009 5.77007 5.77007 5.77007 5.77007 5 5.77007 5 5.77007 5.77007 5.77007 5.77007 5.77007 5 5.77007 5 5.77007 5
5 5.77007 5 5.77007 5 5.77007 5 5.77007 5.77007 5 5.77007 5.77007 5.77007 5.77007 5 5.77007 5.77007 5.77007 5 5.77007 5.77007 5.77007 5.77007 5 5.77007 5.77007 5.77007 5.77007 5.77007 5.77007 5.77007 5.77007 5.77007 5.77007 5.77007 5.77007 5.77007 5.77007 5.77007 5.77007 5.77007 5.77007 5.77007 5.77007 5.77007 5.77007 5.77007 5.77007 5.77007 5.77007 5.77007 5.77007 5.77007 5.77007 5.77007 5 5.77007 5 5.77007 5 5.77007 5.77007 5.77007 5.77007 5.77007 5 5.77007 5 5.77007 5.77007 5.77007 5.77007 5.77007 5.77007
5.77007 5.77007 5.77007 5.77007 5.77007 5.77007 5.77007 5.77007 5 5.77007 5.77007 5 5.77007 5 5.77007 5.77007 5 5.77007 5.77007 5.77007 5 5.77007 5 5.77007 5.77007 5 5.77007 5 5.77007 5 5.77007 5 5.77007 5 5.77007 5 5.77007 5 5.77007 5 5.77007 5 5.77007 5 5.77007 5 5.77007 5 5.77007 5 5.77007 5 5.77007 5 5.77007 5.77007 5.77007 5.77007 5.77007 5.77007 5.77007 5 5.77007 5 5.77007 5.77007 5.77007 5.77007 5.77007 5 5.77007 5 5.77007 5
5.77007 5 5.77007 5 5.77007 5 5.77007 5 5.77007 5.77007 5 5.77007 5.77007 5.77007 5.77007 5 5.77007 5.77007 5 5.77007 5.77007 5.77007 5.77007 5.77007 5 5.77007 5.77007 5.77007 5.77007 5.77007 5.77007 5.77007 5.77007 5.77007 5.77007 5.77007 5.77007 5.77007 5.77007 5.77007 5.77007 5.77007 5.77007 5.77007 5.77007 5.77007 5.77007 5.77007 5.77007 5.77007 5.77007 5.77007 5.77007 5.77007 5.77007 5 5.77007 5 5.77007 5 5.77007 5.77007 5.77007 5.77007 5.77007 5 5.77007 5 5.77007 5.77007 5.77007 5.77007 5.77007 5.77007
5.77007 5.77007 5.77007 5.77007 5.77007 5.77007 5.77007 5.77007 5.77007 5 5.77007 5.77007 5 5.77007 5 5.77007 5.77007 5 5.77007 5.77007 5 5.77007 5 5.77007 5.77007 5.77007 5 5.77007 5 5.77007 5 5.77007 5 5.77007 5 5.77007 5 5.77007 5 5.77007 5 5.77007 5 5.77007 5 5.77007 5 5.77007 5 5.77007 5 5.77007 5 5.77007 5 5.77007 5.77007 5.77007 5.77007 5.77007 5.77007 5 5.77007 5 5.77007 5.77007 5.77007 5.77007 5.77007 5 5.77007 5 5.77007 5
5 5.77007 5 5.77007 5 5.77007 5 5.77007 5 5.77007 5.77007 5 5.77007 5.77007 5.77007 5.77007 5 5.77007 5.77007 5 5.77007 5.77007 5.77007 5.76991 4.99965 5.76968 5.77007 5.77007 5.77007 5.77007 5.77007 5.77007 5.77007 5.77007 5.77007 5.77007 5.77007 5.77007 5.77007 5.77007 5.77007 5.77007 5.77007 5.77007 5.77007 5.77007 5.77007 5.77007 5.77007 5.77007 5.77007 5.77007 5.77007 5.77007 5.77007 5.77007 5 5.77007 5 5.77007 5 5.77007 5.77007 5.77007 5.77007 5 5.77007 5 5.77007 5.77007 5.77007 5.77007 5.77007 5.77007
5.77007 5.77007 5.77007 5.77007 5.77007 5.77007 5.77007 5.77007 5.77007 5.77007 5 5.77007 5.77007 5 5.77007 5 5.77007 5.77007 5 5.77007 5.77007 5 5.77007 4.99974 6.15771 5.76974 5 5.77007 5 5.77007 5 5.77007 5 5.77007 5 5.77007 5 5.77007 5 5.77007 5 5.77007 5 5.77007 5 5.77007 5 5.77007 5 5.77007 5 5.77007 5 5.77007 5 5.77007 5.77007 5.77007 5.77007 5.77007 5.77007 5.77007 5 5.77007 5.77007 5.77007 5.77007 5.77007 5.77007 5 5.77007 5 5.77007 5
5.77007 5 5.77007 5 5.77007 5 5.77007 5 5.77007 5 5.77007 5.77007 5 5.77007 5.77007 5.77007 5.77007 5 5.77007 5.77007 5 5.77007 5.77007 5.76992 5.76981 5.76992 5.77007 5.77007 5.77007 5.77007 5.77007 5.77007 5.77007 5.77007 5.77007 5.77007 5.77007 5.77007 5.77007 5.77007 5.77007 5.77007 5.77007 5.77007 5.77007 5.77007 5.77007 5.77007 5.77007 5.77007 5.77007 5.77007 5.77007 5.77007 5.77007 5.77007 5 5.77007 5 5.77007 5 5.77007 5.77007 5.77007 5 5.77007 5 5.77007 5.77007 5.77007 5.77007 5.77007 5.77007 5.77007
5.77007 5.77007 5.77007 5.77007 5.77007 5.77007 5.77007 5.77007 5.77007 5.77007 5.77007 5 5.77007 5.77007 5 5.77007 5 5.77007 5.77007 5 5.77007 5.77007 5 5.77007 5 5.77007 5 5.77007 5 5.77007 5 5.77007 5 5.77007 5 5.77007 5 5.77007 5 5.77007 5 5.77007 5 5.77007 5 5.77007 5 5.77007 5 5.77007 5 5.77007 5 5.77007 5 5.77007 5.77007 5.77007 5.77007 5.77007 5.77007 5.77007 5 5.77007 5.77007 5.77007 5.77007 5.77007 5 5.77007 5 5.77007 5 5.77007
