tests/full-run-ref/erosion_2010_78_19_2.123.asc
ncols 512
nrows 512
xllcorner -3.24582
yllcorner -4.08743
cellsize 5
NODATA_value -99999
[rows 152 to 189 of 512, columns 252 to 335 of 512]
19.5881 13.3426 11.963 10.5447 0 0 0 0 0 0 28.8469 0 0 0 0 0 0 28.849 28.8488 23.0785 17.3082 11.5379 5.76926 5.77 5.77 5.77 5.77 5.77 5.72929 5.44571 0.619355 5.77 5.77 5.71971 4.90312 0 0 0 0 5.56541 3.38567 0 0 0 0 0 0 0 0 0 0 0 0 5.76926 5.77 5.77 5.77 5.77 5.77 5.77 5.77 5.77 5.77 5.77 5.77 5.72893 2.9802 0 0 0 0 0 8.15991 5.76998 4.19571 0 0 5.77 5.77 5.77 5.7576 5.46371 2.81034 0
17.2762 11.0862 5.40132 0 0 0 0 0 0 25.4671 23.0763 0 0 0 0 0 0 0 23.0792 23.0794 17.3091 11.5388 5.7695 5.77 5.77 5.77 5.77 5.72929 5.44571 0.619355 5.77 5.77 5.71971 4.90312 0 0 0 0 5.56541 3.38567 0 0 0 0 0 0 0 0 0 0 0 0 5.76926 5.77 5.77 5.77 5.77 5.77 5.77 5.77 5.77 5.77 5.77 5.77 5.77 5.77 5.68395 2.11521 0 0 0 0 5.76999 5.77 0 0 5.77 5.77 5.77 5.7576 5.46371 2.81034 0 0
14.6522 8.6921 3.73244 5.64619 0 0 0 0 0 19.6956 17.3056 0 0 0 0 0 0 0 0 17.3094 17.3091 11.5389 5.76961 5.77 5.77 5.77 5.72929 5.44571 0.619355 5.77 5.77 5.71971 4.90312 0 0 0 0 5.56541 3.38567 0 0 0 0 0 0 0 0 0 0 0 0 5.76926 5.77 5.77 5.77 5.77 5.77 5.77 5.77 5.77 5.77 5.77 5.77 5.77 5.77 5.77 5.77 5.77 5.77 5.77 5.77 5.69464 4.19571 0 0 5.77 5.77 5.77 5.7576 5.46371 2.81034 0 0 0
15.0328 9.20202 4.54949 0 0 0 0 0 16.3143 13.9234 11.5343 0 0 0 0 0 0 0 0 0 9.38004 11.5395 5.76964 5.76997 5.77 5.72929 5.44571 0.619355 5.77 5.77 5.71971 4.90312 0 0 0 0 5.56541 3.38567 0 0 0 0 0 0 0 0 0 0 0 0 5.76926 5.77 5.77 5.77 5.77 5.77 5.77 5.77 5.77 5.77 5.77 5.77 5.77 5.77 5.77 5.77 5.77 5.77 5.77 5.77 5.69464 4.19571 0 0 5.77 5.77 5.77 5.7576 5.46371 2.81034 0 0 0 0
15.4237 9.61414 4.7829 0 0 0 0 0 13.9231 8.1499 0 0 0 0 0 0 0 0 0 0 0 13.929 8.15961 5.7699 5.72929 5.44571 0.619355 5.77 5.77 5.71972 4.90315 0 0 0 0 5.56541 3.38566 0 0 0 0 0 0 0 0 0 0 0 0 5.76926 5.77 5.77 5.77 5.77 5.77 5.77 5.77 5.77 5.77 5.77 5.77 5.77 5.77 5.77 5.77 5.77 5.77 5.77 5.77 5.69464 4.19571 0 0 5.77 5.77 5.77 5.7576 5.46371 2.81034 0 0 0 0 0
15.7404 9.9653 4.96126 0 0 0 0 0 11.5348 5.76061 5.76922 1.5568 0 0 0 0 0 0 0 0 0 5.76179 11.5399 5.76988 5.76997 0.619355 5.77 5.77 5.71995 4.90414 0 0 0 0 5.56541 3.38566 0 0 0 0 0 0 0 0 0 0 0 0 5.76926 5.77 5.77 5.77 5.77 5.77 5.77 5.77 5.77 5.77 5.77 5.77 5.77 5.77 5.77 5.77 5.77 5.77 5.77 5.77 5.69464 4.19571 0 0 5.77 5.77 5.77 5.7576 5.46371 2.81034 0 0 0 0 0 0
14.7367 10.2909 5.14013 0 0 0 0 0 11.5274 5.76452 1.73629 0 0 0 0 0 0 4.70782 0 0 0 0 5.77437 8.15983 0.61923 5.76998 5.77 5.72672 4.93456 0 0 0 0 5.56549 3.38569 0 0 0 0 0 0 0 0 0 0 0 0 5.76926 5.77 5.77 5.77 5.77 5.77 5.77 5.77 5.77 5.77 5.77 5.77 5.77 5.77 5.77 5.77 5.77 5.77 5.77 5.77 5.69464 4.19571 0 0 5.77 5.77 5.77 5.7576 5.46371 2.81034 0 0 0 0 0 0 0
12.0202 6.70525 5.4417 0 0 0 0 0 8.15812 5.76801 0 0 0 0 0 0 5.77 5.77 4.26675 0 0 0 0 0.619328 8.15976 5.76989 5.76998 5.24522 0.420783 0 0 0 5.56771 3.38714 0 0 0 0 0 0 0 0 0 0 0 0 5.76926 5.77 5.77 5.77 5.77 5.77 5.77 5.77 5.77 5.77 5.77 5.77 5.77 5.77 5.77 5.77 5.77 5.77 5.77 5.77 5.69464 4.19571 0 0 5.77 5.77 5.77 5.7576 5.46371 2.81034 0 0 0 0 0 0 0 5.77
9.93235 4.53256 5.6842 5.77 5.77 5.77 5.71691 3.26383 0 5.76958 0 0 0 0 0 5.77 5.77 5.77 5.75536 3.48836 0 0 0 0 5.71673 8.15978 5.26485 5.76998 0 0 0 5.59454 3.42436 0 0 0 0 0 0 0 0 0 0 0 0 5.76926 5.77 5.77 5.77 5.77 5.77 5.77 5.77 5.77 5.77 5.77 5.77 5.77 5.77 5.77 5.77 5.77 5.77 5.77 5.77 5.69464 4.19571 0 0 5.77 5.77 5.77 5.7576 5.46371 2.81034 0 0 0 0 0 0 0 5.77 5.77
9.9878 5.15551 5.77 5.77 5.77 5.7432 5.27098 1.69597 0 0 0 0 0 0 5.77 5.77 5.76154 5.77 5.77 5.77 4.75901 0 0 0 0 5.26494 8.15979 5.76989 5.76997 0 5.68974 3.86938 0 0 0 0 0 0 0 0 0 0 0 0 5.76926 5.77 5.77 5.77 5.77 5.77 5.77 5.77 5.77 5.77 5.77 5.77 5.77 5.77 5.77 5.77 5.77 5.77 5.77 5.77 5.69464 4.19571 0 0 5.77 5.77 5.77 5.7576 5.46371 2.81034 0 0 0 0 0 0 0 5.77 5.77 5.68735
7.40994 5.56173 5.77 5.77 5.7432 5.27098 1.69597 0 0 0 0 0 0 5.77 5.77 5.76154 5.77 5.77 5.77 5.77 5.77 5.35474 0 0 0 0 10.5881 8.15978 0 5.76997 5.13951 0 0 0 0 0 0 0 0 0 0 0 0 5.76926 5.77 5.77 5.77 5.77 5.77 5.77 5.77 5.77 5.77 5.77 5.77 5.77 5.77 5.77 5.77 5.77 5.77 5.77 5.77 5.69464 4.19571 0 0 5.77 5.77 5.77 5.7576 5.46371 2.81034 0 0 0 0 0 0 0 5.77 5.77 5.68735 5.1116
5.25238 5.73251 5.77 5.7432 5.27098 1.69597 0 0 0 0 0 0 5.77 5.77 5.76154 5.77 5.77 5.77 5.77 5.77 5.77 5.77 5.63556 1.1846 0 0 0 0 6.57349 6.15946 0 5.76996 0 0 0 0 0 0 0 0 0 0 5.76926 5.77 5.77 5.77 5.77 5.77 5.77 5.77 5.77 5.77 5.77 5.77 5.77 5.77 5.77 5.77 5.77 5.77 5.77 5.77 5.69464 4.19571 0 0 5.77 5.77 5.77 5.7576 5.46371 2.81034 0 0 0 0 0 0 0 5.77 5.77 5.68735 5.1116 0
5.59401 5.77 5.7432 5.27098 1.69597 0 0 0 0 0 0 5.77 5.77 5.76154 5.77 5.77 5.77 5.77 5.77 5.77 5.77 5.77 5.77 5.77 4.05822 0 0 0 0 0 8.15966 5.76982 5.76996 0 0 0 0 0 0 0 0 5.76926 5.77 5.77 5.77 5.77 5.77 5.77 5.77 5.77 5.77 5.77 5.77 5.77 5.77 5.77 5.77 5.77 5.77 5.77 5.77 5.69464 4.19571 0 0 5.77 5.77 5.77 5.7576 5.46371 2.81034 0 0 0 0 0 0 0 5.77 5.77 5.68735 5.1116 0 5.77
5.74072 5.74322 5.27105 1.69601 0 0 0 0 0 0 5.77 5.77 5.76154 5.77 5.77 5.77 5.77 5.77 5.77 5.77 5.77 5.77 5.77 5.77 5.64561 1.37782 0 0 0 0 12.9944 8.15967 5.76989 0 0 0 0 0 0 0 5.76926 5.77 5.77 5.77 5.77 5.77 5.77 5.77 5.77 5.77 5.77 5.77 5.77 5.77 5.77 5.77 5.77 5.77 5.77 5.77 5.69464 4.19571 0 0 5.77 5.77 5.77 5.7576 5.46371 2.81034 0 0 0 0 0 0 0 5.72718 5.62511 5.65205 5.1116 0 5.77 5.77
5.74352 5.27248 1.69713 0 0 0 0 0 0 5.77 5.77 5.76154 5.77 5.77 5.77 5.77 5.77 5.77 5.77 5.77 5.77 5.77 5.77 5.77 5.77 4.55432 0 0 0 0 0 11.5399 5.76991 0 0 0 0 0 0 5.76926 5.77 5.77 5.77 5.77 5.77 5.77 5.77 5.77 5.77 5.77 5.77 5.77 5.77 5.77 5.77 5.77 5.77 5.77 5.77 5.69464 4.19571 0 0 5.77 5.77 5.77 5.7576 5.46371 2.81034 0 0 0 0 0 0 0 5.47436 3.64311 0.956247 3.99546 0 5.77 5.77 5.77
5.29338 1.72054 0 0 0 0 0 0 5.77 5.77 5.76154 5.77 5.77 5.77 5.77 5.77 5.77 5.77 5.77 5.77 5.77 5.77 5.77 5.77 5.77 5.77 4.45764 0 0 0 0 5.76994 5.76996 0 0 0 0 0 5.76926 5.77 5.77 5.77 5.77 5.77 5.77 5.77 5.77 5.77 5.77 5.77 5.77 5.77 5.77 5.77 5.77 5.77 5.77 5.77 5.69464 4.19571 0 0 5.77 5.77 5.77 5.7576 5.46371 2.81034 0 0 0 0 0 0 0 5.49105 2.1313 0 0 0 5.77 5.77 5.77 5.77
2.02475 0 0 0 0 0 0 5.77 5.77 5.76154 5.77 5.77 5.77 5.77 5.77 5.77 5.77 5.77 5.77 5.77 5.77 5.77 5.77 5.77 5.77 5.77 5.64168 1.76996 0 0 0 0 0 0 0 0 0 5.76926 5.77 5.77 5.77 5.77 5.77 5.77 5.77 5.77 5.77 5.77 5.77 5.77 5.77 5.77 5.77 5.77 5.77 5.77 5.77 5.69464 4.19571 0 0 5.77 5.77 5.77 5.7576 5.46371 2.81034 0 0 0 0 0 0 0 5.71782 3.71292 0 0 0 3.7651 5.76997 5.77 5.77 5.77
0 0 0 0 0 0 5.77 5.77 5.76154 5.77 5.77 5.77 5.77 5.77 5.77 5.77 5.77 5.77 5.77 5.77 5.77 5.77 5.77 5.77 5.77 5.77 5.66621 1.88802 0 0 0 0 0 0 0 0 5.76911 5.76995 5.77 5.77 5.77 5.77 5.77 5.77 5.77 5.77 5.77 5.77 5.77 5.77 5.77 5.77 5.77 5.77 5.77 5.77 5.69464 4.19571 0 0 5.77 5.77 5.77 5.7576 5.46371 2.81034 0 0 0 0 0 0 0 5.77 5.42271 0 0 0 0 11.4289 8.15999 5.76999 5.77 5.77
0 0 0 0 0 5.77 5.77 5.76154 5.77 5.77 5.77 5.77 5.77 5.77 5.77 5.77 5.77 5.77 5.77 5.77 5.77 5.77 5.77 5.77 5.77 5.77 5.74615 3.31136 0 0 0 0 0 0 0 0 8.15948 5.76969 5.76994 5.77 5.77 5.77 5.77 5.77 5.77 5.77 5.77 5.77 5.77 5.77 5.77 5.77 5.77 5.77 5.77 5.69464 4.19571 0 0 5.77 5.77 5.77 5.7576 5.46371 2.81034 0 0 0 0 0 0 0 5.77 5.77 5.1694 0 0 0 0 7.60341 11.5399 5.76997 5.77 5.77
5.76715 0 0 0 5.77 5.77 5.76154 5.77 5.77 5.77 5.77 5.77 5.77 5.77 5.77 5.77 5.77 5.77 5.77 5.77 5.77 5.77 5.77 5.77 5.77 5.77 5.77 4.74609 0 0 0 0 0 0 0 0 13.9293 8.1591 5.76962 5.76994 5.77 5.77 5.77 5.77 5.77 5.77 5.77 5.77 5.77 5.77 5.77 5.77 5.77 5.77 5.69464 4.19571 0 0 5.77 5.77 5.77 5.7576 5.46371 2.81034 0 0 0 0 0 0 0 5.77 5.77 5.77 5.77 5.77 7.10826 6.10084 0 0 11.5399 5.76997 5.77 5.77
5.76509 5.76781 0 5.77 5.77 5.76154 5.77 5.77 5.77 5.77 5.77 5.77 5.77 5.77 5.77 5.77 5.77 5.77 5.77 5.77 5.77 5.77 5.77 5.77 5.77 5.77 5.77 5.48459 0 0 0 0 0 0 0 0 6.35074 13.9292 8.15894 5.76976 5.77 5.77 5.77 5.77 5.77 5.77 5.77 5.77 5.77 5.77 5.77 5.77 5.77 5.69464 4.19571 0 0 5.77 5.77 5.77 5.7576 5.46371 2.81034 0 0 0 0 0 0 0 5.77 5.77 5.77 5.77 5.77 5.77 5.77 5.76999 3.0557 0 8.16 5.76998 5.77 5.77
8.06329 0 5.76791 5.77 5.76154 5.77 5.77 5.77 5.77 5.77 5.77 5.77 5.77 5.77 5.77 5.77 5.77 5.77 5.77 5.77 5.77 5.77 5.77 5.77 5.77 5.77 5.77 5.76198 3.61572 0 0 0 0 0 0 0 0 16.3186 11.5394 5.76945 5.76994 5.77 5.77 5.77 5.77 5.77 5.77 5.77 5.77 5.77 5.77 5.77 5.69464 4.19571 0 0 5.77 5.77 5.77 5.7576 5.46371 2.81034 0 0 0 0 0 0 0 5.77 5.77 5.77 5.77 5.77 5.77 5.77 5.77 5.77 5.77 5.77 5.77 5.76999 5.77 5.77
0 8.14929 5.76642 5.76154 5.77 5.77 5.77 5.77 5.77 5.77 5.77 5.77 5.77 5.77 5.77 5.77 5.77 5.77 5.77 5.77 5.77 5.77 5.77 5.77 5.77 5.77 5.77 5.77 5.25846 0 0 0 0 0 0 0 0 19.6998 13.9296 8.15924 5.76931 5.76989 5.77 5.77 5.77 5.77 5.77 5.77 5.77 5.77 5.77 5.69464 4.19571 0 0 5.77 5.77 5.77 5.7576 5.46371 2.81034 0 0 0 0 0 0 0 5.77 5.77 5.77 5.77 5.77 5.77 5.77 5.77 5.77 5.77 5.77 5.77 5.77 5.77 5.77 5.77
0 0 5.75617 5.7695 5.77 5.77 5.77 5.77 5.77 5.77 5.77 5.77 5.77 5.77 5.77 5.77 5.77 5.77 5.77 5.77 5.77 5.77 5.77 5.77 5.77 5.77 5.66521 5.05155 4.2956 1.74115 0 0 0 0 0 0 0 4.97175 16.3198 13.9281 8.15773 5.76924 5.76991 5.77 5.77 5.77 5.77 5.77 5.77 5.77 5.69464 4.19571 0 0 5.77 5.77 5.77 5.7576 5.46371 2.81034 0 0 0 0 0 0 0 5.77 5.77 5.77 5.77 5.77 5.77 5.77 5.77 5.77 5.77 5.77 5.77 5.77 5.77 5.77 5.77 5.77
0 0 8.11568 5.76784 5.77 5.77 5.77 5.77 5.77 5.77 5.77 5.77 5.77 5.77 5.77 5.77 5.77 5.77 5.77 5.77 5.77 5.77 5.77 5.77 5.77 5.64839 4.24005 0 0 0 0 0 0 0 0 0 0 0 3.74342 16.3184 13.9279 8.159 5.76947 5.76992 5.77 5.77 5.77 5.77 5.77 5.69464 4.19571 0 0 5.77 5.77 5.77 5.7576 5.46371 2.81034 0 0 0 0 0 0 0 5.77 5.77 5.77 5.77 5.77 5.77 5.77 5.77 5.77 5.77 5.77 5.77 5.77 5.77 5.77 5.77 5.77 5.77
0 0 11.3795 5.76532 5.76962 5.77 5.77 5.77 5.77 5.77 5.77 5.77 5.77 5.77 5.77 5.77 5.77 5.77 5.77 5.77 5.77 5.77 5.77 5.77 5.64839 4.17236 0 0 0 5.77 4.96024 0 0 0 0 0 0 0 0 22.0888 16.3191 13.9292 8.15906 5.76935 5.76992 5.77 5.77 5.77 5.69464 4.19571 0 0 5.77 5.77 5.77 5.7576 5.46371 2.81034 0 0 0 0 0 0 0 5.77 5.77 5.77 5.77 5.77 5.77 5.77 5.77 5.77 5.77 5.77 5.77 5.77 5.77 5.77 5.77 5.77 5.77 5.77
0 16.2757 13.9249 8.15419 5.76824 5.77 5.77 5.77 5.77 5.77 5.77 5.77 5.77 5.77 5.77 5.77 5.77 5.77 5.77 5.77 5.77 5.77 5.77 5.64839 4.17236 0 0 0 5.77 5.77 5.77 4.77722 0 0 0 0 0 0 0 7.22601 22.0897 16.3193 13.9282 8.15825 5.76948 5.76993 5.77 5.69464 4.19571 0 0 5.77 5.77 5.77 5.7576 5.46371 2.81034 0 0 0 0 0 0 0 5.77 5.77 5.77 5.77 5.77 5.77 5.77 5.77 5.77 5.77 5.77 5.77 5.77 5.77 5.77 5.77 5.77 5.77 5.77 5.77
0 22.0718 16.3142 11.5269 5.76639 5.77 5.77 5.77 5.77 5.77 5.77 5.77 5.77 5.77 5.77 5.77 5.77 5.77 5.77 5.77 5.77 5.77 5.64839 4.17236 0 0 0 5.77 5.77 5.77 5.77 5.60933 0.680203 0 0 0 0 0 0 0 24.4799 22.0888 16.3187 13.9287 8.15924 5.76992 5.69464 4.19571 0 0 5.77 5.77 5.77 5.7576 5.46371 2.81034 0 0 0 0 0 0 0 5.77 5.77 5.77 5.77 5.77 5.77 5.77 5.77 5.77 5.77 5.77 5.77 5.77 5.77 5.77 5.77 5.77 5.77 5.77 5.77 5.77
0 23.0702 17.2959 11.5249 5.7653 5.77 5.77 5.77 5.77 5.77 5.77 5.77 5.77 5.77 5.77 5.77 5.77 5.77 5.77 5.77 5.77 5.64839 4.17236 0 0 0 5.77 5.77 5.77 5.77 5.77 5.75937 4.435 0 0 0 0 0 0 0 24.0337 22.0889 16.3195 11.5393 5.76942 5.76993 4.19571 0 0 5.77 5.77 5.77 5.7576 5.46371 2.81034 0 0 0 0 0 0 0 5.77 5.77 5.77 5.77 5.77 5.77 5.77 5.77 5.77 5.77 5.77 5.77 5.77 5.77 5.77 5.77 5.77 5.77 5.77 5.77 5.77 5.77
12.7813 23.07 17.296 11.5242 5.76512 5.77 5.77 5.77 5.77 5.77 5.77 5.77 5.77 5.77 5.77 5.77 5.77 5.77 5.77 5.77 5.64839 4.17236 0 0 0 5.77 5.77 5.77 5.77 5.77 5.67317 4.9398 2.94755 0 0 0 0 0 0 0 11.6188 16.3185 13.9284 8.15931 5.76973 4.19571 0 0 5.77 5.77 5.77 5.7576 5.46371 2.81034 0 0 0 0 0 0 0 5.77 5.77 5.77 5.77 5.77 5.77 5.77 5.77 5.77 5.77 5.77 5.77 5.77 5.77 5.77 5.77 5.77 5.77 5.77 5.77 5.77 5.77 5.77
1.5085 18.3054 17.2983 11.5251 5.76544 5.77 5.77 5.77 5.77 5.77 5.77 5.77 5.77 5.77 5.77 5.77 5.77 5.77 5.77 5.64839 4.17236 0 0 0 5.77 5.77 5.77 5.77 5.77 5.64422 4.09789 0 0 0 0 0 0 0 0 0 15.2137 13.9284 8.15815 5.76947 5.76995 0 0 5.77 5.77 5.77 5.7576 5.46371 2.81034 0 0 0 0 0 0 0 5.77 5.77 5.77 5.77 5.77 5.77 5.77 5.77 5.77 5.77 5.77 5.77 5.77 5.77 5.77 5.77 5.77 5.77 5.77 5.77 5.77 5.77 5.77 5.77
0 0 16.3044 11.5312 5.76558 5.76982 5.77 5.77 5.77 5.77 5.77 5.77 5.77 5.77 5.77 5.77 5.77 5.77 5.64839 4.17236 0 0 0 5.77 5.77 5.77 5.77 5.77 5.64264 3.94472 0 0 0 0 0 0 0 0 0 0 17.3058 11.5361 5.7691 5.76993 0 0 5.77 5.77 5.77 5.7576 5.46371 2.81034 0 0 0 0 0 0 0 5.77 5.77 5.77 5.77 5.77 5.77 5.77 5.77 5.77 5.77 5.77 5.77 5.77 5.77 5.77 5.77 5.77 5.77 5.77 5.77 5.77 5.77 5.77 5.77 5.77
0 0 0 13.9264 8.15562 5.76895 5.76998 5.77 5.77 5.77 5.77 5.77 5.77 5.77 5.77 5.77 5.77 5.64839 4.17236 0 0 0 5.77 5.77 5.77 5.77 5.77 5.64264 3.93835 0 0 0 0 0 3.17348 0 0 0 0 0 17.2956 11.5336 5.76946 0 0 5.77 5.77 5.77 5.7576 5.46371 2.81034 0 0 0 0 0 0 0 5.77 5.77 5.77 5.77 5.77 5.77 5.77 5.77 5.77 5.77 5.77 5.77 5.77 5.77 5.77 5.77 5.77 5.77 5.77 5.77 5.77 5.77 5.77 5.77 5.77 5.77
0 0 0 0 13.928 8.15983 5.76997 5.77 5.77 5.77 5.77 5.77 5.77 5.77 5.77 5.77 5.64839 4.17236 0 0 0 5.77 5.77 5.77 5.77 5.77 5.64264 3.93835 0 0 0 0 0 5.77 4.08203 0 0 0 0 0 0 11.5397 5.76966 0 5.77 5.77 5.77 5.7576 5.46371 2.81034 0 0 0 0 0 0 0 5.77 5.77 5.77 5.77 5.77 5.77 5.77 5.77 5.77 5.77 5.77 5.77 5.77 5.77 5.77 5.77 5.77 5.77 5.77 5.77 5.77 5.77 5.77 5.77 5.77 5.77 5.77
3.55371 0 0 0 0.192894 11.54 5.76998 5.77 5.77 5.77 5.77 5.77 5.77 5.77 5.77 5.64839 4.17236 0 0 0 5.77 5.77 5.77 5.77 5.77 5.64264 3.93835 0 0 0 0 0 5.77 5.77 5.20342 0 0 0 0 0 0 11.5395 0 5.76997 5.77 5.77 5.7576 5.46371 2.81034 0 0 0 0 0 0 0 5.77 5.77 5.77 5.77 5.77 5.77 5.77 5.77 5.77 5.77 5.77 5.77 5.77 5.77 5.77 5.77 5.77 5.77 5.77 5.77 5.77 5.77 5.77 5.77 5.77 5.77 5.77 5.77
5.77 5.77 5.77 5.39356 2.9556 5.76994 5.77 5.77 5.77 5.77 5.77 5.77 5.77 5.77 5.64839 4.17236 0 0 0 5.77 5.77 5.77 5.77 5.77 5.64264 3.93835 0 0 0 0 0 5.77 5.77 5.77 5.77 5.77 5.11424 0 0 0 0 0 8.15954 5.7699 5.77 5.7576 5.46371 2.81034 0 0 0 0 0 0 0 5.77 5.77 5.77 5.77 5.77 5.77 5.77 5.77 5.77 5.77 5.77 5.77 5.77 5.77 5.77 5.77 5.77 5.77 5.77 5.77 5.77 5.77 5.77 5.77 5.77 5.77 5.77 5.77 5.77
5.77 5.77 5.77 5.77 5.77 5.77 5.77 5.77 5.77 5.77 5.77 5.77 5.77 5.64839 4.17236 0 0 0 5.77 5.77 5.77 5.77 5.77 5.64264 3.93835 0 0 0 0 0 5.77 5.77 5.77 5.77 5.77 5.77 5.77 5.019 0 0 0 0 11.5399 5.76987 5.75761 5.46374 2.81035 0 0 0 0 0 0 0 5.77 5.77 5.77 5.77 5.77 5.77 5.77 5.77 5.77 5.77 5.77 5.77 5.77 5.77 5.77 5.77 5.77 5.77 5.77 5.77 5.77 5.77 5.77 5.77 5.77 5.77 5.77 5.77 5.77 5.77
5.77 5.77 5.77 5.77 5.77 5.77 5.77 5.77 5.77 5.77 5.77 5.77 5.64839 4.17236 0 0 0 5.77 5.77 5.77 5.77 5.77 5.64264 3.93835 0 0 0 0 0 5.77 5.77 5.77 5.77 5.77 5.76999 6.15999 5.76996 5.67984 2.03607 0 0 0 11.5392 5.76986 5.46512 2.81089 0 0 0 0 0 0 0 5.77 5.77 5.77 5.77 5.77 5.77 5.77 5.77 5.77 5.77 5.77 5.77 5.77 5.77 5.77 5.77 5.77 5.77 5.77 5.77 5.77 5.77 5.77 5.77 5.77 5.77 5.77 5.77 5.77 5.77 5.77
