tests/full-run-ref/erosion_78_16_47.110.asc
ncols 512
nrows 512
xllcorner -3.24582
yllcorner -4.08743
cellsize 5
NODATA_value -99999
[rows 352 to 395 of 512, columns 0 to 95 of 512]
110.45 110.45 95.5301 84.9801 79.2101 73.4401 71.0501 65.2801 61.49 55.72 49.95 44.18 38.4099 32.6398 30.2498 24.4797 22.0896 16.3193 13.9292 0 0 0 0 0 5.76992 0 0 0 0 0 0 0 0 0 0 0 0 0 0 0 0 0 0 0 0 0 0 0 0 0 0 0 0 0 0 0 0 0 0 0 0 0 0 13.93 8.16 0 0 0 0 0 0 0 11.54 5.77 5.77 5.77 5.77 5.77 0 0 0 0 5.76971 5.76988 8.15999 13.93 16.32 13.93 16.3153 11.5332 0 0 0 0 0 0
109.46 103.56 93.1401 87.3701 81.6001 79.2101 73.4401 69.65 63.88 58.11 52.34 46.5699 40.7999 38.4099 32.6398 30.2497 24.4795 22.0893 16.319 13.9291 0 0 0 0 0 0 0 0 0 0 0 0 0 0 0 0 0 0 0 0 0 0 0 0 0 0 0 0 0 0 0 0 0 0 0 0 0 0 0 0 0 0 0 16.2266 13.93 0 0 0 0 0 0 11.54 13.8782 11.54 11.54 11.54 11.54 5.77 0 0 0 0 0 5.7699 5.76998 8.16 13.93 16.32 13.9268 0 0 0 0 0 0 0
107.07 101.3 95.5301 89.7601 87.3701 81.6001 77.8101 72.04 66.27 60.5 54.73 48.9599 46.5699 40.7999 38.4098 32.6397 30.2495 24.4793 22.0893 16.319 13.9291 0 0 0 0 0 0 0 0 0 0 0 0 0 0 0 0 0 0 0 0 0 0 0 0 0 0 0 0 0 0 0 0 0 0 0 0 0 0 0 0 0 0 0 0 0 0 0 0 0 11.54 11.54 16.32 11.54 11.54 11.54 5.77 5.77 0 0 0 0 0 0 5.76998 5.76999 11.54 13.93 8.07394 0 0 0 0 0 0 0
109.46 103.69 97.9201 95.5301 89.7601 85.9701 80.2001 74.4301 68.66 62.89 57.12 54.73 48.9599 46.5699 40.7998 38.4097 32.6395 30.2494 24.4792 22.0892 16.3189 13.9289 0 0 0 0 0 0 0 0 0 0 0 0 0 0 0 0 0 0 0 0 0 0 0 0 0 0 0 0 0 0 0 0 0 0 0 0 0 0 0 0 0 0 0 0 0 0 0 0 0 11.54 11.54 11.54 11.54 5.77 5.77 5.77 0 0 0 0 0 0 0 5.76998 8.16001 11.5326 0 0 0 0 0 0 0 0
111.85 106.08 103.69 97.9201 94.1301 88.3601 82.5901 76.8201 71.05 65.28 62.89 57.12 54.73 48.9599 46.5698 40.7997 38.4095 32.6393 30.2493 24.4791 22.089 16.3184 13.928 0 0 0 0 0 0 0 0 0 0 0 0 0 0 0 0 0 0 0 0 0 0 0 0 0 0 0 0 0 0 0 0 0 0 0 0 0 0 0 0 23.08 0 0 31.1321 22.09 16.2638 0 0 0 0 0 0 0 0 0 0 0 0 0 0 0 0 5.76999 5.76999 0 0 0 0 0 0 0 0 0
114.24 111.85 106.08 102.29 96.5201 90.7501 84.9801 79.2101 73.44 71.05 65.28 62.89 57.12 54.7299 48.9598 46.5697 40.7995 38.4095 32.6392 30.2492 24.4787 22.0882 16.3168 14.317 5.76751 5.769 0 0 0 0 0 0 0 0 0 0 0 0 0 0 0 0 0 0 0 0 0 0 0 0 0 0 0 0 0 0 0 0 0 0 0 0 0 0 25.47 40.8001 40.57 19.6915 13.93 0 0 0 0 0 0 0 0 0 0 0 0 0 0 0 0 5.77 5.76999 0 0 0 0 0 0 0 0 0
120.01 114.24 110.45 104.68 98.9101 93.1401 87.3701 81.6001 79.2101 73.44 71.05 65.28 62.89 57.1199 54.7298 48.9597 46.5696 40.7994 38.4094 32.6389 30.2485 24.4772 22.4771 20.4607 22.0885 16.3178 13.9286 0 0 0 0 0 0 0 0 0 0 0 0 0 0 0 0 0 0 0 0 0 0 0 0 0 0 0 0 0 0 0 0 0 0 0 0 25.4699 47.5477 25.4699 27.86 22.09 11.54 0 0 0 0 0 0 0 0 0 0 0 0 0 0 0 0 5.77 0 0 0 0 0 0 0 0 5.77 0
122.4 118.61 112.84 107.07 101.3 95.5301 89.7601 87.3701 81.6001 79.2101 73.44 71.05 65.28 62.8899 57.1198 54.7297 48.9595 46.5695 40.7992 38.4089 32.6376 30.6373 28.2336 30.2484 0 30.0848 16.3175 13.9287 0 0 0 0 0 0 0 0 0 0 0 0 0 0 0 0 0 0 0 0 0 0 0 0 0 0 0 0 0 0 0 0 0 0 0 27.8598 199.727 25.4698 25.4699 19.7 13.93 0 0 0 0 0 0 0 0 0 0 0 0 0 0 0 0 5.77 0 0 0 0 0 0 0 5.76999 5.77 0
126.77 121 115.23 109.46 103.69 97.9201 95.5301 89.7601 87.3701 81.6001 79.21 73.44 71.05 65.2799 62.8898 57.1197 54.7296 48.9594 46.5691 40.7981 38.4077 0 0 0 0 0 38.1864 16.3171 13.9287 0 0 0 0 0 0 0 0 0 0 0 0 0 0 0 0 0 0 0 0 0 0 0 0 0 0 0 0 0 0 0 0 0 0 27.8599 201.872 25.4698 27.8557 22.09 16.32 0 0 0 0 0 0 0 0 0 0 0 0 0 0 0 0 0 5.77 6.16001 0 0 0 0 0 5.76999 5.77 0
129.16 123.39 117.62 111.85 106.08 103.69 97.9201 95.5301 89.7601 87.3701 81.6 79.21 73.44 71.0499 65.2798 62.8898 57.1196 54.7294 48.9585 46.5681 0 0 0 0 0 0 0 46.1582 16.317 13.9288 0 0 0 0 0 0 0 0 0 0 0 0 0 0 0 0 0 6.15999 6.16 6.16 0 0 0 0 0 0 0 0 0 0 0 0 32.6397 207.642 201.872 0 0 24.48 22.09 16.32 0 0 0 0 0 0 0 0 0 0 0 0 0 0 0 0 0 5.77 5.77 0 0 0 0 0 5.77 0
131.55 125.78 120.01 114.24 111.85 106.08 103.69 97.9201 95.5301 89.7601 87.3701 81.6 79.21 73.4399 71.0499 65.2797 62.8895 57.1189 54.7286 52.3277 0 0 0 0 0 0 0 0 0 0 13.929 0 0 0 0 0 0 0 0 0 0 0 0 0 6.15995 5.76995 5.76995 5.76997 6.15999 5.76998 5.76998 0 0 0 0 0 0 0 0 19.7 36.02 39.79 36.0196 207.615 201.872 196.102 0 0 24.48 22.09 0 0 0 0 0 8.15999 0 0 0 0 0 0 0 0 0 0 0 0 5.77 0 0 0 0 0 0 0
133.94 128.17 122.4 120.01 114.24 111.85 106.08 103.69 97.9201 95.5301 89.7601 87.37 81.6 79.2099 73.4398 71.0497 65.2792 62.889 60.4881 0 0 0 0 0 0 0 0 0 0 0 0 13.9286 0 0 0 0 0 0 0 0 0 0 0 6.15991 6.1599 6.15994 8.15995 8.15997 11.93 8.15999 13.93 3.64003 3.64004 0 0 0 0 0 0 22.09 49.5032 19.6997 36.0198 207.642 201.793 30.2499 30.2498 32.6397 26.3843 0 0 0 0 0 19.7 6.94313 4.59924 0 0 0 0 0 0 0 0 0 0 0 0 0 0 0 0 0 0 0
136.33 130.56 128.17 122.4 120.01 114.24 111.85 106.08 103.69 97.9201 95.5301 89.76 87.37 81.5999 79.2098 73.4395 71.0492 68.6485 66.2573 0 0 0 0 0 0 0 0 0 0 65.2793 13.929 0 14.3153 0 0 0 0 0 0 0.125134 17.3115 18.4799 12.3199 12.3199 12.3199 12.32 12.32 14.32 16.32 21.9906 16.32 3.64003 3.64004 3.64003 0 0 0 0 0 22.0235 19.6997 258.83 52.3396 192.778 201.872 30.25 196.095 38.3977 32.64 0 0 0 0 23.0799 13.3171 11.5324 0 0 0 0 0 0 0 0 0 0 0 0 0 0 0 0 0 0 0 0
138.72 136.33 130.56 128.17 122.4 120.01 114.24 111.85 106.08 103.69 97.9201 95.5301 89.76 87.3699 81.5996 79.2095 76.8088 74.4177 72.0266 0 0 0 0 0 0 0 0 0 0 65.0498 73.4325 14.3193 22.4703 22.3223 0 0 0 0 0 36.0095 16.0762 28.6399 26.6399 20.4799 20.4799 28.2499 28.64 27.86 29.63 24.48 22.09 20.0765 3.64003 13.93 13.9089 0 0 0 5.76997 11.5396 19.6997 262.824 52.3399 52.34 198.723 30.25 196.102 40.7994 42.57 40.8 0 34.3684 31.24 21.237 19.6999 13.9296 8.15914 0 0 0 5.76967 0 0 0 0 0 0 0 0 0 0 0 0 0 0 0
144.49 138.72 136.33 130.56 128.17 122.4 120.01 114.24 111.85 106.08 103.69 97.92 95.53 89.7598 87.3697 84.969 82.578 80.187 77.7966 0 0 0 0 0 0 0 0 0 70.8197 76.8076 79.2097 0 34.3424 28.5453 28.6392 0 0 0 0 0 44.1696 24.1745 36.8 34.7999 26.6399 42.3613 48.3294 53.7685 41.79 36.02 30.1953 24.4755 22.09 22.0622 16.32 19.9756 0 21.9064 16.3198 22.066 16.3198 262.824 52.34 52.3399 201.872 30.25 196.102 54.7296 48.96 46.94 45.17 39.4 33.63 27.8599 22.0898 16.3193 13.9286 5.76733 5.76893 5.76821 5.76938 0 0 0 0 0 0 0 0 0 0 0 0 0 0 0
146.88 144.49 138.72 136.33 130.56 128.17 122.4 120.01 114.24 111.85 106.08 103.69 97.9199 95.5298 93.1292 90.7382 88.3473 85.9569 83.5665 0 0 0 0 0 0 0 0 78.9797 84.9895 85.4217 53.0168 42.5668 36.7971 42.4319 36.7991 0 0 0 0 0 0 52.3296 30.1207 44.96 34.8 36.8 41.79 41.79 44.1717 38.41 32.64 36.2966 32.64 35.9328 30.25 24.48 28.1549 24.4798 16.3196 16.3198 258.863 262.824 52.34 52.3399 201.872 30.25 196.102 57.1196 55.1 52.71 47.56 41.79 36.0199 30.2499 24.4796 22.089 16.3177 21.874 16.318 19.6367 13.9284 0 0 0 0 0 0 6.15999 6.15999 0 0 0 0 0 0 5.76999
152.65 146.88 144.49 138.72 136.33 130.56 128.17 122.4 120.01 114.24 111.85 106.08 103.69 101.289 98.8984 96.5075 94.1172 91.7269 0 0 0 0 0 0 0 0 93.6897 91.2998 91.5863 61.1404 50.727 44.9572 50.5919 44.9592 44.9594 0 0 0 0 0 0 0 60.4896 37.7887 53.0896 41.79 41.79 44.18 64.6415 40.8 44.5056 0 0 34.3788 0 0 30.1418 24.4796 24.4798 24.48 16.32 262.824 52.34 52.3399 201.872 30.25 57.1198 63.2596 60.87 55.72 49.95 44.18 38.4099 32.6398 30.2494 24.4783 30.0342 24.4783 27.7969 22.0884 16.3179 13.9285 0 0 0 5.76994 5.76997 5.77 5.76999 5.76999 0 0 0 0 5.76998 5.76999
155.04 152.65 146.88 144.49 138.72 136.33 130.56 128.17 122.4 120.01 114.24 111.85 109.449 107.059 104.668 102.278 99.8872 97.4968 0 0 0 0 0 0 0 0 0 99.6999 69.2944 58.8872 53.1173 58.7519 53.1192 53.1194 51.1193 0 0 0 0 0 0 0 0 68.6497 54.6644 59.28 58.89 53.12 67.0501 54.73 48.8198 40.8 0 40.8 16.5344 39.7193 32.6397 32.6398 32.64 268.594 16.32 262.824 52.34 52.3399 201.872 30.25 57.1198 30.2496 63.88 58.11 52.34 46.5699 40.7999 38.4097 32.6389 38.1944 32.6386 35.9571 30.2486 24.478 22.0886 11.9294 8.1596 6.15987 6.15998 5.76998 5.76999 5.76999 5.76999 5.77 5.76999 6.16 0 5.76997 5.76999 8.16001
160.81 155.04 152.65 146.88 144.49 138.72 136.33 130.56 128.17 122.4 120.01 117.61 115.219 112.828 110.438 108.047 105.657 0 0 0 0 0 0 0 0 0 108.009 0 67.0473 61.2774 66.9119 61.2791 61.2794 59.2793 59.2795 0 0 0 0 0 0 0 0 0 76.8097 65.9998 77.5529 67.05 79.9663 57.12 56.5001 54.11 48.96 50.7149 48.9599 40.7997 40.7999 40.8 274.364 268.594 16.32 262.824 52.34 52.3399 201.872 30.25 57.1198 30.2494 66.27 60.4999 54.73 48.9599 46.5699 0 0 25.3812 44.1171 38.4088 32.6381 30.2484 27.0192 21.2536 10.7037 5.7698 5.76987 5.76996 5.76997 5.76999 5.77 5.76999 5.77 5.76999 5.76998 5.76997 8.16 10.7041
163.2 160.81 155.04 152.65 146.88 144.49 138.72 136.33 130.56 128.17 125.77 123.379 120.988 118.598 116.208 113.817 111.427 0 0 0 0 0 0 0 0 113.389 0 75.2075 69.4375 75.0718 69.4391 69.4393 67.4393 67.4395 65.4394 0 0 0 0 0 0 0 0 0 0 0 83.048 85.1732 83.3435 64.66 62.1978 62.6601 60.8901 64.5409 48.9597 48.9599 40.8 280.134 274.364 268.594 16.32 262.824 52.34 52.3399 201.872 30.25 30.2497 74.4292 30.2491 30.2495 57.12 54.7299 48.9597 0 0 52.2778 46.5689 40.7983 38.4084 36.3956 24.6324 18.863 13.0931 0 0 0 0 0 0 0 0 5.76998 10.7041 13.0941 13.0941 16.4741
168.97 163.2 160.81 155.04 152.65 146.88 144.49 138.72 136.33 133.93 131.539 129.148 126.758 124.368 121.978 119.587 117.197 0 0 0 0 0 0 0 119.456 0 83.3677 0 69.4394 77.3283 77.5993 75.5993 75.5995 73.5994 71.5994 0 0 0 0 0 0 0 0 0 0 0 0 80.1186 114.24 0 70.7307 68.4301 70.7865 60.8899 60.8899 48.96 285.904 280.134 274.364 268.594 16.32 54.5248 54.5247 52.3399 201.872 30.25 196.102 76.8186 62.89 65.2693 0 65.2327 60.8394 57.1195 60.4137 54.7294 48.9583 46.5683 44.5556 40.7957 27.0226 16.4623 10.7026 0 0 0 0 0 0 0 0 5.76996 10.704 13.0941 13.0941 16.4711
171.36 168.97 163.2 160.81 155.04 152.65 146.88 144.49 142.09 139.699 137.308 134.918 132.528 130.138 127.748 125.357 0 0 0 0 0 0 0 124.489 0 91.528 85.758 77.5993 77.5991 85.7593 83.7592 83.7594 81.7594 79.7594 79.7596 0 0 0 0 0 0 0 0 0 0 0 0 0 89.5301 104.833 71.6558 94.1823 76.5901 95.1961 60.8899 291.674 285.904 280.134 274.364 268.594 16.32 54.5248 54.5247 54.5247 204.262 169.744 30.2494 65.2799 65.28 207.984 0 84.9338 74.4297 68.6597 62.8895 60.499 54.7279 54.6947 48.9541 35.1815 24.6321 18.8625 13.0925 5.76926 5.76986 0 0 0 0 0 0 5.76997 10.704 16.4741 18.8641 13.0941
177.13 171.36 168.97 163.2 160.81 155.04 152.65 150.25 147.859 145.468 143.078 140.688 138.298 135.908 133.518 131.127 0 0 0 0 0 0 0 0 99.6868 93.9183 97.6892 93.8669 93.9192 91.9192 91.9194 89.9194 87.9194 87.9196 85.9195 85.9197 0 0 0 0 0 0 0 0 0 0 0 0 0 102.495 96.7249 76.5901 76.5901 90.211 281.596 60.89 285.904 279.823 274.224 66.0644 16.3189 54.5244 54.5244 54.5245 210.032 204.262 209.823 65.2801 209.885 88.3591 0 78.9307 76.8198 74.4297 68.6591 62.8882 68.4358 57.1125 60.7133 32.7904 27.0227 21.2527 19.2533 16.4639 10.6873 0 0 5.76999 5.76999 0 0 5.76997 10.7041 13.0941 16.4649 10.7041
179.52 177.13 171.36 168.97 163.2 160.81 158.41 156.019 153.628 151.238 148.848 146.458 144.068 141.678 139.288 136.897 0 0 0 0 0 0 0 136.808 0 105.849 102.027 102.079 100.079 100.079 98.0793 96.0794 96.0795 94.0795 94.0796 92.0796 92.0797 0 0 0 0 0 0 0 0 0 0 0 0 100.105 94.3348 88.5594 82.7804 46.1237 82.0493 275.735 60.89 60.8899 68.426 66.0639 67.6392 56.8985 46.364 46.3641 211.506 217.323 212.422 215.98 212.268 101.299 49.4252 84.9798 90.5969 76.8192 71.0483 76.5752 71.0482 69.9508 76.5292 0 29.4129 27.0234 22.2436 16.4737 10.7037 0 0 5.76999 5.76999 0 0 5.76997 10.7041 10.7041 13.0918 5.76998
185.29 179.52 177.13 171.36 168.97 166.57 164.179 161.788 159.398 157.008 154.618 152.228 149.838 147.448 145.058 0 0 0 0 0 0 0 144.969 142.578 0 0 112.009 108.239 108.239 106.239 106.239 104.239 102.239 102.24 100.24 100.24 98.2397 98.2398 0 0 0 0 0 0 0 0 0 0 117.62 96.9675 91.9336 86.1643 80.4048 74.6348 49.3776 73.8755 272.304 56.9145 66.0643 60.2947 53.5347 51.1298 0 0 40.5941 42.9844 224.352 230.122 98.9099 98.8233 93.1399 98.7724 93.1398 79.2083 88.6031 79.2077 0 84.3744 79.2038 0 0 0 24.6332 18.8638 0 18.683 0 10.7041 10.704 0 0 5.76998 10.7041 5.76999 0 0
187.68 185.29 179.52 177.13 174.73 172.339 169.948 167.558 165.168 162.778 160.388 157.998 155.608 153.218 150.827 0 0 0 0 0 0 0 0 151.129 148.645 39.3402 0 118.075 114.399 114.399 112.399 112.4 110.399 108.4 108.4 106.4 106.4 104.4 0 0 0 0 0 0 0 0 0 0 119.993 95.3129 89.5429 83.7736 78.0042 72.2448 66.4748 63.9698 65.76 51.1446 48.7544 54.5247 47.7513 15.0852 0 0 0 45.0262 261.369 232.512 98.91 93.1378 93.1395 0 104.993 96.8759 92.903 0 0 254.333 93.1308 0 0 0 0 21.2534 26.758 0 22.2439 16.4741 10.704 0 0 5.76999 10.7041 10.7041 0 0
193.45 187.68 185.29 182.89 180.499 178.108 175.718 173.328 170.938 168.548 166.158 163.768 161.378 158.988 0 0 0 0 0 0 0 0 159.289 156.899 157.289 154.808 91.4774 27.0731 124.235 120.559 120.56 118.559 118.56 116.56 114.56 114.56 112.56 112.56 15.568 0 0 0 0 0 0 0 0 0 116.09 6.2841 87.1529 81.3829 75.6135 69.8442 64.0848 58.3148 42.7043 42.7043 51.1446 48.7547 41.9947 39.5912 0 0 0 39.3491 263.507 263.508 101.3 101.299 101.298 101.3 109.191 101.299 107.161 0 251.069 93.1362 0 0 0 0 11.5024 94.7347 0 258.3 0 16.4741 10.704 0 0 5.76999 5.76999 5.76999 0 0
195.84 193.45 191.06 188.659 186.268 183.878 181.488 179.098 176.708 174.318 171.928 169.538 167.148 164.758 0 0 0 0 0 0 0 0 0 165.449 163.059 163.449 160.969 97.6348 33.2337 130.395 126.719 126.72 124.72 124.72 122.72 120.72 120.72 118.72 118.72 0 0 0 0 0 0 0 0 114.035 136.315 0 89.5548 83.7848 73.2228 67.4535 61.6842 55.9248 50.1548 47.7513 36.0019 42.9847 39.6047 33.8347 31.433 0 0 33.8169 263.507 101.3 101.3 263.376 119.204 117.618 117.39 117 0 117.596 256.716 93.1381 208.314 0 0 0 0 0 101.939 0 0 16.4741 10.7041 0 0 5.77 5.76999 0 0 0
201.61 199.22 196.83 194.428 192.038 189.648 187.258 184.868 182.478 180.088 177.698 175.308 172.918 0 0 0 0 0 0 0 0 0 173.609 171.219 171.609 169.219 169.609 167.13 103.795 39.4071 136.555 132.879 132.88 130.88 130.88 128.88 126.88 126.88 124.88 124.88 0 0 0 0 0 0 114.035 139.71 142.1 113.045 99.1148 96.6052 70.8328 65.0628 59.2935 53.5244 47.7647 41.9947 39.6047 37.2147 33.8347 31.4447 25.6659 0 0 31.432 263.507 101.3 101.3 263.507 125.779 125.55 0 0 125.133 256.716 256.722 0 0 0 0 0 0 107.46 0 233.782 0 16.4741 10.7041 0 0 0 0 0 0 0
207.38 204.99 202.6 200.198 197.808 195.418 193.028 190.638 188.248 185.858 183.468 181.078 178.688 0 0 0 0 0 0 0 0 0 0 179.769 177.379 177.769 175.379 175.77 173.29 109.955 45.6114 142.715 139.04 139.04 137.04 137.04 135.04 133.04 133.04 131.04 0 0 0 0 0 125.284 119.429 114.035 108.265 102.495 96.7248 90.9548 73.2348 62.6728 56.9028 51.1335 45.3644 39.6047 33.8347 31.4447 23.2847 18.1057 23.2545 0 0 29.054 263.507 101.3 101.3 101.299 86.1365 131.94 131.71 49.2821 49.2788 125.158 0 0 0 256.728 0 261.324 0 258.3 0 22.2438 16.4736 16.4741 10.7041 0 0 0 0 0 0 0
213.15 210.76 208.37 205.968 203.578 201.188 198.798 196.408 194.018 191.628 189.238 186.848 184.458 0 0 0 0 0 0 0 0 0 187.929 185.539 185.929 183.539 183.93 181.539 181.93 179.45 116.115 51.92 148.875 145.2 145.2 143.2 143.2 141.2 139.2 139.2 131.04 131.04 131.14 131.345 133.654 123.185 117.415 111.61 105.843 100.089 94.3348 88.5648 82.7948 65.0711 51.1448 53.5348 42.9735 37.2044 31.4447 25.6617 17.5147 17.5147 17.5147 0 0 29.0541 263.507 101.3 101.3 101.299 86.1367 139.87 138.1 49.2819 125.156 256.662 0 0 256.728 256.728 256.728 261.324 0 258.3 0 22.2437 16.4736 16.4741 10.7041 0 0 0 0 0 0 0
218.92 216.53 214.14 211.738 209.348 206.958 204.568 202.178 199.788 197.398 195.008 192.618 190.228 0 0 0 0 0 0 0 0 0 0 194.089 191.699 192.09 189.699 190.09 187.7 188.09 185.61 122.276 58.5799 155.035 151.36 151.36 149.36 149.36 147.36 145.36 145.36 137.2 137.115 137.115 131.345 119.598 115.013 109.243 103.473 97.6928 91.9144 68.66 62.89 60.5001 52.3401 72.579 40.5828 34.8135 29.0443 23.2847 17.5147 17.5147 17.5148 0 0 29.0539 263.507 0 101.3 263.507 86.1368 86.1375 86.1369 146.259 137.869 256.727 0 256.728 256.728 256.728 256.728 261.324 0 258.3 0 22.2437 16.4736 16.4741 10.7041 0 0 0 0 0 0 5.77
224.69 222.3 219.91 217.508 215.118 212.728 210.338 207.948 205.558 203.168 200.778 198.388 195.998 0 0 0 0 0 0 0 0 0 202.249 199.859 200.25 197.859 198.25 195.86 196.25 193.86 194.25 191.77 128.438 66.4197 161.195 157.52 157.52 155.52 155.52 153.52 151.52 149.13 145.275 139.503 133.735 117.208 111.439 105.67 95.1201 100.105 93.7377 66.2407 60.5 54.7083 52.34 54.7301 40.5947 34.8247 29.0547 23.2736 17.5147 17.5148 17.5148 0 17.31 27.8079 251.557 0 0 262.026 146.26 146.03 146.03 154.135 137.869 46.5699 46.5701 256.728 256.728 256.728 261.324 261.324 258.3 0 0 22.2437 16.4736 16.4741 10.704 0 0 0 0 0 0 0
230.46 228.07 225.68 223.278 220.888 218.498 216.108 213.718 211.328 208.938 206.548 204.158 0 0 0 0 0 0 0 0 0 0 0 208.41 206.019 206.41 204.02 204.41 202.02 202.41 200.02 200.41 197.93 134.608 78.2078 167.355 163.68 163.68 161.68 161.68 159.68 158.215 152.43 141.895 125.37 119.528 105.67 99.8865 97.5101 95.1201 92.73 63.8673 54.73 52.34 46.57 44.18 42.9848 37.2147 31.4447 25.6747 16.4741 17.5148 17.5148 0 0 0 0 0 0 0 265.814 154.19 154.19 154.19 260.281 46.5697 46.5701 256.728 256.728 256.728 261.324 258.3 261.324 0 0 22.2436 22.2436 16.474 10.704 0 0 0 0 0 0 0
236.23 233.84 231.45 229.048 226.658 224.268 221.878 219.488 217.098 214.708 212.318 0 0 0 0 0 0 0 0 0 0 0 0 0 214.57 212.18 212.57 210.18 210.57 208.18 208.57 206.18 206.57 204.09 140.824 103.124 173.515 169.84 169.84 167.84 167.84 155.825 139.3 133.383 122.948 102.29 96.5201 94.1166 82.6007 73.2785 86.96 66.1501 48.96 46.57 44.18 38.3975 25.47 25.47 33.8348 24.48 16.4741 0 0 0 0 0 0 0 0 211.081 0 263.061 254.782 46.5698 46.5699 46.5696 46.5699 256.728 256.728 256.728 261.324 258.3 261.324 0 261.323 0 0 16.474 10.704 0 0 0 0 0 0 0
242 239.61 237.22 234.818 232.428 230.038 227.648 225.258 222.868 220.478 218.088 0 0 0 0 0 0 0 0 0 0 0 0 0 0 220.73 218.34 218.73 216.34 216.73 214.34 214.73 212.34 212.73 210.251 147.294 179.309 179.675 176 176 168.765 51.645 0 108.06 102.29 96.5201 90.7366 77.7834 61.6389 32.8251 81.19 68.66 46.57 40.8 38.41 32.6262 0 27.86 25.47 22.09 0 0 0 0 0 0 0 0 263.037 0 0 44.0435 46.5296 261.323 46.57 46.5699 46.5699 256.728 256.728 256.728 261.324 261.323 261.323 0 56.2771 0 0 16.474 10.704 0 0 0 0 0 0 0
247.77 245.38 242.99 240.588 238.198 235.808 233.418 231.028 228.638 226.248 223.858 0 0 0 0 0 0 0 0 0 0 46.8689 0 0 0 0 226.89 224.5 224.89 222.5 222.89 220.5 220.89 218.5 218.89 216.411 190.531 185.436 185.93 182.16 119.6 0 116.083 105.635 93.14 87.37 84.9666 61.9903 4.98351 0 75.314 46.57 40.8 38.41 32.64 30.25 24.48 0 0 16.4741 0 0 0 0 0 0 0 0 0 0 36.0194 0 43.9936 261.321 16.474 256.728 256.386 261.323 261.324 261.324 41.9438 39.5524 0 0 46.2096 50.104 22.2439 16.474 10.704 0 0 0 0 0 0 0
253.54 251.15 248.76 246.358 243.968 241.578 239.188 236.798 234.408 232.018 0 0 0 0 0 0 0 0 0 0 0 221.871 236.094 0 0 0 0 233.05 230.66 231.05 228.66 229.05 226.66 227.05 224.66 225.05 186.7 194.071 190.32 190.32 168.67 0 102.29 96.4971 90.7335 84.98 79.21 76.8066 0 0 69.185 40.8 38.41 32.64 30.25 24.48 21.8592 0 0 0 0 0 0 0 0 16.4739 0 0 0 0 0 0 27.8532 261.193 16.474 256.719 0 0 44.2943 39.486 0 41.9317 0 0 0 44.334 22.244 16.474 10.704 0 0 0 0 0 0 0
259.31 256.92 254.53 252.128 249.738 247.348 244.958 242.568 240.178 237.788 0 0 0 0 0 0 0 0 0 0 203.812 243.123 243.21 242.82 0 0 0 0 0 0 237.21 234.82 235.21 232.82 233.21 230.82 167.693 109.581 200.161 196.48 194.432 110.314 99.8782 94.1142 88.3487 82.5796 76.82 71.05 68.6465 0 63.88 38.41 32.64 30.25 24.48 22.09 0 0 0 0 0 0 0 0 0 0 0 0 0 0 0 0 27.8585 27.8583 16.4739 36.1668 0 36.1494 0 0 0 0 0 0 0 38.5641 22.244 16.474 10.704 0 0 0 0 0 0 0
265.08 262.69 260.3 257.898 255.508 253.118 250.728 248.338 245.948 243.558 0 0 0 0 0 0 0 0 0 203.812 203.812 249.388 250.98 249.37 248.98 0 0 0 0 245.37 242.98 243.37 240.98 241.37 238.98 239.37 236.891 175.376 123.177 206.315 87.8826 87.8836 97.498 91.728 85.958 80.1887 74.4196 68.66 62.8899 60.5 58.11 36.0094 30.25 24.48 22.09 0 0 0 0 0 0 0 0 0 0 0 0 0 0 0 0 27.705 258.201 16.4741 27.86 261.287 0 30.3909 0 0 0 30.3901 0 0 0 27.0241 21.2541 16.474 10.704 0 0 0 0 0 0 0
270.85 268.46 266.07 263.668 0 261.66 259.89 254.12 251.716 249.328 0 0 0 0 0 0 0 0 203.812 203.812 203.812 256.82 257.53 257.14 255.53 255.14 0 0 0 159.486 251.53 249.14 249.53 247.14 247.53 245.14 245.53 243.051 189.779 116.218 87.8828 100.89 95.108 89.338 83.568 77.798 72.0287 66.2596 60.4999 54.7299 52.3399 33.6185 27.8495 22.0899 16.474 16.4741 16.4741 16.4741 16.4741 16.4741 16.4741 16.4741 16.4741 16.4741 16.4741 16.4741 16.4741 0 0 0 19.692 16.4628 16.4698 16.4741 261.32 261.318 0 24.62 0 0 0 0 0 0 0 0 18.8641 13.0941 5.76997 0 0 0 0 0 0 0
276.62 274.23 271.84 269.438 0 0 262.28 259.89 257.487 257.69 0 0 0 0 0 0 0 203.812 203.812 203.812 203.812 263.085 265.29 263.69 263.3 260.91 0 0 0 259.69 257.3 257.69 255.3 255.69 253.3 253.69 251.3 251.69 249.211 249.617 118.609 98.4852 92.718 86.948 81.178 75.408 69.638 63.8687 58.0995 52.3399 46.5698 31.2278 25.46 19.6963 16.474 16.4741 16.4741 16.4741 16.4741 16.4741 16.4741 0 0 0 0 0 0 0 0 0 17.3005 16.4712 16.471 261.315 18.8577 16.4612 21.2483 18.85 0 0 0 0 0 0 0 0 16.4649 10.7041 0 0 0 0 0 0 0 0
282.39 280 277.61 227.288 227.288 0 268.05 0 0 0 0 0 0 0 0 0 203.812 203.812 203.812 203.812 203.812 270.517 271.85 271.46 269.07 266.68 0 0 0 173.183 265.85 263.46 263.85 261.46 261.85 259.46 259.85 257.46 257.85 255.37 106.659 100.89 90.328 84.558 78.788 73.018 67.248 61.478 55.7086 49.9499 44.1798 33.6297 27.8598 17.3098 16.4741 16.4741 16.4741 16.4741 16.4741 16.4741 16.4741 16.4741 16.4741 16.4741 16.4741 16.4741 16.4741 16.4741 16.4741 16.4713 16.4596 16.4648 16.4741 18.8464 21.2126 18.8573 16.4733 0 0 0 0 0 0 0 0 0 0 0 0 0 0 0 0 0 0 0
288.16 285.77 283.38 280.978 278.6 276.21 0 0 0 0 0 0 0 0 0 203.812 203.812 203.812 203.812 203.812 203.812 276.782 279.583 278.01 274.84 274.01 0 0 0 274.01 271.62 272.01 269.62 270.01 267.62 268.01 265.62 266.01 263.62 264.01 104.269 98.4999 87.938 82.168 76.398 70.628 64.858 59.088 53.3179 47.5598 41.7898 36.0198 25.4698 19.6998 16.474 16.4741 16.4741 16.4741 16.4741 16.4741 16.4741 16.4741 16.4741 16.4741 16.4741 16.4741 16.4741 16.4741 16.4741 16.4695 16.4663 16.4679 68.8142 16.4649 10.6817 13.0927 0 0 0 0 0 0 0 0 0 0 0 0 0 0 0 0 0 0 0 0
