tests/full-run-ref/erosion_2010_78_24_-72.835.asc
ncols 512
nrows 512
xllcorner -3.24582
yllcorner -4.08743
cellsize 5
NODATA_value -99999
[rows 62 to 92 of 512, columns 70 to 139 of 512]
9.85001 11.54 8.65501 5.77001 2.88513 2.88513 2.88513 2.88513 2.88513 2.88513 2.88513 2.88513 2.88513 2.88513 2.88513 2.88513 2.88513 2.88513 2.88513 2.88513 2.88513 2.88513 2.88513 2.88513 2.88513 2.88512 2.88513 2.88504 2.88504 2.88504 2.88504 2.88504 2.88504 2.88504 2.88504 2.88504 2.88504 2.88504 2.88504 2.88504 2.88504 2.88504 2.96472 5.84972 4.08001 2.88504 2.88504 2.88504 2.88504 2.88504 2.88504 2.88504 2.88504 2.88504 2.88504 5.77001 8.16002 6.96501 4.08001 2.88512 2.88512 2.88512 2.88512 2.88512 2.88512 2.88512 2.88512 2.88512 2.88512 2.88512
8.16002 11.045 8.16002 5.76977 2.88513 2.88513 2.88513 2.88513 2.88513 2.88513 2.88513 2.88513 2.88513 2.88513 2.88513 2.88513 2.88513 2.88513 2.88513 2.88513 2.88513 2.88513 2.88513 2.88513 2.88512 2.88512 2.88504 2.88504 2.88504 2.88504 2.88504 2.88504 2.88504 2.88504 2.88504 2.88504 2.88504 2.88504 2.88504 2.88504 2.88504 2.88504 4.15972 4.08001 2.88504 2.88504 2.88504 2.88504 2.88504 2.88504 2.88504 2.88504 2.88504 2.88504 2.88504 5.77001 8.65501 8.16002 6.96501 4.08001 2.88512 2.88512 2.88512 2.88512 2.88512 2.88512 2.88512 2.88512 2.88512 2.88512
6.96501 8.16002 6.96501 4.08001 2.88513 2.88513 2.88513 2.88513 2.88513 2.88513 2.88513 2.88513 2.88513 2.88513 2.88513 2.88513 2.88513 2.88513 2.88513 2.88513 2.88513 2.88513 2.88513 2.88512 2.88512 2.88504 2.88504 2.88504 2.88504 2.88504 2.88504 2.88504 2.88504 2.88504 2.88504 2.88504 2.88504 2.88504 2.88504 2.88504 2.88504 2.88504 4.08001 2.88504 2.88504 2.88504 2.88504 2.88504 2.88504 2.88504 2.88504 2.88504 2.88504 2.88504 2.88504 5.77001 8.65501 8.65501 5.77001 2.88512 2.88512 2.88512 2.88512 2.88512 2.88512 2.88512 2.88512 2.88512 2.88512 2.88512
4.08001 6.96501 5.77001 2.88513 2.88513 2.88513 2.88513 2.88513 2.88513 2.88513 2.88513 2.88513 2.88513 2.88513 2.88513 2.88513 2.88513 2.88513 2.88513 2.88512 2.88512 2.88512 2.88512 2.88512 2.88504 2.88504 2.88504 2.88504 2.88504 2.88504 2.88504 2.88504 2.88504 2.88504 2.88504 2.88504 2.88504 2.88504 2.88504 2.88504 2.88504 2.88504 2.88504 2.88504 2.88504 2.88504 2.88504 2.88504 2.88504 2.88504 2.88504 2.88504 2.88504 2.88504 4.08001 6.96501 9.85001 8.16002 5.76977 2.88512 2.88512 2.88512 2.88512 2.88512 2.88512 2.88512 2.88512 2.88512 2.88512 2.88512
2.88513 5.77001 5.76977 2.88513 2.88513 2.88513 2.88513 2.88513 2.88513 2.88513 2.88513 2.88513 2.88513 2.88513 2.88513 2.88513 2.88513 2.88513 2.88512 2.88512 2.88504 2.88504 2.88504 2.88504 2.88504 2.88504 2.88504 2.88504 2.88504 2.88504 2.88504 2.88504 2.88504 2.88504 2.88504 2.88504 2.88504 2.88504 2.88504 2.88504 2.88504 2.88504 2.88504 2.88504 2.88504 2.88504 2.88504 2.88504 2.88504 2.88504 2.88504 2.88504 2.88504 4.08001 6.96501 8.16002 8.16002 6.96501 4.08001 2.88512 2.88512 2.88512 2.88512 2.88512 2.88512 2.88512 2.88512 2.88512 2.88512 2.88512
2.88513 5.49467 4.08001 2.88513 2.88513 2.88513 2.88513 2.88513 2.88513 2.88513 2.88513 2.88513 2.88513 2.88513 2.88513 2.88513 2.88513 2.88512 2.88512 2.88504 2.88504 2.88504 2.88504 2.88504 2.88504 2.88504 2.88504 3.39095 2.88504 2.88504 2.88504 2.88504 2.88504 2.88504 2.88504 2.88504 2.88504 2.88504 2.88504 2.88504 2.88504 2.88504 2.88504 2.88504 2.88504 2.88504 2.88504 2.88504 2.88504 2.88504 2.88504 2.88504 2.88504 5.77001 8.16002 8.16002 6.96501 4.08001 2.88512 2.88512 2.88512 2.88512 2.88512 2.88512 2.88512 2.88512 2.88512 2.88512 2.88512 2.88512
2.88513 4.08001 2.88513 2.88513 2.88513 2.88513 2.88513 2.88513 2.88513 2.88513 2.88513 2.88513 2.88513 2.88513 2.88513 2.88513 2.88512 2.88512 2.88504 2.88504 2.88504 2.88504 2.88504 2.88504 2.88504 2.88504 3.15044 4.58596 5.77001 4.08001 2.88504 3.67569 4.81535 5.76999 4.08001 2.88504 2.88504 2.88504 2.88504 2.88504 2.88504 2.88504 2.88504 2.88504 2.88504 2.88504 2.88504 2.88504 2.88504 2.88504 2.88504 2.88504 3.7152 6.6002 8.16002 6.96501 4.08001 2.88512 2.88512 2.88512 2.88512 2.88512 2.88512 2.88512 2.88512 2.88512 2.88512 2.88512 2.88512 2.88512
2.88513 2.88513 2.88513 2.88513 2.88513 2.88513 2.88513 2.88513 2.88513 2.88513 2.88513 2.88513 2.88513 2.88513 2.88513 2.88512 2.88512 2.88504 2.88504 2.88504 2.88504 2.88504 2.88504 2.88504 4.08001 4.65729 5.34699 5.06528 5.39469 5.39469 5.39467 4.35215 5.54716 5.54521 5.66825 5.75454 5.76999 5.77001 4.08001 2.88504 2.88504 2.88504 2.88504 2.88504 2.88504 2.88504 2.88504 2.88504 2.88504 4.08001 2.9102 3.7152 4.9102 7.7952 6.96501 4.08001 2.88512 2.88512 2.88512 2.88512 2.88512 2.88512 2.88512 2.88512 2.88512 2.88512 2.88512 2.88512 2.88512 2.88512
2.88513 2.88513 2.88513 2.88513 2.88513 2.88513 2.88513 2.88513 2.88513 2.88513 2.88513 2.88513 2.88513 2.88513 2.88513 2.88512 2.88504 2.88504 2.88504 2.88504 2.88504 2.88504 2.88504 4.08001 5.77001 4.08001 2.88504 2.88504 2.88504 2.88504 2.88504 2.88504 3.81584 2.88504 2.88504 3.88691 6.77191 8.16002 5.77001 2.88504 2.88504 2.88504 2.88504 2.88504 2.88504 2.88504 2.88504 2.88504 4.08001 6.96501 5.7952 6.6002 7.7952 6.96501 4.08001 2.88512 2.88512 2.88512 2.88512 2.88512 2.88512 2.88512 2.88512 2.88512 2.88512 2.88512 2.88512 2.88512 2.88512 2.88503
2.88513 2.88513 2.88513 2.88513 2.88513 2.88513 2.88513 2.88513 2.88513 2.88513 2.88513 2.88513 2.88513 2.88513 2.88513 2.88512 2.88504 2.88504 2.88504 2.88504 2.88504 2.88504 4.08001 4.08001 2.88504 2.88504 2.88504 2.88504 2.88504 2.88504 2.88504 2.88504 2.88504 2.88504 2.88504 2.88504 5.77001 5.69908 5.77001 2.88504 2.88504 2.88504 2.88504 2.88504 2.88504 2.88504 2.88504 2.88504 2.88504 5.77001 8.65501 9.4852 6.96501 4.08001 2.88512 2.88512 2.88512 2.88512 2.88512 2.88512 2.88512 2.88512 2.88512 2.88512 2.88512 2.88512 2.88512 2.88512 2.88503 2.88503
2.88513 2.88513 2.88513 2.88513 2.88513 2.88513 2.88513 2.88513 2.88513 2.88513 2.88513 2.88513 2.88513 2.88513 2.88513 2.88512 2.88504 2.88504 2.88504 2.88504 2.88504 4.08001 4.08001 2.88504 2.88504 2.88504 2.88504 2.88504 2.88504 2.88504 2.88504 2.88504 2.88504 2.88504 2.88504 2.88504 4.08001 2.88504 3.99154 2.88504 2.88504 2.88504 2.88504 2.88504 2.88504 2.88504 2.88504 2.88504 2.88504 5.77001 8.65501 8.16002 5.77001 2.88512 2.88512 2.88512 2.88512 2.88512 2.88512 2.88512 2.88512 2.88512 2.88512 2.88512 2.88512 2.88512 2.88512 2.88503 2.88503 2.88503
2.88513 2.88513 2.88513 2.88513 2.88513 2.88513 2.88513 2.88513 2.88513 2.88513 2.88513 2.88513 2.88513 2.88513 2.88513 2.88512 2.88504 2.88504 2.88504 2.88504 2.88504 4.08001 2.88504 2.88504 2.88504 2.88504 2.88512 2.88512 2.88504 2.88504 2.88504 2.88504 2.88504 2.88504 2.88504 2.88504 2.88504 2.88504 2.88504 2.88504 2.88504 2.88504 2.88504 2.88504 2.88504 2.88504 2.88504 2.88504 4.08001 6.96501 9.85001 6.96501 4.08001 2.88512 2.88512 2.88512 2.88512 2.88512 2.88512 2.88512 2.88512 2.88512 2.88512 2.88512 2.88512 2.88512 2.88503 2.88503 2.88503 2.88503
2.88513 2.88513 2.88513 2.88513 2.88513 2.88513 2.88513 2.88513 2.88513 2.88513 2.88513 2.88512 2.88512 2.88512 2.88512 2.88512 2.88512 2.88504 2.88504 2.88504 3.84163 2.88504 2.88504 2.88504 2.88504 2.88512 2.88512 2.88512 2.88504 2.88504 2.88504 2.88504 2.88504 2.88504 2.88504 2.88504 2.88504 2.88504 2.88504 2.88504 2.88504 2.88504 2.88504 2.88504 2.88504 2.88504 2.88504 2.88504 5.77001 8.16002 8.16002 5.77001 2.88512 2.88512 2.88512 2.88512 2.88512 2.88512 2.88512 2.88512 2.88512 2.88512 2.88512 2.88512 2.88512 2.88503 2.88503 2.88503 2.88503 2.88503
2.88513 2.88513 2.88513 2.88513 2.88513 2.88513 2.88513 2.88513 2.88513 2.88513 2.88512 2.88512 2.88504 2.88504 2.88512 2.88512 2.88504 2.88512 2.88512 3.84163 2.88504 2.88504 2.88504 2.88504 2.88512 2.88512 2.88512 2.88512 2.88504 2.88504 2.88504 2.88504 2.88504 2.88504 2.88504 2.88504 2.88504 2.88504 2.88504 2.88504 2.88504 2.88504 2.88504 2.88504 2.88504 2.88504 2.88504 2.88503 5.77001 8.16002 6.96501 4.08001 2.88512 2.88512 2.88512 2.88512 2.88512 2.88512 2.88512 2.88512 2.88512 2.88512 2.88512 2.88512 2.88503 2.88503 2.88503 2.88503 2.88503 2.88503
2.88513 2.88513 2.88513 2.88513 2.88513 2.88513 2.88513 2.88513 2.88512 2.88512 2.88512 2.88504 2.88504 2.88504 2.88504 2.88504 2.88504 2.88504 2.88504 2.88504 2.88504 2.88504 2.88504 2.88512 2.88512 2.88512 2.88512 2.88512 2.88504 2.88504 2.88504 2.88504 2.88504 2.88504 2.88504 2.88504 2.88504 2.88504 2.88504 2.88504 2.88504 2.88504 2.88504 2.88504 2.88504 2.88504 2.88504 4.08001 6.96501 6.96501 4.08001 2.88512 2.88512 2.88512 2.88512 2.88512 2.88512 2.88512 2.88512 2.88512 2.88512 2.88512 2.88512 2.88503 2.88503 2.88503 2.88503 2.88503 2.88503 2.88503
2.88513 2.88513 2.88513 2.88513 2.88513 2.88513 2.88513 2.88512 2.88512 2.88504 2.88504 2.88504 2.88504 2.88504 2.88504 2.88504 2.88504 2.88504 2.88504 2.88504 2.88504 2.88504 2.88512 2.88512 2.88512 2.88512 2.88512 2.88512 2.88504 2.88504 2.88504 2.88504 2.88504 2.88504 2.88504 2.88504 2.88504 2.88504 2.88504 2.88504 2.88504 2.88504 2.88504 2.88504 2.88504 2.88504 2.88503 5.77001 6.96501 4.08001 2.88512 2.88512 2.88512 2.88512 2.88512 2.88512 2.88512 2.88512 2.88512 2.88512 2.88512 2.88512 2.88503 2.88503 2.88503 2.88503 2.88503 2.88503 2.88503 2.88503
2.88513 2.88513 2.88513 2.88513 2.88513 2.88513 2.88512 2.88512 2.88504 2.88504 2.88504 2.88504 2.88504 2.88504 4.08001 2.88504 2.88504 2.88504 2.88504 2.88504 2.88504 2.88504 2.88512 2.88512 2.88512 2.88512 2.88512 2.88512 2.88504 2.88504 2.88504 2.88504 2.88504 2.88504 2.88504 2.88504 2.88504 2.88504 2.88504 2.88504 2.88504 2.88504 2.88504 2.88504 2.88504 2.88503 4.08001 6.96501 4.08001 2.88512 2.88512 2.88512 2.88512 2.88512 2.88512 2.88512 2.88512 2.88512 2.88512 2.88512 2.88512 2.88503 2.88503 2.88503 2.88503 2.88503 2.88503 2.88503 2.88503 2.88503
2.88513 2.88513 2.88513 2.88513 2.88513 2.88513 2.88512 2.88504 2.88504 2.88504 2.88504 2.88504 2.88504 4.08001 2.88504 2.88504 2.88504 2.88504 2.88504 2.88504 2.88504 2.88504 2.88504 2.88512 2.88512 2.88512 2.88512 2.88512 2.88504 2.88504 2.88504 2.88504 2.88504 2.88504 2.88504 2.88504 2.88504 2.88504 2.88504 2.88504 2.88504 2.88504 2.88504 2.88504 2.88503 4.08001 6.82531 4.08001 2.88512 2.88511 2.88512 2.88512 2.88512 2.88512 2.88512 2.88512 2.88512 2.88512 2.88503 2.88503 2.88503 2.88503 2.88503 2.88503 2.88503 2.88503 2.88503 2.88503 2.88503 2.88503
2.88513 2.88513 2.88513 2.88513 2.88513 2.88512 2.88512 2.88504 2.88504 2.88504 2.88504 2.88504 4.08001 2.88504 2.88504 2.88504 2.88504 2.88504 2.88504 2.88504 2.88504 2.88504 2.88504 4.08001 2.88512 2.88512 2.88512 2.88512 2.88504 2.88504 2.88504 2.88504 2.88504 2.88504 2.88504 2.88504 2.88504 2.88504 2.88504 2.88504 2.88504 2.88504 2.88504 2.88503 4.08001 6.96501 4.08001 2.88511 2.88511 2.88512 2.88512 2.88512 2.88512 2.88512 2.88512 2.88503 2.88503 2.88503 2.88503 2.88503 2.88503 2.88503 2.88503 2.88503 2.88503 2.88503 2.88503 2.88503 2.88503 2.88503
2.88513 2.88513 2.88513 2.88513 2.88512 2.88512 2.88504 2.88504 2.88504 2.88504 2.88504 2.88504 2.88504 2.88504 2.88504 2.88504 2.88504 2.88504 2.88504 2.88504 2.88504 2.88504 4.08001 6.96501 4.08001 2.88512 2.88512 2.88512 2.88504 2.88504 2.88504 2.88504 2.88504 2.88504 2.88504 2.88504 2.88504 2.88504 2.88504 2.88504 2.88504 2.88504 2.88504 2.88503 5.77001 5.77001 2.8851 2.88512 2.88512 2.88512 2.88512 2.88512 2.88512 2.88503 2.88503 2.88503 2.88503 2.88503 2.88503 2.88503 2.88503 2.88503 2.88503 2.88503 2.88503 2.88503 2.88503 2.88503 2.88503 2.88511
2.88512 2.88512 2.88512 2.88512 2.88512 2.88504 2.88504 2.88504 2.88504 2.88504 2.88504 2.88504 2.88504 2.88504 2.88504 2.88504 2.88504 2.88504 2.88504 2.88504 2.88504 2.88504 2.88504 5.77001 6.96501 4.08001 2.88512 2.88512 2.88504 2.88504 2.88504 2.88504 2.88504 2.88504 2.88504 2.88504 2.88504 2.88504 2.88504 2.88504 2.88504 2.88504 2.88504 2.88503 5.77001 6.96501 4.08001 2.88511 2.88512 2.88512 2.88503 2.88503 2.88503 2.88503 2.88503 2.88503 2.88503 2.88503 2.88503 2.88503 2.88503 2.88503 2.88503 2.88503 2.88503 2.88503 2.88503 2.88503 2.88511 2.88511
2.88512 2.88512 2.88512 2.88512 2.88504 2.88504 2.88504 2.88504 2.88512 2.88512 2.88504 2.88504 2.88504 2.88504 2.88504 2.88504 2.88504 2.88504 2.88504 2.88504 2.88504 2.88504 2.88504 5.77001 8.16002 6.96501 4.08001 2.88512 2.88512 2.88504 2.88504 2.88504 2.88504 2.88504 2.88504 2.88504 2.88504 2.88504 2.88504 2.88504 2.88504 2.88504 2.88504 2.88503 5.77001 8.16002 6.96501 4.08001 2.88511 2.88503 2.88503 2.88503 2.88503 2.88503 2.88503 2.88503 2.88503 2.88503 2.88503 2.88503 2.88503 2.88503 2.88503 2.88503 2.88503 2.88503 2.88503 2.88511 2.88511 2.88511
2.88512 2.88512 2.88512 2.88512 2.88504 2.88504 2.88504 2.88504 2.88512 2.88512 2.88504 2.88504 2.88504 2.88504 2.88504 2.88504 2.88504 2.88504 2.88504 2.88504 2.88504 2.88504 2.88504 4.08001 6.96501 8.16002 6.96501 4.08001 2.88512 2.88512 2.88504 2.88504 2.88504 2.88504 2.88504 2.88504 2.88504 2.88504 2.88504 2.88504 2.88504 2.88504 2.88504 2.88503 5.77001 8.65501 8.16002 5.77001 2.88512 2.88503 2.88503 2.88503 2.88503 2.88503 2.88503 2.88503 2.88503 2.88503 2.88503 2.88503 2.88503 2.88503 2.88503 2.88503 2.88503 2.88503 2.88511 2.88511 2.88511 2.88511
2.88512 2.88512 2.88512 2.88512 2.88504 2.88504 2.88504 2.88504 2.88512 2.88512 2.88504 2.88504 2.88504 2.88504 2.88504 2.88504 2.88504 2.88504 2.88504 2.88504 2.88504 2.88504 2.88504 2.88504 4.08001 6.96501 8.16002 6.96501 4.08001 2.88512 2.88512 2.88504 2.88504 2.88504 2.88504 2.88504 2.88504 2.88504 2.88504 2.88504 2.88504 2.88504 2.88504 2.88503 5.77001 8.65501 8.16002 6.96501 4.08001 2.88503 2.88503 2.88503 2.88503 2.88503 2.88503 2.88503 2.88503 2.88503 2.88503 2.88503 2.88503 2.88503 2.88503 2.88503 2.88503 2.88511 2.88511 2.88511 2.88511 2.88511
2.88512 2.88512 2.88512 2.88512 2.88512 2.88504 2.88504 2.88512 2.88512 2.88512 2.88512 2.88504 2.88504 2.88504 2.88504 2.88504 2.88504 2.88504 2.88504 2.88504 2.88504 2.88504 2.88504 2.88504 2.88504 4.08001 6.96501 8.16002 6.96501 4.08001 2.88512 2.88512 2.88503 2.88503 2.88503 2.88503 2.88503 2.88503 2.88503 2.88503 2.88503 2.88503 2.88503 2.88503 5.77001 8.65501 6.96501 4.08001 2.88503 2.88503 2.88503 2.88503 2.88503 2.88503 2.88503 2.88503 2.88503 2.88503 2.88503 2.88503 2.88503 2.88503 2.88503 2.88502 2.88511 2.88511 2.88511 2.88511 2.88511 2.88511
2.88512 2.88512 2.88512 2.88512 2.88512 2.88512 2.88512 2.88512 2.88512 2.88512 2.88512 2.88504 2.88504 2.88504 2.88504 2.88504 2.88504 2.88504 2.88504 2.88504 2.88504 2.88504 2.88504 2.88504 2.88504 2.88504 4.08001 6.96501 8.16002 6.96501 4.08001 2.88512 2.88512 2.88503 2.88503 2.88503 2.88503 2.88503 2.88503 2.88503 2.88503 2.88503 2.88503 2.88503 5.77001 8.16002 5.77001 2.88503 2.88503 2.88503 2.88503 2.88503 2.88503 2.88503 2.88503 2.88503 2.88503 2.88503 2.88503 2.88503 2.88503 2.88503 2.88502 4.08001 2.88511 2.88511 2.88511 2.88511 2.88511 2.88511
2.88512 2.88512 2.88512 2.88512 2.88512 2.88512 2.88512 2.88512 2.88512 2.88512 2.88512 2.88512 2.88504 2.88504 2.88504 2.88504 2.88504 2.88504 2.88504 2.88504 2.88504 2.88504 2.88504 2.88504 2.88504 2.88504 2.88504 4.08001 6.96501 8.16002 6.96501 4.08001 2.88512 2.88512 2.88503 2.88503 2.88503 2.88503 2.88503 2.88503 2.88503 2.88503 2.88503 2.88503 5.77001 6.96501 4.08001 2.88503 2.88503 2.88503 2.88503 2.88503 2.88503 2.88503 2.88503 2.88503 2.88503 2.88503 2.88503 2.88503 2.88503 2.88503 2.88503 5.18499 4.08001 2.88511 2.88511 2.88511 2.88511 2.88511
2.88512 2.88512 2.88512 2.88512 2.88512 2.88512 2.88512 2.88512 2.88512 2.88512 2.88512 2.88512 2.88512 2.88504 2.88504 2.88504 2.88504 2.88504 2.88504 2.88504 2.88504 2.88504 2.88504 2.88504 2.88504 2.88504 2.88504 2.88504 4.08001 6.96501 8.16002 6.96501 4.08001 2.88511 2.88512 2.88503 2.88503 2.88503 2.88503 2.88503 2.88503 2.88503 2.88503 2.88503 4.08001 5.77001 2.88503 2.88503 2.88503 2.88503 2.88503 2.88503 2.88503 2.88503 2.88503 2.88503 2.88503 2.88503 2.88502 2.88502 2.88502 2.88503 2.9364 5.8214 6.96501 4.08001 2.88511 2.88511 2.88511 2.88511
2.88512 2.88512 2.88512 2.88512 2.88512 2.88512 2.88512 2.88512 2.88512 2.88512 2.88512 2.88512 2.88504 2.88504 2.88504 2.88504 2.88504 2.88504 2.88504 2.88504 2.88504 2.88504 2.88504 2.88504 2.88504 2.88504 2.88504 2.88504 2.88504 5.77001 8.16002 8.16002 6.96501 4.08001 2.88511 2.88503 2.88503 2.88503 2.88503 2.88503 2.88503 2.88503 2.88503 2.88503 2.88503 4.08001 2.88503 2.88503 2.88503 2.88503 2.88503 2.88503 2.88503 2.88503 2.88503 2.88503 2.88503 2.88502 5.59482 5.59482 4.5077 4.21983 5.8214 7.01641 8.16002 6.96501 4.08001 2.88511 2.88511 2.88511
2.88512 2.88512 2.88512 2.88512 2.88512 2.88512 2.88512 2.88512 2.88512 2.88512 2.88512 2.88504 2.88504 2.88504 2.88504 2.88504 2.88504 2.88504 2.88504 2.88504 2.88504 2.88504 2.88504 2.88504 2.88504 2.88504 2.88504 2.88504 2.88504 4.08001 6.96501 7.16351 8.16002 6.96501 4.08001 2.88511 2.88503 2.88503 2.88503 2.88503 2.88503 2.88503 2.88503 2.88503 2.88503 2.88511 2.88503 2.88503 2.88503 2.88503 2.88503 2.88503 2.88503 2.88503 2.88503 2.88503 2.88502 4.08001 6.96501 8.39783 7.3927 7.10483 8.29984 9.90141 8.16002 6.96501 4.08001 2.88511 2.88511 2.88511
2.88512 2.88512 2.88512 2.88512 2.88512 2.88512 2.88512 2.88512 2.88512 2.88504 2.88504 2.88504 2.88504 2.88504 2.88504 2.88504 2.88504 2.88504 2.88504 2.88504 2.88504 2.88504 2.88504 2.88504 2.88504 2.88504 2.88504 2.88504 2.88504 2.88504 4.64762 4.27851 6.23128 7.42628 6.96501 4.08001 2.88511 2.88503 2.88503 2.88503 2.88503 2.88503 2.88503 2.88503 2.88503 4.08001 2.88503 2.88503 2.88503 2.88503 2.88503 2.88503 2.88503 2.88503 2.88503 2.88503 2.88503 4.08001 6.96501 9.1538 10.2777 9.98983 11.1848 9.85001 6.96501 4.08001 2.88511 2.88511 2.88511 2.88511
