tests/full-run-ref/erosion_78_23_-57.856.asc
ncols 512
nrows 512
xllcorner -3.24582
yllcorner -4.08743
cellsize 5
NODATA_value -99999
[rows 155 to 185 of 512, columns 0 to 68 of 512]
59.0547 56.6647 54.2747 51.6641 45.8919 40.115 34.3338 28.5461 22.7495 16.9428 11.124 5.53857 5.77 5.77 5.77 5.77 5.77 5.77 5.77 5.77 5.77 5.65114 6.96223 12.575 18.373 24.1192 18.1212 12.4995 6.88829 5.68044 5.77 5.77 5.65051 11.1243 16.9456 22.7552 28.5645 28.6693 22.8625 17.0616 11.2575 5.69417 5.77 5.77 5.77 5.76398 11.518 17.2911 23.0642 23.0608 17.286 11.5114 5.75898 5.76883 5.77 5.77 5.77 5.76759 11.5313 16.3121 22.0763 24.4654 30.2361 36.0048 41.7758 41.7847 39.3969 39.3959 39.3956
53.2847 50.8947 48.5047 46.1134 45.8813 40.1051 34.3242 28.5372 22.7401 16.9323 11.1114 5.52488 5.77 5.77 5.77 5.77 5.77 5.77 5.77 5.77 5.77 5.56806 10.7211 15.1364 20.9601 24.1589 18.1574 12.5166 6.89574 5.67981 5.77 5.77 5.64729 11.116 16.9369 22.7465 28.5571 28.6631 22.8552 17.0537 11.2488 5.69201 5.77 5.77 5.77 5.76389 11.5178 17.2909 23.064 25.4511 19.6779 13.9102 8.14293 5.76894 5.77 5.77 5.77 5.76882 8.15126 13.914 16.3023 22.0736 27.8425 33.6137 39.3848 45.1558 45.1676 45.1664 45.1661
47.5147 45.1247 42.7347 40.341 40.2938 38.069 32.2844 28.5432 22.7512 16.9421 11.1211 5.51143 5.77 5.77 5.77 5.77 5.77 5.77 5.77 5.77 5.77 5.63948 6.74792 12.4766 18.2545 21.7619 15.6735 9.59875 5.13262 5.71823 5.77 5.77 5.649 11.1342 16.952 22.7589 28.5641 28.6622 22.8535 17.0517 11.2462 5.69136 5.77 5.77 5.77 5.76377 11.5174 17.2906 23.0638 23.0627 17.2888 11.515 5.76151 5.7692 5.77 5.77 5.77 5.76971 5.7659 8.13865 13.909 19.6789 25.4508 31.2222 36.9934 42.7646 48.5355 50.9369 51.3266
41.7447 39.3547 36.9647 34.5691 34.5181 35.68 29.8902 24.0943 21.7036 16.9972 11.1741 5.50819 5.77 5.77 5.77 5.77 5.77 5.77 5.77 5.77 5.75317 5.6808 5.19624 9.72328 15.814 21.8885 18.1961 12.575 7.02857 5.72377 5.77 5.77 5.66386 11.194 16.0092 21.7057 24.1095 28.6662 22.8572 17.0544 11.2488 5.69198 5.77 5.77 5.77 5.7636 11.5168 17.29 23.0636 23.063 17.2892 11.5152 5.76285 5.77 5.77 5.77 5.77 5.77 5.76944 5.75983 11.5134 17.2864 23.0587 28.8305 34.6021 40.3733 46.1445 51.9153 57.097
35.9747 33.5847 31.1947 28.7936 28.7402 31.1078 27.5029 21.6936 15.8718 13.4901 11.2632 5.58093 5.77 5.77 5.77 5.77 5.77 5.77 5.77 5.77 5.74804 8.12543 7.26248 12.6669 18.3186 21.8799 15.8051 9.77489 5.25808 5.73806 5.77 5.77 5.70576 7.81349 13.4817 15.8666 21.6952 27.5257 22.8657 17.0594 11.2534 5.69322 5.77 5.77 5.77 5.76342 11.5162 17.2895 23.0629 23.0617 17.2871 11.5132 5.76087 5.76909 5.77 5.77 5.77 5.77 5.77 5.76216 11.5142 17.2868 23.059 28.8309 34.6024 40.3737 46.1447 51.9155 57.6825
30.2317 27.8147 25.4247 23.0181 22.9604 25.3284 25.1185 19.3047 13.4637 7.63422 5.64106 5.70542 5.77 5.77 5.77 5.77 5.77 5.77 5.77 5.77 5.75721 5.62482 7.0607 12.5968 18.0593 21.8394 15.7713 9.73853 5.32769 5.77 5.77 5.77 5.74846 5.66447 7.63066 13.4453 19.2897 25.1293 22.8766 17.0636 11.2565 5.69412 5.77 5.77 5.77 5.76326 11.5157 17.289 23.0625 25.4482 19.6745 13.9075 8.14119 5.76864 5.77 5.77 5.77 5.77 5.77 5.76188 11.5127 17.2853 23.0576 28.8295 34.6011 40.3725 46.1436 51.9145 57.6802
24.48 22.0717 19.6547 17.2415 17.1761 19.5406 21.9505 16.9909 11.1302 5.55916 5.74498 5.76197 5.76045 5.76251 5.77 5.77 5.77 5.77 5.77 5.77 5.73486 5.63984 4.7066 9.32126 15.5086 21.529 15.3327 9.2079 5.0867 5.74278 5.77 5.77 5.77 5.75323 5.58953 11.0708 16.92 22.7612 22.882 17.0633 11.2543 5.6938 5.77 5.77 5.77 5.7631 11.5154 17.2888 23.0622 23.0578 17.282 11.5071 5.7576 5.76845 5.77 5.77 5.77 5.77 5.77 5.7611 11.5099 17.2826 23.0551 28.8273 34.5991 40.3706 46.1419 51.9129 57.6778
22.09 16.32 13.9117 11.4611 11.3845 13.7462 16.1627 19.4087 13.6692 7.85561 5.92015 6.09565 6.14184 5.764 5.77 5.77 5.60178 5.70693 5.58368 5.49516 5.25952 6.82278 5.31971 11.4083 17.6376 23.7521 17.7194 11.6393 5.88172 5.56143 5.77 5.77 5.77 5.77 5.65625 11.1511 16.9769 22.8068 22.8776 17.0564 11.2455 5.69187 5.77 5.77 5.77 5.76289 11.5149 17.2884 23.0619 25.4443 19.6699 13.9033 8.13736 5.76844 5.77 5.77 5.77 5.77 5.77 5.76015 11.5066 17.2796 23.0523 28.8247 34.5967 40.3685 46.1399 51.9111 57.6753
19.7 13.93 8.16001 5.74241 5.70599 7.96233 13.769 13.7513 11.3567 13.7183 11.4584 8.10715 5.75834 5.76795 5.77 5.77 5.74217 7.95092 11.3409 6.88938 10.4328 12.4246 11.265 13.5884 19.8983 26.0421 20.1905 14.2155 9.61421 5.31936 5.77 5.77 5.77 5.77 5.65671 11.1498 16.9725 22.8026 22.8672 17.0442 11.2317 5.6886 5.77 5.77 5.77 5.76258 11.5138 17.2875 23.061 23.0538 17.2771 11.5008 5.75489 5.76818 5.77 5.77 5.77 5.77 5.77 5.75919 11.5033 17.2765 23.0495 28.8221 34.5943 40.3662 46.1379 51.9092 57.673
17.31 11.54 5.77 5.7693 5.76536 5.73009 8.04456 7.97396 5.67605 7.99501 5.71532 5.75225 5.76458 5.77 5.77 5.77 5.75668 5.43302 10.9425 12.8549 14.7797 18.3705 17.3516 19.7076 22.3927 27.2912 21.1734 15.1917 9.23509 5.22454 5.77 5.77 5.77 5.77 5.6501 11.1308 16.9556 22.7886 22.8558 17.03 11.2155 5.68458 5.77 5.77 5.77 5.76221 11.5124 17.2861 23.0596 25.444 19.6688 13.8987 8.12742 5.76518 5.77 5.77 5.77 5.77 5.77 5.75834 11.5002 17.2737 23.0468 28.8196 34.5921 40.3642 46.1359 51.9074 57.6711
17.31 11.54 5.77 5.77 5.77 5.76568 5.75546 5.75474 5.76225 5.76887 5.75586 5.7674 5.76897 5.77 5.77 5.77 5.73781 4.98965 9.70841 15.7774 20.7333 23.1171 23.3436 25.7529 28.4094 23.6211 18.6519 12.8926 9.1873 5.28068 5.77 5.77 5.77 5.77 5.64289 11.1072 16.9351 22.7715 22.8439 17.0152 11.1984 5.68018 5.77 5.77 5.77 5.76186 11.5112 17.285 23.0582 27.8336 22.065 16.2931 11.5193 5.76272 5.77 5.77 5.77 5.77 5.77 5.75767 11.4978 17.2714 23.0447 28.8177 34.5902 40.3625 46.1344 51.906 57.6696
17.31 11.54 5.77 5.77 5.77 5.77 5.77 5.76362 5.71429 8.00487 5.9701 6.11166 5.76838 5.77 5.7679 5.7336 5.33749 5.72395 11.4982 17.6271 23.6767 29.0199 29.3217 31.7761 26.9614 20.6606 14.3308 9.41478 4.09674 5.56374 5.77 5.77 5.77 5.77 5.63507 11.0801 16.9115 22.7518 22.8313 16.9994 11.1802 5.67548 5.77 5.77 5.77 5.76157 11.5103 17.2843 23.058 25.4428 19.6675 13.8984 8.12766 5.76486 5.77 5.77 5.77 5.77 5.77 5.75727 11.4962 17.27 23.0434 28.8164 34.5891 40.3614 46.1334 51.9054 56.6504
17.31 11.54 5.77 5.76902 5.7695 5.77 5.76344 5.70962 7.90282 13.718 11.3544 5.71676 5.76852 5.77 5.76665 5.80827 6.81441 11.8397 13.7564 19.8167 25.8475 31.8548 35.2527 30.3404 24.0713 17.6674 11.1853 4.91243 4.51157 5.77 5.77 5.77 5.77 5.77 5.62675 11.0498 16.885 22.7297 22.8176 16.9822 11.1604 5.6704 5.77 5.77 5.77 5.76129 11.5096 17.2839 23.0581 23.0523 17.2757 11.4995 5.75634 5.76837 5.77 5.77 5.77 5.77 5.77 5.75716 11.4956 17.2695 23.043 28.8161 34.5887 40.3611 46.1333 51.9053 50.8785
17.31 13.93 8.16001 6.15884 5.76959 5.76472 5.72863 7.94845 13.7256 13.7286 7.89502 5.73152 5.77 5.77 5.76791 5.38093 10.0589 14.7518 20.0464 22.2928 28.2449 34.2354 38.7496 32.6678 26.5544 20.3524 14.0489 8.86202 4.02225 5.55075 5.77 5.77 5.77 5.77 5.61799 11.0167 16.856 22.7057 22.8025 16.9633 11.1386 5.66485 5.77 5.77 5.77 5.76094 11.5086 17.2831 23.0576 23.0544 17.2787 11.5029 5.75931 5.77 5.77 5.77 5.77 5.77 5.77 5.75733 11.4959 17.2699 23.0434 28.8166 34.5892 40.3617 46.1343 47.498 45.1052
19.7 16.32 11.287 5.76415 5.76872 5.7572 8.08457 11.442 13.7653 11.3778 5.67121 5.75436 5.77 5.77 5.77 5.25904 9.37969 15.2812 21.2673 27.1894 30.7287 36.6713 41.1882 35.1529 29.1658 23.1814 18.0921 12.5398 8.81376 5.22703 5.77 5.77 5.77 5.77 5.60884 10.9812 16.825 22.6801 22.7859 16.9425 11.1147 5.65879 5.77 5.77 5.77 5.76044 11.5069 17.2817 23.0564 23.0532 17.2772 11.5011 5.75895 5.77 5.77 5.77 5.77 5.77 5.77 5.75771 11.4968 17.2709 23.0446 28.8177 34.5904 40.3634 44.1186 41.7243 39.3314
22.09 17.31 13.677 8.13438 6.14575 5.75836 8.12488 5.70086 7.95105 11.4175 5.67575 5.77 5.77 5.77 5.77 5.19765 8.91801 14.806 20.8124 26.8164 32.7498 38.718 40.6433 34.5823 28.5672 22.5521 17.5858 12.158 8.72703 5.20079 5.77 5.77 5.77 5.77 5.59936 10.9438 16.7921 22.653 22.7677 16.9196 11.0885 5.65221 5.77 5.77 5.77 5.75983 11.5046 17.2796 23.0545 23.0497 17.2724 11.496 5.75549 5.76815 5.77 5.77 5.77 5.77 5.77 5.75827 11.4982 17.2724 23.046 28.8193 34.592 40.3653 38.3452 35.9497 33.5569
25.47 21.8371 16.3008 11.5242 5.75849 5.7694 5.76122 5.75705 5.71957 8.06044 5.6673 5.77 5.77 5.77 5.77 5.17663 8.79749 14.672 20.6997 26.6861 32.6522 38.6843 38.1657 31.9763 25.7939 19.5162 13.1428 8.17052 3.81281 5.53087 5.77 5.77 5.77 5.77 5.58957 10.9046 16.7577 22.6246 22.7479 16.8948 11.0601 5.64512 5.77 5.77 5.77 5.75922 11.5023 17.2774 23.0523 25.4404 19.6649 13.8968 8.13046 5.76594 5.77 5.77 5.77 5.77 5.77 5.75907 11.5005 17.2745 23.0482 28.8213 34.5945 38.3495 32.5707 30.1746 27.7808
29.9971 24.4608 19.6666 13.8924 8.11312 5.74664 5.77 5.77 5.75357 5.74706 5.71203 5.77 5.77 5.77 5.77 5.19783 8.93792 14.8402 20.7975 26.7732 32.7227 38.7623 35.7074 29.4043 23.0911 16.6176 10.1115 4.04164 4.38291 5.74508 5.77 5.77 5.77 5.77 5.57948 10.8638 16.7217 22.5952 22.7267 16.8681 11.0295 5.63755 5.77 5.77 5.77 5.75866 11.5006 17.276 23.0511 25.4363 19.6606 13.8954 8.12882 5.76592 5.77 5.77 5.77 5.77 5.77 5.76033 11.5051 17.2786 23.052 28.8248 32.6065 33.5856 30.1822 24.3984 22.0022
32.6208 27.8267 22.0567 16.2818 11.4733 5.70926 5.77 5.77 5.77 5.77 5.77 5.77 5.77 5.77 5.77 5.25575 9.39471 13.5408 19.0066 24.7737 30.7484 36.838 38.2055 32.0568 25.9208 19.6693 13.4224 9.29517 5.05524 5.73457 5.77 5.77 5.77 5.77 5.56909 10.8215 16.6844 22.5645 22.7039 16.8396 10.9969 5.62952 5.77 5.77 5.77 5.75847 11.5001 17.2756 23.0511 23.0456 17.2676 11.4898 5.75339 5.76837 5.77 5.77 5.77 5.77 5.77 5.76247 11.5121 16.2934 22.0522 24.4423 30.205 27.8114 25.4187 22.0131 16.2218
34.5415 28.7715 23.0015 17.2246 11.4422 5.67433 5.77 5.77 5.77 5.77 5.77 5.77 5.77 5.77 5.77 5.51898 5.33479 10.2339 16.0259 22.1055 28.1545 34.296 36.0432 29.753 23.4701 17.0393 10.5098 4.69835 4.62493 5.74822 5.77 5.77 5.77 5.77 5.5584 10.7776 16.6456 22.5327 22.6798 16.8093 10.9624 5.62107 5.77 5.77 5.77 5.75915 11.503 16.2799 22.0562 23.0454 17.2671 11.4888 5.75294 5.76825 5.77 5.77 5.77 5.77 5.77 5.76624 8.13148 13.8867 16.2753 22.0523 24.434 22.0374 19.6425 17.254 13.8433
34.5345 28.7645 22.9945 17.215 11.429 5.67281 5.77 5.77 5.77 5.77 5.77 5.77 5.77 5.77 5.77 5.74137 4.76583 7.33655 13.2969 19.4684 25.5867 31.7729 36.0059 29.6354 23.3358 16.8838 10.3386 4.53263 4.65337 5.75443 5.77 5.77 5.77 5.77 5.54737 10.7319 16.6051 22.4996 22.6544 16.7773 10.9259 5.6122 5.77 5.77 5.77 5.76373 8.11276 13.8859 19.6605 24.4469 19.6608 13.8932 8.12608 5.76516 5.77 5.77 5.77 5.77 5.77 5.76914 5.76 8.10929 13.8839 19.6631 22.0457 16.2627 13.8654 11.475 11.5016
34.4713 28.7013 22.9313 17.149 11.3382 5.6341 5.7386 5.77 5.77 5.77 5.77 5.77 5.77 5.77 5.77 5.77 5.04573 8.19839 14.0882 20.1127 26.1795 32.2667 38.0964 31.8514 25.6638 19.3692 13.0949 8.99159 4.93105 5.74419 5.77 5.77 5.77 5.77 5.53596 10.6844 16.563 22.4651 22.6276 16.7437 10.8875 5.60296 5.77 5.77 5.77 5.76824 5.7536 11.4902 16.2763 22.0533 19.6578 13.8923 8.12442 5.76496 5.77 5.77 5.77 5.77 5.77 5.77 5.7687 5.75425 11.5008 16.2901 19.6555 13.8751 8.09075 5.74456 5.75964
36.6872 30.9172 25.1472 19.3607 13.5378 7.68027 5.68411 5.77 5.77 5.77 5.77 5.77 5.77 5.77 5.77 5.77 5.18337 9.08829 12.6805 18.5148 24.5549 30.6373 35.6338 29.2642 22.8438 16.3317 9.84509 3.87906 4.32292 5.74455 5.77 5.77 5.77 5.77 5.52438 10.6348 16.5189 22.429 22.5997 16.7086 10.8477 5.59397 5.77 5.77 5.77 5.77 5.76392 8.10859 13.8809 19.6621 17.2664 11.4844 5.7517 5.76801 5.77 5.77 5.77 5.77 5.77 5.77 5.77 5.76555 8.12457 13.901 13.896 11.5052 5.75342 5.76789 5.77
39.0772 33.3072 27.5372 21.7466 15.9157 10.9077 5.44043 5.73932 5.77 5.77 5.77 5.77 5.77 5.77 5.77 5.77 5.49546 5.07925 9.77952 15.7707 21.9275 28.0727 34.4543 31.9497 25.6111 19.294 12.9969 8.76499 4.84988 5.75217 5.77 5.77 5.77 5.77 5.51361 10.587 16.4754 22.3939 22.5759 16.6777 10.8145 5.5868 5.77 5.77 5.77 5.77 5.76881 5.75296 11.4916 17.2736 17.2667 11.4828 5.75178 5.76799 5.77 5.77 5.77 5.77 5.77 5.77 5.77 5.76905 5.76005 11.5274 8.12208 5.75969 5.76816 5.77 5.77
41.4672 35.6972 29.9272 24.1326 18.8192 12.8866 6.94799 5.47537 5.66513 5.77 5.77 5.77 5.77 5.77 5.77 5.77 5.74228 4.71011 7.20971 13.2083 19.4338 25.6391 32.0325 29.4499 22.8819 16.3663 9.75095 4.04681 4.71121 5.75791 5.77 5.77 5.77 5.77 5.50648 10.5532 16.4434 22.3673 22.5633 16.6633 10.7976 5.58527 5.77 5.77 5.77 5.76831 5.76776 5.75708 11.5053 17.2836 19.6589 13.8883 8.1247 5.76456 5.77 5.77 5.77 5.77 5.77 5.77 5.77 5.77 5.76654 11.5315 5.76217 5.76903 5.77 5.77 5.77
43.8572 38.0872 32.3172 27.0371 21.2057 15.2878 12.8561 10.7667 5.04119 5.77 5.77 5.77 5.77 5.77 5.77 5.77 5.77 5.04458 8.54831 14.4889 20.5582 26.6004 32.8379 29.7402 23.2279 16.7208 10.0672 4.66619 5.18675 5.77 5.77 5.77 5.77 5.77 5.50565 10.566 16.4518 22.3748 22.58 16.6889 10.8255 5.58919 5.77 5.77 5.77 5.7656 8.14683 8.13406 13.9082 19.6754 17.2825 11.5058 5.75595 5.76563 5.77 5.77 5.77 5.77 5.77 5.77 5.77 5.77 5.76831 5.76796 5.76848 5.77 5.77 5.77 5.77
46.2472 40.4772 35.2274 29.4263 23.6307 21.196 16.3686 10.4494 4.59587 5.77 5.77 5.77 5.77 5.77 5.77 5.77 5.77 5.25434 9.56151 13.4619 19.1705 25.0957 31.2787 30.109 23.6115 17.1805 10.5641 5.06753 5.1301 5.77 5.77 5.77 5.77 5.77 5.51541 10.6548 16.5551 22.2985 20.3103 16.8287 10.9505 5.55869 5.75352 5.75888 5.76247 5.76117 11.5261 13.9117 16.299 13.9052 11.5107 11.5235 5.76415 5.77 5.77 5.77 5.77 5.77 5.77 5.77 5.77 5.77 5.77 5.77 5.77 5.77 5.77 5.77 5.77
43.9006 40.7513 34.9813 29.1756 23.374 20.9382 16.3138 10.3882 4.6615 5.77 5.77 5.77 5.77 5.77 5.77 5.77 5.77 5.53192 5.8334 10.5915 16.4866 22.5447 28.7519 30.371 23.9976 17.5511 11.0029 5.35559 5.07851 5.77 5.77 5.77 5.77 5.77 5.55884 10.8344 15.7269 16.4366 14.4066 14.7943 13.6885 7.86422 6.02676 6.14952 8.15498 8.14895 11.5211 10.6619 11.5228 8.13184 5.76093 5.76572 5.76812 5.77001 5.77 5.77 5.77 5.77 5.77 5.77 5.77 5.77 5.77 5.77 5.77 5.77 5.77 5.77 5.77
38.2374 35.7406 32.5913 26.7857 20.9414 14.9955 12.5645 10.6314 5.07411 5.77 5.77 5.77 5.77 5.77 5.77 5.77 5.77 5.737 4.89367 7.92068 13.9088 20.0623 26.2489 30.7552 24.4158 18.144 11.6245 5.84539 5.01308 5.77 5.77 5.77 5.77 5.77 5.65239 7.469 13.3176 10.5311 8.52484 8.91067 10.4022 11.4387 8.07649 5.75771 5.7627 5.76464 5.76426 5.76463 5.76507 5.76705 5.76918 5.77001 5.77001 5.77001 5.77001 5.77001 5.77001 5.77001 5.77001 5.77 5.77 5.77 5.77 5.77 5.77 5.77 5.77 5.77 5.77
32.4678 30.0774 27.5806 24.3963 18.5497 12.5742 6.60463 5.3944 5.47316 5.77 5.77 5.77 5.77 5.77 5.77 5.77 5.77 5.73983 4.93778 8.02393 14.0326 20.1752 26.4107 29.6489 25.0876 18.9277 12.6412 6.65087 4.93875 5.77 5.77 5.77 5.77 5.77 5.73242 5.62241 7.62676 5.50406 5.60195 5.63405 5.66773 5.72247 5.75415 5.76717 5.77001 5.77001 5.77001 5.77001 5.77001 5.77001 5.77001 5.77001 5.77001 5.77001 5.77001 5.77001 5.77001 5.77001 5.77001 5.77001 5.77 5.77 5.77 5.77 5.77 5.77 5.77 5.77 5.77
30.0778 24.3078 21.9174 19.3835 16.6636 10.7536 5.34629 5.71554 5.77 5.77 5.77 5.77 5.77 5.77 5.77 5.77 5.77 5.57098 6.10705 11.1733 16.7291 22.8271 28.9686 27.0815 20.8692 18.4665 12.7035 8.36106 5.17525 5.77 5.77 5.77 5.77 5.77 5.77 5.7497 5.74984 5.75841 5.77001 5.77001 5.77001 5.77001 5.77001 5.77001 5.77001 5.77001 5.77001 5.77001 5.77001 5.77001 5.77001 5.77001 5.77001 5.77001 5.77001 5.77001 5.77001 5.77001 5.77001 5.77001 5.77001 5.77 5.77 5.77 5.77 5.77 5.77 5.77 5.77
