tests/full-run-ref/erosion_2010_78_23_-57.856.asc
ncols 512
nrows 512
xllcorner -3.24582
yllcorner -4.08743
cellsize 5
NODATA_value -99999
[rows 30 to 59 of 512, columns 69 to 137 of 512]
2.88501 2.88501 2.88501 2.88501 2.88501 2.88501 2.88501 2.88501 2.88501 2.88501 2.88501 2.88501 2.88501 2.88501 2.88501 2.88501 2.88501 2.88501 2.88501 2.88501 2.88501 2.885 2.885 2.88489 2.88488 2.88492 2.88501 2.88492 2.88477 2.88473 2.88487 2.88501 2.88501 2.88501 2.88501 2.88501 2.88501 2.885 2.885 2.885 2.88499 2.88491 4.0798 4.07992 2.88491 2.88495 2.885 2.885 2.885 2.885 2.885 2.885 2.885 2.885 2.88496 4.07969 6.96466 4.0797 2.88498 2.88501 2.88501 2.88501 2.88501 2.88501 2.885 2.88497 5.43971 4.07993 2.88493
2.88501 2.88501 2.88501 2.88501 2.88501 2.88501 2.88501 2.88501 2.88501 2.885 2.88501 2.88501 2.88501 2.88501 2.88501 2.885 2.885 2.885 2.885 2.885 2.885 2.885 2.88483 2.88482 4.07983 2.88491 2.88501 2.88501 2.88501 2.88501 2.88501 2.88501 2.88501 2.88501 2.88501 2.88501 2.88501 2.885 2.885 2.885 2.88493 4.07971 5.76987 2.88489 2.88498 2.88501 2.885 2.885 2.885 2.885 2.885 2.885 2.885 2.885 2.88489 5.76972 5.76961 2.8846 2.88492 2.88499 2.88501 2.885 2.885 2.885 2.88498 4.07992 6.18864 5.76988 2.88485
2.88501 2.88501 2.88501 2.88501 2.88501 2.88501 2.88501 2.88501 2.885 2.88501 2.88501 2.88501 2.88501 2.88501 2.885 2.885 2.885 2.885 2.885 2.885 2.885 2.885 2.88447 4.07915 2.88427 2.88454 2.88483 2.88501 2.88501 2.88501 2.88501 2.88501 2.88501 2.88501 2.88501 2.88501 2.88501 2.885 2.885 2.88499 3.37088 5.5926 5.76972 2.88472 2.88491 2.88494 2.88495 2.88498 2.885 2.885 2.885 2.885 2.885 2.885 2.88484 5.76954 6.96406 4.0788 4.07932 2.88483 2.88496 2.88498 4.07998 3.98769 4.53784 4.68712 7.57214 5.76986 2.88482
2.88501 2.88501 2.88501 2.88501 2.88501 2.88501 2.88501 2.885 2.88501 2.88501 2.88501 2.88501 2.88501 2.885 2.885 2.885 2.885 2.885 2.885 2.885 2.88423 2.88376 2.88215 4.85907 4.07511 4.0768 2.88417 2.88501 2.88501 2.88501 2.88501 2.88501 2.88501 2.88501 2.88501 2.88501 2.88501 2.88501 2.885 2.88498 2.88489 4.39742 6.96452 4.07937 4.07926 2.88463 4.07932 2.88478 2.88496 2.885 2.885 2.885 2.885 2.885 2.8849 4.0792 6.96438 6.96401 6.9644 5.76962 5.346 5.03106 5.16354 6.65011 6.62939 7.57214 8.65488 5.76986 2.88483
2.88501 2.88501 2.88501 2.88501 2.88501 2.88501 2.885 2.88501 2.88501 2.88501 2.88501 2.88501 2.88501 2.885 2.885 2.885 2.885 2.885 2.885 2.885 2.88258 4.07249 4.06587 5.40197 6.96077 5.76581 2.88333 2.88501 2.88501 2.88501 2.88501 2.88501 2.88501 2.88501 2.88501 2.88501 2.88501 2.88501 2.885 2.885 2.88491 4.34402 5.76966 6.23075 5.76973 5.67509 6.96407 4.07892 2.88487 2.885 2.885 2.885 2.885 2.885 2.88498 2.88474 5.7694 8.1595 9.8495 8.65472 8.23104 7.91607 8.04855 7.62882 7.95475 8.25593 8.65489 5.76988 2.88484
2.88501 2.88501 2.88501 2.88499 2.88499 2.88496 2.88501 2.88501 2.88501 2.88501 2.88501 2.88501 2.88501 2.885 2.885 2.885 2.885 2.885 2.885 2.885 2.88253 5.76316 6.95292 8.14821 8.65104 5.76508 2.88284 2.88501 2.88501 2.88501 2.88501 2.88501 2.88501 2.88501 2.88501 2.88501 2.88501 2.88501 2.88501 2.885 2.88494 4.0238 2.88479 4.07932 2.88468 5.76937 7.6883 5.76919 2.88471 2.88495 2.885 2.885 2.885 2.885 2.885 2.88491 4.07933 6.96445 8.15965 6.96463 5.76984 5.38658 5.19488 5.37095 5.37094 5.37092 5.76993 5.76991 2.88488
2.88501 2.88501 2.88501 2.88498 4.07994 2.88495 2.88498 2.88501 2.885 2.88501 2.88501 2.88501 2.88501 2.885 2.885 2.885 2.885 2.885 2.885 2.885 2.8834 4.07102 6.95725 9.84369 8.15349 5.76443 2.88282 2.88501 2.88501 2.88501 2.88501 2.88501 2.88501 2.88501 2.88501 2.88501 2.88501 2.88501 2.88501 2.88501 2.88489 2.88496 2.88495 2.88491 4.07953 3.60803 5.89466 6.96461 4.0795 2.8849 2.88498 2.88497 2.885 2.885 2.885 2.88498 2.88481 5.76961 5.76956 4.07956 2.88491 2.88498 2.88499 2.88499 2.88499 2.88499 2.88498 4.07998 2.88493
2.88501 2.88501 2.88501 2.88496 4.65931 4.07973 2.8849 2.88498 2.88501 2.88501 2.885 2.885 2.885 2.885 2.885 2.885 2.885 2.885 2.885 2.885 2.88447 2.88171 5.7623 8.64929 6.95761 4.07172 2.88355 2.88501 2.88501 2.88501 2.88501 2.88501 2.88501 2.88501 2.88501 2.88501 2.88501 2.88501 2.88501 2.885 2.88501 2.88501 2.88501 2.88496 2.88489 3.11989 3.00949 4.2051 6.96464 4.08 3.77 2.88497 2.885 2.885 2.885 2.885 2.88494 4.07962 2.88486 2.88495 2.885 2.88501 2.88501 2.88501 2.88501 2.88501 2.885 2.88499 2.88498
2.88501 2.88501 2.88499 2.8849 4.67464 6.96467 4.07974 2.88497 2.88501 2.885 2.885 2.885 2.885 2.885 2.885 2.885 2.885 2.885 2.885 2.885 2.885 2.88214 5.76383 8.15222 5.76119 2.88221 2.88448 2.88501 2.88501 2.88501 2.88501 2.88501 2.88501 2.88501 2.88501 2.88501 2.88501 2.88501 2.885 2.88501 2.88501 2.88501 2.88501 2.88501 2.88499 3.01038 2.88492 2.88475 4.07995 6.96497 4.08 2.88498 2.885 2.885 2.885 2.885 2.88499 2.88499 2.88499 2.88501 2.88501 2.88501 2.88501 2.88501 2.88501 2.88501 2.88501 2.88501 2.88501
2.88498 2.88497 2.88489 4.07968 6.64922 4.0796 2.88489 2.88498 2.885 2.885 2.885 2.885 2.885 2.885 2.885 2.885 2.885 2.885 2.885 2.885 2.885 2.88217 5.76426 6.95691 4.06984 2.88362 2.88501 2.88501 2.88501 2.88501 2.88501 2.88501 2.88501 2.88501 2.88501 2.88501 2.88501 2.885 2.88501 2.88501 2.88501 2.88501 2.88501 2.88501 2.885 2.885 2.885 2.88499 2.88498 5.76999 2.885 2.885 2.885 2.885 2.885 2.885 2.885 2.885 2.885 2.88501 2.88501 2.88501 2.88501 2.88501 2.88501 2.88501 2.88501 2.88501 2.88501
2.88497 4.07982 5.00434 6.96468 4.07965 2.88488 2.88497 2.885 2.885 2.885 2.885 2.885 2.885 2.88501 2.88501 2.885 2.885 2.885 2.885 2.885 2.88429 2.88282 5.76613 5.76404 2.88255 2.88446 2.88501 2.88501 2.88501 2.88501 2.88501 2.88501 2.88501 2.88501 2.88501 2.88501 2.885 2.88501 2.88501 2.88501 2.88501 2.885 2.885 2.885 2.885 2.885 2.885 2.885 2.88495 2.88499 2.885 2.885 2.885 2.885 2.885 2.885 2.88499 4.07999 2.885 2.88501 2.88501 2.88501 2.88501 2.88501 2.885 2.88501 2.88501 2.88501 2.88501
2.88496 3.86149 6.74653 4.07959 2.88487 2.88497 2.885 2.885 2.885 2.885 2.885 2.885 2.88501 2.88501 2.88501 2.88501 2.885 2.885 2.885 2.885 2.8845 4.07816 4.07423 2.88285 2.8838 2.88501 2.88501 2.88501 2.88501 2.88501 2.88501 2.88501 2.88501 2.88501 2.88501 2.885 2.88501 2.88501 2.88501 2.88501 2.885 2.885 2.885 2.885 2.885 2.885 2.885 2.885 2.885 2.885 2.885 2.885 2.885 2.885 2.885 2.885 2.88499 5.76998 2.88497 2.88499 2.885 2.885 2.885 2.885 2.88501 2.88501 2.88501 2.88501 2.88501
2.88496 4.07982 4.07974 2.88488 2.88497 2.885 2.885 2.885 2.885 2.885 2.885 2.88501 2.88501 2.88501 2.88501 2.88501 2.88501 2.88501 2.885 2.885 2.88477 2.8843 2.88399 2.88431 2.88501 2.88501 2.88501 2.88501 2.88501 2.88501 2.88501 2.88501 2.88501 2.88501 2.885 2.88501 2.88501 2.88501 2.88501 2.885 2.885 2.885 2.885 2.885 2.885 2.885 2.885 2.885 2.885 2.885 2.885 2.885 2.885 2.885 2.885 2.885 2.88498 5.76997 4.07991 4.07992 2.88496 2.88497 4.07997 2.88499 2.885 2.88501 2.88501 2.88501 2.88501
2.88498 2.88495 2.88495 2.88498 2.885 2.885 2.885 2.885 2.885 2.885 2.88501 2.88501 2.88501 2.88501 2.88501 2.88501 2.88501 2.88501 2.88501 2.88501 2.88501 2.88501 2.88501 2.88501 2.88501 2.88501 2.88501 2.88501 2.88501 2.88501 2.88501 2.88501 2.88501 2.885 2.88501 2.88501 2.88501 2.88501 2.885 2.885 2.885 2.885 2.885 2.885 2.885 2.885 2.885 2.885 2.885 2.885 2.885 2.885 2.885 2.885 2.885 2.885 4.07996 6.96497 6.96493 6.31021 5.76989 5.11517 6.31027 4.07994 2.885 2.88501 2.88501 2.88501 2.88501
2.88501 2.88501 2.88501 2.885 2.885 2.885 2.885 2.885 2.885 2.88501 2.88501 2.88501 2.88501 2.88501 2.88501 2.88501 2.88501 2.88501 2.88501 2.88501 2.88501 2.88501 2.88501 2.88501 2.88501 2.88501 2.88501 2.88501 2.88501 2.88501 2.88501 2.88501 2.885 2.88501 2.88501 2.88501 2.88501 2.88501 2.885 2.885 2.885 2.885 2.885 2.885 2.885 2.885 2.885 2.885 2.885 2.885 2.885 2.885 2.885 2.885 2.885 2.885 4.07997 5.76995 6.96487 8.15988 8.65491 8.00019 5.76981 2.88487 2.88499 2.88501 2.88501 2.88501 2.885
2.88501 2.88501 2.885 2.885 2.885 2.885 2.885 2.885 2.88501 2.88501 2.88501 2.88501 2.88501 2.88501 2.88501 2.88501 2.88501 2.88501 2.88501 2.88501 2.88501 2.88501 2.88501 2.88501 2.88501 2.88501 2.88501 2.88501 2.88501 2.88501 2.88501 2.885 2.88501 2.88501 2.88501 2.88501 2.88501 2.885 2.885 2.885 2.885 2.885 2.885 2.885 2.885 2.885 2.885 2.885 2.885 2.885 2.885 2.885 2.885 2.885 2.885 2.885 2.88499 2.88495 4.07979 6.96482 9.84977 9.84964 6.96455 4.07948 2.88486 2.88493 2.88498 2.88497 2.88501
2.88501 2.885 2.885 2.885 2.885 2.885 2.885 2.88501 2.88501 2.88501 2.88501 2.88501 2.88501 2.88501 2.88501 2.88501 2.88501 2.88501 2.88501 2.88501 2.88501 2.88501 2.88501 2.88501 2.88501 2.88501 2.88501 2.88501 2.88501 2.88501 2.885 2.88501 2.88501 2.88501 2.88501 2.88501 2.88501 2.885 2.885 2.885 2.885 2.885 2.885 2.885 2.885 2.885 2.885 2.885 2.885 2.885 2.885 2.88499 2.885 2.885 2.885 2.885 2.885 2.88499 2.88486 5.76965 8.65472 11.0446 8.15956 6.96453 4.07958 5.76992 4.07995 2.88498 2.88501
2.885 2.885 2.885 2.885 2.885 2.885 2.88501 2.88501 2.88501 2.88501 2.88501 2.88501 2.88501 2.88501 2.88501 2.88501 2.88501 2.88501 2.88501 2.88501 2.88501 2.88501 2.88501 2.88501 2.88501 2.88501 2.88501 2.88501 2.88501 2.885 2.88501 2.88501 2.88501 2.88501 2.88501 2.88501 2.88501 2.885 2.885 2.885 2.885 2.885 2.885 2.885 2.885 2.885 2.885 2.885 2.885 2.885 2.88497 4.07993 2.88497 2.885 2.885 2.885 2.885 2.88496 4.07967 6.96466 9.84971 12.2396 11.0446 8.15964 6.96464 4.07968 2.88493 2.88497 2.88501
2.885 2.885 2.885 2.885 2.885 2.88501 2.88501 2.88501 2.88501 2.88501 2.88501 2.88501 2.88501 2.88501 2.88501 2.88501 2.88501 2.88501 2.88501 2.88501 2.88501 2.88501 2.88501 2.88501 2.88501 2.88501 2.88501 2.88501 2.885 2.88501 2.88501 2.88501 2.88501 2.88501 2.88501 2.88501 2.88501 2.88501 2.885 2.885 2.885 2.885 2.885 2.885 2.885 2.885 2.885 2.885 2.885 2.88498 4.07988 6.9649 4.07987 2.88499 2.885 2.885 2.885 2.88493 5.76975 8.15962 11.0446 13.9293 11.0443 8.1592 5.7693 2.88478 2.88498 2.88501 2.88501
2.885 2.885 2.885 2.885 2.88501 2.88501 2.88501 2.88501 2.88501 2.88501 2.88501 2.88501 2.88501 2.88501 2.88501 2.88501 2.88501 2.88501 2.88501 2.88501 2.88501 2.88501 2.88501 2.88501 2.88501 2.88501 2.88501 2.885 2.88501 2.88501 2.88501 2.88501 2.88501 2.88501 2.88501 2.88501 2.88501 2.88501 2.885 2.885 2.885 2.885 2.885 2.885 2.885 2.885 2.885 2.885 2.885 2.88496 5.76991 6.96485 4.0798 2.88499 2.885 2.885 2.885 2.88495 4.07953 6.96452 9.84947 12.2394 9.8492 6.96409 4.07903 2.88489 2.88501 2.88501 2.88501
2.885 2.885 2.885 2.88501 2.88501 2.88501 2.88501 2.88501 2.88501 2.88501 2.88501 2.88501 2.88501 2.88501 2.88501 2.88501 2.88501 2.88501 2.88501 2.88501 2.88501 2.88501 2.88501 2.88501 2.88501 2.88501 2.885 2.88501 2.88501 2.88501 2.88501 2.88501 2.88501 2.88501 2.88501 2.88501 2.88501 2.88501 2.885 2.885 2.885 2.885 2.885 2.885 2.885 2.885 2.885 2.885 2.885 2.88496 5.76991 5.76988 2.88491 2.88499 2.885 2.885 2.885 2.88499 2.88477 5.76933 8.65445 11.0442 8.15926 5.76907 2.88471 2.88497 2.88501 2.88501 2.88501
2.885 2.885 2.88501 2.88501 2.88501 2.88501 2.88501 2.88501 2.88501 2.88501 2.88501 2.88501 2.88501 2.88501 2.88501 2.88501 2.88501 2.88501 2.88501 2.88501 2.88501 2.88501 2.88501 2.88501 2.88501 2.885 2.88501 2.88501 2.88501 2.88501 2.88501 2.88501 2.88501 2.88501 2.88501 2.88501 2.88501 2.88501 2.885 2.885 2.885 2.885 2.885 2.885 2.885 2.885 2.885 2.885 2.885 2.88496 5.76993 5.76988 2.88492 2.885 2.885 2.885 2.885 2.88498 2.88472 5.17267 8.05787 8.15921 6.96409 4.07916 2.8849 2.88501 2.88501 2.88501 2.88501
2.885 2.88501 2.88501 2.88501 2.88501 2.88501 2.88501 2.88501 2.88501 2.88501 2.88501 2.88501 2.88501 2.88501 2.88501 2.88501 2.88501 2.88501 2.88501 2.88501 2.88501 2.88501 2.88501 2.88501 2.885 2.88501 2.88501 2.88501 2.88501 2.88501 2.88501 2.88501 2.88501 2.88501 2.88501 2.885 2.885 2.885 2.885 2.885 2.885 2.885 2.885 2.885 2.885 2.885 2.885 2.885 2.885 2.88495 5.76993 5.76987 2.88493 2.885 2.885 2.88499 2.88494 2.88475 4.07911 6.36793 8.15901 6.96386 4.079 2.8848 2.88497 2.88501 2.88501 2.88501 2.88501
2.88501 2.88501 2.88501 2.88501 2.88501 2.88501 2.88501 2.88501 2.88501 2.88501 2.88501 2.88501 2.88501 2.88501 2.88501 2.88501 2.88501 2.88501 2.88501 2.88501 2.88501 2.88501 2.88501 2.885 2.88501 2.88501 2.88501 2.88501 2.88501 2.88501 2.88501 2.88501 2.88501 2.885 2.885 2.885 2.885 2.885 2.885 2.88499 2.88499 2.885 2.885 2.885 2.885 2.885 2.885 2.88499 2.88497 4.07987 6.96486 4.07981 2.88497 2.885 2.88499 2.88492 4.07958 5.76947 6.96425 8.15939 6.96387 4.07863 2.88475 2.88498 2.88501 2.88501 2.88501 2.88501 2.885
2.88501 2.88501 2.88501 2.88501 2.88501 2.88501 2.88501 2.88501 2.88501 2.88501 2.88501 2.88501 2.88501 2.88501 2.88501 2.88501 2.88501 2.88501 2.88501 2.88501 2.88501 2.88501 2.885 2.88501 2.88501 2.88501 2.88501 2.88501 2.88501 2.88501 2.88501 2.88501 2.885 2.885 2.885 2.885 2.885 4.07999 4.54486 5.66723 5.76998 5.76998 2.885 2.885 2.885 2.885 2.885 2.88499 5.76995 6.96491 5.76991 2.88494 2.885 2.885 2.88499 4.07988 6.9646 8.1596 9.8494 8.654 5.76874 2.88456 2.88497 2.88501 2.88501 2.88501 2.88501 2.885 2.885
2.88501 2.88501 2.88501 2.88501 2.88501 2.88501 2.88501 2.88501 2.88501 2.88501 2.88501 2.88501 2.88501 2.88501 2.88501 2.88501 2.88501 2.88501 2.88501 2.88501 2.88501 2.885 2.88501 2.88501 2.88501 2.88501 2.88501 2.88501 2.88501 2.88501 2.88501 2.885 2.885 2.885 2.885 2.885 2.885 5.76999 6.82303 8.55224 8.65498 6.96499 4.07999 2.885 2.885 2.885 2.885 2.88499 5.76995 8.15997 5.76992 2.88497 2.885 2.885 2.885 2.88491 4.07948 6.96431 8.1594 8.65388 5.76864 2.88469 2.88501 2.88501 2.88501 2.88501 2.885 2.885 2.885
2.88501 2.88501 2.88501 2.88501 2.88501 2.88501 2.88501 2.88501 2.88501 2.88501 2.88501 2.88501 2.88501 2.88501 2.88501 2.88501 2.88501 2.88501 2.88501 2.88501 2.885 2.88501 2.88501 2.88501 2.88501 2.88501 2.88501 2.88501 2.88501 2.88501 2.88501 2.885 2.885 2.885 2.885 2.885 4.08 6.965 9.70803 10.903 9.85 6.96499 4.07999 2.885 2.885 2.885 2.885 2.88499 4.07994 6.96494 5.76992 2.88495 2.88499 2.885 2.885 2.88499 2.88484 4.07919 6.96425 8.1594 5.76898 2.88466 2.88498 2.88501 2.88501 2.885 2.885 2.885 2.885
2.88501 2.88501 2.88501 2.88501 2.88501 2.88501 2.88501 2.88501 2.88501 2.88501 2.88501 2.88501 2.88501 2.88501 2.88501 2.88501 2.88501 2.88501 2.88501 2.885 2.88501 2.88501 2.88501 2.88501 2.88501 2.88501 2.88501 2.88501 2.88501 2.88501 2.885 2.885 2.885 2.885 3.62462 4.81963 6.34015 5.76999 6.965 8.16 8.65499 5.76999 2.885 2.885 2.885 2.885 2.885 2.885 2.88498 4.07992 6.96491 4.07988 2.88496 2.885 2.885 2.885 2.88498 2.8848 4.07915 6.96436 6.96438 4.07925 2.88494 2.88501 2.885 2.885 2.885 2.885 2.885
2.88501 2.88501 2.88501 2.88501 2.88501 2.88501 2.88501 2.88501 2.88501 2.88501 2.88501 2.88501 2.88501 2.88501 2.88501 2.88501 2.88501 2.88501 2.885 2.88501 2.88501 2.88501 2.88501 2.88501 2.88501 2.88501 2.88501 2.88501 2.88501 2.885 2.885 3.63262 3.73768 5.16526 6.49653 4.65016 3.45515 2.885 4.07999 5.76999 5.76999 5.77 4.08 2.885 2.885 2.885 2.885 2.885 2.885 2.88498 4.07993 5.76992 2.88491 2.885 2.885 2.885 2.885 2.88498 2.88475 5.76962 6.96453 4.07943 2.88493 2.885 2.885 2.885 2.885 2.885 2.885
2.88501 2.88501 2.88501 2.88501 2.88501 2.88501 2.88501 2.88501 2.88501 2.88501 2.88501 2.88501 2.88501 2.88501 2.88501 2.88501 2.88501 2.885 2.88501 2.88501 2.88501 2.88501 2.88501 2.88501 2.88501 2.88501 2.88501 2.88501 2.88499 2.88499 4.07999 5.04165 6.62269 5.77 4.08 2.885 2.885 2.885 2.885 2.885 2.885 2.885 3.82391 4.08001 2.885 2.885 2.885 2.885 2.885 2.885 2.88496 5.76991 2.88489 2.885 2.885 2.885 2.885 2.885 2.88489 5.7698 5.76962 2.8848 2.88497 2.885 2.885 2.885 2.885 2.885 2.885
