tests/full-run-ref/erosion_2010_78_22_-42.864.asc
ncols 512
nrows 512
xllcorner -3.24582
yllcorner -4.08743
cellsize 5
NODATA_value -99999
[rows 0 to 31 of 512, columns 284 to 354 of 512]
11.54 11.54 11.54 11.54 8.16001 5.77 8.16001 11.54 11.54 11.54 11.54 13.93 16.32 22.09 22.09 16.32 13.93 11.54 11.54 11.54 11.54 11.54 11.54 11.54 11.54 11.54 13.93 13.93 11.54 11.54 11.54 13.93 16.32 22.09 27.86 33.63 39.4 45.17 50.94 74.019 74.02 68.25 62.48 56.71 50.94 45.17 39.4 33.63 27.86 22.09 16.32 13.93 11.54 13.93 13.93 11.54 11.54 11.54 11.54 11.54 11.54 8.16001 5.77 5.77 8.16001 11.54 8.16001 5.77 5.77 8.16001 11.54
5.77 5.77 5.77 5.77 5.77 5.77 5.77 5.77 5.77 5.77 5.77 8.16001 13.93 19.7 19.7 13.93 9.59437 7.20435 5.77 5.77 5.77 5.77 5.77 5.77 5.77 5.77 8.16002 8.16002 5.77 5.77 5.77 8.16001 13.93 19.7 25.47 31.24 37.01 42.78 48.55 68.249 71.63 65.86 60.09 54.32 48.55 42.78 37.01 31.24 25.47 19.7 13.93 8.16001 5.77 8.16001 8.16001 5.77 5.77 5.77 5.77 5.77 5.77 5.77 5.77 5.77 5.77 5.77 5.77 5.77 5.77 5.77 5.77
5.77 5.77 5.77 5.77 5.77 5.77 5.77 5.77 5.77 5.77 5.77 5.77 11.54 17.31 17.31 11.54 7.20435 5.77 5.77 5.77 5.77 5.77 5.77 5.77 5.77 5.77 5.77 5.77 5.77 5.77 5.77 5.77 11.54 17.31 23.08 28.85 34.62 40.39 46.16 62.479 69.24 63.47 57.7 51.93 46.16 40.39 34.62 28.85 23.08 17.31 11.54 5.77 5.77 5.77 5.77 5.77 5.77 5.77 5.77 5.77 5.77 5.77 5.77 5.77 5.77 5.77 5.77 5.77 5.77 5.77 5.77
5.77 5.77 5.77 5.77 5.77 5.77 5.77 5.77 6.16001 6.16 6.15998 8.15996 13.93 19.7 19.6999 13.9299 9.59425 7.20426 8.15995 6.15997 5.76999 5.77 5.77 5.77 5.77 5.77 5.77 5.77 5.77 5.77 5.77 5.76957 11.5391 17.3092 23.0793 28.8495 34.6196 40.3897 46.1597 56.7089 69.2307 63.4606 57.6905 51.9202 46.1497 40.379 34.6078 28.8362 23.0639 17.2907 11.5166 5.76029 5.77 5.77 5.77 5.77 5.77 5.77 5.77 5.77 5.77 5.77 5.77 5.77 5.77 5.77 5.77 5.77 5.77 5.77 5.77
5.77 5.77 5.77 5.77 5.77 5.77 5.77 5.77 11.54 11.93 11.93 13.93 16.32 22.09 22.0899 16.3199 14.3199 12.9743 13.93 11.93 8.15997 5.77 5.77 5.77 5.77 5.77 5.77 5.77 5.77 5.77 5.77 5.76911 11.538 17.3083 23.0785 28.8487 34.6189 40.3891 46.1592 54.3185 69.2175 63.4472 57.6768 51.9061 46.1349 40.363 34.5903 28.8164 23.0412 17.2642 11.4854 5.74822 5.77 5.77 5.77 5.77 5.77 5.77 5.77 5.77 5.77 5.77 5.77 5.77 5.77 5.77 5.77 5.77 5.77 5.77 5.77
5.77 5.77 5.77 5.77 5.77 5.77 5.77 5.77 5.76999 8.15999 13.93 19.7 22.09 24.48 24.48 22.0899 20.0899 18.7443 16.3199 13.9299 8.15994 5.77 5.77 5.77 5.77 5.77 5.77 5.77 5.77 5.77 5.77 5.76852 11.5367 17.307 23.0773 28.8475 34.6175 40.3878 46.1581 51.9278 69.1969 63.4264 57.6553 51.8837 46.1111 40.3372 34.5618 28.7844 23.0047 17.2222 11.4364 5.72773 5.77 5.77 5.77 5.77 5.77 5.77 5.77 5.77 5.77 5.77 5.77 5.77 5.77 5.77 5.77 5.77 5.77 5.77 5.77
5.77 5.77 5.77 5.77 5.77 5.77 5.77 5.77 5.77 5.76998 11.5399 17.3099 23.08 28.85 30.2499 24.4799 22.0899 16.3199 13.9299 8.15987 5.76997 5.77 5.77 5.77 5.77 5.77 5.77 5.77 5.77 5.77 5.77 5.76761 11.5348 17.3053 23.0756 28.8459 34.616 40.3863 46.1567 51.9258 69.158 63.3869 57.6146 51.8411 46.0659 40.2886 34.5088 28.7259 22.9393 17.1479 11.3566 5.59457 5.74971 5.76936 5.77 5.77 5.77 5.77 5.77 5.77 5.77 5.77 5.77 5.77 5.77 5.77 5.77 5.77 5.77 5.77 5.77
5.77 5.77 5.77 5.77 5.77 5.77 5.77 5.77 5.77 5.76997 11.5399 17.3099 23.0799 28.85 24.4799 22.0899 16.3199 13.9299 8.15986 5.76996 5.77 5.77 5.77 5.77 5.77 5.77 5.77 5.77 5.77 5.77 5.76988 5.76674 11.5323 17.3034 23.0733 28.8436 34.6133 40.3836 46.1539 51.9212 69.1264 63.3543 57.5795 51.8026 46.0231 40.2404 34.4537 28.662 22.8641 17.0585 11.2882 7.82027 5.846 5.7548 5.76998 5.77 5.77 5.77 5.77 5.77 5.77 5.77 5.77 5.77 5.77 5.77 5.77 5.77 5.77 5.77 5.77
5.77 5.77 5.77 5.77 5.77 5.77 5.77 5.77 5.76999 8.15995 13.9299 19.6999 25.47 24.48 22.0899 16.3199 13.9299 8.15987 5.76996 5.77 5.77 5.77 5.77 5.77 5.77 5.77 5.77 5.77 5.77 5.77 5.76975 8.15757 13.9209 16.3065 22.0744 27.8381 33.6085 39.379 45.1492 50.9122 69.0416 63.2678 57.4887 51.7065 45.9204 40.1292 34.3314 28.5253 22.7086 16.8795 11.2215 11.5372 8.36828 6.15705 5.76935 5.76997 5.76999 5.77 5.77 5.77 5.77 5.77 5.77 5.77 5.77 5.77 5.77 5.77 5.77 5.77 5.76988
5.77 5.77 5.77 5.77 5.77 5.77 5.77 8.16001 8.15999 13.93 16.32 22.09 24.48 22.0899 16.3199 13.9299 8.15987 5.76996 5.77 5.77 5.77 5.77 5.77 5.77 5.77 5.77 5.77 5.77 5.77 5.77 5.76966 5.76379 8.13401 13.9026 19.6679 25.4392 31.2102 36.981 42.7522 48.5064 68.8806 63.1057 57.32 51.5301 45.7336 39.9284 34.112 28.2816 22.4328 16.561 11.0128 11.5385 11.54 11.0333 8.15988 8.15997 6.15999 5.76999 5.76999 5.77 5.77 5.77 5.77 5.77 5.77 5.77 5.77 5.77 5.77 5.77 5.76949
5.77 5.77 5.77 5.77 5.77 5.77 5.77 5.76999 11.54 16.32 22.09 24.4799 22.0892 16.3199 13.9299 8.15988 5.76996 5.77 5.77 5.77 5.77 5.77 5.77 5.77 5.77 5.77 5.77 5.77 5.77 5.77 5.77 5.76904 5.73537 11.4809 17.2604 23.0346 28.8075 34.5795 40.3509 46.0939 68.5095 62.7351 56.9412 51.1389 45.3251 39.4966 33.6493 27.7777 21.8725 15.9282 10.1515 9.26026 7.15217 10.0825 8.15985 5.76995 5.76999 8.16 5.76989 5.7699 5.76997 5.77 5.77 5.77 5.77 5.77 5.77 5.77 5.77 5.76983 5.76877
5.77 5.77 5.77 5.77 5.77 5.77 5.77 5.77 8.15998 13.9299 16.3199 22.0862 16.3199 13.9292 8.15989 5.76989 5.76998 5.77 5.77 5.77 5.77 5.77 5.77 5.77 5.77 5.77 5.77 5.77 5.77 5.77 5.77 5.77 5.67954 11.4318 16.1714 21.8589 27.6374 33.3998 39.167 44.7937 68.0226 62.2452 56.4304 50.6003 44.7485 38.8686 32.9526 26.9879 20.9492 14.822 9.65784 4.74466 5.09419 5.6478 5.76945 5.76988 5.76989 5.76958 8.15926 8.15922 5.76969 5.76997 5.77 5.77 5.77 5.77 5.77 5.77 5.77 5.76985 8.15767
5.77 5.77 5.77 5.77 5.77 5.77 5.77 5.77 5.76998 8.1599 13.9292 16.32 13.9262 8.15983 5.76885 5.76964 5.77 5.76961 5.76949 5.7697 5.77 5.77 5.77 5.77 5.77 5.77 5.77 5.77 5.77 5.77 5.77 5.77 5.70645 7.74748 13.4767 19.3348 25.1442 30.9409 36.6447 42.3196 65.5706 59.7874 53.9179 48.012 42.0576 36.0404 29.9382 23.7073 17.2499 10.3773 3.40265 2.65278 5.69759 5.77 5.77 5.7693 5.76537 8.15749 12.3183 13.9289 8.15869 5.7698 5.77 5.77 5.77 5.77 5.77 5.77 5.77 5.76989 5.76864
5.77 5.77 5.77 5.77 5.77 5.77 5.77 5.77 5.77 5.76886 11.5391 13.9298 11.5361 5.76479 5.76847 5.77 5.77 5.76675 8.15496 5.76726 5.77 5.77 5.77 5.77 5.77 5.77 5.76992 5.76991 5.76996 5.77 5.77 5.77 5.67315 4.79683 10.5225 16.6128 22.5624 28.337 34.1664 39.7758 65.7395 59.9532 54.0277 48.0464 41.9913 35.8368 29.5295 22.9446 15.7736 7.23833 0 0.250464 5.11671 5.77 5.77 5.76391 8.13567 13.9181 16.3183 16.3189 11.5385 5.76879 5.76969 5.76997 5.76998 5.76998 5.77 5.77 5.77 5.77 5.7692
5.77 5.77 5.77 5.77 5.77 5.77 5.77 5.77 5.77 5.7693 8.15508 11.5308 9.76794 5.76264 5.77 5.77 5.77 5.76089 11.5267 5.75637 5.77 5.77 5.77 5.77 5.76952 5.76884 5.76855 6.15791 5.76969 5.77 5.77 5.71376 5.10711 6.30748 12.2173 18.4965 24.6204 30.447 36.3133 41.8586 66.6123 60.8008 54.7843 48.6874 42.4806 36.1053 29.4205 22.0673 13.1615 2.28212 0 0.351969 1.12978 4.78579 5.27406 5.67087 11.4591 16.3077 21.9999 19.6097 13.9285 8.15758 8.15977 6.15975 6.15988 5.76997 5.77 5.77 5.77 5.77 5.7697
5.77 5.77 5.77 5.77 5.77 5.77 5.77 5.77 5.77 5.76971 5.76739 8.15081 5.76299 5.76667 5.77 5.77 5.76795 5.72868 11.5113 5.74003 5.77 5.77 5.77 5.76553 5.74137 8.15506 11.5382 8.15772 5.76963 5.77 5.7169 5.16412 6.5317 12.2529 14.0518 20.1061 26.3988 32.2928 38.2385 43.6859 68.8962 63.0599 56.9435 50.7253 44.3498 37.6919 30.4287 21.7377 11.0879 0.271354 2.42246 1.88234 4.45714 0.670349 10.2772 7.85174 13.7221 19.5617 16.2207 13.8312 11.5111 11.539 9.55505 11.5397 5.76983 5.76998 5.77 5.77 5.77 5.77 5.77
5.77 5.77 5.77 5.77 5.77 5.77 5.77 5.77 5.77 5.77 5.76908 5.76842 5.76903 5.76725 5.76004 5.74219 5.7365 6.69041 11.5054 5.73355 5.77 5.77 5.75962 5.69423 8.04533 13.5923 8.07234 5.74688 5.76988 5.70988 5.14717 6.59488 12.3724 14.2887 20.1019 22.2568 28.344 33.9615 40.0425 45.3569 71.1181 65.2769 59.0357 52.6553 46.0254 38.8743 30.476 20.3386 10.0517 11.2546 9.5799 10.2194 6.09137 15.6656 12.5291 17.4968 16.1168 19.495 13.7768 7.97737 5.723 5.76856 5.76974 5.76983 5.76986 5.77 5.77 5.77 5.77 5.77 5.77
5.77 5.77 5.77 5.77 5.77 5.77 5.77 5.77 5.77 5.77 5.77 5.77 5.77 5.76655 8.12528 9.12826 6.59371 9.02994 11.4389 5.63595 5.72867 5.71677 5.42013 7.81473 13.7716 11.0706 4.78385 5.5642 5.58565 4.71276 6.30568 12.3335 14.32 20.0657 22.4862 28.4105 30.2345 35.0411 41.2153 46.2731 73.2363 67.4287 61.0125 54.3833 47.3172 39.19 29.5497 19.7668 20.6144 18.7149 18.8612 14.4814 21.689 20.4507 23.9527 20.8342 21.9083 17.0238 11.1474 5.60491 5.7652 5.77 5.77 5.77 5.77 5.77 5.77 5.77 5.77 5.77 5.77
5.77 5.77 5.77 5.77 5.77 5.77 5.77 5.77 5.77 5.77 5.77 5.77 5.77 5.7614 5.69818 11.4037 13.2086 14.774 13.6853 7.73495 5.23634 5.12944 6.85344 13.0414 16.1187 12.8088 6.19155 6.32716 3.33153 4.23449 11.0748 14.0849 20.3178 22.5083 28.3558 30.3906 34.8227 38.3577 43.1257 47.5692 75.2564 69.4828 62.8014 55.7824 47.9055 38.7537 29.4751 29.9756 27.8573 27.7074 23.295 29.7581 27.4208 30.032 28.7926 26.6212 22.6145 16.7209 10.8482 5.5381 5.77 5.77 5.77 5.77 5.77 5.77 5.77 5.77 5.77 5.77 5.77
5.77 5.77 5.77 5.77 5.77 5.77 5.77 5.77 5.77 5.77 5.77 5.77 5.76673 5.72396 7.94632 13.7346 18.99 20.5678 16.0459 12.8414 10.8105 10.554 12.4128 15.0922 21.2892 14.6557 11.779 11.4219 8.12871 9.57746 11.7716 19.121 22.4365 28.641 30.3212 34.4145 38.4723 42.9405 45.309 47.7879 77.3651 71.3301 64.2739 56.6233 47.9538 39.1834 39.3444 37.0135 36.5683 32.1199 37.8614 35.4938 38.1341 35.8249 33.9797 28.1121 22.2171 16.302 10.4141 5.40835 5.77 5.77 5.77 5.77 5.77 5.77 5.77 5.77 5.77 5.77 5.77
5.77 5.77 5.77 5.77 5.77 5.77 5.77 5.77 5.77 5.77 5.77 5.76868 5.75078 8.06389 13.7695 16.148 21.939 24.2843 21.1611 18.709 16.6899 16.4823 18.2729 20.7623 23.324 20.4356 17.6385 17.2506 14.7532 15.7082 17.8167 20.3957 27.8045 30.2622 34.4512 38.3774 42.5086 45.1661 46.4803 84.0389 79.4896 72.7738 65.338 57.1527 48.901 48.7306 46.1941 45.4555 40.973 46.0315 43.6344 45.4993 43.9548 39.4195 33.5255 27.5883 21.6599 15.7124 9.81738 5.24571 5.77 5.77 5.77 5.77 5.77 5.77 5.77 5.77 5.77 5.77 5.77
5.77 5.77 5.77 5.77 5.77 5.77 5.77 5.77 5.77 5.77 5.77 5.76627 8.14439 11.4833 13.7683 16.146 21.6077 24.0146 26.9774 24.5119 24.2906 22.3265 24.1257 26.5301 28.9828 26.1861 23.34 24.0102 20.3035 22.742 23.9407 26.5712 28.5372 34.0549 38.3472 42.5279 44.7827 44.9943 91.5618 87.5321 81.1614 74.0358 66.3579 58.6464 58.1534 55.419 54.3905 49.8766 54.2212 51.8507 51.1665 50.654 44.7522 38.8155 32.866 26.9067 20.9265 14.925 9.0521 5.06389 5.77 5.77 5.77 5.77 5.77 5.77 5.77 5.77 5.77 5.77 5.77
5.77 5.77 5.77 5.76996 5.76993 5.76996 5.77 5.77 5.77 5.77 5.77 5.76618 8.14979 5.71056 7.92587 13.343 15.6365 21.4431 26.972 30.335 30.0966 32.3035 29.9818 32.33 34.7604 31.8761 32.2436 29.4074 31.712 28.4778 30.0459 32.8569 32.6124 37.2218 42.241 44.591 44.2285 99.1322 95.5708 89.573 82.7333 75.5958 68.4611 67.657 64.7298 63.4298 59.0242 62.4346 60.1231 57.7859 55.9302 49.9965 44.0095 38.0412 32.0501 26.0317 19.9903 13.9215 8.12056 4.88494 5.77 5.77 5.77 5.77 5.77 5.77 5.77 5.77 5.77 5.77 5.77
5.77 5.77 5.76953 5.76617 6.11133 5.76912 5.77 5.77 5.77 5.77 5.77 5.76563 5.7664 5.76063 5.55407 7.06383 12.7938 18.3567 24.2986 30.2283 35.8984 38.205 38.4023 38.2117 40.4914 38.6609 37.9711 40.3824 37.6434 35.308 35.905 38.8702 36.4339 41.0262 43.2492 43.7498 106.818 103.676 98.0656 91.4711 84.5769 78.2635 77.7174 74.8924 73.1512 68.87 70.2363 65.1581 62.7723 59.6534 55.1974 49.1893 43.1579 37.1288 31.0592 24.9732 18.8487 12.6863 7.0316 4.7356 5.77 5.77 5.77 5.77 5.77 5.77 5.77 5.77 5.77 5.77 5.77
5.77 5.77 5.76429 6.0775 8.49386 5.76476 5.77 5.77 5.77 5.77 5.77 5.77 5.77 5.77 5.70719 4.88105 9.53053 15.5021 21.4822 27.4563 33.4248 39.3387 44.3079 44.1788 46.3509 44.4878 46.9002 46.3286 43.5907 43.3145 41.7547 42.8559 47.1242 44.7269 43.1725 113.502 112.271 106.651 100.333 93.781 87.1589 81.954 75.9686 70.4256 68.9037 65.5141 63.5424 61.6428 56.601 54.1312 50.9854 48.2434 42.3102 36.1772 29.9953 23.7829 17.5236 11.237 5.78581 4.66645 5.77 5.77 5.77 5.77 5.77 5.77 5.77 5.77 5.77 5.77 5.77
5.77 5.77 5.74969 8.43725 11.5072 5.74672 5.77 5.77 5.77 5.77 5.77 5.77 5.77 5.77 5.57893 6.64615 12.0459 17.9126 23.8296 29.7493 35.6683 41.5856 47.4818 50.3929 52.2454 50.5255 52.8074 52.1841 50.0208 49.2639 47.6496 50.2149 51.218 53.3005 43.918 113.522 110.116 103.635 97.0376 90.3707 84.6068 78.6602 72.9764 67.0426 61.136 60.2646 56.8623 55.1942 53.1712 47.9547 45.4363 42.2616 39.5833 35.6323 29.571 23.1574 16.6299 10.2323 4.60619 4.31761 5.76673 5.77 5.77 5.77 5.77 5.77 5.77 5.77 5.77 5.77 5.77
5.7683 5.75063 5.62224 11.4077 11.4268 5.71206 5.77 5.77 5.77 5.77 5.77 5.77 5.77 5.75223 5.32099 10.3418 14.872 20.524 26.3369 32.2087 38.0993 43.9474 49.8452 55.7018 58.6442 56.6298 58.6426 57.9999 57.9877 55.1119 54.0886 55.9481 58.4461 53.9859 115.638 113.492 107.334 100.738 94.1265 88.1821 82.0808 76.2896 70.4374 64.6191 58.5854 52.4395 51.7698 48.4179 46.8163 44.7374 39.3603 36.8716 33.7211 31.1726 29.0652 26.6286 20.4042 14.1541 8.50587 3.74733 5.45783 5.77 5.77 5.77 5.77 5.77 5.77 5.77 5.77 5.77 5.77
5.72487 5.83248 7.70792 13.6356 11.2608 5.6684 5.77 5.77 5.77 5.77 5.77 5.77 5.77 5.73985 7.59241 13.023 18.6701 23.3282 28.9649 34.7822 39.037 44.8856 48.8819 53.0904 58.9501 62.7406 64.6288 64.609 63.9122 60.6657 63.2233 61.501 62.1585 59.5942 115.126 111.043 104.651 98.1343 92.1238 85.966 80.0154 74.0176 68.1371 62.2581 56.2757 50.0255 43.6713 43.1486 39.7958 38.1686 36.0031 30.4866 27.9915 24.8074 22.2177 20.0228 18.2937 16.4109 12.9867 8.44428 5.11317 5.77 5.77 5.77 5.77 5.77 5.77 5.77 5.77 5.77 5.77
5.52795 11.064 13.5243 16.0101 11.0066 5.60973 5.77 5.77 5.77 5.77 5.77 5.77 5.77 5.75205 5.31149 10.2506 16.0835 21.9662 27.7377 30.5686 36.4025 40.2861 44.441 50.2036 56.0775 62.0352 67.9572 70.8089 69.7527 71.9252 68.4668 69.549 63.7977 117.76 114.946 108.52 102.11 96.0928 89.9108 83.8428 77.7332 71.6897 65.6347 59.6155 53.5786 47.3821 40.9059 34.3234 34.025 30.5418 28.7603 26.4732 20.7171 18.1214 14.8346 12.2866 9.94996 8.86037 9.90488 7.8468 5.19273 5.77 5.77 5.77 5.77 5.77 5.77 5.77 5.77 5.77 5.77
7.50091 13.2942 19.2482 16.6003 10.6483 5.51688 5.77 5.77 5.77 5.77 5.77 5.77 5.77 5.75703 5.3986 10.5812 16.4385 20.1017 22.029 27.8947 31.6391 35.7086 41.4766 47.3093 53.1778 59.0179 65.043 71.1039 75.8342 78.0281 79.6338 72.4073 121.913 118.472 112.18 105.916 99.7039 93.438 87.286 81.0744 74.8624 68.6156 62.3591 56.0775 49.7744 43.4199 36.8837 30.1479 23.238 23.4966 19.7485 17.8075 15.4122 9.10986 6.28617 3.42142 2.20566 1.11805 2.755 4.3629 5.54488 5.77 5.77 5.77 5.77 5.77 5.77 5.77 5.77 5.77 5.77
10.688 15.556 21.5902 16.0436 10.0155 5.31017 5.77 5.77 5.77 5.77 5.77 5.77 5.77 5.74863 7.91193 10.7708 11.6785 13.2869 19.2825 22.8921 26.8886 32.7016 38.5566 44.4079 50.2123 56.1678 61.9768 66.7106 72.6842 78.1807 84.1012 82.304 120.621 115.437 109.07 102.741 96.4025 90.0476 83.6336 77.2083 70.7306 64.1988 57.6023 50.9446 44.2208 37.4261 30.5393 23.433 16.2344 8.68126 10.3574 6.33208 4.4088 2.18688 0 0 2.5625 4.79681 5.74862 5.77 5.77 5.77 5.77 5.77 5.77 5.77 5.77 5.77 5.77 5.77 5.77
12.6529 18.6906 20.8006 14.5762 8.27935 4.82715 5.77 5.77 5.77 5.77 5.77 5.77 5.77 5.75753 5.69257 4.57609 4.09117 10.4324 13.7946 17.6671 23.628 29.6614 35.6608 41.5351 47.504 53.188 57.7491 63.4075 68.2901 77.4806 84.3225 122.398 119.455 112.048 105.411 98.8135 92.1987 85.5266 78.7782 71.9369 65.007 57.9742 50.8287 43.5612 36.1665 28.6383 20.9684 13.136 4.97486 0 0 0 0 0 0 4.44956 5.77 5.77 5.77 5.77 5.77 5.77 5.77 5.77 5.77 5.77 5.77 5.77 5.77 5.77 5.77
