tests/full-run-ref/erosion_2010_078_16_47.110.asc
ncols 512
nrows 512
xllcorner -3.24582
yllcorner -4.08743
cellsize 5
NODATA_value -99999
[rows 90 to 119 of 512, columns 0 to 66 of 512]
352.814 353.778 353.746 353.722 353.715 353.715 353.715 353.715 353.719 353.732 353.749 353.768 353.793 353.823 353.852 353.871 353.877 353.873 353.865 353.859 353.854 353.849 353.844 353.839 353.834 353.83 353.826 353.823 353.82 353.818 353.815 353.813 353.812 353.81 353.809 353.808 353.807 353.806 353.806 353.806 353.808 353.809 353.812 353.816 353.822 353.83 353.839 353.849 353.861 353.874 353.889 353.906 353.927 353.951 353.977 354.005 354.035 354.067 354.101 354.134 354.169 354.204 354.239 354.273 354.306 354.339 354.37
352.824 353.788 353.757 353.734 353.723 353.72 353.723 353.729 353.739 353.753 353.77 353.788 353.81 353.836 353.86 353.876 353.879 353.874 353.865 353.857 353.851 353.844 353.838 353.832 353.827 353.822 353.818 353.814 353.811 353.809 353.807 353.805 353.804 353.803 353.802 353.801 353.801 353.801 353.801 353.802 353.804 353.806 353.81 353.815 353.822 353.83 353.841 353.853 353.866 353.88 353.897 353.917 353.94 353.966 353.994 354.024 354.056 354.091 354.127 354.163 354.199 354.236 354.273 354.309 354.343 354.376 354.408
352.837 353.801 353.771 353.75 353.74 353.739 353.744 353.752 353.762 353.777 353.794 353.811 353.83 353.851 353.869 353.881 353.881 353.874 353.864 353.854 353.846 353.838 353.83 353.823 353.817 353.812 353.807 353.803 353.8 353.798 353.797 353.795 353.794 353.794 353.793 353.793 353.793 353.794 353.794 353.796 353.799 353.802 353.806 353.812 353.821 353.83 353.842 353.855 353.87 353.887 353.905 353.927 353.952 353.98 354.011 354.043 354.078 354.115 354.153 354.191 354.229 354.268 354.307 354.344 354.379 354.413 354.446
352.851 353.817 353.788 353.768 353.76 353.761 353.768 353.777 353.789 353.805 353.822 353.837 353.852 353.867 353.879 353.885 353.883 353.874 353.862 353.851 353.841 353.831 353.822 353.813 353.806 353.8 353.795 353.791 353.788 353.786 353.785 353.784 353.783 353.783 353.783 353.784 353.784 353.785 353.787 353.789 353.793 353.797 353.802 353.809 353.819 353.83 353.843 353.858 353.875 353.893 353.913 353.937 353.964 353.995 354.028 354.063 354.099 354.138 354.179 354.219 354.259 354.3 354.34 354.378 354.414 354.449 354.482
352.864 353.831 353.804 353.786 353.78 353.783 353.791 353.802 353.814 353.83 353.847 353.861 353.872 353.881 353.887 353.888 353.883 353.872 353.858 353.845 353.834 353.822 353.811 353.802 353.794 353.787 353.782 353.777 353.774 353.773 353.772 353.772 353.771 353.772 353.773 353.774 353.775 353.777 353.779 353.782 353.786 353.791 353.797 353.806 353.817 353.829 353.844 353.86 353.879 353.899 353.921 353.947 353.976 354.009 354.044 354.081 354.12 354.162 354.204 354.246 354.288 354.33 354.372 354.411 354.448 354.484 354.517
352.872 353.841 353.816 353.8 353.795 353.8 353.81 353.821 353.833 353.85 353.866 353.878 353.886 353.89 353.891 353.888 353.88 353.867 353.851 353.837 353.824 353.811 353.798 353.788 353.779 353.772 353.766 353.762 353.76 353.758 353.758 353.759 353.759 353.761 353.762 353.765 353.767 353.769 353.772 353.776 353.781 353.786 353.793 353.803 353.815 353.829 353.845 353.863 353.883 353.904 353.929 353.956 353.988 354.023 354.06 354.099 354.14 354.184 354.228 354.272 354.315 354.359 354.402 354.442 354.48 354.516 354.55
352.877 353.848 353.825 353.811 353.808 353.814 353.825 353.836 353.849 353.865 353.88 353.89 353.894 353.895 353.892 353.886 353.875 353.86 353.843 353.827 353.812 353.797 353.783 353.772 353.763 353.755 353.75 353.746 353.744 353.744 353.745 353.746 353.748 353.75 353.753 353.756 353.759 353.762 353.765 353.77 353.776 353.782 353.79 353.801 353.813 353.828 353.846 353.865 353.887 353.91 353.936 353.966 353.999 354.036 354.075 354.116 354.159 354.204 354.251 354.296 354.341 354.386 354.43 354.471 354.51 354.546 354.58
352.88 353.853 353.833 353.82 353.818 353.825 353.837 353.848 353.861 353.876 353.889 353.898 353.899 353.896 353.89 353.881 353.868 353.85 353.832 353.814 353.798 353.782 353.766 353.754 353.744 353.737 353.732 353.728 353.727 353.728 353.73 353.733 353.736 353.739 353.743 353.747 353.751 353.755 353.759 353.765 353.771 353.779 353.787 353.798 353.812 353.828 353.846 353.867 353.89 353.915 353.943 353.975 354.01 354.049 354.09 354.133 354.177 354.224 354.272 354.319 354.365 354.412 354.457 354.499 354.538 354.574 354.608
352.877 353.853 353.835 353.825 353.824 353.832 353.844 353.856 353.867 353.881 353.893 353.9 353.899 353.894 353.884 353.872 353.857 353.838 353.818 353.799 353.781 353.763 353.747 353.733 353.723 353.716 353.711 353.709 353.708 353.711 353.714 353.718 353.722 353.727 353.733 353.738 353.743 353.748 353.753 353.76 353.767 353.775 353.784 353.796 353.811 353.828 353.847 353.869 353.894 353.92 353.95 353.983 354.02 354.061 354.104 354.148 354.195 354.243 354.293 354.341 354.388 354.436 354.482 354.524 354.564 354.6 354.634
352.867 353.846 353.831 353.822 353.823 353.832 353.845 353.856 353.867 353.88 353.891 353.896 353.893 353.885 353.873 353.859 353.842 353.821 353.799 353.778 353.759 353.74 353.723 353.709 353.699 353.692 353.688 353.686 353.687 353.69 353.696 353.702 353.707 353.714 353.721 353.728 353.734 353.74 353.746 353.754 353.762 353.771 353.781 353.794 353.809 353.827 353.848 353.871 353.897 353.925 353.957 353.991 354.03 354.072 354.117 354.163 354.211 354.261 354.312 354.361 354.409 354.458 354.504 354.548 354.587 354.624 354.658
352.848 353.831 353.818 353.812 353.815 353.825 353.838 353.849 353.86 353.872 353.882 353.886 353.881 353.871 353.857 353.841 353.822 353.799 353.776 353.754 353.734 353.713 353.695 353.681 353.671 353.664 353.661 353.66 353.663 353.668 353.676 353.683 353.691 353.7 353.709 353.717 353.725 353.732 353.74 353.748 353.757 353.767 353.778 353.791 353.808 353.827 353.849 353.873 353.9 353.93 353.963 353.999 354.039 354.083 354.129 354.177 354.226 354.277 354.329 354.379 354.429 354.478 354.525 354.569 354.609 354.646 354.679
352.822 353.809 353.8 353.796 353.8 353.811 353.825 353.837 353.847 353.859 353.867 353.87 353.864 353.852 353.836 353.818 353.797 353.774 353.749 353.726 353.704 353.683 353.664 353.649 353.64 353.634 353.632 353.632 353.636 353.644 353.654 353.664 353.674 353.684 353.695 353.706 353.715 353.724 353.732 353.742 353.752 353.763 353.774 353.789 353.807 353.827 353.849 353.875 353.903 353.935 353.969 354.007 354.048 354.093 354.141 354.19 354.24 354.292 354.345 354.396 354.446 354.496 354.544 354.588 354.628 354.665 354.698
352.791 353.781 353.775 353.774 353.78 353.792 353.805 353.817 353.828 353.839 353.846 353.848 353.841 353.827 353.81 353.79 353.769 353.743 353.717 353.693 353.671 353.649 353.629 353.614 353.605 353.6 353.599 353.601 353.607 353.617 353.629 353.641 353.654 353.667 353.68 353.693 353.704 353.714 353.724 353.735 353.746 353.758 353.77 353.786 353.805 353.826 353.849 353.876 353.906 353.939 353.974 354.013 354.056 354.103 354.152 354.202 354.253 354.306 354.36 354.412 354.463 354.513 354.561 354.605 354.645 354.682 354.715
352.755 353.749 353.746 353.746 353.753 353.766 353.779 353.791 353.801 353.811 353.819 353.819 353.811 353.797 353.778 353.758 353.735 353.709 353.682 353.656 353.633 353.61 353.589 353.574 353.565 353.561 353.562 353.565 353.573 353.586 353.6 353.615 353.63 353.646 353.662 353.677 353.69 353.702 353.713 353.726 353.738 353.751 353.765 353.782 353.801 353.824 353.848 353.876 353.908 353.942 353.979 354.019 354.064 354.111 354.162 354.213 354.265 354.319 354.374 354.427 354.478 354.528 354.577 354.621 354.661 354.698 354.731
352.713 353.71 353.709 353.711 353.719 353.732 353.745 353.756 353.766 353.777 353.783 353.784 353.775 353.761 353.742 353.721 353.697 353.669 353.641 353.615 353.591 353.567 353.546 353.531 353.522 353.519 353.52 353.526 353.536 353.551 353.569 353.586 353.604 353.622 353.641 353.658 353.674 353.688 353.701 353.715 353.73 353.743 353.758 353.776 353.797 353.821 353.847 353.876 353.909 353.944 353.983 354.025 354.07 354.119 354.17 354.223 354.276 354.331 354.386 354.44 354.491 354.542 354.591 354.635 354.676 354.712 354.745
352.666 353.666 353.666 353.67 353.679 353.691 353.704 353.715 353.725 353.735 353.741 353.741 353.733 353.719 353.699 353.678 353.654 353.626 353.597 353.57 353.545 353.52 353.498 353.483 353.475 353.473 353.476 353.483 353.495 353.513 353.534 353.554 353.575 353.597 353.618 353.638 353.656 353.672 353.688 353.704 353.719 353.735 353.751 353.77 353.793 353.817 353.844 353.875 353.909 353.946 353.986 354.029 354.076 354.126 354.178 354.232 354.286 354.342 354.398 354.452 354.504 354.555 354.604 354.648 354.689 354.725 354.758
352.617 353.619 353.62 353.625 353.634 353.645 353.657 353.668 353.677 353.687 353.693 353.694 353.685 353.671 353.652 353.631 353.606 353.577 353.547 353.519 353.493 353.468 353.446 353.43 353.423 353.421 353.426 353.434 353.449 353.47 353.494 353.518 353.541 353.566 353.591 353.614 353.635 353.653 353.671 353.689 353.707 353.724 353.741 353.762 353.786 353.812 353.84 353.872 353.908 353.946 353.988 354.032 354.08 354.132 354.185 354.239 354.295 354.351 354.408 354.463 354.515 354.567 354.616 354.66 354.701 354.738 354.77
352.569 353.572 353.574 353.578 353.586 353.597 353.607 353.617 353.626 353.635 353.641 353.641 353.633 353.618 353.6 353.579 353.553 353.523 353.492 353.463 353.436 353.41 353.387 353.371 353.364 353.364 353.369 353.379 353.397 353.42 353.447 353.474 353.501 353.53 353.558 353.585 353.608 353.63 353.65 353.671 353.69 353.709 353.729 353.751 353.776 353.804 353.834 353.867 353.904 353.944 353.988 354.034 354.083 354.136 354.191 354.246 354.302 354.36 354.418 354.473 354.526 354.578 354.627 354.672 354.713 354.75 354.782
352.523 353.526 353.527 353.53 353.537 353.546 353.554 353.562 353.57 353.578 353.584 353.584 353.576 353.562 353.544 353.523 353.497 353.466 353.433 353.404 353.376 353.348 353.324 353.308 353.301 353.301 353.307 353.319 353.339 353.365 353.396 353.426 353.456 353.489 353.521 353.551 353.578 353.602 353.625 353.648 353.671 353.691 353.713 353.737 353.764 353.794 353.825 353.86 353.899 353.941 353.986 354.033 354.084 354.139 354.195 354.251 354.309 354.368 354.426 354.482 354.536 354.588 354.638 354.684 354.724 354.761 354.794
352.476 353.479 353.478 353.48 353.485 353.491 353.497 353.503 353.51 353.517 353.523 353.522 353.514 353.501 353.483 353.462 353.436 353.404 353.37 353.339 353.31 353.281 353.256 353.239 353.232 353.233 353.24 353.254 353.275 353.305 353.339 353.372 353.406 353.443 353.479 353.513 353.543 353.571 353.597 353.623 353.648 353.671 353.695 353.721 353.75 353.781 353.815 353.852 353.892 353.936 353.982 354.031 354.084 354.14 354.197 354.255 354.314 354.374 354.433 354.49 354.545 354.598 354.648 354.694 354.735 354.773 354.806
352.43 353.431 353.428 353.427 353.43 353.433 353.436 353.439 353.444 353.45 353.455 353.454 353.446 353.433 353.416 353.394 353.367 353.334 353.3 353.268 353.237 353.206 353.18 353.162 353.155 353.156 353.165 353.18 353.204 353.236 353.273 353.311 353.349 353.39 353.43 353.468 353.502 353.534 353.564 353.593 353.621 353.647 353.673 353.702 353.733 353.766 353.802 353.84 353.883 353.928 353.977 354.028 354.082 354.139 354.199 354.258 354.318 354.379 354.44 354.498 354.553 354.607 354.658 354.705 354.746 354.784 354.818
352.383 353.382 353.376 353.372 353.371 353.37 353.369 353.369 353.372 353.376 353.379 353.377 353.368 353.356 353.338 353.317 353.289 353.254 353.218 353.185 353.153 353.12 353.093 353.075 353.067 353.069 353.078 353.095 353.121 353.157 353.198 353.239 353.282 353.327 353.373 353.415 353.454 353.49 353.524 353.558 353.589 353.618 353.647 353.679 353.713 353.748 353.786 353.826 353.871 353.918 353.969 354.022 354.078 354.137 354.198 354.259 354.32 354.383 354.445 354.504 354.561 354.616 354.668 354.715 354.758 354.796 354.83
352.34 353.335 353.325 353.317 353.312 353.306 353.301 353.297 353.296 353.298 353.299 353.295 353.286 353.272 353.255 353.232 353.203 353.167 353.129 353.094 353.061 353.026 352.997 352.978 352.971 352.972 352.982 353 353.029 353.068 353.113 353.159 353.206 353.257 353.308 353.355 353.399 353.44 353.479 353.517 353.552 353.585 353.617 353.652 353.689 353.727 353.767 353.81 353.856 353.906 353.958 354.013 354.071 354.133 354.195 354.258 354.322 354.386 354.45 354.51 354.568 354.625 354.678 354.726 354.769 354.809 354.843
352.299 353.289 353.274 353.261 353.25 353.239 353.229 353.22 353.216 353.215 353.213 353.207 353.196 353.182 353.163 353.14 353.109 353.071 353.032 352.995 352.96 352.924 352.893 352.873 352.865 352.866 352.877 352.897 352.929 352.971 353.02 353.07 353.122 353.178 353.235 353.288 353.337 353.384 353.429 353.471 353.511 353.548 353.584 353.622 353.662 353.702 353.745 353.79 353.839 353.891 353.946 354.003 354.063 354.126 354.191 354.256 354.321 354.388 354.453 354.516 354.575 354.633 354.687 354.737 354.781 354.821 354.857
352.251 353.237 353.216 353.197 353.181 353.164 353.148 353.134 353.126 353.121 353.117 353.108 353.095 353.079 353.059 353.035 353.002 352.962 352.921 352.882 352.845 352.807 352.775 352.754 352.746 352.747 352.759 352.781 352.815 352.861 352.915 352.97 353.027 353.09 353.153 353.213 353.268 353.321 353.371 353.42 353.464 353.506 353.546 353.588 353.631 353.675 353.72 353.768 353.82 353.874 353.931 353.99 354.053 354.118 354.185 354.252 354.319 354.388 354.455 354.52 354.581 354.64 354.696 354.747 354.793 354.835 354.871
352.191 353.172 353.145 353.12 353.099 353.076 353.053 353.034 353.021 353.012 353.004 352.992 352.976 352.959 352.938 352.911 352.876 352.835 352.792 352.751 352.712 352.673 352.639 352.617 352.609 352.611 352.624 352.648 352.685 352.736 352.794 352.855 352.919 352.989 353.06 353.127 353.189 353.249 353.307 353.362 353.412 353.459 353.504 353.55 353.598 353.644 353.693 353.744 353.798 353.854 353.913 353.975 354.04 354.108 354.177 354.246 354.316 354.386 354.456 354.523 354.586 354.648 354.705 354.758 354.806 354.848 354.886
352.123 353.098 353.066 353.035 353.007 352.977 352.948 352.923 352.904 352.891 352.878 352.862 352.843 352.823 352.8 352.771 352.734 352.69 352.645 352.603 352.562 352.521 352.485 352.463 352.455 352.458 352.472 352.499 352.54 352.596 352.66 352.727 352.798 352.876 352.955 353.031 353.101 353.17 353.236 353.298 353.355 353.407 353.458 353.509 353.561 353.611 353.662 353.716 353.773 353.832 353.893 353.957 354.024 354.095 354.166 354.238 354.31 354.383 354.456 354.525 354.59 354.654 354.714 354.769 354.818 354.863 354.902
352.047 353.017 352.978 352.94 352.906 352.868 352.832 352.8 352.776 352.757 352.739 352.718 352.696 352.673 352.647 352.615 352.576 352.53 352.482 352.438 352.396 352.353 352.316 352.293 352.286 352.29 352.306 352.335 352.381 352.442 352.512 352.586 352.666 352.752 352.841 352.926 353.005 353.083 353.157 353.228 353.292 353.351 353.408 353.464 353.52 353.574 353.629 353.686 353.746 353.807 353.871 353.937 354.007 354.08 354.154 354.228 354.303 354.379 354.454 354.526 354.594 354.661 354.723 354.78 354.831 354.878 354.919
351.955 352.919 352.873 352.829 352.788 352.743 352.7 352.661 352.631 352.606 352.583 352.558 352.531 352.505 352.476 352.442 352.4 352.351 352.301 352.256 352.211 352.167 352.129 352.106 352.099 352.104 352.123 352.156 352.206 352.273 352.35 352.432 352.52 352.616 352.715 352.81 352.899 352.987 353.072 353.151 353.223 353.29 353.353 353.415 353.476 353.535 353.593 353.653 353.716 353.78 353.846 353.915 353.987 354.062 354.139 354.216 354.294 354.373 354.451 354.525 354.597 354.666 354.731 354.791 354.845 354.893 354.936
351.838 352.796 352.744 352.694 352.646 352.595 352.545 352.5 352.464 352.433 352.405 352.376 352.345 352.316 352.284 352.247 352.203 352.152 352.101 352.053 352.008 351.962 351.923 351.901 351.894 351.901 351.922 351.958 352.014 352.087 352.172 352.262 352.36 352.467 352.577 352.683 352.784 352.883 352.978 353.067 353.148 353.223 353.293 353.362 353.428 353.491 353.553 353.617 353.683 353.749 353.818 353.889 353.964 354.042 354.121 354.201 354.282 354.364 354.445 354.523 354.598 354.67 354.739 354.801 354.857 354.908 354.953
