tests/full-run-ref/erosion_86_12_73.390.asc
ncols 512
nrows 512
xllcorner -3.24582
yllcorner -4.08743
cellsize 5
NODATA_value -99999
[rows 180 to 209 of 512, columns 68 to 135 of 512]
11.5274 11.54 11.54 11.54 11.54 11.54 11.54 11.54 11.54 11.54 11.54 11.54 11.54 11.54 11.54 11.54 11.54 11.54 11.54 11.54 11.54 11.54 11.54 11.54 11.54 11.54 11.54 11.54 11.54 11.54 11.54 11.54 11.54 11.54 11.54 11.54 11.54 11.54 11.54 11.54 11.54 11.54 11.54 11.54 11.54 11.54 11.54 11.54 11.54 11.54 11.54 11.54 11.54 11.54 11.54 11.54 11.54 11.54 11.54 11.54 11.54 11.54 11.54 11.54 11.54 11.54 11.54 11.54
11.5263 11.522 11.5122 11.54 11.54 11.54 11.5073 11.54 11.54 11.54 11.5149 11.5057 11.4943 11.54 11.4516 11.394 11.3097 11.212 11.1361 11.0488 10.9383 10.8381 10.8054 11.54 11.54 11.54 11.54 11.54 10.9278 10.9232 11.54 10.9755 11.54 11.54 11.54 11.54 10.8815 10.9128 11.54 11.0147 11.54 11.54 11.54 11.54 11.54 11.0502 11.0138 11.0146 11.54 11.54 11.54 11.54 11.54 11.54 11.254 11.54 11.3193 11.335 11.3293 11.2794 11.54 11.54 11.1745 11.54 11.1551 11.54 11.54 11.1751
11.54 11.54 11.4885 11.4761 11.4444 11.4738 11.4799 11.467 11.5002 11.4778 11.4787 11.4596 11.3863 11.4059 11.3851 11.313 11.115 10.9176 10.7733 10.6607 10.4528 10.1623 9.84563 9.28328 9.93891 9.2512 9.91279 9.28199 9.7749 9.61916 10.2863 10.3441 9.80265 10.2034 9.5849 10.1144 10.278 10.1231 9.76723 9.99364 10.5755 10.1775 10.6025 10.2648 10.6056 10.6681 10.5327 10.3397 10.0057 10.4841 10.1035 10.5953 10.3884 10.7882 10.9191 10.766 10.9557 10.9919 10.967 10.7442 10.9309 10.5364 10.4616 10.7621 10.723 10.437 10.7292 10.868
11.5234 11.5182 11.54 11.5048 11.5054 11.394 11.4452 11.5124 11.4805 11.5101 11.5076 11.4967 11.4714 11.3154 11.1407 11.062 10.4578 10.3047 9.61897 9.76759 8.78427 9.00413 8.31993 10.4318 9.93818 10.7135 9.3374 10.5552 10.6541 10.6837 9.59035 9.1541 10.6349 10.0241 10.7388 8.37099 9.19467 8.88576 10.8288 10.858 10.5952 11.0491 10.2413 10.9041 10.0126 9.3765 9.70393 9.24162 10.7712 10.4332 10.993 10.204 10.9613 10.3419 10.1991 11.1731 11.2075 11.2185 11.2245 11.1503 10.8965 11.2176 11.189 9.90708 10.3371 11.1367 9.81518 10.1586
11.5012 11.4845 11.504 11.54 11.54 11.54 11.54 11.54 11.54 11.54 11.54 11.54 11.54 11.54 11.54 11.54 11.54 11.54 11.54 11.54 11.54 11.54 11.54 11.54 11.54 11.54 11.54 11.54 11.54 11.54 11.54 11.54 11.54 11.54 11.54 11.54 11.54 11.54 11.54 11.54 11.54 11.54 11.54 11.54 11.54 11.54 11.54 11.54 11.54 11.54 11.54 11.54 11.54 11.54 11.54 11.54 11.54 11.54 11.54 11.54 11.54 11.54 11.54 11.54 11.54 11.54 11.54 11.54
11.5218 11.5116 11.4923 11.54 11.4901 11.54 11.54 11.54 11.4888 11.54 11.54 11.54 11.54 11.2847 11.54 11.54 10.8663 10.6619 10.2572 11.54 11.54 9.76951 11.54 11.54 11.54 9.49537 11.54 11.54 11.54 9.88599 9.96758 9.78203 11.54 9.53649 9.69168 9.84738 9.81957 11.54 11.54 11.54 10.5868 10.4134 10.2566 11.54 9.84006 9.84651 11.54 11.54 10.0461 10.2628 11.54 10.5612 11.54 11.54 11.54 11.54 10.9514 10.9605 10.9073 11.54 10.8168 10.8612 10.8559 11.54 10.7146 11.54 11.54 10.2556
11.54 11.54 11.4881 11.4777 11.4194 11.3946 11.447 11.3973 11.3908 11.4273 11.2684 11.28 11.0033 10.7344 10.8122 10.0031 9.58655 9.01097 7.53467 8.3953 6.4011 6.28271 8.24164 6.58779 7.22593 6.94952 5.78037 7.66384 5.84256 7.16493 7.21945 5.71845 6.93748 7.80128 8.05537 8.58794 8.19453 7.13583 8.83059 8.01956 8.66985 8.49726 7.24218 8.05904 8.31648 7.94406 6.67669 7.99269 8.76923 8.66541 8.00938 8.57416 9.68367 9.13361 10.1541 9.6643 10.0984 10.1305 9.60845 10.0432 10.0822 10.3418 10.2782 9.44207 8.91699 9.41391 7.91864 8.49563
11.54 11.5106 11.54 11.4393 11.3414 11.4693 11.4472 11.493 11.4909 11.3664 11.3945 11.2534 11.3714 11.2951 10.5978 10.8828 10.6013 10.2133 9.618 7.99707 9.76939 9.75187 6.78701 9.00019 5.03943 3.00949 8.71627 6.97751 8.67913 8.98654 9.06094 8.75899 4.22922 2.53146 5.41336 3.88722 6.09519 9.75838 7.27015 9.66298 9.73758 9.67731 9.41011 5.62627 3.55194 5.73988 9.73416 4.09576 6.03803 5.58145 9.98981 10.059 9.5523 10.5791 9.48208 10.6359 10.7807 10.7406 10.6712 9.0708 8.24397 9.16615 8.77874 10.6059 10.2415 9.18772 10.2894 10.4095
11.4761 11.4706 11.4913 11.4959 11.5003 11.4975 11.4751 11.4881 11.4686 11.4526 11.3995 11.3818 11.2634 11.3084 11.2611 11.1149 10.8995 10.5953 10.1859 9.06345 9.22478 8.76727 8.97737 8.96852 9.68912 9.75758 9.69293 8.81432 8.93574 9.02744 8.99786 8.68603 9.38059 9.41949 9.29388 9.44955 9.70086 9.2498 9.51335 9.6938 9.66441 9.47757 11.54 11.54 11.54 11.54 11.54 11.54 11.54 11.54 11.54 11.54 11.54 11.54 11.54 11.54 11.54 11.54 11.54 11.54 11.54 11.54 11.54 11.54 11.54 11.54 11.54 11.54
11.5189 11.5138 11.4928 11.494 11.4856 11.5008 11.4994 11.4874 11.4821 11.459 11.4 11.4105 11.3615 11.2068 11.1837 10.8195 10.6985 10.0272 10.1697 9.9292 9.10239 9.01993 9.10677 9.07286 9.63375 8.84946 9.59163 9.60436 9.87487 9.57807 9.54915 8.32259 9.11878 8.73866 9.29282 9.44445 9.89192 9.88329 10.1001 10.1227 10.1066 9.71416 9.72312 8.81217 9.34152 8.98867 8.92148 9.45584 9.59193 9.82178 9.86047 9.95116 9.76901 9.98476 10.0708 10.1939 10.2976 10.4064 10.4033 10.5461 10.362 10.3878 10.3092 10.1053 9.71996 9.7348 9.62431 9.28538
11.54 11.54 11.54 11.54 11.54 11.54 11.54 11.54 11.54 11.54 11.54 11.54 11.54 11.54 11.54 11.54 11.54 11.54 11.54 11.54 11.54 11.54 11.54 11.54 11.54 11.54 11.54 11.54 11.54 11.54 11.54 11.54 11.54 11.54 11.54 11.54 11.54 11.54 11.54 11.54 11.54 11.54 11.54 8.06326 8.41534 9.16668 8.82565 5.97365 6.8159 6.61363 7.49812 7.27085 7.65229 7.87576 8.11518 8.37207 8.58163 8.89958 8.95161 9.12929 9.01764 8.89906 8.62898 8.14317 7.59919 6.52386 6.75854 6.92972
11.5168 11.5041 11.4968 11.4965 11.491 11.4832 11.4759 11.4359 11.54 11.54 11.3083 11.2669 11.54 11.54 10.9992 10.5204 11.54 11.54 9.22419 8.64938 8.80373 8.01466 8.39984 8.08872 8.56863 8.59125 9.0785 8.99322 8.51767 8.08694 8.21549 7.3535 8.07647 7.86179 8.45258 8.51558 8.91599 8.81534 8.46569 8.43235 8.72567 8.40098 8.33075 11.54 11.54 11.54 11.54 11.54 11.54 11.54 11.54 11.54 11.54 11.54 11.54 11.54 11.54 11.54 11.54 11.54 11.54 11.54 11.54 11.54 11.54 11.54 11.54 11.54
11.4818 11.4629 11.4448 11.4404 11.4356 11.4194 11.3663 11.221 11.2674 11.0118 10.9515 10.7308 10.9317 10.3087 10.0272 8.25721 8.54469 6.00587 5.836 5.07842 5.0316 4.50339 3.65742 4.14568 4.56615 4.88569 5.52021 4.73043 4.40294 3.36503 3.19209 1.73532 2.65226 3.42916 4.13945 4.79404 4.02267 4.56078 4.4864 4.55755 3.51166 3.95991 2.92455 3.79827 6.76152 8.03605 8.12241 8.59236 8.76225 8.8952 8.84296 9.00817 8.88124 9.05592 9.1362 9.49366 9.63478 9.92294 9.9787 9.9805 9.96132 9.80047 9.44182 9.07087 8.81272 8.37634 8.1115 8.19755
11.54 11.54 11.54 11.54 11.54 11.54 11.54 11.54 11.3756 11.3645 11.3416 11.2454 10.6513 11.0135 10.7816 10.0447 8.58421 9.82991 9.63413 8.53415 8.12724 8.25762 8.07849 8.27392 8.47717 8.65802 8.39652 8.34775 7.92104 7.48953 7.29136 6.68144 7.20111 7.03733 7.83733 7.81719 7.81775 7.97228 7.57378 7.89175 7.74595 7.76309 7.73543 7.01585 2.54829 3.38161 3.39452 3.78077 4.67465 4.92386 5.16042 5.2936 5.27274 5.23541 5.75566 6.42327 7.04692 7.44492 7.82279 7.86292 7.80939 7.33673 6.70865 5.68707 4.85225 4.04043 3.66105 3.20753
11.5078 11.5001 11.4892 11.4835 11.4744 11.4532 11.4216 11.3637 11.339 11.2541 11.2645 11.1412 11.091 10.97 10.7934 10.2466 10.0315 8.98764 9.13653 8.58204 8.43238 7.8972 8.19469 7.93062 8.4851 8.35705 8.53387 8.33451 7.94126 7.43451 7.36006 6.61694 7.18459 7.42656 7.44521 7.80678 7.70654 7.87512 7.82397 7.38415 7.72062 7.31808 7.48223 7.55431 7.18235 7.2635 7.64685 7.79154 7.91691 8.2629 8.36695 8.47218 8.37689 8.46629 8.63991 8.97267 9.21423 9.50288 9.70438 9.75763 9.7529 9.5863 9.28085 8.79155 8.12313 7.86953 7.69041 7.44952
11.4667 11.4432 11.4228 11.4079 11.3816 11.3293 11.2494 11.1424 11.3451 11.3206 11.1989 11.1211 11.0209 10.8958 10.7531 10.369 10.5351 10.0076 8.93089 8.78109 8.21736 7.87296 8.12948 8.22046 8.07282 8.31208 8.41101 8.31066 7.97275 7.34772 7.3325 6.69227 7.1017 7.0385 7.35649 7.61409 7.5244 7.83772 7.54314 7.44135 7.86438 7.39619 6.81898 7.23729 7.22588 7.08512 7.47725 7.61394 7.94516 8.19972 8.35797 8.44737 8.41336 8.46353 8.64875 8.82702 9.14162 9.42813 9.6588 9.77319 9.81056 9.61563 9.36967 8.78547 8.16602 7.77527 7.59134 7.07402
11.4932 11.54 11.54 11.54 11.54 11.54 11.54 11.54 11.54 11.54 11.54 11.54 11.54 11.54 11.54 11.54 11.54 11.54 11.54 11.54 11.54 11.54 11.54 11.54 11.54 11.54 7.84898 11.54 11.54 11.54 11.54 11.54 11.54 11.54 11.54 11.54 11.54 11.54 11.54 11.54 11.54 11.54 11.54 11.54 7.28377 7.02643 11.54 11.54 11.54 11.54 11.54 11.54 11.54 11.54 11.54 11.54 11.54 11.54 11.54 11.54 11.54 11.54 11.54 11.54 11.54 11.54 11.54 7.3857
11.54 11.54 11.54 11.54 11.54 11.54 11.54 11.54 11.54 11.2105 11.1357 11.0224 10.9006 10.7816 10.6297 10.3918 9.94156 9.41221 8.79211 8.09587 7.53275 7.42129 7.26776 6.54101 6.77749 6.20221 6.24859 6.71183 6.7863 6.65296 6.80222 5.41072 6.75607 6.42851 6.80163 6.8422 7.03864 7.13787 6.58675 5.97127 6.40069 5.88192 6.49957 6.3394 7.28327 6.51635 6.7025 6.88752 7.32942 7.4779 6.58779 7.22999 7.44236 7.6218 7.99887 8.08597 8.18773 8.14668 8.39263 8.61701 8.7065 8.55399 8.25719 8.06344 7.55032 6.95525 6.1117 6.135
11.4227 11.463 11.27 11.3315 11.1527 11.1996 10.8887 11.0028 10.6488 10.6016 10.4602 10.0715 9.87877 9.37329 9.14489 8.46237 7.66621 6.4263 4.7866 2.69044 2.08252 1.63795 1.66553 6.18491 6.25374 6.42133 6.6836 6.1482 0 0 0.405071 4.98877 5.92193 0 0 0 0.991727 0 0.861283 6.6677 6.60105 6.68009 6.1613 5.40378 6.03783 5.82425 6.16669 0.442064 0 2.02088 7.13319 6.68132 0.88965 0 1.5726 1.03577 2.45977 2.90934 3.4445 3.98912 4.13153 3.85897 3.22848 2.15844 0 1.32543 6.70859 6.58693
11.2578 11.3614 11.4299 11.2288 11.3446 11.2055 11.3118 10.8096 11.15 11.0834 10.9396 10.7787 10.6715 10.499 10.1887 9.96289 9.59558 9.04112 8.08646 7.10458 6.45756 5.93251 6.42895 5.94224 6.02557 5.60648 4.97648 5.83535 6.13212 5.28519 6.2329 4.95448 6.1577 5.08325 6.53226 6.4182 6.95211 6.52811 6.11194 5.36309 5.7873 5.57713 6.23773 6.43827 6.44246 6.31936 5.43077 6.55074 6.68029 6.73035 5.55438 6.06064 6.54664 6.87648 7.37573 7.21539 7.20161 6.89856 7.17763 7.42221 7.52621 7.40238 7.13247 7.21097 6.88352 6.49595 5.33725 5.6963
11.4498 11.4468 11.4076 11.4011 11.3673 11.3647 11.26 11.208 11.1589 11.0555 10.9366 10.7684 10.6254 10.3662 10.1195 9.7883 9.45697 8.92386 8.08108 7.03621 7.14296 6.22841 6.81281 6.91308 5.77111 6.32404 6.2679 5.62672 6.05832 5.12102 6.122 4.75685 6.03379 4.91902 5.81702 5.34609 5.86541 5.93261 6.23398 6.54978 6.6509 6.26178 5.86103 5.01779 5.70866 5.73603 5.10936 5.87659 5.27287 6.46113 6.79077 6.35003 6.09881 5.68409 6.24875 5.6255 6.36959 6.57573 6.80118 7.07908 7.17326 7.07396 6.83548 6.41653 5.38712 5.96757 5.25761 6.42773
11.54 11.54 11.54 11.54 11.54 11.54 11.54 11.54 11.54 11.54 11.54 11.54 11.54 11.54 11.54 11.54 11.54 11.54 11.54 11.54 11.54 11.54 5.2885 5.36993 5.12651 5.63188 5.37708 5.3227 6.08342 5.11384 6.02181 4.64397 5.71266 4.70735 6.21521 6.13314 6.57333 6.74161 6.15066 5.33541 5.82047 5.33614 6.0916 6.56082 5.74536 6.2533 6.25619 6.70485 6.49936 6.63145 5.53111 5.88566 5.89948 5.38669 6.61885 6.73175 6.62128 6.25432 6.50589 6.74734 6.84158 6.75367 6.56679 6.76236 6.65335 6.74672 6.37181 5.91953
11.4004 11.54 11.3111 11.54 11.2367 11.1438 10.9965 10.8033 10.5826 10.3274 10.0936 9.82029 9.50231 9.10408 8.64517 8.12592 7.63818 7.23695 6.74618 5.48061 6.39469 5.46259 5.81315 6.43675 6.60581 6.01375 6.5069 6.62465 6.58649 5.0196 6.08843 4.66368 6.03648 5.75825 5.31563 5.3144 5.26369 5.06051 6.14976 6.7753 6.62793 6.38315 5.86722 5.31268 5.5142 5.97362 5.29619 5.88736 5.39563 6.16104 5.32611 5.79048 6.10955 6.43038 6.23726 5.1653 5.81298 6.04123 6.28151 6.50333 6.5766 6.50096 6.32749 6.06691 5.42152 6.18464 5.57857 6.24866
11.1087 11.1568 11.0542 10.7458 10.7152 10.4493 10.0393 9.49064 8.82166 8.09523 7.42887 6.84858 6.14284 5.20399 4.07405 2.86571 1.75464 1.04272 1.45549 6.29914 6.57649 5.67959 5.98976 5.39694 5.14925 5.89464 5.51337 5.07994 5.90367 5.26664 6.15934 4.78039 5.7683 5.35148 5.94326 5.82586 5.97909 6.66823 6.34775 5.19205 5.76667 5.11287 5.91689 6.16332 6.14514 6.17805 5.24824 6.05896 5.31919 6.43143 6.41177 6.22708 6.0279 5.40712 6.40538 6.47092 6.32866 5.99792 6.201 6.38786 6.42634 6.33957 6.20414 6.48752 6.71796 6.70672 6.36016 6.0276
11.54 11.1052 10.6564 11.2218 11.1558 11.025 10.8408 10.5648 10.2255 9.84314 9.51556 9.20026 8.804 8.30417 7.71712 7.13446 6.66218 6.54712 6.56613 5.65498 6.00145 5.37109 5.65117 6.00037 6.7134 5.80612 6.41466 6.63408 6.7792 5.19514 6.21868 4.76939 5.92411 5.13967 5.64249 5.8113 6.04897 5.13679 5.89904 5.0854 5.55903 5.24524 5.85815 5.53628 5.6131 6.23479 6.47627 6.69314 6.4162 6.19825 5.31598 6.12664 6.14274 6.03618 6.22855 5.40599 6.02448 6.0693 6.3058 6.44943 6.38984 6.27512 6.08024 5.83757 5.41516 5.76822 5.86881 6.69936
11.54 11.54 11.54 11.54 11.54 11.54 11.54 11.54 11.54 11.54 11.54 11.54 11.54 11.54 11.54 11.54 6.53498 11.54 11.54 6.66758 6.34537 6.26683 5.77247 5.51649 5.56222 5.88776 6.21135 5.53939 5.86033 4.9056 5.96685 4.82931 6.02253 6.35939 6.30205 6.54275 5.8956 5.09627 6.22132 6.05336 6.82506 6.43431 6.27525 5.90675 6.18715 6.36664 5.75515 5.7742 5.03968 6.07618 6.7697 6.63479 6.92163 6.08872 6.06677 5.16211 6.28909 6.42265 6.80999 6.71789 6.58917 6.1911 6.07636 6.07665 6.26648 6.39383 6.22858 6.1731
11.1127 10.9498 11.54 10.84 10.6446 11.54 10.1687 9.82846 9.28862 9.45285 11.54 11.54 7.80103 8.02345 6.54021 5.48681 5.35125 5.58314 6.04288 6.25402 6.24305 5.67787 5.05344 5.98232 6.71495 7.03842 7.2503 6.77516 6.84977 6.10972 6.33407 5.00066 5.82254 5.2551 5.01337 6.14163 6.81436 6.37131 6.01389 5.02896 5.81858 5.09283 5.77505 6.29633 6.71337 6.86579 6.51808 6.74092 6.39193 6.23193 5.58151 5.93766 5.87685 5.30952 5.92593 6.26455 6.40321 5.88188 6.8444 6.41032 6.55157 6.23364 6.04979 5.89377 5.75675 5.58647 5.71658 6.79176
10.9544 10.2034 10.409 10.2467 9.77505 8.61363 8.54693 7.63442 6.5944 5.40678 5.70674 2.59962 3.10684 2.97414 1.13096 6.04818 6.09637 5.66243 6.31365 7.01727 5.99625 6.13423 5.33867 5.3516 5.67893 5.49392 6.02018 5.29835 5.8191 5.01286 5.81326 5.23435 5.83523 6.10278 6.82513 6.13115 6.16808 5.3868 6.18865 5.30583 6.55684 6.60333 6.47657 6.04838 5.88661 6.36431 5.91701 5.85975 5.16818 6.3184 6.77099 6.46287 6.19171 6.09382 6.17883 5.49349 6.53659 6.99709 7.23853 6.87124 6.72796 6.25799 6.31147 6.27754 6.23197 6.07622 6.3418 6.49421
11.54 11.54 10.1885 8.42078 8.91777 10.6142 10.4714 10.3213 9.95224 9.45994 8.49094 8.35116 7.82998 7.49339 6.08622 5.48943 5.1585 5.48426 5.4602 5.33205 5.77236 6.282 5.79474 5.92246 5.82496 5.05837 6.17297 6.14271 6.10194 4.89875 6.12198 6.14244 5.45177 5.82028 5.47274 5.69937 6.34135 5.05982 6.09658 5.27403 6.07856 5.49248 6.08147 6.16705 6.50778 6.63025 6.39597 6.59456 6.72738 6.46664 4.97821 5.2513 5.38273 5.75336 6.41001 6.63609 6.33534 5.65998 6.19032 5.95924 6.29531 6.38589 6.6461 6.75625 6.45972 6.61185 6.41917 6.83314
11.1514 10.8927 10.8945 10.8404 10.3507 10.3797 9.78317 9.91671 9.07825 9.75632 9.83634 8.81085 8.49966 7.37159 6.5191 5.87904 5.43914 5.8322 5.98045 6.17005 6.54049 5.96447 5.33446 5.91088 6.00843 6.295 6.0687 5.58331 6.07708 6.06582 6.08011 5.59729 5.85962 6.21367 6.48979 6.66308 6.54086 6.26271 6.60588 6.12048 6.23129 5.15409 5.91565 5.77523 5.71175 5.63646 5.73754 5.81583 5.44499 6.52631 6.5558 6.15679 6.06735 6.33684 7.67185 6.55493 6.8108 6.58825 6.64741 6.31162 6.3753 6.55576 7.01012 6.95625 6.79513 6.67094 6.35911 6.26078
