tests/full-run-ref/erosion_2010_78_23_-57.856.asc
ncols 512
nrows 512
xllcorner -3.24582
yllcorner -4.08743
cellsize 5
NODATA_value -99999
[rows 60 to 89 of 512, columns 268 to 334 of 512]
5.77 5.77 5.77 5.77 5.77 5.77 5.77 5.77 5.77 5.77 5.77 5.69977 4.83806 8.51533 14.4046 19.9145 25.8433 31.4614 37.4448 43.6993 37.3125 31.9691 31.7779 32.5922 32.6198 32.62 32.62 32.62 32.62 32.6192 32.6066 32.5407 30.84 24.8982 19.8016 14.1447 12.1415 12.2112 11.4034 13.0359 18.4738 24.9685 19.0215 13.2271 13.3479 13.9239 13.93 13.9298 13.9296 13.9236 13.9066 13.7803 12.6911 15.9171 13.4415 13.8279 13.9269 13.8962 13.751 13.5255 13.1479 13.0965 2.01504 11.2487 18.2694 24.6895 31.3307
5.77 5.77 5.77 5.77 5.77 5.77 5.77 5.77 5.77 5.77 5.77 5.72199 7.21568 12.2223 17.2801 23.1677 28.6043 34.4802 40.0464 44.5191 38.0949 32.5748 31.8757 32.6023 32.6199 32.62 32.62 32.62 32.62 32.6182 32.488 31.0497 28.5975 23.1251 20.78 14.953 9.0345 5.5148 7.02597 11.4274 17.6505 23.0516 16.5388 12.7384 13.791 13.9241 13.9299 13.93 13.93 13.9298 13.9274 13.9057 13.7553 13.6843 13.756 13.9254 13.9291 13.9278 13.8683 13.7811 13.7714 13.213 11.2931 15.3376 21.7956 28.2336 34.5987
5.77 5.77 5.77 5.75203 5.7509 5.75519 5.77 5.77 5.77 5.77 5.74453 5.5978 5.21744 9.83471 15.7336 21.4603 27.3518 33.1397 39.0389 44.9785 38.735 33.0968 32.0233 32.6098 32.6199 32.62 32.62 32.62 32.6197 32.6171 32.4211 28.3629 22.3648 20.1513 14.6508 12.375 6.84668 5.71621 4.26356 9.05555 15.2986 21.3755 14.9549 13.0211 13.9052 13.9169 13.9297 13.93 13.93 13.93 13.9298 13.9245 13.9251 13.922 13.9248 13.9266 13.93 13.9292 13.9272 13.927 13.8629 13.1347 9.98353 14.2305 20.8104 27.3196 33.7137
5.77 5.77 5.7568 5.69834 8.0277 5.70785 5.75765 5.77 5.77 5.77 5.71742 11.4364 7.43864 12.8854 18.4015 24.2577 29.9434 35.7851 41.5623 45.3275 39.2322 33.5154 32.1953 32.6149 32.62 32.62 32.62 32.62 32.6186 32.5455 32.1154 25.9458 19.861 13.8252 11.7132 6.39381 5.47074 7.84769 9.55796 11.6278 13.8927 20.217 18.5797 12.6846 13.7096 13.9033 13.9212 13.9299 13.93 13.93 13.93 13.93 13.93 13.93 13.93 13.93 13.93 13.93 13.93 13.9293 13.9286 13.2816 11.9129 16.0126 22.5154 28.9371 35.2228
5.77 5.75705 5.67671 7.84524 13.6892 7.90828 5.75456 5.77 5.77 5.77 5.6953 11.4285 13.5401 15.8145 21.3989 26.8672 32.0199 37.7907 40.1466 45.5718 39.5969 33.8103 32.3697 32.6177 32.62 32.62 32.62 32.62 32.618 32.4335 29.3476 23.4391 17.4757 11.3878 5.59406 5.32081 5.71335 5.63574 5.16989 5.40005 11.3895 17.625 20.6791 14.455 12.8061 13.7151 13.9256 13.9295 13.9295 13.93 13.93 13.93 13.93 13.93 13.93 13.93 13.9299 13.93 13.93 13.9275 13.8016 13.1417 8.86541 13.6068 20.2363 26.8227 33.2605
5.63969 5.59515 7.71337 13.5918 11.255 5.55184 5.72751 5.74793 5.77 5.77 5.69483 11.4259 17.2036 19.4241 21.6431 23.9604 29.621 31.8949 37.7436 43.6386 39.7829 33.9031 32.3538 32.6188 32.62 32.62 32.62 32.6198 32.6191 32.4523 27.2932 21.2894 15.3781 9.38428 4.91222 5.73738 5.77 5.77 5.74982 5.01261 9.08879 15.2994 20.6218 20.6217 14.9843 12.9296 13.7652 13.9136 13.9279 13.9281 13.93 13.93 13.93 13.93 13.9293 13.9297 13.8825 13.93 13.93 13.9267 13.7567 11.9709 12.6834 17.3006 24.3043 30.7929 37.1879
11.2196 7.32827 13.2359 16.0006 11.9615 7.66793 8.05271 5.75588 5.77 5.77 5.71595 11.4832 11.36 13.5236 15.7235 21.4013 23.7065 29.5708 35.4337 40.4188 42.2661 36.4999 32.2656 32.6078 32.6198 32.62 32.6198 32.598 32.57 32.5382 27.9365 21.932 15.9603 10.0377 5.23303 5.75105 5.77 5.77 5.74528 5.20925 9.83731 15.971 14.4133 16.9431 20.1026 16.047 14.0611 13.3225 13.6187 13.9288 13.9298 13.9296 13.9275 13.9234 13.9255 13.78 13.9294 13.93 13.9293 13.9269 13.3433 11.0518 14.0995 19.3681 28.4027 34.8015 35.6612
15.6158 15.7056 15.6655 17.0848 11.9554 11.0041 5.05458 5.76202 5.77 5.77 5.75032 5.74136 5.61251 7.66329 13.316 15.4589 21.3405 27.2212 32.174 38.004 43.8483 39.0773 33.2741 32.5435 32.6193 32.6042 32.5752 32.5409 30.5394 28.3068 28.5247 24.6197 18.7156 13.1373 7.36661 5.6811 5.77 5.75144 5.56434 6.96468 13.0389 12.0432 8.00547 11.0544 14.0893 20.1786 19.8929 19.3592 13.7017 13.8856 13.9256 13.9207 13.8476 13.5662 13.6343 13.9295 13.9297 13.9296 13.9204 13.8237 12.4274 14.5274 19.0556 24.3942 27.1453 29.4391 33.615
21.9324 21.55 21.4794 16.8992 11.9334 8.81626 4.62973 5.61392 5.74596 5.76901 5.77 5.77 5.75711 5.59509 7.4371 13.2118 19.1101 24.0079 29.8369 35.655 41.4781 41.5216 35.7084 32.4684 32.6104 32.1165 29.6525 27.1932 24.7134 22.3994 22.6561 22.8008 21.6108 15.7963 11.1606 5.60264 5.74787 5.7311 7.79838 13.076 12.34 5.86191 4.68737 5.24744 11.7205 17.7434 23.5603 21.9432 16.1407 14.213 13.8525 14.2657 14.2411 16.2773 13.1777 13.9294 13.9286 13.9289 13.6505 13.0461 13.121 18.8816 24.0862 30.2856 29.9855 28.2979 32.2465
27.7409 27.358 22.5855 16.7302 10.2373 12.2415 6.52289 7.61653 5.73391 5.67995 5.75894 5.77 5.77 5.75125 5.51547 11.039 15.8038 21.6389 27.4587 33.2625 39.0708 43.9297 38.2011 32.4572 32.5344 29.671 23.7852 21.345 18.8993 16.5849 16.7971 16.9616 17.066 17.1562 13.7747 7.98761 8.12519 5.75204 7.62624 13.392 7.47809 5.43257 5.70876 5.02286 10.7465 16.6509 22.4927 21.83 19.451 17.1625 17.1911 17.1795 19.5419 19.5159 13.6758 13.5551 13.5531 13.6247 13.4512 18.6138 19.8025 22.1183 28.2982 31.9528 34.2089 32.9242 35.1492
33.5392 28.3613 22.5271 16.6803 10.7154 12.2853 12.01 12.1571 11.5963 7.8494 5.75161 5.77 5.77 5.77 5.71182 7.77736 13.4971 19.3243 25.1339 30.9382 35.7198 38.1276 40.5471 38.2538 32.4956 27.2417 21.3803 15.461 13.0386 10.7448 10.9728 11.1311 11.243 11.3389 13.8075 8.02678 5.73276 5.74083 5.62981 7.79672 5.63514 5.75416 5.74584 7.82564 13.099 15.4917 21.353 15.9893 13.6074 11.3516 11.3769 11.3668 13.725 16.2386 16.3027 19.3865 16.0621 19.425 15.0329 20.9311 25.9527 28.4174 25.9379 25.8773 27.7943 29.1475 28.8459
34.1928 28.3715 22.5406 16.7012 10.9985 12.313 12.3164 12.2911 10.9885 5.46766 5.74386 5.77 5.77 5.77 5.75521 5.60781 11.2137 17.0341 22.8299 27.541 29.9181 32.3201 38.144 36.4826 30.6706 24.8406 18.9805 13.0794 7.19489 5.42575 5.59847 5.65263 5.68721 5.69421 8.03923 5.726 5.72017 5.77 5.70844 5.71388 5.74213 5.77 5.75401 5.6058 7.10785 13.0021 18.9496 13.4851 11.3584 11.5013 11.5394 11.5018 11.4197 11.3993 13.8116 16.1901 21.7098 23.5477 23.8872 23.5321 25.0183 22.3763 19.7183 19.6407 21.74 22.9941 22.4817
32.3284 28.4302 22.6021 16.767 11.2541 12.3109 12.3198 12.2972 12.1779 7.57372 5.6945 5.77 5.77 5.77 5.76424 8.0607 13.791 16.1555 19.4317 21.7229 24.1082 29.9369 32.4148 34.1786 28.348 22.5207 16.6695 10.7878 5.43963 5.74868 5.77 5.77 5.77 5.76453 5.7598 5.75925 5.77 5.77 5.77 5.77 5.77 5.77 5.77 5.73252 5.31301 10.5377 16.1379 11.2725 11.4745 11.5392 11.5398 11.5395 11.5393 11.5033 11.3976 13.6338 15.8226 21.6547 24.8089 22.05 19.3798 16.1805 13.4212 13.3694 15.5661 16.7255 15.3468
29.9338 27.6688 22.7047 16.8675 11.4887 12.3087 12.32 12.3196 12.2601 11.2422 5.63485 5.77 5.77 5.77 5.76663 5.73402 8.01909 11.3188 13.5883 15.8957 21.7371 24.1995 30.0197 34.313 28.5007 22.6848 16.8562 11.0133 5.61075 5.77 5.77 5.77 5.77 5.77 5.77 5.77 5.77 5.77 5.77 5.77 5.77 5.77 5.75326 5.59751 7.10843 13.1113 13.781 11.3857 11.5388 11.5397 11.54 11.54 11.5399 11.5397 11.5102 11.3741 13.4535 16.659 18.8333 19.6153 13.2641 10.4537 7.23031 7.19419 9.25349 10.0229 7.03008
24.2861 21.8725 22.8278 17.0041 11.7083 12.3099 12.32 12.3198 12.2929 11.1947 5.61374 5.77 5.77 5.77 5.77 5.76639 5.74649 5.64996 7.78689 13.5998 15.9909 21.8179 27.6355 33.4405 28.5844 22.7765 16.9591 11.129 5.62074 5.76272 5.77 5.77 5.77 5.77 5.77 5.77 5.77 5.77 5.77 5.77 5.77 5.77 5.7097 7.77403 13.1372 13.8741 11.4083 11.4465 11.5389 11.5397 11.5398 11.54 11.5399 11.5399 11.5398 11.5043 11.3843 11.1805 13.0756 15.8547 11.0665 4.56981 4.75389 4.77339 3.81382 7.03446 0
18.4811 16.0486 18.5051 17.1464 11.928 12.3142 12.32 12.3199 12.2956 11.1026 5.43879 5.74659 5.77 5.76865 5.76769 5.76865 5.77 5.76038 5.67521 7.83462 13.6442 19.4745 25.2796 31.0726 30.9909 25.1923 19.3923 13.6579 7.87582 5.7179 5.75888 5.76811 5.76929 5.77 5.77 5.77 5.77 5.77 5.77 5.77 5.77 5.77 5.66534 11.2375 16.0379 11.3812 11.435 11.5377 11.538 11.485 11.5397 11.5392 11.5327 11.5307 11.535 11.5399 11.5394 11.4775 11.3395 13.7495 10.3245 4.87327 5.76499 5.77 5.29972 3.9706 1.06035
12.739 10.2347 12.7656 16.5254 12.1436 12.318 12.3199 12.32 12.3082 11.9735 7.08187 5.48514 5.59546 5.60145 5.85876 5.67492 5.75725 5.77 5.75762 5.65216 11.3616 17.1713 22.9592 28.7421 32.576 27.6001 21.8841 16.0987 11.1997 8.06318 8.14665 6.15323 5.76926 5.77 5.77 5.77 5.77 5.77 5.77 5.77 5.77 5.77 5.65204 11.3154 17.1416 13.8149 11.3491 11.3863 11.4099 11.5387 11.5384 11.453 11.3143 11.5704 11.3582 11.539 11.5398 11.5393 11.4551 11.5202 10.8134 5.32645 5.77 5.77 5.77 5.77 4.57598
8.27042 8.23322 8.25623 14.1376 12.2461 12.314 12.3025 12.312 12.3179 12.0216 13.12 7.21032 11.062 7.23278 11.4419 7.55914 5.56132 5.74824 5.76077 8.09902 13.8366 16.245 22.0065 24.3984 28.7758 27.7403 21.9521 16.172 13.7947 11.4988 8.14503 5.76574 5.76955 5.77 5.77 5.77 5.77 5.77 5.77 5.77 5.77 5.77 5.68296 9.84096 15.6494 16.3112 14.2525 13.818 11.3392 11.3671 11.2977 11.2218 13.1432 15.943 11.2648 11.5377 11.5385 11.5393 11.4012 13.8938 10.838 5.24378 5.77 5.77 5.77 5.77 4.89444
8.25811 8.34681 8.2861 11.787 12.2394 12.2332 11.1199 12.2366 12.304 11.9521 15.6376 13.5311 15.4725 13.3723 15.5534 12.934 7.01321 5.49225 5.75884 5.72078 8.07701 13.8335 16.2225 22.0093 22.9949 25.3501 19.5628 13.769 7.98451 5.72696 5.76291 5.76748 5.77 5.76393 5.74581 5.73966 5.74383 5.74395 5.77 5.77 5.77 5.77 5.73096 7.50085 11.399 13.6183 16.0304 16.1921 13.9297 13.1779 15.4683 12.1616 15.2249 16.4725 10.7599 11.3862 11.4251 11.4401 11.479 12.9414 10.942 5.28669 5.77 5.77 5.77 5.77 4.22288
8.51223 11.7939 8.50466 8.05823 10.6631 7.76564 5.39707 7.10944 12.0834 10.2736 16.0341 19.4917 21.3556 19.3094 21.247 15.2607 12.6808 6.82763 5.49681 5.76259 5.72805 8.05288 13.8378 17.2398 17.2128 19.6181 17.2164 11.4187 5.71441 5.76584 5.77 5.77 5.77 5.7426 8.02178 5.82386 7.96746 5.65612 5.77 5.77 5.77 5.77 5.76137 5.75273 5.66255 7.69827 13.5266 19.2678 19.7511 19.0171 20.633 19.4894 20.5888 17.5155 11.3514 10.7175 13.3252 10.7936 12.8908 6.56447 5.35167 5.43525 5.77 5.77 5.77 5.77 3.68582
13.9289 13.8451 8.02454 5.65676 5.65725 5.7198 5.73155 5.0539 9.95237 12.8948 18.7678 19.264 25.105 25.2653 23.624 21.0205 15.0834 12.7023 7.05265 5.55993 5.76817 5.73572 11.4845 11.4582 11.4302 13.8457 16.2563 11.4794 5.74649 5.77 5.77 5.77 5.77 5.70665 11.3343 11.6389 11.2494 5.54637 5.77 5.77 5.77 5.77 5.77 5.76876 5.74557 5.51451 10.8804 16.7569 22.6003 24.8491 26.4889 25.4526 25.3877 19.1921 13.0981 16.0409 15.3039 14.7367 9.0092 4.9668 5.70421 5.77 5.77 5.77 5.77 5.73236 2.84842
9.52018 11.5039 5.72763 5.76363 5.77 5.77 5.69907 7.09164 13.2011 15.346 21.1923 25.181 27.554 31.1226 29.3785 23.4765 21.0499 15.3172 12.9908 7.62718 5.74384 5.76377 5.75766 5.74604 5.73185 8.06714 13.8678 11.5007 5.74757 5.76787 5.77 5.77 5.77 5.68608 11.2189 16.945 11.0647 5.49984 5.77 5.77 5.77 5.77 5.77 5.76783 6.08073 7.76485 13.4132 19.163 24.983 30.6708 32.3618 31.4629 27.7845 21.6969 20.9827 22.0145 20.7527 14.9736 10.3009 5.25088 5.77 5.77 5.77 5.77 5.77 5.47525 2.81458
5.75993 8.14036 5.76018 5.76308 5.77 5.77 5.70702 7.81786 13.6064 16.8947 19.0006 21.3555 23.7563 27.7967 30.1558 27.8985 21.9592 16.0383 10.0888 5.27204 5.70145 5.7671 5.77 5.77 5.76776 5.7434 11.5015 13.8798 8.09379 5.76089 5.77 5.77 5.77 5.68802 11.2086 16.0295 10.9741 5.50541 5.77 5.77 5.77 5.77 5.77 5.76837 5.72688 7.7707 13.4414 19.1502 23.9598 29.5839 29.0441 31.2825 30.2645 27.8507 25.8468 22.6914 17.7431 12.0931 6.47064 5.50304 5.77 5.77 5.77 5.77 5.77 5.09114 4.55152
5.76899 5.76578 8.15189 5.76101 5.77 5.77 5.75928 5.64169 11.2737 10.9808 13.0433 15.4331 21.329 21.8887 24.2148 26.738 24.4939 18.5474 12.8861 7.18433 8.06358 5.75053 5.76944 5.77 5.77 5.75676 11.4933 16.2719 11.485 5.74961 5.76304 5.76561 5.77 5.72675 7.75697 13.622 11.136 5.52727 5.77 5.77 5.77 5.77 5.77 5.77 5.75384 5.56826 10.8749 15.6769 21.2977 23.7107 23.0707 25.3048 24.5522 21.967 19.5686 20.1102 13.9271 9.17156 5.14001 5.68571 5.77 5.77 5.77 5.77 5.74029 4.55631 6.36513
5.77 5.76791 5.77 5.76399 5.77 5.77 5.77 5.72228 7.93989 5.47196 7.1779 13.0469 15.5331 15.9453 18.262 20.8005 23.3568 21.3446 15.633 13.3401 13.8759 8.14449 5.76792 5.77 5.77 5.7598 11.4995 17.2798 13.8981 8.12141 8.14534 5.76302 5.77 5.76191 5.64045 11.3367 11.1426 5.51749 5.74334 5.77 5.77 5.77 5.77 5.77 5.77 5.68859 7.47545 13.0196 15.4257 19.773 17.0806 19.3421 19.2189 15.7966 13.2442 16.3114 11.548 5.64394 5.52459 5.77 5.77 5.77 5.77 5.73611 5.3681 5.57567 11.9584
5.77 5.7682 8.15823 5.76469 5.76338 5.77 5.77 5.75334 5.74419 5.73366 5.57026 7.40858 10.6619 9.96721 12.2915 14.8561 20.9684 15.5131 13.1532 11.2138 13.7291 11.5152 5.76782 5.76972 5.77 5.76222 11.5187 17.2936 16.2919 13.899 11.5185 5.75942 5.76834 5.77 5.69645 11.3336 13.3796 7.46405 5.63629 5.75639 5.77 5.77 5.77 5.77 5.77 5.75408 5.57492 7.16446 13.081 14.3724 11.0746 13.4115 14.1287 10.4809 7.24297 11.4574 9.98833 5.07505 5.70665 5.77 5.77 5.77 5.77 5.73476 8.06842 12.3839 13.0024
5.77 5.76837 11.5385 8.15467 5.76067 5.77 5.77 5.77 5.77 5.77 5.74116 5.66927 5.52386 5.22379 6.45304 12.5406 18.6164 13.1187 7.23061 5.4897 7.99745 5.73683 8.1583 5.76974 5.77 5.74248 11.5091 17.2888 22.0641 19.6719 13.9022 8.12669 5.76408 5.77 5.73477 7.87848 13.613 13.3625 7.52028 5.63243 5.75683 5.77 5.77 5.77 5.77 5.77 5.7501 5.48686 11.1537 9.01171 7.35735 8.47744 10.4128 7.16931 7.60171 7.53282 9.43115 5.46617 5.77 5.77 5.77 5.77 5.77 5.74223 5.69392 7.7591 10.5984
5.77 5.76791 8.15804 5.76518 5.75993 5.77 5.77 5.77 5.77 5.77 5.77 5.77 5.77 5.71982 5.28391 10.8716 16.8579 10.9769 5.49873 5.74019 5.76037 5.75861 5.75506 5.72369 5.73178 5.53997 11.289 17.119 22.0884 22.0692 16.2883 11.2827 5.75134 5.77 5.76341 5.68407 7.73399 13.6098 13.2717 7.36656 5.61034 5.75531 5.77 5.77 5.77 5.77 5.77 5.68599 7.78137 7.88233 8.0797 7.89119 7.88174 8.07095 8.15992 8.09557 7.97049 5.60186 5.77 5.77 5.77 5.77 5.77 5.77 5.75351 5.70683 8.08139
5.77 5.76677 5.76648 8.15536 5.75238 5.77 5.77 5.77 5.77 5.77 5.77 5.77 5.77 5.72793 7.79751 13.5076 16.9833 11.0809 5.51088 5.75099 5.77 5.70244 7.8642 7.73204 5.41804 7.41616 13.381 19.2566 22.0892 20.3952 14.6023 8.80358 5.7399 5.77 5.77 5.76024 5.61176 11.1486 15.706 13.1212 7.23811 5.59828 5.75533 5.77 5.77 5.77 5.77 5.75316 5.56891 8.15581 8.1599 8.15991 8.15989 8.15992 8.16 8.1531 10.3162 5.6904 5.77 5.77 5.77 5.77 5.77 5.77 5.77 5.75902 5.75737
5.77 5.77 5.76563 8.15197 5.75 5.77 5.77 5.77 5.77 5.77 5.77 5.77 5.77 5.72724 7.77023 13.5858 19.1518 13.2339 7.21239 5.21161 5.27808 5.09686 10.825 13.4335 11.1068 13.1415 15.7235 21.6449 22.081 22.0874 16.892 11.1459 5.7104 5.77 5.77 5.77 5.67637 11.2013 17.0486 15.5771 13.0742 7.24336 5.62085 5.75906 5.77 5.77 5.77 5.77 5.76686 8.15333 8.16001 8.16002 8.16002 8.16001 8.16 8.15091 8.14906 5.76204 5.77 5.77 5.77 5.77 5.77 5.77 5.77 5.77 5.77
