tests/full-run-ref/erosion_78_24_-72.835.asc
ncols 512
nrows 512
xllcorner -3.24582
yllcorner -4.08743
cellsize 5
NODATA_value -99999
[rows 0 to 28 of 512, columns 335 to 401 of 512]
25.4699 23.0799 22.4086 24.48 22.09 19.7 16.32 13.93 11.54 11.54 11.54 11.54 11.54 8.16001 5.77 5.77 5.77 5.77 5.77 8.16001 11.54 11.54 11.54 11.54 11.54 11.54 13.93 16.32 22.09 24.48 30.2495 36.0189 40.797 46.5668 47.5576 41.7876 36.018 30.25 24.48 22.09 19.7 16.32 13.93 11.54 11.54 11.54 11.54 11.54 11.54 11.54 11.54 13.93 16.32 19.7 22.09 24.48 30.2447 30.2389 24.48 22.09 16.32 13.93 11.54 11.54 11.54 9.40463 8.35795
19.6999 17.3099 16.6386 19.0286 16.32 13.93 11.54 8.16001 5.77 5.77 5.77 5.77 5.77 5.77 5.77001 5.77001 5.77001 5.77001 5.77001 5.77 5.77 5.77 5.77 5.77 5.77 5.77 8.16001 13.93 16.32 22.0895 27.8589 32.637 38.4068 44.1737 45.1676 39.3976 33.6276 27.858 22.09 16.32 13.93 11.54 9.99987 7.60985 5.77 5.77 5.77 5.77 5.77 5.77 5.77 8.16001 11.54 13.93 16.32 22.0847 24.4747 24.4689 22.0789 16.32 13.93 8.16002 5.77001 5.77001 5.77001 5.77001 5.77001
13.9299 11.54 11.54 15.4353 13.9298 8.16001 5.77 5.77 5.77001 5.77001 5.77001 5.77001 5.77001 5.77001 5.77001 5.77001 5.77001 5.77001 5.77001 5.77001 5.77001 5.77001 5.77001 5.77001 5.77001 5.77001 5.77 8.16001 13.9295 19.6988 24.477 30.2468 36.0137 41.7837 42.7776 37.0076 31.2376 25.4676 19.698 13.93 11.54 11.54 7.60985 5.77 5.77001 5.77001 5.77001 5.77001 5.77001 5.77001 5.77001 5.77 5.77 8.16002 13.9247 16.3147 22.0847 22.0789 16.3089 13.9188 8.16002 5.77001 5.77001 5.77001 5.77001 5.77001 5.77001
11.5399 11.54 11.54 13.6498 8.15971 5.76997 5.76999 5.77001 5.77001 5.77001 5.77001 5.77001 5.77001 5.77001 5.77001 5.77001 5.77001 5.77001 5.77001 5.77001 5.77001 5.77001 5.77001 5.77001 5.77001 5.77001 5.76999 5.76921 11.5381 16.3164 22.0863 27.8534 33.6235 39.3936 40.3875 34.6172 28.8472 23.0769 17.3066 11.5371 11.54 11.5393 5.76954 5.76997 5.77001 5.77001 5.77001 5.77001 5.77001 5.77001 5.77001 5.77001 5.76993 5.76978 8.1523 13.9232 19.6882 19.6758 13.9165 8.14513 5.76993 5.76999 5.77001 5.77001 5.77001 5.77001 5.77001
11.4911 11.54 11.5399 8.15983 5.76994 5.76998 5.77001 5.77001 5.77001 5.77001 5.77001 5.77001 5.77001 5.77001 5.77001 5.77001 5.77001 5.77001 5.77001 5.77001 5.77001 5.77001 5.77001 5.77001 5.77001 5.77001 5.77001 5.76953 8.15501 13.9249 19.6924 25.4629 31.2332 37.0035 38.3991 34.6157 28.8456 23.0751 17.3046 11.5354 11.5396 11.5377 5.7676 5.77001 5.76994 5.76994 5.76993 5.77001 5.77001 5.77001 5.77001 5.77001 5.77001 5.76984 5.76616 11.5246 17.2977 17.2852 11.5109 5.76398 5.76992 5.77001 5.77001 5.77001 5.77001 5.77001 5.77001
11.304 11.5399 7.24088 5.59711 5.76999 5.77001 5.77001 5.77001 5.77001 5.77001 5.77001 5.77001 5.77001 5.77001 5.77001 5.77001 5.77001 5.77001 5.77001 5.77001 5.76999 5.76999 5.76999 5.77001 5.77001 5.77001 5.77001 5.76986 5.76705 11.5302 17.3013 23.0722 28.8428 34.6134 32.6288 30.2385 27.8487 25.4587 19.6954 13.925 11.5362 11.5307 5.76594 5.76821 5.76936 8.15983 5.76982 5.77001 5.77001 5.77001 5.77001 5.77001 5.77001 5.77001 5.76531 11.5209 16.2969 17.2802 11.5043 5.76302 5.77001 5.77001 5.77001 5.77001 5.77001 5.77001 5.77001
10.7112 9.21717 4.03616 5.59792 5.77001 5.77001 5.77001 5.77001 5.77001 5.77001 5.77001 5.77001 5.77001 5.77001 5.77001 5.77001 5.77001 5.77001 5.77001 5.77001 5.76979 6.15915 5.76972 5.77001 5.77001 5.77001 5.77001 5.77001 5.76687 11.5268 17.2983 23.0694 28.8403 32.6246 30.234 24.4675 22.0774 19.6877 17.3025 16.3172 14.3188 13.923 8.15056 11.5357 8.15406 5.76916 5.76983 5.77001 5.77001 5.77001 5.77001 5.77001 5.77001 5.77001 5.767 8.13031 13.9039 17.2702 11.4932 5.76224 5.77001 5.77001 5.77001 5.77001 5.77001 5.77001 5.77001
6.81985 8.97604 1.36665 5.09378 5.73004 5.77001 5.77001 5.77001 5.77001 5.77001 5.77001 5.77001 5.77001 5.77001 5.77001 5.77001 5.77001 5.77001 5.77001 5.76984 5.76891 11.5387 5.76907 5.77001 5.77001 5.77001 5.77001 5.77001 5.76615 11.5232 17.295 23.0665 28.8379 30.2162 24.4629 22.0724 16.3055 13.9155 11.5305 11.5339 11.535 13.9246 13.9231 16.313 11.5293 5.7663 5.76965 5.77001 5.77001 5.77001 5.77001 5.77001 5.77001 5.77001 5.76927 5.76054 11.5107 17.2754 11.498 5.76223 5.77001 5.77001 5.77001 5.77001 5.77001 5.77001 5.77001
6.16715 3.4272 8.58067 5.9475 5.12469 5.60142 5.72723 5.75948 5.76792 5.76947 5.76978 5.76991 5.76998 5.77001 5.77001 5.77001 5.77001 5.77001 5.77001 5.76936 8.1556 11.5382 5.76831 5.77001 5.77001 5.77001 5.77001 5.77001 5.76537 11.5196 17.2917 23.0636 28.8357 24.4444 22.0535 16.3 13.9098 8.14333 5.76549 5.7681 5.76771 8.15286 13.9209 16.3118 13.9153 8.14281 5.76828 5.77001 5.77001 5.77001 5.77001 5.77001 5.77001 5.77001 5.77001 5.76404 11.5166 17.2791 11.5023 5.76289 5.77001 5.77001 5.77001 5.77001 5.77001 5.77001 5.77001
5.32495 10.9275 11.5216 11.9263 5.79132 7.05452 5.51337 6.05796 6.14092 6.15535 6.15924 6.16001 5.76999 5.77001 5.77001 5.77001 5.77001 5.77001 5.77001 5.76885 11.5373 11.5366 5.76747 5.77001 5.77001 5.77001 5.77001 5.77001 5.76465 11.5159 17.2885 23.0608 27.8199 22.0523 16.2783 13.8889 8.13671 5.76547 5.76961 5.77001 5.7698 5.76802 8.14878 13.9206 16.3063 11.5273 5.76653 5.77001 5.77001 5.77001 5.77001 5.77001 5.77001 5.77001 5.77001 5.76524 11.5205 17.2837 11.5079 5.76391 5.77001 5.77001 5.77001 5.77001 5.77001 5.77001 5.77001
12.8235 18.2002 17.6855 13.982 11.5919 12.96 11.484 11.493 11.5269 8.14949 5.76891 5.76993 5.76999 5.77001 5.77001 5.77001 5.77001 5.77001 5.77001 5.76861 11.5371 11.5348 5.76388 5.77001 5.77001 5.77001 5.77001 5.77001 5.76405 11.5131 17.286 23.0592 25.4293 19.6535 13.8836 8.10944 5.76149 5.76939 5.77001 5.77001 5.77001 5.7697 5.76677 11.5305 16.3131 11.5261 5.7662 5.77001 5.77001 5.77001 5.77001 5.77001 5.77001 5.77001 5.76957 5.76527 11.5247 17.2891 11.5146 5.76516 5.77001 5.77001 5.77001 5.77001 5.77001 5.77001 5.77001
20.673 21.0321 22.5137 20.0821 18.0097 19.1255 17.3858 13.8942 11.5064 5.74876 5.76953 5.77001 5.77001 5.77001 5.77001 5.77001 5.77001 5.77001 5.76977 5.76767 11.5364 11.5339 5.76285 5.77001 5.77001 5.77001 5.77001 5.77001 5.76352 11.5106 17.284 23.0578 23.0387 17.2613 11.4828 5.75153 5.76774 5.77001 5.77001 5.77001 5.77001 5.77001 5.76888 8.15087 13.9225 11.5304 5.76606 5.76976 5.77001 5.77001 5.77001 5.77001 5.77001 5.77001 5.7696 8.15121 13.9221 16.308 11.5238 5.76671 5.77001 5.77001 5.77001 5.77001 5.77001 5.77001 5.77001
27.4558 26.0918 21.6886 22.5332 22.9253 23.049 21.7664 16.1306 11.4478 5.71574 5.77001 5.77001 5.77001 5.77001 5.77001 5.77001 5.77001 5.77001 5.76911 8.15149 13.9232 11.5343 5.76401 5.77001 5.77001 5.77001 5.77001 5.77001 5.7629 11.5082 17.282 23.0563 23.0403 17.2634 11.486 5.75653 5.77001 5.77001 5.77001 5.77001 5.77001 5.77001 5.76967 5.76785 8.15201 11.5297 6.6495 5.76974 5.77001 5.77001 5.77001 5.77001 5.77001 5.77001 5.76977 5.76703 11.5333 13.9176 8.14494 5.76854 5.77001 5.77001 5.77001 5.77001 5.77001 5.77001 5.77001
33.7632 29.534 27.5942 28.4405 28.76 25.1063 19.2806 13.4629 7.83119 5.73264 5.77001 5.77001 5.77001 5.77001 5.77001 5.77001 5.77001 5.77001 5.76843 11.5345 16.3136 11.5346 5.76765 5.77001 5.77001 5.76977 5.76941 5.76671 5.7608 11.5063 17.2805 23.0551 23.0367 17.2602 11.4836 5.75742 5.77001 5.77001 5.77001 5.77001 5.77001 5.77001 5.77001 5.76935 5.76831 8.15734 5.76871 5.76971 5.77001 5.77001 5.77001 5.77001 5.77001 5.77001 5.77001 5.76839 11.537 11.5349 5.76697 5.76973 5.77001 5.77001 5.77001 5.77001 5.77001 5.77001 5.77001
37.8674 35.6601 33.6894 34.2536 28.4321 22.5787 16.7133 10.869 5.17357 5.67405 5.74609 5.76994 5.76999 5.76996 5.77001 5.77001 5.77001 5.77001 5.76841 11.5343 10.7931 11.5343 5.76871 5.77001 5.77001 5.76956 8.15789 11.5369 8.14061 13.9065 19.6723 25.4457 23.042 17.2672 11.4914 5.7591 5.77001 5.77001 5.77001 5.77001 5.77001 5.77001 5.77001 5.77001 5.76971 5.76951 8.15928 5.76971 5.76986 5.77001 5.77001 5.77001 5.77001 5.77001 5.77001 5.76901 11.5383 8.15356 5.76921 5.77001 5.77001 5.77001 5.77001 5.77001 5.77001 5.77001 5.77001
43.9461 41.7088 39.603 34.0108 28.1415 22.2756 16.3911 10.5888 7.5646 5.6116 6.15432 6.15556 6.15575 5.76996 5.77001 5.77001 5.77001 5.77001 5.76906 8.15012 8.14834 5.76781 5.76958 5.77001 5.77001 5.76959 11.5382 12.8532 13.9165 16.3041 22.0711 27.8319 22.0589 16.2849 11.5048 5.76183 5.77001 5.77001 5.77001 5.77001 5.77001 5.77001 5.77001 5.77001 5.77001 5.76966 9.14949 8.15962 5.76985 5.7699 5.77001 5.77001 5.77001 5.77001 5.77001 5.7695 8.15661 5.76903 5.76985 5.77001 5.77001 5.77001 5.77001 5.77001 5.77001 5.77001 5.77001
49.9272 45.3094 39.4622 33.5858 27.7022 21.7988 15.8741 10.1759 7.51403 8.15491 8.15565 8.15565 5.76994 5.76999 5.77001 5.77001 5.77001 5.77001 5.76981 5.76933 5.76928 5.76977 5.77001 5.77001 5.77001 5.76977 5.76776 7.07991 9.4653 15.2363 21.0068 24.4687 19.6681 13.8933 8.12036 5.76609 5.77001 5.77001 5.77001 5.77001 5.77001 5.77001 5.77001 5.77001 5.77001 5.76982 7.45364 5.76983 6.65918 5.76989 5.77001 5.77001 5.77001 5.77001 5.77001 5.76982 5.76977 5.76986 5.77001 5.77001 5.77001 5.77001 5.77001 5.77001 5.77001 5.77001 5.77001
50.6586 44.7933 38.911 33.0081 27.0821 21.1289 15.1562 9.57711 7.42436 8.15578 8.15576 5.76984 5.76993 5.76998 5.76997 5.76996 5.76996 5.76996 5.76996 5.76996 5.76996 5.76999 5.77001 5.77 5.77001 5.77001 5.76984 5.76803 7.0749 12.8445 16.3061 22.0782 17.2826 11.5071 5.75926 5.76925 5.77001 5.77001 5.76993 5.76991 5.76975 5.77001 5.77001 5.77001 5.77001 5.76996 5.76996 5.76996 5.76998 5.76996 5.77001 5.77001 5.77001 5.77001 5.77001 5.77001 5.77001 5.77001 5.77001 5.77001 5.77001 5.77001 5.77001 5.77001 5.77001 5.77001 5.77001
50.0729 44.1764 38.2548 32.3063 26.3268 20.3153 14.2914 8.89621 7.24863 8.15582 8.15577 8.15569 6.15545 6.15556 6.15558 6.15566 6.15573 6.15558 6.15536 6.15532 6.15518 5.76983 5.76987 5.77001 5.77001 5.77001 5.77001 5.76976 5.76672 8.14448 13.9155 16.3076 17.2922 11.5172 5.76205 5.76663 5.76856 5.7689 5.76978 8.15974 5.76971 5.77001 5.77001 5.77001 5.77001 5.77001 5.77001 5.77001 5.77001 5.77001 5.77001 5.77001 5.77001 5.77001 5.77001 5.77001 5.77001 5.77001 5.77001 5.77001 5.77001 5.77001 5.77001 5.77001 5.77001 5.77001 5.77001
49.4193 43.4726 37.4997 31.4934 25.4527 19.3735 13.2991 8.17169 7.35118 8.15582 8.15584 8.15579 8.15574 8.15568 8.1557 8.15576 8.15579 8.1558 8.15581 8.15583 8.15584 8.15578 5.76988 5.77001 5.77001 5.77001 5.77001 5.77001 5.76966 5.76659 8.14407 13.9165 19.6808 13.9076 8.1348 11.5322 8.15175 11.5385 8.15924 5.7699 5.76994 5.77001 5.77001 5.77001 5.77001 5.77001 5.77001 5.77001 5.77001 5.77001 5.77001 5.77001 5.77001 5.77001 5.77001 5.77001 5.77001 5.77001 5.77001 5.77001 5.77001 5.77001 5.77001 5.77001 5.77001 5.77001 5.77001
48.8 42.7437 36.7065 30.6375 24.5275 18.3702 12.2478 7.4611 7.40961 8.15409 8.15584 8.15584 8.15584 8.15584 8.15584 8.15584 8.15584 8.15584 8.15583 8.15581 5.76997 5.76992 5.76985 5.77001 5.77001 5.77001 5.77001 5.77001 5.77001 5.76965 5.76547 11.528 17.3007 16.2993 13.9086 16.2998 13.922 8.15124 5.76866 5.76996 5.77001 5.77001 5.77001 5.77001 5.77001 5.77001 5.77001 5.77001 5.77001 5.77001 5.77001 5.77001 5.77001 5.77001 5.77001 5.77001 5.77001 5.77001 5.77001 5.77001 5.77001 5.77001 5.77001 5.77001 5.77001 5.77001 5.77001
48.2281 42.1131 35.983 29.8359 23.6423 17.3971 11.222 6.81225 7.51555 8.15369 8.15584 8.15584 8.15584 8.15584 8.15584 8.15584 8.15584 8.15576 8.15576 5.76997 5.76999 5.77001 5.77001 5.77001 5.77001 5.77001 5.77001 5.77001 5.77001 5.77001 5.76758 11.5294 17.3009 22.0704 19.68 17.2929 11.5203 5.76535 5.76975 5.77001 5.77001 5.77001 5.77001 5.77001 5.77001 5.77001 5.77001 5.77001 5.77001 5.77001 5.77001 5.77001 5.77001 5.77001 5.77001 5.77001 5.77001 5.77001 5.77001 5.77001 5.76998 5.76998 5.76998 5.77001 5.77001 5.77001 5.77001
43.6197 41.0722 35.4616 29.237 22.9011 16.5342 10.2885 6.22705 7.6366 8.15969 8.15972 8.15972 8.15972 8.15972 8.15972 8.15972 8.15969 8.15963 5.76986 5.76999 5.77001 5.77001 5.77001 5.77001 5.77001 5.77001 5.77001 5.77001 5.77001 5.77001 5.76792 11.5305 17.3017 23.0728 23.0593 17.2878 11.5154 5.76604 5.77001 5.77001 5.77001 5.77001 5.77001 5.77001 5.77001 5.77001 5.77001 5.77001 5.77001 5.77001 5.77001 5.77001 5.77001 5.77001 5.77001 5.77001 5.77001 5.77001 5.77001 5.76998 5.76982 8.15962 5.76986 5.77001 5.77001 5.77001 5.77001
37.5595 35.0333 32.634 28.8875 22.4254 15.8288 9.4374 5.59533 7.6337 8.15969 8.15972 8.15972 8.15972 8.15972 8.15972 8.15965 8.15959 5.96225 5.76998 5.77001 5.77001 5.77001 5.77001 5.77001 5.77001 5.77001 5.77001 5.77001 5.77001 5.77001 5.76816 11.5319 17.3029 23.0739 23.0664 17.2951 11.5228 5.76531 5.76975 5.77001 5.77001 5.77001 5.77001 5.77001 5.77001 5.77001 5.77001 5.77001 5.77001 5.77001 5.77001 5.77001 5.77001 5.77001 5.77001 5.77001 5.77001 5.77001 5.76998 5.76976 8.15923 11.5391 5.76973 5.77001 5.77001 5.77001 5.77001
31.4633 28.8868 26.4715 25.7499 22.7831 15.9925 9.18525 5.04578 7.50922 8.15887 8.15971 8.15972 8.15972 8.15972 8.15972 8.15946 5.96026 5.76916 5.76984 5.76987 5.76992 5.76997 5.76999 5.77001 5.77001 5.77001 5.77001 5.77001 5.77001 5.77001 5.76843 11.5331 17.3041 22.0816 19.691 17.302 13.9195 8.14771 5.76823 5.7699 5.77001 5.77001 5.77001 5.77001 5.77001 5.77001 5.77001 5.77001 5.77001 5.77001 5.77001 5.77001 5.77001 5.77001 5.77001 5.77001 5.77001 5.77001 5.76997 8.15918 13.9286 8.15836 5.7698 5.77001 5.77001 5.77001 5.77001
25.1754 22.5956 20.1833 19.4545 20.724 19.9348 13.6871 8.48766 6.69781 8.03656 8.15965 8.15972 8.15972 8.15972 8.15972 8.15941 8.15451 6.15295 6.15361 6.15429 6.15478 6.15557 5.76993 5.77001 5.77001 5.77001 5.77001 5.77001 5.77001 5.77001 5.76874 11.5347 17.3058 16.3141 13.9195 11.5303 13.9265 13.9207 8.15632 5.76933 5.76991 5.77001 5.77001 5.77001 5.77001 5.77001 5.77001 5.77001 5.77001 5.77001 5.77001 5.77001 5.77001 5.77001 5.77001 5.77001 5.77001 5.77001 5.76998 5.76966 11.5389 5.7695 5.76996 5.77001 5.77001 5.77001 5.77001
18.6986 15.8527 13.4918 12.8912 14.1023 17.1475 18.286 13.9237 9.54143 7.59731 8.1595 8.15972 8.15972 8.15972 8.15972 8.15972 8.15948 8.15461 8.15481 8.15477 8.15952 8.15951 5.7696 5.76977 5.76992 5.77001 5.77001 5.77001 5.77001 5.76991 5.76887 11.5364 17.3073 13.9238 8.15477 8.15598 8.15632 10.1494 11.5391 8.15792 5.76934 5.76987 5.77001 5.77001 5.77001 5.77001 5.77001 5.77001 5.77001 5.77001 5.77001 5.77001 5.77001 5.77001 5.77001 5.77001 5.77001 5.77001 5.77001 5.76987 8.15957 5.76982 5.77001 5.77001 5.77001 5.77001 5.77001
13.5372 8.39177 6.11653 5.91635 7.38983 10.2288 13.168 13.5526 9.82999 6.63139 8.15936 8.15972 8.15972 8.15972 8.15972 8.15972 8.15972 8.15972 8.15972 8.15972 8.15972 8.15949 8.15928 6.15916 5.76992 5.77001 5.77001 5.77001 5.77001 5.7699 8.15805 13.9281 17.3059 11.5347 8.15702 8.15901 8.15847 8.15765 8.15754 8.15945 8.15783 5.76873 5.76969 5.77001 5.77001 5.77001 5.77001 5.77001 5.77001 5.77001 5.77001 5.77001 5.77001 5.77001 5.77001 5.77001 5.77001 5.77001 5.77001 5.76998 5.76996 5.76997 5.77001 5.77001 5.77001 5.77001 5.77001
6.44548 3.54279 0 1.31126 0 0 6.52106 7.16618 5.8963 8.06023 8.15953 8.15972 8.15972 8.15972 8.15972 8.15972 8.15972 8.15972 8.15972 8.15972 8.15972 8.15972 8.1591 5.76943 5.76997 5.77001 5.77001 5.77001 5.77001 5.76993 5.76926 11.5378 16.3175 11.5374 8.15745 8.15901 8.15901 8.15901 8.15901 8.15901 8.15969 8.1556 5.76832 5.76967 5.77001 5.77001 5.77001 5.77001 5.77001 5.77001 5.77001 5.77001 5.77001 5.77001 5.77001 5.77001 5.77001 5.77001 5.77001 5.77001 5.77001 5.77001 5.77001 5.77001 5.77001 5.77001 5.77001
