tests/full-run-ref/erosion_79_12_72.935.asc
ncols 512
nrows 512
xllcorner -3.24582
yllcorner -4.08743
cellsize 5
NODATA_value -99999
[rows 464 to 492 of 512, columns 201 to 267 of 512]
498.246 283.924 80.9311 5.6466 5.74611 5.77002 5.77002 5.77002 5.77002 5.77002 5.77002 5.77002 5.77002 5.77002 5.77002 5.77002 5.77002 5.77002 5.77002 5.77002 5.77002 5.77002 5.77002 5.77002 5.77002 5.77002 5.77002 5.01301 438.622 229.878 3.65941 5.10515 5.77002 5.77002 5.77002 5.77002 5.02261 4.26122 426.539 454.23 4.1278 5.77002 5.77002 5.77002 5.61221 6.17839 5.47356 5.66511 5.77002 5.27275 4.28181 5.08425 715.014 4.70293 4.79597 5.50468 5.77002 5.77002 5.77002 5.77002 5.77002 5.77002 5.77002 5.77002 5.77002 5.77002 5.77002
144.362 411.79 36.0194 174.366 5.61108 5.75994 5.77002 5.77002 5.77002 5.77002 5.77002 5.77002 5.77002 5.77002 5.77002 5.77002 5.77002 5.77002 5.77002 5.77002 5.77002 5.77002 5.77002 5.77002 5.77002 5.77002 5.77002 5.13585 702.838 4.89128 4.72761 5.77002 5.77002 5.77002 5.77002 5.77002 5.77002 4.93138 4.49472 343.272 3.43737 4.51511 4.41623 5.30659 5.68058 5.57784 5.60628 5.77002 5.11409 4.30986 727.186 721.149 4.58684 5.01188 5.77002 5.77002 5.77002 5.77002 5.77002 5.77002 5.77002 5.77002 5.77002 5.77002 5.77002 5.77002 5.77002
51.3823 579.444 193.207 62.3437 6.99455 5.63231 5.75945 5.77002 5.77002 5.77002 5.77002 5.77002 5.77002 5.77002 5.77002 5.77002 5.77002 5.77002 5.77002 5.77002 5.77002 5.77002 5.77002 5.77002 5.77002 5.77002 5.77002 5.4986 4.98141 760.756 4.36234 5.77002 5.77002 5.77002 5.77002 5.77002 5.77002 5.77002 4.268 442.023 413.429 4.02619 614.636 4.77371 5.77002 5.77002 5.77002 5.77002 4.62239 939.997 4.64074 4.25891 5.03474 5.77002 5.77002 5.77002 5.77002 5.77002 5.77002 5.77002 5.77002 5.77002 5.77002 5.77002 5.77002 5.77002 5.77002
25.7592 326.177 211.651 34.5455 104.43 6.79114 5.62154 5.75932 5.77002 5.77002 5.77002 5.77002 5.77002 5.77002 5.77002 5.77002 5.77002 5.77002 5.77002 5.77002 5.77002 5.77002 5.77002 5.77002 5.77002 5.77002 5.77002 5.77002 5.18914 1020.13 5.43078 5.6395 5.77002 5.77002 5.77002 5.77002 5.77002 5.71784 4.73885 4.36239 376.408 262.684 214.682 3.61081 5.77002 5.77002 5.77002 5.77002 5.32498 4.42119 4.63754 5.77002 5.77002 5.77002 5.77002 5.77002 5.77002 5.77002 5.77002 5.77002 5.77002 5.77002 5.77002 5.77002 5.77002 5.77002 5.77002
20.2464 181.102 101.714 92.2556 33.4402 106.008 6.78084 5.63001 5.75971 5.77002 5.77002 5.77002 5.77002 5.77002 5.77002 5.77002 5.77002 5.77002 5.77002 5.77002 5.77002 5.77002 5.77002 5.77002 5.77002 5.77002 5.77002 5.77002 5.69222 5.6195 7.04408 5.63491 5.77002 5.77002 5.77002 4.63792 4.11872 5.10154 5.92623 5.02442 3.97523 288.834 295.888 4.18246 4.44913 5.26117 5.68805 5.72375 5.77002 5.77002 5.77002 5.77002 5.77002 5.77002 5.77002 5.77002 5.77002 5.77002 5.77002 5.77002 5.77002 5.77002 5.77002 5.77002 5.77002 5.77002 5.77002
29.0543 112.536 389.325 41.6682 93.3566 33.3049 103.29 7.00234 5.60886 5.74617 5.77002 5.77002 5.77002 5.77002 5.77002 5.77002 5.77002 5.77002 5.77002 5.77002 5.77002 5.77002 5.77002 5.77002 5.77002 5.77002 5.77002 5.77002 5.77002 5.76055 5.73819 5.38396 5.05931 5.77002 5.77002 5.09736 1070.25 4.3865 5.70655 5.72659 4.99527 4.41738 390.779 3.71529 332.749 3.97807 5.67881 5.67617 5.77002 5.77002 5.77002 5.77002 5.77002 5.77002 5.77002 5.77002 5.77002 5.77002 5.77002 5.77002 5.77002 5.77002 5.77002 5.77002 5.77002 5.77002 5.77002
37.0761 68.2315 164.369 104.048 41.5347 91.2414 32.9799 56.6565 159.497 5.64326 5.75428 5.77002 5.77002 5.77002 5.77002 5.77002 5.77002 5.77002 5.7694 5.76952 5.7696 5.77002 5.77002 5.77002 5.77002 5.77002 5.77002 5.77002 5.77002 5.77002 5.67108 540.959 4.21759 3.88739 4.64999 5.76974 4.32615 4.36094 5.77002 5.77002 5.77002 4.38916 357.393 502.551 209.15 301.463 4.22215 5.70827 5.77002 5.77002 5.77002 5.77002 5.77002 5.77002 5.77002 5.77002 5.77002 5.77002 5.77002 5.77002 5.77002 5.77002 5.77002 5.77002 5.77002 5.77002 5.77002
213.694 55.6809 656.389 57.1261 99.4331 41.1993 52.7102 94.989 51.2947 251.193 5.71539 5.77002 5.77002 5.77002 5.77002 5.77002 5.77002 5.77002 5.7583 6.13561 5.76554 5.77002 5.77002 5.77002 5.77002 5.77002 5.77002 5.77002 5.77002 5.77002 5.59354 369.152 173.879 602.273 623.717 4.70061 5.77002 5.77002 5.77002 5.77002 5.77002 5.07352 4.16224 175.814 227.348 131.842 3.48895 4.93283 5.77002 5.77002 5.77002 5.77002 5.77002 5.77002 5.77002 5.77002 5.77002 5.77002 5.77002 5.77002 5.77002 5.77002 5.77002 5.77002 5.77002 5.77002 5.77002
47.8254 56.0156 558.643 524.418 142.993 287.314 266.711 82.4745 86.7208 81.476 5.64283 5.72858 5.77002 5.77002 5.77002 5.77002 5.77002 5.77002 5.74377 717.614 5.64715 5.64867 5.66656 5.69992 5.75278 5.77002 5.77002 5.77002 5.77002 5.77002 5.57708 248.719 270.054 281.341 4.3586 4.96251 5.77002 5.77002 5.77002 5.77002 5.77002 5.77002 5.0149 3.96968 226.923 238.899 303.043 4.09402 5.77002 5.77002 5.77002 5.77002 5.77002 5.77002 5.77002 5.77002 5.77002 5.77002 5.77002 5.77002 5.77002 5.77002 5.77002 5.77002 5.77002 5.77002 5.77002
32.7879 135.94 993.992 83.6888 193.456 279.859 567.095 358.135 104.637 41.8838 248.661 5.71204 5.77002 5.77002 5.77002 5.77002 5.77002 5.77002 5.70413 195.234 169.397 16.5058 72.1858 367.486 5.71147 5.77002 5.77002 5.77002 5.77002 5.77002 5.52388 401.282 311.032 4.71006 5.04693 5.77002 5.72341 5.68628 5.72186 5.77002 5.77002 5.77002 5.77002 5.02794 4.26599 209.987 138.26 3.4851 5.17259 5.77002 5.77002 5.77002 5.77002 5.77002 5.77002 5.77002 5.77002 5.77002 5.77002 5.77002 5.77002 5.77002 5.77002 5.77002 5.77002 5.77002 5.77002
43.1267 444.94 110.954 105.862 42.7827 65.7949 84.4444 228.71 500.551 235.466 95.6986 5.69634 5.77002 5.77002 5.77002 5.77002 5.77002 5.75957 5.48872 35.8134 132.333 275.68 214.532 96.2429 5.58586 5.75903 5.77002 5.77002 5.77002 5.77002 5.61906 7.11102 5.39333 5.61157 5.77002 5.77002 5.69117 5.94829 5.67637 5.77002 5.77002 5.77002 5.77002 5.77002 4.22833 273.631 237.092 222.185 3.71405 4.04731 5.14948 5.77002 5.77002 5.77002 5.77002 5.77002 5.77002 5.77002 5.77002 5.77002 5.77002 5.77002 5.77002 5.77002 5.77002 5.77002 5.77002
45.9857 400.996 172.311 44.4624 143.765 17.153 17.1912 17.2123 17.2325 273.412 63.5711 5.71811 5.77002 5.77002 5.76996 5.75629 5.66933 5.46719 6.22341 23.3609 56.0315 899.559 128.252 48.2351 6.82778 5.69937 5.77002 5.77002 5.77002 5.77002 5.73758 5.73001 5.74395 5.77002 5.77002 5.77002 5.73407 5.68544 5.72276 5.77002 5.77002 5.77002 5.77002 5.77002 5.02575 4.27924 208.956 258.964 356.891 230.967 4.12327 5.02125 5.77002 5.77002 5.77002 4.62237 5.11325 5.0038 5.25337 5.42851 5.59563 5.77002 5.77002 5.77002 5.77002 5.77002 5.77002
124.458 454.959 44.1761 143.638 17.1638 17.2268 17.2498 17.2498 17.2498 333.189 63.3475 5.73439 5.77002 5.77002 5.74571 5.72187 7.50329 110.857 39.7835 50.187 405.145 402.936 539.157 124.062 183.252 5.63141 5.77002 5.77002 5.77002 5.77002 5.77002 5.77002 5.77002 5.77002 5.76603 5.76829 5.75795 5.77002 5.77002 5.77002 5.77002 5.77002 5.77002 5.77002 5.77002 5.18549 3.85297 152.95 207.608 164.495 253.032 4.30917 5.77002 5.77002 5.77002 4.54793 993.354 4.24046 3.68631 452.542 5.08208 5.56008 5.77002 5.77002 5.77002 5.77002 5.77002
274.912 376.673 92.9452 17.166 17.2292 17.2498 17.2498 17.2498 17.2488 307.222 64.6338 5.73674 5.76596 5.76138 5.69179 103.685 49.0605 102.101 574.796 913.717 16.1747 16.1639 16.2162 307.881 72.369 5.53744 5.75643 5.77002 5.77002 5.77002 5.77002 5.77002 5.77002 5.77002 5.76265 6.03809 5.72508 5.53485 5.77002 5.77002 5.77002 5.77002 5.77002 5.77002 5.77002 5.77002 5.15693 4.45782 102.403 861.359 85.1948 3.32162 5.14973 5.77002 5.77002 4.98265 4.81531 4.64689 3.77087 208.938 517.967 5.06123 5.77002 5.77002 5.77002 5.77002 5.77002
543.702 112.92 260.997 17.1981 17.2498 17.2498 17.2498 17.2477 17.2441 474.073 108.182 652.897 5.76322 5.75531 420.502 154.725 556.349 1027.81 14.6998 16.2956 16.314 16.3196 16.307 392.621 47.295 6.86323 5.70193 5.77002 5.77002 5.77002 5.77002 5.77002 5.77002 5.77002 5.76268 5.69857 1372.38 5.70767 5.54302 5.77002 5.77002 5.77002 5.77002 5.77002 5.77002 5.77002 5.77002 4.5963 163.793 163.431 163.696 60.2902 2.38219 3.90041 3.16671 4.25862 5.12339 5.42099 4.11161 189.126 246.023 4.39057 5.77002 5.77002 5.77002 5.77002 5.77002
728.663 132.341 17.1908 17.2166 17.2498 17.2498 17.2498 17.2442 1065.67 222.163 81.6574 5.71142 5.76016 5.76139 5.69578 124.463 42.2538 59.5172 1089.54 16.312 16.32 16.32 16.3148 1120.85 119.413 152.422 5.49588 5.76157 5.77002 5.77002 5.77002 5.77002 5.77002 5.77002 5.77002 5.67284 5.71682 1498.54 5.74035 5.77002 5.77002 5.77002 5.77002 5.77002 5.77002 5.77002 5.77002 4.71619 4.2071 68.6115 485.537 19.5123 27.0717 9.25454 95.0247 80.9086 2.59604 3.53348 5.88591 307.824 109.021 3.55598 5.44342 5.77002 5.77002 5.77002 5.77002
637.621 59.616 257.428 17.2091 17.2498 17.2498 17.2498 17.2428 403.951 42.8553 248.955 5.78741 5.7699 5.77002 5.75451 5.54806 6.27379 23.6948 287.445 16.3082 16.3139 16.32 16.3106 16.3112 332.727 96.1982 6.0596 5.66367 5.77002 5.77002 5.77002 5.77002 5.77002 5.77002 5.77002 5.77002 5.66004 5.71661 5.74175 5.77002 5.77002 5.77002 5.77002 5.77002 5.77002 5.77002 4.92457 3.44813 113.129 25.7917 100.584 39.9315 15.8787 28.525 65.3163 18.0292 32.6748 21.4631 24.0875 251.094 42.3337 183.243 4.42291 5.54521 5.76902 5.77002 5.77002
763.765 200.956 100.973 17.1983 17.2212 17.2228 17.2256 17.2326 263.594 65.307 5.6982 5.75137 5.76995 5.77002 5.77002 5.7606 5.52368 33.5979 95.9703 1224.92 16.2835 16.279 16.2879 538.765 364.298 388.653 383.314 5.26668 5.77002 5.77002 5.77002 5.77002 5.77002 5.77002 5.77002 5.77002 5.77002 5.77002 5.77002 5.77002 5.77002 5.77002 5.77002 4.86116 4.28037 4.79646 4.94335 353.648 134.509 124.218 91.619 208.506 344.726 127.729 24.1974 25.737 20.4599 19.724 93.3443 468.448 638.614 227.072 503.759 5.57697 5.76832 5.77002 5.77002
345.416 594.686 86.3707 39.8716 26.0236 30.3637 69.2809 234.804 86.5822 65.8373 5.66396 5.74381 5.76981 5.77002 5.77002 5.77002 5.70039 36.137 18.0061 405.72 16.2768 741.839 16.0698 322 34.2575 64.3573 320.18 4.90558 5.77002 5.77002 5.77002 5.77002 5.77002 5.77002 5.77002 5.77002 5.77002 5.77002 5.77002 5.77002 5.77002 5.77002 5.33407 4.96582 907.541 5.07158 4.90141 3.7083 116.329 27.1518 25.2551 44.8229 453.053 92.4956 41.4988 30.8855 31.6363 120.184 279.933 118.041 34.3828 98.0123 4.14954 5.36881 5.76902 5.77002 5.77002
47.7216 205.124 428.131 314.72 197.511 78.9857 178.702 87.9288 49.4111 31.8305 131.311 5.77448 5.72137 5.76605 5.77002 5.77002 5.75059 5.30647 22.6666 95.8347 670.382 534.99 786.476 182.384 49.2173 3.16921 4.16579 5.25871 5.77002 5.77002 5.76491 5.76384 5.76732 5.77002 5.77002 5.77002 5.77002 5.77002 5.77002 5.77002 5.77002 5.77002 5.19888 858.376 4.23314 4.58469 5.77002 5.08313 4.11693 32.4291 20.9903 27.0913 86.6282 471.427 520.844 583.886 1111.76 700.813 234.357 18.8271 48.2093 2.9748 4.85847 5.77002 5.77002 5.77002 5.77002
39.9957 32.1582 117.297 266.547 432.568 688.853 477.36 91.2859 40.1852 92.8521 28.5856 65.9113 201.866 5.74896 5.76649 5.77002 5.77002 4.72507 29.6738 37.3486 738.797 15.5898 15.3123 330.653 38.2322 80.6028 2.69861 4.00222 4.81907 5.19179 5.07365 5.52181 5.56048 5.77002 5.77002 5.77002 5.77002 5.77002 5.77002 5.77002 5.77002 5.77002 5.57684 4.99048 4.76919 5.77002 5.77002 5.77002 4.47797 43.9424 22.3351 28.5175 34.7601 310.267 433.345 69.6479 68.5088 40.8463 129.689 225.994 47.0742 149.897 3.86587 5.3769 5.77002 5.77002 5.77002
136.213 55.8333 63.847 34.5742 41.9417 130.672 555.161 197.976 410.814 135.028 441.951 254.05 57.0642 199.636 5.34053 5.53652 5.39083 3.96564 33.7026 33.3421 963.365 16.2838 16.0959 593.223 283.771 18.9104 26.4942 15.959 25.725 15.749 70.7806 125.276 4.54601 5.13152 5.63207 5.77002 5.76844 5.7679 5.75091 5.72197 5.70976 5.60799 5.63032 5.32189 5.03871 5.77002 5.77002 5.77002 4.36573 5.94518 21.5452 26.612 58.7879 461.773 79.8537 97.1153 37.503 40.9971 64.1529 265.318 1087.52 103.046 295.236 4.6739 5.59835 5.77002 5.77002
11.4495 220.032 97.6045 33.792 54.2508 37.595 80.7457 444.422 73.2417 253.668 16.3136 1320.55 285.377 85.0119 5.6663 121.502 3.19333 79.3435 19.4464 132.414 1055.33 16.2949 16.263 16.0225 424.402 822.765 403.08 586.655 306.328 371.143 323.685 20.6222 41.1501 126.566 5.35753 5.38464 5.71482 6.00913 5.96335 130.817 84.1046 144.154 6.50137 444.638 4.36695 5.23541 3.81639 3.02423 3.62646 37.5931 17.8532 22.8727 269.087 170.958 143.581 39.861 88.035 34.107 44.0386 45.0033 106.65 197.17 361.883 711.765 5.50588 5.77002 5.77002
11.4566 1000.94 11.4426 167.477 56.7323 26.7272 169.886 105.567 141.034 16.3102 16.3162 16.3162 838.561 79.7423 100.861 15.7507 29.9221 14.7917 220.58 525.626 16.224 16.3117 16.3194 16.2997 16.1216 16.1503 16.2085 16.2612 16.2601 16.1847 615.302 555.176 343.43 90.2264 279.596 485.536 291.826 277.695 458.686 172.767 1120.15 202.383 722.579 141.322 4.88246 4.38109 186.512 357.086 140.49 30.5954 38.2633 45.9693 915.292 147.067 37.2074 87.0097 37.1026 98.5016 3.05212 3.53952 342.879 4.76275 528.967 5.31464 5.62484 5.77002 5.77002
1094.46 11.4323 11.4877 11.4691 11.4623 72.9801 57.9967 315.261 16.3049 16.3204 16.32 16.3166 16.3067 758.172 454.314 787.615 471.505 1258.91 527.011 16.1595 16.3002 16.3199 16.32 16.3198 16.3199 16.3197 16.3199 16.3197 16.3195 16.2592 16.1288 494.254 310.545 100.882 240.671 241.891 281.015 269.107 210.068 139.297 98.5754 140.007 397.574 132.704 245.883 586.352 367.968 133.566 82.4431 300.025 67.4245 84.8366 594.466 52.3095 28.0675 32.7043 78.4903 2.80856 5.10808 5.04425 5.07109 5.07596 5.23953 5.61743 5.77002 5.77002 5.77002
1008.59 11.4147 11.54 11.54 11.5245 11.4403 131.457 280.544 16.3037 16.5712 16.3198 16.32 16.3166 16.2993 16.2993 16.3016 16.1878 16.1128 16.0844 16.2543 16.3198 16.32 16.32 16.32 16.32 16.32 16.32 16.32 16.3199 16.3197 16.2244 448.141 34.2491 139.24 5.63332 5.76374 5.9305 6.14007 6.14611 6.13125 6.04116 7.19911 208.504 209.844 193.041 110.04 202.509 4.24851 95.7956 23.4136 23.1683 35.738 824.118 41.4312 16.6796 35.7926 2.40252 5.13546 5.77002 5.77002 5.77002 5.77002 5.77002 5.77002 5.77002 5.77002 5.77002
655.75 11.302 11.54 11.54 11.54 11.5161 11.3742 258.552 554.745 16.3778 16.3199 16.32 16.32 16.32 16.32 16.32 16.32 16.3199 16.3195 16.3193 16.32 16.32 16.32 16.32 16.32 16.32 16.32 16.32 16.32 16.3199 16.2632 326.27 69.194 5.22371 5.9407 6.16001 6.16003 6.16003 6.16003 6.16003 6.15345 6.03572 5.75187 5.49719 301.207 3.66027 3.86449 4.70993 3.82545 28.0451 20.587 23.0462 479.078 77.8471 17.3665 65.0938 3.15802 5.77002 5.77002 5.77002 5.77002 5.77002 5.77002 5.77002 5.77002 5.77002 5.77002
196.678 11.2413 11.54 11.54 11.54 11.54 11.4451 11.6379 338.134 16.3178 16.32 16.32 16.32 16.32 16.32 16.32 16.32 16.32 16.32 16.32 16.32 16.32 16.32 16.32 16.32 16.32 16.32 16.32 16.32 16.32 16.2991 363.08 73.0048 5.49595 6.16001 6.16003 6.16003 6.16003 6.16003 6.16003 6.16003 6.16003 6.16001 5.95359 5.65451 5.32122 6.16001 6.16001 4.42372 18.9261 37.843 52.7796 381.935 413.954 17.5897 45.4496 2.8046 4.97616 5.77002 5.77002 5.77002 5.77002 5.77002 5.77002 5.77002 5.77002 5.77002
97.775 11.1804 11.4269 11.4423 11.5082 11.4835 11.3928 259.01 565.069 16.3185 16.32 16.32 16.32 16.32 16.32 16.32 16.32 16.32 16.32 16.32 16.32 16.32 16.32 16.32 16.32 16.32 16.32 16.32 16.32 16.32 16.3051 374.695 69.3615 5.79578 6.16003 6.16003 6.16003 6.16003 6.16003 6.16003 6.16003 6.16003 6.16003 6.16003 6.16001 6.1484 5.05479 3.8223 3.78782 81.2779 245.633 108.279 84.9228 505.629 50.7326 38.2092 292.297 4.2724 5.77002 5.77002 5.77002 5.77002 5.77002 5.77002 5.77002 5.77002 5.77002
