tests/full-run-ref/erosion_78_21_-27.869.asc
ncols 512
nrows 512
xllcorner -3.24582
yllcorner -4.08743
cellsize 5
NODATA_value -99999
[rows 468 to 503 of 512, columns 164 to 245 of 512]
8.15058 13.912 8.13557 5.76652 5.77 5.77 5.77 5.77 5.77 5.77 5.77 5.77 5.77 5.77 5.77 5.77 5.77 5.77 5.77 5.77 5.77 5.77 5.77 5.77 5.77 5.77 5.77 5.77 5.77 5.77 5.77 5.77 5.77 5.76897 11.5381 15.3076 16.3117 22.0819 27.8536 24.4662 22.075 16.3028 13.913 8.14239 5.76574 5.76959 5.77 5.77 5.77 5.77 5.77 5.77 5.77 5.77 5.77 5.77 5.77 5.77 5.77 5.77 5.77 5.77 5.77 5.77 5.76909 5.76455 8.15457 5.75609 5.76291 5.70065 11.3505 15.9149 21.6677 27.0401 79.4298 73.835 67.9877 62.1174 56.2184 50.2142 43.9726 37.5444
5.76245 11.531 11.5176 5.75956 5.76922 5.77 5.77 5.77 5.77 5.77 5.77 5.77 5.77 5.77 5.77 5.77 5.77 5.77 5.77 5.77 5.77 5.77 5.77 5.77 5.77 5.77 5.77 5.77 5.77 5.77 5.77 5.77 5.77 5.76887 11.5373 17.3079 22.0839 24.4734 30.2433 30.2381 24.4657 22.0755 16.3041 13.9143 8.14404 5.76633 5.76961 5.77 5.77 5.77 5.77 5.77 5.77 5.77 5.76996 5.76994 5.76996 5.77 5.77 5.77 5.77 5.77 5.77 5.77 5.77 5.76894 5.76845 5.76902 5.77 5.74419 8.00702 13.459 19.1652 24.5145 81.6998 76.2586 70.3794 64.5017 58.5512 52.4346 46.1445 43.8542
5.76315 11.5285 13.9045 8.12622 5.76544 5.77 5.77 5.77 5.77 5.77 5.77 5.77 5.77 5.77 5.77 5.77 5.77 5.77 5.77 5.77 5.77 5.77 5.77 5.77 5.77 5.77 5.77 5.77 5.77 5.77 5.77 5.77 5.77 5.76916 11.5377 13.9257 16.3122 22.0821 27.8527 32.6294 30.238 24.4668 22.0768 16.306 13.9159 8.14534 5.76786 5.77 5.77 5.77 5.77 5.77 5.77 5.77 5.76995 6.15732 5.76885 5.76903 5.76953 5.77 5.77 5.77 5.77 5.77 5.77 5.77 5.77 5.77 5.77 5.76471 5.64199 10.9376 16.714 22.1929 32.2503 78.2734 72.8803 66.8953 60.8868 54.721 52.3372 50.2071
5.7587 11.5224 16.2958 11.5089 5.75909 5.77 5.77 5.77 5.77 5.77 5.77 5.77 5.77 5.77 5.77 5.77 5.77 5.77 5.77 5.77 5.77 5.77 5.77 5.77 5.77 5.77 5.77 5.77 5.77 5.77 5.77 5.77 5.77 5.76966 5.768 8.15425 13.921 19.6918 25.4622 31.2337 32.629 30.2384 24.469 22.0789 16.3077 11.5279 5.76481 5.76927 5.77 5.77 5.77 5.77 5.77 5.77 5.76995 5.76962 8.15479 11.5378 5.7686 5.77 5.77 5.77 5.77 5.77 5.77 5.77 5.77 5.77 5.77 5.77 5.65075 10.8503 16.6317 22.361 30.2928 40.4522 74.8404 69.4856 63.2845 60.8226 58.5683 56.2264
8.13702 13.9106 17.2843 11.5009 5.75441 5.77 5.77 5.77 5.77 5.77 5.77 5.77 5.77 5.77 5.77 5.77 5.77 5.77 5.77 5.77 5.77 5.77 5.77 5.77 5.77 5.77 5.77 5.77 5.77 5.77 5.77 5.77 5.77 5.77 5.7698 5.76682 11.5305 17.3013 23.0717 31.2336 30.238 24.4664 22.0766 19.6867 16.3097 13.9189 8.15254 5.76916 5.77 5.77 5.77 5.77 5.77 5.77 5.77 5.76965 5.76687 11.5328 5.76033 5.76848 5.76984 5.77 5.77 5.77 5.77 5.77 5.77 5.77 5.7633 5.72365 5.60987 10.8691 16.6543 22.446 28.1892 38.3383 39.7985 70.8295 68.8846 67.0885 64.5103 58.6406
11.5162 16.3025 17.2699 11.4803 5.74577 5.76831 5.77 5.77 5.77 5.77 5.77 5.77 5.77 5.77 5.77 5.77 5.77 5.77 5.77 5.77 5.77 5.77 5.77 5.77 5.77 5.77 5.77 5.77 5.77 5.77 5.77 5.77 5.77 5.77 5.77 5.76786 11.5311 17.3016 23.0718 30.2385 24.4673 22.0754 16.3032 13.913 11.5241 8.14685 5.7668 5.76964 5.77 5.77 5.77 5.77 5.77 5.77 5.77 5.77 5.76533 11.5344 8.13517 6.13629 5.76566 5.76856 5.77 5.77 5.77 5.77 5.77 5.77 5.75535 11.509 7.95785 13.4862 19.0999 24.9147 30.5842 28.1537 29.7318 31.4974 33.6847 72.3877 67.0376 61.0517
11.5052 17.2842 19.6581 13.8721 8.10452 5.76252 5.77 5.77 5.77 5.77 5.77 5.77 5.77 5.77 5.77 5.77 5.77 5.77 5.77 5.77 5.77 5.77 5.77 5.77 5.77 5.77 5.77 5.77 5.77 5.77 5.77 5.77 5.77 5.77 5.77 5.76797 11.5319 17.3023 23.0734 24.4676 22.0753 16.3043 13.9128 8.14057 6.14555 5.76668 5.76954 5.77 5.77 5.77 5.77 5.77 5.77 5.77 5.77 5.77 5.76201 11.5279 13.9086 11.909 7.47737 5.76328 5.76267 5.75967 5.77 5.77 5.77 5.77 5.75431 8.11998 13.8033 16.0852 21.7195 27.2009 24.6787 22.3356 24.3462 26.2966 28.4053 30.3726 68.8552 63.2676
13.8929 19.6705 22.0501 16.2702 11.4888 5.748 5.76777 5.7696 5.7699 5.77 5.77 5.77 5.77 5.77 5.77 5.77 5.77 5.77 5.77 5.77 5.77 5.77 5.77 5.77 5.77 5.77 5.77 5.77 5.77 5.77 5.77 5.77 5.77 5.77 5.77 5.768 11.5324 17.303 23.0746 22.0771 16.3023 13.9126 8.14263 6.14952 5.76848 5.7699 5.77 5.77 5.77 5.77 5.77 5.77 5.77 5.77 5.77 5.76908 5.75613 11.515 16.3105 15.6404 9.86556 11.5332 8.15437 5.74839 5.77 5.77 5.77 5.77 5.76499 5.71227 7.91395 13.6464 19.4695 21.7185 18.7707 16.4423 18.5267 20.5632 23.0197 26.6051 28.6435 30.9703
16.2833 22.0593 24.4461 19.658 13.8847 8.11476 6.13447 6.15455 5.76867 5.76874 5.77 5.77 5.77 5.77 5.77 5.77 5.77 5.77 5.77 5.77 5.77 5.77 5.77 5.77 5.77 5.77 5.77 5.77 5.77 5.77 5.77 5.77 5.77 5.77 5.76983 5.76736 11.5325 17.3035 23.0756 19.6863 13.9119 8.13991 6.14956 5.76851 5.7699 5.77 5.77 5.77 5.77 5.77 5.77 5.77 5.77 5.77 5.76942 5.76383 8.13576 13.9096 16.3042 16.3154 15.6412 16.3166 11.531 5.76178 5.77 5.77 5.77 5.77 5.75784 5.72106 5.61748 11.2604 17.1549 15.9804 13.2889 10.5631 12.7361 14.7779 18.734 21.0589 23.459 29.2569
17.2854 23.0577 27.833 22.0578 16.2824 13.8967 11.913 11.9259 8.15805 5.76952 5.77 5.77 5.77 5.77 5.77 5.77 5.77 5.77 5.77 5.77 5.77 5.77 5.77 5.77 5.77 5.77 5.77 5.77 5.77 5.77 5.77 5.77 5.77 5.77 5.76929 8.15565 13.9236 19.6943 23.0709 17.2974 11.5241 6.14486 5.76844 5.7699 5.77 5.77 5.77 5.77 5.77 5.77 5.77 5.77 5.77 5.77 5.76779 8.14897 13.9152 16.3086 17.2948 16.2948 16.3081 16.3138 11.5159 5.75159 5.76685 5.77 5.77 5.77 5.74539 11.4935 7.96728 13.7254 19.5092 13.5998 7.56781 5.28362 7.54609 10.7621 12.9183 15.2521 21.193 27.0569
17.2953 19.6799 22.0729 24.4564 22.0646 19.6744 13.9205 8.14963 5.76789 5.76978 5.77 5.77 5.77 5.77 5.77 5.77 5.77 5.77 5.77 5.77 5.77 5.77 5.77 5.77 5.77 5.77 5.77 5.77 5.77 5.77 5.77 5.77 5.77 5.77 5.76873 11.536 16.315 22.0858 22.0829 16.3102 11.5295 5.76442 5.7699 5.77 5.77 5.77 5.77 5.77 5.77 5.77 5.77 5.76993 5.7693 5.76786 5.76179 11.5289 16.3099 13.9151 11.5119 11.5022 11.4846 11.5032 13.2046 8.135 5.75545 5.77 5.77 5.77 5.74784 8.07697 13.8009 16.1972 17.1613 11.2795 5.56683 5.70977 5.71759 5.49194 7.69135 13.5121 19.3968 25.2039
11.5201 13.906 16.2995 22.0766 23.0677 17.2936 11.5205 5.76301 5.76963 5.77 5.77 5.77 5.77 5.77 5.77 5.77 5.77 5.77 5.77 5.77 5.77 5.77 5.77 5.77 5.77 5.77 5.77 5.77 5.77 5.77 5.77 5.77 5.77 5.77 5.76849 11.535 17.3057 23.077 19.6918 13.9195 8.14894 5.76802 5.77 5.77 5.77 5.77 5.77 5.77 5.77 5.77 5.77 5.76862 6.15203 8.14949 8.143 13.919 13.9172 8.13782 5.75446 5.75102 5.74981 5.74419 8.13444 11.5229 5.75363 5.77 5.77 5.77 5.76278 5.6895 11.379 16.2079 16.1835 13.7449 8.0887 9.97688 5.76643 5.73804 5.57287 11.3571 17.1747 22.9464
5.7583 8.13889 13.9141 16.3091 22.0833 17.2951 11.5215 5.76437 5.77 5.76989 5.76982 5.76978 5.77 5.77 5.77 5.77 5.77 5.77 5.77 5.77 5.77 5.77 5.77 5.77 5.77 5.77 5.77 5.77 5.77 5.77 5.77 5.77 5.77 5.76983 5.76754 11.534 17.3052 22.0838 16.3111 11.5294 6.15143 5.76942 5.77 5.77 5.77 5.77 5.77 5.77 5.77 5.77 5.76951 5.7641 11.5283 13.9193 14.3119 16.3116 11.523 5.75668 5.7674 5.77 5.77 5.7675 5.76009 5.76086 5.75893 5.77 5.77 5.77 5.77 5.73402 8.01408 10.955 13.3662 7.94693 5.69908 5.75184 5.76829 7.58581 8.12145 13.8322 16.2124 21.8398
5.7689 5.76427 8.14728 13.9194 16.313 17.2982 11.5228 5.76371 5.7697 5.7699 8.0607 5.7698 5.77 5.77 5.77 5.77 5.77 5.77 5.77 5.77 5.77 5.77 5.77 5.77 5.77 5.77 5.77 5.77 5.77 5.77 5.77 5.76999 5.76987 5.76868 8.15521 13.9247 19.6959 19.6931 13.9202 8.14971 5.76763 5.76995 5.77 5.77 5.77 5.77 5.77 5.77 5.77 5.76961 5.76607 8.1467 13.9188 19.6935 16.2995 13.9065 11.5168 5.75917 5.77 5.77 5.77 5.77 5.77 5.77 5.77 5.77 5.77 5.77 5.77 5.76117 5.73904 5.68869 8.07377 5.71538 5.75656 5.77 5.76461 8.15664 5.74364 8.06426 13.836 19.5197
5.77 5.76957 5.76609 8.14947 13.9217 19.6897 13.9194 8.14833 5.7686 5.76994 5.76991 5.7699 5.77 5.77 5.77 5.77 5.77 5.77 5.77 5.77 5.77 5.77 5.77 5.77 5.77 5.77 5.77 5.77 5.77 5.77 5.77 5.76998 6.15935 8.15744 13.9263 16.3159 22.0871 17.3024 11.5302 6.15168 5.76947 5.77 5.77 5.77 5.77 5.77 5.76994 5.76971 5.76923 5.76688 8.15021 13.9195 16.3124 16.303 13.9047 8.12958 6.13503 5.76559 5.77 5.77 5.77 5.77 5.77 5.77 5.77 5.77 5.77 5.77 5.77 5.77 5.77 5.76346 5.74351 8.13178 5.74202 5.77 5.76644 5.76787 5.76523 5.73155 11.4729 13.7849
5.77 5.77 5.76964 5.76577 11.5327 16.3166 16.3123 11.5329 5.76771 5.77 5.77 5.77 5.77 5.77 5.77 5.77 5.77 5.77 5.77 5.77 5.77 5.77 5.77 5.77 5.77 5.77 5.77 5.77 5.77 5.77 5.77 5.76999 5.76906 11.5372 16.3166 22.0873 22.0857 16.3141 11.5335 5.76701 5.76995 5.77 5.77 5.77 5.77 5.77 5.76976 6.15891 8.15825 8.15402 13.9218 16.3129 19.6845 13.9088 8.1344 6.14442 5.76713 5.76981 5.7697 5.76965 5.77 5.77 5.77 5.77 5.77 5.76735 5.76636 5.76505 5.77 5.77 5.77 5.77 5.72912 11.4912 5.7196 5.77 5.77 5.77 5.77 5.76549 5.72479 8.04298
5.77 5.77 5.77 5.76889 8.1549 13.9259 16.318 11.5339 5.76837 5.77 5.77 5.76987 5.76982 5.76983 5.77 5.77 5.77 5.77 5.77 5.77 5.77 5.77 5.77 5.77 5.77 5.77 5.77 5.77 5.77 5.77 5.77 5.77 5.76901 11.5363 17.3068 23.0777 19.6949 13.9235 8.15324 5.76861 5.77 5.77 5.77 5.77 5.77 5.77 5.76973 8.15935 11.5381 13.9261 16.315 22.0853 17.295 11.5193 6.13819 6.15871 6.15979 5.76965 6.15918 5.76959 5.77 5.77 5.77 5.77 5.77 5.76016 8.14638 5.75829 5.77 5.77 5.77 5.77 5.73039 11.495 5.70746 5.77 5.77 5.76263 5.76689 5.76827 5.76584 5.71462
5.77 5.77 5.77 5.76977 5.76843 8.15647 13.9278 8.15686 5.76931 5.77 5.77 5.76971 8.15912 5.76961 5.77 5.77 5.77 5.77 5.77 5.77 5.77 5.77 5.77 5.77 5.77 5.77 5.77 5.77 5.77 5.77 5.77 5.77 5.76901 11.5364 17.3069 22.0863 16.3146 11.5336 6.15496 5.76949 5.76999 5.77 5.77 5.77 5.77 5.77 5.7698 5.76953 5.76778 8.15352 13.9223 16.3138 17.298 11.5225 6.14395 6.15934 6.15997 6.15958 6.15935 5.7695 5.77 5.77 5.77 5.77 5.77 5.74743 11.5189 5.74571 5.77 5.77 5.77 5.77 5.73928 11.4965 5.70484 5.77 5.77 5.75106 11.5304 5.76203 5.75658 5.7361
5.77 5.77 5.77 5.77 5.76983 5.76868 11.5387 5.76885 5.76988 5.77 5.77 5.76964 11.5395 5.76958 5.77 5.77 5.77 5.77 5.77 5.77 5.77 5.77 5.77 5.77 5.77 5.77 5.77 5.77 5.77 5.77 5.77 5.77 5.7691 11.537 17.3077 19.6963 13.9245 8.15431 6.15839 6.15997 5.76994 5.77 5.77 5.77 5.77 5.77 5.77 5.77 5.76972 5.76732 8.15087 13.9225 19.6897 13.9184 8.14775 6.15694 6.16001 6.15996 6.15964 5.76959 5.77 5.77 5.77 5.77 5.77 5.74024 11.5145 5.73688 5.77 5.77 5.77 5.76383 5.74756 11.4958 5.70829 5.77 5.77 5.74733 11.5308 8.14329 11.9091 8.09218
5.77 5.77 5.77 5.77 5.77 5.76958 8.15955 5.76965 5.77 5.77 5.77 5.76976 8.15975 5.76975 5.76987 5.77 5.77 5.77 5.77 5.77 5.77 5.77 5.77 5.77 5.77 5.77 5.77 5.77 5.77 5.77 5.77 5.77 5.76921 11.5376 17.3084 16.3168 11.5352 6.15665 6.15972 6.04986 5.7699 5.76999 5.77 5.77 5.77 5.77 5.77 5.77 5.77 5.76967 5.76594 11.5328 17.3058 16.3116 11.5321 6.15441 6.15588 6.15496 5.7684 5.7697 5.77 5.77 5.77 5.77 5.77 5.74276 11.5058 5.73621 5.77 5.77 5.77 5.76518 8.14164 11.5146 5.73554 5.77 5.77 5.75109 11.5261 13.9156 16.29 20.0687
5.77 5.77 5.77 5.77 5.77 5.76987 5.76989 5.76991 5.77 5.77 5.77 5.76993 5.7698 8.15921 5.7697 5.77 5.77 5.77 5.77 5.77 5.77 5.77 5.77 5.77 5.77 5.77 5.77 5.77 5.77 5.77 5.77 5.76993 5.7692 11.5382 17.309 13.9267 8.15597 6.1587 6.16001 6.16 6.15998 5.76995 5.76997 5.76998 5.76998 5.77 5.77 5.77 5.77 5.77 5.76837 11.5362 16.3175 19.6953 13.9256 8.15722 11.5395 8.15526 6.15676 5.76968 5.77 5.77 5.77 5.77 5.77 5.75447 8.14315 5.75288 5.77 5.77 5.77 5.76669 6.13571 6.1428 5.76428 5.77 5.77 5.75794 11.5233 17.2959 19.6843 22.0679
5.77 5.77 5.77 5.77 5.77 5.77 5.77 5.77 5.77 5.77 5.77 5.77 5.76967 11.5395 5.76963 5.77 5.77 5.77 5.77 5.77 5.77 5.77 5.77 5.77 5.77 5.77 5.77 5.77 5.77 5.77 5.77 5.76992 8.15914 13.9289 17.3079 11.5368 6.15779 6.1598 6.16002 6.16002 6.16 6.16 6.15989 6.1598 5.76988 5.76994 5.77 5.77 5.77 5.77 5.76933 8.15656 13.9273 16.3169 13.9264 8.15674 6.15483 6.155 6.15872 5.76966 5.77 5.77 5.77 5.77 5.77 5.76609 5.76623 5.76733 5.77 5.77 5.77 5.76975 5.76945 5.76948 5.76984 5.77 5.77 5.76304 11.5283 11.519 13.9025 16.2815
5.77 5.77 5.77 5.77 5.77 5.77 5.77 5.77 5.77 5.77 5.77 5.76994 5.76954 11.5393 5.76946 5.76992 5.77 5.77 5.77 5.77 5.77 5.77 5.77 5.77 5.77 5.77 5.77 5.77 5.77 5.77 5.77 5.76995 5.7694 11.5388 17.3086 11.5378 6.15845 6.16002 6.16002 6.16002 6.16002 6.15993 6.15948 8.15928 6.15901 5.76987 5.77 5.77 5.77 5.77 5.7698 5.76826 11.5379 13.9267 8.15571 6.15572 6.15869 6.16001 6.15972 5.76976 5.77 5.77 5.77 5.77 5.77 5.77 5.77 5.77 5.77 5.77 5.77 5.77 5.77 5.77 5.77 5.77 5.77 5.76593 8.1511 5.75519 8.12718 11.4917
5.77 5.77 5.77 5.77 5.77 5.77 5.77 5.77 5.77 5.77 5.76993 5.76967 8.15901 13.9289 8.15853 5.76978 5.77 5.77 5.77 5.77 5.77 5.77 5.77 5.77 5.77 5.77 5.77 5.77 5.77 5.77 5.77 5.77 5.76956 11.5389 17.3088 11.538 6.15863 6.16002 6.16002 6.16002 6.16002 6.15982 8.15939 12.8681 8.1592 5.76983 5.77 5.77 5.77 5.77 5.76966 8.15868 13.9276 8.15646 5.76795 5.76897 6.15963 6.15972 6.15591 5.76986 5.77 5.77 5.77 5.77 5.77 5.77 5.77 5.77 5.77 5.77 5.77 5.77 5.77 5.77 5.77 5.77 5.77 5.76815 5.76851 5.76812 5.76344 5.73022
5.77 5.77 5.77 5.77 5.77 5.77 5.77 5.77 5.77 5.77 5.76982 8.15922 13.9291 16.3189 11.5386 5.76946 5.76995 5.77 5.77 5.77 5.77 5.77 5.77 5.77 5.77 5.77 5.77 5.77 5.77 5.77 5.77 5.77 5.7696 11.5389 17.3087 11.538 6.15828 6.1599 6.16002 6.16002 6.16002 6.1599 6.15929 8.15937 6.15916 5.76989 5.77 5.77 5.77 5.77 5.76929 11.5393 8.15744 5.76826 5.76961 5.76991 5.76976 5.76973 5.76983 5.76996 5.77 5.77 5.77 5.77 5.77 5.77 5.77 5.77 5.77 5.77 5.77 5.77 5.77 5.77 5.77 5.77 5.77 5.77 5.77 5.77 5.77 5.76434
5.77 5.77 5.77 5.77 5.77 5.77 5.77 5.77 5.77 5.77 5.76972 11.5392 16.3193 19.699 13.9287 8.15875 5.76981 5.77 5.77 5.77 5.77 5.77 5.77 5.77 5.77 5.77 5.77 5.77 5.77 5.77 5.77 5.77 5.76964 11.539 17.3094 13.9286 8.15837 6.15956 6.16002 6.16002 6.16002 6.16002 6.15988 6.15979 5.76989 5.76999 5.77 5.77 5.77 5.77 5.7689 11.538 6.15452 5.76934 5.77 5.77 5.77 5.77 5.77 5.77 5.77 5.77 5.76999 5.76998 5.76997 5.76996 5.76996 5.76995 5.76997 5.76992 5.7698 5.76972 5.76971 5.76984 5.76985 5.77 5.77 5.77 5.77 5.77 5.76896 5.76493
5.76993 5.76996 5.77 5.77 5.77 5.77 5.77 5.77 5.77 5.77 5.76973 11.539 17.3092 22.0892 16.3189 11.5389 5.76966 5.77 5.77 5.77 5.77 5.77 5.77 5.77 5.77 5.77 5.77 5.77 5.77 5.77 5.77 5.77 5.76969 11.5391 17.3095 16.3189 11.539 6.15943 6.16002 6.16002 6.16002 6.16002 6.15999 5.76994 5.76999 5.77 5.77 5.77 5.77 5.77 5.7686 11.5384 8.15425 5.76779 5.76954 5.77 5.77 5.77 5.77 5.77 5.77 5.77 5.76988 6.1597 6.15972 6.15989 6.15965 6.1593 6.15914 5.76938 8.15958 8.15945 8.15915 6.15749 5.76803 5.76826 5.77 5.77 5.77 5.77 5.7685 8.15827
8.15917 5.7697 5.76996 5.77 5.77 5.77 5.77 5.77 5.77 5.77 5.76975 11.5392 17.3093 23.0793 17.3089 11.5387 5.7695 5.76997 5.77 5.77 5.77 5.77 5.77 5.77 5.77 5.77 5.77 5.77 5.77 5.77 5.77 5.77 5.76976 11.5394 16.3196 17.3093 11.539 6.15946 6.16002 6.16002 6.16002 6.16002 6.15999 5.98636 5.77 5.77 5.77 5.77 5.77 5.77 5.76874 11.5383 13.9258 8.15727 5.76818 5.76932 5.77 5.77 5.77 5.77 5.77 5.77 5.76982 11.5398 8.15972 5.76997 8.1595 11.9294 11.929 12.3194 13.9292 13.9295 13.9292 11.9277 8.15828 5.76791 5.76832 5.77 5.77 5.77 5.7686 5.76749
13.9291 8.15888 5.76968 5.76996 5.77 5.77 5.77 5.77 5.77 5.77 5.7698 11.5392 17.3093 23.0795 19.699 13.9289 8.15904 5.76987 5.77 5.77 5.77 5.77 5.77 5.77 5.77 5.77 5.77 5.77 5.77 5.77 5.77 5.77 5.76989 8.15936 13.9295 17.3094 11.5391 6.1594 6.16002 6.16002 6.16002 6.16002 6.15999 5.76997 5.77 5.77 5.77 5.77 5.77 5.77 5.76936 7.66933 8.74041 13.9281 8.15853 5.76887 5.77 5.77 5.77 5.77 5.77 5.77 5.76986 8.15974 5.76979 5.76994 5.76936 11.539 17.3093 18.0896 19.6993 19.6996 18.3651 16.3188 13.9285 8.15799 5.76789 5.76881 5.77 5.77 5.77 5.77
16.3192 13.929 8.15881 5.76979 5.76995 5.77 5.77 5.77 5.77 5.77 5.76982 11.5394 17.3094 23.0796 22.0893 16.3192 11.5393 5.76978 5.77 5.77 5.77 5.77 5.77 5.77 5.77 5.77 5.77 5.77 5.77 5.77 5.77 5.77 5.76996 5.76955 11.5394 17.3093 11.5388 6.15911 6.15992 6.16002 6.16002 6.16002 6.16 5.76998 5.77 5.77 5.77 5.77 5.77 5.77 5.76986 5.76936 7.66988 13.4406 8.15851 5.76927 5.77 5.77 5.77 5.77 5.77 5.77 5.76994 5.76986 5.76971 5.76951 8.1589 13.9291 19.6993 23.8597 25.4694 25.4697 24.1352 22.0888 16.3185 13.9284 8.15808 5.7682 5.77 5.77 5.77 5.77
16.3197 16.3192 13.9291 8.15969 5.76988 5.77 5.77 5.77 5.77 5.77 5.76985 11.5395 17.3095 23.0797 23.0796 17.3094 11.5393 5.7698 5.77 5.77 5.77 5.77 5.77 5.77 5.77 5.77 5.77 5.77 5.77 5.77 5.77 5.76998 5.76981 8.15927 13.9293 19.699 13.9285 8.15823 6.15922 6.15992 6.16002 6.16002 6.16001 6.16 5.76998 5.76998 5.76998 5.76998 5.77 5.77 5.77 5.84088 6.15893 8.15949 6.1589 5.7697 5.77 5.77 5.77 5.77 5.77 5.77 5.7698 8.15919 11.9291 8.15875 13.9291 16.3193 22.0894 27.8595 31.2395 31.2397 29.9053 24.4789 22.0888 16.3186 11.5384 5.76798 5.76929 5.77 5.77 5.77
13.9296 13.9297 11.5397 11.5399 5.76988 5.77 5.77 5.77 5.77 5.77 5.76987 11.5396 17.3097 23.0798 23.0796 17.3095 11.5394 5.76982 5.77 5.77 5.77 5.77 5.77 5.77 5.77 5.77 5.77 5.77 5.77 5.77 5.77 5.76994 8.15964 13.9294 16.3193 22.0889 16.3185 13.9284 8.15827 6.15925 6.15994 6.16002 6.16002 6.16001 6.16 6.16 6.16 5.76999 5.77 5.77 5.77 5.76996 6.15987 6.15986 6.15978 5.76994 5.77 5.77 5.77 5.77 5.77 5.77 5.76965 11.5393 16.3191 18.0895 16.3193 22.0894 24.4795 28.8499 31.2399 33.6299 32.6391 30.249 24.4789 19.6989 13.9287 8.15861 5.76883 5.77 5.77 5.77
11.5398 8.15959 5.76977 8.15988 5.76996 5.77 5.77 5.77 5.77 5.77 5.76989 11.5397 17.3097 23.0798 23.0797 17.3096 11.5395 5.76985 5.77 5.77 5.77 5.77 5.77 5.77 5.77 5.77 5.77 5.77 5.77 5.77 5.77 5.76988 11.5396 16.3194 22.0894 24.4789 22.0887 16.3184 13.9284 8.15851 6.15936 6.15996 6.16001 6.16001 6.16 6.16 6.16 5.76999 5.77 5.77 5.77 5.76999 5.76986 6.15987 5.76983 5.76995 5.77 5.77 5.77 5.77 5.77 5.7698 5.76933 11.5389 17.3092 23.0794 23.47 23.0798 25.4698 23.0799 25.4699 27.8599 30.2499 32.6391 27.8592 22.089 16.3189 11.5386 5.76898 5.7694 5.77 5.77
5.76993 5.76993 5.76998 5.76999 5.76999 5.77 5.77 5.77 5.77 5.77 5.76992 11.5398 17.3098 23.0799 22.0899 16.3198 11.5396 5.7699 5.77 5.77 5.77 5.77 5.77 5.77 5.77 5.77 5.77 5.77 5.77 5.77 5.77 5.76987 11.5395 17.3095 23.0795 30.249 24.4788 22.0887 16.3186 13.9288 8.15925 6.15981 6.16001 5.76999 5.76999 5.76999 5.76999 5.77 5.77 5.77 5.77 5.76991 5.76919 6.15661 6.15695 5.76931 5.77 5.77 5.77 5.77 5.77 5.76927 8.15827 13.9289 19.6992 22.0896 19.6995 17.3097 19.6997 17.3098 19.6998 22.0899 24.4799 27.8599 30.2493 24.4793 19.6991 13.929 8.15903 5.76859 5.77 5.77
5.77 5.77 5.77 5.77 5.77 5.77 5.77 5.77 5.77 5.76999 5.76993 11.5398 17.3099 23.0799 19.6999 13.9298 8.15977 5.76995 5.77 5.77 5.77 5.77 5.77 5.77 5.77 5.77 5.77 5.77 5.77 5.77 5.77 5.76988 11.5395 17.3095 23.0795 31.2396 30.249 24.4789 19.6982 13.9284 8.15872 6.15978 5.76995 5.77 5.77 5.77 5.77 5.77 5.77 5.77 5.77 5.76964 8.15868 8.15367 11.5343 5.76712 5.76953 5.77 5.77 5.7699 5.76962 5.76728 11.5363 16.3191 19.6436 16.3194 13.9295 11.5397 13.9297 11.5398 13.9298 16.3198 19.6998 22.0898 24.4798 22.0897 19.6996 16.3194 11.5395 5.76846 5.77 5.77
5.77 5.77 5.77 5.77 5.77 5.77 5.77 5.77 5.77 5.76999 8.15992 13.9299 19.6999 22.09 16.3199 11.5398 5.7699 5.76999 5.77 5.77 5.77 5.77 5.77 5.77 5.77 5.77 5.77 5.77 5.77 5.77 5.77 5.76988 11.5395 17.3095 23.0794 33.6296 28.8484 23.0782 17.308 11.5376 6.15784 6.15978 5.76998 5.77 5.77 5.77 5.77 5.77 5.77 5.77 5.76993 5.76913 11.5384 13.9254 13.6456 7.87457 5.76951 5.77 5.77 5.76994 6.15827 8.15438 13.9251 19.6975 17.2525 11.4826 8.15873 5.76953 8.15991 5.76988 8.15981 11.5398 13.9298 16.3198 19.4615 16.3196 13.9296 11.5395 11.5395 5.76947 5.77 5.77
