tests/full-run-ref/erosion_2010_78_19_2.123.asc
ncols 512
nrows 512
xllcorner -3.24582
yllcorner -4.08743
cellsize 5
NODATA_value -99999
[rows 148 to 184 of 512, columns 168 to 251 of 512]
16.3138 0 0 0 0 0 0 0 0 0 30.1913 24.4253 23.0258 23.041 23.041 23.041 23.041 23.041 23.041 0 0 30.0887 61.2929 60.4548 54.6536 48.8573 46.4601 40.6576 38.2783 35.8976 33.5085 31.1126 28.7357 28.7814 22.9695 17.1673 11.3763 5.67476 5.77 5.77 5.77 5.77 5.57006 0.934677 0 0 0 0 0 0 0 13.9086 8.13568 8.14678 6.14943 5.76466 5.76878 0 0 0 0 0 0 0 0 0 0 5.76687 0 0 5.76604 0 0 0 0 0 0 0 0 0 0 0 0 0
16.3094 16.3167 0 0 0 0 0 0 0 30.2054 24.4185 23.0353 23.0778 23.0409 23.041 23.041 0 0 0 0 0 28.1741 0 57.0671 52.2717 46.4687 40.6665 38.2753 32.4642 30.09 27.713 25.3193 22.9376 24.376 21.9833 17.2006 11.3988 5.68054 5.77 5.77 5.77 5.77 5.52285 0 0 0 0 0 0 0 0 16.2938 14.2957 13.9174 11.9203 8.15295 5.7675 0 0 0 0 0 0 0 5.765 5.76751 0 0 0 0 6.09965 5.74247 5.76105 5.76792 0 0 0 0 0 0 0 0 0 0
22.0853 15.842 0 0 0 16.2394 0 0 30.2149 24.423 23.0413 23.0777 23.08 23.08 23.08 23.08 23.08 23.08 0 0 0 0 0 54.2721 48.8846 44.0911 38.2835 32.4745 30.0891 24.2688 21.8985 19.5155 16.461 17.6479 16.1715 13.7873 11.4332 5.70589 5.77 5.77 5.77 5.77 5.62572 0.995273 0 0 0 0 0 0 0 24.4747 22.0763 16.3103 13.9225 8.15284 5.7677 0 0 0 0 0 0 7.53897 8.15734 5.76638 0 0 0 0 13.8992 8.10577 8.13335 5.75829 0 0 0 0 0 0 0 0 0 0
17.3037 0 0 0 0 38.0955 32.575 30.2113 24.4238 23.0499 23.0778 23.08 23.08 23.08 23.08 23.08 23.08 23.0518 0 0 0 0 0 48.5005 46.0949 40.7056 35.9093 30.0963 24.28 21.9008 16.0682 13.6918 7.67429 3.28105 13.8285 7.98378 5.65572 5.75082 5.77 5.77 5.77 5.77 5.77 3.83044 0 0 0 0 0 0 0 15.3267 16.2829 13.8983 8.13771 5.76176 5.76918 0 0 0 0 0 0 0 5.76417 5.7672 0 0 0 5.08298 16.312 16.3035 11.5073 5.74269 0 0 0 0 0 0 0 0 0 0
0 0 0 0 0 32.5571 30.1767 24.413 23.048 23.0777 23.08 23.08 23.08 23.08 23.08 23.08 23.08 0 0 0 0 0 0 42.7209 40.3255 38.3381 32.5146 27.7229 21.9044 16.0807 13.7058 7.90377 4.9737 1.88485 8.09788 5.69562 5.76025 5.77 5.77 5.77 5.77 5.77 5.76279 5.27589 0 0 0 0 0 0 0 16.1872 13.8685 8.10623 5.74833 5.7681 0 0 0 0 0 0 0 0 0 0 0 0 0 16.3143 13.9032 11.5043 8.12894 5.75182 0 0 0 0 0 0 0 0 0 0
16.32 16.32 0 0 0 30.179 24.4012 23.0438 23.0773 23.08 23.08 23.08 23.08 23.08 23.08 23.08 23.08 0 0 0 0 0 0 36.9391 34.5398 35.963 30.138 24.3202 19.5299 13.7054 7.92243 5.64363 5.70232 5.17255 5.75341 5.76392 5.77 5.77 5.77 5.77 5.77 5.77 5.63176 3.21215 0 0 0 0 0 0 0 15.7791 11.4745 5.71478 5.76605 0 0 0 0 0 0 0 0 0 0 0 0 0 14.7675 13.8999 8.10477 5.73494 5.75828 5.76719 0 0 0 0 0 0 0 0 0 0
0 0 0 0 0 24.4187 23.0359 23.077 23.08 23.08 23.08 23.08 23.08 23.08 23.08 23.08 23.08 0 0 0 0 0 33.5849 31.1595 28.0729 31.1791 27.7765 21.9474 16.1274 11.3515 5.61547 5.75625 5.77 5.77 5.77 5.77 5.77 5.77 5.77 5.77 5.77 5.76878 4.97365 0 0 0 0 0 0 0 0 17.2496 11.4199 5.72449 0 0 0 0 0 0 0 0 0 0 0 0 0 0 15.786 11.4816 5.7164 5.76579 0 0 0 0 0 0 0 0 0 0 0 0
0 0 0 0 24.4509 23.0474 23.0774 23.08 23.08 23.08 23.08 23.08 23.08 23.08 23.08 23.08 23.08 0 0 0 0 30.217 27.808 25.3847 18.6576 12.9843 25.4154 19.5881 13.7618 7.98728 5.72107 5.77 5.77 5.77 5.77 5.77 5.77 5.77 5.77 5.77 5.77 5.74862 3.67578 0 0 0 0 0 0 0 0 17.2518 11.4319 5.73013 0 0 0 0 0 0 0 0 0 0 0 0 0 0 16.9459 11.472 5.72112 0 0 0 0 0 0 0 0 0 0 0 0 0
0 0 0 0 23.0359 22.9987 23.08 23.08 23.08 23.08 23.08 23.08 23.08 23.08 23.08 23.08 23.08 23.08 0 0 23.0158 24.4477 22.0348 19.6137 4.30943 0 22.0498 17.2457 11.4089 5.6421 5.74995 5.76629 5.76859 5.76961 5.7696 5.76977 5.76976 5.76976 5.76976 5.76978 5.7698 5.68593 2.49187 0 0 0 0 0 0 0 0 17.2407 11.4319 5.73013 0 0 0 0 0 0 0 0 0 0 0 0 0 0 17.2753 11.4615 5.71554 0 0 0 0 0 0 0 0 0 0 0 0 0
0 0 0 0 0 23.08 23.08 23.08 23.08 23.08 23.08 23.08 23.08 23.08 23.08 23.08 23.08 23.08 0 0 23.0515 22.0536 16.2553 13.8648 0 0 0 19.6847 13.8638 8.07189 8.13128 6.13123 6.1537 6.15336 6.15684 6.15675 6.15651 6.15628 6.15642 6.15676 6.15707 6.15726 5.15034 0 0 0 0 0 0 0 8.33613 17.2193 11.4231 5.72714 0 0 0 0 0 0 0 0 0 0 0 0 0 0 16.8843 11.4537 5.70826 0 0 0 0 0 0 0 0 0 0 0 0 0
0 0 0 22.956 23.08 23.08 23.08 23.08 23.08 23.08 23.08 23.08 23.08 23.08 23.08 23.08 23.08 23.08 23.08 0 25.4663 19.6683 13.8824 12.2994 0 0 0 14.1488 16.3102 16.3065 14.3065 14.3165 12.3144 11.5227 11.5228 11.5227 11.5222 11.5219 11.5221 11.5225 11.5228 11.0279 6.51183 0 0 0 0 0 0 0 23.0143 17.2011 11.4108 5.72266 0 0 0 0 0 0 0 0 0 0 0 0 0 23.0628 17.2478 11.4446 5.70219 0 0 0 0 0 0 0 0 0 0 0 0 0
0 0 19.1334 23.08 23.08 23.08 23.08 23.08 23.08 23.08 23.08 23.08 23.08 23.08 23.0795 23.078 23.0767 23.0761 21.4955 17.824 23.0213 17.2893 12.2901 12.3161 7.13284 0 0 7.41386 12.3063 12.3089 12.3161 12.3182 12.3197 12.32 12.32 12.32 12.32 12.32 12.32 12.32 12.32 12.2708 10.9973 0 0 0 0 0 0 0 23.0061 17.1877 11.3969 5.7175 0 0 0 0 0 0 0 0 0 0 0 0 0 22.9681 17.2372 11.4356 5.69579 4.47942 0 0 0 0 0 0 0 0 0 0 0 0
0 4.26889 23.08 23.08 23.08 23.08 23.08 23.08 23.08 23.08 23.08 23.08 23.08 23.0795 23.0754 22.0748 19.6817 17.2955 15.7095 11.4542 18.2777 19.6912 13.9215 12.318 12.32 12.32 12.32 12.32 12.32 12.32 12.32 12.32 12.32 12.32 12.32 12.32 12.32 12.32 12.32 12.32 12.32 12.32 12.32 12.32 12.32 12.32 0 0 0 0 23.0044 17.1744 11.381 5.71178 0 0 0 0 0 0 0 0 0 0 0 0 28.8263 23.0267 17.2277 11.4262 5.68982 5.50768 0 0 0 0 0 0 0 0 0 0 0 0
21.8717 22.2097 23.08 23.08 23.08 23.08 23.08 23.08 23.08 23.08 23.08 23.08 23.08 23.0774 22.0727 16.2893 13.9068 12.3047 12.3122 12.3106 12.3087 12.3117 12.3158 12.3191 12.32 12.32 12.32 12.32 12.32 12.32 12.32 12.32 12.32 12.32 12.32 12.32 12.32 12.32 12.32 12.32 12.32 12.32 12.32 12.32 12.32 8.26838 0 0 0 0 23.0048 17.1597 11.3633 5.70556 0 0 0 0 0 0 0 0 0 0 0 0 28.8212 23.0113 17.2188 11.4172 5.68419 5.77 4.45158 0 0 0 0 0 0 0 0 0 0 0
23.08 23.08 23.08 23.08 23.08 23.08 23.08 23.08 23.08 23.08 23.08 23.08 23.08 23.0741 19.6716 13.9001 12.3102 12.3189 12.32 12.32 12.32 12.32 12.32 12.32 12.32 12.32 12.32 12.32 12.32 12.32 12.32 12.32 12.32 12.32 12.32 12.32 12.32 12.32 12.32 12.32 12.32 12.32 12.32 12.32 12.2935 10.485 0 0 0 0 22.5241 17.1437 11.3447 5.69912 0 0 0 0 0 0 0 0 0 0 0 32.6238 28.8031 23.0029 17.2116 11.4101 5.67946 5.77 5.76595 3.69213 0 0 0 0 0 0 0 0 0 0
23.08 23.08 23.08 23.08 23.08 23.08 23.08 23.08 23.08 23.08 23.08 23.08 23.08 23.0665 17.2757 12.289 12.3176 12.32 12.32 12.32 12.32 12.32 12.32 12.32 12.32 12.32 12.32 12.32 12.32 12.32 12.32 12.32 12.32 12.32 12.32 12.32 12.32 12.32 12.32 12.32 12.32 12.32 12.32 12.32 12.32 12.0054 6.49495 0 0 0 22.9895 17.1281 11.3271 5.69289 0 0 0 0 0 0 0 0 0 0 23.3943 34.6058 28.797 23.0018 17.2099 11.4069 5.67624 5.77 5.77 5.34222 0 0 0 0 0 0 0 0 0 0
23.08 23.08 23.08 23.08 23.08 23.08 23.08 23.08 23.08 23.08 23.08 23.08 23.08 23.0758 19.6726 13.9 12.3091 12.317 12.3191 12.32 12.32 12.32 12.32 12.32 12.32 12.32 12.32 12.32 12.32 12.32 12.32 12.32 12.32 12.32 12.32 12.32 12.32 12.32 12.32 12.32 12.32 12.32 12.32 12.32 12.3175 0 0 0 0 0 22.9714 17.1137 11.3114 5.68715 0 0 0 0 0 0 0 0 0 22.6477 32.6266 30.2081 27.8015 23.0125 17.221 11.4128 5.67605 5.77 5.77 5.74468 3.283 0 0 0 0 0 0 0 0 0
23.08 23.08 23.08 23.08 23.08 23.08 23.08 23.08 23.08 23.08 23.08 23.08 23.08 23.0778 22.0729 16.2876 14.2927 13.9114 12.3007 12.2982 12.2994 12.3046 12.3094 12.3109 12.3116 12.3117 12.3115 12.3111 12.3106 12.3098 12.3086 12.3074 12.306 12.3044 12.3026 12.3008 12.3017 12.3103 12.3134 12.3133 12.3133 12.3133 12.3115 12.3037 12.2707 13.2062 0 0 0 0 22.9504 17.1005 11.2979 5.68198 0 0 0 0 0 0 0 0 0 29.1448 28.8119 24.4118 22.0071 19.6153 16.2361 11.4351 5.68957 5.77 5.77 5.77 5.24073 0 0 0 0 0 0 0 0 0
23.0794 23.08 23.08 23.08 23.08 23.08 23.08 23.08 23.08 23.08 23.08 23.08 23.08 23.0795 23.0752 23.0701 23.0682 23.0704 23.0691 23.0681 23.0612 23.067 23.0717 23.0733 23.0732 23.0734 23.0733 23.073 23.0726 23.0721 23.0715 23.0708 23.0698 23.0689 23.0676 23.0661 23.066 23.0753 23.0752 23.0752 23.0752 23.0752 23.0751 22.4685 21.0562 20.0514 0 0 0 24.4298 22.9225 17.0883 11.2859 5.67726 0 0 0 0 0 0 0 0 0 25.438 23.0311 22.0284 16.2128 13.8147 11.4315 8.06682 5.72373 5.77 5.77 5.77 5.72368 2.8792 0 0 0 0 0 0 0 0
23.08 23.08 23.08 23.08 23.08 23.08 23.08 23.08 23.08 23.08 23.08 23.08 23.08 23.08 23.08 23.08 23.08 23.08 23.08 23.08 23.08 23.08 23.08 23.08 23.08 23.08 23.08 23.08 23.08 23.08 23.08 23.08 23.08 23.08 23.08 23.08 23.08 23.08 23.08 23.08 23.08 23.08 23.0799 23.0793 23.0772 23.015 22.995 0 0 28.7198 22.8925 17.0772 11.2748 5.6729 0 0 0 0 0 0 0 0 22.066 19.6525 17.2465 17.2577 13.8405 8.0364 5.68228 5.73251 5.75711 5.77 5.77 5.77 5.77 5.20337 0 0 0 0 0 0 0 0
23.0792 23.0789 22.8098 22.8128 22.8129 22.8133 22.8131 22.8127 22.8123 22.8119 22.8115 22.8112 22.8113 22.8115 22.8067 22.8055 22.8056 22.8063 22.807 22.8029 22.6402 22.9988 23.0794 23.08 23.08 23.08 23.08 23.08 23.08 23.08 23.08 23.08 23.08 23.08 23.08 23.08 23.08 23.08 23.08 23.08 23.08 23.08 23.08 23.08 23.08 22.3163 0 0 0 28.7146 22.8737 17.0671 11.2645 5.66905 0 0 0 0 0 0 0 0 16.2853 13.8709 11.4627 11.4722 11.4862 5.69794 5.7609 5.77 5.77 5.77 5.77 5.77 5.77 5.75133 3.41093 0 0 0 0 0 0 0
22.0775 20.0821 20.0866 20.0847 20.084 20.0838 20.0835 20.083 20.0822 20.0813 20.0804 20.0797 20.0792 20.0783 20.0787 20.0774 20.077 20.0769 20.0768 20.0769 20.0739 22.0768 22.9519 23.0792 23.08 23.08 23.08 23.08 23.08 23.08 23.08 23.08 23.08 23.08 23.08 23.08 23.08 23.08 23.08 23.08 23.08 23.08 23.08 23.08 23.08 17.8321 0 0 16.59 28.7044 22.8646 17.0587 11.2567 5.66646 0 0 0 0 0 0 0 0 13.8999 8.09945 5.7127 5.72796 5.74153 5.75724 5.77 5.77 5.77 5.77 5.77 5.77 5.77 5.77 5.59089 0.325394 0 0 0 0 0 0
20.0743 20.0886 20.09 20.09 20.09 20.09 20.09 20.09 20.09 20.09 20.09 20.09 20.09 20.09 20.09 20.09 20.09 20.09 20.09 20.09 20.0877 20.0768 22.0745 22.9645 23.08 23.08 23.08 23.08 23.08 23.08 23.08 23.08 23.08 23.08 23.08 23.08 23.08 23.08 23.08 23.08 23.08 23.08 23.08 23.08 23.0649 0 0 0 29.3847 28.6863 22.8596 17.0564 11.2558 5.66657 0 0 0 0 0 0 0 0 11.5229 5.73104 5.76475 5.77 5.77 5.77 5.77 5.77 5.77 5.77 5.77 5.77 5.77 5.77 5.77 5.68825 2.1979 0 0 0 0 0
20.0863 20.09 20.09 20.09 20.09 20.09 20.09 20.09 20.09 20.09 20.09 20.09 20.09 20.09 20.09 20.09 20.09 20.09 20.09 20.09 20.09 20.0868 20.0726 22.3219 23.08 23.08 23.08 23.08 23.08 23.08 23.08 23.08 23.08 23.08 23.08 23.08 23.08 23.08 23.08 23.08 23.08 23.08 23.08 23.08 0 0 0 0 34.4998 28.6725 22.865 17.0682 11.2711 5.67232 5.77 5.77 5.0611 0 0 0 0 0 8.12365 5.75741 5.77 5.77 5.77 5.77 5.77 5.77 5.77 5.77 5.77 5.77 5.77 5.77 5.77 5.77 5.77 5.77 5.77 5.77 5.77 5.77
20.09 20.09 20.09 20.09 20.09 20.09 20.09 20.09 20.09 20.09 20.09 20.09 20.09 20.09 20.09 20.09 20.09 20.09 20.09 20.09 20.09 20.0887 22.0837 22.6976 23.08 23.08 23.08 23.08 23.08 23.08 23.08 23.08 23.08 23.08 23.08 23.08 23.08 23.08 23.08 23.08 23.08 23.08 23.08 23.08 0 0 0 19.2399 32.4774 27.7802 21.979 16.1853 11.3098 5.69215 5.77 5.77 5.77 5.77 5.75589 5.27119 2.67814 0 5.76612 5.76755 5.77 5.77 5.77 5.77 5.77 5.77 5.77 5.77 5.77 5.77 5.77 5.77 5.77 5.77 5.77 5.77 5.77 5.77 5.77 5.77
20.09 20.09 20.09 20.09 20.09 20.09 20.09 20.09 20.09 20.09 20.09 20.09 20.09 20.09 20.09 20.09 20.09 20.09 20.09 20.09 20.09 20.0889 20.0835 22.3262 23.08 23.08 23.08 23.08 23.08 23.08 23.08 23.08 23.08 23.08 23.08 23.08 23.08 23.08 23.08 23.08 23.08 23.08 23.08 23.0668 0 0 0 32.0343 30.0504 24.2385 19.5759 13.7781 8.02413 5.73013 5.77 5.77 5.77 5.75589 5.27119 2.67814 0 5.77 5.77 5.77 5.77 5.77 5.77 5.77 5.77 5.77 5.77 5.77 5.77 5.77 5.77 5.77 5.77 5.77 5.77 5.77 5.77 5.77 5.77 5.77
20.0892 20.09 20.09 20.09 20.09 20.09 20.09 20.09 20.09 20.09 20.09 20.09 20.09 20.09 20.09 20.09 20.09 20.09 20.09 20.09 20.0897 20.0879 22.0872 22.9706 23.08 23.08 23.08 23.08 23.08 23.08 23.08 23.08 23.08 23.08 23.08 23.08 23.08 23.08 23.08 23.08 23.08 23.08 20.41 0 0 0 7.77393 33.4757 27.6534 21.8303 16.0218 11.3785 5.65422 5.76145 5.77 5.77 5.75589 5.27119 2.67814 0 5.77 5.77 5.77 5.77 5.77 5.77 5.77 5.77 5.77 5.77 5.77 5.77 5.77 5.77 5.77 5.77 5.77 5.77 5.77 5.77 5.77 5.77 5.77 5.77
20.0873 20.0897 20.09 20.09 20.09 20.09 20.09 20.09 20.09 20.09 20.09 20.09 20.09 20.09 20.09 20.09 20.09 20.09 20.09 20.0883 20.0857 22.0879 22.9602 23.0798 23.08 23.08 23.08 23.08 23.08 23.08 23.08 23.08 23.08 23.08 23.08 23.08 23.08 23.08 23.08 23.08 23.0787 23.0492 0 2.84567 26.2234 27.8446 0 24.9181 25.2703 19.4402 13.6106 7.84806 5.71859 5.77 5.77 5.75589 5.27119 2.67814 0 5.77 5.77 5.77 5.77 5.77 5.77 5.77 5.77 5.77 5.77 5.77 5.77 5.77 5.77 5.77 5.77 5.77 5.77 5.77 5.77 5.77 5.77 5.77 5.77 5.77
22.0872 20.0887 20.0897 20.09 20.09 20.09 20.09 20.09 20.09 20.09 20.09 20.09 20.09 20.09 17.5966 0.0590291 0 8.14218 18.3523 20.0805 22.0824 22.9596 23.0799 23.08 23.08 23.08 23.08 23.08 23.08 23.08 23.08 23.08 23.08 23.08 23.08 23.08 23.08 23.08 23.08 23.08 23.0711 24.4376 13.1596 0 24.4569 22.0376 19.5692 0 22.8592 17.0624 11.2176 5.60176 5.75937 5.77 5.75589 5.27119 2.67814 0 5.77 5.77 5.77 5.77 5.77 5.77 5.77 5.77 5.77 5.77 5.77 5.77 5.77 5.77 5.77 5.77 5.77 5.77 5.77 5.77 5.77 5.77 5.77 5.77 5.77 5.77
24.4789 22.0887 20.0889 20.0897 0 0 0 20.0888 7.27248 0 0 0 0 0 20.0883 0 0 19.4241 20.0834 22.0344 22.663 21.4281 21.3035 22.0305 21.3228 21.4288 21.7685 22.8317 23.0793 23.0772 23.08 23.08 23.08 23.08 23.08 23.08 23.08 23.08 23.08 23.08 23.0666 23.0558 23.0342 23.0305 22.0605 16.2596 13.8518 0 0 16.2545 11.1651 5.64901 5.77 5.7559 5.2712 2.67814 0 5.77 5.77 5.77 5.77 5.77 5.77 5.77 5.77 5.77 5.77 5.77 5.77 5.77 5.77 5.77 5.77 5.77 5.77 5.77 5.77 5.77 5.77 5.77 5.77 5.77 5.77 5.77
13.2166 18.3383 0 0 0 0 22.4735 20.4719 20.4749 0 0 0 0 0 0 0 19.4097 22.4662 22.0817 22.0789 19.6709 0 0 0 11.04 0 1.50949 21.0241 23.0772 23.08 23.08 23.08 23.08 23.08 23.08 23.08 23.08 23.08 23.08 23.08 23.0711 24.4532 23.0281 22.0533 16.2706 13.8872 11.3625 1.40505 0 13.8979 11.2928 5.66201 5.75607 5.2719 2.67831 0 5.77 5.77 5.77 5.77 5.77 5.77 5.77 5.77 5.77 5.77 5.77 5.77 5.77 5.77 5.77 5.77 5.77 5.77 5.77 5.77 5.77 5.77 5.77 5.77 5.77 5.77 5.77 5.77
0 0 0 0 0 11.8925 30.2371 24.4642 22.9916 24.0507 0 0 0 0 0 12.2948 28.6235 27.8459 22.0624 16.2808 13.7457 0 0 0 0 0 0 18.3519 22.891 23.08 23.08 23.08 23.08 23.08 23.08 23.08 23.08 23.08 22.09 23.08 23.0784 23.0678 22.0628 16.2652 13.8753 11.3696 11.3942 11.4023 11.3959 11.3916 11.4874 5.687 5.76422 2.69184 0 5.77 5.77 5.77 5.77 5.77 5.77 5.77 5.77 5.77 5.77 5.77 5.77 5.77 5.77 5.77 5.77 5.77 5.77 5.77 5.77 5.77 5.77 5.77 5.77 5.77 5.77 5.77 5.77 5.77
0 0 0 0 0 21.6432 28.842 23.0708 23.0718 0 0 0 0 0 0 34.7921 31.226 25.44 19.6619 13.8977 13.927 13.8862 11.0881 0 0 0 0 16.9045 20.8535 22.2901 23.0734 21.4737 21.4753 21.1406 19.9142 21.3036 22.9549 22.0897 23.08 23.08 23.0783 22.0724 16.2792 13.8904 11.3695 11.3934 11.4023 11.4023 11.4023 11.3973 11.5189 8.10258 5.7459 0 5.77 5.77 5.77 5.77 5.77 5.77 5.77 5.77 5.77 5.77 5.77 5.77 5.77 5.77 5.77 5.77 5.77 5.77 5.77 5.77 5.77 5.77 5.77 5.77 5.77 5.77 5.77 5.77 5.77 5.77
0 0 0 0 0 0 25.4657 23.0768 21.0993 22.9674 0 0 0 0 18.9717 34.6098 28.8225 23.0436 17.2691 13.9128 13.93 13.9191 13.181 0 0 0 0 0 11.0652 17.4415 17.2971 14.5629 9.67392 0 0 0 5.55339 21.7743 23.0798 23.08 23.0744 19.6665 13.8795 11.3659 11.3955 11.4023 11.4023 0 0 0 13.9253 11.0363 0 5.77 5.77 5.77 5.77 5.77 5.77 5.77 5.77 5.77 5.77 5.77 5.77 5.77 5.77 5.77 5.77 5.77 5.77 5.77 5.77 5.77 5.77 5.77 5.77 5.77 5.77 5.77 5.77 5.77 5.77 5.77
0 0 0 0 0 0 17.2286 0 0 0.224622 0 0 0 0 39.3835 34.6002 28.8217 23.0412 17.2714 13.9122 13.93 13.925 11.8342 0 0 0 0 13.915 12.9642 13.8741 13.9239 0 0 0 0 0 0 0 22.9079 23.08 23.0651 17.2448 11.4534 11.3858 11.4023 11.4023 11.4023 11.4023 11.4023 0 0 0 5.65264 5.73659 5.75811 5.76699 5.76919 5.77 5.77 5.77 5.77 5.77 5.77 5.77 5.77 5.77 5.77 5.77 5.77 5.77 5.77 5.77 5.77 5.77 5.77 5.77 5.77 5.77 5.77 5.77 5.77 5.77 5.77 5.77
0 0 0 0 0 0 11.5355 0 0 0 0 0 0 0 42.7728 36.9911 31.212 25.4378 19.661 13.9074 13.93 13.93 13.93 13.93 13.9284 0 13.9261 13.9253 13.93 13.93 13.93 13.93 13.93 13.93 13.93 0 0 0 16.5995 22.662 23.0654 19.6201 13.842 11.3508 11.3962 11.3966 11.3963 0 0 0 0 13.8519 8.01188 8.0771 6.06869 6.04745 5.72637 5.76312 5.77 5.77 5.77 5.77 5.77 5.77 5.77 5.77 5.77 5.77 5.77 5.77 5.77 5.77 5.77 5.77 5.77 5.77 5.77 5.77 5.77 5.77 5.77 5.77 5.77 5.77
0 0 0 0 0 0 0 0 0 0 0 0 0 0 45.1666 39.3818 33.6087 27.8301 22.0546 13.9028 13.93 13.93 13.93 13.9286 8.09318 16.3147 13.9218 13.93 13.93 13.93 13.93 13.93 13.93 13.93 13.4864 0 0 0 16.7333 19.6295 19.6912 19.6594 16.2632 16.302 14.3042 14.3006 12.2854 0 0 0 0 16.22 16.2288 13.799 12.1344 11.7666 7.95976 5.687 5.76057 5.77 5.77 5.77 5.77 5.77 5.77 5.77 5.77 5.77 5.77 5.77 5.77 5.77 5.77 5.77 5.77 5.77 5.77 5.77 5.77 5.77 5.77 5.77 5.77 5.77
