tests/full-run-ref/erosion_79_1_-87.555.asc
ncols 512
nrows 512
xllcorner -3.24582
yllcorner -4.08743
cellsize 5
NODATA_value -99999
[rows 58 to 86 of 512, columns 268 to 334 of 512]
5.77001 5.77001 5.77001 5.77001 5.77001 5.77001 5.77001 5.77001 5.77001 5.77001 5.77001 5.75988 5.15077 5.25744 4.29998 8.3785 15.111 21.9015 28.8854 24.2391 16.9956 10.317 4.23781 2.17138 5.49799 5.77001 5.77001 5.77001 5.77001 5.77001 5.77001 5.77001 5.77001 5.77001 5.77001 5.77001 5.77001 5.77001 5.77001 5.77001 5.77001 5.77001 5.7341 5.39855 4.63235 4.58427 5.2667 4.78017 2.29316 5.24448 13.0672 10.1793 2.07827 4.93192 5.77 5.77 5.77 5.77 4.90359 5.12795 4.75449 5.77 5.77 5.45331 3.02199 0 0
5.77001 5.77001 5.77001 5.77001 5.77001 5.77001 5.77001 5.77001 5.77001 5.77001 5.77001 5.75483 5.06225 8.7456 12.3525 14.0842 18.3352 24.7388 31.3725 26.8997 20.8916 14.508 7.30921 1.80803 4.39519 5.77001 5.77001 5.77001 5.77001 5.77001 5.77001 5.77001 5.77001 5.77001 5.77001 5.77001 5.77001 5.77001 5.77001 5.77001 5.77001 5.77001 5.70977 7.62561 10.2291 6.87441 5.32027 5.12674 6.63343 9.74113 16.6347 9.17022 2.77665 5.12299 5.77 5.77 5.77 5.77 5.75122 5.75437 5.74594 5.77 5.77 5.77 5.73148 3.76516 0
5.77001 5.77001 5.77001 5.77001 5.77001 5.77001 5.77001 5.77001 5.77001 5.77001 5.77001 5.72053 4.50157 3.95992 9.90741 16.207 22.3714 27.257 33.7398 30.3829 24.5306 17.9164 10.7804 5.00935 2.72561 5.59523 5.77001 5.77001 5.77001 5.77001 5.77001 5.77001 5.77001 5.77001 5.77001 5.77001 5.77001 5.77001 5.77001 5.77001 5.77001 5.77001 5.6887 5.52205 4.85943 4.16065 5.1599 4.26165 2.94994 9.57006 18.0896 10.9641 4.69669 5.12812 5.77 5.77 5.77 5.77 5.77 5.77 5.77 5.77 5.77 5.77 5.77 5.74001 0
5.77001 5.77001 5.77001 5.77001 5.77001 5.77001 5.77001 5.77001 5.77001 5.77001 5.77001 5.72282 5.64225 9.67943 12.9974 19.1176 25.3074 31.436 36.2774 33.7358 27.5667 21.1044 15.0308 8.04964 2.83503 4.92543 5.77001 5.77001 5.77001 5.77001 5.77001 5.77001 5.77001 5.77001 5.77001 5.77001 5.77001 5.77001 5.77001 5.77001 5.77001 5.77001 5.77001 5.77001 5.77001 5.48539 4.96406 4.07787 2.48994 9.66367 17.2223 9.00779 2.79825 5.27972 5.77 5.77 5.77 5.77 5.63636 5.66961 5.61775 5.77 5.77 5.77 5.77 5.77 1.57954
5.77001 5.77001 5.77001 5.74573 5.74689 5.75422 5.77001 5.77001 5.77001 5.77001 5.738 5.26713 4.66288 6.37364 12.4947 18.6193 24.8038 30.9379 37.1241 36.5316 30.4038 24.8137 18.2141 11.3481 5.28807 4.13835 5.77001 5.77001 5.77001 5.77001 5.77001 5.77001 5.77001 5.77001 5.77001 5.77001 5.77001 5.77001 5.77001 5.77001 5.77001 5.77001 5.77001 5.77001 5.77001 5.5833 7.07502 6.36914 7.07883 12.8495 16.2196 8.67277 3.12218 5.75428 5.77 5.77 5.77 5.77 4.95777 5.77652 4.92401 5.77 5.77 5.77 5.77 5.77 3.2003
5.77001 5.77001 5.74828 5.66119 7.94589 5.66038 5.75323 5.77001 5.77001 5.77001 5.67961 11.1622 5.54715 10.7326 15.4591 21.5281 27.5447 33.5451 39.5861 39.1544 33.3629 27.1794 20.8043 14.234 7.77122 3.64106 5.69032 5.77001 5.77001 5.77001 5.77001 5.77001 5.77001 5.77001 5.77001 5.77001 5.77001 5.77001 5.77001 5.77001 5.77001 5.77001 5.77001 5.77001 5.77001 5.61472 5.30239 4.93729 3.55874 10.4266 15.7683 8.68667 3.72342 5.17042 5.77 5.77 5.77 5.77 4.70673 7.94666 4.63495 5.77 5.77 5.77 5.77 5.77 4.94509
5.77001 5.75592 5.63532 7.46301 13.3315 7.4273 5.68759 5.77001 5.77001 5.77001 5.63001 11.2497 12.2296 14.3458 19.7906 24.4157 30.2736 36.1322 39.1866 40.8792 34.8631 28.7883 22.5718 16.1857 9.65009 4.35703 5.55711 5.77001 5.77001 5.77001 5.77001 5.77001 5.77001 5.77001 5.77001 5.77001 5.77001 5.77001 5.77001 5.77001 5.77001 5.77001 5.77001 5.77001 5.77001 5.77001 5.77001 5.58061 3.34845 9.73486 16.6764 11.8171 6.76669 4.97461 5.77 5.77001 5.77001 5.77 4.7914 6.47505 4.62231 5.77 5.77 5.77 5.77 5.77 5.77
5.72582 5.55662 7.3823 13.2854 12.0789 11.0021 5.60196 5.77001 5.77001 5.77001 5.63517 11.2378 16.9491 18.6649 20.9102 23.1965 28.4345 30.7661 36.7198 41.3298 35.3751 29.3402 23.1931 16.8845 10.4127 4.59001 5.01781 5.77001 5.77001 5.77001 5.77001 5.77001 5.77001 5.77001 5.77001 5.74276 5.73892 5.73821 5.77001 5.77001 5.77001 5.77001 5.77001 5.77001 5.77001 5.60497 5.19155 4.63823 5.15875 11.6437 18.0032 13.2694 6.95961 4.87774 5.77001 5.77001 5.77001 5.77001 5.48287 7.74681 5.47256 5.77001 5.77001 5.77001 5.77 5.77 5.77
5.31901 6.77425 12.786 15.7027 11.9845 10.9599 5.40859 5.74502 5.77001 5.77001 5.68794 11.4363 10.9932 12.5621 14.7633 20.0521 22.3301 28.3291 34.3128 39.8986 37.8882 31.9282 25.9195 19.8096 13.5533 8.94593 4.2167 5.43363 5.75108 5.77001 5.77001 5.77001 5.77001 5.77001 5.77001 5.74039 8.12792 5.72768 5.77001 5.77001 5.77001 5.77001 5.77001 5.77001 5.77001 5.57904 10.8088 4.83126 10.4968 14.2971 19.3336 13.0785 6.87456 5.07773 5.77001 5.77001 5.77001 5.77001 5.6434 5.6983 5.67299 5.77001 5.77001 5.77001 5.77001 5.77 5.77
10.5809 12.6362 15.2077 17.0093 11.7408 11.0093 6.98315 5.72877 5.77001 5.77001 5.73847 5.69961 5.35633 6.56068 11.7648 13.8217 19.9177 25.9779 31.556 37.4662 40.3355 34.4504 28.5378 22.5565 17.9269 11.7817 9.64051 6.05808 5.4764 5.75031 5.77001 5.77001 5.77001 5.77001 5.77001 5.73936 5.73154 5.73539 5.77001 5.77001 5.77001 5.77001 5.77001 5.77001 5.77001 5.59252 6.61006 10.9354 13.1577 19.2263 20.0766 13.8771 7.82784 5.18892 5.77001 5.77001 5.77001 5.77001 5.77001 5.77001 5.77001 5.77001 5.77001 5.77001 5.68071 4.83923 4.17132
16.5205 18.5555 21.0487 16.7164 11.4597 4.81912 4.52651 5.6348 5.74718 5.77001 5.77001 5.77001 5.7452 5.36934 5.72732 11.6081 17.74 23.2467 29.1695 35.0508 40.9112 36.9122 31.034 26.5188 20.5425 18.1763 14.3449 11.9946 6.46306 5.50544 5.75074 5.77001 5.77001 5.77001 5.77001 5.77001 5.77001 5.77001 5.77001 5.77001 5.77001 5.77001 5.77001 5.77001 5.77001 5.715 4.81654 7.283 13.6024 19.8043 19.8835 13.6334 7.59739 5.20676 5.77001 5.77001 5.77001 5.77001 5.77001 5.77001 5.77001 5.77001 5.77001 5.77001 5.71118 6.46531 7.68193
22.4089 24.4307 22.2979 16.3964 11.4237 5.23182 3.23646 7.18353 5.51446 5.65498 5.75153 5.77001 5.77001 5.74203 5.13403 9.93304 14.918 20.8826 26.7888 32.6478 38.4994 39.347 34.8881 29.0088 26.6028 22.7709 20.3647 14.7314 12.3308 6.69026 5.54482 5.75338 5.77001 5.77001 5.77001 5.77001 5.77001 5.77001 5.77001 5.77001 5.77001 5.77001 5.77001 5.77001 5.77001 5.52513 4.31589 7.76062 14.2945 20.6974 19.1753 12.8159 6.7811 5.21422 5.77001 5.77001 5.77001 5.77001 5.77001 5.77001 5.77001 5.77001 5.77001 5.77001 5.73408 5.28429 4.33952
28.2394 26.6205 20.7573 14.8433 7.66489 12.2175 9.98923 11.9999 11.2283 7.50234 5.74052 5.77001 5.77001 5.77001 5.62788 6.88674 12.6986 18.643 24.5306 30.3825 35.2574 37.6854 37.3444 34.9116 31.0839 28.6692 23.0929 20.6723 14.9522 12.5791 7.07624 5.6115 5.75915 5.77001 5.77001 5.77001 5.77001 5.77001 5.77001 5.77001 5.77001 5.77001 5.69723 5.4753 5.02822 4.21815 6.98522 9.60099 16.2532 22.7878 17.7923 11.2597 5.32116 5.39446 5.77001 5.77001 5.77001 5.77001 5.77001 5.77001 5.77001 5.77001 5.77001 5.77001 5.77001 5.77001 5.18302
33.2269 27.4065 21.5489 15.6511 9.14996 12.2874 12.2951 12.2551 10.3967 5.27512 5.73087 5.77001 5.77001 5.77001 5.73224 5.33982 10.5786 16.5013 22.348 27.0343 29.4181 31.8414 37.69 39.3417 36.9215 31.3748 28.9574 23.2844 20.8884 15.3244 12.968 7.55599 5.71226 5.77001 5.77001 5.77001 5.77001 5.77001 5.77001 5.77001 5.77001 5.77001 5.72776 7.72149 10.0917 8.88924 8.68311 14.7805 18.8975 22.2854 15.6488 9.00542 4.09659 5.64497 5.77001 5.77001 5.77001 5.77001 5.77001 5.77001 5.77001 5.77001 5.77001 5.65067 5.54864 5.2658 5.77
31.7979 27.876 22.0254 16.1406 9.8186 12.2742 12.3195 12.2648 12.0186 6.90698 5.65027 5.77001 5.77001 5.77001 5.75449 7.83666 13.5264 15.9162 18.8442 21.156 23.5558 29.4368 31.922 37.7481 39.6159 37.1956 31.5478 29.1477 23.6099 21.2293 15.7606 10.9733 5.65058 5.77001 5.77001 5.77001 5.77001 5.77001 5.77001 5.77001 5.77001 5.77001 5.74623 5.32308 4.46196 7.84946 9.82876 15.3833 22.119 19.8054 12.7447 6.23835 4.36499 5.77001 5.77001 5.77001 5.77001 5.77001 5.77001 5.77001 5.77001 5.77001 5.77001 5.55649 7.83084 3.40742 4.98396
29.4003 27.2303 22.3939 16.5136 10.4511 12.2667 12.3197 12.3185 12.2047 11.0175 5.55799 5.77001 5.77001 5.77001 5.76093 5.67519 7.73116 10.8922 12.8936 15.2391 21.1691 23.6557 29.5056 35.332 41.1444 39.7729 37.364 31.8399 28.3099 22.5012 16.6814 10.8529 5.62404 5.77001 5.77001 5.77001 5.77001 5.77001 5.77001 5.77001 5.77001 5.74693 5.7372 5.00457 5.11746 3.38588 5.67614 12.261 19.6936 17.1343 9.76489 3.73345 5.07401 5.77001 5.77001 5.77001 5.77001 5.77001 5.77001 5.77001 5.77001 5.77001 5.77001 5.36428 10.1666 7.31024 3.87874
23.8425 21.4181 22.6409 16.7918 11.0251 12.2765 12.3197 12.3194 12.2684 10.9239 5.55093 5.77001 5.77001 5.77001 5.77001 5.76107 5.71206 5.47807 7.03252 12.8995 15.3461 21.2489 27.1099 32.934 38.7393 44.1323 38.3385 32.5422 26.7297 21.1493 15.3317 10.8281 5.60222 5.75546 5.74095 5.73552 5.77001 5.77001 5.77001 5.77001 5.77001 5.74132 8.07685 10.7257 6.07761 6.51777 9.19712 15.36 22.1916 15.1903 7.93822 3.1116 5.61661 5.77001 5.77001 5.77001 5.77001 5.77001 5.77001 5.77001 5.77001 5.77001 5.77001 5.30137 10.3234 9.87345 6.41068
18.0132 15.5567 18.0524 17.0626 11.5541 12.2982 12.3198 12.3197 12.272 10.7725 5.28385 5.75078 5.77001 5.76364 5.75912 5.76364 5.77001 5.74991 5.53865 7.09382 12.9568 18.8718 24.7251 30.5428 36.3426 40.5118 35.9391 30.1238 24.2866 18.4192 12.7785 6.99777 5.67847 6.1895 7.99019 5.67689 5.77001 5.77001 5.77001 5.77001 5.77001 5.74698 8.07794 4.88309 5.02177 8.78762 14.4385 18.8193 21.9432 15.0672 7.81282 3.28048 5.73496 5.77001 5.77001 5.77001 5.77001 5.77001 5.77001 5.77001 5.77001 5.77001 5.77001 5.51275 6.27991 6.9962 3.81614
12.3775 9.67073 12.4459 16.4203 12.0257 12.3139 12.3198 12.3199 12.2976 11.819 6.13981 5.34682 5.4378 5.39634 7.95623 5.58832 5.75145 5.77001 5.73754 5.42765 10.8694 16.7512 22.5772 28.3875 32.3227 36.5905 33.5553 27.7261 21.8621 15.9611 10.0107 5.35643 5.59278 5.61155 11.3751 5.6168 5.77001 5.77001 5.77001 5.77001 5.77001 5.7555 5.7614 5.54378 5.4032 5.67745 9.73165 16.2611 22.889 16.7509 9.73588 3.61667 5.36629 5.77001 5.77001 5.77001 5.77001 5.77001 5.77001 5.77001 5.77001 5.77001 5.77001 5.63778 5.46244 5.09093 5.04298
8.01369 5.46089 8.0606 13.4753 12.2083 12.3087 12.2846 12.3041 12.3158 11.9032 12.2695 6.05986 10.329 6.06775 12.3614 6.71393 5.45861 5.75676 5.75529 7.92203 13.6139 16.0137 21.7412 24.1328 28.3932 30.7925 33.2131 30.1772 24.3413 18.4772 12.8593 7.04452 11.1911 7.53241 11.2752 5.58595 5.77001 5.77001 5.77001 5.77001 5.77001 5.74306 8.10168 8.09982 5.60654 4.528 7.40403 13.7658 20.4691 18.8029 12.1158 6.04685 5.33376 5.77001 5.77001 5.77001 5.77001 5.77001 5.77001 5.77001 5.77001 5.77001 5.77001 5.77001 5.77001 5.77 5.77
5.91709 5.72819 5.63812 7.59011 12.1358 12.1594 10.7643 12.14 12.2921 11.7272 14.7652 12.0287 14.4716 11.9558 14.5971 11.5339 5.51172 5.39654 5.68796 5.68272 7.82376 13.5329 15.9195 21.7432 22.5884 24.9865 27.4078 29.8451 26.8018 21.2454 15.4118 13.052 15.4985 13.3638 10.9842 5.57166 5.77001 5.77001 5.77001 5.77001 5.77001 5.74122 8.10466 5.74392 5.69355 5.11595 5.7041 11.9829 18.687 16.5635 9.75986 3.95359 5.47064 5.77001 5.77001 5.77001 5.77001 5.77001 5.77001 5.77001 5.77001 5.77001 5.77001 5.77001 5.77001 5.56962 5.10577
5.70824 5.76835 5.75799 5.68202 7.91975 7.48332 5.01594 5.43612 11.8719 8.42729 14.8435 18.0464 20.4341 17.9112 19.9889 13.847 10.7608 4.74549 5.39129 5.70947 5.67802 7.72273 13.543 16.9746 16.763 19.1694 21.6103 24.0465 29.4813 23.6871 21.2951 18.8978 21.3015 16.5548 10.6907 5.55919 5.77001 5.77001 5.77001 5.77001 5.77001 5.7444 5.74196 5.76107 5.77001 5.19562 8.05757 14.16 20.4569 15.9146 9.35445 4.11921 5.15268 5.77001 5.77001 5.77001 5.77001 5.77001 5.77001 5.77001 5.77001 5.77001 5.77001 5.77001 5.77001 5.44983 7.09958
5.76485 5.77001 5.77001 5.76209 5.72976 5.72476 5.70447 4.55917 7.70466 12.0802 17.3314 18.7271 24.6295 23.875 22.3717 19.3129 13.1721 10.7048 5.0896 5.38603 5.71851 5.66419 11.3448 11.1493 10.9196 13.3474 15.7992 21.6545 27.4601 28.0063 25.6169 24.6999 22.2603 16.431 10.5611 5.55127 5.77001 5.77001 5.77001 5.77001 5.77001 5.77001 5.77001 5.77001 5.77001 5.35433 9.37971 15.403 21.4342 18.5682 12.4563 9.98449 5.01825 5.77001 5.77001 5.77001 5.77001 5.77001 5.77001 5.77001 5.77001 5.77001 5.77001 5.77001 5.77001 5.39845 4.44213
5.76839 5.77001 5.77001 5.77001 5.77001 5.77001 5.67258 5.53818 11.9629 14.9815 20.614 24.7123 27.0902 29.7697 27.7749 21.8041 19.2831 13.4175 11.1041 6.71655 7.9744 5.74712 5.7205 5.66208 5.57151 7.54754 13.4304 19.2717 25.0683 22.2232 19.8221 22.2247 22.2519 16.4331 10.5555 5.55095 5.77001 5.77001 5.77001 5.77001 5.77001 5.77001 5.77001 5.77001 5.77001 5.47251 10.0553 15.9887 21.9375 19.589 13.5429 8.32514 5.19182 5.77001 5.77001 5.77001 5.77001 5.77001 5.77001 5.77001 5.77001 5.77001 5.77001 5.77001 5.71797 4.94861 6.87941
5.76922 5.76978 5.76913 5.76845 5.77001 5.77001 5.67092 7.50135 13.3042 16.3827 17.9356 20.2673 22.688 28.5834 30.2676 27.7992 22.0496 19.6017 14.9447 10.1684 5.4044 5.74239 5.77001 5.77001 5.75836 5.62538 11.2791 17.098 22.8901 18.9944 14.0172 18.1483 16.9419 16.5361 10.6574 5.56384 5.77001 5.77001 5.77001 5.77001 5.77001 5.77001 5.77001 5.77001 5.77001 5.57079 10.5014 15.3972 21.0912 17.1674 11.0342 5.08725 5.62811 5.77001 5.77001 5.77001 5.77001 5.77001 5.77001 5.77001 5.77001 5.77001 5.77001 5.65314 5.50603 6.91022 9.31891
5.77001 5.76981 6.16002 5.76811 5.77001 5.77001 5.7557 5.57725 11.0651 10.3617 11.8269 14.2196 20.2054 22.8585 25.4447 27.9461 25.5646 23.1925 18.6103 13.0162 7.18549 5.6888 5.77001 5.77001 5.77001 5.72501 11.3685 17.1665 19.651 16.6064 10.7769 12.3471 11.1044 13.5569 10.8729 5.05925 5.6296 5.73357 5.77001 5.77001 5.77001 5.77001 5.77001 5.77001 5.77001 5.67865 7.14006 12.7381 15.2376 15.6144 9.48656 5.19445 5.76904 5.77001 5.77001 5.77001 5.77001 5.77001 5.77001 5.77001 5.77001 5.77001 5.77001 5.66035 8.02905 7.74306 4.64291
5.77001 5.76933 5.76905 5.76437 5.77001 5.77001 5.77001 5.70124 7.73455 5.22994 5.87315 11.8039 14.432 16.9597 19.4682 22.0276 19.5591 17.1487 15.662 15.5961 11.1785 5.67817 5.76286 5.75424 5.75207 5.63028 11.3797 16.2711 16.2597 13.8866 11.6655 7.80968 7.60791 7.7209 11.3359 6.89231 6.98778 5.49274 5.75294 5.77001 5.77001 5.77001 5.77001 5.77001 5.77001 5.75359 5.57588 6.86392 12.7837 16.0278 10.4988 5.46753 5.68548 5.75542 5.76718 5.77001 5.77001 5.77001 5.77001 5.77001 5.77001 5.77001 5.77001 5.63955 5.67587 5.68943 5.56214
5.77001 5.769 8.15774 5.76286 5.77001 5.77001 5.77001 5.74871 5.73714 5.71563 5.45092 6.25177 9.02162 10.8821 13.4635 19.7352 13.5509 11.0274 9.51581 10.889 7.7584 5.74095 8.14215 6.0522 5.78574 7.72876 13.5964 16.3181 13.8873 8.01802 7.79558 7.86457 7.96649 7.85862 7.6165 7.75592 12.2028 6.1396 5.51138 5.74931 5.77001 5.77001 5.77001 5.77001 5.77001 5.77001 5.75319 5.56818 7.65883 13.6179 13.5224 7.70166 11.4595 8.10553 5.76626 5.77001 5.77001 5.77001 5.77001 5.77001 5.77001 5.77001 5.77001 5.77001 5.77001 5.77001 5.77001
5.77001 5.76737 11.5314 5.76071 5.75972 5.77001 5.77001 5.77001 5.77001 5.77001 5.74518 5.61672 5.15659 5.02754 11.1737 17.4205 11.2297 5.12133 5.09219 5.54772 5.71389 5.75738 5.68414 11.4054 11.5948 13.5262 15.9997 16.2674 11.2355 7.64907 7.9636 7.9703 7.97028 7.9699 7.96281 7.53858 11.1251 12.1606 6.84657 5.73892 5.77001 5.77001 5.77001 5.77001 5.77001 5.77001 5.77001 5.74983 5.59653 11.4313 13.729 7.91501 5.67791 5.75344 5.76748 5.77001 5.77001 5.77001 5.77001 5.77001 5.77001 5.77001 5.77001 5.77001 5.77001 5.77001 5.77001
