tests/full-run-ref/erosion_78_16_47.110.asc
ncols 512
nrows 512
xllcorner -3.24582
yllcorner -4.08743
cellsize 5
NODATA_value -99999
[rows 396 to 439 of 512, columns 96 to 191 of 512]
0 0 0 0 0 0 0 0 0 0 0 0 0 0 0 0 0 0 0 0 0 0 0 0 0 0 0 0 0 0 0 0 0 0 0 0 0 0 0 0 0 0 0 0 0 0 0 0 0 0 0 0 0 0 0 0 0 0 0 0 0 0 0 0 0 0 0 0 0 0 0 0 88.6829 88.6829 88.6829 88.6829 88.6829 88.6829 88.6829 88.683 88.683 88.683 205.422 210.07 207.68 207.13 204.74 202.35 199.96 197.558 195.168 174.589 99.868 99.868 99.8678 99.8678
0 0 0 0 0 0 0 0 0 0 0 0 0 0 0 0 0 0 0 0 0 0 0 0 0 0 0 0 0 0 0 0 0 0 0 0 0 0 0 0 0 0 0 0 0 0 0 0 0 0 0 0 0 0 0 0 0 0 0 0 0 0 0 0 0 0 0 0 0 0 0 0 88.6829 88.6829 88.6829 88.6829 88.6829 88.6829 88.6829 88.6829 88.683 88.683 88.683 88.683 210.662 212.891 210.51 208.12 205.718 203.328 200.938 99.8681 99.868 99.8679 99.8679 99.8677
0 0 0 0 0 0 0 0 0 0 0 0 0 0 0 0 0 0 0 0 0 0 0 0 0 0 0 0 0 0 0 0 0 0 0 0 0 0 0 0 0 0 0 0 0 0 0 0 0 0 0 0 0 0 0 0 0 0 0 0 0 0 0 0 0 0 0 0 0 0 0 0 88.6829 88.6829 88.6829 88.6829 88.6829 88.6829 88.6829 88.6829 88.6829 88.683 88.683 88.683 88.683 214.994 216.28 213.878 211.488 209.098 177.521 177.521 99.868 99.868 99.8679 99.8678
0 0 0 0 0 0 0 0 0 0 0 0 0 0 5.76999 5.76998 5.76998 5.76997 5.76997 5.76998 5.76998 0 0 0 0 0 0 0 0 0 0 0 0 0 0 0 0 0 0 0 0 0 0 0 0 0 0 0 0 0 0 0 0 0 0 0 0 0 0 0 0 0 0 0 0 0 0 0 0 0 0 0 88.6829 88.6829 88.6829 88.6829 88.6829 88.6829 88.6829 88.6829 88.6829 88.6829 88.683 88.683 88.683 88.683 218.442 219.648 217.258 214.868 205.45 205.06 205.06 99.868 99.868 99.8678
0 0 0 0 0 0 0 0 0 0 0 0 0 0 0 10.7041 10.7041 11.0941 11.0941 16.7416 11.54 0 0 0 0 0 0 0 0 0 0 0 0 0 0 0 0 0 0 0 0 0 0 0 0 0 0 0 0 0 0 0 0 0 0 0 0 0 0 0 0 0 0 0 0 0 0 0 0 0 0 0 88.6829 88.6829 88.6829 88.6829 88.6829 88.6829 88.6829 88.6829 88.6829 88.6829 88.6829 88.683 88.683 88.683 224.918 225.418 223.028 220.638 211.22 211.22 211.22 213.22 99.8679 99.8679
0 0 0 0 0 0 0 0 0 0 0 0 0 0 0 10.7041 16.4741 17.2541 24.8544 17.31 11.5399 0 0 0 0 0 0 0 0 0 0 0 0 0 0 0 0 0 0 0 0 0 0 0 0 0 0 0 0 0 0 0 0 0 0 0 0 0 0 0 0 0 0 0 0 0 0 0 0 0 0 88.6829 88.6829 88.6829 88.6829 88.6829 88.6829 88.6829 88.6829 88.6829 88.6829 88.6829 88.6829 88.6829 88.683 88.683 88.683 227.057 228.798 218.26 218.26 218.26 219.38 219.38 221.38 99.8679
0 0 0 0 0 0 0 9.76567 13.094 0 0 0 0 0 0 13.0941 18.8641 24.6341 27.8348 19.6999 13.9299 8.15985 0 0 0 0 0 0 0 0 0 0 0 0 0 0 0 0 0 0 0 0 0 0 0 0 0 0 0 0 0 0 0 0 0 0 0 0 0 0 89.2645 0 0 0 0 0 0 0 0 0 88.6829 88.6829 88.6829 88.6829 88.6829 88.6829 88.6829 88.6829 88.6829 88.6829 88.6829 88.6829 88.6829 88.6829 88.6829 88.683 88.683 233.604 234.568 225.93 225.54 225.54 225.54 227.54 227.54 229.54
0 0 0 0 0 0 0 15.3457 0 0 0 0 0 0 0 18.864 21.2541 27.0241 39.3692 33.5797 16.3198 13.9297 0 0 0 0 0 0 0 0 0 0 0 0 0 0 0 0 0 0 0 0 0 0 0 0 0 0 0 0 0 0 0 0 0 0 0 0 71.5979 82.129 108.06 113.533 0 0 0 0 0 0 0 88.6829 88.6829 88.6829 88.6829 88.6829 88.6829 88.6829 88.6829 88.6829 88.6829 88.6829 88.6829 88.6829 88.6829 88.6829 88.6829 232.61 236.97 88.6829 235.625 231.7 231.7 231.7 233.7 233.7 235.7 235.7
0 0 0 0 0 0 0 21.2748 0 0 0 0 0 0 18.864 21.254 27.0241 29.4141 37.01 31.2399 25.4698 16.3193 13.9291 0 0 0 0 0 0 0 0 0 0 0 0 0 0 0 0 0 0 0 0 0 0 0 0 0 0 0 0 0 0 0 0 0 0 68.22 73.9992 121.476 82.18 0 0 0 0 0 0 0 88.6829 88.6829 88.6829 88.6829 88.6829 88.6829 88.6829 88.6829 88.6829 88.6829 88.6829 88.6829 88.6829 88.6829 88.6829 88.6829 229.23 235 240.77 240.35 237.96 237.96 237.96 239.86 239.86 241.86 241.86 243.86
0 0 0 0 0 0 0 25.8123 32.9608 0 0 25.4141 0 24.634 24.634 27.024 29.414 35.1841 39.3791 33.6299 27.8596 22.0891 16.3185 13.9281 0 0 0 0 0 0 0 0 0 0 0 0 0 0 0 0 16.314 0 0 0 0 0 0 0 0 0 0 0 0 0 0 0 64.8698 70.6396 113.318 0 0 0 0 88.6829 0 0 0 88.6829 88.6829 88.6829 88.6829 88.6829 88.6829 88.6829 88.6829 88.6829 88.6829 88.6829 88.6829 88.6829 88.6829 88.6829 88.6829 225.85 231.62 237.39 243.16 246.12 246.12 246.02 246.02 246.02 248.02 248.02 250.02 250.02
0 0 0 0 0 0 0 0 30.2329 0 31.5741 39.4442 39.7341 37.7341 31.574 32.794 35.184 37.5741 41.7499 36.0197 30.2492 24.4786 22.0883 16.317 0 0 0 0 0 0 0 0 0 0 13.9218 16.313 30.2479 0 0 0 0 0 0 22.0815 20.4693 22.4709 0 0 0 0 0 0 0 0 0 61.4887 57.8512 101.631 0 0 0 0 0 0 88.6829 0 88.6829 88.6829 88.6829 88.6829 88.6829 88.6829 88.6829 88.6829 88.6829 88.6829 88.6829 88.6829 88.6829 88.6829 88.6829 88.6829 222.47 228.24 234.01 239.78 245.55 251.32 251.32 252.18 252.18 254.18 254.18 256.18 256.18 258.18
0 0 0 0 0 0 0 0 0 45.8941 45.894 49.7548 49.114 47.504 49.114 49.504 40.9541 49.6447 44.1798 38.4094 32.6388 30.2485 24.4773 0 18.9089 20.0875 16.3162 0 0 0 0 0 0 22.4465 20.4679 52.2851 0 0 0 0 0 0 0 0 0 0 0 0 0 0 0 0 0 0 0 327.908 88.625 0 0 0 0 0 0 0 0 88.6829 88.6829 88.6829 88.6829 88.6829 88.6829 88.6829 88.6829 88.6829 88.6829 88.6829 88.6829 88.6829 88.6829 88.6829 88.6829 219.09 224.86 230.63 236.4 242.17 247.94 253.71 258.34 258.34 260.34 260.34 262.34 262.34 264.34 264.34
0 0 0 0 0 0 0 0 51.3696 45.8938 91.6205 85.97 80.2 74.43 69.65 63.88 58.11 52.3398 46.5695 40.7989 38.4086 32.6375 30.2476 0 0 25.9074 26.2468 0 0 0 0 0 0 36.1965 30.6293 0 0 40.6767 38.406 0 0 0 0 0 0 0 0 0 0 0 0 0 0 0 61.8687 0 83.5666 0 0 0 0 0 0 0 0 88.6828 88.6828 88.6828 88.6828 88.6828 88.6829 88.6829 88.6829 88.6829 88.6829 88.6829 88.6829 88.6829 88.6829 88.6829 213.9 219.67 225.44 231.21 236.98 242.75 248.52 256.1 261.87 266.5 266.5 268.5 268.5 270.5 270.5 272.5
0 0 0 0 0 0 0 0 61.3447 266.894 94.1299 88.3601 82.5901 77.81 72.04 66.27 60.4999 54.7296 48.9591 46.5687 40.7977 38.4078 0 0 0 0 28.7427 0 0 0 0 0 0 0 0 0 0 46.567 44.1755 0 0 0 0 36.7922 36.7925 34.7918 34.7942 0 0 0 0 0 0 0 0 0 0 0 0 0 0 0 0 0 0 88.6827 88.6828 88.6828 88.6828 88.6828 88.6828 88.6828 88.6828 88.6828 88.6828 88.6828 88.6828 88.6828 88.6828 88.6828 213.9 219.67 225.44 231.21 236.98 242.75 248.52 256.68 264.26 270.03 274.66 274.66 276.66 276.66 278.66 278.66
0 0 0 0 0 0 0 53.8937 258.729 61.434 96.5198 90.7501 85.97 80.2 74.43 68.6599 62.8897 57.1193 54.7289 48.9578 46.5679 44.1676 36.0183 36.0185 0 0 0 0 0 0 0 0 0 0 0 0 0 0 0 0 0 0 40.8041 42.563 42.5617 42.9525 42.954 42.1777 0 0 0 0 0 0 0 0 0 0 0 0 0 0 0 0 88.6828 88.6828 88.6828 88.6828 88.6828 88.6828 88.6828 88.6828 88.6828 88.6828 88.6828 88.6828 88.6828 88.6828 88.6828 208.13 213.9 219.67 225.44 231.21 236.98 242.75 248.52 256.68 264.84 272.42 278.19 282.82 282.82 284.82 284.82 286.82
0 0 0 0 0 0 0 250.716 248.334 110.45 61.434 94.1301 88.3601 82.59 76.82 71.0498 65.2794 62.889 57.118 54.728 52.3276 51.0972 50.7285 50.3385 47.9481 0 0 0 0 0 0 0 0 0 0 0 0 0 0 0 0 40.7876 55.2269 53.1926 57.0927 57.1183 57.2174 55.2413 55.2636 57.2747 62.5302 68.6599 0 0 0 0 0 0 0 0 0 0 0 88.6828 88.6828 88.6828 88.6828 88.6828 88.6828 88.6828 88.6828 88.6828 88.6828 88.6828 88.6828 88.6828 88.6828 88.6828 204.75 210.52 216.29 222.06 227.83 233.6 239.37 245.14 250.91 256.68 264.84 273 278.19 288.74 290.98 290.98 292.98 292.98
0 0 0 0 0 0 59.6639 240.148 139.054 98.9099 102.29 96.5201 90.7501 84.98 79.2099 73.4396 71.0492 65.2782 62.8881 60.4876 59.2572 58.8886 58.4987 56.1083 54.8882 54.498 0 0 0 0 0 0 0 0 0 0 0 0 0 0 0 63.3798 0 327.869 327.646 327.832 327.871 327.887 327.9 0 76.8164 70.9223 0 0 0 0 0 0 0 0 0 0 88.6828 88.6828 88.6828 88.6828 88.6828 88.6828 88.6828 88.6828 88.6828 88.6828 88.6828 88.6828 88.6828 88.6828 88.6828 201.37 207.14 212.91 218.68 224.45 230.22 235.99 241.76 247.53 253.3 259.07 264.84 273 281.16 288.74 296.9 299.14 299.14 301.14
0 0 38.9386 38.9384 68.8135 234.202 0 232.75 108.06 110.45 104.68 98.9101 93.1401 87.37 81.5997 79.2094 73.4385 71.0483 68.6476 67.4171 67.0485 66.6587 64.2685 63.0484 62.6583 61.048 0 28.8231 59.6853 60.9182 60.6565 0 0 0 0 0 0 0 0 0 0 63.0369 63.0389 0 0 0 0 0 0 327.908 327.907 82.8826 79.0657 0 0 0 0 0 0 0 0 88.6828 88.6828 88.6828 88.6828 88.6828 88.6828 88.6828 88.6829 88.6829 88.6829 88.6829 88.6829 88.6829 88.6829 88.6829 197.99 203.76 209.53 215.3 221.07 226.84 232.61 238.38 244.15 249.92 255.69 261.46 267.23 273 281.16 289.32 296.9 305.06 307.3 307.3
0 38.9386 38.9384 77.0656 226.112 220.856 0 232.014 0 116.22 107.07 101.3 95.53 89.7599 87.3696 81.5988 79.2085 76.8077 75.5771 75.2084 74.8186 72.4285 71.2086 70.8186 69.2083 68.818 69.2081 68.818 71.1878 68.8179 69.2077 0 0 0 0 0 0 0 0 0 77.774 91.9849 63.0335 0 0 0 0 0 89.1401 89.1401 327.908 327.907 79.208 87.2176 0 0 0 0 0 0 0 88.6828 88.6828 88.6828 88.6828 88.6828 88.6829 88.6829 88.6829 88.6829 88.6829 88.6829 88.6829 88.6829 88.6829 194.61 200.38 206.15 211.92 217.69 223.46 229.23 235 240.77 246.54 252.31 258.08 263.85 269.62 275.39 281.16 289.32 297.48 305.06 313.22 315.46
0 38.9384 38.9381 75.3639 215.46 0 0 229.624 0 120.01 109.46 103.69 97.92 95.5297 89.7591 87.3688 84.9679 83.7371 83.3683 82.9785 80.5884 79.3687 78.9788 77.3686 76.9783 77.3682 76.978 79.3377 0 77.3599 74.9775 75.3667 0 0 0 0 0 0 0 0 0 0 327.888 0 0 0 0 89.1401 89.1401 89.1401 89.1401 89.1392 95.5273 95.2992 0 0 0 0 0 0 0 88.6828 88.6828 88.6828 88.6829 88.6829 88.6829 88.6829 88.6829 88.6829 88.6829 88.6829 88.6829 88.6829 191.23 197 202.77 208.54 214.31 220.08 225.85 231.62 237.39 243.16 248.93 254.7 260.47 266.24 272.01 277.78 283.55 289.32 297.48 305.64 313.22 321.38
0 38.938 75.3639 198.415 0 0 0 227.234 147.018 125.78 111.85 106.08 103.69 97.9194 95.5291 93.1282 91.8972 91.5283 91.1384 88.7483 87.5285 87.1389 85.5288 85.1387 85.5285 85.1381 87.4981 0 0 82.9934 83.4158 81.1365 0 0 0 0 0 0 0 0 0 20.1797 327.888 0 0 0 89.1401 89.1401 89.1401 89.1401 89.1401 327.908 95.299 93.5276 101.354 0 0 0 0 0 0 88.6828 88.6828 88.6829 88.6829 88.6829 88.6829 88.6829 88.6829 88.6829 88.6829 88.6829 88.6829 187.85 193.62 199.39 205.16 210.93 216.7 222.47 228.24 234.01 239.78 245.55 251.32 257.09 262.86 268.63 274.4 280.17 285.94 291.71 297.48 305.64 313.8 321.38
73.5933 75.3639 199.239 0 0 0 0 224.844 145.48 128.17 117.62 111.85 106.08 103.689 101.288 100.057 99.6884 99.2984 96.9081 95.6883 95.2988 93.6889 93.2989 93.6888 93.2984 95.6592 85.1124 85.126 0 83.1267 81.1047 89.5685 87.2948 0 0 0 0 0 0 0 0 100.216 327.675 0 0 89.1401 89.1401 89.1401 89.1401 89.1401 89.1401 101.46 333.958 101.459 99.6877 109.311 0 0 0 0 0 88.6828 88.6829 88.6829 88.6829 88.6829 88.6829 88.6829 88.6829 88.6829 88.6829 88.6829 184.47 190.24 196.01 201.78 207.55 213.32 219.09 224.86 230.63 236.4 242.17 247.94 253.71 259.48 265.25 271.02 276.79 282.56 288.33 294.1 299.87 305.64 313.8 321.96
172.732 178.454 0 0 0 0 0 145.48 147.87 133.94 120.01 114.24 111.85 109.449 108.218 107.849 107.459 105.068 103.848 103.458 101.849 101.459 101.849 101.459 103.821 93.2756 93.2872 85.1355 0 327.904 327.896 87.261 95.7414 0 0 0 0 0 0 0 0 105.993 323.747 0 0 89.1401 89.1401 89.1401 89.1401 89.1401 101.46 101.46 101.46 334.786 117.601 115.216 0 0 0 0 0 88.6828 88.6828 88.6829 88.6829 88.6829 88.6829 88.6829 88.6829 88.6829 88.6829 181.09 186.86 192.63 198.4 204.17 209.94 215.71 221.48 227.25 233.02 238.79 244.56 250.33 256.1 261.87 267.64 273.41 279.18 284.95 290.72 296.49 302.26 308.03 313.8 321.96
170.504 0 0 0 0 0 0 0 156.81 120.01 125.78 120.01 117.607 116.378 116.009 115.619 113.228 112.008 111.618 110.008 109.619 110.009 109.619 111.982 109.6 327.897 93.2959 0 0 0 327.898 103.973 101.616 102.005 0 0 0 0 86.7595 0 0 103.944 282.813 0 0 89.1401 89.1401 89.1401 89.1401 101.46 101.46 101.46 131.94 335.132 123.388 123.78 0 0 0 0 0 88.6827 88.6828 88.6829 88.6829 88.6829 88.6829 88.6829 88.6829 88.6829 177.71 183.48 189.25 195.02 200.79 206.56 212.33 218.1 223.87 229.64 235.41 241.18 246.95 252.72 258.49 264.26 270.03 275.8 281.57 287.34 293.11 298.88 304.65 310.42 316.19 321.96
0 0 0 0 0 0 0 217.674 223.444 148.65 131.506 125.78 124.532 124.169 123.779 121.389 120.168 119.778 118.168 117.778 118.169 117.779 119.75 117.764 327.899 109.616 93.3001 0 0 0 327.898 109.744 110.167 107.774 0 0 0 0 87.1578 0 0 9.9124 0 0 0 89.1401 89.1401 89.1401 89.1401 101.46 101.46 131.94 131.94 335.464 95.3972 129.549 129.94 0 0 0 88.6827 88.6826 88.6827 88.6828 88.6829 88.6829 88.6829 88.6829 88.6829 174.33 180.1 185.87 191.64 197.41 203.18 208.95 214.72 220.49 226.26 232.03 237.8 243.57 249.34 255.11 260.88 266.65 272.42 278.19 283.96 289.73 295.5 301.27 307.04 312.81 318.58 324.35
0 0 0 0 0 0 0 215.284 221.04 0 140.49 134.693 132.267 131.939 129.549 128.329 0 0 0 126.329 125.939 92.6173 125.929 327.902 117.777 109.62 93.3001 0 0 0 0 0 115.92 116.325 0 0 0 0 100.432 0 0 0 0 0 0 89.1401 89.1401 89.1401 89.1401 101.46 101.46 131.94 131.94 131.94 336.174 138.032 135.639 0 0 88.6827 88.6827 88.6827 88.6826 88.6828 88.6828 88.6829 88.6829 88.6829 170.95 176.72 182.49 188.26 194.03 199.8 205.57 211.34 217.11 222.88 228.65 234.42 240.19 245.96 251.73 257.5 263.27 269.04 274.81 280.58 286.35 292.12 297.89 303.66 309.43 315.2 320.97 326.74
0 0 0 0 0 0 0 156.81 0 148.65 142.88 0 0 0 0 0 0 0 0 0 92.6165 133.711 326.046 125.938 117.78 109.62 93.3001 0 0 0 327.905 327.899 124.413 121.99 0 0 0 0 0 124.547 128.951 0 0 0 0 89.1401 89.1401 89.1401 89.1401 101.46 101.46 131.94 131.94 143.87 336.485 143.868 144.159 0 88.6827 88.6827 88.6827 88.6827 88.6827 88.6827 88.6828 88.6828 88.6829 167.57 173.34 179.11 184.88 190.65 196.42 202.19 207.96 213.73 219.5 225.27 231.04 236.81 242.58 248.35 254.12 259.89 265.66 271.43 277.2 282.97 288.74 294.51 300.28 306.05 311.82 317.59 323.36 329.13
0 0 0 0 0 0 204.468 0 156.656 151.04 148.65 0 0 0 0 0 0 0 0 92.6142 92.6103 134.098 134.099 125.94 117.78 109.62 0 0 0 0 124.49 124.487 327.9 130.483 130.15 0 0 0 0 68.4795 140.924 0 0 0 0 89.1401 89.1401 89.14 89.1398 101.46 131.94 131.94 143.87 143.87 143.87 337.157 149.924 150.374 88.6827 88.6827 88.6827 88.6828 88.6828 88.6827 88.6827 88.6828 164.19 169.96 175.73 181.5 187.27 193.04 198.81 204.58 210.35 216.12 221.89 227.66 233.43 239.2 244.97 250.74 256.51 262.28 268.05 273.82 279.59 285.36 291.13 296.9 302.67 308.44 314.21 319.98 325.75 331.52
0 0 0 0 0 0 202.161 164.97 159.2 156.81 154.409 0 0 0 0 0 0 0 148.789 92.6085 142.259 134.099 327.906 125.936 117.774 109.612 0 0 327.897 327.9 327.901 327.902 130.643 138.353 136.7 0 0 0 0 0 0 0 0 0 0 0 89.1398 89.1394 101.46 131.94 131.94 143.87 143.87 143.87 150.03 150.029 150.028 156.094 146.012 146.012 148.86 151.25 153.64 156.03 158.42 160.81 166.58 172.35 178.12 183.89 189.66 195.43 201.2 206.97 212.74 218.51 224.28 230.05 235.82 241.59 247.36 253.13 258.9 264.67 270.44 276.21 281.98 287.75 293.52 299.29 305.06 310.83 316.6 322.37 328.14 333.91
0 0 0 0 0 0 181.29 167.36 164.97 162.57 160.179 0 0 0 0 0 0 0 92.6118 235.721 229.866 224.217 31.1695 31.1668 31.1632 0 0 0 183.586 177.798 172.069 166.612 130.621 0 144.575 0 0 0 0 0 0 34.3137 301.321 0 0 0 89.1388 101.459 131.94 131.94 143.87 143.87 143.87 150.03 150.03 337.76 150.028 156.19 162.35 154.63 154.63 157.02 159.41 161.8 164.19 166.58 168.97 174.74 180.51 186.28 192.05 197.82 203.59 209.36 215.13 220.9 226.67 232.44 238.21 243.98 249.75 255.52 261.29 267.06 272.83 278.6 284.37 290.14 295.91 301.68 307.45 313.22 318.99 324.76 330.53 336.3
0 0 0 0 0 189.3 178.9 173.13 170.74 168.339 165.948 0 0 0 0 0 0 0 166.328 154.579 226.121 185.22 216.21 210.44 204.669 198.899 193.128 187.358 181.587 175.817 170.047 164.267 158.498 152.734 0 0 0 0 0 0 0 0 0 326.697 0 0 101.459 143.87 143.87 143.87 143.87 143.87 150.03 150.03 337.708 338.06 288.27 170.509 170.877 162.35 162.74 162.79 165.18 167.57 169.96 172.35 174.74 177.13 182.9 188.67 194.44 200.21 205.98 211.75 217.52 223.29 229.06 234.83 240.6 246.37 252.14 257.91 263.68 269.45 275.22 280.99 286.76 292.53 298.3 304.07 309.84 315.61 321.38 327.15 332.92 338.69
0 0 0 0 162.14 186.99 181.29 178.9 176.498 174.108 171.718 0 0 0 0 0 0 0 0 174.666 185.14 221.707 185.22 212.83 207.059 201.289 195.519 189.749 183.978 178.208 172.437 166.666 160.895 0 0 0 0 0 0 0 0 0 179.145 313.89 327.344 143.869 143.87 143.87 143.87 143.87 143.87 150.03 150.03 337.652 269.56 269.56 170.51 179.059 176.565 177.06 168.51 168.9 170.95 173.34 175.73 178.12 180.51 182.9 185.29 191.06 196.83 202.6 208.37 214.14 219.91 225.68 231.45 237.22 242.99 248.76 254.53 260.3 266.07 271.84 277.61 283.38 289.15 294.92 300.69 306.46 312.23 318 323.77 329.54 335.31 340.09
0 0 0 162.14 162.14 189.183 187.06 184.66 182.269 179.878 177.488 0 0 0 0 0 0 0 0 0 0 193.297 208.231 185.22 209.45 203.679 197.909 192.139 186.369 180.598 174.827 169.056 166.667 0 0 0 0 0 0 0 0 0 0 187.298 320.027 335.466 203.7 203.7 209.47 215.24 336.97 337.292 337.622 337.878 271.901 269.445 271.95 184.829 185.22 182.83 174.67 174.67 176.72 179.11 181.5 183.89 186.28 188.67 191.06 193.45 199.22 204.99 210.76 216.53 222.3 228.07 233.84 239.61 245.38 251.15 256.92 262.69 268.46 274.23 280 285.77 291.54 297.31 303.08 308.85 314.62 320.39 326.16 331.93 337.7 340.09
0 0 0 162.14 162.14 162.14 192.82 190.429 188.038 185.648 183.258 0 0 0 0 0 0 0 0 0 0 0 201.472 199.15 211.84 206.069 200.299 194.529 188.758 182.987 177.216 174.827 172.427 0 0 0 0 0 0 0 0 0 0 0 195.458 329.671 203.687 209.459 215.233 337.022 337.327 337.639 337.957 263.734 256.587 184.83 184.83 193.379 190.99 191.38 182.49 182.49 182.49 184.88 187.27 189.66 192.05 194.44 196.83 199.22 201.61 207.38 213.15 218.92 224.69 230.46 236.23 242 247.77 253.54 259.31 265.08 270.85 276.62 282.39 288.16 293.93 299.7 305.47 311.24 317.01 322.78 328.55 334.32 340.09 340.09
0 0 0 162.14 162.14 162.14 197.779 196.198 193.808 191.418 189.028 0 0 0 0 0 0 0 0 0 0 0 0 199.15 199.15 208.459 202.689 196.919 191.148 185.376 182.987 180.587 178.197 0 0 0 0 0 0 0 0 0 0 0 0 201.607 0 0 0 0 232.534 238.305 244.077 249.848 0 0 267.159 272.94 0 197.058 197.54 188.99 189.25 189.25 193.04 195.43 197.82 200.21 202.6 204.99 207.38 209.77 215.54 221.31 227.08 232.85 238.62 244.39 250.16 255.93 261.7 267.47 273.24 279.01 284.78 290.55 296.32 302.09 307.86 313.63 319.4 325.17 330.94 336.71 341.49 341.49
0 0 0 162.14 162.14 162.14 162.14 200.756 199.578 197.188 194.798 0 0 0 0 0 0 0 0 0 0 0 0 0 207.31 210.849 205.079 199.308 193.537 191.147 188.747 186.357 0 0 0 0 0 0 0 0 0 0 0 0 0 0 0 0 0 0 0 0 0 0 0 0 0 0 0 205.7 203.31 189.25 189.25 196.42 198.81 201.2 203.59 205.98 208.37 210.76 213.15 215.54 217.93 223.7 229.47 235.24 241.01 246.78 252.55 258.32 264.09 269.86 275.63 281.4 287.17 292.94 298.71 304.48 310.25 316.02 321.79 327.56 333.33 339.1 341.49 341.49
0 0 0 162.14 162.14 162.14 162.14 206.616 205.348 202.958 200.568 0 0 0 0 0 0 0 0 0 0 0 0 0 0 210.164 207.468 201.697 199.307 196.907 194.517 192.126 0 0 0 0 0 0 0 162.14 0 0 0 0 0 0 0 0 0 0 0 0 0 0 0 0 0 0 213.86 211.47 211.86 189.25 202.19 202.19 204.58 206.97 209.36 211.75 214.14 216.53 218.92 221.31 223.7 226.09 231.86 237.63 243.4 249.17 254.94 260.71 266.48 272.25 278.02 283.79 289.56 295.33 301.1 306.87 312.64 318.41 324.18 329.95 335.72 341.49 341.49 341.49
0 0 0 162.14 162.14 162.14 162.14 212.2 211.118 208.728 0 0 0 0 0 0 0 0 0 0 0 0 0 0 0 205.7 209.857 207.468 205.067 202.677 200.286 0 0 0 0 0 0 0 162.14 162.139 162.139 0 0 0 0 0 0 0 0 0 0 0 0 0 0 0 0 269.388 101.232 101.231 217.527 218.02 209.47 209.86 210.35 212.74 215.13 217.52 219.91 222.3 224.69 227.08 229.47 231.86 234.25 240.02 245.79 251.56 257.33 263.1 268.87 274.64 280.41 286.18 291.95 297.72 303.49 309.26 315.03 320.8 326.57 332.34 338.11 342.89 342.89 342.89
198.182 0 0 162.14 162.14 162.14 162.14 162.14 215.375 214.498 0 0 0 0 0 0 0 0 0 0 0 0 0 0 0 218.018 215.628 213.228 210.837 208.446 206.057 0 0 0 0 0 0 162.14 162.14 162.14 162.139 162.139 0 0 0 0 0 0 0 0 0 0 0 0 0 0 101.232 101.232 101.232 101.231 226.163 223.79 224.18 215.63 216.12 218.51 220.9 223.29 225.68 228.07 230.46 232.85 235.24 237.63 240.02 242.41 248.18 253.95 259.72 265.49 271.26 277.03 282.8 288.57 294.34 300.11 305.88 311.65 317.42 323.19 328.96 334.73 340.5 342.89 342.89 342.89
199.164 0 0 162.14 162.14 162.14 162.14 162.14 221.331 162.14 0 0 0 0 0 0 0 0 0 0 0 0 0 0 213.254 223.788 221.388 218.997 216.606 214.217 211.827 0 0 0 0 0 162.14 162.14 162.14 162.14 162.14 162.139 162.139 0 0 0 0 0 0 0 0 0 0 0 0 101.232 101.232 101.232 281.677 225.79 223.79 232.236 229.95 221.89 221.89 224.28 226.67 229.06 231.45 233.84 236.23 238.62 241.01 243.4 245.79 248.18 250.57 256.34 262.11 267.88 273.65 279.42 285.19 290.96 296.73 302.5 308.27 314.04 319.81 325.58 331.35 337.12 342.89 342.89 342.89 342.89
162.14 206.928 162.14 162.14 162.14 162.14 162.14 162.14 162.14 162.14 162.14 0 0 0 0 0 0 0 0 0 0 0 0 0 231.948 229.548 227.157 224.766 222.376 219.987 217.597 0 0 0 0 162.14 162.14 162.14 162.14 162.14 162.139 162.139 162.139 162.139 0 0 0 0 0 0 0 0 0 0 101.232 101.232 101.232 162.14 162.14 289.555 231.95 238.087 238.396 229.95 230.05 230.05 232.44 234.83 237.22 239.61 242 244.39 246.78 249.17 251.56 253.95 256.34 258.73 264.5 270.27 276.04 281.81 287.58 293.35 299.12 304.89 310.66 316.43 322.2 327.97 333.74 339.51 344.29 344.29 344.29 344.29
162.14 162.14 162.14 162.14 162.14 162.14 162.14 162.14 162.14 162.14 162.14 162.14 0 0 0 0 0 0 0 0 0 0 0 223.899 237.307 235.317 232.926 230.536 228.147 225.757 130.013 0 0 0 162.14 162.14 162.14 162.14 162.14 162.14 162.14 162.139 162.139 162.139 162.139 0 0 0 0 0 0 0 0 101.231 101.232 101.232 162.14 162.14 162.14 162.14 297.433 238.11 244.238 244.557 236.11 236.5 238.21 240.6 242.99 245.38 247.77 250.16 252.55 254.94 257.33 259.72 262.11 264.5 266.89 272.66 278.43 284.2 289.97 295.74 301.51 307.28 313.05 318.82 324.59 330.36 336.13 341.9 344.29 344.29 344.29 344.29
162.14 162.14 162.14 162.14 162.14 162.14 162.14 162.14 162.14 162.14 162.14 162.14 162.14 0 0 0 0 0 0 0 0 0 0 229.489 243.081 241.086 238.696 236.307 233.917 231.527 0 0 0 162.14 162.14 162.14 162.14 162.14 162.14 162.14 162.139 162.14 162.139 162.139 162.138 162.138 0 0 0 0 0 0 101.23 101.231 101.231 162.14 162.14 162.14 162.14 162.14 162.14 305.312 244.27 250.387 252.006 242.27 243.98 246.37 248.76 251.15 253.54 255.93 258.32 260.71 263.1 265.49 267.88 270.27 272.66 275.05 280.82 286.59 292.36 298.13 303.9 309.67 315.44 321.21 326.98 332.75 338.52 344.29 344.29 344.29 344.29 344.29
162.14 162.14 162.14 162.14 162.14 162.14 162.14 162.14 162.14 162.14 162.14 162.14 162.14 162.14 0 0 0 0 0 0 0 0 0 235.079 248.845 246.856 244.466 242.077 239.687 0 0 0 162.14 162.14 162.14 162.14 162.14 162.14 162.14 162.14 162.14 162.139 162.139 162.139 162.139 162.138 162.137 101.227 101.228 101.228 101.229 101.229 101.229 101.231 162.14 162.14 162.14 162.14 162.14 162.14 162.14 162.14 318.52 322.804 257.845 260.151 249.75 252.14 254.53 256.92 259.31 261.7 264.09 266.48 268.87 271.26 273.65 276.04 278.43 280.82 283.21 288.98 294.75 300.52 306.29 312.06 317.83 323.6 329.37 335.14 340.91 345.69 345.69 345.69 345.69 345.69
