tests/full-run-ref/erosion_78_21_-27.869.asc
ncols 512
nrows 512
xllcorner -3.24582
yllcorner -4.08743
cellsize 5
NODATA_value -99999
[rows 36 to 71 of 512, columns 164 to 245 of 512]
260.363 257.974 254.446 248.672 242.9 237.128 231.356 225.585 219.813 214.042 208.271 202.501 196.73 190.959 185.189 179.418 173.647 167.876 162.103 156.332 150.56 144.787 139.014 133.24 127.465 121.689 115.914 110.14 104.366 98.5939 92.8348 88.7122 82.9288 77.1238 71.3263 65.5406 59.7567 53.9751 48.1954 42.4174 36.6409 30.8653 25.0889 19.3081 13.5461 7.82197 5.65582 5.75608 5.76756 5.76885 5.7658 5.76101 8.14526 13.896 19.6677 25.4385 31.2097 36.9807 42.7517 48.5222 54.2926 60.0666 68.228 80.7732 75.0027 69.2325 63.4623 57.6921 51.9219 46.1515 40.3811 34.6105 28.8396 23.0683 17.2969 11.5249 5.76281 5.76952 5.77 5.77 5.77 5.77
254.589 252.2 253.741 247.967 242.194 236.421 230.649 224.876 219.104 213.332 207.561 201.79 196.018 190.247 184.476 178.705 172.934 167.162 161.39 155.617 149.845 144.072 138.299 132.524 126.749 120.972 115.193 109.412 103.63 97.8458 92.0638 86.2703 80.4743 74.68 68.8864 63.0951 57.3052 51.517 45.7307 39.9463 34.1636 28.383 22.603 16.8262 11.0382 5.52787 5.75827 5.77 5.77 5.77 5.77 5.76944 5.76179 11.5076 17.279 23.0502 28.8215 34.593 40.3641 46.1352 51.9053 60.0669 70.6178 78.7976 73.0271 67.2567 61.4865 55.7163 49.9462 44.1759 38.4056 32.6352 27.8537 22.0828 16.3118 11.5316 5.76687 5.77 5.77 5.77 5.77 5.77
248.816 246.423 248.817 246.814 241.041 235.267 229.494 223.72 217.947 212.174 206.401 200.629 194.857 189.085 183.313 177.541 171.768 165.996 160.224 154.451 148.676 142.902 137.128 131.353 125.576 119.798 114.018 108.236 102.452 96.6651 90.8762 85.0842 79.2904 73.4961 67.7004 61.9046 56.1097 50.3159 44.5234 38.7323 32.9428 27.1557 21.4399 15.7475 11.0881 5.58039 5.77 5.77 5.77 5.77 5.77 5.7695 5.76206 11.5078 17.279 23.0499 28.8214 34.5927 40.3642 46.1353 51.9054 62.4556 73.0055 73.4361 70.6368 64.8667 59.0963 53.3262 47.556 41.7858 36.0156 30.2452 24.4747 19.6938 13.9229 8.15296 5.76884 5.77 5.77 5.77 5.77 5.77
243.044 240.649 238.255 240.654 238.65 232.872 227.097 221.322 215.547 209.771 203.996 198.221 192.447 186.672 180.898 175.123 169.349 163.575 157.8 152.025 146.25 140.473 134.696 128.918 123.139 117.358 111.575 105.789 100.001 94.2091 88.4143 82.6163 76.8152 71.0117 65.2063 59.3995 53.592 47.7844 41.9772 36.1707 30.3651 24.561 18.7587 13.0477 7.49274 5.66383 5.77 5.77 5.77 5.77 5.77 5.76765 8.14769 13.8995 19.67 25.4406 31.2114 36.9827 42.7538 48.525 54.2946 64.8434 70.6154 71.0437 65.2748 62.4763 56.7063 50.9359 45.1658 39.3956 33.6254 27.8551 22.0848 16.3142 11.534 5.76716 5.7698 5.77 5.77 5.77 5.77 5.77
237.265 234.879 232.485 234.884 236.27 230.485 224.708 218.931 213.154 207.377 201.6 195.823 190.047 184.27 178.494 172.718 166.941 161.165 155.389 149.612 143.835 138.058 132.279 126.5 120.719 114.937 109.152 103.366 97.5764 91.7836 85.9873 80.1875 74.384 68.577 62.7669 56.9542 51.1394 45.323 39.5057 33.6879 27.8701 22.0526 16.2375 10.4127 5.20752 5.73045 5.77 5.77 5.77 5.77 5.77 5.76558 11.5246 16.2878 22.0586 27.8288 33.5995 39.3704 45.1415 50.9123 56.683 62.453 71.0423 65.2723 62.8824 57.1141 54.316 48.546 42.7757 37.0055 31.2353 25.465 19.6947 13.9243 8.15485 5.76916 5.77 5.77 5.77 5.77 5.77 5.77
226.396 229.094 226.705 229.096 237.956 232.882 227.104 221.329 215.553 209.779 204.004 198.228 192.453 186.678 180.903 175.128 169.353 163.578 157.804 152.028 146.253 140.477 134.701 128.923 123.144 117.364 111.583 105.8 100.016 94.2285 88.4392 82.6477 76.8539 71.0578 65.2598 59.4599 53.6585 47.8559 42.0525 36.2485 30.4442 24.6399 18.838 13.1416 7.6904 5.73899 5.77 5.77 5.77 5.77 5.77 5.76464 11.5182 17.289 23.0588 28.8293 34.6 40.371 46.142 51.9131 57.6838 63.4553 65.2717 62.8802 57.1107 54.7216 48.9533 46.1555 40.3856 34.6153 28.8452 23.0749 17.3047 11.5343 5.76737 5.76985 5.77 5.77 5.77 5.77 5.77 5.77
196.705 218.219 220.922 218.529 220.917 229.781 224.731 218.956 213.177 207.399 201.623 195.845 190.068 184.291 178.513 172.736 166.959 161.182 155.404 149.627 143.849 138.071 132.292 126.512 120.73 114.947 109.162 103.375 97.5858 91.7942 86.0001 80.2034 74.4041 68.6022 62.7978 56.9911 51.1824 45.372 39.5601 33.7472 27.9335 22.1193 16.3064 10.507 5.31474 5.75165 5.77 5.77 5.77 5.77 5.77 5.76396 11.5159 17.2864 23.0567 28.8273 34.5984 40.3695 46.1408 51.9125 57.6836 63.4552 62.8804 57.1086 54.7189 48.9494 46.5608 40.7926 38.404 32.6359 27.8558 22.0857 16.3156 11.5362 5.76858 5.77 5.77 5.77 5.77 5.77 5.77 5.77
190.969 193.316 210.075 212.778 210.371 212.76 221.636 218.984 213.198 207.42 201.642 195.864 190.087 184.309 178.531 172.754 166.976 161.199 155.421 149.644 143.866 138.087 132.309 126.529 120.748 114.965 109.18 103.393 97.6051 91.8149 86.0226 80.2282 74.4315 68.6326 62.8313 57.0279 51.2226 45.4155 39.607 33.7972 27.9864 22.1747 16.3627 10.5514 5.32326 5.75259 5.77 5.77 5.77 5.77 5.77 5.76329 11.5144 17.285 23.0555 28.8265 34.5977 40.3692 46.1417 51.9133 57.6839 62.8813 57.1085 54.7179 48.9469 46.5578 40.7883 38.4 32.6317 30.2435 24.4755 19.6954 13.9254 8.15615 5.76937 5.77 5.77 5.77 5.77 5.77 5.77 5.77
185.206 187.566 204.319 207.016 204.611 206.995 215.856 221.386 215.597 209.819 204.043 198.267 192.492 186.716 180.941 175.166 169.39 163.615 157.84 152.064 146.288 140.513 134.736 128.959 123.181 117.402 111.62 105.837 100.054 94.2692 88.4836 82.6969 76.9088 71.1194 65.3286 59.5366 53.7436 47.9496 42.1548 36.3594 30.5634 24.7673 18.9701 13.2266 7.63252 5.68457 5.77 5.77 5.77 5.77 5.77 5.76257 11.5137 17.2844 23.0551 28.8262 34.5977 40.3709 46.1434 51.9139 57.6856 57.1103 54.7183 48.9462 46.5565 40.7853 38.3967 32.6271 30.2391 24.4709 22.0829 16.315 11.5352 5.76793 5.76988 5.77 5.77 5.77 5.77 5.77 5.77 5.77
179.434 181.8 198.549 201.235 198.83 201.216 210.064 222.628 217.882 212.103 206.328 200.554 194.781 189.007 183.232 177.458 171.684 165.91 160.136 154.362 148.587 142.812 137.037 131.261 125.485 119.708 113.93 108.147 102.366 96.5841 90.8021 85.0192 79.2354 73.4508 67.6654 61.8792 56.0925 50.3053 44.5179 38.7303 32.9427 27.1563 21.4705 15.7949 11.1811 5.61945 5.77 5.77 5.77 5.77 5.77 5.76176 11.5121 17.2832 23.054 28.8253 34.599 40.3721 46.1428 51.9142 57.1115 54.7196 48.9469 46.5567 40.7844 38.3951 32.6238 30.2356 24.4659 22.0783 16.31 13.9228 8.15579 5.76927 5.77 5.77 5.77 5.77 5.77 5.77 5.77 5.77
173.663 176.037 187.986 190.353 193.038 195.426 204.266 216.834 215.483 209.696 203.917 198.138 192.36 186.582 180.805 175.027 169.248 163.47 157.692 151.914 146.135 140.356 134.576 128.796 123.014 117.233 111.449 105.664 99.8725 94.0824 88.2906 82.4981 76.7039 70.9081 65.1107 59.3118 53.5116 47.7104 41.9083 36.1055 30.3022 24.499 18.696 13.0155 7.48094 5.66678 5.77 5.77 5.77 5.77 5.77 5.761 11.5101 17.2818 23.0528 28.8268 34.6003 40.3711 46.1426 51.9141 54.7207 48.9481 46.5574 40.785 38.3952 32.6226 30.2338 24.4623 22.0746 16.3047 13.9182 8.15087 5.76765 5.76987 5.77 5.77 5.77 5.77 5.77 5.77 5.77 5.77
167.894 170.277 172.636 179.792 182.156 189.623 198.466 211.018 213.079 207.311 201.521 195.736 189.953 184.171 178.389 172.607 166.825 161.042 155.26 149.477 143.694 137.911 132.127 126.342 120.556 114.769 108.981 103.191 97.3995 91.6017 85.8034 80.002 74.1988 68.393 62.5851 56.775 50.9629 45.1489 39.3332 33.516 27.6973 21.8771 16.0562 10.2441 5.21676 5.74787 5.77 5.77 5.77 5.77 5.77 5.76077 11.5112 17.2827 23.0564 28.8304 34.6012 40.3728 46.1444 51.9163 48.9494 46.5579 40.786 38.3958 32.6231 30.2337 24.4609 22.0726 16.3009 13.9145 8.14628 5.76606 5.7697 5.77 5.77 5.77 5.77 5.77 5.77 5.77 5.77 5.77
162.122 164.508 166.887 169.255 171.624 173.98 181.421 190.263 202.861 207.363 201.559 195.773 189.989 184.207 178.424 172.643 166.861 161.079 155.295 149.513 143.729 137.946 132.161 126.376 120.59 114.804 109.016 103.228 97.437 91.6451 85.8461 80.0463 74.243 68.4382 62.6311 56.822 51.011 45.198 39.383 33.5661 27.7474 21.9269 16.1052 10.3104 5.3071 5.77 5.77 5.77 5.77 5.77 5.77 5.76129 11.5158 17.2883 23.0619 28.8327 34.6046 40.3763 46.1482 48.9506 46.5584 40.7863 38.3962 32.6239 30.2343 24.4612 22.0723 16.2992 13.9124 8.1429 5.76477 5.76956 5.77 5.77 5.77 5.77 5.77 5.77 5.77 5.77 5.77 5.77
156.347 158.733 161.115 163.497 165.877 168.243 175.691 184.525 197.082 207.365 201.57 195.784 190.001 184.219 178.438 172.657 166.877 161.096 155.315 149.532 143.75 137.967 132.184 126.399 120.615 114.83 109.044 103.257 97.4695 91.6787 85.8871 80.0871 74.2868 68.4833 62.6788 56.8724 51.0644 45.2543 39.4423 33.6284 27.8126 21.9948 16.175 10.356 5.25102 5.74763 5.77 5.77 5.77 5.77 5.77 5.76236 11.5211 17.2935 23.0639 28.8358 34.6079 40.3795 46.1511 46.5596 40.7867 38.3963 32.6241 30.2345 24.4619 22.0727 16.2994 13.9119 8.14133 5.764 5.76945 5.77 5.77 5.77 5.77 5.77 5.77 5.77 5.77 5.77 5.77 5.77
150.572 152.956 155.337 157.717 160.097 162.47 169.926 178.756 191.286 209.634 203.86 198.08 192.303 186.526 180.75 174.974 169.198 163.422 157.645 151.97 146.189 140.423 134.642 128.86 123.08 117.301 111.519 105.739 99.955 94.1727 88.3851 82.5983 76.8001 71.0064 65.2106 59.4148 53.6175 47.8189 42.0189 36.2178 30.4155 24.612 18.8082 13.0547 7.59636 5.69405 5.77 5.77 5.77 5.77 5.77 5.76387 11.5259 16.3025 22.0734 27.8457 33.6177 39.3885 45.1605 40.7877 38.3965 32.6244 30.2345 24.462 22.0729 16.3 13.9122 8.14124 5.76378 5.76941 5.77 5.77 5.77 5.77 5.77 5.77 5.77 5.77 5.77 5.77 5.77 5.77
144.796 147.179 149.557 151.93 154.301 160.096 164.162 172.981 185.477 207.219 201.458 195.673 189.892 184.113 178.336 172.558 166.781 161.004 155.227 149.448 143.779 138.042 134.587 128.808 123.025 117.243 111.463 105.678 99.8944 94.1057 88.3189 82.526 76.7329 70.9268 65.1256 59.3222 53.5187 47.7136 41.9078 36.1012 30.2939 24.4855 18.6785 12.9985 7.56178 5.69307 5.77 5.77 5.77 5.77 5.77 5.76659 8.14414 13.9108 19.6836 25.4557 31.2267 36.9986 40.7891 38.3971 32.6246 30.2346 24.4621 22.0728 16.3 13.9122 8.14152 5.76388 5.76941 5.77 5.77 5.77 5.77 5.77 5.77 5.77 5.77 5.77 5.77 5.77 5.77 5.77
139.019 141.4 143.774 146.144 148.507 155.989 161.78 167.213 179.677 204.812 199.061 193.271 187.486 181.703 175.922 170.143 164.363 158.584 152.805 147.026 141.244 135.573 129.821 126.382 120.612 114.832 109.049 103.26 97.4661 91.6732 85.8747 80.0777 74.2742 68.4681 62.6482 56.8291 51.0066 45.184 39.3599 33.5352 27.7095 21.8825 16.0544 10.2391 5.2264 5.74615 5.77 5.77 5.77 5.77 5.77 5.76896 5.76134 11.5212 17.2938 23.0653 28.8374 34.6091 38.3989 32.6254 30.2348 24.4622 22.0727 16.2999 13.9121 8.14139 5.76398 5.76942 5.77 5.77 5.77 5.77 5.77 5.77 5.77 5.77 5.77 5.77 5.77 5.77 5.77 5.77
133.24 135.619 137.99 140.362 142.72 150.174 159.053 164.831 173.897 202.409 196.666 190.873 185.084 179.298 173.514 167.731 161.949 156.167 150.386 144.605 138.823 133.037 127.357 121.606 119.313 113.755 109.118 103.332 97.5501 91.7515 85.9501 80.1529 74.3561 68.5516 62.746 56.9248 51.1052 45.2825 39.4604 33.6379 27.8149 21.9904 16.1634 10.3304 5.24926 5.74737 5.77 5.77 5.77 5.77 5.77 5.77 5.76442 11.5261 17.2973 23.0689 28.8404 34.613 32.6275 30.2353 24.4626 22.0727 16.2998 13.9119 8.14115 5.76399 5.76943 5.77 5.77 5.77 5.77 5.77 5.77 5.77 5.77 5.77 5.77 5.77 5.77 5.77 5.77 5.77
127.461 129.837 132.208 134.58 136.933 144.376 153.203 165.805 171.498 200.021 194.273 188.476 182.684 176.894 171.106 165.32 159.535 153.751 147.968 142.185 136.402 130.619 124.828 119.139 113.367 111.1 105.566 103.238 97.5565 94.2349 88.4429 82.6558 76.8642 71.0713 65.2745 59.4794 53.6642 47.86 42.0551 36.2522 30.4488 24.6441 18.8372 13.1264 7.60887 5.69697 5.77 5.77 5.77 5.77 5.77 5.77 5.76562 11.5293 16.3081 22.0773 27.8494 32.6298 30.2368 24.4632 22.073 16.2999 13.9118 8.14095 5.76398 5.76942 5.77 5.77 5.77 5.77 5.77 5.77 5.77 5.77 5.77 5.77 5.77 5.77 5.77 5.77 5.77 5.77
121.679 124.055 126.426 128.796 131.142 138.576 147.382 159.853 173.795 197.662 191.879 186.079 180.282 174.489 168.697 162.908 157.12 151.334 145.549 139.764 133.981 128.197 122.411 116.614 110.91 105.124 102.885 97.3423 95.0319 89.3563 87.0096 81.2704 76.9503 71.1573 65.3647 59.5624 53.7616 47.9378 42.1293 36.3218 30.5164 24.7096 18.9011 13.1579 7.61743 5.69591 5.77 5.77 5.77 5.77 5.77 5.77 5.76752 8.14907 13.9174 19.6891 25.4609 30.2396 24.4657 22.074 16.3004 13.9119 8.14082 5.764 5.76942 5.77 5.77 5.77 5.77 5.77 5.77 5.77 5.77 5.77 5.77 5.77 5.77 5.77 5.77 5.77 5.77 5.77
115.896 118.271 120.64 123.006 125.343 132.769 141.562 153.845 196.137 194.065 189.48 183.675 177.874 172.077 166.284 160.492 154.702 148.914 143.127 137.341 131.557 125.772 119.988 114.201 108.397 102.678 96.8748 94.6625 89.1182 86.8277 81.1471 78.8157 73.0739 68.7575 62.963 57.1558 51.342 45.5186 39.6741 33.8409 28.0093 22.1811 16.3509 10.521 5.3269 5.743 5.77 5.77 5.77 5.77 5.77 5.77 5.76923 5.76424 11.5289 17.3007 23.0731 24.4708 22.0765 16.3028 13.9128 8.14112 5.7641 5.76943 5.77 5.77 5.77 5.77 5.77 5.77 5.77 5.77 5.77 5.77 5.77 5.77 5.77 5.77 5.77 5.77 5.77 5.77
110.103 112.483 114.85 117.211 119.537 126.957 135.751 147.904 193.689 188.167 185.789 181.269 175.465 169.664 163.867 158.073 152.281 146.491 140.702 134.915 129.129 123.345 117.56 111.775 105.987 100.176 94.4416 88.6209 86.4373 80.8914 78.6208 72.9381 70.6232 64.8912 62.5494 56.7628 51.4595 45.6441 39.8166 33.9704 28.1385 22.3089 16.4919 10.6608 5.42942 5.77 5.77 5.77 5.77 5.77 5.77 5.77 5.77 5.76689 11.5332 16.3131 22.0853 22.0809 16.3071 13.9151 8.14293 5.76451 5.76944 5.77 5.77 5.77 5.77 5.77 5.77 5.77 5.77 5.77 5.77 5.77 5.77 5.77 5.77 5.77 5.77 5.77 5.77 5.77
104.313 106.688 109.061 111.419 113.741 121.17 129.973 142.095 191.304 185.767 179.921 177.579 173.072 167.263 161.459 155.658 149.861 144.068 138.277 132.488 126.7 120.914 115.129 109.345 103.56 97.7695 91.9513 86.2007 80.3618 78.2089 72.6619 70.4126 64.7285 62.4281 56.685 54.354 48.5821 44.7166 38.8954 33.065 27.2134 21.3798 15.5947 10.8722 5.50288 5.77 5.77 5.77 5.77 5.77 5.77 5.77 5.77 5.76828 8.15379 13.9238 19.6961 16.3122 13.9186 8.14642 5.76541 5.76951 5.77 5.77 5.77 5.77 5.77 5.77 5.77 5.77 5.77 5.77 5.77 5.77 5.77 5.77 5.77 5.77 5.77 5.77 5.77 5.77
98.5182 100.899 103.266 105.632 107.963 115.414 124.23 136.372 188.937 183.395 177.541 171.688 169.413 164.888 159.053 153.245 147.443 141.646 135.852 130.06 124.271 118.483 112.697 106.912 101.128 95.3423 89.5501 83.7238 77.9556 72.0977 69.9772 64.4293 62.2028 56.5157 54.2278 48.4798 46.1643 40.3848 36.5163 30.6922 24.8467 18.976 13.1232 7.4399 5.62943 5.77 5.77 5.77 5.77 5.77 5.77 5.77 5.77 5.7694 5.76726 11.5357 16.3161 13.9226 8.15056 5.76663 5.76962 5.77 5.77 5.77 5.77 5.77 5.77 5.77 5.77 5.77 5.77 5.77 5.77 5.77 5.77 5.77 5.77 5.77 5.77 5.77 5.77 5.77
92.7231 95.1063 97.48 99.8548 102.204 109.676 118.481 130.748 186.496 180.993 175.23 169.36 163.552 162.47 156.608 150.815 145.02 139.224 133.429 127.636 121.845 116.055 110.267 104.48 98.6948 92.9099 87.1238 81.3294 75.4941 69.707 63.8288 61.7421 56.1935 53.9907 48.3004 46.0269 40.2738 37.9707 32.187 28.338 22.5119 16.6536 10.7683 5.38443 5.73074 5.77 5.77 5.77 5.77 5.77 5.77 5.77 5.77 5.77 5.76891 8.15697 13.9263 8.15478 5.76786 5.76974 5.77 5.77 5.77 5.77 5.77 5.77 5.77 5.77 5.77 5.77 5.77 5.77 5.77 5.77 5.77 5.77 5.77 5.77 5.77 5.77 5.77 5.77
86.9283 89.3183 91.7014 94.0963 96.4952 98.8675 101.459 110.085 122.279 179.904 174.291 168.449 162.609 159.965 154.138 148.37 142.589 136.8 131.009 125.216 119.424 113.632 107.842 102.053 96.2652 90.4788 84.6931 78.9059 73.1085 67.2631 61.4553 55.5557 53.5039 47.9546 45.7762 40.0828 37.825 32.067 29.7774 24.0023 21.6554 15.8325 11.1072 5.56411 5.77 5.77 5.77 5.77 5.77 5.77 5.77 5.77 5.77 5.77 5.76955 5.76898 8.15816 5.76895 5.76986 5.77 5.77 5.77 5.77 5.77 5.77 5.77 5.77 5.77 5.77 5.77 5.77 5.77 5.77 5.77 5.77 5.77 5.77 5.77 5.77 5.77 5.77 5.77
81.1365 83.5351 85.9317 88.3416 90.7569 93.1558 95.7874 104.587 116.778 180.745 175.16 169.36 163.56 157.585 151.73 145.951 140.169 134.384 128.595 122.803 117.01 111.217 105.424 99.6328 93.8424 88.0534 82.2656 76.4784 70.6894 64.8882 59.0315 53.2012 47.2785 45.2628 39.7124 37.5595 31.863 29.6218 23.8595 21.5805 15.7901 13.4822 7.7318 5.68687 5.77 5.77 5.77 5.77 5.77 5.77 5.77 5.77 5.77 5.77 5.77 5.76984 5.76988 5.76994 5.77 5.77 5.77 5.77 5.77 5.77 5.77 5.77 5.77 5.77 5.77 5.77 5.77 5.77 5.77 5.77 5.77 5.77 5.77 5.77 5.77 5.77 5.77 5.77
75.3479 77.7565 80.1649 82.5785 84.9833 87.3713 90.0049 98.8372 110.982 178.271 172.753 166.958 161.163 155.319 149.428 143.592 137.787 131.99 126.196 120.402 114.607 108.812 103.017 97.222 91.4283 85.6358 79.8447 74.0548 68.2655 62.474 56.6682 50.7987 44.9442 38.9972 37.0186 31.4669 29.3404 23.6408 21.4178 15.6497 13.4089 7.67196 5.63493 5.75756 5.77 5.77 5.77 5.77 5.77 5.77 5.77 5.77 5.77 5.77 5.77 5.77 5.77 5.77 5.77 5.77 5.77 5.77 5.77 5.77 5.77 5.77 5.77 5.77 5.77 5.77 5.77 5.77 5.77 5.77 5.77 5.77 5.77 5.77 5.77 5.77 5.77 5.77
69.5623 71.9802 74.3956 76.8083 79.2051 81.5888 84.2177 93.0225 104.992 175.743 170.34 164.539 158.747 152.951 147.123 141.273 135.44 129.625 123.818 118.016 112.216 106.416 100.617 94.8189 89.0212 83.2245 77.4291 71.635 65.8422 60.05 54.255 48.4435 42.5602 36.6807 30.7085 28.7703 23.2178 21.1198 15.4182 13.2502 7.56193 5.59312 5.75582 5.77 5.77 5.77 5.77 5.77 5.77 5.77 5.77 5.77 5.77 5.77 5.77 5.77 5.77 5.77 5.77 5.77 5.77 5.77 5.77 5.77 5.77 5.77 5.77 5.77 5.77 5.77 5.77 5.77 5.77 5.77 5.77 5.77 5.77 5.77 5.77 5.77 5.77 5.77
63.7749 66.1985 68.619 71.0241 73.4242 75.8049 78.4177 87.192 98.9106 173.182 167.921 162.111 156.315 150.525 144.73 138.917 133.089 127.264 121.446 115.634 109.825 104.019 98.215 92.4113 86.6085 80.8064 75.0055 69.2056 63.4071 57.6097 51.8128 46.0125 40.194 34.2968 28.3949 22.3984 20.5127 14.9655 12.9494 7.36514 5.53153 5.75154 5.77 5.77 5.77 5.77 5.77 5.77 5.77 5.77 5.77 5.77 5.77 5.77 5.77 5.77 5.77 5.77 5.77 5.77 5.77 5.77 5.77 5.77 5.77 5.77 5.77 5.77 5.77 5.77 5.77 5.77 5.77 5.77 5.77 5.77 5.77 5.77 5.77 5.77 5.77 5.77
57.9874 60.4113 62.8337 65.2409 67.6357 70.3094 72.7686 81.3949 92.9374 170.578 165.498 159.675 153.872 148.075 142.278 136.477 130.667 124.85 119.03 113.212 107.395 101.581 95.7686 89.9569 84.1458 78.3353 72.5255 66.7164 60.9081 55.1008 49.2943 43.4879 37.6778 31.8492 25.941 20.0295 14.0155 12.2458 6.97258 5.42144 5.74476 5.77 5.77 5.77 5.77 5.77 5.77 5.77 5.77 5.77 5.77 5.77 5.77 5.77 5.77 5.77 5.77 5.77 5.77 5.77 5.77 5.77 5.77 5.77 5.77 5.77 5.77 5.77 5.77 5.77 5.77 5.77 5.77 5.77 5.77 5.77 5.77 5.77 5.77 5.77 5.77 5.77
52.2017 54.6153 57.0391 59.4422 62.1142 64.6238 69.9805 75.6469 87.1365 168.143 163.068 157.24 151.411 145.59 139.77 133.953 128.134 122.313 116.487 110.66 104.831 99.003 93.1747 87.3466 81.5185 75.6905 69.8624 64.0343 58.2064 52.3788 46.5514 40.7243 34.8969 29.0659 23.2195 17.3026 11.44 5.85913 5.15632 5.73251 5.77 5.77 5.77 5.77 5.77 5.77 5.77 5.77 5.77 5.77 5.77 5.77 5.77 5.77 5.77 5.77 5.77 5.77 5.77 5.77 5.77 5.77 5.77 5.77 5.77 5.77 5.77 5.77 5.77 5.77 5.77 5.77 5.77 5.77 5.77 5.77 5.77 5.77 5.77 5.77 5.77 5.77
46.4153 48.8164 51.2255 53.9089 56.4065 61.8045 67.6122 73.3386 81.509 165.641 160.499 154.835 148.974 143.117 137.27 131.424 125.581 119.737 113.894 108.049 102.204 96.3566 90.5089 84.6605 78.8115 72.9619 67.1118 61.2611 55.41 49.5585 43.7067 37.8546 32.0022 26.1492 20.2928 14.4258 8.58698 4.34177 5.70322 5.77 5.77 5.77 5.77 5.77 5.77 5.77 5.77 5.77 5.77 5.77 5.77 5.77 5.77 5.77 5.77 5.77 5.77 5.77 5.77 5.77 5.77 5.77 5.77 5.77 5.77 5.77 5.77 5.77 5.77 5.77 5.77 5.77 5.77 5.77 5.77 5.77 5.77 5.77 5.77 5.77 5.77 5.77
40.6252 43.0033 45.6737 48.1751 53.5902 59.421 65.2225 70.9787 76.1432 88.1041 160.186 154.988 149.103 143.242 137.384 131.536 125.687 119.842 113.996 108.152 102.307 96.4615 90.6156 84.7691 78.922 73.0743 67.2261 61.3772 55.5277 49.6776 43.8269 37.9758 32.1241 26.2721 20.4194 14.5652 8.8253 4.74789 5.77 5.77 5.77 5.77 5.77 5.77 5.77 5.77 5.77 5.77 5.77 5.77 5.77 5.77 5.77 5.77 5.77 5.77 5.77 5.77 5.77 5.77 5.77 5.77 5.77 5.77 5.77 5.77 5.77 5.77 5.77 5.77 5.77 5.77 5.77 5.77 5.77 5.77 5.77 5.77 5.77 5.77 5.77 5.77
34.8114 37.4507 39.918 45.3563 51.2183 57.0297 62.8224 68.5898 74.2775 83.339 120.147 154.557 149.246 143.382 137.526 131.669 125.822 119.975 114.13 108.287 102.443 96.6004 90.7574 84.9142 79.0708 73.227 67.3828 61.5382 55.6931 49.8475 44.0014 38.1547 32.3075 26.4597 20.6114 14.7626 9.01944 4.82912 5.77 5.77 5.77 5.77 5.77 5.77 5.77 5.77 5.77 5.77 5.77 5.77 5.77 5.77 5.77 5.77 5.77 5.77 5.77 5.77 5.77 5.77 5.77 5.77 5.77 5.77 5.77 5.77 5.77 5.77 5.77 5.77 5.77 5.77 5.77 5.77 5.77 5.77 5.77 5.76996 5.76996 5.76998 5.77 5.77
29.2445 31.6745 37.1068 42.9756 48.8143 54.6242 60.411 66.2038 71.9683 78.0448 81.6672 111.935 148.759 143.483 137.638 131.785 125.929 120.083 114.237 108.394 102.551 96.7088 90.867 85.0254 79.1838 73.3422 67.5004 61.6583 55.816 49.9733 44.1302 38.2866 32.4425 26.5979 20.7527 14.907 9.15668 4.88212 5.77 5.77 5.77 5.77 5.77 5.77 5.77 5.77 5.77 5.77 5.77 5.77 5.77 5.77 5.77 5.77 5.77 5.77 5.77 5.77 5.77 5.77 5.77 5.77 5.77 5.77 5.77 5.77 5.77 5.77 5.77 5.77 5.77 5.77 5.77 5.77 5.77 5.77 5.77 5.76991 8.15972 5.76987 5.76998 5.77
