tests/full-run-ref/erosion_83_12_73.250.asc
ncols 512
nrows 512
xllcorner -3.24582
yllcorner -4.08743
cellsize 5
NODATA_value -99999
[rows 93 to 123 of 512, columns 69 to 137 of 512]
11.54 11.4534 11.4254 11.54 11.54 11.4055 11.4252 11.54 11.4545 11.4747 11.4672 11.4566 11.3488 11.3319 11.3252 11.3243 11.3091 11.3055 11.2903 11.2727 11.2653 11.2398 11.24 11.251 11.2493 11.2363 11.2132 11.1804 11.2182 11.2528 11.2827 11.458 11.4491 11.4653 11.4488 11.4218 11.333 11.3688 11.4065 11.3856 8.77287 8.81101 7.21461 7.67433 6.76832 7.83636 8.17382 9.42444 9.77646 10.0741 9.78292 9.93285 10.712 10.8192 10.6342 10.9492 11.1539 11.2693 11.3446 11.3965 11.4694 11.4566 11.4839 11.498 11.5059 11.5109 11.5143 11.5165 11.5168
11.4489 11.4207 11.3603 11.2042 11.2943 11.3529 11.3618 11.3689 11.54 11.54 11.54 11.54 11.54 11.54 11.54 11.54 11.54 11.4347 11.4246 11.4267 11.4188 11.4177 11.4159 11.4259 11.4218 11.4268 11.4143 11.4131 11.431 11.4424 11.4805 11.4899 11.466 11.4651 11.4156 11.4469 11.4258 11.3569 11.4015 11.3417 9.05101 8.92191 7.49589 7.58672 8.436 8.3685 9.34723 9.77138 9.75502 10.5806 10.7294 10.9048 10.4521 10.9601 11.145 11.3117 11.3555 11.3946 11.438 11.4698 11.4466 11.4783 11.4931 11.501 11.5061 11.5101 11.5133 11.5157 11.5167
11.386 11.2575 11.2929 11.4455 11.1087 11.2381 11.1566 11.54 11.54 11.54 11.54 11.54 11.54 11.54 11.54 11.4496 11.444 11.445 11.4401 11.4414 11.4421 11.4424 11.4465 11.4467 11.4496 11.4544 11.4556 11.461 11.4653 11.4939 11.5051 11.4968 11.4756 11.4863 11.4667 11.4298 11.459 11.4548 11.4005 11.3905 9.45836 9.59481 8.24893 8.71278 8.41341 9.22984 9.56785 9.94386 10.1619 10.7074 10.4162 10.9408 11.0798 10.8726 11.1537 11.1314 11.3108 11.3013 11.414 11.4238 11.4672 11.4853 11.494 11.4996 11.504 11.5078 11.5111 11.5139 11.5156
11.509 11.4884 11.4457 11.4687 11.4729 11.442 11.4239 11.4773 11.3472 11.4177 11.3115 11.3682 11.2576 11.3634 11.2823 11.3365 11.4576 11.462 11.4611 11.4561 11.4618 11.4598 11.4685 11.472 11.4782 11.4807 11.4897 11.4905 11.5078 11.5142 11.5103 11.5029 11.4864 11.488 11.4638 11.45 11.4683 11.4344 11.4299 11.4162 9.88521 9.44589 8.73811 8.437 9.11774 9.6443 9.8446 10.198 10.424 11.0097 11.1023 10.8672 11.1553 11.1969 11.1039 11.2202 11.3866 11.4208 11.4024 11.4496 11.4733 11.4841 11.4909 11.4959 11.5002 11.5041 11.5077 11.5109 11.5134
11.511 11.4899 11.4787 11.4865 11.4642 11.4795 11.4655 11.4168 11.4749 11.3679 11.437 11.3839 11.4569 11.3234 11.446 11.466 11.4741 11.4727 11.476 11.4766 11.4736 11.4777 11.4843 11.49 11.4996 11.5057 11.5077 11.5178 11.5198 11.5165 11.5141 11.5087 11.4936 11.5036 11.4996 11.4915 11.4662 11.4648 11.458 11.4437 10.301 10.1937 9.61422 9.88655 10.1053 10.1008 10.2158 10.479 10.7092 11.1475 11.0209 11.1059 11.2408 11.1294 11.2122 11.2849 11.3998 11.379 11.4302 11.4565 11.4699 11.4789 11.4854 11.4906 11.495 11.499 11.5029 11.5067 11.5101
11.5234 11.518 11.5105 11.4867 11.4915 11.4908 11.4749 11.4846 11.4659 11.4732 11.4604 11.4708 11.4501 11.4606 11.476 11.4806 11.4828 11.485 11.4845 11.4907 11.4922 11.4944 11.4971 11.5051 11.5145 11.5207 11.5263 11.5256 11.5216 11.518 11.5169 11.5117 11.5017 11.5051 11.4863 11.5017 11.4985 11.5017 11.4864 11.4889 10.6127 10.7365 10.6278 10.6558 10.7705 10.8414 10.966 11.1017 11.23 11.0566 11.2126 11.2093 11.3134 11.3187 11.3656 11.3958 11.3504 11.4052 11.4336 11.4499 11.462 11.4713 11.4784 11.4838 11.4882 11.4924 11.4968 11.5013 11.5057
11.5196 11.5179 11.5055 11.5056 11.4997 11.4959 11.4871 11.5009 11.5037 11.5054 11.498 11.4754 11.4771 11.4866 11.4895 11.4897 11.4931 11.4925 11.496 11.5021 11.5034 11.5081 11.5121 11.5186 11.5243 11.5333 11.531 11.5274 11.5233 11.5206 11.518 11.5154 11.5072 11.5149 11.5098 11.4971 11.5038 11.4797 11.4858 11.465 10.8717 10.8232 10.2031 10.5156 10.2285 10.7293 10.6089 11.036 11.0386 11.2308 11.2983 11.2746 11.3171 11.2129 11.3192 11.3087 11.3725 11.4037 11.422 11.438 11.4516 11.4623 11.4702 11.4756 11.4798 11.4841 11.4891 11.4947 11.5003
11.5312 11.5198 11.5173 11.5105 11.5058 11.5018 11.4974 11.5029 11.491 11.5039 11.492 11.4957 11.4994 11.4997 11.4998 11.5001 11.5004 11.5034 11.5065 11.511 11.5144 11.5167 11.5236 11.5272 11.5345 11.5398 11.532 11.5287 11.5254 11.5225 11.5212 11.519 11.5134 11.5173 11.5093 11.5081 11.5211 11.5166 11.5029 11.4932 11.0584 11.1167 10.9546 10.5216 10.6215 11.1107 11.1717 11.0376 11.2114 11.3104 11.3488 11.3069 11.3656 11.3503 11.2821 11.3374 11.3687 11.3859 11.4042 11.4231 11.4397 11.4522 11.4609 11.4661 11.4695 11.4736 11.4797 11.4868 11.4938
11.5286 11.5242 11.5181 11.5109 11.5083 11.5068 11.5026 11.5139 11.5167 11.5099 11.509 11.5113 11.5074 11.5071 11.5058 11.5085 11.51 11.513 11.5163 11.5185 11.523 11.5265 11.5291 11.5352 11.5397 11.5398 11.533 11.5302 11.5271 11.5254 11.5244 11.5231 11.5188 11.5251 11.5241 11.5251 11.516 11.5211 11.5258 11.5248 11.1933 11.1666 10.9062 10.9109 10.9539 11.2167 11.1149 11.2323 11.3087 11.3576 11.3723 11.3401 11.3757 11.3112 11.3462 11.3741 11.385 11.397 11.414 11.4334 11.4489 11.4606 11.4683 11.4724 11.4739 11.4771 11.4831 11.4906 11.4972
11.5322 11.5258 11.5204 11.5155 11.512 11.5125 11.5112 11.5196 11.5145 11.5192 11.5188 11.5174 11.514 11.5115 11.5117 11.5149 11.5161 11.5202 11.5224 11.5256 11.5295 11.5321 11.5364 11.5398 11.5398 11.5398 11.5339 11.5315 11.5292 11.5271 11.5271 11.5256 11.5238 11.5266 11.5211 11.5283 11.5289 11.5227 11.528 11.5236 11.2779 11.3017 11.2613 11.2732 11.2897 11.1534 11.246 11.3036 11.3438 11.3717 11.3836 11.3609 11.4169 11.4276 11.4509 11.4533 11.4486 11.4525 11.4666 11.4818 11.4902 11.4966 11.502 11.5025 11.4994 11.5001 11.5056 11.5116 11.5152
11.5356 11.5319 11.5293 11.5257 11.5241 11.5251 11.5242 11.5204 11.5243 11.5277 11.5242 11.5206 11.5195 11.5184 11.5191 11.5199 11.522 11.5251 11.5281 11.5312 11.5336 11.5372 11.5398 11.5398 11.5398 11.5398 11.5349 11.5329 11.5307 11.5296 11.5286 11.5284 11.5273 11.5315 11.5305 11.5288 11.5333 11.5349 11.5318 11.5331 11.3257 11.268 11.54 11.54 11.54 11.54 11.54 11.54 11.54 11.54 11.54 11.54 11.54 11.54 11.54 11.54 11.54 11.54 11.54 11.54 11.54 11.54 11.54 11.54 11.54 11.54 11.54 11.54 11.54
11.5321 11.5307 11.5235 11.5242 11.518 11.5232 11.5216 11.526 11.5292 11.5309 11.5263 11.5244 11.5236 11.5229 11.5248 11.5258 11.5278 11.5297 11.533 11.5349 11.5378 11.5399 11.5398 11.5398 11.5399 11.5399 11.5358 11.5342 11.5327 11.5316 11.5315 11.5315 11.5311 11.533 11.531 11.5316 11.5351 11.5344 11.5362 11.538 11.3483 11.2624 11.1871 11.54 11.1013 11.54 11.2169 11.2401 11.244 11.54 11.2642 11.3038 11.3824 11.54 11.3901 11.54 11.4078 11.54 11.4112 11.54 11.4786 11.54 11.477 11.54 11.4784 11.54 11.4759 11.54 11.5065
11.5358 11.5317 11.5283 11.5299 11.53 11.5266 11.5288 11.5309 11.5317 11.5322 11.5299 11.5287 11.5265 11.527 11.5284 11.5297 11.5321 11.5341 11.5355 11.5382 11.5399 11.5399 11.5399 11.5399 11.5399 11.5399 11.5367 11.5355 11.5343 11.534 11.5342 11.5347 11.5339 11.5355 11.5364 11.5365 11.5345 11.5361 11.5373 11.54 11.3562 11.2248 10.8426 10.713 10.8028 10.533 10.8169 10.8683 10.7221 10.9735 11.0825 11.165 11.2491 11.1327 11.1401 11.2454 11.2704 11.1557 11.2233 11.3735 11.4323 11.3812 11.3723 11.4099 11.4121 11.3518 11.377 11.4491 11.4796
11.536 11.5339 11.5311 11.5319 11.5289 11.531 11.5325 11.5336 11.5332 11.5338 11.5313 11.5312 11.5303 11.5305 11.5311 11.5328 11.5349 11.5364 11.5385 11.54 11.5399 11.5399 11.5399 11.5399 11.5399 11.5399 11.5375 11.5366 11.5359 11.5356 11.5364 11.5367 11.5358 11.5368 11.5353 11.5365 11.5368 11.5369 11.4301 11.339 11.2027 11.1257 11.1023 10.4813 10.252 11.2053 11.2614 11.2745 11.2293 10.7535 10.5224 10.8945 10.8811 11.3832 11.3805 11.1302 11.0493 11.4069 11.4279 11.3349 11.2975 11.4817 11.4751 11.3593 11.3104 11.473 11.4802 11.4258 11.4052
11.5384 11.5368 11.5358 11.5326 11.5327 11.5343 11.5349 11.5352 11.5352 11.5342 11.5331 11.5332 11.5323 11.5332 11.5341 11.5354 11.4482 11.4864 11.5396 11.54 11.54 11.5399 11.5399 11.5399 11.5399 11.5399 11.5382 11.5375 11.537 11.5371 11.5374 11.538 11.538 11.5382 11.5378 11.5361 11.5366 11.5357 11.3566 11.3336 11.2234 11.201 11.2199 11.1074 11.2211 11.2319 11.2926 11.2692 11.2615 11.2986 11.3303 11.2913 11.3541 11.3872 11.3887 11.4334 11.454 11.4535 11.4664 11.4488 11.4739 11.4857 11.4808 11.4943 11.4994 11.4945 11.5 11.4895 11.5039
11.5372 11.5368 11.5354 11.5353 11.5358 11.5354 11.5361 11.5355 11.5362 11.5362 11.5353 11.5344 11.5342 11.5351 11.536 11.5375 11.4802 11.5401 11.5398 11.5395 11.5391 11.54 11.5399 11.5399 11.54 11.54 11.5387 11.5382 11.5379 11.538 11.4918 11.5062 11.5005 11.5384 11.5376 11.5368 11.5375 11.5368 11.3199 11.3037 11.1465 11.2047 11.0825 11.1617 11.2522 11.285 11.2768 11.2975 11.2951 11.3405 11.2736 11.338 11.3772 11.3959 11.4041 11.4404 11.4177 11.4516 11.4363 11.4653 11.4826 11.4889 11.4869 11.4959 11.4812 11.4949 11.4851 11.5002 11.5101
11.539 11.5376 11.537 11.537 11.5365 11.5363 11.5367 11.5369 11.5364 11.5371 11.5361 11.536 11.5359 11.5367 11.5376 11.5382 11.5203 11.5396 11.54 11.5401 11.5395 11.54 11.54 11.54 11.54 11.54 11.539 11.5387 11.5384 11.5386 11.4964 11.5401 11.4845 11.5387 11.5386 11.5383 11.5366 11.5372 11.3279 11.3179 11.261 11.1236 11.159 11.1971 11.2531 11.2679 11.2991 11.3178 11.3334 11.3868 11.4126 11.4375 11.4412 11.4512 11.458 11.4327 11.449 11.4723 11.4833 11.4983 11.5035 11.5047 11.5016 11.4895 11.4962 11.509 11.5149 11.5217 11.5239
11.5392 11.5384 11.5379 11.5376 11.5373 11.5373 11.537 11.5376 11.5377 11.5373 11.5372 11.5372 11.5374 11.5381 11.5386 11.5394 11.54 11.54 11.5399 11.54 11.5397 11.54 11.54 11.54 11.5396 11.5395 11.5167 11.5389 11.5386 11.5385 11.4866 11.4676 11.4799 11.5383 11.5378 11.5383 11.5381 11.5366 11.3538 11.3196 11.2169 11.2096 11.2256 11.2254 11.54 11.54 11.54 11.54 11.54 11.54 11.54 11.54 11.54 11.54 11.54 11.54 11.54 11.54 11.54 11.54 11.54 11.54 11.54 11.54 11.54 11.54 11.54 11.54 11.54
11.5397 11.5389 11.5383 11.538 11.5375 11.5378 11.5379 11.5379 11.5383 11.5384 11.5382 11.5383 11.5385 11.5388 11.5395 11.54 11.54 11.54 11.5398 11.54 11.54 11.5399 11.5397 11.5398 11.5395 11.5401 11.5053 11.5388 11.5385 11.5382 11.5385 11.5385 11.5385 11.5382 11.5381 11.5385 11.5379 11.5373 11.3784 11.3756 11.3571 11.3121 11.3377 11.2328 11.54 11.54 11.2448 11.54 11.54 11.3333 11.3617 11.3765 11.54 11.54 11.3864 11.4034 11.54 11.54 11.4588 11.4547 11.54 11.54 11.4778 11.4859 11.54 11.54 11.5107 11.5172 11.54
11.5352 11.5112 11.5384 11.5381 11.538 11.5379 11.5384 11.5385 11.5385 11.5389 11.5387 11.539 11.539 11.5391 11.54 11.54 11.54 11.54 11.5397 11.5401 11.5398 11.5399 11.5401 11.5396 11.5297 11.5107 11.5022 11.5386 11.5383 11.538 11.5384 11.5377 11.5384 11.5386 11.5388 11.5383 11.5383 11.5378 11.399 11.3719 11.2703 11.3047 11.2094 11.0366 11.2143 10.6628 10.6512 11.0324 10.8417 11.0453 11.0869 11.0621 11.2239 11.0864 11.1828 11.1699 11.3172 11.2523 11.3204 11.3164 11.4099 11.3548 11.3881 11.393 11.4516 11.4305 11.4668 11.4776 11.5044
11.5401 11.4962 11.5385 11.5383 11.5381 11.5383 11.5387 11.5388 11.539 11.5392 11.5393 11.5394 11.5389 11.54 11.54 11.54 11.54 11.54 11.5399 11.5399 11.54 11.54 11.54 11.5396 11.5395 11.5394 11.539 11.5387 11.5384 11.5381 11.5386 11.5386 11.5379 11.5384 11.5382 11.5384 11.5384 11.5381 11.417 11.4124 11.3836 11.3028 11.3025 11.254 11.0553 11.2731 11.2926 10.8767 11.2738 11.3172 11.3429 11.3263 11.253 11.412 11.4355 11.4358 11.2549 11.4308 11.4518 11.4537 11.4296 11.4858 11.4963 11.5004 11.4318 11.4988 11.5116 11.5142 11.5122
11.4772 11.4905 11.5384 11.5384 11.5385 11.5387 11.5388 11.5392 11.5394 11.5396 11.5396 11.5397 11.5391 11.5397 11.54 11.54 11.5399 11.5398 11.5399 11.54 11.54 11.54 11.5401 11.5396 11.5394 11.5394 11.5393 11.5391 11.5391 11.5387 11.5381 11.5386 11.5388 11.5384 11.5386 11.5386 11.5387 11.5385 11.4361 11.4177 11.363 11.3621 11.3636 11.3157 11.2982 11.1994 11.2987 11.3503 11.3575 11.3963 11.4037 11.4088 11.3516 11.4058 11.3773 11.434 11.4563 11.4864 11.4839 11.4915 11.4655 11.4868 11.4746 11.4994 11.5045 11.5179 11.5219 11.5273 11.5232
11.5388 11.5386 11.5385 11.5386 11.5385 11.5389 11.5392 11.5394 11.5397 11.5397 11.5398 11.5399 11.5399 11.5397 8.72249 11.2725 11.3369 11.5401 11.54 9.82262 9.26512 10.5213 11.54 11.5397 11.5395 11.5394 11.5388 11.539 11.5384 11.5387 11.5388 11.5384 11.5389 11.5391 11.5392 11.5392 11.5394 11.5393 11.453 11.452 11.4442 11.419 11.4325 11.317 11.3637 11.338 11.261 11.3291 11.2785 11.3464 11.3254 11.403 11.4278 11.4029 11.4166 11.4469 11.4307 11.473 11.4645 11.4874 11.4978 11.4864 11.4918 11.5049 11.4961 11.5107 11.5131 11.5265 11.5318
11.5383 11.5385 11.5386 11.5386 11.5387 11.5391 11.5393 11.5396 11.5398 11.5399 11.5399 11.5399 11.5399 11.5399 6.70734 11.8632 11.3631 11.54 11.0802 11.0926 15.0435 11.2021 11.54 11.54 11.5396 11.5396 11.5394 11.5389 11.5387 11.5389 11.5386 11.5386 11.539 11.5387 11.5391 11.5388 11.5392 11.5386 11.4674 11.4536 11.401 11.4217 11.3863 11.3557 11.3734 11.3119 11.3059 11.3906 11.3855 11.3532 11.378 11.4277 11.4073 11.432 11.4335 11.4699 11.4805 11.4785 11.4851 11.5011 11.492 11.4992 11.4985 11.5145 11.5156 11.5141 11.5223 11.5314 11.531
11.5385 11.5386 11.5385 11.5388 11.5389 11.5393 11.5395 11.5397 11.5399 11.54 11.5399 11.5399 11.5399 11.5399 8.69697 11.1797 11.4144 11.54 10.4901 13.4118 11.2164 10.7717 11.5399 11.5398 11.5397 11.5396 11.5393 11.5392 11.539 11.5392 11.5392 11.5392 11.5388 11.539 11.5394 11.5395 11.539 11.5389 11.4796 11.478 11.465 11.423 11.4301 11.384 11.4112 11.4033 11.4001 11.337 11.4047 11.4304 11.4491 11.42 11.4456 11.4572 11.4595 11.4835 11.4751 11.4915 11.5011 11.5147 11.5169 11.5178 11.5164 11.5075 11.521 11.5273 11.5331 11.5313 11.5345
11.5389 11.5386 11.5387 11.5389 11.5391 11.5394 11.5395 11.5399 11.54 11.54 11.54 11.54 11.5385 11.5389 11.5399 11.5399 11.54 11.54 10.2346 15.4105 10.7408 11.54 11.5401 11.5397 11.5397 11.5397 11.5397 11.5396 11.5395 11.539 11.5392 11.539 11.5392 11.5392 11.5395 11.5392 11.5392 11.539 11.4916 11.4831 11.4574 11.4553 11.4576 11.4111 11.41 11.352 11.4045 11.4044 11.54 11.54 11.54 11.54 11.54 11.54 11.54 11.54 11.54 11.54 11.54 11.54 11.54 11.54 11.54 11.54 11.54 11.54 11.54 11.54 11.54
11.54 11.54 11.54 11.54 11.54 11.54 11.54 11.54 11.54 11.54 11.54 11.54 11.539 11.5401 11.5399 11.5399 11.5401 11.5399 10.7977 14.716 9.56913 11.54 11.54 11.5399 11.5341 11.5397 11.5395 11.5396 11.5394 11.5392 11.5394 11.5395 11.5397 11.5397 11.5393 11.5394 11.5393 11.5392 11.5016 11.5014 11.4986 11.4855 11.4914 11.4357 11.4482 11.4355 11.3854 11.3735 11.54 11.54 11.3433 11.3581 11.3848 11.4115 11.4347 11.4609 11.4719 11.4919 11.4986 11.5042 11.5101 11.5102 11.5083 11.5178 11.54 11.54 11.5308 11.5336 11.5352
11.54 11.54 11.54 11.539 11.54 11.54 11.54 11.54 11.5399 11.5399 11.5399 11.54 11.5395 11.5398 11.5399 11.5399 11.5399 9.93374 11.1374 13.2782 10.0151 11.5401 11.54 11.5401 11.5325 11.5398 11.5398 11.5396 11.5395 11.5394 11.5395 11.5393 11.5396 11.5394 11.5395 11.5394 11.5394 11.5393 11.5095 11.5037 11.4806 11.4874 11.4614 11.4445 11.4406 11.4203 11.4106 11.2855 11.3694 11.018 11.1013 11.1471 11.1978 11.2583 11.3071 11.3697 11.4059 11.4283 11.4524 11.4643 11.4746 11.4742 11.4784 11.4852 11.5094 11.5044 11.5186 11.5255 11.5286
11.5372 11.5381 11.537 11.5374 11.5386 11.5382 11.5397 11.5397 11.5399 11.5399 11.54 11.54 11.54 11.54 11.54 11.54 11.54 11.158 15.1167 11.2024 11.0758 11.54 11.5399 11.5379 11.5345 11.5398 11.5397 11.5397 11.5396 11.5395 11.5397 11.5397 11.5395 11.5396 11.5396 11.5395 11.5395 11.5394 11.5156 11.5151 11.5101 11.4918 11.4882 11.4707 11.4803 11.4708 11.4696 11.3664 11.2436 11.395 11.4134 11.4234 11.4387 11.4516 11.4734 11.4929 11.4959 11.5056 11.5141 11.5174 11.5222 11.5236 11.5266 11.5256 11.5054 11.5278 11.5323 11.534 11.5356
11.5391 11.5374 11.5389 11.539 11.5389 11.5395 11.5391 11.5398 11.5398 11.5399 11.5399 11.54 11.54 11.54 11.54 11.54 10.1532 11.2818 12.9418 8.619 11.54 11.5399 11.5399 11.5378 11.5399 11.5398 11.5398 11.5397 11.5397 11.5397 11.5398 11.5396 11.5397 11.5397 11.5396 11.5396 11.5396 11.5395 11.521 11.5177 11.5077 11.5069 11.5051 11.4907 11.4838 11.4547 11.477 11.4154 11.4111 11.3513 11.394 11.3683 11.4197 11.411 11.4643 11.4586 11.4883 11.4848 11.5065 11.5054 11.5184 11.5145 11.5245 11.5244 11.5287 11.5326 11.5342 11.5358 11.5369
11.5391 11.5391 11.5392 11.5393 11.5396 11.5395 11.5397 11.5398 11.5399 11.5398 11.5399 11.54 11.54 11.54 11.54 10.9544 11.075 15.6781 9.90808 10.4617 11.54 11.5399 11.5401 11.5365 11.5399 11.5399 11.5399 11.5399 11.5399 11.5399 11.5397 11.5398 11.5398 11.5397 11.5397 11.5396 11.5396 11.5397 11.5251 11.525 11.524 11.519 11.5206 11.4951 11.5037 11.4945 11.4683 11.4276 11.4276 11.4287 11.3877 11.4091 11.4483 11.4724 11.4627 11.4796 11.5018 11.5057 11.5036 11.5134 11.527 11.529 11.5254 11.5302 11.5316 11.5336 11.5347 11.5367 11.5374
