tests/full-run-ref/erosion_79_12_72.935.asc
ncols 512
nrows 512
xllcorner -3.24582
yllcorner -4.08743
cellsize 5
NODATA_value -99999
[rows 99 to 131 of 512, columns 0 to 72 of 512]
132.056 128.833 357.053 169.03 163.259 157.489 151.719 145.948 140.177 134.404 128.628 122.848 117.06 111.262 105.448 99.6095 93.7369 87.8151 81.8252 75.7423 69.5337 63.1573 70.9508 4.16353 5.77002 5.77002 5.77002 5.77002 5.77002 5.77002 5.76903 814.047 5.76891 5.77002 5.77002 5.77002 5.76845 5.76402 943.05 5.76544 5.77002 5.77002 5.77002 5.77002 5.77002 5.77002 5.77002 5.77002 5.77002 5.77002 5.77002 5.77002 5.77002 5.77002 5.77002 5.77002 5.77002 5.77002 5.77002 5.77002 5.77002 5.77002 5.77002 5.77002 5.77002 5.77002 5.77002 5 5.77002 5.77002 5 5.77002 5.77002
130.552 128.162 474.703 214.908 177.789 162.234 156.464 150.693 144.922 139.15 133.375 127.597 121.814 116.021 110.214 104.387 98.5315 92.6338 86.6779 80.6427 74.4998 68.2133 82.3591 4.34177 5 5.77002 5 5.77002 5 5.77002 4.99827 1020.82 5.7681 5 5.77002 5 5.77002 4.99349 1019.6 5.76333 5 5.77002 5 5.77002 5 5.77002 5 5.77002 5 5.77002 5 5.77002 5 5.77002 5 5.77002 5 5.77002 5 5.77002 5 5.77002 5 5.77002 5 5.77002 5 5.77002 5.77002 5 5.77002 5.77002 5
124.782 122.392 184.995 256.508 247.126 187.445 151.892 146.121 140.349 134.576 128.801 123.021 117.234 111.437 105.622 99.7845 93.9116 87.9895 81.9995 75.9171 69.71 63.3379 71.7661 4.17903 5.77002 5.77002 5.77002 5.77002 5.77002 5.77002 5.76737 813.608 5.7671 5.77002 5.77002 5.77002 5.77002 5.76374 812.683 5.76349 5.77002 5.77002 5.77002 5.77002 5.77002 5.77002 5.77002 5.77002 5.77002 5.77002 5.77002 5.77002 5.77002 5.77002 5.77002 5.77002 5.77002 5.77002 5.77002 5.77002 5.77002 5.77002 5.77002 5.77002 5.77002 5.77002 5.77002 5.77002 5 5.77002 5.77002 5 5.77002
119.012 116.622 140.54 137.119 227.876 321.589 174.283 147.457 141.685 135.913 130.138 124.359 118.572 112.776 106.964 101.128 95.2583 89.3409 83.358 77.285 71.0906 64.7358 75.0676 4.21085 5 5.77002 5 5.77002 5 5.77002 4.996 1020.17 5.76567 5 5.77002 5 5.77002 4.99311 1019.45 5.76284 5 5.77002 5 5.77002 5 5.77002 5 5.77002 5 5.77002 5 5.77002 5 5.77002 5 5.77002 5 5.77002 5 5.77002 5 5.77002 5 5.77002 5 5.77002 5 5.77002 5.77002 5.77002 5 5.77002 5.77002
113.242 110.852 134.755 121.838 156.137 354.636 352.516 206.711 127.42 121.648 115.874 110.098 104.317 98.5286 92.7279 86.9099 81.0666 75.1867 69.2561 63.2557 57.1605 50.9389 66.8202 4.2042 5.55469 5.77002 5.77002 5.77002 5.77002 5.77002 5.7646 812.875 5.76417 5.77002 5.77002 5.77002 5.77002 5.76517 913.796 5.76488 5.77002 5.77002 5.77002 5.77002 5.77002 5.77002 5.77002 5.77002 5.77002 5.77002 5.77002 5.77002 5.77002 5.77002 5.77002 5.77002 5.77002 5.77002 5.77002 5.77002 5.77002 5.77002 5.77002 5.77002 5.77002 5.77002 5.77002 5.77002 5 5.77002 5.77002 5.77002 5
107.472 105.082 128.985 116.066 126.368 151.195 206.536 681.691 200.637 151.103 144.122 138.349 132.574 126.795 121.01 115.217 109.41 103.584 97.7313 91.8406 85.8978 79.8858 92.9129 541.958 4.68184 5.77002 5 5.77002 5 5.77002 4.99282 1019.3 5.76238 5 5.77002 5 5.77002 4.99851 5.76745 4.99832 5.77002 5 5.77002 5 5.77002 5 5.77002 5 5.77002 5 5.77002 5 5.77002 5 5.77002 5 5.77002 5 5.77002 5 5.77002 5 5.77002 5 5.77002 5 5.77002 5 5.77002 5.77002 5 5.77002 5.77002
101.702 99.3122 123.215 110.295 120.598 134.774 123.437 198.467 249.361 160.584 121.406 115.634 109.858 104.078 98.2923 92.4957 86.6837 80.8484 74.98 69.0646 63.0834 57.0124 74.9694 4.57632 5.60613 5.77002 5.77002 5.77002 5.77002 5.77002 5.76136 812.031 5.76087 5.77002 5.77002 5.77002 5.77002 5.76869 5.7677 5.76838 5.77002 5.77002 5.77002 5.77002 5.77002 5.77002 5.77002 5.77002 5.77002 5.77002 5.77002 5.77002 5.77002 5.77002 5.77002 5.77002 5.77002 5.77002 5.77002 5.77002 5.77002 5.77002 5.77002 5.77002 5.77002 5.77002 5.77002 5.77002 5.77002 5 5.77002 5.77002 5
95.9322 93.5422 117.445 104.525 114.827 129.002 112.766 129.455 159.267 361.861 166.516 113.896 108.119 102.338 96.5492 90.7472 84.9263 79.0774 73.187 67.238 61.2072 55.0635 67.8419 4.36816 4.84814 5.77002 5 5.77002 5 5.77002 4.98929 1018.42 5.75883 5 5.77002 5 5.77002 4.99782 1693.4 4.99739 5.77002 5 5.77002 5 5.77002 5 5.77002 5 5.77002 5 5.77002 5 5.77002 5 5.77002 5 5.77002 5 5.77002 5 5.77002 5 5.77002 5 5.77002 5 5.77002 5 5.77002 5.77002 5.77002 5 5.77002
90.1622 87.7722 111.675 98.7538 109.056 123.231 106.994 123.682 126.352 329.235 469.03 148.918 136.294 130.518 124.736 118.946 113.144 107.323 101.473 95.5815 89.6319 83.601 96.8057 611.178 5.62649 5.77002 5.77002 5.77002 5.77002 5.77002 5.76199 913.023 5.76156 5.77002 5.77002 5.77002 5.77002 5.76869 5.76768 5.76831 5.77002 5.77002 5.77002 5.77002 5.77002 5.77002 5.77002 5.77002 5.77002 5.77002 5.77002 5.77002 5.77002 5.77002 5.77002 5.77002 5.77002 5.77002 5.77002 5.77002 5.77002 5.77002 5.77002 5.77002 5.77002 5.77002 5.77002 5.77002 5.77002 5 5.77002 5.77002 5.77002
84.3923 82.0022 105.906 92.9824 103.283 117.458 101.22 117.908 99.841 104.701 436.702 179.266 110.798 105.021 99.2379 93.4455 87.6374 81.8047 75.9356 70.0131 64.014 57.9068 71.4935 4.69992 4.6899 5.7516 4.99944 5.77002 5 5.77002 4.99738 5.76575 4.9972 5.77002 5 5.77002 5 5.77002 5 5.77002 5 5.77002 5 5.77002 5 5.77002 5 5.77002 5 5.77002 5 5.77002 5 5.77002 5 5.77002 5 5.77002 5 5.77002 5 5.77002 5 5.77002 5 5.77002 5 5.77002 5 5.77002 5.77002 5 5.77002
78.6223 76.2322 100.135 87.2096 97.5077 111.683 95.4419 112.133 94.0645 77.2212 155.823 658.922 185.374 92.8563 87.0786 81.2947 75.5005 69.6891 63.8518 57.9762 52.0444 46.0327 59.2607 5.33706 938.914 5.99575 5.76905 5.77002 5.77002 5.77002 5.77002 5.77002 5.77002 5.77002 5.77002 5.77002 5.77002 5.76823 5.7669 5.76793 5.77002 5.77002 5.77002 5.77002 5.77002 5.77002 5.77002 5.77002 5.77002 5.77002 5.77002 5.77002 5.77002 5.77002 5.77002 5.77002 5.77002 5.77002 5.77002 5.77002 5.77002 5.77002 5.77002 5.77002 5.77002 5.77002 5.77002 5.77002 5.77002 5.77002 5 5.77002 5.77002
72.8523 70.4622 94.3651 81.4351 91.7292 105.904 89.6587 106.353 88.2823 71.4441 77.2509 182.31 757.689 183.302 79.4465 73.671 67.8903 62.1017 56.3006 50.4805 44.632 39.9274 45.9597 329.54 639.438 4.93973 5.76945 5 5.77002 5 5.77002 5 5.77002 5 5.77002 5 5.77002 4.99455 1057.55 4.99403 5.77002 5 5.77002 5 5.77002 5 5.77002 5 5.77002 5 5.77002 5 5.77002 5 5.77002 5 5.77002 5 5.77002 5 5.77002 5 5.77002 5 5.77002 5 5.77002 5 5.77002 5 5.77002 5.77002 5
67.0823 64.6923 88.5952 75.6582 85.9456 100.12 83.8665 100.567 82.4915 65.6611 68.0506 73.6921 178.93 723.738 182.915 101.565 95.7911 90.0141 84.2315 78.4404 72.6364 71.2239 110.515 125.443 5.47339 5.75342 5.77002 5.77002 5.77002 5.77002 5.77002 5.77002 5.77002 5.77002 5.77002 5.77002 5.77002 5.7619 807.491 5.76134 5.77002 5.77002 5.77002 5.77002 5.77002 5.77002 5.77002 5.77002 5.77002 5.77002 5.77002 5.77002 5.77002 5.77002 5.77002 5.77002 5.77002 5.77002 5.77002 5.77002 5.77002 5.77002 5.77002 5.77002 5.77002 5.77002 5.77002 5.77002 5.77002 5.77002 5.77002 5 5.77002
61.3123 58.9222 82.8251 69.8774 80.1545 94.3272 78.061 94.771 76.6863 59.8522 62.1067 64.6738 70.308 201.86 388.274 111.07 105.298 99.5234 93.7454 87.9612 82.1672 78.9388 72.7589 73.2119 5.53605 5 5.77002 5 5.77002 5 5.77002 5 5.77002 5 5.77002 5 5.77002 4.99459 945.129 5.76393 5 5.77002 5 5.77002 5 5.77002 5 5.77002 5 5.77002 5 5.77002 5 5.77002 5 5.77002 5 5.77002 5 5.77002 5 5.77002 5 5.77002 5 5.77002 5 5.77002 5 5.77002 5 5.77002 5.76891
55.5423 53.1522 77.0552 64.0907 74.3516 88.5216 72.2353 88.9584 70.8582 54.0612 56.4838 58.7246 64.9075 79.7087 811.103 172.931 90.8223 85.0483 79.2704 73.486 67.6908 61.8787 56.0409 68.2508 4.76601 5.75558 5.77002 5.77002 5.77002 5.77002 5.77002 5.77002 5.77002 5.77002 5.77002 5.77002 5.77002 5.76832 5.76687 5.76786 5.77002 5.77002 5.77002 5.77002 5.77002 5.77002 5.77002 5.77002 5.77002 5.77002 5.77002 5.77002 5.77002 5.77002 5.77002 5.77002 5.77002 5.77002 5.77002 5.77002 5.77002 5.77002 5.77002 5.77002 5.77002 5.77002 5.77002 5.77002 5.77002 5.77002 5.77002 5.77002 4.9981
49.7752 47.3823 71.2979 58.2958 68.5319 82.6972 66.3792 83.122 64.9957 48.2148 50.5133 56.7246 58.3905 80.3679 131.372 540.027 122.758 116.986 111.212 105.434 99.6495 93.8552 88.0449 110.613 580.786 5.74533 5 5.77002 5 5.77002 5 5.77002 5 5.77002 5 5.77002 5 5.77002 5 5.77002 5 5.77002 5 5.77002 5 5.77002 5 5.77002 5 5.77002 5 5.77002 5 5.77002 5 5.77002 5 5.77002 5 5.77002 5 5.77002 5 5.77002 5 5.77002 5 5.77002 5 5.77002 5 5.77002 5.76891
44.0148 41.6152 65.5589 52.4891 62.688 76.8459 60.4793 77.2496 59.0665 42.178 48.4841 50.1926 70.8618 54.7382 143.966 430.478 98.8827 81.6462 75.8716 70.0928 64.3071 66.2949 63.6474 69.0051 5.59632 5.75553 5.77002 5.77002 5.77002 5.77002 5.77002 5.77002 5.77002 5.77002 5.77002 5.77002 5.77002 5.77002 5.77002 5.77002 5.77002 5.77002 5.77002 5.77002 5.77002 5.77002 5.77002 5.77002 5.77002 5.77002 5.77002 5.77002 5.77002 5.77002 5.77002 5.77002 5.77002 5.77002 5.77002 5.77002 5.77002 5.77002 5.77002 5.77002 5.77002 5.77002 5.77002 5.77002 5.77002 5.77002 5.77002 5.77002 5
38.3913 35.8548 60.3611 46.6652 56.8098 70.9554 54.5164 71.325 53.0761 40.4956 42.313 65.4933 46.5542 51.3485 128.815 367.835 168.768 106.707 86.1547 80.3762 74.591 79.9852 149.281 106.673 5.6386 5 5.77002 5 5.77002 5 5.77002 5 5.77002 5 5.77002 5 5.77002 5 5.77002 5 5.77002 5 5.77002 5 5.77002 5 5.77002 5 5.77002 5 5.77002 5 5.77002 5 5.77002 5 5.77002 5 5.77002 5 5.77002 5 5.77002 5 5.77002 5 5.77002 5 5.77002 5 5.77002 5 5.77002
32.64 30.2313 69.1998 54.6765 71.7424 84.4291 78.0579 87.0607 76.2449 33.8906 62.1541 38.7778 43.2651 45.2784 142.857 436.14 75.774 97.0429 64.0527 50.3613 44.5706 42.0377 42.6483 248.49 5.6894 5.77002 5.77002 5.77002 5.77002 5.77002 5.77002 5.77002 5.77002 5.77002 5.77002 5.77002 5.77002 5.77002 5.77002 5.77002 5.77002 5.77002 5.77002 5.77002 5.77002 5.77002 5.77002 5.77002 5.77002 5.77002 5.77002 5.77002 5.77002 5.77002 5.77002 5.77002 5.77002 5.77002 5.77002 5.77002 5.77002 5.77002 5.77002 5.77002 5.77002 5.77002 5.77002 5.77002 5.77002 5.77002 5.77002 5.77002 5.77002
30.25 24.48 83.9922 153.058 17.8258 410.073 16.4627 494.181 16.0187 92.1738 34.0468 37.0157 37.3091 43.0962 215.322 116.562 119.052 67.608 99.4622 65.1821 62.805 65.3888 66.1052 5.56339 4.97667 5.77002 5 5.77002 5 5.77002 5 5.77002 5 5.77002 5 5.77002 5 5.77002 5 5.77002 5 5.77002 5 5.77002 5 5.77002 5 5.77002 5 5.77002 5 5.77002 5 5.77002 5 5.77002 5 5.77002 5 5.77002 5 5.77002 5 5.77002 5 5.77002 5 5.77002 5 5.77002 5 5.77002 5
24.48 22.09 17.31 16.7615 17.085 16.668 16.9865 16.9732 17.0223 16.6135 44.9425 35.37 40.5728 51.0791 375.036 260.63 57.161 110.883 59.3714 117.858 74.6486 161.581 102.53 5.65246 5.77002 5.77002 5.77002 5.77002 5.77002 5.77002 5.77002 5.77002 5.77002 5.77002 5.77002 5.77002 5.77002 5.77002 5.77002 5.77002 5.77002 5.77002 5.77002 5.77002 5.77002 5.77002 5.77002 5.77002 5.77002 5.77002 5.77002 5.77002 5.77002 5.77002 5.77002 5.77002 5.77002 5.77002 5.77002 5.77002 5.77002 5.77002 5.77002 5.77002 5.77002 5.77002 5.77002 5.77002 5.77002 5.77002 5.77002 5.77002 5.77002
22.09 17.31 17.31 17.31 17.31 17.31 17.31 17.31 17.31 16.8673 45.5418 40.2378 44.1491 118.314 724.702 64.1271 110.545 48.9838 102.546 46.8411 85.908 42.1259 223.027 5.71244 5 5.77002 5 5.77002 5 5.77002 5 5.77002 5 5.77002 5 5.77002 5 5.77002 5 5.77002 5 5.77002 5 5.77002 5 5.77002 5 5.77002 5 5.77002 5 5.77002 5 5.77002 5 5.77002 5 5.77002 5 5.77002 5 5.77002 5 5.77002 5 5.77002 5 5.77002 5 5.77002 5 5.77002 5
19.7 17 17.31 17.31 17 17.31 17 17.31 17.31 17.2656 60.7418 43.8438 39.236 245.705 138.811 109.779 48.9112 102.36 40.7802 94.3323 39.3265 135.74 5.63617 5.75554 5.77002 5.77002 5.77002 5.77002 5.77002 5.77002 5.77002 5.77002 5.77002 5.77002 5.77002 5.77002 5.77002 5.77002 5.77002 5.77002 5.77002 5.77002 5.77002 5.77002 5.77002 5.77002 5.77002 5.77002 5.77002 5.77002 5.77002 5.77002 5.77002 5.77002 5.77002 5.77002 5.77002 5.77002 5.77002 5.77002 5.77002 5.77002 5.77002 5.77002 5.77002 5.77002 5.77002 5.77002 5.77002 5.77002 5.77002 5.77002 5.77002
17.31 17.31 17.31 17 17.31 17.31 17.31 17.31 17.31 17.2677 72.5345 47.4924 40.278 359.009 196.941 54.5125 101.595 40.7074 94.1386 33.1061 135.645 4.81108 5.74694 5 5.77002 5 5.77002 5 5.77002 5 5.77002 5 5.77002 5 5.77002 5 5.77002 5 5.77002 5 5.77002 5 5.77002 5 5.77002 5 5.77002 5 5.77002 5 5.77002 5 5.77002 5 5.77002 5 5.77002 5 5.77002 5 5.77002 5 5.77002 5 5.77002 5 5.77002 5 5.77002 5 5.77002 5 5.77002
17.31 17.31 17.31 17.31 17.31 17 17.31 17.31 17.31 16.9699 249.872 50.6242 76.3651 625.807 51.5721 92.374 46.3095 93.3712 33.0491 135.859 5.53569 5.73838 5.77002 5.77002 5.77002 5.77002 5.77002 5.77002 5.77002 5.77002 5.77002 5.77002 5.77002 5.77002 5.77002 5.77002 5.77002 5.77002 5.77002 5.77002 5.77002 5.77002 5.77002 5.77002 5.77002 5.77002 5.77002 5.77002 5.77002 5.77002 5.77002 5.77002 5.77002 5.77002 5.77002 5.77002 5.77002 5.77002 5.77002 5.77002 5.77002 5.77002 5.77002 5.77002 5.77002 5.77002 5.77002 5.77002 5.77002 5.77002 5.77002 5.77002 5.77002
17.31 17.31 17 17.31 17 17.31 17.31 17 17.31 17.2963 17.2564 62.6074 187.523 126.697 101.468 39.758 84.1498 38.9725 134.795 4.74597 5.73334 5 5.77002 5 5.77002 5 5.77002 5 5.77002 5 5.77002 5 5.77002 5 5.77002 5 5.77002 5 5.77002 5 5.77002 5 5.77002 5 5.77002 5 5.77002 5 5.77002 5 5.77002 5 5.77002 5 5.77002 5 5.77002 5 5.77002 5 5.77002 5 5.77002 5 5.77002 5 5.77002 5 5.77002 5 5.77002 5 5.77002
17.31 17.31 17.31 17.31 17.31 17.31 17.31 17.31 17.31 17.2928 132.396 83.9079 701.95 242.995 40.426 93.254 34.0969 132.1 5.5146 5.73064 5.77002 5.77002 5.77002 5.77002 5.77002 5.77002 5.77002 5.77002 5.77002 5.77002 5.77002 5.77002 5.77002 5.77002 5.77002 5.77002 5.77002 5.77002 5.77002 5.77002 5.77002 5.77002 5.77002 5.77002 5.77002 5.77002 5.77002 5.77002 5.77002 5.77002 5.77002 5.77002 5.77002 5.77002 5.77002 5.77002 5.77002 5.77002 5.77002 5.77002 5.77002 5.77002 5.77002 5.77002 5.77002 5.77002 5.77002 5.77002 5.77002 5.77002 5.77002 5.77002 5.77002
17.31 17.31 17 17.31 17.31 17.31 17.31 17.31 17.31 16.9784 62.0897 574.797 331.956 53.5977 86.9003 34.7979 147.928 5.54596 4.96438 5.77002 5 5.77002 5 5.77002 5 5.77002 5 5.77002 5 5.77002 5 5.77002 5 5.77002 5 5.77002 5 5.77002 5 5.77002 5 5.77002 5 5.77002 5 5.77002 5 5.77002 5 5.77002 5 5.77002 5 5.77002 5 5.77002 5 5.77002 5 5.77002 5 5.77002 5 5.77002 5 5.77002 5 5.77002 5 5.77002 5 5.77002 5
19.7 17.31 17.31 17.31 17.31 17.31 17.3066 16.9894 17.2953 17.2899 151.67 667.894 43.4394 86.3138 46.182 134.58 4.81183 5.73841 5.77002 5.77002 5.77002 5.77002 5.77002 5.77002 5.77002 5.77002 5.77002 5.77002 5.77002 5.77002 5.77002 5.77002 5.77002 5.77002 5.77002 5.77002 5.77002 5.77002 5.77002 5.77002 5.77002 5.77002 5.77002 5.77002 5.77002 5.77002 5.77002 5.77002 5.77002 5.77002 5.77002 5.77002 5.77002 5.77002 5.77002 5.77002 5.77002 5.77002 5.77002 5.77002 5.77002 5.77002 5.77002 5.77002 5.77002 5.77002 5.77002 5.77002 5.77002 5.77002 5.77002 5.77002 5.77002
22.09 17 17.31 16.9952 17.3003 17.2943 16.9744 91.5177 110.463 191.835 637.955 142.708 87.3394 34.2583 133.545 4.856 5.74559 5.77002 5 5.77002 5.77002 5 5.77002 5 5.77002 5 5.77002 5 5.77002 5 5.77002 5 5.77002 5 5.77002 5 5.77002 5 5.77002 5 5.77002 5 5.77002 5 5.77002 5 5.77002 5 5.77002 5 5.77002 5 5.77002 5 5.77002 5 5.77002 5 5.77002 5 5.77002 5 5.77002 5 5.77002 5 5.77002 5 5.77002 5 5.77002 5 5.77002
24.48 22.77 37.4125 25.5748 27.4556 23.7074 31.2166 82.9644 989.3 536.521 88.8056 115.297 46.0874 134.4 5.67073 5.75312 5.77002 5.77002 5.77002 5.77002 5.77002 5.77002 5.77002 5.77002 5.77002 5.77002 5.77002 5.77002 5.77002 5.77002 5.77002 5.77002 5.77002 5.77002 5.77002 5.77002 5.77002 5.77002 5.77002 5.77002 5.77002 5.77002 5.77002 5.77002 5.77002 5.77002 5.77002 5.77002 5.77002 5.77002 5.77002 5.77002 5.77002 5.77002 5.77002 5.77002 5.77002 5.77002 5.77002 5.77002 5.77002 5.77002 5.77002 5.77002 5.77002 5.77002 5.77002 5.77002 5.77002 5.77002 5.77002 5.77002 5.77002
30.25 28.54 38.2905 36.2911 45.4688 214.195 353.854 397.095 314.251 53.4296 87.6081 34.2541 132.549 4.90776 5.75681 5.77002 5.77002 5.77002 5.77002 5 5.77002 5.77002 5.77002 5 5.77002 5 5.77002 5 5.77002 5 5.77002 5 5.77002 5 5.77002 5 5.77002 5 5.77002 5 5.77002 5 5.77002 5 5.77002 5 5.77002 5 5.77002 5 5.77002 5 5.77002 5 5.77002 5 5.77002 5 5.77002 5 5.77002 5 5.77002 5 5.77002 5 5.77002 5 5.77002 5 5.77002 5 5.77002
36.02 34.31 85.8018 274.65 511.408 566.97 150.509 176.364 40.0553 85.5626 45.9853 134.968 5.66583 5.75567 5.77002 5 5.77002 5 5.77002 5.77002 5.77002 5 5.77002 5.77002 5.77002 5.77002 5.77002 5.77002 5.77002 5.77002 5.77002 5.77002 5.77002 5.77002 5.77002 5.77002 5.77002 5.77002 5.77002 5.77002 5.77002 5.77002 5.77002 5.77002 5.77002 5.77002 5.77002 5.77002 5.77002 5.77002 5.77002 5.77002 5.77002 5.77002 5.77002 5.77002 5.77002 5.77002 5.77002 5.77002 5.77002 5.77002 5.77002 5.77002 5.77002 5.77002 5.77002 5.77002 5.77002 5.77002 5.77002 5.77002 5.77002
