tests/full-run-ref/erosion_2010_78_16_47.110.asc
ncols 512
nrows 512
xllcorner -3.24582
yllcorner -4.08743
cellsize 5
NODATA_value -99999
[rows 308 to 351 of 512, columns 288 to 383 of 512]
0 0 0 0 5.77 5.77 0 0 0 0 0 0 0 21.9004 0 0 0 22.0889 30.2492 32.0182 44.2418 36.3894 30.6196 24.8437 19.0786 13.3084 7.54036 7.54238 7.54238 7.54238 7.54233 5.76999 5.76999 0 0 0 0 0 0 0 0 0 0 0 0 0 0 0 0 0 0 0 0 0 0 0 0 0 0 0 0 0 0 0 0 0 30.25 30.25 22.09 48.96 13.9299 8.15999 0 0 0 0 0 0 0 0 0 0 0 0 0 0 0 0 5.76999 8.16 11.54 16.32 13.93 0 0 0
0 0 0 0 0 0 0 0 0 0 0 0 30.25 24.48 28.1549 0 0 27.8582 33.6287 38.4093 44.4649 36.3861 30.617 24.8471 19.0771 13.3072 7.53979 7.54238 7.54238 7.54238 7.54232 5.76998 8.16 13.91 0 0 6.15998 0 0 0 0 0 0 0 0 0 0 0 0 0 0 0 0 0 0 0 0 0 0 0 0 0 0 0 0 0 30.25 30.25 55.1201 22.09 11.5332 0 0 0 0 0 0 0 0 0 0 0 0 0 0 0 0 0 5.76999 5.76999 8.16001 13.93 0 0 0 0
0 0 0 0 0 0 0 0 0 0 16.3169 36.41 32.64 38.2016 32.64 0 0 30.2476 36.0171 41.7899 42.1495 36.3849 30.6156 24.8459 19.0761 13.3062 7.53937 7.54238 7.54238 7.54238 7.54232 5.76997 12.32 8.15999 14.32 5.76996 5.76999 5.76997 0 0 0 0 0 0 0 0 0 0 0 0 0 0 0 0 0 0 0 0 0 0 0 0 0 0 0 0 30.25 36.02 30.1149 19.7 13.93 8.15999 0 0 0 0 0 0 0 0 0 0 0 0 0 0 0 0 0 5.77 5.77 0 0 0 0 0
0 0 0 0 0 0 0 0 0 5.76999 19.6876 40.8 44.57 40.8 44.3923 40.8 32.6399 32.6381 38.408 41.7877 42.1529 36.3849 30.6153 24.8455 19.0757 13.3058 7.53916 7.54238 7.54238 7.54238 7.54231 5.76995 12.32 12.32 12.32 17.3006 11.54 0 0 0 0 0 0 0 0 0 0 0 0 0 0 0 0 0 0 0 0 0 0 0 0 0 0 0 0 0 54.4343 33.5976 27.86 22.09 16.32 11.54 0 0 0 0 0 0 0 0 0 0 0 0 0 0 0 0 0 5.77 0 0 0 0 0 0
0 0 0 0 0 0 5.77 0 5.76999 8.16 22.09 77.6506 48.9601 84.3065 32.4797 50.73 48.3399 40.7998 40.7995 47.8488 42.156 36.3859 30.6157 24.8457 19.0758 13.3058 7.53913 7.54238 7.54238 7.54238 7.5423 5.76994 12.32 17.31 17.31 17.291 11.54 0 0 0 0 0 0 0 0 0 0 0 0 0 0 0 0 0 0 0 0 13.93 0 0 0 0 0 0 0 0 35.1758 36.02 28.85 23.08 17.31 11.54 0 0 0 0 0 0 0 0 0 0 0 0 0 0 0 0 0 0 0 0 0 0 0 0
0 0 0 0 0 0 5.77 8.16 16.32 22.09 27.4858 72.6013 48.9601 48.9601 91.33 56.4168 56.89 54.4997 56.8607 47.9245 42.1562 36.3864 30.6163 24.8461 19.0761 13.306 7.53918 7.54238 7.54238 7.54238 7.54228 5.76992 12.32 17.31 17.31 17.31 11.54 0 0 0 0 0 0 0 0 0 0 0 0 0 0 0 0 0 0 0 22.0896 32.6395 38.2031 0 0 0 0 0 0 0 0 43.1615 31.24 25.47 17.31 11.54 0 0 0 0 0 0 0 0 0 0 0 0 0 0 0 0 0 0 0 0 0 0 0 0
14.32 6.16001 5.77 0 0 0 5.76999 21.9367 24.48 61.47 30.25 68.0663 48.9601 72.6579 56.5001 77.7807 62.5655 75.2927 62.6589 47.9217 42.1567 36.3865 30.6164 24.8463 19.0762 13.3061 7.53901 7.54238 7.54238 7.54236 7.54214 5.7699 12.3199 17.31 30.6223 17.3099 11.54 0 0 0 0 0 0 0 0 0 0 0 0 0 0 0 0 0 0 0 27.8488 0 0 46.4944 0 0 0 0 0 0 0 71.0501 33.63 27.8599 17.3099 11.54 0 0 0 0 0 0 0 0 0 0 0 0 0 0 0 0 0 0 0 0 0 0 0 0
20.0765 18.0754 13.93 5.76999 13.7937 8.15999 13.5497 32.6318 60.0355 24.48 30.25 30.25 48.9601 67.089 59.1 72.0082 62.6601 62.66 74.4288 47.9204 42.1568 36.3866 30.6164 24.8463 19.0762 13.3063 7.53751 7.54214 7.54235 7.54227 7.54228 7.54226 13.3123 19.0823 33.0123 17.3099 11.54 0 0 0 0 0 0 0 0 0 0 0 0 0 0 0 0 0 0 0 28.9359 27.8598 78.7996 48.8046 54.73 0 0 0 0 0 0 51.3732 36.0199 0 0 13.93 8.15999 0 0 0 0 0 0 0 0 0 0 0 0 0 0 0 0 0 0 0 0 0 0 0
38.1348 22.09 16.32 21.8081 16.32 59.49 16.32 53.007 24.48 24.48 24.48 30.25 30.25 61.4688 59.1 21.2173 21.2172 50.3221 68.6589 50.3131 44.5479 38.778 33.008 27.2381 21.468 15.6982 7.54159 7.54205 7.54223 0 7.54226 13.3123 15.7023 21.4723 35.4023 17.3099 11.54 0 0 0 0 0 0 0 0 0 0 0 0 0 0 0 0 0 0 0 13.5925 69.7702 27.8598 70.6366 56.9709 62.6361 0 0 0 0 0 57.0998 59.2914 0 0 16.32 11.54 0 0 0 0 0 0 0 0 0 0 0 0 0 0 0 0 0 0 0 0 0 0 0
40.8001 24.48 37.3381 24.48 54.8716 0 0 0 0 0 0 24.48 30.25 59.1 112.43 0 0 21.2167 50.3217 52.706 46.9389 41.1693 35.3994 29.6295 23.8594 21.8607 19.0724 13.288 0 0 7.54222 13.3123 19.0823 23.8623 36.3923 17.3099 11.54 0 0 0 0 0 0 0 0 0 0 0 0 0 0 0 0 0 0 0 0 59.8382 0 0 0 0.961459 62.5838 0 0 0 0 0 0 89.7601 95.1057 0 11.54 0 0 0 0 0 0 0 0 0 0 0 0 0 0 0 0 13.93 0 0 0 0 0 0
54.4263 48.8316 54.4149 0 0 0 0 0 0 0 0 0 0 60.8338 46.9753 40.806 0 0 52.34 55.098 49.33 43.5602 37.7903 32.0203 30.021 31.9748 21.4721 15.702 0 0 7.54216 13.3122 19.0823 22.09 36.3923 17.3099 11.54 0 0 0 0 0 0 0 0 0 0 0 0 0 0 0 0 0 0 0 0 0 0 0 0 0 0 0 0 0 0 0 0 0 97.9201 19.6999 13.93 0 0 0 0 0 0 0 0 0 0 0 0 0 0 0 0 0 13.9299 0 0 0 0 0
57.1201 53.33 50.94 0 0 0 0 0 0 0 0 0 0 0 0 0 0 0 48.9592 57.491 51.721 45.951 40.1809 38.1814 40.1348 40.1823 23.862 21.472 0 21.2817 7.54206 13.3122 19.0823 22.09 38.7823 16.3199 11.54 0 0 0 0 0 0 0 0 0 0 0 0 0 0 0 0 0 0 0 0 0 0 0 0 0 0 0 0 0 0 0 0 0 16.3199 21.972 16.3198 13.93 0 0 0 0 0 0 0 0 0 0 0 0 0 0 0 22.0899 0 0 0 0 0 0
73.03 48.9601 0 0 0 0 0 0 0 0 0 0 0 0 0 0 0 0 48.9591 59.8816 54.1116 48.3413 45.9515 48.2788 45.9522 48.3158 29.6316 23.8616 27.4708 23.862 29.375 15.7022 21.4723 22.09 41.1723 13.9299 8.15996 0 0 0 0 0 0 0 0 0 0 0 0 0 0 0 0 0 0 0 0 0 0 0 0 0 0 0 0 0 0 56.5552 0 16.32 16.3197 16.3198 21.9747 19.6695 0 0 0 0 0 0 0 0 0 0 0 0 0 0 0 27.8494 0 0 0 0 0 0
70.64 48.9601 48.9601 48.9601 48.9601 48.9601 48.9601 48.9601 48.9601 48.9601 48.9601 48.9601 48.9601 48.9601 48.9601 48.9601 48.9601 48.9583 48.9589 62.2718 56.5015 54.1116 56.4378 54.5022 62.7546 54.5021 43.5616 37.6419 43.21 37.792 32.022 37.4252 22.0899 37.7194 22.0899 11.5331 0 0 0 0 0 0 0 0 0 0 0 0 0 0 0 0 0 0 0 0 0 0 0 0 0 0 0 0 0 0 0 0 113.4 84.0701 67.3094 16.3199 285.19 26.5756 24.5772 0 0 0 0 0 0 0 0 0 0 0 0 0 0 0 0 0 0 0 0 0
56.71 48.9601 48.9601 48.9601 48.9601 48.9601 48.9601 48.9601 48.9601 48.9601 48.9601 48.9601 48.9601 48.9601 48.9601 48.9601 48.9601 48.9565 48.9582 64.6616 62.2717 64.5977 62.6622 71.257 66.0399 60.2695 45.9515 57.2449 45.9521 54.488 60.343 40.1822 45.8958 22.0898 16.2681 11.5399 0 0 0 0 0 0 0 0 0 0 0 0 0 0 0 0 0 0 0 0 0 0 0 0 0 0 0 0 0 0 0 0 0 0 115.678 279.42 285.19 290.881 34.6439 34.2468 0 0 0 0 0 0 0 0 0 0 0 0 0 0 0 0 0 0 0 0
50.94 48.9601 48.9601 48.9601 48.9601 48.9601 48.9601 48.9601 48.9601 48.9601 48.9601 48.9601 48.9601 48.9601 48.9601 48.9601 48.9601 48.9553 72.7586 70.4312 72.7423 70.8221 79.417 74.1999 68.4297 62.6594 66.3603 60.6599 0 0 63.05 68.8198 22.0897 16.3199 13.9299 0 0 0 0 0 0 0 0 0 0 0 0 0 0 0 0 0 0 0 0 0 0 0 0 0 0 0 0 0 0 0 0 0 0 0 0 279.42 34.8 34.7998 42.5693 40.9597 0 0 0 0 0 0 0 0 0 0 0 0 0 0 0 0 0 0 0 0
48.9601 48.9601 48.9601 48.9601 48.9601 48.9601 48.9601 48.9601 48.9601 48.9601 48.9601 48.9601 48.9601 48.9601 48.9601 48.9601 48.9592 48.9506 78.9503 97.6698 78.982 87.4655 82.3599 76.5897 70.8195 75.6055 68.7637 0 0 52.606 0 0 16.3198 13.9299 0 0 0 0 0 0 0 0 0 0 0 0 0 0 0 0 0 0 0 0 0 0 0 0 0 0 0 0 0 0 0 0 0 0 120.15 135.401 0 0 0 290.96 296.73 48.6245 48.2133 0 0 0 0 0 0 0 0 0 0 0 0 0 0 0 0 0 0 0
48.9601 48.9601 48.9601 48.9601 48.9601 48.9601 48.9601 48.9601 48.9601 48.9601 48.9601 48.9601 48.9601 48.9601 48.9601 48.9601 48.9566 48.9542 107.829 102.06 96.2898 90.5199 84.7497 78.9795 0 0 0 0 71.21 16.3198 0 16.3198 13.9299 0 0 0 0 0 0 0 0 0 0 0 0 0 0 0 0 0 0 0 0 0 0 0 0 0 0 0 0 0 0 0 0 0 0 116.783 0 0 0 279.329 0 0 0 0 54.89 54.5 0 0 0 0 0 0 0 0 0 0 0 0 0 0 0 0 0 0
48.9601 48.9601 48.9601 48.9601 48.9601 48.9601 48.9601 48.9601 48.9601 48.9601 48.9601 48.9601 48.9601 48.9601 48.9601 0 0 0 110.22 104.45 98.6798 92.9097 87.1395 0 84.7066 185.355 71.2089 0 83.0854 13.9296 16.3198 13.9299 0 0 0 0 0 0 0 0 0 0 0 0 0 0 0 0 0 0 0 0 0 0 0 0 53.3186 0 0 0 0 0 0 0 0 0 0 0 150.84 127.35 273.65 279.42 0 0 296.73 0 62.66 61.05 60.66 0 0 0 0 0 0 0 0 0 0 0 0 0 0 0 0 0
48.9601 48.9601 48.9601 48.9601 48.9601 48.9601 48.9601 48.9601 48.9601 48.9601 48.9601 48.9601 48.9601 48.9601 48.9601 48.9601 0 0 112.61 106.84 101.07 95.2995 0 0 239.118 166.194 239.118 239.118 26.043 19.6653 13.9299 8.06108 0 0 0 0 0 0 0 0 0 0 0 0 0 0 0 0 0 0 0 0 0 0 0 0 55.7091 75.4195 80.9619 0 0 0 0 0 0 0 0 113.42 273.65 273.65 0 0 0 0 296.73 70.8194 69.2101 68.82 67.21 66.82 0 0 0 0 0 0 0 0 0 0 0 0 0 0 0 0
48.9601 48.9601 48.9601 48.9601 48.9601 48.9601 48.9601 48.9601 48.9601 48.9601 48.9601 48.9601 48.9601 48.9601 48.9601 0 0 0 0 109.23 103.46 0 0 239.118 239.119 166.195 239.117 23.0774 25.3743 17.2986 11.5325 0 0 0 0 0 0 0 0 0 0 0 0 0 0 0 0 0 0 0 0 0 0 0 0 0 58.1092 273.65 83.579 89.2796 0 0 0 0 0 0 110.04 128.75 128.75 273.65 0 0 0 0 0 0 76.9798 75.3701 74.98 73.37 0 0 0 0 0 0 0 0 0 0 0 0 0 0 0 0
48.9601 48.9601 48.9601 48.9601 48.9601 48.9601 48.9601 48.9601 48.9601 48.9601 48.9601 48.9601 48.9601 48.9601 48.9601 48.9531 229.007 0 117.39 111.62 0 0 103.46 239.119 239.119 166.195 237.075 33.4902 23.0798 17.3098 11.5398 0 0 0 0 0 0 0 0 0 0 0 0 0 0 0 0 0 0 0 0 0 0 0 0 0 60.4989 273.65 83.5795 91.6668 97.4607 0 0 0 0 106.66 112.43 131.139 128.75 273.65 0 0 0 0 0 76.9798 75.3694 83.0426 81.5301 81.14 79.53 0 0 0 0 0 0 0 0 0 0 0 0 0 0 0
48.9601 48.9601 48.9601 48.9601 48.9601 48.9601 48.9601 48.9601 48.9601 48.9601 48.9601 48.9601 48.9601 48.9601 48.9601 48.9462 136.075 0 89.0018 125.35 0 111.62 239.119 239.119 239.119 239.119 239.117 31.2376 25.4699 19.6999 13.9298 0 0 0 0 0 0 0 0 0 0 0 0 0 0 0 0 0 0 0 0 0 0 0 0 0 65.9644 60.4993 91.7399 273.65 91.7396 91.7391 111.375 0 103.28 109.05 114.82 133.431 273.65 273.65 0 0 0 0 0 302.482 91.2428 89.6901 89.3001 87.6901 87.3001 85.69 0 0 0 0 0 0 0 0 0 0 0 0 0 0
48.9601 48.9601 48.9601 48.9601 48.9601 48.9601 48.9601 48.9601 48.9601 48.9601 48.9601 48.9601 48.9601 48.9601 48.9601 48.9481 131.842 0 0 0 119.78 239.094 0 239.119 239.119 239.119 239.117 33.628 27.8599 22.0899 16.3198 13.9298 0 0 0 0 0 0 0 0 0 0 22.4798 0 0 0 0 0 0 0 0 0 0 0 0 0 60.4987 66.2691 91.7401 91.7401 105.67 105.67 105.67 105.669 125.36 119.599 124.989 273.65 273.65 273.65 0 0 0 0 0 302.5 97.8494 97.4601 95.8501 95.4601 93.8501 93.4601 0 0 0 0 0 0 0 0 0 0 0 0 0 90.4674
48.9601 48.9601 48.9601 48.9601 48.9601 48.9601 48.9601 48.9601 48.9601 48.9601 48.9601 48.9601 48.9601 48.9601 0 48.9373 81.6942 0 0 233.931 235.974 0 239.119 239.119 239.119 239.119 239.117 36.0182 30.2499 24.4799 24.2486 20.4616 0 0 0 0 0 0 0 0 0 0 0 0 0 0 0 0 0 0 0 0 0 0 0 60.5 62.8886 68.659 91.7401 105.67 105.67 119.6 119.6 119.6 273.133 273.65 119.6 272.033 273.65 273.65 0 0 0 0 0 97.8499 105.619 104.01 103.62 102.01 101.62 100.01 99.6201 0 0 0 0 0 0 0 0 0 0 0 0 95.9754
48.9601 48.9601 48.9601 48.9601 48.9601 48.9601 48.9601 48.9601 48.9601 48.9601 48.9601 48.9601 48.9601 0 0 0 239.113 0 0 104.435 0 0 239.119 239.119 239.119 239.119 239.117 38.4081 32.6399 32.4086 28.6233 26.6362 20.4799 0 0 0 0 10.1811 0 0 0 0 0 0 0 0 36.0197 38.4091 0 0 0 0 0 0 0 62.89 68.6586 68.6589 91.7401 105.67 105.67 119.6 119.6 119.6 119.6 273.65 119.6 119.6 273.65 273.65 0 0 0 0 0 97.8499 97.8495 111.78 110.17 109.78 108.17 107.78 106.17 0 0 0 0 0 0 0 0 0 0 0 0 106.08
0 0 0 0 0 0 0 0 0 0 0 0 0 46.2213 236.236 0 0 0 0 0 0 0 239.119 239.119 239.119 239.119 38.4086 48.3386 42.5699 36.7742 26.6394 34.7982 34.7989 32.7993 0 28.2499 0 0 34.0354 0 0 0 0 0 0 44.9433 34.4094 100.992 232.85 0 0 0 0 0 62.89 65.28 68.6585 68.6589 91.7401 105.67 105.67 119.6 119.6 119.6 119.6 273.65 119.6 119.6 119.6 273.65 0 0 0 0 0 302.5 119.94 118.33 117.94 116.33 115.94 114.33 113.94 0 0 0 0 0 0 0 0 0 0 0 107.16 111.85
0 0 0 0 0 0 0 0 0 0 0 0 0 0 0 0 0 0 239.119 0 0 239.119 239.119 239.119 239.119 38.4101 48.3393 50.7291 44.9589 50.3726 34.7973 232.449 232.849 44.5679 32.7987 42.3966 44.9203 44.5699 46.938 0 0 0 0 40.7998 50.6824 50.7295 92.7332 98.6577 232.85 0 0 0 0 62.8899 68.66 68.66 68.6583 79.209 105.67 105.67 105.67 273.65 273.65 119.6 119.6 119.6 119.6 119.6 119.6 273.65 0 0 0 0 0 0 308.27 126.018 124.449 124.1 122.49 122.1 120.49 120.1 0 0 0 0 0 0 0 0 0 0 120.01 114.24
0 0 0 0 0 0 0 0 0 0 0 0 0 0 0 239.119 0 0 239.119 0 0 239.119 239.119 239.119 38.4101 48.3401 239.118 53.119 44.9596 44.9578 44.9586 42.5696 44.5697 232.849 42.569 232.849 55.1181 55.0439 52.7293 53.1199 0 0 44.5698 46.5698 57.1195 84.5806 0 0 0 0 0 0 68.6596 68.6599 71.0499 76.82 79.2086 81.5991 105.67 105.67 273.65 273.65 273.65 119.6 119.6 119.6 119.6 119.6 119.6 273.65 0 0 0 0 0 0 0 0 132.175 130.65 130.26 128.65 128.26 126.65 0 0 0 0 0 0 0 0 0 119.915 120.364 120.01
48.9601 48.9601 0 0 0 0 0 0 0 0 0 0 0 48.9365 239.107 239.119 0 239.119 0 0 239.119 239.119 239.119 38.4101 48.34 53.1201 53.1198 244.08 244.08 238.62 44.9595 42.5701 42.5701 42.5701 42.5701 42.5697 232.849 52.729 0 0 59.2799 57.2799 51.1198 60.8897 76.5607 0 0 0 0 0 0 232.85 84.878 76.8197 76.8199 79.21 81.5987 87.3691 105.67 105.67 273.65 273.65 273.65 119.6 119.6 119.6 119.6 119.6 119.6 273.65 0 0 0 0 0 0 308.27 0 138.81 138.42 136.81 136.42 134.81 134.42 0 0 0 0 96.4516 96.4516 96.4516 96.4517 96.4517 130.56 128.125 125.77
0 0 0 0 0 0 0 0 0 0 0 0 48.9528 239.107 48.9549 239.119 239.119 239.119 0 239.119 239.119 239.119 48.3401 48.34 53.12 53.1201 239.119 244.081 238.62 238.62 44.96 0 42.5701 42.5701 42.5701 0 0 0 0 0 0 67.4399 67.4398 72.9131 0 0 60.3599 0 0 0 0 0 232.85 92.9896 95.5285 93.1392 95.4993 263.583 105.67 105.67 273.65 273.65 273.65 119.6 119.6 119.6 119.6 119.6 119.6 273.65 0 0 0 0 0 0 140.42 138.81 138.42 144.97 144.58 142.97 142.58 140.97 0 0 0 96.4516 96.4516 96.4516 96.4517 96.4517 128.177 136.33 133.93 131.539
48.9601 48.9601 48.9601 48.9601 48.9601 48.9601 48.9601 48.9601 48.9601 48.9601 48.96 48.9599 48.9472 48.9463 48.9601 239.119 239.119 239.119 239.119 239.119 239.119 48.3401 48.34 53.12 53.12 239.119 239.119 239.119 238.62 238.62 44.96 0 0 0 0 0 0 0 0 0 0 67.4396 77.5999 0 0 0 0 111.094 232.097 0 0 0 0 232.85 101.151 233.213 93.1388 95.5294 105.67 105.67 273.65 273.65 273.65 119.6 119.6 119.6 119.6 119.6 119.6 273.65 0 0 0 0 0 0 140.42 146.58 144.97 152.732 151.13 150.74 149.13 148.74 0 0 96.4516 96.4516 96.4516 96.4516 96.4517 96.4517 143.076 142.09 139.699 137.308
48.9601 48.9601 48.9601 48.9601 48.9601 48.9601 48.9601 48.9601 48.9601 48.9601 48.9598 237.118 48.9408 221.997 48.9601 239.119 239.119 239.119 239.119 239.119 48.3401 48.34 53.12 53.12 239.119 239.119 239.119 239.119 238.62 238.62 44.96 0 0 0 0 0 0 0 0 0 232.85 85.6608 91.5235 85.7586 91.2 0 102.937 100.679 232.85 0 0 0 0 0 95.5298 95.5298 95.5297 101.3 105.67 105.67 273.65 273.65 273.65 119.6 119.6 119.6 119.6 119.6 119.6 273.65 0 0 0 0 0 0 140.42 314.013 160.817 159.283 158.9 157.29 156.9 155.29 154.9 96.4516 96.4516 96.4517 96.4516 96.4516 96.4517 96.4517 148.565 147.858 145.468 143.078
48.9601 48.9601 48.9601 48.9601 48.9601 48.9601 48.9601 48.9601 48.9599 48.96 48.9595 239.118 239.114 48.9548 239.119 239.119 239.119 239.119 239.119 48.9601 48.96 48.96 53.12 239.119 239.119 239.119 239.119 239.119 238.62 238.62 44.96 44.9601 44.9601 44.9601 44.9601 44.9601 44.9601 0 0 0 85.7598 85.7596 230.167 232.805 232.85 91.5295 229.665 232.759 0 0 0 0 0 0 95.5301 95.5301 250.16 273.65 105.67 105.67 273.65 273.65 273.65 119.6 119.6 119.6 119.6 119.6 119.6 273.65 0 0 0 0 0 0 0 314.04 167.45 167.06 165.45 165.06 163.45 163.06 161.45 96.4516 96.4516 96.4516 96.4516 96.4517 96.4517 96.4517 154.146 153.628 151.238 148.848
48.9601 48.9601 48.9601 48.9601 48.9601 48.9601 48.9601 48.9601 48.9598 237.308 48.9583 221.997 48.9601 239.119 239.119 239.119 239.119 239.119 48.9601 48.96 48.96 48.96 239.119 239.119 239.119 239.119 239.119 239.119 238.62 238.62 44.96 44.9601 0 0 0 0 0 0 0 0 85.7601 85.7601 85.7601 85.7601 91.5301 91.5301 91.5301 0 0 0 0 0 0 0 95.53 95.5301 250.16 273.65 105.67 105.67 273.65 273.65 273.65 119.6 119.6 119.6 119.6 119.6 119.6 273.65 0 0 0 0 0 0 0 0 175.22 165.45 173.22 171.61 171.22 169.61 169.22 161.06 96.4516 96.4517 96.4517 96.4517 96.4517 96.4517 159.727 159.398 157.008 154.618
48.9601 48.9601 48.9601 48.9601 48.9601 48.9601 48.9601 48.96 48.9597 48.96 239.03 48.9593 48.9601 239.119 239.119 239.119 239.119 48.9601 48.96 48.96 48.96 239.119 239.119 239.119 239.119 239.119 239.119 239.119 238.62 238.62 44.96 0 0 0 0 0 0 0 0 0 85.7601 85.7601 85.7601 85.7601 85.7601 91.5301 91.5301 0 0 0 0 0 0 0 95.53 95.53 250.16 273.65 105.67 105.67 273.65 273.65 273.65 119.6 119.6 119.6 119.6 119.6 119.6 273.65 0 0 0 0 0 0 0 0 319.81 173.22 179.769 179.38 177.77 177.38 175.59 175.2 166.65 96.4517 96.4517 96.4517 96.4517 96.4517 165.308 165.168 162.778 160.388
48.9601 48.9601 48.9601 48.9601 48.9601 48.9601 48.9601 48.9599 241.898 48.9601 48.9601 48.9601 48.9601 239.119 239.119 239.119 48.9601 48.9601 48.96 48.96 239.119 239.119 239.119 239.119 239.119 239.119 239.119 239.119 238.62 238.62 44.96 44.9601 232.85 232.85 232.85 232.85 232.85 232.85 0 0 85.7601 85.7601 85.7601 85.7601 85.7601 85.7601 85.7601 0 0 0 0 0 0 0 95.53 95.53 250.16 273.65 105.67 105.67 273.65 273.65 273.65 119.6 119.6 119.6 119.6 119.6 119.6 273.65 0 0 0 0 0 0 0 0 181.38 179.77 187.507 185.93 185.54 183.75 183.36 180.97 172.42 172.03 96.4517 96.4517 96.4517 96.4517 170.889 170.938 168.548 166.158
17.295 17.295 17.295 17.295 17.295 17.295 17.295 48.9598 48.9599 48.9601 48.9601 48.9601 48.9601 48.9601 48.9601 48.96 48.96 48.96 48.96 239.119 239.119 239.119 239.119 239.119 239.119 239.119 239.119 239.119 238.62 238.62 44.9599 44.9601 44.9601 44.9601 44.9601 44.9601 44.9601 0 0 0 0 85.7601 85.7601 85.7601 85.7601 85.7601 85.7601 0 0 0 0 0 0 0 95.53 95.53 250.16 273.65 105.67 105.67 273.65 273.65 273.65 119.6 119.6 119.6 119.6 119.6 119.6 273.65 0 0 0 0 0 0 0 0 319.81 195.7 185.93 193.7 191.91 191.52 189.13 186.74 186.35 177.8 177.41 96.4517 96.4517 96.4517 176.47 176.708 174.318 171.928
17.295 17.295 17.295 17.295 17.295 17.295 17.295 48.9599 48.96 48.9601 48.9601 48.9601 48.9592 48.9587 48.96 48.96 48.96 48.96 239.119 239.119 239.119 239.119 239.119 239.119 239.119 239.119 239.119 239.119 238.62 238.62 44.9599 44.9601 44.9601 44.9601 0 0 0 0 0 0 0 0 0 0 0 0 0 0 0 0 0 0 0 0 95.53 95.53 250.16 273.65 105.67 105.67 273.65 273.65 273.65 119.6 119.6 119.6 119.6 119.6 119.6 273.65 0 0 0 0 0 0 0 0 319.81 325.58 201.79 200.058 199.68 197.29 194.9 194.51 192.12 191.73 183.18 182.79 96.4517 96.4517 182.052 182.478 180.088 177.698
17.295 17.295 17.295 17.295 17.295 17.2948 48.9601 48.96 48.96 48.9601 48.96 48.9601 48.9566 48.9599 48.96 48.96 48.9601 48.9601 239.119 239.119 239.119 239.119 239.119 239.119 239.119 239.119 239.119 238.62 232.85 238.62 232.85 232.85 232.85 232.85 232.85 0 232.85 232.85 0 0 0 0 0 0 0 0 0 0 0 0 0 0 0 0 95.53 95.53 250.16 273.65 105.67 105.67 273.65 273.65 273.65 119.6 119.6 119.6 119.6 119.6 119.6 273.65 0 0 0 0 0 0 0 0 314.04 325.497 208.23 199.68 205.45 203.06 202.67 200.28 199.89 197.5 197.11 188.56 187.27 96.4517 187.525 188.248 185.858 183.468
17.295 17.295 17.295 17.295 17.2949 48.9597 48.96 48.96 213.986 48.9601 48.96 48.9588 48.9596 48.96 228.585 48.9601 48.9601 48.9601 239.119 239.119 239.119 239.119 239.119 239.119 239.119 239.119 238.62 232.85 232.85 0 0 0 0 0 0 0 0 0 0 0 0 0 0 0 0 0 0 0 0 0 0 0 0 0 95.53 95.53 250.16 273.65 105.67 105.67 273.65 273.65 273.65 119.6 119.6 119.6 119.6 119.6 119.6 273.65 0 0 0 0 0 0 0 0 207.84 325.58 207.84 213.587 211.212 210.83 208.44 208.05 205.66 205.27 202.88 202.49 200.88 198.81 196.42 194.018 191.628 141.309
48.9601 48.9601 48.9601 48.9601 48.96 239.649 246.985 242.754 48.96 48.9601 48.9599 48.958 48.9598 48.9601 48.9601 48.9601 48.9601 48.9601 246.919 239.119 239.119 239.119 239.119 239.119 239.119 238.62 232.85 232.85 232.85 232.85 232.85 232.85 232.85 232.85 0 0 0 0 0 0 0 0 0 0 0 0 0 0 0 0 0 0 0 0 95.53 95.53 250.16 273.65 105.67 105.67 273.65 273.65 273.65 105.67 105.67 119.6 119.6 119.6 119.6 273.65 0 0 0 0 0 0 0 0 207.84 207.84 331.261 207.84 207.84 216.6 216.21 213.82 213.43 211.04 210.65 209.04 206.97 204.58 202.19 199.788 197.398 141.309
48.9601 48.9601 48.9601 48.9601 48.96 112.419 48.96 48.96 241.67 244.888 48.9598 0 48.9599 48.9601 48.9601 48.9601 48.9601 48.9601 246.919 246.919 239.119 239.119 239.119 48.96 48.9599 48.9597 48.9597 48.9596 48.96 48.9601 48.9601 48.9601 48.9601 232.85 232.85 232.85 0 0 0 0 0 0 0 0 0 0 0 0 0 0 0 0 0 0 95.53 95.53 250.149 109.053 105.67 105.67 273.65 273.65 105.67 105.67 0 0 119.6 119.6 119.6 273.65 0 0 0 0 0 0 0 0 207.84 207.84 331.35 218.99 224.755 224.344 221.98 221.59 219.2 218.81 217.2 215.13 212.74 210.35 207.96 205.558 203.168 141.309
48.9601 48.9601 48.9601 48.9601 48.9601 48.96 0 48.9573 48.9558 235.106 0 0 0 48.9601 48.9601 48.9601 48.9601 48.9601 48.9601 246.919 246.919 241.01 48.9601 48.9599 48.9597 48.9597 48.9595 48.96 48.9601 48.9601 48.9601 48.9601 48.9601 48.9601 48.9601 0 0 0 0 0 0 0 0 0 0 0 0 0 0 0 0 0 0 95.53 95.53 105.67 252.54 105.67 105.67 105.67 273.65 105.67 105.67 105.67 0 0 0 119.6 119.6 273.65 0 0 0 0 0 0 0 0 30.6192 207.84 218.99 337.027 218.99 128.602 229.75 227.36 226.97 225.36 223.29 220.9 218.51 216.12 213.718 211.328 211.73 209.34
