tests/full-run-ref/erosion_78_15_62.100.asc
ncols 512
nrows 512
xllcorner -3.24582
yllcorner -4.08743
cellsize 5
NODATA_value -99999
[rows 144 to 179 of 512, columns 162 to 242 of 512]
321.511 321.114 320.767 320.461 320.197 319.974 319.801 319.676 319.584 319.508 319.451 319.42 319.402 319.378 319.348 319.32 319.289 319.25 319.2 319.143 319.082 319.022 318.962 318.902 318.842 318.785 318.732 318.683 318.633 318.58 318.526 318.474 318.411 318.327 318.224 318.107 317.964 317.783 317.56 317.303 317.009 316.678 316.303 315.886 315.44 314.977 314.494 313.985 313.465 312.949 312.439 311.928 311.42 310.917 310.422 309.931 309.446 308.965 308.488 308.013 307.548 307.098 306.662 306.238 305.832 305.45 305.097 304.769 304.46 304.166 303.89 303.633 303.387 303.143 302.897 302.654 302.415 302.183 301.953 301.725 301.509
321.336 320.945 320.605 320.306 320.047 319.829 319.66 319.538 319.447 319.373 319.316 319.286 319.266 319.241 319.21 319.18 319.147 319.107 319.056 318.997 318.934 318.871 318.809 318.746 318.682 318.62 318.562 318.507 318.45 318.389 318.327 318.266 318.195 318.102 317.991 317.866 317.715 317.527 317.298 317.036 316.738 316.402 316.024 315.604 315.156 314.69 314.206 313.695 313.175 312.659 312.151 311.642 311.136 310.638 310.148 309.663 309.185 308.712 308.242 307.776 307.318 306.875 306.446 306.027 305.626 305.249 304.9 304.576 304.27 303.98 303.709 303.458 303.217 302.977 302.736 302.498 302.264 302.034 301.805 301.576 301.358
321.165 320.782 320.449 320.155 319.902 319.689 319.523 319.404 319.315 319.241 319.184 319.153 319.131 319.105 319.072 319.041 319.005 318.963 318.91 318.85 318.786 318.721 318.656 318.59 318.523 318.457 318.393 318.331 318.267 318.199 318.129 318.059 317.979 317.878 317.758 317.625 317.467 317.272 317.038 316.77 316.467 316.127 315.746 315.323 314.871 314.404 313.917 313.405 312.883 312.368 311.861 311.354 310.852 310.358 309.874 309.397 308.928 308.464 308.003 307.546 307.098 306.664 306.243 305.831 305.436 305.064 304.719 304.397 304.095 303.807 303.539 303.29 303.052 302.815 302.576 302.341 302.11 301.881 301.652 301.423 301.202
320.998 320.623 320.297 320.011 319.763 319.555 319.392 319.275 319.187 319.113 319.056 319.023 319 318.972 318.937 318.902 318.864 318.82 318.765 318.703 318.637 318.569 318.502 318.433 318.362 318.292 318.223 318.155 318.085 318.01 317.932 317.854 317.766 317.656 317.529 317.388 317.222 317.02 316.779 316.505 316.197 315.853 315.467 315.041 314.586 314.116 313.627 313.114 312.591 312.076 311.57 311.066 310.568 310.079 309.602 309.134 308.674 308.22 307.769 307.324 306.886 306.462 306.048 305.642 305.253 304.886 304.544 304.224 303.922 303.636 303.368 303.121 302.884 302.648 302.411 302.177 301.947 301.72 301.49 301.26 301.039
320.835 320.469 320.15 319.871 319.629 319.426 319.266 319.151 319.064 318.99 318.932 318.897 318.871 318.84 318.802 318.764 318.723 318.676 318.618 318.554 318.486 318.416 318.346 318.274 318.2 318.126 318.052 317.979 317.903 317.821 317.737 317.651 317.554 317.437 317.302 317.153 316.979 316.77 316.522 316.242 315.929 315.579 315.189 314.758 314.299 313.827 313.335 312.819 312.296 311.781 311.277 310.776 310.282 309.799 309.33 308.873 308.424 307.98 307.541 307.107 306.682 306.267 305.862 305.464 305.08 304.717 304.378 304.058 303.756 303.469 303.201 302.952 302.714 302.477 302.24 302.006 301.776 301.549 301.32 301.089 300.868
320.676 320.319 320.009 319.736 319.501 319.302 319.146 319.032 318.945 318.871 318.811 318.773 318.744 318.709 318.668 318.627 318.582 318.531 318.471 318.405 318.334 318.262 318.189 318.114 318.038 317.96 317.882 317.804 317.722 317.634 317.543 317.449 317.345 317.22 317.077 316.92 316.738 316.521 316.267 315.981 315.661 315.306 314.91 314.474 314.012 313.536 313.042 312.523 311.998 311.484 310.982 310.484 309.995 309.519 309.059 308.613 308.176 307.745 307.318 306.898 306.486 306.083 305.687 305.297 304.919 304.561 304.223 303.903 303.599 303.31 303.039 302.787 302.545 302.306 302.066 301.831 301.6 301.371 301.142 300.911 300.69
320.522 320.174 319.872 319.607 319.378 319.184 319.03 318.918 318.831 318.756 318.694 318.653 318.619 318.581 318.536 318.491 318.442 318.388 318.325 318.256 318.182 318.108 318.032 317.954 317.875 317.793 317.711 317.628 317.541 317.448 317.35 317.249 317.137 317.005 316.854 316.689 316.5 316.275 316.014 315.721 315.395 315.034 314.633 314.192 313.726 313.246 312.749 312.229 311.703 311.189 310.689 310.196 309.712 309.243 308.793 308.358 307.934 307.516 307.103 306.698 306.299 305.907 305.52 305.138 304.766 304.411 304.074 303.752 303.446 303.153 302.879 302.622 302.375 302.131 301.888 301.65 301.417 301.187 300.956 300.726 300.505
320.372 320.034 319.74 319.483 319.26 319.071 318.92 318.808 318.722 318.645 318.582 318.537 318.499 318.457 318.408 318.358 318.305 318.246 318.18 318.107 318.031 317.953 317.875 317.794 317.712 317.626 317.54 317.453 317.362 317.263 317.159 317.051 316.932 316.792 316.634 316.461 316.264 316.032 315.763 315.463 315.131 314.765 314.358 313.913 313.442 312.96 312.461 311.939 311.413 310.9 310.404 309.915 309.438 308.977 308.537 308.114 307.703 307.298 306.898 306.505 306.119 305.738 305.359 304.983 304.615 304.263 303.926 303.601 303.291 302.994 302.715 302.452 302.2 301.951 301.704 301.463 301.227 300.996 300.764 300.534 300.313
320.228 319.899 319.614 319.365 319.148 318.964 318.816 318.705 318.618 318.541 318.475 318.427 318.385 318.338 318.284 318.229 318.17 318.107 318.036 317.96 317.88 317.799 317.717 317.634 317.548 317.459 317.37 317.279 317.183 317.079 316.97 316.856 316.73 316.583 316.418 316.237 316.032 315.792 315.517 315.209 314.87 314.497 314.086 313.635 313.161 312.675 312.175 311.652 311.127 310.616 310.124 309.641 309.171 308.719 308.29 307.88 307.482 307.09 306.703 306.323 305.949 305.578 305.206 304.835 304.47 304.118 303.78 303.451 303.135 302.833 302.548 302.278 302.019 301.764 301.513 301.268 301.029 300.796 300.563 300.333 300.113
320.088 319.77 319.494 319.252 319.042 318.862 318.717 318.608 318.521 318.442 318.373 318.321 318.274 318.222 318.163 318.102 318.038 317.969 317.894 317.813 317.73 317.645 317.56 317.473 317.384 317.292 317.199 317.105 317.005 316.897 316.782 316.663 316.531 316.378 316.205 316.016 315.803 315.556 315.272 314.958 314.611 314.232 313.815 313.36 312.881 312.393 311.891 311.368 310.844 310.336 309.85 309.373 308.911 308.469 308.051 307.654 307.271 306.892 306.517 306.15 305.788 305.426 305.06 304.693 304.331 303.979 303.637 303.304 302.981 302.672 302.379 302.102 301.835 301.573 301.317 301.067 300.825 300.589 300.355 300.124 299.906
319.953 319.644 319.377 319.143 318.939 318.764 318.622 318.513 318.425 318.345 318.273 318.217 318.165 318.108 318.044 317.977 317.907 317.833 317.753 317.668 317.58 317.491 317.402 317.312 317.22 317.125 317.029 316.931 316.828 316.715 316.596 316.471 316.333 316.173 315.993 315.796 315.575 315.32 315.029 314.707 314.354 313.969 313.546 313.087 312.604 312.114 311.612 311.089 310.567 310.063 309.581 309.112 308.659 308.226 307.82 307.436 307.066 306.7 306.337 305.983 305.632 305.278 304.918 304.554 304.193 303.84 303.495 303.156 302.826 302.509 302.209 301.923 301.648 301.379 301.117 300.862 300.616 300.377 300.142 299.911 299.693
319.821 319.522 319.263 319.036 318.838 318.667 318.527 318.419 318.33 318.248 318.174 318.113 318.057 317.995 317.925 317.853 317.777 317.697 317.613 317.523 317.431 317.338 317.246 317.153 317.058 316.959 316.859 316.758 316.651 316.534 316.409 316.279 316.134 315.967 315.78 315.576 315.347 315.084 314.786 314.457 314.097 313.707 313.279 312.816 312.332 311.84 311.337 310.817 310.297 309.797 309.322 308.86 308.415 307.992 307.596 307.226 306.868 306.514 306.163 305.819 305.478 305.131 304.775 304.414 304.053 303.699 303.35 303.005 302.667 302.343 302.036 301.742 301.458 301.183 300.915 300.655 300.405 300.163 299.926 299.694 299.476
319.694 319.404 319.152 318.932 318.739 318.572 318.434 318.326 318.237 318.153 318.076 318.011 317.949 317.883 317.808 317.73 317.648 317.563 317.474 317.38 317.284 317.187 317.091 316.994 316.896 316.794 316.69 316.586 316.475 316.354 316.224 316.087 315.936 315.763 315.568 315.356 315.119 314.849 314.544 314.208 313.842 313.446 313.015 312.549 312.063 311.571 311.069 310.551 310.034 309.54 309.071 308.617 308.181 307.768 307.383 307.024 306.679 306.336 305.995 305.661 305.328 304.987 304.635 304.274 303.913 303.556 303.203 302.851 302.506 302.175 301.86 301.557 301.266 300.983 300.709 300.445 300.19 299.945 299.705 299.472 299.254
319.571 319.29 319.045 318.831 318.644 318.48 318.343 318.236 318.145 318.059 317.979 317.91 317.844 317.772 317.692 317.608 317.521 317.431 317.336 317.238 317.137 317.036 316.936 316.836 316.734 316.629 316.522 316.414 316.3 316.174 316.038 315.896 315.739 315.559 315.357 315.137 314.892 314.615 314.303 313.96 313.588 313.188 312.754 312.285 311.797 311.306 310.806 310.29 309.779 309.29 308.828 308.382 307.956 307.553 307.179 306.832 306.498 306.165 305.833 305.508 305.182 304.846 304.496 304.136 303.773 303.413 303.055 302.696 302.343 302.004 301.681 301.37 301.07 300.781 300.501 300.231 299.972 299.723 299.481 299.246 299.026
319.451 319.178 318.94 318.732 318.549 318.387 318.252 318.144 318.053 317.965 317.881 317.808 317.737 317.661 317.575 317.486 317.394 317.298 317.199 317.096 316.991 316.886 316.783 316.679 316.574 316.465 316.354 316.243 316.124 315.994 315.853 315.705 315.541 315.354 315.144 314.916 314.663 314.379 314.06 313.711 313.334 312.93 312.493 312.023 311.535 311.044 310.547 310.036 309.529 309.047 308.592 308.155 307.738 307.344 306.98 306.644 306.321 305.997 305.673 305.355 305.035 304.704 304.355 303.995 303.63 303.267 302.904 302.538 302.177 301.83 301.5 301.182 300.874 300.578 300.292 300.017 299.753 299.5 299.255 299.018 298.797
319.333 319.068 318.836 318.631 318.452 318.293 318.158 318.05 317.956 317.866 317.78 317.703 317.628 317.547 317.457 317.363 317.266 317.166 317.063 316.956 316.847 316.738 316.631 316.524 316.416 316.303 316.188 316.072 315.949 315.813 315.666 315.511 315.34 315.145 314.928 314.691 314.43 314.138 313.814 313.459 313.077 312.67 312.232 311.761 311.275 310.787 310.293 309.786 309.286 308.809 308.362 307.933 307.525 307.139 306.784 306.457 306.143 305.827 305.51 305.198 304.883 304.555 304.208 303.847 303.481 303.115 302.748 302.376 302.009 301.656 301.319 300.993 300.679 300.377 300.085 299.805 299.536 299.28 299.031 298.791 298.568
319.217 318.958 318.731 318.531 318.354 318.196 318.062 317.952 317.857 317.764 317.675 317.594 317.515 317.43 317.336 317.238 317.137 317.033 316.926 316.816 316.704 316.592 316.481 316.371 316.259 316.142 316.023 315.902 315.774 315.632 315.478 315.315 315.136 314.933 314.707 314.462 314.193 313.894 313.564 313.204 312.818 312.409 311.97 311.501 311.016 310.532 310.042 309.542 309.048 308.578 308.138 307.717 307.316 306.939 306.591 306.272 305.966 305.656 305.344 305.038 304.727 304.401 304.055 303.694 303.325 302.957 302.586 302.21 301.837 301.479 301.136 300.805 300.485 300.176 299.88 299.594 299.321 299.06 298.808 298.564 298.338
319.104 318.851 318.628 318.431 318.255 318.098 317.964 317.853 317.755 317.659 317.567 317.483 317.4 317.311 317.214 317.112 317.007 316.9 316.79 316.677 316.562 316.447 316.333 316.219 316.104 315.983 315.859 315.733 315.599 315.45 315.289 315.117 314.929 314.718 314.484 314.23 313.952 313.647 313.311 312.947 312.558 312.147 311.709 311.242 310.761 310.28 309.796 309.302 308.815 308.353 307.92 307.506 307.114 306.743 306.403 306.09 305.79 305.486 305.178 304.875 304.567 304.243 303.897 303.535 303.165 302.794 302.42 302.04 301.663 301.299 300.952 300.615 300.29 299.976 299.675 299.384 299.106 298.841 298.585 298.338 298.108
318.992 318.744 318.525 318.33 318.156 317.999 317.864 317.751 317.65 317.552 317.457 317.369 317.283 317.19 317.09 316.985 316.877 316.767 316.654 316.539 316.421 316.303 316.186 316.07 315.95 315.825 315.696 315.564 315.424 315.269 315.099 314.919 314.721 314.501 314.258 313.995 313.709 313.396 313.055 312.688 312.296 311.885 311.448 310.984 310.508 310.033 309.555 309.069 308.589 308.135 307.709 307.303 306.917 306.553 306.218 305.911 305.615 305.315 305.011 304.71 304.403 304.08 303.734 303.371 303 302.627 302.251 301.867 301.487 301.119 300.768 300.427 300.097 299.779 299.473 299.178 298.895 298.625 298.364 298.112 297.878
318.88 318.637 318.421 318.228 318.055 317.898 317.762 317.647 317.544 317.443 317.345 317.254 317.164 317.069 316.966 316.858 316.748 316.635 316.52 316.402 316.282 316.161 316.042 315.922 315.799 315.669 315.534 315.397 315.25 315.087 314.909 314.719 314.511 314.282 314.03 313.757 313.463 313.144 312.798 312.427 312.034 311.623 311.188 310.73 310.259 309.791 309.32 308.842 308.371 307.924 307.506 307.106 306.727 306.368 306.038 305.734 305.441 305.143 304.841 304.541 304.235 303.912 303.566 303.203 302.83 302.457 302.079 301.694 301.311 300.941 300.587 300.243 299.909 299.587 299.276 298.976 298.688 298.413 298.146 297.889 297.65
318.77 318.53 318.317 318.125 317.952 317.795 317.657 317.54 317.434 317.331 317.23 317.136 317.044 316.946 316.84 316.731 316.618 316.503 316.387 316.267 316.145 316.022 315.899 315.776 315.649 315.515 315.375 315.23 315.075 314.904 314.717 314.516 314.298 314.059 313.797 313.515 313.211 312.886 312.536 312.162 311.769 311.359 310.928 310.476 310.013 309.552 309.09 308.62 308.159 307.72 307.309 306.916 306.542 306.187 305.86 305.558 305.266 304.969 304.667 304.367 304.06 303.737 303.39 303.027 302.655 302.281 301.903 301.517 301.134 300.763 300.407 300.061 299.725 299.399 299.084 298.779 298.486 298.205 297.933 297.669 297.424
318.659 318.424 318.213 318.021 317.848 317.69 317.551 317.431 317.322 317.216 317.113 317.016 316.921 316.821 316.714 316.603 316.489 316.372 316.254 316.133 316.01 315.885 315.759 315.633 315.502 315.363 315.216 315.065 314.902 314.722 314.524 314.312 314.083 313.833 313.561 313.269 312.957 312.625 312.271 311.895 311.502 311.094 310.669 310.223 309.769 309.317 308.864 308.405 307.953 307.523 307.119 306.732 306.362 306.011 305.686 305.384 305.092 304.794 304.49 304.189 303.88 303.556 303.21 302.846 302.474 302.101 301.723 301.339 300.956 300.586 300.229 299.882 299.544 299.216 298.897 298.587 298.288 298.001 297.723 297.452 297.2
318.549 318.317 318.108 317.917 317.743 317.584 317.443 317.321 317.209 317.101 316.995 316.896 316.798 316.696 316.587 316.475 316.36 316.242 316.123 316.001 315.876 315.749 315.621 315.491 315.356 315.212 315.059 314.9 314.729 314.539 314.332 314.108 313.867 313.606 313.324 313.022 312.702 312.364 312.006 311.63 311.237 310.833 310.412 309.975 309.531 309.089 308.646 308.198 307.757 307.336 306.938 306.556 306.191 305.842 305.517 305.214 304.92 304.62 304.314 304.01 303.699 303.372 303.025 302.662 302.291 301.918 301.542 301.16 300.779 300.41 300.054 299.706 299.367 299.037 298.714 298.399 298.094 297.801 297.516 297.237 296.977
318.437 318.209 318.001 317.811 317.637 317.478 317.336 317.211 317.097 316.986 316.878 316.777 316.677 316.573 316.462 316.349 316.233 316.114 315.993 315.87 315.743 315.614 315.483 315.35 315.212 315.062 314.903 314.737 314.557 314.359 314.141 313.907 313.654 313.383 313.091 312.78 312.451 312.107 311.746 311.369 310.978 310.577 310.163 309.735 309.301 308.87 308.437 308.001 307.571 307.159 306.768 306.391 306.029 305.683 305.357 305.052 304.753 304.45 304.14 303.832 303.517 303.188 302.84 302.477 302.106 301.735 301.361 300.982 300.604 300.237 299.882 299.535 299.196 298.864 298.537 298.217 297.905 297.605 297.311 297.023 296.753
318.325 318.099 317.894 317.705 317.531 317.371 317.228 317.102 316.986 316.873 316.763 316.66 316.558 316.452 316.34 316.225 316.108 315.987 315.865 315.74 315.613 315.481 315.347 315.211 315.068 314.914 314.748 314.574 314.387 314.179 313.952 313.706 313.442 313.16 312.859 312.538 312.201 311.852 311.489 311.111 310.722 310.326 309.92 309.502 309.08 308.659 308.239 307.815 307.397 306.994 306.609 306.237 305.878 305.533 305.205 304.896 304.592 304.283 303.969 303.655 303.335 303.003 302.653 302.29 301.921 301.551 301.18 300.805 300.432 300.068 299.715 299.37 299.031 298.698 298.367 298.04 297.721 297.413 297.11 296.81 296.53
318.212 317.989 317.786 317.598 317.424 317.264 317.12 316.993 316.875 316.76 316.648 316.543 316.44 316.332 316.218 316.103 315.984 315.863 315.739 315.613 315.483 315.349 315.212 315.073 314.926 314.767 314.595 314.413 314.217 314.001 313.763 313.506 313.231 312.939 312.628 312.297 311.953 311.598 311.233 310.856 310.47 310.079 309.681 309.275 308.865 308.457 308.049 307.638 307.233 306.84 306.461 306.094 305.737 305.391 305.061 304.745 304.435 304.12 303.799 303.478 303.152 302.816 302.464 302.101 301.733 301.366 300.999 300.629 300.262 299.902 299.552 299.21 298.872 298.537 298.202 297.869 297.542 297.225 296.911 296.6 296.307
318.097 317.878 317.677 317.49 317.317 317.156 317.012 316.883 316.764 316.648 316.534 316.427 316.322 316.212 316.098 315.981 315.861 315.738 315.613 315.485 315.354 315.218 315.078 314.936 314.785 314.62 314.442 314.253 314.049 313.824 313.576 313.309 313.023 312.721 312.4 312.061 311.709 311.35 310.984 310.607 310.224 309.839 309.449 309.055 308.659 308.264 307.868 307.471 307.078 306.695 306.323 305.959 305.604 305.257 304.923 304.601 304.282 303.959 303.631 303.302 302.969 302.628 302.274 301.911 301.544 301.179 300.817 300.453 300.092 299.737 299.391 299.052 298.716 298.38 298.042 297.702 297.367 297.04 296.715 296.39 296.083
317.979 317.763 317.565 317.379 317.207 317.047 316.903 316.774 316.653 316.535 316.421 316.312 316.205 316.094 315.977 315.859 315.737 315.613 315.486 315.357 315.223 315.084 314.942 314.797 314.642 314.473 314.289 314.094 313.883 313.65 313.394 313.116 312.82 312.509 312.181 311.833 311.474 311.111 310.743 310.368 309.989 309.608 309.228 308.845 308.462 308.08 307.697 307.313 306.933 306.559 306.193 305.833 305.478 305.13 304.792 304.462 304.134 303.802 303.466 303.129 302.787 302.44 302.084 301.721 301.355 300.993 300.634 300.277 299.923 299.574 299.232 298.896 298.562 298.226 297.883 297.537 297.193 296.856 296.519 296.179 295.858
317.859 317.646 317.45 317.267 317.097 316.938 316.794 316.665 316.544 316.425 316.309 316.199 316.089 315.976 315.858 315.738 315.615 315.488 315.359 315.228 315.092 314.95 314.805 314.657 314.499 314.326 314.137 313.936 313.718 313.478 313.214 312.927 312.623 312.304 311.968 311.613 311.248 310.881 310.513 310.139 309.763 309.389 309.017 308.647 308.277 307.907 307.538 307.168 306.799 306.435 306.074 305.717 305.363 305.013 304.669 304.33 303.992 303.651 303.305 302.958 302.608 302.254 301.895 301.53 301.166 300.806 300.452 300.102 299.756 299.412 299.075 298.744 298.413 298.076 297.729 297.376 297.023 296.675 296.324 295.968 295.63
317.737 317.527 317.334 317.154 316.985 316.828 316.685 316.556 316.434 316.315 316.198 316.086 315.975 315.86 315.74 315.618 315.492 315.363 315.232 315.098 314.96 314.815 314.667 314.516 314.355 314.178 313.985 313.778 313.555 313.309 313.037 312.743 312.43 312.104 311.761 311.4 311.029 310.659 310.29 309.918 309.546 309.178 308.816 308.458 308.101 307.745 307.388 307.032 306.676 306.321 305.966 305.611 305.257 304.904 304.554 304.205 303.856 303.503 303.147 302.789 302.429 302.068 301.705 301.34 300.976 300.619 300.271 299.928 299.589 299.253 298.921 298.595 298.266 297.929 297.579 297.218 296.855 296.495 296.13 295.757 295.401
317.612 317.406 317.215 317.038 316.871 316.716 316.574 316.445 316.324 316.204 316.086 315.973 315.86 315.743 315.621 315.496 315.368 315.237 315.103 314.967 314.826 314.679 314.528 314.375 314.211 314.03 313.833 313.622 313.393 313.142 312.864 312.562 312.242 311.909 311.56 311.192 310.817 310.444 310.075 309.705 309.337 308.975 308.622 308.276 307.933 307.589 307.245 306.902 306.559 306.212 305.862 305.51 305.155 304.799 304.441 304.082 303.721 303.357 302.991 302.62 302.25 301.882 301.515 301.148 300.785 300.431 300.087 299.752 299.422 299.092 298.766 298.445 298.12 297.783 297.429 297.061 296.688 296.317 295.937 295.546 295.172
317.483 317.28 317.093 316.918 316.754 316.6 316.459 316.331 316.21 316.09 315.971 315.856 315.741 315.622 315.498 315.371 315.241 315.107 314.971 314.833 314.69 314.541 314.388 314.232 314.066 313.882 313.681 313.467 313.234 312.977 312.693 312.385 312.059 311.72 311.365 310.992 310.611 310.236 309.867 309.498 309.133 308.777 308.433 308.098 307.767 307.435 307.103 306.773 306.441 306.103 305.758 305.407 305.052 304.692 304.327 303.958 303.585 303.21 302.832 302.451 302.07 301.694 301.323 300.954 300.591 300.239 299.9 299.572 299.25 298.927 298.607 298.291 297.97 297.634 297.276 296.902 296.519 296.137 295.743 295.335 294.943
317.351 317.151 316.967 316.795 316.633 316.482 316.342 316.215 316.094 315.973 315.853 315.737 315.62 315.499 315.373 315.243 315.111 314.975 314.837 314.696 314.55 314.399 314.244 314.087 313.919 313.733 313.529 313.312 313.075 312.815 312.526 312.213 311.881 311.537 311.177 310.799 310.414 310.036 309.667 309.3 308.938 308.587 308.251 307.927 307.608 307.287 306.967 306.649 306.328 305.997 305.656 305.307 304.95 304.587 304.215 303.835 303.45 303.063 302.674 302.281 301.889 301.505 301.129 300.758 300.395 300.045 299.71 299.39 299.076 298.76 298.445 298.135 297.819 297.483 297.122 296.742 296.351 295.958 295.55 295.124 294.714
317.217 317.019 316.838 316.668 316.51 316.36 316.222 316.096 315.975 315.855 315.734 315.616 315.497 315.374 315.245 315.113 314.978 314.84 314.699 314.556 314.409 314.255 314.099 313.94 313.771 313.583 313.377 313.157 312.918 312.655 312.363 312.045 311.708 311.36 310.996 310.613 310.224 309.844 309.475 309.109 308.75 308.404 308.076 307.762 307.454 307.145 306.835 306.528 306.218 305.895 305.557 305.209 304.851 304.483 304.104 303.713 303.315 302.917 302.516 302.11 301.707 301.315 300.934 300.56 300.197 299.848 299.518 299.205 298.899 298.59 298.281 297.978 297.666 297.332 296.967 296.581 296.182 295.778 295.356 294.913 294.485
317.079 316.884 316.705 316.539 316.383 316.235 316.099 315.973 315.853 315.732 315.611 315.491 315.37 315.245 315.115 314.98 314.843 314.703 314.56 314.415 314.266 314.111 313.953 313.793 313.623 313.434 313.227 313.005 312.764 312.498 312.202 311.88 311.539 311.187 310.819 310.431 310.039 309.657 309.288 308.922 308.566 308.225 307.903 307.599 307.301 307.002 306.702 306.407 306.106 305.79 305.455 305.108 304.748 304.376 303.99 303.588 303.178 302.769 302.356 301.938 301.524 301.123 300.737 300.36 299.997 299.649 299.323 299.016 298.718 298.415 298.113 297.815 297.508 297.176 296.809 296.418 296.011 295.597 295.162 294.703 294.258
316.938 316.746 316.569 316.405 316.252 316.106 315.971 315.846 315.726 315.605 315.483 315.362 315.239 315.113 314.981 314.845 314.706 314.564 314.42 314.274 314.123 313.967 313.809 313.648 313.477 313.287 313.078 312.855 312.612 312.344 312.045 311.719 311.374 311.018 310.645 310.253 309.857 309.473 309.102 308.737 308.383 308.045 307.729 307.433 307.145 306.854 306.564 306.278 305.987 305.677 305.345 304.998 304.637 304.261 303.868 303.456 303.035 302.615 302.192 301.762 301.337 300.928 300.537 300.158 299.793 299.446 299.124 298.823 298.531 298.235 297.937 297.646 297.343 297.013 296.645 296.249 295.836 295.414 294.968 294.494 294.033
