tests/full-run-ref/erosion_2010_78_13_87.555.asc
ncols 512
nrows 512
xllcorner -3.24582
yllcorner -4.08743
cellsize 5
NODATA_value -99999
[rows 180 to 209 of 512, columns 67 to 133 of 512]
338.884 339.289 339.637 339.925 340.146 340.292 340.368 340.389 340.372 340.315 340.207 340.07 339.921 339.762 339.582 339.393 339.203 339.015 338.822 338.629 338.44 338.258 338.08 337.902 337.722 337.541 337.358 337.173 336.983 336.785 336.581 336.374 336.17 335.967 335.763 335.562 335.366 335.178 334.997 334.817 334.635 334.452 334.269 334.082 333.884 333.675 333.458 333.23 332.989 332.734 332.466 332.187 331.897 331.599 331.292 330.973 330.642 330.3 329.949 329.582 329.195 328.788 328.362 327.916 327.449 326.955 326.436
338.172 338.6 338.968 339.272 339.506 339.659 339.737 339.757 339.739 339.678 339.565 339.421 339.268 339.105 338.923 338.732 338.542 338.356 338.167 337.98 337.797 337.622 337.452 337.283 337.113 336.942 336.772 336.599 336.421 336.237 336.047 335.855 335.665 335.476 335.287 335.1 334.917 334.74 334.569 334.398 334.223 334.046 333.868 333.684 333.489 333.283 333.068 332.842 332.603 332.35 332.083 331.806 331.519 331.225 330.921 330.608 330.283 329.949 329.606 329.249 328.873 328.476 328.061 327.628 327.172 326.69 326.182
337.436 337.888 338.278 338.6 338.847 339.01 339.091 339.113 339.095 339.033 338.918 338.772 338.617 338.454 338.271 338.081 337.894 337.712 337.529 337.349 337.174 337.007 336.846 336.687 336.528 336.367 336.208 336.047 335.882 335.711 335.535 335.358 335.181 335.006 334.83 334.656 334.484 334.317 334.153 333.989 333.82 333.647 333.471 333.289 333.096 332.892 332.678 332.454 332.217 331.965 331.699 331.423 331.139 330.849 330.55 330.242 329.924 329.597 329.263 328.916 328.549 328.163 327.761 327.339 326.896 326.425 325.93
336.671 337.146 337.558 337.899 338.162 338.335 338.423 338.449 338.435 338.376 338.262 338.116 337.963 337.804 337.626 337.44 337.259 337.085 336.91 336.739 336.573 336.415 336.263 336.114 335.964 335.814 335.665 335.515 335.361 335.202 335.039 334.874 334.71 334.546 334.382 334.218 334.055 333.896 333.74 333.581 333.417 333.246 333.072 332.891 332.699 332.496 332.283 332.06 331.824 331.574 331.31 331.037 330.756 330.47 330.176 329.874 329.563 329.244 328.919 328.581 328.225 327.85 327.46 327.051 326.621 326.163 325.681
335.872 336.372 336.807 337.169 337.449 337.636 337.733 337.767 337.76 337.707 337.598 337.456 337.309 337.157 336.988 336.812 336.641 336.476 336.313 336.152 335.996 335.848 335.706 335.567 335.427 335.287 335.148 335.008 334.864 334.715 334.563 334.41 334.256 334.102 333.948 333.793 333.638 333.485 333.333 333.178 333.016 332.847 332.673 332.491 332.299 332.096 331.884 331.661 331.426 331.178 330.916 330.645 330.368 330.087 329.799 329.503 329.199 328.889 328.573 328.245 327.899 327.536 327.158 326.762 326.345 325.902 325.434
335.044 335.57 336.03 336.414 336.713 336.915 337.025 337.068 337.071 337.028 336.926 336.793 336.655 336.515 336.358 336.195 336.037 335.885 335.734 335.586 335.442 335.305 335.173 335.044 334.914 334.783 334.654 334.523 334.389 334.25 334.108 333.965 333.82 333.675 333.529 333.382 333.233 333.084 332.935 332.782 332.62 332.451 332.275 332.091 331.898 331.694 331.481 331.259 331.025 330.778 330.519 330.251 329.978 329.702 329.42 329.131 328.835 328.533 328.225 327.907 327.573 327.221 326.856 326.474 326.07 325.641 325.189
334.195 334.746 335.23 335.636 335.955 336.173 336.297 336.353 336.368 336.336 336.246 336.124 335.999 335.873 335.732 335.585 335.442 335.305 335.169 335.035 334.904 334.779 334.658 334.538 334.417 334.296 334.175 334.052 333.926 333.796 333.664 333.528 333.392 333.254 333.115 332.973 332.829 332.683 332.536 332.384 332.222 332.052 331.874 331.688 331.493 331.288 331.075 330.852 330.62 330.375 330.119 329.855 329.587 329.316 329.04 328.759 328.47 328.177 327.879 327.57 327.246 326.907 326.555 326.187 325.798 325.385 324.949
333.333 333.906 334.411 334.838 335.177 335.411 335.55 335.62 335.649 335.632 335.556 335.448 335.338 335.229 335.107 334.978 334.853 334.733 334.613 334.494 334.377 334.264 334.153 334.042 333.93 333.817 333.702 333.586 333.467 333.344 333.218 333.09 332.96 332.828 332.694 332.558 332.417 332.274 332.128 331.976 331.815 331.644 331.464 331.276 331.08 330.876 330.663 330.441 330.211 329.969 329.717 329.459 329.196 328.931 328.663 328.388 328.108 327.823 327.534 327.235 326.923 326.596 326.258 325.904 325.531 325.134 324.717
332.448 333.041 333.566 334.013 334.371 334.624 334.779 334.865 334.911 334.912 334.853 334.764 334.673 334.584 334.483 334.377 334.273 334.171 334.069 333.967 333.865 333.764 333.663 333.561 333.457 333.349 333.24 333.129 333.014 332.896 332.775 332.652 332.526 332.398 332.268 332.135 331.997 331.855 331.709 331.557 331.395 331.223 331.042 330.854 330.657 330.453 330.241 330.022 329.794 329.557 329.312 329.06 328.805 328.547 328.285 328.019 327.746 327.47 327.19 326.901 326.6 326.286 325.963 325.625 325.268 324.89 324.492
331.542 332.153 332.698 333.165 333.542 333.814 333.987 334.092 334.157 334.178 334.14 334.072 334.004 333.939 333.863 333.782 333.7 333.62 333.538 333.454 333.367 333.279 333.188 333.094 332.997 332.895 332.79 332.681 332.57 332.455 332.338 332.217 332.094 331.968 331.841 331.71 331.573 331.431 331.284 331.131 330.968 330.795 330.613 330.423 330.227 330.024 329.813 329.596 329.372 329.142 328.903 328.66 328.413 328.162 327.908 327.649 327.386 327.118 326.847 326.568 326.278 325.978 325.67 325.349 325.01 324.65 324.274
330.632 331.258 331.82 332.305 332.701 332.99 333.182 333.306 333.392 333.435 333.42 333.375 333.331 333.292 333.243 333.189 333.132 333.074 333.013 332.948 332.878 332.802 332.721 332.635 332.544 332.448 332.345 332.238 332.129 332.016 331.901 331.782 331.661 331.537 331.412 331.282 331.146 331.003 330.856 330.701 330.538 330.364 330.181 329.991 329.795 329.593 329.385 329.171 328.952 328.728 328.497 328.262 328.023 327.781 327.534 327.284 327.028 326.769 326.507 326.238 325.96 325.674 325.382 325.077 324.756 324.417 324.062
329.735 330.372 330.946 331.445 331.856 332.162 332.372 332.515 332.621 332.685 332.694 332.674 332.655 332.642 332.621 332.594 332.563 332.528 332.489 332.443 332.39 332.327 332.256 332.177 332.092 332 331.899 331.794 331.685 331.575 331.461 331.344 331.224 331.103 330.979 330.851 330.716 330.575 330.427 330.273 330.109 329.936 329.753 329.562 329.368 329.168 328.963 328.754 328.54 328.321 328.099 327.872 327.641 327.406 327.167 326.924 326.676 326.426 326.173 325.914 325.648 325.376 325.1 324.813 324.51 324.19 323.857
328.845 329.488 330.071 330.581 331.005 331.325 331.552 331.713 331.84 331.927 331.96 331.966 331.973 331.989 331.997 331.999 331.993 331.983 331.966 331.941 331.904 331.854 331.793 331.721 331.642 331.553 331.453 331.348 331.24 331.131 331.018 330.902 330.783 330.663 330.542 330.416 330.283 330.142 329.995 329.841 329.678 329.505 329.323 329.134 328.941 328.746 328.545 328.341 328.133 327.922 327.707 327.488 327.265 327.037 326.805 326.569 326.33 326.089 325.845 325.596 325.342 325.085 324.825 324.556 324.272 323.973 323.662
327.959 328.603 329.191 329.71 330.144 330.478 330.721 330.901 331.049 331.159 331.218 331.253 331.288 331.332 331.371 331.403 331.426 331.44 331.447 331.443 331.423 331.386 331.334 331.27 331.195 331.109 331.01 330.904 330.795 330.686 330.573 330.458 330.34 330.221 330.101 329.977 329.845 329.705 329.56 329.406 329.245 329.073 328.892 328.705 328.515 328.324 328.13 327.932 327.731 327.527 327.32 327.109 326.894 326.674 326.448 326.22 325.989 325.756 325.521 325.283 325.042 324.8 324.557 324.307 324.042 323.764 323.475
327.084 327.727 328.317 328.841 329.284 329.63 329.887 330.086 330.254 330.388 330.474 330.537 330.601 330.675 330.746 330.809 330.859 330.899 330.93 330.947 330.945 330.921 330.878 330.82 330.75 330.666 330.567 330.46 330.351 330.241 330.129 330.013 329.896 329.779 329.661 329.539 329.409 329.272 329.127 328.976 328.816 328.646 328.467 328.282 328.095 327.909 327.721 327.53 327.335 327.139 326.939 326.736 326.528 326.315 326.096 325.875 325.652 325.428 325.202 324.975 324.746 324.518 324.293 324.061 323.815 323.557 323.29
326.232 326.87 327.458 327.984 328.432 328.788 329.059 329.275 329.462 329.619 329.731 329.822 329.915 330.019 330.121 330.215 330.294 330.359 330.414 330.452 330.468 330.457 330.423 330.371 330.305 330.224 330.124 330.015 329.906 329.797 329.684 329.57 329.454 329.339 329.225 329.107 328.981 328.846 328.704 328.556 328.399 328.231 328.053 327.871 327.688 327.506 327.323 327.137 326.949 326.758 326.565 326.369 326.168 325.961 325.749 325.534 325.318 325.103 324.887 324.67 324.453 324.24 324.03 323.815 323.586 323.347 323.1
325.403 326.032 326.615 327.138 327.589 327.951 328.234 328.464 328.67 328.848 328.986 329.105 329.227 329.36 329.494 329.618 329.726 329.817 329.896 329.956 329.989 329.991 329.966 329.92 329.859 329.78 329.68 329.57 329.459 329.351 329.24 329.127 329.013 328.902 328.793 328.679 328.558 328.427 328.29 328.146 327.992 327.828 327.652 327.472 327.292 327.115 326.936 326.756 326.573 326.388 326.2 326.01 325.815 325.614 325.407 325.199 324.991 324.784 324.577 324.371 324.166 323.966 323.772 323.574 323.362 323.139 322.91
324.593 325.209 325.782 326.3 326.75 327.117 327.409 327.653 327.876 328.076 328.24 328.387 328.537 328.7 328.865 329.022 329.158 329.275 329.379 329.46 329.511 329.526 329.51 329.47 329.413 329.336 329.235 329.124 329.013 328.906 328.795 328.684 328.573 328.467 328.363 328.256 328.14 328.015 327.883 327.743 327.594 327.433 327.261 327.083 326.907 326.733 326.56 326.384 326.206 326.025 325.843 325.657 325.468 325.272 325.071 324.869 324.669 324.47 324.273 324.076 323.883 323.697 323.518 323.336 323.139 322.932 322.72
323.797 324.398 324.959 325.469 325.917 326.288 326.588 326.846 327.086 327.307 327.497 327.672 327.852 328.045 328.242 328.43 328.595 328.739 328.867 328.97 329.039 329.066 329.058 329.023 328.97 328.895 328.793 328.679 328.568 328.461 328.352 328.243 328.136 328.034 327.936 327.836 327.727 327.608 327.482 327.348 327.204 327.047 326.878 326.703 326.53 326.36 326.19 326.018 325.844 325.668 325.489 325.308 325.123 324.933 324.737 324.541 324.348 324.158 323.969 323.783 323.601 323.428 323.262 323.094 322.912 322.719 322.521
323.011 323.596 324.144 324.647 325.092 325.466 325.776 326.047 326.304 326.547 326.763 326.968 327.177 327.401 327.631 327.851 328.045 328.214 328.366 328.49 328.575 328.614 328.614 328.583 328.533 328.458 328.355 328.238 328.126 328.02 327.912 327.805 327.701 327.605 327.515 327.422 327.32 327.207 327.089 326.961 326.823 326.67 326.503 326.331 326.161 325.993 325.825 325.656 325.485 325.311 325.136 324.958 324.778 324.592 324.402 324.211 324.025 323.842 323.662 323.486 323.314 323.152 322.999 322.843 322.672 322.491 322.305
322.239 322.806 323.341 323.834 324.275 324.652 324.97 325.254 325.528 325.792 326.035 326.27 326.508 326.763 327.026 327.278 327.501 327.696 327.872 328.017 328.118 328.168 328.174 328.147 328.099 328.025 327.919 327.8 327.686 327.58 327.474 327.37 327.27 327.18 327.098 327.014 326.92 326.816 326.705 326.585 326.452 326.303 326.14 325.97 325.802 325.635 325.468 325.3 325.13 324.958 324.785 324.61 324.433 324.252 324.067 323.882 323.702 323.527 323.356 323.188 323.025 322.873 322.73 322.585 322.424 322.252 322.074
321.479 322.028 322.547 323.029 323.465 323.843 324.169 324.465 324.756 325.043 325.313 325.577 325.846 326.132 326.428 326.713 326.965 327.186 327.385 327.55 327.667 327.728 327.74 327.716 327.669 327.594 327.485 327.363 327.247 327.143 327.038 326.937 326.842 326.759 326.686 326.612 326.527 326.431 326.329 326.217 326.091 325.947 325.787 325.619 325.452 325.286 325.118 324.949 324.779 324.609 324.437 324.265 324.091 323.913 323.733 323.554 323.38 323.212 323.049 322.889 322.735 322.591 322.458 322.321 322.168 322.003 321.831
320.726 321.256 321.76 322.231 322.662 323.043 323.377 323.687 323.996 324.305 324.603 324.898 325.198 325.515 325.845 326.162 326.444 326.69 326.912 327.096 327.229 327.299 327.315 327.293 327.247 327.171 327.058 326.931 326.813 326.709 326.606 326.507 326.417 326.341 326.277 326.213 326.138 326.05 325.957 325.853 325.734 325.594 325.437 325.272 325.105 324.94 324.77 324.6 324.429 324.259 324.088 323.917 323.746 323.572 323.396 323.222 323.054 322.893 322.737 322.586 322.439 322.302 322.176 322.046 321.899 321.739 321.572
319.972 320.486 320.976 321.438 321.867 322.252 322.597 322.923 323.251 323.585 323.913 324.24 324.572 324.921 325.284 325.635 325.945 326.215 326.459 326.661 326.807 326.886 326.906 326.883 326.836 326.758 326.64 326.507 326.386 326.281 326.178 326.082 325.995 325.926 325.87 325.815 325.749 325.67 325.586 325.489 325.376 325.241 325.087 324.922 324.757 324.591 324.419 324.246 324.075 323.904 323.735 323.565 323.396 323.225 323.053 322.884 322.721 322.566 322.416 322.271 322.131 322 321.879 321.754 321.612 321.456 321.292
319.217 319.716 320.195 320.651 321.079 321.471 321.829 322.173 322.523 322.882 323.242 323.603 323.968 324.35 324.748 325.131 325.47 325.764 326.029 326.248 326.406 326.491 326.512 326.488 326.439 326.356 326.231 326.092 325.966 325.859 325.755 325.66 325.577 325.513 325.466 325.42 325.363 325.292 325.216 325.128 325.021 324.889 324.737 324.574 324.409 324.241 324.067 323.891 323.717 323.546 323.377 323.208 323.04 322.872 322.704 322.54 322.382 322.232 322.088 321.948 321.813 321.686 321.569 321.448 321.308 321.153 320.99
318.465 318.951 319.419 319.869 320.299 320.698 321.071 321.435 321.808 322.195 322.587 322.983 323.383 323.799 324.231 324.647 325.015 325.332 325.617 325.851 326.021 326.111 326.132 326.105 326.051 325.963 325.83 325.683 325.551 325.441 325.337 325.243 325.162 325.104 325.064 325.028 324.979 324.917 324.849 324.769 324.668 324.54 324.39 324.228 324.062 323.892 323.715 323.535 323.358 323.186 323.016 322.847 322.681 322.515 322.351 322.191 322.037 321.891 321.752 321.617 321.486 321.362 321.247 321.127 320.988 320.834 320.67
317.715 318.189 318.649 319.095 319.526 319.936 320.325 320.71 321.107 321.524 321.95 322.381 322.815 323.265 323.732 324.18 324.576 324.916 325.218 325.468 325.647 325.741 325.762 325.73 325.672 325.577 325.436 325.28 325.143 325.029 324.923 324.829 324.751 324.697 324.665 324.637 324.596 324.541 324.482 324.409 324.313 324.189 324.041 323.879 323.712 323.541 323.36 323.176 322.996 322.822 322.651 322.482 322.317 322.153 321.992 321.835 321.685 321.543 321.408 321.277 321.148 321.026 320.912 320.793 320.654 320.498 320.332
316.969 317.431 317.884 318.328 318.764 319.185 319.591 319.999 320.422 320.868 321.328 321.796 322.264 322.747 323.247 323.727 324.149 324.51 324.83 325.093 325.281 325.38 325.398 325.363 325.299 325.199 325.049 324.885 324.741 324.624 324.515 324.42 324.343 324.293 324.267 324.246 324.211 324.163 324.11 324.043 323.953 323.831 323.685 323.523 323.357 323.184 322.999 322.812 322.63 322.455 322.282 322.113 321.948 321.786 321.627 321.473 321.325 321.186 321.054 320.926 320.799 320.678 320.564 320.443 320.304 320.147 319.979
316.223 316.677 317.125 317.569 318.011 318.446 318.873 319.306 319.757 320.235 320.731 321.236 321.739 322.255 322.789 323.299 323.746 324.128 324.464 324.738 324.935 325.035 325.051 325.011 324.941 324.833 324.674 324.5 324.349 324.227 324.115 324.018 323.94 323.892 323.87 323.855 323.826 323.783 323.736 323.674 323.588 323.469 323.324 323.162 322.995 322.821 322.634 322.443 322.259 322.082 321.908 321.738 321.573 321.411 321.254 321.102 320.956 320.819 320.689 320.562 320.436 320.315 320.2 320.078 319.937 319.778 319.608
315.479 315.926 316.371 316.817 317.268 317.718 318.168 318.628 319.109 319.619 320.153 320.695 321.234 321.784 322.35 322.89 323.362 323.763 324.114 324.399 324.601 324.704 324.716 324.669 324.592 324.476 324.308 324.124 323.965 323.837 323.72 323.62 323.541 323.495 323.476 323.465 323.44 323.401 323.359 323.302 323.219 323.102 322.958 322.797 322.629 322.453 322.264 322.071 321.884 321.705 321.53 321.358 321.192 321.031 320.875 320.724 320.58 320.443 320.314 320.188 320.061 319.939 319.822 319.698 319.554 319.393 319.221
