tests/full-run-ref/erosion_82_12_73.185.asc
ncols 512
nrows 512
xllcorner -3.24582
yllcorner -4.08743
cellsize 5
NODATA_value -99999
[rows 217 to 247 of 512, columns 207 to 275 of 512]
11.54 11.54 11.54 11.54 11.54 11.54 11.5399 11.5399 11.54 11.5399 11.54 11.54 11.5399 11.54 11.54 11.54 11.54 11.54 11.54 11.54 11.54 11.54 11.54 11.5399 11.54 11.5399 11.54 11.5399 11.5399 11.54 11.5399 11.54 11.5399 11.54 11.5399 11.54 11.5398 11.54 11.5397 11.5396 11.5396 11.5397 11.5397 11.5397 11.54 11.54 11.54 11.54 11.54 11.54 11.54 11.54 11.54 11.54 11.54 11.54 11.5356 11.5401 11.535 11.54 11.54 11.5389 11.5379 11.5364 11.5342 11.5302 11.54 11.54 11.5256
11.54 11.54 11.5399 11.54 11.54 11.54 11.54 11.54 11.54 11.54 11.54 11.54 11.5399 11.54 11.5398 11.5399 11.5398 11.5398 11.5398 11.5399 11.5398 11.5398 11.5398 11.5398 11.5398 11.5398 11.5398 11.5399 11.5399 11.5399 11.5399 11.5397 11.5397 11.5398 11.5397 11.5395 11.5393 11.5394 11.5394 11.5394 11.5394 11.5394 11.5395 11.5395 11.5392 11.5393 11.5389 11.5392 11.5387 11.5391 11.5388 11.5393 11.539 11.5393 11.5392 11.5396 11.5359 11.537 11.5364 11.5398 11.5387 11.5376 11.5355 11.5325 11.5273 11.5178 11.5257 11.5094 11.5152
11.54 11.5399 11.5399 11.54 11.54 11.54 11.5399 11.54 11.54 11.54 11.54 11.54 11.54 11.5399 11.5399 11.5398 11.5399 11.5398 11.5399 11.5398 11.5399 11.5399 11.5399 11.5399 11.5397 11.5398 11.5399 11.5399 11.5399 11.5396 11.5397 11.5399 11.5399 11.5396 11.5397 11.5399 11.5398 11.5388 11.5389 11.5385 11.5388 11.5386 11.5391 11.539 11.5396 11.5392 11.5396 11.5388 11.5394 11.5392 11.5396 11.539 11.5395 11.5393 11.5397 11.5394 11.5398 11.5399 11.5399 11.5396 11.5396 11.5392 11.5386 11.5376 11.5361 11.5329 11.5301 11.535 11.5361
11.54 11.5399 11.5399 11.5399 11.54 11.54 11.54 11.54 11.54 11.54 11.54 11.54 11.5399 11.5399 11.5399 11.5399 11.5399 11.5399 11.5399 11.5399 11.5399 11.5399 11.5399 11.5399 11.5399 11.5399 11.5399 11.5399 11.5399 11.5399 11.5399 11.5399 11.5399 11.5399 11.5399 11.5398 11.5398 11.5397 11.5396 11.5396 11.5397 11.5397 11.5397 11.5397 11.5396 11.5396 11.5394 11.5395 11.5395 11.5396 11.5395 11.5396 11.5395 11.5396 11.5396 11.5397 11.5398 11.5399 11.5399 11.5399 11.5398 11.5395 11.5391 11.5387 11.5377 11.5358 11.5364 11.5338 11.5357
11.54 11.54 11.5399 11.54 11.54 11.54 11.54 11.54 11.54 11.54 11.54 11.54 11.54 11.54 11.54 11.54 11.54 11.5399 11.5399 11.54 11.54 11.54 11.54 11.5399 11.54 11.54 11.54 11.54 11.54 11.5399 11.5399 11.5399 11.5399 11.54 11.5399 11.5398 11.5398 11.5397 11.5397 11.5397 11.5397 11.5397 11.5397 11.5397 11.5396 11.5396 11.5396 11.5396 11.5397 11.5396 11.5397 11.5397 11.5396 11.5397 11.5397 11.5398 11.5399 11.5399 11.5399 11.5399 11.5398 11.5397 11.5395 11.5393 11.5393 11.5381 11.5384 11.538 11.5364
11.5399 11.54 11.54 11.5399 11.54 11.5399 11.54 11.5399 11.54 11.54 11.54 11.54 11.54 11.54 11.54 11.54 11.54 11.54 11.54 11.54 11.54 11.54 11.54 11.54 11.54 11.54 11.54 11.54 11.54 11.54 11.54 11.54 11.54 11.54 11.54 11.54 11.54 11.54 11.54 11.54 11.54 11.54 11.54 11.54 11.54 11.54 11.54 11.54 11.54 11.54 11.54 11.54 11.54 11.54 11.54 11.54 11.54 11.5399 11.5399 11.54 11.54 11.54 11.54 11.5378 11.5368 11.529 11.54 11.54 11.54
11.54 11.54 11.54 11.54 11.54 11.54 11.5399 11.54 11.5399 11.54 11.54 11.54 11.5398 11.5398 11.5398 11.54 11.54 11.54 11.54 11.54 11.5399 11.5399 11.5399 11.54 11.54 11.54 11.54 11.54 11.5399 11.5399 11.5399 11.54 11.54 11.54 11.54 11.54 11.5397 11.5396 11.5396 11.54 11.54 11.54 11.54 11.54 11.5387 11.5386 11.5385 11.54 11.54 11.54 11.54 11.54 11.5391 11.5393 11.5394 11.54 11.5334 11.5391 11.537 11.54 11.54 11.5399 11.5399 11.5391 11.54 11.5292 11.5393 11.54 11.5391
11.5399 11.54 11.54 11.54 11.5399 11.54 11.54 11.54 11.5399 11.5399 11.5397 11.5397 11.5397 11.5396 11.5396 11.5395 11.5397 11.5396 11.5398 11.5397 11.5398 11.5398 11.5398 11.5399 11.5398 11.5399 11.5398 11.5398 11.5398 11.5397 11.5397 11.5395 11.5397 11.5395 11.5396 11.5393 11.5393 11.5392 11.5389 11.5392 11.5383 11.5384 11.5374 11.5377 11.5376 11.5373 11.5368 11.5359 11.5374 11.5369 11.5381 11.5373 11.5379 11.5382 11.5383 11.5392 11.5291 11.5401 11.5326 11.5398 11.5394 11.5367 11.5383 11.5386 11.5354 11.5337 11.5389 11.5383 11.5382
11.54 11.54 11.54 11.54 11.54 11.54 11.5399 11.54 11.54 11.5399 11.5399 11.5393 11.5393 11.5391 11.5393 11.5398 11.5395 11.5398 11.5398 11.5399 11.5399 11.5399 11.5399 11.5398 11.5399 11.5399 11.5399 11.5396 11.5396 11.5394 11.5395 11.5398 11.5395 11.5398 11.5396 11.5398 11.5398 11.5397 11.5396 11.5388 11.5391 11.5382 11.5389 11.5349 11.5352 11.5334 11.5351 11.5385 11.5363 11.5384 11.538 11.5391 11.5392 11.5393 11.5394 11.5386 11.5235 11.5174 11.5244 11.5392 11.5398 11.536 11.5401 11.5319 11.5397 11.5396 11.5394 11.5382 11.5355
11.54 11.54 11.54 11.54 11.54 11.54 11.54 11.54 11.54 11.54 11.54 11.54 11.54 11.54 11.54 11.54 11.54 11.54 11.54 11.54 11.54 11.54 11.54 11.54 11.54 11.54 11.54 11.54 11.54 11.54 11.54 11.54 11.54 11.54 11.54 11.54 11.54 11.54 11.54 11.54 11.54 11.54 11.54 11.54 11.54 11.54 11.54 11.54 11.54 11.54 11.54 11.54 11.54 11.54 11.54 11.54 11.54 11.54 11.54 11.54 11.5397 11.5359 11.53 11.529 11.5397 11.5397 11.5395 11.54 11.54
11.54 11.54 11.54 11.54 11.54 11.54 11.5399 11.5399 11.5397 11.5398 11.5398 11.5397 11.5396 11.5397 11.5397 11.5396 11.5397 11.5397 11.5398 11.5398 11.5399 11.5399 11.5399 11.5399 11.5399 11.5399 11.5399 11.5399 11.5398 11.5398 11.5398 11.5397 11.5397 11.5397 11.5397 11.5397 11.5396 11.5395 11.5393 11.5391 11.5387 11.5386 11.5385 11.5383 11.5376 11.5379 11.5378 11.5372 11.5375 11.5374 11.5377 11.5381 11.5381 11.5381 11.5382 11.5382 11.5381 11.5383 11.5387 11.5378 11.5395 11.5394 11.5396 11.5396 11.5396 11.5398 11.5392 11.5389 11.54
11.54 11.54 11.54 11.54 11.5399 11.54 11.5397 11.5398 11.5399 11.5398 11.5394 11.5393 11.5392 11.5391 11.5392 11.5392 11.5391 11.5393 11.5394 11.5396 11.5396 11.5397 11.5397 11.5397 11.5397 11.5398 11.5397 11.5397 11.5396 11.5395 11.5395 11.5394 11.5393 11.5393 11.5393 11.5392 11.5389 11.5387 11.5383 11.5377 11.537 11.5366 11.5356 11.5355 11.5351 11.5342 11.5344 11.5342 11.5336 11.534 11.5342 11.5348 11.5346 11.5348 11.5349 11.535 11.5349 11.5354 11.5362 11.5356 11.54 11.5379 11.54 11.54 11.54 11.5397 11.5393 11.538 11.5368
11.54 11.54 11.54 11.54 11.54 11.5399 11.54 11.54 11.54 11.54 11.54 11.54 11.54 11.54 11.54 11.54 11.54 11.54 11.54 11.54 11.54 11.54 11.54 11.54 11.54 11.54 11.54 11.54 11.54 11.54 11.54 11.54 11.54 11.54 11.54 11.54 11.54 11.54 11.54 11.54 11.54 11.54 11.54 11.54 11.54 11.54 11.54 11.54 11.54 11.54 11.54 11.54 11.54 11.54 11.54 11.54 11.54 11.54 11.54 11.5344 11.534 11.5365 11.539 11.5393 11.526 11.5352 11.5263 11.5387 11.5355
11.54 11.54 11.54 11.54 11.54 11.5399 11.5399 11.5399 11.5398 11.5397 11.5396 11.5395 11.5394 11.5393 11.5393 11.5394 11.5394 11.5395 11.5396 11.5397 11.5397 11.5397 11.5398 11.5398 11.5398 11.5398 11.5398 11.5398 11.5398 11.5397 11.5397 11.5397 11.5396 11.5396 11.5395 11.5394 11.5392 11.5389 11.5387 11.5383 11.5379 11.5377 11.5373 11.5369 11.5366 11.5362 11.536 11.536 11.5356 11.5357 11.5354 11.5353 11.5352 11.5351 11.5352 11.5354 11.5357 11.5364 11.537 11.5379 11.5387 11.5387 11.5388 11.5382 11.5177 11.5401 11.5134 11.54 11.54
11.54 11.54 11.54 11.54 11.54 11.5399 11.5399 11.5396 11.5394 11.5392 11.539 11.5388 11.5386 11.5384 11.5384 11.5384 11.5385 11.5387 11.5389 11.5391 11.5393 11.5394 11.5394 11.5395 11.5395 11.5396 11.5396 11.5395 11.5394 11.5393 11.5393 11.5392 11.5391 11.5389 11.5387 11.5383 11.5379 11.5373 11.5366 11.5359 11.535 11.5344 11.5336 11.5328 11.5318 11.5312 11.5305 11.5303 11.53 11.5294 11.5292 11.5287 11.5282 11.528 11.5281 11.5288 11.5297 11.5314 11.5332 11.5346 11.5372 11.54 11.54 11.54 11.5115 11.5051 11.5026 11.54 11.54
11.54 11.54 11.54 11.54 11.5399 11.5399 11.5399 11.5398 11.5397 11.5396 11.5395 11.5394 11.5393 11.5392 11.5392 11.5391 11.54 11.54 11.54 11.54 11.54 11.54 11.54 11.54 11.54 11.54 11.54 11.54 11.54 11.54 11.54 11.54 11.54 11.54 11.54 11.54 11.54 11.54 11.54 11.54 11.54 11.54 11.54 11.54 11.54 11.54 11.54 11.54 11.54 11.54 11.54 11.54 11.54 11.54 11.54 11.54 11.54 11.54 11.54 11.54 11.54 11.54 11.54 11.54 11.54 11.5387 11.5387 11.5372 11.537
11.54 11.54 11.54 11.54 11.5399 11.5399 11.5399 11.5398 11.5397 11.5396 11.5395 11.5394 11.5393 11.5392 11.5392 11.5391 11.5391 11.5391 11.5392 11.5394 11.5395 11.5395 11.5396 11.5396 11.5397 11.5397 11.5397 11.5396 11.5396 11.5396 11.5396 11.5395 11.5394 11.5392 11.539 11.5387 11.5383 11.5379 11.5375 11.5371 11.5366 11.5362 11.5357 11.5351 11.5349 11.5344 11.5343 11.534 11.5338 11.5337 11.5334 11.5332 11.5326 11.5326 11.5327 11.5336 11.5343 11.5351 11.5355 11.5371 11.5368 11.5358 11.535 11.536 11.5351 11.5366 11.5345 11.5351 11.5348
11.5399 11.54 11.54 11.54 11.5399 11.5399 11.5399 11.5398 11.5397 11.5396 11.5395 11.5394 11.5393 11.5393 11.5392 11.539 11.539 11.5379 11.5381 11.5384 11.5387 11.5389 11.539 11.5391 11.5392 11.5392 11.5391 11.5391 11.5391 11.539 11.5389 11.5387 11.5384 11.5379 11.5374 11.5367 11.5358 11.5349 11.534 11.5329 11.5318 11.5307 11.5295 11.5284 11.5276 11.527 11.5262 11.5259 11.5256 11.5252 11.5246 11.524 11.5233 11.523 11.5236 11.5254 11.5272 11.5279 11.5259 11.5316 11.5366 11.5362 11.5383 11.537 11.5391 11.5382 11.5379 11.5374 11.5374
11.54 11.54 11.54 11.54 11.5399 11.5399 11.5398 11.5398 11.5397 11.5396 11.5395 11.5394 11.5393 11.5393 11.5392 11.539 11.539 11.5389 11.539 11.5392 11.5393 11.5394 11.5395 11.5396 11.5396 11.5396 11.5395 11.5395 11.5395 11.5395 11.5394 11.5393 11.5391 11.5389 11.5386 11.5383 11.5379 11.5375 11.537 11.5365 11.5359 11.5354 11.5348 11.5344 11.534 11.5338 11.5336 11.5333 11.5333 11.5332 11.533 11.5326 11.5326 11.5326 11.5331 11.5337 11.534 11.5353 11.5354 11.5365 11.5373 11.5382 11.5381 11.539 11.5393 11.5382 11.5379 11.5369 11.537
11.54 11.54 11.54 11.54 11.5399 11.5399 11.5398 11.5398 11.5397 11.5396 11.5395 11.5394 11.5393 11.5393 11.5391 11.54 11.54 11.54 11.54 11.54 11.54 11.54 11.54 11.54 11.54 11.54 11.54 11.54 11.54 11.54 11.54 11.54 11.54 11.54 11.54 11.54 11.54 11.54 11.54 11.54 11.54 11.54 11.54 11.54 11.54 11.54 11.54 11.54 11.54 11.54 11.54 11.54 11.54 11.54 11.54 11.54 11.54 11.54 11.54 11.54 11.5384 11.5384 11.5391 11.5393 11.5396 11.538 11.5376 11.5368 11.5364
11.54 11.54 11.54 11.54 11.5399 11.5399 11.5398 11.5398 11.5397 11.5396 11.5395 11.5394 11.5393 11.5393 11.539 11.5388 11.5386 11.5385 11.5386 11.5388 11.539 11.5391 11.5392 11.5393 11.5393 11.5393 11.5392 11.5392 11.5391 11.539 11.5389 11.5388 11.5385 11.5382 11.5378 11.5373 11.5368 11.5362 11.5355 11.5347 11.534 11.5333 11.5326 11.5322 11.532 11.532 11.532 11.5323 11.5326 11.5327 11.5328 11.5329 11.5332 11.5336 11.5338 11.5346 11.5353 11.5365 11.5364 11.5373 11.538 11.539 11.5393 11.5396 11.5398 11.538 11.5376 11.5366 11.5363
11.54 11.54 11.54 11.54 11.5399 11.5399 11.5398 11.5398 11.5397 11.5396 11.5395 11.5394 11.5393 11.5393 11.5389 11.5386 11.5366 11.5364 11.5366 11.537 11.5374 11.5378 11.5381 11.5382 11.5382 11.5381 11.538 11.5379 11.5377 11.5375 11.5372 11.5368 11.5362 11.5354 11.5344 11.5332 11.5319 11.5303 11.5287 11.5268 11.5249 11.5233 11.5219 11.521 11.5207 11.5207 11.5212 11.5221 11.5229 11.5236 11.524 11.5244 11.5251 11.5253 11.5264 11.5283 11.5296 11.5328 11.5341 11.5379 11.5391 11.5393 11.5395 11.5397 11.5397 11.5379 11.5375 11.5366 11.5362
11.54 11.54 11.54 11.54 11.54 11.54 11.54 11.54 11.54 11.54 11.54 11.54 11.54 11.54 11.54 11.54 11.54 11.54 11.54 11.54 11.54 11.54 11.54 11.54 11.54 11.54 11.54 11.54 11.54 11.54 11.54 11.54 11.54 11.54 11.54 11.54 11.54 11.54 11.54 11.54 11.54 11.54 11.54 11.54 11.54 11.54 11.54 11.54 11.54 11.54 11.54 11.54 11.5334 11.5339 11.5345 11.5352 11.536 11.537 11.5378 11.5389 11.5393 11.5395 11.5397 11.5397 11.5398 11.5375 11.54 11.54 11.54
11.54 11.54 11.54 11.5399 11.5399 11.5399 11.5398 11.5397 11.5396 11.5395 11.5393 11.5392 11.5391 11.5389 11.5385 11.5381 11.5377 11.5376 11.5376 11.5378 11.538 11.5382 11.5383 11.5383 11.5383 11.5382 11.5381 11.538 11.5379 11.5378 11.5376 11.5372 11.5367 11.536 11.5352 11.5341 11.533 11.5319 11.5307 11.5294 11.5283 11.5276 11.5271 11.5271 11.5275 11.5283 11.5294 11.5305 11.5318 11.533 11.5341 11.5339 11.535 11.5354 11.536 11.5368 11.5374 11.538 11.5391 11.5394 11.5395 11.5397 11.5397 11.5397 11.5398 11.537 11.5363 11.5349 11.5337
11.54 11.54 11.54 11.5399 11.5399 11.5397 11.5395 11.5393 11.539 11.5387 11.5384 11.538 11.5378 11.5372 11.5363 11.5353 11.5344 11.534 11.5342 11.5346 11.535 11.5353 11.5355 11.5355 11.5354 11.5353 11.5351 11.5349 11.5346 11.5342 11.5337 11.5329 11.5316 11.5298 11.5276 11.525 11.5222 11.5192 11.5163 11.5134 11.511 11.5093 11.5086 11.509 11.5105 11.5128 11.5157 11.5189 11.5222 11.5253 11.5272 11.5353 11.5357 11.5364 11.5364 11.5372 11.5379 11.5389 11.5393 11.5396 11.5397 11.5398 11.5398 11.5398 11.5399 11.5367 11.5356 11.5275 11.5252
11.5399 11.54 11.54 11.5399 11.5399 11.5398 11.5398 11.5395 11.54 11.54 11.54 11.54 11.54 11.54 11.54 11.54 11.54 11.54 11.54 11.54 11.54 11.54 11.54 11.54 11.54 11.54 11.54 11.54 11.54 11.54 11.54 11.54 11.54 11.54 11.54 11.54 11.54 11.54 11.54 11.54 11.54 11.54 11.54 11.54 11.54 11.54 11.54 11.54 11.54 11.54 11.54 11.54 11.54 11.54 11.5376 11.5382 11.5391 11.5393 11.5396 11.5397 11.54 11.54 11.54 11.54 11.54 11.54 11.54 11.54 11.54
11.54 11.54 11.54 11.5399 11.5399 11.5398 11.5398 11.5393 11.5389 11.54 11.5379 11.5376 11.5375 11.54 11.535 11.54 11.54 11.5315 11.5324 11.54 11.54 11.5353 11.5353 11.5353 11.5352 11.5351 11.535 11.5348 11.5346 11.5344 11.534 11.5334 11.5325 11.531 11.5292 11.5271 11.5248 11.5226 11.5206 11.5184 11.5151 11.54 11.5122 11.5153 11.5201 11.54 11.5278 11.54 11.54 11.5341 11.5357 11.54 11.54 11.5378 11.5383 11.5391 11.5394 11.5396 11.5398 11.5396 11.54 11.5393 11.54 11.5382 11.537 11.5343 11.54 11.5293 11.5277
11.54 11.54 11.54 11.5399 11.5399 11.5398 11.5398 11.5392 11.5377 11.5363 11.5359 11.5355 11.5343 11.5298 11.524 11.5261 11.5161 11.5191 11.5179 11.5271 11.523 11.5268 11.5271 11.527 11.5269 11.5266 11.5263 11.526 11.5256 11.525 11.5241 11.5226 11.5202 11.5167 11.512 11.5066 11.501 11.4956 11.4908 11.4853 11.4639 11.4819 11.491 11.4993 11.5039 11.4962 11.5081 11.5238 11.5188 11.5274 11.5299 11.5361 11.5343 11.5385 11.5394 11.5395 11.5396 11.5398 11.5398 11.5394 11.5394 11.5385 11.5364 11.5346 11.531 11.5218 11.5245 11.5222 11.5186
11.54 11.54 11.54 11.5399 11.5399 11.5398 11.5398 11.5392 11.5383 11.5338 11.53 11.5309 11.5279 11.5352 11.532 11.5249 11.5315 11.5317 11.5318 11.5198 11.5315 11.5322 11.5323 11.5322 11.5321 11.532 11.5318 11.5317 11.5315 11.5313 11.5308 11.5301 11.5289 11.5271 11.5246 11.5218 11.5188 11.516 11.5137 11.5116 11.5062 11.4524 11.429 11.4676 11.4705 11.5245 11.5279 11.5263 11.5348 11.5372 11.5378 11.5347 11.5385 11.5394 11.5395 11.5396 11.5398 11.5398 11.5398 11.5396 11.5385 11.5373 11.5385 11.5374 11.5355 11.5321 11.5154 11.4986 11.503
11.54 11.5399 11.5399 11.5399 11.5399 11.5398 11.5397 11.5392 11.5382 11.5382 11.5375 11.5363 11.5356 11.5345 11.5318 11.5314 11.5267 11.5286 11.5269 11.5288 11.5299 11.5303 11.5304 11.5303 11.5301 11.5299 11.5298 11.5297 11.5296 11.5294 11.529 11.5282 11.527 11.525 11.5223 11.5192 11.5159 11.5129 11.5105 11.5093 11.5061 11.5156 11.5184 11.5161 11.5231 11.5279 11.5305 11.5344 11.5336 11.5368 11.5372 11.5386 11.5396 11.5396 11.5397 11.5398 11.5398 11.5398 11.5399 11.5396 11.5396 11.5395 11.5393 11.5385 11.5369 11.5341 11.5307 11.5288 11.5317
11.54 11.54 11.54 11.5399 11.5399 11.5398 11.5397 11.5392 11.5383 11.538 11.537 11.5366 11.5357 11.5342 11.5317 11.5327 11.531 11.5274 11.5281 11.529 11.5296 11.5302 11.5302 11.53 11.5299 11.5298 11.5295 11.5295 11.5296 11.5295 11.529 11.5284 11.5273 11.5255 11.5229 11.5201 11.5171 11.5143 11.5121 11.5108 11.5085 11.5157 11.5123 11.5201 11.5255 11.5295 11.5322 11.536 11.5372 11.5372 11.5387 11.5396 11.5397 11.5397 11.5398 11.5398 11.5398 11.5398 11.5399 11.5396 11.5396 11.5392 11.539 11.5372 11.5363 11.5327 11.54 11.54 11.54
