tests/full-run-ref/erosion_2010_78_21_-27.869.asc
ncols 512
nrows 512
xllcorner -3.24582
yllcorner -4.08743
cellsize 5
NODATA_value -99999
[rows 108 to 143 of 512, columns 0 to 82 of 512]
69.2398 63.4698 57.6998 51.9297 46.1597 40.3896 34.6195 28.8494 23.0796 22.48 22.48 22.48 22.48 22.48 22.48 22.48 22.48 22.48 27.8599 28.8494 23.0793 17.3092 11.5389 5.76861 5.77 5.77 5.77 5.77 5.77 5.77 5.77 5.77 5.77 5.77 5.77 5.77 5.77 5.77 5.77 5.77 5.77 5.77 5.77 5.77 5.77 5.77 5.77 5.77 5.77 5.77 5.77 5.77 5.77 5.77 5.77 5.77 5.77 5.77 5.77 5.77 5.77 5.77 5.77 5.77 5.77 5.77 5.77 5.77 5.77 5.77 5.77 5.77 5.77 5.77 5.76993 5.76996 5.76994 5.76986 6.15961 8.15935 11.9292 12.3184 13.9256
69.2398 63.4698 57.6998 51.9297 46.1597 40.3896 34.6195 28.8494 23.0796 22.48 22.48 22.48 22.48 22.48 22.48 22.48 22.48 22.48 22.4799 28.25 23.0791 17.3089 11.5385 5.76807 5.77 5.77 5.77 5.77 5.77 5.77 5.77 5.77 5.77 5.77 5.77 5.77 5.77 5.77 5.77 5.77 5.77 5.77 5.77 5.77 5.77 5.77 5.77 5.77 5.77 5.77 5.77 5.77 5.77 5.77 5.77 5.77 5.77 5.77 5.77 5.77 5.77 5.77 5.77 5.77 5.77 5.77 5.77 5.77 5.76998 5.76993 5.76991 5.76994 5.77 5.77 5.76983 8.1599 11.9299 8.15967 11.9296 13.9295 16.3194 18.0891 20.4786
69.2398 63.4698 57.6998 51.9297 46.1596 40.3895 34.6195 28.8494 23.0796 22.48 22.48 22.48 22.48 22.48 22.48 22.48 22.48 22.48 22.4799 28.25 23.0788 17.3085 11.538 5.76735 5.77 5.77 5.77 5.77 5.77 5.77 5.77 5.77 5.77 5.77 5.77 5.77 5.77 5.77 5.77 5.77 5.77 5.77 5.77 5.77 5.77 5.77 5.77 5.77 5.77 5.77 5.77 5.77 5.77 5.77 5.77 5.77 5.77 5.77 5.77 5.77 5.77 5.77 5.77 5.77 5.77 5.77 5.77 5.76998 5.76992 8.15992 8.15985 5.76992 5.77 5.77 5.76975 11.5399 16.3198 17.7 16.3198 19.6996 22.0896 23.8595 26.2492
68.2496 62.4796 56.7096 50.9395 45.1694 39.3993 33.6292 27.8592 22.4796 22.48 22.48 22.48 22.48 22.48 22.48 22.48 22.48 22.48 22.48 27.86 23.0784 17.3082 11.5374 5.76663 5.77 5.77 5.77 5.77 5.77 5.77 5.77 5.77 5.77 5.77 5.77 5.77 5.77 5.77 5.77 5.77 5.77 5.77 5.77 5.77 5.77 5.77 5.77 5.77 5.77 5.77 5.77 5.77 5.77 5.77 5.77 5.77 5.77 5.77 5.77 5.77 5.77 5.77 5.77 5.77 5.77 5.77 5.76999 5.76993 8.15995 8.15992 5.76986 5.76994 5.77 5.77 5.76977 11.5399 16.3199 13.9297 11.5396 13.9293 16.3192 22.0892 27.8593
65.8595 60.0895 54.3195 48.5495 42.7794 37.0092 31.239 25.4688 22.4797 22.48 22.48 22.48 22.48 22.48 22.48 22.48 22.48 22.48 22.48 22.48 23.0779 17.3075 11.5368 5.76645 5.77 5.77 5.77 5.77 5.77 5.77 5.77 5.77 5.77 5.77 5.77 5.77 5.77 5.77 5.77 5.77 5.77 5.77 5.77 5.77 5.77 5.77 5.77 5.77 5.77 5.77 5.77 5.77 5.77 5.77 5.77 5.77 5.77 5.77 5.77 5.77 5.77 5.77 5.77 5.77 5.77 5.76999 5.76994 8.15996 8.15994 5.76989 5.76995 5.77 5.77 5.77 5.76989 8.15988 13.9299 8.15979 5.76956 8.15889 13.9288 19.6989 25.4688
68.2488 62.4788 56.7088 50.9388 45.1687 39.3985 33.6287 27.8589 22.4797 22.48 22.48 22.48 22.48 22.48 22.48 22.48 22.48 22.48 22.48 22.48 23.0761 17.3054 11.5338 5.76482 5.76554 5.76408 5.76643 5.77 5.77 5.77 5.77 5.77 5.77 5.77 5.77 5.77 5.77 5.77 5.77 5.77 5.77 5.77 5.77 5.77 5.77 5.77 5.77 5.77 5.77 5.77 5.77 5.77 5.77 5.77 5.77 5.77 5.77 5.77 5.77 5.77 5.77 5.77 5.77 5.77 5.76999 5.76995 8.15997 8.15996 5.76992 5.76995 5.77 5.77 5.77 5.77 5.76998 5.76996 8.15998 5.76995 5.76995 5.76919 11.5386 17.3087 23.0786
65.8588 60.0888 54.3188 48.5487 42.7786 37.0085 31.2383 25.4685 22.4797 22.48 22.48 22.48 22.48 22.48 22.48 22.48 22.48 22.48 22.48 22.4798 25.4616 19.6907 13.9182 8.14557 11.5336 8.14509 5.76368 5.77 5.77 5.77 5.77 5.77 5.77 5.77 5.77 5.77 5.77 5.77 5.77 5.77 5.77 5.77 5.77 5.77 5.77 5.77 5.77 5.77 5.77 5.77 5.77 5.77 5.77 5.77 5.77 5.77 5.77 5.77 5.77 5.77 5.77 5.77 5.77 5.76999 5.76995 8.15997 8.15997 5.76994 5.76996 5.77 5.77 5.77 5.77 5.77 5.77 5.77 5.76999 5.77 5.7698 8.15916 13.929 19.699 25.4691
63.4688 57.6988 51.9288 46.1587 40.3886 34.6184 28.8481 23.0779 22.4798 22.48 22.48 22.48 22.48 22.48 22.48 22.48 22.48 22.48 22.48 22.4796 27.8517 22.0803 16.3081 16.0816 16.3075 11.5218 5.76154 5.77 5.77 5.77 5.77 5.77 5.77 5.77 5.77 5.77 5.77 5.77 5.77 5.77 5.77 5.77 5.77 5.77 5.77 5.77 5.77 5.77 5.77 5.77 5.77 5.77 5.77 5.77 5.77 5.77 5.77 5.77 5.77 5.77 5.77 5.77 5.76999 5.76995 8.15997 8.15997 5.76995 5.76997 5.77 5.77 5.77 5.77 5.77 5.77 5.77 5.76998 5.76997 5.76994 8.15985 13.9296 16.3194 22.0894 27.8594
65.8588 60.0888 54.3188 48.5487 42.7786 37.0083 31.2379 25.4677 22.4796 22.48 22.48 22.48 22.48 22.48 22.48 22.48 22.48 22.48 22.48 22.4792 28.2496 24.4707 24.2431 21.8524 17.2902 11.5146 5.75924 5.77 5.77 5.77 5.77 5.77 5.77 5.77 5.77 5.77 5.77 5.77 5.77 5.77 5.77 5.77 5.77 5.77 5.77 5.77 5.77 5.77 5.77 5.77 5.77 5.77 5.77 5.77 5.77 5.77 5.77 5.77 5.77 5.77 5.77 5.76999 5.76995 8.15997 8.15997 5.76995 5.76998 5.77 5.77 5.77 5.77 5.77 5.77 5.77 5.77 5.76997 11.54 8.15995 13.9299 16.3199 22.0897 24.4797 27.8595
68.2487 62.4787 56.7087 50.9386 45.1685 39.3981 33.6277 27.8574 22.479 22.4799 22.48 22.48 22.48 22.48 22.48 22.48 22.48 22.48 22.48 22.4789 28.2491 30.406 28.8299 23.0579 17.2845 11.5088 5.75764 5.77 5.77 5.77 5.77 5.77 5.77 5.77 5.77 5.77 5.77 5.77 5.77 5.77 5.77 5.77 5.77 5.77 5.77 5.77 5.77 5.77 5.77 5.77 5.77 5.77 5.77 5.77 5.77 5.77 5.77 5.77 5.77 5.77 5.76999 5.76995 8.15997 8.15997 5.76995 5.76998 5.77 5.77 5.77 5.77 5.77 5.77 5.77 5.77 5.77 5.76998 8.15996 11.54 11.5399 13.9299 16.3198 19.6995 22.0893
70.6387 64.8687 59.0987 53.3286 47.5585 41.7882 36.0179 30.6383 28.2485 22.4795 22.48 22.48 22.48 22.48 22.48 22.48 22.48 22.48 22.48 22.4784 28.2484 34.0191 28.8265 23.0539 17.28 11.5039 5.75612 5.77 5.77 5.77 5.77 5.77 5.77 5.77 5.77 5.77 5.77 5.77 5.77 5.77 5.77 5.77 5.77 5.77 5.77 5.77 5.77 5.77 5.77 5.77 5.77 5.77 5.77 5.77 5.77 5.77 5.77 5.77 5.77 5.76999 5.76995 8.15997 8.15997 5.76995 5.76999 5.77 5.77 5.77 5.77 5.77 5.77 5.77 5.76999 5.77 5.77 5.77 5.76998 5.76996 5.76991 8.15978 11.5396 13.9292 16.319
73.0287 67.2587 61.4887 55.7187 49.9486 44.1784 38.7989 34.6188 28.8487 23.079 22.48 22.48 22.48 22.48 22.48 22.48 22.48 22.48 22.48 22.4777 28.2477 34.0189 28.8231 23.0502 17.2758 11.499 5.75459 5.77 5.77 5.77 5.77 5.77 5.77 5.77 5.77 5.77 5.77 5.77 5.77 5.77 5.77 5.77 5.77 5.77 5.77 5.77 5.77 5.77 5.77 5.77 5.77 5.77 5.77 5.77 5.77 5.77 5.77 5.76999 5.76996 5.76993 8.15997 8.15997 5.76995 5.76999 5.77 5.77 5.77 5.77 5.77 5.77 5.77 5.77 5.76999 6.16 5.76999 5.77 5.77 5.77 5.76999 5.76995 5.76962 8.15899 13.929
74.0187 68.2487 62.4787 56.7086 50.9386 45.1684 39.3982 33.6282 27.858 22.4788 22.48 22.48 22.48 22.48 22.48 22.48 22.48 22.48 22.4796 22.4765 28.2462 34.0178 28.8197 23.0463 17.2714 11.4939 5.75298 5.77 5.77 5.77 5.77 5.77 5.77 5.77 5.77 5.77 5.77 5.77 5.77 5.77 5.77 5.77 5.77 5.77 5.77 5.77 5.77 5.77 5.77 5.77 5.77 5.77 5.77 5.77 5.77 5.77 5.76998 5.76986 8.15985 8.15992 8.15997 5.76995 5.76999 5.77 5.77 5.77 5.77 5.76996 5.76993 5.76995 5.77 5.77 5.76999 5.76998 8.16 5.76999 5.77 5.77 5.77 5.77 5.76995 5.76947 11.5393
71.6287 65.8587 60.0887 54.3186 48.5485 42.7782 37.0078 31.2374 25.4676 22.4791 22.48 22.48 22.48 22.48 22.48 22.48 22.48 22.4796 22.4775 28.2466 30.6363 34.5894 28.8158 23.0421 17.2666 11.4884 5.75125 5.77 5.77 5.77 5.77 5.77 5.77 5.77 5.77 5.77 5.77 5.77 5.77 5.77 5.77 5.77 5.77 5.77 5.77 5.77 5.77 5.77 5.77 5.77 5.77 5.77 5.77 5.77 5.77 5.76998 5.76983 8.15962 13.9297 8.15978 5.76993 5.76999 5.77 5.77 5.77 5.77 5.76997 5.76984 8.15983 5.76987 5.77 5.77 5.77 5.76997 8.15999 8.15999 5.76998 5.77 5.77 5.77 5.76997 8.15973 13.9296
67.2594 63.4687 57.6987 51.9286 46.1584 40.3881 34.6175 28.8468 23.0769 22.4793 22.48 22.48 22.48 22.48 22.48 22.48 22.48 22.4779 28.2476 30.6364 36.4072 34.5851 28.8114 23.0373 17.2613 11.4824 5.74938 5.77 5.77 5.77 5.77 5.77 5.77 5.77 5.77 5.77 5.77 5.77 5.77 5.77 5.77 5.77 5.77 5.77 5.76997 5.76997 5.76998 5.77 5.77 5.77 5.77 5.77 5.77 5.77 5.76997 5.76976 8.15949 13.9297 11.5396 5.76961 5.76995 5.77 5.77 5.77 5.77 5.76997 5.7698 8.15976 8.15976 5.76987 5.77 5.77 5.77 5.76998 5.76997 11.54 8.15996 5.76998 5.77 5.77 5.76997 8.15984 13.9298
61.4894 59.0994 56.7094 54.3185 48.5483 42.778 37.0075 31.2369 25.4673 22.4788 22.48 22.48 22.48 22.48 22.48 22.48 22.4792 22.4759 28.2437 34.0143 38.7975 34.5803 28.8066 23.0321 17.2555 11.4758 5.74733 5.77 5.77 5.77 5.77 5.77 5.77 5.77 5.77 5.77 5.77 5.77 5.77 5.77 5.77 5.77 5.77 5.77 5.76996 6.15986 5.76979 5.76985 5.76999 5.77 5.77 5.77 5.77 5.76996 5.76965 8.15913 13.9293 16.3197 13.9294 8.15928 6.15979 5.77 5.77 5.77 5.76998 5.76988 8.1598 11.5397 5.76974 5.76995 5.77 5.77 5.77 5.77 5.76996 11.54 11.54 8.15999 5.76999 5.77 5.76998 5.76987 11.5397
55.7194 53.3294 50.9394 48.5493 48.548 42.7777 37.0073 31.2368 25.4667 22.4791 22.48 22.48 22.48 22.48 22.48 22.48 22.4776 28.2457 30.6332 36.4039 40.3491 34.575 28.8013 23.0263 17.249 11.4686 5.7451 5.77 5.77 5.77 5.77 5.77 5.77 5.77 5.77 5.77 5.77 5.77 5.77 5.77 5.77 5.77 5.77 5.77 5.76998 5.7698 8.15951 6.15922 5.76959 5.76992 5.76998 5.76995 5.76989 5.76963 8.15891 13.9289 16.3192 22.0895 16.3194 11.5392 5.76962 5.77 5.77 5.76998 5.7699 8.15993 8.15988 5.76979 5.76989 5.77 5.77 5.77 5.77 5.77 5.76997 8.15998 5.76997 8.16001 8.15999 6.15997 8.15998 8.1599 13.9299
49.9494 47.5594 45.1694 42.7792 40.389 40.3878 34.6173 28.8465 23.0763 22.4793 22.48 22.48 22.48 22.48 22.48 22.48 22.4766 28.2416 34.0114 38.7937 40.3438 34.5694 28.7954 23.0199 17.242 11.4607 5.74267 5.77 5.77 5.77 5.77 5.77 5.77 5.77 5.77 5.77 5.77 5.77 5.77 5.77 5.77 5.77 5.77 5.77 5.77 5.76981 8.15964 11.5397 8.15953 5.76993 6.16 6.15987 8.15975 8.1593 13.9291 16.3188 22.089 23.0792 17.3088 11.5385 5.76882 5.76978 5.76977 5.76972 8.15986 8.1599 5.76988 5.76996 5.77 5.77 5.77 5.77 5.77 5.77 5.76999 5.77 5.77 5.76998 11.54 12.32 13.93 11.54 13.9299
44.1798 41.7894 39.3994 37.0091 34.6189 37.008 37.0066 31.2365 25.4678 22.4791 22.48 22.48 22.48 22.48 22.48 22.48 22.476 28.2381 34.0072 46.1094 40.3373 34.5634 28.789 23.0129 17.2343 11.4523 5.74006 5.77 5.77 5.77 5.77 5.77 5.77 5.77 5.77 5.77 5.77 5.77 5.77 5.77 5.77 5.77 5.77 5.77 5.77 5.76992 5.76977 5.76968 5.76979 5.76995 5.76999 5.7699 8.15977 13.9294 16.3193 22.089 24.4791 25.469 19.6985 13.9281 8.15777 6.15815 8.15901 8.1592 11.5396 5.76968 5.76995 5.77 5.77 5.77 5.77 5.77 5.77 5.77 5.77 5.77 5.77 5.76999 11.54 13.93 8.15997 5.76994 8.15986
38.41 36.0198 33.6294 31.239 28.8486 31.2376 33.6275 28.846 23.0774 22.4789 22.48 22.48 22.48 22.4799 22.48 22.48 22.4753 28.2344 34.0026 46.1047 40.3308 34.5571 28.7823 23.0056 17.2262 11.4433 5.73729 5.77 5.77 5.77 5.77 5.77 5.77 5.77 5.77 5.77 5.77 5.77 5.77 5.77 5.77 5.77 5.77 5.77 5.77 5.77 5.77 5.77 5.77 5.77 5.77 5.76998 5.76973 8.15894 13.9288 19.6988 25.469 27.8589 22.0883 16.3178 13.9277 12.3181 13.9289 14.3193 13.9294 8.15939 5.76994 5.77 5.77 5.77 5.77 5.77 5.77 5.77 5.77 5.77 5.77 5.76999 8.15999 11.54 5.76998 5.76999 5.76995
32.64 30.25 27.8598 25.4688 23.0784 25.4673 27.8574 28.8482 25.4685 22.4783 22.48 22.48 22.4799 22.48 22.48 22.48 22.475 28.2331 34.001 46.0995 40.325 34.5507 28.7753 22.9979 17.2178 11.4339 5.73441 5.77 5.77 5.77 5.77 5.77 5.77 5.77 5.77 5.77 5.77 5.77 5.77 5.77 5.77 5.77 5.77 5.77 5.77 5.77 5.77 5.77 5.77 5.77 5.77 5.77 5.76996 5.76931 11.5385 17.3085 23.0787 28.8492 24.4783 22.0883 20.4782 20.0883 19.6991 17.3091 11.5387 5.76935 5.76996 5.77 5.77 5.77 5.77 5.77 5.77 5.77 5.77 5.77 5.77 5.77 5.76999 5.76999 5.76999 5.77 5.77
30.25 24.48 22.09 19.6994 17.3092 19.6975 22.087 23.0778 25.4683 22.4778 22.4786 22.4799 22.48 22.48 22.4781 22.478 22.4754 28.2356 34.0029 46.0942 40.3192 34.5445 28.7684 22.9903 17.2092 11.4243 5.73147 5.77 5.77 5.77 5.77 5.77 5.77 5.77 5.77 5.77 5.77 5.77 5.77 5.77 5.77 5.77 5.77 5.77 5.77 5.77 5.77 5.77 5.77 5.77 5.77 5.77 5.77 5.76956 11.5388 16.3187 22.088 27.8582 30.2488 27.8585 28.2485 25.859 23.0788 17.3085 11.5382 5.7693 5.77 5.77 5.77 5.77 5.77 5.77 5.77 5.77 5.77 5.77 5.77 5.77 5.77 5.77 5.77 5.77 5.77
27.86 22.09 17.31 17.3099 17.3099 17.3097 17.3093 17.309 23.0773 23.0753 23.077 17.309 22.4779 22.4777 22.4771 28.2398 22.4714 28.2345 34.0017 46.0893 40.3137 34.5384 28.7618 22.9828 17.2007 11.4148 5.7286 5.77 5.77 5.77 5.77 5.77 5.77 5.77 5.77 5.77 5.77 5.77 5.77 5.77 5.77 5.77 5.77 5.77 5.77 5.77 5.76991 5.76985 5.7699 5.76999 5.77 5.77 5.77 5.76978 8.1587 13.9285 19.6977 25.4679 31.2382 34.4088 34.0186 28.8486 23.0784 17.3081 11.5379 5.76908 5.76995 5.77 5.77 5.77 5.77 5.77 5.77 5.77 5.77 5.77 5.77 5.77 5.77 5.77 5.77 5.77 5.77
24.48 19.7 17.31 17.31 17.31 17.31 17.31 17.3094 17.3092 17.3089 17.3075 23.0768 28.6373 28.6347 28.6373 30.6303 36.0091 30.6275 36.3938 46.0855 40.3087 34.5332 28.7557 22.976 17.193 11.4061 5.72609 5.77 5.77 5.77 5.77 5.77 5.77 5.77 5.77 5.77 5.77 5.77 5.77 5.77 5.77 5.77 5.77 5.77 5.77 5.77 5.76962 8.15918 6.15905 5.7698 5.77 5.77 5.77 5.76996 5.76921 11.5383 17.3077 23.0779 28.848 37.0087 37.009 31.2387 25.4686 19.6984 13.9284 8.1589 5.76992 5.77 5.77 5.77 5.77 5.77 5.77 5.77 5.77 5.77 5.77 5.77 5.77 5.77 5.77 5.77 5.77
22.09 17.31 17.31 17.31 17.31 17.31 17.31 17.31 17.31 17.31 17.309 23.0764 25.4667 23.0744 25.4636 27.8517 30.2371 32.627 38.3928 46.0824 40.306 34.5295 28.7519 22.9713 17.1879 11.4002 5.7243 5.77 5.77 5.77 5.77 5.77 5.77 5.77 5.77 5.77 5.77 5.77 5.77 5.77 5.77 5.77 5.77 5.77 5.77 5.77 5.76932 11.5389 11.539 5.76925 5.76993 5.77 5.77 5.77 5.76944 11.5386 17.3081 23.0782 28.8483 37.0085 32.6388 28.8487 23.0785 17.3083 11.5381 5.76915 5.76995 5.77 5.77 5.77 5.77 5.77 5.77 5.77 5.77 5.77 5.77 5.77 5.77 5.77 5.77 5.77 5.77
19.7 17.31 17.31 17.31 17.31 17.31 17.31 17.31 17.31 17.31 17.309 22.0887 19.6976 17.3074 19.6946 22.0825 24.4633 30.2329 35.9919 46.0816 40.3062 34.5309 28.7519 22.9715 17.1887 11.4011 5.72436 5.77 5.77 5.77 5.77 5.77 5.77 5.77 5.77 5.77 5.77 5.77 5.77 5.77 5.77 5.77 5.77 5.77 5.77 5.77 5.76922 11.5388 13.9291 8.15849 5.76962 5.77 5.77 5.76997 5.76935 11.5386 17.3087 23.0789 28.8491 31.2384 28.8485 24.4786 22.0886 16.3185 11.5387 5.76946 5.77 5.77 5.77 5.77 5.77 5.77 5.77 5.77 5.77 5.77 5.77 5.77 5.77 5.77 5.77 5.77 5.77
17.31 17.31 17.31 17.31 17.31 17.31 17.31 17.31 17.31 17.31 17.3094 17.3093 17.3094 17.3097 17.3089 17.3024 22.0689 27.83 33.5994 45.0544 39.2787 33.5027 27.7238 21.9568 16.1759 11.411 5.72646 5.77 5.77 5.77 5.77 5.77 5.77 5.77 5.77 5.77 5.77 5.77 5.77 5.77 5.77 5.77 5.77 5.77 5.77 5.77 5.76936 11.539 11.5387 11.5388 5.76965 5.77 5.76998 5.76974 8.15904 13.9289 19.699 25.4692 27.8585 25.4681 23.0783 22.0887 16.3184 13.9285 8.15857 5.76977 5.77 5.77 5.77 5.77 5.77 5.77 5.77 5.77 5.77 5.77 5.77 5.77 5.77 5.77 5.77 5.77 5.77
17.31 17.31 17.31 17.31 17.31 17.31 17.31 17.31 17.31 17.31 17.31 17.31 17.31 17.31 17.31 17.3047 19.6638 25.4338 31.2019 42.6632 36.8824 31.1019 25.3186 19.53 13.7515 7.98146 5.74501 5.77 5.77 5.77 5.77 5.77 5.77 5.77 5.77 5.77 5.77 5.77 5.77 5.77 5.77 5.77 5.77 5.77 5.77 5.77 5.76967 8.15915 5.76899 5.76955 5.76988 5.77 5.7699 8.1595 13.9293 16.3193 22.0894 24.4789 22.0882 19.6978 17.308 16.3187 13.9286 8.15847 5.76957 5.76996 5.77 5.77 5.77 5.77 5.77 5.77 5.77 5.77 5.77 5.77 5.77 5.77 5.77 5.77 5.77 5.77 5.77
17.31 17.31 17.31 17.31 17.31 17.31 17.31 17.31 17.31 17.31 17.31 17.31 17.31 17.31 17.31 17.3031 22.0432 27.8125 33.58 40.2742 34.4823 28.6967 22.9079 17.1136 11.3103 5.65996 5.75939 5.77 5.77 5.77 5.77 5.77 5.77 5.77 5.77 5.77 5.77 5.77 5.77 5.77 5.77 5.77 5.77 5.77 5.77 5.77 5.76992 5.76981 5.76989 5.77 5.77 5.77 5.76979 11.5394 16.3195 22.0896 22.0892 19.6988 16.3183 13.9276 11.5378 11.5386 8.15891 5.7696 5.76996 5.77 5.77 5.77 5.77 5.77 5.77 5.77 5.77 5.77 5.77 5.77 5.77 5.77 5.77 5.77 5.77 5.77 5.77
17.31 17.31 17.31 17.31 17.31 17.31 17.31 17.31 17.31 17.31 17.31 17.3091 17.3089 17.3088 17.3087 17.3022 23.0436 28.8111 35.9702 42.6615 36.8737 31.0906 25.3053 19.5157 13.7335 7.96368 5.73969 5.77 5.77 5.77 5.77 5.77 5.77 5.77 5.77 5.77 5.77 5.77 5.77 5.77 5.77 5.77 5.77 5.77 5.77 5.77 5.77 5.77 5.77 5.77 5.77 5.76997 5.76962 11.5392 17.3095 22.0893 16.3189 13.9287 11.5384 8.15809 5.7691 5.76953 5.76982 5.76997 5.77 5.77 5.77 5.77 5.77 5.77 5.77 5.77 5.77 5.77 5.77 5.77 5.77 5.77 5.77 5.77 5.77 5.77 5.77
17.31 17.31 17.31 17.31 17.31 17.31 17.31 17.31 17.31 17.31 17.3087 17.3059 22.0839 17.2991 22.0762 17.2864 23.026 28.7902 38.3561 45.0483 39.2666 33.4865 27.7044 21.9321 16.1449 11.376 5.70343 5.7634 5.77 5.77 5.77 5.77 5.77 5.77 5.77 5.77 5.77 5.77 5.77 5.77 5.77 5.77 5.77 5.77 5.77 5.77 5.77 5.77 5.77 5.77 5.77 5.76985 8.15926 13.9294 19.6996 16.3194 13.929 8.15863 5.76935 5.76975 5.76995 5.77 5.77 5.77 5.77 5.77 5.77 5.77 5.77 5.77 5.77 5.77 5.77 5.77 5.77 5.77 5.77 5.77 5.77 5.77 5.77 5.77 5.77
17.31 17.31 17.31 17.31 17.31 17.31 17.31 17.31 17.31 17.31 17.3074 22.0826 24.4681 28.2369 24.4428 30.2169 25.4106 31.1732 53.203 47.4353 41.6575 35.8785 30.1113 24.3305 19.5588 13.7803 8.01707 5.7425 5.77 5.77 5.77 5.77 5.77 5.77 5.77 5.77 5.77 5.77 5.77 5.77 5.77 5.77 5.77 5.77 5.77 5.77 5.77 5.77 5.77 5.77 5.77 5.76972 11.5394 16.3196 16.3196 13.9293 8.15914 5.76968 5.76996 5.77 5.77 5.77 5.77 5.77 5.77 5.77 5.77 5.77 5.77 5.77 5.77 5.77 5.77 5.77 5.77 5.77 5.77 5.77 5.77 5.77 5.77 5.77 5.77
17.31 17.31 17.31 17.31 17.31 17.31 17.31 17.31 17.31 17.31 17.3061 19.6824 25.4535 31.2242 36.396 32.6051 36.375 33.5589 55.5963 49.8244 44.0475 38.2829 32.5069 27.7384 21.9635 16.1852 11.3988 5.71766 5.77 5.77 5.77 5.77 5.77 5.77 5.77 5.77 5.77 5.77 5.77 5.77 5.77 5.77 5.77 5.77 5.77 5.77 5.77 5.77 5.77 5.77 5.77 5.76972 11.5395 11.5391 11.5393 8.15939 5.76979 5.76998 5.77 5.77 5.77 5.77 5.77 5.77 5.77 5.77 5.77 5.77 5.77 5.77 5.77 5.77 5.77 5.77 5.77 5.77 5.77 5.77 5.77 5.77 5.77 5.77 5.77
17.31 17.31 17.31 17.31 17.31 17.31 17.31 17.31 17.31 17.31 17.3041 22.0704 27.8407 33.612 39.3856 42.5405 40.7575 44.5193 57.595 51.8201 46.0436 40.2668 34.4898 28.7102 22.9275 17.1446 11.3577 5.70331 5.77 5.77 5.77 5.77 5.77 5.77 5.77 5.77 5.77 5.77 5.77 5.77 5.77 5.77 5.77 5.77 5.77 5.77 5.77 5.77 5.77 5.77 5.77 5.76985 8.15918 5.76963 5.76978 5.76991 5.76998 5.77 5.77 5.77 5.77 5.77 5.77 5.77 5.77 5.77 5.77 5.77 5.77 5.77 5.77 5.77 5.77 5.77 5.77 5.77 5.77 5.77 5.77 5.77 5.77 5.77 5.77
17.31 17.31 17.31 17.31 17.31 17.31 17.31 17.31 17.31 17.3091 17.2991 23.0547 28.8263 34.5982 40.3683 47.538 50.6831 63.3472 57.5822 51.803 46.0259 40.248 34.4689 28.6878 22.904 17.1175 11.3285 5.69465 5.77 5.77 5.77 5.77 5.77 5.77 5.77 5.77 5.77 5.77 5.77 5.77 5.77 5.77 5.77 5.77 5.77 5.77 5.77 5.77 5.77 5.77 5.77 5.76996 5.76995 5.76998 5.77 5.77 5.77 5.77 5.77 5.77 5.77 5.77 5.77 5.77 5.77 5.77 5.77 5.77 5.77 5.77 5.77 5.77 5.77 5.77 5.77 5.77 5.77 5.77 5.77 5.77 5.77 5.77 5.77
19.7 17.31 17.31 17.31 17.31 17.31 17.31 17.31 17.31 17.3067 19.6819 25.4343 31.2052 36.9767 42.7389 49.9093 69.1085 63.3439 57.565 51.7882 46.0105 40.2318 34.4515 28.6692 22.8843 17.0964 11.3062 5.68748 5.77 5.77 5.77 5.77 5.77 5.77 5.77 5.77 5.77 5.77 5.77 5.77 5.77 5.77 5.77 5.77 5.77 5.77 5.77 5.77 5.77 5.77 5.77 5.77 5.77 5.77 5.77 5.77 5.77 5.77 5.77 5.77 5.77 5.77 5.77 5.77 5.77 5.77 5.77 5.77 5.77 5.77 5.77 5.77 5.77 5.77 5.77 5.77 5.77 5.77 5.77 5.77 5.77 5.77 5.77
