tests/full-run-ref/erosion_78_20_-12.873.asc
ncols 512
nrows 512
xllcorner -3.24582
yllcorner -4.08743
cellsize 5
NODATA_value -99999
[rows 36 to 71 of 512, columns 82 to 163 of 512]
351.675 351.592 351.528 351.48 351.445 351.421 351.408 351.407 351.414 351.423 351.433 351.448 351.465 351.482 351.5 351.521 351.54 351.56 351.581 351.603 351.623 351.64 351.653 351.663 351.67 351.672 351.667 351.654 351.641 351.632 351.624 351.617 351.616 351.63 351.665 351.715 351.773 351.833 351.905 338.93 325 319.23 313.46 311.07 308.68 306.29 303.9 301.51 299.12 296.73 294.34 291.95 289.56 287.17 284.78 282.39 280 277.61 275.22 272.83 270.439 268.049 265.659 263.269 260.878 258.488 256.098 253.707 256.098 253.707 251.313 253.695 323.931 318.168 313.969 308.198 302.427 296.656 290.885 285.115 279.344 273.574
351.733 351.648 351.583 351.533 351.499 351.475 351.461 351.46 351.466 351.474 351.483 351.498 351.514 351.53 351.546 351.564 351.582 351.6 351.618 351.637 351.655 351.67 351.681 351.69 351.696 351.697 351.691 351.678 351.665 351.656 351.65 351.643 351.644 351.66 351.697 351.749 351.811 351.875 351.952 333.16 319.23 313.46 307.69 305.3 302.91 300.52 298.13 295.74 293.35 290.96 288.57 286.18 283.79 281.4 279.01 276.62 274.23 271.84 269.45 267.06 264.669 262.279 259.889 257.499 255.109 252.718 250.328 247.938 245.547 247.938 245.547 243.151 245.532 317.58 312.977 307.208 301.437 295.666 289.896 284.125 278.354 272.584
351.798 351.714 351.647 351.598 351.563 351.538 351.525 351.523 351.528 351.535 351.543 351.556 351.57 351.585 351.599 351.613 351.63 351.645 351.66 351.677 351.692 351.705 351.714 351.722 351.726 351.726 351.719 351.707 351.694 351.685 351.678 351.671 351.673 351.689 351.727 351.781 351.844 351.91 351.99 330.77 316.84 307.69 301.92 299.53 297.14 294.75 292.36 289.97 287.58 285.19 282.8 280.41 278.02 275.63 273.24 270.85 268.46 266.07 263.68 261.29 258.899 256.509 254.119 251.729 249.339 246.948 244.558 242.168 239.777 237.386 239.777 237.387 234.99 237.37 309.418 304.815 299.047 293.276 287.505 281.734 275.963 270.192
351.872 351.788 351.723 351.675 351.64 351.615 351.601 351.598 351.602 351.608 351.615 351.625 351.639 351.651 351.663 351.675 351.689 351.702 351.715 351.729 351.742 351.753 351.761 351.767 351.77 351.769 351.761 351.748 351.734 351.725 351.717 351.709 351.709 351.725 351.762 351.814 351.877 351.942 352.023 333.16 315.85 301.92 299.53 293.76 291.37 288.98 286.59 284.2 281.81 279.42 277.03 274.64 272.25 269.86 267.47 265.08 262.69 260.3 257.91 255.52 253.129 250.739 248.349 245.959 243.569 241.178 238.788 236.398 234.007 231.617 229.226 231.617 229.226 226.828 229.203 301.26 296.658 290.887 285.115 279.344 273.572 267.801
351.956 351.874 351.81 351.764 351.73 351.705 351.691 351.687 351.69 351.694 351.7 351.708 351.72 351.73 351.739 351.749 351.76 351.77 351.781 351.793 351.804 351.812 351.819 351.823 351.825 351.823 351.815 351.801 351.785 351.774 351.765 351.754 351.751 351.764 351.798 351.847 351.906 351.969 352.047 352.143 305.3 299.53 293.76 291.37 285.6 283.21 280.82 278.43 276.04 273.65 271.26 268.87 266.48 264.09 261.7 259.31 256.92 254.53 252.14 249.75 247.359 244.969 242.579 240.189 237.799 235.408 233.018 230.628 228.237 225.847 223.456 221.065 223.456 221.065 223.434 295.487 293.108 290.718 287.507 281.736 275.965 270.194
352.048 351.97 351.909 351.865 351.833 351.808 351.793 351.789 351.79 351.792 351.796 351.802 351.811 351.818 351.825 351.832 351.84 351.847 351.856 351.865 351.874 351.881 351.886 351.889 351.89 351.887 351.877 351.862 351.845 351.831 351.819 351.805 351.798 351.806 351.834 351.878 351.931 351.989 352.064 315.44 302.91 297.14 291.37 285.6 283.21 277.44 275.05 272.66 270.27 267.88 265.49 263.1 260.71 258.32 255.93 253.54 251.15 248.76 246.37 243.98 241.589 239.199 236.809 234.419 232.029 229.638 227.248 224.858 222.467 220.077 217.686 215.295 212.904 215.294 217.661 289.715 287.337 284.946 282.556 279.346 273.574 267.803
352.148 352.075 352.018 351.975 351.944 351.92 351.905 351.899 351.9 351.9 351.902 351.906 351.911 351.917 351.921 351.925 351.93 351.935 351.941 351.949 351.956 351.961 351.964 351.967 351.967 351.962 351.951 351.934 351.915 351.899 351.883 351.864 351.852 351.855 351.876 351.913 351.958 352.009 352.077 309.67 300.52 294.75 288.98 283.21 277.44 275.05 269.28 266.89 264.5 262.11 259.72 257.33 254.94 252.55 250.16 247.77 245.38 242.99 240.6 238.21 235.819 233.429 231.039 228.649 226.259 223.868 221.478 219.087 216.697 214.307 211.916 209.525 207.134 209.524 211.888 283.943 281.566 279.175 276.785 276.787 273.577 267.803
352.253 352.185 352.132 352.092 352.062 352.039 352.024 352.018 352.017 352.016 352.017 352.018 352.021 352.024 352.026 352.028 352.03 352.034 352.038 352.044 352.05 352.054 352.056 352.059 352.058 352.052 352.04 352.021 352.001 351.981 351.961 351.937 351.919 351.915 351.928 351.955 351.992 352.034 352.093 303.9 298.13 292.36 286.59 280.82 275.05 269.28 266.89 261.12 258.73 256.34 253.95 251.56 249.17 246.78 244.39 242 239.61 237.22 234.83 232.44 230.049 227.659 225.269 222.879 220.488 218.098 215.708 213.317 210.927 208.536 206.146 203.755 201.363 203.753 206.115 278.171 275.796 273.404 271.013 271.015 273.408 270.196
352.368 352.304 352.254 352.218 352.19 352.169 352.154 352.148 352.146 352.144 352.143 352.143 352.144 352.145 352.145 352.145 352.145 352.147 352.15 352.155 352.16 352.163 352.165 352.167 352.166 352.16 352.146 352.126 352.103 352.08 352.054 352.024 351.999 351.987 351.991 352.007 352.031 352.062 352.109 301.51 295.74 289.97 284.2 278.43 272.66 266.89 261.12 258.73 252.96 250.57 248.18 245.79 243.4 241.01 238.62 236.23 233.84 231.45 229.06 226.67 224.279 221.889 219.499 217.109 214.718 212.328 209.938 207.547 205.157 202.766 200.375 197.984 195.592 197.982 200.341 272.399 270.025 267.633 265.242 265.242 267.634 270.027
352.488 352.431 352.387 352.354 352.328 352.308 352.295 352.288 352.285 352.282 352.28 352.278 352.277 352.277 352.275 352.273 352.272 352.272 352.275 352.279 352.283 352.286 352.288 352.29 352.289 352.281 352.266 352.244 352.219 352.192 352.161 352.124 352.09 352.069 352.061 352.064 352.075 352.092 352.126 299.12 293.35 287.58 281.81 276.04 270.27 264.5 258.73 252.96 250.57 244.8 242.41 240.02 237.63 235.24 232.85 230.46 228.07 225.68 223.29 220.9 218.509 216.119 213.729 211.339 208.948 206.558 204.167 201.777 199.386 196.996 194.605 192.213 189.821 192.211 194.566 266.626 264.254 261.862 259.47 259.47 261.861 264.254
352.612 352.561 352.521 352.491 352.469 352.45 352.438 352.431 352.429 352.425 352.421 352.418 352.415 352.413 352.41 352.407 352.406 352.405 352.406 352.41 352.415 352.417 352.419 352.422 352.421 352.413 352.396 352.373 352.345 352.314 352.277 352.233 352.191 352.159 352.139 352.128 352.124 352.125 352.143 296.73 290.96 285.19 279.42 273.65 267.88 262.11 256.34 250.57 244.8 242.41 236.64 234.25 231.86 229.47 227.08 224.69 222.3 219.91 217.52 215.129 212.739 210.349 207.959 205.568 203.178 200.787 198.397 196.006 193.616 191.225 188.834 186.442 184.049 186.44 188.79 260.854 258.484 256.091 253.698 253.697 256.088 258.481
352.733 352.688 352.653 352.627 352.607 352.591 352.579 352.573 352.569 352.565 352.561 352.557 352.554 352.55 352.546 352.542 352.54 352.538 352.54 352.544 352.549 352.552 352.554 352.558 352.557 352.549 352.532 352.507 352.477 352.04 346.27 340.5 334.73 328.96 323.19 317.42 311.649 305.879 300.109 294.34 288.57 282.8 277.03 271.26 265.49 259.72 253.95 248.18 242.41 236.64 234.25 228.48 226.09 223.7 221.31 218.92 216.53 214.14 211.749 209.359 206.969 204.579 202.188 199.798 197.408 195.017 192.626 190.236 187.845 185.455 183.064 180.671 178.278 180.669 183.014 255.08 252.713 250.319 247.926 247.925 250.316 252.705
352.855 352.816 352.785 352.762 352.746 352.732 352.721 352.716 352.712 352.709 352.703 352.698 352.695 352.69 352.686 352.682 352.68 352.679 352.681 352.686 352.691 352.695 352.699 352.703 352.703 352.695 352.677 352.652 352.62 349.65 343.88 338.11 332.34 326.57 320.8 315.03 309.26 303.49 297.72 291.95 286.18 280.41 274.64 268.87 263.1 257.33 251.56 245.79 240.02 234.25 228.48 226.09 220.32 217.93 215.54 213.15 210.76 208.369 205.979 203.589 201.199 198.808 196.418 194.028 191.637 189.247 186.856 184.465 182.075 179.684 177.293 174.9 172.506 174.898 177.238 249.307 246.942 244.548 242.154 242.152 244.543 246.927
352.978 352.945 352.919 352.9 352.886 352.875 352.865 352.86 352.857 352.853 352.848 352.843 352.839 352.835 352.831 352.828 352.825 352.825 352.828 352.834 352.841 352.846 352.851 352.856 352.858 352.85 352.832 352.806 352.772 347.26 341.49 335.72 329.95 324.18 318.41 312.64 306.87 301.1 295.33 289.56 283.79 278.02 272.25 266.48 260.71 254.94 249.17 243.4 237.63 231.86 226.09 220.32 217.93 212.16 209.77 207.38 204.989 202.599 200.209 197.819 195.428 193.038 190.648 188.257 185.867 183.476 181.085 178.695 176.304 173.914 171.522 169.129 166.735 169.126 171.461 243.534 241.171 238.776 236.381 236.379 238.77 241.148
353.095 353.068 353.047 353.032 353.021 353.011 353.003 352.999 352.997 352.993 352.988 352.984 352.979 352.975 352.971 352.969 352.967 352.968 352.972 352.98 352.988 352.995 353.001 353.009 353.012 353.005 352.986 352.96 350.64 344.87 339.1 333.33 327.56 321.79 316.02 310.25 304.48 298.71 292.94 287.17 281.4 275.63 269.86 264.09 258.32 252.55 246.78 241.01 235.24 229.47 223.7 217.93 212.16 209.77 203.999 201.609 199.219 196.829 194.439 192.048 189.658 187.268 184.877 182.487 180.096 177.705 175.315 172.924 170.533 168.142 165.751 163.357 160.963 163.355 165.683 237.76 235.4 233.005 230.608 230.606 232.998 235.37
353.202 353.18 353.163 353.151 353.142 353.134 353.129 353.126 353.123 353.12 353.117 353.112 353.107 353.103 353.102 353.099 353.098 353.1 353.106 353.115 353.125 353.134 353.142 353.151 353.156 353.15 353.132 353.106 348.25 342.48 336.71 330.94 325.17 319.4 313.63 307.86 302.09 296.32 290.55 284.78 279.01 273.24 267.47 261.7 255.93 250.16 244.39 238.62 232.85 227.08 221.31 215.54 209.769 203.999 201.609 195.839 193.449 191.059 188.668 186.278 183.888 181.497 179.107 176.716 174.325 171.935 169.544 167.153 164.763 162.372 159.98 157.586 155.191 157.583 159.905 231.986 229.629 227.233 224.836 224.833 227.225 229.591
353.298 353.28 353.267 353.259 353.252 353.247 353.242 353.24 353.238 353.236 353.232 353.228 353.224 353.221 353.22 353.219 353.219 353.223 353.23 353.242 353.254 353.264 353.274 353.286 353.292 353.288 353.271 351.63 345.86 340.09 334.32 328.55 322.78 317.01 311.24 305.47 299.7 293.93 288.16 282.39 276.62 270.85 265.08 259.31 253.54 247.77 242 236.23 230.46 224.69 218.919 213.149 207.379 201.609 195.839 193.449 187.679 185.288 182.898 180.508 178.117 175.727 173.336 170.945 168.555 166.164 163.773 161.382 158.992 156.601 154.209 151.814 149.419 151.811 154.127 226.211 223.858 221.461 219.062 219.059 221.452 223.81
353.387 353.373 353.363 353.357 353.352 353.348 353.345 353.344 353.344 353.342 353.339 353.336 353.333 353.332 353.331 353.332 353.334 353.339 353.348 353.361 353.376 353.388 353.401 353.415 353.424 353.421 353.406 349.24 343.47 337.7 331.93 326.16 320.39 314.62 308.85 303.08 297.31 291.54 285.77 280 274.23 268.46 262.69 256.92 251.15 245.38 239.61 233.84 228.07 222.299 216.529 210.759 204.989 199.219 193.449 187.678 185.289 179.518 177.128 174.737 172.347 169.956 167.566 165.175 162.784 160.393 158.002 155.612 153.221 150.829 148.438 146.043 143.646 146.039 148.347 220.437 218.086 215.689 213.289 213.286 215.679 218.028
353.466 353.456 353.449 353.444 353.442 353.44 353.439 353.439 353.438 353.438 353.436 353.433 353.431 353.432 353.433 353.434 353.438 353.445 353.456 353.472 353.488 353.503 353.518 353.534 353.546 353.545 352.62 346.85 341.08 335.31 329.54 323.77 318 312.23 306.46 300.69 294.92 289.15 283.38 277.61 271.84 266.07 260.3 254.53 248.76 242.99 237.22 231.45 225.679 219.909 214.139 208.369 202.599 196.829 191.058 185.288 179.518 177.128 171.357 168.967 166.576 164.186 161.795 159.404 157.013 154.622 152.231 149.84 147.45 145.058 142.666 140.27 137.873 140.267 142.565 214.66 212.315 209.916 207.516 207.512 209.906 212.243
353.536 353.529 353.524 353.522 353.521 353.521 353.52 353.521 353.521 353.521 353.52 353.519 353.519 353.519 353.522 353.525 353.53 353.538 353.552 353.569 353.587 353.604 353.621 353.64 353.653 353.654 350.23 344.46 338.69 332.92 327.15 321.38 315.61 309.84 304.07 298.3 292.53 286.76 280.99 275.22 269.45 263.68 257.91 252.14 246.37 240.6 234.83 229.059 223.289 217.519 211.749 205.979 200.209 194.439 188.668 182.898 177.127 171.357 168.967 163.196 160.805 158.415 156.024 153.633 151.242 148.851 146.461 144.069 141.678 139.287 136.894 134.498 132.1 134.494 136.777 208.879 206.543 204.143 201.741 201.737 204.132 206.452
353.595 353.59 353.588 353.587 353.587 353.588 353.589 353.59 353.591 353.592 353.592 353.593 353.593 353.594 353.598 353.603 353.609 353.619 353.634 353.653 353.673 353.692 353.71 353.731 353.746 353.61 347.84 342.07 336.3 330.53 324.76 318.99 313.22 307.45 301.68 295.91 290.14 284.37 278.6 272.83 267.06 261.29 255.52 249.75 243.98 238.21 232.44 226.669 220.899 215.129 209.359 203.589 197.819 192.048 186.278 180.508 174.737 168.967 163.196 160.806 155.034 152.643 150.253 147.862 145.47 143.079 140.688 138.297 135.905 133.513 131.121 128.724 126.322 128.712 131.004 203.058 200.729 198.368 195.962 195.952 198.343 200.661
353.644 353.641 353.64 353.641 353.643 353.644 353.646 353.648 353.65 353.651 353.653 353.654 353.655 353.658 353.663 353.669 353.677 353.689 353.705 353.726 353.748 353.767 353.788 353.81 353.827 351.22 345.45 339.68 333.91 328.14 322.37 316.6 310.83 305.06 299.29 293.52 287.75 281.98 276.21 270.44 264.67 258.9 253.13 247.36 241.59 235.82 230.05 224.279 218.509 212.739 206.969 201.199 195.429 189.658 183.888 178.117 172.347 166.576 160.805 155.034 152.644 146.871 144.481 142.09 139.699 137.307 134.914 132.522 130.13 127.738 125.344 122.948 120.548 118.142 120.474 122.697 194.821 192.526 190.186 187.775 187.765 190.105
353.685 353.684 353.684 353.686 353.688 353.691 353.693 353.696 353.698 353.702 353.704 353.705 353.707 353.711 353.718 353.725 353.735 353.748 353.765 353.787 353.81 353.831 353.853 353.877 353.895 348.83 343.06 337.29 331.52 325.75 319.98 314.21 308.44 302.67 296.9 291.13 285.36 279.59 273.82 268.05 262.28 256.51 250.74 244.97 239.2 233.43 227.66 221.89 216.119 210.349 204.579 198.809 193.038 187.268 181.497 175.727 169.956 164.185 158.414 152.643 146.871 144.482 138.708 136.317 133.926 131.535 129.142 126.75 124.357 121.965 119.572 117.177 114.78 112.381 109.974 112.294 114.451 186.651 184.344 182.015 179.606 179.598
353.72 353.72 353.722 353.724 353.728 353.731 353.734 353.737 353.74 353.743 353.745 353.748 353.751 353.756 353.763 353.771 353.782 353.796 353.814 353.837 353.86 353.882 353.905 353.93 352.21 346.44 340.67 334.9 329.13 323.36 317.59 311.82 306.05 300.28 294.51 288.74 282.97 277.2 271.43 265.66 259.89 254.12 248.35 242.58 236.81 231.04 225.27 219.499 213.729 207.959 202.189 196.418 190.648 184.877 179.107 173.336 167.565 161.794 156.022 150.251 144.479 138.707 136.318 130.544 128.153 125.762 123.371 120.978 118.586 116.194 113.8 111.406 109.01 106.614 104.215 101.808 104.112 106.234 178.552 176.258 173.846 171.444
353.746 353.747 353.749 353.752 353.756 353.76 353.763 353.766 353.77 353.773 353.777 353.779 353.783 353.789 353.797 353.806 353.817 353.831 353.85 353.873 353.897 353.919 265.08 262.69 257.5 251.73 245.96 243.57 245.96 320.97 315.2 309.43 303.66 297.89 292.12 286.35 280.58 274.81 269.04 263.27 257.5 251.73 245.96 240.19 234.42 228.65 222.88 217.109 211.339 205.569 199.798 194.028 188.257 182.486 176.715 170.944 165.173 159.402 153.63 147.859 142.087 136.315 130.542 128.155 122.379 119.989 117.599 115.208 112.816 110.423 108.03 105.636 103.241 100.845 98.4464 96.0457 98.4392 100.576 172.796 170.496 168.084 165.681
353.764 353.765 353.768 353.771 353.775 353.779 353.783 353.786 353.79 353.794 353.798 353.801 353.805 353.811 353.82 353.829 353.841 353.855 353.874 353.897 353.92 256.92 254.53 252.14 248.35 242.58 240.19 237.8 235.41 237.8 312.81 307.04 301.27 295.5 289.73 283.96 278.19 272.42 266.65 260.88 255.11 249.34 243.57 237.8 232.03 226.26 220.489 214.719 208.948 203.178 197.407 191.636 185.865 180.094 174.323 168.552 162.781 157.009 151.238 145.466 139.695 133.923 128.151 122.378 119.992 114.215 111.826 109.436 107.045 104.653 102.259 99.8657 97.4711 95.0753 92.6733 90.2669 92.6665 94.8323 167.04 164.731 162.317 159.907
353.777 353.779 353.782 353.785 353.789 353.793 353.797 353.801 353.805 353.809 353.813 353.816 353.821 353.827 353.835 353.845 353.856 353.871 353.889 353.911 248.76 246.37 243.98 241.59 239.2 236.81 234.42 232.03 229.64 227.25 229.64 304.65 298.88 293.11 287.34 281.57 275.8 270.03 264.26 258.49 252.72 246.95 241.18 235.41 229.639 223.869 218.099 212.328 206.557 200.787 195.016 189.245 183.474 177.702 171.931 166.16 160.389 154.617 148.846 143.075 137.304 131.533 125.761 119.988 114.214 111.829 106.05 103.662 101.273 98.8814 96.4884 94.0947 91.7003 89.3041 86.8989 84.4899 86.8939 89.0636 161.264 158.963 156.547 154.133
353.789 353.791 353.794 353.798 353.801 353.805 353.809 353.813 353.817 353.821 353.825 353.829 353.833 353.84 353.848 353.857 353.868 353.882 353.9 245.38 242.99 240.6 238.21 235.82 233.43 231.04 228.65 226.26 223.87 221.48 219.09 221.48 296.49 290.72 284.95 279.18 273.41 267.64 261.87 256.1 250.33 244.56 238.79 233.019 227.249 221.478 215.708 209.937 204.166 198.395 192.624 186.853 181.082 175.311 169.54 163.768 157.997 152.226 146.455 140.684 134.913 129.142 123.37 117.598 111.824 106.049 103.665 97.8855 95.4978 93.1088 90.7169 88.3233 85.9287 83.5318 81.1242 78.7134 81.1201 83.2805 155.479 153.191 150.775 148.358
353.799 353.801 353.803 353.807 353.81 353.814 353.818 353.821 353.825 353.829 353.833 353.837 353.841 353.847 353.854 353.863 353.873 353.886 353.902 239.61 237.22 234.83 232.44 230.05 227.66 225.27 222.88 220.49 218.1 215.71 213.32 210.93 213.32 288.33 282.56 276.79 271.02 265.25 259.48 253.71 247.94 242.17 236.399 230.629 224.858 219.087 213.317 207.546 201.775 196.004 190.233 184.462 178.691 172.92 167.149 161.378 155.607 149.836 144.065 138.293 132.521 126.75 120.978 115.206 109.433 103.659 97.8828 95.5003 89.72 87.3329 84.944 82.5516 80.1568 77.7589 75.3491 72.928 75.3286 77.5358 149.649 147.346 145.002 142.576
353.805 353.807 353.809 353.812 353.816 353.819 353.822 353.826 353.829 353.833 353.836 353.839 353.843 353.848 353.854 353.862 353.871 353.882 353.897 233.84 231.45 229.06 226.67 224.28 221.89 219.5 217.11 214.72 212.33 209.94 207.55 205.16 207.55 285.94 280.17 274.4 268.63 262.86 257.09 251.32 245.549 239.779 234.009 228.238 222.467 216.696 210.925 205.154 199.384 193.613 187.842 182.071 176.3 170.529 164.758 158.987 153.215 147.444 141.673 135.901 130.129 124.357 118.585 112.813 107.041 101.268 95.4924 89.7156 87.3352 81.5538 79.1673 76.7784 74.3848 71.9859 69.578 67.1623 64.7495 67.0574 69.1803 141.491 139.232 136.804
353.811 353.812 353.814 353.817 353.82 353.823 353.826 353.829 353.832 353.835 353.838 353.84 353.843 353.847 353.852 353.858 353.866 353.876 353.889 228.07 225.68 223.29 220.9 218.51 216.12 213.73 211.34 208.95 206.56 204.17 201.78 199.39 201.78 283.55 277.78 272.01 266.24 260.47 254.7 248.929 243.159 237.388 231.618 225.847 220.076 214.305 208.534 202.764 196.993 191.222 185.452 179.681 173.909 168.138 162.366 156.595 150.823 145.052 139.28 133.508 127.736 121.964 116.192 110.42 104.648 98.875 93.1012 87.325 81.5473 79.1694 73.3866 71.0006 68.6117 66.2149 63.8106 61.3999 58.9867 61.3915 63.5387 135.654 133.36 131.044
353.82 353.821 353.822 353.825 353.827 353.83 353.832 353.834 353.837 353.839 353.841 353.843 353.845 353.848 353.852 353.856 353.862 353.871 353.882 222.3 219.91 217.52 215.13 212.74 210.35 207.96 205.57 203.18 200.79 198.4 196.01 193.62 196.01 198.4 275.39 269.62 263.85 258.08 252.309 246.539 240.768 234.997 229.226 223.455 217.685 211.914 206.144 200.373 194.603 188.832 183.06 177.289 171.518 165.746 159.974 154.203 148.431 142.659 136.887 131.115 125.343 119.571 113.798 108.026 102.253 96.4809 90.7082 84.9339 79.1568 73.378 71.0028 65.2183 62.8327 60.4421 58.0417 55.6325 53.2184 50.8055 53.0931 55.1089 127.514 125.283
353.83 353.831 353.832 353.834 353.836 353.838 353.84 353.842 353.843 353.845 353.846 353.847 353.847 353.849 353.852 353.854 353.858 353.864 353.873 219.91 214.14 211.75 209.36 206.97 204.58 202.19 199.8 197.41 195.02 192.63 190.24 187.85 190.24 192.629 273 267.23 261.46 255.689 249.918 244.148 238.377 232.606 226.835 221.064 215.294 209.524 203.753 197.982 192.211 186.44 180.669 174.897 169.125 163.354 157.582 151.81 146.038 140.266 134.494 128.722 122.949 117.177 111.404 105.632 99.8591 94.0864 88.3137 82.5407 76.7659 70.9877 65.2076 62.8354 57.0484 54.6624 52.2696 49.8669 47.4565 45.042 47.4436 49.5335 121.682 119.395
353.841 353.842 353.843 353.844 353.846 353.847 353.848 353.849 353.85 353.851 353.851 353.85 353.849 353.85 353.85 353.851 353.853 353.857 353.864 222.3 211.746 205.979 203.589 201.2 198.81 196.42 194.03 191.64 189.25 186.86 184.47 182.08 184.47 186.859 270.608 264.839 259.069 253.298 247.527 241.756 235.985 230.214 224.444 218.674 212.903 207.132 201.361 195.59 189.819 184.048 178.276 172.505 166.733 160.961 155.189 149.417 143.645 137.873 132.1 126.328 120.555 114.783 109.01 103.237 97.4646 91.6917 85.9188 80.1458 74.3726 68.5972 62.8178 57.0361 54.6669 48.8765 46.4897 44.0954 41.6892 39.2734 36.8558 39.1242 41.0761 113.549
353.855 353.856 353.856 353.857 353.858 353.859 353.859 353.859 353.859 353.859 353.858 353.856 353.854 353.852 353.851 353.85 353.85 353.851 353.855 353.861 214.098 203.573 197.816 195.428 193.039 190.65 188.26 185.87 183.48 181.09 178.7 176.31 178.7 181.088 183.471 262.441 256.676 250.907 245.136 239.365 233.594 227.823 222.053 216.282 210.512 204.74 198.969 193.198 187.427 181.656 175.884 170.112 164.341 158.569 152.796 147.024 141.252 135.479 129.707 123.934 118.162 112.389 106.616 100.843 95.07 89.2969 83.5238 77.7506 71.9774 66.2039 60.4279 54.647 48.8635 46.4973 40.7024 38.3146 35.9192 33.5115 31.0941 33.4965 35.545 107.718
353.873 353.874 353.874 353.875 353.875 353.875 353.875 353.874 353.873 353.871 353.869 353.865 353.862 353.859 353.856 353.853 353.85 353.85 353.852 353.841 353.861 205.868 195.386 189.649 187.265 184.878 182.489 180.1 177.71 175.32 172.93 170.54 172.929 175.319 172.922 175.294 254.269 248.512 242.745 236.974 231.203 225.433 219.662 213.891 208.12 202.349 196.577 190.806 185.035 179.263 173.492 167.72 161.948 156.176 150.403 144.631 138.859 133.086 127.313 121.541 115.768 109.995 104.222 98.4486 92.6754 86.9021 81.1287 75.3554 69.582 63.8085 58.0347 52.258 46.4753 40.6896 38.3264 32.5257 30.1374 27.739 25.3252 22.9053 25.1618 27.0598
