tests/full-run-ref/erosion_83_12_73.250.asc
ncols 512
nrows 512
xllcorner -3.24582
yllcorner -4.08743
cellsize 5
NODATA_value -99999
[rows 406 to 434 of 512, columns 402 to 468 of 512]
5.77013 5.77011 5.77013 5.7701 5.77011 5.77013 5.77009 5.77013 5.77007 5.77013 5.77003 5.77013 5.77011 5.77013 5.7701 5.77013 5.77012 5.77013 5.77004 5.77006 5.77012 5.77013 5.77013 5.77012 5.77013 5.7701 5.77013 5.77006 5.7701 5.77013 5.77013 5.77009 5.7701 5.77009 5.77009 5.77009 5.77013 5.77007 5.77013 5.77011 5.77013 5.77007 5.77013 5.77008 5.77013 5.77008 5.77013 5.77009 5.77013 5.77006 5.77012 5.77002 5.77007 5.77006 5.77011 5.77012 5.77008 5.77012 5.77013 5.77012 5.77013 5.7701 5.77007 5.77007 5.77007 5.77007 5.77004
5.77012 5.77011 5.77011 5.77013 5.77012 5.77013 5.77013 5.77008 5.77013 5.77007 5.77013 5.77007 5.77013 5.77012 5.77013 5.77011 5.77013 5.77005 5.77009 5.77003 5.77013 5.77013 5.77013 5.77011 5.77009 5.77012 5.77013 5.7701 5.77013 5.77013 5.77012 5.77013 5.77013 5.77008 5.77013 5.77011 5.77013 5.77013 5.77008 5.77013 5.77011 5.77013 5.77008 5.77013 5.77007 5.77013 5.77007 5.77013 5.77008 5.77013 5.77006 5.77012 5.77001 5.77008 5.77007 5.77011 5.77007 5.77011 5.77013 5.77013 5.77013 5.77006 5.77013 5.77011 5.77005 5.77012 5.77011
5.77013 5.77013 5.77013 5.77013 5.77008 5.77013 5.77012 5.77013 5.77009 5.77013 5.77003 5.77013 5.7701 5.77013 5.77007 5.77013 5.77004 5.77007 5.77011 5.77013 5.77007 5.77012 5.77013 5.77009 5.7701 5.77013 5.77013 5.77012 5.77013 5.77013 5.77013 5.77013 5.77013 5.77012 5.77013 5.77012 5.7701 5.77013 5.77013 5.77008 5.77013 5.77012 5.77013 5.77007 5.77013 5.77007 5.77013 5.77007 5.77013 5.77009 5.77013 5.77007 5.77012 5.77005 5.77007 5.77012 5.77004 5.77007 5.77008 5.77012 5.77013 5.77007 5.7701 5.77013 5.77007 5.77013 5.77012
5.77013 5.77013 5.77013 5.77013 5.7701 5.77006 5.77013 5.77008 5.77013 5.77012 5.77013 5.77006 5.77013 5.77012 5.77013 5.77007 5.77005 5.77004 5.77013 5.7701 5.77013 5.77013 5.7701 5.77013 5.77012 5.7701 5.77012 5.77013 5.77013 5.77013 5.77013 5.77013 5.77013 5.77011 5.77013 5.77013 5.77012 5.77013 5.77013 5.77013 5.77011 5.77013 5.77011 5.77013 5.77008 5.77013 5.77008 5.77013 5.77006 5.77013 5.77005 5.77013 5.77008 5.77012 5.77007 5.7701 5.77005 5.77007 5.77007 5.77013 5.77013 5.77013 5.77012 5.77013 5.77012 5.77007 5.77006
5.77013 5.77013 5.77013 5.77013 5.77012 5.77009 5.77004 5.77013 5.77013 5.77012 5.77 5.77013 5.7701 5.77009 5.77006 5.77011 5.77012 5.77004 5.77013 5.77009 5.77011 5.77013 5.77011 5.77013 5.7701 5.77012 5.77013 5.77013 5.77013 5.77012 5.77013 5.77011 5.77012 5.77013 5.77011 5.77013 5.77013 5.77012 5.77013 5.77013 5.77012 5.7701 5.77013 5.77012 5.77013 5.77007 5.77013 5.77007 5.77013 5.77008 5.77013 5.77008 5.77013 5.77005 5.77011 5.77005 5.77008 5.7701 5.77006 5.77009 5.77012 5.77013 5.77006 5.77007 5.77011 5.77013 5.77006
5.77013 5.77013 5.77013 5.77013 5.77013 5.7701 5.77012 5.77008 5.77013 5.77 5.77007 5.77008 5.77012 5.77013 5.77007 5.77006 5.77013 5.77009 5.77013 5.77012 5.77013 5.77013 5.77013 5.77013 5.77011 5.77012 5.77013 5.77013 5.7701 5.77012 5.77011 5.77013 5.72378 5.66318 5.69021 5.77013 5.77013 5.77013 5.77013 5.77013 5.77013 5.77011 5.7701 5.77013 5.77011 5.77013 5.77008 5.77013 5.77007 5.77013 5.77008 5.77013 5.77008 5.77013 5.77004 5.77007 5.77011 5.77006 5.77008 5.77007 5.77006 5.77005 5.77012 5.77012 5.77009 5.77007 5.7701
5.77013 5.77012 5.77013 5.77013 5.77013 5.77013 5.77012 5.77009 5.77006 5.77011 5.77006 5.77012 5.77004 5.77006 5.77012 5.77011 5.77013 5.7701 5.77011 5.7701 5.77012 5.77013 5.77011 5.77013 5.77011 5.77011 5.77011 5.7701 5.77011 5.77011 5.7701 5.77013 5.76095 6.54458 5.72561 5.77013 5.77013 5.77013 5.77013 5.77013 5.77013 5.7701 5.77011 5.7701 5.77013 5.77012 5.77013 5.77007 5.77013 5.77007 5.77013 5.77007 5.77013 5.77007 5.77012 5.77006 5.77013 5.77006 5.7701 5.77012 5.77007 5.77008 5.77006 5.77005 5.77008 5.77006 5.77007
5.77012 5.77013 5.77013 5.77013 5.77013 5.77013 5.77008 5.77013 5.77006 5.77007 5.77013 5.77013 5.77002 5.77004 5.77013 5.7701 5.7701 5.77013 5.7701 5.7701 5.77013 5.77011 5.77011 5.77012 5.77011 5.77012 5.77012 5.77012 5.77011 5.77011 5.77012 5.77013 5.76729 5.76741 5.73205 5.77012 5.77013 5.77013 5.77013 5.77013 5.77013 5.7701 5.7701 5.77012 5.7701 5.77013 5.77012 5.77013 5.77008 5.77013 5.77007 5.77013 5.77008 5.77013 5.77004 5.77008 5.77009 5.77012 5.77007 5.77005 5.77012 5.77008 5.77006 5.77007 5.77012 5.7701 5.77008
5.77012 5.77013 5.77013 5.77013 5.77013 5.77012 5.77009 5.77012 5.77012 5.77012 5.77005 5.77011 5.77013 5.77004 5.77012 5.77013 5.7701 5.77012 5.77013 5.77012 5.77013 5.77011 5.77011 5.77013 5.77011 5.77011 5.7701 5.7701 5.77012 5.77013 5.77011 5.77013 5.77013 5.77013 5.77013 5.77013 5.77013 5.77013 5.77013 5.77013 5.77013 5.77009 5.77011 5.7701 5.77012 5.7701 5.77013 5.77012 5.77013 5.77007 5.77013 5.77007 5.77013 5.77008 5.77012 5.77007 5.77012 5.77007 5.77011 5.77007 5.77007 5.77009 5.77012 5.77012 5.77006 5.77007 5.77005
5.77013 5.77012 5.77013 5.77013 5.77013 5.7701 5.77013 5.77013 5.77005 5.77005 5.77012 5.77007 5.77004 5.77013 5.77008 5.77011 5.77013 5.77012 5.77011 5.77011 5.77013 5.77011 5.77011 5.77013 5.77011 5.72676 5.71465 5.7333 5.77013 5.77012 5.77011 5.77011 5.77013 5.77013 5.77013 5.77013 5.77012 5.77013 5.77013 5.77013 5.77013 5.77012 5.7701 5.7701 5.7701 5.77013 5.7701 5.77013 5.77012 5.77013 5.77008 5.77013 5.77007 5.77013 5.77002 5.77007 5.77007 5.77013 5.77007 5.77012 5.77007 5.77007 5.7701 5.77007 5.7701 5.77008 5.77012
5.77013 5.77012 5.77013 5.77012 5.77012 5.77013 5.77013 5.7701 5.77006 5.77004 5.77012 5.77002 5.77012 5.77012 5.77013 5.77012 5.77011 5.77013 5.77011 5.77013 5.77011 5.77011 5.77011 5.77013 5.77013 5.73822 6.15646 5.75916 5.77012 5.7701 5.77011 5.77012 5.77013 5.77012 5.77012 5.77012 5.77013 5.77013 5.77013 5.77013 5.77013 5.77013 5.77011 5.7701 5.77012 5.7701 5.77012 5.7701 5.77013 5.77012 5.77013 5.77007 5.77013 5.77007 5.77012 5.77007 5.77007 5.77011 5.77013 5.77007 5.77012 5.77009 5.77003 5.77006 5.77012 5.77006 5.77002
5.74648 5.7496 5.77013 5.77011 5.77012 5.77013 5.77013 5.77013 5.77012 5.77013 5.77013 5.77013 5.77013 5.77011 5.77011 5.77013 5.77011 5.77012 5.77013 5.70849 5.67904 5.73034 5.75821 5.75462 5.75182 5.74287 5.74752 5.76346 5.71745 5.77011 5.77011 5.7701 5.77013 5.77013 5.77013 5.77012 5.77011 5.77012 5.77013 5.77013 5.77013 5.77013 5.77013 5.77013 5.7701 5.7701 5.7701 5.77013 5.7701 5.77013 5.77012 5.77013 5.77007 5.77013 5.77011 5.77013 5.77012 5.77006 5.77009 5.77012 5.77005 5.77005 5.77008 5.77007 5.77008 5.77006 5.77009
6.07372 5.76622 5.77013 5.77012 5.77013 5.77013 5.77013 5.77013 5.77013 5.77013 5.77013 5.77013 5.77011 5.77012 5.77012 5.77013 5.77013 5.77011 5.77011 5.63208 6.94786 5.68869 5.74906 6.04263 5.73715 5.77012 5.72863 6.15124 5.70681 5.77013 5.7701 5.77011 5.77011 5.77013 5.77013 5.77012 5.77013 5.77013 5.77013 5.77013 5.77013 5.77013 5.77013 5.77013 5.77012 5.7701 5.7701 5.7701 5.77012 5.7701 5.77013 5.77011 5.77013 5.77012 5.77009 5.77001 5.77004 5.77007 5.77012 5.77007 5.77012 5.77007 5.77007 5.77004 5.77004 5.77008 5.77002
5.7635 5.75078 5.71332 5.77013 5.77013 5.77012 5.77012 5.77013 5.77012 5.77012 5.7701 5.7701 5.77013 5.77013 5.77013 5.77011 5.77011 5.77011 5.77012 5.66618 5.68498 5.75311 5.75569 5.75282 5.74177 5.77011 5.73266 5.7369 5.71227 5.66454 5.77013 5.77012 5.77013 5.77011 5.77013 5.77013 5.77012 5.77012 5.77013 5.77012 5.77013 5.77012 5.77013 5.77013 5.77013 5.7701 5.77011 5.7701 5.7701 5.7701 5.7701 5.77013 5.77012 5.77007 5.77003 5.77007 5.77002 5.77012 5.77012 5.77013 5.77009 5.77005 5.7701 5.77011 5.77009 5.77006 5.77008
5.76143 7.69595 5.70285 5.77013 5.77012 5.77013 5.77013 5.77013 5.77011 5.77011 5.77012 5.77011 5.77012 5.77013 5.77012 5.77011 5.77012 5.77013 5.77011 5.6838 5.71396 5.73239 5.77011 5.77013 5.77013 5.77011 5.77011 5.70269 6.90727 5.7369 5.58632 5.60531 5.77013 5.77012 5.77013 5.77013 5.77013 5.77012 5.77012 5.77012 5.77012 5.77013 5.77012 5.77013 5.77013 5.77009 5.7701 5.7701 5.7701 5.7701 5.7701 5.77011 5.77011 5.77004 5.77007 5.76999 5.77012 5.77007 5.77013 5.77007 5.77012 5.77007 5.77007 5.77002 5.77007 5.77007 5.77007
5.65154 5.59279 5.66028 5.77013 5.77012 5.77013 5.77013 5.77013 5.77013 5.77012 5.77011 5.77012 5.77013 5.77011 5.77011 5.7701 5.77013 5.77011 5.77012 5.67229 6.61425 5.64756 5.77011 5.77012 5.77011 5.77013 5.77013 5.74073 5.73124 5.72758 7.52599 5.73588 5.77013 5.77012 5.77012 5.77012 5.77013 5.77013 5.77012 5.77012 5.77012 5.77012 5.77012 5.77013 5.77013 5.77012 5.7701 5.77011 5.77013 5.77009 5.77013 5.77012 5.77005 5.77008 5.77007 5.77012 5.77011 5.77013 5.77012 5.77012 5.77004 5.77008 5.77011 5.77007 5.77006 5.77008 5.77005
5.77012 5.77012 5.77013 5.77012 5.77012 5.77013 5.77013 5.77013 5.77013 5.77013 5.77013 5.77011 5.77011 5.77013 5.77012 5.77013 5.7701 5.77011 5.77013 5.71137 5.73377 5.66619 5.77011 5.77013 5.77011 5.77011 5.77013 5.77013 5.77013 5.5853 5.49965 5.42503 5.77013 5.77013 5.77012 5.77012 5.77012 5.77013 5.77013 5.77012 5.77012 5.77012 5.77012 5.77013 5.77013 5.77013 5.77013 5.77012 5.7701 5.77013 5.77013 5.77012 5.77006 5.77004 5.77012 5.77012 5.77013 5.77007 5.77012 5.77007 5.77006 5.77006 5.77009 5.77007 5.77011 5.77007 5.77012
5.77013 5.77013 5.77013 5.77012 5.77013 5.77012 5.77012 5.77012 5.77012 5.77013 5.77013 5.77012 5.77011 5.77013 5.77012 5.77013 5.77011 5.77011 5.77013 5.77013 5.77013 5.77013 5.77011 5.77013 5.77013 5.77013 5.77011 5.77011 5.77013 5.77013 5.77012 5.77013 5.77011 5.77013 5.77013 5.77013 5.77012 5.77013 5.77013 5.77012 5.77012 5.77012 5.77012 5.77012 5.77013 5.77013 5.77013 5.77013 5.77013 5.77013 5.77013 5.77008 5.77009 5.77012 5.77007 5.77013 5.77012 5.77013 5.77005 5.77006 5.77008 5.77008 5.77008 5.77003 5.77007 5.7701 5.77012
5.77012 5.77013 5.77012 5.77012 5.77013 5.77013 5.77013 5.77013 5.77012 5.77013 5.77013 5.77013 5.77013 5.77013 5.77012 5.77012 5.77011 5.77013 5.77013 5.77013 5.77012 5.77011 5.77011 5.77012 5.77013 5.77013 5.77013 5.77013 5.77013 5.77012 5.77013 5.77013 5.77012 5.77011 5.77013 5.77013 5.77012 5.77011 5.77013 5.77013 5.77012 5.77012 5.77012 5.77012 5.77013 5.77013 5.77013 5.77013 5.77009 5.77007 5.77007 5.77012 5.77013 5.77012 5.77009 5.77006 5.77012 5.77012 5.77011 5.77006 5.77009 5.77005 5.77004 5.77009 5.77012 5.77005 5.77013
5.77012 5.77012 5.77012 5.77013 5.77013 5.77012 5.77012 5.77013 5.77012 5.77012 5.77013 5.77013 5.77012 5.77013 5.77013 5.77013 5.77013 5.77013 5.77013 5.77012 5.77012 5.77011 5.77012 5.77011 5.77012 5.77013 5.77013 5.77013 5.77013 5.77013 5.77013 5.77013 5.77013 5.7701 5.77011 5.77013 5.77013 5.77012 5.77013 5.77013 5.77013 5.77012 5.77012 5.77013 5.77013 5.77012 5.77013 5.77013 5.77013 5.77003 5.77009 5.77013 5.77013 5.77012 5.77006 5.77007 5.77006 5.77013 5.77011 5.7701 5.77012 5.77012 5.76997 5.77007 5.77003 5.77011 5.7701
5.77012 5.77012 5.77012 5.77013 5.77013 5.77012 5.77013 5.77013 5.77013 5.77012 5.77013 5.77013 5.77012 5.77012 5.77012 5.77013 5.77013 5.77013 5.77013 5.77013 5.77012 5.77013 5.7701 5.7701 5.7701 5.77012 5.77013 5.77013 5.77013 5.77013 5.77013 5.77013 5.77013 5.77013 5.77012 5.77013 5.77013 5.77012 5.77011 5.77012 5.77013 5.77012 5.77013 5.77013 5.77013 5.74883 5.7489 5.76397 5.77012 5.77012 5.77008 5.77013 5.77013 5.77012 5.77007 5.77007 5.77012 5.77009 5.77007 5.77007 5.77005 5.77003 5.77013 5.7701 5.77005 5.77007 5.77013
5.77013 5.77013 5.77013 5.77012 5.77012 5.77012 5.77013 5.77013 5.77013 5.77013 5.77012 5.77012 5.77013 5.77013 5.77012 5.77012 5.77012 5.77012 5.77012 5.77012 5.77012 5.77013 5.7701 5.77011 5.77011 5.77011 5.77012 5.77013 5.77013 5.77013 5.77013 5.77013 5.77013 5.77013 5.77011 5.77012 5.77013 5.77013 5.77012 5.77012 5.77013 5.77012 5.77013 5.77013 5.77012 5.76911 6.1473 5.76417 5.77013 5.77013 5.77012 5.77006 5.77013 5.77013 5.77011 5.77012 5.77013 5.77002 5.77007 5.77011 5.77007 5.77012 5.77005 5.77013 5.77005 5.77013 5.77007
5.77013 5.77013 5.77012 5.77013 5.77013 5.77013 5.77013 5.77013 5.77012 5.77012 5.77012 5.77012 5.77012 5.77013 5.77013 5.77013 5.77013 5.77012 5.77012 5.77012 5.77012 5.77013 5.77012 5.77011 5.77013 5.77013 5.77011 5.77011 5.77011 5.77013 5.77013 5.77013 5.77013 5.77013 5.77013 5.77013 5.77013 5.77013 5.77013 5.77012 5.77011 5.77013 5.77013 5.77013 5.77012 5.7652 5.76232 5.76586 5.77013 5.77013 5.77012 5.77008 5.77007 5.77013 5.77013 5.77013 5.77001 5.77007 5.77007 5.77012 5.77001 5.77008 5.77011 5.77004 5.77013 5.77006 5.77013
5.77013 5.77013 5.77013 5.77013 5.77013 5.77013 5.77013 5.77012 5.77013 5.77012 5.77012 5.77012 5.77013 5.77013 5.77013 5.77013 5.77013 5.77013 5.77013 5.77013 5.77013 5.77013 5.77011 5.77011 5.77011 5.77013 5.7701 5.77012 5.77013 5.77013 5.77013 5.77013 5.77013 5.77013 5.77013 5.77012 5.77012 5.77013 5.77013 5.67014 5.60677 5.64283 5.77012 5.77013 5.77012 5.77013 5.77013 5.77013 5.77013 5.77013 5.77013 5.77012 5.77012 5.77011 5.77013 5.7701 5.77008 5.77011 5.7701 5.77006 5.77006 5.77007 5.77006 5.7701 5.77012 5.77013 5.77007
5.77012 5.77013 5.77012 5.77013 5.77013 5.77013 5.77013 5.77012 5.77013 5.77013 5.77013 5.77013 5.77013 5.77013 5.77013 5.77013 5.77013 5.77013 5.77013 5.77013 5.77013 5.77013 5.77013 5.77011 5.77011 5.77013 5.77013 5.77011 5.77013 5.77013 5.77013 5.77013 5.77013 5.77013 5.77013 5.77013 5.77012 5.77012 5.77013 5.73941 7.10597 5.62324 5.65177 5.77013 5.77012 5.77013 5.77013 5.77013 5.77013 5.77013 5.77013 5.77013 5.77013 5.77012 5.77005 5.77007 5.77005 5.77013 5.77007 5.77011 5.77008 5.77012 5.77007 5.77006 5.77013 5.77011 5.77013
5.77013 5.77013 5.77012 5.77013 5.77013 5.77012 5.77013 5.77012 5.77012 5.77013 5.77013 5.77013 5.77013 5.77013 5.77013 5.77013 5.77013 5.77013 5.77013 5.77013 5.77013 5.77013 5.77013 5.77011 5.77012 5.77013 5.77013 5.77013 5.77011 5.77013 5.77013 5.77013 5.77013 5.77013 5.77013 5.77013 5.77013 5.77012 5.70652 5.74069 5.75459 7.10346 5.63331 5.77012 5.77012 5.77013 5.77013 5.77013 5.77012 5.77012 5.77013 5.77013 5.77013 5.7701 5.77006 5.77005 5.77013 5.77008 5.77013 5.77006 5.77012 5.77007 5.77011 5.77013 5.77012 5.77013 5.7701
5.77012 5.77013 5.77013 5.77013 5.77012 5.77013 5.77013 5.77013 5.77012 5.77013 5.77013 5.77013 5.77013 5.77013 5.75874 5.75355 5.74876 5.77013 5.77013 5.77013 5.77013 5.77013 5.77011 5.77011 5.77013 5.77013 5.77013 5.77012 5.77012 5.77013 5.77013 5.77013 5.77013 5.77013 5.77013 5.77013 5.77013 5.77013 5.70209 7.5081 5.70411 5.55072 5.5718 5.77013 5.77013 5.77011 5.77012 5.77012 5.77012 5.77012 5.77012 5.77013 5.77013 5.77013 5.77007 5.77012 5.77011 5.77013 5.77007 5.77013 5.77006 5.77012 5.77013 5.77007 5.77013 5.7701 5.77013
5.77013 5.77012 5.77013 5.77012 5.77012 5.77013 5.77013 5.77012 5.77013 5.77013 5.77013 5.77013 5.77013 5.77013 5.5815 7.19809 5.74111 5.77013 5.77013 5.77013 5.77013 5.77012 5.77013 5.77011 5.77013 5.77013 5.77013 5.77013 5.77012 5.77013 5.77013 5.77013 5.77013 5.77013 5.77013 5.77013 5.77013 5.77013 5.73109 5.70215 5.68465 5.77012 5.77012 5.77012 5.77013 5.77011 5.77012 5.77012 5.77012 5.77012 5.77012 5.77013 5.77013 5.77013 5.77013 5.77013 5.77013 5.77011 5.7701 5.77007 5.77012 5.77013 5.77012 5.77011 5.77005 5.77013 5.77007
5.77012 5.77013 5.77012 5.77013 5.77012 5.77013 5.77012 5.77013 5.77013 5.77013 5.77013 5.77013 5.77013 5.77013 5.60448 5.70255 5.72971 5.77013 5.77013 5.77013 5.77012 5.77011 5.77011 5.77013 5.77013 5.77011 5.77013 5.77012 5.77012 5.77013 5.77013 5.77013 5.77013 5.77013 5.77013 5.77013 5.77013 5.77013 5.77013 5.77013 5.77013 5.77013 5.77012 5.77013 5.77013 5.77013 5.77012 5.77012 5.77012 5.77012 5.77013 5.77013 5.77013 5.77012 5.77013 5.77013 5.77013 5.77013 5.77012 5.77012 5.77013 5.77012 5.7701 5.77007 5.77007 5.77004 5.77013
