tests/full-run-ref/erosion_78_19_2.123.asc
ncols 512
nrows 512
xllcorner -3.24582
yllcorner -4.08743
cellsize 5
NODATA_value -99999
[rows 228 to 265 of 512, columns 0 to 83 of 512]
29.2052 23.4352 17.6652 11.8902 11.8873 0 0 0 0 0 0 0 0 0 0 0 46.0663 40.2603 34.4706 28.6799 22.8891 17.0965 11.3044 5.68126 5.77 5.77 5.77 5.77 5.77 5.77 5.77 5.77 5.77 5.77 5.77 5.77 5.77 5.77 5.77 5.77 5.77 5.77 5.77 5.77 5.77 5.77 5.77 5.77 5.77 5.77 5.77 5.77 5.71717 4.59118 0 0 5.77 5.751 5.3423 1.77239 0 0 0 0 0 0 0 0 0 0 0 0 0 0 5.76165 5.76521 0 0 0 0 0 0 0 0
29.2051 23.4351 17.6651 11.89 11.8871 0 0 0 0 0 0 0 0 0 0 0 46.0672 40.2725 34.482 28.691 22.8998 17.107 11.315 5.68527 5.77 5.77 5.77 5.77 5.77 5.77 5.77 5.77 5.77 5.77 5.77 5.77 5.77 5.77 5.77 5.77 5.77 5.77 5.77 5.77 5.77 5.77 5.77 5.77 5.77 5.77 5.77 5.71717 4.59118 0 0 5.77 5.75147 5.37899 2.29959 0 0 0 0 0 0 0 0 0 0 5.76948 0 0 0 0 0 0 0 0 0 0 0 0 0 16.3151
29.205 23.435 17.665 11.8899 11.887 0 0 0 0 0 19.9918 0 0 0 0 0 40.6832 38.2743 34.5012 28.7137 22.9202 17.1267 11.3335 5.69204 5.77 5.77 5.77 5.77 5.77 5.77 5.77 5.77 5.77 5.77 5.77 5.77 5.77 5.77 5.77 5.77 5.77 5.77 5.77 5.77 5.77 5.77 5.77 5.77 5.77 5.77 5.71717 4.59118 0 0 5.77 5.75149 5.38123 2.33578 0 0 0 0 0 0 0 0 0 0 8.0607 5.76917 0 0 0 0 0 0 0 0 0 0 0 0 0 13.9232
29.205 23.435 17.665 11.8899 11.887 0 0 0 0 20.0259 14.2207 0 0 0 0 0 38.2932 32.4737 30.0889 27.7127 22.9536 17.1607 11.3652 5.70246 5.77 5.77 5.77 5.77 5.77 5.77 5.77 5.77 5.77 5.77 5.77 5.77 5.77 5.77 5.77 5.77 5.77 5.77 5.77 5.77 5.77 5.77 5.77 5.77 5.77 5.71717 4.59118 0 0 5.77 5.75149 5.3813 2.33706 0 0 0 0 0 0 0 0 0 0 0 0 5.76927 0 0 0 0 0 0 0 0 0 0 0 0 0 11.5345
28.2621 22.4921 17.665 11.8904 11.8864 6.839 0 0 0 0 14.2525 0 0 0 0 18.7927 35.8951 30.0797 24.27 21.894 19.5296 16.2568 11.4197 5.72189 5.77 5.77 5.77 5.77 5.77 5.77 5.77 5.77 5.77 5.77 5.77 5.77 5.77 5.77 5.77 5.77 5.77 5.77 5.77 5.77 5.77 5.77 5.77 5.77 5.71717 4.59118 0 0 5.77 5.75149 5.3813 2.33708 0 0 0 0 0 0 0 0 0 0 0 0 0 0 0 0 0 0 0 0 0 0 0 0 0 0 0 11.0026
25.8755 20.1055 14.3355 11.5255 11.4799 11.5015 11.4601 0 0 0 0 0 0 0 0 0 32.5393 27.6964 21.8841 16.0618 13.6953 11.3814 8.10414 5.74765 5.77 5.77 5.77 5.77 5.77 5.77 5.77 5.77 5.77 5.77 5.77 5.77 5.77 5.77 5.77 5.77 5.77 5.77 5.77 5.77 5.77 5.77 5.77 5.71717 4.59118 0 0 5.77 5.75149 5.3813 2.33708 0 0 0 0 0 0 0 0 0 0 0 0 0 0 0 0 0 0 0 0 0 0 0 0 0 0 0 0 8.61517
25.8721 20.1021 14.3355 11.5345 11.5333 11.529 8.05471 0 0 0 7.93558 0 0 0 0 30.1525 27.7416 24.3541 19.5132 13.6876 7.88706 5.66267 5.74691 5.76515 5.77 5.77 5.77 5.77 5.77 5.77 5.77 5.77 5.77 5.77 5.77 5.77 5.77 5.77 5.77 5.77 5.77 5.77 5.77 5.77 5.77 5.77 5.71717 4.59118 0 0 5.77 5.75149 5.3813 2.33708 0 0 0 0 0 0 0 0 0 0 0 0 0 0 0 0 0 0 0 0 5.77 5.77 5.77 5.73651 4.58007 0 0 0 0 11.0045
25.8755 20.1055 14.3355 11.5345 11.5333 11.5292 0 0 0 0 0 0 0 0 0 24.3628 21.9513 19.5597 16.1762 11.368 5.66002 5.76076 5.77 5.77 5.77 5.77 5.77 5.77 5.77 5.77 5.77 5.77 5.77 5.77 5.77 5.77 5.77 5.77 5.77 5.77 5.77 5.77 5.77 5.77 5.77 5.71717 4.59118 0 0 5.77 5.75148 5.38128 2.33705 0 0 0 0 0 0 0 0 0 0 0 0 0 0 0 0 0 0 0 0 5.59086 5.75773 5.77 5.76846 5.38034 1.17781 0 0 0 0 11.5212
25.8755 20.1055 14.3355 11.5345 11.5333 11.5286 5.76271 0 0 0 0 0 0 0 22.0033 19.5752 16.1643 13.7637 11.3952 8.04449 5.74454 5.77 5.77 5.77 5.77 5.77 5.77 5.77 5.77 5.77 5.77 5.77 5.77 5.77 5.77 5.77 5.77 5.77 5.77 5.77 5.77 5.77 5.77 5.77 5.71717 4.59118 0 0 5.77 5.75143 5.38101 2.3367 0 0 0 0 0 0 0 0 0 0 0 0 0 0 0 0 0 0 0 0 0 2.79159 5.76927 5.10339 5.76961 3.65107 0 0 0 0 0 11.5274
25.8755 20.1055 14.3355 11.5345 11.5333 11.5288 5.76305 0 0 0 0 0 0 0 16.2187 13.7962 11.3874 8.00549 5.69687 5.74658 5.76512 5.77 5.77 5.77 5.77 5.77 5.77 5.77 5.77 5.77 5.77 5.77 5.77 5.77 5.77 5.77 5.77 5.77 5.77 5.77 5.77 5.77 5.77 5.71717 4.59118 0 0 5.77 5.75103 5.37859 2.33287 0 0 0 0 0 0 0 0 0 0 0 0 0 0 0 0 0 0 0 0 0 0 5.63916 5.10218 8.15873 5.76877 0 0 0 0 0 0.805895 11.5345
25.8755 20.1055 14.3355 11.5345 11.5328 11.5292 5.76453 0 0 0 0 0 0 0 13.8416 8.02823 5.69838 5.74365 5.76462 5.77 5.77 5.77 5.77 5.77 5.77 5.77 5.77 5.77 5.77 5.77 5.77 5.77 5.77 5.77 5.77 5.77 5.77 5.77 5.77 5.77 5.77 5.77 5.71717 4.59118 0 0 5.77 5.74868 5.36295 2.30157 0 0 0 0 0 0 0 0 0 0 0 0 0 0 0 0 0 0 0 0 3.27517 0 0 0 2.70353 5.76608 5.7688 0 0 0 0 0 12.7811 13.9272
22.09 19.6973 13.9273 11.5331 11.5297 8.15503 5.76725 0 0 0 0 0 0 0 8.10047 5.73551 5.7652 5.77 5.77 5.77 5.77 5.77 5.77 5.77 5.77 5.77 5.77 5.77 5.77 5.77 5.77 5.77 5.77 5.77 5.77 5.77 5.77 5.77 5.77 5.77 5.77 5.71717 4.59118 0 0 5.77 5.7398 5.29357 2.1201 0 0 0 0 0 0 0 0 0 0 0 0 0 0 0 0 0 0 0 0 5.77 4.96739 0 0 0 0 8.1566 5.76597 1.75599 0 0 0 0 0 12.333
19.7 13.93 11.5373 5.76726 5.76639 5.76716 5.76906 5.48146 0 0 0 0 0 0 5.76207 5.76691 5.77 5.77 5.77 5.77 5.77 5.77 5.77 5.77 5.77 5.77 5.77 5.77 5.77 5.77 5.77 5.77 5.77 5.77 5.77 5.77 5.77 5.77 5.77 5.77 5.71717 4.59118 0 0 5.77 5.72038 5.10164 1.43268 0 0 0 0 0 0 0 0 0 0 0 0 0 0 0 0 0 0 0 0 5.72214 5.58135 5.55817 0.58977 0 0 0 10.0683 0 8.2251 7.09938 4.69714 11.5297 5.73804 0 0
16.3169 11.54 5.77 5.76919 5.77 5.77 5.77 5.77 5.77 5.77 5.77 5.77 5.77 5.77 5.77 5.77 5.77 5.77 5.77 5.77 5.77 5.77 5.77 5.77 5.77 5.77 5.77 5.77 5.77 5.77 5.77 5.77 5.77 5.77 5.77 5.77 5.77 5.77 5.77 5.71717 4.59118 0 0 5.77 5.70188 4.82043 0 0 0 0 0 0 0 0 0 0 0 0 0 0 0 0 0 0 0 0 0 5.72214 5.38873 0.065783 5.77 4.30145 0 0 0 0 0 10.0322 14.7889 13.92 8.14587 5.76737 0 0
13.9269 8.15685 5.77 5.77 5.77 5.77 5.77 5.77 5.77 5.77 5.77 5.77 5.77 5.77 5.77 5.77 5.77 5.77 5.77 5.77 5.77 5.77 5.77 5.77 5.77 5.77 5.77 5.77 5.77 5.77 5.77 5.77 5.77 5.77 5.77 5.77 5.77 5.77 5.71717 4.59118 0 0 5.77 5.70729 4.71223 0 0 0 0 0 0 0 0 0 0 0 0 0 0 0 0 0 0 0 0 0 5.72214 5.38873 0.065783 5.77 5.77 5.77 4.88994 0 0 0 0 0 9.54774 11.5288 5.76502 5.76953 5.77 5.76982
11.54 5.77 5.77 5.77 5.77 5.77 5.77 5.77 5.77 5.77 5.77 5.77 5.77 5.77 5.77 5.77 5.77 5.77 5.77 5.77 5.77 5.77 5.77 5.77 5.77 5.77 5.77 5.77 5.77 5.77 5.77 5.77 5.77 5.77 5.77 5.77 5.77 5.71717 4.59118 0 0 5.77 5.73368 4.95038 0 0 0 0 0 0 0 0 0 0 0 0 0 0 0 0 0 0 0 0 0 5.72214 5.38873 0.065783 5.77 5.77 5.77 5.77 5.77 5.71008 2.61759 0 0 0 4.02752 5.76799 5.76932 5.77 5.77 5.77
11.54 5.77 5.77 5.77 5.77 5.77 5.77 5.77 5.77 5.77 5.77 5.77 5.77 5.77 5.77 5.77 5.77 5.77 5.77 5.77 5.77 5.77 5.77 5.77 5.77 5.77 5.77 5.77 5.77 5.77 5.77 5.77 5.77 5.77 5.77 5.77 5.71717 4.59118 0 0 5.77 5.75263 5.28683 0.959353 0 0 0 0 0 0 0 0 0 0 0 0 0 0 0 0 0 0 0 0 5.72214 5.38873 0.065783 5.77 5.77 5.77 5.77 5.77 5.77 5.77 5.77 5.77 5.77 5.77 5.77 5.77 5.77 5.77 5.77 5.77
11.54 5.77 5.77 5.77 5.77 5.77 5.77 5.77 5.77 5.77 5.77 5.77 5.77 5.77 5.77 5.77 5.77 5.77 5.77 5.77 5.77 5.77 5.77 5.77 5.77 5.77 5.77 5.77 5.77 5.77 5.77 5.77 5.77 5.77 5.77 5.71717 4.59118 0 0 5.77 5.75228 5.41048 2.42538 0 0 0 0 0 0 0 0 0 0 0 0 0 0 0 0 0 0 0 0 5.72214 5.38873 0.065783 5.77 5.77 5.77 5.77 5.77 5.77 5.77 5.77 5.77 5.77 5.77 5.76858 5.65489 5.05035 4.24171 4.267 5.19607 5.69847
11.54 5.77 5.77 5.77 5.77 5.77 5.77 5.77 5.77 5.77 5.77 5.77 5.77 5.77 5.77 5.77 5.77 5.77 5.77 5.77 5.77 5.77 5.77 5.77 5.77 5.77 5.77 5.77 5.77 5.77 5.77 5.77 5.77 5.77 5.71717 4.59118 0 0 5.77 5.74391 5.33668 2.39832 0 0 0 0 0 0 0 0 0 0 0 0 0 0 0 0 0 0 0 0 5.72214 5.38873 0.065783 5.77 5.77 5.77 5.77 5.77 5.77 5.77 5.77 5.77 5.77 5.77 5.77 5.65852 3.65989 0 0 0 0 5.05
11.54 5.77 5.77 5.77 5.77 5.77 5.77 5.77 5.77 5.77 5.77 5.77 5.77 5.77 5.77 5.77 5.77 5.77 5.77 5.77 5.77 5.77 5.77 5.77 5.77 5.77 5.77 5.77 5.77 5.77 5.77 5.77 5.77 5.71717 4.59118 0 0 5.77 5.73707 5.23003 1.75101 0 0 0 0 0 0 0 0 0 0 0 0 0 0 0 0 0 0 0 0 5.72214 5.38873 0.065783 5.77 5.77 5.77 5.77 5.77 5.77 5.77 5.77 5.77 5.77 5.77 5.77 5.77 5.10475 0 0 0 0 0 5.5956
11.54 5.77 5.77 5.77 5.77 5.77 5.77 5.77 5.77 5.77 5.77 5.77 5.77 5.77 5.77 5.77 5.77 5.77 5.77 5.77 5.77 5.77 5.77 5.77 5.77 5.77 5.77 5.77 5.77 5.77 5.77 5.77 5.71717 4.59118 0 0 5.77 5.72994 5.14096 1.22141 0 0 0 0 0 0 0 0 0 0 0 0 0 0 0 0 0 0 0 0 5.72214 5.38873 0.065783 5.77 5.77 5.77 5.77 5.77 5.77 5.77 5.77 5.77 5.77 5.77 5.77 5.77 5.77 4.65681 0 0 0 0 0 4.39641
11.54 5.77 5.77 5.77 5.77 5.77 5.77 5.77 5.77 5.77 5.77 5.77 5.77 5.77 5.77 5.77 5.77 5.77 5.77 5.76947 5.76905 5.76887 5.77 5.77 5.77 5.77 5.77 5.77 5.77 5.77 5.77 5.71717 4.59118 0 0 5.77 5.7171 5.00963 0.669495 0 0 0 0 0 0 0 0 0 0 0 0 0 0 0 5.76953 0 0 0 0 5.72214 5.38873 0.065783 5.77 5.77 5.77 5.77 5.77 5.77 5.77 5.77 5.77 5.77 5.77 5.77 5.77 5.77 5.77 5.13888 0 0 0 0 0 14.3184
11.54 5.77 5.77 5.77 5.77 5.77 5.77 5.77 5.77 5.77 5.77 5.77 5.77 5.77 5.77 5.77 5.77 5.77 5.77 5.76948 7.59109 5.76885 5.77 5.77 5.77 5.77 5.77 5.77 5.77 5.77 5.71717 4.59118 0 0 5.77 5.7023 4.80852 0 0 0 0 0 0 0 0 0 0 0 0 0 0 0 0 8.15974 5.76919 0 0 0 5.72214 5.38873 0.065783 5.77 5.77 5.77 5.77 5.77 5.77 5.77 5.77 5.77 5.77 5.77 5.77 5.77 5.77 5.77 5.77 5.63927 1.25595 0 0 0 8.30633 13.9289
11.54 5.77 5.77 5.77 5.77 5.77 5.77 5.77 5.77 5.77 5.77 5.77 5.77 5.77 5.77 5.77 5.77 5.77 5.77 5.76958 5.76929 5.76921 5.77 5.77 5.77 5.77 5.77 5.77 5.77 5.71717 4.59118 0 0 5.77 5.70613 4.70757 0 0 0 0 0 0 0 0 0 0 0 0 0 0 0 0 7.75903 5.76911 5.76955 0 0 5.72214 5.38873 0.065783 5.77 5.77 5.77 5.77 5.77 5.77 5.77 5.77 5.77 5.77 5.77 5.77 5.77 5.77 5.77 5.77 5.77 5.77 4.68892 0 0 0 13.9271 8.15791
11.54 5.77 5.77 5.77 5.77 5.77 5.77 5.77 5.77 5.77 5.77 5.77 5.77 5.77 5.77 5.77 5.77 5.77 5.77 5.77 5.77 5.77 5.77 5.77 5.77 5.77 5.77 5.77 5.71717 4.59118 0 0 5.77 5.73764 4.95657 0 0 0 0 0 0 0 0 0 0 0 0 0 0 0 0 0 0 5.76886 0 0 5.72214 5.38873 0.065783 5.77 5.77 5.77 5.77 5.77 5.77 5.77 5.77 5.77 5.77 5.77 5.77 5.77 5.77 5.77 5.77 5.77 5.77 5.77 5.24047 0 0 0 8.15651 5.76859
11.54 5.77 5.77 5.77 5.77 5.77 5.77 5.77 5.77 5.77 5.77 5.77 5.77 5.77 5.77 5.77 5.77 5.77 5.77 5.77 5.77 5.77 5.77 5.77 5.77 5.77 5.77 5.71717 4.59118 0 0 5.77 5.77 5.43007 1.26525 0 0 0 0 0 0 0 0 0 0 0 0 0 0 0 0 0 8.15776 5.76754 0 5.72214 5.24267 0.0657125 5.76993 5.77 5.77 5.77 5.77 5.77 5.77 5.77 5.77 5.77 5.77 5.77 5.77 5.77 5.77 5.77 5.77 5.77 5.75527 5.3196 4.15876 2.79891 4.997 5.76869 5.76919 5.76983
11.54 5.77 5.77 5.77 5.77 5.77 5.77 5.77 5.77 5.77 5.77 5.77 5.77 5.77 5.77 5.77 5.77 5.77 5.77 5.77 5.77 5.77 5.77 5.77 5.77 5.77 5.71717 4.59118 0 0 5.77 5.77 5.72035 3.9701 0 0 0 0 0 0 0 0 0 0 0 0 0 0 0 0 0 0 11.5367 0 5.76927 5.25938 0.0651735 5.92303 5.76926 5.76989 5.77 5.77 5.77 5.77 5.77 5.77 5.77 5.77 5.77 5.77 5.77 5.77 5.77 5.77 5.77 5.75527 5.26034 2.6303 0 5.76985 5.76965 5.76977 5.77 5.77
11.54 5.77 5.77 5.77 5.77 5.77 5.77 5.77 5.77 5.77 5.77 5.77 5.77 5.77 5.77 5.77 5.77 5.77 5.77 5.77 5.77 5.77 5.77 5.77 5.77 5.71717 4.59118 0 0 5.77 5.77 5.77 5.40667 0 0 0 0 0 0 0 0 0 0 0 0 0 0 0 0 0 0 0 0 8.1565 8.15839 5.61054 0 11.9287 8.15946 5.76943 5.76991 5.77 5.77 5.77 5.77 5.77 5.77 5.77 5.77 5.77 5.77 5.77 5.77 5.77 5.75527 5.26034 2.6303 0 5.77 5.77 5.7661 5.77 5.77 5.77
11.54 5.77 5.77 5.77 5.77 5.77 5.77 5.77 5.77 5.77 5.77 5.77 5.77 5.77 5.77 5.77 5.77 5.77 5.77 5.77 5.77 5.77 5.77 5.77 5.71717 4.59118 0 0 5.77 5.77 5.77 5.77 4.76971 0 0 0 0 0 0 0 0 0 0 0 0 0 0 0 0 0 0 0 0 14.3179 14.3182 10.17 2.70307 16.3197 13.8338 8.15884 5.7694 5.7699 5.77 5.77 5.77 5.77 5.77 5.77 5.77 5.77 5.77 5.77 5.77 5.75527 5.26034 2.6303 0 5.77 5.76982 5.76592 5.76981 5.77 5.77 5.77
11.54 5.77 5.77 5.77 5.77 5.77 5.77 5.77 5.77 5.77 5.77 5.77 5.77 5.77 5.77 5.77 5.77 5.77 5.77 5.77 5.77 5.77 5.77 5.71717 4.59118 0 0 5.77 5.77 5.77 5.77 5.76436 3.876 0 0 0 0 0 0 0 0 0 0 0 0 0 0 0 0 0 0 0 0 20.4784 17.5915 14.7889 21.783 21.994 16.319 13.8339 8.15827 5.76916 5.76971 5.76991 5.76998 5.77 5.77 5.77 5.77 5.77 5.77 5.77 5.75527 5.26034 2.6303 0 5.77 5.77 5.76549 7.96529 5.76926 5.77 5.77 5.77
11.54 5.77 5.77 5.77 5.77 5.77 5.77 5.77 5.77 5.77 5.77 5.77 5.77 5.77 5.77 5.77 5.77 5.77 5.77 5.77 5.77 5.77 5.71717 4.59118 0 0 5.77 5.77 5.77 5.77 5.77 5.7473 3.33339 0 0 0 0 0 0 0 0 0 0 0 0 0 0 0 0 0 0 0 26.6867 26.6389 18.9961 24.0527 28.248 24.4792 21.9942 16.3186 13.9284 12.3113 11.5397 8.15983 5.76989 5.77 5.77 5.77 5.77 5.77 5.77 5.75527 5.26034 2.6303 0 5.76903 5.76618 5.766 5.76904 11.5382 5.76866 5.77 5.77 5.77
11.54 5.77 5.77 5.77 5.77 5.77 5.77 5.77 5.77 5.77 5.77 5.77 5.77 5.77 5.77 5.77 5.77 5.77 5.77 5.77 5.77 5.71717 4.59118 0 0 5.77 5.77 5.77 5.77 5.76594 5.77 5.77 3.79639 0 0 0 0 0 0 0 0 0 0 0 0 0 0 0 0 0 0 0 13.886 32.7899 23.0976 34.4019 32.6393 30.1543 24.479 22.0888 19.6986 18.0815 16.3199 11.4444 5.76974 5.77 5.77 5.77 5.77 5.77 5.75527 5.26033 2.6303 0 5.76903 5.76227 3.6949 5.76991 4.43334 11.5381 5.7688 5.77 5.77 5.77
11.54 5.77 5.77 5.77 5.77 5.77 5.77 5.77 5.77 5.77 5.77 5.77 5.77 5.77 5.77 5.77 5.77 5.77 5.77 5.77 5.71717 4.59118 0 0 5.77 5.77 5.77 5.77 5.76594 5.77 5.77 5.77 5.05237 0 0 0 0 0 0 0 0 0 0 0 0 0 0 0 0 0 0 0 5.8977 30.7656 27.3721 40.1788 38.3144 32.6392 30.2492 27.8589 25.4689 22.9845 17.2144 11.4442 5.7696 5.77 5.77 5.77 5.77 5.75508 5.25957 2.63011 0 5.76903 5.76227 3.6949 5.77 5.76991 5.76956 5.76938 5.7695 5.77 5.77 5.77
11.54 5.77 5.77 5.77 5.77 5.77 5.77 5.77 5.77 5.77 5.77 5.77 5.77 5.77 5.77 5.77 5.77 5.77 5.77 5.71713 4.59103 0 0 5.77 5.77 5.77 5.77 5.76594 5.77 5.77 5.77 5.77 5.77 5.77 5.77 5.77 5.77 5.77 5.76997 5.76996 6.15998 0 0 0 0 0 0 0 0 0 0 0 0 0 0 40.7993 38.4049 33.6294 27.8594 25.4692 23.0793 22.9843 17.2142 11.4439 5.76942 5.77 5.77 5.77 5.73994 5.19913 2.61541 0 5.76903 5.76227 3.6949 5.77 5.77 5.77 5.77 5.77 5.77 5.77 5.77 5.77
11.54 5.77 5.77 5.77 5.77 5.77 5.77 5.77 5.77 5.77 5.77 5.77 5.77 5.77 5.77 5.77 5.77 5.7679 5.70581 4.57682 0 0 5.77 5.77 5.77 5.77 5.76594 5.77 5.77 5.77 5.77 5.77 5.77 5.77 5.77 5.77 5.77 5.76997 5.76991 8.15998 5.76995 0 0 0 0 0 0 0 0 0 0 0 0 0 0 28.7488 32.6392 30.2448 25.4692 19.6988 17.3088 15.9162 17.2142 11.4437 5.76942 5.77 5.77 5.76708 5.24518 1.44371 0 5.7692 5.76227 3.6949 5.77 5.77 5.77 5.77 5.77 5.77 5.77 5.77 5.77 5.77
11.54 5.77 5.77 5.77 5.77 5.77 5.77 5.77 5.77 5.77 5.77 5.77 5.77 5.77 5.77 5.77 5.7688 5.45789 3.60755 0 0 5.77 5.77 5.77 5.77 5.76594 5.77 5.77 5.77 5.77 5.77 5.77 5.77 5.77 5.77 5.77 5.77 5.76993 7.75925 5.76985 5.76995 0 0 0 0 0 0 0 0 0 0 0 0 0 0 24.9952 30.2492 24.4791 22.0844 17.3087 11.5389 11.5396 17.3095 11.5396 5.76944 5.76995 5.77 5.74813 3.54427 0 6.15971 5.76948 3.6949 5.77 5.77 5.77 5.77 5.77 5.77 5.77 5.77 5.77 5.77 5.77
11.54 5.77 5.77 5.77 5.77 5.77 5.77 5.77 5.77 5.77 5.77 5.77 5.77 5.77 5.77 5.77 5.73177 3.67732 0 0 5.76971 5.77 5.77 5.77 5.76594 5.77 5.77 5.77 5.77 5.77 5.77 5.77 5.77 5.77 5.77 5.77 5.77 5.76996 5.72009 5.76993 0 0 0 0 0 0 0 0 0 0 0 0 0 0 0 0 27.8523 22.089 16.3187 13.9275 11.539 11.5392 11.5395 13.9298 8.15943 5.76977 5.77 5.72923 2.98584 0 7.1488 3.6929 5.76919 5.76979 5.76996 5.77 5.77 5.77 5.77 5.77 5.77 5.77 5.77 5.77
11.54 5.77 5.77 5.77 5.77 5.77 5.77 5.77 5.77 5.77 5.77 5.77 5.77 5.77 5.77 5.77 5.5813 1.18435 0 8.0607 5.76904 5.77 5.77 5.76594 5.77 5.77 5.77 5.77 5.77 5.77 5.77 5.77 5.77 5.77 5.77 5.77 5.77 5.77 5.66913 1.83016 0 0 0 0 0 0 0 0 0 0 0 0 0 0 0 0 22.0886 19.6921 13.9293 11.5395 11.5396 11.539 7.53138 10.6122 11.5397 5.76972 5.77 5.77 4.26665 0 3.69446 8.15947 6.00879 6.156 5.76925 5.77 5.77 5.77 5.77 5.77 5.77 5.77 5.77 5.77
