tests/full-run-ref/erosion_80_12_73.027.asc
ncols 512
nrows 512
xllcorner -3.24582
yllcorner -4.08743
cellsize 5
NODATA_value -99999
[rows 116 to 144 of 512, columns 134 to 200 of 512]
5.74928 5.76742 5.76484 5.73384 6.6851 5.73346 5.57055 5.5409 5.77003 5.77003 5.77002 5.77002 5.75915 5.74248 5.75503 5.76031 5.77003 5.77002 5.77003 5.77002 5.77002 5.77002 5.77002 5.77002 5.77002 5.77002 5.77002 5.77002 5.77002 5.77002 5.77002 5.77002 5.77005 5.77005 5.77005 5.77005 5.77005 5.77005 5.77005 5.77005 5.77005 5.77005 5.77005 5.77004 5.77002 5.77002 5.77003 5.77003 5.77004 5.77004 5.77004 5.76999 5.77001 5.77001 5.77005 5.77004 5.77004 5.77004 5.77004 5.77004 5.77004 5.77004 5.77004 5.77004 5.77004 5.77005 5.77005
5.70978 5.77003 5.77003 5.76351 5.69691 5.70289 5.77002 5.77002 5.77002 5.77003 5.77002 5.77002 5.77002 5.77003 5.77003 5.77003 5.77002 5.77002 5.77002 5.77002 5.77002 5.77002 5.77002 5.77002 5.77002 5.77002 5.77002 5.77002 5.77002 5.77002 5.77002 5.77005 5.77005 5.77005 5.77005 5.77005 5.77005 5.77005 5.77004 5.77005 5.77004 5.77004 5.77004 5.77003 5.76999 5.77002 5.77001 5.77 5.77 5.77 5.77 5.77001 5.77002 5.77002 5.77004 5.77004 5.77004 5.77004 5.77005 5.77004 5.77004 5.77004 5.77004 5.77004 5.77004 5.77005 5.77005
5.66433 5.74154 5.77003 5.77003 5.77003 5.77002 5.77003 5.77002 5.77002 5.77002 5.7424 5.74263 5.75597 5.77002 5.77002 5.77002 5.77002 5.77002 5.77002 5.77002 5.77002 5.77002 5.77002 5.77002 5.77002 5.77002 5.77002 5.77002 5.77002 5.77002 5.77005 5.77005 5.77003 5.77005 5.77005 5.77005 5.77005 5.77004 5.77002 5.77002 5.77002 5.77001 5.77 5.76998 5.77004 5.77002 5.77002 5.76999 5.77001 5.77002 5.77002 5.77003 5.77004 5.77004 5.77005 5.77004 5.77004 5.77005 5.77005 5.77005 5.77005 5.77005 5.77005 5.77005 5.77005 5.77005 5.77004
6.88939 5.72126 5.77003 5.77003 5.77002 5.77002 5.77002 5.77002 5.77002 5.77002 5.75614 5.88028 5.75677 5.77003 5.77002 5.77002 5.77002 5.77002 5.77002 5.77002 5.77002 5.77002 5.77002 5.77002 5.77002 5.77002 5.77002 5.77002 5.77002 5.77005 5.77005 5.77003 5.77005 5.77005 5.77005 5.77005 5.77005 5.77005 5.77005 5.77005 5.77005 5.77005 5.77005 5.77005 5.77005 5.77005 5.77004 5.77004 5.77004 5.77005 5.77005 5.77005 5.77005 5.77005 5.77005 5.77005 5.77005 5.77005 5.77005 5.77005 5.77005 5.77005 5.77005 5.77005 5.77005 5.77005 5.77005
5.33663 5.2817 5.77003 5.77003 5.77003 5.77003 5.77002 5.77003 5.77003 5.77002 5.75272 5.75345 5.76112 5.77003 5.77002 5.77002 5.77002 5.77002 5.77002 5.77002 5.77002 5.77002 5.77002 5.77002 5.77002 5.77002 5.77002 5.77002 5.77005 5.77005 5.77005 5.77002 5.77002 5.77002 5.77005 5.77005 5.77005 5.77005 5.77005 5.77005 5.77005 5.77005 5.77005 5.77005 5.77004 5.77004 5.77004 5.77004 5.77004 5.77004 5.77004 5.77004 5.77004 5.77004 5.77005 5.77005 5.77005 5.77004 5.77005 5.77005 5.77005 5.77004 5.77004 5.77004 5.77005 5.77005 5.77004
5.77002 5.77002 5.77002 5.77002 5.77002 5.77003 5.77003 5.77003 5.77002 5.77002 5.77002 5.77003 5.77003 5.77002 5.77002 5.77002 5.77002 5.77002 5.77002 5.77002 5.77002 5.77002 5.77002 5.77002 5.77002 5.77002 5.77002 5.77005 5.77005 5.77005 5.77005 5.77002 5.77003 5.77002 5.77005 5.77005 5.77005 5.77005 5.77005 5.77005 5.77005 5.77005 5.77004 5.77004 5.77004 5.77004 5.77004 5.77004 5.77004 5.77004 5.77004 5.77004 5.77004 5.77004 5.77004 5.77004 5.77004 5.77004 5.77004 5.77004 5.77004 5.77004 5.77004 5.77004 5.77005 5.77005 5.77004
5.77003 5.77002 5.77002 5.77003 5.77002 5.77002 5.77003 5.77003 5.77002 5.77002 5.77002 5.77002 5.77002 5.77002 5.77002 5.77002 5.77002 5.77002 5.77002 5.77002 5.77002 5.77002 5.77002 5.77002 5.77002 5.77002 5.77005 5.77005 5.77005 5.77005 5.77002 5.77003 5.77003 5.77002 5.77005 5.77005 5.77005 5.77005 5.77004 5.77004 5.77004 5.77004 5.77004 5.77004 5.77004 5.77004 5.77004 5.77004 5.77004 5.77004 5.77004 5.77004 5.77004 5.77004 5.77005 5.77004 5.77004 5.77004 5.77004 5.77005 5.77004 5.77004 5.77004 5.77005 5.77005 5.77005 5.77005
5.77002 5.77002 5.77002 5.77002 5.77002 5.77002 5.77002 5.77002 5.77002 5.77002 5.77002 5.77003 5.77003 5.77002 5.77002 5.77002 5.77002 5.77002 5.77002 5.77002 5.77002 5.77002 5.77002 5.77002 5.77002 5.77002 5.77004 5.77005 5.77005 5.77005 5.77002 5.77003 5.77003 5.77002 5.77004 5.77005 5.77005 5.77005 5.77005 5.77004 5.77004 5.77004 5.77004 5.77004 5.77005 5.77005 5.77005 5.77005 5.77005 5.77005 5.77004 5.77004 5.77004 5.77004 5.77005 5.77004 5.77004 5.77004 5.77005 5.77005 5.77004 5.77004 5.77004 5.77004 5.77005 5.77005 5.77005
5.77002 5.77002 5.77002 5.77002 5.77002 5.77002 5.77002 5.77002 5.77002 5.77002 5.77003 5.77003 5.77003 5.77002 5.77002 5.77002 5.77002 5.77002 5.77002 5.77002 5.77002 5.77002 5.77002 5.77002 5.77002 5.77003 5.77005 5.77005 5.77005 5.77002 5.77002 5.77003 5.77003 5.77002 5.77004 5.77005 5.77005 5.77005 5.77005 5.77005 5.77005 5.77005 5.77005 5.77005 5.77005 5.77005 5.77005 5.77005 5.77005 5.77005 5.77005 5.77005 5.77004 5.77004 5.77004 5.77004 5.77004 5.77004 5.77005 5.77005 5.77004 5.77004 5.77004 5.77004 5.77004 5.77005 5.77005
5.77002 5.77002 5.77002 5.77002 5.77002 5.77002 5.77003 5.77002 5.77002 5.77003 5.77003 5.77003 5.77002 5.77002 5.77002 5.77002 5.77002 5.77002 5.77002 5.77002 5.77002 5.77002 5.77002 5.77002 5.77004 5.77005 5.77005 5.77005 5.77002 5.77002 5.77003 5.77003 5.77003 5.77002 5.77004 5.77005 5.77004 5.77005 5.77005 5.77005 5.77005 5.77004 5.77004 5.77004 5.77004 5.77004 5.77004 5.77004 5.77004 5.77004 5.77004 5.77004 5.77004 5.77004 5.77004 5.77004 5.77004 5.77004 5.77004 5.77004 5.77005 5.77004 5.77004 5.77004 5.77004 5.77004 5.77004
5.77003 5.77002 5.77003 5.77003 5.77003 5.77003 5.77003 5.77003 5.77003 5.77002 5.77002 5.77002 5.77002 5.77002 5.77002 5.77002 5.77002 5.77002 5.77002 5.77002 5.77002 5.77002 5.77002 5.77004 5.77005 5.77005 5.77005 5.77002 5.77002 5.77003 5.77004 5.77003 5.77002 5.77002 5.77005 5.77005 5.77002 5.77004 5.77005 5.77005 5.77005 5.77005 5.77005 5.77005 5.77005 5.77004 5.77004 5.77004 5.77004 5.77005 5.77005 5.77004 5.77005 5.77005 5.77005 5.77005 5.77004 5.77005 5.77005 5.77005 5.77005 5.77005 5.77004 5.77005 5.77005 5.77005 5.77004
5.77003 5.77003 5.77003 5.77003 5.77003 5.77002 5.77002 5.77003 5.77002 5.77002 5.77002 5.77002 5.77002 5.77002 5.77002 5.77002 5.77002 5.77002 5.77002 5.77002 5.77002 5.77002 5.77004 5.77005 5.77005 5.77005 5.77002 5.77003 5.77003 5.77003 5.77003 5.77003 5.76999 5.77005 5.77005 5.77002 5.77004 5.77005 5.77005 5.77005 5.77005 5.77005 5.77005 5.77005 5.77005 5.77005 5.77005 5.77005 5.77005 5.77004 5.77004 5.77004 5.77005 5.77005 5.77005 5.77004 5.77004 5.77004 5.77005 5.77005 5.77005 5.77004 5.77005 5.77005 5.77005 5.77005 5.77004
5.77003 5.77003 5.77003 5.77003 5.77002 5.77002 5.77002 5.77002 5.77002 5.77002 5.77002 5.77002 5.77002 5.77002 5.77002 5.77002 5.77002 5.77002 5.77002 5.77002 5.77002 5.77004 5.77005 5.77005 5.77005 5.77002 5.77002 5.77003 5.77004 5.77002 5.77003 5.77002 5.77005 5.77 5.77002 5.77004 5.77005 5.77005 5.77005 5.77005 5.77005 5.77005 5.77005 5.77005 5.77005 5.77005 5.77005 5.77005 5.77005 5.77005 5.77004 5.77004 5.77004 5.77005 5.77005 5.77004 5.77004 5.77004 5.77005 5.77005 5.77005 5.77004 5.77004 5.77005 5.77005 5.77005 5.77004
5.77002 5.77003 5.77003 5.77002 5.77002 5.77002 5.77002 5.77002 5.77002 5.77002 5.77002 5.77002 5.77002 5.77002 5.77002 5.77002 5.77002 5.77002 5.77002 5.77002 5.77004 5.77005 5.77005 5.77005 5.77002 5.77002 5.77003 5.77004 5.77002 5.77003 5.77002 5.77005 5.77005 5.77005 5.77001 5.77005 5.77005 5.77005 5.77005 5.77005 5.77005 5.77005 5.77005 5.77004 5.77004 5.77005 5.77005 5.77004 5.77004 5.77004 5.77005 5.77004 5.77004 5.77004 5.77005 5.77004 5.77004 5.77004 5.77005 5.77005 5.77005 5.77004 5.77005 5.77005 5.77005 5.77005 5.77004
5.77002 5.77003 5.77002 5.77002 5.77002 5.77002 5.77002 5.77002 5.77002 5.77002 5.77002 5.77002 5.77002 5.77002 5.77002 5.77002 5.77002 5.77002 5.77002 5.77004 5.77005 5.77005 5.77005 5.77002 5.77003 5.77002 5.77004 5.77002 5.77003 5.77002 5.77005 5.77005 5.77005 5.77005 5.77 5.77005 5.77004 5.77004 5.77005 5.77005 5.77005 5.77005 5.77005 5.77004 5.77004 5.77004 5.77004 5.77004 5.77004 5.77005 5.77005 5.77004 5.77004 5.77004 5.77005 5.77005 5.77004 5.77004 5.77005 5.77005 5.77005 5.77004 5.77005 5.77005 5.77005 5.77005 5.77005
5.77003 5.77003 5.77002 5.77002 5.77002 5.77002 5.77002 5.77002 5.77002 5.77002 5.77002 5.77002 5.77002 5.77002 5.77002 5.77002 5.77002 5.77002 5.77003 5.77005 5.77005 5.77005 5.77002 5.77003 5.77002 5.77004 5.77002 5.77003 5.77002 5.77005 5.77005 5.77005 5.77005 5.77005 5.77005 5.77 5.77002 5.77003 5.77005 5.77005 5.77005 5.77005 5.77005 5.77005 5.77004 5.77004 5.77004 5.77005 5.77005 5.77005 5.77005 5.77005 5.77004 5.77004 5.77005 5.77005 5.77005 5.77004 5.77005 5.77005 5.77005 5.77004 5.77005 5.77005 5.77005 5.77005 5.77005
5.77003 5.77003 5.77002 5.77002 5.77002 5.77002 5.77002 5.77002 5.77002 5.77002 5.77002 5.77002 5.77002 5.77002 5.77002 5.77002 5.77002 5.77004 5.77004 5.77005 5.77005 5.77002 5.77002 5.77002 5.77004 5.77002 5.77003 5.77002 5.77005 5.77005 5.77005 5.77005 5.77005 5.77005 5.77005 5.77001 5.77002 5.77004 5.77005 5.77005 5.77005 5.77005 5.77005 5.77005 5.77005 5.77005 5.77005 5.77005 5.77004 5.77005 5.77005 5.77005 5.77004 5.77004 5.77004 5.77005 5.77005 5.77004 5.77004 5.77005 5.77005 5.77004 5.77005 5.77005 5.77005 5.77005 5.77005
5.77003 5.77003 5.77002 5.77002 5.77002 5.77002 5.77002 5.77002 5.77002 5.77002 5.77002 5.77002 5.77002 5.77002 5.77002 5.77002 5.77004 5.77005 5.77005 5.77005 5.77002 5.77002 5.77003 5.77003 5.77002 5.77003 5.77002 5.77005 5.77005 5.77005 5.77005 5.77005 5.77005 5.77005 5.77005 5.77004 5.77005 5.77004 5.77005 5.77005 5.77005 5.77005 5.77005 5.77005 5.77004 5.77004 5.77005 5.77004 5.77005 5.77004 5.77005 5.77004 5.77004 5.77004 5.77004 5.77005 5.77005 5.77004 5.77004 5.77005 5.77005 5.77005 5.77004 5.77005 5.77005 5.77005 5.77004
5.77003 5.77003 5.77003 5.77002 5.77002 5.77002 5.77002 5.77002 5.77003 5.77002 5.77002 5.77002 5.77002 5.77002 5.77002 5.77004 5.77005 5.77005 5.77005 5.77002 5.77002 5.77003 5.77003 5.77003 5.77002 5.77002 5.77005 5.77005 5.77005 5.77005 5.77005 5.77005 5.77005 5.77005 5.77005 5.77005 5.77005 5.77005 5.77005 5.77005 5.77005 5.77005 5.77005 5.77004 5.77004 5.77004 5.77004 5.77004 5.77004 5.77004 5.77004 5.77005 5.77004 5.77004 5.77004 5.77005 5.77005 5.77004 5.77005 5.77005 5.77005 5.77005 5.77004 5.77005 5.77005 5.77005 5.77005
5.77003 5.77003 5.77002 5.77002 5.77002 5.77003 5.77002 5.77002 5.77003 5.77002 5.77002 5.77002 5.77002 5.77002 5.77004 5.77005 5.77005 5.77005 5.77002 5.77002 5.77003 5.77003 5.77002 5.77002 5.77002 5.77005 5.77005 5.77005 5.77005 5.77005 5.77005 5.77005 5.77005 5.77005 5.77005 5.77005 5.77005 5.77005 5.77005 5.77005 5.77005 5.77005 5.77005 5.77004 5.77004 5.77004 5.77004 5.77004 5.77005 5.77005 5.77005 5.77005 5.77005 5.77004 5.77005 5.77005 5.77005 5.77004 5.77005 5.77005 5.77005 5.77005 5.77005 5.77005 5.77005 5.77005 5.77005
5.77003 5.77003 5.77003 5.77002 5.77002 5.77003 5.77002 5.77003 5.77002 5.77002 5.77002 5.77002 5.77002 5.77004 5.77005 5.77005 5.77005 5.77002 5.77002 5.77003 5.77003 5.77003 5.77003 5.77003 5.77002 5.77005 5.77005 5.77005 5.77005 5.77005 5.77005 5.77005 5.77005 5.77005 5.77005 5.77005 5.77005 5.77005 5.77005 5.77005 5.77005 5.77005 5.77005 5.77005 5.77005 5.77005 5.77005 5.77005 5.77005 5.77005 5.77005 5.77005 5.77005 5.77004 5.77004 5.77005 5.77005 5.77004 5.77005 5.77005 5.77005 5.77005 5.77005 5.77005 5.77005 5.77005 5.77005
5.77003 5.77003 5.77003 5.77002 5.77002 5.77003 5.77002 5.77003 5.77002 5.77002 5.77002 5.77002 5.77004 5.77005 5.77005 5.77005 5.77002 5.77002 5.77003 5.77003 5.77003 5.77003 5.77003 5.77003 5.77002 5.77005 5.77005 5.77005 5.77005 5.77005 5.77005 5.77005 5.77005 5.77005 5.77005 5.77005 5.77005 5.77005 5.77005 5.77005 5.77005 5.77005 5.77005 5.77005 5.77005 5.77005 5.77005 5.77005 5.77005 5.77005 5.77005 5.77005 5.77005 5.77004 5.77004 5.77005 5.77005 5.77004 5.77005 5.77005 5.77005 5.77005 5.77004 5.77004 5.77005 5.77004 5.77004
5.77003 5.77003 5.77003 5.77003 5.77003 5.77003 5.77003 5.77002 5.77002 5.77002 5.77002 5.77004 5.77005 5.77005 5.77005 5.77002 5.77003 5.77003 5.77003 5.77003 5.77002 5.77002 5.77002 5.77002 5.77002 5.77005 5.77005 5.77005 5.77005 5.77005 5.77005 5.77005 5.77005 5.77005 5.77005 5.77005 5.77005 5.77005 5.77005 5.77005 5.77005 5.77005 5.77005 5.77005 5.77004 5.77005 5.77004 5.77004 5.77004 5.77004 5.77004 5.77004 5.77004 5.77004 5.77004 5.77005 5.77005 5.77004 5.77005 5.77005 5.77005 5.77005 5.77005 5.77004 5.77004 5.77004 5.77004
5.77002 5.77003 5.77003 5.77003 5.77003 5.77003 5.77003 5.77002 5.77002 5.77002 5.77004 5.77005 5.77005 5.77005 5.77002 5.77003 5.77002 5.77004 5.77002 5.77002 5.77002 5.77005 5.77005 5.77005 5.77005 5.77005 5.77005 5.77005 5.77005 5.77005 5.77005 5.77005 5.77005 5.77005 5.77005 5.77005 5.77005 5.77005 5.77005 5.77005 5.77005 5.77005 5.77005 5.77004 5.77004 5.77004 5.77004 5.77004 5.77004 5.77004 5.77004 5.77004 5.77004 5.77004 5.77004 5.77005 5.77005 5.77004 5.77004 5.77005 5.77005 5.77005 5.77005 5.77004 5.77004 5.77004 5.77004
5.77003 5.77003 5.77003 5.77003 5.77003 5.77002 5.77002 5.77002 5.77002 5.77002 5.77005 5.77005 5.77005 5.77002 5.77003 5.77002 5.77004 5.77002 5.77003 5.77002 5.77005 5.77005 5.77005 5.77005 5.77005 5.77005 5.77005 5.77005 5.77005 5.77005 5.77005 5.77005 5.77005 5.77005 5.77005 5.77005 5.77005 5.77005 5.77005 5.77005 5.77005 5.77005 5.77005 5.77005 5.77004 5.77004 5.77005 5.77005 5.77005 5.77005 5.77005 5.77005 5.77005 5.77004 5.77004 5.77004 5.77005 5.77004 5.77004 5.77005 5.77005 5.77005 5.77005 5.77004 5.77004 5.77005 5.77005
5.77003 5.77003 5.77003 5.77003 5.77002 5.77002 5.77003 5.77003 5.77002 5.77005 5.77005 5.77005 5.77002 5.77003 5.77002 5.77004 5.77002 5.77003 5.77002 5.77005 5.77005 5.77005 5.77005 5.77005 5.77005 5.77005 5.77005 5.77005 5.77005 5.77005 5.77005 5.77005 5.77005 5.77005 5.77005 5.77005 5.77005 5.77005 5.77005 5.77005 5.77005 5.77005 5.77005 5.77005 5.77005 5.77005 5.77005 5.77005 5.77005 5.77005 5.77005 5.77005 5.77005 5.77004 5.77004 5.77004 5.77005 5.77004 5.77005 5.77005 5.77005 5.77005 5.77005 5.77004 5.77004 5.77005 5.77004
5.77002 5.77002 5.77002 5.77002 5.77002 5.77003 5.77003 5.77002 5.77005 5.77005 5.77005 5.77002 5.77002 5.77003 5.77004 5.77002 5.77003 5.77002 5.77005 5.77005 5.77005 5.77005 5.77005 5.77005 5.77005 5.77005 5.77005 5.77005 5.77005 5.77005 5.77005 5.77005 5.77005 5.77005 5.77005 5.77005 5.77005 5.77005 5.77005 5.77005 5.77005 5.77005 5.77005 5.77005 5.77005 5.77005 5.77004 5.77004 5.77004 5.77004 5.77004 5.77004 5.77004 5.77004 5.77004 5.77004 5.77004 5.77004 5.77005 5.77005 5.77005 5.77005 5.77004 5.77004 5.77005 5.77005 5.77004
5.77002 5.77002 5.77002 5.77002 5.77002 5.77003 5.77002 5.77005 5.77005 5.77002 5.77002 5.77002 5.77003 5.77003 5.77002 5.77003 5.77002 5.77005 5.77005 5.77005 5.77005 5.77005 5.77005 5.77005 5.77005 5.77005 5.77005 5.77005 5.77005 5.77005 5.77005 5.77005 5.77005 5.77005 5.77005 5.77005 5.77005 5.77005 5.77005 5.77005 5.77005 5.77005 5.77005 5.77005 5.77004 5.77004 5.77004 5.77004 5.77004 5.77004 5.77004 5.77004 5.77004 5.77004 5.77004 5.77004 5.77004 5.77004 5.77004 5.77005 5.77005 5.77005 5.77005 5.77005 5.77005 5.77005 5.77004
5.77002 5.77002 5.77002 5.77002 5.77003 5.77002 5.77005 5.77005 5.77002 5.77002 5.77003 5.77003 5.77003 5.77003 5.77003 5.77002 5.77005 5.77005 5.77005 5.77005 5.77005 5.77005 5.77005 5.77005 5.77005 5.77005 5.77005 5.77005 5.77005 5.77005 5.77005 5.77005 5.77005 5.77005 5.77005 5.77005 5.77005 5.77005 5.77005 5.77005 5.77005 5.77005 5.77005 5.77005 5.77005 5.77005 5.77004 5.77004 5.77004 5.77004 5.77004 5.77004 5.77004 5.77004 5.77004 5.77004 5.77004 5.77004 5.77004 5.77005 5.77005 5.77005 5.77005 5.77005 5.77005 5.77005 5.77004
