tests/full-run-ref/erosion_83_12_73.250.asc
ncols 512
nrows 512
xllcorner -3.24582
yllcorner -4.08743
cellsize 5
NODATA_value -99999
[rows 29 to 57 of 512, columns 134 to 200 of 512]
5.76999 5.76999 5.76999 5.76999 5.76999 5.76999 5.76999 5.77 5.77 5.77 5.76999 5.76999 5.77 5.77 5.77 5.77 5.77 5.76999 5.77 5.76999 5.76999 5.76999 5.76999 5.76999 5.76999 5.76999 5.77 5.76999 5.77 5.77 5.77 5.76994 5.76995 5.76995 5.77 5.77 5.76999 5.76999 5.76998 5.77 5.77 5.76999 5.77 5.76999 5.77 5.77 5.76999 5.77 5.76999 5.77 5.76999 5.76999 5.76999 5.77 5.76999 5.76999 5.76999 5.76999 5.76999 5.77 5.77 5.76999 5.76999 5.77 5.76999 5.77 5.77
5.76999 5.76999 5.76999 5.76999 5.76999 5.76999 5.76999 5.76999 5.76999 5.77 5.76999 5.77 5.76999 5.77 5.76999 5.76999 5.76999 5.77 5.76999 5.77 5.77 5.77 5.76999 5.77 5.76999 5.76999 5.76999 5.77 5.77 5.76999 5.76999 5.76993 5.77002 5.76993 5.77 5.76999 5.77 5.76999 5.77 5.76999 5.76999 5.77 5.76999 5.76999 5.76999 5.76999 5.76999 5.76999 5.76999 5.76999 5.76999 5.76999 5.77 5.77 5.77 5.77 5.77 5.7699 5.76991 5.76997 5.76991 5.76992 5.76996 5.76995 5.77 5.76999 5.77
5.76999 5.76999 5.76999 5.76999 5.77 5.76999 5.77 5.76999 5.76999 5.76999 5.77 5.76999 5.77 5.77 5.76999 5.76999 5.76999 5.77 5.77 5.76999 5.77 5.76999 5.77 5.76999 5.76999 5.77 5.76999 5.77 5.76999 5.77 5.76999 5.76995 5.76996 5.76994 5.76999 5.76999 5.76999 5.76999 5.77 5.77 5.76999 5.77 5.77 5.77 5.76999 5.77 5.76999 5.77 5.77 5.76999 5.77 5.77 5.77 5.76999 5.76999 5.77 5.77 5.76989 5.77007 5.77 5.77007 5.76996 5.77003 5.76997 5.77 5.76999 5.76999
5.77 5.77 5.77 5.76999 5.77 5.76999 5.76999 5.76999 5.77 5.77 5.77 5.77 5.77 5.77 5.76999 5.76999 5.76999 5.77 5.76999 5.77 5.76999 5.76999 5.77 5.77 5.76998 5.76989 5.76997 5.76999 5.77 5.76999 5.76999 5.76999 5.76999 5.76999 5.76999 5.76999 5.76999 5.76999 5.77 5.77 5.76999 5.77 5.76999 5.77 5.76999 5.76999 5.76999 5.77 5.76999 5.76999 5.77 5.76999 5.76999 5.76999 5.76988 5.76992 5.76992 5.76992 5.76986 5.76982 5.76994 5.76983 5.76992 5.76995 5.77 5.76997 5.76994
5.76999 5.77 5.76999 5.77 5.76999 5.76999 5.77 5.76999 5.76999 5.76999 5.77 5.77 5.77 5.77 5.77 5.76999 5.76998 5.76997 5.76998 5.76999 5.76999 5.76999 5.77 5.77 5.76996 5.77002 5.76992 5.77 5.76999 5.77 5.76999 5.77 5.77 5.77 5.77 5.77 5.76999 5.77 5.76999 5.76999 5.77 5.76999 5.77 5.76999 5.76999 5.76999 5.76999 5.76999 5.76999 5.76999 5.77 5.76999 5.77 5.77 5.76988 5.77005 5.76987 5.77 5.76999 5.76999 5.77 5.76999 5.77 5.76999 5.76999 5.76987 5.77007
5.76999 5.76999 5.76999 5.76999 5.77 5.76999 5.76999 5.77 5.76999 5.77 5.76999 5.76997 5.76997 5.76996 5.77 5.77 5.76994 5.77002 5.76991 5.76999 5.77 5.76999 5.76999 5.77 5.76996 5.76997 5.76995 5.76999 5.77 5.76999 5.77 5.76999 5.76999 5.77 5.77 5.77 5.76999 5.77 5.77 5.77 5.77 5.77 5.76999 5.76999 5.76999 5.76999 5.77 5.76998 5.76997 5.76997 5.77 5.76999 5.77 5.76999 5.76986 5.76978 5.76992 5.77 5.77 5.76999 5.77 5.77 5.76999 5.76999 5.77 5.76985 5.76983
5.76999 5.77 5.76999 5.76999 5.76999 5.76999 5.76999 5.76997 5.76998 5.76997 5.77 5.76995 5.77003 5.76993 5.77 5.77 5.76996 5.76997 5.76996 5.76999 5.77 5.76997 5.76993 5.76997 5.76997 5.77004 5.76996 5.77 5.77 5.77 5.77 5.76999 5.76999 5.76999 5.77 5.76999 5.77 5.77 5.77 5.76999 5.77 5.76999 5.77 5.77 5.77 5.76997 5.76993 5.76999 5.77002 5.76998 5.76999 5.76999 5.76999 5.76999 5.77 5.77 5.77 5.76999 5.76999 5.77 5.77 5.76999 5.76999 5.76999 5.76999 5.76999 5.76999
5.77 5.76998 5.77 5.76999 5.76999 5.77 5.76999 5.76998 5.77002 5.76998 5.77 5.76998 5.76997 5.76998 5.77 5.77 5.77 5.77 5.77 5.77 5.77 5.76995 5.77004 5.76996 5.76997 5.76997 5.76997 5.77 5.77 5.77 5.76999 5.76988 5.76983 5.76999 5.76997 5.76996 5.76997 5.76993 5.77 5.76999 5.76999 5.77 5.77 5.76999 5.76999 5.76997 5.77001 5.76998 5.76996 5.76996 5.76999 5.76999 5.76999 5.77 5.76999 5.76999 5.77 5.76999 5.77 5.76999 5.77 5.76999 5.76999 5.77 5.77 5.77 5.77
5.76999 5.77 5.76999 5.76999 5.76999 5.76999 5.77 5.76999 5.76997 5.76998 5.77 5.11777 5.10386 5.22301 5.76998 5.76993 5.76998 5.76996 5.76996 5.76994 5.76996 5.76998 5.76996 5.76998 5.77 5.77 5.76999 5.76999 5.77 5.77 5.76992 5.77008 5.76996 5.76999 5.77001 5.76995 5.77004 5.7699 5.76999 5.76999 5.77 5.76999 5.76997 5.76996 5.76998 5.76999 5.76995 5.76997 5.76999 5.77 5.77 5.77 5.77 5.77 5.76999 5.77 5.76999 5.77 5.76999 5.76999 5.76998 5.76999 5.76999 5.76999 5.76999 5.77 5.76999
5.76999 5.77 5.76999 5.77 5.77 5.77 5.77 5.77 5.13651 5.11037 5.51399 5.43785 6.48779 5.29022 5.76991 5.77008 5.76998 5.77008 5.76999 5.77007 5.76995 5.77002 5.76993 5.76999 5.76999 5.77 5.76999 5.77 5.77 5.77 5.76988 5.76987 5.76989 5.76999 5.76996 5.7699 5.76996 5.76995 5.76999 5.76997 5.76998 5.76999 5.76997 5.77005 5.76993 5.77 5.77 5.77 5.77 5.76999 5.76999 5.77 5.76999 5.76999 5.76999 5.77 5.76999 5.76999 5.76999 5.76999 5.77 5.77 5.77 5.77 5.76999 5.76999 5.77
5.76999 5.77 5.76999 5.76999 5.77 5.77 5.76998 5.76994 5.24532 6.31256 5.50921 5.35133 5.08118 5.25335 5.76999 5.76983 5.76987 5.76985 5.76987 5.76987 5.76989 5.76993 5.76996 5.77 5.76999 5.77 5.77 5.77 5.76999 5.77 5.77 5.77 5.77 5.77 5.76969 5.77009 5.76984 5.77 5.77 5.76997 5.77002 5.76998 5.76996 5.76992 5.76994 5.77 5.76999 5.76999 5.76999 5.76999 5.76999 5.76999 5.76999 5.77 5.76999 5.76999 5.76999 5.76999 5.77 5.76999 5.76999 5.76999 5.76998 5.76999 5.76999 5.76999 5.76999
5.77 5.76999 5.76999 5.76999 5.76999 5.77 5.76997 5.77007 5.35291 5.17077 5.27451 5.76997 5.77005 5.76997 5.77 5.77 5.77 5.77 5.76998 5.77001 5.76996 5.77 5.76999 5.77 5.77 5.77 5.76999 5.76999 5.77 5.77 5.77 5.77 5.77 5.76996 5.76991 5.76997 5.76999 5.76994 5.77 5.76999 5.76998 5.76998 5.76999 5.77 5.76999 5.76999 5.77 5.76999 5.76999 5.76999 5.76999 5.76999 5.76999 5.76999 5.76999 5.76999 5.76999 5.77 5.76999 5.76999 5.76999 5.76999 5.76999 5.77 5.76998 5.76999 5.76999
5.77 5.76999 5.76999 5.77 5.77 5.77 5.76991 5.76994 5.76999 5.76998 5.77003 5.76997 5.76996 5.76994 5.77 5.76999 5.76999 5.76999 5.76996 5.76997 5.76998 5.76999 5.77 5.76999 5.77 5.76999 5.76999 5.76999 5.77 5.77 5.76999 5.77 5.77 5.76995 5.77004 5.76992 5.77008 5.59009 5.49322 5.47657 5.76997 5.7699 5.77 5.76999 5.77 5.76999 5.76999 5.76999 5.77 5.77 5.77 5.76999 5.76999 5.77 5.77 5.76999 5.76999 5.76999 5.76999 5.76998 5.76999 5.76999 5.76998 5.76999 5.76999 5.76999 5.77
5.77 5.76999 5.77 5.76999 5.76999 5.77 5.77 5.77 5.77 5.76996 5.76995 5.76999 5.76996 5.76995 5.76999 5.77 5.77 5.77 5.77 5.76999 5.77 5.76999 5.76999 5.76999 5.77 5.76999 5.77 5.76999 5.77 5.77 5.77 5.76999 5.77 5.76996 5.76992 5.76993 5.76997 5.5242 6.16012 5.53328 5.77009 5.76984 5.76998 5.76995 5.76995 5.76999 5.77 5.76999 5.76999 5.76999 5.76999 5.77 5.77 5.76999 5.77 5.77 5.77 5.77 5.76999 5.76999 5.76999 5.76999 5.76999 5.76999 5.77 5.77 5.77
5.76999 5.76999 5.76999 5.77 5.77 5.77 5.77 5.76999 5.77 5.77 5.77 5.76992 5.77004 5.76991 5.77 5.77 5.77 5.76999 5.77 5.76999 5.76999 5.76999 5.76999 5.77 5.77 5.77 5.76999 5.76999 5.76999 5.77 5.76999 5.77 5.76999 5.77 5.76999 5.77 5.76999 5.47048 5.5924 5.45519 5.76997 5.76995 5.76998 5.77002 5.76998 5.76997 5.76993 5.76995 5.77 5.77 5.77 5.76997 5.76997 5.76997 5.71261 5.68826 5.70871 5.77 5.77 5.77 5.77 5.77 5.77 5.76997 5.7699 5.76993 5.61292
5.76999 5.76999 5.76999 5.77 5.76999 5.76999 5.76999 5.76999 5.77 5.77 5.77 5.76995 5.76996 5.76994 5.77 5.77 5.77 5.76999 5.76999 5.76999 5.77 5.77 5.77 5.77 5.76999 5.77 5.76999 5.77 5.76999 5.76999 5.77 5.77 5.76999 5.76997 5.77 5.77 5.76996 5.77006 5.76999 5.77009 5.7699 5.77 5.76999 5.76997 5.76999 5.76997 5.77003 5.76996 5.76995 5.76987 5.76999 5.76995 5.77002 5.76996 5.71559 5.79577 5.70411 5.77 5.76999 5.76999 5.76999 5.76999 5.76999 5.76995 5.77003 5.76992 5.65655
5.77 5.77 5.76999 5.76999 5.76999 5.76999 5.76999 5.77 5.76998 5.77 5.77 5.77 5.77 5.76999 5.76999 5.76999 5.77 5.77 5.77 5.77 5.77 5.77 5.76999 5.76999 5.77 5.76999 5.77 5.76999 5.77 5.77 5.77 5.76999 5.76999 5.76999 5.76999 5.76999 5.76997 5.76988 5.7699 5.77 5.76999 5.76996 5.42573 5.35557 5.5036 4.05366 2.98918 3.88801 5.77007 5.76997 5.76999 5.76998 5.76998 5.76998 5.72764 5.70861 5.71392 5.77 5.76999 5.76999 5.77 5.77 5.77 5.76992 5.76991 5.76997 5.68536
5.76999 5.77 5.76999 5.77 5.77 5.77 5.77 5.76999 5.77 5.76999 5.77 5.76999 5.76999 5.77001 5.76998 5.77 5.76999 5.76999 5.76999 5.76999 5.76999 5.77 5.76999 5.77 5.77 5.77 5.77 5.77 5.76999 5.77 5.77 5.77 5.76999 5.76998 5.77001 5.76996 5.76997 5.76997 5.77 5.76992 5.77008 5.76995 5.53074 6.19246 5.61757 5.18822 7.68346 4.05452 5.76996 5.7699 5.76998 5.76999 5.76999 5.76999 5.77 5.77 5.77 5.77 5.76999 5.77 5.77 5.76999 5.77 5.77 5.77 5.77 5.77
5.77 5.76999 5.77 5.76999 5.76998 5.76999 5.77 5.76999 5.77 5.76999 5.76999 5.77 5.76998 5.76999 5.76999 5.76999 5.76999 5.76999 5.76999 5.76999 5.76999 5.77 5.77 5.76999 5.76999 5.76999 5.76999 5.77 5.76999 5.77 5.77 5.77 5.76999 5.76999 5.76997 5.76994 5.77004 5.76997 5.77 5.76995 5.76999 5.76997 5.41248 5.19475 5.30459 3.83021 3.57145 3.91058 5.77 5.76996 5.77001 5.76996 5.76999 5.77 5.76999 5.76999 5.76999 5.76999 5.76999 5.76999 5.76999 5.76999 5.76999 5.76999 5.76999 5.76999 5.76999
5.76999 5.76999 5.77 5.76998 5.76999 5.76999 5.76999 5.76999 5.76999 5.76999 5.77 5.77 5.77 5.76999 5.77 5.77 5.76999 5.77 5.77 5.77 5.77 5.77 5.77 5.76999 5.76999 5.77 5.77 5.77 5.76999 5.77 5.77 5.76998 5.77 5.76997 5.76997 5.76999 5.76995 5.76997 5.76999 5.76992 5.76999 5.76989 5.77 5.77 5.77 5.76993 5.77006 5.76995 5.77 5.76998 5.76999 5.76997 5.76999 5.77 5.77 5.76999 5.76999 5.76999 5.76999 5.76999 5.76999 5.76999 5.76999 5.76999 5.76999 5.76999 5.76999
5.77 5.76999 5.77 5.76999 5.76999 5.76999 5.76999 5.77 5.76999 5.77 5.76999 5.76999 5.76999 5.77 5.76999 5.77 5.77 5.76999 5.76999 5.76999 5.76999 5.76999 5.76999 5.77 5.76999 5.77 5.76999 5.76999 5.77 5.76999 5.76999 5.76999 5.76999 5.76996 5.77002 5.76998 5.76997 5.77001 5.76998 5.76992 5.7701 5.76981 5.77 5.76999 5.77 5.7699 5.76989 5.76997 5.77 5.76999 5.77001 5.76999 5.76997 5.76989 5.76992 5.77 5.77 5.76999 5.76999 5.77 5.76999 5.77 5.76999 5.76999 5.77 5.76999 5.76999
5.76999 5.77 5.76995 5.76995 5.76983 5.76999 5.76999 5.76999 5.76999 5.77 5.76999 5.76999 5.77 5.77 5.76999 5.76999 5.77 5.76999 5.77 5.76999 5.76999 5.77 5.77 5.76999 5.77 5.76999 5.76999 5.76999 5.76999 5.77 5.77 5.76999 5.77 5.76999 5.76997 5.76998 5.76999 5.76995 5.76996 5.76994 5.76999 5.7699 5.76996 5.76999 5.77 5.77 5.77 5.77 5.76998 5.76996 5.76996 5.76999 5.76995 5.77005 5.76997 5.76993 5.76992 5.77 5.76999 5.77 5.77 5.76999 5.76999 5.76999 5.76999 5.76999 5.76999
5.76999 5.77 5.76995 5.77004 5.76983 5.76999 5.77 5.76999 5.76999 5.77 5.76999 5.77 5.76999 5.77 5.77 5.76999 5.77 5.76999 5.76999 5.76999 5.76999 5.77 5.76999 5.76999 5.76999 5.76999 5.76999 5.77 5.76999 5.76999 5.77 5.77 5.77 5.76999 5.76999 5.77 5.77 5.76996 5.77003 5.76997 5.76998 5.77005 5.76992 5.77 5.77 5.76999 5.77 5.77 5.76994 5.77003 5.76991 5.77 5.7699 5.76981 5.76987 5.77007 5.76996 5.76996 5.76991 5.76989 5.77 5.76999 5.76999 5.76999 5.76999 5.77 5.77
5.76999 5.77 5.76991 5.76995 5.76997 5.76999 5.77 5.76999 5.77 5.76999 5.76999 5.77 5.76999 5.76999 5.77 5.77 5.77 5.76999 5.76999 5.76999 5.77 5.76999 5.76999 5.76999 5.76999 5.77 5.77 5.76999 5.77 5.76999 5.76999 5.76999 5.76999 5.76999 5.77 5.76999 5.77 5.76998 5.76994 5.76993 5.76996 5.76999 5.76998 5.76993 5.77 5.77 5.76999 5.77 5.76993 5.76993 5.76997 5.77 5.77 5.77 5.76986 5.76979 5.76987 5.76995 5.77008 5.76996 5.76993 5.76987 5.77 5.77 5.77 5.77 5.76999
5.76999 5.77 5.76999 5.76999 5.77 5.77 5.77 5.76999 5.77 5.76999 5.76999 5.77 5.76999 5.76999 5.76998 5.76999 5.76999 5.77 5.76999 5.77 5.76999 5.76999 5.76999 5.76999 5.76999 5.77 5.76999 5.76999 5.76999 5.77 5.76999 5.77 5.76999 5.77 5.76999 5.76999 5.77 5.77 5.76999 5.77 5.77 5.76988 5.77008 5.76988 5.77 5.77 5.77 5.77 5.77 5.76999 5.77 5.77 5.77 5.76999 5.77 5.77 5.77 5.76988 5.76985 5.76995 5.77008 5.76993 5.76991 5.76991 5.77 5.76994 5.76996
5.77 5.76999 5.76999 5.76999 5.76999 5.76999 5.76998 5.76996 5.76999 5.76999 5.77 5.76999 5.76999 5.77 5.76998 5.76999 5.76999 5.76999 5.77 5.76999 5.76999 5.76999 5.76999 5.76999 5.77 5.76999 5.76999 5.76999 5.76999 5.77 5.76999 5.76999 5.77 5.77 5.76997 5.76998 5.76999 5.76999 5.77 5.76999 5.76999 5.76991 5.76996 5.76991 5.76999 5.76998 5.76998 5.77 5.77 5.76999 5.76999 5.77 5.77 5.76999 5.76999 5.76999 5.77 5.76998 5.77001 5.76992 5.76987 5.76994 5.77008 5.76996 5.76998 5.76995 5.77004
5.77 5.77 5.77 5.76999 5.77 5.76997 5.77001 5.76995 5.76999 5.77 5.76999 5.77 5.76999 5.77 5.76999 5.76998 5.77 5.77 5.77 5.76999 5.77 5.76999 5.76999 5.77 5.77 5.77 5.76999 5.76999 5.76999 5.77 5.76999 5.76999 5.76999 5.76999 5.76997 5.77002 5.76995 5.77 5.76999 5.76999 5.77001 5.76999 5.76999 5.76975 5.76985 5.77001 5.76995 5.76999 5.77 5.76999 5.77 5.76999 5.77 5.77 5.76999 5.77 5.77 5.76995 5.76994 5.76998 5.77 5.7699 5.7698 5.76991 5.77003 5.76992 5.76996
5.76999 5.76999 5.76999 5.77 5.77 5.76997 5.76997 5.76999 5.77 5.77 5.76999 5.77 5.76999 5.77 5.77 5.76999 5.77 5.76999 5.76999 5.77 5.77 5.76999 5.77 5.77 5.76999 5.76999 5.76999 5.76999 5.76999 5.76999 5.77 5.76999 5.76999 5.76999 5.76999 5.76997 5.76997 5.77 5.77 5.76998 5.76999 5.76999 5.76976 5.77009 5.76978 5.76998 5.76997 5.77 5.77 5.76999 5.77 5.76999 5.77 5.76999 5.77 5.77 5.76999 5.77 5.77 5.76999 5.76999 5.77 5.77 5.76997 5.76995 5.77 5.76995
5.76999 5.77 5.76999 5.76999 5.76999 5.77 5.76999 5.77 5.77 5.77 5.77 5.76999 5.77 5.76999 5.77 5.77 5.77 5.76999 5.76999 5.76999 5.77 5.76999 5.77 5.76999 5.76999 5.76999 5.77 5.77 5.77 5.76999 5.76999 5.76999 5.77 5.76997 5.77001 5.76997 5.76999 5.77 5.76999 5.76999 5.76997 5.77001 5.76992 5.76984 5.76992 5.77 5.77 5.77 5.77 5.77 5.77 5.76999 5.77 5.77 5.77 5.77 5.76999 5.77 5.77 5.77 5.77 5.76999 5.76999 5.76998 5.76995 5.76993 5.77004
