tests/full-run-ref/erosion_2010_78_15_62.100.asc
ncols 512
nrows 512
xllcorner -3.24582
yllcorner -4.08743
cellsize 5
NODATA_value -99999
[rows 168 to 209 of 512, columns 190 to 284 of 512]
295.063 295.063 295.063 295.063 295.063 295.063 295.063 295.063 295.063 295.063 295.063 295.063 295.063 295.063 295.063 295.063 295.063 295.063 295.063 295.063 295.063 295.063 295.063 295.063 295.063 295.063 295.063 295.063 295.063 295.063 295.063 295.063 295.063 295.063 295.063 295.063 295.063 295.063 295.063 295.063 295.063 295.063 295.063 295.063 295.063 295.063 295.063 294.305 292.615 289.73 286.845 283.96 281.075 278.19 278.19 278.19 278.19 278.19 278.19 281.075 281.075 283.96 287.545 283.96 288.245 280.58 275.305 267.64 262.365 230.182 230.182 230.182 230.182 230.182 230.182 230.182 230.182 0 0 0 0 0 0 0 0 0 0 0 0 0 0 0 0 0 0
295.063 295.063 295.063 295.063 295.063 295.063 295.063 295.063 295.063 295.063 295.063 295.063 295.063 295.063 295.063 295.063 295.063 295.063 295.063 295.063 295.063 295.063 295.063 295.063 295.063 295.063 295.063 295.063 295.063 295.063 295.063 295.063 295.063 295.063 295.063 295.063 294.8 293.605 292.41 292.41 292.41 293.605 294.8 295.063 295.063 295.063 294.305 292.615 289.73 286.845 283.96 281.075 278.19 275.305 275.305 275.305 275.305 275.305 275.305 278.19 281.075 281.075 283.96 287.545 289.44 284.165 276.5 271.225 263.56 242.626 230.182 230.182 230.182 230.182 230.182 230.182 230.182 0 0 0 0 0 0 0 0 0 0 0 0 0 0 0 0 0 0
295.063 295.063 295.063 295.063 295.063 295.063 295.063 295.063 295.063 295.063 295.063 295.063 295.063 295.063 295.063 295.063 295.063 295.063 295.063 295.063 295.063 295.063 295.063 295.063 295.063 295.063 295.063 295.063 295.063 295.063 295.063 295.063 295.063 295.063 294.305 293.11 291.915 290.72 289.525 289.525 289.525 290.72 291.915 293.11 294.305 294.305 292.615 289.73 286.845 283.96 281.075 278.19 275.305 275.305 275.305 275.305 275.305 275.305 275.305 275.305 278.19 281.075 281.075 283.96 281.075 285.36 280.085 272.42 267.145 242.626 242.626 230.182 230.182 230.182 230.182 230.182 230.182 0 0 0 0 0 0 0 0 0 0 0 0 0 0 0 0 0 0
295.063 295.063 295.063 295.063 295.063 295.063 295.063 295.063 295.063 295.063 295.063 295.063 295.063 295.063 295.063 295.063 295.063 295.063 295.063 295.063 295.063 295.063 295.063 295.063 295.063 295.063 295.063 295.063 295.063 295.063 295.063 295.005 293.81 292.615 291.42 290.225 289.03 287.835 286.64 286.64 286.64 287.835 289.03 289.73 289.73 292.615 289.73 286.845 283.96 281.075 278.19 275.305 275.305 275.305 275.305 275.305 275.305 275.305 275.305 275.305 275.305 278.19 281.075 281.075 281.075 288.945 281.28 276.005 268.34 263.065 242.626 242.626 230.182 230.182 230.182 230.182 230.182 0 0 0 0 0 0 0 0 0 0 0 0 0 0 0 0 0 0
295.063 295.063 295.063 295.063 295.063 295.063 295.063 295.063 295.063 295.063 295.063 295.063 295.063 295.063 295.063 295.063 295.063 295.063 295.063 295.063 295.063 295.063 295.063 295.063 295.063 295.063 295.063 295.063 295.063 294.51 293.315 292.12 290.925 289.73 288.535 287.34 286.145 284.95 283.755 283.755 283.755 284.95 286.145 286.845 286.845 289.73 286.845 283.96 281.075 278.19 275.305 275.305 275.305 275.305 275.305 275.305 275.305 275.305 275.305 275.305 275.305 275.305 278.19 281.075 281.075 290.14 284.865 277.2 271.925 264.26 243.327 242.626 242.626 230.182 230.182 230.182 230.182 0 0 0 0 0 0 0 0 0 0 0 0 0 0 0 0 0 195.497
295.063 295.063 295.063 295.063 295.063 295.063 295.063 295.063 295.063 295.063 295.063 295.063 295.063 295.063 295.063 295.063 295.063 295.063 295.063 295.063 295.063 295.063 295.063 295.063 295.063 295.063 295.063 294.015 292.82 291.625 290.43 289.235 288.04 286.845 285.65 284.455 283.26 282.065 280.87 280.87 280.87 282.065 283.26 283.96 283.96 286.845 283.96 281.075 278.19 275.305 275.305 275.305 275.305 275.305 275.305 275.305 275.305 275.305 275.305 275.305 275.305 275.305 275.305 278.19 281.075 281.075 286.06 280.785 273.12 267.845 243.327 243.327 242.626 242.626 230.182 230.182 230.182 0 0 0 0 0 0 0 0 0 0 0 0 0 0 0 0 199.577 196.71
295.063 295.063 295.063 295.063 295.063 295.063 295.063 295.063 295.063 295.063 295.063 295.063 295.063 295.063 295.063 295.063 295.063 295.063 295.063 295.063 295.063 295.063 295.063 295.063 294.715 293.52 292.325 291.13 289.935 288.74 287.545 286.35 285.155 283.96 282.765 281.57 280.375 279.18 277.985 277.985 277.985 279.18 280.375 281.075 281.075 283.96 281.075 278.19 275.305 275.305 275.305 275.305 275.305 275.305 275.305 275.305 275.305 275.305 275.305 275.305 275.305 275.305 275.305 275.305 278.19 281.075 294.962 281.98 276.705 269.04 263.765 243.327 243.327 242.626 242.626 230.182 230.182 0 0 0 0 0 0 0 0 0 0 0 0 0 0 179.906 196.71 200.737 286.667
295.063 295.063 295.063 295.063 295.063 295.063 295.063 295.063 295.063 295.063 295.063 295.063 295.063 295.063 295.063 295.063 295.063 295.063 295.063 295.063 295.063 295.063 294.22 293.025 291.83 290.635 289.44 288.245 287.05 285.855 284.66 283.465 282.27 281.075 279.88 278.685 277.49 276.295 275.1 275.1 275.1 276.295 277.49 278.19 278.19 281.075 278.19 275.305 275.305 275.305 275.305 275.305 275.305 275.305 275.305 275.305 275.305 275.305 273.82 273.82 273.82 273.82 273.82 273.82 273.82 273.82 273.82 295.012 277.9 272.625 264.96 244.027 243.327 243.327 242.626 242.626 230.182 0 0 0 0 0 0 0 0 0 0 0 0 0 210.622 199.394 286.412 200.79 283.762
295.063 295.063 295.063 295.063 295.063 295.063 295.063 295.063 295.063 295.063 295.063 295.063 295.063 295.063 295.063 295.063 295.063 295.063 295.063 294.92 293.725 292.53 291.335 290.14 288.945 287.75 286.555 285.36 284.165 282.97 281.775 280.58 279.385 278.19 276.995 275.8 274.605 273.41 272.215 272.215 272.215 273.41 274.605 275.305 275.305 278.19 275.305 275.305 275.305 275.305 275.305 275.305 275.305 275.305 275.305 275.305 275.305 273.82 37.0375 37.0375 37.0375 37.0375 37.0375 37.0375 37.0375 269.74 269.74 273.82 295.008 273.82 268.545 244.027 244.027 243.327 243.327 242.626 242.375 0 0 0 0 0 0 0 0 0 0 0 0 214.702 0 207.755 286.667 0 0
295.063 295.063 295.063 295.063 295.063 295.063 295.063 295.063 295.063 295.063 295.063 295.063 295.063 295.063 295.063 295.063 295.063 294.425 293.23 292.035 290.84 289.645 288.45 287.255 286.06 284.865 283.67 282.475 281.28 280.085 278.89 277.695 276.5 275.305 274.11 272.915 271.72 270.525 269.33 269.33 269.33 270.525 271.72 272.915 278.094 275.305 275.305 275.305 275.305 275.305 275.305 275.305 275.305 275.305 275.305 275.305 273.82 37.0375 37.0375 37.0375 37.0375 37.0375 37.0375 37.0375 37.0375 37.0375 37.0375 269.74 273.82 294.988 269.74 264.465 244.027 244.027 243.327 243.327 242.626 0 0 0 0 0 0 0 0 0 0 0 218.782 0 211.835 286.667 0 0 0
295.063 295.063 295.063 295.063 295.063 295.063 295.063 295.063 295.063 295.063 295.063 295.063 295.063 295.063 295.063 293.93 292.735 291.54 290.345 289.15 287.955 286.76 285.565 284.37 283.175 281.98 280.785 279.59 278.395 277.2 276.005 274.81 273.615 272.42 271.225 270.03 268.835 267.64 266.445 266.445 266.445 267.64 268.835 270.03 275.2 297.176 275.305 275.305 275.305 275.305 275.305 275.305 275.305 275.305 275.305 273.82 37.0375 37.0375 37.0375 37.0375 37.0375 37.0375 37.0375 37.0375 37.0375 37.0375 37.0375 37.0375 269.74 269.74 294.933 265.66 260.385 244.027 244.027 243.327 243.327 0 0 0 0 0 0 0 0 0 0 222.862 0 215.915 286.506 0 0 0 0
295.063 295.063 295.063 295.063 295.063 295.063 295.063 295.063 295.063 295.063 295.063 295.063 294.63 293.435 292.24 291.045 289.85 288.655 287.46 286.265 285.07 283.875 282.68 281.485 280.29 279.095 277.9 276.705 275.51 274.315 273.12 271.925 270.73 269.535 268.34 267.145 265.95 264.755 263.56 263.56 263.56 264.755 265.95 267.145 272.309 297.013 275.305 275.305 275.305 275.305 275.305 275.305 275.305 275.305 275.305 37.0375 37.0375 37.0375 37.0375 37.0375 37.0375 37.0375 37.0375 37.0375 37.0375 37.0375 37.0375 37.0375 37.0375 265.66 265.66 294.844 261.58 258.695 255.781 252.905 250.026 0 0 0 0 0 0 0 0 0 219.995 0 219.995 277.15 0 0 0 0 0
295.063 295.063 295.063 295.063 295.063 294.885 293.69 293.69 293.69 294.885 294.135 292.94 291.745 290.55 289.355 288.16 286.965 285.77 284.575 283.38 282.185 280.99 279.795 278.6 277.405 276.21 275.015 273.82 272.625 271.43 270.235 269.04 267.845 266.65 265.455 264.26 263.065 261.87 260.675 260.675 260.675 261.87 263.065 264.26 269.423 296.842 275.305 275.305 275.305 275.305 275.305 275.305 275.305 275.305 37.0375 37.0375 37.0375 37.0375 37.0375 37.0375 37.0375 37.0375 37.0375 37.0375 37.0375 37.0375 37.0375 37.0375 37.0375 37.0375 37.0375 37.0375 294.73 293.91 294.753 294.715 294.663 250.208 0 0 0 0 226.96 226.96 224.075 224.075 224.075 287.862 0 0 0 0 0 0 0
295.063 295.063 295.063 294.39 293.195 292 290.805 290.805 290.805 292 291.25 290.055 288.86 287.665 286.47 285.275 284.08 282.885 281.69 280.495 279.3 278.105 276.91 275.715 274.52 273.325 272.13 270.935 269.74 268.545 267.35 266.155 264.96 263.765 262.57 261.375 260.18 258.985 257.79 257.79 257.79 258.985 260.18 261.375 266.54 296.666 275.305 275.305 275.305 275.305 275.305 275.305 275.305 37.0375 37.0375 37.0375 37.0375 37.0375 37.0375 37.0375 37.0375 37.0375 37.0375 37.0375 37.0375 37.0375 37.0375 37.0375 37.0375 37.0375 37.0375 37.0375 37.0375 294.598 294.601 294.568 250.208 0 0 0 0 0 0 0 0 0 0 0 0 0 0 0 0 0 0
295.063 293.895 292.7 291.505 290.31 289.115 287.92 287.92 287.92 289.115 288.365 287.17 285.975 284.78 283.585 282.39 281.195 280 278.805 277.61 276.415 275.22 274.025 272.83 271.635 270.44 269.245 268.05 266.855 265.66 264.465 263.27 262.075 260.88 259.685 258.49 257.295 256.1 254.905 254.905 254.905 256.1 257.295 258.49 263.661 296.484 275.305 275.305 275.305 275.305 275.305 275.305 275.305 37.0375 37.0375 37.0375 37.0375 37.0375 37.0375 37.0375 37.0375 37.0375 37.0375 37.0375 37.0375 37.0375 37.0375 37.0375 37.0375 37.0375 37.0375 37.0375 37.0375 37.0375 294.435 250.208 0 0 0 0 0 0 0 0 0 0 0 0 0 0 0 0 0 0 0
292.205 291.01 289.815 288.62 287.425 286.23 285.035 285.035 285.035 286.23 285.48 284.285 283.09 281.895 280.7 279.505 278.31 277.115 275.92 274.725 273.53 272.335 271.14 269.945 268.75 267.555 266.36 265.165 263.97 262.775 261.58 260.385 259.19 257.995 256.8 255.605 254.41 253.215 252.02 252.02 252.02 253.215 254.41 255.605 260.785 296.298 275.305 275.305 275.305 275.305 275.305 275.305 237.8 37.0375 37.0375 37.0375 37.0375 37.0375 0 0 0 0 0 0 0 37.0375 0 0 0 0 37.0375 37.0375 37.0375 37.0375 37.0375 0 0 0 0 0 0 0 0 0 0 0 0 0 0 0 0 0 0 0 0
289.32 288.125 286.93 285.735 284.54 283.345 282.15 282.15 282.15 283.345 282.595 281.4 280.205 279.01 277.815 276.62 275.425 274.23 273.035 271.84 270.645 269.45 268.255 267.06 265.865 264.67 263.475 262.28 261.085 259.89 258.695 257.5 256.305 255.11 253.915 252.72 251.525 250.33 249.135 249.135 249.135 250.33 251.525 252.72 257.912 296.104 275.305 275.305 275.305 275.305 275.305 237.8 234.915 37.0375 37.0375 37.0375 37.0375 0 0 0 0 0 0 0 0 0 0 0 0 0 0 0 0 0 0 0 0 0 0 0 0 0 0 0 0 0 0 0 0 0 0 0 0 0 0
286.435 285.24 284.045 282.85 281.655 280.46 279.265 279.265 279.265 280.46 279.71 278.515 277.32 276.125 274.93 273.735 272.54 271.345 270.15 268.955 267.76 266.565 265.37 264.175 262.98 261.785 260.59 259.395 258.2 257.005 255.81 254.615 253.42 252.225 251.03 249.835 248.64 247.445 246.25 246.25 246.25 247.445 248.64 249.835 255.041 295.905 275.305 275.305 275.305 275.305 237.8 234.915 232.03 37.0375 37.0375 37.0375 37.0375 0 0 0 0 0 0 0 0 0 0 0 0 0 0 0 0 0 0 0 0 0 0 0 0 0 0 0 0 0 0 0 0 0 0 0 0 0 0
283.55 282.355 281.16 279.965 278.77 277.575 276.38 276.38 276.38 277.575 276.825 275.63 274.435 273.24 272.045 270.85 269.655 268.46 267.265 266.07 264.875 263.68 262.485 261.29 260.095 258.9 257.705 256.51 255.315 254.12 252.925 251.73 250.535 249.34 248.145 246.95 245.755 244.56 243.365 243.365 243.365 244.56 245.755 246.95 252.171 295.702 275.305 275.305 275.305 237.8 234.915 232.03 229.145 37.0375 37.0375 37.0375 37.0375 0 0 0 0 0 0 0 0 0 0 0 0 0 0 0 0 0 0 0 0 0 0 0 0 0 0 0 0 0 0 0 0 0 0 0 0 0 0
280.665 279.47 278.275 277.08 275.885 274.69 273.495 271.805 271.805 274.69 271.805 271.805 271.55 270.355 269.16 267.965 266.77 265.575 264.38 263.185 261.99 260.795 259.6 258.405 257.21 256.015 254.82 253.625 252.43 251.235 250.04 248.845 247.65 246.455 245.26 244.065 242.87 241.675 240.48 240.48 240.48 241.675 242.87 244.065 249.301 295.497 275.305 275.305 237.8 234.915 232.03 229.145 226.26 37.0375 37.0375 37.0375 0 0 0 0 0 0 0 0 0 0 0 0 0 0 0 0 0 0 0 0 0 0 0 0 0 0 0 0 0 0 0 0 0 0 0 0 0 0 0
277.78 276.585 275.39 274.195 273 271.805 270.61 268.92 268.92 271.805 271.055 269.86 268.665 267.47 266.275 265.08 263.885 262.69 261.495 260.3 259.105 257.91 256.715 255.52 254.325 253.13 251.935 250.74 249.545 248.35 247.155 245.96 244.765 243.57 242.375 241.18 239.985 238.79 237.595 237.595 237.595 238.79 239.985 241.18 246.43 295.29 275.305 237.8 234.915 232.03 229.145 226.26 226.26 37.0375 37.0375 37.0375 0 0 0 0 0 0 0 0 0 0 0 0 0 0 0 0 0 0 0 0 0 0 0 0 0 0 0 0 0 0 0 0 0 0 0 0 0 0 0
274.895 273.7 272.505 271.31 270.115 268.92 267.725 266.035 266.035 268.92 268.92 266.975 265.78 264.585 263.39 262.195 261 259.805 258.61 257.415 256.22 255.025 253.83 252.635 251.44 250.245 249.05 247.855 246.66 245.465 244.27 243.075 241.88 240.685 239.49 238.295 237.1 235.905 234.71 229.156 229.156 229.156 229.156 229.156 229.156 295.081 237.8 234.915 232.03 229.145 226.26 226.26 226.26 37.0375 37.0375 37.0375 0 0 0 0 0 0 0 0 0 0 0 0 0 0 0 0 0 0 0 0 0 0 0 0 0 0 0 0 0 0 0 0 0 0 0 0 0 0 0
272.01 270.815 269.62 268.425 267.23 266.035 264.84 263.15 263.15 266.035 266.035 265.78 262.895 261.7 260.505 259.31 258.115 256.92 255.725 254.53 253.335 252.14 250.945 249.75 248.555 247.36 246.165 244.97 243.775 242.58 241.385 240.19 238.995 237.8 236.605 235.41 234.215 233.02 229.156 229.156 229.156 229.156 229.156 229.156 229.156 237.8 234.915 232.03 229.145 226.26 226.26 226.26 226.26 37.0375 37.0375 37.0375 0 0 0 0 0 0 0 0 0 0 0 0 0 0 0 0 0 0 0 0 0 0 0 0 0 0 0 0 0 0 0 0 0 0 0 0 0 0 0
269.125 267.93 266.735 265.54 264.345 263.15 261.955 260.265 260.265 263.15 263.15 262.895 261.7 257.38 257.38 256.425 255.23 254.035 252.84 251.645 250.45 249.255 248.06 246.865 245.67 244.475 243.28 242.085 240.89 239.695 238.5 237.305 236.11 234.915 233.72 232.525 231.33 229.156 228.94 228.94 228.94 229.156 229.156 229.156 229.156 234.915 232.03 229.145 226.26 226.26 226.26 226.26 226.26 37.0375 37.0375 37.0375 0 0 0 0 0 0 0 0 0 0 0 0 0 0 0 0 0 0 0 0 0 0 0 0 0 0 0 0 0 0 0 0 0 0 0 0 0 0 0
266.24 265.045 263.85 262.655 261.46 260.265 259.07 257.38 257.38 260.265 257.38 257.38 257.38 257.38 254.735 253.54 252.345 251.15 249.955 248.76 247.565 246.37 245.175 243.98 242.785 241.59 240.395 239.2 238.005 236.81 235.615 234.42 233.225 232.03 230.835 229.64 228.445 227.25 226.055 226.055 226.055 227.25 228.445 229.145 229.145 232.03 229.145 226.26 226.26 226.26 226.26 226.26 226.26 37.0375 37.0375 37.0375 0 0 0 0 0 0 0 0 0 0 0 0 0 0 0 0 0 0 0 0 0 0 0 0 0 0 0 0 0 0 0 0 0 0 0 0 0 0 0
263.355 262.16 260.965 259.77 258.575 257.38 256.185 254.495 254.495 257.38 257.38 254.495 254.495 254.495 253.54 250.655 249.46 248.265 247.07 245.875 244.68 243.485 242.29 241.095 239.9 238.705 237.51 236.315 235.12 233.925 232.73 231.535 230.34 229.145 227.95 226.755 225.56 224.365 223.17 223.17 223.17 224.365 225.56 226.26 226.26 229.145 226.26 226.26 226.26 226.26 226.26 226.26 226.26 37.0375 37.0375 37.0375 0 0 0 0 0 0 0 0 0 0 0 0 0 0 0 0 0 0 0 0 0 0 0 0 0 0 0 0 0 0 0 0 0 0 0 0 0 0 0
260.47 259.275 258.08 256.885 255.69 254.495 253.3 251.61 251.61 254.495 254.495 251.61 251.61 251.61 250.655 249.46 246.575 245.38 244.185 242.99 241.795 240.6 239.405 238.21 237.015 235.82 234.625 233.43 232.235 231.04 229.845 228.65 227.455 226.26 225.065 223.87 222.675 221.48 220.285 220.285 220.285 221.48 222.675 223.375 223.375 226.26 223.375 223.375 223.375 223.375 223.375 223.375 37.0375 37.0375 37.0375 37.0375 0 0 0 0 0 0 0 0 0 0 0 0 0 0 0 0 0 0 0 0 0 0 0 0 0 0 0 0 0 0 0 0 0 0 0 0 0 0 0
257.585 256.39 255.195 254 252.805 251.61 250.415 248.725 248.725 251.61 251.61 251.61 251.61 248.725 247.77 246.575 245.38 242.495 241.3 240.105 238.91 237.715 236.52 235.325 234.13 232.935 231.74 230.545 229.35 228.155 226.96 225.765 224.57 223.375 222.18 220.985 219.79 218.595 217.4 217.4 217.4 218.595 219.79 220.49 220.49 223.375 220.49 217.605 217.605 217.605 217.605 37.0375 37.0375 37.0375 37.0375 37.0375 37.0375 0 0 0 0 0 0 0 0 0 0 0 0 0 0 0 0 0 0 0 0 0 0 0 0 0 0 0 0 0 0 0 0 0 0 0 0 0 0
254.7 253.505 252.31 251.115 249.92 248.725 247.53 245.84 245.84 248.725 248.725 248.725 248.725 247.77 242.955 242.955 242.495 241.3 238.415 237.22 236.025 234.83 233.635 232.44 231.245 230.05 228.855 227.66 226.465 225.27 224.075 222.88 221.685 220.49 219.295 218.1 216.905 215.71 214.515 214.515 214.515 215.71 216.905 217.605 217.605 220.49 217.605 217.605 214.72 214.72 37.0375 37.0375 37.0375 37.0375 37.0375 37.0375 37.0375 0 0 0 0 0 0 0 0 0 0 0 0 0 0 0 0 0 0 0 0 0 0 0 0 0 0 0 0 0 0 0 0 0 0 0 0 0 0
251.815 250.62 249.425 248.23 247.035 245.84 244.645 242.955 242.955 245.84 248.725 245.84 245.84 242.955 242.955 240.805 239.61 238.415 237.22 234.335 233.14 231.945 230.75 229.555 228.36 227.165 225.97 224.775 223.58 222.385 221.19 219.995 218.8 217.605 216.41 215.215 214.02 212.825 211.63 211.63 211.63 212.825 214.02 214.72 214.72 217.605 217.605 214.72 214.72 37.0375 37.0375 37.0375 37.0375 37.0375 37.0375 37.0375 37.0375 37.0375 0 0 0 0 0 0 0 0 0 0 0 0 0 0 0 0 0 0 0 0 0 0 0 0 0 0 0 0 0 0 0 0 0 0 0 0 0
248.93 247.735 246.54 245.345 244.15 242.955 241.76 240.07 240.07 242.955 245.84 245.84 242.955 242.955 242.495 239.61 236.725 235.53 234.335 233.14 230.255 229.06 227.865 226.67 225.475 224.28 223.085 221.89 220.695 219.5 218.305 217.11 215.915 214.72 213.525 212.33 211.135 209.94 208.745 208.745 208.745 209.94 211.135 211.835 211.835 214.72 214.72 214.72 211.835 37.0375 37.0375 37.0375 37.0375 37.0375 37.0375 37.0375 37.0375 37.0375 37.0375 0 0 0 0 0 0 0 0 0 0 0 0 0 0 0 0 0 0 0 0 0 0 0 0 0 0 0 0 0 0 0 0 0 0 0 0
246.045 244.85 243.655 242.46 241.265 240.07 238.875 237.185 237.185 240.07 242.955 242.955 242.955 240.07 239.61 237.185 235.53 232.645 231.45 230.255 229.06 226.175 224.98 223.785 222.59 221.395 220.2 219.005 217.81 216.615 215.42 214.225 213.03 211.835 210.64 209.445 208.25 207.055 205.86 205.86 205.86 207.055 208.25 208.95 208.95 211.835 211.835 211.835 211.835 37.0375 37.0375 37.0375 37.0375 37.0375 37.0375 37.0375 37.0375 37.0375 0 0 0 0 0 0 0 0 0 0 0 0 0 0 0 0 0 0 0 0 0 0 0 0 0 0 0 0 0 0 0 0 0 0 0 0 0
243.16 241.965 240.77 239.575 238.38 237.185 235.99 234.3 234.3 237.185 240.07 240.07 240.07 240.07 237.185 235.53 234.3 231.45 228.565 227.37 226.175 224.98 222.095 220.9 219.705 218.51 217.315 216.12 214.925 213.73 212.535 211.34 210.145 208.95 207.755 206.56 205.365 204.17 202.975 202.975 202.975 204.17 205.365 206.065 206.065 208.95 206.065 206.065 37.0375 37.0375 37.0375 37.0375 37.0375 37.0375 37.0375 37.0375 37.0375 0 0 0 0 0 0 0 0 0 0 0 0 0 0 0 0 0 0 0 0 0 0 0 0 0 0 0 0 0 0 0 0 0 0 0 0 0 0
240.275 239.08 237.885 236.69 235.495 234.3 233.105 231.415 231.415 234.3 237.185 237.185 237.185 237.185 237.185 234.3 231.45 230.255 227.37 224.485 223.29 222.095 220.9 218.015 216.82 215.625 214.43 213.235 212.04 210.845 209.65 208.455 207.26 206.065 204.87 203.675 202.48 201.285 200.09 200.09 200.09 201.285 202.48 203.18 203.18 206.065 203.18 37.0375 37.0375 37.0375 37.0375 37.0375 37.0375 37.0375 37.0375 37.0375 37.0375 0 0 0 0 0 0 0 0 0 0 0 0 0 0 0 0 0 0 0 0 0 0 0 0 0 0 0 0 0 0 0 0 0 0 0 0 0 0
237.39 236.195 235 233.805 232.61 231.415 230.22 228.53 228.53 231.415 234.3 234.3 234.3 234.3 234.3 233.14 230.255 227.37 226.175 223.29 220.405 219.21 218.015 216.82 213.935 212.74 211.545 210.35 209.155 207.96 206.765 205.57 204.375 203.18 201.985 200.79 199.595 198.4 197.205 197.205 197.205 198.4 199.595 200.295 200.295 203.18 37.0375 37.0375 37.0375 37.0375 37.0375 37.0375 37.0375 37.0375 37.0375 37.0375 37.0375 0 0 0 0 0 0 0 0 0 0 0 0 0 0 0 0 0 0 0 0 0 0 0 0 0 0 0 0 0 0 0 0 0 0 0 0 0 0
234.505 233.31 232.115 230.92 229.725 228.53 227.335 225.645 225.645 228.53 228.53 234.3 234.3 233.31 232.115 230.92 229.06 226.175 223.29 222.095 219.21 216.325 215.13 213.935 212.74 209.855 208.66 207.465 206.27 205.075 203.88 202.685 201.49 200.295 199.1 197.905 196.71 195.515 194.32 194.32 194.32 195.515 196.71 197.41 197.41 200.295 197.41 37.0375 37.0375 37.0375 37.0375 37.0375 37.0375 37.0375 37.0375 37.0375 37.0375 0 0 0 0 0 0 0 0 0 0 0 0 0 0 0 0 0 0 0 0 0 0 0 0 0 0 0 0 0 0 0 0 0 0 0 0 0 0
231.62 230.425 229.23 228.035 226.84 225.645 224.45 222.76 222.76 225.645 225.645 225.645 230.425 230.425 229.23 228.035 226.84 224.98 222.095 219.21 218.015 215.13 212.245 211.05 209.855 208.66 205.775 204.58 203.385 202.19 200.995 199.8 198.605 197.41 196.215 195.02 193.825 192.63 191.435 191.435 191.435 192.63 193.825 194.525 194.525 197.41 194.525 37.0375 37.0375 37.0375 37.0375 37.0375 37.0375 37.0375 37.0375 37.0375 37.0375 0 0 0 0 0 0 0 0 0 0 0 0 0 0 0 0 0 0 0 0 0 0 0 0 0 0 0 0 0 0 0 0 0 0 0 0 0 0
228.735 227.54 226.345 225.15 223.955 222.76 221.565 219.875 219.875 222.76 222.76 222.76 222.76 226.345 226.345 225.15 223.955 223.785 220.9 218.015 215.13 213.935 211.05 208.165 206.97 205.775 204.58 201.695 200.5 199.305 198.11 196.915 195.72 194.525 193.33 192.135 190.94 189.745 188.55 188.55 188.55 189.745 190.94 191.34 191.34 194.525 193.33 37.0375 37.0375 37.0375 37.0375 37.0375 37.0375 37.0375 37.0375 37.0375 37.0375 0 0 0 0 0 0 0 0 0 0 0 0 0 0 0 0 0 0 0 0 0 0 0 0 0 0 0 0 0 0 0 0 0 0 0 0 0 0
225.85 224.655 223.46 222.265 221.07 219.875 218.68 216.99 216.99 219.875 222.76 222.76 222.76 222.265 222.265 222.265 221.07 220.9 219.705 216.82 213.935 211.05 209.855 206.97 204.085 202.89 201.695 200.5 197.615 196.42 195.225 194.03 192.835 191.64 190.445 189.25 188.055 186.86 185.665 185.665 185.665 186.86 188.055 189.25 194.525 193.33 193.33 37.0375 37.0375 37.0375 37.0375 37.0375 37.0375 37.0375 37.0375 37.0375 37.0375 0 0 0 0 0 0 0 0 0 0 0 0 0 0 0 0 0 0 0 0 0 0 0 0 0 0 0 0 0 0 0 0 0 0 0 0 0 0
222.965 221.77 220.575 219.38 218.185 216.99 215.795 214.105 214.105 216.99 216.99 220.575 220.575 219.38 218.185 218.185 218.185 218.185 218.185 215.625 212.74 209.855 206.97 205.775 202.89 200.005 198.81 197.615 196.42 193.535 192.34 191.145 189.95 188.755 187.56 186.365 185.17 183.975 182.78 182.78 182.78 183.975 185.17 186.365 193.265 193.33 193.33 37.0375 37.0375 37.0375 37.0375 37.0375 37.0375 37.0375 37.0375 37.0375 37.0375 0 0 0 0 0 0 0 0 0 0 0 0 0 0 0 0 0 0 0 0 0 0 0 0 0 0 0 0 0 0 0 0 0 0 0 0 0 0
220.08 218.885 217.69 216.495 215.3 214.105 212.91 212.91 212.91 214.105 215.3 215.3 216.495 216.495 215.3 214.105 214.105 214.105 215.3 214.43 211.545 208.66 205.775 202.89 201.695 198.81 195.925 194.73 193.535 192.34 189.455 188.26 187.065 185.87 184.675 183.48 182.285 181.09 179.895 179.895 179.895 181.09 182.285 189.186 194.46 193.33 37.0375 37.0375 37.0375 37.0375 37.0375 37.0375 37.0375 37.0375 37.0375 37.0375 37.0375 0 0 0 0 0 0 0 0 0 0 0 0 0 0 0 0 0 0 0 0 0 0 0 0 0 0 0 0 0 0 0 0 0 0 0 0 0 0
217.195 216 214.805 213.61 212.415 211.22 210.025 208.83 208.83 208.83 210.025 211.22 211.22 212.415 212.415 211.22 211.22 211.22 212.415 213.235 210.35 207.465 204.58 201.695 198.81 197.615 194.73 191.845 190.65 189.455 188.26 185.375 184.18 182.985 181.79 180.595 179.4 178.205 177.01 177.01 177.01 178.205 185.107 190.379 273.36 271.648 37.0375 37.0375 37.0375 37.0375 37.0375 37.0375 37.0375 37.0375 37.0375 37.0375 0 0 0 0 0 0 0 0 0 0 0 0 0 0 0 0 0 0 0 0 0 0 0 0 0 0 0 0 0 0 0 0 0 0 0 0 0 0 0
