tests/full-run-ref/erosion_2010_78_19_2.123.asc
ncols 512
nrows 512
xllcorner -3.24582
yllcorner -4.08743
cellsize 5
NODATA_value -99999
[rows 76 to 113 of 512, columns 252 to 335 of 512]
0 0 0 0 22.0892 19.6978 16.3177 11.9383 11.5269 13.9095 15.8317 0 0 30.2345 27.8386 25.44 23.0492 24.4437 23.0623 17.2774 12.2986 12.32 12.32 12.32 12.32 12.1765 27.623 61.6298 0 62.8873 60.4954 60.4936 0 48.448 0 68.5848 73.4354 68.2441 62.4725 56.7006 50.9281 45.1553 39.3817 33.6145 32.6162 32.62 32.62 32.62 32.62 0 0 0 0 0 0 0 0 0 55.2913 110.314 110.481 110.469 110.467 110.464 101.358 0 0 110.439 109.242 103.364 101.042 27.9048 0 0 110.343 109.964 77.0091 75.0695 0 0 0 144.486 138.644 132.817
0 0 0 0 16.3194 13.9291 11.5391 11.5396 11.5397 0 0 0 0 24.4691 22.0693 19.6715 12.7216 4.87088 22.0763 17.287 12.3007 12.32 12.32 12.32 12.32 12.2134 21.6899 64.3331 62.8846 57.1096 54.7231 52.3333 52.3325 0 52.3203 81.5446 76.4084 70.6351 64.8634 59.0917 53.3199 47.548 41.7749 36.0061 32.6141 32.62 32.62 32.62 32.62 32.62 0 0 0 0 0 0 0 0 42.9332 116.165 115.678 115.682 115.682 115.682 115.682 115.682 115.682 116.195 106.746 100.988 95.2425 92.9073 0 111.094 110.157 103.33 71.1417 69.2832 0 0 0 142.104 136.252 130.412
0 0 0 0 13.9297 11.5397 11.5399 11.54 0 0 0 0 0 22.0854 16.3037 13.9115 10.6002 0.415781 11.8753 17.2986 12.3002 12.3176 12.32 12.32 12.32 12.2522 19.2013 66.0239 60.4771 54.697 48.9282 46.5526 44.1695 44.1719 0 44.1575 78.75 73.0274 67.2555 61.4843 55.7131 49.9423 44.1702 38.3959 32.631 32.62 32.62 0 0 32.4993 0 0 39.3593 36.9313 0 0 0 0 1.84936 94.5571 93.1195 106.153 109.815 110.463 110.455 110.444 110.427 110.423 109.128 98.3856 92.7619 87.0124 0 82.0359 78.0101 73.8919 65.7354 63.4849 0 0 0 139.731 133.88 128.037
0 0 0 0 11.5399 11.54 11.54 9.90855 0 0 0 0 24.854 19.6969 13.9229 13.9292 13.93 13.8238 11.4691 16.3168 13.9177 12.3044 12.3144 12.3157 12.3149 12.2581 16.8792 65.9733 58.0285 52.272 46.5079 40.743 38.3785 36.0035 36.0117 0 35.9859 72.948 67.2552 61.4854 55.7143 49.9438 46.5661 48.3336 32.6095 0 0 0 0 40.7867 38.4015 35.9732 33.5499 31.1401 0 0 0 0 46.4224 35.8368 110.408 110.437 110.429 110.421 110.411 110.398 110.374 110.308 109.127 81.7988 79.7481 79.9686 78.9615 76.4916 60.0512 57.7328 55.2801 57.7552 0 0 0 137.361 131.517 125.675
0 0 0 0 11.54 11.54 11.54 2.36709 0 0 0 0 23.0793 17.3077 13.929 13.93 13.93 13.9275 11.8805 2.6515 16.3056 13.871 0 13.6951 11.8547 13.6244 19.3549 19.8228 58.011 49.8337 44.0814 38.3214 32.5657 30.2118 27.8335 6.29111 0 27.8397 64.7781 59.0945 53.3245 47.5523 41.7802 39.3907 32.6343 0 0 0 0 38.3911 32.5915 30.1714 27.7618 25.3499 0 0 0 0 35.941 0 0 74.3285 74.3323 74.3271 74.3121 74.2909 74.2468 74.1687 73.9 73.9303 74.1528 73.4369 74.2958 70.688 57.739 52.0135 0 0 0 0 0 134.99 129.152 123.312
0 0 0 0 0 0 0 0 0 0 0 24.4777 25.4669 17.3065 13.929 13.93 13.93 13.9294 13.8078 0 0 0 21.3296 14.4256 95.7132 15.7377 67.0408 61.4642 55.6541 49.834 41.6521 35.899 30.167 27.8332 27.8582 27.86 27.86 27.857 27.846 45.2723 50.5032 45.1617 36.0068 33.6206 31.2333 0 0 0 0 36.0048 30.2022 24.386 21.9752 19.5597 0 0 0 0 0 27.7761 30.0752 68.5488 40.3382 57.7404 63.6403 65.6388 66.3065 66.4882 66.4875 66.4517 66.4457 66.487 68.5224 68.3986 43.6619 41.0604 0 0 0 48.5421 0 132.62 126.789 120.954
0 0 0 0 0 0 0 0 0 0 0 29.1387 36.0171 19.6951 13.9279 13.9299 3.77336 11.1825 5.79681 0 19.4791 0 67.2533 94.4543 92.17 81.7906 69.4946 59.0015 53.2628 47.4721 41.6657 33.486 27.7794 27.8559 27.5488 19.8756 0 0 0 0 0 47.5524 30.2326 27.8494 25.4617 23.0719 0 0 0 29.851 27.8134 22.005 16.1819 13.7674 0 0 0 0 19.6607 0 18.3985 21.9078 62.8162 60.5262 62.5505 62.8646 62.8516 62.7738 62.5662 62.3436 62.2119 62.2111 62.3744 61.3316 41.478 35.6031 0 0 0 46.8555 0 132.66 126.85 121.035
0 0 0 0 0 0 0 0 0 0 0 9.51637 30.2456 27.858 16.3187 0 0 14.2159 14.2163 16.1668 0 85.7919 0 88.8798 86.4866 86.5188 88.8459 61.2125 50.7931 45.0801 39.2983 33.5189 27.8056 27.86 27.86 27.86 26.8927 7.25798 0 0 0 49.9477 24.4587 22.0837 22.0868 22.088 0 0 0 6.47827 25.4245 19.6179 13.8087 7.99469 0 0 0 0 13.8949 0 0 16.1533 62.8239 62.6775 62.7594 62.8404 62.6506 62.8643 47.1321 41.192 35.2323 29.349 27.1288 29.8775 27.4896 0 0 0 0 49.6871 0 133.094 127.305 121.511
0 0 11.5369 0 0 0 0 0 0 0 0 22.0863 19.6921 17.2999 0 0 0 30.2431 83.5443 0 80.685 0 0 83.0895 80.6891 69.4041 83.1468 85.4521 51.8962 42.602 36.907 31.1518 27.8221 27.86 27.86 27.86 27.86 27.0984 11.214 0 0 63.878 22.0737 22.0897 22.09 22.09 22.09 21.2168 0 0 23.0456 17.233 11.4202 5.6462 5.75924 0 0 0 8.13106 0 0 13.7679 62.7072 62.4685 68.5772 68.9341 68.9307 53.7427 42.0584 38.9327 33.1564 27.4681 21.7296 19.4112 21.7971 0 0 0 0 0 136.327 130.671 124.928 119.141
0 16.32 11.54 0 0 0 0 0 0 0 0 16.3164 13.9258 0 0 0 0 22.0811 79.7841 77.3942 0 0 0 77.3263 74.8432 0 47.0456 79.7682 82.0554 41.1549 34.4217 28.7687 27.8402 27.86 27.86 27.86 27.86 27.86 27.86 0 0 32.6372 22.0855 22.09 22.09 22.09 22.09 22.09 0 0 25.462 19.6355 13.8335 8.05017 5.71785 0 0 0 0 0 0 0 19.4504 23.4775 17.4547 15.1585 12.9203 15.078 15.8081 13.4851 10.9996 13.2004 15.8945 13.4922 0 0 0 0 0 24.0853 27.4928 128.105 122.508 116.765
0 17.3099 11.54 0 0 0 0 0 0 0 19.699 13.9278 0 0 0 0 0 16.3104 74.0126 71.6257 69.214 0 0 71.5553 69.1221 0 0 24.7418 76.3885 75.1861 22.8837 31.0697 27.8336 27.86 27.86 27.86 27.86 27.86 27.4488 8.90433 0 30.2469 22.0875 22.09 22.09 22.09 22.09 22.09 22.09 0 23.207 22.0605 16.2342 13.8371 8.06005 5.71951 0 0 0 0 0 0 0 16.1893 13.8738 9.80762 8.11947 9.80938 11.4866 8.05644 8.07155 8.02884 10.0531 7.99624 0 0 0 0 0 0 21.9256 24.2053 119.892 114.352
0 16.6666 11.54 4.22259 0 0 0 0 0 0 5.29483 11.539 11.5398 0 0 0 0 13.9155 68.2384 65.8476 0 0 0 65.7821 51.0067 0 0 0 0 0 64.5378 33.2602 27.6708 27.8561 23.6007 0 27.6393 0 27.6334 0 0 27.8574 22.0846 22.09 22.09 22.09 22.09 22.09 16.871 0 0 27.8526 21.9882 16.2244 13.8299 8.05641 5.71916 5.7651 0 8.06069 0 0 0 6.88183 8.12643 8.14869 8.15669 8.15123 8.14996 8.15638 8.16001 8.15328 8.16001 8.15325 0 0 0 0 0 0 0 19.5953 21.82 16.2123
0 0 11.54 11.48 8.38552 0 0 0 0 0 0 13.8406 0 11.5398 0 0 0 0 62.4549 60.0725 57.6601 0 0 60.0128 57.5637 0 0 0 0 78.5447 106.789 104.263 29.8175 27.5408 30.0067 0 0 89.9587 27.521 30.0412 27.8027 30.2352 22.0778 22.09 22.09 22.09 22.09 22.018 3.16351 0 0 0 27.806 22.0318 16.2136 13.8255 8.05487 5.71996 0 0 5.76954 0 0 0 8.15661 8.16001 8.16001 8.16001 8.16001 8.16001 8.16001 8.15959 10.3214 8.15926 0 0 0 0 0 0 0 0 16.1759 53.1209
55.7193 0 11.5399 11.54 10.9603 0 0 0 0 0 0 0 12.0289 11.5385 0 0 0 12.9471 56.6615 54.2987 51.8859 0 0 54.2418 51.788 0 0 0 62.0391 106.668 99.6776 98.6488 72.7256 86.5174 84.4156 89.1319 0 84.322 80.3643 41.1141 34.7787 32.569 22.0401 22.0724 22.0885 22.09 22.09 21.9676 17.7359 0 0 0 30.2416 27.8349 22.0236 16.2062 13.8239 8.05849 5.72751 5.76679 0 0 0 0 8.1588 8.15944 8.16001 8.16001 8.16001 8.16001 8.16001 8.1596 8.15929 8.15945 0 0 0 0 0 0 0 0 0 21.9631
49.95 19.5678 13.93 11.54 11.4627 8.05421 0 0 0 0 0 0 9.69003 0 0 0 0 16.1503 0 48.5258 46.1124 0 0 48.4701 0 0 0 0 64.4544 0 98.6722 92.9076 90.5311 88.1508 85.782 83.3885 80.9897 78.587 76.1954 73.7998 62.8051 55.1847 24.4005 38.7855 22.0737 22.0891 22.0899 22.0371 3.19462 0 0 0 36.0155 30.2391 27.8311 22.0183 16.2045 13.8325 8.08735 5.7525 0 0 0 0 11.233 8.15943 8.16001 8.16001 8.16001 8.16001 8.16001 8.16001 8.16001 0 0 0 0 0 0 0 0 0 0 0
44.18 22.0899 16.32 11.54 11.54 10.1384 0 0 0 0 0 0 0 0 0 0 0 0 0 42.7534 0 0 0 42.6973 0 0 0 44.5656 97.7234 0 92.8763 90.4925 84.7222 82.3519 79.983 77.6055 75.2087 72.8073 70.4125 68.0347 65.2435 54.6633 44.1374 38.3829 24.4558 22.0854 24.4799 21.1732 20.2365 26.3854 0 0 12.817 36.0162 30.241 27.8355 22.0337 16.231 11.4647 5.7359 0 0 0 0 0.897048 7.93463 8.16001 8.16001 8.16001 8.16001 8.16001 8.16001 0 0 0 0 0 0 0 0 0 0 0 0
38.41 36.02 17.3099 11.54 11.54 11.2364 3.70108 0 0 0 0 0 0 0 0 0 0 0 39.3889 36.9811 0 0 0 36.9233 0 0 0 38.7355 95.2945 89.6984 87.2789 84.6919 82.3198 76.543 74.1781 71.812 69.4285 67.0306 64.6345 62.2491 59.8776 57.0882 46.5249 35.9858 30.233 24.4732 22.0867 19.6872 2.82848 0 0 0 0 32.6364 30.2441 24.4629 19.6592 13.846 8.05932 5.74112 0 0 0 0 0 0 0 0 8.1575 8.15938 8.16001 0 0 0 0 0 0 0 0 0 0 0 0 0
36.02 30.25 17.3099 11.54 11.54 11.54 11.0733 0.564382 0 0 0 0 0 0 0 0 0 36.0135 33.6166 31.2086 0 0 0 31.1482 0 0 0 0 92.986 87.303 81.4935 79.0865 76.517 74.1524 68.3688 66.0061 63.6389 61.2527 58.8579 56.4681 54.0884 51.7247 49.3455 33.587 27.8358 22.0691 16.3004 13.9189 0 0 0 0 0 30.246 24.4733 22.0788 16.2934 11.489 5.70862 5.76242 0 0 0 0 0 0 0 7.72443 11.5378 8.15886 0 7.75798 0 0 0 0 0 0 0 0 0 0 0 0
27.8599 27.86 17.3099 11.54 11.54 11.54 11.54 10.8592 0 0 0 0 0 0 0 0 0 30.2424 27.8446 25.4364 0 0 0 25.3728 0 0 0 0 90.6663 84.9324 79.1136 73.2952 70.8933 68.3497 65.9899 60.1978 57.8342 55.4657 53.0803 50.6896 48.3045 45.9335 43.5548 31.188 25.4355 19.6661 13.8974 8.13338 0 0 0 0 0 0 22.0849 16.3104 13.9149 8.13388 5.75491 0 0 0 0 6.16001 0 0 0 0 13.9288 0 0 7.1145 8.15821 8.1585 8.15901 8.15932 0 0 0 0 0 0 0 0
22.0899 19.6999 17.31 11.54 11.54 11.54 11.54 11.54 10.6489 0 0 0 0 0 0 0 0 24.4737 22.0732 19.664 0 0 0 19.598 0 0 0 0 88.3148 82.5634 76.754 70.931 65.0922 62.7078 60.1857 57.8283 52.0279 49.6625 47.2938 44.9105 42.5233 40.1486 37.78 28.7977 23.0398 17.2694 11.4984 5.74198 0 0 0 0 0 0 16.3168 13.9247 8.14951 5.76062 5.76864 0 0 0 5.76977 5.76987 0 0 0 0 0 0 0 16.3181 13.9267 12.3171 11.5376 8.15846 0 0 0 0 0 0 0 0
16.3198 13.9299 11.5399 11.54 11.54 11.54 11.54 11.54 11.3871 6.59964 0 0 0 0 0 0 0 22.085 16.3035 13.9029 0 0 0 13.8602 0 0 0 0 70.2142 80.1856 74.3927 68.5821 62.7487 56.8937 54.5271 52.0217 49.6661 43.858 41.4912 39.1228 36.742 34.3666 32.0103 30.2257 24.4547 19.6784 13.9069 8.14333 5.76753 0 0 0 0 0 0 11.5379 5.76527 5.76949 0 0 0 6.1599 8.11659 5.76993 0 0 0 0 0 0 0 0 19.6699 18.0872 13.9262 8.15584 8.15903 0 0 0 0 0 0 0
13.9299 11.5399 11.54 11.54 11.54 11.54 11.54 11.54 11.54 10.281 0 0 0 0 0 0 0 16.3167 13.9227 11.5321 11.5386 0 0 11.5294 11.5365 0 0 0 35.5511 77.8008 72.0192 66.2259 60.4123 54.5656 48.6999 46.3489 43.8566 41.5026 35.6877 33.3196 30.9527 28.5827 26.2224 26.2824 22.0677 16.2974 13.9168 8.15115 5.76775 0 0 0 0 0 0 8.15929 5.76951 5.76992 0 0 0 0 0 5.76994 0 0 0 0 0 0 0 0 26.2489 22.0874 16.316 13.9284 11.5388 10.3528 9.89053 6.59205 0 0 0 0
11.5399 11.54 11.54 11.54 11.54 11.54 11.54 11.54 11.54 11.4096 7.03151 0 0 0 0 0 0 13.9281 10.8321 11.5394 0 0 0 0 0 0 0 0 74.7254 75.4121 69.6366 63.8547 58.0608 52.2418 46.3829 40.5097 38.1719 35.6906 33.338 27.5163 25.1478 22.7889 20.4314 20.4968 19.6809 13.9086 8.14032 5.76272 5.76951 0 0 0 0 0 0 0 0 5.5775 5.76977 0 0 0 0 0 0 0 0 0 0 0 0 0 25.4687 19.6964 13.9241 8.15254 0 0 0 0 0 0 0 0
13.9299 11.54 11.54 11.54 11.54 11.54 11.54 11.54 11.54 11.5306 11.0528 6.27565 0 0 0 0 0 10.8343 11.5395 11.54 10.5199 0 0 0 0 0 0 0 78.7671 73.0223 67.2488 61.4733 55.6913 49.8959 44.0706 38.2014 32.322 29.9955 27.5234 25.1714 19.3435 16.9793 14.6333 13.5958 14.7532 11.5239 5.75733 5.76912 0 0 0 0 0 0 0 0 0 8.15868 5.76768 5.76889 5.76946 0 0 0 0 0 0 0 0 0 0 0 23.0776 17.3052 11.5313 5.76372 5.76966 0 0 0 0 0 0 0
16.3199 13.93 11.54 11.54 11.54 11.54 11.54 11.54 11.54 11.3925 8.81021 0 0 0 0 0 0 0 11.5103 11.5384 11.5391 0 0 0 0 0 0 16.2264 76.3849 70.6325 64.8593 59.0861 53.3105 47.5281 41.7306 35.8992 30.0211 24.136 21.8192 19.3544 17.0023 11.1874 8.84747 8.2577 8.98025 8.14903 5.76659 0 0 0 0 0 0 0 0 0 0 13.9288 8.10746 8.15586 6.15579 6.15796 5.76928 0 0 0 0 0 0 0 0 0 23.0774 17.304 11.5331 5.76562 0 0 0 0 0 0 0 0
22.09 16.32 11.54 11.54 11.54 11.54 11.54 11.54 11.4424 10.131 1.06348 0 0 0 0 0 0 0 12.9684 13.9177 12.3097 12.3137 12.3154 0 0 0 0 39.3708 74.0031 68.2427 62.4694 56.6966 50.9233 45.1475 39.3647 33.565 27.7279 21.8419 15.951 13.642 11.1963 8.87474 0 0 0 0 5.76941 0 0 0 0 0 0 0 0 0 0 0 14.2884 13.9217 12.3137 11.5364 5.76748 0 0 0 0 0 0 0 0 0 22.0866 16.3147 11.535 5.76723 0 0 0 0 0 0 0 0
22.09 17.3099 11.54 11.54 11.54 11.54 11.54 11.4957 10.3285 1.98563 0 0 0 0 0 0 0 0 0 30.1086 24.4727 22.0863 19.6978 17.3086 0 0 0 33.6023 71.6169 65.8537 60.0804 54.3074 48.5344 42.7608 36.9841 31.2006 25.3985 19.5562 13.6626 7.83341 5.58779 5.73086 5.76244 0 0 0 0 5.76948 0 0 0 1.03874 6.15858 0 0 0 0 0 27.8562 23.0745 17.3037 11.533 5.76542 0 0 0 0 0 0 0 0 0 19.6977 13.9239 8.15494 5.76878 0 0 0 0 0 0 0 0
16.3199 13.9299 11.54 11.52 11.0301 9.82237 11.1218 11.2017 6.11248 0 0 0 0 0 0 0 0 0 19.31 27.8527 22.0816 17.3042 17.3084 17.3096 0 0 0 27.8275 69.2247 63.4639 57.6905 51.9172 46.144 40.3706 34.5966 28.8197 23.0359 17.2336 11.3905 5.58552 5.75289 0 0 0 0 0 0 0 0 0 0 14.3184 12.318 0 3.56261 0 0 0 28.8492 23.0741 17.3015 11.5294 5.76396 0 0 0 0 0 0 0 0 0 17.306 11.5341 5.76565 5.76973 0 0 0 0 0 0 0 0
13.9299 11.5399 11.54 10.2381 7.98857 0 11.54 10.5776 0 0 0 0 0 0 0 0 0 0 31.2041 25.4603 19.6908 17.3074 17.31 15.5969 3.70722 0 0 22.0509 69.2192 63.4631 57.6898 51.917 46.1443 40.3717 34.599 28.826 23.0516 17.2737 11.4853 5.71807 5.75503 5.76868 5.76954 0 0 0 0 0 0 0 0 19.5142 13.7434 0 0 0 0 0 28.8487 23.0729 17.3 11.5279 5.76278 0 0 0 0 0 0 0 0 0 16.3162 11.5349 5.76719 0 0 0 0 0 0 0 0 0
11.5398 11.54 0 0.0198655 0 11.54 11.54 9.64915 0 0 0 0 0 0 0 0 0 34.5983 28.8427 23.0695 17.3017 17.3093 17.31 17.1601 16.2742 0 0 17.263 71.603 65.8527 60.0802 54.3084 48.5368 42.7653 36.9939 31.2224 25.4509 19.6788 13.9056 8.1438 9.53496 8.15927 5.7697 0 0 0 0 0 0 23.9164 19.558 17.1208 12.3087 12.3184 0 0 0 0 28.8476 23.0716 17.2987 11.5265 5.76207 0 0 0 0 0 0 0 0 19.699 13.9253 8.15552 5.76831 0 0 0 0 0 0 0 0 0
13.9298 0 0 0 13.9296 11.5396 11.5398 11.5399 0 0 0 0 0 0 0 0 0 34.6157 28.8432 23.0703 17.3036 17.31 17.31 17.31 16.9061 0.45318 0 17.2637 71.5943 65.8522 60.0793 54.3072 48.5355 42.7639 36.9924 31.2209 25.4495 19.678 13.9065 8.14436 5.76237 5.76864 5.76978 0 0 0 0 0 0 27.5106 25.2795 19.5027 13.7274 13.7359 0 0 0 0 28.8466 23.0708 17.2977 11.5252 5.76111 0 0 0 0 0 0 16.7992 17.3086 16.3135 11.5358 5.76647 5.76952 0 0 0 0 0 0 0 0 0
15.0676 0 0 22.0862 16.3192 16.3193 14.3193 13.9295 11.5393 13.7663 0 0 0 0 30.2478 0 40.0976 34.6155 28.8431 23.0704 17.3038 17.31 17.31 17.31 17.118 15.7871 14.1036 17.2628 65.8206 63.4621 57.688 51.914 46.1409 40.3681 34.5954 28.8229 23.0504 17.278 11.5057 5.74811 5.76871 0 0 0 0 0 0 0 0 33.4414 27.6651 21.8849 19.8839 19.4959 14.5034 0 0 5.37878 27.8549 23.0721 17.2988 11.5246 5.75833 5.76893 0 0 0 0 0 13.9248 11.5344 11.5364 8.15297 5.76808 0 0 0 0 0 0 0 0 0 32.8127
0 0 28.2473 24.4791 24.4792 22.4791 20.089 16.3187 20.0879 16.319 17.5216 0 22.0883 38.4084 0 45.8962 40.3886 34.617 28.8432 23.0706 17.3038 17.31 17.31 17.31 17.31 17.2944 17.2486 17.2644 60.0473 60.0822 57.6916 51.9166 46.1423 40.3689 34.5958 28.8228 23.05 17.2772 11.5045 5.75084 0 0 0 0 0 0 0 0 0 35.8312 30.0503 28.0458 27.2747 30.0471 17.6217 36.003 30.2435 24.4728 22.08 19.6897 17.3016 13.9206 8.15032 5.76727 0 0 0 0 0 8.15556 5.76552 5.76716 5.76784 5.76686 0 0 0 0 0 0 0 0 25.2604 35.7527
0 36.3667 32.6392 32.6392 30.2491 28.249 24.4786 28.2474 24.4788 27.4895 18.8817 30.2411 46.5684 0 51.7067 46.1592 40.3887 34.6177 28.8455 23.0707 17.3039 17.31 17.31 17.31 17.31 17.31 17.31 17.2672 54.277 54.3085 54.3105 51.9205 46.145 40.3701 34.5964 28.823 23.0497 17.2764 11.5031 5.74987 0 0 0 0 0 0 0 0 0 0 35.6816 35.4362 38.2087 36.2103 39.3933 33.6218 27.844 22.0701 16.2978 13.9118 11.5241 11.5303 8.15207 5.76705 0 0 0 0 0 5.76882 5.76943 0 0 0 0 0 0 0 0 0 0 24.6611 27.0787 82.4173
0 40.7993 40.7993 38.4091 36.409 32.6386 36.4074 32.6388 35.6495 27.0417 38.401 54.7284 0 57.555 51.9293 46.159 40.3885 34.6178 28.8466 23.0737 17.304 17.31 17.31 17.31 17.31 17.31 17.31 17.2706 48.5086 46.5729 48.5354 48.54 46.1498 40.3718 34.5967 28.8223 23.0479 17.2736 11.4992 5.7473 0 0 0 0 0 0 0 0 0 0 43.4693 46.3714 44.3739 42.7722 36.9965 31.2176 25.4428 19.6669 13.8909 8.12383 5.75036 5.76233 5.76544 5.76861 0 0 0 0 0 0 0 0 0 0 0 0 0 0 0 0 0 27.2587 85.599 27.0754
43.4171 48.9546 46.5692 44.5691 40.7987 44.5674 40.7988 43.8095 35.2017 46.5611 62.8885 17.3688 63.4048 57.6992 51.9289 46.1586 40.3881 34.6175 28.8465 23.0748 17.3048 17.3091 17.31 17.31 17.31 17.31 17.31 0 0 20.8539 34.034 27.5026 45.1621 40.3769 34.5966 28.8199 23.0441 17.2684 11.4922 5.73425 5.76259 0 0 0 0 0 0 0 0 0 54.5366 51.92 46.1457 40.369 34.5895 28.8124 23.0347 17.2566 11.4771 5.72637 5.76765 0 0 0 0 0 0 0 0 0 0 0 0 0 0 0 0 0 0 0 0 41.3357 83.2702 77.7077
57.1146 54.7292 52.7291 48.9587 52.7275 48.9589 51.9695 43.3617 54.721 71.0485 38.5711 71.5824 65.8592 60.089 54.3187 48.5485 42.778 37.0075 31.2366 25.4654 19.695 17.3077 17.3067 17.307 17.3086 17.3077 4.27776 0 0 0 0 0 16.343 41.7822 36.9948 31.2129 25.4368 19.6612 13.8864 8.12072 8.14276 0 0 0 0 0 0 0 0 0 0 51.8804 46.0998 40.3218 34.5436 28.765 22.9862 17.2067 11.4258 5.71535 5.76693 0 0 0 0 0 0 0 0 0 0 0 0 0 0 0 0 0 0 0 0 35.6024 80.924 75.3054
62.8893 60.8892 57.1188 60.8875 57.1189 60.1295 51.5217 62.881 79.2085 46.026 79.7413 74.0192 68.249 62.4788 56.7086 50.9384 45.168 39.3975 33.6268 27.8558 22.0848 17.302 22.0807 17.2925 19.9045 14.2819 17.3385 0 0 0 0 0 0 0 39.3755 33.606 27.8298 22.0554 16.2842 13.9099 11.5224 10.9744 0 0 0 0 0 0 0 32.5949 52.2157 0 48.5006 42.7214 36.9411 31.1637 25.3858 19.6076 13.8311 8.0744 5.75672 1.2794 0 0 0 0 0 0 0 0 0 0 0 0 0 0 0 0 0 0 0 29.8391 78.5789 72.9305
