tests/full-run-ref/erosion_2010_78_20_-12.873.asc
ncols 512
nrows 512
xllcorner -3.24582
yllcorner -4.08743
cellsize 5
NODATA_value -99999
[rows 37 to 73 of 512, columns 0 to 82 of 512]
352.888 353.877 353.867 353.86 353.856 353.854 353.855 353.858 353.863 353.872 353.882 353.892 353.904 353.918 353.932 353.945 353.956 353.966 280 277.61 275.22 277.61 280 353.956 353.939 353.916 353.889 353.859 353.824 353.784 353.742 353.699 353.655 353.609 353.563 353.52 353.479 353.44 353.403 353.368 353.335 353.305 353.275 353.244 353.211 353.178 353.143 353.106 353.066 353.024 352.982 352.945 352.911 352.88 352.855 352.842 352.845 352.859 352.883 352.916 352.961 353.019 353.079 353.133 353.18 353.227 353.262 353.276 353.264 353.235 353.186 353.117 353.023 352.906 352.775 352.641 352.502 352.351 352.202 352.067 351.946 351.833 351.733
352.879 353.866 353.855 353.846 353.841 353.838 353.837 353.84 353.845 353.853 353.863 353.874 353.887 353.902 353.918 353.932 353.945 353.958 274.23 271.84 269.45 267.06 264.67 262.28 264.67 286.18 353.916 353.891 353.861 353.827 353.789 353.752 353.713 353.672 353.631 353.592 353.555 353.52 353.486 353.453 353.423 353.394 353.366 353.337 353.305 353.273 353.24 353.205 353.167 353.127 353.087 353.053 353.021 352.992 352.97 352.959 352.961 352.975 352.999 353.03 353.073 353.126 353.182 353.231 353.273 353.313 353.343 353.351 353.336 353.302 353.25 353.179 353.084 352.966 352.835 352.702 352.562 352.414 352.267 352.132 352.011 351.899 351.798
352.871 353.856 353.842 353.832 353.825 353.821 353.82 353.822 353.826 353.834 353.845 353.856 353.87 353.886 353.902 353.918 353.933 353.948 268.46 266.07 263.68 261.29 258.9 256.51 254.12 256.51 278.02 353.917 353.892 353.862 353.83 353.797 353.762 353.726 353.689 353.654 353.621 353.589 353.558 353.528 353.499 353.473 353.447 353.419 353.389 353.358 353.326 353.293 353.258 353.22 353.183 353.151 353.121 353.095 353.075 353.065 353.068 353.082 353.104 353.132 353.172 353.221 353.272 353.316 353.353 353.388 353.412 353.416 353.397 353.361 353.306 353.234 353.139 353.022 352.893 352.76 352.624 352.478 352.334 352.201 352.082 351.972 351.872
352.863 353.846 353.83 353.819 353.81 353.805 353.803 353.803 353.808 353.816 353.826 353.838 353.852 353.868 353.886 353.902 353.919 353.935 266.07 260.3 257.91 255.52 253.13 250.74 248.35 245.96 248.35 269.86 353.914 353.888 353.861 353.832 353.802 353.77 353.737 353.705 353.676 353.646 353.618 353.591 353.565 353.54 353.515 353.489 353.461 353.432 353.402 353.371 353.338 353.302 353.268 353.238 353.213 353.188 353.17 353.161 353.164 353.177 353.197 353.223 353.26 353.304 353.35 353.389 353.42 353.45 353.468 353.468 353.446 353.407 353.352 353.279 353.185 353.071 352.945 352.817 352.685 352.544 352.404 352.276 352.161 352.053 351.956
352.855 353.836 353.818 353.805 353.795 353.788 353.785 353.785 353.789 353.796 353.807 353.818 353.833 353.849 353.867 353.884 353.901 353.919 268.46 257.91 252.14 249.75 247.36 244.97 242.58 240.19 242.58 259.31 261.7 353.906 353.882 353.858 353.832 353.803 353.775 353.747 353.72 353.694 353.668 353.643 353.619 353.597 353.574 353.55 353.523 353.496 353.468 353.439 353.408 353.376 353.345 353.318 353.295 353.272 353.256 353.249 353.252 353.263 353.282 353.306 353.337 353.377 353.417 353.45 353.476 353.499 353.513 353.508 353.484 353.443 353.387 353.316 353.225 353.114 352.994 352.871 352.745 352.61 352.477 352.355 352.244 352.141 352.048
352.847 353.826 353.807 353.791 353.78 353.772 353.768 353.767 353.77 353.777 353.787 353.799 353.813 353.83 353.848 353.866 353.884 353.902 353.92 260.3 249.75 243.98 241.59 239.2 236.81 234.42 232.03 234.42 251.15 253.54 353.898 353.877 353.855 353.83 353.805 353.78 353.757 353.733 353.71 353.688 353.666 353.645 353.624 353.601 353.577 353.551 353.525 353.499 353.471 353.442 353.413 353.389 353.368 353.35 353.335 353.328 353.331 353.342 353.358 353.379 353.406 353.44 353.475 353.502 353.523 353.541 353.549 353.541 353.515 353.473 353.418 353.348 353.261 353.155 353.041 352.925 352.805 352.679 352.553 352.437 352.333 352.236 352.148
352.841 353.817 353.796 353.779 353.767 353.758 353.752 353.751 353.753 353.76 353.77 353.782 353.796 353.812 353.831 353.849 353.867 353.887 353.906 353.922 252.14 238.21 235.82 233.43 231.04 228.65 226.26 223.87 226.26 242.99 245.38 353.893 353.874 353.853 353.831 353.809 353.788 353.767 353.746 353.726 353.706 353.687 353.667 353.646 353.624 353.6 353.576 353.551 353.526 353.499 353.474 353.453 353.434 353.417 353.404 353.398 353.401 353.411 353.425 353.443 353.466 353.495 353.525 353.547 353.563 353.577 353.581 353.57 353.542 353.501 353.447 353.38 353.296 353.197 353.09 352.981 352.868 352.749 352.633 352.525 352.427 352.336 352.254
352.835 353.809 353.786 353.768 353.754 353.744 353.738 353.735 353.738 353.744 353.754 353.766 353.78 353.796 353.815 353.833 353.852 353.872 353.892 353.909 353.924 235.82 230.05 227.66 225.27 222.88 220.49 218.1 215.71 218.1 234.83 237.22 353.889 353.87 353.851 353.832 353.813 353.794 353.775 353.757 353.739 353.721 353.703 353.684 353.663 353.64 353.618 353.595 353.572 353.549 353.526 353.507 353.49 353.476 353.465 353.459 353.461 353.47 353.482 353.497 353.517 353.543 353.567 353.584 353.596 353.605 353.606 353.594 353.566 353.525 353.473 353.41 353.331 353.239 353.139 353.038 352.934 352.824 352.716 352.617 352.528 352.442 352.368
352.829 353.802 353.777 353.757 353.742 353.731 353.724 353.721 353.723 353.729 353.739 353.751 353.764 353.781 353.8 353.818 353.838 353.858 353.879 353.897 353.912 230.05 224.28 221.89 219.5 217.11 214.72 212.33 209.94 212.33 224.28 226.67 229.06 353.882 353.865 353.848 353.831 353.814 353.797 353.78 353.763 353.747 353.73 353.713 353.693 353.673 353.652 353.631 353.611 353.589 353.57 353.553 353.538 353.525 353.516 353.51 353.512 353.519 353.53 353.542 353.558 353.58 353.599 353.613 353.621 353.627 353.625 353.611 353.583 353.545 353.496 353.436 353.364 353.28 353.189 353.096 353.002 352.903 352.804 352.714 352.633 352.557 352.488
352.825 353.796 353.769 353.747 353.731 353.719 353.714 353.714 353.714 353.715 353.725 353.737 353.751 353.767 353.785 353.804 353.824 353.845 353.866 353.885 353.901 224.28 218.51 216.12 213.73 211.34 208.95 206.56 204.17 206.56 213.73 216.12 218.51 220.9 353.875 353.859 353.845 353.829 353.814 353.798 353.783 353.768 353.753 353.736 353.718 353.699 353.68 353.661 353.643 353.624 353.607 353.592 353.579 353.568 353.559 353.555 353.556 353.561 353.57 353.58 353.594 353.611 353.626 353.637 353.642 353.644 353.64 353.626 353.599 353.563 353.517 353.462 353.396 353.32 353.239 353.155 353.071 352.982 352.894 352.814 352.741 352.673 352.612
352.821 353.79 353.762 353.739 353.721 353.714 353.714 353.714 353.714 353.714 353.714 353.724 353.738 353.755 353.773 353.792 353.812 353.833 353.855 353.874 353.891 218.51 212.74 210.35 207.96 205.57 203.18 200.79 198.4 196.01 198.4 205.57 207.96 210.35 212.74 353.87 353.856 353.842 353.828 353.814 353.8 353.787 353.772 353.757 353.741 353.723 353.705 353.688 353.671 353.655 353.64 353.627 353.615 353.606 353.599 353.595 353.596 353.6 353.607 353.615 353.626 353.639 353.651 353.658 353.661 353.661 353.655 353.64 353.615 353.581 353.539 353.489 353.43 353.362 353.289 353.214 353.139 353.06 352.983 352.911 352.846 352.787 352.733
352.817 353.785 353.755 353.731 353.714 353.714 353.714 353.714 353.714 353.714 353.714 353.714 353.726 353.742 353.759 353.778 353.799 353.821 353.844 353.864 353.882 212.74 206.97 204.58 202.19 199.8 197.41 195.02 192.63 190.24 187.85 190.24 197.41 199.8 202.19 204.58 353.867 353.854 353.841 353.828 353.815 353.803 353.789 353.775 353.76 353.742 353.725 353.709 353.695 353.68 353.667 353.656 353.646 353.638 353.631 353.628 353.629 353.632 353.638 353.644 353.652 353.662 353.672 353.677 353.677 353.676 353.669 353.655 353.631 353.6 353.562 353.517 353.465 353.405 353.34 353.275 353.209 353.139 353.072 353.009 352.954 352.901 352.855
352.815 353.781 353.749 353.723 353.714 353.714 353.714 353.714 353.714 353.714 353.714 353.714 353.716 353.73 353.747 353.765 353.786 353.81 353.834 353.855 353.874 206.97 201.2 198.81 196.42 194.03 191.64 189.25 186.86 184.47 182.08 184.47 186.86 189.25 191.64 194.03 196.42 353.863 353.851 353.839 353.827 353.815 353.803 353.789 353.774 353.758 353.741 353.726 353.713 353.7 353.689 353.679 353.671 353.663 353.658 353.655 353.655 353.658 353.662 353.667 353.673 353.681 353.688 353.691 353.691 353.688 353.682 353.668 353.647 353.619 353.586 353.546 353.5 353.448 353.392 353.336 353.279 353.221 353.162 353.109 353.061 353.017 352.978
352.812 353.777 353.744 353.717 353.714 353.714 353.714 353.714 353.714 353.714 353.714 353.714 353.714 353.721 353.738 353.756 353.777 353.802 353.826 353.848 353.868 201.2 195.43 193.04 190.65 188.26 185.87 183.48 181.09 178.7 176.31 178.7 181.09 183.48 185.87 188.26 190.65 353.868 353.857 353.845 353.834 353.823 353.812 353.8 353.785 353.77 353.754 353.74 353.728 353.717 353.708 353.699 353.692 353.685 353.681 353.678 353.678 353.68 353.683 353.687 353.691 353.697 353.702 353.704 353.703 353.7 353.693 353.681 353.662 353.638 353.609 353.574 353.535 353.491 353.444 353.396 353.348 353.298 353.249 353.204 353.165 353.127 353.095
352.81 353.773 353.739 353.714 353.714 353.714 353.714 353.714 353.714 353.714 353.714 353.714 353.714 353.718 353.736 353.756 353.777 353.8 353.823 353.844 353.862 195.43 189.66 187.27 184.88 182.49 180.1 177.71 175.32 172.93 170.54 172.93 175.32 177.71 180.1 182.49 188.26 353.868 353.858 353.848 353.838 353.827 353.817 353.806 353.793 353.78 353.766 353.754 353.744 353.734 353.726 353.718 353.712 353.706 353.702 353.699 353.699 353.7 353.702 353.705 353.708 353.713 353.716 353.717 353.715 353.712 353.705 353.694 353.678 353.657 353.632 353.603 353.569 353.531 353.492 353.452 353.411 353.369 353.329 353.291 353.259 353.229 353.202
352.807 353.77 353.734 353.714 353.714 353.714 353.714 353.714 353.714 353.714 353.714 353.714 353.714 353.721 353.747 353.77 353.79 353.809 353.827 353.843 353.859 193.04 187.27 181.5 179.11 176.72 174.33 171.94 169.55 167.16 164.77 167.16 169.55 171.94 174.33 180.1 190.65 353.861 353.852 353.843 353.833 353.824 353.815 353.805 353.796 353.787 353.778 353.769 353.76 353.751 353.743 353.736 353.73 353.725 353.721 353.718 353.718 353.718 353.72 353.722 353.724 353.727 353.73 353.73 353.728 353.725 353.719 353.709 353.695 353.677 353.655 353.631 353.602 353.571 353.537 353.504 353.471 353.435 353.402 353.372 353.345 353.32 353.299
352.805 353.767 353.73 353.714 353.714 353.714 353.714 353.714 353.714 353.714 353.714 353.714 353.714 353.731 353.765 353.793 353.811 353.825 353.835 353.846 353.857 190.65 184.88 179.11 173.34 170.95 168.56 166.17 163.78 161.39 159 161.39 163.78 166.17 171.94 182.49 353.856 353.848 353.84 353.832 353.824 353.815 353.807 353.8 353.795 353.791 353.787 353.782 353.775 353.767 353.759 353.751 353.746 353.741 353.737 353.735 353.734 353.734 353.735 353.736 353.738 353.74 353.742 353.742 353.74 353.737 353.732 353.724 353.712 353.697 353.679 353.659 353.636 353.609 353.581 353.554 353.526 353.498 353.469 353.445 353.423 353.404 353.387
352.802 353.763 353.726 353.714 353.714 353.714 353.714 353.714 353.714 353.714 353.714 353.714 353.714 353.74 353.783 353.816 353.833 353.841 353.844 353.849 353.856 193.04 182.49 176.72 170.95 165.18 162.79 160.4 158.01 155.62 153.23 155.62 158.01 163.78 174.329 353.849 353.842 353.836 353.829 353.822 353.814 353.806 353.799 353.794 353.792 353.794 353.796 353.795 353.789 353.781 353.772 353.765 353.76 353.755 353.752 353.749 353.748 353.748 353.749 353.749 353.75 353.752 353.754 353.753 353.752 353.75 353.745 353.739 353.729 353.717 353.702 353.686 353.667 353.644 353.621 353.599 353.576 353.553 353.531 353.511 353.494 353.479 353.466
352.799 353.76 353.721 353.714 353.714 353.714 353.714 353.714 353.714 353.714 353.714 353.714 353.714 353.745 353.795 353.832 353.848 353.852 353.85 353.851 353.855 353.859 184.879 174.33 168.56 162.79 157.02 154.63 152.24 149.85 147.46 149.85 155.62 166.168 353.844 353.839 353.834 353.828 353.822 353.816 353.809 353.801 353.795 353.792 353.793 353.798 353.804 353.805 353.801 353.794 353.785 353.778 353.773 353.768 353.765 353.763 353.761 353.761 353.761 353.761 353.762 353.763 353.764 353.764 353.763 353.761 353.757 353.752 353.744 353.734 353.722 353.709 353.693 353.676 353.657 353.639 353.621 353.602 353.585 353.569 353.557 353.545 353.536
352.796 353.755 353.716 353.714 353.714 353.714 353.714 353.714 353.714 353.714 353.714 353.714 353.714 353.745 353.799 353.838 353.854 353.856 353.853 353.851 353.854 353.857 353.86 176.72 166.17 160.4 154.63 148.86 146.47 144.08 141.69 139.3 141.689 353.845 353.84 353.837 353.832 353.826 353.821 353.815 353.809 353.802 353.796 353.794 353.797 353.804 353.811 353.814 353.811 353.804 353.795 353.788 353.784 353.78 353.777 353.774 353.773 353.772 353.772 353.772 353.773 353.773 353.774 353.773 353.772 353.77 353.768 353.763 353.757 353.749 353.739 353.728 353.716 353.702 353.687 353.673 353.658 353.644 353.63 353.619 353.609 353.601 353.595
352.792 353.751 353.714 353.714 353.714 353.714 353.714 353.714 353.714 353.714 353.714 353.714 353.714 353.742 353.798 353.839 353.855 353.857 353.853 353.851 353.854 353.857 353.859 353.861 143.09 140.7 138.31 135.92 138.31 138.31 135.92 133.53 131.139 133.527 353.84 353.837 353.833 353.828 353.823 353.818 353.812 353.806 353.801 353.798 353.802 353.809 353.817 353.821 353.818 353.812 353.804 353.797 353.793 353.79 353.787 353.784 353.783 353.782 353.782 353.782 353.782 353.782 353.783 353.782 353.781 353.779 353.777 353.773 353.768 353.761 353.754 353.745 353.735 353.724 353.713 353.701 353.691 353.679 353.668 353.66 353.653 353.648 353.644
352.787 353.746 353.714 353.714 353.714 353.714 353.714 353.714 353.714 353.714 353.714 353.714 353.714 353.738 353.796 353.838 353.855 353.857 353.853 353.851 353.854 353.857 353.859 139.709 137.32 134.93 132.54 130.15 127.76 130.15 130.15 127.76 125.37 122.979 125.366 353.838 353.835 353.831 353.827 353.822 353.817 353.81 353.806 353.804 353.807 353.815 353.823 353.827 353.824 353.818 353.811 353.805 353.801 353.798 353.795 353.793 353.792 353.791 353.791 353.79 353.79 353.79 353.79 353.79 353.789 353.788 353.786 353.782 353.778 353.773 353.767 353.76 353.752 353.743 353.734 353.726 353.717 353.709 353.702 353.694 353.69 353.687 353.685
352.783 353.742 353.714 353.714 353.714 353.714 353.714 353.714 353.714 353.714 353.714 353.714 353.714 353.735 353.794 353.837 353.855 353.857 353.853 353.851 353.854 353.857 353.859 137.32 131.55 129.16 126.77 124.38 121.99 124.38 124.38 121.99 119.6 117.21 114.819 117.207 353.836 353.833 353.829 353.825 353.82 353.814 353.809 353.808 353.812 353.82 353.828 353.832 353.83 353.824 353.818 353.812 353.809 353.806 353.803 353.801 353.8 353.799 353.798 353.798 353.798 353.798 353.798 353.797 353.796 353.795 353.793 353.791 353.787 353.783 353.778 353.773 353.767 353.76 353.753 353.746 353.74 353.734 353.729 353.725 353.722 353.72 353.72
352.779 353.737 353.714 353.714 353.714 353.714 353.714 353.714 353.714 353.714 353.714 353.714 353.714 353.731 353.793 353.838 353.856 353.858 353.853 353.851 353.853 353.856 353.858 139.71 129.16 123.39 121 118.61 116.22 113.83 116.22 116.22 113.83 111.44 109.05 106.659 109.047 353.833 353.829 353.826 353.822 353.816 353.812 353.811 353.815 353.824 353.832 353.837 353.835 353.83 353.824 353.818 353.815 353.812 353.81 353.808 353.807 353.806 353.805 353.805 353.804 353.804 353.804 353.803 353.803 353.801 353.8 353.798 353.795 353.791 353.787 353.783 353.778 353.773 353.768 353.763 353.758 353.754 353.75 353.747 353.746 353.745 353.746
352.774 353.732 353.714 353.714 353.714 353.714 353.714 353.714 353.714 353.714 353.714 353.714 353.714 353.728 353.792 353.838 353.856 353.858 353.853 353.85 353.853 353.855 353.858 353.859 126.77 121 115.23 112.84 110.45 108.06 110.45 110.45 108.06 105.67 103.28 100.89 98.4987 100.887 353.83 353.827 353.824 353.819 353.815 353.814 353.819 353.827 353.836 353.84 353.839 353.834 353.828 353.824 353.82 353.818 353.816 353.814 353.813 353.812 353.811 353.81 353.81 353.81 353.809 353.809 353.808 353.807 353.806 353.804 353.801 353.798 353.795 353.792 353.788 353.783 353.779 353.775 353.771 353.768 353.765 353.763 353.763 353.763 353.764
352.769 353.727 353.714 353.714 353.714 353.714 353.714 353.714 353.714 353.714 353.714 353.714 353.714 353.725 353.79 353.837 353.856 353.858 353.853 353.85 353.852 353.855 353.857 353.858 129.16 111.85 109.46 107.07 104.68 102.29 99.9 102.29 102.29 99.9 97.5099 95.1199 92.7298 95.1188 104.677 353.827 353.824 353.821 353.817 353.817 353.821 353.83 104.68 102.29 104.68 132.54 353.832 353.828 353.825 353.823 353.821 353.819 353.818 353.817 353.816 353.815 353.815 353.815 353.814 353.814 353.813 353.812 353.811 353.809 353.807 353.805 353.802 353.799 353.796 353.792 353.788 353.785 353.782 353.779 353.777 353.776 353.775 353.776 353.777
352.766 353.723 353.714 353.714 353.714 353.714 353.714 353.714 353.714 353.714 353.714 353.714 353.714 353.721 353.788 353.836 353.856 353.858 353.852 353.849 353.851 353.854 353.856 353.858 353.859 109.46 103.69 101.3 98.91 96.52 94.13 91.7399 94.13 94.13 91.7399 89.3499 86.9598 84.5697 86.9586 96.5163 353.825 353.822 353.819 353.817 353.824 96.52 94.1301 96.5201 98.9101 112.84 124.38 353.831 353.829 353.827 353.825 353.823 353.822 353.821 353.82 353.82 353.819 353.819 353.819 353.818 353.817 353.817 353.816 353.814 353.813 353.811 353.808 353.806 353.803 353.8 353.797 353.794 353.792 353.79 353.788 353.787 353.787 353.788 353.789
352.762 353.72 353.714 353.714 353.714 353.714 353.714 353.714 353.714 353.714 353.714 353.714 353.714 353.718 353.786 353.835 353.855 353.857 353.851 353.848 353.851 353.853 353.855 353.857 353.858 103.69 97.9201 95.5301 93.14 90.75 88.36 85.97 83.5799 85.9699 85.9699 83.5799 81.1898 78.7998 81.1898 85.9688 88.3559 353.821 353.818 353.817 88.3537 85.9694 88.3601 90.7501 93.1401 98.9101 113.83 116.22 353.832 353.83 353.828 353.827 353.826 353.825 353.824 353.823 353.823 353.823 353.822 353.822 353.821 353.821 353.82 353.819 353.817 353.816 353.814 353.812 353.81 353.807 353.805 353.802 353.8 353.799 353.797 353.797 353.797 353.798 353.799
352.76 353.717 353.714 353.714 353.714 353.714 353.714 353.714 353.714 353.714 353.714 353.714 353.714 353.714 353.784 353.834 353.854 353.856 353.85 353.847 353.85 353.852 353.854 353.856 353.857 101.3 95.5301 89.7601 87.3701 84.98 82.59 80.2 77.8099 75.4199 77.8099 77.8099 75.4199 73.0298 70.6397 73.0297 77.8085 80.1943 353.818 80.1931 77.8081 80.1999 82.5901 80.2001 82.5901 84.9801 103.28 105.67 108.06 353.832 353.831 353.823 353.828 353.827 353.827 353.826 353.826 353.826 353.825 353.825 353.825 353.824 353.824 353.823 353.822 353.82 353.819 353.817 353.815 353.813 353.811 353.809 353.807 353.805 353.804 353.803 353.803 353.804 353.805
352.758 353.715 353.714 353.714 353.714 353.714 353.714 353.714 353.714 353.714 353.714 353.714 353.714 353.714 353.781 353.832 353.852 353.854 353.849 353.846 353.849 353.851 353.854 353.856 353.857 103.69 87.3701 84.9801 81.6001 79.21 76.82 74.43 72.04 69.6499 67.2598 69.6499 69.6499 67.2598 64.8698 62.4797 64.8697 69.6481 72.0371 69.6476 72.0398 74.4299 72.04 74.4301 75.01 77.4 92.73 95.12 97.5096 99.8962 102.271 353.831 353.786 353.769 353.779 353.829 353.828 353.828 353.828 353.828 353.828 353.828 353.827 353.827 353.826 353.825 353.824 353.822 353.821 353.819 353.817 353.815 353.814 353.812 353.811 353.81 353.81 353.81 353.811
352.757 353.714 353.714 353.714 353.714 353.714 353.714 353.714 353.714 353.714 353.714 353.714 353.714 353.714 353.779 353.83 353.851 353.853 353.848 353.845 353.848 353.851 353.853 353.855 353.856 101.3 81.6001 79.2101 76.82 73.44 71.05 68.66 66.27 63.8799 61.4899 59.0998 61.4898 61.4898 59.0998 56.7097 59.0997 63.8798 61.4897 63.8798 66.2699 63.8799 66.27 68.6601 69.24 71.63 74.0199 84.5699 86.9597 89.3492 91.7348 94.1093 91.6461 93.911 353.686 353.691 353.714 353.78 353.831 353.831 353.831 353.831 353.832 353.831 353.831 353.831 353.83 353.829 353.828 353.826 353.825 353.823 353.822 353.821 353.82 353.819 353.819 353.819 353.82
352.758 353.715 353.714 353.714 353.714 353.714 353.714 353.714 353.714 353.714 353.714 353.714 353.714 353.714 353.777 353.828 353.849 353.851 353.846 353.845 353.847 353.85 353.853 353.855 353.856 103.69 79.21 73.4401 71.05 68.66 65.28 62.89 60.5 58.1099 55.7199 53.3298 50.9398 53.3298 53.3298 50.9397 50.9397 53.3296 55.7197 58.1098 55.7198 58.1099 60.5 62.8901 63.47 65.86 68.2499 78.7999 76.4095 78.799 81.1878 83.5751 85.9623 88.2822 90.5376 99.6495 101.989 353.661 353.709 353.684 353.701 353.687 353.7 353.711 353.708 353.706 353.707 353.71 353.708 353.707 353.733 353.788 353.832 353.831 353.83 353.829 353.829 353.829 353.83
352.76 353.716 353.714 353.714 353.714 353.714 353.714 353.714 353.714 353.714 353.714 353.714 353.714 353.714 353.775 353.826 353.847 353.85 353.845 353.845 353.846 353.849 353.852 353.854 353.856 353.857 76.82 71.0501 65.2801 62.89 60.5 57.12 54.73 52.3399 49.9499 47.5599 45.1698 42.7797 45.1698 45.1698 42.7796 42.7796 45.1696 47.5597 49.9498 52.3399 54.73 57.12 57.6999 60.0899 62.4798 73.0298 70.6392 73.0283 75.4165 77.8035 80.1899 82.5758 88.3447 94.1137 99.7962 105.463 111.167 116.934 122.704 128.478 134.259 140.032 145.805 151.577 157.347 163.122 168.896 174.671 180.424 353.714 353.751 353.801 353.841 353.841 353.841 353.841 353.841
352.763 353.719 353.714 353.714 353.714 353.714 353.714 353.714 353.714 353.714 353.714 353.714 353.714 353.714 353.773 353.824 353.845 353.848 353.845 353.845 353.846 353.849 353.852 353.854 353.856 353.857 74.43 68.6601 62.8901 57.12 54.73 52.34 48.96 46.5699 44.1799 41.7899 39.3998 37.0097 39.3998 39.3998 37.0097 37.0097 39.3997 41.7898 44.1799 46.5699 48.96 51.93 51.9299 54.3198 56.7095 67.2596 64.8684 67.2568 69.6441 72.0298 74.4117 80.1826 85.9515 91.7207 97.4899 103.257 109.027 114.795 120.565 126.335 132.105 137.875 143.644 149.414 155.184 160.953 166.723 172.494 178.215 183.913 189.59 353.73 353.742 353.769 353.817 353.855 353.855
352.766 353.722 353.714 353.714 353.714 353.714 353.714 353.714 353.714 353.714 353.714 353.714 353.714 353.714 353.772 353.823 353.844 353.847 353.845 353.845 353.845 353.849 353.852 353.854 353.856 353.857 72.0401 66.2701 60.5001 54.73 48.96 46.57 44.18 40.7999 38.4099 36.0199 33.6298 31.2397 28.8496 31.2397 31.2396 31.2396 33.6296 36.0198 38.4099 40.8 46.57 46.1599 46.1598 48.5496 50.9391 61.4891 59.0971 61.4846 63.8705 66.2532 68.643 71.0305 73.418 79.1886 81.5714 87.3371 93.105 98.8736 104.643 110.413 116.183 121.952 127.722 133.491 139.26 145.03 150.801 156.574 162.346 168.115 173.823 179.533 185.273 191.009 353.758 353.774 353.795
352.771 353.727 353.714 353.714 353.714 353.714 353.714 353.714 353.714 353.714 353.714 353.714 353.714 353.714 353.772 353.821 353.842 353.846 353.845 353.845 353.845 353.849 353.852 353.854 353.856 80.2 68.25 63.8801 58.1101 52.34 46.57 40.8 38.41 36.0199 32.6399 30.2499 27.8598 25.4698 23.0797 23.0797 23.0796 25.4696 27.8596 30.2496 32.6399 38.41 42.78 40.3899 40.3896 42.7793 45.1683 55.7184 53.3251 55.7108 58.093 60.4839 62.8733 65.2631 71.0371 73.4232 75.3989 77.7826 83.5507 89.3202 95.0898 100.86 106.629 112.399 118.168 123.938 129.708 135.479 141.25 147.021 152.792 158.563 164.334 170.105 175.876 181.579 187.284 193.025 198.785
352.776 353.732 353.714 353.714 353.714 353.714 353.714 353.714 353.714 353.714 353.714 353.714 353.714 353.714 353.772 353.82 353.841 353.845 353.845 353.845 353.845 353.849 353.852 353.854 72.04 64.87 62.48 60.09 55.72 49.95 44.18 38.41 32.6399 30.2499 27.8599 24.4799 22.0898 19.6998 17.3097 17.3097 17.3096 19.6996 22.0895 24.4796 30.2499 36.02 37.01 34.6198 34.6193 37.0087 39.397 49.9472 47.5514 49.9331 52.3214 54.7118 57.1022 62.8789 61.4679 63.8496 69.6183 75.3942 81.1648 86.9344 92.7041 98.4737 104.243 110.013 115.783 121.553 127.323 133.094 138.865 144.635 150.406 156.177 161.948 167.719 173.49 179.262 185.032 190.803 196.533
