tests/full-run-ref/erosion_2010_78_20_-12.873.asc
ncols 512
nrows 512
xllcorner -3.24582
yllcorner -4.08743
cellsize 5
NODATA_value -99999
[rows 0 to 35 of 512, columns 0 to 82 of 512]
312.98 307.21 301.44 295.67 289.9 284.13 278.36 272.59 266.82 261.05 255.28 249.51 243.74 237.97 232.2 226.43 220.66 214.89 209.12 203.35 197.58 191.81 186.04 180.27 174.5 168.73 162.96 157.19 151.42 145.65 139.88 134.11 128.34 122.57 116.8 111.03 105.26 99.49 93.72 87.95 82.18 76.41 70.64 64.87 59.1 53.33 47.56 41.79 36.02 30.25 24.48 22.09 19.7 17.31 17.31 16.32 13.93 11.54 11.54 11.54 11.54 11.54 11.54 11.54 11.54 11.54 11.54 13.93 16.32 22.09 24.48 30.25 36.02 49.95 79.2101 73.4401 68.6601 62.8901 57.1201 54.7301 48.9601 46.5701 40.8001
310.59 304.82 299.05 293.28 287.51 281.74 275.97 270.2 264.43 258.66 252.89 247.12 241.35 235.58 229.81 224.04 218.27 212.5 206.73 200.96 195.19 189.42 183.65 177.88 172.11 166.34 160.57 154.8 149.03 143.26 137.49 131.72 125.95 120.18 114.41 108.64 102.87 97.1 91.33 85.56 79.79 74.02 68.25 62.48 56.71 50.94 45.17 39.4 33.63 27.86 22.09 16.32 13.93 11.54 11.54 11.54 11.54 11.54 11.54 11.54 11.54 11.54 11.54 11.54 11.54 11.54 11.54 11.54 13.93 16.32 22.09 27.86 33.63 39.4 58.1101 71.0501 65.2801 60.5001 54.7301 48.9601 46.5701 40.8001 38.41
312.98 307.21 301.44 295.67 289.9 284.13 278.36 272.59 266.82 258.66 252.89 247.12 241.35 235.58 229.81 224.04 218.27 212.5 206.73 200.96 195.19 189.42 183.65 177.88 172.11 166.34 160.57 154.8 149.03 143.26 137.49 131.72 125.95 120.18 114.41 108.64 102.87 97.1 91.33 85.56 79.79 74.02 68.25 62.48 56.71 50.94 45.17 39.4 33.63 25.47 19.7 13.93 11.54 11.54 11.54 11.54 11.54 11.54 11.54 11.54 11.54 11.54 11.54 11.54 11.54 11.54 11.54 11.54 11.54 13.93 16.32 22.09 27.86 33.63 47.56 66.2701 62.8901 57.1201 52.3401 46.5701 40.8001 38.41 32.64
315.37 307.21 301.44 295.67 289.9 284.13 278.36 272.59 266.82 261.05 255.28 249.51 243.74 237.97 232.2 226.43 220.66 210.109 204.34 198.569 192.799 187.029 181.259 175.489 169.719 163.949 158.179 152.408 146.638 140.868 135.098 129.328 123.558 117.787 112.017 106.247 100.477 94.7069 88.9366 83.166 77.3959 71.6255 65.8541 60.0814 54.3062 48.5295 42.7529 36.9755 31.1977 25.4203 17.2586 11.5158 11.5389 11.54 11.54 11.54 11.54 11.54 11.54 11.54 11.54 11.54 11.54 11.54 11.54 11.54 11.54 11.54 11.54 11.54 13.93 19.7 25.47 31.24 41.79 55.72 60.5001 54.7301 48.9601 44.18 38.41 32.64 30.25
315.37 309.6 303.83 298.06 292.29 286.52 280.75 274.98 269.21 274.98 269.209 251.899 241.349 235.58 229.81 224.04 218.27 212.499 206.729 200.959 195.189 189.419 183.649 177.879 172.109 166.339 160.568 154.798 149.028 143.257 137.487 131.717 125.947 120.177 114.407 108.637 102.867 97.0963 91.326 85.5548 77.3947 71.6251 65.8538 60.0815 54.306 46.1381 40.3611 34.581 28.8 23.0176 17.243 11.5077 11.54 11.54 11.54 11.54 11.54 11.54 11.54 11.54 11.54 11.54 11.54 11.54 11.54 11.54 11.54 11.54 11.54 11.54 11.54 17.31 23.08 28.85 39.4 49.95 58.1101 52.3401 46.5701 40.8 36.02 30.25 27.86
317.76 311.99 306.22 300.45 294.68 288.91 283.14 277.37 283.14 277.37 283.14 293.69 243.739 237.969 232.2 226.43 220.66 214.889 209.119 203.349 197.578 191.808 186.037 180.266 174.494 168.721 162.948 157.175 151.401 145.627 139.853 134.079 128.305 122.532 116.76 110.986 105.212 99.4362 93.6575 87.8919 74.9702 69.2336 63.462 57.6897 51.915 46.1393 40.3609 34.5796 28.7973 23.0152 17.2367 11.4951 11.5378 11.54 11.54 11.54 11.54 11.54 11.54 11.54 11.54 11.54 11.54 11.54 11.54 11.54 11.54 11.54 11.54 11.54 11.54 17.31 23.08 28.85 37.01 47.56 55.72 49.95 44.18 38.41 32.64 27.86 27.86
320.15 314.38 308.61 302.84 297.07 291.3 285.53 289.3 285.53 291.3 285.53 291.3 301.85 240.359 234.589 228.82 223.05 217.279 221.049 217.279 221.049 217.279 223.048 228.817 234.586 240.354 246.123 251.891 257.659 263.427 269.196 274.964 280.733 286.506 292.283 298.06 303.83 309.6 315.37 321.117 77.3545 71.6242 65.853 60.0814 54.3083 48.533 42.7544 36.9736 31.197 25.4214 19.6442 13.8945 11.5363 11.54 11.54 11.54 11.54 11.54 11.54 11.54 11.54 11.54 11.54 11.54 11.54 11.54 11.54 11.54 11.54 11.54 11.54 17.31 23.08 28.85 37.01 45.17 53.33 47.56 41.79 36.02 30.25 27.86 27.86
322.54 316.77 311 305.23 299.46 293.69 295.46 293.69 297.46 293.69 299.46 293.69 299.46 310.009 236.978 231.209 225.44 227.21 225.439 229.209 236.98 231.21 236.979 242.748 248.517 254.286 260.054 265.823 271.591 277.36 283.128 288.897 294.666 300.433 116.767 110.994 105.217 99.4401 93.6611 87.8961 82.1534 76.4064 70.636 64.8653 59.0938 53.3206 47.5432 39.3687 28.7993 23.0244 17.2434 11.4956 11.5376 11.54 11.54 11.54 11.54 11.54 11.54 11.54 11.54 11.54 11.54 11.54 11.54 11.54 11.54 11.54 11.54 11.54 11.54 17.31 23.08 28.85 37.01 45.17 50.94 45.17 39.4 33.63 27.86 27.86 27.86
324.93 319.16 313.39 307.62 301.85 301.62 301.23 303.62 301.85 305.62 301.85 307.62 301.85 307.62 328.511 233.598 233.369 233.599 235.369 243.139 239.368 194.197 188.427 182.656 176.884 171.111 165.338 159.565 153.791 143.235 137.459 131.684 125.908 120.143 114.391 108.636 102.866 97.0958 91.3254 85.555 79.7847 74.0143 68.2438 62.4731 56.7019 50.9292 45.1524 36.9808 31.2019 23.0246 17.2443 11.4939 11.5373 11.54 11.54 11.54 11.54 11.54 11.54 11.54 11.54 11.54 11.54 11.54 11.54 11.54 11.54 11.54 11.54 11.54 11.54 17.31 23.08 28.85 34.62 45.17 48.55 42.78 37.01 31.24 27.86 27.86 27.86
327.32 321.55 315.78 310.01 309.78 307.39 309.78 309.39 311.78 310.01 313.78 310.01 315.78 310.01 330.901 328.511 249.297 246.907 249.298 247.527 322.739 191.804 186.039 180.269 174.499 168.728 162.958 157.188 151.417 140.866 135.097 129.326 123.556 117.786 112.015 106.245 100.475 94.7046 88.9342 83.1637 77.3931 71.6225 65.8518 60.081 54.3099 48.5379 42.7632 36.9876 31.2071 25.4249 19.6443 13.8825 11.5286 11.54 11.54 11.54 11.54 11.54 11.54 11.54 11.54 11.54 11.54 11.54 11.54 11.54 11.54 11.54 11.54 11.54 11.54 17.31 23.08 28.85 34.62 42.78 46.16 40.39 34.62 28.85 27.86 27.86 27.86
329.71 323.94 318.17 317.94 315.55 315.94 315.55 317.94 317.55 319.94 318.17 321.94 318.17 323.94 336.672 330.901 328.511 322.739 322.74 322.741 322.739 194.191 183.645 177.879 172.108 166.338 160.568 154.798 149.027 143.257 137.487 131.717 125.947 120.177 114.407 108.636 102.866 97.096 91.3257 85.5553 79.7847 74.0142 68.2435 62.4729 56.7022 50.9309 45.1581 39.3827 33.604 27.8244 22.0447 16.2724 11.5176 11.54 11.54 11.54 11.54 11.54 11.54 11.54 11.54 11.54 11.54 11.54 11.54 11.54 11.54 11.54 11.54 11.54 11.54 17.31 23.08 28.85 34.62 38.41 40.8001 42.78 37.01 31.24 27.86 27.86 27.86
332.1 326.33 326.1 323.71 324.1 321.71 324.1 323.71 326.1 325.71 328.1 326.33 330.1 342.65 339.062 336.672 330.901 328.512 322.742 322.742 322.74 322.736 186.025 180.255 174.484 168.712 162.94 157.171 151.409 145.647 139.877 134.107 128.337 122.567 116.797 111.027 105.257 99.4864 93.7161 87.9457 82.1751 76.4045 70.634 64.864 59.0938 53.3232 47.5513 41.7768 35.9991 28.8172 23.0364 17.2567 11.503 11.5376 11.54 11.54 11.54 11.54 11.54 11.54 11.54 11.54 11.54 11.54 11.54 11.54 11.54 11.54 11.54 11.54 13.93 19.7 24.48 27.86 30.25 32.64 38.41 44.1801 39.4 33.63 27.86 27.86 27.86
334.49 334.26 331.87 332.26 329.87 330.26 329.87 332.26 331.87 334.26 333.87 336.26 334.49 340.26 344.832 339.062 334.281 328.511 322.741 322.742 322.742 322.74 322.733 322.735 322.739 322.741 322.741 322.737 161.963 156.199 150.429 144.659 138.889 133.119 127.349 121.579 115.809 110.038 104.268 98.4981 92.7278 86.9575 81.1867 70.6361 64.8659 55.7136 49.9429 44.1694 36.9917 31.2126 25.4314 19.6499 13.8866 11.5292 11.54 11.54 11.54 11.54 11.54 11.54 11.54 11.54 11.54 11.54 11.54 11.54 11.54 11.54 11.54 11.54 11.54 16.32 19.7 22.09 24.48 30.25 36.02 38.41 40.8001 36.02 30.25 27.86 27.86
342.42 340.03 340.42 338.03 338.42 336.03 338.42 338.03 340.42 340.03 342.42 342.03 344.42 342.65 345.822 340.051 334.281 328.511 322.741 322.742 322.742 322.742 322.742 322.731 182.641 176.871 171.097 165.329 159.569 153.808 148.038 142.268 136.498 130.728 124.958 119.188 113.418 107.647 101.877 96.1071 90.3368 84.5665 78.7952 68.2431 62.4735 56.7032 50.9327 45.1605 39.3857 33.6079 27.827 22.0458 16.2711 11.5085 11.5376 11.54 11.54 11.54 11.54 11.54 11.54 11.54 11.54 11.54 11.54 11.54 11.54 11.54 11.54 11.54 11.54 11.54 13.93 16.32 22.09 27.86 30.25 32.64 38.41 38.41 32.64 32.41 32.02
348.19 348.58 346.19 346.58 344.19 344.58 344.19 346.58 346.19 348.58 348.19 350.58 350.19 351.592 345.821 340.051 334.281 328.511 322.741 322.742 322.742 322.742 322.742 322.721 180.243 174.497 168.727 162.957 157.187 151.417 145.647 139.877 134.107 128.337 122.566 116.796 111.026 105.256 99.486 93.7157 87.9454 82.175 76.404 70.634 64.8641 59.0939 53.3235 47.5522 41.7788 36.0021 30.2223 24.4411 19.6536 13.8884 11.5232 11.5383 11.54 11.54 11.54 11.54 11.54 11.54 11.54 11.54 11.54 11.54 11.54 11.54 11.54 11.54 11.54 11.54 11.54 13.93 19.7 22.09 24.48 30.25 33.63 36.02 38.41 40.18 40.5701
352.377 353.415 351.96 352.35 350.74 350.35 351.444 352.35 351.96 353.278 353.191 353.095 352.986 351.592 345.821 340.051 334.281 328.511 322.741 322.742 322.742 322.742 322.742 322.725 182.627 176.861 171.091 165.32 159.548 153.776 148.004 142.24 136.485 130.727 124.957 119.187 113.417 107.647 101.877 96.1065 90.3362 84.5658 78.7954 73.0251 67.255 61.4847 55.7143 49.9434 44.1709 38.3952 32.6167 27.8278 22.0468 16.272 13.9023 11.5319 11.54 11.54 11.54 11.54 11.54 11.54 11.54 11.54 11.54 11.54 11.54 11.54 11.54 11.54 11.54 11.54 11.54 11.54 13.93 16.32 22.09 25.47 27.86 30.25 32.64 38.41 44.18
352.469 353.505 353.534 353.551 353.553 353.546 353.525 353.488 353.431 353.358 353.271 353.175 353.067 351.592 345.821 340.051 334.281 328.511 322.741 322.742 322.742 322.742 322.742 322.736 322.731 322.73 322.731 322.731 322.73 322.729 322.729 322.729 139.854 134.091 128.33 122.568 116.798 111.028 105.258 99.4875 93.7171 87.9468 82.1764 76.406 70.6356 64.8653 59.095 53.3242 47.5523 41.7775 35.9992 30.2181 24.4389 22.0526 16.2813 11.5153 11.5384 11.54 11.54 11.54 11.54 11.54 11.54 11.54 11.54 11.54 11.54 11.54 11.54 11.54 11.54 11.54 11.54 11.54 11.54 13.93 17.31 19.7 22.09 24.48 30.25 36.02 40.8001
352.55 353.583 353.61 353.624 353.624 353.616 353.594 353.556 353.5 353.427 353.342 353.247 353.14 351.591 345.821 340.051 334.281 328.511 322.741 322.742 322.742 322.742 322.742 322.742 322.742 322.742 322.742 322.742 322.742 322.742 322.742 322.737 322.732 322.728 134.089 128.333 122.569 116.799 111.028 105.258 99.488 93.7177 87.9474 82.1771 76.4068 70.6366 64.8664 59.0959 53.3247 47.5516 41.7755 35.9966 30.219 24.443 19.657 13.8952 11.5317 11.54 11.54 11.54 11.54 11.54 11.54 11.54 11.54 11.54 11.54 11.54 11.54 11.54 11.54 11.54 11.54 11.54 11.54 11.54 11.5399 13.9299 16.3197 22.0898 27.8598 32.64 38.41
352.62 353.65 353.674 353.686 353.686 353.676 353.653 353.616 353.561 353.49 353.406 353.314 353.211 351.592 345.821 340.051 334.281 328.511 322.741 322.742 322.742 322.742 322.742 322.742 322.742 322.742 322.742 322.742 322.742 322.742 322.742 322.742 322.742 322.737 322.729 130.708 124.952 119.189 113.418 107.648 101.878 96.1078 90.3375 84.5673 78.797 73.0268 67.2566 61.4863 55.7155 49.9435 44.1691 38.3919 32.6132 27.8261 22.0479 16.2766 11.5133 11.5381 11.54 11.54 11.54 11.54 11.54 11.54 11.54 11.54 11.54 11.54 11.54 11.54 11.54 11.54 11.54 11.54 11.54 11.54 11.54 11.5398 13.9294 19.6992 24.4795 30.2492 32.6382
352.682 353.709 353.731 353.741 353.739 353.729 353.706 353.67 353.617 353.549 353.469 353.381 353.281 351.592 345.821 340.051 334.281 328.511 322.741 322.742 322.742 322.742 322.742 322.742 322.742 322.742 322.742 322.742 322.742 322.742 322.742 322.742 322.742 322.742 322.737 322.729 128.318 122.561 116.797 111.027 105.256 99.4855 93.715 87.9445 82.1741 76.4038 70.6335 64.8628 59.091 53.3171 47.5395 41.7591 35.9837 30.2154 24.44 19.6567 13.8925 11.5243 11.5383 11.54 11.54 11.54 11.54 11.54 11.54 11.54 11.54 11.54 11.54 11.54 11.54 11.54 11.54 11.54 11.54 11.54 11.54 11.54 11.5383 16.3186 22.0874 24.4744 30.2448
352.734 353.759 353.778 353.786 353.784 353.773 353.752 353.717 353.667 353.604 353.529 353.446 353.352 351.591 345.821 340.051 334.281 328.511 322.741 322.742 322.742 322.742 322.742 322.742 322.742 322.742 322.742 322.742 322.742 322.742 322.742 322.742 322.742 322.742 322.742 322.737 322.728 148.03 142.269 136.498 130.728 124.958 119.188 113.417 107.647 101.877 96.1069 90.3366 84.5657 78.7938 73.0202 67.2402 44.1478 33.6 27.8248 22.0465 16.2731 13.9025 11.524 11.5353 11.5392 11.54 11.54 11.54 11.54 11.54 11.54 11.54 11.54 11.54 11.54 11.54 11.54 11.54 11.54 11.54 11.54 11.54 11.5391 13.9255 16.308 22.0771 27.8475
352.777 353.798 353.815 353.822 353.82 353.81 353.79 353.758 353.712 353.654 353.585 353.509 353.423 353.326 348.211 342.441 336.671 330.901 328.511 322.741 322.742 322.742 322.742 322.742 322.742 322.742 322.742 322.742 322.742 322.742 322.742 322.742 322.742 322.742 322.742 322.742 322.73 145.635 139.879 134.109 128.339 122.568 116.798 111.028 105.258 99.4878 93.7176 87.9475 82.1771 76.4064 70.635 64.8533 41.7568 35.9959 30.2179 24.4378 22.0531 16.2793 14.2924 13.9174 11.5312 11.5389 11.54 11.54 11.54 11.54 11.54 11.54 11.54 11.54 11.54 11.54 11.54 11.54 11.54 11.54 11.54 11.54 11.5398 11.5343 13.909 19.6717 25.443
352.811 353.83 353.845 353.851 353.848 353.839 353.822 353.793 353.752 353.699 353.638 353.569 353.491 353.403 350.602 344.831 339.061 336.671 330.901 328.511 322.741 322.742 322.742 322.742 322.742 322.742 322.742 322.742 322.742 322.742 322.742 322.742 322.742 322.742 322.742 322.742 322.729 143.241 137.489 131.718 125.948 120.178 114.408 108.637 102.867 97.0968 91.3266 85.5564 79.786 74.0154 68.2441 62.4646 44.15 38.3746 32.5914 30.2 24.426 22.4376 20.0576 16.2931 13.9113 11.5292 11.5388 11.54 11.54 11.54 11.54 11.54 11.54 11.54 11.54 11.54 11.54 11.54 11.54 11.54 11.54 11.54 11.54 11.539 11.5103 17.261 23.0332
352.841 353.858 353.87 353.876 353.873 353.865 353.85 353.824 353.788 353.742 353.687 353.626 353.556 353.477 352.992 347.222 344.832 339.062 336.672 330.902 328.512 322.741 322.742 322.742 322.742 322.742 322.742 322.742 322.742 322.742 322.742 322.742 322.742 322.742 322.742 322.742 322.729 145.631 139.879 134.108 128.338 122.568 116.798 111.028 105.258 99.4875 93.7174 87.9472 82.1769 76.4063 70.6351 64.8606 59.0841 53.3063 47.5275 41.7509 35.9789 30.2128 24.4429 22.0609 16.2864 13.9093 11.5298 11.5391 11.54 11.54 11.54 11.54 11.54 11.54 11.54 11.54 11.54 11.54 11.54 11.54 11.54 11.54 11.54 11.54 11.5095 17.2504 23.0223
352.866 353.88 353.891 353.895 353.893 353.887 353.873 353.852 353.82 353.781 353.734 353.68 353.619 353.551 353.477 352.992 347.222 344.832 339.062 336.672 330.902 328.512 322.741 322.742 322.742 322.742 322.742 322.742 322.742 322.742 322.742 322.742 322.742 322.742 322.742 322.742 322.733 148.019 142.252 136.482 130.711 124.94 119.168 113.396 107.624 101.852 96.0795 90.3119 84.5518 78.7918 73.0182 67.242 61.4623 55.6784 49.8937 44.1188 38.3541 32.5923 30.2196 24.4425 22.0585 16.2869 13.9137 11.5357 11.54 11.54 11.54 11.54 11.54 11.54 11.54 11.54 11.54 11.54 11.54 11.54 11.54 11.54 11.54 11.5381 11.499 17.2423 23.0126
352.883 353.895 353.905 353.909 353.908 353.903 353.892 353.875 353.849 353.816 353.777 353.733 353.681 353.623 353.56 353.495 352.992 347.222 344.832 339.062 336.672 330.902 328.512 322.741 322.742 322.742 322.742 322.742 322.742 322.742 322.742 322.742 322.742 322.742 322.742 322.742 322.738 322.735 322.738 322.741 322.74 322.74 322.74 322.74 322.74 322.74 322.74 322.735 115.799 110.036 104.264 98.4907 92.7151 86.9366 81.1534 62.8471 57.0781 38.3519 32.6014 30.2174 24.4415 22.065 16.2988 11.5263 11.5391 11.54 11.54 11.54 11.54 11.54 11.54 11.54 11.54 11.54 11.54 11.54 11.54 11.54 11.5392 11.5274 13.8906 19.6452 25.414
352.897 353.907 353.915 353.918 353.918 353.915 353.907 353.893 353.873 353.847 353.816 353.78 353.738 353.69 353.637 353.582 353.525 352.992 347.222 344.832 339.062 336.672 330.902 328.512 322.742 322.742 322.741 322.741 322.741 322.74 322.74 322.74 322.741 322.742 322.742 322.742 322.742 322.735 171.107 165.338 159.567 153.796 148.025 142.253 136.482 130.71 124.939 119.171 113.41 107.648 101.877 96.106 90.3337 84.5601 78.7729 60.4563 54.6833 44.1266 38.3717 32.6003 30.2237 24.4553 19.676 13.9112 11.5328 11.5394 11.54 11.54 11.54 11.54 11.54 11.54 11.54 11.54 11.54 11.54 11.54 11.5396 11.5353 13.916 16.2854 22.0501 27.8175
352.908 353.915 353.922 353.925 353.926 353.924 353.918 353.908 353.893 353.873 353.849 353.821 353.787 353.749 353.706 353.661 353.612 353.559 352.992 347.222 344.832 339.062 336.672 330.902 328.512 322.742 322.741 181.088 175.318 169.548 167.157 169.546 322.74 322.741 322.742 322.742 322.742 322.733 168.717 162.959 157.189 151.419 145.649 139.878 134.108 128.338 122.568 116.798 111.028 105.257 99.4866 93.7152 87.9427 82.1687 76.3857 62.8496 57.0745 46.5199 40.7601 38.3828 32.6142 27.8352 22.0659 16.298 13.9194 11.5351 11.539 11.5399 11.54 11.54 11.54 11.54 11.54 11.54 11.54 11.5398 11.5391 11.9277 13.9254 16.3112 22.0759 24.4521 30.2195
352.915 353.921 353.926 353.929 353.93 353.929 353.926 353.919 353.908 353.894 353.876 353.855 353.829 353.8 353.766 353.73 353.69 353.646 353.6 352.992 347.222 344.832 339.062 336.672 330.902 328.512 322.741 178.699 172.93 167.16 161.39 158.998 161.386 322.739 322.741 322.742 322.742 322.736 171.106 160.564 154.799 149.028 143.258 137.488 131.718 125.948 120.177 114.407 108.637 102.867 97.096 91.3246 85.5521 79.7779 73.9992 68.2229 62.4425 48.9047 46.5361 40.7697 35.9919 30.2236 24.4573 22.0764 16.3078 14.3136 13.9282 11.539 11.5397 11.5399 11.5399 11.5398 11.5398 11.5398 11.5392 11.9285 13.9278 16.3171 19.6968 22.0858 24.474 30.2415 32.6086
352.919 353.923 353.927 353.93 353.931 353.931 353.93 353.926 353.919 353.91 353.898 353.883 353.865 353.844 353.819 353.791 353.76 353.726 353.688 353.646 352.992 347.222 344.832 339.062 336.672 330.902 328.511 181.089 170.539 164.77 159 153.23 150.838 153.225 322.739 322.741 322.742 322.74 322.734 162.945 157.184 151.419 145.648 139.878 134.108 128.338 122.568 116.798 111.028 105.257 99.4867 93.7154 87.9431 82.1691 76.3936 70.6182 64.8386 59.0658 53.3011 47.5344 41.768 36.0011 30.2352 24.4672 22.0819 20.0859 16.3173 14.3185 13.9291 12.3192 12.3193 14.3195 12.3191 12.3185 13.9279 16.3174 19.6974 22.0871 24.4769 27.8569 30.2466 32.635 38.381
352.921 353.923 353.926 353.927 353.929 353.93 353.93 353.928 353.925 353.921 353.915 353.906 353.894 353.881 353.864 353.844 353.821 353.795 353.765 353.731 353.694 352.992 347.222 344.832 339.062 336.672 330.901 328.511 172.929 162.379 156.61 150.84 145.07 142.678 145.064 322.739 322.74 322.742 322.74 322.733 159.563 153.802 148.038 142.268 136.498 130.728 124.958 119.188 113.418 107.648 101.877 96.105 90.3319 84.5571 78.7809 73.0044 67.2296 61.458 55.6894 49.9225 44.1564 38.3901 32.6244 30.2422 27.856 24.4773 22.0886 20.0893 19.6993 18.4792 20.4794 20.4794 20.4792 18.4781 19.6974 22.0872 24.4773 27.8575 30.2472 32.6368 36.016 38.3781 58.0328
352.921 353.921 353.922 353.923 353.925 353.926 353.927 353.928 353.928 353.927 353.925 353.921 353.916 353.909 353.899 353.887 353.871 353.852 353.83 353.803 353.772 353.736 352.992 347.222 344.832 339.062 336.672 330.901 328.511 164.769 154.219 148.45 142.68 136.91 134.517 136.904 322.738 322.74 322.742 322.739 322.732 167.721 161.955 156.186 150.417 144.651 134.106 128.339 122.569 116.799 111.028 105.257 99.4853 93.7124 87.9388 82.1656 76.3939 70.6238 64.8551 59.0872 53.3195 47.5513 41.7832 36.0148 30.2467 27.8592 25.4698 23.0799 23.0798 23.0798 25.4699 26.6399 26.6398 26.6392 25.4678 27.8572 30.246 32.6344 36.0133 38.401 44.1507 49.868 322.7
352.919 353.917 353.917 353.917 353.918 353.919 353.921 353.923 353.925 353.927 353.929 353.929 353.929 353.927 353.924 353.917 353.907 353.895 353.88 353.859 353.834 353.805 353.772 352.992 347.222 344.832 339.062 336.672 330.901 328.511 156.609 146.059 140.29 134.52 128.749 126.356 128.742 322.737 322.74 322.742 322.739 322.735 322.733 322.734 322.734 322.733 136.488 125.946 120.179 114.409 108.638 102.867 97.0955 91.3227 85.549 79.7754 74.0024 68.2305 62.4602 56.6909 50.9224 45.154 39.3854 33.6174 27.8521 23.077 23.0798 23.08 23.08 23.08 23.0799 23.0798 24.4795 30.2494 34.0191 33.6271 36.0135 58.1057 63.8751 69.63 80.1307 322.703 322.725
352.915 353.911 353.909 353.908 353.908 353.91 353.912 353.915 353.918 353.923 353.927 353.931 353.934 353.937 353.938 353.937 353.933 353.927 353.917 353.903 353.884 353.861 353.834 353.801 352.992 347.222 344.832 339.062 336.672 330.901 328.511 148.449 137.899 132.13 126.36 120.589 118.196 120.581 322.736 322.735 322.732 322.731 322.731 322.732 322.733 322.734 322.735 123.553 117.786 112.015 106.243 100.47 94.6973 88.9258 83.1581 77.3892 71.6127 65.8391 60.0676 54.2975 48.5284 42.7597 36.9865 31.2211 23.0712 23.0794 23.08 23.08 23.08 23.08 23.08 23.08 23.079 27.8584 33.6279 44.1778 49.9468 55.7158 61.4647 71.9688 322.704 322.727 322.742
352.909 353.904 353.9 353.898 353.897 353.898 353.9 353.903 353.908 353.914 353.921 353.927 353.933 353.94 353.946 353.949 353.95 353.949 353.945 353.936 353.923 353.906 353.884 353.857 353.825 352.992 347.222 344.832 339.062 336.672 330.901 328.511 140.289 129.739 123.97 118.2 112.429 106.655 100.879 95.1054 89.3332 83.561 77.7898 72.0196 66.2499 60.4804 58.0964 60.4917 53.3243 50.9315 53.3165 55.6973 61.4552 67.2086 72.9685 78.7522 73.9687 68.2 62.4364 56.6746 50.9128 45.1499 39.3829 23.0593 23.0783 23.08 23.08 23.08 23.08 23.08 23.08 23.08 23.0795 25.4673 31.2354 41.7855 47.556 53.2963 63.7932 322.699 322.726 322.742 322.742
352.903 353.896 353.89 353.887 353.885 353.885 353.887 353.891 353.896 353.903 353.911 353.92 353.929 353.939 353.948 353.955 353.96 353.964 353.965 353.961 353.953 353.941 353.925 353.903 353.876 353.843 352.992 347.222 344.832 339.062 336.672 330.901 328.511 132.128 121.579 115.81 110.04 104.269 98.4992 92.7292 86.9591 81.189 75.4189 69.6489 63.8789 58.1089 52.3388 49.9488 47.5586 38.407 32.6339 30.2376 27.8359 25.4287 23.0191 23.0145 23.013 23.0185 23.0289 23.0409 23.0517 23.0608 23.0703 23.0778 23.08 23.08 23.08 23.08 23.08 23.08 23.08 23.08 23.0796 23.0758 28.8431 39.394 45.1311 55.626 322.694 322.724 322.742 322.742 322.742
