tests/full-run-ref/erosion_79_1_-87.555.asc
ncols 512
nrows 512
xllcorner -3.24582
yllcorner -4.08743
cellsize 5
NODATA_value -99999
[rows 464 to 492 of 512, columns 268 to 334 of 512]
5.77001 5.77001 5.77001 5.77001 5.77001 5.77001 5.77001 5.77001 5.76998 5.76997 5.76998 5.76999 5.77001 5.77001 5.77001 5.77001 5.77001 5.76994 5.76981 5.76942 5.77001 5.77001 5.77001 5.77001 5.77001 5.77001 5.77001 5.77001 5.77001 5.77001 5.77001 5.77001 5.77001 5.77001 5.77001 5.77001 5.77001 5.77001 5.77001 5.77001 5.77001 5.77001 5.77001 5.77001 5.77001 5.77001 5.77001 5.77001 5.77001 5.77001 5.77001 5.77001 5.77001 5.77001 5.77001 5.77001 5.77001 5.77001 5.77001 5.77001 5.77001 5.77001 5.76961 5.76966 5.76953 5.77001 5.77001
5.77001 5.77001 5.77001 5.77001 5.77001 5.77001 5.77001 5.77001 5.77001 5.77001 5.77001 5.77001 5.77001 5.77001 5.77001 5.77001 5.77001 5.77001 5.77001 5.77001 5.77001 5.77001 5.77001 5.77001 5.77001 5.77001 5.77001 5.77001 5.77001 5.77001 5.77001 5.77001 5.77001 5.77001 5.77001 5.77001 5.77001 5.77001 5.77001 5.77001 5.77001 5.77001 5.77001 5.77001 5.77001 5.77001 5.77001 5.77001 5.77001 5.77001 5.77001 5.77001 5.77001 5.77001 5.77001 5.77001 5.77001 5.77001 5.77001 5.77001 5.77001 5.77001 5.77001 5.77001 5.77001 5.77001 5.77001
5.77001 5.77001 5.77001 5.77001 5.77001 5.77001 5.77001 5.77001 5.77001 5.77001 5.77001 5.77001 5.77001 5.77001 5.77001 5.77001 5.77001 5.77001 5.77001 5.77001 5.77001 5.77001 5.77001 5.77001 5.77001 5.77001 5.77001 5.77001 5.77001 5.77001 5.77001 5.77001 5.77001 5.77001 5.77001 5.77001 5.77001 5.77001 5.77001 5.77001 5.77001 5.77001 5.77001 5.77001 5.77001 5.77001 5.77001 5.77001 5.77001 5.77001 5.77001 5.77001 5.77001 5.77001 5.77001 5.77001 5.77001 5.77001 5.77001 5.77001 5.77001 5.77001 5.77001 5.77001 5.77001 5.77001 5.77001
5.77001 5.77001 5.77001 5.77001 5.77001 5.77001 5.77001 5.77001 5.77001 5.77001 5.77001 5.77001 5.77001 5.77001 5.77001 5.77001 5.77001 5.77001 5.77001 5.77001 5.77001 5.77001 5.77001 5.77001 5.77001 5.77001 5.77001 5.77001 5.77001 5.77001 5.77001 5.77001 5.77001 5.77001 5.77001 5.77001 5.77001 5.77001 5.77001 5.77001 5.77001 5.77001 5.77001 5.77001 5.77001 5.77001 5.77001 5.77001 5.77001 5.77001 5.77001 5.77001 5.77001 5.77001 5.77001 5.77001 5.77001 5.77001 5.77001 5.77001 5.77001 5.77001 5.77001 5.77001 5.77001 5.77001 5.77001
5.77001 5.77001 5.77001 5.77001 5.77001 5.77001 5.77001 5.77001 5.77001 5.77001 5.77001 5.77001 5.77001 5.77001 5.77001 5.77001 5.77001 5.77001 5.77001 5.77001 5.77001 5.77001 5.77001 5.77001 5.77001 5.77001 5.77001 5.77001 5.77001 5.77001 5.77001 5.77001 5.77001 5.77001 5.77001 5.77001 5.77001 5.77001 5.77001 5.77001 5.77001 5.77001 5.77001 5.77001 5.77001 5.77001 5.77001 5.77001 5.77001 5.77001 5.77001 5.77001 5.77001 5.77001 5.77001 5.77001 5.77001 5.77001 5.77001 5.77001 5.77001 5.77001 5.77001 5.77001 5.77001 5.77001 5.77001
5.77001 5.77001 5.77001 5.77001 5.77001 5.77001 5.77001 5.77001 5.77001 5.77001 5.77001 5.77001 5.77001 5.77001 5.77001 5.77001 5.77001 5.77001 5.77001 5.77001 5.77001 5.77001 5.77001 5.77001 5.77001 5.77001 5.77001 5.77001 5.77001 5.77001 5.77001 5.77001 5.77001 5.77001 5.77001 5.77001 5.77001 5.77001 5.77001 5.77001 5.77001 5.77001 5.77001 5.77001 5.77001 5.77001 5.77001 5.77001 5.77001 5.77001 5.77001 5.77001 5.77001 5.77001 5.77001 5.77001 5.77001 5.77001 5.77001 5.77001 5.77001 5.77001 5.77001 5.77001 5.77001 5.77001 5.77001
5.77001 5.77001 5.77001 5.77001 5.77001 5.77001 5.77001 5.77001 5.77001 5.77001 5.77001 5.77001 5.77001 5.77001 5.77001 5.77001 5.77001 5.77001 5.77001 5.77001 5.77001 5.77001 5.77001 5.77001 5.77001 5.77001 5.77001 5.77001 5.77001 5.77001 5.77001 5.77001 5.77001 5.77001 5.77001 5.77001 5.77001 5.77001 5.77001 5.77001 5.77001 5.77001 5.77001 5.77001 5.77001 5.77001 5.77001 5.77001 5.77001 5.77001 5.77001 5.77001 5.77001 5.77001 5.77001 5.77001 5.77001 5.77001 5.77001 5.77001 5.77001 5.77001 5.77001 5.77001 5.77001 5.77001 5.77001
5.77001 5.77001 5.77001 5.77001 5.77001 5.77001 5.77001 5.77001 5.77001 5.77001 5.77001 5.77001 5.77001 5.77001 5.77001 5.77001 5.77001 5.77001 5.77001 5.77001 5.77001 5.77001 5.77001 5.77001 5.77001 5.77001 5.77001 5.77001 5.77001 5.77001 5.77001 5.77001 5.77001 5.77001 5.77001 5.77001 5.77001 5.77001 5.77001 5.77001 5.77001 5.77001 5.77001 5.77001 5.77001 5.77001 5.77001 5.77001 5.77001 5.77001 5.77001 5.77001 5.77001 5.77001 5.77001 5.77001 5.77001 5.77001 5.77001 5.77001 5.77001 5.77001 5.77001 5.77001 5.77001 5.77001 5.77001
5.77001 5.77001 5.77001 5.77001 5.77001 5.77001 5.77001 5.77001 5.77001 5.77001 5.77001 5.77001 5.77001 5.77001 5.77001 5.77001 5.77001 5.77001 5.77001 5.77001 5.77001 5.77001 5.77001 5.77001 5.77001 5.77001 5.77001 5.77001 5.77001 5.77001 5.77001 5.77001 5.77001 5.77001 5.77001 5.77001 5.77001 5.77001 5.77001 5.77001 5.77001 5.77001 5.77001 5.77001 5.77001 5.77001 5.77001 5.77001 5.77001 5.77001 5.77001 5.77001 5.77001 5.77001 5.77001 5.77001 5.77001 5.77001 5.77001 5.77001 5.77001 5.77001 5.77001 5.77001 5.77001 5.77001 5.77001
5.77001 5.77001 5.77001 5.76991 5.76997 5.76998 5.76998 5.76998 5.76997 5.76997 5.76997 5.76997 5.76997 5.76997 5.76996 5.76995 5.76993 5.76992 5.7699 5.76989 5.76988 5.76987 5.76986 5.76986 5.76986 5.76987 5.76992 5.76998 5.77001 5.77001 5.77001 5.77001 5.77001 5.77001 5.77001 5.77001 5.77001 5.77001 5.77001 5.77001 5.77001 5.77001 5.76971 5.76957 5.76941 5.76941 5.76945 5.76948 5.76952 5.76955 5.76959 5.7696 5.7697 5.76986 5.77001 5.77001 5.77001 5.77001 5.77001 5.77001 5.77001 5.77001 5.77001 5.77001 5.77001 5.77001 5.77001
5.76956 5.76928 5.76951 5.76926 6.13203 6.15919 6.15915 6.15909 6.15896 6.15886 6.15885 6.15891 6.15895 6.15881 6.15857 6.15815 6.15779 6.15712 6.15685 6.15646 6.15619 6.15599 6.15553 6.15532 6.15548 6.1551 6.15555 5.76916 5.76979 5.76992 5.76992 5.76992 5.76988 5.76975 5.76952 5.76838 5.7638 5.76374 5.76747 5.76746 5.76715 5.76842 5.76766 6.1193 6.14287 6.14293 6.1442 6.14548 6.14666 6.14769 6.14856 6.14903 6.15058 5.76797 5.76924 5.76964 5.76962 5.76963 5.76965 5.76967 5.76976 5.76962 5.77001 5.77001 5.77001 5.77001 5.77001
6.15973 7.78279 5.76997 5.76994 9.08841 10.822 10.822 10.822 10.822 10.822 10.822 10.822 10.822 10.822 10.822 10.822 10.822 10.822 10.8219 10.8219 10.8219 10.8219 10.8219 10.8219 10.8219 10.8218 11.5388 8.15844 6.15949 6.16002 6.16002 6.16002 6.16002 6.16002 6.16002 6.15871 8.0448 6.63573 6.15936 6.15671 7.782 5.76949 5.76878 9.08334 10.8205 10.8214 10.8215 10.8215 10.8216 10.8216 10.8216 10.8215 11.5379 8.15699 6.15885 6.16002 6.16002 6.16002 6.16002 6.16002 6.15986 5.76991 5.77001 5.77001 5.77001 5.77001 5.77001
5.7699 5.76993 5.76998 5.76997 5.7699 5.76984 5.76983 5.76981 5.76979 5.76977 5.76978 5.76979 5.76979 5.76975 5.76971 5.76963 5.76957 5.76947 5.76939 5.76931 5.76927 5.76919 5.76916 5.7691 5.76909 5.76901 5.7691 5.76944 5.76984 5.76996 5.76997 5.76998 5.76997 5.76997 5.76992 5.76967 5.76925 5.76915 5.76949 5.76906 5.76885 5.76942 5.76912 5.76764 5.76651 5.76634 5.76655 5.76685 5.76713 5.76739 5.76761 5.76773 5.76807 5.76879 5.76961 5.76987 5.76988 5.76988 5.76988 5.76988 5.76991 5.76993 5.77001 5.77001 5.77001 5.77001 5.77001
5.77001 5.77001 5.77001 5.77001 5.77001 5.77001 5.77001 5.77001 5.77001 5.77001 5.77001 5.77001 5.77001 5.77001 5.77001 5.77001 5.77001 5.77001 5.77001 5.77001 5.77001 5.77001 5.77001 5.77001 5.77001 5.77001 5.77001 5.77001 5.77001 5.77001 5.77001 5.77001 5.77001 5.77001 5.77001 5.77001 5.77001 5.77001 5.77001 5.77001 5.77001 5.77001 5.77001 5.77001 5.77001 5.77001 5.77001 5.77001 5.77001 5.77001 5.77001 5.77001 5.77001 5.77001 5.77001 5.77001 5.77001 5.77001 5.77001 5.77001 5.77001 5.77001 5.77001 5.77001 5.77001 5.77001 5.77001
5.76955 5.76974 5.76985 5.76991 5.76991 5.76989 5.76987 5.76986 5.76988 5.7699 5.76991 5.76991 5.76989 5.76987 5.76985 5.76982 5.76978 5.76974 5.7697 5.76967 5.76963 5.76956 5.76949 5.76944 5.76945 5.76948 5.76951 5.76953 5.76956 5.76963 5.76972 5.7698 5.76986 5.76987 5.76986 5.76985 5.76982 5.76977 5.76967 5.76956 5.76942 5.7693 5.76948 5.76984 5.77001 5.77001 5.77001 5.77001 5.77001 5.77001 5.77001 5.77001 5.77001 5.77001 5.77001 5.77001 5.77001 5.77001 5.77001 5.77001 5.77001 5.77001 5.77001 5.77001 5.77001 5.77001 5.77001
6.1466 6.15189 6.15605 6.15678 6.15687 6.15605 6.15494 6.1546 6.15523 6.15639 6.1568 6.15644 6.15589 6.15533 6.15454 6.15356 6.15211 6.15053 6.14883 6.14785 6.14648 6.1442 6.14079 6.1389 6.13874 6.14063 6.14177 6.14215 6.1433 6.14633 6.15029 6.15347 6.15499 6.15521 6.15496 6.15444 6.15359 6.15221 6.14977 6.14526 6.13927 6.13254 6.12717 5.75884 5.76569 5.76831 5.76833 5.76849 5.7688 5.76918 5.76948 5.76965 5.76974 5.76978 5.76981 5.76983 5.76984 5.76986 5.76991 5.76996 5.77001 5.77001 5.77001 5.77001 5.77001 5.77001 5.77001
11.7945 11.8028 11.804 11.8045 11.8048 11.804 11.8024 11.5931 11.8804 11.9267 11.8046 11.8041 11.8037 11.803 11.8026 11.8015 11.8004 11.7986 11.7972 11.5869 11.8734 11.9152 11.7899 11.5775 11.8656 11.7901 11.8693 11.9132 11.7912 11.7949 11.7992 11.8023 11.8031 11.8032 11.8029 11.8024 11.8018 11.8008 11.7991 11.7962 11.5823 11.9046 11.9 8.10234 6.07982 6.08631 6.08613 6.09624 6.11381 6.13155 6.14192 6.14777 6.15066 6.15224 6.15322 6.15393 6.15445 6.15483 6.15545 5.76908 5.76975 5.77001 5.77001 5.77001 5.77001 5.77001 5.77001
14.3924 14.3929 14.393 14.3931 14.3932 14.3932 14.3927 14.394 14.4028 14.3965 14.3931 14.3931 14.3929 14.3929 14.3927 14.3926 14.3922 14.3921 14.3915 14.3931 14.4014 14.3947 14.3898 14.3914 14.3995 14.3956 14.401 14.3937 14.3904 14.3912 14.3924 14.3928 14.3929 14.3929 14.3928 14.3927 14.3926 14.3925 14.3922 14.3917 14.3927 14.3941 14.4033 13.8816 11.8587 11.8609 11.7389 11.7492 11.7725 11.9044 11.9143 11.9193 11.4731 11.4739 11.4742 11.4744 11.4746 11.4745 11.926 8.15604 5.76927 5.76972 5.77001 5.77001 5.77001 5.77001 5.77001
14.4082 14.4082 14.4082 14.4082 14.4082 14.4082 14.4082 14.4082 14.4082 14.4082 14.4082 14.4082 14.4082 14.4082 14.4082 14.4082 14.4082 14.4082 14.4082 14.4082 14.4082 14.4082 14.4082 14.4082 14.4082 14.4082 14.4082 14.4082 14.4082 14.4082 14.4082 14.4082 14.4082 14.4082 14.4082 14.4082 14.4082 14.4082 14.4082 14.4082 14.4082 14.4082 14.408 14.4062 14.4026 14.3871 14.3789 14.3843 14.3938 14.4062 13.8961 11.532 9.77371 9.77589 9.77654 9.77704 9.77742 9.77743 11.5379 11.5384 8.15827 5.76961 5.77001 5.77001 5.77001 5.77001 5.77001
14.4082 14.4082 14.4082 14.4082 14.4082 14.4082 14.4082 14.4082 14.4082 14.4082 14.4082 14.4082 14.4082 14.4082 14.4082 14.4082 14.4082 14.4082 14.4082 14.4082 14.4082 14.4082 14.4082 14.4082 14.4082 14.4082 14.4082 14.4082 14.4082 14.4082 14.4082 14.4082 14.4082 14.4082 14.4082 14.4082 14.4082 14.4082 14.4082 14.4082 14.4082 14.4082 14.4082 14.4082 14.4082 14.4082 14.4082 14.4082 14.4063 13.8941 8.117 5.76186 5.76805 5.7685 5.7688 5.76891 5.76895 5.76892 5.76891 5.76899 5.76927 5.76971 5.77001 5.77001 5.77001 5.77001 5.77001
14.4082 14.4082 14.4082 14.4082 14.4082 14.4082 14.4081 14.4081 14.4082 14.4082 14.4082 14.4082 14.4082 14.4081 14.4081 14.4081 14.4081 14.4081 14.4081 14.4081 14.4081 14.4081 14.4081 14.408 14.408 14.408 14.4081 14.4081 14.4081 14.408 14.4081 14.4081 14.4081 14.4082 14.4082 14.4082 14.4081 14.4081 14.4081 14.4081 14.4081 14.4081 14.4081 14.4081 14.408 14.408 14.4078 14.408 14.4051 11.5036 5.75262 5.76787 5.76958 5.76986 5.76993 5.76998 5.77001 5.77001 5.77001 5.77001 5.77001 5.77001 5.76968 5.76952 5.76768 5.77001 5.77001
14.1798 14.1798 14.1799 14.18 14.18 14.1798 14.1795 14.1795 14.1798 14.18 14.18 14.1799 14.1797 14.1795 14.1792 14.179 14.1787 14.1785 14.1781 14.1778 14.1775 14.1774 14.1765 14.1759 14.1756 14.1762 14.1766 14.1769 14.1764 14.1766 14.1774 14.1787 14.1793 14.1797 14.1797 14.1796 14.1794 14.1792 14.1788 14.1784 14.1781 14.1777 14.1773 14.1762 14.1739 14.1702 14.1676 14.1679 14.4043 13.9036 8.12789 6.1334 6.15247 6.1555 6.15847 5.76995 5.77001 5.77001 5.77001 5.77001 5.77001 5.77001 5.76952 8.06071 5.76964 5.77001 5.77001
9.5455 9.54755 9.54776 9.54799 9.54787 9.54736 9.54697 9.54704 9.5475 9.54788 9.54795 9.54765 9.54727 9.54668 9.54609 9.54543 9.54488 9.54411 9.5433 9.54244 9.54184 9.54074 9.53925 9.53784 9.53758 9.53814 9.53921 9.53953 9.53951 9.53983 9.54149 9.54384 9.5459 9.54691 9.54719 9.54696 9.5465 9.54583 9.54503 9.54409 9.54308 9.54187 9.53979 9.53575 9.52862 9.5203 9.51374 9.51361 10.0477 11.527 11.5331 11.5377 10.8217 11.538 5.76921 5.76997 5.77001 5.77001 5.77001 5.77001 5.77001 5.77001 5.76591 5.76872 5.76966 5.77001 5.77001
5.76866 5.7693 5.76948 5.7695 5.76947 5.76939 5.76933 5.76934 5.7694 5.76947 5.76949 5.76945 5.76936 5.76925 5.76912 5.769 5.76886 5.76872 5.76856 5.7684 5.76824 5.76802 5.76775 5.76753 5.76746 5.76755 5.7677 5.76779 5.76782 5.76794 5.76822 5.76863 5.76902 5.76926 5.76933 5.76929 5.7692 5.76906 5.76889 5.76871 5.76852 5.76827 5.76781 5.76693 5.76566 5.76433 5.76352 5.76348 5.7639 5.76519 5.76697 5.76776 5.76853 5.76917 5.76972 5.77001 5.77001 5.77001 5.77001 5.77001 5.77001 5.77001 5.77001 5.77001 5.77001 5.77001 5.77001
5.77 5.77 5.77 5.77 5.77 5.77 5.77 5.77 5.77 5.77 5.77 5.77 5.77 5.77 5.77 5.77 5.77 5.77 5.77 5.76999 5.76999 5.76999 5.76999 5.76999 5.76998 5.76998 5.76998 5.76999 5.76999 5.76999 5.76999 5.76999 5.77 5.77 5.77 5.77 5.77 5.77 5.77 5.77 5.77 5.77 5.76999 5.76999 5.76999 5.76998 5.76997 5.76996 5.76994 5.76992 5.76989 5.76989 5.76988 5.7699 5.76991 5.76992 5.76993 5.76993 5.76988 5.76987 5.77001 5.77001 5.77001 5.77001 5.77001 5.77001 5.77001
6.16002 6.16002 6.16002 6.16002 6.16002 6.16002 6.16002 6.16002 6.16002 6.16002 6.16002 6.16002 6.16002 6.16002 6.16002 6.16002 6.16002 6.16002 6.16002 6.16002 6.16002 6.16002 6.16002 6.16002 6.16002 6.16002 6.16002 6.16002 6.16002 6.16002 6.16002 6.16002 6.16002 6.16002 6.16002 6.16002 6.16002 6.16002 6.16002 6.16002 6.16002 6.16002 6.16002 6.16002 6.16002 6.16002 6.16002 6.16002 6.16002 6.16002 6.16002 6.16002 6.16002 6.16002 6.16002 6.16002 6.16002 6.16002 6.15993 5.76989 5.77001 5.77001 5.77001 5.77001 5.77001 5.77001 5.77001
5.77 5.77 5.77 5.77 5.77 5.77 5.77 5.77 5.77 5.77 5.77 5.77 5.77 5.76999 5.76999 5.76999 5.76999 5.76999 5.76999 5.76998 5.76998 5.76997 5.76997 5.76996 5.76996 5.76997 5.76997 5.76997 5.76997 5.76998 5.76998 5.76998 5.76998 5.76999 5.76999 5.76999 5.77 5.77 5.77 5.76999 5.76999 5.76999 5.76998 5.76998 5.76997 5.76996 5.76994 5.76992 5.7699 5.76986 5.76982 5.76978 5.76977 5.76979 5.76982 5.76985 5.76987 5.76988 5.76991 5.76994 5.77001 5.77001 5.77001 5.77001 5.77001 5.77001 5.77001
5.77001 5.77001 5.77001 5.77001 5.77001 5.77001 5.77001 5.77001 5.77001 5.77001 5.77001 5.77001 5.77001 5.77001 5.77001 5.77001 5.77001 5.77001 5.77001 5.77001 5.77001 5.77001 5.77001 5.77001 5.77001 5.77001 5.77001 5.77001 5.77001 5.77001 5.77001 5.77001 5.77001 5.77001 5.77001 5.77001 5.77001 5.77001 5.77001 5.77001 5.77001 5.77001 5.77001 5.77001 5.77001 5.77001 5.77001 5.77001 5.77001 5.77001 5.77001 5.77001 5.77001 5.77001 5.77001 5.77001 5.77001 5.77001 5.77001 5.77001 5.77001 5.77001 5.77001 5.77001 5.77001 5.77001 5.77001
5.77001 5.77001 5.77001 5.77001 5.77001 5.77001 5.77001 5.77001 5.77001 5.77001 5.77001 5.77001 5.77001 5.77001 5.77001 5.77001 5.77001 5.77001 5.77001 5.77001 5.77001 5.77001 5.77001 5.77001 5.77001 5.77001 5.77001 5.77001 5.77001 5.77001 5.77001 5.77001 5.77001 5.77001 5.77001 5.77001 5.77001 5.77001 5.77001 5.77001 5.77001 5.77001 5.77001 5.77001 5.77001 5.77001 5.77001 5.77001 5.77001 5.77001 5.77001 5.77001 5.77001 5.77001 5.77001 5.77001 5.77001 5.77001 5.77001 5.77001 5.77001 5.77001 5.77001 5.77001 5.77001 5.77001 5.77001
