tests/full-run-ref/erosion_2010_78_20_-12.873.asc
ncols 512
nrows 512
xllcorner -3.24582
yllcorner -4.08743
cellsize 5
NODATA_value -99999
[rows 108 to 143 of 512, columns 83 to 165 of 512]
16.3183 22.0884 27.8586 32.6383 38.4059 69.6487 63.8787 58.1074 55.7166 53.3259 50.9348 48.5425 46.1497 46.1498 48.5421 53.3251 55.715 61.484 78.7982 73.0288 73.0299 73.0301 73.0301 73.0301 73.0301 73.0301 73.0301 73.0301 73.0301 73.0301 73.0301 73.0301 73.0301 73.0301 73.0301 73.0301 73.0301 73.0224 92.3084 86.538 80.7654 74.9929 69.2213 63.4497 57.6784 51.907 46.1358 40.3645 34.5933 28.8221 23.0508 17.2796 11.5083 5.75717 5.77 5.77 5.77 5.77 5.77 5.77 5.77 5.77 5.77 5.76973 8.15901 13.9296 11.5392 5.76922 5.77 5.77 5.77 5.77 5.77 5.77 5.77 5.77 5.77 5.77 5.77 5.77 5.76974 5.76688 8.15288
22.0889 24.4786 30.2488 36.0187 46.5686 63.8795 58.1093 52.3381 49.9472 47.5562 45.1649 42.7725 40.3795 40.3794 42.7718 47.5551 49.9451 55.7127 81.1873 75.4186 73.0296 73.0301 73.0301 73.0301 73.0301 73.0301 73.0301 73.0301 73.0301 73.0301 73.0301 73.0301 73.0301 73.0301 73.0301 73.0301 73.0272 73.0186 92.3083 86.5369 80.7648 74.9924 69.2201 63.4482 57.6764 51.9048 46.1333 40.3618 34.5903 28.8188 23.0472 17.2756 11.504 5.75548 5.77 5.77 5.77 5.77 5.77 5.77 5.77 5.77 5.77 5.76954 11.5391 16.32 11.5387 5.76908 5.77 5.77 5.77 5.77 5.77 5.77 5.77 5.77 5.77 5.77 5.77 5.77 5.77 5.76967 5.76798
30.6397 30.2491 32.6388 38.4088 44.1785 58.109 55.7196 49.949 44.1774 41.7863 39.395 37.0025 34.6092 34.6087 37.0008 41.7841 44.174 49.9427 83.5752 77.809 73.029 73.03 73.0301 73.0301 73.0301 73.0301 73.0301 73.0301 73.0301 73.0301 73.0301 73.0301 73.0301 73.0301 73.0301 73.0265 73.0168 98.0723 92.3067 86.5346 80.763 74.9913 69.2191 63.4468 57.6747 51.9027 46.1307 40.3588 34.5869 28.8149 23.0429 17.2707 11.4984 5.75326 5.77 5.77 5.77 5.77 5.77 5.77 5.77 5.77 5.77 5.76957 11.5394 13.9295 8.15825 5.76939 5.77 5.77 5.77 5.77 5.77 5.77 5.77 5.77 5.77 5.77 5.77 5.77 5.77 5.77 5.77
36.4096 38.7996 38.4091 44.1793 46.5692 52.3397 49.9494 47.5595 41.7886 36.0164 33.625 31.2324 28.8392 28.8395 28.8402 31.2332 33.6246 36.0124 41.7789 80.1966 74.4288 73.0297 73.0301 73.0301 73.0301 73.0301 73.0301 73.0301 73.0301 73.0301 73.0301 73.0301 73.0301 73.0301 73.026 73.0151 103.682 98.0747 92.3025 86.5311 80.7599 74.9885 69.2167 63.4446 57.6723 51.8998 46.1274 40.3549 34.5823 28.8097 23.0369 17.2638 11.4906 5.75017 5.77 5.77 5.77 5.77 5.77 5.77 5.77 5.77 5.77 5.76974 8.15946 11.5397 5.76903 5.76991 5.77 5.77 5.77 5.77 5.77 5.77 5.77 5.77 5.77 5.77 5.77 5.77 5.77 5.77 5.77
44.9596 44.5695 52.3396 46.5695 52.3398 49.9498 44.1792 41.7892 39.3991 33.6274 27.8543 25.4622 23.0694 23.0701 23.0715 25.4645 27.8562 30.2463 36.0114 82.5873 76.8193 73.0295 73.03 73.0301 73.0301 73.0301 73.0301 73.0301 73.0301 73.0301 73.0301 73.0301 73.0301 73.0274 73.0188 103.683 101.3 95.5259 92.2993 86.5281 80.7572 74.986 69.2138 63.4418 57.6695 51.8968 46.1239 40.3509 34.5777 28.8042 23.0303 17.2564 11.4821 5.74083 5.76833 5.77 5.77 5.77 5.77 5.77 5.77 5.76986 5.76944 5.7692 5.76864 11.5399 5.76899 5.76985 5.76996 5.76998 5.77 5.77 5.77 5.77 5.77 5.77 5.77 5.77 5.77 5.77 5.77 5.77 5.77
50.7296 58.4998 54.7298 59.0998 53.3299 47.5595 41.7893 36.0189 30.2486 24.4769 22.0851 19.6923 17.2995 17.3 17.3011 19.6942 22.0861 24.4764 30.2444 84.9769 79.2093 73.4394 73.0297 73.03 73.0301 73.0301 73.0301 73.0301 73.0301 73.0301 73.0301 73.0301 73.0271 73.0163 107.063 101.299 95.5259 93.1354 87.3643 84.9747 79.2045 76.8155 71.6086 65.8369 60.0643 54.2918 48.5194 42.7467 36.9737 31.2 25.4264 19.6536 13.8819 8.11424 5.75838 5.76852 5.76956 5.76969 5.76974 5.76942 5.76895 5.76776 8.15806 11.0219 8.15778 13.9294 8.15866 6.15882 6.15933 5.7695 5.76989 5.77 5.77 5.77 5.77 5.77 5.77 5.77 5.77 5.77 5.77 5.77 5.77
36.0193 62.8898 62.4799 56.7098 50.9397 45.1696 39.3994 33.6292 27.859 22.0885 16.3156 13.9226 11.5294 11.5299 11.5308 13.9241 16.3165 17.3069 19.6954 22.0827 81.596 79.2091 73.4393 73.0297 73.03 73.0301 73.0301 73.0301 73.0301 73.0301 73.0301 73.0264 73.0156 107.466 104.679 98.9058 93.1349 87.3636 84.9743 79.203 76.8139 71.0429 68.6544 66.2659 62.4589 56.6874 50.9146 45.1416 39.3681 33.5946 27.8237 22.0533 16.2814 13.9137 8.14563 6.15022 6.15353 6.15505 6.15596 6.1559 8.15653 8.15567 13.9274 16.3191 14.3187 16.3195 14.3189 12.3187 11.9289 8.15874 5.7689 5.76977 5.76995 5.76999 5.77 5.77 5.77 5.77 5.77 5.77 5.77 5.77 5.77
33.6296 68.2497 62.4797 56.7098 50.9398 45.1697 39.3996 31.2394 25.4692 19.6989 13.9275 8.15391 5.76362 5.76486 5.76457 8.15554 11.5374 11.5374 13.9282 16.3162 22.0825 81.5977 79.2094 73.4394 73.0297 73.03 73.0301 73.0301 73.0301 73.0301 73.0274 73.019 110.848 105.084 99.312 96.5161 90.7449 84.9735 79.202 76.8133 71.0419 68.653 62.8813 60.4924 58.1039 55.7152 53.3086 47.5367 41.7629 35.9926 30.2226 24.4513 22.078 16.3069 14.3092 12.3097 14.3133 12.3126 12.3145 12.3159 13.927 14.3167 16.3189 16.3199 16.3199 16.3199 16.3198 16.3197 16.3193 13.9285 8.15766 6.15801 6.15903 5.7694 5.76987 5.76999 5.77 5.77 5.77 5.77 5.77 5.77 5.77
30.2497 32.6394 38.4094 44.1797 48.5499 42.7798 37.0097 31.2397 25.4695 17.3092 11.5386 5.76717 5.76972 5.77 5.76981 5.76912 5.76853 5.76836 8.15828 13.9288 19.6958 87.3671 81.5995 79.2094 73.4392 73.0293 73.0294 73.0295 73.0294 73.0264 73.019 114.23 108.464 102.693 96.9219 91.1506 88.3555 82.5844 76.8125 71.0406 68.6524 62.8808 60.492 54.7196 52.3307 49.9417 47.5523 45.1644 44.161 38.3888 32.6172 30.2276 24.4714 22.4731 20.0851 20.0828 16.3143 16.317 16.3188 16.3195 16.3189 16.3196 16.3199 16.32 16.32 16.32 16.32 16.32 16.3199 16.3193 14.3183 14.3185 11.9282 8.15842 6.15927 5.76987 5.77 5.77 5.77 5.77 5.77 5.77 5.77
24.4797 30.2498 36.0198 41.7899 48.55 42.7799 37.0098 28.8497 23.0796 17.3096 11.5393 5.76944 5.77 5.77 5.77 5.77 5.77 5.76992 5.76913 11.5392 16.3179 22.0847 87.3671 81.5994 79.2091 76.9787 76.5884 74.8178 77.2063 74.8093 117.61 111.844 106.073 100.302 94.5316 88.7606 82.9894 80.1949 74.4238 68.6515 62.8793 60.4914 54.7196 52.33 46.5566 44.169 41.78 39.3924 41.7873 40.7844 38.3923 32.6349 30.2355 24.467 22.0784 16.3115 16.3177 16.32 16.32 16.32 16.32 16.32 16.32 16.32 16.32 16.32 16.32 16.32 16.32 16.3199 16.3198 16.3197 16.319 13.9287 8.15884 5.76981 5.77 5.77 5.77 5.77 5.77 5.77 5.77
22.0897 27.8598 33.6298 44.18 42.7799 40.3899 34.6199 28.8498 23.0797 17.3096 11.5394 5.76944 5.76994 5.77 5.77 5.77 5.77 5.77 5.76984 8.15943 13.9293 16.3175 22.0841 87.3667 84.979 82.7487 82.3579 84.7465 82.9714 120.991 115.224 109.453 103.683 97.912 92.1413 86.3705 80.5994 74.8281 72.0341 66.263 60.4904 54.7179 52.3293 46.5564 40.7858 38.3969 36.0086 33.6189 36.0126 38.4052 39.387 33.6149 27.8417 22.069 16.3051 16.3164 16.32 16.32 16.32 16.32 16.32 16.32 16.32 16.32 16.32 16.32 16.32 16.32 16.32 16.32 16.32 16.32 16.3195 11.5372 5.7666 5.76965 5.77 5.77 5.77 5.77 5.77 5.77 5.77
19.6998 25.4698 36.02 39.4 37.0099 34.6199 34.6199 31.2399 25.4698 19.6997 13.9295 8.15935 5.76962 5.76995 5.77 5.77 5.77 5.77 5.76997 5.76967 8.15924 13.9291 16.3171 22.0819 90.747 88.5186 90.9075 90.5138 124.372 118.605 112.834 107.063 101.292 95.5217 89.751 83.9803 78.2094 72.4382 66.6669 63.8733 58.1021 52.3292 46.5551 40.7851 38.3988 32.6251 30.2361 27.8472 25.4561 27.8488 30.2393 31.2233 25.4521 19.6768 16.3097 16.32 16.32 16.32 16.32 16.32 16.32 16.32 16.32 16.32 16.32 16.32 16.32 16.32 16.32 16.32 16.32 16.32 16.3195 13.9269 8.15518 5.76703 5.76948 5.76986 5.76992 5.76996 5.76997 5.77 5.77
17.3098 27.8599 36.02 33.6299 31.2399 28.8498 28.8498 28.8499 27.8599 22.0898 16.3197 13.9295 8.15945 5.76979 5.77 5.77 5.77 5.77 5.77 5.76996 5.76959 8.15911 13.929 16.3144 96.5154 98.9082 96.6759 127.753 121.985 116.214 110.443 104.673 98.9021 93.1314 87.3608 81.5901 75.8193 70.0483 64.2769 58.5055 55.7124 49.9413 44.1684 38.3963 32.6246 30.2378 24.4635 22.0753 19.6869 17.2961 19.6879 22.0797 27.8474 22.0744 16.3106 16.32 16.32 16.32 16.32 16.32 16.32 16.32 16.32 16.32 16.32 16.32 16.32 16.32 16.32 16.32 16.32 16.32 16.3198 16.3184 13.9257 8.15412 6.1556 6.15858 6.15945 6.15988 5.76998 5.77 5.77
19.6999 27.8599 30.25 27.8599 25.4698 23.0798 23.0798 23.0798 22.0898 19.6997 17.3097 16.3198 11.5396 5.76965 5.77 5.77 5.77 5.77 5.77 5.77 5.76995 5.76955 8.15912 13.9273 16.3119 104.674 131.132 125.365 119.594 113.824 108.053 102.282 96.5118 90.7412 84.9704 79.1997 73.4289 67.658 61.8868 56.1152 50.3436 47.5516 41.781 36.0079 30.2355 24.4628 22.0766 16.302 13.9152 11.5272 13.9199 16.3106 22.0858 19.6874 16.3138 16.32 16.32 16.32 16.32 16.32 16.32 16.32 16.32 16.32 16.32 16.32 16.32 16.32 16.32 16.32 16.32 16.32 16.32 16.3198 16.3181 14.3163 14.3181 11.9286 8.15928 5.76974 5.76998 5.77 5.77
19.6999 25.47 24.48 22.0899 19.6998 17.3098 17.3098 17.3098 16.3198 13.9296 11.5395 11.5395 11.5397 5.76973 5.77 5.77 5.77 5.77 5.77 5.77 5.77 5.76996 5.76957 8.15911 13.9268 16.3088 128.738 122.973 117.204 111.434 105.663 99.8924 94.1218 88.3511 82.5803 76.8095 71.0387 65.2678 59.4968 53.7255 47.9542 42.1831 39.3888 33.6177 27.8464 22.0738 16.3007 13.9163 8.1471 8.15436 8.15199 13.9239 16.3146 22.0845 16.3126 16.32 16.32 16.32 16.32 16.32 16.32 16.32 16.32 16.32 16.32 16.32 16.32 16.32 16.32 16.32 16.32 16.32 16.32 16.32 16.3198 16.3191 13.9272 8.15621 5.76849 5.76982 5.77 5.77 5.77
17.3099 27.86 22.0899 16.3198 13.9298 11.5397 11.5397 11.5397 11.5397 8.15961 5.76957 5.76968 5.76976 5.7699 5.77 5.77 5.77 5.77 5.77 5.77 5.77 5.77 5.76996 5.76952 8.15888 13.9251 22.0775 123.553 117.788 112.019 106.248 100.478 94.7072 88.9367 83.1661 77.3954 71.6247 65.854 60.0833 54.3127 48.5421 42.7706 36.9961 31.2254 25.455 19.6836 13.912 8.14519 8.15849 8.16001 8.15927 8.15531 13.9251 22.0853 16.3152 16.32 16.32 16.32 16.3196 16.32 16.32 16.32 16.32 16.32 16.3198 16.32 16.32 16.32 16.32 16.32 16.32 16.32 16.32 16.32 16.32 16.3185 11.5341 5.76359 5.76946 5.77 5.77 5.77 5.77
19.7 24.48 19.6999 13.9299 8.15979 5.7698 5.76985 5.76985 5.76984 5.76988 5.76996 5.77 5.77 5.77 5.77 5.77 5.77 5.77 5.77 5.77 5.77 5.77 5.77 5.76995 5.76923 11.5388 16.3152 22.0777 115.393 109.627 103.858 98.0878 92.3171 86.5464 80.7756 75.0048 69.2339 63.4631 57.6923 51.9218 46.1506 40.3794 34.6072 28.8342 23.0628 17.2913 11.5227 8.15316 8.16001 8.16001 8.16001 8.1588 11.5361 13.9238 16.3149 16.3173 16.3172 16.3178 16.319 16.3189 16.3191 16.3197 16.32 16.3198 16.32 16.32 16.32 16.32 16.32 16.32 16.32 16.32 16.32 16.32 16.32 16.3185 12.6107 6.84034 5.76868 5.77 5.77 5.77 5.77
16.32 22.09 17.3099 11.5399 5.76986 5.76999 5.77 5.77 5.77 5.77 5.77 5.77 5.77 5.77 5.77 5.77 5.77 5.77 5.77 5.77 5.77 5.77 5.77 5.77 5.76976 8.15911 13.9288 16.3149 22.0768 109.623 103.858 98.0884 92.3176 86.5468 80.776 75.0052 69.2344 63.4638 57.6932 51.922 46.1512 40.38 34.6088 28.837 23.0643 17.2922 11.5256 8.1546 8.16001 8.16001 8.16001 8.15962 8.15851 8.15574 13.928 13.9276 11.5363 11.5362 12.4865 11.5352 13.9251 16.317 16.3194 16.32 16.32 16.32 16.32 16.32 16.32 16.32 16.32 16.32 16.32 16.32 16.32 16.3191 15.0015 9.22898 5.7652 5.7697 5.77 5.77 5.77
13.9299 16.32 16.32 11.5399 5.76993 5.77 5.77 5.77 5.77 5.77 5.77 5.77 5.77 5.77 5.77 5.77 5.77 5.77 5.77 5.77 5.77 5.77 5.77 5.77 5.76995 5.76947 8.15878 13.9286 16.3146 22.0768 106.242 100.478 94.7083 88.9376 83.167 77.3965 71.6262 65.856 60.0849 54.3144 48.5436 42.7728 37.0018 31.2311 25.4587 19.6855 11.5253 8.15432 8.16001 8.16001 8.16001 8.16001 8.16001 8.15928 11.5391 8.15775 8.15822 8.1583 8.15798 8.15735 8.15296 13.9234 16.3163 16.3189 16.32 16.32 16.32 16.32 16.32 16.32 16.32 16.32 16.32 16.32 16.32 16.3197 16.3178 12.9696 7.19991 5.76845 5.77 5.77 5.77
8.15996 11.5399 11.5399 8.15994 5.76996 5.77 5.77 5.77 5.77 5.77 5.77 5.77 5.77 5.77 5.77 5.77 5.77 5.77 5.77 5.77 5.77 5.77 5.77 5.77 5.77 5.76993 5.76935 8.15862 13.9285 16.3141 22.0747 101.678 95.912 90.1415 84.371 78.723 72.953 67.2362 61.4659 55.7096 49.9391 44.1691 38.3985 32.6283 27.8466 17.2902 11.5195 8.15289 8.16001 8.16001 8.16001 8.16001 8.16001 8.15982 8.15965 8.15979 8.16001 8.16001 8.16001 8.16001 8.15696 11.5324 19.6952 16.3175 16.32 16.3192 16.32 16.32 16.32 16.32 16.32 16.32 16.32 16.32 16.32 16.32 16.3189 15.3625 9.59014 5.76619 5.76972 5.77 5.77
5.76998 5.76996 5.76996 5.76997 5.76999 5.77 5.77 5.77 5.77 5.77 5.77 5.77 5.77 5.77 5.77 5.77 5.77 5.77 5.77 5.77 5.77 5.77 5.77 5.77 5.77 5.77 5.76993 5.76928 8.15846 13.9283 16.3084 99.2851 93.5204 87.7513 81.9806 76.2104 70.5618 64.7914 59.0891 53.3184 47.5476 41.7768 36.0065 30.2356 24.4663 19.674 13.9116 8.14758 8.15818 8.15972 8.16001 8.16001 8.16001 8.16001 8.16001 8.16001 8.16001 8.16001 8.16001 8.16001 8.15861 11.5357 16.3175 16.3148 16.3192 16.32 16.32 16.32 16.32 16.32 16.32 16.32 16.32 16.32 16.32 16.3193 16.3155 13.923 11.5354 8.15806 5.76918 5.77 5.77
5.77 5.77 5.77 5.77 5.77 5.77 5.77 5.77 5.77 5.77 5.77 5.77 5.77 5.77 5.77 5.77 5.77 5.77 5.77 5.77 5.77 5.77 5.77 5.77 5.77 5.77 5.77 5.76992 5.76916 8.15808 13.9235 22.0736 91.1272 85.3614 79.5906 73.8196 68.0491 62.469 56.698 50.927 45.1558 39.3846 33.6133 27.8432 22.0714 22.0873 16.3097 13.9233 11.9259 8.15748 8.15932 8.15974 8.15976 8.15972 8.1596 8.15973 8.16001 8.16001 8.16001 8.16001 8.15969 8.15543 13.9208 16.3179 13.9278 16.3177 16.32 16.32 16.32 16.3189 16.32 16.32 16.32 16.32 16.32 16.3171 13.9166 8.14194 5.76124 5.7685 5.7697 5.77 5.77
5.77 5.77 5.77 5.77 5.77 5.77 5.77 5.77 5.77 5.77 5.77 5.77 5.77 5.77 5.77 5.77 5.77 5.77 5.77 5.77 5.77 5.77 5.77 5.77 5.77 5.77 5.77 5.77 5.76991 5.76865 11.5378 16.306 88.9159 83.1527 77.3827 71.6117 65.8497 60.0783 54.3069 48.5354 42.7638 36.9921 31.2203 25.4507 22.0803 22.0897 22.0885 19.6963 16.3161 13.9271 11.9281 8.15796 12.9341 8.15837 11.539 8.15919 8.16001 8.16001 8.16001 8.16001 8.16001 8.15891 8.152 13.9177 22.0827 16.3089 16.3173 16.32 16.3189 16.32 16.32 16.32 16.32 16.32 16.32 16.314 11.5168 5.74945 5.76836 5.77 5.77 5.77 5.77
5.77 5.77 5.77 5.77 5.77 5.77 5.77 5.77 5.77 5.77 5.77 5.77 5.77 5.77 5.77 5.77 5.77 5.77 5.77 5.77 5.77 5.77 5.77 5.77 5.77 5.77 5.77 5.77 5.77 5.76956 8.15826 13.9193 87.3536 81.5886 75.8146 70.5473 65.8506 60.0788 54.3073 48.5359 42.7643 36.9927 31.2208 25.4522 22.0828 22.09 22.0898 22.0893 22.0885 20.0886 16.3183 19.0939 16.3186 15.3089 11.5381 8.15863 8.16001 8.16001 8.16001 8.16001 8.16001 8.16001 8.15649 11.5305 22.0852 22.0811 16.3064 16.317 16.32 16.32 16.32 16.3198 16.32 16.32 16.32 16.3109 13.5644 7.79835 5.76864 5.77 5.77 5.77 5.76807
5.77 5.77 5.77 5.77 5.77 5.77 5.77 5.77 5.77 5.77 5.77 5.77 5.77 5.77 5.77 5.77 5.77 5.77 5.77 5.77 5.77 5.77 5.77 5.77 5.77 5.77 5.77 5.77 5.77 5.76992 5.7689 11.5343 13.9189 16.2998 22.0703 74.0079 68.2415 62.4706 56.6996 50.9286 45.1578 39.3866 33.6164 27.848 22.0827 22.09 22.0891 22.09 22.09 22.0898 22.0897 22.0896 22.0894 17.3088 11.5371 8.15841 8.16001 8.16001 8.16001 8.16001 8.16001 8.16001 8.1585 11.534 16.3098 24.4693 22.0758 16.2971 16.3168 16.32 16.3198 16.32 16.32 16.32 16.3198 16.3083 11.5014 5.74459 5.76919 5.77 5.77 5.76747 5.74928
5.77 5.77 5.77 5.77 5.77 5.77 5.77 5.77 5.77 5.77 5.77 5.77 5.77 5.77 5.77 5.77 5.77 5.77 5.77 5.77 5.77 5.77 5.77 5.77 5.77 5.77 5.77 5.77 5.76999 5.76999 5.76978 5.76839 8.15656 13.9259 19.6859 71.6189 65.853 60.082 54.3111 48.54 42.7695 36.9988 31.2273 25.4571 22.0822 22.0883 22.09 22.09 22.09 22.09 22.09 22.09 22.0896 17.308 11.5356 8.15781 8.16001 8.16001 8.16001 8.16001 8.16001 8.16001 8.15957 8.15431 13.915 30.237 24.4656 22.0769 16.3047 16.3194 16.32 16.32 16.32 16.32 16.3197 15.7176 9.92503 5.74723 5.77 5.77 5.77 5.75789 8.11753
5.77 5.77 5.77 5.77 5.77 5.77 5.77 5.77 5.77 5.77 5.77 5.77 5.77 5.77 5.77 5.77 5.77 5.77 5.77 5.77 5.77 5.77 5.77 5.77 5.77 5.77 5.77 5.77 5.76999 6.16001 5.76999 5.76983 5.76747 11.5317 22.0767 69.6458 63.878 58.107 52.336 46.5651 40.7948 38.4064 33.6199 27.8537 27.8553 22.0876 22.09 22.09 22.09 22.09 22.09 22.09 22.0898 19.6971 13.9238 8.15576 8.15962 8.16001 8.16001 8.16001 8.16001 8.16001 8.16001 8.15628 11.522 32.6256 28.8376 23.0647 17.2981 16.3183 16.32 16.32 16.32 16.32 16.3198 16.314 11.5208 5.75506 5.77 5.77 5.77 5.74134 11.4865
5.77 5.77 5.77 5.77 5.77 5.77 5.77 5.77 5.77 5.77 5.77 5.77 5.77 5.77 5.77 5.77 5.77 5.77 5.77 5.77 5.77 5.77 5.77 5.77 5.77 5.77 5.77 5.77 5.76999 5.76999 5.76993 5.76965 5.76794 11.529 73.0232 67.2588 61.4877 55.7167 49.9459 44.1749 38.4042 32.6327 30.2446 27.8519 22.0802 22.0878 22.0894 22.0898 22.09 22.09 22.09 22.09 22.0899 22.0877 16.3146 11.5361 8.15886 8.16001 8.16001 8.16001 8.16001 8.16001 8.1594 8.15353 13.9122 34.6043 28.8349 23.0612 17.2963 16.3178 16.32 16.32 16.32 16.32 16.32 16.315 11.5245 5.7601 5.77 5.77 5.77 5.73778 11.4834
5.77 5.77 5.77 5.77 5.77 5.77 5.77 5.77 5.77 5.77 5.77 5.77 5.77 5.77 5.77 5.77 5.77 5.77 5.77 5.77 5.77 5.77 5.77 5.77 5.77 5.77 5.77 5.77 5.77 5.76999 6.15983 8.15962 8.15779 13.9171 70.6318 64.8677 59.0967 53.3255 47.5542 41.7835 36.0127 30.2418 24.47 22.0816 19.6919 17.303 19.6956 22.0856 22.0868 22.0866 22.0881 22.0886 22.0876 22.0874 17.3064 11.5367 8.15848 8.16001 8.16001 8.16001 8.16001 8.16001 8.15713 11.5306 16.3009 34.6051 28.8339 23.0602 17.2958 16.3178 16.32 16.32 16.32 16.32 16.3193 16.3122 11.5261 5.7624 5.77 5.77 5.77 5.74201 11.4895
5.77 5.77 5.77 5.77 5.77 5.77 5.77 5.77 5.77 5.77 5.77 5.77 5.77 5.77 5.77 5.77 5.77 5.77 5.77 5.77 5.77 5.77 5.77 5.77 5.77 5.77 5.77 5.77 5.77 5.76999 5.76977 8.15901 13.9282 16.309 59.0916 62.4774 56.7069 50.9355 45.1639 39.3929 33.6221 27.8509 22.0796 16.3069 13.9188 11.5313 11.5334 11.534 11.5339 11.5341 11.5341 11.5345 13.9254 13.9258 11.5365 11.5382 8.15902 8.16001 8.16001 8.16001 8.16001 8.1593 8.15188 13.9134 22.0718 32.6279 28.8351 23.0622 17.2969 16.3177 16.32 16.32 16.32 16.32 16.3178 13.9172 8.14515 5.76638 5.77 5.77 5.77 5.74844 11.5007
5.77 5.77 5.77 5.77 5.77 5.77 5.77 5.77 5.77 5.77 5.77 5.77 5.77 5.77 5.77 5.77 5.77 5.77 5.77 5.77 5.77 5.77 5.77 5.77 5.77 5.77 5.77 5.77 5.76995 5.76973 5.76895 5.76799 11.5364 22.0822 48.5444 50.9358 53.3268 48.5464 42.7756 37.0039 31.2325 25.4612 19.6896 13.9181 8.14915 8.15653 8.15776 8.15815 8.15827 8.1583 8.15831 8.15823 8.15806 8.15812 8.15856 8.15914 8.15971 8.16001 8.16001 8.16001 8.16001 8.15747 11.5303 16.2977 32.6153 30.2323 24.4595 22.0728 16.3078 16.3194 16.32 16.32 16.32 16.32 16.3165 11.5262 5.75834 5.76932 5.77 5.77 5.77 5.75432 11.5154
5.77 5.77 5.77 5.77 5.77 5.77 5.77 5.77 5.77 5.77 5.77 5.77 5.77 5.77 5.77 5.77 5.77 5.77 5.77 5.77 5.77 5.77 5.77 5.77 5.77 5.77 5.77 5.77 5.76977 8.15921 13.9291 8.15642 13.9265 24.4751 42.7764 40.386 42.7759 45.1683 40.3874 34.6156 28.8438 23.072 17.3003 11.5299 8.15572 8.16001 8.16001 8.16001 8.16001 8.16001 8.16001 8.16001 8.16001 8.16001 8.16001 8.16001 8.16001 8.16001 8.16001 8.16001 8.16001 8.15483 11.5215 22.0736 30.2328 24.4522 22.0657 16.3072 16.316 16.32 16.32 16.32 16.32 16.32 16.316 11.5277 5.76287 5.77 5.77 5.77 5.77 5.75666 11.5178
5.77 5.77 5.77 5.77 5.77 5.77 5.77 5.77 5.77 5.77 5.77 5.77 5.77 5.77 5.77 5.77 5.77 5.77 5.77 5.77 5.77 5.77 5.77 5.77 5.77 5.77 5.77 5.77 5.76947 11.539 16.319 22.0889 16.3172 22.0864 37.0078 34.6165 37.0068 39.3984 40.3894 34.6174 28.8459 23.0744 17.3027 11.533 8.15698 8.16001 8.16001 8.16001 8.16001 8.16001 8.16001 8.16001 8.16001 8.16001 8.16001 8.16001 8.16001 8.16001 8.16001 8.16001 8.15927 8.14972 13.9056 30.2263 24.4579 22.064 16.3044 16.3159 16.32 16.32 16.32 16.32 16.32 16.3193 16.3135 11.5297 5.76311 5.77 5.77 5.77 5.76885 5.7516 11.5145
5.77 5.77 5.77 5.77 5.77 5.77 5.77 5.77 5.77 5.77 5.77 5.77 5.77 5.77 5.77 5.77 5.77 5.77 5.77 5.77 5.77 5.77 5.77 5.77 5.77 5.77 5.77 5.77 5.76923 11.5385 19.6985 24.4789 30.2491 24.4792 31.2386 28.8463 31.2365 33.6274 40.3895 34.6181 28.8469 23.0755 17.3042 11.5344 8.15747 8.16001 8.16001 8.16001 8.16001 8.16001 8.16001 8.16001 8.16001 8.16001 8.16001 8.1594 8.15851 8.15873 8.15863 8.15871 8.15646 11.5256 16.3005 24.4624 22.0661 16.3055 16.3158 16.32 16.32 16.32 16.32 16.32 16.32 16.3181 13.9191 8.14893 5.76668 5.76899 5.76379 5.76169 5.75784 8.13838 13.9104
5.77 5.77 5.77 5.77 5.77 5.77 5.77 5.77 5.77 5.77 5.77 5.77 5.77 5.77 5.77 5.77 5.77 5.77 5.77 5.77 5.77 5.77 5.77 5.77 5.77 5.77 5.77 5.77 5.76906 11.5379 19.6979 30.2491 30.2496 27.8594 25.4682 23.076 25.4661 27.8557 38.4089 32.6376 28.8473 23.0766 17.3052 11.5348 8.15759 8.16001 8.16001 8.16001 8.16001 8.16001 8.16001 8.16001 8.16001 8.16001 8.16001 8.15818 12.3175 11.9251 8.14685 13.9218 8.13941 13.9115 27.8415 22.0707 16.3049 16.3161 16.32 16.32 16.32 16.32 16.32 16.3193 16.318 16.3138 11.5302 5.76084 5.76974 5.76715 8.15472 13.9267 8.15215 13.9222 16.3128
5.77 5.77 5.77 5.77 5.77 5.77 5.77 5.77 5.77 5.77 5.77 5.77 5.77 5.77 5.77 5.77 5.77 5.77 5.77 5.77 5.77 5.77 5.77 5.77 5.77 5.77 5.77 5.76991 5.76853 11.5372 22.0876 30.2495 24.4784 22.0881 19.6972 17.3055 19.6957 22.0844 36.0179 30.2474 24.4765 22.086 17.3053 11.5349 8.15765 8.16001 8.16001 8.16001 8.16001 8.16001 8.15989 8.15976 8.15973 8.16001 8.16001 8.15631 11.5307 16.3071 20.0761 16.2972 22.076 16.3019 25.4592 19.6779 16.3124 16.32 16.32 16.32 16.32 16.32 16.3192 16.314 13.9186 11.5269 8.15071 5.76664 6.15852 8.15895 5.76349 8.14925 11.5336 11.5326 11.5183
