tests/full-run-ref/erosion_84_12_73.306.asc
ncols 512
nrows 512
xllcorner -3.24582
yllcorner -4.08743
cellsize 5
NODATA_value -99999
[rows 203 to 231 of 512, columns 134 to 200 of 512]
5.77016 5.77015 5.77007 5.76999 5.76996 5.77015 5.76984 5.77004 5.76995 5.77 5.77 5.76993 5.76989 5.76992 5.77 5.77 5.76999 5.77 5.77 5.77 5.76992 5.77008 5.76999 5.76998 5.76991 5.76994 5.76999 5.7699 5.77007 5.76984 5.77 5.77 5.76989 5.76996 5.76955 5.77014 5.77016 5.7701 5.7699 5.77 5.77 5.76995 5.76986 5.77011 5.76999 5.76996 5.77014 5.77015 5.77002 5.76999 5.76992 5.76997 5.7698 5.77014 5.76998 5.76991 5.7701 5.7699 5.76999 5.77014 5.76982 5.7698 5.76987 5.77014 5.7697 5.76996 5.77
5.77016 5.77015 5.77 5.76998 5.77015 5.77014 5.7698 5.76995 5.76994 5.76991 5.77 5.77 5.77 5.76992 5.76984 5.76982 5.77 5.76999 5.77 5.77 5.76997 5.77014 5.76993 5.76986 5.77009 5.7698 5.76999 5.76987 5.76977 5.76984 5.76999 5.77 5.76973 5.77015 5.76991 5.77014 5.77016 5.77011 5.76984 5.77 5.77 5.77001 5.77015 5.76998 5.77009 5.77015 5.77012 5.76999 5.7698 5.76997 5.76985 5.77008 5.76976 5.77015 5.76997 5.76986 5.76985 5.76987 5.76999 5.77012 5.76977 5.77002 5.76976 5.77014 5.77002 5.76995 5.77
5.77016 5.77015 5.77016 5.77015 5.77016 5.77014 5.7699 5.76993 5.77012 5.76989 5.77 5.77 5.77 5.76986 5.7701 5.7698 5.76988 5.76985 5.76992 5.76997 5.76999 5.77011 5.76991 5.7699 5.76997 5.76988 5.76987 5.77 5.76999 5.77 5.76991 5.76992 5.76954 5.77015 5.76997 5.77014 5.77016 5.77011 5.76982 5.76998 5.76995 5.76994 5.76993 5.77 5.77015 5.77002 5.76998 5.76996 5.76997 5.77001 5.76988 5.76989 5.7698 5.77013 5.76976 5.76996 5.77002 5.76995 5.76989 5.77013 5.76983 5.76999 5.76978 5.77014 5.76999 5.76997 5.76994
5.77014 5.77015 5.77015 5.77015 5.77015 5.77015 5.76984 5.76985 5.76982 5.76985 5.76996 5.76997 5.55795 5.49367 5.58314 5.76997 5.7699 5.77009 5.76995 5.76999 5.77005 5.76999 5.76992 5.7701 5.76993 5.77007 5.76973 5.77 5.76999 5.77 5.76985 5.77005 5.76954 5.77015 5.76999 5.77014 5.77016 5.77011 5.76984 5.76996 5.77005 5.76997 5.77 5.77007 5.77016 5.76999 5.76999 5.77 5.76998 5.76997 5.76998 5.77 5.76993 5.77009 5.76992 5.76978 5.76981 5.76996 5.7699 5.76988 5.76993 5.77 5.76991 5.77014 5.76997 5.76991 5.77005
5.76998 5.76991 5.77015 5.77011 5.76982 5.76985 5.76989 5.76996 5.77003 5.76995 5.76991 5.77009 5.59678 6.13883 5.66603 5.76999 5.76998 5.64979 5.59198 5.66991 5.77013 5.76983 5.76997 5.76991 5.7699 5.76988 5.76985 5.77 5.76999 5.77 5.76987 5.76989 5.76959 5.77015 5.76992 5.77014 5.77016 5.77011 5.76989 5.76997 5.76995 5.76997 5.76998 5.77 5.77015 5.77009 5.76999 5.77 5.77 5.76999 5.76996 5.76992 5.76998 5.77002 5.76996 5.77013 5.76978 5.77003 5.76997 5.77002 5.76992 5.76988 5.77009 5.77008 5.76998 5.76997 5.76995
5.76995 5.77015 5.76996 5.7699 5.77001 5.76993 5.76994 5.76997 5.76994 5.76997 5.76995 5.76997 5.64401 5.67779 5.69878 5.77013 5.77011 5.72407 6.13291 5.72904 5.7701 5.76989 5.77008 5.76991 5.77004 5.7699 5.77 5.77 5.77 5.76999 5.77 5.77 5.76975 5.77005 5.76992 5.77014 5.77016 5.7701 5.7699 5.76999 5.76996 5.76995 5.76997 5.76998 5.77015 5.77 5.76999 5.76995 5.76992 5.76992 5.77012 5.76998 5.77006 5.76998 5.76988 5.76986 5.76981 5.76995 5.76993 5.76989 5.76987 5.77013 5.77 5.77009 5.77012 5.76998 5.77
5.77016 5.77016 5.77015 5.76985 5.76997 5.77011 5.76993 5.69787 5.66852 5.69817 5.77 5.77001 5.76999 5.77009 5.77 5.76994 5.77 5.65558 5.63475 5.64975 5.76997 5.7699 5.76992 5.76989 5.76993 5.76994 5.76995 5.77 5.76999 5.76999 5.77 5.77 5.7695 5.77015 5.76996 5.77014 5.77016 5.77011 5.76993 5.77003 5.77 5.77012 5.77011 5.77011 5.77015 5.77015 5.76999 5.76991 5.7701 5.76991 5.76986 5.76987 5.77011 5.76995 5.76993 5.77005 5.76992 5.76991 5.77006 5.76994 5.77011 5.76976 5.77015 5.76996 5.77015 5.77 5.76995
5.77015 5.77016 5.77013 5.76981 5.77 5.76994 5.76998 5.7589 5.9441 5.76139 5.76998 5.76997 5.76999 5.76996 5.76994 5.76991 5.76997 5.76991 5.77014 5.76993 5.77 5.76998 5.77002 5.76995 5.76985 5.77005 5.76989 5.76999 5.77 5.76999 5.76999 5.77 5.76951 5.77015 5.76994 5.77015 5.77015 5.77009 5.76988 5.76998 5.76992 5.76983 5.76979 5.76982 5.77 5.77015 5.77001 5.76989 5.76991 5.76987 5.77001 5.76972 5.77013 5.76995 5.76996 5.76992 5.76988 5.76996 4.90883 4.82918 4.72583 5.76999 5.76984 5.77013 5.77 5.77015 5.77002
5.77016 5.77016 5.77015 5.77015 5.76979 5.76998 5.76996 5.7346 5.65106 5.55606 5.76988 5.77007 5.76992 5.76994 5.77012 5.76985 5.77004 5.76981 5.76996 5.76986 5.77 5.76999 5.76995 5.76988 5.76999 5.7699 5.76989 5.76986 5.76999 5.76994 5.76991 5.76995 5.66578 5.70357 5.73152 5.77011 5.77014 5.76999 5.76989 5.77 5.77 5.76999 5.77002 5.76999 5.76999 5.77015 5.76999 5.76993 5.77005 5.76992 5.76998 5.76975 5.77014 5.76999 5.77 5.76996 5.7701 5.76999 5.51879 6.64864 4.55884 5.77014 5.76986 5.76982 5.7701 5.77013 5.77012
5.77016 5.77016 5.77016 5.77015 5.76995 5.76997 5.77014 5.77 5.76998 5.77004 5.76994 5.76976 5.76987 5.76984 5.76979 5.76978 5.76996 5.7698 5.77011 5.76991 5.76996 5.76998 5.76988 5.77005 5.76983 5.76987 5.77006 5.76983 5.77 5.76992 5.77003 5.76995 5.68451 5.84657 5.70367 5.77014 5.77008 5.77008 5.76983 5.76991 5.77 5.76999 5.76999 5.76999 5.76996 5.77015 5.76999 5.76995 5.76994 5.76991 5.76995 5.76998 5.77014 5.76986 5.76997 5.76994 5.76992 5.76995 5.13552 5.08455 5.63755 5.77006 5.76999 5.77 5.76989 5.76984 5.77015
5.77016 5.77015 5.77016 5.76991 5.77005 5.77014 5.7699 5.76992 5.77 5.76991 5.76993 5.77 5.76999 5.77 5.77 5.76997 5.77002 5.7698 5.76995 5.76983 5.76981 5.77015 5.76983 5.76992 5.7699 5.76992 5.76985 5.76988 5.76994 5.76989 5.76995 5.76996 5.67398 5.61367 5.67817 5.76995 5.76997 5.76991 5.77014 5.77 5.7699 5.76994 5.76997 5.76999 5.76998 5.77015 5.77 5.76992 5.76987 5.77007 5.76988 5.76979 5.77014 5.76989 5.76986 5.77006 5.76985 5.76994 5.77004 5.76998 5.76999 5.77005 5.77013 5.77007 5.76999 5.76999 5.76984
5.77015 5.77015 5.76999 5.77015 5.76996 5.77003 5.7699 5.77003 5.76996 5.77001 5.76998 5.76998 5.76999 5.76999 5.77 5.76996 5.76995 5.76982 5.77008 5.76984 5.76999 5.77 5.76999 5.76987 5.77 5.77 5.77 5.77 5.76986 5.77005 5.76989 5.77 5.76998 5.77001 5.76987 5.77 5.76995 5.76994 5.77012 5.77015 5.77014 5.77014 5.77004 5.77011 5.77015 5.77014 5.77009 5.76989 5.76993 5.76988 5.76999 5.76983 5.77011 5.76999 5.76983 5.76999 5.76985 5.76992 5.76992 5.76994 5.77 5.77015 5.77016 5.77015 5.77011 5.77003 5.77012
5.77016 5.77 5.77016 5.77015 5.76999 5.7699 5.76985 5.76985 5.7698 5.76988 5.76998 5.77 5.77 5.76999 5.77 5.77 5.77 5.76986 5.76981 5.76993 5.77 5.76996 5.7701 5.76981 5.76989 5.76999 5.76999 5.77 5.76989 5.76982 5.76996 5.77 5.76998 5.76998 5.76975 5.77011 5.77011 5.77 5.77006 5.76982 5.76978 5.76983 5.76998 5.77009 5.77015 5.76999 5.76982 5.76988 5.77007 5.76987 5.76995 5.77005 5.76999 5.77 5.76988 5.77008 5.76997 5.77009 5.76985 5.77 5.77014 5.77015 5.77016 5.77016 5.77016 5.77015 5.77015
5.7699 5.77016 5.77016 5.77016 5.77012 5.77014 5.77008 5.77012 5.77011 5.76993 5.77 5.77 5.77 5.77 5.76999 5.76999 5.76994 5.76992 5.76994 5.7699 5.76999 5.77 5.76998 5.77008 5.76996 5.77001 5.76998 5.76999 5.77 5.77 5.76999 5.76999 5.76985 5.76999 5.77002 5.77014 5.76999 5.76994 5.76994 5.76991 5.77 5.76994 5.76999 5.77014 5.77012 5.77007 5.76989 5.76994 5.76985 5.76996 5.77001 5.76997 5.76999 5.77012 5.76996 5.76996 5.76984 5.76985 5.76987 5.76999 5.77002 5.77011 5.77015 5.77016 5.77016 5.77014 5.76995
5.77015 5.77016 5.77016 5.77016 5.77016 5.77016 5.77016 5.77016 5.77014 5.77 5.76994 5.76998 5.76995 5.76994 5.77 5.76999 5.76991 5.77004 5.76999 5.77004 5.76995 5.76991 5.76998 5.76999 5.76998 5.76993 5.76998 5.77 5.76999 5.77 5.77 5.77 5.76974 5.77011 5.77 5.7701 5.76999 5.76991 5.76988 5.76988 5.77 5.76987 5.77012 5.77014 5.76999 5.76984 5.76998 5.76998 5.44834 5.62536 5.6233 5.76998 5.77011 5.77 5.77005 5.76997 5.76985 5.77002 5.76996 5.77 5.76998 5.76995 5.77014 5.77016 5.77016 5.77015 5.76999
5.77015 5.77015 5.76993 5.77016 5.76999 5.77016 5.77016 5.77016 5.77015 5.77014 5.77 5.76995 5.77003 5.76994 5.76982 5.76977 5.76992 5.76992 5.76993 5.76994 5.76992 5.77011 5.76994 5.76995 5.77014 5.76993 5.76997 5.76995 5.76976 5.76999 5.76999 5.77 5.76982 5.76995 5.76999 5.76998 5.77006 5.7699 5.77008 5.76989 5.76988 5.77001 5.77015 5.77006 5.76985 5.77 5.76993 5.77006 5.53622 6.04096 5.72422 5.77006 5.76998 5.76996 5.76998 5.77012 5.76984 5.76999 5.76996 5.76998 5.77002 5.76996 5.7701 5.77015 5.77016 5.77016 5.77012
5.77015 5.77 5.77016 5.76997 5.77016 5.77015 5.77016 5.77011 5.77016 5.77015 5.77013 5.76992 5.76998 5.76998 5.76985 5.77011 5.76973 5.77 5.76998 5.76997 5.76988 5.76985 5.76991 5.76991 5.77003 5.76999 5.76993 5.77012 5.76964 5.77 5.76999 5.76989 5.76994 5.10048 5.75255 5.66703 5.77012 5.76985 5.76993 5.76984 5.76998 5.77013 5.77013 5.77 5.76998 5.7699 5.76998 5.76998 5.6586 5.7009 5.72294 5.77011 5.76995 5.76994 5.77 5.76997 5.76999 5.77002 5.76996 5.76999 5.76997 5.76999 5.76999 5.77004 5.77015 5.77016 5.77016
5.76985 5.77015 5.77015 5.77016 5.77015 5.77016 5.77015 5.77016 5.76999 5.77015 5.76992 5.76996 5.76999 5.77 5.76992 5.7698 5.76981 5.77 5.76997 5.77002 5.76996 5.77 5.77 5.76998 5.76998 5.7701 5.76993 5.76994 5.76976 5.7699 5.76985 5.76987 5.77009 4.13868 6.84327 5.58501 5.77012 5.76997 5.77012 5.76999 5.76999 5.77015 5.76999 5.76997 5.76999 5.77002 5.77013 5.76996 5.76999 5.77012 5.76999 5.76999 5.76995 5.77011 5.76993 5.76996 5.7701 5.76994 5.76999 5.76974 5.76994 5.77 5.77 5.76998 5.77014 5.77016 5.77016
5.76992 5.76995 5.77015 5.76999 5.77016 5.77008 5.77016 5.77008 5.77016 5.77 5.77015 5.77015 5.76999 5.77 5.77 5.77 5.77 5.76999 5.76996 5.76993 5.76987 5.76993 5.76999 5.76995 5.76995 5.7701 5.7699 5.76994 5.76995 5.76986 5.77006 5.76995 5.76994 4.18583 6.09683 5.58823 5.77012 5.76989 5.7699 5.77003 5.77014 5.77014 5.77013 5.76995 5.76997 5.77014 5.76999 5.76992 5.76989 5.76991 5.76996 5.76989 5.76989 5.76985 5.21478 5.53847 5.47453 5.77 5.76995 5.77015 5.76979 5.7699 5.76998 5.76999 5.77015 5.77016 5.77016
5.77014 5.76985 5.76999 5.77015 5.77008 5.77016 5.77015 5.77016 5.76999 5.77016 5.76999 5.77016 5.77001 5.76999 5.76997 5.77 5.77 5.77 5.77 5.76989 5.77005 5.76989 5.76992 5.77006 5.76997 5.77 5.77 5.76989 5.77012 5.76986 5.76992 5.76994 5.77005 5.432 5.75757 5.7221 5.77009 5.76992 5.76999 5.77013 5.77013 5.76999 5.76997 5.76998 5.76996 5.77013 5.76989 5.76991 5.77002 5.76985 5.77013 5.76986 5.77001 5.76999 5.18567 7.06644 5.33504 5.76993 5.77014 5.77015 5.76994 5.7701 5.77006 5.77015 5.77013 5.77014 5.77015
5.77016 5.77014 5.76987 5.76997 5.77015 5.77013 5.77016 5.77015 5.77016 5.77007 5.77016 5.77015 5.77015 5.77009 5.76998 5.76999 5.7699 5.77 5.77 5.76987 5.76984 5.7699 5.76994 5.76989 5.76993 5.76991 5.77007 5.76994 5.76995 5.76994 5.7699 5.76992 5.76991 5.24314 5.71549 5.65026 5.77003 5.76994 5.77 5.77015 5.77006 5.7082 5.70056 5.74675 5.73496 5.5047 5.7701 5.76978 5.76974 4.31733 5.16434 4.31041 5.76987 5.7698 5.42009 5.71538 5.53198 5.76974 5.77013 5.77015 5.76993 5.76997 5.77014 5.77014 5.76996 5.77003 5.77014
5.77015 5.77016 5.77011 5.76993 5.76999 5.77015 5.76999 5.77016 5.77015 5.77016 5.77013 5.77016 5.77015 5.77014 5.76999 5.77015 5.76996 5.76989 5.77 5.77 5.77 5.76999 5.77 5.77 5.77 5.76981 5.77012 5.76996 5.76992 5.77008 5.76982 5.77 5.77 5.50787 6.55449 5.58133 5.77 5.76997 5.77009 5.77015 5.76999 5.68003 6.71646 5.75148 6.51002 5.45809 5.76991 5.77013 5.77013 5.53483 7.39404 5.56245 5.76982 5.77014 5.77014 5.77014 5.77014 5.77014 5.76993 5.76998 5.77014 5.77014 5.76986 5.76995 5.77016 5.76999 5.77012
5.76982 5.77015 5.77015 5.76983 5.76991 5.76991 5.77015 5.77013 5.77015 5.77 5.77015 5.77016 5.77014 5.77008 5.77015 5.77014 5.77015 5.76981 5.76993 5.77 5.77 5.77 5.77 5.77 5.77 5.76997 5.77011 5.76999 5.76998 5.76995 5.76986 5.77 5.76997 5.59913 5.56015 5.64529 5.76999 5.76988 5.77012 5.77014 5.77002 5.65935 5.68829 5.73253 5.71063 5.74596 5.76998 5.76997 5.77 5.52839 5.49694 5.63503 5.77013 5.76997 5.77015 5.77 5.77015 5.77009 5.76999 5.77006 5.77016 5.77015 5.77014 5.76985 5.77015 5.7701 5.77015
5.77014 5.76989 5.76986 5.77015 5.77012 5.76998 5.77012 5.77016 5.76998 5.77015 5.77014 5.77016 5.77011 5.76999 5.77013 5.77016 5.77015 5.77009 5.76997 5.76995 5.77 5.77 5.77 5.77 5.76998 5.76999 5.72657 5.70746 5.68774 5.76998 5.76987 5.77 5.76997 5.77002 5.76997 5.77012 5.76995 5.76996 5.76997 5.76998 5.76995 5.76998 5.7276 5.67159 5.90533 5.75895 5.76997 5.76999 5.77 5.76997 5.76999 5.76999 5.77015 5.77005 5.76998 5.77012 5.77015 5.77015 5.77016 5.77014 5.77016 5.77016 5.77016 5.77015 5.76997 5.77013 5.77015
5.77015 5.76992 5.77014 5.77015 5.77015 5.77002 5.76989 5.77015 5.77015 5.76995 5.77016 5.77015 5.77007 5.76995 5.77015 5.77014 5.77013 5.77012 5.77015 5.77 5.77 5.77 5.76999 5.77 5.76988 5.77013 5.70553 6.00695 5.68584 5.77011 5.76984 5.77 5.76998 5.76999 5.76996 5.77001 5.76997 5.76997 5.7701 5.76999 5.77015 5.76995 5.63116 6.72557 5.70529 5.76469 5.77012 5.76998 5.77007 5.77014 5.77015 5.77014 5.77014 5.77014 5.77015 5.77016 5.77016 5.77016 5.77015 5.77004 5.77013 5.77015 5.77016 5.77016 5.77015 5.76999 5.77014
5.77015 5.76991 5.76999 5.77016 5.77015 5.77015 5.77006 5.76995 5.76994 5.77015 5.77015 5.77014 5.77 5.76988 5.77015 5.77004 5.76993 5.76986 5.76993 5.76997 5.77 5.76999 5.77 5.77 5.76992 5.76999 5.72863 5.7614 5.73648 5.73001 5.77 5.76998 5.76995 5.76999 5.77009 5.77014 5.76998 5.77008 5.77014 5.76999 5.76996 5.76996 5.65884 5.73768 5.74829 5.77011 5.77015 5.77015 5.77016 5.77015 5.77 5.77015 5.77016 5.77016 5.77016 5.77016 5.77016 5.77016 5.77015 5.76997 5.76999 5.77009 5.77016 5.77016 5.77016 5.77016 5.7696
5.76992 5.77016 5.77015 5.77016 5.77011 5.77015 5.77015 5.77012 5.76996 5.76982 5.77015 5.7701 5.76988 5.76999 5.77014 5.76999 5.76998 5.76999 5.77004 5.76999 5.76995 5.77 5.76994 5.76991 5.76996 5.77004 5.77013 5.74894 6.00988 5.75959 5.76996 5.77013 5.76994 5.76998 5.76999 5.77 5.77009 5.77015 5.77007 5.76997 5.77 5.77015 5.77016 5.77016 5.77015 5.77015 5.77014 5.77013 5.77014 5.76998 5.77015 5.77015 5.77013 5.77013 5.77014 5.77011 5.7701 5.77012 5.77015 5.77016 5.76998 5.77014 5.77014 5.77016 5.77016 5.77016 5.77015
5.77014 5.76999 5.77004 5.77016 5.77015 5.76999 5.77015 5.77015 5.77001 5.77013 5.76991 5.76993 5.76997 5.76988 5.77014 5.77015 5.76977 5.76996 5.76996 5.77007 5.76994 5.77 5.76999 5.77004 5.76995 5.77011 5.76999 5.69202 5.66131 5.63433 5.76994 5.76991 5.76998 5.77 5.77 5.76985 5.77013 5.77015 5.77014 5.76998 5.74662 5.73303 5.7625 5.76371 5.76417 5.76359 5.76165 5.76089 5.66902 5.64807 5.66928 5.76319 5.75943 5.75825 5.7561 5.75083 5.74927 5.75375 5.76239 5.64525 5.65131 5.72169 5.77001 5.77015 5.77016 5.77016 5.77016
5.77016 5.77011 5.77015 5.77013 5.77016 5.77014 5.77 5.77014 5.77016 5.77015 5.77014 5.77015 5.77015 5.77 5.76984 5.7699 5.77015 5.76987 5.76999 5.76997 5.76999 5.76996 5.62285 5.64249 5.71049 5.77015 5.76996 5.76997 5.77014 5.76993 5.77004 5.76995 5.77 5.77 5.76999 5.76991 5.7699 5.77005 5.77015 5.77012 5.74861 6.02634 6.15373 6.16001 6.16017 6.16017 6.16017 6.16017 6.16017 6.16017 6.16017 6.16017 6.16017 6.16017 6.16017 6.16017 6.16017 6.16017 6.16017 6.16012 6.15377 5.74542 5.77012 5.77015 5.77015 5.77016 5.77016
