tests/full-run-ref/erosion_78_22_-42.864.asc
ncols 512
nrows 512
xllcorner -3.24582
yllcorner -4.08743
cellsize 5
NODATA_value -99999
[rows 0 to 35 of 512, columns 164 to 245 of 512]
280.128 274.358 268.588 262.818 257.048 251.278 245.508 239.738 233.968 228.198 222.428 216.658 210.888 205.118 199.348 193.578 187.808 182.038 176.268 170.498 164.728 158.958 153.188 147.418 141.648 139.258 136.868 132.506 126.736 124.346 121.956 119.566 117.176 114.786 109.917 104.147 98.3773 92.6073 86.8373 84.4473 82.0573 79.6673 77.2773 74.8873 72.4973 70.1072 68.4635 66.2918 66.0838 63.8187 63.6085 65.7851 67.8854 69.9478 67.5578 69.9478 72.3378 77.5557 131.72 125.95 120.18 114.41 108.64 102.87 97.1 91.33 85.56 79.79 74.02 68.25 62.48 56.71 50.94 45.17 39.4 33.63 27.86 22.09 16.32 13.93 11.54 11.54
277.738 271.968 266.198 260.428 254.658 248.888 243.118 237.348 231.578 225.808 220.038 214.268 208.498 202.728 196.958 191.188 185.418 179.648 173.878 168.108 162.338 156.568 150.798 145.028 139.258 133.488 131.098 128.708 124.346 118.576 116.186 113.796 111.406 109.016 106.626 101.757 95.9873 90.2173 84.4473 78.6773 76.2873 73.8973 71.5073 69.1173 66.7273 64.3372 62.6935 60.5218 60.3138 58.0487 57.8385 60.0151 62.1154 64.1778 61.7878 64.1778 66.5678 71.7857 129.33 123.56 117.79 112.02 106.25 100.48 94.71 88.94 83.17 77.4 71.63 65.86 60.09 54.32 48.55 42.78 37.01 31.24 25.47 19.7 13.93 8.15999 5.77 5.77
275.348 269.578 263.808 258.038 252.268 246.498 240.728 234.958 229.188 223.418 217.648 211.878 206.108 200.338 194.568 188.798 183.028 177.258 171.488 165.718 159.948 154.178 148.408 142.638 136.868 131.098 125.328 122.938 120.548 116.186 110.416 108.026 105.636 103.246 100.856 98.4664 93.5973 87.8273 82.0573 76.2873 70.5173 68.1273 65.7373 63.3473 60.9573 58.5672 56.9235 54.7518 54.5438 52.2787 52.0685 54.2451 56.3454 58.4078 56.0178 58.4078 60.7978 66.0157 126.94 121.17 115.4 109.63 103.86 98.09 92.32 86.55 80.78 75.01 69.24 63.47 57.7 51.93 46.16 40.39 34.62 28.85 23.08 17.31 11.54 5.77 5.77 5.77
272.874 267.108 261.342 255.575 249.808 244.041 238.273 232.505 226.738 220.969 215.201 209.432 203.662 197.892 192.122 186.351 180.579 174.807 169.033 163.259 157.483 151.706 145.928 140.147 134.365 128.582 122.802 117.023 114.735 112.339 107.972 102.165 99.7982 97.4007 95.0059 92.6134 90.2236 85.3368 79.5176 73.7041 67.8953 62.0947 59.8599 57.4628 55.0691 52.6778 51.0311 48.8599 48.6031 46.3786 46.1676 48.2914 50.3582 52.4127 49.9014 52.3526 54.6843 56.5116 122.695 118.899 112.903 106.986 101.049 95.1193 89.2006 83.2883 77.3811 71.4782 65.579 59.683 53.7898 47.8991 42.0105 36.1237 30.2387 24.3551 18.4728 12.6055 7.19013 4.46709 5.77 5.77
270.363 264.601 258.84 253.077 247.314 241.551 235.787 230.022 224.257 218.49 212.723 206.955 201.186 195.416 189.644 183.871 178.096 172.319 166.54 160.758 154.974 149.187 143.397 137.604 131.806 126.006 120.202 114.405 108.595 106.361 104.062 99.7002 93.8477 91.4822 89.1119 86.7258 84.3467 81.9417 77.0094 71.1168 65.2281 59.3632 53.4913 51.3203 49.0756 46.7475 45.1024 42.9314 42.6957 40.4697 40.2316 42.2958 44.3253 46.3891 43.7697 46.1582 48.1273 47.462 118.863 116.946 110.834 104.661 98.5178 92.4068 86.3129 80.2317 74.1608 68.0985 62.0435 55.9949 49.9518 43.9134 37.8792 31.8488 25.8217 19.7974 13.7758 7.83474 3.63093 4.01154 5.77 5.77
267.799 262.044 256.288 250.531 244.774 239.015 233.254 227.493 221.73 215.966 210.2 204.432 198.662 192.889 187.114 181.336 175.554 169.77 163.981 158.189 152.393 146.592 140.787 134.975 129.159 123.336 117.503 111.657 105.811 99.9386 97.8588 95.69 91.3183 85.3506 83.0042 80.6561 78.3341 75.9641 73.5576 68.5604 62.5566 56.5564 50.5714 44.5568 42.5628 40.4881 38.9416 36.7751 36.6312 34.3797 34.0871 36.0935 38.1047 40.2739 37.4071 39.3315 44.5137 42.6164 114.99 114.688 109.181 102.723 96.3812 90.0697 83.7835 77.5163 71.2641 65.0242 58.7946 52.5737 46.3602 40.1533 33.9521 27.756 21.5643 15.3765 9.19223 3.22016 0.76815 4.11576 5.77 5.77
265.204 259.454 253.703 247.95 242.196 236.441 230.684 224.924 219.162 213.398 207.63 201.859 196.085 190.307 184.524 178.738 172.947 167.152 161.352 155.546 149.736 143.92 138.098 132.269 126.433 120.583 114.72 108.845 102.947 97.0313 91.0605 89.1988 87.2307 82.8404 76.6858 74.3571 72.1539 69.8837 67.5276 65.1406 60.0685 53.9345 47.791 41.6225 35.372 33.625 32.4915 30.5315 30.6281 28.4084 28.0328 29.9568 31.9126 37.2544 30.7816 35.582 41.488 42.5197 48.8944 111.095 108.48 101.963 95.45 88.9973 82.5787 76.184 69.8063 63.4415 57.0872 50.7413 44.4027 38.0702 31.7431 25.4206 19.1023 12.7876 6.47622 0.504453 0 4.45629 5.77 5.77
262.577 256.829 251.08 245.33 239.577 233.822 228.065 222.304 216.539 210.771 204.998 199.22 193.438 187.65 181.857 176.06 170.256 164.448 158.634 152.815 146.99 141.158 135.32 129.475 123.615 117.741 111.855 105.955 100.04 94.0857 88.0702 81.9549 80.3789 78.6857 74.2587 67.8398 65.5976 63.5667 61.3778 59.0656 56.7435 51.6036 45.2946 38.988 32.5756 26.6094 26.0983 25.256 26.0569 26.1808 26.2048 25.5939 29.3138 31.3487 24.3829 32.6579 38.7481 43.6827 47.1836 108.67 108.212 102.065 95.4501 88.926 82.4488 75.9964 69.5599 63.1342 56.7164 50.3045 43.8974 37.4942 31.0942 24.6971 18.3025 11.91 5.51955 0 0 4.66764 5.77 5.77
259.929 254.178 248.426 242.672 236.916 231.157 225.395 219.629 213.857 208.081 202.299 196.511 190.717 184.917 179.112 173.301 167.484 161.661 155.833 149.999 144.159 138.313 132.46 126.599 120.724 114.84 108.939 103.024 97.0948 91.1475 85.1288 78.9707 72.6557 71.4318 70.0854 65.5968 58.859 56.7538 54.9347 52.8675 50.6816 49.3569 43.6317 37.1694 30.7796 25.2557 25.7602 26.5215 26.6206 26.6278 26.6338 26.4967 25.2908 24.0939 29.976 34.2381 40.2215 45.7562 49.6657 54.0987 106.6 102.662 96.0441 89.5433 83.0779 76.6326 70.1976 63.7687 57.3433 50.9201 44.4982 38.0771 31.6564 25.236 18.8157 12.3955 5.97519 0 0 4.64954 5.77 5.77
257.276 251.514 245.752 239.988 234.223 228.455 222.684 216.908 211.126 205.338 199.545 193.745 187.939 182.126 176.307 170.482 164.651 158.814 152.971 147.123 141.269 135.408 129.541 123.666 117.787 111.893 105.986 100.065 94.1293 88.1787 82.2033 76.1094 69.7608 63.1984 62.3826 61.4284 56.8596 49.7761 47.858 46.2859 44.4068 43.4222 42.0877 35.4726 29.2392 24.8163 26.5261 26.6385 26.6385 26.6338 26.634 26.6338 26.5544 24.6584 27.6067 33.5453 39.3952 45.3365 50.5375 56.6196 106.888 103.427 97.0083 90.585 84.189 77.7992 71.4123 65.0256 58.6377 52.2477 45.8554 39.4606 33.0632 26.6634 20.2612 13.8568 7.45039 1.31309 0 4.47604 5.77 5.77
254.639 248.858 243.078 237.299 231.519 225.737 219.952 214.163 208.369 202.569 196.763 190.951 185.132 179.306 173.474 167.636 161.791 155.94 150.083 144.22 138.351 132.477 126.595 120.708 114.815 108.916 103.006 97.0833 91.1474 85.1972 79.2306 73.2286 67.0437 60.4588 53.6087 53.2434 52.7117 48.0541 40.6183 38.9238 37.6603 37.0882 40.5605 34.2965 27.791 25.588 26.6036 26.6385 26.6388 26.6388 26.6387 26.6388 26.5688 26.3165 31.2138 36.6523 42.5968 48.4428 54.3849 57.1642 108.397 104.624 98.172 91.8713 85.5605 79.2543 72.9455 66.6321 60.313 53.9879 47.6569 41.3201 34.978 28.6308 22.2788 15.9225 9.56214 3.36458 0.803502 4.26865 5.77 5.77
252.042 246.235 240.431 234.63 228.83 223.029 217.227 211.422 205.613 199.8 193.981 188.156 182.325 176.487 170.642 164.79 158.932 153.067 147.196 141.318 135.434 129.545 123.649 117.747 111.839 105.928 100.011 94.085 88.1484 82.1995 76.2367 70.2555 64.2241 57.93 51.0688 43.8952 44.0186 43.9475 39.2023 31.3813 30.019 30.1889 34.575 37.5659 32.3864 26.3457 26.5086 26.6385 26.6389 26.6389 26.6389 26.6389 26.4414 25.8391 31.0917 36.9989 42.7795 48.7213 54.5568 59.144 72.7577 104.716 99.6091 93.1777 86.9562 80.7423 74.5242 68.2977 62.0617 55.8162 49.5614 43.2979 37.0263 30.7471 24.4609 18.1683 11.8696 5.64894 2.07205 4.11914 5.77 5.77
249.494 243.655 237.822 231.993 226.166 220.342 214.517 208.692 202.865 197.034 191.2 185.36 179.515 173.664 167.805 161.94 156.068 150.188 144.302 138.408 132.508 126.602 120.689 114.77 108.845 102.916 96.9838 91.0461 85.1012 79.1471 73.182 67.2036 61.2044 55.1369 48.7167 41.5513 34.0265 34.7321 35.5351 30.6947 23.5782 23.1799 30.2714 31.5607 34.4358 29.7164 26.4755 26.6388 26.6389 26.6389 26.6389 26.6389 26.2796 29.2471 34.2141 39.8703 45.7173 51.2417 57.0187 62.4777 72.6388 82.8264 100.47 94.351 88.2268 82.1122 75.9889 69.8535 63.705 57.5437 51.3702 45.1853 38.9897 32.7843 26.5696 20.3465 14.1155 7.90757 3.47494 4.08032 5.77 5.77
246.974 241.099 235.229 229.364 223.504 217.647 211.792 205.938 200.084 194.229 188.372 182.512 176.647 170.777 164.901 159.018 153.128 147.23 141.325 135.412 129.491 123.563 117.628 111.686 105.737 99.7822 93.8231 87.86 81.8921 75.9181 69.9363 63.9447 57.9405 51.9127 45.7976 39.2423 31.7853 23.9411 26.2243 30.8673 25.3349 25.1763 24.9969 26.094 32.0558 27.4631 26.5738 26.6388 26.6307 26.6322 26.6351 26.6154 26.2941 31.8431 37.6095 42.8135 48.4097 54.17 59.6429 65.3577 70.9266 81.3853 101.122 95.3233 89.2857 83.2716 77.2414 71.1946 65.1314 59.0526 52.9591 46.8519 40.7319 34.5999 28.4568 22.3033 16.1403 9.97376 4.90674 4.15885 5.77 5.77
244.684 238.778 232.877 226.979 221.086 215.197 209.312 203.429 197.547 191.667 185.786 179.903 174.018 168.129 162.235 156.335 150.428 144.515 138.593 132.664 126.726 120.78 114.826 108.863 102.893 96.9159 90.9324 84.944 78.9512 72.9539 66.951 60.9412 54.9228 48.8924 42.8365 36.677 29.9972 22.4274 17.8023 23.6384 25.1518 26.5107 26.6388 26.5979 26.5623 26.5624 26.6238 26.6389 26.6297 28.2493 26.5921 28.1896 32.1889 34.4596 40.1848 45.9531 51.1424 56.7315 62.4993 67.9974 73.8027 79.4761 95.243 96.0626 90.093 84.1679 78.2204 72.2529 66.2669 60.2635 54.2436 48.2084 42.1587 36.0955 30.0196 23.9317 17.8327 11.7233 6.27431 4.33075 5.77 5.77
243.869 237.957 232.047 226.139 220.233 214.33 208.43 202.532 196.636 190.741 184.847 178.952 173.056 167.158 161.257 155.351 149.44 143.522 137.599 131.668 125.729 119.783 113.829 107.866 101.895 95.917 89.9317 83.9404 77.9442 71.9435 65.9384 59.9284 53.9123 47.8889 41.8558 35.8603 29.7054 23.5877 19.3905 26.0392 26.5399 26.6211 26.6388 26.6388 26.6388 26.6388 26.6388 26.6389 26.6266 31.2392 32.3957 32.618 36.3625 40.3949 42.7235 48.4422 54.2111 59.4147 65.0191 70.8129 76.3386 82.0907 92.9202 96.6109 90.7268 84.8639 78.9825 73.0815 67.162 61.2248 55.2709 49.301 43.316 37.3167 31.3038 25.278 19.2399 13.1904 7.50723 4.55924 5.77 5.77
241.472 235.532 229.588 223.642 217.696 211.749 205.803 199.857 193.912 187.966 182.021 176.076 170.129 164.18 158.228 152.273 146.313 140.347 134.374 128.395 122.407 116.41 110.404 104.388 98.3621 92.3257 86.2793 80.2237 74.1598 68.0884 62.0101 55.9251 49.8332 43.734 37.6264 31.6017 26.0114 21.7693 23.2438 26.6192 26.6388 26.6388 26.6389 26.6389 26.6389 26.6389 26.6389 26.6389 26.6249 28.848 34.6178 38.4019 40.7862 44.5407 48.5869 50.9449 56.6669 62.4414 67.6565 73.2634 79.037 84.5485 90.5813 97.024 91.2068 85.3878 79.5534 73.7032 67.8367 61.9543 56.0562 50.143 44.2151 38.2731 32.3174 26.3486 20.3673 14.3739 8.56681 4.80749 5.77 5.77
239.163 233.206 227.24 221.269 215.292 209.31 203.326 197.339 191.35 185.358 179.366 173.371 167.374 161.375 155.372 149.365 143.354 137.337 131.313 125.282 119.242 113.193 107.134 101.063 94.9807 88.886 82.7785 76.6586 70.5266 64.3835 58.2299 52.0664 45.8934 39.7111 33.5191 27.5192 21.3061 19.0179 24.7078 26.6198 26.6389 26.6389 26.6389 26.6389 26.6389 26.6389 26.6389 26.6389 26.6254 31.2387 37.0085 42.7788 46.5644 48.9522 52.7114 56.7662 59.143 64.8661 70.6384 75.8473 81.4509 87.2236 93.0027 97.3462 91.5612 85.7694 79.9663 74.1513 68.3238 62.4832 56.6294 50.7624 44.8821 38.9889 33.0828 27.1642 21.2335 15.2908 9.43323 5.04517 5.77 5.77
239.727 233.806 227.875 221.936 215.989 210.035 204.074 198.107 192.135 186.158 180.177 174.192 168.202 162.209 156.21 150.207 144.199 138.186 132.166 126.139 120.104 114.061 108.009 101.948 95.8752 89.7915 83.6957 77.5876 71.4671 65.3342 59.1892 53.0327 46.8649 40.6861 34.4964 28.5403 24.0503 22.5435 25.585 26.6389 26.6389 26.6389 26.6389 26.6389 26.6389 26.6389 26.6389 26.6389 26.6325 31.2391 37.0091 42.779 48.5491 54.3193 57.1149 60.8763 64.9349 67.3202 73.0405 78.8117 84.0213 89.6265 95.3985 97.5921 91.8183 86.0401 80.2553 74.4628 68.6614 62.8505 57.0293 51.1976 45.3548 39.5009 33.6358 27.7594 21.872 15.9734 10.1077 5.25174 5.77 5.77
237.399 231.468 225.525 219.568 213.599 207.617 201.624 195.619 189.604 183.578 177.543 171.499 165.446 159.384 153.314 147.235 141.148 135.053 128.948 122.833 116.709 110.573 104.427 98.2676 92.0953 85.9088 79.7072 73.4898 67.2558 61.0049 54.7367 48.4514 42.1489 35.8295 29.4934 23.2536 17.9704 19.0634 26.1457 26.6389 26.6389 26.6389 26.6389 26.6389 26.6389 26.6389 26.6389 26.6389 26.6385 28.849 34.6188 40.3888 46.1588 51.9288 57.6988 63.4687 69.0379 73.0982 75.4866 81.2068 86.9779 92.1867 97.7894 97.7705 92 86.2275 80.4519 74.672 68.8867 63.095 57.2961 51.4895 45.6744 39.8505 34.0174 28.1748 22.3227 16.4609 10.6077 5.41767 5.77 5.77
238.384 232.497 226.599 220.689 214.768 208.834 202.89 196.934 190.967 184.989 179.001 173.003 166.996 160.98 154.954 148.92 142.877 136.825 130.765 124.696 118.617 112.53 106.432 100.323 94.2036 88.0718 81.9274 75.7693 69.597 63.4099 57.2074 50.9893 44.7555 38.5058 32.2404 25.9593 20.6639 20.9668 26.4884 26.6389 26.6389 26.6389 26.6389 26.6389 26.6389 26.6389 26.6389 26.6389 26.6386 28.8491 34.6189 40.3889 46.159 51.929 57.6991 63.4693 69.2392 75.0094 80.7795 83.6491 89.3688 95.1389 100.347 97.8938 92.1238 86.3535 80.5818 74.8081 69.0315 63.2512 57.4663 51.6762 45.8802 40.0777 34.2682 28.4513 22.6267 16.7941 10.9603 5.54217 5.77 5.77
239.364 233.519 227.666 221.804 215.933 210.054 204.165 198.266 192.359 186.442 180.516 174.581 168.637 162.685 156.725 150.756 144.78 138.795 132.803 126.803 120.796 114.78 108.756 102.723 96.6815 90.6303 84.5691 78.4971 72.414 66.3191 60.2121 54.0926 47.9602 41.8148 35.6563 29.4845 23.8818 22.5277 26.2423 26.6389 26.6389 26.6389 26.6389 26.6389 26.6389 26.6389 26.6389 26.6389 26.6387 31.2395 37.0093 42.7794 48.5494 54.3195 60.0895 65.8595 71.6296 77.3997 83.1697 88.9398 91.8094 97.5289 103.299 97.9751 92.205 86.435 80.6648 74.8937 69.1214 63.347 57.5702 51.7901 46.0062 40.218 34.4248 28.6262 22.8218 17.0112 11.1965 5.6299 5.77 5.77
240.074 234.257 228.433 222.604 216.767 210.925 205.075 199.217 193.352 187.48 181.6 175.712 169.817 163.914 158.004 152.086 146.161 140.229 134.29 128.344 122.391 116.43 110.463 104.488 98.5053 92.5146 86.5154 80.5073 74.4899 68.4628 62.4257 56.3781 50.3199 44.2508 38.1705 32.0789 26.3178 23.7373 26.1322 26.6389 26.6389 26.6389 26.6389 26.6389 26.6389 26.6389 26.6389 26.6389 26.6386 28.8494 34.6193 40.3894 46.1595 51.9295 57.6996 63.4696 69.2397 75.0097 80.7797 86.5497 92.3197 98.0898 103.796 98.0258 92.2558 86.4857 80.7156 74.9455 69.1749 63.4034 57.6306 51.8561 46.0793 40.2999 34.5172 28.7309 22.9405 17.1455 11.3465 5.68813 5.77 5.77
240.579 234.778 228.974 223.165 217.351 211.533 205.709 199.879 194.044 188.203 182.356 176.502 170.642 164.775 158.902 153.022 147.136 141.244 135.345 129.439 123.528 117.609 111.685 105.753 99.8144 93.8686 87.9151 81.9536 75.9838 70.0053 64.0178 58.0211 52.0148 45.9988 39.9729 33.9369 28.0988 24.6781 26.0996 26.6389 26.6389 26.6389 26.6389 26.6389 26.6389 26.6389 26.6389 26.6378 26.6305 31.2396 37.0095 42.7796 48.5496 54.3196 60.0897 65.8597 71.6297 77.3997 83.1697 88.9397 94.7098 100.48 103.826 98.0556 92.2855 86.5154 80.7453 74.9751 69.2049 63.4346 57.6637 51.892 46.1191 40.3446 34.5682 28.7896 23.0082 17.2238 11.4361 5.72452 5.77 5.77
240.915 235.125 229.332 223.536 217.736 211.933 206.127 200.316 194.501 188.681 182.856 177.026 171.191 165.351 159.505 153.654 147.797 141.934 136.065 130.191 124.311 118.425 112.533 106.634 100.729 94.817 88.8974 82.97 77.0343 71.0902 65.1371 59.175 53.2036 47.2227 41.2323 35.2324 29.3582 25.3917 26.1238 26.6389 26.6389 26.6389 26.6389 26.6389 26.6389 26.6389 26.6389 26.6344 27.8586 33.6291 39.3991 45.1692 50.9392 56.7092 62.4792 68.2492 74.0192 79.7892 85.5592 91.3293 95.5005 97.8935 101.263 98.0711 92.3009 86.5308 80.7606 74.9904 69.2202 63.4498 57.6794 51.9088 46.1377 40.366 34.5931 28.8189 23.0431 17.2653 11.4853 5.74573 5.77 5.77
241.096 235.311 229.524 223.735 217.944 212.15 206.353 200.554 194.751 188.944 183.134 177.32 171.502 165.679 159.852 154.021 148.184 142.343 136.497 130.645 124.788 118.925 113.056 107.181 101.299 95.4104 89.5135 83.6083 77.6942 71.7707 65.8377 59.8948 53.942 47.9795 42.0072 36.025 30.1208 25.8521 26.1693 26.6389 26.6389 26.6389 26.6389 26.6389 26.6389 26.6342 26.6191 26.6257 30.2471 36.0183 41.7884 47.5584 53.3284 59.0984 64.8684 70.6384 76.4084 82.1784 84.9329 87.3405 89.7334 93.1026 95.4926 98.077 92.3067 86.5365 80.7663 74.996 69.2257 63.4552 57.6848 51.9142 46.1434 40.3725 34.6012 28.8293 23.0565 17.2827 11.5074 5.75672 5.77 5.77
241.189 235.406 229.621 223.835 218.048 212.258 206.466 200.673 194.877 189.078 183.276 177.472 171.665 165.855 160.041 154.224 148.403 142.577 136.747 130.912 125.072 119.226 113.375 107.517 101.652 95.7798 89.899 84.0092 78.1096 72.1999 66.2799 60.3495 54.4089 48.4583 42.497 36.5326 30.5887 25.8216 26.0394 26.6389 26.6389 26.6389 26.6389 26.6389 26.6389 26.6133 32.3959 30.2376 32.6347 38.4067 44.1768 49.9468 55.7168 61.4868 67.2568 71.9929 74.3829 76.7729 79.1804 81.5733 84.9425 87.3324 89.7224 95.4926 92.3071 86.5368 80.7665 74.9961 69.2257 63.4552 57.6846 51.914 46.1432 40.3722 34.6011 28.8298 23.0581 17.286 11.5132 5.76099 5.77 5.77
243.602 237.823 232.043 226.261 220.479 214.696 208.912 203.127 197.341 191.554 185.765 179.976 174.186 168.394 162.601 156.805 151.006 145.205 139.401 133.594 127.784 121.97 116.151 110.328 104.5 98.6665 92.8261 86.9786 81.1235 75.2606 69.3898 63.5111 57.6248 51.7302 45.8297 39.9219 34.2786 28.8301 25.6125 26.6092 26.6389 26.6388 26.6386 26.6388 26.6389 26.6013 32.3885 36.1698 38.4009 40.7968 46.5668 52.3368 58.1068 61.4429 63.8329 66.2229 68.6128 71.0203 73.4132 76.7824 79.1723 81.5623 87.3323 93.1025 92.3063 86.5358 80.7654 74.995 69.2246 63.454 57.6834 51.9127 46.1418 40.3708 34.5997 28.8285 23.057 17.2853 11.5132 5.76191 5.77 5.77
246.008 240.231 234.453 228.675 222.896 217.117 211.337 205.558 199.779 193.999 188.221 182.442 176.662 170.882 165.101 159.318 153.534 147.749 141.962 136.174 130.383 124.591 118.796 112.997 107.195 101.389 95.5774 89.7602 83.9368 78.107 72.2707 66.4276 60.5773 54.7202 48.8548 43.2365 37.4116 31.4125 25.7965 25.7415 26.3312 26.5456 26.5675 26.5984 26.6358 26.5274 32.3729 38.1451 41.9348 46.1129 48.5029 50.8929 53.2829 55.6729 58.0628 60.4528 62.8602 65.2531 68.6222 71.0122 73.4021 79.1722 84.9422 90.7124 92.3061 86.5355 80.7652 74.9948 69.2243 63.4537 57.6831 51.9124 46.1415 40.3705 34.5994 28.8282 23.0568 17.2855 11.5135 5.76226 5.77 5.77
248.406 242.629 236.853 231.075 225.298 219.52 213.744 207.967 202.191 196.416 190.64 184.864 179.087 173.31 167.532 161.753 155.974 150.194 144.413 138.631 132.848 127.064 121.278 115.49 109.699 103.903 98.1029 92.2967 86.4839 80.664 74.8368 69.0015 63.1581 57.306 51.6938 45.8262 39.7821 33.6795 31.8851 32.2638 32.1676 32.314 31.1157 28.7257 26.4947 28.9365 31.3701 33.7691 39.5448 40.3428 42.7328 45.1228 47.5128 49.9027 52.2927 54.7002 57.093 60.4622 62.852 65.2419 71.012 76.7821 82.5522 88.3223 91.3072 85.5366 79.7662 73.9957 68.2251 62.4545 56.6838 50.9129 45.1419 39.3708 33.5996 27.8282 22.06 16.291 11.516 5.76278 5.77 5.77
250.803 245.027 239.25 233.474 227.697 221.922 216.146 210.371 204.596 198.82 193.044 187.268 181.491 175.714 169.936 164.158 158.379 152.6 146.821 141.041 135.261 129.479 123.696 117.91 112.122 106.329 100.53 94.7251 88.9127 83.0925 77.264 71.4273 65.5823 59.9757 54.1313 48.1446 42.1037 40.0639 38.266 38.304 36.3157 30.6929 25.0408 22.7793 20.6454 23.148 25.5999 31.377 34.5654 34.5727 36.9625 39.3524 41.7423 44.1325 46.54 48.9329 52.302 54.6918 57.0816 62.8518 68.622 74.3921 80.1621 85.9323 88.9171 83.1464 77.3759 71.6053 65.8346 60.0637 54.2927 48.5216 42.7503 36.9788 31.207 25.4349 19.6625 13.8933 8.12745 5.76597 5.77 5.77
253.205 247.425 241.649 235.872 230.098 224.322 218.547 212.77 206.994 201.218 195.441 189.665 183.888 178.111 172.333 166.555 160.778 154.999 149.221 143.442 137.662 131.882 126.1 120.315 114.527 108.734 102.935 97.1297 91.3164 85.495 79.6657 73.8286 68.2281 62.4064 56.4796 50.5092 48.4175 46.3754 44.2847 39.4958 33.5227 27.593 22.0292 16.8865 17.4125 17.415 23.2086 28.9874 28.7858 28.7918 31.1883 33.5818 35.9718 38.3795 40.7725 44.1418 46.5316 48.9212 54.6915 60.4617 66.2318 72.002 77.7721 83.5423 86.5271 80.7564 74.9858 69.2151 63.4443 57.6733 51.902 46.1306 40.359 34.5873 28.8151 23.0423 17.2697 11.4962 5.75438 5.76912 5.77 5.77
255.605 249.827 244.047 238.271 232.495 226.719 220.943 215.167 209.39 203.614 197.838 192.062 186.285 180.509 174.732 168.956 163.179 157.401 151.624 145.846 140.068 134.288 128.508 122.724 116.938 111.146 105.349 99.5453 93.7342 87.9159 82.0907 76.4995 70.6992 64.8214 58.9167 56.7452 54.3154 48.5372 42.6471 36.6882 30.738 24.8037 19.0301 17.1793 17.4745 17.4734 20.8416 25.3904 23.0062 23.0111 25.4126 27.8093 30.2182 32.6117 35.9812 38.371 40.7607 46.5311 52.3014 58.0716 63.8417 69.6118 75.382 81.1522 84.5512 78.7805 73.01 67.2393 61.4684 55.6974 49.9261 44.1545 38.3826 32.6109 27.8294 22.0567 16.2856 11.5073 5.76023 5.77 5.77 5.77
248.554 252.225 246.447 240.667 234.891 229.115 223.339 217.564 211.788 206.012 200.237 194.462 188.687 182.911 177.136 171.361 165.586 159.81 154.034 148.257 142.48 136.703 130.924 125.143 119.36 113.572 107.78 101.982 96.1787 90.3691 84.7922 79.014 73.1721 67.3135 65.0855 62.6016 56.798 50.9321 45.0756 39.2 33.3271 27.4737 21.9081 16.9708 23.007 17.4748 22.0146 19.6114 17.2244 17.231 19.634 22.0531 24.4491 27.8194 30.2096 32.5996 38.3704 44.1409 49.9112 55.6813 61.4515 67.2217 72.9919 78.7622 82.1612 76.3905 70.62 64.8494 59.0785 53.3075 47.5361 41.7644 35.9924 30.2201 24.4472 19.6653 13.8922 8.12528 5.76539 5.77 5.77 5.77
242.47 244.863 248.844 243.068 237.288 231.512 225.736 219.961 214.186 208.411 202.636 196.862 191.088 185.314 179.54 173.766 167.992 162.217 156.442 150.667 144.891 139.115 133.338 127.559 121.778 115.994 110.206 104.414 98.6169 93.0521 87.2924 81.4801 75.6576 73.3794 70.8534 65.0621 59.2324 53.4192 47.6066 41.7946 36.0025 30.4009 24.9096 22.9027 21.7115 19.3343 16.1872 13.8099 11.4392 11.4487 13.8739 16.2805 19.6762 22.0463 24.4367 30.2084 35.9796 41.7503 47.5208 53.291 59.0613 64.8315 70.6018 76.3721 79.7711 74.0004 68.23 62.4594 56.6887 50.9177 45.1464 39.3747 33.6027 27.8301 22.0569 16.2831 11.5029 5.75597 5.76909 5.77 5.77 5.77
236.7 239.091 241.484 243.881 239.689 233.909 228.133 222.358 216.583 210.809 205.035 199.261 193.488 187.715 181.942 176.168 170.395 164.621 158.847 153.073 147.298 141.523 135.746 129.969 124.19 118.408 112.624 106.836 101.279 95.5314 89.7351 83.9477 81.6552 79.0886 73.2832 67.4733 61.679 55.8848 50.0932 44.3246 38.6124 32.8232 27.0551 21.3646 15.5904 13.3636 11.3123 8.01299 5.71807 5.73553 8.10653 11.5084 13.9033 16.2709 22.0446 27.8165 33.588 39.3592 45.1299 50.9005 56.6708 62.4412 68.2116 73.982 77.382 71.6112 65.8407 60.0702 54.2996 48.5287 42.7576 36.9861 31.2141 25.4416 19.6684 13.8941 8.12547 5.7652 5.77 5.77 5.77 5.77
