tests/full-run-ref/erosion_82_12_73.185.asc
ncols 512
nrows 512
xllcorner -3.24582
yllcorner -4.08743
cellsize 5
NODATA_value -99999
[rows 248 to 278 of 512, columns 69 to 137 of 512]
11.54 11.54 11.54 11.54 11.54 11.54 11.5399 11.54 11.54 11.54 11.5399 11.5398 11.5398 11.5397 11.5397 11.5396 11.5396 11.5394 11.5394 11.5392 11.538 11.5376 11.5364 11.5365 11.5361 11.5369 11.5365 11.5351 11.5362 11.535 11.5352 11.5345 11.5349 11.5342 11.5349 11.5342 11.5352 11.5356 11.5361 11.5359 11.5371 11.5374 11.5372 11.5369 11.5369 11.5369 11.5367 11.5373 11.538 11.5383 11.5382 11.5383 11.5385 11.5381 11.5382 11.5383 11.5385 11.5381 11.5386 11.5384 11.5388 11.5387 11.5391 11.5391 11.5394 11.5394 11.5395 11.5395 11.5395
11.54 11.54 11.54 11.54 11.54 11.54 11.54 11.5399 11.54 11.54 11.5399 11.5398 11.5398 11.5398 11.5398 11.5396 11.5397 11.5396 11.5396 11.5395 11.538 11.538 11.5376 11.5377 11.5373 11.5356 11.5364 11.5363 11.5353 11.5353 11.5354 11.5346 11.5269 11.5265 11.5274 11.5274 11.5267 11.5291 11.5294 11.5308 11.5325 11.5328 11.5331 11.5323 11.5323 11.5316 11.5325 11.5335 11.535 11.5354 11.5361 11.5361 11.5363 11.5363 11.5363 11.5366 11.5363 11.5364 11.5369 11.5372 11.5371 11.5375 11.5381 11.5383 11.5385 11.5387 11.5389 11.5389 11.5387
11.54 11.54 11.54 11.54 11.54 11.54 11.54 11.54 11.54 11.5399 11.5398 11.5398 11.5398 11.5397 11.5398 11.5396 11.5396 11.5394 11.5395 11.5393 11.538 11.5377 11.5363 11.537 11.5365 11.5361 11.5365 11.5352 11.5355 11.5353 11.5351 11.534 11.5336 11.5333 11.5337 11.5334 11.5337 11.5346 11.5351 11.5358 11.5359 11.5364 11.5364 11.536 11.536 11.5361 11.5365 11.537 11.5373 11.5378 11.5382 11.5382 11.5384 11.5381 11.5384 11.5384 11.5385 11.5386 11.5388 11.5388 11.5389 11.539 11.5392 11.5393 11.5394 11.5394 11.5395 11.5394 11.5394
11.54 11.54 11.54 11.54 11.5399 11.54 11.5399 11.5399 11.5399 11.5399 11.54 11.54 11.54 11.54 11.54 11.54 11.54 11.54 11.54 11.54 11.54 11.54 11.54 11.54 11.54 11.54 11.54 11.54 11.54 11.54 11.54 11.54 11.54 11.54 11.54 11.54 11.54 11.54 11.54 11.54 11.54 11.54 11.54 11.54 11.54 11.54 11.54 11.54 11.54 11.54 11.54 11.54 11.54 11.54 11.54 11.54 11.54 11.54 11.54 11.54 11.54 11.54 11.54 11.54 11.54 11.54 11.54 11.54 11.54
11.54 11.54 11.54 11.54 11.54 11.54 11.5399 11.5399 11.5399 11.5399 11.5398 11.5397 11.5397 11.5397 11.5397 11.5396 11.5396 11.5394 11.5392 11.5387 11.5375 11.5371 11.5361 11.536 11.5358 11.535 11.5347 11.5325 11.54 11.54 11.529 11.5282 11.5275 11.5276 11.5289 11.53 11.54 11.54 11.5334 11.534 11.5345 11.5349 11.535 11.5348 11.5348 11.5348 11.5349 11.5356 11.5364 11.537 11.5376 11.538 11.5383 11.5383 11.5384 11.5386 11.5388 11.5388 11.5389 11.5388 11.54 11.54 11.539 11.5391 11.5391 11.5391 11.5392 11.5391 11.54
11.54 11.54 11.54 11.54 11.54 11.54 11.5399 11.5399 11.5399 11.5398 11.54 11.5397 11.5394 11.5394 11.5393 11.5391 11.539 11.5387 11.538 11.5366 11.5342 11.5329 11.5317 11.5308 11.5304 11.5293 11.5263 11.5192 11.5249 11.5136 11.5151 11.5134 11.5121 11.5129 11.5146 11.5143 11.5261 11.5197 11.5243 11.5256 11.5267 11.5278 11.5281 11.5278 11.5279 11.5276 11.5285 11.5299 11.5314 11.533 11.5344 11.5353 11.5361 11.5364 11.5367 11.537 11.5373 11.5376 11.5375 11.5371 11.5382 11.5371 11.5378 11.5379 11.538 11.5381 11.5381 11.5378 11.5386
11.54 11.54 11.54 11.54 11.54 11.54 11.5399 11.5399 11.5399 11.54 11.54 11.54 11.54 11.54 11.54 11.54 11.54 11.54 11.54 11.54 11.54 11.54 11.54 11.54 11.54 11.54 11.54 11.54 11.5299 11.5316 11.5312 11.5312 11.5302 11.5309 11.5322 11.5328 11.5205 11.5317 11.5325 11.5329 11.5335 11.534 11.5343 11.5342 11.5343 11.5343 11.5347 11.5354 11.5361 11.5368 11.5375 11.538 11.5382 11.5385 11.5386 11.5388 11.5389 11.539 11.539 11.5388 11.5382 11.5392 11.5393 11.5394 11.5394 11.5394 11.5395 11.5394 11.5373
11.54 11.54 11.54 11.54 11.54 11.5399 11.5399 11.5399 11.5399 11.5397 11.5398 11.5395 11.5397 11.5396 11.5395 11.5394 11.5392 11.5389 11.5381 11.5366 11.5342 11.54 11.5306 11.5299 11.5298 11.5294 11.5282 11.5279 11.54 11.54 11.54 11.54 11.54 11.54 11.54 11.54 11.54 11.54 11.54 11.54 11.54 11.54 11.54 11.54 11.54 11.54 11.54 11.54 11.54 11.54 11.54 11.54 11.54 11.54 11.54 11.54 11.54 11.54 11.54 11.54 11.54 11.54 11.54 11.54 11.54 11.54 11.54 11.54 11.54
11.54 11.54 11.54 11.54 11.54 11.5399 11.5399 11.5399 11.5399 11.5398 11.5395 11.5392 11.5392 11.539 11.5388 11.5385 11.5381 11.5371 11.5351 11.5311 11.5208 11.5225 11.5221 11.5227 11.522 11.5214 11.5199 11.5152 11.5164 11.54 11.54 11.5189 11.5227 11.54 11.54 11.5281 11.5286 11.5288 11.5292 11.5299 11.5307 11.5317 11.5324 11.5324 11.5318 11.54 11.54 11.5322 11.534 11.54 11.54 11.5377 11.5379 11.54 11.54 11.5382 11.5386 11.54 11.54 11.5388 11.5388 11.5388 11.5387 11.5387 11.54 11.54 11.5389 11.5391 11.54
11.54 11.5399 11.5399 11.5399 11.5399 11.5399 11.5399 11.5399 11.5399 11.5398 11.5398 11.5396 11.5396 11.5395 11.5394 11.5393 11.5391 11.5386 11.5376 11.5356 11.5313 11.511 11.4975 11.506 11.4967 11.5043 11.4931 11.4976 11.4932 11.5045 11.4827 11.4922 11.4918 11.51 11.5004 11.5096 11.5109 11.5116 11.5127 11.5145 11.5167 11.5191 11.5208 11.5212 11.5162 11.5234 11.5155 11.5223 11.5244 11.5327 11.5312 11.5345 11.5341 11.5362 11.5344 11.5359 11.5362 11.538 11.537 11.5372 11.5371 11.5368 11.5369 11.5362 11.5375 11.5363 11.5374 11.5375 11.5384
11.5399 11.54 11.5399 11.5399 11.5399 11.5399 11.5399 11.5399 11.5399 11.5398 11.5398 11.5396 11.5396 11.5395 11.5392 11.54 11.54 11.54 11.54 11.54 11.54 11.54 11.54 11.54 11.54 11.54 11.54 11.54 11.54 11.5206 11.5222 11.5245 11.5234 11.4986 11.5225 11.524 11.5242 11.5246 11.5253 11.5263 11.5276 11.5289 11.53 11.5305 11.529 11.523 11.5324 11.5345 11.5355 11.5297 11.5366 11.5375 11.5374 11.5359 11.5381 11.5386 11.5388 11.5371 11.5387 11.5386 11.5385 11.5385 11.5385 11.5383 11.5372 11.5388 11.5391 11.5392 11.5366
11.54 11.54 11.5399 11.5399 11.5399 11.54 11.5399 11.54 11.5399 11.5398 11.5398 11.5396 11.5396 11.5396 11.5389 11.5383 11.54 11.54 11.532 11.5273 11.5229 11.5213 11.54 11.54 11.5222 11.5235 11.5217 11.52 11.5174 11.54 11.54 11.54 11.54 11.54 11.54 11.54 11.54 11.54 11.54 11.54 11.54 11.54 11.54 11.54 11.54 11.54 11.54 11.54 11.54 11.54 11.54 11.54 11.54 11.54 11.54 11.54 11.54 11.5386 11.5387 11.5385 11.5385 11.5383 11.5384 11.5382 11.5385 11.5381 11.5388 11.5388 11.5389
11.54 11.5399 11.5399 11.5399 11.5399 11.5399 11.5399 11.54 11.5399 11.5398 11.5398 11.5397 11.5396 11.5396 11.5388 11.5366 11.5348 11.5272 11.5216 11.5112 11.4994 11.4858 11.5026 11.4848 11.4951 11.4934 11.4934 11.4892 11.4821 11.5133 11.5127 11.5091 11.5115 11.5125 11.5128 11.5132 11.5136 11.5143 11.5158 11.5178 11.5202 11.5225 11.5245 11.5262 11.527 11.5301 11.5313 11.5314 11.5337 11.5352 11.5362 11.5367 11.5366 11.5371 11.5374 11.5375 11.538 11.5385 11.5385 11.5383 11.5383 11.5382 11.5381 11.538 11.5385 11.5387 11.5385 11.5388 11.5388
11.5399 11.54 11.54 11.5399 11.5399 11.5399 11.5399 11.54 11.5399 11.5398 11.5398 11.5397 11.5396 11.5396 11.5389 11.5375 11.5347 11.5364 11.535 11.5307 11.5251 11.5203 11.4806 11.5125 11.5128 11.5134 11.5127 11.5114 11.5085 11.5086 11.4713 11.4741 11.4762 11.4773 11.4786 11.4796 11.4805 11.4819 11.4852 11.4901 11.4957 11.5008 11.5054 11.5092 11.5118 11.517 11.5176 11.522 11.5257 11.5288 11.531 11.5321 11.5321 11.5331 11.5332 11.5343 11.5382 11.5386 11.5386 11.5384 11.5384 11.5382 11.5382 11.538 11.5383 11.538 11.5381 11.54 11.54
11.5399 11.5399 11.54 11.54 11.54 11.54 11.54 11.54 11.5399 11.5398 11.5398 11.5397 11.5397 11.5396 11.5389 11.5377 11.5369 11.5341 11.533 11.5244 11.5224 11.5152 11.5141 11.513 11.5136 11.514 11.5134 11.512 11.5088 11.5086 11.5107 11.5125 11.5135 11.514 11.5146 11.5152 11.5154 11.5157 11.5171 11.5195 11.5221 11.5242 11.5262 11.5278 11.529 11.5289 11.5307 11.5323 11.5338 11.535 11.5359 11.5364 11.5363 11.5369 11.5373 11.5383 11.5389 11.5391 11.5391 11.5391 11.5388 11.5388 11.5387 11.5386 11.5379 11.5381 11.5376 11.54 11.5372
11.5399 11.54 11.54 11.5399 11.54 11.54 11.54 11.54 11.5399 11.5399 11.5398 11.5397 11.5397 11.5397 11.539 11.5377 11.5375 11.536 11.5329 11.5271 11.5275 11.5253 11.5222 11.5218 11.5231 11.5232 11.5226 11.5209 11.5175 11.5109 11.5102 11.5137 11.5124 11.5159 11.5144 11.5169 11.5148 11.5173 11.5165 11.5208 11.5219 11.526 11.5264 11.529 11.5294 11.5305 11.5319 11.5329 11.5344 11.5353 11.5362 11.5366 11.5367 11.5369 11.537 11.5381 11.5382 11.5388 11.5386 11.5388 11.5383 11.5385 11.5379 11.5384 11.5385 11.5385 11.5362 11.5367 11.5348
11.5399 11.54 11.54 11.54 11.5399 11.5399 11.54 11.54 11.5399 11.5399 11.5398 11.5397 11.5397 11.5397 11.5391 11.538 11.5373 11.5354 11.5338 11.5291 11.5271 11.5177 11.519 11.5122 11.5193 11.5137 11.5189 11.5115 11.5155 11.5131 11.514 11.5128 11.515 11.5187 11.5192 11.5174 11.5177 11.52 11.5206 11.5208 11.5245 11.5281 11.5293 11.5293 11.5309 11.5318 11.5323 11.5335 11.5346 11.5356 11.5363 11.5369 11.5367 11.5375 11.5377 11.5377 11.5384 11.5392 11.5392 11.5388 11.5386 11.5388 11.5386 11.5379 11.5381 11.5376 11.5368 11.5303 11.5274
11.5399 11.5399 11.54 11.54 11.54 11.5399 11.5399 11.54 11.5399 11.5399 11.5398 11.5397 11.5397 11.5397 11.5392 11.5381 11.538 11.5372 11.5361 11.5331 11.5269 11.5211 11.5222 11.5214 11.5158 11.5178 11.5231 11.5237 11.515 11.5172 11.5157 11.5174 11.5191 11.5218 11.5213 11.522 11.5221 11.5236 11.523 11.5255 11.5281 11.5307 11.5309 11.5318 11.5326 11.5327 11.5333 11.534 11.535 11.5358 11.5367 11.537 11.5371 11.5375 11.5371 11.5379 11.5386 11.5392 11.539 11.539 11.5387 11.5388 11.5383 11.538 11.5384 11.5383 11.5366 11.5371 11.537
11.5399 11.54 11.54 11.54 11.54 11.5399 11.54 11.54 11.5399 11.5398 11.5398 11.5397 11.5397 11.5397 11.5393 11.5384 11.5378 11.5354 11.5348 11.5314 11.5282 11.5232 11.5234 11.5168 11.5191 11.5203 11.5247 11.5191 11.5194 11.5206 11.5204 11.5216 11.5226 11.5222 11.5242 11.5248 11.5248 11.5266 11.5278 11.5297 11.5313 11.5316 11.5329 11.5333 11.5336 11.5337 11.5339 11.5345 11.5351 11.5361 11.5366 11.5373 11.5371 11.5377 11.538 11.5387 11.539 11.5389 11.5392 11.5391 11.5388 11.539 11.5389 11.5387 11.5377 11.5382 11.537 11.5371 11.5361
11.54 11.54 11.54 11.54 11.5399 11.54 11.54 11.54 11.5399 11.5398 11.5398 11.5397 11.5397 11.5397 11.5393 11.5385 11.5384 11.5371 11.5342 11.5314 11.5282 11.5244 11.5267 11.5271 11.5271 11.5264 11.5208 11.5221 11.5211 11.5216 11.5199 11.5226 11.5225 11.5245 11.5259 11.5267 11.5274 11.5289 11.5291 11.5316 11.5322 11.5336 11.5342 11.5343 11.5344 11.5341 11.5344 11.5347 11.5355 11.5359 11.5368 11.5372 11.537 11.5374 11.537 11.5382 11.5385 11.539 11.5392 11.5391 11.5389 11.5389 11.5384 11.5387 11.5384 11.5375 11.5368 11.5371 11.5374
11.54 11.54 11.54 11.54 11.54 11.54 11.54 11.54 11.5399 11.5398 11.5398 11.5397 11.5397 11.5397 11.5394 11.5387 11.5383 11.5368 11.535 11.5322 11.5288 11.526 11.5275 11.5218 11.5255 11.5219 11.5239 11.5241 11.5223 11.5223 11.5227 11.5221 11.5242 11.5258 11.5271 11.5281 11.5291 11.531 11.5317 11.5321 11.5338 11.5348 11.5352 11.535 11.5349 11.5348 11.5347 11.5352 11.5354 11.5362 11.5367 11.5369 11.5369 11.5376 11.5378 11.5378 11.5385 11.5389 11.539 11.539 11.5389 11.5392 11.5389 11.5379 11.5382 11.538 11.5364 11.5369 11.5362
11.54 11.54 11.54 11.54 11.54 11.54 11.54 11.5399 11.5399 11.5398 11.5398 11.5397 11.5397 11.5397 11.5395 11.5388 11.5378 11.54 11.54 11.54 11.54 11.54 11.54 11.54 11.54 11.54 11.54 11.54 11.54 11.54 11.54 11.54 11.54 11.54 11.54 11.54 11.54 11.54 11.54 11.54 11.54 11.54 11.54 11.54 11.54 11.54 11.54 11.54 11.54 11.54 11.54 11.54 11.54 11.54 11.54 11.54 11.54 11.54 11.54 11.54 11.54 11.54 11.54 11.54 11.54 11.54 11.54 11.54 11.54
11.54 11.54 11.54 11.54 11.5399 11.54 11.54 11.54 11.5399 11.5398 11.5398 11.5397 11.5397 11.5397 11.5395 11.539 11.5368 11.54 11.5337 11.54 11.5269 11.54 11.54 11.5178 11.5197 11.54 11.54 11.54 11.5189 11.517 11.54 11.5195 11.54 11.5231 11.5254 11.527 11.5283 11.5292 11.54 11.54 11.5329 11.534 11.54 11.5344 11.54 11.54 11.54 11.54 11.54 11.533 11.54 11.5341 11.54 11.5353 11.54 11.5374 11.54 11.538 11.5384 11.5388 11.54 11.5388 11.5384 11.5378 11.5375 11.5369 11.54 11.5361 11.54
11.54 11.54 11.54 11.54 11.54 11.54 11.54 11.54 11.54 11.54 11.54 11.54 11.54 11.54 11.54 11.54 11.5365 11.5351 11.5264 11.5119 11.5025 11.5126 11.4881 11.4928 11.4808 11.5038 11.4906 11.5075 11.5045 11.4999 11.4784 11.4827 11.5026 11.5129 11.5157 11.5194 11.5205 11.5209 11.5153 11.5247 11.5281 11.5282 11.5241 11.5244 11.5299 11.525 11.5307 11.5232 11.5257 11.5237 11.5189 11.5208 11.5274 11.5305 11.5282 11.5317 11.5345 11.5365 11.5371 11.5377 11.5368 11.5373 11.5363 11.5351 11.5343 11.5299 11.5315 11.5318 11.5303
11.54 11.54 11.54 11.54 11.54 11.5399 11.5399 11.54 11.54 11.5398 11.5397 11.54 11.54 11.5394 11.5392 11.54 11.54 11.5312 11.5174 11.5298 11.5248 11.5106 11.5253 11.524 11.5239 11.4939 11.5193 11.4879 11.4619 11.4831 11.5229 11.523 11.4678 11.4907 11.4844 11.5018 11.4962 11.5123 11.5323 11.5093 11.5177 11.5157 11.5333 11.5331 11.5299 11.5351 11.5267 11.5323 11.5191 11.5115 11.5312 11.5316 11.5212 11.5202 11.5354 11.5361 11.5324 11.5317 11.5353 11.5352 11.5388 11.5388 11.5384 11.5379 11.5376 11.5362 11.528 11.5261 11.5364
11.5399 11.5399 11.5399 11.5399 11.5397 11.5398 11.5398 11.5399 11.5396 11.5395 11.5391 11.5392 11.5386 11.5386 11.5378 11.5382 11.5356 11.54 11.54 11.54 11.54 11.54 11.54 11.54 11.54 11.54 11.54 11.54 11.54 11.54 11.54 11.54 11.54 11.54 11.54 11.54 11.54 11.54 11.54 11.54 11.54 11.54 11.54 11.54 11.54 11.54 11.54 11.54 11.54 11.54 11.54 11.54 11.54 11.54 11.54 11.54 11.54 11.54 11.54 11.54 11.539 11.54 11.54 11.54 11.54 11.54 11.54 11.54 11.54
11.5398 11.5398 11.5397 11.5398 11.5399 11.5399 11.5399 11.5398 11.5399 11.5398 11.5396 11.5392 11.5396 11.5396 11.5394 11.536 11.5325 11.5356 11.5323 11.5307 11.5264 11.5224 11.5242 11.5216 11.5183 11.5221 11.5204 11.5214 11.5197 11.5228 11.5228 11.519 11.5242 11.5264 11.5288 11.5272 11.5304 11.531 11.5297 11.5323 11.5333 11.5339 11.5342 11.5341 11.5329 11.5332 11.5333 11.5327 11.5328 11.5306 11.5318 11.5309 11.5323 11.534 11.5351 11.536 11.5375 11.5377 11.5386 11.5388 11.539 11.539 11.5387 11.5385 11.5384 11.5378 11.5379 11.5373 11.5378
11.5399 11.5399 11.5399 11.5399 11.5399 11.5399 11.5399 11.5399 11.5399 11.5398 11.5397 11.5396 11.5394 11.5395 11.5392 11.5384 11.5366 11.5351 11.5249 11.517 11.5098 11.5026 11.5028 11.4966 11.4951 11.5011 11.501 11.5009 11.5004 11.494 11.5 11.5019 11.4996 11.5085 11.5096 11.5139 11.5181 11.5172 11.5187 11.5221 11.5219 11.5252 11.5239 11.5256 11.5252 11.525 11.5251 11.5247 11.522 11.5207 11.522 11.5228 11.5245 11.5276 11.5294 11.5319 11.5329 11.5355 11.5365 11.5389 11.5391 11.539 11.5374 11.5369 11.5366 11.5359 11.5358 11.5357 11.535
11.54 11.54 11.54 11.54 11.54 11.54 11.54 11.54 11.54 11.54 11.54 11.54 11.54 11.54 11.54 11.54 11.54 11.54 11.54 11.54 11.54 11.54 11.54 11.54 11.54 11.54 11.54 11.54 11.54 11.54 11.54 11.54 11.54 11.54 11.54 11.54 11.54 11.54 11.54 11.54 11.54 11.54 11.54 11.54 11.54 11.54 11.54 11.54 11.54 11.54 11.54 11.54 11.54 11.54 11.54 11.54 11.54 11.54 11.54 11.54 11.54 11.54 11.54 11.54 11.54 11.54 11.54 11.54 11.54
11.54 11.54 11.54 11.54 11.5398 11.54 11.54 11.54 11.54 11.5397 11.5396 11.5396 11.54 11.5393 11.5389 11.5381 11.5366 11.5349 11.532 11.5281 11.5244 11.522 11.54 11.54 11.54 11.54 11.54 11.5185 11.5167 11.54 11.52 11.54 11.5248 11.5263 11.5271 11.54 11.5265 11.5277 11.54 11.529 11.53 11.54 11.54 11.54 11.54 11.5286 11.5287 11.54 11.54 11.54 11.54 11.54 11.54 11.5341 11.5354 11.54 11.54 11.54 11.54 11.54 11.54 11.54 11.54 11.54 11.54 11.54 11.54 11.538 11.54
11.5398 11.5395 11.5396 11.5395 11.5394 11.5396 11.5394 11.5396 11.5393 11.5393 11.5392 11.5386 11.5389 11.5389 11.5385 11.5372 11.5352 11.533 11.5283 11.522 11.5136 11.5052 11.485 11.4997 11.4779 11.4973 11.4768 11.4865 11.4777 11.501 11.503 11.4904 11.5055 11.5082 11.5047 11.5154 11.5189 11.5185 11.5089 11.516 11.5139 11.5237 11.5151 11.5221 11.5105 11.514 11.5103 11.5222 11.5145 11.5238 11.5171 11.5259 11.5206 11.5266 11.5288 11.5349 11.5346 11.538 11.5378 11.5387 11.5382 11.5387 11.5376 11.538 11.5365 11.537 11.5349 11.5341 11.5356
