tests/full-run-ref/erosion_2010_78_19_2.123.asc
ncols 512
nrows 512
xllcorner -3.24582
yllcorner -4.08743
cellsize 5
NODATA_value -99999
[rows 444 to 480 of 512, columns 168 to 251 of 512]
5.77 5.77 5.77 5.77 5.77 5.77 5.77 5.77 5.77 5.77 5.77 5.77 5.77 5.77 5.77 5.77 5.77 5.77 5.77 5.77 5.77 5.77 5.77 5.77 5.77 5.77 5.77 0 0 0 0 0 0 0 0 0 0 0.694528 30.2481 24.4776 22.0875 16.3175 13.9276 8.15772 5.76931 5.7699 0 0 0 0 0 0 0 0 0 0 0 0 0 0 0 0 0 0 0 0 65.8568 60.0839 54.3099 48.5364 42.7627 36.9879 31.2115 25.4382 19.6717 16.308 0 0 0 0 0 0 0 44.0921
5.77 5.77 5.77 5.77 5.77 5.77 5.77 5.77 5.77 5.77 5.77 5.77 5.77 5.77 5.77 5.77 5.77 5.77 5.77 5.77 5.77 5.77 5.77 5.77 5.77 5.77 0 0 0 0 0 0 0 0 0 0 0 0 22.0346 30.2482 24.4785 22.0883 16.3181 13.9281 8.15817 5.76944 5.76993 0 0 0 0 0 0 0 0 0 0 0 0 0 0 0 41.7578 63.8615 0 0 63.3891 57.687 51.9128 46.1386 40.3642 34.5893 28.8132 23.0356 17.273 16.3114 0 0 0 0 0 0 0 38.2862
5.77 5.77 5.77 5.77 5.77 5.77 5.77 5.77 5.77 5.77 5.77 5.77 5.77 5.77 5.77 5.77 5.77 5.77 5.77 5.77 5.77 5.77 5.77 5.77 5.77 5.70092 0 0 0 0 0 0 0 0 0 0 0 0 0 8.04824 14.705 23.848 22.0888 16.3187 13.9286 8.15855 5.76971 0 0 0 0 0 0 0 0 0 0 0 0 0 32.6205 37.8626 88.9196 83.1538 77.3865 71.6198 65.8467 60.0732 54.2999 48.5265 42.7529 36.9791 31.2047 25.4287 19.6603 16.3049 16.32 16.32 16.32 16.32 16.32 0 0 24.1295
5.77 5.77 5.77 5.77 5.77 5.77 5.77 5.77 5.77 5.77 5.77 5.77 5.77 5.77 5.77 5.77 5.77 5.77 5.77 5.77 5.77 5.77 5.77 5.77 5.77 4.74277 0 0 0 0 0 0 0 0 0 0 0 0 0 0 0 13.958 18.0779 18.0782 16.3191 11.5394 5.76934 5.76991 0.322626 0 0 0 0 0 0 0 0 0 0 0 37.5292 52.9397 41.4909 85.4898 79.7771 74.0051 68.2329 62.4605 56.6878 50.915 45.142 39.3687 33.5949 27.8201 22.0452 16.2872 16.317 0 0 0 0 0 0 0
5.77 5.77 5.77 5.77 5.77 5.77 5.77 5.77 5.77 5.77 5.77 5.77 5.77 5.77 5.77 5.77 5.77 5.77 5.77 5.77 5.77 5.77 5.77 5.77 5.77 5.30999 0 0 0 0 0 0 0 0 0 0 0 0 0 0 0 12.3076 10.3444 12.307 8.59969 13.9297 8.15951 5.76967 5.7699 0 0 0 0 0 0 0 0 0 0 0 0 99.4655 93.7126 87.9393 82.1658 76.3919 70.6201 64.8479 59.0758 53.3032 47.5304 41.757 35.9831 30.2086 25.4273 19.6595 16.3055 15.1807 0 0 0 0 0 0
5.77 5.77 5.77 5.77 5.77 5.77 5.77 5.77 5.77 5.77 5.77 5.77 5.77 5.77 5.77 5.77 5.77 5.77 5.77 5.77 5.77 5.77 5.77 5.77 5.77 5.49614 0 0 0 0 8.15991 5.76977 5.76991 0 0 0 0 0 0 0 0 6.53784 6.538 6.53797 6.53798 12.3079 6.53751 8.15976 6.53784 0 0 0 0 0 0 0 0 4.48602 0 0 27.818 101.858 96.1027 90.3294 84.5564 78.7829 73.0084 67.2368 61.4649 55.6928 49.92 44.1466 38.3727 33.593 27.8171 22.0397 16.2773 16.313 9.26258 0 0 0 0 0
5.77 5.77 5.77 5.77 5.77 5.77 5.77 5.77 5.77 5.77 5.77 5.77 5.77 5.77 5.77 5.77 5.77 5.77 5.77 5.77 5.77 5.77 5.77 5.77 5.77 5.68741 0 0 0 8.62579 5.76972 5.76992 0 0 0 0 0 0 0 0 0 6.5384 5.76999 6.53843 6.53831 6.53836 6.53848 6.5385 6.53854 0 0 0 0 0 0 0 0 0 0 0 27.818 104.25 98.4934 92.7204 86.9476 81.1747 75.4009 69.6258 63.8542 58.0822 52.3098 46.5366 41.7571 35.9821 30.2028 24.4228 22.0489 16.286 16.3125 16.32 16.32 16.32 16.32 16.32
5.77 5.77 5.77 5.77 5.77 5.77 5.77 5.77 5.77 5.77 5.77 5.77 5.77 5.77 5.77 5.77 5.77 5.77 5.77 5.77 5.77 5.77 5.77 5.77 5.77 4.46737 0 0 0 7.89048 5.76982 0 0 0 0 0 0 0 0 0 0 0.713545 6.53854 6.53854 6.53854 6.53854 6.53855 6.53854 6.53854 0 0 0 0 0 0 0 0 0 0 0 0 106.638 100.884 95.1113 89.3388 83.5662 77.7932 72.0188 66.243 60.4716 54.6992 49.92 44.1458 38.3681 32.5896 30.2117 24.4346 22.0524 16.2861 16.3119 16.32 16.32 16.32 0
5.77 5.77 5.77 5.77 5.77 5.77 5.77 5.77 5.77 5.77 5.77 5.77 5.77 5.77 5.77 5.77 5.77 5.77 5.77 5.77 5.77 5.77 5.77 5.77 5.77 0 0 0 0 5.76996 5.76995 2.97274 0 0 0 0 0 0 0 0 2.98738 5.08824 5.68429 5.76997 5.76997 5.76997 5.76997 5.76997 0 0 0 0 0 0 0 0 0 0 0 0 0 0 103.275 97.5021 91.7297 85.9572 80.1846 74.4108 68.636 62.8605 58.0811 52.3075 46.532 40.7552 38.3762 32.5997 30.215 24.435 22.0514 16.2842 16.3113 16.32 0 0
5.77 5.77 5.77 5.77 5.77 5.77 5.77 5.77 5.77 5.77 5.77 5.77 5.77 5.77 5.77 5.77 5.77 5.77 5.77 5.77 5.77 5.77 5.77 5.77 1.07327 0 0 0 8.15991 5.76985 5.7597 5.58395 4.85366 3.99458 4.00605 4.71072 5.27594 5.19279 4.76139 5.09536 5.61589 5.76018 5.77 5.77 5.77 5.77 5.77 0 0 0 0 0 0 0 0 0 0 0 0 0 0 0 105.665 99.8927 94.1204 88.348 82.5755 77.7939 72.0199 66.2444 60.4675 54.6949 48.9202 46.5398 40.7636 38.3785 32.5995 30.2139 24.4328 22.0486 16.2794 16.3071 16.3119 16.3141
5.77 5.77 5.77 5.77 5.77 5.77 5.77 5.77 5.77 5.77 5.77 5.77 5.77 5.77 5.77 5.77 5.77 5.77 5.77 5.77 5.77 5.77 5.77 5.73516 0 0 0 0 11.5393 5.76966 5.76994 5.76999 5.76999 5.77 5.77 5.77 5.77 5.77 5.77 5.77 5.77 5.77 5.77 5.77 5.77 5.77 0 0 0 0 0 0 0 0 0 0 0 0 0 0 0 0 108.055 102.283 96.5108 90.7386 85.9574 80.1846 74.4107 68.6332 62.8568 57.0826 54.7019 48.9263 46.5409 40.7626 38.3771 32.5971 30.2114 24.427 22.0355 16.2331 20.0348 16.2653
5.77 5.77 5.77 5.77 5.77 5.77 5.77 5.77 5.77 5.77 5.77 5.77 5.77 5.77 5.77 5.76999 5.76998 5.76999 5.77 0 0 0 5.76744 0 0 0 0 0 13.9298 8.15964 6.15997 6.16001 6.16001 5.77 5.77 5.77 5.77 5.77 5.77 5.77 5.77 5.77 5.77 5.77 5.77 5.28922 0 0 0 0 0 0 0 0 0 0 0 0 0 0 22.0419 0 110.446 104.673 98.9013 94.12 88.3476 82.5745 76.8008 74.4119 68.6331 62.8588 57.086 54.7016 48.9248 46.5392 40.7601 38.3748 32.5925 30.2005 24.3961 30.2037 24.4145 23.0099
5.77 5.77 5.77 5.77 5.77 5.77 5.77 5.77 5.77 5.77 5.77 5.77 5.77 5.77 5.77 5.76999 6.16001 5.76999 0 0 0 0 0 0 0 0 0 13.9298 8.1593 5.76952 5.76996 5.76999 5.77 5.77 5.77 5.77 5.77 5.77 5.77 5.77 5.77 5.77 5.77 5.77 5.77 5.02966 0 0 0 0 0 0 0 0 0 0 0 0 0 0 16.2705 118.584 112.836 107.064 102.282 96.5104 90.7379 84.965 82.5769 76.8034 74.4123 68.6325 62.8575 57.0842 54.6998 48.9221 46.5369 40.7565 38.3661 32.5674 38.3757 32.5978 31.1942 25.3893
5.77 5.77 5.77 5.77 5.77 5.77 5.77 5.77 5.77 5.77 5.77 5.77 5.77 5.77 5.77 5.76999 5.76999 0 0 0 0 0 0 0 0 0 16.2754 11.5391 5.76909 5.76991 5.77 5.77 5.77 5.77 5.77 5.77 5.77 5.77 5.77 5.77 5.77 5.77 5.77 5.77 5.77 5.50879 0.678754 0 0 0 0 0 0 0 0 0 0 0 0 0 13.8845 120.966 115.227 110.446 104.673 98.9014 93.1291 90.7398 84.967 82.5771 76.8031 74.4116 68.6312 62.8553 57.0812 54.6974 48.9194 46.5304 40.7357 46.5406 40.7647 39.3638 33.5695 27.7598
5.77 5.77 5.77 5.77 5.77 5.77 5.77 5.77 5.77 5.77 5.77 5.77 5.77 5.77 5.77 5.77 5.22707 0 0 0 0 0 0 0 0 22.0889 17.3093 11.5389 5.76915 5.77 5.77 5.77 5.77 5.77 5.77 5.77 5.77 5.77 5.77 5.77 5.77 5.77 5.77 5.77 5.77 5.73006 4.99724 0 0 0 0 0 0 0 0 0 0 0 0 0 11.4897 115.775 113.417 111.027 107.067 101.295 98.9032 93.1306 90.74 84.9668 82.5766 76.8023 74.4104 68.628 62.8508 57.0787 54.6936 48.9028 54.7027 48.9289 47.5294 41.7393 35.9377 30.1339
5.77 5.77 5.77 5.77 5.77 5.77 5.77 5.77 5.77 5.77 5.77 5.77 5.77 5.77 5.77 5.77 0 0 0 0 0 0 0 0 1.02456 23.0795 17.3091 11.5386 5.76895 5.77 5.76999 5.76999 0 0 0 0 0 5.76946 5.76995 5.77 5.77 5.77 5.77 5.77 5.77 5.77 5.71413 5.17013 2.8736 0 0 0 0 0 0 0 0 0 0 0 4.28236 110.006 107.645 105.254 102.865 105.259 100.965 98.9042 93.1306 90.7397 84.9661 82.5757 76.8001 74.4052 68.6125 62.836 57.0522 62.8471 57.0864 55.6924 49.9065 44.1114 38.3146 35.9285
5.77 5.77 5.77 5.77 5.77 5.77 5.77 5.77 5.77 5.77 5.77 5.77 5.77 5.77 5.77 5.71756 0 0 0 0 0 0 0 0 0 23.0795 17.3088 11.5381 5.76865 5.76918 5.76967 6.15995 0 0 0 0 8.15874 8.15978 6.1599 5.76999 5.77 5.77 5.77 5.77 5.77 5.77 5.77 5.75842 5.63479 5.17161 4.19932 0 0 0 0 0 0 0 0 0 0 0 101.875 99.483 0 0 0 101.297 98.4313 93.1297 90.7388 84.9641 82.5714 76.7886 82.5664 76.7853 75.3819 69.6126 63.8448 58.0696 52.2822 46.4925 44.1068 38.3127
5.77 5.77 5.77 5.77 5.77 5.77 5.77 5.77 5.77 5.77 5.77 5.77 5.77 5.77 5.77 5.71367 0 0 0 0 0 0 0 0 0 22.8257 19.6987 13.9284 8.15797 13.9267 8.15919 5.76956 5.76994 0 0 0 13.9296 8.15937 5.76983 5.77 5.77 5.77 5.77 5.77 5.77 5.77 5.77 5.77 5.77 5.77 5.72089 2.21505 0 0 0 0 0 0 0 0 0 0 96.1049 93.7123 0 0 0 0 101.294 98.9017 93.1278 90.735 84.9539 90.7327 84.9654 83.5669 77.7915 72.0113 66.2275 60.4493 54.667 52.2838 46.4966 44.105
5.77 5.77 5.77 5.77 5.77 5.77 5.77 5.77 5.77 5.77 5.77 5.77 5.77 5.77 5.77 5.42436 0 0 0 0 0 0 0 0 0 0 22.089 16.3186 20.0871 16.3192 13.9292 8.15942 6.15981 0 0 0 11.5394 5.76885 5.76985 5.76999 5.77 5.77 5.77 5.77 5.77 5.77 5.77 5.77 5.77 5.77 5.74991 1.27198 0 0 0 0 0 0 0 0 0 0 90.3347 87.9415 0 0 0 0 107.067 101.277 98.8982 93.119 98.8942 93.1274 91.729 85.9559 80.1811 74.4052 68.6204 62.8342 60.4532 54.6824 52.2918 46.5055
5.77 5.77 5.77 5.77 5.77 5.77 5.77 5.77 5.77 5.77 5.77 5.77 5.77 5.77 5.77 5.64875 0.449975 0 0 0 0 0 0 0 0 0 24.4793 26.2487 24.4795 22.0893 16.3194 11.5393 5.76937 0 0 0 13.9297 8.15939 6.15935 5.76969 5.76995 5.77 5.77 5.77 5.77 5.77 5.77 5.76999 5.76997 5.76998 5.74395 3.97028 0 0 0 0 0 0 0 0 30.2235 86.9384 84.5642 82.1706 0 0 0 0 0 107.062 101.284 107.056 101.29 99.8912 94.1185 88.3453 82.5721 76.8001 74.4074 68.6252 62.8408 57.0758 54.7047 52.3094
5.77 5.77 5.77 5.77 5.77 5.77 5.77 5.77 5.77 5.77 5.77 5.77 5.77 5.77 5.77 5.7271 4.09658 0 0 0 0 0 0 0 0 0 0 18.139 30.2497 24.4797 19.6995 13.9294 8.15967 11.5398 8.15983 0 0 10.802 11.5398 8.15982 5.76968 5.76986 5.76999 5.77 5.77 5.77 5.76992 5.76958 6.15959 6.15978 5.76998 5.46808 0 0 0 0 0 0 0 34.9909 60.4646 28.3787 78.7936 76.3994 0 0 0 97.48 0 109.453 115.222 109.455 106.653 100.881 95.1069 89.3339 83.5605 77.7872 72.008 66.2239 60.4358 54.644 48.8688 46.4988
5.77 5.77 5.77 5.77 5.77 5.77 5.77 5.77 5.77 5.77 5.77 5.77 5.77 5.77 5.77 5.77 5.36697 0 0 0 0 0 0 0 0 0 0 0 30.2497 24.4797 19.6996 13.9294 8.15949 5.76964 5.76982 0 0 0 0 7.29834 7.93432 6.15943 5.76964 5.76987 5.76995 5.76995 5.76987 5.65427 11.5398 5.76929 5.76985 0 0 0 0 0 0 0 0 0 54.7063 28.3802 73.0229 70.6281 0 0 0 91.7039 0 115.616 111.845 109.452 103.679 98.4853 92.7119 86.9373 81.16 75.3819 69.6037 63.8223 58.0406 52.2479 46.4484 40.6657
5.77 5.77 5.77 5.77 5.77 5.77 5.77 5.77 5.77 5.77 5.77 5.77 5.77 5.77 5.77 5.77 5.14626 0 0 0 0 0 0 0 0 0 0 0 0 22.0896 16.3195 11.5393 5.7695 5.76994 1.90499 0 0 0 0 0 2.89475 11.5399 8.15979 6.15954 6.15964 6.15991 5.76992 5.76953 7.18747 8.15961 5.76929 0 0 0 0 0 0 0 0 0 49.9634 28.3813 67.2522 64.8567 0 0 0 85.9263 96.1116 115.223 109.449 103.675 101.286 95.5127 90.3176 84.5414 78.7622 72.9788 67.1973 61.4249 55.6411 49.8562 44.0593 38.252
5.77 5.77 5.77 5.77 5.77 5.77 5.77 5.77 5.77 5.77 5.77 5.77 5.77 5.77 5.77 5.77 4.91392 0 0 0 0 0 0 0 0 0 0 0 0 0 13.9295 8.15939 5.76982 5.7459 4.29318 0 0 6.15711 8.15984 8.14086 0 0 6.62258 12.3198 8.15959 5.76982 5.76993 5.76978 5.76957 11.5399 5.76899 5.76981 0 0 0 0 0 0 0 0 0 0 61.4816 59.0853 0 0 0 80.1487 118.588 112.83 107.056 101.282 95.5071 93.1194 87.3445 82.1458 76.3651 70.5806 64.7913 59.0068 53.2304 47.4502 41.6655 35.8659
5.77 5.77 5.77 5.77 5.77 5.77 5.77 5.77 5.77 5.77 5.77 5.77 5.77 5.77 5.77 5.77 5.45949 0.169838 0 0 0 0 0 0 0 0 0 0 0 0 11.5393 5.76921 5.76991 0 0 0 0 11.9298 8.15978 5.76984 5.76996 0 0 9.17887 5.734 5.76938 5.76926 7.71854 8.15985 0 8.15969 6.15978 0 0 0 0 0 0 0 0 0 3.95078 55.7111 53.3139 0 0 0 74.3698 116.193 110.439 104.663 98.888 93.1123 87.3356 84.949 79.1709 73.9677 68.1829 62.3927 56.5978 50.8114 45.0308 39.2499 33.464
5.77 5.77 5.77 5.77 5.77 5.77 5.77 5.77 5.77 5.77 5.77 5.77 5.77 5.77 5.77 5.77 5.77 5.77 5.77 5.77 5.77 5.77 5.20483 0 0 0 0 0 0 0 13.9295 8.15896 5.7695 5.76995 0 0 0 11.5399 0 5.76992 0 0 0 0 0 13.9265 8.15878 11.5386 5.76927 5.18853 0 5.76978 0 0 0 0 0 0 0 0 0 52.3346 49.9404 47.5426 0 0 0 49.5314 113.796 108.046 102.27 96.4934 90.7157 84.9368 79.1559 76.7719 70.9907 65.7822 59.9922 54.1948 48.3915 42.5976 36.8084 31.0191
5.77 5.77 5.77 5.77 5.77 5.77 5.77 5.77 5.77 5.77 5.77 5.77 5.77 5.77 5.77 5.77 5.77 5.77 5.77 5.77 5.77 5.70688 4.2917 0 0 0 0 0 0 0 16.3199 13.9293 8.15932 5.76968 5.76996 0 0 0 6.51378 6.15958 0 0 0 0 0 16.3022 19.699 13.9292 8.15926 5.76989 0 0 0 0 0 0 0 0 0 0 48.9561 46.5629 44.1697 41.7712 0 0 0 8.23488 111.282 84.5267 99.8751 94.0955 88.3135 82.5303 76.7457 70.9589 68.5802 62.7946 57.5838 51.7873 45.9737 40.1607 34.3521 28.5426
5.77 5.77 5.77 5.77 5.77 5.77 5.77 5.77 5.77 5.77 5.77 5.77 5.77 5.77 5.77 5.77 5.77 5.77 5.77 5.77 5.77 5.36158 0 0 0 0 0 0 0 0 13.9295 11.539 11.5396 8.15975 5.76994 0 0 0 0 0 0 0 0 0 18.1026 19.6997 17.3095 11.5389 5.76869 5.76976 0 0 0 0 0 0 0 0 0 46.5673 44.1738 40.7914 38.3986 36.0012 33.6008 0 0 35.8885 0 99.7364 73.2109 91.6923 85.905 80.1159 74.325 68.5329 62.7378 60.3638 54.5812 51.5547 45.7468 39.9344 34.1182 28.2892
5.77 5.77 5.77 5.77 5.77 5.77 5.77 5.77 5.77 5.77 5.77 5.77 5.77 5.77 5.77 5.77 5.77 5.77 5.77 5.77 5.77 5.14871 0 0 0 0 0 0 0 13.891 8.15911 5.76915 5.76955 5.76981 5.76992 0 0 0 0 0 0 19.6999 14.6145 4.2358 16.3191 13.9287 11.5389 11.5392 8.15959 0 0 0 0 0 0 0 24.46 0 46.5686 44.1749 38.402 36.01 32.6274 30.232 27.8344 25.4363 0 0 27.6849 0 94.9269 64.1415 83.5164 77.7238 71.93 66.1342 60.3341 54.5291 52.1736 46.3787 44.0076 38.2157 34.4302 28.6322
5.77 5.77 5.77 5.77 5.77 5.77 5.77 5.77 5.77 5.77 5.77 5.77 5.77 5.77 5.77 5.77 5.77 5.77 5.77 5.77 5.77 5.77 5.77 0 0 0 0 0 15.3097 11.5395 5.76933 5.76992 5.77 5.77 5.77 5.77 5.77 0 0 0 0 13.9291 11.5388 0 13.9287 8.15861 5.76899 0 0 0 0 0 0 0 16.1206 16.3006 55.7094 49.9421 44.175 38.4029 36.0111 30.2361 27.8465 24.4615 22.065 19.6681 0 0 0 24.2782 0 86.7442 55.7068 75.34 69.5432 63.7461 57.9459 52.138 46.3245 43.9827 38.179 35.8225 30.0281 27.6718
5.77 5.77 5.77 5.77 5.77 5.77 5.77 5.77 5.77 5.77 5.77 5.77 5.77 5.77 5.77 5.77 5.77 5.77 5.77 5.77 5.77 5.77 3.97737 0 0 0 0 0 19.6993 13.9294 8.15957 5.76995 5.77 5.77 5.77 5.77 0 0 0 0 0 0 5.76893 0 7.66571 5.7694 5.76986 0 0 0 0 0 0 0 0 0 0 47.5553 41.7835 36.0115 30.237 24.4618 22.0729 19.6806 16.296 13.9048 0 0 0 0 24.2729 26.8406 78.5331 69.052 67.1624 61.3599 55.5611 49.7577 43.9425 38.1208 35.7913 29.9828 27.6108 21.7641
5.77 5.77 5.77 5.77 5.77 5.77 5.77 5.77 5.77 5.77 5.77 5.77 5.77 5.77 5.77 5.77 5.77 5.77 5.77 5.77 5.77 5.77 0 0 0 0 3.24098 23.0659 17.3096 11.5393 5.76946 5.76997 5.77 5.77 5.77 4.98393 0 0 0 0 0 0 5.76995 1.42968 3.79016 8.15987 5.76989 0 0 0 0 0 0 0 0 0 50.9382 45.1642 39.3919 33.619 27.845 22.0703 16.2959 13.9109 12.3048 12.3139 0 0 0 0 13.8493 22.642 29.8131 37.7863 64.7875 58.9809 53.1809 47.3824 41.5762 35.7527 29.9223 27.5776 21.7371 16.0216
5.77 5.77 5.77 5.77 5.77 5.77 5.77 5.77 5.77 5.77 5.77 5.77 5.77 5.77 5.77 5.77 5.77 5.77 5.77 5.77 5.77 4.86506 0 0 0 11.5395 28.8497 23.0796 17.3094 11.5392 5.7695 5.77 5.77 5.77 5.77 4.97132 0 0 0 0 0 0 0 0 7.75925 5.76985 5.76991 0 0 0 0 0 0 0 0 0 48.5468 42.7725 36.9999 31.2265 25.4519 19.6761 13.908 12.3115 12.3188 0 0 0 0 0 0 0 27.584 68.1241 62.4198 56.6173 50.8171 45.0192 39.2205 33.4102 27.5758 21.6979 15.963 13.7327
5.77 5.77 5.77 5.77 5.77 5.77 5.77 5.77 5.77 5.77 5.77 5.77 5.77 5.77 5.77 5.77 5.77 5.77 5.77 5.77 5.77 2.45834 0 0 5.96878 11.5395 28.8496 23.0794 17.3092 11.5391 5.76948 5.77 5.77 5.77 5.77 5.24677 0 0 0 0 0 0 0 0 0 5.76995 0 0 0 0 0 0 0 0 0 0 46.1558 40.3817 34.6082 28.8339 23.0585 17.2829 12.3003 12.3186 12.32 12.32 12.32 12.32 0 0 0 0 25.3111 65.7031 60.0461 54.2569 48.4579 42.6595 36.8608 31.0592 25.2409 19.3948 13.6521 11.4278
5.77 5.77 5.77 5.77 5.77 5.77 5.77 5.77 5.77 5.77 5.77 5.77 5.77 5.77 5.77 5.77 5.77 5.77 5.77 5.77 5.75305 0 0 0 7.1605 11.5396 28.8497 23.0795 17.3093 11.5392 5.76946 5.77 5.77 5.77 5.77 5.71006 5.12179 2.73381 0 0 0 0 0 0.352467 4.11907 0 0 0 0 0 0 0 0 0 0 0 46.157 40.3832 34.6086 28.8336 23.0576 17.2825 12.3037 12.32 12.32 12.32 12.32 0 0 0 0 0 4.25125 30.1166 0 51.8915 46.0937 40.2953 34.4954 28.6919 22.88 17.0542 11.3105 11.5175
5.77 5.77 5.77 5.77 5.77 5.77 5.77 5.77 5.77 5.77 5.77 5.77 5.77 5.77 5.77 5.77 5.77 5.77 5.77 5.77 5.62653 0 0 0 5.83021 11.5396 28.8498 23.0796 17.3094 11.5392 5.76939 5.76995 5.77 5.77 5.77 5.77 5.75661 5.62256 3.12404 3.16812 5.76995 4.26241 5.08913 5.50232 0 0 0 0 0 0 0 0 0 0 0 0 0 40.3855 34.6087 28.8308 23.053 17.2758 12.2961 12.3183 0 0 0 0 0 0 0 0 4.29328 27.7662 0 54.2898 48.5032 42.7154 36.9237 31.1249 25.3209 19.5288 13.7786 11.4766
5.77 5.77 5.77 5.77 5.77 5.77 5.77 5.77 5.77 5.77 5.77 5.77 5.77 5.77 5.77 5.77 5.77 5.77 5.77 5.77 5.13392 0 0 0 0 11.5396 31.2398 25.4698 19.6996 13.9294 8.15942 5.76978 5.77 5.77 5.77 5.77 5.77 0 0 7.97431 5.76947 5.76989 0 0 0 0 0 0 0 0 0 0 0 0 0 0 0 26.7243 37.0034 31.2205 25.4413 19.6637 13.899 12.3123 12.32 12.32 12.32 12.32 11.6846 0 0 0 4.29225 25.3681 58.9168 56.6797 50.8958 45.1102 39.3184 33.5221 27.7418 21.9525 16.168 14.2211
