tests/full-run-ref/erosion_83_12_73.250.asc
ncols 512
nrows 512
xllcorner -3.24582
yllcorner -4.08743
cellsize 5
NODATA_value -99999
[rows 87 to 115 of 512, columns 0 to 66 of 512]
16.32 11.54 5.77009 5.77011 5.7701 5.76999 5.76998 5.76997 5.76997 5.77002 5.76993 5.77 5.77 5.77 5.76999 5.77 5.77 5.76999 5.77 5.76999 5.76999 5.77 5.77 5.76989 5.76998 5.76994 5.76988 5.76987 5.76989 5.77 5.76999 5.76999 5.77 5.76999 5.76999 5.77 5.77 5.77 5.77 5.77 5.77 5.76999 5.77 5.76999 5.76999 5.76999 5.76999 5.76999 5.77 5.76999 5.76999 5.76999 5.76999 5.76999 5.76999 5.76998 5.76998 5.76999 5.76999 5.76998 5.76999 5.76999 5.76999 5.77 5.76997 5.76997 5.76991
13.93 8.15998 5.77009 5.77011 5.7701 5.77 5.76999 5.77004 5.76998 5.76999 5.76994 5.77 5.77 5.76999 5.76999 5.76999 5.77 5.77 5.77 5.76999 5.77 5.76999 5.77 5.77 5.76995 5.77007 5.76997 5.77004 5.76991 5.76999 5.77 5.76999 5.76999 5.77 5.77 5.76999 5.76999 5.77 5.76999 5.77 5.76999 5.76999 5.77 5.76999 5.77 5.76999 5.77 5.76999 5.77 5.77 5.76999 5.76999 5.76998 5.76999 5.77 5.76999 5.76998 5.76998 5.76999 5.76998 5.76999 5.77 5.76999 5.76993 5.76996 5.76988 5.76999
11.54 5.77009 5.7701 5.77011 5.7701 5.77003 5.76998 5.76995 5.76997 5.77003 5.76997 5.77 5.77 5.77 5.77 5.77 5.77 5.76999 5.76998 5.76999 5.77 5.77 5.76995 5.76996 5.76996 5.76998 5.76994 5.76992 5.76996 5.77 5.76999 5.76999 5.77 5.77 5.77 5.77 5.76999 5.76999 5.77001 5.76997 5.76999 5.77 5.76999 5.76999 5.77 5.76999 5.76999 5.77 5.77 5.76999 5.76999 5.76999 5.76998 5.76999 5.77 5.77 5.77 5.76999 5.76999 5.76999 5.76999 5.77 5.76999 5.76986 5.77007 5.76987 5.77001
11.54 5.77009 5.77011 5.77011 5.7701 5.77 5.76998 5.76999 5.76998 5.76994 5.76998 5.77 5.77 5.76999 5.77 5.76999 5.77 5.76999 5.76999 5.76999 5.77 5.77 5.76993 5.77003 5.76999 5.77004 5.76996 5.77 5.76999 5.77 5.77 5.76999 5.77 5.76999 5.76999 5.77 5.77 5.76999 5.76997 5.76998 5.77 5.76999 5.77 5.77 5.76999 5.76999 5.76999 5.77 5.77 5.77 5.76999 5.76999 5.76999 5.76999 5.76999 5.76999 5.76999 5.76999 5.76999 5.76999 5.76999 5.77 5.77 5.7699 5.76997 5.7699 5.76999
11.54 5.77009 5.77011 5.77011 5.7701 5.77 5.76996 5.77001 5.76998 5.77 5.76996 5.76993 5.76996 5.76998 5.76996 5.77 5.77 5.76999 5.76999 5.76998 5.76999 5.77 5.76995 5.76996 5.76992 5.76997 5.76999 5.76998 5.76996 5.76992 5.77 5.76999 5.77 5.76999 5.76999 5.76999 5.77 5.76999 5.76999 5.77 5.76999 5.77 5.76999 5.77 5.76999 5.76999 5.76999 5.76999 5.77 5.76999 5.76999 5.76999 5.76999 5.76999 5.76999 5.76999 5.76998 5.76999 5.77 5.76999 5.77 5.76999 5.77 5.77 5.77 5.77 5.77
11.54 5.77009 5.77011 5.77011 5.77011 5.77006 5.76994 5.76997 5.76996 5.76997 5.76997 5.77003 5.76996 5.77001 5.76998 5.77 5.77 5.76999 5.76999 5.77 5.76999 5.76999 5.76999 5.77 5.76999 5.76999 5.76999 5.76992 5.77006 5.76994 5.76996 5.76992 5.77 5.77 5.76999 5.77 5.77 5.77 5.77 5.76999 5.76999 5.77 5.76999 5.77 5.76999 5.76999 5.76999 5.76999 5.77 5.76999 5.76999 5.76999 5.76999 5.76999 5.76999 5.76999 5.76999 5.77 5.77 5.76999 5.76999 5.77 5.76998 5.76997 5.76995 5.77 5.77
11.54 5.77009 5.77011 5.77011 5.77011 5.77009 5.76999 5.76996 5.77006 5.76991 5.76996 5.76994 5.76993 5.76997 5.76999 5.77 5.76999 5.76999 5.77 5.77 5.77 5.77 5.77 5.76999 5.76998 5.77001 5.76996 5.76995 5.76994 5.76997 5.77003 5.76991 5.77 5.76999 5.77 5.77 5.76999 5.77 5.77 5.76999 5.76999 5.77 5.76999 5.77 5.76999 5.76999 5.76999 5.76999 5.77 5.76999 5.76999 5.76999 5.76998 5.76999 5.76998 5.76999 5.77 5.77 5.76999 5.76999 5.77 5.77 5.76995 5.77002 5.76994 5.77 5.76999
11.54 5.77009 5.77011 5.77011 5.77011 5.7701 5.77 5.77 5.76994 5.76997 5.76999 5.76993 5.7699 5.76994 5.76999 5.77 5.76999 5.77 5.76999 5.76999 5.76999 5.77 5.76999 5.77 5.76999 5.76997 5.76998 5.77 5.77 5.76995 5.76997 5.76996 5.76994 5.77 5.76999 5.77 5.77 5.77 5.76999 5.77 5.76999 5.77 5.77 5.77 5.76999 5.76998 5.76999 5.76999 5.77 5.76999 5.76999 5.76999 5.76998 5.76998 5.76999 5.76999 5.77 5.76999 5.76999 5.76999 5.76999 5.77 5.76994 5.76994 5.76996 5.77 5.76999
11.54 5.77009 5.77011 5.77011 5.77011 5.77011 5.77007 5.76999 5.76994 5.76999 5.77001 5.76996 5.77005 5.76995 5.77 5.76999 5.77 5.76999 5.77 5.76999 5.76999 5.77 5.77 5.76993 5.76996 5.76991 5.77 5.77 5.77 5.76999 5.76989 5.77004 5.76986 5.76999 5.77 5.77 5.76999 5.76999 5.76999 5.77 5.77 5.77 5.77 5.76999 5.76999 5.76999 5.76999 5.76999 5.76999 5.76998 5.76997 5.76999 5.76997 5.76998 5.76999 5.76999 5.76999 5.76999 5.76999 5.77 5.77 5.77 5.76999 5.77 5.76999 5.76999 5.76999
11.54 5.77009 5.77011 5.77011 5.77011 5.77011 5.7701 5.77008 5.77003 5.76998 5.76999 5.76996 5.76991 5.76998 5.77 5.77 5.77 5.76999 5.76999 5.76999 5.76999 5.76999 5.77 5.76992 5.77006 5.76981 5.77 5.77 5.77 5.77 5.76993 5.76994 5.76997 5.76991 5.76999 5.77 5.76999 5.77 5.77 5.76999 5.76999 5.76999 5.76999 5.76999 5.77 5.76999 5.77 5.76999 5.76999 5.76999 5.76999 5.76998 5.76999 5.76999 5.76999 5.76999 5.76999 5.76999 5.76999 5.77 5.77 5.77 5.76999 5.76999 5.77 5.77 5.76999
13.93 8.16009 5.7701 5.77011 5.77011 5.7701 5.77008 5.77 5.76999 5.76998 5.77 5.76999 5.77 5.77 5.77 5.77 5.77 5.76999 5.76999 5.76999 5.76999 5.76999 5.76995 5.76996 5.76991 5.76993 5.76999 5.77 5.77 5.77 5.77 5.76991 5.77004 5.76992 5.76999 5.76998 5.76999 5.76999 5.76999 5.76999 5.76999 5.77 5.77 5.76999 5.77 5.76999 5.77 5.77 5.77 5.76999 5.76999 5.76999 5.76998 5.77 5.76999 5.76999 5.76999 5.76999 5.77 5.77 5.76999 5.76999 5.76999 5.76999 5.76999 5.76999 5.77
16.32 11.5401 5.7701 5.76973 5.76757 5.76041 5.7308 5.69583 5.64323 5.48732 5.72735 5.77 5.77 5.77 5.77 5.77 5.77 5.76999 5.77 5.77 5.77 5.77 5.76996 5.77003 5.76993 5.77 5.77 5.77 5.76999 5.77 5.77 5.7699 5.76996 5.76995 5.76999 5.76999 5.77 5.77 5.76999 5.77 5.76999 5.77 5.76999 5.77 5.77 5.76999 5.76999 5.76999 5.76999 5.76998 5.76999 5.76999 5.77 5.77 5.77 5.76999 5.76999 5.77 5.77 5.77 5.76999 5.77 5.76999 5.76999 5.76999 5.76999 5.76999
17.31 11.5401 5.77009 6.16005 6.16006 6.16003 6.16011 6.15882 6.11251 5.80977 5.74599 5.77 5.76995 5.76997 5.76995 5.77 5.77 5.77 5.77 5.77 5.77 5.76999 5.76998 5.76997 5.76993 5.77 5.77 5.77 5.77 5.77 5.77 5.77 5.76998 5.76997 5.76993 5.76999 5.77 5.76999 5.76999 5.77 5.76999 5.77 5.77 5.76999 5.77 5.76999 5.76999 5.76999 5.76999 5.76999 5.76999 5.76999 5.77 5.76999 5.77 5.77 5.77 5.77 5.77 5.76999 5.77 5.76999 5.76999 5.76999 5.77 5.76999 5.76999
17.7 11.93 6.16003 5.76991 5.7689 5.76843 5.76602 5.75783 5.73707 5.74948 5.76106 5.77002 5.76997 5.77004 5.76991 5.77 5.77 5.77 5.76999 5.76999 5.76999 5.76994 5.76997 5.76995 5.77 5.77 5.77 5.76999 5.77 5.77 5.77 5.76999 5.76992 5.77004 5.76992 5.77 5.77 5.76999 5.77 5.77 5.76999 5.76999 5.76999 5.76999 5.76999 5.76998 5.76998 5.76998 5.76998 5.76999 5.76999 5.77 5.76999 5.77 5.77 5.77 5.77 5.77 5.77 5.77 5.76999 5.76999 5.76998 5.76999 5.76999 5.77 5.76999
17.31 11.54 5.77001 5.76965 5.77011 5.7701 5.77011 5.7701 5.77009 5.77004 5.77008 5.76999 5.76996 5.76996 5.76994 5.77 5.77 5.76999 5.77 5.77 5.76998 5.76994 5.77003 5.76989 5.77 5.77 5.77 5.76999 5.77 5.77 5.77 5.76999 5.76995 5.76997 5.76996 5.77 5.76999 5.77 5.76999 5.76999 5.76999 5.77 5.77 5.76999 5.76999 5.76998 5.76999 5.76999 5.76999 5.76999 5.76999 5.77 5.77 5.77 5.77 5.76999 5.77 5.77 5.76999 5.77 5.77 5.76999 5.76999 5.76999 5.76999 5.77 5.76999
16.32 11.54 5.77001 5.77011 5.77011 5.77011 5.77011 5.77011 5.7701 5.77006 5.76999 5.76993 5.76999 5.77001 5.76999 5.77 5.76999 5.77 5.76999 5.76998 5.77001 5.76996 5.76996 5.76997 5.77 5.77 5.76997 5.76994 5.76982 5.76999 5.77 5.77 5.77 5.77 5.77 5.76999 5.76999 5.77 5.76999 5.76999 5.76999 5.77 5.77 5.76999 5.76999 5.76998 5.76999 5.76999 5.76999 5.77 5.77 5.77 5.76999 5.76999 5.77 5.77 5.77 5.77 5.77 5.76999 5.76999 5.77 5.76999 5.76999 5.76999 5.77 5.76999
13.93 8.15998 5.77004 5.77011 5.77011 5.77011 5.77011 5.77011 5.77006 5.76999 5.76999 5.77 5.76999 5.76999 5.76999 5.77 5.76993 5.76952 5.76945 5.76989 5.76998 5.76999 5.77 5.77 5.76999 5.77 5.76989 5.77005 5.76968 5.77 5.77 5.76999 5.76999 5.77 5.77 5.76999 5.76999 5.76999 5.76999 5.76999 5.76999 5.76999 5.77 5.76999 5.76999 5.76999 5.76999 5.76997 5.76998 5.76997 5.77 5.76999 5.76999 5.77 5.76991 5.76998 5.7699 5.76999 5.76998 5.77 5.76999 5.76999 5.76999 5.76999 5.76999 5.77 5.77
11.54 5.77004 5.77008 5.77011 5.77011 5.77011 5.77011 5.7701 5.77 5.76999 5.77 5.76997 5.76993 5.76996 5.77 5.76995 5.76928 5.77011 5.77011 5.76945 5.76968 5.76993 5.77 5.77 5.76999 5.77 5.76995 5.76994 5.76991 5.77 5.77 5.77 5.77 5.76995 5.76997 5.76993 5.77 5.76999 5.77 5.76999 5.76999 5.77 5.76999 5.76999 5.76999 5.76999 5.77 5.76998 5.77002 5.76992 5.77 5.76999 5.77 5.77 5.76995 5.77006 5.76991 5.77001 5.76998 5.77 5.76999 5.76999 5.76998 5.76998 5.76999 5.77 5.77
11.54 5.77004 5.77008 5.77011 5.77011 5.77011 5.77011 5.77011 5.77007 5.76998 5.77001 5.77003 5.77008 5.76999 5.76996 5.76986 5.77011 5.77013 5.77013 5.7701 5.7701 5.76972 5.76996 5.76986 5.76987 5.76993 5.76997 5.77 5.77 5.76999 5.77 5.77 5.77 5.76986 5.77003 5.76992 5.76999 5.77 5.77 5.77 5.76999 5.76999 5.76999 5.76999 5.76999 5.76998 5.76998 5.76999 5.76997 5.76995 5.77 5.77 5.76993 5.76988 5.77 5.76993 5.76996 5.76999 5.76998 5.77 5.77 5.76999 5.76998 5.76998 5.76999 5.77 5.77
13.9299 8.15991 5.77004 5.77011 5.77011 5.77011 5.77011 5.77011 5.7701 5.77005 5.76999 5.76998 5.76998 5.76995 5.77003 5.76998 5.7701 5.77013 5.77013 5.77013 5.77013 5.76999 5.77 5.77006 5.76985 5.77007 5.76993 5.77 5.77 5.76999 5.77 5.77 5.76999 5.7699 5.76995 5.76994 5.76999 5.77 5.76999 5.76999 5.76999 5.76999 5.76999 5.77 5.77 5.76994 5.77002 5.76994 5.76999 5.76999 5.77 5.76999 5.76993 5.77005 5.77002 5.76999 5.77002 5.76996 5.76999 5.76999 5.76999 5.76999 5.76998 5.76998 5.76999 5.76999 5.76999
16.3199 11.5399 5.77004 5.77011 5.77011 5.77011 5.77011 5.77011 5.77008 5.76999 5.76998 5.77 5.77 5.76997 5.76998 5.76984 5.7701 5.77013 5.77013 5.77013 5.77012 5.77011 5.77012 5.77012 5.76994 5.76991 5.76994 5.77 5.76984 5.76998 5.77 5.77 5.77 5.76999 5.77001 5.76998 5.77 5.76999 5.77 5.76999 5.76999 5.76999 5.76999 5.76999 5.76999 5.76996 5.76998 5.76995 5.77 5.77 5.77 5.76986 5.77005 5.76996 5.76996 5.76998 5.76998 5.76996 5.76999 5.76999 5.76999 5.76999 5.76998 5.76998 5.76998 5.76999 5.76999
17.3098 11.5398 5.77004 5.77011 5.77011 5.77011 5.77011 5.77011 5.77004 5.76997 5.76999 5.76998 5.76997 5.76998 5.77002 5.7698 5.77009 5.77013 5.77013 5.77013 5.77013 5.77013 5.77013 5.77009 5.76999 5.77 5.76974 5.76983 5.77005 5.76989 5.76999 5.76995 5.77 5.76999 5.76999 5.76998 5.76999 5.76999 5.77 5.76999 5.76999 5.76998 5.77 5.77001 5.76999 5.77 5.77 5.77 5.77 5.77 5.76994 5.76997 5.77007 5.76985 5.77002 5.76999 5.77 5.77 5.76999 5.76999 5.76998 5.76997 5.76999 5.76998 5.76998 5.77 5.76999
17.3098 11.5398 5.77004 5.77011 5.77011 5.77011 5.77011 5.7701 5.77002 5.76999 5.76998 5.77003 5.76996 5.76999 5.76997 5.76984 5.77008 5.77013 5.77013 5.77013 5.77012 5.7701 5.7701 5.77011 5.77012 5.77012 5.77013 5.77012 5.77012 5.76994 5.77006 5.76991 5.76998 5.76991 5.77 5.76999 5.77 5.76999 5.76999 5.77 5.76999 5.77001 5.76999 5.76999 5.76998 5.77 5.77 5.77 5.77 5.77 5.76992 5.77006 5.77007 5.76994 5.76998 5.76999 5.77 5.77 5.76998 5.76998 5.76998 5.76999 5.76999 5.76999 5.76999 5.77 5.76999
17.3003 11.5303 5.77004 5.77011 5.77011 5.77011 5.77011 5.7701 5.76999 5.77 5.76999 5.76997 5.76996 5.77 5.77 5.76994 5.77006 5.77013 5.77013 5.77013 5.77006 5.76999 5.76993 5.76992 5.76993 5.76999 5.76999 5.77004 5.77011 5.77013 5.77012 5.76995 5.77007 5.76959 5.76999 5.76989 5.76986 5.77 5.77 5.77 5.76999 5.76997 5.76998 5.77 5.76999 5.76998 5.76986 5.76994 5.77 5.77 5.7699 5.77011 5.77 5.76999 5.76998 5.76997 5.77 5.76999 5.76999 5.76998 5.76998 5.76999 5.76999 5.76999 5.76999 5.77 5.77
17.3099 11.5399 5.77004 5.77011 5.77011 5.77011 5.77011 5.7701 5.77003 5.77 5.77003 5.76998 5.77 5.77 5.77 5.76997 5.77003 5.77012 5.77013 5.77012 5.77 5.77 5.76999 5.77003 5.76998 5.77 5.76995 5.76984 5.76999 5.77003 5.77011 5.77013 5.77012 5.76994 5.76991 5.77006 5.76977 5.76993 5.77 5.77 5.77 5.77 5.77 5.76999 5.77 5.76982 5.77007 5.76995 5.77 5.76999 5.77 5.7701 5.76999 5.76998 5.77004 5.76998 5.77 5.77 5.76999 5.76999 5.76998 5.76998 5.76999 5.76999 5.76999 5.77 5.77
17.3099 11.5399 5.77004 5.77011 5.77011 5.77011 5.77011 5.7701 5.77001 5.76999 5.77 5.76998 5.77 5.76999 5.76995 5.76999 5.77 5.77012 5.77013 5.77012 5.76999 5.77 5.76997 5.76995 5.76996 5.77 5.77 5.77 5.76998 5.76993 5.7699 5.76989 5.77003 5.76998 5.7701 5.77012 5.77005 5.76959 5.7699 5.76999 5.76998 5.76998 5.76996 5.76992 5.76996 5.76997 5.76994 5.76998 5.77 5.76999 5.77004 5.77008 5.76999 5.76997 5.76995 5.76995 5.77 5.77 5.76999 5.77 5.76999 5.76999 5.76999 5.76998 5.76999 5.76999 5.76997
17.3099 11.5399 5.77004 5.77011 5.77011 5.77011 5.77011 5.7701 5.77001 5.77 5.77002 5.76998 5.76997 5.76996 5.77008 5.76996 5.76999 5.77011 5.77013 5.77011 5.76986 5.77 5.77 5.77 5.77 5.77 5.77 5.76994 5.76989 5.76996 5.77001 5.76996 5.76999 5.77012 5.77013 5.77013 5.77013 5.77009 5.76993 5.76996 5.77005 5.76995 5.76998 5.77008 5.76991 5.77 5.76999 5.77001 5.76999 5.77 5.7701 5.77005 5.76999 5.77 5.77 5.77 5.76997 5.76993 5.7699 5.76999 5.76999 5.76998 5.76998 5.76998 5.76999 5.76998 5.77002
17.3099 11.5399 5.77004 5.77011 5.77011 5.77011 5.77011 5.7701 5.76999 5.77 5.76997 5.76997 5.77005 5.76999 5.76998 5.76993 5.76999 5.7701 5.77013 5.77009 5.76986 5.77 5.77 5.77 5.77 5.77 5.77 5.76989 5.77009 5.76996 5.76996 5.7699 5.77011 5.77013 5.77012 5.77 5.77013 5.76999 5.76993 5.76999 5.76993 5.76994 5.76991 5.76989 5.76991 5.77 5.76999 5.76999 5.76999 5.77009 5.7701 5.76999 5.77 5.76998 5.76997 5.76998 5.76996 5.77004 5.76986 5.77 5.76999 5.76999 5.76999 5.76999 5.76999 5.76996 5.76996
17.3099 11.5399 5.77004 5.77011 5.77011 5.77011 5.77011 5.77008 5.77 5.7699 5.77002 5.77008 5.77 5.76999 5.76999 5.76994 5.76999 5.77008 5.77013 5.77006 5.7699 5.76996 5.76994 5.76995 5.76999 5.76995 5.76993 5.77 5.76996 5.77 5.77001 5.77011 5.77013 5.77011 5.77 5.77011 5.77012 5.77009 5.76999 5.7699 5.76999 5.77 5.77 5.76994 5.76993 5.76993 5.77 5.76994 5.77002 5.77011 5.7701 5.77003 5.77 5.76998 5.77005 5.76997 5.76999 5.76995 5.7699 5.76999 5.77 5.77 5.77 5.77 5.77 5.76985 5.76985
