tests/full-run-ref/erosion_2010_78_23_-57.856.asc
ncols 512
nrows 512
xllcorner -3.24582
yllcorner -4.08743
cellsize 5
NODATA_value -99999
[rows 30 to 59 of 512, columns 0 to 66 of 512]
352.921 353.841 351.451 349.061 346.671 344.281 341.891 339.501 337.111 334.721 332.331 329.941 327.551 325.161 322.771 320.381 317.991 315.6 313.21 310.82 308.43 306.04 303.65 301.26 298.87 296.48 298.87 301.259 353.25 353.18 353.107 353.036 352.965 352.893 352.823 352.758 352.698 352.642 352.589 352.541 352.499 352.461 352.427 352.392 352.356 352.323 352.29 352.253 352.212 352.167 352.12 352.073 352.022 351.963 351.905 351.862 351.85 351.865 351.903 351.96 352.032 352.111 352.188 352.255 352.32 352.386 352.444
350.461 348.071 345.681 343.291 340.901 338.511 336.121 333.731 331.341 328.951 326.561 324.171 321.781 319.391 317.001 314.611 312.221 309.831 307.441 305.051 302.661 300.27 297.88 295.49 293.1 290.71 288.32 290.71 293.099 353.296 353.226 353.156 353.087 353.018 352.95 352.886 352.827 352.772 352.72 352.673 352.63 352.593 352.558 352.523 352.488 352.452 352.417 352.38 352.337 352.289 352.24 352.192 352.139 352.079 352.021 351.979 351.966 351.981 352.019 352.076 352.149 352.232 352.311 352.38 352.445 352.513 352.571
344.691 342.301 339.911 337.521 335.131 332.741 330.351 327.961 325.571 323.181 320.791 318.401 316.011 313.621 311.231 308.841 306.451 304.061 301.671 299.281 296.891 294.5 292.11 289.72 287.33 284.94 282.55 280.16 277.77 275.379 277.769 280.157 353.202 353.136 353.071 353.01 352.953 352.899 352.849 352.803 352.762 352.725 352.69 352.655 352.619 352.584 352.547 352.509 352.465 352.416 352.365 352.316 352.264 352.203 352.144 352.103 352.089 352.103 352.143 352.201 352.275 352.359 352.44 352.509 352.575 352.642 352.698
338.921 336.531 334.141 331.751 329.361 326.971 324.581 322.191 319.801 317.411 315.021 312.631 310.241 307.851 305.461 303.071 300.681 298.291 295.901 293.511 291.121 288.73 286.34 283.95 281.56 279.17 276.78 274.39 272 269.61 267.22 269.609 271.996 353.25 353.188 353.131 353.077 353.026 352.978 352.933 352.893 352.857 352.823 352.788 352.752 352.716 352.678 352.64 352.595 352.547 352.495 352.446 352.395 352.336 352.278 352.237 352.224 352.239 352.28 352.337 352.411 352.496 352.576 352.645 352.709 352.775 352.829
333.151 330.761 328.371 325.981 323.591 321.201 318.811 316.421 314.031 311.641 309.251 306.861 304.471 302.081 299.691 297.301 294.911 292.521 290.131 287.741 285.351 282.96 280.57 278.18 275.79 273.4 271.01 268.62 266.23 263.84 261.45 259.06 261.449 263.835 353.297 353.244 353.194 353.145 353.1 353.057 353.019 352.984 352.95 352.916 352.88 352.844 352.807 352.767 352.723 352.674 352.624 352.577 352.528 352.472 352.416 352.378 352.367 352.381 352.421 352.477 352.549 352.632 352.711 352.779 352.84 352.903 352.954
327.381 324.991 322.601 320.211 317.821 315.431 313.041 310.651 308.261 305.871 303.481 301.091 298.701 296.311 293.921 291.531 289.141 286.751 284.361 281.971 279.581 277.19 274.8 272.41 270.02 267.63 265.24 262.85 260.46 258.07 255.68 253.29 250.9 253.288 255.674 353.343 353.297 353.254 353.211 353.17 353.134 353.1 353.068 353.034 352.999 352.963 352.926 352.887 352.844 352.796 352.747 352.701 352.653 352.602 352.55 352.515 352.505 352.52 352.557 352.611 352.68 352.76 352.837 352.902 352.961 353.02 353.068
321.611 319.221 316.831 314.441 312.051 309.661 307.271 304.881 302.491 300.101 297.711 295.321 292.931 290.541 288.151 285.761 283.371 280.981 278.591 276.201 273.81 271.42 269.03 266.64 264.25 261.86 259.47 257.08 254.69 252.3 249.91 247.52 245.13 242.739 245.128 247.512 353.389 353.35 353.311 353.273 353.238 353.207 353.175 353.143 353.109 353.074 353.038 352.999 352.957 352.911 352.864 352.82 352.775 352.726 352.679 352.647 352.638 352.652 352.689 352.739 352.804 352.881 352.954 353.015 353.071 353.125 353.168
319.221 313.451 311.061 308.671 306.281 303.891 301.501 299.111 296.721 294.331 291.941 289.551 287.161 284.771 282.381 279.991 277.601 275.211 272.821 270.431 268.04 265.65 263.26 260.87 258.48 256.09 253.7 251.31 248.92 246.53 244.14 241.75 239.36 236.97 234.579 236.967 239.35 353.434 353.4 353.368 353.335 353.305 353.275 353.244 353.211 353.178 353.143 353.106 353.065 353.022 352.978 352.936 352.895 352.85 352.808 352.778 352.771 352.784 352.818 352.865 352.926 352.997 353.066 353.123 353.173 353.223 353.259
316.831 311.061 305.291 302.901 300.511 298.121 295.731 293.341 290.951 288.561 286.171 283.781 281.391 279.001 276.611 274.221 271.831 269.441 267.051 264.661 262.27 259.88 257.49 255.1 252.71 250.32 247.93 245.54 243.15 240.76 238.37 235.98 233.59 231.2 228.809 226.419 228.806 231.188 353.48 353.45 353.423 353.394 353.366 353.337 353.305 353.273 353.24 353.205 353.166 353.125 353.084 353.046 353.008 352.968 352.931 352.905 352.898 352.911 352.942 352.985 353.042 353.107 353.17 353.222 353.267 353.309 353.341
312.054 308.671 302.901 297.131 294.741 292.351 289.961 287.571 285.181 282.791 280.401 278.011 275.621 273.231 270.841 268.451 266.061 263.671 261.281 258.891 256.5 254.11 251.72 249.33 246.94 244.55 242.16 239.77 237.38 234.99 232.6 230.21 227.82 225.43 223.04 220.649 218.259 220.646 223.027 353.521 353.496 353.473 353.447 353.419 353.389 353.358 353.326 353.293 353.257 353.219 353.18 353.146 353.111 353.076 353.043 353.021 353.015 353.028 353.056 353.094 353.145 353.205 353.262 353.308 353.348 353.385 353.41
306.284 303.894 300.511 294.741 288.971 286.581 284.191 281.801 279.411 277.021 274.631 272.241 269.85 267.46 265.071 262.681 260.291 257.901 255.511 253.121 250.73 248.34 245.95 243.56 241.17 238.78 236.39 234 231.61 229.22 226.83 224.44 222.05 219.66 217.27 214.879 212.489 210.099 212.485 214.867 353.558 353.538 353.515 353.489 353.461 353.432 353.402 353.371 353.338 353.301 353.266 353.234 353.205 353.173 353.145 353.126 353.122 353.133 353.157 353.191 353.237 353.29 353.342 353.383 353.416 353.444 353.449
300.514 298.124 295.734 292.351 286.581 280.811 278.42 276.03 273.64 271.25 268.861 266.471 264.08 261.69 259.3 256.91 254.521 252.131 249.741 247.351 244.96 242.57 240.18 237.79 235.4 233.01 230.62 228.23 225.84 223.45 221.06 218.67 216.28 213.89 211.5 209.109 206.719 204.329 201.939 204.325 206.708 353.591 353.572 353.55 353.523 353.496 353.468 353.439 353.408 353.375 353.344 353.315 353.289 353.261 353.237 353.221 353.218 353.227 353.249 353.279 353.318 353.365 353.409 353.445 353.452 353.445 351.506
294.744 292.354 289.964 287.573 284.19 275.043 272.65 270.26 267.87 265.48 263.09 260.7 258.31 255.92 253.53 251.14 248.75 246.36 243.97 241.58 239.19 236.8 234.41 232.02 229.63 227.24 224.85 222.46 220.07 217.68 215.29 212.9 210.51 208.12 205.73 203.339 200.949 198.559 196.169 196.168 198.555 200.939 353.619 353.599 353.577 353.551 353.525 353.499 353.471 353.441 353.412 353.387 353.363 353.341 353.32 353.306 353.304 353.313 353.331 353.356 353.39 353.43 353.469 353.498 353.463 348.031 342.242
288.974 286.584 284.194 281.803 272.653 269.274 266.883 264.49 262.1 259.71 257.32 254.93 252.54 250.15 247.76 245.37 242.98 240.59 238.2 235.81 233.42 231.03 228.64 226.25 223.86 221.47 219.08 216.69 214.3 211.91 209.52 207.13 204.74 202.35 199.96 197.569 195.179 192.789 190.399 190.398 190.397 192.785 195.17 353.642 353.622 353.6 353.576 353.551 353.526 353.499 353.473 353.451 353.431 353.41 353.393 353.382 353.38 353.388 353.403 353.425 353.453 353.488 353.52 353.479 353.392 345.577 339.806
286.584 280.814 278.424 276.033 266.883 264.493 261.114 258.723 256.33 253.939 251.549 249.16 246.77 244.38 241.99 239.6 237.21 234.82 232.43 230.04 227.65 225.26 222.87 220.48 218.09 215.7 213.31 210.92 208.53 206.14 203.75 201.36 198.97 196.58 194.189 191.799 189.409 187.019 184.629 184.628 184.627 187.018 189.406 191.791 353.66 353.637 353.618 353.595 353.572 353.549 353.525 353.506 353.488 353.471 353.457 353.447 353.446 353.453 353.466 353.483 353.507 353.536 353.537 353.389 340.515 334.887 329.179
284.194 278.424 272.654 270.263 264.493 258.723 256.333 252.954 250.562 248.169 245.779 243.389 240.999 238.61 236.22 233.83 231.44 229.05 226.66 224.27 221.88 219.49 217.1 214.71 212.32 209.93 207.54 205.15 202.76 200.37 197.98 195.59 193.2 190.81 188.419 186.029 183.639 181.249 178.859 178.858 178.857 181.248 183.638 186.026 188.408 353.666 353.645 353.631 353.611 353.589 353.57 353.552 353.536 353.522 353.51 353.502 353.501 353.507 353.518 353.532 353.551 353.575 353.504 348.72 334.69 329.117 326.871
280.401 276.034 270.264 264.493 258.723 256.333 250.562 248.172 244.793 242.402 240.009 237.618 235.229 232.839 230.45 228.06 225.67 223.28 220.89 218.5 216.11 213.72 211.33 208.94 206.55 204.16 201.77 199.38 196.99 194.6 192.21 189.82 187.43 185.04 182.649 180.259 177.869 175.479 173.089 173.088 173.087 175.477 177.868 180.258 182.641 184.994 353.659 353.641 353.643 353.624 353.607 353.591 353.578 353.566 353.555 353.548 353.548 353.552 353.561 353.572 353.588 353.593 353.427 342.855 332.371 326.716 320.91
274.631 272.241 267.874 262.103 256.333 250.563 244.792 242.402 240.012 236.633 234.242 231.848 229.458 227.069 224.679 222.289 219.9 217.51 215.12 212.73 210.34 207.95 205.56 203.17 200.78 198.39 196 193.61 191.22 188.83 186.44 184.05 181.66 179.27 176.879 174.489 172.099 169.709 167.319 167.318 167.317 169.707 172.097 174.487 176.875 179.238 193.102 353.644 353.671 353.655 353.64 353.627 353.614 353.604 353.596 353.59 353.59 353.593 353.6 353.608 353.621 353.551 351.071 335.578 330.053 324.303 318.488
268.861 266.471 264.081 259.713 253.943 248.173 242.403 236.632 234.242 231.852 228.472 226.081 223.688 221.298 218.908 216.519 214.129 211.74 209.35 206.96 204.57 202.18 199.79 197.4 195.01 192.62 190.23 187.84 185.45 183.06 180.67 178.28 175.89 173.5 171.109 168.719 166.329 163.939 161.549 161.548 161.547 163.937 166.327 168.716 171.104 173.485 190.725 353.65 353.695 353.68 353.667 353.656 353.646 353.637 353.629 353.625 353.625 353.627 353.633 353.639 353.64 353.451 343.735 333.273 327.663 321.882 316.081
263.091 260.701 258.311 255.921 251.553 245.783 240.013 234.243 228.472 226.082 223.691 220.312 217.921 215.528 213.138 210.748 208.359 205.969 203.579 201.19 198.8 196.41 194.02 191.63 189.24 186.85 184.46 182.07 179.68 177.29 174.9 172.51 170.12 167.73 165.339 162.949 160.559 158.169 155.779 155.778 155.777 158.167 160.556 162.944 165.332 167.68 193.072 353.675 353.713 353.7 353.689 353.679 353.671 353.662 353.657 353.653 353.652 353.655 353.658 353.664 353.589 352.018 336.455 330.971 325.241 319.452 313.668
257.321 254.931 252.541 250.151 247.761 243.393 237.623 231.853 226.082 220.312 217.921 215.531 212.151 209.76 207.368 204.978 202.588 200.199 197.809 195.419 193.03 190.64 188.25 185.86 183.47 181.08 178.69 176.3 173.91 171.52 169.13 166.74 164.35 161.96 159.569 157.179 154.789 152.399 150.008 150.008 150.006 152.396 154.785 157.173 159.561 161.86 353.704 353.714 353.728 353.717 353.708 353.699 353.692 353.685 353.68 353.677 353.676 353.678 353.68 353.685 353.526 344.677 334.144 328.608 322.834 317.054 311.27
251.551 249.161 246.771 244.381 241.991 239.601 235.233 229.463 223.693 217.922 212.151 209.761 207.37 203.99 201.599 199.207 196.818 194.428 192.039 189.649 187.259 184.87 182.48 180.09 177.7 175.31 172.92 170.53 168.14 165.75 163.36 160.97 158.58 156.189 153.799 151.409 149.019 146.629 144.238 144.238 144.236 146.625 149.014 151.402 153.748 156.062 353.696 353.673 353.676 353.684 353.683 353.643 353.633 353.706 353.701 353.698 353.698 353.698 353.7 353.685 353.302 342.345 331.806 326.207 320.429 314.655 308.874
245.781 243.391 241.001 238.611 236.221 233.831 231.441 227.073 221.303 215.533 209.762 203.99 201.6 199.209 195.83 193.439 191.047 188.657 186.268 183.879 181.489 179.099 176.71 174.32 171.93 169.54 167.15 164.76 162.37 159.98 157.59 155.2 152.81 150.419 148.029 145.639 143.249 140.859 138.468 138.467 138.465 140.854 143.243 145.632 147.979 150.336 152.672 178.952 173.191 167.439 165.005 167.202 353.539 353.422 353.46 353.717 353.717 353.717 353.719 353.673 350.646 339.784 325.905 320.249 314.467 308.689 302.909
240.011 237.621 235.231 232.841 230.451 228.061 225.671 223.281 218.913 213.143 207.372 201.602 195.829 193.439 191.048 187.669 185.278 182.886 180.497 178.108 175.719 173.329 170.939 168.55 166.16 163.77 161.38 158.99 156.6 154.21 151.82 149.43 147.04 144.649 142.259 139.869 137.479 135.088 132.698 132.697 132.694 135.083 137.472 139.819 142.209 144.598 146.985 149.374 149.894 152.183 154.549 156.849 158.964 160.702 353.084 352.961 353.222 353.733 353.734 353.585 348.112 320.735 315.373 309.646 303.828 298.029 292.237
234.241 231.851 229.461 227.071 224.681 222.291 219.901 217.511 215.121 210.753 204.983 199.212 193.441 187.668 185.278 182.887 179.508 177.117 174.726 172.337 169.948 167.559 165.169 162.779 160.39 158 155.61 153.22 150.83 148.44 146.05 143.66 141.27 138.879 136.489 134.099 131.709 129.318 126.928 126.926 126.923 129.312 131.676 134.049 136.438 138.829 141.22 143.634 144.13 146.415 148.781 151.161 153.533 155.599 157.356 158.46 352.51 353.181 353.695 353.469 329.316 318.921 313.313 307.489 301.673 295.87 290.074
228.471 226.081 223.691 221.301 218.911 216.521 214.131 211.741 209.351 206.961 202.593 196.823 191.052 185.28 179.507 177.117 174.727 171.347 168.956 166.565 164.177 161.788 159.398 157.009 154.619 152.23 149.84 147.45 145.06 142.67 140.28 137.89 135.499 133.109 130.719 128.329 125.938 123.548 121.157 121.155 121.151 123.54 125.906 128.276 130.668 133.059 135.473 137.881 138.357 140.641 143.004 145.381 147.759 150.081 152.44 154.258 154.898 352.34 352.128 335.947 326.897 313.345 307.601 301.745 295.91 290.089 284.272
226.081 220.311 217.921 215.531 213.141 210.751 208.361 205.971 203.581 201.191 198.8 194.433 188.662 182.891 177.118 171.346 168.956 166.566 163.186 160.796 158.405 156.017 153.628 151.238 148.849 146.459 144.07 141.68 139.29 136.9 134.51 132.12 129.729 127.339 124.949 122.559 120.168 117.778 115.387 115.384 115.38 117.769 120.133 122.506 124.897 127.312 129.721 132.11 132.584 134.865 137.226 139.604 141.977 144.296 146.672 148.841 149.026 147.621 148.888 150.005 320.2 309.176 302.358 296.747 292.455 287.635 281.785
220.658 217.921 212.151 209.761 207.371 204.981 202.591 200.201 197.811 195.421 193.03 190.64 186.272 180.501 174.729 168.957 163.185 160.795 158.405 155.026 152.636 150.245 147.857 145.468 143.078 140.689 138.299 135.909 133.52 131.13 128.74 126.35 123.959 121.569 119.179 116.788 114.398 112.007 109.616 109.613 109.609 111.998 114.363 116.735 119.15 121.559 123.95 126.338 126.809 129.088 131.449 133.824 136.196 138.521 140.902 143.086 143.865 143.46 142.822 142.567 143.818 144.725 146.066 146.656 276.739 270.068 263.601
214.888 212.498 209.761 203.991 201.601 199.211 196.821 194.431 192.041 189.65 187.26 184.87 182.479 178.111 172.34 166.568 160.797 155.023 152.634 150.245 146.866 144.476 142.085 139.697 137.308 134.918 132.529 130.139 127.749 125.36 122.97 120.579 118.189 115.799 113.409 111.018 108.628 106.237 103.845 103.842 103.837 106.226 108.617 111.007 113.397 115.789 118.178 120.565 121.033 123.311 125.67 128.045 130.419 132.748 135.141 137.32 138.095 137.686 137.088 137.802 140.034 141.881 143.741 144.851 145.483 146.736 148.273
209.118 206.728 204.338 201.601 195.831 193.441 191.051 188.661 186.271 183.88 181.49 179.1 176.709 174.318 169.95 164.179 158.408 152.636 146.862 144.473 142.084 138.706 136.317 133.925 131.537 129.148 126.758 124.369 121.979 119.589 117.199 114.809 112.419 110.029 107.638 105.248 102.857 100.466 98.0734 98.0701 98.0654 100.455 102.846 105.237 107.627 110.018 112.405 114.791 115.257 117.534 119.892 122.267 124.644 127.027 129.373 131.551 132.317 131.909 131.306 132.009 134.226 136.077 138 140.292 142.229 144.543 146.847
