tests/full-run-ref/erosion_84_12_73.306.asc
ncols 512
nrows 512
xllcorner -3.24582
yllcorner -4.08743
cellsize 5
NODATA_value -99999
[rows 87 to 115 of 512, columns 134 to 200 of 512]
5.76996 5.76998 5.77 5.77 5.77 5.77 5.76999 5.76987 5.77004 5.76991 5.77 5.77 5.77 5.77 5.76999 5.77 5.77 5.76999 5.76999 5.76999 5.77 5.76999 5.77 5.77 5.76999 5.77 5.76987 5.77005 5.77015 5.77015 5.76998 5.77 5.76979 5.7698 5.77007 4.93854 5.52217 5.5911 5.67461 6.198 5.50136 5.76996 5.76989 5.76996 5.76987 5.76994 5.76999 5.77 5.76997 5.76996 5.76997 5.77 5.76999 5.77 5.76992 5.76997 5.76991 5.76995 5.76995 5.76997 5.76999 5.76999 5.77 5.77 5.77 5.76999 5.77
5.77002 5.76997 5.77 5.76999 5.76999 5.77 5.76999 5.76997 5.76994 5.76993 5.76999 5.77 5.76999 5.77 5.77 5.76999 5.76999 5.77 5.76999 5.76999 5.77 5.76999 5.76999 5.77 5.76991 5.76995 5.76986 5.77007 5.77015 5.77015 5.76999 5.76996 5.77015 5.77011 5.76996 5.43267 6.55673 5.68243 5.70313 5.67126 5.62813 5.76997 5.76992 5.76989 5.77007 5.76981 5.77 5.76999 5.77 5.77 5.77 5.76999 5.77 5.77 5.76999 5.77 5.77 5.76999 5.76998 5.77001 5.76997 5.77 5.76999 5.77 5.76999 5.77 5.77
5.76995 5.76997 5.76999 5.76999 5.77 5.76984 5.76994 5.76996 5.77 5.77 5.77 5.76999 5.77 5.76999 5.77 5.77 5.76999 5.76999 5.77 5.77 5.77 5.77 5.77 5.77 5.76988 5.77005 5.76989 5.77007 5.77015 5.77014 5.77 5.77005 5.77015 5.76983 5.77003 5.18989 4.81099 4.38531 6.83226 5.32134 5.76999 5.77009 5.76999 5.76996 5.76993 5.76994 5.76996 5.76999 5.76999 5.76999 5.76999 5.76999 5.77 5.76999 5.77 5.76999 5.77001 5.76998 5.77 5.76998 5.76998 5.77 5.76999 5.76999 5.77 5.77 5.76995
5.76993 5.77001 5.76999 5.77 5.77 5.76992 5.77006 5.76986 5.76997 5.76999 5.77 5.76999 5.76999 5.77 5.76999 5.77 5.77 5.77 5.77 5.77 5.76999 5.77 5.76999 5.77 5.76992 5.76994 5.76988 5.77004 5.77015 5.77013 5.76997 5.76999 5.76996 5.76996 5.7701 5.76979 5.77002 3.33673 7.11599 5.19232 5.76998 5.77001 5.7701 5.76999 5.76988 5.77008 5.76978 5.76999 5.77 5.76999 5.76999 5.77 5.77 5.76993 5.76996 5.76998 5.77 5.77001 5.7699 5.76989 5.77 5.76999 5.77001 5.76999 5.77 5.76999 5.76991
5.76992 5.76998 5.76999 5.76999 5.77 5.76996 5.76994 5.76994 5.77002 5.76996 5.77 5.76996 5.76995 5.76998 5.77 5.76999 5.77 5.77 5.76999 5.77 5.76999 5.77 5.77 5.77 5.77 5.77 5.76988 5.77007 5.77015 5.77015 5.77006 5.76998 5.76996 5.76999 5.77013 5.76976 5.76998 4.71352 5.43002 4.39741 5.76999 5.77008 5.76999 5.77002 5.76994 5.76997 5.76982 5.77 5.76999 5.77 5.76999 5.76996 5.76994 5.76998 5.77006 5.76995 5.76991 5.76993 5.77009 5.76973 5.76997 5.76994 5.76994 5.76999 5.76999 5.77 5.76992
5.76999 5.77 5.77 5.76999 5.76987 5.76999 5.77 5.76998 5.76994 5.76996 5.77 5.76996 5.77003 5.76995 5.77 5.77 5.76999 5.76999 5.76999 5.76999 5.76999 5.76999 5.76999 5.77 5.77 5.77 5.76991 5.77001 5.77015 5.77015 5.76999 5.76999 5.77013 5.77012 5.77012 5.76999 5.76996 5.77 5.77 5.7701 5.76992 5.77002 5.76998 5.77011 5.77008 5.77007 5.7699 5.77 5.76999 5.76982 5.76994 5.76996 5.77007 5.76989 5.76984 5.76996 5.77006 5.76994 5.76995 5.76999 5.76992 5.77004 5.76991 5.77 5.77 5.77 5.76994
5.76993 5.76994 5.77 5.76997 5.7701 5.76987 5.76996 5.76994 5.7699 5.76989 5.76995 5.76996 5.76994 5.76993 5.77 5.76999 5.77 5.76999 5.76999 5.77 5.77 5.76999 5.76999 5.77 5.76999 5.77 5.76997 5.76973 5.77014 5.77015 5.77009 5.77 5.7701 5.77013 5.77006 5.77013 5.7701 5.76992 5.76995 5.77012 5.76977 5.76999 5.77005 5.76999 5.76999 5.76985 5.76996 5.76988 5.76978 5.76995 5.7701 5.76986 5.76984 5.76981 5.76999 5.76982 5.76981 5.76996 5.76985 5.77011 5.76989 5.76996 5.76996 5.76994 5.77 5.77 5.76986
5.76989 5.77011 5.77 5.76995 5.76999 5.7699 5.77004 5.76994 5.76993 5.77006 5.76993 5.76999 5.77 5.77 5.76999 5.76999 5.76995 5.76992 5.76992 5.76999 5.77 5.77 5.76999 5.76995 5.76995 5.76998 5.76999 5.77005 5.77012 5.77015 5.77009 5.76996 5.76997 5.76993 5.76995 5.76999 5.77015 5.76994 5.77007 5.77013 5.77011 5.76998 5.76997 5.76997 5.76996 5.7699 5.76999 5.76997 5.77012 5.76997 5.76982 5.76982 5.77 5.77 5.76999 5.77 5.76999 5.76999 5.76985 5.76992 5.76999 5.76991 5.77004 5.76993 5.77 5.77 5.7699
5.76998 5.76999 5.77001 5.76994 5.76997 5.76987 5.76989 5.76994 5.76996 5.76989 5.76989 5.77 5.77 5.77 5.76998 5.77001 5.76994 5.77005 5.76994 5.77 5.77 5.77 5.77 5.76996 5.77003 5.76993 5.7699 5.76972 5.76999 5.77014 5.77015 5.77012 5.76991 5.77001 5.76992 5.77012 5.7701 5.76993 5.76998 5.76997 5.76992 5.76996 5.77002 5.76998 5.76999 5.7701 5.77 5.76986 5.76978 5.76981 5.76998 5.76997 5.76995 5.76999 5.77 5.77 5.76999 5.76995 5.77002 5.7698 5.77011 5.76987 5.76996 5.76995 5.77 5.77 5.77
5.76994 5.76996 5.76997 5.7699 5.77011 5.76966 5.77 5.77 5.77 5.77 5.77 5.77 5.77 5.77 5.76998 5.76998 5.76996 5.76992 5.76994 5.77 5.77 5.76996 5.76994 5.76996 5.76996 5.76993 5.77 5.77 5.76985 5.77003 5.77014 5.77015 5.76991 5.7699 5.76993 5.77015 5.77015 5.76999 5.76995 5.77012 5.76994 5.76999 5.77 5.76998 5.76994 5.76991 5.76995 5.76999 5.77001 5.76997 5.76996 5.77002 5.76994 5.76999 5.77 5.76999 5.77 5.76994 5.76999 5.76988 5.77 5.76995 5.76998 5.76988 5.76987 5.77 5.77
5.76985 5.77004 5.63207 5.70826 5.71776 5.76984 5.76978 5.77 5.76999 5.76983 5.76991 5.76995 5.76997 5.76997 5.77 5.76997 5.77003 5.76996 5.76999 5.77 5.77 5.76986 5.77008 5.76968 5.77 5.76999 5.76999 5.77 5.76998 5.76987 5.76988 5.77013 5.77015 5.77014 5.77015 5.77009 5.77001 5.77013 5.76993 5.76997 5.76994 5.76995 5.77001 5.76992 5.77005 5.76994 5.76996 5.76976 5.7697 5.76983 5.77 5.76995 5.76997 5.77 5.76999 5.76996 5.76995 5.76998 5.77002 5.76997 5.76998 5.76996 5.76995 5.7701 5.76997 5.76995 5.76991
5.76997 5.76991 5.54143 5.91963 5.59986 5.77011 5.76979 5.76999 5.76999 5.76993 5.77009 5.7699 5.77002 5.76996 5.77 5.76997 5.76996 5.76997 5.77 5.76992 5.76993 5.76998 5.76977 5.76994 5.76993 5.76989 5.7699 5.76991 5.77 5.77001 5.76988 5.7698 5.76983 5.77014 5.77 5.76998 5.76998 5.7699 5.76991 5.76996 5.77006 5.76998 5.77011 5.76989 5.76991 5.76997 5.77 5.77008 5.77012 5.77002 5.76999 5.76999 5.76989 5.76991 5.77 5.76997 5.77002 5.76998 5.76993 5.76993 5.77005 5.76994 5.76988 5.76984 5.76988 5.7701 5.76992
5.76999 5.77 5.4917 5.46683 5.54629 5.76972 5.76994 5.76996 5.76994 5.76999 5.76994 5.76994 5.76998 5.76998 5.76997 5.76984 5.77 5.76996 5.76998 5.76995 5.77005 5.76995 5.76999 5.7699 5.77003 5.76993 5.77008 5.76983 5.76999 5.77 5.77 5.76999 5.76981 5.77014 5.77014 5.76998 5.76998 5.76996 5.77005 5.76996 5.76995 5.76992 5.76988 5.77013 5.76999 5.76993 5.76996 5.76989 5.76987 5.76997 5.7701 5.77 5.77007 5.76994 5.76989 5.76997 5.76996 5.76992 5.76993 5.76997 5.76994 5.76997 5.76997 5.77004 5.76994 5.76981 5.76991
5.76999 5.77 5.77 5.77 5.77 5.77 5.77 5.76991 5.7701 5.76987 5.56042 5.68114 5.72768 5.76995 5.77012 5.76981 5.77 5.76992 5.77003 5.76995 5.76987 5.76988 5.76999 5.76997 5.7699 5.7699 5.76983 5.76996 5.76989 5.76994 5.76993 5.77001 5.76996 5.77008 5.77015 5.77013 5.77003 5.76993 5.76993 5.7699 5.76991 5.77003 5.76987 5.76979 5.77013 5.76999 5.76992 5.76995 5.77007 5.76998 5.76998 5.77011 5.76995 5.76992 5.7701 5.76986 5.76993 5.77004 5.76993 5.77002 5.76997 5.77 5.76991 5.76992 5.76991 5.77 5.77
5.76999 5.77 5.76999 5.77 5.77 5.77 5.76999 5.76997 5.76982 5.76998 5.57496 6.02617 5.76471 5.76998 5.76997 5.76989 5.77 5.76998 5.76995 5.76999 5.77 5.77 5.77 5.76999 5.76999 5.77 5.76995 5.76991 5.76986 5.77008 5.76985 5.76998 5.76994 5.76979 5.77009 5.77014 5.77014 5.76999 5.76998 5.77012 5.76984 5.76988 5.77 5.76989 5.76996 5.77013 5.77 5.76996 5.76995 5.76996 5.77008 5.76998 5.76996 5.77002 5.76994 5.76996 5.76996 5.76994 5.76991 5.76991 5.76984 5.76995 5.76989 5.77008 5.76982 5.77 5.76998
5.76999 5.76999 5.76999 5.76989 5.76993 5.76992 5.77 5.77 5.76999 5.76999 5.27503 5.45417 5.7494 5.76998 5.71287 5.6003 5.61917 5.76995 5.76989 5.77 5.77 5.77 5.77 5.77 5.77 5.77 5.76996 5.77004 5.76989 5.76973 5.76993 5.76996 5.77003 5.76994 5.76984 5.76998 5.77014 5.77012 5.77 5.76999 5.77012 5.76983 5.76998 5.77003 5.76994 5.76999 5.77013 5.76999 5.76995 5.76995 5.76993 5.76993 5.77011 5.09962 5.05045 5.27659 5.7699 5.76992 5.76992 5.77009 5.77 5.7701 5.76987 5.7699 5.76995 5.77 5.76999
5.76999 5.77 5.77 5.76988 5.77004 5.76989 5.77 5.77 5.77 5.76999 5.77 5.77 5.76999 5.77011 5.73491 6.09797 5.70949 5.77012 5.76986 5.77 5.77 5.77 5.77 5.77 5.76997 5.76996 5.77 5.76988 5.76995 5.77 5.77 5.76998 5.76995 5.76997 5.76995 5.76993 5.76999 5.77016 5.77009 5.76999 5.76998 5.77003 5.76995 5.76993 5.76997 5.76996 5.77 5.77009 5.76995 5.77 5.77001 5.76995 5.77 5.01919 6.99315 5.53401 5.77013 5.76996 5.76998 5.76998 5.76984 5.76988 5.76988 5.77 5.76993 5.76999 5.76999
5.77 5.76999 5.76999 5.76991 5.76993 5.76991 5.76999 5.76999 5.76999 5.76999 5.76999 5.76999 5.76999 5.77 5.63884 5.72174 5.69754 5.76997 5.76993 5.76994 5.76997 5.76991 5.76996 5.76997 5.76992 5.77004 5.76993 5.77 5.77 5.77 5.76989 5.76996 5.76992 5.76991 5.77009 5.76997 5.77012 5.77006 5.77015 5.7701 5.76999 5.76996 5.76989 5.77011 5.76988 5.76999 5.76994 5.76998 5.76997 5.76997 5.76995 5.76997 5.77 4.71999 4.54124 5.21876 5.72027 5.72411 5.77003 5.77 5.76999 5.77001 5.76998 5.76991 5.76999 5.77008 5.77012
5.76999 5.76999 5.77 5.76999 5.77001 5.76997 5.77 5.77 5.77 5.76999 5.76999 5.76998 5.76999 5.76999 5.77 5.77013 5.76997 5.77001 5.77 5.76999 5.77008 5.76999 5.77004 5.76991 5.76992 5.76998 5.76989 5.7699 5.76991 5.76991 5.76977 5.7701 5.76988 5.76993 5.76998 5.76999 5.76991 5.77011 5.76999 5.77015 5.76999 5.77 5.76985 5.76999 5.7701 5.76991 5.76996 5.76995 5.76994 5.7699 5.7701 5.76998 5.76994 5.76994 5.77007 5.64355 5.91222 5.73174 5.77012 5.76996 5.76999 5.76999 5.76986 5.76993 5.77014 5.77003 5.76973
5.76999 5.76999 5.76999 5.77 5.76997 5.76997 5.76999 5.76999 5.77 5.77 5.76999 5.76997 5.77002 5.76999 5.7699 5.77 5.71933 5.60875 5.58196 5.68447 5.75358 5.76995 5.76998 5.77 5.76992 5.77006 5.76993 5.76988 5.77007 5.76995 5.76999 5.7698 5.76992 5.77005 5.76993 5.77011 5.77 5.76994 5.77013 5.77014 5.77003 5.76998 5.76998 5.7698 5.77004 5.76999 5.76992 5.77008 5.76993 5.76995 5.76986 5.77008 5.76997 5.7699 5.76996 5.68152 5.70366 5.69514 5.77001 5.76988 5.77 5.76988 5.76994 5.77014 5.76998 5.7698 5.76998
5.77 5.76999 5.76999 5.77 5.76999 5.76999 5.76999 5.77 5.76999 5.76999 5.76999 5.76996 5.76998 5.76998 5.76994 5.77012 5.71497 5.97009 6.09334 5.81858 5.75627 5.77011 5.76999 5.77001 5.76996 5.76995 5.65096 5.64126 4.52838 4.09114 3.33016 5.76991 5.76994 5.76992 5.76997 5.76999 5.76998 5.77012 5.77004 5.76999 5.76991 5.76993 5.77002 5.76996 5.76988 5.77014 5.7699 5.76995 5.76996 5.76997 5.76994 5.76999 5.76999 5.76999 5.77011 5.76998 5.77003 5.77 5.76999 5.77 5.7699 5.76995 5.77013 5.76999 5.77 5.76978 5.76979
5.76999 5.76999 5.76999 5.77 5.76999 5.77 5.76999 5.77 5.76999 5.76999 5.76999 5.76984 5.76989 5.76993 5.76986 5.76993 5.65539 5.40263 5.4212 5.72807 5.74892 5.77008 5.76999 5.77011 5.76999 5.76996 5.68999 5.9078 5.43589 7.31164 3.44123 5.77009 5.76999 5.77009 5.77 5.77009 5.76996 5.76998 5.76999 5.77014 5.7701 5.7699 5.76995 5.76993 5.76994 5.76999 5.77005 5.76985 5.76993 5.77003 5.76997 5.77 5.77 5.76987 5.76978 5.76985 5.76997 5.76998 5.77 5.76992 5.76999 5.77014 5.76999 5.76999 5.77001 5.77013 5.77007
5.76999 5.76998 5.77 5.76998 5.77 5.76999 5.76999 5.77 5.76999 5.76999 5.77 5.76977 5.77008 5.76991 5.77001 5.76984 5.77012 5.77 5.77012 5.77007 5.77 5.76991 5.76988 5.76998 5.76994 5.77009 5.6884 5.71779 5.31819 5.74954 3.72367 5.76992 5.76979 5.76986 5.7698 5.76989 5.76995 5.76991 5.77014 5.76997 5.77007 5.76995 5.76997 5.76994 5.77014 5.76999 5.76985 5.77 5.76971 5.7698 5.76981 5.76992 5.77 5.77 5.77 5.77 5.77 5.77 5.76993 5.76999 5.77015 5.76999 5.76992 5.76997 5.76985 5.76975 5.76985
5.76999 5.76998 5.76999 5.77 5.77 5.76999 5.76999 5.77 5.77 5.76999 5.76989 5.76995 5.76988 5.76988 5.77 5.76984 5.76992 5.76996 5.76986 5.76991 5.77 5.76997 5.77006 5.76986 5.76985 5.76974 5.76983 5.77011 4.63892 7.24417 4.09344 5.76998 5.76996 5.76993 5.77002 5.76998 5.77 5.76987 5.77014 5.76999 5.76996 5.76996 5.77002 5.7699 5.76992 5.76997 5.77 5.76987 5.77005 5.7701 5.77012 5.76989 5.77 5.77 5.77 5.77 5.77 5.7699 5.77 5.77015 5.77 5.76995 5.77 5.76995 5.77003 5.76995 5.77
5.76999 5.77 5.76999 5.76999 5.77 5.77 5.77 5.76984 5.76977 5.76985 5.76993 5.77004 5.76994 5.76998 5.77001 5.76998 5.76993 5.77008 5.76998 5.76998 5.76992 5.76997 5.76997 5.76995 5.77 5.77 5.76976 5.76987 4.2324 4.11304 4.33625 5.76986 5.7701 5.76984 5.76998 5.76989 5.76981 5.76992 5.77014 5.76999 5.76997 5.76986 5.76984 5.76988 5.76993 5.76999 5.76999 5.76996 5.76999 5.76998 5.76995 5.77 5.77 5.76995 5.76996 5.76994 5.76988 5.76994 5.77014 5.76994 5.76993 5.76994 5.76993 5.76983 5.76986 5.76986 5.76999
4.56443 5.76999 5.76999 5.77 5.76983 5.7699 5.77 5.76999 5.77013 5.77 5.76997 5.76993 5.76995 5.76998 5.76998 5.76998 5.76998 5.77013 5.76988 5.76995 5.77005 5.76999 5.77004 5.76995 5.76999 5.76999 5.77 5.76991 5.77006 5.76995 5.76996 5.76994 5.76989 5.76997 5.76992 5.76981 5.77014 5.77015 5.77015 5.77015 5.77015 5.77015 5.77015 5.77015 5.77015 5.77015 5.77015 5.77015 5.77015 5.77015 5.77013 5.77001 5.76998 5.77 5.77007 5.76999 5.77009 5.77009 5.76999 5.76995 5.77 5.7699 5.77013 5.76997 5.77007 5.77005 5.76997
4.56416 5.77 5.76997 5.76998 5.76983 5.77008 5.76998 5.76995 5.76997 5.76994 5.76998 5.76995 5.76998 5.76994 5.76992 5.76997 5.76999 5.77011 5.76998 5.76995 5.77 5.76992 5.76993 5.76993 5.77 5.76999 5.76998 5.76989 5.76995 5.76987 5.7699 5.77007 5.76994 5.7699 5.76988 5.77013 5.77015 5.77016 5.77015 5.77015 5.77014 5.77013 5.77009 5.76996 5.76995 5.76996 5.76999 5.76998 5.76999 5.76999 5.76999 5.76999 5.76998 5.76999 5.76997 5.77014 5.76992 5.76989 5.76998 5.76996 5.76999 5.76997 5.76991 5.76991 5.76999 5.76998 5.76996
5.18751 5.76984 5.76997 5.77002 5.76995 5.77 5.77 5.77008 5.76996 5.77002 5.76998 5.77003 5.76997 5.76998 5.77011 5.76999 5.77012 5.76999 5.76999 5.76993 5.77005 5.7699 5.77 5.77 5.76999 5.77 5.77 5.76995 5.77004 5.76995 5.76996 5.76984 5.76997 5.76985 5.77013 5.77015 5.77016 5.77014 5.77 5.76999 5.76999 5.76999 5.76987 5.76997 5.77 5.77 5.77 5.77 5.77 5.77 5.76997 5.76987 5.76993 5.76999 5.76999 5.77012 5.76991 5.77001 5.7699 5.77014 5.77 5.77014 5.77 5.76995 5.77006 5.76994 5.77
5.77012 5.76121 5.51336 5.54176 5.76999 5.76996 5.77007 5.77012 5.76997 5.76998 5.76994 5.76995 5.76995 5.62995 5.66092 5.69715 5.77007 5.76997 5.77 5.76993 5.76997 5.76986 5.76987 5.76982 5.76999 5.77 5.76999 5.76988 5.76998 5.76992 5.77 5.76992 5.76985 5.77013 5.77015 5.77016 5.77015 5.77008 5.76998 5.76997 5.7699 5.76983 5.76997 5.76998 5.77 5.76998 5.76994 5.76996 5.76995 5.76995 5.76998 5.77009 5.76987 5.76999 5.77006 5.77 5.76995 5.76999 5.76997 5.76983 5.76985 5.76972 5.76976 5.76992 5.76995 5.76997 5.76992
