tests/full-run-ref/erosion_78_22_-42.864.asc
ncols 512
nrows 512
xllcorner -3.24582
yllcorner -4.08743
cellsize 5
NODATA_value -99999
[rows 36 to 71 of 512, columns 164 to 245 of 512]
230.928 233.319 235.711 238.104 240.5 236.308 230.529 224.755 218.981 213.207 207.434 201.661 195.888 190.115 184.342 178.57 172.797 167.024 161.25 155.476 149.702 143.927 138.152 132.376 126.598 120.819 115.038 109.488 103.748 97.9575 92.1797 88.2917 82.4988 76.6679 70.8472 65.0418 59.236 53.4318 47.6293 41.8286 36.0284 30.2296 24.429 18.6097 12.9054 7.24665 5.5042 5.74526 5.76596 5.76829 5.76319 5.7544 8.12666 13.8801 19.6535 25.426 31.1983 36.9701 42.7416 48.5126 54.2834 60.054 65.8247 71.5953 74.9946 69.2236 63.4531 57.6826 51.912 46.1414 40.3704 34.5993 28.8277 23.0552 17.2826 11.5087 5.7564 5.76912 5.77 5.77 5.77 5.77
225.155 227.546 229.938 232.329 234.723 236.058 230.279 224.501 218.725 212.95 207.176 201.401 195.627 189.853 184.079 178.305 172.531 166.757 160.983 155.207 149.431 143.655 137.878 132.101 126.321 120.541 114.758 108.971 103.181 97.3883 91.5994 85.7846 79.9652 74.1465 68.3249 62.5047 56.6837 50.8628 45.0429 39.2242 33.4071 27.5965 21.7855 15.9885 10.1633 5.20484 5.7446 5.77 5.77 5.77 5.77 5.76897 5.75224 11.4842 17.2582 23.0317 28.805 34.578 40.3503 46.1223 51.8937 57.665 63.4359 69.2069 73.0239 67.2529 61.4823 55.7118 49.9413 44.1707 38.4 32.6292 27.8463 22.0746 16.3026 11.5223 5.76394 5.77 5.77 5.77 5.77 5.77
219.381 221.771 224.164 226.554 228.945 231.341 228.662 222.879 217.1 211.322 205.544 199.767 193.989 188.212 182.435 176.657 170.88 165.102 159.324 153.545 147.765 141.985 136.203 130.421 124.637 118.852 113.063 107.272 101.477 95.6773 89.8728 84.0604 78.242 72.4203 66.5921 60.7596 54.925 49.0885 43.251 37.413 31.5749 25.7462 20.1924 14.6449 10.2854 5.29776 5.77 5.77 5.77 5.77 5.77 5.76904 5.75187 11.4817 17.2554 23.0289 28.8024 34.5756 40.3484 46.1207 51.8928 57.6643 63.4359 69.2071 70.6336 64.8627 59.092 53.3215 47.5509 41.7804 36.0097 30.239 24.4679 19.6861 13.9144 8.14462 5.76771 5.77 5.77 5.77 5.77 5.77
213.606 215.994 218.384 220.778 223.168 225.562 226.271 220.482 214.696 208.911 203.127 197.342 191.558 185.773 179.988 174.203 168.417 162.631 156.844 151.057 145.269 139.48 133.689 127.897 122.103 116.307 110.507 104.704 98.8958 93.082 87.2619 81.4342 75.5981 69.7536 63.9014 58.0409 52.1733 46.2995 40.4203 34.5367 28.6493 22.7621 16.8749 11.3241 6.15179 5.50581 5.77 5.77 5.77 5.77 5.77 5.76532 8.12908 13.8777 19.6486 25.4211 31.1937 36.9663 42.7386 48.5107 54.2822 60.0543 65.8259 71.0345 65.2682 62.4721 56.7018 50.9311 45.1605 39.3899 33.6193 27.8486 22.0777 16.3065 11.5264 5.76404 5.7696 5.77 5.77 5.77 5.77 5.77
207.831 210.218 212.605 215.001 217.393 219.783 222.183 218.1 212.303 206.511 200.721 194.93 189.139 183.348 177.556 171.764 165.971 160.178 154.384 148.59 142.794 136.998 131.199 125.399 119.597 113.791 107.983 102.17 96.3512 90.5264 84.694 78.8531 73.0026 67.1417 61.2701 55.3878 49.495 43.5922 37.6804 31.7604 25.8333 19.8991 13.982 8.12534 4.32198 5.67685 5.77 5.77 5.77 5.77 5.77 5.761 11.5095 16.2708 22.0422 27.814 33.586 39.358 45.1299 50.9015 56.673 62.4443 68.217 65.2627 62.8717 57.1064 54.3112 48.541 42.7701 36.9995 31.2288 25.4581 19.6872 13.9161 8.14746 5.76812 5.77 5.77 5.77 5.77 5.77 5.77
202.055 204.441 206.827 209.222 211.618 214.008 216.406 218.811 214.721 208.931 203.146 197.361 191.576 185.79 180.003 174.216 168.429 162.641 156.853 151.064 145.274 139.484 133.692 127.899 122.104 116.308 110.509 104.707 98.9016 93.0921 87.2778 81.458 75.6323 69.8 63.9608 58.1145 52.2609 46.4003 40.5329 34.6591 28.7794 22.8943 17.0274 11.6299 6.74282 5.69307 5.77 5.77 5.77 5.77 5.77 5.75887 11.4991 17.2713 23.0426 28.8146 34.5866 40.3587 46.1306 51.9024 57.6737 63.4461 65.2597 62.8675 57.0993 54.71 48.9446 46.1501 40.38 34.6092 28.8385 23.0676 17.297 11.5259 5.76393 5.76966 5.77 5.77 5.77 5.77 5.77 5.77
196.274 198.662 201.051 203.442 205.838 208.232 210.625 213.026 212.428 206.633 200.841 195.05 189.258 183.466 177.672 171.878 166.083 160.287 154.49 148.693 142.894 137.094 131.293 125.491 119.686 113.878 108.068 102.253 96.4339 90.6098 84.78 78.9438 73.1005 67.2497 61.3909 55.5235 49.6474 43.7624 37.8687 31.9665 26.056 20.1376 14.2224 8.42202 4.57297 5.72492 5.77 5.77 5.77 5.77 5.77 5.75718 11.4935 17.2658 23.0382 28.8107 34.5833 40.3559 46.1282 51.9004 57.6722 63.4445 62.8669 57.095 54.7047 48.9366 46.5481 40.7829 38.395 32.6303 27.8501 22.0795 16.3092 11.5304 5.76667 5.77 5.77 5.77 5.77 5.77 5.77 5.77
190.495 192.881 195.274 197.666 200.056 202.453 204.851 207.248 209.655 206.703 200.901 195.105 189.312 183.518 177.724 171.928 166.133 160.336 154.539 148.74 142.941 137.141 131.34 125.537 119.732 113.924 108.113 102.298 96.4791 90.6553 84.8263 78.9915 73.1504 67.3024 61.4471 55.584 49.7128 43.8334 37.9457 32.0497 26.1457 20.2329 14.3178 8.50454 4.5926 5.72986 5.77 5.77 5.77 5.77 5.77 5.75586 11.4896 17.2623 23.0352 28.8084 34.5816 40.3547 46.1278 51.9 57.6715 62.8682 57.0945 54.703 48.9316 46.5422 40.7738 38.3861 32.6207 30.2337 24.4691 19.6889 13.9184 8.15015 5.76852 5.77 5.77 5.77 5.77 5.77 5.77 5.77
184.714 187.103 189.5 191.889 194.275 196.675 199.077 201.475 203.874 206.282 203.327 197.528 191.738 185.951 180.164 174.377 168.589 162.801 157.013 151.224 145.435 139.644 133.853 128.061 122.267 116.472 110.673 104.873 99.0689 93.2624 87.4527 81.6396 75.8227 70.0017 64.1763 58.3462 52.5114 46.6716 40.8269 34.9773 29.1229 23.2684 17.407 11.8982 6.57724 5.55709 5.77 5.77 5.77 5.77 5.77 5.75483 11.4873 17.2606 23.034 28.8077 34.5814 40.3555 46.1285 51.8998 57.6723 57.0972 54.7041 48.9305 46.54 40.7679 38.3794 32.6107 30.2239 24.4584 22.0722 16.3078 11.5281 5.76517 5.76973 5.77 5.77 5.77 5.77 5.77 5.77 5.77
178.934 181.328 183.724 186.11 188.494 190.895 193.301 195.7 198.094 200.491 202.897 199.632 193.841 188.058 182.276 176.494 170.712 164.929 159.147 153.364 147.58 141.796 136.011 130.225 124.439 118.651 112.862 107.069 101.275 95.4793 89.6818 83.8821 78.0803 72.276 66.4692 60.6597 54.8474 49.0324 43.2148 37.3945 31.5716 25.7597 20.3688 14.8458 10.6046 5.40205 5.77 5.77 5.77 5.77 5.77 5.75403 11.4849 17.2587 23.0327 28.8068 34.5819 40.3556 46.1272 51.8993 57.0991 54.7062 48.9322 46.5409 40.7665 38.3768 32.6041 30.2165 24.4474 22.0615 16.296 13.9115 8.14933 5.7683 5.77 5.77 5.77 5.77 5.77 5.77 5.77 5.77
173.157 175.552 177.944 180.324 182.713 185.112 187.518 189.918 192.309 194.695 197.097 197.229 191.416 185.621 179.827 174.034 168.24 162.446 156.651 150.855 145.059 139.262 133.463 127.663 121.861 116.057 110.25 104.441 98.6273 92.8106 86.99 81.1659 75.3375 69.5048 63.6673 57.8249 51.9775 46.1251 40.2677 34.4054 28.5384 22.6721 16.805 11.4333 6.24673 5.52723 5.77 5.77 5.77 5.77 5.77 5.75359 11.4826 17.2573 23.0317 28.8074 34.5817 40.3537 46.1259 51.8981 54.7086 48.9349 46.5426 40.7683 38.3775 32.6022 30.2134 24.44 22.0535 16.284 13.9006 8.13717 5.7646 5.76969 5.77 5.77 5.77 5.77 5.77 5.77 5.77 5.77
167.381 169.773 172.156 174.54 176.926 179.331 181.736 184.133 186.522 188.903 191.295 194.851 189.005 183.197 177.389 171.582 165.775 159.966 154.158 148.348 142.537 136.724 130.909 125.091 119.272 113.449 107.624 101.795 95.9628 90.1237 84.2795 78.4288 72.5719 66.7078 60.8365 54.9574 49.0705 43.1756 37.2728 31.3619 25.443 19.5151 13.5888 7.83172 4.44385 5.72547 5.77 5.77 5.77 5.77 5.77 5.75396 11.4849 17.2597 23.0356 28.8105 34.5828 40.3554 46.1277 51.9002 48.9369 46.5447 40.771 38.3793 32.604 30.2139 24.4377 22.0498 16.2758 13.8923 8.12623 5.7611 5.76932 5.77 5.77 5.77 5.77 5.77 5.77 5.77 5.77 5.77
161.601 163.989 166.371 168.753 171.143 173.54 175.942 178.337 180.73 183.118 185.488 194.895 189.113 183.288 177.477 171.669 165.861 160.053 154.244 148.434 142.621 136.806 130.988 125.17 119.347 113.524 107.698 101.869 96.0362 90.1997 84.356 78.5067 72.6498 66.7859 60.9139 55.0342 49.1462 43.25 37.3452 31.4319 25.5099 19.5792 13.6395 7.95627 4.65652 5.77 5.77 5.77 5.77 5.77 5.77 5.75532 11.4928 17.2679 23.0429 28.8154 34.5885 40.3609 46.1336 48.9386 46.5459 40.7723 38.3814 32.6067 30.2157 24.4394 22.0501 16.273 13.8882 8.11869 5.75841 5.769 5.77 5.77 5.77 5.77 5.77 5.77 5.77 5.77 5.77 5.77
155.819 158.203 160.583 162.966 165.353 167.746 170.15 172.549 174.948 177.343 179.722 182.105 189.203 183.362 177.554 171.75 165.947 160.144 154.343 148.536 142.731 136.912 131.09 125.271 119.454 113.634 107.812 101.987 96.16 90.3282 84.4927 78.6491 72.799 66.9407 61.0752 55.202 49.3212 43.4324 37.5355 31.6301 25.7164 19.7941 13.8722 8.10622 4.49735 5.72446 5.77 5.77 5.77 5.77 5.77 5.75741 11.5025 17.2767 23.0488 28.8221 34.5949 40.3671 46.1395 46.5478 40.7737 38.3823 32.6081 30.2177 24.442 22.0518 16.2745 13.8881 8.11572 5.75694 5.76879 5.77 5.77 5.77 5.77 5.77 5.77 5.77 5.77 5.77 5.77 5.77
150.033 152.415 154.794 157.174 159.558 161.954 164.363 166.766 169.169 171.568 173.956 176.307 190.05 184.25 178.452 172.658 166.865 161.072 155.283 149.964 144.364 139.484 133.675 127.863 122.065 116.265 110.462 104.659 98.8521 93.0442 87.2317 81.4167 75.5929 69.7659 63.933 58.0957 52.253 46.4051 40.5518 34.693 28.8286 22.9588 17.11 11.6375 6.63775 5.6139 5.77 5.77 5.77 5.77 5.77 5.76006 11.5117 16.2874 22.0588 27.8322 33.605 39.3767 45.1493 40.7755 38.3834 32.6094 30.2187 24.4435 22.0538 16.277 13.8895 8.11646 5.75675 5.76872 5.77 5.77 5.77 5.77 5.77 5.77 5.77 5.77 5.77 5.77 5.77 5.77
144.245 146.625 149 151.375 153.759 156.172 158.576 160.983 163.388 165.787 168.173 170.479 187.62 181.835 176.032 170.234 164.438 158.643 152.849 147.054 141.733 136.148 133.623 127.833 122.02 116.223 110.422 104.616 98.8111 93.0006 87.1879 81.3688 75.5467 69.7136 63.8769 58.0335 52.1848 46.3297 40.4689 34.6022 28.7298 22.8516 16.9964 11.6015 6.6183 5.61432 5.77 5.77 5.77 5.77 5.77 5.76461 8.12719 13.8932 19.6677 25.4413 31.2136 36.9866 40.7778 38.3849 32.6107 30.2197 24.4446 22.0547 16.2784 13.891 8.11824 5.7573 5.76875 5.77 5.77 5.77 5.77 5.77 5.77 5.77 5.77 5.77 5.77 5.77 5.77 5.77
138.454 140.83 143.201 145.574 147.967 150.383 152.791 155.197 157.604 160.003 162.386 164.637 185.191 179.423 173.609 167.803 162 156.2 150.4 144.6 138.798 133.475 127.857 125.367 119.606 113.795 107.985 102.162 96.3339 90.5012 84.6608 78.819 72.9691 67.1114 61.239 55.3575 49.4644 43.5614 37.6481 31.7255 25.7939 19.8535 13.9145 8.12172 4.57583 5.72504 5.77 5.77 5.77 5.77 5.77 5.76848 5.75497 11.5026 17.2774 23.0508 28.8241 34.5974 38.3877 32.6129 30.2209 24.4459 22.0556 16.2794 13.8916 8.11916 5.75788 5.76882 5.77 5.77 5.77 5.77 5.77 5.77 5.77 5.77 5.77 5.77 5.77 5.77 5.77 5.77
132.659 135.031 137.398 139.775 142.172 144.59 147.003 149.411 151.819 154.218 156.597 158.784 182.76 177.015 171.191 165.375 159.564 153.756 147.949 142.143 136.337 130.522 125.179 119.545 117.369 112.618 108.172 102.355 96.5394 90.6949 84.8409 79.0004 73.1545 67.2992 61.4375 55.56 49.6717 43.7707 37.86 31.94 26.0115 20.0743 14.1388 8.32759 4.61605 5.72929 5.77 5.77 5.77 5.77 5.77 5.77 5.7605 11.5121 17.2853 23.0581 28.8307 34.6044 32.6165 30.2226 24.4478 22.0568 16.2806 13.8923 8.11971 5.75826 5.76886 5.77 5.77 5.77 5.77 5.77 5.77 5.77 5.77 5.77 5.77 5.77 5.77 5.77 5.77 5.77
126.86 129.229 131.596 133.975 136.374 138.794 141.206 143.628 146.033 148.431 150.806 152.924 180.326 174.611 168.776 162.95 157.13 151.313 145.498 139.686 133.873 128.059 122.227 116.863 111.201 109.085 104.378 102.122 96.8098 93.3139 87.4929 81.6708 75.8496 70.0209 64.1944 58.3642 52.5171 46.6666 40.8081 34.9452 29.0767 23.2028 17.346 11.9594 6.78622 5.63749 5.77 5.77 5.77 5.77 5.77 5.77 5.76293 11.5191 16.2981 22.0697 27.8428 32.6211 30.2254 24.4501 22.0583 16.2823 13.8932 8.12036 5.75859 5.76889 5.77 5.77 5.77 5.77 5.77 5.77 5.77 5.77 5.77 5.77 5.77 5.77 5.77 5.77 5.77 5.77
121.057 123.424 125.792 128.171 130.571 132.992 135.407 137.821 140.237 142.642 145.015 147.049 177.883 172.204 166.36 160.525 154.695 148.869 143.047 137.226 131.408 125.588 119.765 113.914 108.522 102.825 100.776 96.0717 93.8653 88.5782 86.2737 80.7274 76.168 70.3553 64.5375 58.7107 52.8817 47.0326 41.183 35.3262 29.4658 23.5999 17.7444 12.1647 6.92196 5.63956 5.77 5.77 5.77 5.77 5.77 5.77 5.7662 8.13785 13.9062 19.6796 25.4527 30.2307 24.4557 22.0607 16.2846 13.8945 8.12137 5.759 5.76892 5.77 5.77 5.77 5.77 5.77 5.77 5.77 5.77 5.77 5.77 5.77 5.77 5.77 5.77 5.77 5.77 5.77
115.251 117.617 119.984 122.362 124.759 127.182 129.596 132.015 134.44 136.839 139.22 141.146 175.429 169.792 163.937 158.094 152.256 146.422 140.591 134.763 128.937 123.113 117.287 111.454 105.581 100.156 94.4164 92.441 87.7543 85.6015 80.3145 78.0453 72.5045 67.9546 62.1403 56.2941 50.4447 44.5787 38.6865 32.7885 26.8813 20.9691 15.0527 9.19297 4.95514 5.72915 5.77 5.77 5.77 5.77 5.77 5.77 5.7689 5.76059 11.5183 17.2917 23.0655 24.4639 22.0664 16.2906 13.8969 8.12325 5.75958 5.76896 5.77 5.77 5.77 5.77 5.77 5.77 5.77 5.77 5.77 5.77 5.77 5.77 5.77 5.77 5.77 5.77 5.77 5.77
109.437 111.804 114.169 116.543 118.938 121.363 123.782 126.21 128.63 130.989 133.323 138.653 173 167.376 161.511 155.659 149.812 143.97 138.131 132.295 126.462 120.631 114.801 108.97 103.126 97.2271 91.7643 85.9763 84.0858 79.4177 77.3226 72.0392 69.8108 64.2955 62.0002 56.3273 50.7259 44.8781 39.0009 33.108 27.2106 21.3074 15.4221 9.56879 5.16841 5.77 5.77 5.77 5.77 5.77 5.77 5.77 5.77 5.76517 11.527 16.3077 22.081 22.0739 16.2987 13.9023 8.12821 5.7607 5.76903 5.77 5.77 5.77 5.77 5.77 5.77 5.77 5.77 5.77 5.77 5.77 5.77 5.77 5.77 5.77 5.77 5.77 5.77 5.77
103.619 105.984 108.348 110.719 113.116 115.548 117.975 120.404 122.806 125.129 127.037 140.67 170.727 164.962 159.09 153.226 147.368 141.515 135.666 129.822 123.981 118.142 112.307 106.473 100.635 94.7805 88.8523 83.3463 77.5041 75.7087 71.0618 69.0314 63.7516 61.5618 56.0284 53.7603 48.1228 44.0488 38.1913 32.3103 26.4093 20.5078 14.7221 10.1085 5.31931 5.77 5.77 5.77 5.77 5.77 5.77 5.77 5.77 5.76752 8.14803 13.9189 19.6922 16.3068 13.9097 8.13599 5.7626 5.76918 5.77 5.77 5.77 5.77 5.77 5.77 5.77 5.77 5.77 5.77 5.77 5.77 5.77 5.77 5.77 5.77 5.77 5.77 5.77 5.77
97.793 100.159 102.52 104.895 107.301 109.746 112.178 114.6 116.975 119.28 120.371 170.486 168.536 162.564 156.667 150.788 144.919 139.056 133.199 127.346 121.496 115.65 109.808 103.967 98.1285 92.2845 86.418 80.4571 74.9021 68.9996 67.3094 62.6865 60.7277 55.4478 53.295 47.7555 45.5275 39.8817 35.8051 29.9434 24.0353 18.0962 12.1692 6.61035 5.54713 5.77 5.77 5.77 5.77 5.77 5.77 5.77 5.77 5.76917 5.76592 11.5323 16.3137 13.9171 8.14402 5.76483 5.7694 5.77 5.77 5.77 5.77 5.77 5.77 5.77 5.77 5.77 5.77 5.77 5.77 5.77 5.77 5.77 5.77 5.77 5.77 5.77 5.77 5.77
91.9609 94.3281 96.6937 99.0789 101.503 103.96 106.392 108.795 111.148 113.469 114.309 168.096 163.078 160.118 154.19 148.32 142.453 136.589 130.727 124.868 119.012 113.158 107.308 101.461 95.6157 89.772 83.9211 78.0409 72.0428 66.4322 60.4629 58.8876 54.2915 52.4103 47.1295 45.0201 39.4725 37.2812 31.6333 27.6228 21.7569 15.8232 9.87884 5.11223 5.71629 5.77 5.77 5.77 5.77 5.77 5.77 5.77 5.77 5.77 5.76851 8.15464 13.9239 8.15168 5.76687 5.76961 5.77 5.77 5.77 5.77 5.77 5.77 5.77 5.77 5.77 5.77 5.77 5.77 5.77 5.77 5.77 5.77 5.77 5.77 5.77 5.77 5.77 5.77
86.1245 88.4984 90.8754 93.2806 95.7227 98.1694 100.588 102.974 105.322 107.674 109.124 130.577 162.012 157.6 151.686 145.828 139.971 134.112 128.251 122.39 116.53 110.671 104.813 98.9583 93.106 87.256 81.4067 75.548 69.6519 63.6114 57.9379 51.8945 50.4434 45.8763 44.0792 38.7974 36.736 31.1804 29.0298 23.4067 21.1647 15.3561 10.6035 5.43628 5.77 5.77 5.77 5.77 5.77 5.77 5.77 5.77 5.77 5.77 5.76939 5.76864 8.15754 5.76857 5.76981 5.77 5.77 5.77 5.77 5.77 5.77 5.77 5.77 5.77 5.77 5.77 5.77 5.77 5.77 5.77 5.77 5.77 5.77 5.77 5.77 5.77 5.77 5.77
80.2883 82.6745 85.0702 87.4945 89.937 92.3689 94.7748 97.1574 99.515 102.022 103.823 125.773 161.087 155.246 149.266 143.381 137.512 131.65 125.787 119.924 114.059 108.194 102.33 96.4677 90.607 84.7486 78.8924 73.0363 67.1682 61.2535 55.1647 49.4203 43.2951 41.9769 37.4407 35.7342 30.4515 28.4428 22.8793 20.7653 15.1128 12.9553 7.31944 5.63945 5.77 5.77 5.77 5.77 5.77 5.77 5.77 5.77 5.77 5.77 5.77 5.7698 5.76987 5.76993 5.77 5.77 5.77 5.77 5.77 5.77 5.77 5.77 5.77 5.77 5.77 5.77 5.77 5.77 5.77 5.77 5.77 5.77 5.77 5.77 5.77 5.77 5.77 5.77
74.4559 76.8597 79.2747 81.7083 84.1435 86.5611 88.9598 91.3375 93.8277 96.2188 101.56 120.478 158.695 152.996 146.989 141.034 135.125 129.237 123.359 117.485 111.612 105.739 99.8671 93.9955 88.1252 82.2568 76.3905 70.5263 64.6617 58.7821 52.8453 46.7018 40.8781 34.6633 33.4876 28.9845 27.3754 22.0917 20.1436 14.5705 12.5743 7.03197 5.50815 5.74996 5.77 5.77 5.77 5.77 5.77 5.77 5.77 5.77 5.77 5.77 5.77 5.77 5.77 5.77 5.77 5.77 5.77 5.77 5.77 5.77 5.77 5.77 5.77 5.77 5.77 5.77 5.77 5.77 5.77 5.77 5.77 5.77 5.77 5.77 5.77 5.77 5.77 5.77
68.6295 71.0526 73.4819 75.9172 78.3418 80.7466 83.1247 85.6159 87.9745 93.6815 99.4115 114.624 156.199 150.654 144.724 138.76 132.812 126.889 120.983 115.088 109.198 103.312 97.4271 91.5435 85.6611 79.7801 73.9009 68.0239 62.1487 56.2724 50.3776 44.4144 38.2099 32.3008 25.9895 24.9721 20.5063 19.011 13.7351 11.9808 6.59832 5.38513 5.7429 5.77 5.77 5.77 5.77 5.77 5.77 5.77 5.77 5.77 5.77 5.77 5.77 5.77 5.77 5.77 5.77 5.77 5.77 5.77 5.77 5.77 5.77 5.77 5.77 5.77 5.77 5.77 5.77 5.77 5.77 5.77 5.77 5.77 5.77 5.77 5.77 5.77 5.77 5.77
62.8072 65.2473 67.6857 70.1157 72.5285 74.8999 77.3732 79.7115 85.4208 91.3792 97.0575 108.598 153.637 148.237 142.352 136.444 130.507 124.568 118.638 112.718 106.805 100.898 94.9946 89.0929 83.1927 77.2935 71.3957 65.4993 59.6046 53.7112 47.8155 41.8977 35.9011 29.6316 23.6409 17.2311 16.4142 12.0261 10.9072 5.92967 5.22149 5.73217 5.77 5.77 5.77 5.77 5.77 5.77 5.77 5.77 5.77 5.77 5.77 5.77 5.77 5.77 5.77 5.77 5.77 5.77 5.77 5.77 5.77 5.77 5.77 5.77 5.77 5.77 5.77 5.77 5.77 5.77 5.77 5.77 5.77 5.77 5.77 5.77 5.77 5.77 5.77 5.77
56.9866 59.4387 61.8799 64.2998 66.6705 69.12 71.4207 77.1492 83.1135 88.9669 94.6647 102.514 151.015 145.785 139.906 134.012 128.107 122.179 116.24 110.299 104.361 98.4245 92.4905 86.5578 80.6255 74.6932 68.7607 62.8281 56.8954 50.9628 45.0298 39.0924 33.13 27.0858 20.7545 14.7202 8.22692 8.03018 4.63557 4.98406 5.7196 5.77 5.77 5.77 5.77 5.77 5.77 5.77 5.77 5.77 5.77 5.77 5.77 5.77 5.77 5.77 5.77 5.77 5.77 5.77 5.77 5.77 5.77 5.77 5.77 5.77 5.77 5.77 5.77 5.77 5.77 5.77 5.77 5.77 5.77 5.77 5.77 5.77 5.77 5.77 5.77 5.77
51.1652 53.62 56.0538 58.4248 60.8515 63.1115 68.865 74.8509 80.72 86.5247 92.0108 96.6519 148.117 143.182 137.422 131.5 125.549 119.597 113.629 107.651 101.665 95.6744 89.6796 83.6811 77.6791 71.6733 65.6636 59.65 53.6328 47.6119 41.5875 35.5593 29.5237 23.462 17.3323 10.9383 5.4168 0.803807 4.42957 5.70855 5.77 5.77 5.77 5.77 5.77 5.77 5.77 5.77 5.77 5.77 5.77 5.77 5.77 5.77 5.77 5.77 5.77 5.77 5.77 5.77 5.77 5.77 5.77 5.77 5.77 5.77 5.77 5.77 5.77 5.77 5.77 5.77 5.77 5.77 5.77 5.77 5.77 5.77 5.77 5.77 5.77 5.77
45.3368 47.7791 50.1535 52.5628 54.7833 60.5711 66.5941 72.4728 78.2883 83.8424 89.6089 94.8172 98.5084 139.573 134.886 129.022 123.001 116.964 110.934 104.895 98.8462 92.7877 86.7198 80.6429 74.5574 68.4636 62.3616 56.2515 50.1334 44.0077 37.8744 31.7338 25.5856 19.4271 13.2409 7.02622 1.89321 2.7633 5.75809 5.77 5.77 5.77 5.77 5.77 5.77 5.77 5.77 5.77 5.77 5.77 5.77 5.77 5.77 5.77 5.77 5.77 5.77 5.77 5.77 5.77 5.77 5.77 5.77 5.77 5.77 5.77 5.77 5.77 5.77 5.77 5.77 5.77 5.77 5.77 5.77 5.77 5.77 5.77 5.77 5.77 5.77 5.77
39.4851 41.8533 44.241 46.4292 52.2617 58.3322 64.2282 70.049 75.6017 81.4013 87.287 92.4604 94.1122 94.5959 134.128 129.466 123.428 117.399 111.358 105.329 99.2925 93.2507 87.2003 81.1413 75.0734 68.9967 62.911 56.8167 50.7137 44.6022 38.4823 32.3543 26.2182 20.0742 13.9213 7.76603 3.2635 3.74796 5.77 5.77 5.77 5.77 5.77 5.77 5.77 5.77 5.77 5.77 5.77 5.77 5.77 5.77 5.77 5.77 5.77 5.77 5.77 5.77 5.77 5.77 5.77 5.77 5.77 5.77 5.77 5.77 5.77 5.77 5.77 5.77 5.77 5.77 5.77 5.77 5.77 5.77 5.77 5.77 5.77 5.77 5.77 5.77
33.5332 35.8907 38.035 43.9292 50.0621 55.9893 61.8233 67.6353 73.4635 79.3286 85.2018 86.6499 88.8375 89.7929 90.5956 128.693 123.93 117.877 111.855 105.823 99.8033 93.779 87.7508 81.7163 75.6745 69.6252 63.5679 57.5026 51.4293 45.348 39.2586 33.1613 27.056 20.943 14.8221 8.70689 4.00157 3.85716 5.77 5.77 5.77 5.77 5.77 5.77 5.77 5.77 5.77 5.77 5.77 5.77 5.77 5.77 5.77 5.77 5.77 5.77 5.77 5.77 5.77 5.77 5.77 5.77 5.77 5.77 5.77 5.77 5.77 5.77 5.77 5.77 5.77 5.77 5.77 5.77 5.77 5.77 5.77 5.76994 5.76995 5.76997 5.77 5.77
27.5123 29.6045 35.5604 41.7635 47.7382 53.5997 59.4329 65.2743 71.1349 77.007 81.0468 80.7409 83.0502 84.675 86.4335 87.4612 123.174 118.31 112.275 106.245 100.217 94.2011 88.1817 82.159 76.1312 70.0974 64.0571 58.01 51.9559 45.8945 39.8258 33.7497 27.6661 21.5751 15.4765 9.38019 4.50076 3.94742 5.77 5.77 5.77 5.77 5.77 5.77 5.77 5.77 5.77 5.77 5.77 5.77 5.77 5.77 5.77 5.77 5.77 5.77 5.77 5.77 5.77 5.77 5.77 5.77 5.77 5.77 5.77 5.77 5.77 5.77 5.77 5.77 5.77 5.77 5.77 5.77 5.77 5.77 5.77 5.76989 8.15965 5.76985 5.76997 5.77
