tests/full-run-ref/erosion_2010_78_17_32.116.asc
ncols 512
nrows 512
xllcorner -3.24582
yllcorner -4.08743
cellsize 5
NODATA_value -99999
[rows 168 to 209 of 512, columns 282 to 375 of 512]
5.76985 8.15995 8.15996 13.9299 6.06804 5.76979 0 0 0 0 0 0 0 0 0 0 0 0 0 0 0 0 0 0 0 0 0 0 0 0 0 0 0 0 0 0 0 0 0 0 0 0 0 0 0 0 5.76996 11.54 16.315 13.93 8.15998 5.76999 0 0 0 0 0 0 0 5.76999 5.76999 8.15771 0 0 0 0 0 0 0 0 0 0 0 0 0 0 0 5.76994 11.54 19.7 19.7 19.7 27.86 28.842 23.072 17.3024 11.535 5.76987 0 0 0 0 5.76999 5.76998
5.76984 5.76988 8.15996 8.15991 14.2865 13.917 8.15969 0 0 0 0 0 0 0 0 0 0 0 0 0 0 0 0 0 0 0 0 0 0 0 0 0 0 0 0 0 0 0 0 0 0 0 0 5.76999 5.76998 5.76998 8.15998 11.54 22.09 16.32 13.93 8.16 0 0 0 0 0 0 0 5.76999 5.77 11.54 0 0 0 0 0 0 0 0 0 0 0 0 0 5.77 5.76997 5.76995 11.54 11.54 17.3099 19.7 19.7 19.7 25.47 17.3099 11.5399 5.76994 0 0 0 0 5.76999 0
0 5.76983 5.76984 11.5399 11.5399 16.2915 13.9297 8.15963 0 0 0 0 0 0 0 0 0 0 0 0 0 0 0 0 0 0 0 0 0 0 0 0 0 0 0 0 0 0 0 0 0 0 6.16 5.76998 5.76997 8.15998 11.54 16.32 24.48 17.31 11.54 5.76998 0 0 0 0 0 0 5.76998 5.76998 5.76999 11.54 5.76998 0 0 0 0 0 0 0 0 0 0 0 5.77 5.76999 5.76998 5.76997 11.54 11.5399 11.5399 13.93 16.32 16.32 25.47 19.7 11.5399 5.76996 0 0 0 0 5.76998 0
0 0 5.76981 8.15979 11.5399 22.0411 16.3197 13.9297 8.15959 0 0 0 0 0 0 0 0 0 0 0 0 0 0 0 0 0 0 0 0 0 0 0 0 0 0 0 0 0 0 0 0 0 5.76999 5.76998 8.15998 13.93 16.32 16.32 23.08 17.31 11.54 5.76998 0 0 0 0 0 5.76996 5.76997 5.76997 5.77 13.93 8.16 0 0 0 0 0 0 0 0 0 0 6.16001 6.16001 5.76999 5.76999 5.76998 5.76996 5.76994 5.76994 8.15996 13.93 16.32 19.7 19.7 13.93 8.15999 0 0 0 0 0 0
0 0 5.76983 5.76967 11.5399 24.4799 22.0898 16.3197 13.9296 8.15956 0 0 0 0 0 0 0 0 0 0 0 0 0 0 0 0 0 0 0 0 0 0 0 0 0 0 0 0 0 0 0 0 0 5.76996 11.54 13.93 13.93 23.5349 21.1449 17.31 11.54 5.76997 0 0 0 0 5.76995 5.76996 8.16 5.76999 5.76999 0 0 0 0 0 0 0 0 0 0 0 0 0 0 0 0 0 0 0 5.76995 5.76996 8.15998 13.93 16.32 22.09 11.54 5.76997 0 0 0 0 0 0
0 0 0 11.5396 11.5398 30.2499 24.4798 22.0897 16.3196 13.9296 8.1596 0 0 0 0 0 0 0 0 0 0 0 0 0 0 0 0 0 0 0 0 0 0 0 0 0 0 0 0 0 0 0 0 5.76998 5.76995 8.15998 11.9949 17.7586 9.6049 9.60493 11.54 5.76996 0 0 0 5.76997 5.76996 8.16001 13.93 8.15997 0 0 0 0 0 0 0 0 0 0 0 0 0 0 0 0 0 0 0 0 0 5.76997 5.76998 8.15998 13.93 19.7 13.93 8.15997 0 0 0 0 0 0
0 0 0 11.5396 11.5398 32.6399 30.2498 24.4797 22.0897 16.3196 11.5395 0 0 0 0 0 0 0 0 0 0 0 0 0 0 0 0 0 0 0 0 0 0 0 0 0 0 0 0 0 0 0 0 0 5.76996 5.76997 8.15999 11.9887 5.76992 5.76996 5.76999 8.15998 0 0 0 5.76996 5.76997 5.76996 8.15997 0 0 0 0 0 0 0 0 0 0 0 0 0 0 0 0 0 0 0 0 0 0 0 5.76997 5.76997 8.15998 13.93 16.32 13.93 0 5.76998 0 0 0 0
0 0 0 11.5396 40.7998 38.4099 32.6398 30.2498 24.4797 19.6996 13.9295 8.15942 5.76972 0 0 0 0 0 0 0 0 0 0 0 0 0 0 0 0 0 0 0 0 0 0 0 0 0 0 0 0 0 0 0 0 5.76997 5.76998 8.15829 0 0 5.76997 5.76999 8.15978 0 0 0 5.76996 5.76997 0 0 0 0 0 0 0 0 0 0 0 0 0 0 0 0 0 0 0 0 0 0 0 0 0 5.76996 5.76995 8.15999 13.93 16.3198 13.93 0 0 0 0 0
0 0 0 11.5396 46.5698 40.7999 38.4099 32.6398 27.8597 22.0896 16.3194 14.3196 11.5353 5.76959 0 0 0 0 0 0 0 0 0 0 0 0 0 0 0 0 0 0 0 0 0 0 0 0 0 0 0 0 0 0 0 0 5.77 5.76996 0 0 0 5.76997 5.76999 0 0 0 0 0 0 0 0 0 0 0 0 0 0 0 0 0 0 0 0 0 0 0 0 0 0 0 0 0 0 0 5.76995 5.76996 8.16 13.93 8.15997 0 0 0 0 0
0 0 0 11.5395 48.9598 46.5699 40.7999 36.0198 30.2497 24.4795 22.4796 19.6927 13.9295 8.15943 0 0 0 0 0 0 0 0 0 0 0 0 0 6.16001 0 0 0 0 0 0 0 0 0 0 0 0 0 0 0 0 0 5.76998 5.76998 8.15819 5.76998 0 5.76998 0 5.76995 5.76999 5.76997 5.76998 0 0 0 0 0 0 0 0 0 0 0 0 0 0 0 0 0 0 0 0 0 0 0 0 0 0 0 0 0 5.76997 5.76998 8.15998 0 0 0 0 0 0
0 0 0 11.5395 54.7298 48.9599 44.1799 38.4098 32.6397 30.6397 27.8528 22.0896 16.3195 13.9295 8.15952 0 0 0 0 0 0 0 0 0 0 0 0 0 0 0 0 0 0 0 0 0 0 0 0 0 0 0 0 0 0 5.76997 8.16001 11.54 0 0 0 0 0 5.76996 5.76997 0 0 0 0 0 0 0 0 0 0 0 0 0 0 0 0 0 0 0 0 0 0 0 0 0 0 0 0 0 0 5.76999 0 0 0 0 0 0 0 0
0 0 0 11.5342 57.1198 52.3399 46.5699 40.7998 38.7998 36.0128 30.2497 24.4796 22.0896 16.3196 13.9296 8.15971 5.7699 0 0 0 0 0 0 0 0 0 0 0 0 0 0 0 0 0 0 0 0 0 0 0 0 0 0 0 0 5.76997 5.76997 13.93 8.15998 0 0 0 0 0 0 0 0 0 0 0 0 0 0 0 0 0 0 0 0 0 0 0 0 0 0 0 0 0 0 0 0 0 0 0 0 5.77 0 0 0 0 0 0 0 0
0 0 5.76993 11.5353 60.4997 54.7299 48.9599 46.9599 44.1729 38.4098 32.6397 30.2498 24.4797 19.6996 13.9295 8.15956 0 0 0 0 0 0 0 0 0 0 0 0 0 0 0 0 0 0 0 0 0 0 0 0 0 0 0 0 0 0 5.76996 5.76997 0 0 0 0 0 0 0 0 0 0 0 0 0 0 0 0 0 0 0 0 0 0 0 0 0 0 0 0 0 0 0 0 0 0 0 0 0 5.77 0 0 0 0 0 0 0 0
0 5.76998 5.76992 13.9207 62.8898 57.12 55.12 51.925 46.1598 40.3898 34.6197 28.8496 22.0895 16.3195 11.5395 0 0 0 0 0 0 0 0 0 0 0 0 0 0 0 0 0 0 0 0 0 0 0 0 0 0 0 0 0 0 0 0 0 0 0 0 0 0 0 0 0 0 0 0 0 0 0 0 0 0 0 0 0 0 0 0 0 0 0 0 0 0 0 0 0 0 0 0 0 0 0 0 0 0 0 0 0 0 0
0 5.76998 8.15999 16.3197 65.2799 62.89 60.0852 54.3199 48.5499 42.7798 36.9539 16.3192 13.9294 11.5396 8.15911 0 0 0 0 0 0 0 0 0 0 0 0 0 0 0 0 0 0 0 0 0 0 0 0 0 0 0 0 0 0 0 0 0 0 0 0 0 0 0 0 0 0 0 0 0 0 0 0 0 0 0 0 0 0 0 0 0 0 0 0 0 0 0 0 0 0 0 0 0 0 0 0 0 0 0 0 0 0 0
0 5.76996 5.76994 22.0897 71.0499 68.25 62.4799 56.7099 50.9398 45.0735 19.6801 13.9295 8.15957 0 0 0 0 0 0 0 5.76994 0 0 0 0 0 0 0 0 0 0 0 0 0 0 0 0 0 0 0 0 0 0 0 0 0 0 0 0 0 0 0 0 0 0 0 0 0 0 0 0 0 0 0 0 0 0 0 0 0 0 0 0 0 0 0 0 0 0 0 0 0 0 0 0 0 0 0 0 0 0 0 0 0
0 0 5.76993 11.5397 76.4099 70.64 64.87 59.0999 53.3298 27.756 17.2961 11.5348 5.76967 0 0 0 0 0 0 0 0 5.76966 0 0 0 0 0 0 0 0 0 0 0 0 0 0 0 0 0 0 0 0 0 0 0 0 0 0 0 0 0 0 0 0 0 0 0 0 0 0 0 0 0 0 0 0 0 0 0 0 0 0 0 0 0 0 0 0 0 0 0 0 0 0 0 0 0 0 0 0 0 0 0 0
0 0 5.76994 11.5397 78.5905 73.03 67.2599 61.4898 35.9163 25.4696 19.6997 13.9297 8.1598 6.15997 0 0 0 0 0 0 5.76974 5.77 0 0 0 2.5192 2.5192 2.5192 2.5192 2.5192 2.5192 2.5192 2.5192 2.5192 2.5192 2.5192 2.5192 2.5192 2.5192 2.5192 2.5192 2.5192 2.5192 2.5192 2.5192 2.5192 2.5192 2.51918 6.15999 0 0 0 0 0 0 0 0 0 0 0 0 0 0 0 0 0 0 0 0 0 0 0 0 0 0 0 0 0 0 0 0 0 0 0 0 0 0 0 0 0 0 0 0 0
0 2.51917 5.76995 11.5397 17.3098 75.42 69.6499 44.0764 33.6297 27.8598 22.0898 16.3198 11.5399 0 0 0 0 0 0 0 0 0 0 0 2.5192 2.5192 2.5192 2.5192 2.5192 2.5192 2.5192 2.5192 2.5192 2.5192 2.5192 2.5192 2.5192 2.5192 2.5192 2.5192 2.5192 2.5192 2.5192 2.5192 2.5192 2.5192 2.51919 5.76998 5.76999 5.76998 0 0 0 0 0 0 0 0 0 0 0 0 0 0 0 0 0 0 0 0 0 0 0 0 0 0 0 0 0 0 0 0 0 0 0 0 0 0 0 0 0 0 0 0
2.51918 2.51916 5.76994 11.5397 83.5799 77.8099 52.2365 41.7898 36.0199 28.8498 23.0798 17.3098 11.5398 5.76989 0 0 0 0 0 0 0 0 0 2.5192 2.5192 2.5192 2.5192 2.5192 2.5192 2.5192 2.5192 2.5192 2.5192 2.5192 2.5192 2.5192 2.5192 2.5192 2.5192 2.5192 2.5192 2.5192 2.5192 2.5192 2.5192 2.5192 2.51918 5.76999 5.76998 0 0 0 0 0 0 0 0 0 0 0 0 0 0 0 0 0 0 0 0 0 0 0 0 0 0 0 0 0 0 0 0 0 0 0 0 0 0 0 0 0 0 0 0 0
2.51914 5.76996 5.76994 11.5397 84.4679 60.3962 49.9498 44.1799 37.0089 31.2389 25.4689 19.699 13.9289 8.15947 2.51917 2.5192 2.5192 2.5192 2.5192 2.5192 2.5192 2.5192 2.5192 2.5192 2.5192 2.5192 2.5192 2.5192 2.5192 2.5192 2.5192 2.5192 2.5192 2.5192 2.5192 2.5192 2.5192 2.5192 2.5192 2.5192 2.5192 2.5192 2.5192 2.5192 2.5192 2.5192 2.51919 5.76998 0 0 0 0 0 0 0 0 0 0 0 0 0 0 0 0 0 0 0 0 0 0 0 0 0 0 0 0 0 0 0 0 0 0 0 0 0 0 0 0 0 0 0 0 0 0
2.51909 5.76997 8.15997 22.0898 60.4734 54.7296 48.9597 42.7796 37.0096 31.2396 23.0795 17.3095 11.5395 8.15992 2.51917 2.5192 2.5192 2.5192 2.5192 2.5192 2.5192 2.5192 2.5192 2.5192 2.5192 2.5192 2.5192 2.5192 2.5192 2.5192 2.5192 2.5192 2.5192 2.5192 2.5192 2.5192 2.5192 2.5192 2.5192 2.5192 2.5192 2.5192 2.5192 2.5192 2.5192 2.5192 2.51919 2.51919 2.51919 5.77 5.77 5.77 5.77 5.77 5.77 5.77 5.77 5.77 5.77 5.77 5.77 5.77 5.77 5.77 5.77 5.77 5.77 5.77 5.77 5.77 5.77 5.77 5.77 5.77 5.77 5.77 5.77 5.77 5.77 5.77 5.77 5.77 5.77 5.77 5.77 5.77 5.77 5.77 5.77 5.77 5.77 5.77 5.77 5.77
2.51908 5.76996 8.15997 22.0682 58.0866 38.3912 35.1448 2.51913 38.4096 28.8496 23.0796 17.3096 11.5399 5.76987 2.51918 2.5192 2.5192 2.5192 2.5192 2.5192 2.5192 2.5192 2.5192 2.5192 2.5192 2.5192 2.5192 2.5192 2.5192 2.5192 2.5192 2.5192 2.5192 2.5192 2.5192 2.5192 2.5192 2.5192 2.5192 2.5192 2.5192 2.5192 2.5192 2.5192 2.5192 2.5192 2.5192 2.5192 5.77 5.77 5.77 5.77 5.77 5.77 5.77 5.77 5.77 5.77 5.77 5.77 5.77 5.77 5.77 5.77 5.77 5.77 5.77 5.77 5.77 5.77 5.77 5.77 5.77 5.77 5.77 5.77 5.77 5.77 5.77 5.77 5.77 5.77 5.77 5.77 5.77 5.77 5.77 5.77 5.77 5.77 5.77 5.77 5.77 5.77
2.51912 5.76995 5.76993 11.5399 25.4699 27.8599 30.2366 2.5191 2.51915 30.2497 24.4797 19.6999 13.9299 8.15993 2.51918 2.5192 2.5192 2.5192 2.5192 2.5192 2.5192 2.5192 2.5192 2.5192 2.5192 2.5192 2.5192 2.5192 2.5192 2.5192 2.5192 2.5192 2.5192 2.5192 2.5192 2.5192 2.5192 2.5192 2.5192 2.5192 2.5192 2.5192 2.5192 2.5192 2.5192 2.5192 2.5192 5.77 5.77 5.77 5.77 5.77 5.77 5.77 5.77 5.77 5.77 5.77 5.77 5.77 5.77 5.77 5.77 5.77 5.77 5.77 5.77 5.77 5.77 5.77 5.77 5.77 5.77 5.77 5.77 5.77 5.77 5.77 5.77 5.77 5.77 5.77 5.77 5.77 5.77 5.77 5.77 5.77 5.77 5.77 5.77 5.77 5.77 5.77
2.51918 2.51916 5.76994 11.54 11.54 11.5399 2.51908 2.51912 2.51915 2.51915 22.09 16.3199 13.93 8.15996 2.51918 2.5192 2.5192 2.5192 2.5192 2.5192 2.5192 2.5192 2.5192 2.5192 2.5192 2.5192 2.5192 2.5192 2.5192 2.5192 2.5192 2.5192 2.5192 2.5192 2.5192 2.5192 2.5192 2.5192 2.5192 2.5192 2.5192 2.5192 2.5192 2.5192 2.5192 2.5192 5.77 5.77 5.77 5.77 5.77 5.77 5.77 5.77 5.77 5.77 5.77 5.77 5.77 5.77 5.77 5.77 5.77 5.77 5.77 5.77 5.77 5.77 5.77 5.77 5.77 5.77 5.77 5.77 5.77 5.77 5.77 5.77 5.77 5.77 5.77 5.77 5.77 5.77 5.77 5.77 5.77 5.77 5.77 5.77 5.77 5.77 5.77 5.77
2.5192 2.51917 5.76997 8.15999 13.918 0 2.5191 2.51911 2.51916 22.09 16.3199 13.9299 8.15993 2.51916 2.51919 2.5192 2.5192 2.5192 2.5192 2.5192 2.5192 2.5192 2.5192 2.5192 2.5192 2.5192 2.5192 2.5192 2.5192 2.5192 2.5192 2.5192 2.5192 2.5192 2.5192 2.5192 2.5192 2.5192 2.5192 2.5192 2.5192 2.5192 2.5192 2.5192 2.5192 5.77 5.77 5.77 5.77 5.77 5.77 5.77 5.77 5.77 5.77 5.77 5.77 5.77 5.77 5.77 5.77 5.77 5.77 5.77 5.77 5.77 5.77 5.77 5.77 5.77 5.77 5.77 5.77 5.77 5.77 5.77 5.77 5.77 5.77 5.77 5.77 5.77 5.77 5.77 5.77 5.77 5.77 5.77 5.77 5.77 5.77 5.77 5.77 5.77
2.5192 2.51918 5.76999 5.76999 8.15689 0 0 2.51913 2.51917 16.32 13.9299 8.15992 2.51915 2.51919 2.5192 2.5192 2.5192 2.5192 2.5192 2.5192 2.5192 2.5192 2.5192 2.5192 2.5192 2.5192 2.5192 2.5192 2.5192 2.5192 2.5192 2.5192 2.5192 2.5192 2.5192 2.5192 2.5192 2.5192 2.5192 2.5192 2.5192 2.5192 2.5192 2.5192 5.77 5.77 5.77 5.77 5.77 5.77 5.77 5.77 5.77 5.77 5.77 5.77 5.77 5.77 5.77 5.77 5.77 5.77 5.77 5.77 5.77 5.77 5.77 5.77 5.77 5.77 5.77 5.77 5.77 5.77 5.77 5.77 5.77 5.77 5.77 5.77 5.77 5.77 5.77 5.77 5.77 5.77 5.77 5.77 5.77 5.77 5.77 5.77 5.77 5.77
2.5192 2.51919 5.76999 5.76999 0 0 0 2.51915 2.51918 13.93 8.15993 2.51915 2.51919 2.5192 2.5192 2.5192 2.5192 2.5192 2.5192 2.5192 2.5192 2.5192 2.5192 2.5192 2.5192 2.5192 2.5192 2.5192 2.5192 2.5192 2.5192 2.5192 2.5192 2.5192 2.5192 2.5192 2.5192 2.5192 2.5192 2.5192 2.5192 2.5192 2.5192 5.77 5.77 5.77 5.77 5.77 5.77 5.77 5.77 5.77 5.77 5.77 5.77 5.77 5.77 5.77 5.77 5.77 5.77 5.77 5.77 5.77 5.77 5.77 5.77 5.77 5.77 5.77 5.77 5.77 5.77 5.77 5.77 5.77 5.77 5.77 5.77 5.77 5.77 5.77 5.77 5.77 5.77 5.77 5.77 5.77 5.77 5.77 5.77 5.77 5.77 5.77
2.5192 2.51919 2.51919 2.5192 2.51919 2.51917 2.51915 2.51918 2.51917 8.15995 2.51916 2.51919 2.5192 2.5192 2.5192 2.5192 2.5192 2.5192 2.5192 2.5192 2.5192 2.5192 2.5192 2.5192 2.5192 2.5192 2.5192 2.5192 2.5192 2.5192 2.5192 2.5192 2.5192 2.5192 2.5192 2.5192 2.5192 2.5192 2.5192 2.5192 2.5192 2.5192 5.77 5.77 5.77 5.77 5.77 5.77 5.77 5.77 5.77 5.77 5.77 5.77 5.77 5.77 5.77 5.77 5.77 5.77 5.77 5.77 5.77 5.77 5.77 5.77 5.77 5.77 5.77 5.77 5.77 5.77 5.77 5.77 5.77 5.77 5.77 5.77 5.77 5.77 5.77 5.77 5.77 5.77 5.77 5.77 5.77 5.77 5.77 6.16001 6.16001 5.77 5.77 5.77
5.77 5.77 5.77 5.76999 5.76998 2.51915 2.51917 2.51918 8.15996 2.51916 2.51919 2.5192 2.5192 2.5192 2.5192 2.5192 2.5192 2.5192 2.5192 2.5192 2.5192 2.5192 2.5192 2.5192 2.5192 2.5192 2.5192 2.5192 2.5192 2.5192 2.5192 2.5192 2.5192 2.5192 2.5192 2.5192 2.5192 2.5192 2.5192 2.5192 2.5192 2.5192 2.5192 2.5192 2.5192 2.5192 2.5192 2.5192 2.5192 2.5192 2.5192 2.5192 2.5192 2.5192 2.5192 2.5192 2.5192 2.5192 2.5192 2.5192 2.5192 2.5192 2.5192 6.16 5.77 5.77 5.77 5.77 5.77 5.77 5.77 5.77 5.77 5.77 5.77 5.77 5.77 5.77 5.77 5.77 5.77 5.77 5.77 5.77 5.77 5.77 5.77 5.77 5.77 5.77 5.77 5.77 5.77 5.77
5.77 5.76998 5.76999 5.76997 5.76997 8.16 16.32 11.5358 5.36723 2.51919 2.5192 2.5192 2.5192 2.5192 2.5192 2.5192 2.5192 2.5192 2.5192 2.5192 2.5192 2.5192 2.5192 2.5192 2.5192 2.5192 2.5192 2.5192 2.5192 2.5192 2.5192 2.5192 2.5192 2.5192 2.5192 2.5192 2.5192 2.5192 2.5192 2.5192 2.5192 2.5192 2.5192 2.5192 2.5192 2.5192 2.5192 2.5192 2.5192 2.5192 2.5192 2.5192 2.5192 2.5192 2.5192 2.5192 2.5192 2.5192 2.5192 2.5192 2.5192 2.5192 5.77 5.77 5.77 5.77 5.77 5.77 5.77 5.77 5.77 5.77 5.77 5.77 5.77 5.77 5.77 5.77 5.77 5.77 5.77 5.77 5.77 5.77 5.77 5.77 5.77 5.77 5.77 5.77 5.77 5.77 5.77 5.77
5.77 5.76994 5.76998 5.76998 5.76998 8.16001 13.93 8.15936 2.51918 2.5192 2.5192 2.5192 2.5192 2.5192 2.5192 2.5192 2.5192 2.5192 2.5192 2.5192 2.5192 2.5192 2.5192 2.5192 2.5192 2.5192 2.5192 2.5192 2.5192 2.5192 2.5192 2.5192 2.5192 2.5192 2.5192 2.5192 2.5192 2.5192 2.5192 2.5192 2.5192 2.5192 2.5192 2.5192 2.5192 2.5192 2.5192 2.5192 2.5192 2.5192 2.5192 2.5192 2.5192 2.5192 2.5192 2.5192 2.5192 2.5192 2.5192 2.5192 2.5192 2.5192 2.51919 2.51919 2.5192 2.5192 2.5192 2.5192 2.5192 2.5192 2.5192 2.5192 2.5192 2.5192 2.5192 2.5192 5.77 5.77 5.77 5.77 5.77 5.77 5.77 5.77 5.77 5.77 5.77 5.77 5.77 5.77 5.77 5.77 5.77 5.77
5.77 5.77 5.76998 5.76996 5.76998 8.16001 11.5355 5.76949 2.51919 2.5192 2.5192 2.5192 2.5192 2.5192 2.5192 2.5192 2.5192 2.5192 2.5192 2.5192 2.5192 2.5192 2.5192 2.5192 2.5192 2.5192 2.5192 2.5192 2.5192 2.5192 2.5192 2.5192 2.5192 2.5192 2.5192 2.5192 2.5192 2.5192 2.5192 2.5192 2.5192 2.5192 2.5192 2.5192 2.5192 2.5192 2.5192 2.5192 2.5192 2.5192 2.5192 2.5192 2.5192 2.5192 2.5192 2.5192 2.5192 2.5192 2.5192 2.5192 2.5192 2.5192 2.5192 2.5192 2.5192 2.5192 2.5192 2.5192 2.5192 2.5192 2.5192 2.5192 2.5192 2.5192 2.5192 2.5192 2.5192 2.5192 2.5192 2.5192 2.5192 2.5192 2.5192 2.5192 2.5192 2.5192 2.5192 2.5192 2.5192 2.5192 2.5192 2.5192 2.5192 2.5192
5.77 5.77 5.77 5.76997 5.76998 11.54 11.54 5.76993 2.51919 2.5192 2.5192 2.5192 2.5192 2.5192 2.5192 2.5192 2.5192 2.5192 2.5192 2.5192 2.5192 2.5192 2.5192 2.5192 2.5192 2.5192 2.5192 2.5192 2.5192 2.5192 2.5192 2.5192 2.5192 2.5192 2.5192 2.5192 2.5192 2.5192 2.5192 2.5192 2.5192 2.5192 2.5192 2.5192 2.5192 2.5192 2.5192 2.5192 2.5192 2.5192 2.5192 2.5192 2.5192 2.5192 2.5192 2.5192 2.5192 2.5192 2.5192 2.5192 2.5192 2.5192 2.5192 2.5192 2.5192 2.5192 2.5192 2.5192 2.5192 2.5192 2.5192 2.5192 2.5192 2.5192 2.5192 2.5192 2.5192 2.5192 2.5192 2.5192 2.5192 2.5192 2.5192 2.5192 2.5192 2.5192 2.5192 2.5192 2.5192 2.5192 2.5192 2.5192 2.5192 2.5192
5.77 5.77 6.16001 5.76999 5.76999 11.54 13.93 8.15998 2.51918 2.5192 2.5192 2.5192 2.5192 2.5192 2.5192 2.5192 2.5192 2.5192 2.5192 2.5192 2.5192 2.5192 2.5192 2.5192 2.5192 2.5192 2.5192 2.5192 2.5192 2.5192 2.5192 2.5192 2.5192 2.5192 2.5192 2.5192 2.5192 2.5192 2.5192 2.5192 2.5192 2.5192 2.5192 2.5192 2.5192 2.5192 2.5192 2.5192 2.5192 2.5192 2.5192 2.5192 2.5192 2.5192 2.5192 2.5192 2.5192 2.5192 2.5192 2.5192 2.5192 2.5192 2.5192 2.5192 2.5192 2.5192 2.5192 2.5192 2.5192 2.5192 2.5192 2.5192 2.5192 2.5192 2.5192 2.5192 2.5192 2.5192 2.5192 2.5192 2.5192 2.5192 2.5192 2.5192 2.5192 2.5192 2.5192 2.5192 2.5192 2.5192 2.5192 2.5192 2.5192 2.5192
5.77 5.77 5.76999 5.76999 5.76999 5.76999 8.16001 11.54 5.76996 2.51919 2.5192 2.5192 2.5192 2.5192 2.5192 2.5192 2.5192 2.5192 2.5192 2.5192 2.5192 2.5192 2.5192 2.5192 2.5192 2.5192 2.5192 2.5192 2.5192 2.5192 2.5192 2.5192 2.5192 2.5192 2.5192 2.5192 2.5192 2.5192 2.5192 2.5192 2.5192 2.5192 2.5192 2.5192 2.5192 2.5192 2.5192 2.5192 2.5192 2.5192 2.5192 2.5192 2.5192 2.5192 2.5192 2.5192 2.5192 2.5192 2.5192 2.5192 2.5192 2.5192 2.5192 2.5192 2.5192 2.5192 2.5192 2.5192 2.5192 2.5192 2.5192 2.5192 2.5192 2.5192 2.5192 2.5192 2.5192 2.5192 2.5192 2.5192 2.5192 2.5192 2.5192 2.5192 2.5192 2.5192 2.5192 2.5192 2.5192 2.5192 2.5192 2.5192 2.5192 2.5192
5.77 5.77 5.77 5.76999 5.76998 5.76996 5.76998 5.76998 8.15996 2.51916 2.51919 2.5192 2.5192 2.5192 2.5192 2.5192 2.5192 2.5192 2.5192 2.5192 2.5192 2.5192 2.5192 2.5192 2.5192 2.5192 2.5192 2.5192 2.5192 2.5192 2.5192 2.5192 2.5192 2.5192 2.5192 2.5192 2.5192 2.5192 2.5192 2.5192 2.5192 2.5192 2.5192 2.5192 2.5192 2.5192 2.5192 2.5192 2.5192 2.5192 2.5192 2.5192 2.5192 2.5192 2.5192 2.5192 2.5192 2.5192 2.5192 2.5192 2.5192 2.5192 2.5192 2.5192 2.5192 2.5192 2.5192 2.5192 2.5192 2.5192 2.5192 2.5192 2.5192 2.5192 2.5192 2.5192 2.5192 2.5192 2.5192 2.5192 2.5192 2.5192 2.5192 2.5192 2.5192 2.5192 2.5192 2.5192 2.5192 2.5192 2.5192 2.5192 2.5192 2.5192
5.77 5.77 5.77 5.77 5.76999 5.76995 5.76996 8.15999 13.9056 8.15992 2.51913 2.51919 2.5192 2.5192 2.5192 2.5192 2.5192 2.5192 2.5192 2.5192 2.5192 2.5192 2.5192 2.5192 2.5192 2.5192 2.5192 2.5192 2.5192 2.5192 2.5192 2.5192 2.5192 2.5192 2.5192 2.5192 2.5192 2.5192 2.5192 2.5192 2.5192 2.5192 2.5192 2.5192 2.5192 2.5192 2.5192 2.5192 2.51919 2.5192 2.5192 2.5192 2.5192 2.5192 2.5192 2.5192 2.51919 2.51919 2.5192 2.5192 2.5192 2.5192 2.5192 2.5192 2.5192 2.5192 2.5192 2.5192 2.5192 2.5192 2.5192 2.5192 2.5192 2.5192 2.5192 2.5192 2.5192 2.5192 2.5192 2.5192 2.5192 2.5192 2.5192 2.5192 2.5192 2.5192 2.5192 2.5192 2.5192 2.5192 2.5192 2.5192 2.5192 2.5192
5.77 5.76998 6.15998 6.15998 5.76997 5.76995 5.76995 11.54 16.3198 13.9299 11.535 0 0 0 0 0 0 0 0 0 0 0 0 0 0 0 0 0 0 0 0 0 0 0 0 0 0 0 0 0 0 0 0 0 0 0 0 0 5.76999 2.51918 2.51919 2.5192 2.5192 2.5192 2.5192 2.51919 5.76999 6.15997 6.15998 2.5192 2.5192 2.5192 2.5192 2.5192 2.5192 2.5192 2.5192 2.5192 2.5192 2.5192 2.5192 2.5192 2.5192 2.5192 2.5192 2.5192 2.5192 2.5192 2.5192 2.5192 2.5192 2.5192 2.5192 2.5192 2.5192 2.5192 2.5192 2.5192 2.5192 2.5192 2.5192 2.5192 2.5192 2.5192
5.76997 5.76997 5.76997 5.76998 6.16 8.16001 8.15999 10.982 13.372 0 13.93 8.15994 0 0 0 0 0 0 0 0 0 0 0 0 0 0 0 0 0 0 0 0 0 0 0 0 0 0 0 0 0 0 0 0 0 0 0 5.76999 5.76999 8.15791 6.15995 2.51918 2.51919 2.5192 6.16 5.77 5.77 5.77 5.76999 2.5192 2.5192 2.5192 2.5192 2.51919 2.51919 2.51919 2.51919 2.51909 2.51889 2.51866 2.51866 2.5188 2.51903 2.51914 2.51918 2.51918 2.51918 2.51917 2.51917 0 0 0 0 0 0 0 0 0 0 0 0 0 0 0
5.76993 5.76996 8.16 8.16 5.76998 0 0 0 0 13.372 16.2258 13.93 8.15995 0 0 0 0 0 0 0 0 0 0 0 0 0 0 0 0 0 0 0 0 0 0 0 0 0 0 0 0 0 0 0 0 0 0 5.76998 5.76999 6.15997 5.76999 5.76999 5.76999 2.5192 2.5192 2.51919 2.51919 2.51919 2.51919 2.5192 2.5192 2.5192 2.51919 5.77 5.77 5.77 5.77 5.77 5.77 5.77 5.77 5.77 5.77 5.77 5.77 5.77 5.77 5.77 5.76999 5.76996 0 5.76997 5.76999 5.76999 0 0 0 0 0 0 0 0 0 6.15831
20.0325 8.15997 11.54 13.93 8.15761 0 0 0 0 8.15999 8.16 8.16 13.9299 8.1599 0 0 0 0 0 0 0 0 0 0 0 0 0 0 0 0 0 0 0 0 0 0 0 0 0 0 0 0 0 0 0 0 0 0 5.76998 8.15998 13.9218 8.15912 2.51919 2.5192 2.5192 2.5192 2.5192 2.5192 2.5192 2.5192 2.5192 2.5192 2.5192 2.51919 2.51919 2.51919 2.51919 2.51909 2.51885 2.51865 2.51868 2.51888 2.51906 2.51915 2.51918 2.51918 2.51917 2.51915 5.76996 5.76999 5.76997 0 0 0 0 0 0 0 0 0 0 0 5.76959 5.76971
