tests/full-run-ref/erosion_2010_78_21_-27.869.asc
ncols 512
nrows 512
xllcorner -3.24582
yllcorner -4.08743
cellsize 5
NODATA_value -99999
[rows 105 to 139 of 512, columns 237 to 315 of 512]
16.3199 22.09 27.86 38.41 44.18 39.3996 33.6297 27.8597 22.0898 17.3098 17.3098 13.9296 8.15952 5.76973 8.15972 8.15961 5.7698 5.76997 5.77 5.76992 5.7695 8.15971 5.76981 5.77 5.77 5.77 5.77 5.77 5.77 5.77 5.77 5.77 5.75745 8.08296 13.8705 17.2923 17.3066 16.297 11.5105 5.75287 5.76967 5.77 5.74694 11.4813 17.2452 23.0205 28.7957 34.5684 42.5854 36.7931 31.0085 25.2252 19.4387 13.6981 8.0294 9.53262 8.15702 5.76937 5.77 5.77 5.77 5.77 5.77 5.77 5.76727 6.14391 8.13868 8.13061 5.76107 5.77 5.77 5.77 5.77 5.75949 11.5143 17.2809 11.4933 5.75467 5.77
19.7 24.48 30.25 36.02 41.79 37.0096 31.2395 25.4696 19.6997 17.3099 16.3197 11.5396 5.76978 5.76997 5.76994 5.76991 5.76994 5.77 5.76988 5.76902 8.15792 11.5383 5.76816 5.76952 5.7699 5.77 5.77 5.77 5.77 5.77 5.77 5.76855 5.73997 11.4629 16.2496 17.2988 17.3095 17.3017 11.9566 6.18501 5.76271 5.76242 5.73959 11.4771 17.2494 23.0271 28.8058 34.5774 39.3257 36.8885 31.1017 25.3191 19.5361 13.7848 8.05501 5.73736 5.76758 5.76904 5.77 5.77 5.77 5.77 5.77 5.77 5.76244 11.5215 13.9118 11.4954 5.744 5.76746 5.77 5.77 5.76877 5.75312 11.5094 17.2768 11.488 5.75304 5.77
17.3099 23.0799 28.8499 34.6199 40.3896 34.6195 28.8494 23.0793 17.3094 16.3194 13.9294 8.15964 5.76991 5.77 5.77 5.77 5.77 5.76986 5.76876 8.15676 13.9276 13.9274 8.15593 8.15749 5.76897 5.76985 5.77 5.77 5.77 5.77 5.76954 5.75998 8.11698 13.8802 19.6652 17.279 17.31 17.3043 14.3445 8.56154 6.18227 8.59339 8.11629 13.8861 19.658 25.4293 28.7938 31.1531 33.5417 34.4954 28.7029 22.9095 17.1183 11.3266 5.68848 5.76589 5.77 5.77 5.77 5.77 5.77 5.77 5.77 5.77 5.75885 11.511 16.2948 13.8917 8.106 5.74355 5.75787 5.76131 5.74445 8.12645 13.9042 17.2733 11.4848 5.74794 5.76813
17.3099 23.0799 28.8499 34.62 40.39 37.0091 31.239 25.4689 19.6988 13.9287 8.15885 5.76972 5.76996 5.77 5.77 5.77 5.76986 5.76861 8.15602 13.9265 16.3174 16.3169 13.9262 13.9274 8.15672 5.76868 5.76979 5.76998 5.77 5.7697 5.76638 8.14762 13.9049 16.2922 22.0659 17.273 17.31 17.3077 16.7435 14.3457 12.7571 14.3627 13.9097 16.2938 19.6702 22.0465 23.0065 25.363 27.7624 30.1653 28.7221 22.9192 17.1248 11.3317 5.7048 5.77 5.77 5.77 5.77 5.77 5.77 5.77 5.77 5.77 5.76298 8.11428 13.8946 16.2932 13.881 8.0892 8.10234 6.07794 8.09018 13.5128 16.3034 17.2687 13.8965 8.12327 5.76504
19.6999 25.4699 31.2399 37.01 40.3892 34.6191 28.8489 23.0787 17.3085 11.538 5.76842 5.76939 5.76986 5.77 5.77 5.77 5.76907 8.15582 13.9262 16.3161 22.0872 22.0869 20.0874 16.3168 13.9268 8.15629 6.15884 5.76997 5.7697 5.76692 8.15135 13.92 16.3063 22.0707 23.0532 17.2596 17.31 17.3096 17.3071 17.3066 16.3155 13.9242 11.5294 11.5165 13.891 16.2645 17.2276 19.6006 21.9766 24.3965 27.7927 22.9403 17.1388 11.3439 5.70869 5.77 5.77 5.77 5.77 5.77 5.77 5.77 5.77 5.77 5.76816 5.74582 11.4944 17.2822 16.2761 14.2602 13.8405 12.2231 13.8689 16.222 13.8199 11.4817 11.5074 8.13272 5.76431
22.0899 27.8599 33.63 32.64 38.41 37.0087 31.2385 25.4684 19.698 13.9272 8.15662 11.3698 5.767 5.7693 5.76923 5.76783 5.76228 11.5325 16.3153 22.0865 24.4769 28.248 24.4772 22.087 16.3158 11.5334 5.76379 5.76578 5.76509 8.15139 13.9209 16.307 22.0787 24.4707 23.0544 17.2655 17.31 17.31 17.31 17.305 13.9157 11.5097 11.5163 11.5157 11.5065 11.5102 11.4762 13.8498 16.2157 19.6068 22.0109 22.9552 17.1461 11.3457 5.70875 5.77 5.77 5.77 5.77 5.77 5.77 5.77 5.77 5.77 5.77 5.75552 11.5031 16.2905 22.0491 20.0492 20.4103 20.0207 19.5185 13.7816 7.9811 5.71916 5.75666 5.76337 5.76761
24.48 30.2498 32.6398 38.4099 40.8 39.3988 33.6286 27.8583 22.0877 16.3169 15.529 13.758 8.15367 6.1535 6.15277 8.15143 8.14397 13.9171 19.6916 24.4761 30.2472 32.6377 30.2475 24.4765 19.6914 13.9171 8.14282 11.9229 8.14483 13.9184 16.306 22.0778 24.4685 28.8298 23.0542 17.2728 17.3062 17.31 17.3087 17.2908 11.5111 11.5155 11.5186 11.5186 11.5186 11.5186 11.5143 11.502 11.4766 13.8362 16.2206 22.0249 17.1498 11.3292 5.68288 5.76426 5.77 5.77 5.77 5.77 5.77 5.77 5.77 5.77 5.77 5.76279 8.12011 13.8646 16.2516 21.9902 24.3918 22.8976 17.0766 11.2494 5.65934 5.76499 5.77 5.77 5.77
22.0898 24.4797 30.2498 36.0197 41.7897 41.7888 36.0185 30.2482 24.4776 23.6894 21.2987 16.3144 13.923 12.3118 11.9202 13.9204 13.9144 16.3027 22.0782 27.8523 32.6369 38.4079 32.6372 27.8524 22.0786 16.3031 20.082 16.3057 20.0807 16.2995 22.0741 24.467 30.2389 31.2194 25.4434 19.6759 17.2989 17.297 17.299 15.7799 11.4914 11.5186 11.5186 11.5186 11.5186 11.5186 11.5186 11.5186 11.5142 11.4932 13.8638 16.2656 19.5705 13.7604 7.96841 5.72948 5.76595 5.77 5.77 5.77 5.77 5.77 5.77 5.77 5.77 5.76821 5.74751 8.074 13.8193 16.175 21.972 22.8296 16.9879 11.1562 5.64174 5.76342 5.77 5.77 5.77
16.3196 22.0897 27.8596 33.6295 39.3995 44.1789 38.4086 32.6381 30.2479 29.4595 24.4756 22.0844 20.4733 18.0809 20.4715 19.6901 20.4689 22.0749 24.4649 30.2399 36.0133 40.7979 36.0134 30.2401 24.4652 28.2426 24.4665 28.241 24.4613 28.2413 24.4615 30.2345 32.6285 33.6083 27.8369 22.0633 17.2874 22.0683 17.2523 16.6752 11.508 11.5186 11.5186 11.5186 11.5186 11.5186 11.5186 11.5186 11.5186 11.5148 11.4947 13.8596 19.6591 16.186 13.7871 8.07628 5.75396 5.77 5.77 5.77 5.77 5.77 5.77 5.77 5.77 5.77 5.76706 5.73356 8.03541 13.7932 16.1704 22.0018 19.4217 13.6244 7.86516 5.73768 5.77 5.77 5.77
13.9295 19.6995 25.4694 31.2393 37.0093 42.7795 40.7987 38.4083 36.0181 32.6367 30.2457 28.6345 26.243 28.6331 26.2414 26.6315 26.2393 28.6296 30.2363 32.6269 38.4015 44.1748 38.4017 32.6273 36.4031 32.6273 36.4015 32.622 36.4015 32.6223 36.4009 32.6216 41.7685 36.0005 30.2275 24.4578 24.2419 24.4723 20.0522 14.2608 11.4984 11.5186 11.5186 11.5186 11.5186 11.5186 11.5186 11.5186 11.5186 11.5186 11.5144 11.4838 16.2769 19.8635 14.0708 11.4523 5.71861 5.76562 5.77 5.77 5.77 5.76929 5.76887 5.76845 5.77 5.77 5.77 5.76586 5.7237 8.01097 13.795 19.6111 21.8879 16.0847 11.3624 5.7015 5.76713 5.77 5.77
11.5393 17.3094 23.0791 28.8492 34.6193 40.3893 46.5688 44.1786 40.7974 38.4068 36.016 34.4048 34.7954 34.4038 32.7931 32.401 34.7919 34.3998 36.7903 38.3976 40.789 46.5635 40.7893 44.5636 40.7881 44.562 40.7827 44.5619 40.7827 44.5612 40.7821 49.9287 44.1625 38.3904 32.6219 30.2335 24.4683 22.0731 17.6585 11.8812 11.5127 11.5186 11.5186 11.5186 11.5186 11.5186 11.5186 11.5186 11.5186 11.5186 11.5186 11.5048 13.8881 16.2965 14.0858 11.4667 8.06044 5.75107 5.77 5.77 5.77 5.76853 8.15812 5.76677 5.77 5.77 5.77 5.77 5.76508 5.70944 11.4351 16.2408 20.562 18.1688 13.8402 8.05455 5.75667 5.77 5.77
13.9294 16.3191 22.0888 27.8588 33.6289 39.399 45.1691 48.9581 46.5677 44.177 41.7863 40.9566 40.5659 40.1743 38.5627 40.9532 40.5615 42.9524 42.5605 44.951 46.5591 48.9501 52.7244 48.949 52.7227 48.9434 52.7224 48.9433 52.7218 48.9434 56.6936 50.9233 45.1508 39.3791 33.6077 27.837 22.0669 19.6864 17.2781 11.502 11.5151 11.5186 11.5186 11.5186 11.5186 11.5186 11.5186 11.5186 11.5186 11.5186 11.5186 11.5148 11.5031 13.9093 14.1074 11.4868 11.5227 5.74379 5.77 5.77 5.77 5.76868 8.15842 5.76802 5.77 5.77 5.77 5.77 5.77 5.75456 8.07466 13.8623 14.779 12.3805 14.799 11.476 5.74886 5.77 5.77
8.15462 13.9266 19.698 25.4684 31.2386 37.0087 42.7788 48.549 52.3381 49.9474 47.5567 46.727 46.3362 45.944 48.3341 46.7227 49.1136 48.7222 51.113 50.7218 52.3299 54.7202 57.1107 60.8836 57.1045 60.8829 57.1038 60.882 57.104 60.0724 54.3021 48.5291 42.7568 36.9844 31.2118 25.4384 19.6774 19.6959 19.6809 13.9106 11.508 11.5158 11.5175 11.5186 11.5186 11.5186 11.5186 11.5186 11.5186 11.5186 11.5186 11.5186 11.5162 11.5201 13.8856 11.4846 11.5278 5.76482 5.77 5.77 5.77 5.76925 5.76985 5.76835 5.76958 5.76986 5.77 5.77 5.77 5.76707 5.73631 11.4969 9.0004 6.60325 9.02903 11.4941 5.75524 5.77 5.77
5.74908 11.5267 17.304 23.0771 28.8481 34.6183 40.3885 46.1586 51.9288 55.7177 53.327 52.4973 52.1061 54.4962 54.1041 56.4944 54.8835 57.2744 56.8835 57.2735 58.1011 60.491 62.8814 65.2664 69.0441 65.265 69.0427 65.2656 68.2336 62.4622 56.6901 50.9186 45.147 39.3753 33.6034 27.8341 22.0718 19.6979 19.6979 16.3105 13.9148 12.3006 11.5269 11.5149 11.5186 11.5186 11.5186 11.5186 11.5186 11.5186 11.5186 11.5186 11.5186 11.5254 8.08322 5.72626 5.75583 5.76695 5.77 5.77 5.77 5.76876 8.15517 6.14773 6.14593 5.76257 5.76546 5.7677 5.77 5.77 5.76086 8.13727 5.7414 5.75495 6.65869 8.13137 5.76238 5.77 5.77
8.12742 13.9035 19.6869 25.4642 31.2371 37.008 42.7782 48.5483 54.3183 60.0885 59.0973 58.2673 60.6573 60.2662 62.6564 62.265 62.6555 63.045 65.435 63.044 63.8721 66.2622 68.6521 71.0377 73.4272 77.2036 73.426 71.6119 65.8407 60.0677 54.2957 48.5237 42.7517 36.9794 31.2069 25.4337 19.6738 19.6967 19.6994 19.698 19.6912 18.0682 13.8995 11.4974 11.5122 11.5152 11.516 11.5167 11.5174 11.5183 11.5186 11.516 11.5138 11.4968 5.72965 5.7656 5.77 5.77 5.77 5.77 5.77 5.76873 8.15331 11.9213 11.9153 8.14123 11.5317 5.76344 5.77 5.77 5.76844 5.76631 5.76672 5.76914 5.76689 5.76609 5.7673 5.77 5.77
14.2911 16.2813 22.0653 27.8482 33.6249 39.3974 45.168 50.9381 56.7082 62.4783 64.8675 66.8183 66.4274 68.8175 68.427 68.8171 68.4269 68.8174 71.2073 72.0351 69.6448 72.0343 74.4246 76.8093 79.1992 81.5896 79.7738 74.0018 68.2301 62.4587 56.6873 50.9158 45.1442 39.3725 33.6002 27.8261 22.0509 19.6779 19.6844 19.6907 19.6969 19.6978 16.2701 13.8735 12.2703 12.2883 12.2947 12.3012 11.9161 11.5086 11.5154 11.5088 13.9222 11.4777 5.74371 5.77 5.77 5.77 5.77 5.77 5.77 5.76955 5.76365 11.5274 16.3089 13.9004 8.12639 5.76403 5.77 5.77 5.77 5.77 5.77 5.77 5.77 5.77 5.77 5.77 5.77
20.0673 22.45 24.4433 30.2275 36.0099 41.7858 47.5577 53.3282 59.0982 64.8683 70.6383 72.5887 74.9789 74.5886 74.9788 72.8854 70.4952 68.1047 65.714 63.4007 65.791 68.1814 70.5714 72.9613 75.351 77.7413 80.1323 76.3876 70.6159 64.8448 59.0739 53.303 47.5319 41.7604 35.9874 30.2094 24.4259 22.4237 24.1369 21.0931 19.6269 19.6353 19.6287 19.6258 18.0361 18.049 18.0581 18.067 16.2976 13.9154 11.513 13.9191 16.3128 11.4873 5.74868 5.77 5.77 5.77 5.77 5.77 5.77 5.77 5.76495 11.5265 17.2819 11.4979 5.74687 5.76741 5.77 5.77 5.77 5.77 5.77 5.77 5.77 5.77 5.77 5.77 5.77
25.8437 28.2262 30.6098 32.6056 38.3903 44.1719 49.9467 55.718 61.4883 67.2584 73.0286 76.6757 74.2854 71.895 69.5046 67.1143 64.724 62.3338 59.9434 57.6302 60.0205 62.4107 64.8006 67.1904 69.5803 71.9704 74.3613 76.7524 73.0081 67.2366 61.4658 55.695 49.9239 44.1517 38.3758 32.5934 30.1976 29.0817 29.2499 26.8464 25.778 25.3928 25.396 25.3992 23.8122 23.8258 23.8372 23.8451 21.1345 15.3619 11.5125 15.3688 17.2753 11.4872 5.74705 5.76802 5.77 5.77 5.77 5.77 5.77 5.77 5.76639 11.5306 16.3148 13.8944 8.11229 5.75812 5.76859 5.77 5.77 5.77 5.76933 5.76917 5.76936 5.77 5.77 5.77 5.77
28.8229 33.9974 36.3837 38.7696 40.7689 46.5539 52.3338 58.1072 63.878 69.6485 73.2957 70.9052 68.5146 66.1243 63.734 61.3437 58.9535 56.5633 54.1728 51.8595 54.2499 56.6401 59.0298 61.4198 63.81 66.2003 68.5909 70.9818 73.4311 69.6282 63.857 58.086 52.3142 46.5402 40.7616 38.3675 37.2495 34.8543 35.0168 33.409 31.5516 31.1682 31.171 31.1737 29.9666 29.6052 27.7928 22.0215 16.2528 13.8901 11.5036 11.5182 16.31 13.8935 8.11873 5.76719 5.77 5.77 5.77 5.77 5.77 5.77 5.76818 8.15066 13.9229 16.2898 13.8932 8.12023 5.7629 5.77 5.77 5.77 5.76932 7.48168 5.76926 5.77 5.77 5.77 5.77
31.1868 36.9721 42.1531 44.5412 46.9278 48.9306 54.715 60.4925 66.2675 72.0386 70.8647 65.1343 62.7442 60.3539 57.9636 55.5733 53.1831 50.7928 48.4022 46.0887 48.4792 50.8693 53.2592 55.6495 58.0398 60.4302 62.8209 65.2698 71.0408 72.0191 66.2473 60.4758 54.703 48.9276 46.5344 44.142 43.0229 40.6276 40.7905 39.1821 37.3286 38.1135 37.3376 37.3426 35.7448 31.1498 25.3641 19.5933 13.8386 11.5033 11.5357 11.5249 13.62 11.4969 5.74597 5.76814 5.77 5.77 5.77 5.77 5.77 5.77 5.76959 5.76491 11.5312 17.3051 16.2921 11.5098 5.7601 5.77 5.77 5.77 5.76955 5.76858 5.76865 5.77 5.77 5.77 5.77
33.5542 39.336 45.1237 50.308 52.6968 55.0908 57.0973 62.8781 68.6563 74.1305 68.3587 62.7018 56.9715 54.5827 52.193 49.8029 47.4126 45.0223 42.6315 40.3177 42.7083 45.0985 47.4886 49.8791 52.2695 54.6601 57.1091 62.8801 65.2722 74.4092 68.6372 62.8653 57.0918 54.6997 52.3075 49.915 48.7956 46.9539 46.5628 44.9535 46.2766 43.8894 44.1141 40.3053 34.5221 28.7363 22.9514 17.1694 11.434 11.5344 11.54 11.5374 11.5367 11.4991 5.74081 5.76743 5.77 5.77 5.77 5.77 5.77 5.77 5.76967 5.7659 11.534 13.9188 11.5259 8.13767 5.76381 5.77 5.77 5.77 5.77 5.77 5.77 5.77 5.77 5.77 5.77
35.9008 41.6611 47.4451 53.2472 58.4453 60.847 63.2491 65.2582 77.5088 71.7374 65.964 60.1922 54.5353 48.8046 46.4192 44.0314 41.6419 39.2516 36.8607 34.5465 36.9373 39.3277 41.7178 44.1084 46.4989 48.948 54.7194 57.112 62.8767 76.798 71.0281 65.2552 62.8635 60.4721 58.0802 55.688 54.5685 52.7276 52.3348 54.4426 52.0545 49.6663 45.0506 39.2695 33.488 27.7041 21.9369 16.173 11.447 11.5001 11.5243 11.5207 11.5098 13.8839 8.09714 5.75775 5.77 5.77 5.77 5.77 5.77 5.77 5.76951 8.15597 11.5315 8.14629 5.7632 5.76709 5.7689 5.77 5.77 5.77 5.77 5.77 5.77 5.77 5.77 5.77 5.77
38.0696 55.4955 61.3202 66.5466 68.9704 71.3875 73.4043 80.8843 75.1148 69.3368 63.5634 57.7907 52.0182 46.361 40.6296 38.2513 35.8681 33.4803 31.0895 28.7751 31.1661 33.5566 35.9467 38.3373 40.7862 46.558 48.9511 54.7169 57.105 62.8745 73.4179 71.0277 68.636 66.2443 63.8526 61.4605 60.3413 58.4999 60.8947 59.9777 54.2004 48.4216 42.6398 36.8587 31.0775 25.2933 19.5054 13.734 8.0083 5.70945 5.75612 5.75393 5.74487 8.13131 11.5033 5.75063 5.77 5.77 5.77 5.77 5.77 5.77 5.76955 5.7679 5.7668 5.76765 5.76939 5.77 5.77 5.77 5.77 5.77 5.77 5.77 5.77 5.77 5.77 5.77 5.77
63.4915 69.3778 74.6553 77.0957 79.5273 81.5601 84.2607 78.485 72.7013 66.9258 61.151 55.3767 49.6027 43.8286 38.1705 32.4376 30.0743 27.7006 25.3163 23.0031 25.3946 27.7851 30.1751 32.624 38.3963 40.789 46.5552 48.9448 54.7152 60.4849 65.262 71.034 74.4077 72.0166 69.6251 67.2339 66.1158 67.0581 63.3584 57.5792 51.7979 46.0173 40.2356 34.4533 28.6699 22.8844 17.0959 11.3015 5.67242 5.76387 5.77 5.77 5.76603 5.74814 11.5125 5.73638 5.76095 5.76853 5.77 5.77 5.77 5.77 5.77 5.77 5.77 5.77 5.77 5.77 5.77 5.77 5.77 5.77 5.77 5.77 5.77 5.77 5.77 5.77 5.77
77.4314 82.7459 85.2082 87.6636 89.7182 87.6296 81.8418 76.0505 70.2715 64.4934 58.7159 52.9386 47.1613 41.3841 35.6062 29.9459 24.2096 21.8779 19.5241 17.2267 19.6225 22.0128 24.4612 30.2344 32.6268 38.3932 40.7823 46.5534 52.3246 57.1013 62.8721 68.6424 79.1728 76.783 74.3928 72.0021 69.6114 67.2195 63.4071 57.6306 51.8525 46.0741 40.2947 34.5156 28.7347 22.9514 17.1698 11.3827 5.70532 5.77 5.77 5.77 5.77 5.75154 11.5187 8.08447 8.12911 5.76314 5.77 5.77 5.77 5.77 5.77 5.77 5.77 5.77 5.77 5.77 5.77 5.77 5.77 5.77 5.77 5.77 5.77 5.77 5.77 5.77 5.77
90.8248 93.3118 95.8134 96.7588 90.9723 85.1687 79.3727 73.5877 67.8039 62.0205 56.2371 50.4534 44.6695 38.8851 33.1006 27.3149 21.6493 15.9031 13.6399 11.4111 13.8482 16.2982 22.0725 24.4643 30.231 32.6193 38.3909 44.1622 48.9388 54.7102 60.4811 66.251 73.4011 71.0106 68.62 66.2283 63.8355 61.4435 59.0526 55.6646 49.8875 44.1083 38.3336 32.5589 27.7721 21.9909 16.2112 11.4368 5.72873 5.77 5.77 5.77 5.77 5.75168 11.5069 13.8701 11.4876 5.74253 5.76746 5.77 5.77 5.77 5.77 5.77 5.77 5.77 5.77 5.77 5.77 5.77 5.77 5.77 5.77 5.77 5.77 5.77 5.77 5.77 5.77
101.431 103.85 100.101 94.2742 88.4466 82.6501 76.8548 71.0602 65.2653 59.4699 53.6737 47.8768 42.0792 36.2811 30.4825 24.6803 18.8667 13.1786 7.49764 5.51985 8.12328 13.9105 16.3017 22.0684 24.4557 30.2278 35.9994 40.7759 46.5468 52.3177 58.0894 63.8598 71.0115 65.2377 62.8473 60.456 58.0634 55.6701 53.2781 50.8878 47.4996 41.7209 35.9408 30.1654 24.3879 19.602 13.8211 8.06403 5.75254 5.77 5.77 5.77 5.76755 5.74975 11.5006 17.2851 13.856 8.07129 5.75696 5.77 5.77 5.77 5.77 5.77 5.77 5.77 5.77 5.77 5.77 5.77 5.77 5.77 5.77 5.77 5.77 5.77 5.77 5.77 5.77
109.213 103.384 97.5144 91.6825 85.8655 80.0498 74.2331 68.415 62.5954 56.7744 50.9523 45.1293 39.3059 33.4822 27.6741 21.8504 16.0532 10.2144 5.13142 5.73635 5.76012 8.1425 13.9095 16.2913 22.0641 27.8361 32.6126 38.3837 44.1544 49.9255 55.697 61.4679 68.6211 62.8462 57.0724 54.6824 52.2906 49.8974 47.5037 45.1118 42.7223 39.334 33.5531 27.7714 21.9946 16.2161 11.441 5.72052 5.76679 5.77 5.77 5.77 5.76624 8.13455 13.8956 19.6758 16.2496 11.4485 5.72447 5.75226 5.76215 5.76678 5.7694 5.77 5.77 5.77 5.77 5.77 5.77 5.77 5.77 5.77 5.77 5.77 5.77 5.77 5.77 5.77 5.77
106.673 100.76 94.8994 89.0386 83.1771 77.3129 71.4466 65.5782 59.7084 53.8376 47.9666 42.0957 36.2254 30.3557 24.5284 19.5003 13.9941 9.95704 4.97571 5.77 5.76934 5.76211 8.1336 13.9009 19.6733 24.4487 30.2202 35.9914 41.7623 47.5336 53.3057 59.0757 65.2478 60.4544 54.6808 48.9054 46.5157 44.1237 41.73 39.336 36.9446 34.5583 31.1689 25.3808 19.5983 13.8192 8.06204 5.75292 5.77 5.77 5.77 5.77 5.76673 8.13797 13.8986 19.6786 19.6283 13.8338 8.04942 9.45645 8.12265 8.1415 5.76723 5.77 5.77 5.77 5.77 5.77 5.77 5.77 5.77 5.77 5.77 5.77 5.77 5.77 5.77 5.77 5.77
103.87 97.9082 91.9458 85.9847 80.0201 74.0546 68.0878 62.1209 56.1547 50.1904 44.2284 38.2688 32.3115 26.3562 20.4238 14.4991 9.61716 4.80768 5.28806 5.77 5.77 5.76904 5.75532 11.5111 16.2837 22.0559 27.8276 33.5992 39.3704 45.1424 50.9148 56.6853 62.8529 57.0789 52.2887 46.5142 40.7362 38.347 35.9549 33.561 31.1669 28.7796 28.7862 22.9999 17.2093 11.4235 5.71313 5.76608 5.77 5.77 5.77 5.77 5.76864 5.7558 11.5074 16.2915 22.0262 16.2361 13.8404 15.2427 13.9016 11.5249 5.76284 5.77 5.77 5.77 5.77 5.77 5.77 5.77 5.77 5.77 5.77 5.77 5.77 5.77 5.77 5.77 5.77
100.986 94.8547 88.7474 82.6413 76.5432 70.4477 64.3573 58.2721 52.1931 46.1202 40.0527 33.9896 27.9299 21.8726 15.8127 9.79668 4.34442 2.87615 5.68446 5.77 5.77 5.77 5.76479 8.12925 13.8896 19.6619 25.4345 31.2067 36.9788 42.7515 48.5246 54.2956 60.4626 54.6821 48.9119 44.1221 38.346 32.5643 30.1758 27.7842 25.389 22.9978 23.023 22.0353 16.2417 11.4487 5.73275 5.77 5.77 5.77 5.77 5.77 5.77 5.76448 8.12841 13.8982 19.6777 22.0246 19.6333 19.6401 13.8791 8.10375 5.76401 5.77 5.77 5.77 5.77 5.77 5.77 5.77 5.77 5.77 5.77 5.77 5.77 5.77 5.77 5.77 5.77
100.433 94.2168 88.0144 81.8482 75.6929 69.5548 63.4294 57.3173 51.2151 45.1203 39.0305 32.944 26.8594 20.7758 14.6924 8.6062 3.65573 3.26404 5.77 5.77 5.77 5.77 5.76898 5.74953 11.4948 17.2681 23.0414 28.8145 34.5875 40.3611 46.1352 51.9063 58.0728 52.2917 46.5151 40.7443 35.9545 30.1759 24.3894 22.0016 19.6087 17.2164 17.2379 19.6472 13.8581 8.07731 5.74889 5.77 5.77 5.77 5.77 5.77 5.77 5.76777 5.74908 11.506 17.2877 20.2897 17.8979 17.2451 11.4598 5.74555 5.76856 5.77 5.77 5.77 5.77 5.77 5.77 5.77 5.77 5.77 5.77 5.77 5.77 5.77 5.77 5.77 5.77
99.7537 93.3922 87.1371 80.9045 74.7161 68.5514 62.412 56.2869 50.1711 44.06 37.9513 31.8434 25.7353 19.6269 13.518 7.40907 2.69471 3.09371 5.77 5.77 5.77 5.77 5.77 5.75554 11.5015 17.274 23.0464 28.8192 34.5922 40.3663 46.1406 49.9036 55.6775 49.9029 44.1249 38.3477 32.576 27.7857 22.0036 16.2103 13.8212 11.4307 11.4525 13.8862 11.4923 5.73035 5.76311 5.77 5.77 5.77 5.77 5.77 5.76796 5.75856 8.13021 13.9092 16.9082 14.5092 12.1151 14.5146 11.4864 5.75546 5.77 5.77 5.77 5.77 5.77 5.77 5.77 5.77 5.77 5.77 5.77 5.77 5.77 5.77 5.77 5.77 5.77
99.1514 92.7839 86.4552 80.2191 74.0138 67.8512 61.7027 55.5643 49.4293 43.2969 37.1651 31.0338 24.9031 18.7736 12.646 6.76239 1.72132 2.33351 5.66545 5.77 5.77 5.77 5.77 5.75832 11.5083 17.2803 23.0523 28.8251 34.5975 39.3516 41.7431 44.1295 49.9042 47.5146 41.7358 35.9578 30.1795 24.4064 19.6153 13.8282 8.0409 5.70847 5.72753 8.11522 13.9008 8.13138 5.76026 5.77 5.77 5.77 5.77 5.77 5.76245 8.13247 13.9121 13.8896 11.4742 8.73144 6.34174 8.74679 8.12902 5.76343 5.77 5.77 5.77 5.77 5.77 5.77 5.77 5.77 5.77 5.77 5.77 5.77 5.77 5.77 5.77 5.77 5.77
100.416 94.1482 87.8802 81.5995 75.4174 69.2306 63.0637 56.8985 50.743 44.5919 38.4466 32.3072 26.175 20.0501 13.9338 8.37694 6.47648 3.91702 5.59109 5.77 5.77 5.77 5.77 5.76087 11.5153 17.2874 23.0608 28.825 31.2105 33.5764 35.9685 38.3588 44.1303 45.1269 39.3458 33.5683 27.7895 22.0097 16.2347 11.455 5.71787 5.76574 5.76781 5.75573 8.14327 11.5147 5.75541 5.77 5.77 5.77 5.77 5.76736 5.75973 11.4977 11.5045 8.1082 5.74778 5.75847 5.7638 5.76289 5.76516 5.76829 5.77 5.77 5.77 5.77 5.77 5.77 5.77 5.77 5.77 5.77 5.77 5.77 5.77 5.77 5.77 5.77 5.77
