tests/full-run-ref/erosion_2010_78_24_-72.835.asc
ncols 512
nrows 512
xllcorner -3.24582
yllcorner -4.08743
cellsize 5
NODATA_value -99999
[rows 180 to 209 of 512, columns 134 to 200 of 512]
2.88511 2.88511 2.88511 2.8851 2.8851 2.88702 4.08001 5.77009 4.08001 4.08001 2.88509 2.88509 2.88509 2.88509 2.88509 2.88509 2.88509 2.88509 2.88509 2.88509 2.88509 2.88509 2.88509 2.88509 2.88509 2.88509 2.88509 2.88509 2.88509 2.88509 2.88509 2.88509 2.88509 2.88509 2.88509 2.88509 2.88509 2.88509 2.88509 2.88509 4.08001 6.96501 9.85001 12.735 14.425 11.54 8.655 5.77 2.88508 2.88508 2.88508 2.88508 2.88508 2.88508 2.88508 2.88508 2.88508 2.88508 2.88508 5.77001 8.65501 5.77001 2.88509 2.88508 2.88508 2.88508 2.88508
2.88511 2.88511 2.8851 2.8851 2.8851 4.08203 6.96501 6.96501 5.77001 2.88509 2.88509 2.88509 2.88509 2.88509 2.88509 2.88509 2.88509 2.88509 2.88509 2.88509 2.88509 2.88509 2.88509 2.88509 2.88509 2.88509 2.88509 2.88509 2.88509 2.88509 2.88509 2.88509 2.88509 2.88509 2.88509 2.88509 2.88509 2.88509 2.88509 2.88509 2.88509 5.77 8.655 11.54 14.425 12.735 9.85001 6.96501 4.08001 2.88508 2.88508 2.88508 2.88508 2.88508 2.88508 2.88508 2.88508 2.88508 2.88508 5.77001 8.16002 5.77001 2.88509 2.88508 2.88508 2.88508 2.88508
2.88511 2.88511 2.88511 2.8851 2.88509 4.08001 5.77001 4.08001 2.88509 2.88509 2.88509 2.88509 2.88509 2.88509 2.88509 2.88509 2.88509 2.88509 2.88509 2.88509 2.88509 2.88509 2.88509 2.88509 2.88509 2.88509 2.88509 2.88509 2.88509 2.88509 2.88509 2.88509 2.88509 2.88509 2.88509 2.88509 2.88509 2.88509 2.88509 2.88509 2.88509 5.77001 8.16002 11.045 12.24 13.93 11.045 8.16002 6.96501 4.08001 2.88508 2.88508 2.88508 2.88508 2.88508 2.88508 2.88508 2.88508 2.88508 4.08001 6.96501 5.77001 2.88509 2.88508 2.88508 2.88508 2.88508
2.88511 2.88511 2.88511 2.8851 2.88509 2.88509 2.88509 2.88509 2.88509 2.88509 2.88509 2.88509 2.88509 2.88509 2.88509 2.88509 2.88509 2.88509 2.88509 2.88509 2.88509 2.88509 2.88509 2.88509 2.88509 2.88509 2.88509 2.88509 2.88509 2.88509 2.88509 2.88509 2.88509 2.88509 2.88509 2.88509 2.88509 2.88509 2.88509 2.88509 2.88509 4.08001 6.96501 8.16002 11.045 12.24 12.24 11.045 8.16002 5.77001 2.88508 2.88508 2.88508 2.88508 2.88508 2.88508 2.88508 2.88508 2.88508 2.88508 4.08001 5.77001 2.88509 2.88508 2.88508 2.88508 2.88508
2.88511 2.88511 2.88511 2.88511 2.88509 2.88509 2.88509 2.88509 2.88509 2.88509 2.88509 2.88509 2.88509 2.88509 2.88509 2.88509 2.88509 2.88509 2.88509 2.88509 2.88509 2.88509 2.88509 2.88509 2.88509 2.88509 2.88509 2.88509 2.88509 2.88509 2.88509 2.88509 2.88509 2.88509 2.88509 2.88509 2.88509 2.88509 2.88509 2.88509 2.88509 2.88509 4.08001 6.96501 8.16002 11.045 12.24 12.24 9.85001 6.96501 4.08001 2.88508 2.88508 2.88508 2.88508 2.88508 2.88508 2.88508 2.88508 2.88508 2.88508 4.08001 2.88508 2.88508 2.88508 2.88508 2.88508
2.88511 2.88511 2.88511 2.88511 2.88511 2.88509 2.88509 2.88509 2.88509 2.88509 2.88509 2.88509 2.88509 2.88509 2.88509 2.88509 2.88509 2.88509 2.88509 2.88509 2.88509 2.88509 2.88509 2.88509 2.88509 2.88509 2.88509 2.88509 2.88509 2.88509 2.88509 2.88509 2.88509 2.88509 2.88509 2.88509 2.88509 2.88509 2.88509 2.88509 2.88509 2.88509 2.88509 4.08001 6.96501 8.16002 11.045 12.24 11.045 8.16002 6.96501 4.08001 2.88508 2.88508 2.88508 2.88508 2.88508 2.88508 2.88508 2.88508 2.88508 2.88508 2.88508 2.88508 2.88508 2.88508 2.88508
2.88511 2.88511 2.88511 2.88511 2.88511 2.88509 2.88509 2.88509 2.88509 2.88509 2.88509 2.88509 2.88509 2.88509 2.88509 2.88509 2.88509 2.88509 2.88509 2.88509 2.88509 2.88509 4.08001 4.08001 2.88509 2.88509 2.88509 2.88509 2.88509 2.88509 2.88509 2.88509 2.88509 2.88509 2.88509 2.88509 2.88509 2.88509 2.88509 2.88509 2.88509 2.88509 2.88509 2.88509 4.08001 6.96501 8.16002 11.045 12.24 11.045 8.16002 6.96501 4.08001 2.88508 2.88508 2.88508 2.88508 2.88508 2.88508 2.88508 2.88508 2.88508 2.88508 2.88508 2.88508 2.88508 2.88508
4.08001 2.88511 2.88511 2.88511 2.88509 2.88509 2.88509 2.88509 2.88509 2.88509 2.88509 2.88509 2.88509 2.88509 2.88509 2.88509 2.88509 2.88509 2.88509 2.88509 2.88509 2.88509 5.77001 6.96501 4.08001 2.88509 2.88509 2.88509 2.88509 2.88509 2.88509 2.88509 2.88509 2.88509 2.88509 2.88509 2.88509 2.88509 2.88509 2.88509 2.88509 2.88509 2.88509 2.88509 2.88509 4.08001 6.96501 9.85001 12.735 11.54 8.65501 5.77001 2.88508 2.88508 2.88508 2.88508 2.88508 2.88508 2.88508 2.88508 2.88508 2.88508 2.88508 2.88508 2.88508 2.88508 2.88508
4.08003 4.08001 2.88511 2.8851 2.88509 2.88509 2.88509 2.88509 2.88509 2.88509 2.88509 2.88509 2.88509 2.88509 2.88509 2.88509 2.88509 2.88509 2.88509 2.88509 2.88509 4.08001 6.96501 8.16002 6.96501 4.08001 2.88509 2.88509 2.88509 2.88509 2.88509 2.88509 2.88509 2.88509 2.88509 2.88509 2.88509 2.88509 2.88509 2.88509 2.88509 2.88509 2.88509 2.88509 2.88509 2.88509 5.77 8.655 11.54 12.735 9.85001 6.96501 4.08001 2.88508 2.88508 2.88508 2.88508 2.88508 2.88508 2.88508 2.88508 2.88508 2.88508 2.88508 2.88508 2.88508 2.88508
5.77001 4.08003 2.88511 2.8851 2.88509 2.88509 2.88509 2.88509 2.88509 2.88509 2.88509 2.88509 2.88509 2.88509 2.88509 2.88509 2.88509 2.88509 2.88509 2.88509 4.08001 6.96501 8.16002 11.045 8.16002 5.77001 2.88509 2.88509 2.88509 2.88509 2.88509 2.88509 2.88509 2.88509 2.88509 2.88509 2.88509 2.88509 2.88509 2.88509 2.88509 2.88509 2.88509 2.88509 2.88509 2.88509 5.77001 8.65501 11.1647 10.3731 9.78443 8.16002 6.96501 4.08001 2.88508 2.88508 2.88508 2.88508 2.88508 2.88508 2.88508 2.88508 2.88508 2.88508 2.88508 2.88508 2.88508
5.77001 4.08001 2.8851 2.8851 2.88509 2.88509 2.88509 2.88509 2.88509 2.88509 2.88509 2.88509 2.88509 2.88509 2.88509 2.88509 2.88509 2.88509 2.88509 2.88509 5.77001 8.16002 11.045 12.24 9.85001 6.96501 4.08001 2.88509 2.88509 2.88509 2.88509 2.88509 2.88509 2.88509 2.88509 2.88509 2.88509 2.88509 2.88509 2.88509 2.88509 2.88509 2.88509 2.88509 2.88509 2.88509 5.77001 8.65501 8.27969 7.48811 6.89943 8.09443 8.16002 5.77001 2.88508 2.88508 2.88508 2.88508 2.88508 2.88508 2.88508 2.88508 2.88508 2.88508 2.88508 2.88508 2.88508
2.8851 2.8851 2.8851 2.8851 2.88509 2.88509 2.88509 2.88509 2.88509 2.88509 2.88509 2.88509 2.88509 2.88509 2.88509 2.88509 2.88509 2.88509 2.88509 2.88509 5.77 8.655 11.54 13.93 11.045 8.16002 6.96501 4.08001 2.88509 2.88509 2.88509 2.88509 2.88509 2.88509 2.88509 2.88509 2.88509 2.88509 2.88509 2.88509 2.88509 2.88509 2.88509 2.88509 2.88509 2.88509 5.77001 5.77001 5.39472 4.60311 4.01443 6.89943 6.96501 4.08001 2.88508 2.88508 2.88508 2.88508 2.88508 2.88508 2.88508 2.88508 2.88508 2.88508 2.88508 2.88508 2.88508
2.8851 2.8851 2.8851 2.8851 2.88509 2.88509 2.88509 2.88509 2.88509 2.88509 2.88509 2.88509 2.88509 2.88509 2.88509 2.88509 2.88509 2.88509 2.88509 4.08001 6.96501 9.85001 12.735 15.125 12.24 11.045 8.16002 6.96501 4.08001 4.08001 2.88509 2.88509 2.88509 2.88509 2.88509 2.88509 2.88509 2.88509 2.88509 2.88509 2.88509 2.88509 2.88509 2.88509 2.88509 2.88508 4.08001 2.88508 2.88508 2.88508 2.88508 4.08001 4.08001 2.88508 2.88508 2.88508 2.88508 2.88508 2.88508 2.88508 2.88508 2.88508 2.88508 2.88508 2.88508 2.88508 2.88508
2.8851 2.8851 2.8851 2.8851 2.88509 2.88509 2.88509 2.88509 2.88509 2.88509 2.88509 2.88509 2.88509 2.88509 2.88509 2.88509 2.88509 2.88509 4.08001 6.96501 8.16002 11.045 13.93 16.32 15.125 12.24 11.045 8.16002 6.96501 6.96498 4.08001 2.88509 2.88509 2.88509 2.88509 2.88509 2.88509 2.88509 2.88509 2.88509 2.88509 2.88509 2.88509 2.88509 2.88509 2.88509 2.88508 2.88508 2.88508 2.88508 2.88508 2.88508 2.88508 2.88508 2.88508 2.88508 2.88508 2.88508 2.88508 2.88508 2.88508 2.88508 2.88508 2.88508 2.88508 2.88508 2.88508
2.8851 2.8851 2.8851 2.8851 2.88509 2.88509 2.88509 2.88509 2.88509 4.08001 2.88509 2.88509 2.88509 2.88509 2.88509 2.88509 2.88509 2.88509 5.77001 8.16002 11.045 12.24 15.125 18.01 16.32 15.125 12.24 11.045 8.16002 6.96501 4.08001 2.88509 2.88509 2.88509 2.88509 2.88509 2.88509 2.88509 2.88509 2.88509 2.88509 2.88509 2.88509 2.88509 2.88509 2.88509 2.88508 2.88508 2.88508 2.88508 2.88508 2.88508 2.88508 2.88508 2.88508 2.88508 2.88508 2.88508 2.88508 2.88508 2.88508 2.88508 2.88508 2.88508 2.88508 2.88508 2.88508
2.8851 2.8851 2.8851 2.8851 2.88509 2.88509 2.88509 2.88509 2.88509 2.88509 2.88509 2.88509 2.88509 2.88509 2.88509 2.88509 2.88509 2.88509 5.77 8.655 11.54 14.425 16.32 19.205 16.32 15.125 12.24 9.85001 6.96501 4.08001 2.88509 2.88509 2.88509 2.88509 2.88509 2.88509 2.88509 2.88509 2.88509 2.88509 2.88509 2.88509 2.88509 2.88509 2.88509 2.88509 2.88508 2.88508 2.88508 2.88508 2.88508 2.88508 2.88508 2.88508 2.88508 2.88508 2.88508 2.88508 2.88508 2.88508 2.88508 2.88508 2.88508 2.88508 2.88508 2.88508 2.88508
2.8851 2.8851 2.8851 2.8851 2.88509 2.88509 2.88509 2.88509 2.88509 2.88509 2.88509 2.88509 2.88509 2.88509 2.88509 2.88509 2.88509 4.08001 6.96501 9.85001 12.735 15.62 18.505 16.32 15.125 12.24 11.045 8.16002 5.77001 2.88509 2.88509 2.88509 2.88509 2.88509 2.88509 2.88509 2.88509 2.88509 2.88509 2.88509 2.88509 2.88509 2.88509 2.88509 2.88509 2.88509 2.88508 2.88508 2.88508 2.88508 2.88508 2.88508 2.88508 2.88508 2.88508 2.88508 2.88508 2.88508 2.88508 2.88508 2.88508 2.88508 2.88508 2.88508 2.88508 2.88508 2.88508
2.8851 2.8851 2.8851 2.8851 2.88509 2.88509 2.88509 2.88509 2.88509 2.88509 2.88509 2.88509 2.88509 2.88509 2.88509 2.88509 4.08001 6.96501 8.16002 11.045 13.93 16.815 16.32 15.125 12.24 11.045 8.16002 6.96501 4.08001 2.88509 2.88509 2.88509 2.88509 2.88509 2.88509 2.88509 2.88509 2.88509 2.88509 2.88509 2.88509 2.88509 2.88509 2.88509 2.88509 2.88509 2.88508 2.88508 2.88508 2.88508 2.88508 2.88508 2.88508 2.88508 2.88508 2.88508 2.88508 2.88508 2.88508 2.88508 2.88508 2.88508 2.88508 2.88508 2.88508 2.88508 2.88508
2.8851 2.8851 2.8851 2.8851 2.88509 2.88509 2.88509 2.88509 2.88509 2.88509 2.88509 2.88509 2.88509 2.88509 2.88509 4.08001 6.96501 8.16002 11.045 12.24 15.125 16.32 15.125 12.24 11.045 8.16002 6.96501 4.08001 2.88509 2.88509 2.88509 2.88509 2.88509 2.88509 2.88509 2.88509 2.88509 2.88509 2.88509 2.88509 2.88509 2.88509 2.88509 2.88509 2.88509 2.88509 2.88508 2.88508 2.88508 2.88508 2.88508 2.88508 2.88508 2.88508 2.88508 2.88508 2.88508 2.88508 2.88508 2.88508 2.88508 2.88508 2.88508 2.88508 2.88508 2.88508 2.88508
2.8851 2.8851 2.8851 2.8851 2.88509 2.88509 2.88509 2.88509 2.88509 2.88509 2.88509 2.88509 2.88509 2.88509 4.08001 6.96501 8.16002 11.045 12.24 15.125 16.32 15.125 12.24 11.045 8.16002 6.96501 4.08001 2.88509 2.88509 2.88509 2.88509 2.88509 2.88509 2.88509 2.88509 2.88509 2.88509 2.88509 2.88509 2.88509 2.88509 2.88509 2.88509 2.88509 2.88509 2.88509 2.88508 2.88508 2.88508 2.88508 2.88508 2.88508 2.88508 2.88508 2.88508 2.88508 2.88508 2.88508 2.88508 2.88508 2.88508 2.88508 2.88508 2.88508 2.88508 2.88508 2.88508
2.8851 2.8851 2.8851 2.8851 2.88509 2.88509 2.88509 2.88509 2.88509 2.88509 2.88509 2.88509 4.08001 5.77 6.96501 8.16002 11.045 12.24 15.125 16.32 15.125 12.24 11.045 8.16002 6.96501 4.08001 2.88509 2.88509 2.88509 2.88509 2.88509 2.88509 2.88509 2.88509 2.88509 2.88509 2.88509 2.88509 2.88509 2.88509 2.88509 2.88509 2.88509 2.88509 2.88509 2.88509 2.88508 2.88508 2.88508 2.88508 2.88508 2.88508 2.88508 2.88508 2.88508 2.88508 2.88508 2.88508 2.88508 2.88508 2.88508 2.88508 2.88508 2.88508 2.88508 2.88508 2.88508
2.8851 2.8851 2.8851 2.8851 2.88509 2.88509 2.88509 2.88509 2.88509 2.88509 2.88509 4.08001 6.96501 8.16002 9.85001 11.045 12.24 15.125 16.32 15.125 12.24 11.045 8.16002 6.96501 4.08001 2.88509 2.88509 2.88509 2.88509 2.88509 2.88509 2.88509 2.88509 2.88509 2.88509 2.88509 2.88509 2.88509 4.08001 4.08001 4.08001 2.88509 2.88509 2.88509 2.88509 2.88509 2.88508 2.88508 2.88508 2.88508 2.88508 2.88508 2.88508 2.88508 2.88508 2.88508 2.88508 2.88508 2.88508 2.88508 2.88508 2.88508 2.88508 2.88508 2.88508 2.88508 2.88508
2.8851 2.8851 2.8851 2.8851 2.88509 2.88509 2.88509 2.88509 2.88509 2.88509 4.08001 6.96501 8.16002 11.045 12.24 13.93 15.125 16.32 15.125 12.24 11.045 8.16002 6.96501 4.08001 2.88509 2.88509 2.88509 2.88509 2.88509 2.88509 2.88509 2.88509 2.88509 2.88509 2.88509 2.88509 2.88509 2.88509 5.77001 6.96501 6.96501 4.08001 2.88509 2.88509 2.88509 2.88509 2.88508 2.88508 2.88508 2.88508 2.88508 2.88508 2.88508 2.88508 2.88508 2.88508 2.88508 2.88508 2.88508 2.88508 2.88508 2.88508 2.88508 2.88508 2.88508 2.88508 2.88508
2.8851 2.8851 2.8851 2.8851 2.88509 2.88509 2.88509 2.88509 2.88509 2.88509 4.08001 6.96501 8.16002 11.045 13.93 16.32 16.32 15.125 12.24 11.045 8.16002 6.96501 4.08001 2.88509 2.88509 2.88509 2.88509 2.88509 2.88509 2.88509 2.88509 2.88509 2.88509 2.88509 2.88509 2.88509 2.88509 2.88509 5.77001 8.65501 8.16002 6.96501 4.08001 2.88509 2.88509 2.88509 2.88508 2.88508 2.88508 2.88508 2.88508 2.88508 2.88508 2.88508 2.88508 2.88508 2.88508 2.88508 2.88508 2.88508 2.88508 2.88508 2.88508 2.88508 2.88508 2.88508 2.88508
2.8851 2.8851 2.8851 2.8851 2.88509 2.88509 2.88509 2.88509 2.88509 2.88509 2.88509 4.08001 6.96501 9.85001 12.24 15.125 15.125 12.24 11.045 8.16002 6.96501 4.08001 2.88509 2.88509 2.88509 2.88509 2.88509 2.88509 2.88509 2.88509 2.88509 2.88509 2.88509 2.88509 2.88509 2.88509 2.88509 2.88509 5.77001 8.65501 11.045 8.16002 6.96501 4.08001 2.88509 2.88509 2.88508 2.88508 2.88508 2.88508 2.88508 2.88508 2.88508 2.88508 2.88508 2.88508 2.88508 2.88508 2.88508 2.88508 2.88508 2.88508 2.88508 2.88508 2.88508 2.88508 2.88508
2.8851 2.8851 2.8851 2.8851 2.88509 2.88509 2.88509 2.88509 2.88509 2.88509 2.88509 2.88509 5.77 8.16002 11.045 13.93 12.24 11.045 8.16002 6.96501 4.08001 2.88509 2.88509 2.88509 2.88509 2.88509 2.88509 2.88509 2.88509 2.88509 2.88509 2.88509 2.88509 2.88509 2.88509 2.88509 2.88509 2.88509 5.77 8.655 11.54 11.045 8.16002 6.96501 4.08001 2.88509 2.88508 2.88508 2.88508 2.88508 2.88508 2.88508 2.88508 2.88508 2.88508 2.88508 2.88508 2.88508 2.88508 2.88508 2.88508 2.88508 2.88508 2.88508 2.88508 2.88508 2.88508
2.8851 2.8851 2.8851 2.8851 2.88509 2.88509 2.88509 2.88509 2.88509 2.88509 2.88509 2.88509 4.08001 6.96501 9.85001 12.24 11.045 8.16002 6.96501 4.08001 2.88509 2.88509 2.88509 2.88509 2.88509 2.88509 2.88509 2.88509 2.88509 2.88509 2.88509 2.88509 2.88509 2.88509 2.88509 2.88509 2.88509 4.08001 6.96501 9.85001 12.735 12.24 11.045 8.16002 6.96501 4.08001 2.88508 2.88508 2.88508 2.88508 2.88508 2.88508 2.88508 2.88508 2.88508 2.88508 2.88508 2.88508 2.88508 2.88508 2.88508 2.88508 2.88508 2.88508 2.88508 2.88508 2.88508
2.8851 2.8851 2.8851 2.8851 4.08001 2.88509 2.88509 2.88509 2.88509 2.88509 2.88509 2.88509 2.88509 5.77 8.655 11.045 8.16002 6.96501 4.08001 2.88509 2.88509 2.88509 2.88509 2.88509 2.88509 2.88509 2.88509 2.88509 2.88509 2.88509 2.88509 2.88509 2.88509 2.88509 2.88509 2.88509 2.88509 5.77 8.16002 11.045 13.93 15.125 12.24 11.045 8.16002 6.96501 4.08001 2.88508 2.88508 2.88508 2.88508 2.88508 2.88508 2.88508 2.88508 2.88508 2.88508 2.88508 2.88508 2.88508 2.88508 2.88508 2.88508 2.88508 2.88508 2.88508 2.88508
2.8851 2.8851 2.8851 2.8851 2.88509 2.88509 2.88509 2.88509 2.88509 2.88509 2.88509 2.88509 2.88509 5.77001 8.16002 8.16002 6.96501 4.08001 2.88509 2.88509 2.88509 2.88509 2.88509 2.88509 2.88509 2.88509 2.88509 2.88509 2.88509 2.88509 2.88509 2.88509 2.88509 2.88509 2.88509 2.88509 4.08001 6.96501 9.85001 12.24 15.125 16.32 15.125 12.24 11.045 8.16002 6.96501 4.08001 2.88508 2.88508 2.88508 2.88508 2.88508 2.88508 2.88508 2.88508 2.88508 2.88508 2.88508 2.88508 2.88508 2.88508 2.88508 2.88508 2.88508 2.88508 2.88508
2.8851 2.8851 2.8851 2.8851 2.88509 2.88509 2.88509 2.88509 2.88509 2.88509 2.88509 2.88509 2.88509 4.08001 6.96501 6.96501 4.08001 2.88509 2.88509 2.88509 2.88509 2.88509 2.88509 2.88509 2.88509 2.88509 2.88509 2.88509 2.88509 2.88509 2.88509 2.88509 2.88509 2.88509 2.88509 4.08001 6.96501 8.16002 11.045 13.93 16.32 19.205 16.32 15.125 12.24 11.045 8.16002 6.96501 4.08001 2.88508 2.88508 2.88508 2.88508 2.88508 2.88508 2.88508 2.88508 2.88508 2.88508 2.88508 2.88508 2.88508 2.88508 2.88508 2.88508 2.88508 2.88508
