tests/full-run-ref/erosion_2010_78_19_2.123.asc
ncols 512
nrows 512
xllcorner -3.24582
yllcorner -4.08743
cellsize 5
NODATA_value -99999
[rows 38 to 75 of 512, columns 336 to 419 of 512]
53.8107 47.9526 42.0537 36.1062 30.1425 25.4154 19.1964 12.8956 10.4501 5.18762 5.25592 5.77 5.77 5.77 5.77 5.77 5.77 5.77 5.77 5.77 5.77 5.77 5.77 5.77 5.77 5.77 5.34921 0 0 0 0 0 0 0 0 0 13.9292 8.1588 8.15917 6.15925 6.15935 6.15909 6.47956 13.9294 8.15952 0 0 5.76982 5.76991 5.77 5.75085 5.35918 2.40241 0 0 0 5.77 5.77 5.77 5.77 5.77 5.77 5.77 5.77 5.77 5.77 5.77 5.77 5.77 5.77 5.64963 4.81119 0 5.77 5.77 5.77 5.77 5.37617 5.77 5.77 5.77 5.77 5.66728 4.237
56.176 50.2824 44.3432 38.3905 33.666 27.4732 21.1908 18.5148 12.4943 9.1669 4.00457 5.6447 5.77 5.77 5.77 5.77 5.77 5.77 5.77 5.77 5.77 5.77 5.77 5.77 5.77 5.77 5.77 5.45771 0 0 0 0 0 0 0 0 0 14.3174 14.3188 14.3194 12.3192 6.36414 14.3193 11.5389 5.76847 5.76987 5.77 5.77 5.77 5.74317 5.29793 2.28773 0 0 0 5.77 5.77 5.77 5.77 5.77 5.77 5.77 5.77 5.77 5.77 5.77 5.77 5.77 5.77 5.64963 4.81119 0 5.77 5.77 5.77 5.77 5.37617 5.77 5.77 5.77 5.77 5.66728 4.237 0
58.5135 52.5827 46.6408 41.9184 35.7515 29.4988 26.7881 20.7747 17.2878 11.1692 5.38142 4.53574 5.6755 5.77 5.77 5.77 5.77 5.77 5.77 5.77 5.77 5.77 5.77 5.77 5.77 5.77 5.77 5.77 5.46676 0 0 0 0 0 0 0 1.21064 19.6975 17.3074 13.3648 8.22252 13.4162 17.3047 11.5343 5.76847 5.77 5.77 5.77 5.75622 5.31286 1.69371 0 0 0 5.77 5.77 5.77 5.77 5.77 5.77 5.77 5.77 5.77 5.77 5.77 5.77 5.77 5.77 5.64963 4.81119 0 5.77 5.77 5.77 5.77 5.37617 5.77 5.77 5.77 5.77 5.66728 4.237 0 0
60.8263 54.8948 50.1737 44.0325 37.8093 35.0718 29.0732 25.5727 19.4898 13.1061 10.3538 4.64885 4.74867 5.69955 5.77 5.77 5.77 5.77 5.77 5.77 5.77 5.77 5.77 5.77 5.77 5.77 5.77 5.77 5.77 5.40362 0 0 0 0 0 0 0 13.9258 11.3108 0 0 2.74567 17.3084 11.5373 5.76879 5.77 5.77 5.77 5.59176 2.70378 0 0 0 5.76998 5.77 5.77 5.77 5.77 5.77 5.77 5.77 5.77 5.77 5.77 5.77 5.77 5.77 5.64963 4.81119 0 5.77 5.77 5.77 5.77 5.37617 5.77 5.77 5.77 5.77 5.66728 4.237 0 0 0
63.1524 58.4319 52.3159 46.1223 43.3572 37.3732 33.858 27.8053 21.4578 18.4656 12.1089 10.9353 6.60845 5.15717 5.7211 5.77 5.77 5.77 5.77 5.77 5.77 5.77 5.77 5.77 5.77 5.77 5.77 5.77 5.77 5.76023 3.58208 0 0 0 0 0 13.9291 8.15736 1.12042 0 0 0 17.3086 11.5376 5.76888 5.77 5.77 5.7244 4.65361 0 0 0 6.15993 5.76991 5.77 5.77 5.77 5.77 5.77 5.77 5.77 5.77 5.77 5.77 5.77 5.77 5.64963 4.81119 0 5.77 5.77 5.77 5.77 5.37617 5.77 5.77 5.77 5.77 5.66728 4.237 0 0 0 0
66.6926 60.6015 54.4373 51.6442 45.6745 42.1437 36.1198 29.8181 26.7978 20.4592 19.0424 14.5303 12.7819 7.09325 5.2094 5.71584 5.77 5.77 5.77 5.77 5.77 5.77 5.77 5.77 5.77 5.77 5.77 5.77 5.77 5.77 5.33626 0 0 0 0 0 11.5389 5.7675 5.7697 0 0 0 11.7542 11.5378 5.76888 5.77 5.72939 5.07603 0.240557 0 0 0 8.06815 5.76983 5.77 5.77 5.77 5.77 5.77 5.77 5.77 5.77 5.77 5.77 5.77 5.64963 4.81119 0 5.77 5.77 5.77 5.77 5.37617 5.77 5.77 5.77 5.77 5.66728 4.237 0 0 0 0 0
68.8889 62.7541 59.9324 53.9771 50.4298 44.4329 38.175 35.1358 28.8356 27.3425 22.8098 21.0232 15.0941 12.3676 6.49155 5.22662 5.72256 5.77 5.77 5.77 5.77 5.77 5.77 5.77 5.77 5.77 5.77 5.77 5.77 5.77 5.75991 3.57589 0 0 0 0 11.5349 5.76837 1.09186 0 0 0 0 11.5382 5.76888 5.73632 5.12575 0.627243 0 0 0 0 5.76987 5.76989 5.77 5.77 5.77 5.77 5.77 5.77 5.77 5.77 5.77 5.77 5.64963 4.81119 0 5.77 5.77 5.77 5.77 5.37617 5.77 5.77 5.77 5.77 5.66728 4.237 0 0 0 0 0 0
71.0724 68.2217 62.2805 58.7161 52.7444 46.5281 43.4692 37.2054 35.6457 31.09 29.2573 23.3287 20.4924 14.3327 12.3981 7.15979 5.2527 5.72027 5.77 5.77 5.77 5.77 5.77 5.77 5.77 5.77 5.77 5.77 5.77 5.77 5.77 5.6309 1.095 0 0 0 5.76919 5.76958 5.77 5.76853 3.74174 0 0 11.5382 5.769 5.24749 1.16314 0 0 0 0 5.77 5.77 5.77 5.77 5.77 5.77 5.77 5.77 5.77 5.77 5.77 5.77 5.64963 4.81119 0 5.77 5.77 5.77 5.77 5.37617 5.77 5.77 5.77 5.77 5.66728 4.237 0 0 0 0 0 0 0
76.512 70.5846 67.0021 61.0538 54.877 51.7976 45.5685 43.944 39.3658 37.4888 31.5633 28.7128 22.5606 20.5181 15.1461 12.4932 6.63899 5.29695 5.73115 5.77 5.77 5.77 5.77 5.77 5.77 5.77 5.77 5.77 5.77 5.77 5.77 5.77 5.77 5.77 5.77 5.77 5.77 5.77 5.77 5.77 5.77 5.77 3.77226 5.76971 0 5.76975 0 0 0 0 5.77 5.77 5.77 5.77 5.77 5.77 5.77 5.77 5.77 5.77 5.77 5.77 5.64963 4.81119 0 5.77 5.77 5.77 5.77 5.37617 5.77 5.77 5.77 5.77 5.66728 4.237 0 0 0 0 0 0 0 0
78.889 75.2875 69.3608 63.2211 60.1209 53.9245 52.2372 47.6373 45.7177 39.7957 36.9344 30.7964 28.7317 23.3638 20.6202 14.5139 12.5622 7.37857 5.44624 5.7426 5.77 5.77 5.77 5.77 5.77 5.77 5.77 5.77 5.77 5.77 5.77 5.77 5.77 5.77 5.77 5.77 5.77 5.77 5.77 5.77 5.77 5.77 4.78545 0 8.02254 6.15881 0 0 0 5.77 5.77 5.77 5.77 5.77 5.77 5.77 5.77 5.77 5.77 5.77 5.77 5.64963 4.81119 0 5.77 5.77 5.77 5.77 5.37617 5.77 5.77 5.77 5.77 5.66728 4.237 0 0 0 0 0 0 0 0 0
83.572 77.6647 71.56 68.4386 62.2735 60.5254 55.9044 53.944 48.0258 45.1545 39.031 36.9472 31.5854 28.8336 22.7383 20.6868 15.4157 13.3113 7.56675 5.44802 5.73693 5.77 5.77 5.77 5.77 5.77 5.77 5.77 5.77 5.77 5.77 5.77 5.77 5.77 5.77 5.77 5.77 5.77 5.77 5.77 5.77 5.72918 3.97125 0 0 5.76972 0 0 5.77 5.77 5.77 5.77 5.77 5.77 5.77 5.77 5.77 5.77 5.77 5.74454 5.54929 4.40979 0 5.76987 5.76992 5.77 5.77 5.37617 5.77 5.77 5.77 5.77 5.66728 4.237 0 0 0 0 0 0 0 0 0 0
85.9651 79.8931 76.7507 70.6154 68.8087 64.1673 62.1679 56.2538 53.3734 47.2644 45.1619 39.8065 37.0493 30.9705 28.8975 23.6276 21.5123 15.6457 13.022 7.18477 5.46598 5.74422 5.77 5.77 5.77 5.77 5.77 5.77 5.77 5.77 5.77 5.77 5.77 5.77 5.77 5.77 5.77 5.77 5.77 5.77 5.72918 5.09439 0.610655 0 0 0 0 5.77 5.77 5.77 5.77 5.77 5.77 5.77 5.77 5.77 5.77 5.77 5.77 5.54718 1.7997 0 6.15978 8.12427 5.76956 5.76991 5.37617 5.77 5.77 5.77 5.77 5.66728 4.237 0 0 0 0 0 0 0 0 0 0 0
88.2199 85.0568 78.9501 77.087 72.426 70.3893 64.4798 61.591 55.4969 53.376 48.0273 45.265 39.2031 37.1104 31.8408 29.7116 23.8546 21.1722 15.185 13.0466 7.65681 5.54948 5.74926 5.77 5.77 5.77 5.77 5.77 5.77 5.77 5.77 5.77 5.77 5.77 5.77 5.77 5.77 5.77 5.77 5.72918 5.09439 0.610655 0 0 0 0 5.77 5.77 5.77 5.77 5.77 5.77 5.77 5.77 5.77 5.77 5.77 5.77 5.77 5.12247 0 7.52236 7.48983 6.64468 8.15907 5.37571 5.76991 5.77 5.77 5.77 5.66728 4.237 0 0 0 0 0 0 0 0 0 0 0 0
93.357 87.2778 85.3605 80.6805 78.6084 72.7038 69.8075 63.7284 61.5896 56.2477 53.4808 47.4359 45.3233 40.0537 37.9105 32.064 29.3764 23.3996 21.195 15.7497 13.5156 7.72774 5.51784 5.74404 5.77 5.77 5.77 5.77 5.77 5.77 5.77 5.77 5.77 5.77 5.77 5.77 5.77 5.77 5.72918 5.09439 0.610655 0 0 0 0 5.77 5.77 5.77 5.77 5.77 5.77 5.77 5.77 5.77 5.77 5.77 5.77 5.77 5.77 5.10216 0 0 0 0 5.37608 8.15905 5.76964 5.77 5.77 5.66729 4.237 0 0 0 0 0 0 0 0 0 0 0 0 0
95.5988 93.6295 88.9311 86.8251 80.9258 78.023 71.9592 69.8026 64.4678 61.6966 55.6691 53.5363 48.2663 46.109 40.2729 37.5816 31.6177 29.3967 23.9544 21.7125 15.8426 13.1857 7.34812 5.51048 5.74105 5.76822 5.77 5.77 5.77 5.77 5.77 5.77 5.77 5.77 5.77 5.77 5.77 5.72918 5.09439 0.610655 0 0 0 0 5.77 5.77 5.77 5.77 5.77 5.77 5.77 5.77 5.77 5.77 5.77 5.77 5.77 5.77 5.75862 5.53023 2.88934 0 0 5.76986 5.76969 11.5395 5.76971 5.77 5.66731 4.23713 0 0 0 0 0 0 0 0 0 0 0 0 0 0
101.894 97.1778 95.0394 89.1458 86.2374 80.1892 78.0151 72.6874 69.9125 63.9026 61.7494 56.4788 54.3071 48.4813 45.7867 39.8362 37.5994 32.1595 29.9082 24.0518 21.3573 15.4085 13.1945 7.7495 5.87204 5.6923 5.76186 5.77 5.77 5.77 5.77 5.77 5.77 5.77 5.77 5.77 5.72918 5.09439 0.610655 0 0 0 0 5.77 5.77 5.77 5.77 5.77 5.77 5.77 5.77 5.77 5.77 5.77 5.77 5.77 5.77 5.75862 5.53023 2.88934 0 0 5.77 5.77 5.76988 5.76984 5.76986 5.66765 4.23889 0 0 0 0 0 0 0 0 0 0 0 0 0 0 5.77
105.421 103.251 97.364 94.451 88.4187 86.2272 80.9066 78.1284 72.1365 69.9627 64.691 62.5046 56.689 53.9919 48.0553 45.8025 40.3646 38.1033 32.2605 29.5659 23.6345 21.368 15.873 13.6139 11.6535 7.91163 5.68714 5.76208 5.77 5.77 5.77 5.77 5.77 5.77 5.77 5.72918 5.09439 0.610655 0 0 0 0 5.77 5.77 5.77 5.77 5.77 5.77 5.77 5.77 5.77 5.77 5.77 5.77 5.77 5.77 5.75862 5.53023 2.88934 0 0 5.77 5.77 5.77 5.77 5.77 5.67062 4.25631 0 0 0 0 0 0 0 0 0 0 0 0 0 0 5.77 5.77
111.461 105.58 102.664 96.6477 94.4389 89.1253 86.3442 80.3706 78.1761 72.903 70.7016 64.896 62.1969 56.275 54.0061 48.5698 46.2979 40.4681 37.7744 31.8619 29.5785 24.0883 21.8095 19.5017 16.0309 13.6776 7.92008 5.72599 5.77 5.77 5.77 5.77 5.77 5.77 5.72918 5.09439 0.610654 0 0 0 0 5.77 5.77 5.77 5.77 5.77 5.77 5.77 5.77 5.77 5.77 5.77 5.77 5.77 5.77 5.75862 5.53023 2.88934 0 0 5.77 5.77 5.77 5.77 5.77 5.68612 4.36498 0 0 0 0 0 0 0 0 0 0 0 0 0 0 5.77 5.77 5.77
113.795 110.875 104.876 102.65 97.3435 94.5598 88.6049 86.3899 81.115 78.8981 73.1021 70.4018 64.4955 62.2104 56.7754 54.4922 48.6748 45.9822 40.0888 37.789 32.303 30.0089 27.6864 24.2115 21.8459 16.0417 11.3727 5.65434 5.76172 5.77 5.77 5.77 5.77 5.72917 5.09436 0.610639 0 0 0 0 5.77 5.77 5.77 5.77 5.77 5.77 5.77 5.77 5.77 5.77 5.77 5.77 5.77 5.77 5.75862 5.53023 2.88934 0 0 5.77 5.77 5.77 5.77 5.77 5.72477 4.73272 0 0 0 0 0 0 0 0 0 0 0 0 0 0 5.77 5.77 5.77 5.77
119.087 113.105 110.861 105.561 102.775 96.8393 94.6039 89.327 87.094 81.3073 78.6065 72.7167 70.4156 64.9817 62.6863 56.8807 54.1893 48.3154 45.9992 40.5165 38.2078 35.8737 32.3961 30.025 24.228 19.548 13.767 8.01004 5.69553 5.7609 5.77 5.77 5.7289 5.09319 0.610033 0 0 0 0 5.77 5.77 5.77 5.77 5.77 5.77 5.77 5.77 5.77 5.77 5.77 5.77 5.77 5.77 5.75862 5.53023 2.88934 0 0 5.77 5.77 5.77 5.77 5.77 5.75431 5.25809 0.269442 0 0 0 0 0 0 0 0 0 0 0 0 0 5.77 5.77 5.77 5.77 5.77
121.333 119.072 113.778 110.99 105.074 102.818 97.5393 95.2896 89.5116 86.8111 80.939 78.6221 73.1892 70.8806 65.0861 62.3957 56.5415 54.2091 48.7286 46.4056 44.0616 40.5835 38.207 32.4188 27.7376 21.9596 16.1889 13.7423 7.98332 5.74546 5.77 5.72265 5.06409 0.589454 0 0 0 0 5.77 5.77 5.77 5.77 5.77 5.77 5.77 5.77 5.77 5.77 5.77 5.77 5.77 5.77 5.75862 5.53023 2.88934 0 0 5.77 5.77 5.77 5.77 5.77 5.72822 5.31336 2.55594 0 0 0 0 0 0 0 0 0 0 0 0 0 5.77 5.77 5.77 5.77 5.77 5.77
127.283 121.995 119.205 113.308 111.033 105.752 103.485 97.7152 95.0158 89.1629 86.8304 81.3986 79.0755 73.2919 70.6021 64.7674 62.4189 56.9394 54.6016 52.2505 48.7782 46.3991 40.6158 35.932 30.1526 24.3754 19.602 13.8094 8.06306 5.75132 5.67226 4.74388 0.105821 0 0 0 0 5.77 5.77 5.77 5.77 5.77 5.77 5.77 5.77 5.77 5.77 5.77 5.77 5.77 5.77 5.75862 5.53023 2.88934 0 0 5.77 5.77 5.77 5.77 5.76551 5.61744 4.48439 0.536593 0 0 0 0 0 0 0 0 0 0 0 0 0 5.77 5.77 5.77 5.77 5.77 5.77 5.77
130.211 127.419 121.543 119.249 113.967 111.68 105.918 103.221 97.3899 95.042 89.6117 87.2726 81.4997 78.8098 72.9947 70.6296 65.1488 62.7972 60.4366 56.9601 51.867 46.081 40.2912 34.5056 28.7183 22.9363 17.1444 11.3447 5.64652 5.76425 4.09631 0 0 0 0 0 5.77 5.77 5.77 5.77 5.77 5.77 5.77 5.77 5.77 5.77 5.77 5.77 5.77 5.77 5.75862 5.53023 2.88934 0 0 5.77 5.77 5.77 5.77 5.77 5.58732 3.42209 0 0 0 0 0 0 0 0 0 0 0 0 0 0 5.77 5.77 5.77 5.77 5.77 5.77 5.77 5.77
135.633 129.778 127.467 122.184 119.876 114.12 111.423 105.623 103.269 97.8337 95.4776 89.7121 87.0374 81.2502 78.8678 73.3786 71.0002 68.6194 63.4225 57.6327 51.8453 46.0563 40.2707 34.4842 28.6975 22.9088 17.1207 11.3295 5.64518 5.04446 0 0 0 0 0 5.77 5.77 5.77 5.77 5.77 5.77 5.77 5.77 5.77 5.77 5.77 5.77 5.77 5.77 5.75862 5.53023 2.88934 0 0 5.77 5.77 5.77 5.77 5.77 5.70098 4.00123 0 0 0 0 0 0 0 0 0 0 0 0 0 0 5.77 5.77 5.77 5.77 5.77 5.77 5.77 5.77 5.77
138.015 135.68 130.41 128.08 122.319 119.035 113.223 107.455 101.679 95.9074 90.1286 84.3604 82.0006 79.639 77.2697 74.912 73.9969 68.1914 62.3976 56.6104 50.8199 45.033 39.2436 33.4538 27.6618 21.8688 16.0855 11.1955 5.65093 2.97858 0 0 0 0 5.76794 5.77 5.77 5.77 5.77 5.77 5.77 5.77 5.77 5.77 5.77 5.77 5.77 5.77 5.75862 5.53023 2.88934 0 0 5.77 5.77 5.77 5.77 5.77 5.76957 5.21928 0 0 0 0 0 0 0 0 5.77 5.77 0 0 0 0 5.77 5.77 5.77 5.77 5.77 5.77 5.77 5.77 5.77 5.77
143.918 138.598 132.831 127.057 121.278 115.476 109.691 103.927 99.2646 93.4885 87.718 81.946 76.16 73.8105 71.4498 69.0776 71.5024 65.7853 59.9895 54.1944 48.4013 42.6062 36.8104 31.0116 25.2128 19.4132 13.6124 7.89272 5.69562 0 0 0 0 7.95886 5.75669 5.77 5.77 5.77 5.77 5.77 5.77 5.77 5.77 5.77 5.77 5.77 5.77 5.75862 5.53023 2.88934 0 0 5.77 5.77 5.77 5.77 5.77 5.77 5.72445 3.73699 0 0 0 0 0 0 0 0 0 0 0 5.77 0 5.77 5.77 5.77 5.77 5.77 5.77 5.77 5.77 5.77 5.77 5.77
141.93 136.156 130.396 124.623 118.84 113.066 107.293 101.525 95.7467 89.9752 84.2107 79.5508 73.766 67.9652 65.6254 63.2631 60.878 63.3202 57.6123 51.8143 46.008 40.2057 34.4017 28.5984 22.793 16.9841 11.1675 5.51478 5.75162 0 0 0 0 11.4556 5.73685 5.77 5.77 5.77 5.77 5.77 5.77 5.77 5.77 5.77 5.77 5.77 5.75862 5.53023 2.88934 0 0 5.77 5.77 5.77 5.77 5.77 5.77 5.77 5.47366 0.377656 0 0 0 0 0 0 6.15953 6.15944 6.15932 0 0 0 5.76976 5.77 5.77 5.77 5.77 5.77 5.77 5.77 5.77 5.77 5.77 5.77
139.519 133.746 127.978 122.206 116.438 110.668 104.898 99.1263 93.3518 87.5784 81.8105 76.0377 71.3771 65.5854 59.7738 57.4429 55.0879 52.7071 55.1674 51.8705 46.0685 40.257 34.458 28.6582 22.858 17.0504 11.2306 5.58251 0 0 0 0 0 11.4108 5.71803 5.77 5.77 5.77 5.77 5.77 5.77 5.77 5.77 5.77 5.77 5.75862 5.53022 2.88933 0 0 5.77 5.77 5.77 5.77 5.77 5.77 5.77 5.77 5.10009 0 0 0 0 0 0 0 0 6.15923 0 0 0 9.65895 5.76937 5.77 5.77 5.77 5.77 5.77 5.77 5.77 5.77 5.77 5.77 5.77
137.131 131.356 125.579 119.809 114.04 108.271 102.5 96.7277 90.9547 85.1809 79.4062 73.6351 67.8598 63.2008 57.4028 51.5825 49.2623 46.9176 44.003 47.0232 45.8082 39.9929 34.1958 28.3987 22.5993 17.1144 11.2962 5.60676 0 0 0 0 0 11.4075 5.70151 5.77 5.77 5.77 5.77 5.77 5.77 5.77 5.77 5.77 5.75848 5.52963 2.88914 0 0 5.77 5.77 5.77 5.77 5.77 5.77 5.77 5.77 5.77 4.87009 0 0 0 0 0 6.1596 6.15944 0 0 0 0 0 11.5129 5.76934 5.77 5.77 5.77 5.77 5.77 5.77 5.77 5.77 5.77 5.77 5.77
134.753 128.973 123.195 117.417 111.642 105.867 100.094 94.3195 88.5444 82.7689 76.9938 71.217 65.4466 59.6709 55.0141 49.2114 43.3849 41.08 31.0101 19.2235 43.4298 37.6119 31.8091 26.003 20.1908 14.3923 11.3506 5.61382 0 0 0 0 11.4151 11.3148 5.63926 5.7576 5.77 5.77 5.77 5.77 5.77 5.76515 5.75088 5.74656 5.49964 2.87803 0 0 5.77 5.77 5.77 5.77 5.77 5.77 5.77 5.77 5.77 5.77 5.15501 0 0 0 0 0 0 0 0 0 0 0 7.41875 11.5387 5.76947 5.76994 5.77 5.77 5.77 5.77 5.77 5.77 5.77 5.77 5.77 5.77
132.378 126.59 120.804 115.021 109.238 103.457 97.6759 91.8986 86.1198 80.3399 74.5601 68.7815 63.0007 57.2331 51.4581 46.8063 41.0027 35.2362 0 0 37.1891 35.2427 29.4273 23.613 17.7943 11.9867 6.26059 6.35961 8.09892 0 0 0 18.6621 13.6924 7.91089 5.7066 5.77 5.77 5.77 5.7204 5.24507 3.94682 3.39449 4.01612 2.3207 0 0 5.77 5.77 5.77 5.77 5.77 5.77 5.77 5.77 5.77 5.77 5.77 5.66784 1.80525 0 0 0 0 0 0 0 0 0 5.12566 17.6992 13.9297 8.15958 5.76983 5.77 5.77 5.77 5.77 5.77 5.77 5.77 5.77 5.77 5.77
129.989 124.193 118.4 112.609 106.819 101.03 95.2415 89.4529 83.6699 77.8845 72.097 66.3096 60.5235 54.7352 48.9676 43.1925 38.5816 33.1153 0 0 24.4256 37.6681 31.8444 26.0433 20.2303 14.4231 12.4514 12.618 13.8497 0 0 0 21.9588 16.1028 11.4352 5.65088 5.77 5.77 5.77 5.29871 0 0 0 0 0 0 5.76997 5.76998 5.77 5.77 5.77 5.77 5.77 5.77 5.77 5.77 5.77 5.77 5.77 4.70005 0 0 0 0 0 0 0 0 3.13288 15.999 22.0899 16.3198 11.5393 5.76976 5.77 5.77 5.77 5.77 5.77 5.77 5.77 5.77 5.77 5.77
127.569 121.765 115.961 110.159 104.357 98.5549 92.7534 86.9514 81.149 75.353 69.5537 63.752 57.9501 52.1488 46.3449 40.5725 34.9515 33.26 28.5876 0 0 40.0818 34.2649 28.4608 22.6682 20.3004 22.7357 20.3582 12.8053 0 6.41991 22.4495 19.6285 13.7659 7.98118 5.66009 5.77 5.77 5.76497 4.18491 0 0 0 0 0 6.1569 6.15759 6.15916 6.15955 5.76996 5.76998 5.76999 5.77 5.77 5.77 5.77 5.77 5.64988 4.95105 4.0168 0 0 0 0 0 0 0 0 0 0 15.6524 17.3098 11.5397 5.76976 5.77 5.77 5.77 5.77 5.77 5.77 5.77 5.77 5.77 5.77
125.124 119.307 113.489 107.671 101.852 96.0339 90.2157 84.3974 78.5782 72.7584 66.9444 61.1274 55.3085 49.4888 43.6684 37.8658 32.8043 33.3364 33.3562 21.7585 0 30.7364 36.6716 30.8762 28.4925 24.4474 22.0588 19.6598 0 0 0 23.042 17.1513 11.2938 5.48344 5.76245 5.77 5.77 5.74371 3.38044 0 0 0 0 9.3536 10.8411 10.0717 10.0227 11.5399 8.15996 8.15998 5.76998 5.77 5.77 5.77 5.77 5.67755 4.21851 0 0 0 0 0 0 0 0 0 0 0 0 0.980467 17.3095 11.5392 5.76969 5.77 5.77 5.77 5.77 5.77 5.77 5.77 5.77 5.77 5.77
125.018 119.194 113.371 107.549 101.726 95.9042 90.0823 84.2604 78.4385 72.6155 66.7912 60.9741 55.153 49.3297 43.5058 37.714 32.8273 33.3562 33.3562 0 0 34.2468 39.0632 33.573 27.7881 21.9917 16.1959 13.8065 0 0 0 13.3973 17.1474 11.1856 5.47926 5.73533 5.76504 5.76893 5.73873 3.30264 0 0 0 0 9.36153 10.4471 10.4471 11.5399 11.4655 14.1635 11.5399 5.76996 5.76999 5.77 5.76067 5.70695 4.91411 0 0 0 5.77 5.54513 0 0 0 0 0 0 0 0 0 17.3094 11.539 5.76961 5.77 5.77 5.77 5.77 5.77 5.77 5.77 5.77 5.77 5.77
124.933 119.105 113.28 107.456 101.632 95.81 89.9881 84.1666 78.3454 72.5242 66.7016 60.8765 55.0606 49.2411 43.4182 37.6117 32.6571 33.2454 33.3369 0 16.2069 39.3669 36.9399 31.1486 25.3475 19.5397 13.7326 7.95308 0 0 0 0 19.6294 13.5828 7.96289 8.12032 6.13959 6.15699 6.15807 5.18979 0 0 0 0 14.1345 10.4472 11.3827 11.5338 11.54 11.54 13.93 8.16 8.15999 6.16001 5.62865 2.87479 6.16001 0 0 5.77 5.77 5.77 5.35948 0 0 0 0 0 0 0 0 17.3013 11.5339 5.76955 5.77 5.77 5.77 5.77 5.77 5.77 5.77 5.77 5.77 5.77
127.34 121.527 115.717 109.908 104.1 98.2925 92.4861 86.6802 80.8749 75.0699 69.2646 63.4568 57.6448 51.8506 46.0512 40.2639 34.6382 35.237 33.1216 33.5904 35.9455 33.5097 31.1028 28.7339 22.9391 17.0994 11.2655 1.43211 0 0 0 0 9.65588 15.942 10.3008 10.4432 10.4439 9.94624 9.94709 9.94776 9.87042 7.31283 0.758506 2.45488 7.49507 11.5398 9.00613 9.91297 9.32264 7.53159 11.54 11.54 7.7172 5.77 4.03514 0 0 0 5.77 5.77 5.77 5.77 5.57568 0.970259 0 0 0 0 0 0 0 17.3095 11.5391 5.76956 5.76998 5.77 5.77 5.77 5.77 5.77 5.77 5.77 5.77 5.77
129.461 123.66 117.861 112.064 106.267 100.472 94.6767 88.8825 83.0888 77.2957 71.503 65.7093 59.9118 54.1088 48.3439 43.0469 41.4753 40.6561 38.2012 32.1497 29.8429 27.5913 25.2493 22.9395 22.997 17.1331 11.279 5.60277 0 0 0 0 0 13.2494 7.83768 5.63522 0 0 0 0 0 0 0 0 0 5.76998 5.76999 5.76999 5.76999 5.76999 5.76999 5.76999 5.77 5.77 0 0 0 5.77 5.77 5.77 5.77 5.77 5.47786 0 0 0 0 0 0 0 0 12.2788 13.928 8.15952 5.76993 5.77 5.77 5.77 5.77 5.77 5.77 5.77 5.77 5.77
