tests/full-run-ref/erosion_80_12_73.027.asc
ncols 512
nrows 512
xllcorner -3.24582
yllcorner -4.08743
cellsize 5
NODATA_value -99999
[rows 58 to 86 of 512, columns 335 to 401 of 512]
5.77002 5.77002 5.77002 5.77002 5.77002 5.77002 5.77002 5.77002 5.77002 5.77002 5.77002 5.77002 5.77002 5.77002 5.77002 5.77002 5.77002 5.77002 5.77002 5.77002 5.77002 5.77003 5.77003 5.77002 5.77002 5.77002 5.77002 5.77002 5.77002 5.77003 5.77003 5.77002 5.77002 5.77002 5.77005 5.77002 5.77005 5.77005 5.77005 5.77005 5.77002 5.77005 5.77005 5.77001 5.77005 5.77003 5.77005 5.77005 5.77005 5.77005 5.77005 5.77005 5.77005 5.77005 5.77005 5.77005 5.77005 5.77005 5.77005 5.77005 5.77005 5.77005 5.77005 5.77005 5.77005 5.77005 5.77005
5.77002 5.77002 5.77002 5.77002 5.77002 5.77002 5.77002 5.77002 5.77002 5.77002 5.77002 5.77002 5.77002 5.77002 5.77002 5.77002 5.77002 5.77002 5.77002 5.77002 5.77002 5.77002 5.77003 5.77003 5.77002 5.77002 5.77002 5.77002 5.77002 5.77002 5.77003 5.77003 5.7428 5.74132 5.68621 5.77005 5.77005 5.77005 5.77005 5.77001 5.77005 5.77001 5.77002 5.77005 5.77003 5.77005 5.77005 5.77005 5.77005 5.77005 5.77005 5.77005 5.77005 5.77005 5.77005 5.77005 5.77005 5.77005 5.77005 5.77005 5.77005 5.77005 5.77005 5.77005 5.77005 5.77005 5.77005
5.77002 5.77002 5.77002 5.77002 5.77002 5.77002 5.77002 5.77002 5.77002 5.77002 5.77002 5.77002 5.77002 5.77002 5.77002 5.77002 5.77002 5.77002 5.77002 5.77002 5.77002 5.77002 5.77002 5.77002 5.77002 5.77002 5.77002 5.77002 5.77002 5.77002 5.77002 5.77002 5.73452 6.26387 5.73515 5.77002 5.77005 5.77005 5.77005 5.77001 5.77005 5.77005 5.77005 5.77005 5.77005 5.77005 5.77005 5.77005 5.77005 5.77005 5.77005 5.77005 5.77005 5.77005 5.77005 5.77005 5.77005 5.77005 5.77005 5.77005 5.77005 5.77005 5.77005 5.77005 5.77005 5.77005 5.77005
5.77002 5.77002 5.77002 5.77002 5.77002 5.77002 5.77002 5.77002 5.77002 5.77002 5.77002 5.77002 5.77002 5.77002 5.77002 5.77002 5.77002 5.77002 5.77002 5.77002 5.77002 5.77002 5.77002 5.77002 5.77002 5.77002 5.39654 5.27351 5.36516 5.77002 5.77002 5.77002 5.73303 5.74148 5.75142 5.77002 5.77002 5.77005 5.77002 5.77005 5.77004 5.77005 5.77005 5.77005 5.77005 5.77005 5.77005 5.77005 5.77005 5.77005 5.77005 5.77005 5.77005 5.77005 5.77005 5.77005 5.77005 5.77005 5.77005 5.77005 5.77005 5.77005 5.77005 5.77005 5.77005 5.77005 5.77005
5.77002 5.77002 5.77002 5.77002 5.77002 5.77002 5.77002 5.77002 5.77002 5.77002 5.77002 5.77002 5.77001 5.77001 5.77002 5.77002 5.77001 5.77002 5.77002 5.77002 5.77002 5.77002 5.77002 5.77002 5.77002 5.77002 5.125 6.37083 4.91758 4.54181 5.11759 5.77002 5.77003 5.77003 5.77003 5.73126 5.74552 5.5641 5.77005 5.77005 5.77005 5.77005 5.77005 5.77005 5.77005 5.77005 5.77005 5.77005 5.77005 5.77005 5.77005 5.77005 5.77005 5.77005 5.77005 5.77005 5.77005 5.77005 5.77005 5.77005 5.77005 5.77005 5.77005 5.77005 5.77005 5.77005 5.77005
5.77002 5.77002 5.77002 5.77002 5.77002 5.77002 5.77002 5.77002 5.77002 5.77002 5.77002 5.77001 5.77001 5.77001 5.77002 5.77002 5.77002 5.77002 5.77002 5.77002 5.77002 5.77002 5.77002 5.77002 5.77002 5.77002 5.46329 5.19613 4.56547 7.19333 4.97858 5.66246 5.66246 5.77002 5.77002 5.7042 6.74273 5.73653 5.77005 5.77005 5.77005 5.77005 5.77005 5.77005 5.77005 5.77005 5.77005 5.77005 5.77005 5.77005 5.77005 5.77005 5.77005 5.77005 5.77005 5.77005 5.77005 5.77005 5.77005 5.77005 5.77005 5.77005 5.77005 5.77005 5.77005 5.77005 5.77005
5.77002 5.77002 5.77002 5.77002 5.77002 5.77002 5.77002 5.77002 5.77002 5.77002 5.77002 5.77002 5.77002 5.77001 5.77002 5.77002 5.77002 5.77002 5.77002 5.77002 5.77002 5.77002 5.77002 5.77002 5.77002 5.77002 5.76818 5.75902 5.0503 4.68643 4.86095 7.65342 5.65321 5.77002 5.77002 5.70878 5.74775 5.62334 5.77004 5.77005 5.77005 5.77005 5.77005 5.77005 5.77005 5.77005 5.77005 5.77005 5.77005 5.77005 5.77005 5.77005 5.77005 5.77005 5.77005 5.77005 5.77005 5.77005 5.77005 5.77005 5.77005 5.77005 5.77005 5.77005 5.77005 5.77005 5.77005
5.77002 5.77002 5.77002 5.77002 5.77002 5.77002 5.77002 5.77002 5.77002 5.77002 5.77002 5.77002 5.77002 5.77002 5.77002 5.77002 5.77002 5.77002 5.77002 5.77002 5.77001 5.77002 5.77002 5.77002 5.77002 5.77002 5.73945 5.78776 5.67967 5.77002 5.44107 5.57868 5.68145 5.75119 5.77002 5.77003 5.77003 5.77002 5.77002 5.77002 5.77002 5.77004 5.77005 5.76879 5.76678 5.76653 5.76802 5.76851 5.76951 5.76977 5.76995 5.77002 5.77003 5.77 5.77002 5.77005 5.77005 5.77005 5.77005 5.77005 5.77005 5.77005 5.77005 5.77005 5.77005 5.77005 5.77005
5.77002 5.77002 5.77002 5.77002 5.77002 5.77002 5.77002 5.77002 5.77002 5.77002 5.77002 5.77002 5.77002 5.77002 5.77002 5.77001 5.77001 5.77002 5.77002 5.77002 5.77002 5.77002 5.77002 5.77002 5.77002 5.77002 5.73443 6.31797 5.74102 5.77002 5.77002 5.72686 6.01896 5.65858 5.66731 5.71769 5.77002 5.77002 5.77004 5.77004 5.77005 5.77005 5.77005 5.76779 6.03757 6.14822 6.15437 6.15696 6.15913 6.15975 6.15996 6.16002 6.16004 6.16003 5.77004 5.76852 5.77005 5.77005 5.77005 5.77005 5.77005 5.77005 5.77005 5.77005 5.77005 5.77005 5.77005
5.77002 5.77002 5.77002 5.77002 5.77002 5.77002 5.77002 5.77002 5.77002 5.77002 5.77002 5.77001 5.77002 5.77002 5.77002 5.77002 5.77002 5.77002 5.77002 5.77002 5.77002 5.77002 5.77002 5.77002 5.77002 5.77002 5.74076 5.72334 5.74059 5.76785 5.74575 5.73438 5.74492 6.457 6.54137 5.72607 5.77002 5.77002 5.77004 5.77005 5.77005 5.77005 5.77005 5.7667 5.76141 5.76329 5.8897 6.04987 6.12143 6.15456 6.15913 6.15269 5.86794 5.97664 6.15989 5.76744 5.77005 5.77005 5.77005 5.77005 5.77005 5.77005 5.77005 5.77005 5.77005 5.77005 5.77005
5.77002 5.77002 5.77002 5.77002 5.77002 5.77002 5.77002 5.77002 5.77002 5.77002 5.77002 5.77002 5.77002 5.77002 5.77001 5.77001 5.77002 5.77001 5.77001 5.77002 5.77002 5.77002 5.77003 5.77003 5.77002 5.77002 5.77002 5.77002 5.77003 5.76579 5.81185 6.22988 5.75705 5.72424 5.72612 5.76485 5.70319 5.6904 5.77004 5.77005 5.77005 5.77005 5.77005 5.77005 5.77005 5.76922 5.76719 5.76662 5.76841 5.76921 5.76931 5.76957 5.76999 5.76998 5.76996 5.76809 5.77005 5.77005 5.77005 5.77005 5.77005 5.77005 5.77005 5.77005 5.77005 5.77005 5.77005
5.77002 5.77002 5.77002 5.77002 5.77002 5.77002 5.77002 5.77002 5.77002 5.77002 5.77002 5.77002 5.77002 5.77002 5.77001 5.77002 5.77001 5.77002 5.77002 5.77001 5.77002 5.77002 5.77003 5.77003 5.77002 5.77002 5.77002 5.77002 5.77002 5.76631 5.74664 5.74114 5.7518 5.77002 5.77003 5.73163 6.75023 5.65439 5.77002 5.77004 5.77005 5.77005 5.77005 5.77005 5.77005 5.77005 5.77005 5.77005 5.77005 5.77005 5.77005 5.77005 5.77005 5.77005 5.77005 5.77005 5.77005 5.77005 5.77005 5.77005 5.77005 5.77005 5.77005 5.77005 5.77005 5.77005 5.77005
5.77002 5.77002 5.77002 5.77002 5.77002 5.77002 5.77002 5.77002 5.77002 5.77002 5.77002 5.77002 5.77002 5.77002 5.77002 5.77002 5.77001 5.77001 5.77002 5.77002 5.77002 5.77002 5.77003 5.77002 5.77003 5.77002 5.77002 5.77002 5.77003 5.77003 5.77003 5.77002 5.77002 5.77002 5.77002 5.70046 5.73414 5.70095 5.77004 5.77005 5.77005 5.77005 5.77005 5.77005 5.77005 5.77005 5.77005 5.77005 5.77005 5.77005 5.77005 5.77005 5.77005 5.77005 5.77005 5.77005 5.77005 5.77005 5.77005 5.77005 5.77005 5.77005 5.77005 5.77005 5.77005 5.77005 5.77005
5.77002 5.77002 5.77002 5.77002 5.77002 5.77002 5.77002 5.77002 5.77002 5.77002 5.77001 5.77002 5.77002 5.77002 5.77001 5.77001 5.77001 5.77002 5.77002 5.77002 5.77002 5.77002 5.77003 5.77002 5.77002 5.77002 5.77002 5.77002 5.77002 5.77002 5.77002 5.77002 5.77002 5.77002 5.77002 5.77004 5.77005 5.77005 5.77005 5.77005 5.77005 5.77005 5.77005 5.77005 5.77005 5.77005 5.77005 5.77005 5.77005 5.77005 5.76987 5.76975 5.76993 5.77002 5.77003 5.77005 5.77005 5.77005 5.77005 5.77005 5.77005 5.77005 5.77005 5.77005 5.77005 5.77005 5.77005
5.77002 5.77002 5.77002 5.77002 5.77002 5.77002 5.77002 5.77002 5.77002 5.77002 5.77002 5.77002 5.77002 5.77002 5.77001 5.77002 5.77002 5.77001 5.77002 5.77002 5.77002 5.77002 5.77003 5.77003 5.77002 5.77002 5.77003 5.77002 5.77002 5.77002 5.77002 5.77002 5.77002 5.77002 5.77004 5.77005 5.77005 5.77005 5.77004 5.77005 5.77005 5.77005 5.77005 5.77005 5.77005 5.77005 5.77005 5.77005 5.77005 5.77005 5.76993 6.15583 6.15946 6.15969 5.77003 5.77005 5.77005 5.77005 5.77005 5.77005 5.77005 5.77005 5.77005 5.77005 5.77005 5.77005 5.77005
5.77002 5.77002 5.77002 5.77002 5.77002 5.77002 5.77002 5.77002 5.77002 5.77002 5.77002 5.77002 5.77002 5.77002 5.77002 5.77002 5.77002 5.77002 5.77002 5.77002 5.77002 5.77002 5.77003 5.77002 5.77002 5.77003 5.77003 5.77002 5.77002 5.77002 5.77002 5.6939 5.72479 5.71546 5.77002 5.77005 5.77002 5.77004 5.77005 5.77005 5.77005 5.77005 5.77005 5.77005 5.77005 5.77005 5.77005 5.77005 5.77005 5.77005 5.76988 5.76973 5.76953 5.76932 5.7697 5.77005 5.77005 5.77005 5.77005 5.77005 5.77005 5.77005 5.77005 5.77005 5.77005 5.77005 5.77005
5.77002 5.77002 5.77002 5.77002 5.77002 5.77002 5.77002 5.77002 5.77002 5.77002 5.77002 5.77002 5.77002 5.77002 5.77002 5.77002 5.77001 5.77002 5.77002 5.77002 5.77002 5.77002 5.77002 5.77002 5.77002 5.77002 5.77002 5.77002 5.77002 5.77002 5.77002 5.65784 6.23223 5.71226 5.77002 5.77002 5.77004 5.77005 5.77005 5.77004 5.77005 5.77005 5.77005 5.77005 5.77005 5.77005 5.77005 5.77005 5.77005 5.77005 5.77005 5.77005 5.77005 5.77005 5.77005 5.77005 5.77005 5.77005 5.77005 5.77005 5.77005 5.77005 5.77005 5.77005 5.77005 5.77005 5.77005
5.77002 5.77002 5.77002 5.77002 5.77002 5.77002 5.77002 5.77002 5.77002 5.77002 5.77002 5.77002 5.77002 5.77002 5.77002 5.77002 5.77002 5.77001 5.77002 5.77002 5.77002 5.77002 5.71964 5.68484 5.65798 5.77002 5.77003 5.77002 5.77002 5.77003 5.77003 5.6975 5.70745 5.74829 5.77002 5.77003 5.77005 5.77005 5.77005 5.77002 5.77004 5.77005 5.77005 5.77005 5.77005 5.77005 5.77005 5.77005 5.77005 5.77005 5.77005 5.77005 5.77005 5.77005 5.77005 5.77005 5.77005 5.77005 5.77005 5.77005 5.77005 5.77005 5.77005 5.77005 5.77005 5.77005 5.77005
5.77002 5.77002 5.77002 5.77002 5.77002 5.77002 5.77002 5.77002 5.77002 5.77002 5.77002 5.77002 5.77002 5.77002 5.77002 5.77002 5.77002 5.77002 5.77002 5.77002 5.77002 5.77002 5.69847 6.52962 5.68213 5.77002 5.77002 5.77002 5.77002 5.77002 5.77004 5.77002 5.77002 5.77002 5.76999 5.77004 5.77004 5.77005 5.77002 5.77004 5.77005 5.77005 5.77005 5.77005 5.77005 5.77005 5.77005 5.77005 5.77005 5.77005 5.77005 5.77005 5.77005 5.77005 5.77005 5.77005 5.77005 5.77005 5.77005 5.77005 5.77005 5.77005 5.77005 5.77005 5.77005 5.77005 5.77005
5.77002 5.77002 5.77002 5.77002 5.77002 5.77002 5.77002 5.77002 5.77002 5.77002 5.77002 5.77001 5.77002 5.77002 5.77002 5.77002 5.77001 5.77002 5.77002 5.77002 5.77002 5.77002 5.69999 5.61641 5.64456 5.77002 5.77002 5.77003 5.77002 5.77002 5.77004 5.77003 5.77001 5.77002 5.77003 5.77001 5.77001 5.77002 5.77005 5.77005 5.77005 5.77005 5.77005 5.77005 5.77005 5.77005 5.77005 5.77005 5.77005 5.77005 5.77005 5.77005 5.77005 5.77005 5.77005 5.77005 5.77005 5.77005 5.77005 5.77005 5.77005 5.77005 5.77005 5.77005 5.77005 5.77005 5.77005
5.77002 5.77002 5.77002 5.77002 5.77002 5.77002 5.77002 5.77002 5.77002 5.77001 5.77001 5.77002 5.77002 5.77002 5.77 5.77001 5.77002 5.77002 5.77002 5.77002 5.77002 5.77002 5.77002 5.77002 5.77002 5.77002 5.48247 5.72754 5.52295 5.77002 5.77002 5.77004 5.77002 5.77002 5.77004 5.77002 5.77004 5.77005 5.77005 5.77005 5.77005 5.77005 5.77005 5.77005 5.77005 5.77005 5.77005 5.77005 5.77005 5.77005 5.77005 5.77005 5.77005 5.77005 5.77005 5.77005 5.77005 5.77005 5.77005 5.77005 5.77005 5.77005 5.77005 5.77005 5.77005 5.77005 5.77005
5.77002 5.77002 5.77002 5.77002 5.77002 5.77002 5.77002 5.77002 5.77001 5.77001 5.77001 5.77002 5.77002 5.77 5.77002 5.77001 5.77002 5.77001 5.77002 5.77002 5.77002 5.77002 5.77003 5.77002 5.77002 5.77003 5.7384 6.93433 5.46013 5.77002 5.77003 5.77002 5.77003 5.77004 5.77002 5.77001 5.77005 5.77005 5.77005 5.77005 5.77005 5.77005 5.77005 5.77005 5.77005 5.77005 5.77005 5.77005 5.77005 5.77005 5.77005 5.77005 5.77005 5.77005 5.77005 5.77005 5.77005 5.77005 5.77005 5.77005 5.77005 5.77005 5.77005 5.77005 5.77005 5.77005 5.77005
5.77002 5.77002 5.77002 5.77002 5.77002 5.77002 5.77002 5.77002 5.77002 5.77002 5.77002 5.77002 5.77001 5.77002 5.77002 5.77002 5.77002 5.77002 5.77001 5.77002 5.77002 5.77002 5.77002 5.77003 5.77002 5.77003 5.75093 5.68177 5.60838 5.77004 5.77005 5.77004 5.77004 5.77004 5.77003 5.77002 5.77 5.77005 5.77005 5.77005 5.77005 5.77005 5.77005 5.77005 5.77005 5.77005 5.77005 5.77005 5.77005 5.77005 5.77005 5.77005 5.77005 5.77005 5.77005 5.77005 5.77005 5.77005 5.77005 5.77005 5.77005 5.77005 5.77005 5.77005 5.77005 5.77005 5.77005
5.77002 5.77002 5.77002 5.77002 5.77002 5.42486 5.50348 4.98306 5.77002 5.77002 5.77002 5.77002 5.77001 5.77002 5.77001 5.77001 5.77001 5.77001 5.77001 5.77002 5.77003 5.77002 5.77002 5.77002 5.77003 5.77003 5.77002 5.77002 5.77002 5.77004 5.77005 5.77005 5.77005 5.77005 5.77005 5.77004 5.77004 5.77001 5.77002 5.77002 5.77003 5.77004 5.77005 5.77005 5.77005 5.77005 5.77005 5.77005 5.77005 5.77005 5.77005 5.77005 5.77005 5.77005 5.77005 5.77005 5.77005 5.77005 5.77005 5.77005 5.77005 5.77005 5.77005 5.77005 5.77005 5.77005 5.77005
5.77002 5.77002 5.77002 5.77002 5.77002 5.26003 6.7729 3.83118 4.96405 5.25483 5.77001 5.77002 5.77001 5.77002 5.77001 5.77001 5.77002 5.77002 5.77002 5.77002 5.77003 5.77003 5.77003 5.77003 5.77003 5.77003 5.77002 5.77005 5.77005 5.77005 5.77005 5.77005 5.77005 5.77005 5.77005 5.77005 5.77005 5.77005 5.77005 5.77005 5.77005 5.77005 5.77005 5.77005 5.77005 5.77005 5.77005 5.77005 5.77005 5.77005 5.77005 5.77005 5.77005 5.77005 5.77005 5.77005 5.77005 5.77005 5.77005 5.77005 5.77005 5.77005 5.77005 5.77005 5.77005 5.77005 5.77005
5.77002 5.77002 5.77002 5.77002 5.77002 5.48229 5.49317 4.37202 6.05442 4.65596 5.77002 5.77001 5.77002 5.77002 5.77002 5.77001 5.77002 5.77002 5.51613 5.67258 5.75817 5.77002 5.77003 5.77003 5.77003 5.77003 5.77002 5.77005 5.77005 5.77005 5.77005 5.77005 5.77005 5.77005 5.77005 5.77005 5.77005 5.77005 5.77005 5.77005 5.77005 5.77005 5.77005 5.77005 5.77005 5.77005 5.77005 5.77005 5.77005 5.77005 5.77005 5.77005 5.77005 5.77005 5.77005 5.77005 5.77005 5.77005 5.77005 5.77005 5.77005 5.77005 5.77005 5.77005 5.77005 5.77005 5.77005
5.77002 5.77002 5.51627 5.26583 5.4751 5.77002 5.77002 5.35283 5.03694 5.19845 5.77002 5.77002 5.77002 5.77002 5.77002 5.77002 5.77002 5.77002 5.57668 5.94735 5.75292 5.77003 5.74802 5.75709 5.76315 5.77003 5.77002 5.77002 5.77003 5.77004 5.77005 5.77005 5.77005 5.77005 5.77005 5.77005 5.77005 5.77005 5.77005 5.77005 5.77005 5.77005 5.77005 5.77005 5.77005 5.77005 5.77005 5.77005 5.77005 5.77005 5.77005 5.77005 5.77005 5.77005 5.77005 5.77005 5.77005 5.77005 5.77005 5.77005 5.77005 5.77005 5.77005 5.77005 5.77005 5.77005 5.77005
5.77002 5.77002 5.28438 6.59758 5.48273 5.77002 5.77002 5.77002 5.77002 5.77002 5.77002 5.77002 5.77002 5.77002 4.26236 4.17118 4.91667 5.77002 5.70794 5.7208 5.75015 5.74934 5.73918 6.49812 5.76258 5.77003 5.77002 5.77004 5.77004 5.77005 5.77005 5.77005 5.77005 5.77005 5.77005 5.77005 5.77005 5.77005 5.77005 5.77005 5.77005 5.77005 5.77005 5.77005 5.77005 5.77005 5.77005 5.77005 5.77005 5.77005 5.77005 5.77005 5.77005 5.77005 5.77005 5.77005 5.77005 5.77005 5.77005 5.77005 5.77005 5.77005 5.77005 5.77005 5.77005 5.77005 5.77005
5.77002 5.77002 5.46017 5.34125 5.37598 5.77002 5.77002 5.77002 5.77002 5.77002 5.77002 5.77002 5.77002 5.77002 5.34076 6.42306 5.65792 5.57097 5.28855 5.49757 5.77002 5.73483 6.0488 5.74208 5.75949 5.77003 5.77002 5.77005 5.77005 5.77005 5.77005 5.77005 5.77005 5.77005 5.77005 5.77005 5.77005 5.77005 5.77005 5.77005 5.77005 5.77005 5.77005 5.77005 5.77005 5.77005 5.77005 5.77005 5.77005 5.77005 5.77005 5.77005 5.77005 5.77005 5.77005 5.77005 5.77005 5.77005 5.77005 5.77005 5.77005 5.77005 5.77005 5.77005 5.77005 5.77005 5.77005
