tests/full-run-ref/erosion_2010_78_24_-72.835.asc
ncols 512
nrows 512
xllcorner -3.24582
yllcorner -4.08743
cellsize 5
NODATA_value -99999
[rows 464 to 492 of 512, columns 201 to 267 of 512]
5.77001 5.77001 5.77001 5.77001 5.77001 5.77001 5.77001 5.77001 5.77001 5.7693 5.76928 5.76909 5.77001 5.77001 5.77001 5.77001 5.77001 5.77001 5.77001 5.77001 5.77001 5.77001 5.77001 5.77001 5.77001 5.46729 10.4778 16.3173 22.1828 28.0445 33.9256 39.033 41.0294 43.199 45.5505 47.9344 50.3363 52.8317 51.3665 45.3136 39.2199 33.0069 26.6327 20.0287 13.5634 10.5654 12.6336 13.1604 13.2145 13.2147 13.2148 13.2148 13.2148 13.2147 13.2016 12.7605 11.1187 12.1086 13.7637 7.94719 5.98922 6.08975 6.11791 8.15309 8.15319 5.76821 5.77001
5.77001 5.77001 5.77001 5.77001 5.77001 5.77001 5.77001 5.77001 5.77001 5.76819 8.15527 5.76746 5.77001 5.77001 5.77001 5.77001 5.77001 5.77001 5.77001 5.77001 5.77001 5.77001 5.77001 5.77001 5.77001 5.53401 10.7177 16.5654 22.4217 28.2817 34.1386 33.181 35.128 37.295 39.6497 42.0144 44.4242 46.927 52.9466 47.379 41.3183 35.177 28.8782 22.3587 15.684 9.92036 13.0275 13.1143 13.1825 13.2134 13.214 13.2146 13.214 13.2131 13.1995 11.7891 10.9895 12.9919 14.1456 13.768 11.8017 11.8722 8.09985 5.75874 5.76438 5.76818 5.77001
5.77001 5.77001 5.77001 5.77001 5.77001 5.77001 5.77001 5.77001 5.77001 5.76686 11.5356 5.76578 5.77001 5.77001 5.77001 5.77001 5.77001 5.77001 5.77001 5.77001 5.77001 5.77001 5.77001 5.77001 5.77001 5.59379 10.9255 16.7671 22.6103 28.4556 29.8887 27.2418 29.1982 31.3578 33.6796 36.0345 38.4768 44.5359 47.1704 47.7706 41.7255 35.5608 29.2176 22.5921 15.4389 9.24936 11.3698 12.0416 12.6401 13.0278 13.1685 13.2102 13.2 12.9898 12.7388 13.7997 12.1798 7.64597 7.58527 10.354 11.4517 8.05625 5.74919 5.76538 5.77001 5.77001 5.77001
5.77001 5.77001 5.77001 5.77001 5.77001 5.77001 5.77001 5.76965 5.7687 5.76011 11.5279 5.75657 5.76516 5.76729 5.769 5.76926 5.76948 5.76965 5.7698 5.77001 5.77001 5.77001 5.77001 5.77001 5.76295 5.62112 11.1122 16.944 22.7665 26.567 23.9819 21.258 23.2152 25.3293 27.6107 30.0128 36.1694 38.7258 44.3461 46.8742 43.8599 37.6695 31.3001 24.595 17.3276 10.7389 12.6407 16.178 11.4866 12.7353 13.1183 13.2926 12.8527 13.3127 16.2139 11.7006 5.32181 4.76458 5.16451 5.46968 5.73884 5.75456 5.76115 5.77001 5.77001 5.77001 5.77001
5.77001 5.77001 5.77001 5.77001 5.77001 5.77001 5.77001 5.76767 6.13741 8.12588 13.8947 8.11621 8.12621 6.12124 6.14149 6.1435 6.14959 6.15374 5.76929 5.77001 5.77001 5.77001 5.77001 5.77001 5.76259 8.00841 13.6914 16.0725 21.8836 21.2983 18.0402 15.2238 17.1068 19.1528 21.4933 27.7631 30.3112 35.9475 38.35 41.2056 43.771 40.3687 33.9489 27.2362 20.2323 18.1482 13.9583 11.4998 15.8274 12.3317 12.9179 12.4231 16.7181 15.5419 15.9435 9.78005 5.04998 5.74654 5.77001 5.77001 5.77001 5.77001 5.77001 5.77001 5.77001 5.77001 5.77001
5.77001 5.77001 5.77001 5.77001 5.77001 5.77001 5.77001 5.76571 11.5275 13.901 16.2848 13.8919 13.8986 11.8956 11.911 11.9148 11.9202 8.15359 5.76919 5.77001 5.77001 5.77001 5.77001 5.77001 5.76567 5.71673 7.88745 13.6798 18.3683 15.4709 12.6916 9.06772 10.8465 12.9268 19.3157 21.8407 27.5481 29.9409 32.7216 35.1105 37.6453 40.3472 36.828 30.0954 27.4616 21.1114 14.2687 15.007 13.4449 11.7716 12.0113 14.3627 18.7103 20.9183 14.8742 8.77194 5.27981 5.77001 5.77001 5.77001 5.77001 5.77001 5.77001 5.77001 5.77001 5.77001 5.77001
5.77001 5.77001 5.77001 5.77001 5.77001 5.77001 5.77001 5.76666 8.1324 13.9053 19.6783 19.6669 17.2844 17.2943 17.6852 17.3016 11.5299 5.76592 5.76942 5.77001 5.77001 5.77001 5.77001 5.76821 5.76796 5.76133 5.71039 10.1774 16.0024 13.1455 6.83574 4.57401 5.00488 11.07 13.3248 19.0935 21.4947 25.7802 26.6089 28.8858 31.2998 34.0363 39.6196 36.7649 30.5995 23.855 21.8302 21.0316 14.5564 14.3467 16.9136 19.8196 23.0049 19.9696 13.7209 7.50348 5.00254 5.77 5.77001 5.77001 5.77001 5.77001 5.77001 5.77001 5.77001 5.77001 5.77001
5.77001 5.77001 5.77001 5.77001 5.77001 5.77001 5.77001 5.76877 5.76011 11.5117 16.2891 13.8948 11.5063 11.5189 13.3463 15.7386 12.606 8.15228 5.76946 5.77001 5.77001 5.77001 5.77001 5.76617 8.15532 7.98622 5.75999 7.85483 13.6596 7.96784 5.55111 5.68646 5.19511 5.47392 10.9305 12.9309 18.9697 19.6239 20.152 22.2717 24.7026 31.3145 37.8286 39.8844 33.5 30.9705 28.6323 23.5731 21.1172 20.7233 22.9608 25.6784 28.0824 22.046 15.8415 9.59821 4.43154 5.44824 5.75194 5.77001 5.77001 5.77001 5.77001 5.77001 5.77001 5.77001 5.77001
5.77001 5.77001 5.77001 5.77001 5.77001 5.77001 5.77001 5.77001 5.76337 11.5195 13.8999 8.12061 5.75844 5.76257 7.57441 9.97244 10.2175 5.76745 5.7695 5.77001 5.77001 5.77001 5.77001 5.76593 5.76379 5.76556 5.76608 5.737 11.4967 5.71538 5.76205 5.77001 5.73947 5.24265 5.1085 10.9991 12.7556 12.9817 13.1522 15.255 22.3103 28.9724 33.6043 36.4231 39.9097 37.3491 32.401 29.904 27.5095 26.9137 29.0054 31.6364 30.445 24.3897 18.2841 12.1285 10.0477 6.04449 5.60404 5.77001 5.77001 5.77001 5.77001 5.77001 5.77001 5.77001 5.77001
5.77001 5.77001 5.77001 5.77001 5.77001 5.77001 5.77001 5.77001 5.76523 11.5295 11.5273 5.76205 5.76916 5.76968 5.76856 5.76734 8.15636 5.769 5.77001 5.77001 5.77001 5.77001 5.77001 5.77001 5.77001 5.77001 5.77001 5.74583 11.5033 8.03906 5.71879 5.76319 5.77001 5.74605 5.2547 5.23864 6.53276 6.26466 6.29222 13.3204 20.3067 24.8169 27.3518 33.8056 38.5002 41.0762 38.5372 36.0181 33.5684 32.9178 34.9746 37.5023 32.8065 26.8201 20.8974 18.6677 14.3789 9.78468 5.36502 5.74944 5.77001 5.77001 5.77001 5.77001 5.76996 5.76998 5.76998
5.77001 5.77001 5.77001 5.77001 5.77001 5.77001 5.77001 5.77001 5.76786 8.15164 5.76657 5.76908 5.77001 5.77001 5.77001 5.76945 5.76945 5.76882 5.76923 5.77001 5.77001 5.77001 5.77001 5.77001 5.77001 5.77001 5.77001 5.72372 11.4354 13.6755 7.83461 5.67745 5.75911 5.77001 5.74796 5.55571 4.9446 3.26864 6.60749 13.4179 16.1017 18.3607 25.0786 29.8784 35.9716 38.9985 44.4606 41.9766 39.4837 40.1763 40.8968 40.3006 34.3563 28.4141 22.5395 18.2817 12.5216 10.5441 7.49673 5.73924 5.77001 5.77001 5.77001 5.76527 5.76743 5.87673 5.76998
5.77001 5.77001 5.77001 5.77001 5.77001 5.77001 5.77001 5.77001 5.76932 5.76916 5.76941 5.77001 5.77001 5.77001 5.76953 5.76663 8.15103 8.14965 5.76763 5.77001 5.77001 5.77001 5.77001 5.77001 5.77001 5.77001 5.76333 5.67017 11.2671 16.0653 13.4348 7.5915 5.65347 5.75796 5.77001 5.77001 5.77 4.92836 8.29689 8.32545 9.40491 16.2903 21.2605 27.5307 30.5113 36.4793 42.3944 47.8395 46.6488 46.0552 43.6618 37.6846 31.6255 25.5336 19.372 13.1226 8.9499 3.96201 5.42383 5.75274 5.77001 5.77001 5.77001 5.76374 11.5337 5.76707 5.76998
5.77001 5.77001 5.77001 5.77001 5.77001 5.77001 5.77001 5.77001 5.77001 5.77001 5.77001 5.77001 5.77001 5.77001 5.76802 8.14542 13.9163 8.14345 5.76732 5.77001 5.77001 5.76849 5.7681 5.76809 5.77001 5.77001 5.73533 7.80437 13.5993 19.4277 15.8398 13.3587 7.54902 5.66539 5.75632 5.77001 5.77001 5.64649 4.94811 3.56214 8.35387 12.5676 19.0349 21.9973 28.0525 34.004 39.8867 45.7704 51.6466 47.0397 41.0578 34.9822 28.8244 22.5491 16.1366 9.63128 3.96494 4.83087 5.77 5.77001 5.77001 5.77001 5.77001 5.76329 11.534 5.76402 5.77001
5.77001 5.77001 5.77001 5.77001 5.77001 5.77 5.77001 5.77001 5.77001 5.77001 5.77001 5.77001 5.77001 5.77001 5.76667 11.5315 11.5299 5.76281 5.76911 5.77001 5.77001 5.76647 8.15201 5.76526 5.76884 5.77001 5.70676 11.2574 16.0131 21.8335 21.5155 15.7835 13.3813 7.88552 5.74308 5.77001 5.77001 5.77001 5.77 5.30899 4.6923 10.7364 13.3678 19.5352 25.5761 31.5078 37.3987 43.275 49.2139 47.1781 41.1488 35.0779 28.9026 22.6106 16.1911 9.62576 4.40225 5.25691 5.77001 5.77001 5.77001 5.77001 5.76763 5.75813 11.5219 5.76242 5.77001
5.77001 5.77001 5.76994 5.76994 5.76978 5.77001 5.77001 5.77001 5.77001 5.77001 5.77001 5.77001 5.77001 5.77001 5.76539 11.5331 11.5301 5.76451 5.77001 5.76886 5.76486 5.7533 11.5253 8.13923 5.76783 5.77001 5.70657 11.2602 16.0174 21.5235 15.6877 13.2515 7.51316 5.65952 5.74007 5.77001 5.77001 5.77001 5.77001 5.75223 5.23227 5.12228 10.9237 17.0393 23.0569 29.0029 34.9226 40.8257 46.7963 47.4227 41.3291 35.2474 29.0736 22.7991 16.4052 9.90676 4.258 4.75477 5.77 5.77 5.77001 5.76783 5.75962 8.07486 11.5261 5.76132 5.77001
5.77001 5.77001 5.7696 6.15874 5.76969 5.77001 5.77001 5.77001 5.77001 5.77001 5.77001 5.77001 5.76984 5.76856 5.75771 11.5247 11.5203 5.74906 5.75491 5.75265 8.12083 8.10198 11.5151 5.75118 5.76626 5.77001 5.73471 7.80261 13.6111 15.8805 13.2629 7.41646 5.63589 5.75726 5.77001 5.77001 5.77001 5.77001 5.77001 5.77001 5.69246 4.61535 8.65417 14.7056 20.7053 26.6661 32.6057 38.53 44.4751 49.8434 43.8267 37.8277 31.7713 25.6486 19.4557 13.1391 8.48445 3.65241 5.04048 5.55672 5.67373 5.72199 8.05292 10.4656 11.5006 5.75868 5.77001
5.77001 5.77001 5.7696 8.15959 5.7695 5.76966 5.77001 5.77001 5.77001 5.77001 5.77001 5.77001 5.76981 6.14686 8.11892 13.8969 13.872 8.08537 11.4996 8.07945 13.8603 13.8808 13.8742 8.09515 5.76478 5.77001 5.76247 5.66969 11.2895 13.4966 7.61538 5.64669 5.75756 5.77001 5.77001 5.77001 5.77001 5.77001 5.77001 5.77001 5.68053 6.94715 12.5089 17.6514 23.1664 28.8939 34.7665 40.6331 46.4968 52.267 46.3399 40.3972 34.4394 28.4433 22.3747 17.5802 11.5448 9.69905 10.3137 7.38454 9.4013 8.00262 13.827 16.2254 11.4768 5.75619 5.77001
5.77001 5.77001 5.76974 5.7696 8.15821 5.76972 5.77001 5.77001 5.77001 5.76934 5.76845 5.7666 5.75804 5.74611 11.488 16.2863 16.2596 13.8632 16.2489 14.0565 16.254 17.2455 11.4611 5.74214 5.76465 5.77001 5.77001 5.73396 7.92326 11.3924 5.65991 5.75422 5.77001 5.77001 5.77001 5.77001 5.77001 5.77001 5.77001 5.77001 5.68749 7.56702 12.7986 14.932 20.6051 26.491 32.3643 38.2276 44.074 49.9759 48.8326 42.9109 37.0083 31.0614 26.3489 20.445 18.2551 16.123 15.6021 13.2998 15.2073 13.8028 16.2197 17.2452 11.4636 5.75473 5.77001
5.77001 5.77001 5.77001 5.76984 5.76976 5.76981 5.76995 5.77001 5.77001 5.76829 8.15129 8.1375 11.5182 8.08139 13.8562 19.6375 22.0335 19.6401 22.0274 19.8449 22.0302 17.2268 11.4383 5.73308 5.76358 5.77001 5.77001 5.75717 5.72422 8.08966 8.08912 5.74705 5.77001 5.77001 5.77001 5.77001 5.77001 5.77001 5.77001 5.77001 5.75308 5.49225 6.69058 12.2493 18.1562 24.0592 29.9448 35.8148 41.6769 47.5503 51.2789 45.4096 39.5191 34.8613 29.0577 26.7466 24.4627 22.1883 21.5167 19.1652 21.0104 19.5945 21.9964 17.2553 11.4757 5.75285 5.76912
5.77001 5.77001 5.77001 5.76982 5.76933 6.15715 5.76957 5.77001 5.77001 5.76676 11.5295 13.9117 16.2635 13.8658 16.2504 22.0287 27.8049 24.4061 22.0142 19.6222 17.2659 19.5882 13.8318 8.03971 5.76176 5.77001 5.77001 5.77001 5.76114 5.72581 11.4979 5.73014 5.77001 5.77001 5.77001 5.77001 5.77001 5.77001 5.77001 5.77001 5.77001 5.74117 5.18382 9.85816 15.7805 21.7051 27.6054 33.4929 39.3541 45.1894 48.295 47.8738 43.229 37.4944 35.1172 32.7623 30.4241 28.08 27.3534 24.9903 26.8067 24.3433 21.9527 16.2698 13.8794 8.13084 5.76881
5.77001 5.76969 5.76906 5.76729 8.15516 8.15438 5.76865 5.77001 5.77001 5.7672 11.5289 13.9014 16.2924 19.6436 22.0322 24.4244 24.4223 22.0086 16.2272 13.8358 11.4919 13.9006 11.3767 5.69424 5.76117 5.77001 5.77001 5.77001 5.77001 5.74014 11.499 5.7246 5.77001 5.77001 5.77001 5.77001 5.77001 5.77001 5.77001 5.77001 5.76886 5.75244 5.35136 10.3391 16.2348 22.1539 28.0428 33.8753 37.6417 40.0187 45.8607 51.5266 45.8284 43.4085 41.0158 38.6452 36.2766 33.9113 33.1657 29.6868 23.9088 21.5237 16.1507 13.7718 8.09727 5.75987 5.76931
5.76946 5.76803 8.15295 8.1478 13.9205 11.533 5.76762 5.77001 5.77001 5.76891 5.76251 8.12322 13.8736 16.2635 22.0396 24.4377 22.0274 16.2471 13.8579 11.5042 11.5276 11.517 13.7958 7.96291 5.74524 5.77001 5.77001 5.77001 5.76166 5.75327 8.11197 5.74093 5.77001 5.77001 5.77001 5.77001 5.77001 5.77001 5.77001 5.77001 5.76811 6.05046 7.61751 13.4156 18.9317 24.7315 27.0938 29.4106 31.753 37.6102 43.4461 49.2789 51.6649 49.2461 46.8536 44.4771 42.0954 38.6537 32.8566 27.0484 21.421 15.6129 13.2841 7.94581 5.73683 5.7687 5.77001
5.7688 8.15057 13.9217 13.919 16.3104 11.5252 5.7641 5.76944 5.77001 5.77001 5.76919 5.75824 8.09166 13.8672 19.6473 22.0456 16.2664 13.8739 11.5069 11.5335 11.54 11.5322 11.5256 11.4468 5.71598 5.76426 5.77001 5.76315 5.74845 8.12365 5.75316 5.75668 5.77001 5.77001 5.77001 5.77001 5.77001 5.77001 5.77001 5.77001 5.7689 5.66645 11.3538 16.0105 16.925 18.8554 21.1361 23.4619 29.3548 35.2204 41.048 46.8634 52.6769 55.055 50.7638 45.0356 39.2489 36.1992 30.3955 24.5671 18.7301 13.0664 7.29411 5.63919 5.76536 5.77001 5.77001
5.76577 11.5285 16.3115 19.6903 19.6823 13.9093 8.13722 5.76633 5.76958 5.77001 5.77001 5.76849 5.75008 11.4893 17.2711 16.294 13.8902 11.5112 11.5349 11.54 11.54 11.54 11.5397 11.4876 8.04176 5.7536 5.77001 5.76436 8.12949 11.5142 5.74285 5.77001 5.77001 5.77001 5.77001 5.77001 5.77001 5.77001 5.77001 5.77001 5.76804 5.72494 11.47 13.6584 10.9995 12.8562 15.1334 21.0723 26.9755 32.8233 38.6432 44.4522 50.2659 52.6562 47.0271 42.5068 36.7465 30.9222 27.9046 22.1021 16.2373 10.3711 5.42602 5.75381 5.77001 5.77001 5.77001
8.14509 13.9165 19.6887 24.473 22.0722 16.3002 13.9102 8.14874 5.76843 5.77001 5.77001 5.77001 5.76151 11.5171 16.3132 13.9109 11.5132 11.5364 11.54 11.54 11.54 11.54 11.54 11.5313 11.1221 5.74804 5.76722 5.76542 5.81728 8.12923 5.74982 5.77001 5.77001 5.77001 5.77001 5.77001 5.77001 5.77001 5.77001 5.77001 5.76721 8.12035 13.7999 7.92195 5.35639 6.90701 12.7425 18.6811 24.5548 30.3907 36.2129 42.0268 47.8577 49.7456 44.3796 38.7302 34.1906 28.3886 22.5243 20.2943 16.4477 10.5667 5.53431 5.77001 5.77001 5.77001 5.77001
13.9169 16.3069 22.0786 27.8502 24.4627 22.0723 16.3104 11.5278 5.76678 5.77001 5.77001 5.77001 5.76497 11.5231 13.9263 11.5253 11.5378 11.54 11.54 11.54 11.54 11.54 11.54 11.5399 11.5374 8.14401 8.23839 6.14384 8.23876 5.76199 5.76577 5.77001 5.77001 5.77001 5.77001 5.77001 5.77001 5.77001 5.77001 5.77001 5.76794 5.75995 8.13138 5.7223 5.72716 5.31791 10.4802 16.3671 22.2198 28.0575 33.8874 39.7137 45.5672 47.3453 41.4324 36.0586 30.3631 25.8028 19.9387 13.988 11.9249 10.9572 5.63957 5.77001 5.77001 5.77001 5.77001
16.3103 22.0786 24.4689 30.2404 25.4526 19.6858 13.9147 11.5289 5.76193 5.76871 5.76898 5.76831 5.76492 11.5343 11.5388 11.5392 11.54 11.54 11.54 11.54 11.5399 11.5397 11.5397 11.5399 11.5397 11.5385 11.5081 11.5354 8.15309 5.76875 5.77001 5.77001 5.77001 5.77001 5.77001 5.77001 5.77001 5.77001 5.77001 5.77001 5.77001 5.767 5.76592 5.76751 5.77001 5.53247 10.7682 16.5535 22.3745 28.1709 33.9904 39.8089 45.6647 44.938 39.0075 33.0927 27.6726 21.9169 17.3277 11.4057 5.67373 5.24981 5.74161 5.77001 5.77001 5.77001 5.77001
22.0814 24.4717 30.2401 28.8333 23.0607 17.2875 11.526 11.5357 8.142 6.14556 6.14958 8.15158 8.15068 11.5393 11.54 11.54 11.54 11.54 11.5399 11.5343 11.5212 11.4793 11.4267 11.3802 11.3885 11.5084 11.5385 11.5371 5.76727 5.76969 5.77001 5.77001 5.77001 5.77001 5.77001 5.77001 5.77001 5.77001 5.77001 5.77001 5.77001 5.77001 5.77001 5.77001 5.77001 5.5934 10.9638 15.5953 21.271 26.9527 32.7711 38.5917 44.4512 42.5261 36.5923 30.6579 24.6763 19.1871 13.3383 8.89725 4.99306 5.74376 5.77001 5.7692 5.76878 5.76928 5.76989
19.6881 25.4591 31.2303 28.8312 23.0582 17.2847 11.522 11.5357 11.5392 11.537 11.5345 11.5356 11.5364 11.5385 11.5397 11.54 11.54 11.54 11.537 11.4478 8.09228 5.73772 5.74735 5.75562 5.76486 5.76798 8.15549 11.5349 5.76903 5.77001 5.77001 5.77001 5.77001 5.77001 5.77 5.77001 5.77001 5.77001 5.77001 5.77001 5.77001 5.77001 5.77001 5.77001 5.77001 5.68028 7.39913 12.9511 18.6492 24.492 30.3357 36.1714 42.0536 40.1222 34.1634 28.1848 22.1404 16.0148 10.4495 5.02261 5.53296 5.77001 5.77001 5.76925 8.15984 8.1598 5.76996
