tests/full-run-ref/erosion_80_12_73.027.asc
ncols 512
nrows 512
xllcorner -3.24582
yllcorner -4.08743
cellsize 5
NODATA_value -99999
[rows 462 to 494 of 512, columns 148 to 221 of 512]
5.77004 5.77004 5.77004 5.77004 5.77004 5 5.77004 5 5.77004 5 5.77004 5.77004 5.77004 5.77004 5.77004 5.77004 5.77004 5 5.77004 5 5.77004 5 5.77004 5 5.77004 5 5.77004 5 5.77004 5 5.77004 5 5.77004 5 5.77004 5 5.77004 5 5.77004 5 5.77004 5 5.77004 5 5.77004 5.77004 5 5.77004 5 5.77004 5 5.77002 5 5.77002 5 5.77002 5 5.77002 5 5.77002 5 5.77002 5.77002 5.77002 5.77002 5.77002 5 5.77002 5 5.77002 5.77002 5.77002 5.77002 5.77002
5.77004 5 5.77004 5 5.77004 5.77004 5.77004 5.77004 5.77004 5.77004 5.77004 5 5.77004 5 5.77004 5 5.77004 5.77004 5.77004 5.77004 5.77004 5.77004 5.77004 5.77004 5.77004 5.77004 5.77004 5.77004 5.77004 5.77004 5.77004 5.77004 5.77004 5.77004 5.77004 5.77004 5.77004 5.77004 5.77004 5.77004 5.77004 5.77004 5.77004 5.77004 5.77004 5 5.77004 5.77004 5.77004 5.77004 5.77004 5.77002 5.77002 5.77002 5.77002 5.77002 5.77002 5.77002 5.77002 5.77002 5.77002 5.77002 5 5.77002 5 5.77002 5.77002 5.77002 5.77002 5.77002 5 5.77002 5 5.77002
5.77004 5.77004 5.77004 5.77004 5.77004 5 5.77004 5 5.77004 5 5.77004 5.77004 5.77004 5.77004 5.77004 5.77004 5.77004 5 5.77004 5 5.77004 5 5.77004 5 5.77004 5 5.77004 5 5.77004 5.77004 5 5.77004 5 5.77004 5 5.77004 5 5.77004 5 5.77004 5 5.77004 5 5.77004 5.77004 5.77004 5.77004 5 5.77004 5 5.77004 5 5.77004 5 5.77002 5 5.77002 5 5.77002 5 5.77002 5.77002 5.77002 5.77002 5.77002 5.77002 5 5.77002 5 5.77002 5.77002 5.77002 5.77002 5.77002
5.77004 5 5.77004 5 5.77004 5.77004 5.77004 5.77004 5.77004 5.77004 5.77004 5 5.77004 5 5.77004 5 5.77004 5.77004 5.77004 5.77004 5.77004 5.77004 5.77004 5.77004 5.77004 5.77004 5.77004 5.77004 5.77004 5 5.77004 5.77004 5.77004 5.77004 5.77004 5.77004 5.77004 5.77004 5.77004 5.77004 5.77004 5.77004 5.77004 5.77004 5 5.77004 5.77004 5.77004 5.77004 5.77004 5.77004 5.77004 5.77004 5.77004 5.77002 5.77002 5.77002 5.77002 5.77002 5.77002 5.77002 5 5.77002 5 5.77002 5.77002 5.77002 5.77002 5.77002 5.77002 5 5.77002 5 5.77002
5.77004 5.77004 5.77004 5.77004 5.77004 5 5.77004 5 5.77004 5 5.77004 5.77004 5.77004 5.77004 5.77004 5.77004 5.77004 5 5.77004 5 5.77004 5 5.77004 5 5.77004 5 5.77004 5.77004 5 5.77004 5.77004 5 5.77004 5.77004 5 5.77004 5 5.77004 5 5.77004 5 5.77004 5 5.77004 5.77004 5.77004 5 5.77004 5 5.77004 5 5.77004 5.77004 5 5.77002 5 5.77002 5 5.77002 5 5.77002 5.77002 5.77002 5.77002 5.77002 5 5.77002 5 5.77002 5.77002 5.77002 5.77002 5.77002 5.77002
5.77004 5 5.77004 5 5.77004 5.77004 5.77004 5.77004 5.77004 5.77004 5.77004 5 5.77004 5 5.77004 5 5.77004 5.77004 5.77004 5.77004 5.77004 5.77004 5.77004 5.77004 5.77004 5.77004 5.77004 5 5.77004 5.77004 5 5.77004 5.77004 5 5.77004 5.77004 5.77004 5.77004 5.77004 5.77004 5.77004 5.77004 5.77004 5.77004 5 5.77004 5.77004 5.77004 5.77004 5.77004 5.77004 5.77004 5.77004 5.77004 5.77002 5.77002 5.77002 5.77002 5.77002 5.77002 5.77002 5 5.77002 5 5.77002 5.77002 5.77002 5.77002 5.77002 5 5.77002 5 5.77002 5.77002
5.77004 5.77004 5.77004 5.77004 5.77004 5 5.77004 5 5.77004 5 5.77004 5.77004 5.77004 5.77004 5.77004 5.77004 5.77004 5 5.77004 5 5.77004 5 5.77004 5 5.77004 5.77004 5 5.77004 5.77004 5 5.77004 5.77004 5 5.77004 5.77004 5 5.77004 5 5.77004 5 5.77004 5 5.77004 5.77004 5.77004 5.77004 5 5.77004 5 5.77004 5 5.77004 5.77004 5 5.77002 5 5.77002 5 5.77002 5 5.77002 5.77002 5.77002 5.77002 5.77002 5 5.77002 5 5.77002 5.77002 5.77002 5.77002 5.77002 5.77002
5.77004 5 5.77004 5 5.77004 5.77004 5.77004 5.77004 5.77004 5.77004 5.77004 5 5.77004 5 5.77004 5 5.77004 5.77004 5.77004 5.77004 5.77004 5.77004 5.77004 5.77004 5.77004 5 5.77004 5.77004 5 5.77004 5.77004 5 5.77004 5.77004 5.77002 5.77004 5.77004 5.77004 5.77004 5.77004 5.77004 5.77004 5.77004 5 5.77004 5.77004 5.77004 5.77004 5.77004 5.77004 5.77004 5.77004 5.77004 5.77004 5.77002 5.77002 5.77002 5.77002 5.77002 5.77002 5.77002 5 5.77002 5 5.77002 5.77002 5.77002 5.77002 5.77002 5 5.77002 5 5.77002 5.77002
5 5.77004 5.77004 5.77004 5.77004 5 5.77004 5 5.77004 5 5.77004 5.77004 5.77004 5.77004 5.77004 5.77004 5.77004 5 5.77004 5 5.77004 5 5.77004 5.77004 5 5.77004 5.77004 5 5.77004 5.77004 5 5.77004 5.77004 5 5.77004 5.77004 5 5.77004 5 5.77004 5 5.77004 5.77004 5.77004 5.77004 5 5.77004 5 5.77004 5 5.77004 5.77004 5 5.77002 5 5.77002 5 5.77002 5 5.77002 5.77002 5.77002 5.77002 5.77002 5.77002 5 5.77002 5 5.77002 5.77002 5.77002 5.77002 5.77002 4.98461
5.77004 5.77004 5 5.77004 4.99999 5.77002 5.77001 5.77004 5.77004 5.77004 5.77004 5 5.77004 5 5.77004 5 5.77004 5.77004 5.77004 5.77004 5.77004 5.77004 5.77004 5 5.77004 5.77004 5 5.77004 5.77004 5 5.77004 5.77004 5.77002 5.77004 5.77004 5.77004 5.77004 5.77004 5.77004 5.77004 5.77004 5.77004 5 5.77004 5.77004 5.77004 5.77004 5.77004 5.77004 5.77004 5.77004 5.77004 5.77004 5.77004 5.77002 5.77002 5.77002 5.77002 5.77002 5.77002 5 5.77002 5 5.77002 5.77002 5.77002 5.77002 5.77002 5.77002 5 5.77002 5 5.77002 5.76119
5 5.77004 5.77004 5.77004 5.77002 6.16005 4.99995 5.77004 5 5.77004 5 5.77004 5.77004 5.77004 5.77004 5.77004 5.77004 5 5.77004 5 5.77004 5.77004 5 5.77004 5.77004 5 5.77004 5.77004 5 5.77004 5.77004 5 5.77004 5.77004 5 5.77004 5 5.77004 5 5.77004 5 5.77004 5.77004 5.77004 5 5.77004 5 5.77004 5 5.77004 5 5.77004 5.77004 5 5.77002 5 5.77002 5 5.77002 5.77002 5.77002 5.77002 5.77002 5.77002 5 5.77002 5 5.77002 5.77002 5.77002 5.77002 5.77002 5.77002 4.99282
5.77004 5.77004 5 5.77004 4.99998 5.77002 5.77001 5.77004 5.77004 5.77004 5.77004 5.77004 5 5.77004 5 5.77004 5 5.77004 5.77004 5.77004 5.77004 5 5.77004 5.77004 5 5.77004 5.77004 5 5.77004 5.77004 5.77002 5.77004 5.77004 5.77004 5.77004 5.77004 5.77004 5.77004 5.77004 5.77004 5.77004 5.77004 5 5.77004 5.77004 5.77004 5.77004 5.77004 5.77004 5.77004 5.77004 5.77004 5.77004 5.77004 5.77004 5.77002 5.77002 5.77002 5.77002 5 5.77002 5 5.77002 5.77002 5.77002 5.77002 5.77002 5.77002 5 5.77002 5 5.77002 5 5.77002
5 5.77004 5.77004 5.77004 5.77004 5.77004 5 5.77004 5 5.77004 5 5.77004 5.77004 5.77004 5.77004 5.77004 5.77004 5.77004 5 5.77004 5 5.77004 5.77004 5 5.77004 5.77004 5 5.77004 5.77004 5 5.77004 5.77004 5 5.77004 5 5.77004 5 5.77004 5 5.77004 5 5.77004 5.77004 5.77004 5 5.77004 5 5.77004 5 5.77004 5 5.77004 5 5.77004 5.77004 5 5.77002 5 5.77002 5.77002 5.77002 5.77002 5.77002 5 5.77002 5 5.77002 5.77002 5.77002 5.77002 5.77002 5.77002 5.77002 5.77002
5.77004 5.77004 4.99998 5.77001 4.99998 5.77004 5.77004 5.77004 5.77004 5.77004 5.77004 5.77004 5 5.77004 5 5.77004 5 5.77004 5.77004 5.77004 5.77004 5.77004 5 5.77004 5.77004 5 5.77004 5.77004 5.77002 5.77004 5.77004 5.77002 5.77004 5.77004 5.77004 5.77004 5.77004 5.77004 5.77004 5.77004 5.77004 5.77004 5 5.77004 5.77004 5.77004 5.77004 5.77004 5.77004 5.77004 5.77004 5.77004 5.77004 5.77004 5.77004 5.77004 5.77002 5.77002 5.77002 5 5.77002 5 5.77002 5.77002 5.77002 5.77002 5.77002 5 5.77002 5 5.77002 5 5.77002 5
5 5.77004 5.77002 6.15876 5.77002 5.77004 5 5.77004 5 5.77004 5 5.77004 5.77004 5.77004 5.77004 5.77004 5.77004 5.77004 5 5.77002 5 5.77004 5.77004 5.77004 5 5.77004 5.77004 5 5.77004 5.77004 5 5.77004 5.77004 5 5.77004 5 5.77004 5 5.77004 5 5.77004 5.77004 5.77004 5.77004 5 5.77004 5 5.77004 5 5.77004 5.77004 5.77004 5 5.77004 5.77004 5.77004 5 5.77002 5.77002 5.77002 5.77002 5.77002 5.77002 5 5.77002 5 5.77002 5.77002 5.77002 5.77002 5.77002 5.77002 5.77002 5.75713
5.77004 5.77004 4.99999 5.77001 4.99998 5.77004 5.77004 5.77004 5.77004 5.77004 5.77004 5.77004 5 5.77004 5 5.77004 5 5.77004 5.77002 5.77002 5.77002 5.77004 5.77004 5 5.77004 5.77004 5.77002 5.77004 5.77004 5.77002 5.77004 5.77004 5.77004 5.77004 5.77004 5.77004 5.77004 5.77004 5.77004 5.77004 5.77004 5 5.77004 5.77004 5.77004 5.77004 5.77004 5.77004 5.77004 5.77004 5.77004 5 5.77004 5.77004 5.77004 5.77002 5.77004 5.77002 5 5.77002 5 5.77002 5.77002 5.77002 5.77002 5.77002 5.77002 5 5.77002 4.99308 5.74419 5.74841 5.75215 4.99064
5.77004 5 5.77004 5.77004 5.77004 5.77004 5 5.77004 5 5.77004 5 5.77004 5.77004 5.77004 5.77004 5.77004 5.77004 5.77004 5 5.77002 5 5.77002 5.77004 5.77004 5.77004 5 5.77004 5.77004 5 5.77004 5.77004 5 5.77004 5 5.77004 5 5.77004 5 5.77004 5 5.77004 5.77004 5.77004 5 5.77004 5 5.77004 5 5.77004 5.77004 5 5.77004 5.77004 5 5.77004 5.77004 5.77004 5.77002 5.77002 5.77002 5.77002 5.77002 5 5.77002 5 5.77002 5.77002 5.77002 5.77002 5.76722 5.98992 4.99933 5.76921 5.99495
5.77004 5.77004 5.77004 5 5.77004 5.77002 5.77004 5.77004 5.77004 5.77004 5.77004 5.77004 5 5.77004 5 5.77004 5 5.77004 5.77002 5.77002 5.77002 5.77002 5.77004 5.77004 5.77002 5.77004 5.77004 5.77002 5.77004 5.77004 5.77004 5.77004 5.77004 5.77004 5.77004 5.77004 5.77004 5.77004 5.77004 5.77004 5.77004 5 5.77004 5.77004 5.77004 5.77004 5.77004 5.77004 5.77004 5 5.77004 5.77004 5.77004 5.77004 5.77004 5 5.77004 5.77004 5 5.77002 5 5.77002 5.77002 5.77002 5.77002 5.77002 5 5.77002 5 5.76693 4.99575 5.99554 5.99225 4.99923
5.77004 5 5.77004 5.77004 5.77004 5 5.77002 5 5.77002 5.77004 5 5.77004 5.77004 5.77004 5.77004 5.77004 5.77004 5.77004 5 5.77002 5 5.77002 5 5.77002 5.77004 5.77004 5 5.77004 5.77004 5.77004 5.77004 5 5.77004 5 5.77004 5 5.77004 5 5.77004 5 5.77004 5.77004 5.77004 5 5.77004 5 5.77004 5.77004 5 5.77004 5.77004 5 5.77004 5 5.77004 5.77004 5.77004 5.77002 5.77004 5.77002 5.77002 5.77002 5 5.77002 5 5.77002 5.77002 5.77002 5.77002 5.77002 5.76197 5.99339 5.76882 5.76942
5.77004 5.77004 5.77004 5 5.77004 5.77002 5.77002 5.77002 5.77002 5.77004 5.77004 5.77004 5 5.77004 5 5.77004 5 5.77004 5.77002 5.77002 5.77002 5.77002 5.77002 5.77002 5.77004 5.77002 5.77004 5.77004 5.77004 5.77004 5 5.77004 5.77004 5.77004 5.77004 5.77004 5.77004 5.77004 5.77004 5.77004 5.77004 5 5.77004 5.77004 5.77004 5.77004 5.77004 5 5.77004 5.77004 5.77004 5.77004 5.77004 5.77004 5.77004 5 5.77004 5.77004 5 5.77002 5 5.77002 5.77002 5.77002 5.77002 5.77002 5 5.77002 5 5.77002 4.9932 5.99628 5.76911 5
5.77004 5 5.77004 5.77004 5.77004 5 5.77002 5 5.77002 5.77004 5 5.77004 5.77004 5.77004 5.77004 5.77004 5.77004 5.77002 5 5.77002 5 5.77002 5 5.77002 5 5.77004 5.77004 5.77004 5.77004 5 5.77004 5.77004 5 5.77004 5 5.77004 5 5.77004 5 5.77004 5.77004 5.77004 5.77004 5 5.77004 5.77004 5 5.77004 5.77004 5 5.77004 5 5.77004 5 5.77004 5.77004 5.77004 5.77002 5.77004 5.77002 5.77002 5.77002 5 5.77002 5 5.77002 5.77002 5.77002 5.77002 5.77002 5.76759 5.76981 5.76968 5.77002
5.77004 5.77004 5.77004 5 5.77004 5.77002 5.77002 5.77002 5.77002 5.77002 5.77004 5.77004 5.77004 5 5.77004 5 5.77002 5.77002 5.77002 5.77002 5.77002 5.77002 5.77002 5.77002 5.77002 5.77004 5.77004 5.77004 5 5.77004 5.77004 5.77004 5.77004 5.77004 5.77004 5.77004 5.77004 5.77004 5.77004 5.77004 5 5.77004 5.77004 5.77004 5.77004 5 5.77004 5.77004 5.77004 5.77004 5.77004 5.77004 5.77004 5.77004 5.77004 5 5.77004 5.77004 5.77004 5 5.77002 5.77002 5.77002 5.77002 5.77002 5.77002 5 5.77002 5 5.77002 5.77002 5 5.77002 5
5.77004 5.77002 5.77004 5.77004 5.77004 5.77002 5 5.77002 5.77002 5.77004 5.77004 5.77004 5.77004 5.77004 5.77004 5.77002 5.77002 5.77002 5 5.77002 5 5.77002 5.77002 5.77002 5 5.77004 5.77004 5 5.77004 5.77004 5 5.77004 5 5.77004 5 5.77004 5 5.77004 5 5.77004 5.77004 5.77004 5.77004 5.77004 5 5.77004 5.77004 5 5.77004 5 5.77004 5 5.77004 5 5.77004 5.77004 5.77004 5.77004 5.77004 5.77004 5.77002 5 5.77002 5 5.77002 5.77002 5.77002 5.77002 5.77002 5.77002 5.77002 5.77002 5.77002 5.77002
5.77002 5 5.77002 5 5.77002 5 5.77002 5.77002 5 5.77002 5.77002 5.77002 5.77002 5.77002 5 5.77002 5.77002 5 5.77002 5.77002 5.77002 5.77002 5 5.77002 5.77002 5.77002 5.77004 5.77004 5.77004 5.77004 5.77004 5.77004 5.77004 5.77004 5.77004 5.77004 5.77004 5.77004 5.77004 5.77004 5.77004 5.77004 5.77004 5 5.77004 5.77004 5.77004 5.77004 5.77004 5.77004 5.77004 5.77004 5.77004 5.77004 5.77004 5.77004 5.77004 5.77004 5.77004 5 5.77002 5.77002 5.77002 5.77002 5.77002 5 5.77002 5 5.77002 5 5.77002 5 5.77002 5
5.77002 5.77002 5.77002 5.77002 5.77002 5.77002 5.77002 5 5.77002 5.77002 5 5.77002 5 5.77002 5.77002 5.77002 5 5.77002 5.77002 5 5.77002 5 5.77002 5.77002 5 5.77002 5 5.77004 5.77004 5.77004 5.77004 5.77004 5.77004 5.77004 5.77004 5.77004 5.77004 5 5.77004 5 5.77004 5 5.77004 5.77004 5.77004 5 5.77004 5 5.77004 5 5.77004 5 5.77004 5 5.77004 5.77002 5.77004 5.77002 5.77002 5.77002 5.77002 5 5.77002 5 5.77002 5.77002 5.77002 5.77002 5.77002 5.77002 5.77002 5.77002 5.77002 5.77002
5 5.77002 5 5.77002 5 5.77002 5 5.77002 5.77002 5 5.77002 5.77002 5.77002 5.77002 5 5.77002 5.77002 5.77002 5 5.77002 5.77002 5.77002 5.77002 5 5.77002 5.77002 5.77002 5.77002 5.77002 5.77002 5.77002 5.77002 5.77002 5.77002 5.77002 5.77002 5.77002 5.77002 5.77002 5.77002 5.77002 5.77002 5.77002 5.77002 5.77002 5.77002 5.77002 5.77002 5.77002 5.77002 5.77002 5.77002 5.77002 5.77002 5.77002 5 5.77002 5 5.77002 5 5.77002 5.77002 5.77002 5.77002 5.77002 5 5.77002 5 5.77002 5 5.77002 5 5.77002 5
5.77002 5.77002 5.77002 5.77002 5.77002 5.77002 5.77002 5.77002 5 5.77002 5.77002 5 5.77002 5 5.77002 5.77002 5 5.77002 5.77002 5.77002 5 5.77002 5 5.77002 5.77002 5 5.77002 5 5.77002 5 5.77002 5 5.77002 5 5.77002 5 5.77002 5 5.77002 5 5.77002 5 5.77002 5 5.77002 5 5.77002 5 5.77002 5 5.77002 5 5.77002 5 5.77002 5.77002 5.77002 5.77002 5.77002 5.77002 5.77002 5 5.77002 5 5.77002 5.77002 5.77002 5.77002 5.77002 5.77002 5.77002 5.77002 5.77002 5.77002
5.77002 5 5.77002 5 5.77002 5 5.77002 5 5.77002 5.77002 5 5.77002 5.77002 5.77002 5.77002 5 5.77002 5.77002 5 5.77002 5.77002 5.77002 5.77002 5.77002 5 5.77002 5.77002 5.77002 5.77002 5.77002 5.77002 5.77002 5.77002 5.77002 5.77002 5.77002 5.77002 5.77002 5.77002 5.77002 5.77002 5.77002 5.77002 5.77002 5.77002 5.77002 5.77002 5.77002 5.77002 5.77002 5.77002 5.77002 5.77002 5.77002 5.77002 5 5.77002 5 5.77002 5 5.77002 5.77002 5.77002 5.77002 5.77002 5 5.77002 5 5.77002 5 5.77002 5 5.77002 5
5.77002 5.77002 5.77002 5.77002 5.77002 5.77002 5.77002 5.77002 5.77002 5 5.77002 5.77002 5 5.77002 5 5.77002 5.77002 5 5.77002 5.77002 5 5.77002 5 5.77002 5.77002 5.77002 5 5.77002 5 5.77002 5 5.77002 5 5.77002 5 5.77002 5 5.77002 5 5.77002 5 5.77002 5 5.77002 5 5.77002 5 5.77002 5 5.77002 5 5.77002 5 5.77002 5 5.77002 5.77002 5.77002 5.77002 5.77002 5.77002 5 5.77002 5 5.77002 5.77002 5.77002 5.77002 5.77002 5.77002 5.77002 5.77002 5.77002 5.77002
5 5.77002 5 5.77002 5 5.77002 5 5.77002 5 5.77002 5.77002 5 5.77002 5.77002 5.77002 5.77002 5 5.77002 5.77002 5 5.77002 5.77002 5.77002 5.76992 4.99972 5.76965 5.77002 5.77002 5.77002 5.77002 5.77002 5.77002 5.77002 5.77002 5.77002 5.77002 5.77002 5.77002 5.77002 5.77002 5.77002 5.77002 5.77002 5.77002 5.77002 5.77002 5.77002 5.77002 5.77002 5.77002 5.77002 5.77002 5.77002 5.77002 5.77002 5.77002 5 5.77002 5 5.77002 5 5.77002 5.77002 5.77002 5.77002 5 5.77002 5 5.77002 5 5.77002 5 5.77002 5
5.77002 5.77002 5.77002 5.77002 5.77002 5.77002 5.77002 5.77002 5.77002 5.77002 5 5.77002 5.77002 5 5.77002 5 5.77002 5.77002 5 5.77002 5.77002 5 5.77002 4.99985 6.15766 5.76978 5 5.77002 5 5.77002 5 5.77002 5 5.77002 5 5.77002 5 5.77002 5 5.77002 5 5.77002 5 5.77002 5 5.77002 5 5.77002 5 5.77002 5 5.77002 5 5.77002 5 5.77002 5.77002 5.77002 5.77002 5.77002 5.77002 5.77002 5 5.77002 5.77002 5.77002 5.77002 5.77002 5.77002 5.77002 5.77002 5.77002 5.77002 5.77002
5.77002 5 5.77002 5 5.77002 5 5.77002 5 5.77002 5 5.77002 5.77002 5 5.77002 5.77002 5.77002 5.77002 5 5.77002 5.77002 5 5.77002 5.77002 5.76993 5.76988 5.76994 5.77002 5.77002 5.77002 5.77002 5.77002 5.77002 5.77002 5.77002 5.77002 5.77002 5.77002 5.77002 5.77002 5.77002 5.77002 5.77002 5.77002 5.77002 5.77002 5.77002 5.77002 5.77002 5.77002 5.77002 5.77002 5.77002 5.77002 5.77002 5.77002 5.77002 5 5.77002 5 5.77002 5 5.77002 5.77002 5.77002 5 5.77002 5 5.77002 5 5.77002 5 5.77002 5 5.77002
5.77002 5.77002 5.77002 5.77002 5.77002 5.77002 5.77002 5.77002 5.77002 5.77002 5.77002 5 5.77002 5.77002 5 5.77002 5 5.77002 5.77002 5 5.77002 5.77002 5 5.77002 5 5.77002 5 5.77002 5 5.77002 5 5.77002 5 5.77002 5 5.77002 5 5.77002 5 5.77002 5 5.77002 5 5.77002 5 5.77002 5 5.77002 5 5.77002 5 5.77002 5 5.77002 5 5.77002 5.77002 5.77002 5.77002 5.77002 5.77002 5.77002 5 5.77002 5.77002 5.77002 5.77002 5.77002 5.77002 5.77002 5.77002 5.77002 5.77002 5.77002
