tests/full-run-ref/erosion_78_20_-12.873.asc
ncols 512
nrows 512
xllcorner -3.24582
yllcorner -4.08743
cellsize 5
NODATA_value -99999
[rows 36 to 71 of 512, columns 328 to 409 of 512]
81.4326 75.3242 69.2057 63.0773 56.9387 50.7884 44.6202 38.41 32.062 25.2057 16.6168 5.23254 0 0 10.1841 16.0248 15.3566 10.7385 7.62245 8.15804 8.15971 8.15971 8.15971 8.15971 8.15966 8.1597 8.15938 8.1594 8.15895 8.15917 8.15945 8.15954 8.15957 8.15957 5.76972 5.77 5.77 5.77 5.77 5.76993 5.76943 11.5396 13.9285 8.15814 8.15866 8.15778 8.15857 8.15896 7.11137 5.76963 5.77 5.77 5.76989 5.76922 11.5396 8.15755 5.76933 5.76989 5.77 5.77 5.77 5.77 5.77 5.77 5.77 5.77 5.77 5.77 5.77 5.77 6.16001 5.77 5.77 5.77 5.77 5.77 5.77 5.77 5.77 5.77 5.77 5.77
84.0866 78.0162 71.9385 65.8534 59.7593 53.6501 47.5018 41.2205 34.4443 26.0002 14.9316 3.58586 7.22547 15.3736 17.9482 21.718 15.6142 9.49133 7.05883 8.1186 8.14989 8.06913 8.06982 8.06917 8.06897 8.06827 7.88566 5.76883 5.76928 5.76933 5.76954 5.76971 5.76979 5.76987 5.76991 5.77 5.77 5.77 5.77 5.77 5.76974 8.15934 11.5393 10.8248 13.2148 13.9281 8.15861 8.15826 8.15874 5.76973 5.77 5.77 5.76993 5.7695 11.5397 13.9281 8.15853 5.76965 5.77 5.77 5.77 5.77 5.77 5.77 5.77 5.77 5.77 5.77 5.77 5.77 5.77 5.77 5.77 5.77 5.77 5.77 5.77 5.77 5.77 5.77 5.77 5.77
86.4884 80.4292 74.3634 68.2897 62.2024 56.0793 49.8344 43.1365 34.9003 24.2278 13.3408 16.4924 20.4904 24.9447 26.8977 23.4055 17.0187 10.6575 4.87555 7.68954 5.54931 5.75016 5.75488 5.76725 5.7691 5.76913 5.76946 5.76986 5.77 5.77 5.77 5.77 5.77 5.77 5.77 5.77 5.77 5.77 5.77 5.77 5.76989 5.76966 5.76933 5.76903 9.45988 15.2306 13.9285 8.15847 5.76947 5.76985 5.76997 5.7698 5.76945 8.15973 11.5387 11.5394 11.5395 5.76971 5.77 5.77 5.77 5.77 5.77 5.77 5.77 5.77 5.77 5.77 5.77 5.77 5.77 5.77 5.77 5.77 5.77 5.77 5.77 5.77 5.77 5.77 5.77 5.77
88.8589 82.8045 76.7427 70.6684 64.5616 58.3448 51.7204 43.6967 33.4297 22.943 25.7138 28.9673 30.3705 32.6759 31.1038 24.8097 18.2773 11.6354 7.42068 2.8549 5.47545 5.77 5.77 5.77 5.77 5.77 5.77 5.77 5.77 5.77 5.77 5.77 5.77 5.77 5.77 5.77 5.77 5.77 5.77 5.77 5.77 5.77 5.77 5.76977 7.06983 12.8403 8.159 5.76945 5.76992 5.77 5.76961 6.15886 8.15914 8.15739 5.76894 5.76955 5.76974 5.76982 5.77 5.77 5.77 5.77 5.77 5.77 5.77 5.77 5.77 5.77 5.77 5.77 5.77 5.77 5.77 5.77 5.77 5.77 5.77 5.77 5.77 5.77 5.77 5.77
91.2421 85.1903 79.1268 73.0339 66.8426 60.2866 52.4664 42.5928 32.4941 34.8794 37.7234 38.7069 38.3033 38.9379 33.0988 26.5493 19.9164 14.4624 7.00622 1.10908 4.06493 5.67486 5.77 5.77 5.77 5.77 5.77 5.77 5.77 5.77 5.77 5.77 5.77 5.77 5.77 5.77 5.77 5.77 5.77 5.77 5.77 5.77 5.77 5.76993 5.76906 11.5396 5.76899 5.76992 5.77 5.77 5.76942 11.5394 11.5363 5.76772 5.76978 5.77 5.77 5.77 5.77 5.76993 5.76983 5.76982 5.77 5.77 5.77 5.77 5.77 5.77 5.77 5.77 5.77 5.77 5.77 5.77 5.77 5.77 5.77 5.77 5.77 5.77 5.77 5.77
93.6443 87.5909 81.511 75.3437 68.8521 61.2241 51.7275 42.0024 44.0133 46.4394 47.1535 46.3256 44.8349 41.3994 34.8392 28.2194 22.4255 14.8677 7.32842 7.35125 2.89807 4.34831 5.67713 5.77 5.77 5.77 5.77 5.77 5.77 5.77 5.77 5.77 5.77 5.77 5.77 5.77 5.77 5.77 5.77 5.77 5.77 5.77 5.77 5.77 5.76936 8.15939 5.76932 5.77 5.77 5.77 5.76964 8.15923 8.15657 5.76899 5.77 5.77 5.77 5.77 5.77 5.76983 8.02151 5.76957 5.77 5.77 5.77 5.77 5.77 5.77 5.77 5.77 5.77 5.77 5.77 5.77 5.77 5.77 5.77 5.77 5.77 5.77 5.77 5.77
96.062 89.9944 83.8496 77.4187 69.9721 60.8348 51.4681 53.1156 55.1367 55.5882 54.6157 52.8661 49.5735 43.149 36.5347 30.7727 23.3144 15.8446 15.1772 9.64408 8.93261 3.76285 4.49783 5.68075 5.77 5.77 5.77 5.77 5.77 5.77 5.77 5.77 5.77 5.77 5.77 5.77 5.77 5.77 5.77 5.77 5.77 5.77 5.77 5.77 5.76977 5.76959 5.7697 5.77 5.77 5.77 5.76991 5.7697 5.76953 5.76982 5.77 5.77 5.77 5.77 5.77 5.76983 8.00195 5.76956 5.77 5.77 5.77 5.77 5.77 5.77 5.77 5.77 5.77 5.77 5.77 5.77 5.77 5.77 5.77 5.77 5.77 5.77 5.77 5.77
98.4832 92.3594 85.9852 78.71 69.9137 60.8899 62.1853 63.8154 64.0133 62.9096 61.0919 57.788 51.4041 44.8409 39.1363 31.8088 24.4687 23.6484 18.0812 16.9013 10.8588 9.67188 4.25327 4.61217 5.68565 5.77 5.77 5.77 5.77 5.77 5.77 5.77 5.77 5.77 5.77 5.77 5.77 5.77 5.76992 5.76977 5.76986 5.77 5.77 5.77 5.77 5.77 5.77 5.77 5.77 5.77 5.77 5.77 5.77 5.77 5.77 5.77 5.77 5.77 5.77 5.76986 5.77 5.76972 5.77 5.77 5.77 5.77 5.77 5.77 5.77 5.77 5.77 5.77 5.77 5.77 5.77 5.77 5.77 5.77 5.77 5.77 5.77 5.77
100.872 94.5506 87.4363 78.9637 70.267 71.2216 72.4749 72.4285 71.1988 69.3194 66.0048 59.6531 53.1395 47.4925 40.2935 33.0787 32.1483 26.6018 25.3059 19.2582 17.7007 11.527 10.1556 4.68216 4.73068 5.69229 5.77 5.77 5.77 5.77 5.77 5.77 5.77 5.77 5.77 5.77 5.77 5.76989 5.76952 7.46098 5.76915 5.76932 5.76943 5.76956 5.77 5.77 5.77 5.77 5.77 5.77 5.77 5.77 5.77 5.77 5.76983 5.76976 5.76981 5.77 5.77 5.76985 8.05996 5.76974 5.77 5.77 5.77 5.77 5.77 5.77 5.77 5.77 5.77 5.77 5.77 5.77 5.77 5.77 5.77 5.77 5.77 5.77 5.77 5.77
103.114 96.1502 87.9843 79.5989 80.2235 81.1142 80.8333 79.4829 77.545 74.2207 67.9007 61.4352 55.8438 48.7692 41.6763 40.6387 35.1124 33.7264 27.7137 26.0728 19.9084 18.2223 12.1056 10.6115 5.12808 4.85852 5.70028 5.77 5.77 5.77 5.77 5.77 5.77 5.77 5.77 5.77 5.76989 5.76946 7.46048 8.13921 8.15924 6.15787 8.15636 5.76765 5.76913 5.76969 5.76981 5.7699 5.76996 5.77 5.77 5.77 5.77 5.77 5.76966 8.15929 5.76971 5.77 5.77 5.76984 5.76981 5.76986 5.77 5.77 5.77 5.77 5.77 5.77 5.77 5.77 5.77 5.77 5.77 5.77 5.77 5.77 5.77 5.77 5.77 5.77 5.77 5.77
104.851 96.9749 88.8853 89.1908 89.7327 89.2273 87.7618 85.7687 82.4356 76.1466 69.7279 64.1901 57.2363 50.2617 49.1199 43.6131 42.1394 36.1608 34.4554 28.3323 26.5778 20.4781 18.7162 12.6998 11.078 5.57059 4.97934 5.70762 5.77 5.77 5.77 5.77 5.77 5.77 5.77 5.76989 5.76966 7.46076 8.1392 8.15968 8.15962 8.15949 8.15803 8.15776 6.15469 6.15696 6.15812 6.1585 5.76991 5.77 5.77 5.77 5.77 5.77 5.76974 5.76956 5.76983 5.77 5.77 5.77 5.77 5.77 5.77 5.77 5.77 5.77 5.77 5.77 5.77 5.77 5.77 5.77 5.77 5.77 5.77 5.77 5.77 5.77 5.77 5.77 5.77 5.77
105.935 98.1256 98.1235 98.3302 97.6101 96.0353 93.99 90.6491 84.3904 78.0175 72.5315 65.6949 58.8352 57.5919 52.1037 50.545 44.5996 42.8317 36.7489 34.9409 28.8826 27.0604 21.0655 19.2207 13.2828 11.5141 5.91176 5.02095 5.70295 5.77 5.77 5.77 5.77 5.77 5.76995 5.76965 7.46114 8.13943 8.15971 8.15971 8.15971 8.15971 8.15959 8.15772 8.15717 8.15774 8.15763 5.76884 5.76948 5.77 5.77 5.77 5.77 5.77 5.77 5.77 5.77 5.77 5.77 5.77 5.77 5.77 5.77 5.77 5.77 5.77 5.77 5.77 5.77 5.77 5.77 5.77 5.77 5.77 5.77 5.77 5.77 5.77 5.77 5.77 5.77 5.77
107.32 107.022 106.906 105.981 104.302 102.208 98.8605 92.632 86.3039 80.8681 74.1451 67.397 66.0546 60.5844 58.943 53.03 51.2017 45.1584 43.2986 37.2807 35.4096 29.4532 27.5545 21.6424 19.6951 13.7416 11.6919 5.80081 4.81423 5.50492 5.67874 5.75441 5.77 5.76998 5.76987 7.46105 8.11845 8.13974 8.15469 8.15971 8.15971 8.15971 8.15997 8.15998 8.16002 8.16002 8.15995 8.15989 5.76927 5.77 5.77 5.77 5.77 5.77 5.77 5.77 5.77 5.77 5.77 5.77 5.77 5.77 5.77 5.77 5.77 5.77 5.77 5.77 5.77 5.77 5.77 5.77 5.77 5.77 5.77 5.77 5.77 5.77 5.77 5.77 5.77 5.77
115.886 115.463 114.34 112.563 110.421 107.069 100.871 94.5876 89.2003 82.5874 75.9473 74.5084 69.055 67.3335 61.4518 59.5653 53.5607 51.6507 45.6723 43.7537 37.8347 35.8902 30.0143 28.0224 22.11 19.9446 13.7113 11.7493 10.3665 7.14514 7.76062 5.5891 5.74944 5.76284 6.79609 8.04423 8.11982 5.76981 8.15996 8.16002 8.16002 8.16002 8.16002 8.16002 8.16002 8.15996 8.15991 8.15987 5.76948 5.77 5.77 5.77 5.77 5.77 5.77 5.77 5.77 5.77 5.77 5.77 5.77 5.77 5.77 5.77 5.77 5.77 5.77 5.77 5.77 5.77 5.77 5.76992 5.76982 5.76986 5.77 5.77 5.77 5.77 5.77 5.77 5.77 5.77
124 122.688 120.816 118.631 115.276 109.11 102.869 97.5289 91.0222 84.4866 82.9532 77.5156 75.7164 69.8653 67.9225 61.9558 59.9973 54.0574 52.0926 46.2101 44.2207 38.3795 36.3477 30.4801 28.2923 22.1355 20.0165 18.0628 15.1511 13.0431 13.4383 7.5716 5.53419 5.7582 5.73631 7.10357 5.76983 8.15995 8.15998 8.16002 8.16002 8.16002 8.16002 8.16002 8.15994 8.15977 5.76975 5.76966 5.76973 5.77 5.77 5.77 5.77 5.77 5.77 5.77 5.77 5.77 5.77 5.77 5.77 5.77 5.77 5.77 5.77 5.77 5.77 5.77 5.77 5.77 5.77 5.76991 8.15817 5.76969 5.76984 5.77 5.77 5.77 5.77 5.77 5.77 5.77
131.028 129.065 126.839 123.483 117.348 111.151 105.855 99.4503 93.0152 91.3891 85.9662 84.0918 78.2703 76.2734 70.3436 68.3383 62.4361 60.4265 54.5795 52.5463 46.7382 44.6665 38.84 36.6327 30.5548 28.3794 26.2842 23.4146 21.1655 18.9648 15.7348 13.2641 7.42105 5.50393 5.76155 5.75116 7.11025 8.11826 8.16 8.16002 8.16002 8.16002 8.15987 8.15964 8.15952 5.76957 5.76977 5.77 5.77 5.77 5.77 5.77 5.77 5.77 5.77 5.77 5.77 5.77 5.77 5.77 5.77 5.77 5.77 5.77 5.77 5.77 5.77 5.77 5.77 5.77 5.77 5.76996 5.76983 8.15798 5.76962 5.76981 5.77 5.77 5.77 5.77 5.77 5.77
137.313 135.047 131.69 125.587 119.434 114.18 107.872 101.534 99.8163 94.4067 92.4596 86.667 84.6181 78.7244 76.6739 70.8085 68.7554 62.943 60.8672 55.091 52.9794 47.1906 44.9632 38.9622 36.7393 34.5839 31.6875 29.4113 27.0998 23.9292 21.4805 15.5595 13.215 7.42245 5.52059 5.76248 5.73761 7.43534 8.13898 8.15999 8.16002 8.15981 8.1593 5.76927 5.76958 5.76975 5.77 5.77 5.77 5.77 5.77 5.77 5.77 5.77 5.77 5.77 5.77 5.77 5.77 5.77 5.77 5.77 5.77 5.77 5.77 5.77 5.77 5.77 5.77 5.77 5.77 5.77 5.76995 5.76979 8.15752 5.76962 5.7698 5.77 5.77 5.77 5.77 5.77
143.258 139.898 133.83 127.72 122.505 116.29 110.042 108.235 102.837 100.82 95.0559 92.9567 87.0984 85.0041 79.1746 77.0793 71.3009 69.1836 63.4387 61.2872 55.5329 53.284 47.3581 45.0936 42.8856 39.9659 37.665 35.3342 32.1566 29.7097 23.8272 21.4504 15.5761 13.259 7.51556 5.55521 5.76596 5.74125 7.43497 8.13887 8.15977 8.15905 5.76907 5.76965 5.77 5.77 5.77 5.77 5.77 5.77 5.7699 5.76966 5.76953 5.76955 5.7695 5.76955 5.76983 5.77 5.77 5.76999 5.76998 5.76992 5.76988 5.76989 5.77 5.77 5.77 5.77 5.77 5.77 5.77 5.77 5.77 5.76993 5.76975 8.15773 5.76946 5.77 5.77 5.77 5.77 5.77
148.113 142.081 136.013 130.833 124.703 118.542 116.645 111.258 109.174 103.438 101.29 95.4659 93.3291 87.5351 85.3988 79.6539 77.4961 71.7826 69.5911 63.8692 61.5968 55.7443 53.4458 51.1924 48.2545 45.9301 43.5823 40.3956 37.9454 32.1033 29.7066 23.8597 21.5033 15.6981 13.3561 7.61598 5.5891 5.76645 5.74666 7.5465 8.15902 5.76902 5.76944 5.77 5.77 5.77 5.77 5.76991 5.7698 5.76959 5.76933 7.58621 8.09076 8.09148 8.09148 8.15836 5.76962 5.77 5.77 5.76993 6.1594 6.15943 8.15985 5.76983 5.77 5.77 5.77 5.77 5.77 5.77 5.77 5.77 5.77 5.77 5.76982 8.1599 5.76956 5.77 5.77 5.77 5.77 5.77
150.348 144.32 139.168 133.115 127.034 125.047 119.67 117.521 111.814 109.618 103.828 101.649 95.8905 93.7145 88.0033 85.806 80.1244 77.895 72.2014 69.8875 64.1218 61.866 59.5794 56.604 54.2264 51.8223 48.6081 46.1644 40.451 38.0337 32.1481 29.7675 23.9897 21.6081 15.8104 13.4488 7.7087 5.62111 5.76755 5.75912 5.76939 5.76952 5.77 5.77 5.77 5.77 5.77 5.76992 6.15994 6.15811 7.29641 8.0962 8.12027 8.13904 8.15966 8.15934 5.76971 5.77 5.77 5.76993 11.54 11.5398 8.16932 5.76984 5.77 5.77 5.77 5.77 5.77 5.77 5.77 5.77 5.77 5.77 5.76992 5.76988 5.76985 5.77 5.77 5.77 5.77 5.77
152.649 147.516 141.528 135.519 133.442 128.075 125.864 120.187 117.942 112.185 109.966 104.242 102.029 96.3513 94.1112 88.4689 86.198 80.5509 78.2087 72.3956 66.9599 61.1893 55.3535 49.5377 43.7233 37.9084 32.1107 29.8207 32.3172 40.306 37.9454 32.3014 29.9441 24.0883 21.6953 15.9063 13.5346 7.79555 5.65312 5.75964 5.77 5.77 5.77 5.77 5.77 5.77 5.77 5.76988 5.76983 5.76963 5.76907 7.94944 5.76923 7.43544 7.97178 5.76959 5.76995 5.77 5.76999 5.76995 8.15978 5.76979 5.77928 5.76992 5.77 5.77 5.77 5.77 5.77 5.77 5.77 5.77 5.77 5.77 5.77 5.77 5.77 5.77 5.77 5.77 5.77 5.77
155.895 149.948 144.002 141.833 136.477 134.207 128.563 126.267 120.54 118.283 112.592 110.331 104.707 102.436 96.7978 93.4615 87.6571 81.8824 76.0695 70.2741 64.4994 58.716 52.9238 47.1346 41.3643 35.6011 29.8473 24.0449 21.6337 19.2457 16.8793 19.374 32.3007 30.0082 24.2102 21.7699 15.9908 13.6146 7.87406 5.68153 5.7628 5.77 5.77 5.77 5.77 5.77 5.77 5.77 5.77 5.77 5.76933 5.76935 5.76948 5.76928 7.547 5.76979 5.77 5.77 5.76997 8.15979 5.76991 5.76994 5.77 5.77 5.77 5.77 5.77 5.77 5.77 5.77 5.77 5.77 5.77 5.77 5.77 5.77 5.77 5.77 5.77 5.77 5.77 5.77
158.388 152.496 150.23 144.891 142.561 136.96 134.605 128.896 126.584 120.955 118.666 113 108.353 102.55 96.7705 90.9602 85.1716 79.395 73.6099 67.8214 62.0493 56.2759 50.4978 44.715 38.931 33.154 27.3745 21.5889 15.7662 13.5439 11.2502 13.6765 16.0753 21.9309 30.0499 24.2656 21.837 16.0663 13.6862 7.94414 5.70504 5.76478 5.77 5.77 5.77 5.77 5.77 5.77 5.77 5.77 5.77 5.77 5.77 5.7696 5.76959 5.76983 5.77 5.77 5.76994 5.76992 5.76991 5.77 5.77 5.77 5.77 5.77 5.77 5.77 5.77 5.77 5.77 5.77 5.77 5.77 5.77 5.77 5.77 5.77 5.77 5.77 5.77 5.77
158.636 156.792 151.265 149.141 143.977 142.72 137.281 134.874 129.048 123.26 117.445 111.645 105.847 100.053 94.2625 88.4696 82.6781 76.8896 71.1003 65.3093 59.5167 53.7383 47.9581 42.1757 36.3912 30.6052 24.8194 19.023 13.2195 7.51699 5.40283 7.96513 13.799 16.1798 21.9834 30.0889 24.3176 21.8996 16.1332 13.7493 8.01353 5.74028 5.77 5.77 5.77 5.77 5.77 5.77 5.77 5.77 5.77 5.77 5.77 5.77 5.77 5.77 5.77 5.77 5.77 5.77 5.77 5.77 5.77 5.77 5.77 5.77 5.77 5.77 5.77 5.77 5.77 5.77 5.77 5.77 5.77 5.77 5.77 5.77 5.77 5.77 5.77 5.77
74.0479 68.5532 63.3536 60.8671 63.0348 142.504 138.053 132.467 126.628 120.817 115.004 109.19 103.38 97.5757 91.7724 85.9694 80.1656 74.3637 68.5616 62.7597 56.9556 51.1488 45.3571 39.5637 33.7715 27.9779 22.1834 16.3863 10.5809 5.16552 5.72683 5.69597 8.04929 13.8351 16.2157 22.022 28.8373 24.3669 21.9592 16.1893 11.3238 5.65323 5.76067 5.77 5.77 5.77 5.77 5.77 5.77 5.77 5.77 5.77 5.77 5.77 5.77 5.77 5.77 5.77 5.77 5.77 5.77 5.77 5.77 5.77 5.77 5.77 5.77 5.77 5.77 5.77 5.77 5.77 5.77 5.77 5.77 5.77 5.77 5.77 5.77 5.77 5.77 5.77
13.2126 34.1151 35.3131 37.8294 42.8049 56.0325 137.761 132.562 126.704 120.868 115.046 109.229 103.416 97.6044 91.7967 85.9899 80.1851 74.3803 68.5763 62.7716 56.9662 51.1563 45.339 39.5431 33.7425 27.945 22.1486 16.3736 10.604 5.28738 5.77 5.76442 5.72114 8.06601 13.8427 19.64 23.0461 23.0528 22.827 16.9886 11.126 7.90925 5.75423 5.77 5.77 5.77 5.77 5.77 5.77 5.77 5.77 5.77 5.77 5.77 5.77 5.77 5.77 5.77 5.77 5.77 5.77 5.77 5.77 5.77 5.77 5.77 5.77 5.77 5.77 5.77 5.77 5.77 5.77 5.77 5.77 5.77 5.77 5.77 5.77 5.77 5.77 5.77
13.141 21.1305 26.9136 32.866 38.5929 51.213 137.462 132.544 126.7 120.873 115.05 109.235 103.424 97.617 91.8107 86.0063 80.2021 74.399 68.5957 62.7923 56.9873 51.1799 45.3641 39.5333 33.7327 27.9336 22.1083 16.3967 10.6482 5.30975 5.77 5.77 5.76496 5.69552 11.445 17.2411 17.1849 17.255 19.6333 16.7782 10.889 5.54661 5.75887 5.77 5.77 5.77 5.77 5.77 5.77 5.77 5.77 5.77 5.77 5.77 5.77 5.77 5.77 5.77 5.77 5.77 5.77 5.77 5.77 5.77 5.77 5.77 5.77 5.77 5.77 5.77 5.77 5.77 5.77 5.77 5.77 5.77 5.77 5.77 5.77 5.77 5.77 5.77
10.9999 15.6319 21.3643 27.213 32.9484 45.3955 139.713 134.934 129.115 123.309 117.511 111.714 105.919 100.126 94.3334 88.5412 82.7491 76.9564 71.1637 65.3701 59.5755 53.7789 47.9786 42.1644 36.3278 30.5607 24.725 16.3437 10.6816 5.33031 5.77 5.77 5.77 5.71411 11.4653 13.1544 11.2745 11.3796 13.6896 16.232 11.015 5.52585 5.76058 5.77 5.77 5.77 5.77 5.77 5.77 5.77 5.77 5.77 5.77 5.77 5.77 5.77 5.77 5.77 5.77 5.77 5.77 5.77 5.77 5.77 5.77 5.77 5.77 5.77 5.77 5.76986 5.7699 5.76994 5.77 5.77 5.77 5.77 5.77 5.77 5.77 5.77 5.77 5.77
7.76168 13.4591 15.7568 21.5644 27.2094 39.4318 138.56 133.925 128.088 122.275 116.468 110.665 104.864 99.0636 93.2636 87.4642 81.6652 75.8662 70.0657 64.2647 58.463 52.6605 46.8564 41.047 35.2186 29.3616 23.6117 18.8952 10.5741 5.31317 5.77 5.77 5.77 5.73614 9.82022 7.33266 5.58071 5.55876 7.94336 13.8493 13.6648 7.85539 5.72723 5.77 5.77 5.77 5.77 5.77 5.77 5.77 5.77 5.77 5.77 5.77 5.77 5.77 5.77 5.77 5.77 5.77 5.77 5.77 5.77 5.77 5.77 5.77 5.77 5.77 5.77 5.76994 8.0607 5.76992 5.77 5.77 5.77 5.77 5.77 5.77 5.77 5.77 5.77 5.77
5.5702 7.72966 13.5393 15.8897 21.4722 33.381 135.934 131.486 125.635 119.785 113.947 108.115 102.288 96.4613 90.6355 84.8127 78.992 73.169 67.3458 61.522 55.6979 49.8733 44.0481 38.2214 32.3873 26.529 20.6559 14.8868 10.4767 5.20451 5.77 5.77 5.77 5.75537 5.72693 5.71829 5.7558 5.75692 5.65108 11.4646 16.1837 11.4105 5.71431 5.77 5.77 5.77 5.77 5.77 5.76985 5.76955 5.76927 5.76967 5.76993 5.76979 5.76985 5.76999 5.77 5.77 5.77 5.77 5.77 5.77 5.77 5.77 5.77 5.77 5.77 5.77 5.77 5.76995 5.77 5.76992 5.77 5.77 5.77 5.77 5.77 5.77 5.77 5.77 5.77 5.77
5.74906 5.58123 7.8078 13.6012 15.7865 27.919 132.694 128.457 123.184 117.28 111.398 105.526 99.6577 93.7912 87.9339 82.0842 76.2256 70.3663 64.5045 58.6412 52.7765 46.9107 41.0441 35.1764 29.3065 23.4285 17.5245 11.5992 6.39445 5.41181 5.77 5.77 5.77 5.77 5.77 5.77 5.77 5.77 5.7301 11.503 13.8226 8.00276 5.73845 5.77 5.76979 5.76973 5.76959 5.76907 5.76771 6.15315 6.08039 5.76978 5.76997 5.84337 6.15932 5.76977 5.76993 5.76997 5.77 5.77 5.77 5.77 5.77 5.77 5.77 5.76999 5.76999 5.76999 5.76999 5.76997 7.97379 5.76995 5.76995 5.77 5.77 5.77 5.77 5.77 5.77 5.77 5.77 5.77
5.77 5.75197 5.61043 7.85217 13.5411 14.3866 17.1393 124.921 120.781 114.83 108.902 102.982 97.0647 91.1476 85.2547 79.3345 73.4136 67.4863 61.556 55.6228 49.6874 43.75 37.8108 31.8698 25.9268 19.9808 14.0189 8.11678 3.59545 5.67159 5.77 5.77 5.77 5.77 5.77 5.77 5.77 5.77 5.73564 11.5046 11.4213 5.65922 5.75891 5.77 5.76927 6.15224 6.15537 6.15299 7.46044 8.15844 5.76849 5.76986 5.76995 5.76918 11.5398 8.15966 8.15993 6.15996 6.15999 6.15999 6.15999 6.16 6.16 6.15998 6.15995 6.15993 6.15991 6.15996 6.15998 5.76999 5.76998 8.15994 5.76995 5.77 5.77 5.77 5.77 5.77 5.77 5.77 5.77 5.77
5.77 5.77 5.75335 5.60091 7.74846 13.4684 16.4191 124.11 119.691 113.741 107.802 101.866 95.9304 89.9926 83.993 78.0209 72.0501 66.0815 60.1116 54.1402 48.1665 42.191 36.2133 30.2335 24.2513 18.2657 12.2967 6.48115 3.69575 5.6911 5.77 5.77 5.77 5.77 5.77 5.77 5.77 5.77 5.72646 11.4965 13.7939 7.98556 5.75917 5.77 5.76919 9.69648 10.8218 9.37448 10.86 5.76662 5.76884 5.77 5.76991 6.17409 11.9446 12.3199 12.32 11.93 11.0559 11.0559 11.0559 11.0559 11.0559 11.056 11.056 11.0559 11.9299 8.15994 5.76998 5.77 5.76999 5.76998 5.76997 5.77 5.77 5.77 5.77 5.77 5.77 5.77 5.77 5.77
5.77 5.77 5.77 5.74926 5.47121 11.1428 14.501 126.51 122.115 116.233 110.348 104.459 98.5676 92.6746 86.7998 80.8866 74.9753 69.0626 63.1485 57.2316 51.3131 45.3915 39.4688 33.5424 27.6143 21.6841 15.79 10.4487 6.0794 5.64894 5.77 5.77 5.77 5.77 5.77 5.77 5.77 5.77 5.72349 11.4893 11.3762 5.637 5.75715 5.77 5.76902 5.76688 5.76392 5.76235 5.76423 5.76705 5.77 5.77 5.76993 5.76876 7.67151 7.67257 7.673 7.67307 7.67311 7.67313 7.67313 7.67312 5.76996 5.76996 5.76993 5.7699 7.67293 5.76993 5.76998 5.77 5.77 5.77 5.77 5.77 5.77 5.77 5.77 5.77 5.77 5.77 5.77 5.77
5.77 5.77 5.77 5.77 5.60597 11.1935 17.0066 123.885 119.776 113.833 107.9 101.969 96.0377 90.1063 84.1795 78.2564 72.324 66.3851 60.4403 54.4893 48.5319 42.569 36.6001 30.6289 24.6544 18.6789 12.7383 6.90381 3.55921 5.62885 5.77 5.77 5.77 5.77 5.77 5.77 5.77 5.77 5.72524 11.4983 13.7942 7.99024 5.75448 5.76627 5.76852 5.76865 5.77 5.77 5.77 5.77 5.77 5.77 5.77 5.76936 7.67181 7.67295 7.67311 7.67316 7.67316 7.67313 7.67312 5.76997 5.76999 5.77 5.77 5.76999 5.76998 5.76999 5.77 5.77 5.77 5.77 5.77 5.77 5.77 5.77 5.77 5.77 5.77 5.77 5.77 5.77
5.77 5.77 5.77 5.77 5.62416 11.1724 19.4967 126.477 122.194 116.284 110.39 104.502 98.6162 92.7294 86.8426 80.9576 75.0747 69.1886 63.2984 57.4037 51.5034 45.5961 39.6842 33.7657 27.8531 21.9437 16.0398 10.4982 5.48596 5.37316 5.77 5.77 5.77 5.77 5.77 5.77 5.77 5.77 5.71299 11.4882 11.3668 5.64567 5.73733 5.76351 8.15832 5.76716 5.77 5.77 5.77 5.77 5.76967 5.76992 5.76983 5.76941 7.67319 7.6732 7.67321 7.67321 7.67321 7.67321 5.76996 5.76998 5.77 5.77 5.77 5.77 5.77 5.77 5.77 5.77 5.77 5.77 5.77 5.77 5.76998 5.76996 5.76997 5.77 5.77 5.77 5.76997 5.76995
