tests/full-run-ref/erosion_2010_78_21_-27.869.asc
ncols 512
nrows 512
xllcorner -3.24582
yllcorner -4.08743
cellsize 5
NODATA_value -99999
[rows 72 to 107 of 512, columns 82 to 163 of 512]
339.394 345.16 350.896 289.964 284.211 278.434 272.652 266.871 261.087 255.302 249.51 243.71 237.908 232.114 226.321 220.504 214.781 209.156 198.692 192.943 187.199 182.409 176.633 170.863 168.491 166.118 163.739 163.762 163.768 166.159 167.153 164.762 163.771 164.757 162.365 159.973 162.336 159.944 162.292 163.676 166.065 168.404 217.058 211.309 205.534 199.76 193.986 188.211 182.437 176.662 170.888 165.113 159.338 153.562 147.787 142.011 136.234 130.457 124.679 118.901 113.123 107.344 101.565 95.7859 90.006 84.2257 78.445 72.6639 66.8825 61.1007 55.3182 49.5329 43.7329 37.9226 32.0878 29.7832 23.8895 21.497 19.0027 16.4709 18.9688 21.0202
330.219 335.939 285.136 279.434 273.68 267.918 262.151 256.386 250.62 244.852 239.081 233.308 227.537 221.769 216.004 210.236 204.47 198.713 192.936 187.168 182.4 179.046 174.249 168.47 162.695 160.324 157.955 157.988 157.997 160.388 161.382 158.99 157.999 158.987 156.592 154.2 156.563 154.169 156.519 157.904 160.292 162.621 214.661 208.918 203.142 197.367 191.592 185.818 180.042 174.267 168.491 162.716 156.94 151.164 145.388 139.611 133.834 128.056 122.278 116.499 110.72 104.941 99.1608 93.3805 87.5996 81.8184 76.0367 70.2546 64.4721 58.6892 52.9059 47.1218 41.3342 35.5295 29.7097 23.8628 21.5705 15.6348 13.1657 10.5983 13.083 15.1948
321.026 231.774 227.907 223.712 219.757 217.375 212.175 209.794 207.413 203.462 200.607 195.241 192.855 190.471 188.087 185.702 183.318 180.93 180.963 180.993 179.046 174.251 170.891 166.089 160.308 154.529 152.162 152.209 152.224 154.616 155.61 153.217 152.226 153.216 150.822 148.428 150.821 148.398 150.747 152.132 154.518 160.231 212.268 206.526 200.75 194.974 189.199 183.423 177.648 171.871 166.094 160.317 154.54 148.763 142.986 137.208 131.429 125.651 119.871 114.091 108.311 102.53 96.7487 90.9668 85.1844 79.4015 73.618 67.8341 62.0496 56.2646 50.4792 44.6932 38.9063 33.1154 27.3053 21.4765 15.6165 13.3444 7.41003 5.10255 7.22503 13.1212
228.427 226.156 223.825 219.877 215.659 211.706 209.32 204.115 201.727 199.34 195.388 192.53 187.162 184.772 182.381 179.99 177.596 175.199 175.222 175.236 174.271 170.889 166.096 162.733 157.928 152.148 146.42 146.453 146.461 152.226 149.838 147.447 146.46 147.45 146.461 146.464 146.464 146.464 146.461 146.45 152.131 157.844 209.87 204.134 198.356 192.579 186.802 181.026 175.248 169.471 163.691 157.912 152.132 146.352 140.572 134.792 129.01 123.229 117.446 111.663 105.88 100.096 94.3107 88.5251 82.7388 76.9519 71.1642 65.3758 59.5866 53.7967 48.0061 42.2148 36.4227 30.6293 24.8319 19.0148 13.1831 7.43566 5.50958 5.7088 5.27066 10.832
226.193 220.427 218.048 215.665 211.717 207.498 203.545 201.159 195.952 193.566 191.18 187.228 184.369 178.997 176.607 174.218 171.824 169.425 169.451 169.467 169.489 166.112 162.73 157.938 154.575 149.8 146.456 146.47 146.468 146.467 146.466 146.468 146.469 146.469 146.47 146.47 146.47 146.47 146.47 146.459 152.168 157.887 207.482 201.742 195.963 190.184 184.405 178.626 172.848 167.068 161.287 155.505 149.722 143.939 138.155 132.371 126.586 120.801 115.015 109.228 103.44 97.652 91.8627 86.0726 80.2816 74.4897 68.6968 62.9029 57.108 51.3121 45.5152 39.7173 33.9183 28.1182 22.3166 16.5109 10.6927 5.31719 5.74505 5.77 5.53415 11.037
223.801 218.028 212.259 209.883 207.503 203.554 199.336 195.382 192.996 187.789 185.403 183.018 179.066 176.205 170.831 168.441 166.048 163.651 163.678 163.695 163.716 163.732 157.947 154.569 149.787 146.445 146.467 146.47 146.47 146.47 146.47 146.47 146.47 146.47 146.47 146.47 146.47 146.47 146.47 146.461 152.177 157.903 207.513 201.767 195.987 190.21 184.431 178.653 172.874 167.096 161.316 155.536 149.754 143.972 138.188 132.405 126.621 120.837 115.052 109.266 103.479 97.6923 91.9044 86.1158 80.3263 74.5359 68.7447 62.9525 57.1594 51.3654 45.5703 39.7742 33.9771 28.1789 22.3797 16.5793 10.7854 5.46099 5.77 5.77 5.60338 11.1708
221.414 215.639 209.864 204.092 201.717 199.339 195.391 191.172 187.218 184.832 179.624 177.239 174.854 170.901 168.039 162.662 160.269 157.873 157.904 157.92 157.939 157.962 155.566 149.787 146.441 146.467 146.47 146.47 146.47 146.47 146.47 146.47 146.47 146.47 146.47 146.47 146.47 146.47 146.47 146.462 152.183 157.914 207.532 201.784 196.006 190.228 184.451 178.672 172.895 167.116 161.338 155.559 149.78 143.998 138.216 132.434 126.651 120.868 115.084 109.3 103.515 97.7295 91.9435 86.1567 80.3693 74.5811 68.7921 63.0023 57.2117 51.4202 45.6277 39.8344 34.04 28.2447 22.4485 16.6512 10.8601 5.49421 5.77 5.77 5.64952 11.2696
219.026 213.253 207.478 201.7 195.925 193.552 191.176 187.229 183.009 179.055 176.669 171.46 169.076 166.691 162.737 159.874 154.49 152.096 152.13 152.148 152.166 152.187 152.208 147.426 146.464 146.47 146.47 146.47 146.47 146.47 146.47 146.47 146.47 146.47 146.47 146.47 146.47 146.47 146.467 146.458 152.167 157.899 207.544 201.794 196.018 190.24 184.461 178.684 172.906 167.129 161.35 155.573 149.794 144.015 138.232 132.451 126.669 120.886 115.104 109.32 103.537 97.7526 91.9679 86.1825 80.3966 74.61 68.8227 63.0347 57.2459 51.4563 45.6658 39.8746 34.0824 28.2893 22.4954 16.7005 10.9107 5.51536 5.77 5.77 5.69345 11.3607
216.636 210.863 205.09 199.315 193.535 187.758 185.387 183.012 179.065 174.845 170.89 168.505 163.295 160.911 158.528 154.573 151.709 146.411 146.433 146.44 146.444 146.449 146.456 146.463 146.469 146.47 146.47 146.47 146.47 146.47 146.47 146.47 146.47 146.47 146.47 146.47 146.47 146.47 146.465 152.194 154.558 160.289 207.551 201.8 196.024 190.248 184.47 178.691 172.914 167.136 161.359 155.58 149.803 144.024 138.245 132.462 126.681 120.899 115.116 109.334 103.551 97.7672 91.9833 86.1989 80.4139 74.6284 68.8422 63.0554 57.2679 51.4797 45.6907 39.9009 34.1103 28.3189 22.5266 16.7334 10.9448 5.52982 5.77 5.77 5.73695 8.0051
214.249 208.474 202.701 196.927 191.151 185.37 179.591 177.221 174.849 170.902 166.68 162.726 160.341 155.129 152.749 151.776 146.439 146.464 146.47 146.47 146.47 146.47 146.47 146.47 146.47 146.47 146.47 146.47 146.47 146.47 146.47 146.47 146.47 146.47 146.47 146.47 146.47 146.47 146.463 152.186 157.953 162.676 207.556 201.805 196.028 190.253 184.476 178.699 172.92 167.143 161.364 155.587 149.809 144.031 138.252 132.473 126.69 120.908 115.126 109.343 103.561 97.7775 91.994 86.2101 80.4258 74.6409 68.8554 63.0694 57.2827 51.4954 45.7074 39.9186 34.1291 28.3388 22.5477 16.7557 10.9679 5.53958 5.77 5.77 5.76311 5.67887
211.862 206.086 200.311 194.538 188.764 182.988 177.205 171.424 169.056 166.685 162.738 158.516 154.561 152.18 146.983 146.446 146.465 146.47 146.47 146.47 146.47 146.47 146.47 146.47 146.47 146.47 146.47 146.47 146.47 146.47 146.47 146.47 146.47 146.47 146.47 146.47 146.47 146.47 146.461 152.191 157.953 176.636 201.132 201.804 196.034 190.256 184.48 178.704 172.927 167.148 161.371 155.592 149.815 144.037 138.259 132.48 126.701 120.917 115.135 109.352 103.57 97.7864 92.0031 86.2194 80.4353 74.6507 68.8657 63.0801 57.2939 51.5071 45.7197 39.9316 34.1428 28.3533 22.563 16.7718 10.9845 5.54629 5.77 5.77 5.77 5.75885
209.474 203.699 197.923 192.148 186.375 180.601 174.823 169.039 163.256 160.89 158.521 154.573 150.357 146.431 146.46 146.469 146.47 146.47 146.47 146.47 146.47 146.47 146.47 146.47 146.47 146.47 146.47 146.47 146.47 146.47 146.47 146.47 146.47 146.47 146.47 146.47 146.47 146.468 146.457 152.184 157.944 170.868 176.629 192.971 196.035 190.264 184.485 178.709 172.932 167.155 161.377 155.599 149.821 144.044 138.265 132.488 126.708 120.929 115.145 109.362 103.579 97.7956 92.0121 86.2284 80.4443 74.6598 68.8749 63.0896 57.3037 51.5173 45.7302 39.9425 34.1542 28.3651 22.5753 16.7847 10.9977 5.55124 5.77 5.77 5.77 5.77
207.086 201.311 195.536 189.761 183.986 178.212 172.438 166.659 160.872 155.087 152.728 150.371 146.442 146.466 146.47 146.47 146.47 146.47 146.47 146.47 146.47 146.47 146.47 146.47 146.47 146.47 146.47 146.47 146.47 146.47 146.47 146.47 146.47 146.47 146.47 146.47 146.47 146.466 152.213 154.58 160.342 168.491 174.26 179.043 184.818 190.271 184.494 178.715 172.938 167.161 161.384 155.606 149.829 144.05 138.273 132.495 126.717 120.937 115.157 109.373 103.59 97.8057 92.0221 86.238 80.4539 74.6693 68.8844 63.0991 57.3133 51.527 45.7402 39.9527 34.1646 28.3759 22.5864 16.7961 11.0092 5.55548 5.77 5.77 5.77 5.77
204.698 198.923 193.147 187.371 181.596 175.821 170.046 164.271 158.492 152.708 146.951 146.437 146.465 146.47 146.47 146.47 146.47 146.47 146.47 146.47 146.47 146.47 146.47 146.47 146.47 146.47 146.47 146.47 146.47 146.47 146.47 146.47 146.47 146.47 146.47 146.47 146.47 146.466 152.187 154.572 160.337 166.105 170.894 176.664 179.051 184.833 184.503 178.721 172.944 167.168 161.391 155.614 149.836 144.059 138.281 132.503 126.725 120.947 115.167 109.387 103.601 97.8178 92.0332 86.249 80.4644 74.6797 68.8947 63.1093 57.3235 51.5372 45.7504 39.963 34.1751 28.3865 22.5972 16.8071 11.0202 5.55956 5.77 5.77 5.77 5.77
202.316 196.542 190.766 184.99 179.214 173.439 167.663 161.888 156.112 150.348 146.43 146.469 146.47 146.47 146.47 146.47 146.47 146.47 146.47 146.47 146.47 146.47 146.47 146.47 146.47 146.47 146.47 146.47 146.47 146.47 146.47 146.47 146.47 146.47 146.47 146.47 146.47 146.468 146.457 152.177 157.946 162.733 168.504 170.888 176.663 182.443 184.509 178.727 172.951 167.174 161.399 155.621 149.845 144.067 138.29 132.512 126.734 120.956 115.178 109.397 103.617 97.8306 92.0464 86.2611 80.4763 74.6911 68.9059 63.1203 57.3343 51.548 45.7611 39.9738 34.1859 28.3973 22.6081 16.8181 11.0311 5.56364 5.77 5.77 5.77 5.77
199.93 194.156 188.382 182.606 176.831 171.054 165.279 159.503 153.729 147.978 146.459 146.47 146.47 146.47 146.47 146.47 146.47 146.47 146.47 146.47 146.47 146.47 146.47 146.47 146.47 146.47 146.47 146.47 146.47 146.47 146.47 146.47 146.47 146.47 146.47 146.47 146.47 146.47 146.464 152.192 154.574 160.342 162.723 168.498 174.272 182.467 184.512 178.732 172.957 167.182 161.406 155.63 149.853 144.077 138.299 132.522 126.743 120.966 115.187 109.409 103.628 97.8471 92.0602 86.2752 80.4893 74.7038 68.9181 63.1322 57.346 51.5594 45.7724 39.985 34.197 28.4084 22.6192 16.8291 11.0418 5.56758 5.77 5.77 5.77 5.77
197.544 191.77 185.997 180.223 174.448 168.672 162.896 157.12 151.351 146.439 146.468 146.47 146.47 146.47 146.47 146.47 146.47 146.47 146.47 146.47 146.47 146.47 146.47 146.47 146.47 146.47 146.47 146.47 146.47 146.47 146.47 146.47 146.47 146.47 146.47 146.47 146.47 146.47 146.468 146.457 152.182 154.559 160.333 166.105 174.296 182.473 181.624 178.738 172.964 167.189 161.414 155.638 149.862 144.085 138.309 132.531 126.754 120.975 115.198 109.419 103.64 97.8591 92.0776 86.2898 80.5041 74.7173 68.9312 63.1447 57.3582 51.5713 45.784 39.9963 34.2081 28.4193 22.6298 16.8395 11.0516 5.57103 5.77 5.77 5.77 5.77
195.157 189.384 183.61 177.837 172.062 166.287 160.512 154.736 148.976 146.457 146.47 146.47 146.47 146.47 146.47 146.47 146.47 146.47 146.47 146.47 146.47 146.47 146.47 146.47 146.47 146.47 146.47 146.47 146.47 146.47 146.47 146.47 146.47 146.47 146.47 146.47 146.47 146.47 146.47 146.468 146.445 152.172 157.944 166.131 174.305 178.241 175.845 173.457 171.07 167.197 161.422 155.646 149.87 144.094 138.317 132.54 126.762 120.985 115.207 109.429 103.65 97.8713 92.0895 86.3074 80.5185 74.732 68.9444 63.1574 57.3701 51.5827 45.7949 40.0067 34.218 28.4286 22.6384 16.8472 11.0582 5.57305 5.77 5.77 5.77 5.77
192.769 186.995 181.22 175.446 169.671 163.896 158.12 152.348 146.597 146.466 146.47 146.47 146.47 146.47 146.47 146.47 146.47 146.47 146.47 146.47 146.47 146.47 146.47 146.47 146.47 146.47 146.47 146.47 146.47 146.47 146.47 146.47 146.47 146.47 146.47 146.47 146.47 146.47 146.47 146.47 146.457 152.205 157.975 166.141 174.315 172.466 170.069 167.679 165.293 162.916 160.529 155.653 149.878 144.1 138.324 132.547 126.77 120.992 115.215 109.437 103.659 97.8793 92.1002 86.3176 80.5347 74.7446 68.957 63.1683 57.3803 51.5918 45.8031 40.0138 34.2239 28.433 22.6412 16.8481 11.0571 5.57188 5.77 5.77 5.77 5.77
190.379 184.604 178.829 173.054 167.278 161.502 155.726 149.954 146.442 146.47 146.47 146.47 146.47 146.47 146.47 146.47 146.47 146.47 146.47 146.47 146.47 146.47 146.47 146.47 146.47 146.47 146.47 146.47 146.47 146.47 146.47 146.47 146.47 146.47 146.47 146.47 146.47 146.47 146.47 146.47 146.462 152.216 157.985 166.152 169.09 166.69 164.295 161.904 159.516 157.138 154.752 152.369 149.881 144.103 138.326 132.55 126.773 120.996 115.218 109.441 103.662 97.8835 92.1032 86.3233 80.5396 74.7555 68.9638 63.1747 57.3843 51.5944 45.8036 40.012 34.2194 28.4256 22.6306 16.834 11.0396 5.56485 5.77 5.77 5.77 5.77
192.771 186.999 181.226 175.453 169.679 163.906 158.132 152.365 146.609 146.467 146.47 146.47 146.47 146.47 146.47 146.47 146.47 146.47 146.47 146.47 146.47 146.47 146.47 146.47 146.47 146.47 146.47 146.47 146.47 146.47 146.47 146.47 146.47 146.47 146.47 146.47 146.47 146.47 146.47 146.47 146.464 152.224 157.994 165.714 163.316 160.917 158.523 156.13 153.74 151.361 148.975 146.591 148.994 144.097 138.321 132.544 126.768 120.99 115.213 109.434 103.656 97.8759 92.0965 86.3149 80.5334 74.7478 68.9617 63.1677 57.3758 51.5818 45.7871 39.9909 34.1935 28.3948 22.5947 16.7927 10.9932 5.54784 5.77 5.77 5.77 5.77
195.164 189.392 183.621 177.849 172.078 166.306 160.539 154.771 149.006 146.463 146.47 146.47 146.47 146.47 146.47 146.47 146.47 146.47 146.47 146.47 146.47 146.47 146.47 146.47 146.47 146.47 146.47 146.47 146.47 146.47 146.47 146.47 146.47 146.47 146.47 146.47 146.47 146.47 146.47 146.47 146.465 152.229 158.001 159.942 157.542 155.146 152.75 150.357 147.966 145.586 143.197 140.81 143.216 141.24 138.307 132.534 126.757 120.979 115.199 109.421 103.641 97.8613 92.08 86.299 80.5157 74.732 68.9441 63.1546 57.3568 51.5589 45.7587 39.9578 34.1556 28.3519 22.5464 16.7386 10.93 5.47614 5.75372 5.77 5.77 5.77
197.556 191.784 186.013 180.242 174.471 168.705 162.937 157.167 151.399 146.46 146.47 146.47 146.47 146.47 146.47 146.47 146.47 146.47 146.47 146.47 146.47 146.47 146.47 146.47 146.47 146.47 146.47 146.47 146.47 146.47 146.47 146.47 146.47 146.47 146.47 146.47 146.47 146.47 146.47 146.469 146.466 152.235 156.567 154.17 151.772 149.375 146.979 144.585 142.192 139.811 137.42 135.031 137.44 135.463 133.075 130.688 128.3 123.384 117.609 111.829 106.051 100.272 94.494 88.7143 82.9351 77.1532 71.3713 65.5846 59.7967 53.9993 48.2037 42.4065 36.6088 30.8091 25.0079 19.2034 13.414 7.71701 5.69172 5.77 5.77 5.77
199.948 194.176 188.405 182.634 176.868 171.101 165.331 159.56 153.79 148.025 146.467 146.47 146.47 146.47 146.47 146.47 146.47 146.47 146.47 146.47 146.47 146.47 146.47 146.47 146.47 146.47 146.47 146.47 146.47 146.47 146.47 146.47 146.47 146.47 146.47 146.47 146.47 146.47 146.469 146.468 152.239 153.189 150.795 148.398 146.001 143.604 141.208 138.813 136.42 134.037 131.643 129.253 131.665 129.688 127.298 124.91 122.522 120.136 117.75 114.237 108.459 102.681 96.9023 91.1259 85.3472 79.5693 73.7885 68.0077 62.2213 56.434 50.639 44.8457 39.049 33.2521 27.4532 21.6697 15.8748 11.1072 5.5354 5.75386 5.77 5.77
202.339 196.568 190.797 185.031 179.263 173.494 167.723 161.952 156.182 150.414 146.464 146.47 146.47 146.47 146.47 146.47 146.47 146.47 146.47 146.47 146.47 146.47 146.47 146.47 146.47 146.47 146.47 146.47 146.47 146.47 146.47 146.47 146.47 146.468 146.467 146.467 146.467 146.468 146.469 152.2 149.809 147.417 145.023 142.627 140.231 137.834 135.438 133.042 130.648 128.264 125.868 123.475 125.89 123.914 121.524 119.134 116.745 114.356 111.971 111.966 109.579 105.085 99.3053 93.5266 87.7502 81.9714 76.1935 70.4121 64.6306 58.8464 53.0598 47.2603 41.4636 35.6665 29.8866 24.0975 19.2943 13.4682 7.69052 5.62333 5.75705 5.77
204.732 198.96 193.193 187.426 181.656 175.886 170.115 164.344 158.574 152.804 147.039 146.469 146.47 146.47 146.47 146.47 146.47 146.47 146.47 146.47 146.47 146.47 146.47 146.47 146.47 146.47 146.47 146.47 146.468 146.468 146.467 146.467 146.467 146.467 152.236 154.028 152.238 151.21 148.82 146.427 144.037 141.646 139.252 136.857 134.461 132.064 129.668 127.272 124.877 122.491 120.093 117.698 120.115 118.14 115.749 113.359 110.969 108.58 106.191 106.187 103.8 106.202 101.706 95.9269 90.148 84.3714 78.5921 72.8135 67.0337 61.2521 55.4612 49.6681 43.8715 38.094 32.3086 27.5029 21.6918 15.8663 13.5394 7.78021 5.63728 5.75718
205.976 201.357 195.589 189.819 184.048 178.277 172.507 166.736 160.966 155.195 149.428 146.466 146.47 146.47 146.47 146.47 146.47 146.47 146.47 146.47 146.47 146.47 146.47 146.47 146.47 146.47 146.47 146.469 146.467 152.227 154.621 152.62 152.623 152.626 152.61 150.217 147.827 145.436 143.046 140.656 138.266 135.875 133.482 131.087 128.691 126.295 123.898 121.502 119.106 116.719 114.318 111.921 114.341 112.366 109.975 107.584 105.193 102.802 100.414 100.409 98.019 100.422 102.823 98.3268 92.5473 86.7681 80.9911 75.213 69.4343 63.6492 57.8623 52.0807 46.3094 40.5251 35.7181 29.9142 24.1015 21.7474 15.9364 13.5684 7.77459 5.63627
192.041 197.815 197.982 192.211 186.44 180.669 174.899 169.128 163.357 157.587 151.818 146.464 146.47 146.47 146.47 146.47 146.47 146.47 146.47 146.47 146.47 146.47 146.47 146.47 146.47 146.47 146.469 146.467 152.231 154.617 160.388 158.783 158.378 152.607 146.835 144.445 142.053 139.663 137.274 134.884 132.494 130.104 127.711 125.317 122.922 120.525 118.128 115.732 113.336 110.948 108.544 106.145 108.567 106.592 104.201 101.81 99.4182 97.0263 94.6359 94.6326 92.2388 94.6416 97.0433 99.4427 94.9469 89.1671 83.3888 77.6116 71.8296 66.0466 60.2684 54.5014 48.7287 43.9232 38.1221 32.318 29.95 24.1518 21.7536 15.9207 13.5591 7.77606
181.49 183.882 189.653 194.602 188.833 183.061 177.29 171.52 165.749 159.979 154.209 148.442 146.468 146.47 146.47 146.47 146.47 146.47 146.47 146.47 146.47 146.47 146.47 146.47 146.47 146.469 146.468 152.232 154.62 160.391 162.78 161.758 155.985 150.213 144.442 138.669 136.28 133.89 131.501 129.112 126.723 124.332 121.941 119.547 117.152 114.756 112.359 109.962 107.565 105.176 102.77 100.369 102.794 100.819 98.4276 96.0356 93.6438 91.25 88.8587 88.8548 86.459 88.8631 91.2656 93.6636 96.0296 91.567 85.7872 80.0061 74.2255 68.4484 62.6843 56.9156 52.1132 46.3254 40.5298 38.149 32.3593 29.9555 24.1363 21.7344 15.906 13.5744
167.56 173.332 175.721 181.491 191.222 185.454 179.682 173.911 168.141 162.371 156.601 150.832 146.466 146.47 146.47 146.47 146.47 146.47 146.47 146.47 146.47 146.47 146.47 146.47 146.469 146.468 152.234 154.622 160.392 162.782 165.139 159.366 153.592 147.821 142.049 136.277 130.504 128.116 125.727 123.338 120.95 118.56 116.169 113.776 111.382 108.986 106.59 104.193 101.796 99.4054 96.997 94.5943 97.0204 95.0461 92.6545 90.2624 87.8696 85.4747 83.0813 83.0775 80.6783 83.0856 85.489 87.8862 90.2498 92.6496 88.1859 82.4027 76.6244 70.8617 65.095 60.2944 54.5126 48.7245 46.3464 40.5655 38.1529 32.3439 29.9347 24.1156 21.7378 15.9197
153.631 159.4 165.171 167.56 173.329 187.842 182.075 176.303 170.533 164.762 158.992 153.222 147.454 146.467 146.468 146.468 146.468 146.468 146.468 146.468 146.468 146.468 146.468 146.468 146.468 152.235 154.624 160.392 162.782 168.52 162.748 156.975 151.203 145.43 139.658 133.886 128.113 122.337 119.951 117.563 115.176 112.787 110.397 108.005 105.612 103.216 100.82 98.4232 96.0257 93.6346 91.2241 88.8198 91.2475 89.2734 86.8819 84.4895 82.0962 79.6995 77.3046 77.2996 74.8978 77.307 79.7135 82.1094 84.4722 86.8718 89.2689 84.804 79.0366 73.2705 68.4705 62.6923 56.9093 54.5287 48.7544 46.3482 40.5507 38.1305 32.3212 29.929 24.1167 19.2617
133.521 145.47 151.24 157.01 159.4 165.168 184.462 178.696 172.924 167.154 161.383 155.612 149.841 152.215 149.84 152.234 152.622 154.622 152.621 152.622 152.622 152.622 152.623 152.624 154.625 154.625 160.394 162.784 170.93 166.129 160.357 154.586 148.814 143.041 137.267 131.495 125.722 119.947 114.17 111.785 109.4 107.013 104.624 102.234 99.8408 97.4463 95.0504 92.6536 90.256 87.8639 85.4516 83.0457 85.4748 83.501 81.1094 78.7169 76.323 73.9249 71.5279 71.5222 69.1168 71.5288 73.9369 76.3344 78.6972 81.0966 83.4907 87.2223 81.4446 76.6445 70.8684 65.0887 62.7041 56.934 54.5308 48.7436 46.332 40.5358 38.1321 32.3284 27.4671 21.6461
127.754 134.923 137.31 143.08 148.851 151.24 157.008 181.083 175.316 169.545 163.774 158.003 160.376 157.985 160.375 158 158.394 160.392 158.781 158.781 158.782 158.782 158.782 160.783 160.784 162.786 162.786 167.55 165.159 162.769 157.968 152.196 146.424 140.652 134.879 129.105 123.332 117.558 111.782 106.002 103.619 101.236 98.85 96.4607 94.0692 91.6756 89.2804 86.8839 84.4861 82.0933 79.6792 77.2721 79.7024 77.7286 75.3371 72.9446 70.5502 68.1506 65.7518 65.7445 63.3357 65.75 68.1611 70.5594 72.9243 75.3223 77.7099 89.6133 84.8222 79.0486 73.2655 70.876 65.1083 62.706 56.9257 54.5197 48.7354 46.3485 40.5602 35.7016 29.8922 24.0779
121.985 124.374 126.763 129.151 134.922 140.693 143.082 148.85 177.704 171.936 166.165 168.537 166.147 168.537 166.146 166.555 166.159 166.941 166.941 166.941 166.941 168.942 168.943 171.339 168.95 166.56 164.17 161.779 159.388 156.998 154.608 149.807 144.035 138.263 132.491 126.717 120.943 115.169 109.394 103.616 97.8338 95.4533 93.0726 90.6868 88.2969 85.9044 83.51 81.1139 78.7161 76.3227 73.9071 71.4987 73.9301 71.9604 69.5649 67.1724 64.7776 62.3767 59.9758 59.9671 57.5545 59.9715 62.3854 64.7859 67.1512 69.5508 71.9391 74.3284 76.7305 81.4495 79.0462 73.2799 70.8771 65.1015 62.6985 56.9222 54.5352 48.7563 43.9206 38.1267 32.3168 29.9308
116.215 118.604 120.994 126.765 132.536 134.925 140.696 143.085 145.472 174.323 161.794 159.405 161.796 167.567 173.336 174.305 175.102 175.101 175.101 175.102 177.102 177.104 174.719 168.948 163.177 160.788 158.398 156.008 153.618 151.227 148.837 146.448 141.647 135.875 130.102 124.329 118.555 112.78 107.006 101.23 95.4491 89.6648 87.2869 84.9084 82.5231 80.1325 77.7391 75.3436 72.946 70.5521 68.1351 65.7257 68.1581 66.1911 63.7967 61.4001 59.0052 56.6029 54.2001 54.1896 51.7733 54.1929 56.6105 59.0126 61.3796 63.779 66.1738 68.563 70.947 87.2126 81.4498 79.0458 73.2737 70.8719 65.1014 62.7124 56.9392 52.1106 46.3295 40.5418 38.1526 32.3873
110.444 112.833 118.605 124.376 126.765 132.536 134.926 137.316 143.084 145.473 147.863 153.635 159.406 165.176 170.945 183.263 183.262 183.262 183.263 185.264 183.869 178.099 172.327 166.556 160.786 155.014 152.626 150.237 147.847 145.457 143.067 140.677 138.287 133.486 127.714 121.942 116.168 110.394 104.618 98.8432 93.0655 87.2819 81.4952 79.1199 76.7437 74.3589 71.9676 69.573 67.1756 64.7813 62.3633 59.9528 62.3862 60.4223 58.0274 55.6319 53.2327 50.8293 48.4244 48.4122 45.9921 48.4148 50.8359 53.2501 55.6079 58.0091 60.3991 62.7908 68.5478 89.2882 87.2137 81.4449 79.0437 73.278 70.8867 65.1168 60.29 54.5114 48.735 46.3464 40.5949 36.7353
