tests/full-run-ref/erosion_2010_78_21_-27.869.asc
ncols 512
nrows 512
xllcorner -3.24582
yllcorner -4.08743
cellsize 5
NODATA_value -99999
[rows 36 to 71 of 512, columns 0 to 82 of 512]
352.896 353.887 353.879 353.874 353.871 353.871 353.872 353.875 353.881 353.889 353.898 353.908 288.31 264.22 172.929 170.539 164.769 162.379 159.989 157.599 155.209 152.819 150.43 148.04 145.65 143.26 140.87 138.48 138.48 140.87 142.268 136.498 130.728 124.958 119.187 113.417 107.647 101.877 96.1065 90.3362 84.5659 78.7957 73.0254 67.2551 61.4849 55.7146 49.9443 44.1737 38.403 32.6319 30.2409 24.4673 23.0715 23.0758 23.0786 23.08 23.08 23.08 23.08 23.08 23.08 23.08 23.08 23.08 23.08 23.08 23.08 23.08 23.08 23.08 23.08 23.08 23.0733 25.4378 31.1992 36.9332 42.7055 48.4769 54.2477 60.0192 65.7896 71.0141 73.3611
352.888 351.39 353.78 353.86 353.856 353.854 353.855 353.858 353.863 353.872 353.882 353.892 353.904 296.47 170.539 164.769 158.999 156.609 154.219 151.829 149.439 147.049 144.66 142.27 139.88 137.49 135.1 132.71 132.71 135.1 137.49 134.108 128.338 122.568 116.798 111.027 105.257 99.4874 93.7171 87.9467 82.1764 76.4061 70.6358 64.8655 59.0952 53.3249 47.5546 41.7842 36.0135 30.2428 24.473 23.0767 23.0795 23.08 23.08 23.08 23.08 23.08 23.08 23.08 23.08 23.08 23.08 23.08 23.08 23.08 23.08 23.08 23.08 23.08 23.08 23.0791 23.0609 27.7683 33.4763 39.2186 44.9921 50.7636 56.5337 62.302 68.163 73.9377 93.3875
348.01 345.62 348.01 353.846 353.841 353.838 353.837 353.84 353.845 353.853 353.863 353.874 353.887 353.902 172.929 158.999 153.229 150.839 148.449 146.059 143.669 141.279 138.89 136.5 134.11 131.72 129.33 126.94 126.94 129.33 131.72 131.718 125.948 120.178 114.408 108.637 102.867 97.0972 91.3277 85.5574 79.787 74.0167 68.2463 62.476 56.7057 50.9354 45.1651 39.3948 33.6243 27.8541 23.0766 23.0797 23.08 23.08 23.08 23.08 23.08 23.08 23.08 23.08 23.08 23.08 23.08 23.08 23.08 23.08 23.08 23.08 23.08 23.08 23.08 23.0734 24.4021 30.1626 35.9231 41.6351 47.3774 53.1524 58.9241 64.6724 70.4978 96.7587 90.9928
342.24 339.85 342.24 353.832 353.825 353.821 353.82 353.822 353.826 353.834 353.845 353.856 353.87 353.886 353.902 153.229 147.459 145.069 142.679 140.289 137.899 135.509 133.12 130.73 128.34 125.95 123.56 121.17 121.17 123.56 125.95 128.34 123.558 117.788 112.018 106.248 100.477 94.7073 88.9371 83.1679 77.3976 71.6272 65.8568 60.0865 54.3161 48.5458 42.7754 37.0051 31.2346 25.4654 23.0788 23.08 23.08 23.08 23.08 23.08 23.08 23.08 23.08 23.08 23.08 23.08 23.08 23.08 23.08 23.08 23.08 23.08 23.08 23.08 23.0793 23.0628 28.7817 32.5539 38.3214 44.0808 49.7923 55.5341 61.2851 67.0072 104.907 97.3264 91.5605
336.47 334.08 336.47 353.819 353.81 353.805 353.803 353.803 353.808 353.816 353.826 353.838 353.852 353.868 353.886 150.839 145.069 139.299 136.909 134.519 132.129 129.739 127.35 124.96 122.57 120.18 117.79 115.4 115.4 117.79 120.18 122.57 121.168 115.398 109.628 103.858 98.0875 92.3174 86.5473 80.7771 75.0079 69.2376 63.4673 57.6969 51.9265 46.1561 40.3857 34.6153 28.8449 23.077 23.0797 23.08 23.08 23.08 23.08 23.08 23.08 23.08 23.08 23.08 23.08 23.08 23.08 23.08 23.08 23.08 23.08 23.08 23.08 23.08 23.075 24.388 30.1509 35.9214 40.7154 46.4826 52.1753 57.8263 63.5389 110.159 107.317 97.2951 91.5305
330.7 328.31 330.7 353.805 353.795 353.788 353.785 353.785 353.789 353.796 353.807 353.818 353.833 353.849 353.867 153.229 142.679 136.909 131.139 128.749 126.359 123.969 121.58 119.19 116.8 114.41 112.02 109.63 109.63 112.02 114.41 116.8 119.19 115.398 109.628 103.858 98.0878 92.3178 86.5477 80.7776 75.0075 69.2384 63.4682 57.6979 51.9277 46.1574 40.387 34.6167 28.8463 23.0781 23.08 23.08 23.08 23.08 23.08 23.08 23.08 23.08 23.08 23.08 23.08 23.08 23.08 23.08 23.08 23.08 23.08 23.08 23.08 23.0792 23.0644 27.7606 32.5399 38.3117 44.0839 48.8379 54.5009 116.23 110.572 107.79 102.018 97.05 91.2764
324.93 322.54 324.93 353.791 353.78 353.772 353.768 353.767 353.77 353.777 353.787 353.799 353.813 353.83 353.848 353.866 145.069 134.519 128.749 122.979 120.589 118.199 115.81 113.42 111.03 108.64 106.25 103.86 103.86 106.25 108.64 111.03 113.42 115.4 109.628 103.858 98.0882 92.3181 86.5481 80.7781 75.008 69.2379 63.4688 57.6987 51.9285 46.1583 40.388 34.6178 28.8475 23.0787 23.08 23.08 23.0799 23.08 23.08 23.08 23.08 23.08 23.08 23.08 23.08 23.08 23.08 23.08 23.08 23.08 23.08 23.08 23.0794 23.0714 24.4364 30.1593 35.9189 40.7002 46.4695 53.1731 109.31 111.751 108.191 102.435 99.6164 93.8502 91.469
319.16 316.77 319.16 353.779 353.767 353.758 353.752 353.751 353.753 353.76 353.77 353.782 353.796 353.812 353.831 353.849 147.458 136.909 126.359 117.209 114.819 112.429 110.04 107.65 105.26 102.87 100.48 98.0898 98.0898 100.48 102.87 105.26 107.65 109.63 109.63 103.858 98.0884 92.3184 86.5484 80.7784 75.0084 69.2383 63.4682 57.699 51.9289 46.1588 40.3886 34.6184 28.8481 23.0787 23.08 23.0799 23.08 23.08 23.08 23.08 23.08 23.08 23.08 23.08 23.08 23.08 23.08 23.08 23.08 23.08 23.08 23.08 23.0762 24.4617 30.202 32.5931 38.3209 44.0376 49.7474 55.5042 103.572 101.174 103.553 99.9514 94.2176 91.3711 85.6111
313.39 311 313.39 353.768 353.754 353.744 353.738 353.735 353.738 353.744 353.754 353.766 353.78 353.796 353.815 353.833 353.852 139.298 128.749 111.439 109.049 106.659 104.27 101.88 99.4899 97.0999 94.7098 92.3198 92.3198 94.7098 97.0998 99.4898 101.88 103.86 103.86 106.248 98.0887 92.3187 86.5487 80.7787 75.0086 69.2386 63.4686 57.6985 51.9288 46.1587 40.3886 34.6183 28.8478 23.0781 23.0797 23.08 23.08 23.08 23.08 23.08 23.08 23.08 23.08 23.08 23.08 23.08 23.08 23.08 23.08 23.08 23.08 23.0789 23.0627 27.8153 32.5543 38.3298 40.715 46.343 112.418 106.673 100.959 95.4095 92.9626 90.537 90.7181 86.0529 83.2153
307.62 305.23 307.62 353.757 353.742 353.731 353.724 353.721 353.723 353.729 353.739 353.751 353.764 353.781 353.8 353.818 353.838 353.858 131.138 105.669 103.279 100.889 98.4999 96.1099 93.7199 91.3299 88.9398 86.5498 86.5497 88.9398 91.3298 93.7198 96.1098 98.0897 98.0895 100.479 100.479 94.7077 88.9377 83.1677 77.3977 71.6277 65.8577 60.0877 54.3186 48.5485 42.7782 37.0077 31.237 25.4668 23.079 23.08 23.08 23.08 23.08 23.08 23.08 23.08 23.08 23.08 23.08 23.08 23.08 23.08 23.08 23.08 23.0791 23.0682 24.4189 30.1459 35.9243 40.7125 46.4197 115.83 110.098 104.322 98.5387 92.7596 87.201 84.7959 84.9608 83.7028 80.1068
301.85 299.46 301.85 353.747 353.731 353.719 353.714 353.714 353.714 353.715 353.725 353.737 353.751 353.767 353.785 353.804 353.824 353.845 353.865 99.8982 97.5091 95.1191 92.7299 90.3399 87.9499 85.5599 83.1698 80.7798 80.7797 83.1698 85.5598 87.9498 90.3398 92.3197 92.3195 94.7094 97.0993 97.0978 91.3271 85.5571 79.7871 74.0171 68.2471 62.4771 56.707 50.9372 45.1674 39.3969 33.6261 27.8556 23.0782 23.08 23.0799 23.08 23.08 23.08 23.08 23.08 23.08 23.08 23.08 23.08 23.08 23.08 23.08 23.0792 23.0704 24.4287 30.1495 32.5703 38.3041 44.0333 48.706 113.447 107.711 101.92 96.1263 90.3364 84.5566 80.0476 80.1025 80.1483 80.1702
296.08 293.69 296.08 353.739 353.721 353.714 353.714 353.714 353.714 353.714 353.714 353.724 353.738 353.755 353.773 353.792 353.812 353.833 353.854 94.1279 91.7391 89.3491 86.9599 84.5699 82.1799 79.7899 77.3998 75.0098 75.0097 77.3998 79.7898 82.1798 84.5698 86.5496 86.5494 88.9393 91.3293 93.719 93.7171 86.5476 80.7776 75.0076 69.2376 63.4676 57.6975 51.9271 46.1566 40.3859 34.6151 28.8443 23.0769 23.0796 23.08 23.08 23.08 23.08 23.08 23.08 23.08 23.08 23.08 23.08 23.08 23.08 23.079 23.0697 24.4331 30.1499 32.5817 38.3089 40.6536 46.2196 118.012 112.316 106.536 100.744 94.9496 89.1681 83.416 80.6955 80.7777 80.7767 80.7767
290.31 287.92 290.31 353.731 353.714 353.714 353.714 353.714 353.714 353.714 353.714 353.714 353.726 353.742 353.759 353.778 353.799 353.821 353.843 88.3577 85.9691 83.5791 81.1899 78.7999 76.4099 74.0199 71.6298 69.2397 69.2397 71.6297 74.0198 76.4098 78.7998 80.7796 80.7794 83.1693 85.5593 87.949 90.339 88.9377 83.1676 77.3976 71.6276 65.8576 60.0875 54.3171 48.5466 42.7759 37.0051 31.2344 25.4651 23.0788 23.08 23.0799 23.08 23.08 23.0799 23.08 23.08 23.08 23.08 23.08 23.08 23.0785 23.0643 24.445 30.1755 32.5881 38.3092 40.6715 46.2265 121.341 115.664 109.904 104.107 98.3086 92.5081 86.704 80.9768 80.739 80.7796 80.7797 80.7764
284.54 282.15 284.54 353.723 353.714 353.714 353.714 353.714 353.714 353.714 353.714 353.714 353.716 353.73 353.747 353.765 353.786 353.81 353.833 82.5874 80.1991 77.8091 75.4199 73.0299 70.6399 68.2499 65.8598 63.4697 63.4697 65.8597 68.2498 70.6398 73.0298 75.0096 75.0094 77.3993 79.7893 82.1789 84.569 86.5491 85.5577 79.7858 74.0158 68.2458 62.4756 56.7053 50.9366 45.1659 39.3952 33.6244 27.8543 23.077 23.0798 23.08 23.08 23.0799 23.08 23.08 23.08 23.08 23.08 23.0787 23.0719 23.0512 24.4219 30.2033 32.5157 38.2974 40.6876 46.2431 129.513 123.821 118.071 112.282 106.491 100.699 94.9058 89.1167 83.3737 80.7124 80.7796 80.7764 80.7797
278.77 276.38 278.77 353.717 353.714 353.714 353.714 353.714 353.714 353.714 353.714 353.714 353.714 353.721 353.738 353.756 353.777 353.802 353.825 76.8171 74.4291 72.039 69.6499 67.2599 64.8699 62.4798 60.0898 57.6997 57.6997 60.0897 62.4797 64.8698 67.2598 69.2396 69.2394 71.6293 74.0192 76.4089 78.799 80.7791 83.1691 82.1759 76.4058 70.6358 64.8656 59.0971 53.3265 47.5558 41.7849 36.0142 30.2436 24.4743 23.0774 23.0785 23.0796 23.08 23.08 23.08 23.08 23.08 23.0773 23.0544 24.4312 27.8011 30.1841 32.5307 38.2454 40.6785 46.3299 137.676 131.986 126.239 120.453 114.667 108.881 103.095 97.3142 91.53 85.7544 80.6645 80.7703 80.7797 80.7797
273 270.61 273 353.714 353.714 353.714 353.714 353.714 353.714 353.714 353.714 353.714 353.714 353.718 353.736 353.756 353.777 353.799 353.821 71.0463 68.659 66.269 63.8799 61.4899 59.0999 56.7098 54.3198 51.9297 51.9297 54.3197 56.7097 59.0997 61.4897 63.4696 63.4694 65.8593 68.2492 70.6389 73.029 75.0091 77.3991 79.7892 78.7959 73.0258 67.2574 61.4869 55.7163 49.9453 44.1747 38.4043 32.634 30.2458 28.8474 24.4769 23.0748 23.0733 23.0716 23.0651 23.0623 23.0514 23.021 24.3739 30.1634 32.5731 35.9144 38.2162 40.6983 46.4086 48.6267 140.059 134.408 128.624 122.84 117.057 111.273 105.495 99.7117 93.9244 88.1374 82.4072 80.7312 80.7796 80.7778
267.23 264.84 267.23 353.714 353.714 353.714 353.714 353.714 353.714 353.714 353.714 353.714 353.714 353.721 353.744 353.765 353.784 353.804 190.233 65.2762 62.8898 60.499 58.1099 55.7198 53.3298 50.9398 48.5498 46.1597 46.1596 48.5497 50.9397 53.3297 55.7197 57.6996 57.6994 60.0893 62.4792 64.8689 67.259 69.2391 71.6291 74.0191 76.4091 75.4177 69.6473 63.8767 58.1058 52.3353 46.5651 40.7951 38.4064 36.0173 32.6379 30.24 24.4618 28.2326 24.4413 28.2158 24.4017 26.1558 24.2879 30.0887 32.5132 38.3213 40.6245 43.9906 46.3812 48.841 54.3479 142.449 136.799 131.017 125.234 119.451 113.675 107.893 102.108 96.322 90.5325 84.7529 80.6497 80.7739 80.7796
261.46 259.07 261.46 353.714 353.714 353.714 353.714 353.714 353.714 353.714 353.714 353.714 353.714 353.73 353.762 170.528 168.141 170.535 176.307 62.8871 57.1197 54.7298 52.3398 49.9498 47.5598 45.1698 42.7798 40.3897 40.3896 42.7797 45.1697 47.5597 49.9497 51.9296 51.9293 54.3193 56.7092 59.0989 61.489 63.4691 65.8591 65.8587 68.2485 70.6381 72.0368 66.266 60.496 54.726 48.9563 46.5672 44.1778 40.7987 38.4028 32.6288 34.3984 32.6114 32.3781 32.5834 30.3353 31.9258 30.2385 32.4344 38.2619 40.6824 46.3443 48.7868 52.1462 54.4983 78.8678 144.859 139.19 133.408 127.625 121.843 116.06 110.277 104.492 98.7051 92.9047 87.0826 81.2992 80.6435 80.7167
255.69 253.3 255.69 353.714 353.714 353.714 353.714 353.714 353.714 353.714 353.714 353.714 353.711 353.738 162.372 159.986 162.379 164.769 170.538 60.4969 54.7296 48.9596 46.5697 44.1798 41.7898 39.3998 37.0098 34.6197 34.6196 37.0096 39.3997 41.7897 44.1797 46.1596 46.1593 48.5492 50.9392 53.3289 55.7189 57.6989 57.6985 60.0884 62.4781 64.8673 62.4762 60.0863 57.6977 57.118 54.7282 52.3382 48.959 46.564 40.7928 40.5655 40.1701 38.5531 38.1527 38.3573 36.7311 37.7077 36.6677 38.2364 40.6186 46.4331 48.7618 54.5069 56.9344 66.0325 76.5491 86.9976 141.524 135.791 130.01 124.227 118.444 112.661 106.876 101.081 95.2613 89.4166 87.0779 84.7422 83.1799
249.92 247.53 249.92 353.714 196.42 194.03 191.64 189.25 186.86 184.47 182.08 179.689 182.078 154.216 151.827 154.219 147.049 144.659 142.267 62.8872 52.3394 46.5696 40.7995 38.4096 36.0197 33.6298 31.2397 28.8496 28.8496 31.2396 33.6296 36.0197 38.4097 40.3896 40.3893 42.7792 45.1692 47.5588 49.9487 51.9287 51.9282 54.3178 56.7072 59.0964 56.706 54.3165 51.9271 51.9285 54.3191 54.3196 54.7243 48.9541 46.7289 46.3365 45.942 44.3255 43.9278 44.1297 44.511 43.4789 44.4552 44.0382 46.4165 48.798 54.5391 56.93 62.6599 68.4373 74.2039 84.6757 143.893 138.195 132.408 126.626 120.843 115.058 109.267 103.458 97.6271 95.2569 92.8974 90.5226 88.9377
244.15 241.76 244.15 193.04 190.65 188.26 185.87 183.48 181.09 178.7 176.31 173.92 176.31 148.449 146.06 143.669 141.279 138.889 136.498 65.2771 49.9478 44.1791 38.4095 32.6395 30.2496 27.8597 25.4697 23.0796 23.0795 25.4696 27.8596 30.2496 32.6397 34.6195 34.6193 37.0091 39.399 41.7886 44.1784 46.1584 46.1577 48.5473 50.9365 53.3263 50.9362 48.5459 46.1567 46.1581 48.5488 48.5495 50.9396 53.3296 52.4995 52.1076 51.7132 50.0982 49.6997 50.8619 50.2861 50.8309 50.235 50.8019 52.2134 54.5942 56.9755 62.7098 65.0979 70.8292 76.6048 82.3215 97.6493 140.539 134.818 129.023 123.239 117.451 111.649 105.83 103.452 101.074 98.6978 96.316 95.5296
238.38 235.99 189.66 187.27 184.88 182.49 180.1 177.71 175.32 172.93 170.54 168.15 170.54 142.679 140.29 137.9 135.509 133.119 130.728 56.7072 47.5578 41.7879 36.0191 30.2495 24.4794 22.0896 19.6996 17.3096 17.3095 19.6995 22.0896 24.4796 28.8497 28.8495 28.8492 31.239 33.6288 36.0183 38.4083 40.3881 40.3873 42.7767 45.1665 47.5565 45.166 42.7758 40.3862 40.3877 42.7787 42.7794 40.3894 42.7791 45.1687 57.8776 57.4853 55.8696 57.0367 56.6358 57.0162 56.608 56.9801 58.403 58.0023 60.3875 62.7698 65.153 70.8815 73.2689 78.9967 84.7568 95.3336 105.836 137.185 131.418 125.632 119.836 114.026 111.642 109.259 106.868 104.486 102.112 101.715
232.61 230.22 187.27 181.5 179.11 176.72 174.33 171.94 169.55 167.16 164.77 162.38 164.77 136.909 134.52 132.13 129.739 127.349 124.958 50.9376 45.1679 39.3979 33.6279 27.8591 22.0894 16.3193 13.9295 11.5395 11.5395 13.9295 16.3196 22.0897 23.0797 23.0794 23.079 25.4688 27.8585 30.2484 32.6382 34.618 34.6169 37.0066 39.3964 41.7865 39.3961 37.0057 34.6159 34.6173 37.0085 37.0094 34.6193 37.0087 39.3982 41.7863 63.254 63.2062 62.8098 63.1941 62.7957 63.1559 64.612 64.1832 64.603 66.1732 68.5597 70.9442 73.3293 79.0514 81.4396 87.1612 92.9727 103.471 139.56 133.811 128.02 122.218 119.827 117.439 115.048 112.653 110.269 107.894 108.312
226.84 224.45 184.88 179.11 173.34 170.95 168.56 166.17 163.78 161.39 159 156.61 159 131.14 128.75 126.36 123.97 121.578 59.0962 48.5485 42.7785 37.0085 31.2385 25.4694 19.6994 13.9293 8.15929 5.76961 5.76969 8.15953 13.9297 16.3198 17.3096 17.3093 17.3088 19.6985 22.0882 24.4782 30.2487 28.8477 28.8466 31.2363 33.6262 36.0164 33.6262 31.2356 28.8457 28.847 31.2383 31.2392 28.8491 31.2385 33.6274 36.0164 38.4025 68.974 69.3623 68.9682 69.3314 70.7985 70.4025 70.7847 71.3332 71.9526 74.3422 76.7312 79.1175 81.5051 87.2224 89.611 95.3826 101.09 141.951 136.2 130.405 128.01 125.617 123.225 120.831 118.435 116.054 116.075 114.085
221.07 218.68 182.49 176.72 170.95 165.18 162.79 160.4 158.01 155.62 153.23 150.84 153.23 125.37 122.98 120.59 118.2 115.808 56.7079 46.1593 40.3894 34.6194 28.8494 23.0793 17.3093 11.5393 5.76947 5.76996 5.76998 5.76987 8.15981 11.5397 11.5395 11.5392 11.5385 13.9281 16.3179 22.0885 24.4789 23.0774 23.0762 25.4662 27.8565 30.2471 27.8562 25.4656 23.0754 23.0767 25.468 25.4691 23.0788 25.468 27.8565 30.2443 32.6232 38.3817 44.1468 48.9203 54.692 60.4621 66.2397 72.0151 77.109 79.4974 80.1237 82.5113 84.9026 87.2946 89.6907 95.3997 97.7814 103.49 144.339 138.589 136.19 133.794 131.399 129.005 126.611 124.217 122.244 122.247 122.253
215.3 212.91 180.1 174.33 168.56 162.79 157.02 154.63 152.24 149.85 147.46 145.07 147.46 119.6 117.21 114.82 112.43 110.039 54.3184 48.5496 42.7796 37.0096 31.2396 25.4695 19.6995 13.9295 8.15964 5.76993 5.77 5.76999 5.76996 5.76989 5.76979 5.76961 5.76905 8.15807 13.9285 16.3189 19.6983 17.307 17.3059 19.696 22.0866 24.4776 22.0866 19.6957 17.3053 17.3064 19.6979 19.6989 17.3082 19.6961 22.082 24.4667 30.234 36.0019 40.7745 46.543 52.3079 58.0794 62.445 68.2124 80.1686 85.2698 85.8962 88.2852 90.6757 93.0673 89.7129 87.3124 89.6917 105.878 146.709 144.382 141.97 139.573 137.178 134.784 132.39 129.998 128.423 128.419 128.434
209.53 207.14 177.71 171.94 166.17 160.4 154.63 148.86 146.47 144.08 141.69 139.3 141.69 113.83 111.44 109.05 106.66 104.269 56.7088 50.9397 45.1697 39.3998 33.6298 27.8598 22.0898 16.3198 11.5398 5.76987 5.77 5.77 5.77 5.77 5.77 5.77 5.76993 5.76944 8.15898 13.9292 13.9284 11.5366 11.5355 13.9258 16.3169 22.0887 16.3169 13.9257 11.535 11.5361 13.928 13.9286 11.5357 13.9207 16.3039 22.0721 27.8411 32.6145 38.3846 44.1502 49.9226 54.2869 56.6733 59.0582 61.4367 63.8023 66.1897 68.5782 70.9626 73.349 79.1254 81.5356 87.3038 92.9784 122.183 150.114 147.759 145.351 142.956 140.562 138.169 136.59 134.576 136.599 134.204
203.76 201.37 175.32 169.55 163.78 158.01 152.24 146.47 140.7 138.31 135.92 133.53 135.92 108.06 105.67 103.28 100.89 98.4991 58.1088 52.3395 46.5696 40.7999 36.0199 30.2499 24.4799 19.6999 13.9299 8.15993 5.76999 5.77 5.77 5.77 5.77 5.77 5.77 5.76996 5.76969 8.15946 8.15882 5.76834 5.76768 8.15643 13.9278 19.6989 13.9279 8.15635 5.76744 5.76804 8.1586 8.15848 5.76263 8.14514 13.9128 19.6813 24.4551 30.226 35.9927 40.7791 46.1306 48.5164 50.9033 53.2954 55.6794 58.0457 60.4341 62.8208 65.2044 70.9744 73.3697 79.1449 84.8821 90.6246 101.117 130.357 153.501 151.137 148.734 146.34 143.948 142.365 144.765 142.371 144.771
197.99 195.6 172.93 167.16 161.39 155.62 149.85 144.08 138.31 132.54 130.15 127.76 130.15 102.29 99.8998 97.5098 95.1197 92.7292 55.7188 49.9495 44.1795 38.4095 32.6398 30.2499 24.48 22.09 16.32 11.54 5.76998 5.77 5.77 5.77 5.77 5.77 5.77 5.77 5.76997 5.76993 5.76991 5.76993 5.76988 5.7688 11.539 16.3198 11.5391 5.76869 5.76973 5.77 5.76978 5.76978 5.7691 5.75993 11.5235 16.3005 22.0693 27.8342 32.6208 38.3831 40.3587 42.7424 45.1331 47.5242 49.9066 52.272 54.6568 57.0404 62.8127 65.2022 70.9438 76.7171 82.4879 88.2451 98.7713 109.28 138.535 156.891 154.517 152.117 149.723 150.94 150.54 150.948 149.935
192.22 189.83 170.54 164.77 159 153.23 147.46 141.69 135.92 130.15 124.38 121.99 119.6 96.5198 94.1299 91.7398 89.3498 86.9593 53.3288 47.5594 41.7894 36.0194 30.2495 24.4798 22.0899 16.3199 13.9299 8.15998 5.76999 5.77 5.77 5.77 5.77 5.77 5.77 5.77 6.15998 8.15998 8.15996 5.76999 5.77 5.7699 8.15959 13.9298 13.9295 8.15972 8.15996 5.76991 5.77 5.77 5.77 5.76688 8.14531 13.9123 19.6837 24.4618 30.2242 32.6193 34.5858 36.9697 39.3614 41.7512 44.131 46.4939 48.8757 54.6483 57.036 62.7785 68.5504 74.3235 80.0912 85.8482 96.3965 106.935 117.456 146.719 160.281 157.899 158.377 156.714 157.111 155.709 149.937
189.83 184.06 172.93 162.38 156.61 150.84 145.07 139.3 133.53 127.76 121.99 116.22 113.83 94.1299 88.3599 85.9698 83.5798 81.1893 50.939 45.1696 39.3993 33.6293 27.8594 22.0897 16.3197 13.9298 8.1599 5.76997 5.77 5.77 5.77 5.77 5.77 5.77 5.77 5.77 5.76996 11.54 5.76995 5.76999 5.77 5.76997 5.76982 11.5398 11.5398 13.9299 11.54 5.76998 5.77 5.77 5.77 5.76945 5.76164 11.5256 16.3051 22.0751 24.4597 28.829 28.8128 31.1981 33.5878 35.9747 38.3515 40.7105 46.4846 48.8691 54.6119 60.3861 66.1612 71.9302 77.6922 88.2475 94.0103 104.564 115.11 125.64 154.9 160.697 164.139 165.221 161.481 155.706 149.934
180.68 178.29 175.9 164.77 159 153.23 147.46 141.69 135.92 130.15 124.38 110.45 108.06 91.7399 85.9699 80.1998 77.8098 75.4193 48.549 42.7794 37.0095 31.2395 25.4695 19.6995 13.9295 8.15958 5.76987 5.77 5.77 5.77 5.77 5.77 5.77 5.77 5.77 5.77 5.76997 8.15998 5.76997 5.76999 5.77 5.76996 8.15993 8.1599 5.76985 8.15987 11.54 5.76997 5.77 5.77 5.77 5.77 5.76768 8.14932 13.9161 16.3017 22.0756 23.0563 23.0386 25.4245 27.8106 30.193 32.5736 38.3349 40.7025 46.4454 52.2215 57.9975 63.7692 69.539 75.3003 85.8509 96.4136 102.184 112.746 118.504 124.256 130.02 135.809 141.586 161.456 155.69 149.913
174.91 172.52 170.13 172.52 174.91 180.68 186.45 192.22 197.99 122.4 118.61 104.68 102.29 89.3499 83.5799 77.8099 72.0397 69.6494 50.9392 45.1695 34.6193 28.8494 23.0794 17.3093 11.5393 5.76961 5.76989 5.77 5.77 5.77 5.77 5.77 5.77 5.77 5.77 5.77 5.76999 5.76998 8.16 5.76999 5.77 5.76997 8.15995 5.76995 5.76998 5.76996 8.15999 5.76999 5.77 5.77 5.77 5.77 5.76962 5.76501 8.14444 13.9166 17.2964 17.2817 17.265 19.6468 22.0273 24.4064 30.1755 32.5335 38.278 44.0578 49.8334 55.6092 61.3804 67.1466 77.708 83.4714 94.0297 104.589 110.37 109.983 112.344 127.652 133.438 139.207 149.767 158.087 152.3
169.14 166.75 164.36 166.75 169.14 174.91 180.68 186.45 114.24 111.85 109.46 98.9099 96.5199 86.9599 81.1899 75.4199 69.6498 63.8795 53.3294 47.5596 37.0095 31.2395 25.4695 19.6995 13.9295 8.15959 11.54 5.76998 5.77 5.77 5.77 5.77 5.77 5.77 5.77 5.77 5.77 5.76999 5.76998 5.76998 5.77 5.76998 5.76997 5.76998 5.77 5.76999 5.76999 5.77 5.77 5.77 5.77 5.77 5.77 5.76945 5.76386 11.5327 11.523 11.5075 11.4863 13.8614 16.2381 22.0081 24.3701 30.1509 35.9047 41.6825 47.4594 53.2349 59.0023 69.5579 75.3204 85.8804 91.645 97.4123 101.812 104.199 109.943 125.238 135.822 141.602 147.373 160.474 154.691
163.37 160.98 158.59 160.98 163.37 169.14 174.91 106.08 103.69 101.3 98.9099 93.1399 90.7499 81.5996 78.7999 73.0299 67.2598 61.4896 55.7196 45.1695 39.3996 33.6296 27.8596 22.0896 16.3196 15.6999 13.93 8.15997 5.76999 5.77 5.77 5.77 5.77 5.77 5.77 5.77 5.77 5.77 5.77 5.77 5.77 5.77 5.77 5.77 5.77 5.77 5.77 5.77 5.77 5.77 5.77 5.77 5.77 5.77 5.76934 5.76634 5.76122 5.75478 5.73224 8.08228 13.8417 16.1979 21.9815 27.7605 33.5401 39.3159 45.0902 50.8619 56.6258 62.3894 68.1563 73.9231 79.6912 85.4482 96.0076 101.787 112.286 127.558 138.138 143.948 149.751 160.22 154.442
157.6 155.21 152.82 123.39 117.62 111.85 106.08 103.69 97.9201 95.53 89.76 87.3699 84.9799 79.2096 73.4396 70.6399 64.8698 59.0997 53.3296 47.5596 41.7897 36.0197 30.2497 24.4798 23.8599 21.47 16.32 11.54 5.76999 5.77 5.77 5.77 5.77 5.77 5.77 5.77 5.77 5.77 5.77 5.77 5.77 5.77 5.77 5.77 5.77 5.77 5.77 5.77 5.77 5.77 5.77 5.77 5.77 5.77 5.77 5.77 5.77 5.77 5.76716 5.7319 8.03785 13.8021 19.5877 25.3644 31.1406 36.9146 42.6875 48.4579 54.2195 59.9815 65.7617 71.5353 77.309 83.0622 93.6036 104.111 119.314 184.375 178.628 172.875 167.127 161.368 155.592
