tests/full-run-ref/erosion_2010_78_16_47.110.asc
ncols 512
nrows 512
xllcorner -3.24582
yllcorner -4.08743
cellsize 5
NODATA_value -99999
[rows 168 to 209 of 512, columns 192 to 287 of 512]
291.389 291.389 291.389 291.389 291.389 291.389 291.389 291.389 291.389 291.389 291.389 291.389 291.389 291.389 291.389 291.389 291.389 291.389 291.389 291.389 291.389 291.389 291.389 291.389 291.389 291.389 291.389 291.389 291.389 291.389 291.389 291.389 291.389 291.389 291.389 291.389 291.389 291.389 291.389 291.389 291.389 291.389 291.389 291.13 291.13 291.129 290.719 288.328 285.937 283.546 198.653 149.963 80.7712 80.7618 276.355 278.744 281.138 283.535 285.762 283.368 280.978 270.461 253.06 208.165 78.7419 0 0 0 0 0 0 0 0 0 0 0 0 0 0 0 0 0 0 0 0 137.024 252.31 252.14 254.53 248.76 242.978 237.22 231.438 225.668 219.898 214.128
291.389 291.389 291.389 291.389 291.389 291.389 291.389 291.389 291.389 291.389 291.389 291.389 291.389 291.389 291.389 291.389 291.389 291.389 291.389 291.389 291.389 291.389 291.389 291.389 291.389 291.389 291.389 291.389 291.389 291.389 291.389 291.389 291.389 291.389 291.389 291.389 291.389 291.389 291.389 291.389 291.389 291.389 291.129 291.129 289.728 287.337 284.947 282.556 272.024 226.182 18.648 0 0 0 80.7572 272.976 275.368 277.764 280.161 277.599 283.273 248.925 165.233 0 0 0 0 0 0 0 0 0 0 0 0 0 0 0 0 0 0 0 0 0 0 0 137.024 248.93 252.128 246.358 240.6 234.818 229.06 223.278 217.508 211.738
291.389 291.389 291.389 291.389 291.389 291.389 291.389 291.389 291.389 291.389 291.389 291.389 291.389 291.389 291.389 291.389 291.389 291.389 291.389 291.389 291.389 291.389 291.389 291.389 291.389 291.389 291.389 291.389 291.389 291.389 291.389 291.389 291.389 291.389 291.389 291.389 291.389 291.389 291.389 291.389 291.388 291.129 288.737 286.347 283.956 273.424 259.127 236.209 174.958 0 0 0 0 0 0 80.7595 269.6 271.995 274.391 275.215 277.367 274.275 0 0 0 0 0 0 0 0 0 0 0 0 0 0 0 0 0 0 0 0 0 0 0 0 0 137.024 249.738 243.968 238.198 232.44 226.658 220.9 215.118 209.348
291.389 291.389 291.389 291.389 291.389 291.389 291.389 291.389 291.389 291.389 291.389 291.389 291.389 291.389 291.389 291.389 291.389 291.389 291.389 291.389 291.389 291.389 291.389 291.389 291.389 291.389 291.389 291.389 291.389 291.389 291.389 291.389 291.389 291.389 291.389 291.389 291.389 291.388 291.388 290.137 287.746 285.356 236.224 204.074 155.048 67.6737 0 0 0 0 0 0 0 0 0 0 80.7641 266.226 268.621 271.016 275.214 266.827 267.034 0 0 0 0 0 0 0 0 0 0 0 0 0 0 0 0 0 0 0 0 0 0 0 0 0 137.024 241.578 235.808 230.038 224.28 218.498 212.74 206.958
291.389 291.389 291.389 291.389 291.389 291.389 291.389 291.389 291.389 291.389 291.389 291.389 291.389 291.389 291.389 291.389 291.389 291.389 291.389 291.389 291.389 291.389 291.389 291.389 291.389 291.389 291.389 291.389 291.389 291.389 291.389 291.389 291.389 291.389 291.388 291.387 291.386 289.146 286.756 150.709 78.3616 0 0 0 0 0 0 0 0 0 0 0 0 0 0 0 0 80.769 262.851 265.245 267.059 267.051 261.275 258.874 0 0 0 0 0 0 0 0 0 0 0 0 0 0 0 0 0 0 0 0 0 0 0 0 0 239.188 233.418 227.648 221.878 216.12 210.338 204.58
291.389 291.389 291.389 291.389 291.389 291.389 291.389 291.389 291.389 291.389 291.389 291.389 291.389 291.389 291.389 291.389 291.389 291.389 291.389 291.389 291.389 291.389 291.389 291.389 291.389 291.389 291.389 291.389 291.389 291.389 291.389 291.388 291.387 291.386 290.545 288.155 285.765 275.232 209.832 0 0 0 0 0 0 0 0 0 0 0 0 0 0 0 0 0 0 0 80.7735 213.725 258.9 269.402 258.887 253.114 250.714 0 0 0 0 0 0 0 0 0 0 0 0 0 0 0 0 0 0 0 0 0 0 0 0 236.798 231.028 225.258 219.488 213.718 207.96 202.178
291.389 291.389 291.389 291.389 291.389 291.389 291.389 291.389 291.389 291.389 291.389 291.389 291.389 291.389 291.389 291.389 291.389 291.389 291.389 291.389 291.389 291.389 291.389 291.389 291.389 291.389 291.389 291.389 291.388 291.388 291.387 291.384 289.554 287.164 276.632 262.348 239.437 170.717 0 0 0 0 0 0 0 0 0 0 0 0 0 0 0 0 0 0 0 0 0 80.7793 213.729 258.9 261.242 250.723 244.954 242.554 0 0 0 0 0 0 0 0 0 0 0 0 0 0 0 0 0 0 0 0 0 0 0 234.42 228.638 222.868 217.098 211.328 205.558 199.8
291.389 291.389 291.389 291.389 291.389 291.389 291.389 291.389 291.389 291.389 291.389 291.389 291.389 291.389 291.389 291.389 291.389 291.389 291.389 291.389 291.389 291.389 291.389 291.389 291.389 291.388 291.388 291.387 291.385 290.955 288.564 233.285 198.292 145.108 51.6593 0 0 0 0 0 0 0 0 0 0 0 0 0 0 0 0 0 0 0 0 0 0 0 0 80.7799 213.729 213.73 280.164 253.082 242.559 236.779 0 0 0 0 0 0 0 0 0 0 0 0 0 0 0 0 0 0 0 0 0 0 0 232.018 226.26 220.478 214.708 208.938 203.168 197.398
291.389 291.389 291.389 291.389 291.389 291.389 291.389 291.389 291.389 291.389 291.389 291.389 291.389 291.389 291.389 291.389 291.389 291.389 291.389 291.389 291.389 291.389 291.389 291.389 291.388 291.385 291.384 289.964 136.454 56.0438 0 0 0 0 0 0 0 0 0 0 0 0 0 0 0 0 0 0 0 0 0 0 0 0 0 0 0 0 0 80.7799 213.729 213.73 213.73 283.438 213.729 230.994 0 0 0 0 0 0 0 0 0 0 0 0 0 0 0 0 0 0 0 0 0 197.419 0 229.64 223.858 218.1 212.318 206.548 200.778 195.008
291.389 291.389 291.389 291.389 291.389 291.389 291.389 291.389 291.389 291.389 291.389 291.389 291.389 291.389 291.389 291.389 291.389 291.389 291.389 291.389 291.389 291.389 291.389 291.389 291.387 300.478 294.741 292.352 0 0 0 0 0 0 0 0 0 0 0 0 0 0 0 0 0 0 0 0 0 0 0 0 0 0 0 0 240.738 251.294 257.073 262.524 268.251 274.039 213.73 285.94 213.73 0 0 0 0 0 0 0 0 0 0 0 0 0 0 0 0 0 0 0 0 0 0 188.152 0 227.238 221.48 215.698 209.94 204.158 198.388 192.618
291.389 291.389 291.389 291.389 291.389 291.389 291.389 291.389 291.389 291.389 291.389 291.389 291.389 291.389 291.389 291.389 291.389 291.389 291.389 291.389 291.389 291.389 291.389 291.389 291.386 298.113 292.351 283.8 275.396 0 0 0 0 0 0 0 0 0 0 0 0 0 0 0 0 0 0 0 0 0 0 0 0 0 0 232.566 213.684 292.736 292.826 292.959 293.149 288.329 213.73 213.73 213.73 0 0 0 0 0 0 0 0 0 0 0 0 0 0 0 0 0 0 0 0 0 0 64.8492 0 0 219.078 213.32 207.538 201.78 195.998 190.228
291.389 291.389 291.389 291.389 291.389 291.389 291.389 291.389 291.389 291.389 291.389 291.389 291.389 291.389 291.389 291.389 291.389 291.389 291.389 291.389 291.389 291.389 291.389 291.388 301.504 295.721 289.952 284.19 256.108 192.269 0 0 0 0 0 0 0 0 0 0 0 0 0 0 0 0 0 0 0 0 0 0 0 0 220.981 209.476 213.703 213.723 213.73 213.73 213.73 213.73 213.73 213.73 293.974 0 0 0 0 0 0 0 0 0 0 0 0 0 0 0 0 0 0 0 0 0 0 0 0 0 0 215.71 209.94 204.17 198.4 192.63
291.389 291.389 291.389 291.389 291.389 291.389 291.389 291.389 291.389 291.389 291.389 291.389 291.389 291.389 291.389 291.389 291.389 291.389 291.389 291.389 291.389 291.389 291.389 291.387 299.101 293.33 287.561 281.791 276.029 45.751 0 0 0 0 0 0 0 0 0 0 0 0 0 0 0 0 0 0 0 0 0 0 0 0 0 209.501 209.521 213.73 213.73 213.73 213.73 213.73 213.73 213.73 293.762 207.915 0 0 0 0 0 0 0 0 0 0 0 0 0 0 0 0 0 0 0 0 0 0 0 0 0 0 212.33 206.56 200.79 195.02
291.389 291.389 291.389 291.389 291.389 291.389 291.389 291.389 291.389 291.389 291.389 291.389 291.389 291.389 291.389 291.389 291.389 291.389 291.389 291.389 291.389 291.389 291.388 291.384 296.711 290.94 285.17 279.401 273.631 267.869 0 259.695 0 0 0 0 0 0 0 0 0 0 0 0 0 0 0 0 0 0 0 0 0 0 0 203.73 183.48 183.48 183.48 183.48 183.48 213.73 213.73 213.73 293.55 0 199.778 0 0 0 0 0 0 0 0 0 0 0 0 0 0 0 0 0 0 0 0 0 0 0 0 77.8957 214.72 208.95 203.18 197.41
291.389 291.389 291.389 291.389 291.389 291.389 291.389 291.389 291.389 291.389 291.389 291.389 291.389 291.389 291.389 291.389 291.389 291.389 291.389 291.389 291.389 291.389 291.387 300.103 294.32 288.55 282.78 277.01 271.24 265.47 259.708 253.934 251.534 0 0 0 0 0 0 0 0 0 0 0 0 0 0 0 0 0 0 0 0 0 203.168 291.662 183.48 183.48 183.48 183.48 183.48 183.48 213.73 213.73 293.327 199.78 194.022 191.617 0 0 0 0 0 0 0 0 0 0 0 0 0 0 0 0 0 0 0 0 0 0 202.55 77.8957 217.11 211.34 205.57 199.8
291.389 291.389 291.389 291.389 291.389 291.389 291.389 291.389 291.389 291.389 291.389 291.389 291.389 291.389 291.389 291.389 291.389 291.389 291.389 291.389 291.389 291.388 291.385 297.701 291.93 286.16 280.39 274.62 268.85 263.08 257.31 251.547 245.772 243.373 0 0 0 0 0 0 0 0 0 0 0 0 0 0 0 0 0 0 0 0 197.431 291.377 183.48 183.48 183.48 183.48 183.48 183.48 183.48 213.73 293.083 72.0856 0 185.86 183.456 0 0 0 0 0 0 0 0 0 0 0 0 0 0 0 0 0 0 0 0 0 196.837 77.8957 219.5 213.73 207.96 202.19
291.389 291.389 291.389 291.389 291.389 291.389 291.389 291.389 291.389 291.389 291.389 291.389 291.389 291.389 291.389 291.389 291.389 291.389 291.389 291.389 291.389 291.387 301.094 295.31 289.54 283.77 278 272.23 266.46 260.689 254.92 249.149 243.386 237.611 235.212 0 0 0 0 0 0 0 0 0 0 0 0 0 0 0 0 0 0 0 191.734 291.097 183.48 183.48 183.48 183.48 183.48 183.48 183.48 183.48 292.829 293.128 0 0 177.699 175.295 0 0 0 0 0 0 0 0 0 0 0 0 0 0 0 0 0 0 0 0 191.195 227.66 221.89 216.12 210.35 204.58
291.389 291.389 291.389 291.389 291.389 291.389 291.389 291.389 291.389 291.389 291.389 291.389 291.389 291.389 291.389 291.389 291.389 291.389 291.389 291.389 291.389 291.387 298.691 292.92 287.15 281.38 275.61 269.84 264.07 258.299 252.529 246.759 240.989 235.225 229.45 227.051 0 0 0 0 0 0 0 0 0 0 0 0 0 0 0 0 0 0 186.049 290.818 175.32 175.32 175.32 175.32 175.32 183.48 183.48 183.48 183.48 292.866 183.48 0 0 169.537 167.148 0 0 0 0 0 0 0 0 0 0 0 0 0 0 0 0 0 0 0 185.516 230.05 224.28 218.51 212.74 198.81
291.389 291.389 291.389 291.389 291.389 291.389 291.389 291.389 291.389 291.389 291.389 291.389 291.389 291.389 291.389 291.389 291.389 291.389 291.389 291.389 291.388 302.084 296.301 290.53 284.76 278.99 273.22 267.45 261.68 255.909 250.139 244.369 238.599 232.828 227.064 221.289 218.89 0 0 0 0 0 0 0 0 0 0 0 0 0 0 0 0 0 180.33 290.525 175.316 175.315 175.317 175.319 175.32 175.32 183.48 183.48 183.48 183.48 292.855 175.32 0 0 0 158.988 0 0 0 0 0 0 0 0 0 0 0 0 0 0 0 0 0 0 179.781 229.329 223.746 220.9 215.13 205.036
291.389 291.389 291.389 291.389 291.389 291.389 291.389 291.389 291.389 291.389 291.389 291.389 291.389 291.389 291.389 291.389 291.389 291.389 291.389 291.389 291.387 299.693 293.91 288.14 282.37 276.6 270.83 265.06 259.29 253.519 247.749 241.979 236.209 230.439 224.668 218.903 213.128 210.73 0 0 0 0 0 0 0 0 0 0 0 0 0 0 0 0 174.568 289.369 175.31 175.305 175.312 175.318 175.32 175.32 175.32 175.32 175.32 175.32 175.32 292.751 167.16 168.739 0 0 150.828 0 0 0 0 0 0 0 0 0 0 0 0 0 0 0 0 0 174.034 223.73 221.356 215.586 213.196 207.426
291.389 291.389 291.389 291.389 291.389 291.389 291.389 291.389 291.389 291.389 291.389 291.389 291.389 291.389 291.389 291.389 291.389 291.389 291.389 291.388 291.385 297.291 291.52 285.75 279.98 274.21 268.44 262.67 256.9 251.129 245.359 239.589 233.819 228.049 222.279 216.507 210.743 204.966 202.569 0 0 0 0 0 0 0 0 0 0 0 0 0 0 0 0 283.587 76.1526 76.1479 175.308 175.315 175.319 83.0729 83.0734 83.0738 83.0738 83.0738 83.0738 83.0738 83.0737 292.624 161.343 0 0 142.668 0 0 0 0 0 0 0 0 0 0 0 0 0 0 0 0 0 221.231 215.586 213.196 207.426 205.036
291.389 291.389 291.389 291.389 291.389 291.389 291.389 291.389 291.389 291.389 291.389 291.389 291.389 291.389 291.389 291.389 291.389 291.389 291.389 291.387 300.684 294.9 289.13 283.36 277.59 271.82 266.05 260.28 254.51 248.739 242.969 237.199 231.429 225.659 219.888 214.118 208.347 202.582 196.805 194.408 0 0 0 0 0 0 0 0 0 0 0 0 0 0 0 277.816 0 0 76.1529 83.0677 83.0716 6.11534 6.11618 6.11655 6.11667 6.11667 6.11668 6.11669 6.11669 6.11663 292.394 153.182 0 0 134.494 0 0 0 0 0 0 0 0 0 0 0 0 0 0 0 0 215.576 213.196 207.426 205.036 199.266
291.389 291.389 291.389 291.389 291.389 291.389 291.389 291.389 291.389 291.389 291.389 291.389 291.389 291.389 291.389 291.389 291.389 291.389 291.389 291.387 298.281 292.51 286.74 280.97 275.2 269.43 263.66 257.89 252.12 246.349 240.579 234.809 229.039 223.269 217.499 211.728 205.958 200.187 194.421 188.644 186.247 0 0 0 0 0 0 0 0 0 0 0 0 0 0 272.045 0 0 0 6.10983 6.11403 0 0 0 0 0 0 0 0 0 0 292.073 145.022 0 128.734 126.334 0 0 0 0 0 0 0 0 0 0 0 0 0 0 0 213.125 207.426 205.036 199.266 196.876
291.389 291.389 291.389 291.389 291.389 291.389 291.389 291.389 291.389 291.389 291.389 291.389 291.389 291.389 291.389 291.389 291.389 291.389 291.388 301.674 295.891 290.121 284.35 278.58 272.81 267.04 261.27 255.5 249.73 243.959 238.189 232.419 226.649 220.879 215.109 209.338 203.568 197.798 192.026 186.26 180.483 178.086 0 0 0 0 0 0 0 0 0 0 0 0 0 266.274 0 0 0 0 0 0 0 0 0 0 0 0 0 0 0 0 291.725 0 0 120.574 118.174 0 0 0 0 0 0 0 0 0 0 0 0 0 0 207.421 205.036 199.266 196.876 122.151
291.389 291.389 291.389 291.389 291.389 291.389 291.389 291.389 291.389 291.389 291.389 291.389 291.389 291.389 291.389 291.389 291.389 291.389 291.387 299.284 293.5 287.731 281.96 276.19 270.42 264.65 258.88 253.122 247.34 241.569 235.799 230.029 224.259 218.489 212.719 206.948 201.178 195.408 189.638 183.866 178.099 172.322 169.926 0 0 0 0 0 0 0 0 0 0 0 0 260.503 0 0 0 0 0 0 0 0 0 0 0 0 0 0 0 0 0 289.864 0 0 112.413 110.014 0 0 0 0 0 0 0 0 0 0 0 0 0 139.461 199.266 196.876 122.151 103.69
291.389 291.389 291.389 291.389 291.389 291.389 291.389 291.389 291.389 291.389 291.389 291.389 291.389 291.389 291.389 291.389 291.389 291.388 291.385 296.882 291.111 285.341 279.57 273.8 268.03 262.26 256.49 250.72 244.961 239.179 233.409 227.639 221.869 216.099 210.329 204.558 198.788 193.018 187.248 181.477 175.705 169.939 164.161 161.765 0 0 0 0 0 0 0 0 0 0 0 254.733 0 0 0 0 0 0 0 0 0 0 0 0 0 0 0 0 0 0 0 0 0 104.253 101.856 0 0 0 0 0 0 0 0 0 0 0 0 133.691 196.876 122.151 103.69 191.106
291.389 291.389 291.389 291.389 291.389 291.389 291.389 291.389 291.389 291.389 291.389 291.389 291.389 291.389 291.389 291.389 291.389 291.388 300.274 294.503 288.733 282.963 277.192 271.422 265.652 259.87 254.1 248.33 242.56 236.801 231.019 225.249 219.479 213.709 207.939 202.168 196.398 190.628 184.858 179.087 173.317 167.545 161.778 156 153.604 0 0 0 0 0 0 0 0 0 0 248.962 0 0 0 0 0 0 0 0 0 0 0 0 0 0 0 0 0 0 0 0 54.2934 0 96.0736 0 0 0 0 0 0 0 0 0 0 0 0 127.921 122.151 103.69 191.106 0
291.389 291.389 291.389 291.389 291.389 291.389 291.389 291.389 291.389 291.389 291.389 291.389 291.389 291.389 291.389 291.389 291.389 291.387 297.872 292.102 286.331 280.561 274.791 269.021 263.25 257.48 251.71 245.94 240.17 234.4 228.641 222.859 217.089 211.319 205.549 199.779 194.008 188.238 182.468 176.698 170.927 165.157 159.384 153.617 147.839 145.443 0 0 0 0 0 0 0 0 0 243.192 0 0 0 0 0 0 0 0 0 0 0 0 0 0 0 0 0 0 0 0 0 85.5377 0 0 0 96.1086 110.04 115.81 0 0 0 0 0 0 0 122.151 103.69 191.106 0 0
291.389 291.389 291.389 291.389 291.389 291.389 291.389 291.389 291.389 291.389 291.389 291.389 291.389 291.389 291.389 291.389 291.388 301.266 295.483 289.712 283.942 278.171 272.401 266.631 260.861 255.102 249.32 243.55 237.78 232.01 226.239 220.481 214.699 208.929 203.159 197.389 191.618 185.848 180.078 174.308 168.538 162.767 156.997 151.224 145.456 139.678 137.283 0 0 0 0 0 0 0 0 237.422 0 0 0 0 0 0 0 0 0 0 0 0 0 265.498 265.498 265.498 0 0 0 0 82.0694 0 0 0 0 98.2247 139.871 0 0 0 0 0 0 0 121.934 103.69 103.69 0 0 0
291.389 291.389 291.389 291.389 291.389 291.389 291.389 291.389 291.389 291.389 291.389 291.389 291.389 291.389 291.389 291.389 291.388 298.876 293.104 287.334 281.564 275.794 270.023 264.253 258.483 252.701 246.942 241.16 235.39 229.62 223.85 218.079 212.321 206.539 200.769 194.999 189.228 183.458 177.688 171.918 166.148 160.377 154.607 148.836 143.064 137.296 131.517 129.122 0 0 0 0 0 0 0 231.651 0 0 0 0 0 0 0 0 0 0 0 0 0 265.498 265.498 0 0 0 0 0 76.2883 0 0 0 78.7614 67.2599 142.261 131.711 125.941 123.538 0 0 0 0 0 115.97 0 103.685 0 73.4401
291.389 291.389 291.389 291.389 291.389 291.389 291.389 291.389 291.389 291.389 291.389 291.389 291.389 291.389 291.389 291.389 291.387 296.474 290.703 284.933 279.162 273.392 267.622 261.852 256.093 250.323 244.541 238.782 233 227.23 221.46 215.69 209.919 204.161 198.379 192.609 186.839 181.068 175.298 169.528 163.758 157.988 152.217 146.447 140.676 134.903 129.135 123.356 120.961 0 0 0 0 0 0 225.878 0 0 0 0 0 190.571 0 0 0 0 0 0 267.887 270.558 270.558 270.557 270.556 270.555 270.556 270.557 70.5321 0 0 0 0 67.26 148.031 134.054 123.551 117.781 115.378 0 0 0 0 113.001 111.697 82.5894 76.8007 71.0411
291.389 291.389 291.389 291.389 291.389 291.389 291.389 291.389 291.389 291.389 291.389 291.389 291.389 291.389 291.389 291.388 299.867 294.084 288.314 282.543 276.773 271.003 265.232 259.462 253.692 247.921 242.163 236.381 230.622 224.84 219.07 213.3 207.53 201.759 196.001 190.219 184.449 178.678 172.908 167.138 161.368 155.598 149.827 144.057 138.287 132.516 126.743 120.974 115.195 112.8 0 0 0 0 0 220.247 217.907 0 0 215.399 0 67.0613 64.7651 0 0 0 0 57.6987 57.6985 57.6978 60.087 62.4762 64.8298 62.4374 60.0851 0 0 0 0 0 0 61.49 142.261 131.711 125.894 115.391 109.621 107.218 0 0 0 107.231 85.9404 80.1774 74.4182 68.6489
291.389 291.389 291.389 291.389 291.389 291.389 291.389 291.389 291.389 291.389 291.389 291.389 291.389 291.389 291.389 291.388 297.477 291.706 285.936 280.166 274.395 268.625 262.855 257.072 251.302 245.532 239.761 234.003 228.221 222.462 216.68 210.91 205.14 199.369 193.599 187.841 182.059 176.289 170.518 164.748 158.978 153.208 147.438 141.667 135.897 130.127 124.356 118.582 112.814 107.034 104.638 0 0 0 0 217.815 212.152 0 209.568 70.7056 0 0 0 0 0 0 0 0 0 0 46.1598 48.5498 50.9398 42.0579 0 0 0 0 0 0 61.3334 55.72 139.834 134.101 123.551 117.734 107.231 101.461 99.057 0 99.071 89.3152 83.5547 77.7981 72.0281 66.2582
291.389 291.389 291.389 291.389 291.389 291.389 291.389 291.389 291.389 291.389 291.389 291.389 291.389 291.389 291.389 300.858 295.087 289.317 283.546 277.776 272.006 266.235 260.465 254.683 248.912 243.142 237.372 231.601 225.843 220.061 214.302 208.52 202.75 196.98 191.209 185.439 179.681 173.899 168.129 162.358 156.588 150.818 145.048 139.277 133.507 127.737 121.966 116.196 110.422 104.653 98.8718 96.4739 0 0 0 212.109 62.8506 203.835 62.5095 0 58.0711 0 0 0 0 0 0 0 0 0 0 42.0579 42.0579 0 0 0 0 0 0 0 0 134.742 137.045 131.711 125.941 115.391 109.568 96.681 93.2865 0 88.521 86.1228 81.1781 75.4081 69.6381 63.8681
291.389 291.389 291.389 291.389 291.389 291.389 291.389 291.389 291.389 291.389 291.389 291.389 291.389 291.389 291.388 298.456 292.685 286.915 281.145 275.374 269.604 263.834 258.064 252.305 246.523 240.753 234.982 229.212 223.442 217.683 211.901 206.143 200.36 194.59 188.82 183.049 177.279 171.509 165.739 159.968 154.198 148.428 142.658 136.888 131.117 125.347 119.577 113.806 108.035 102.262 96.4918 90.708 88.3035 0 0 209.759 203.971 62.7348 0 54.686 0 0 0 0 0 0 0 0 0 0 0 0 0 45.1563 0 0 0 0 0 0 49.9119 52.0585 130.881 134.071 123.551 117.656 93.301 90.911 88.521 85.141 82.751 74.591 73.03 73.0181 67.2481 61.4781
291.389 291.389 291.389 291.389 291.389 291.389 291.389 291.389 291.389 291.389 291.389 291.389 291.389 291.389 301.848 296.066 290.295 284.525 278.755 272.985 267.214 261.444 255.674 249.904 244.145 238.363 232.593 226.822 221.052 215.282 209.523 203.741 197.983 192.2 186.43 180.66 174.889 169.119 163.349 157.579 151.808 146.038 140.268 134.498 128.727 122.957 117.187 111.417 105.646 99.8753 94.1011 88.3301 82.5247 0 8.36139 0 62.8362 0 54.717 48.9313 46.5246 0 0 0 0 0 0 0 0 0 0 0 0 39.3857 0 0 0 0 0 0 0 46.4291 51.9579 127.995 125.786 96.6479 90.911 85.141 82.751 74.591 17.9137 17.9137 68.821 74.5911 64.8581 59.0881
291.389 291.389 291.389 291.389 291.389 291.389 291.389 291.389 291.389 291.389 291.389 291.389 291.389 291.389 299.458 293.687 287.917 282.147 276.377 270.607 264.837 259.066 253.296 247.526 241.744 235.985 230.203 224.433 218.662 212.892 207.122 201.363 195.581 189.823 184.04 178.27 172.5 166.729 160.959 155.189 149.419 143.648 137.878 132.108 126.338 120.567 114.797 109.027 103.257 97.486 91.715 85.9404 80.1655 74.3662 0 62.5715 0 54.7125 48.9459 46.5531 40.7672 38.3633 0 0 0 0 0 0 0 0 0 0 47.5048 33.6083 0 0 0 0 0 0 0 0 46.5565 44.1799 49.95 91.123 0 82.751 76.968 17.9137 17.9137 17.9137 17.9137 64.87 67.26 56.6981
291.389 291.389 291.389 291.389 291.389 291.389 291.389 291.389 291.389 291.389 291.389 291.389 291.389 291.388 297.056 291.285 285.515 279.745 273.975 268.205 262.435 256.665 250.894 245.124 239.366 233.584 227.825 222.043 216.273 210.502 204.732 198.962 193.203 187.421 181.662 175.88 170.11 164.339 158.569 152.799 147.028 141.258 135.488 129.718 123.947 118.177 112.407 106.637 100.866 95.0959 89.3253 83.5542 77.7782 71.9996 66.2005 60.4361 54.6771 48.9122 46.5448 40.7794 38.3891 32.6031 30.2028 0 0 0 0 0 0 0 0 23.0795 23.0775 23.0745 0 0 0 0 0 0 0 0 36.02 49.9365 55.7051 61.4509 0 80.3507 74.591 0 0 17.9138 17.9138 17.9138 68.8211 59.1
291.389 291.389 291.389 291.389 291.389 291.389 291.389 291.389 291.389 291.389 291.389 291.389 291.389 300.448 294.665 288.895 283.125 277.355 271.585 265.815 260.045 254.275 248.504 242.734 236.964 231.206 225.423 219.665 213.883 208.112 202.342 196.572 190.801 185.043 179.261 173.502 167.72 161.949 156.179 150.409 144.638 138.868 133.098 127.327 121.557 115.787 110.016 104.246 98.4759 92.7056 86.9353 81.1646 75.3934 69.6127 63.8256 58.0469 52.2761 46.5159 40.7458 38.3794 32.6133 30.2251 24.4399 22.0422 0 0 0 0 0 0 0 0 0 0 0 0 0 0 0 0 0 0 33.63 39.4 45.17 58.1126 0 0 0 0 0 0 17.9138 0 17.9138 68.8211
291.389 291.389 291.389 291.389 291.389 291.389 291.389 291.389 291.389 291.389 291.389 291.389 291.389 299.458 293.688 287.918 282.147 276.377 270.607 264.837 259.067 253.297 247.527 241.757 235.986 230.216 224.446 218.676 212.906 207.135 201.365 195.595 189.824 184.054 178.284 172.513 166.743 160.973 155.202 149.432 143.661 137.891 132.121 126.35 120.58 114.81 109.04 103.269 97.4989 91.7286 85.9583 80.188 74.4174 68.6445 61.4523 55.6731 49.8949 44.1206 38.3558 32.5819 30.2155 24.4479 22.0615 16.2772 13.8826 0 0 0 0 0 0 0 0 0 0 0 0 0 0 0 0 0 31.24 37.01 42.78 61.3348 0 0 0 0 0 0 0 17.9138 0 17.9137
291.389 291.389 291.389 291.389 291.389 291.389 291.389 291.389 291.389 291.389 291.389 291.389 302.838 297.067 291.297 285.527 279.757 273.987 268.217 262.446 256.676 250.906 245.136 239.366 233.596 227.825 222.055 216.285 210.515 204.744 198.974 193.204 187.433 181.663 175.893 170.122 164.352 158.581 152.811 147.04 141.27 135.499 129.729 123.958 118.188 112.418 106.647 100.877 95.1062 89.3357 83.5653 77.7948 72.0243 66.2527 59.0674 53.2932 47.5151 41.7388 35.964 30.1962 24.4195 22.0525 16.2832 13.8984 0 0 0 0 0 0 0 0 0 0 0 0 0 0 0 0 0 0 31.24 42.7799 53.2759 63.88 0 0 0 0 0 0 0 0 17.9138 0
291.389 291.389 291.389 291.389 291.389 291.389 291.389 291.389 291.389 291.389 291.389 291.389 300.448 294.665 288.895 283.125 277.354 271.584 265.814 260.044 254.274 248.504 242.733 236.963 231.205 225.423 219.664 213.882 208.112 202.342 196.571 190.801 185.042 179.26 173.502 167.719 161.949 156.178 150.408 144.637 138.866 133.096 127.325 121.555 115.784 110.013 104.243 98.4722 92.7016 86.9311 81.1605 75.3899 69.6312 63.8601 58.0907 52.3184 46.5456 39.3562 33.5825 27.8068 22.0361 16.2572 13.8898 0 0 0 0 0 0 0 0 0 0 0 0 0 0 0 0 0 27.6863 33.6299 37.5025 44.9625 86.1313 79.9545 45.17 0 0 0 0 0 0 0 0 17.9138
