tests/full-run-ref/erosion_2010_78_21_-27.869.asc
ncols 512
nrows 512
xllcorner -3.24582
yllcorner -4.08743
cellsize 5
NODATA_value -99999
[rows 0 to 34 of 512, columns 158 to 236 of 512]
183.434 177.664 171.894 166.124 160.354 154.584 148.814 143.044 137.274 131.504 125.734 119.964 114.194 108.424 102.654 96.8843 91.1143 85.4947 79.8594 74.2364 68.5234 62.8121 57.0816 54.6916 48.9601 46.5701 40.8001 38.41 32.64 30.25 27.86 30.25 27.86 30.25 32.64 33.63 36.02 41.79 44.18 95.3332 89.5632 86.9676 81.1976 78.8076 76.4176 73.2442 70.8541 68.4641 66.0741 60.4154 54.6454 49.8468 47.4568 45.0668 41.79 39.4 37.01 37.01 37.01 32.64 30.25 27.86 25.47 27.86 30.25 33.63 38.41 44.18 53.3269 56.71 50.94 45.17 39.4 33.63 27.86 22.09 16.32 13.93 11.54
181.044 175.274 169.504 163.734 157.964 152.194 146.424 140.654 134.884 129.114 123.344 117.574 111.804 106.034 100.264 94.4943 88.7243 82.9543 77.3347 71.6994 66.0764 60.3634 54.6521 48.9216 46.5316 40.8001 38.41 32.64 30.25 27.86 27.86 27.86 27.86 27.86 27.86 27.86 33.63 36.02 41.79 92.9406 87.1732 81.4032 78.8076 73.0376 70.6476 68.2576 65.0841 62.6941 60.3041 57.9141 52.2554 46.4854 41.6868 39.2968 36.9068 33.63 31.24 31.24 31.24 30.25 25.47 25.47 25.47 25.47 25.47 30.25 36.02 41.7869 47.5569 53.3269 48.55 42.78 37.01 31.24 25.47 19.7 13.93 8.16001 5.77
178.654 172.884 167.114 161.344 155.574 149.804 144.034 138.264 132.494 126.724 120.954 115.184 109.414 103.644 97.8743 92.1043 86.3343 80.5643 74.7943 69.1747 63.5394 57.9164 52.2034 46.4921 40.7616 38.3716 32.64 30.25 27.86 27.86 27.86 27.86 27.86 27.86 27.86 27.86 27.86 33.63 39.4 49.5846 84.7806 79.0132 73.2432 70.6476 64.8776 62.4876 60.0976 56.9241 54.5341 52.1441 49.7541 44.0954 38.3254 33.5268 31.1368 30.25 25.47 25.47 25.47 25.47 25.47 25.47 25.47 25.47 25.47 27.86 33.6269 39.3969 45.1669 50.9369 46.16 40.39 34.62 28.85 23.08 17.31 11.54 5.77 5.77
176.234 170.463 164.691 158.919 153.147 147.374 141.602 135.829 130.056 124.283 118.51 112.737 106.963 101.189 95.4151 89.6407 83.8661 78.0911 72.3159 66.5406 60.9174 55.2774 49.6496 43.929 38.2132 32.4903 30.2025 27.8391 27.848 27.86 27.86 27.86 27.86 27.86 27.86 27.86 27.8373 33.3348 39.0815 47.0275 81.3396 76.5948 70.8199 65.0445 62.4603 56.6883 54.2981 52.0282 48.7311 46.3365 43.9461 41.5905 35.8913 30.1033 25.4001 25.4226 25.4448 25.47 25.47 25.47 25.47 25.47 25.47 25.47 25.4697 25.4681 31.235 37.0057 42.7763 48.5468 46.158 40.3874 34.617 28.8466 23.0762 17.3058 11.5355 5.76844 5.77
173.796 168.021 162.245 156.469 150.693 144.916 139.138 133.36 127.582 121.804 116.024 110.245 104.464 98.6835 92.9019 87.1195 81.3363 75.5522 69.7673 63.9818 58.1959 52.5642 46.915 41.2766 35.544 29.9103 27.7903 27.8462 27.86 27.86 27.86 27.86 27.86 27.86 27.86 27.86 27.8198 33.1953 38.876 49.25 78.9155 73.1668 68.3756 62.5955 56.814 54.2357 48.4618 46.211 43.8782 40.5034 38.1017 35.7465 33.4164 27.7075 25.4394 25.47 25.47 25.47 25.47 25.47 25.47 25.47 25.47 25.47 25.4692 27.8562 33.624 39.3946 45.1656 50.9368 46.1559 40.385 34.6142 28.8435 23.0728 17.3021 11.5316 5.7671 5.77
171.322 165.538 159.753 153.967 148.181 142.395 136.607 130.819 125.03 119.24 113.448 107.656 101.862 96.0668 90.27 84.4714 78.6711 72.8689 67.0649 61.2589 55.4517 49.6435 43.9953 38.3271 32.7244 27.3752 27.8407 27.86 27.86 27.86 27.86 27.86 27.86 27.86 27.8437 27.842 27.7956 33.0454 38.6074 82.096 76.5505 70.7256 64.9331 60.1435 54.3557 48.5647 46.2122 40.4465 38.0386 35.5811 32.2117 29.8887 27.6091 25.3948 25.4595 25.47 25.47 25.47 25.47 25.47 25.47 25.47 25.47 25.47 25.4682 27.8522 33.6211 39.3923 45.1634 50.9357 46.1537 40.3825 34.6115 28.8406 23.0697 17.2989 11.5282 5.76596 5.77
168.783 162.979 157.174 151.369 145.563 139.757 133.949 128.139 122.328 116.515 110.699 104.881 99.0599 93.2359 87.4087 81.5782 75.7443 69.907 64.0663 58.2222 52.3745 46.525 40.6736 34.9899 29.6488 27.3567 27.86 27.86 27.86 27.86 27.86 27.86 27.86 27.86 27.8132 32.4515 27.6627 32.3255 37.8304 79.6722 74.0627 68.2832 62.4984 56.7051 51.9186 46.1219 40.3151 37.9816 32.1916 29.7613 27.4413 25.301 25.419 25.4578 25.47 25.47 25.47 25.47 25.47 25.47 25.47 25.47 25.47 25.4693 25.4651 30.2284 35.9991 41.7711 47.5425 51.9244 46.1518 40.3805 34.6095 28.8385 23.0676 17.2968 11.526 5.76521 5.77
166.259 160.433 154.609 148.784 142.959 137.132 131.303 125.472 119.638 113.801 107.96 102.115 96.2669 90.4142 84.5571 78.6956 72.8297 66.9594 61.0847 55.2057 49.3225 43.4342 37.5489 31.658 26.6844 27.539 27.86 27.86 27.86 27.86 27.86 27.86 27.86 27.86 27.7859 30.7683 36.5288 34.6621 40.093 77.2496 71.6359 65.8485 60.0679 54.2828 48.4861 43.7037 37.8961 32.0734 29.8693 25.2264 25.3919 25.4521 25.47 25.47 25.47 25.47 25.47 25.47 25.47 25.47 25.47 25.47 25.4695 25.4674 31.2221 33.6094 38.3898 44.1606 49.9326 51.9234 46.1504 40.3793 34.6082 28.8373 23.0664 17.2956 11.5247 5.7648 5.77
168.769 162.952 157.136 151.319 145.501 139.682 133.862 128.039 122.215 116.388 110.558 104.726 98.8918 93.0545 87.2146 81.3722 75.5274 69.6802 63.8307 57.9788 52.1246 46.2689 40.4117 34.6487 29.3488 27.3283 27.86 27.86 27.86 27.86 27.86 27.86 27.86 27.8595 27.7995 28.2719 33.9892 42.6142 42.3876 74.8556 69.1621 63.3917 57.6068 51.825 46.038 40.2385 35.4616 29.725 25.2018 25.424 25.47 25.47 25.47 25.47 25.47 25.47 25.47 25.47 25.47 25.47 25.47 25.4697 25.4687 31.2297 33.6131 39.3824 41.769 46.5495 52.3228 51.9224 46.15 40.3789 34.608 28.8371 23.0662 17.2954 11.5246 5.76473 5.77
171.299 165.49 159.68 153.87 148.06 142.249 136.437 130.625 124.812 118.997 113.182 107.366 101.549 95.7314 89.9136 84.0955 78.2771 72.4584 66.6393 60.8198 54.9995 49.1823 43.4616 37.7524 32.076 27.2642 27.86 27.86 27.86 27.86 27.86 27.86 27.86 27.8591 27.8872 30.692 36.0861 46.5226 52.3251 72.5373 66.7249 60.8895 55.1227 49.3375 43.5532 37.7647 31.9813 27.3911 25.3531 25.47 25.47 25.47 25.47 25.47 25.47 25.47 25.47 25.47 25.47 25.47 25.47 25.4697 31.2371 33.6207 39.3903 41.7728 52.7106 58.4817 57.6929 51.922 46.1506 40.3796 34.6087 28.8379 23.0671 17.2963 11.5255 5.765 5.77
171.505 165.641 159.818 153.996 148.176 142.356 136.537 130.718 124.899 119.08 113.261 107.443 101.625 95.8071 89.9901 84.1736 78.3574 72.5413 66.7252 60.9088 55.092 49.2769 43.4603 37.6375 31.8451 27.0687 27.8216 27.86 27.86 27.86 27.86 27.86 27.8526 27.8301 27.7 31.0893 36.1955 81.231 75.7868 70.1908 64.2516 58.415 52.5881 46.8231 41.0426 35.2684 29.569 25.1936 25.4275 25.47 25.47 25.47 25.47 25.47 25.47 25.47 25.47 25.47 25.47 25.47 25.47 25.4698 31.2377 33.6273 39.397 47.5572 64.6431 63.4644 57.6937 51.9227 46.1519 40.3811 34.6103 28.8395 23.0688 17.298 11.5273 5.76554 5.77
173.915 168.154 162.278 156.46 150.644 144.831 139.02 133.211 127.403 121.595 115.79 109.985 104.181 98.3779 92.5756 86.7738 80.9722 75.1707 69.3688 63.5666 57.7637 51.9598 46.1546 40.3459 34.6487 29.2209 27.6133 27.8288 27.848 27.8449 27.8433 27.8431 27.7985 29.3432 27.6385 33.4688 38.6026 78.8797 73.4269 67.5889 61.7599 55.9275 50.0993 44.2758 38.5331 32.7693 27.2176 25.3636 25.47 25.47 25.47 25.47 25.47 25.47 25.47 25.47 25.47 25.47 25.47 25.47 25.47 25.47 25.4693 31.2371 37.007 45.1678 69.2354 63.4656 57.695 51.9243 46.1537 40.383 34.6123 28.8416 23.0709 17.3002 11.5295 5.76627 5.77
159.086 170.52 164.806 158.943 153.137 147.333 141.534 135.736 129.941 124.148 118.356 112.566 106.777 100.989 95.2009 89.4136 83.6264 77.8391 72.0513 66.2629 60.4737 54.6837 48.8924 43.2026 37.5021 31.8057 29.776 27.9425 28.4865 28.0557 29.5964 27.6997 30.2399 31.6178 37.3169 35.8256 41.2366 76.7176 71.0934 65.2311 59.393 53.5613 47.7303 41.9023 36.0509 30.3607 25.0812 25.4459 25.47 25.47 25.47 25.47 25.47 25.47 25.47 25.47 25.47 25.47 25.47 25.47 25.47 25.47 25.4696 31.2391 37.0093 42.7787 69.2368 63.4669 57.6964 51.926 46.1555 40.385 34.6144 28.8438 23.0732 17.3026 11.532 5.76707 5.77
148.553 150.915 167.141 161.449 155.605 149.809 144.016 138.226 132.439 126.653 120.869 115.086 109.305 103.524 97.7439 91.9642 86.1848 80.4054 74.6258 68.8456 63.0648 57.2828 51.6022 45.9111 40.1582 37.9187 35.7126 33.7875 34.1907 33.9523 32.6074 37.7389 32.537 38.3224 39.644 49.8775 43.7636 74.5992 68.8796 63.028 57.1889 51.3644 45.5313 39.6999 33.8597 28.0889 25.2727 25.47 25.47 25.47 25.47 25.47 25.47 25.47 25.47 25.47 25.47 25.47 25.47 25.47 25.47 25.47 25.4697 30.2494 36.0194 41.7893 57.1196 63.468 57.6977 51.9274 46.1571 40.3867 34.6163 28.8458 23.0753 17.3048 11.5342 5.76784 5.77
138.012 140.425 142.782 163.778 158.084 152.261 146.473 140.687 134.903 129.121 123.341 117.561 111.783 106.006 100.229 94.4534 88.6779 82.9027 77.1275 71.3522 65.5761 59.9012 54.215 48.471 46.1747 43.8472 41.5683 39.6024 40.4279 39.7325 42.1426 40.8077 45.8864 40.595 55.8338 52.1186 82.7862 77.1233 71.3395 65.5339 57.4496 51.6449 45.8268 40.0007 34.1765 28.4357 25.3381 25.47 25.47 25.47 25.47 25.47 25.47 25.47 25.47 25.47 25.47 25.47 25.47 25.47 25.47 25.47 30.25 32.6398 38.4096 44.1796 54.7299 63.4686 57.6985 51.9284 46.1582 40.3879 34.6177 28.8473 23.0769 17.3065 11.536 5.76843 5.77
132.309 129.893 132.31 134.67 160.413 154.71 148.904 143.121 137.339 131.559 125.78 120.002 114.226 108.45 102.675 96.9013 91.1277 85.3545 79.5815 73.8082 68.1363 62.4529 56.7135 54.3846 52.0392 49.6665 47.3666 47.6769 46.209 48.6133 47.936 48.3074 48.9358 62.1811 60.2018 86.3978 80.6643 74.8625 69.078 63.2907 57.5135 51.7275 45.9326 40.1322 34.3246 28.5698 25.3834 25.47 25.47 25.47 25.47 25.47 25.47 25.47 25.47 25.47 25.47 25.47 25.47 25.47 25.47 30.25 32.64 38.41 40.8 46.5697 52.34 61.4898 57.6988 51.9287 46.1586 40.3885 34.6183 28.848 23.0777 17.3072 11.5366 5.76854 5.77
123.112 124.181 121.779 124.194 126.55 157.037 151.332 145.536 139.756 133.976 128.198 122.422 116.646 110.872 105.098 99.3245 93.5518 87.7796 82.0073 76.3367 70.6551 64.9188 62.5717 60.2147 57.8386 55.4504 55.8525 53.4512 55.8504 54.3952 54.5001 56.0998 56.3912 67.8919 92.0805 86.4647 80.6721 74.8794 69.09 63.3058 57.525 51.7454 45.9636 40.18 34.3926 28.6393 25.4074 25.47 25.47 25.47 25.47 25.47 25.47 25.47 25.47 25.47 25.47 25.47 25.47 25.47 27.86 32.64 36.02 38.41 41.7897 47.5598 53.3298 59.0998 57.6982 51.9282 46.1581 40.3879 34.6176 28.8472 23.0766 17.3058 11.5349 5.76783 5.77
112.54 114.991 116.055 113.66 116.066 118.406 153.653 147.951 142.162 136.383 130.606 124.83 119.055 113.281 107.508 101.735 95.9628 90.1908 84.5209 78.841 73.1073 70.7494 68.3844 66.005 63.6167 64.0185 61.6213 64.0187 61.6239 60.6701 62.2803 62.6412 64.165 97.9563 92.2256 86.4585 80.6835 74.8983 69.1099 63.323 57.5385 51.7558 45.9746 40.1958 34.4141 28.6658 25.4174 25.47 25.47 25.47 25.47 25.47 25.47 25.47 25.47 25.47 25.47 25.47 25.47 25.47 25.47 27.8599 30.2497 33.6294 39.3995 45.1696 50.9397 56.7098 57.6968 51.9267 46.1565 40.386 34.6154 28.8446 23.0736 17.3024 11.531 5.76632 5.77
101.989 104.422 106.868 107.924 105.531 107.923 110.247 150.269 144.57 138.786 133.009 127.233 121.458 115.684 109.912 104.139 98.3674 92.698 87.0197 81.2885 78.923 76.552 74.1697 71.7808 72.1816 69.786 72.183 69.789 67.3946 68.4451 68.8182 70.3872 103.757 98.0184 92.2224 86.454 80.6804 74.9031 69.1208 63.3354 57.5494 51.7638 45.9789 40.1955 34.4152 28.666 25.4201 25.47 25.47 25.47 25.47 25.47 25.47 25.47 25.47 25.47 25.47 25.47 25.47 25.47 25.47 25.47 25.4689 31.2386 37.009 42.7792 48.5494 54.3196 57.6946 51.9242 46.1536 40.3827 34.6116 28.8402 23.0686 17.2968 11.5248 5.764 5.77
90.3645 93.8709 96.3013 98.7405 99.7873 97.3928 99.7707 102.086 146.888 141.189 135.41 129.634 123.859 118.086 112.313 106.541 100.872 95.1949 89.4659 87.0944 84.7184 82.3337 79.9442 80.3439 77.9491 80.3456 77.9527 75.5592 74.6054 75.5442 76.5603 109.356 103.608 97.8328 92.0416 86.2668 80.4939 74.8879 69.11 63.3288 57.5443 51.7581 45.9711 40.1844 34.3994 28.6598 25.4165 25.47 25.47 25.47 25.47 25.47 25.47 25.47 25.47 25.47 25.47 25.47 25.47 25.47 25.47 25.47 25.4678 31.2346 37.0055 42.7762 48.5465 54.317 57.6916 51.9203 46.1491 40.3775 34.6057 28.8335 23.0612 17.2887 11.5161 5.76082 5.77
79.838 82.2461 85.7497 88.1749 90.6051 91.6434 89.2473 91.616 93.9291 143.511 137.809 132.034 126.26 120.486 114.713 109.044 103.368 97.6408 95.2643 92.884 90.4973 88.1072 88.5059 86.1118 88.5074 86.1151 83.7221 81.3268 83.7101 82.7242 117.519 111.768 105.996 100.221 94.4338 88.6635 82.9669 77.2893 71.5164 65.7422 59.9657 54.187 48.4067 42.6255 36.8588 31.1002 25.4033 25.4676 25.47 25.47 25.47 25.47 25.47 25.47 25.47 25.47 25.47 25.47 25.47 25.47 25.47 25.47 25.4648 31.2262 36.9984 42.7699 48.541 54.3119 57.6875 51.9148 46.1426 40.3701 34.5973 28.8243 23.0512 17.278 11.5047 5.75677 5.77
69.2972 71.7153 74.1241 77.6221 80.0408 82.4629 83.4948 81.0982 83.4635 85.7813 140.139 134.431 128.659 122.885 117.215 111.54 105.814 103.433 101.049 98.6606 96.27 96.6678 94.2742 96.669 94.277 91.8843 89.4894 91.8737 89.4497 125.682 119.929 114.158 108.384 102.61 96.8276 91.1333 85.3881 79.6881 73.9177 68.1469 62.3754 56.603 50.8295 45.0697 39.3087 33.5487 27.7957 25.4604 25.47 25.47 25.47 25.47 25.47 25.47 25.47 25.47 25.47 25.47 25.47 25.47 25.47 25.47 25.4586 31.2106 36.9854 42.7587 48.5309 54.3034 57.6825 51.9073 46.1338 40.3602 34.5865 28.8126 23.0388 17.2649 11.4911 5.75202 5.77
61.176 61.1717 63.5892 65.9959 69.4874 71.9002 74.3163 75.3442 72.9485 75.3149 77.6429 136.772 131.053 125.386 119.711 113.985 111.6 109.213 106.824 104.433 104.83 102.436 104.831 102.439 100.046 97.652 100.037 97.6172 133.845 128.09 122.32 116.547 110.774 105.001 99.2959 93.5517 87.799 82.0838 76.3141 70.5443 64.7742 59.0038 53.2478 47.4908 41.7347 35.9688 30.2056 25.4454 25.4669 25.4689 25.47 25.47 25.47 25.47 25.47 25.47 25.47 25.47 25.47 25.47 25.47 25.4681 25.4478 31.1825 36.9596 42.7353 48.5091 54.2839 57.6766 51.8977 46.1229 40.3483 34.5737 28.7992 23.0248 17.2504 11.4762 5.74687 5.77
53.031 53.0451 53.0434 55.4578 57.8612 61.3472 63.7558 66.1681 67.1933 64.7994 67.1702 69.5121 133.511 127.876 122.155 119.767 117.377 114.986 112.595 112.991 110.599 112.992 110.6 108.208 105.814 108.2 105.785 142.009 136.252 130.482 124.709 118.937 113.165 107.468 101.715 95.9631 90.2089 84.4797 78.7103 72.9407 67.1709 61.4158 55.6601 49.9054 44.1415 38.3761 32.6072 31.2201 30.2429 25.466 25.469 25.47 25.47 25.47 25.47 25.47 25.47 25.47 25.47 25.4691 25.4685 25.4595 31.2016 33.5722 39.3427 45.1204 50.8945 56.6727 57.6688 51.8866 46.1108 40.3353 34.5602 28.7852 23.0104 17.2358 11.4614 5.74181 5.77
44.9195 44.9255 44.9348 44.9312 47.3433 49.7471 53.2259 55.6301 58.041 59.0534 56.6524 59.0278 61.3826 130.288 127.929 125.541 123.149 120.758 121.153 118.761 121.153 118.762 116.37 113.976 116.363 113.953 148.933 144.415 138.645 132.873 127.101 121.33 115.633 109.886 104.128 98.3745 92.6211 86.8764 81.1068 75.3372 69.5822 63.8267 58.0726 52.3092 46.544 40.7789 39.386 36.9974 33.6227 27.8498 25.4655 25.4656 25.4652 25.4629 25.463 25.4632 25.4643 25.4621 25.4594 25.4522 28.2112 25.4313 31.1096 36.8823 41.7321 47.5046 53.2785 59.0618 57.6579 51.8754 46.099 40.3231 34.5477 28.7725 22.9976 17.2228 11.4483 5.73738 5.77
39.1891 39.1838 39.1895 39.1921 41.6083 45.0896 47.4809 49.8797 55.6798 53.2896 50.8933 48.5043 50.8886 53.2587 133.686 131.31 128.921 129.315 126.923 129.315 126.924 124.532 122.139 124.526 122.12 155.097 150.307 144.534 138.763 132.991 127.22 121.449 115.678 109.907 104.154 98.3911 92.6276 86.9198 81.1501 75.3803 69.6105 63.8406 58.0706 52.3005 46.5358 40.7693 38.3837 35.9954 33.6052 31.2153 28.8307 28.8354 28.8318 28.829 31.2192 31.204 28.8145 31.1927 30.6088 33.6148 30.5213 36.2947 33.4959 39.2703 45.0422 49.883 55.6572 63.4267 57.6457 51.8659 46.0893 40.3135 34.538 28.7629 22.988 17.2132 11.4388 5.73414 5.77
33.5646 33.5666 33.5695 33.5559 39.2566 39.3183 41.7101 47.5143 49.9273 47.5232 45.1262 42.7396 45.1401 47.5224 49.895 137.064 137.474 135.085 137.476 135.085 132.694 130.301 132.689 130.287 159.45 153.688 147.915 142.143 136.371 130.599 124.828 119.056 113.285 107.513 101.742 95.9918 90.2281 84.5255 78.7556 72.9855 67.2153 61.445 55.6745 49.9038 44.1331 38.3694 32.6002 30.2173 27.8286 25.4373 23.0504 23.0561 23.0512 23.0468 25.4349 25.4154 23.023 25.4048 27.7975 30.197 32.5892 38.3598 40.762 41.6566 47.4173 55.6381 69.1832 63.4183 57.637 51.8599 46.0838 40.3081 34.5329 28.7579 22.9831 17.2084 11.4341 5.73251 5.77
33.63 33.63 33.63 33.626 33.6112 33.5862 39.3482 45.1382 44.1552 41.7561 39.358 36.9671 39.3676 40.9191 43.3005 45.6724 143.227 145.636 143.247 140.856 138.463 140.851 138.454 162.833 157.069 151.295 145.524 139.752 133.98 128.208 122.437 116.665 110.893 105.122 99.348 93.579 87.8288 82.1317 76.3611 70.5902 64.8191 59.0478 53.2764 47.5052 41.7343 35.9632 30.1997 24.4306 22.0495 19.6606 17.2734 17.2806 17.2758 17.2695 19.661 19.6488 17.2402 19.6238 22.0245 24.413 30.1881 32.5936 38.3546 52.2741 49.7859 74.9443 69.1918 63.4114 57.6351 51.859 46.0834 40.3081 34.5331 28.7583 22.9837 17.2091 11.4349 5.7327 5.77
33.63 33.63 33.63 33.63 33.63 33.6199 39.3919 40.7897 38.388 35.9888 33.5887 31.1957 33.5959 35.1488 35.123 37.5036 39.8811 151.397 149.015 146.625 149.014 146.619 166.215 160.449 154.676 148.905 143.133 137.361 131.59 125.818 120.046 114.274 108.502 102.73 96.9545 91.1853 85.4154 79.7369 73.9653 68.1933 62.421 56.6486 50.8763 45.1053 39.3336 33.5618 27.7898 22.0249 16.2536 13.8762 11.4943 11.5042 11.5034 11.4932 13.8889 13.8817 11.468 13.8607 16.2438 22.0243 24.4263 30.2045 35.9545 54.6436 80.72 74.967 69.1898 63.4143 57.6386 51.8634 46.0884 40.3135 34.5387 28.7641 22.9896 17.2152 11.441 5.73467 5.77
33.63 33.63 33.63 33.63 33.63 33.6278 38.4069 38.4022 32.6191 30.2214 27.8258 25.4331 27.8285 29.3785 29.3533 31.7461 37.5121 39.8878 154.774 157.173 154.783 169.69 163.922 158.149 152.378 146.606 140.835 135.063 129.291 123.519 117.747 111.975 106.202 100.43 94.6522 88.8821 83.1113 77.3397 71.5678 65.7955 60.0229 54.2501 48.4776 42.7031 36.9292 31.1563 25.3833 19.6097 13.8415 8.07789 5.73558 5.75504 5.75533 5.74999 8.13333 8.12594 5.73012 8.09814 13.8806 16.2609 22.0422 27.8208 32.578 86.4996 80.7456 74.9708 69.1967 63.4216 57.647 51.8722 46.0976 40.3231 34.5486 28.7742 22.9998 17.2255 11.4514 5.73812 5.77
33.63 33.63 33.63 33.63 33.63 33.6291 36.0186 36.014 30.237 24.4582 23.613 23.6187 23.618 23.6208 23.6216 29.3581 31.7486 37.5126 39.8846 162.93 173.066 167.302 161.53 155.759 149.987 144.216 138.444 132.672 126.9 121.128 115.355 109.582 103.81 98.0364 92.2574 86.4851 80.713 74.9407 69.1683 63.3957 57.6227 51.8496 46.0761 40.3019 34.5272 28.7517 22.9755 17.1996 11.4229 5.71032 5.76689 5.77 5.77 5.76862 5.76582 5.76579 5.76653 5.7515 8.11642 13.8929 19.6738 24.4532 30.2089 86.5136 80.7514 74.9792 69.2053 63.4315 57.6575 51.8834 46.1093 40.3351 34.561 28.7868 23.0127 17.2386 11.4646 5.74257 5.77
33.63 33.63 33.63 33.63 33.63 33.6297 33.6297 33.6268 27.8538 23.619 23.6278 23.6282 23.6282 23.6282 23.6273 23.6257 29.3591 31.7503 37.5135 39.8827 173.054 167.297 161.531 155.76 149.989 144.217 138.446 132.674 126.902 121.13 115.357 109.584 103.811 98.0383 92.2581 86.4865 80.7142 74.942 69.1695 63.3968 57.6238 51.8507 46.0766 40.3026 34.5274 28.7522 22.9774 17.2014 11.4253 5.72167 5.77 5.77 5.77 5.77 5.77 5.77 5.77 5.76847 5.75322 11.5201 16.2931 22.0669 27.8324 38.3669 80.7544 74.9867 69.2141 63.4411 57.668 51.8946 46.1211 40.3475 34.5738 28.8001 23.0264 17.2526 11.4788 5.74744 5.77
33.63 33.63 33.63 33.63 33.63 33.6291 36.0193 35.1667 29.3954 23.6245 23.6282 23.6282 23.6282 23.6282 23.6282 23.6274 23.6258 29.3609 31.7504 37.5026 39.8654 167.287 161.53 155.758 149.987 144.216 138.444 132.672 126.9 121.128 115.355 109.582 103.808 98.0349 92.2528 86.4817 80.7098 74.9372 69.1644 63.391 57.6175 51.8437 46.0702 40.2949 34.5205 28.7447 22.9711 17.1956 11.42 5.71953 5.77 5.77 5.77 5.77 5.77 5.77 5.77 5.77 5.76743 8.14926 13.9091 19.6809 25.4507 32.6039 80.7574 74.992 69.2204 63.4486 57.6764 51.9039 46.1312 40.3584 34.5853 28.8122 23.039 17.2656 11.4923 5.75214 5.77
33.63 33.63 33.63 33.63 33.63 33.6287 39.3968 33.6251 27.8557 23.6237 23.6282 23.6282 23.6282 23.6282 23.6282 23.6282 23.6273 23.6257 29.351 31.74 37.4842 167.28 161.525 155.754 149.983 144.211 138.439 132.667 126.895 121.122 115.348 109.575 103.801 98.027 92.2429 86.4718 80.7 74.9273 69.1536 63.3792 57.604 51.8296 46.0548 40.2809 34.5047 28.7302 22.9562 17.1811 11.4056 5.7139 5.77 5.77 5.77 5.77 5.77 5.77 5.77 5.77 5.76959 5.76502 11.5202 17.2914 23.0616 30.2158 80.7602 74.9958 69.2245 63.4533 57.6819 51.9103 46.1385 40.3665 34.5942 28.8218 23.0492 17.2765 11.5037 5.75624 5.77
33.63 33.63 33.63 33.63 33.629 33.6285 37.0022 31.2318 25.4611 23.6258 23.6282 23.6282 23.6282 23.6282 23.6282 23.6282 23.6282 23.6273 23.6247 29.35 35.0968 167.267 161.514 155.743 149.972 144.2 138.428 132.655 126.882 121.108 115.334 109.56 103.786 98.0111 92.2246 86.4536 80.6812 74.907 69.1317 63.3574 57.5827 51.806 46.0307 40.2552 34.4814 28.7046 22.9375 17.1616 11.3859 5.70668 5.77 5.77 5.77 5.77 5.77 5.77 5.77 5.77 5.77 5.76756 11.5284 16.2955 22.0663 27.8261 80.7625 74.9985 69.2275 63.4564 57.6854 51.9143 46.143 40.3717 34.6001 28.8284 23.0565 17.2845 11.5123 5.75945 5.77
