tests/full-run-ref/erosion_78_19_2.123.asc
ncols 512
nrows 512
xllcorner -3.24582
yllcorner -4.08743
cellsize 5
NODATA_value -99999
[rows 456 to 493 of 512, columns 168 to 251 of 512]
5.77 5.77 5.77 5.77 5.77 5.77 5.77 5.77 5.77 5.77 5.77 5.77 5.77 5.77 5.77 5.63779 3.92876 0 0 0 0 0 0 0 0 0 0 7.91464 5.76959 5.76989 0 0 0 0 0 0 0 0 0 0 0 0 0 0 0 0 0 0 0 0 0 0 0 0 0 38.2721 152.371 146.634 140.863 135.091 129.318 123.546 117.774 112.002 106.23 100.457 94.685 88.9126 83.14 77.3674 71.5946 65.8218 60.0488 54.2757 48.5023 42.7278 36.953 31.1784 25.4026 19.6229 13.8353 8.06214 5.73092 5.40279
5.77 5.77 5.77 5.77 5.77 5.77 5.77 5.77 5.77 5.77 5.77 5.77 5.77 5.77 5.77 5.77 5.62426 4.35122 0 0 0 0 0 0 0 0 0 13.9295 8.10013 6.15852 5.76966 5.75951 0 0 0 0 0 0 0 0 0 0 0 0 0 0 0 0 5.7696 0 0 0 0 0 0 32.5283 0 144.234 138.473 132.7 126.927 121.154 115.381 109.608 103.835 98.0614 92.288 86.5145 80.7409 74.9671 69.1931 63.419 57.6447 51.8703 46.0956 40.3207 34.5452 28.7693 22.9928 17.2148 11.4316 5.68867 5.76361 0
5.77 5.77 5.77 5.77 5.77 5.77 5.77 5.77 5.77 5.77 5.77 5.77 5.77 5.77 5.77 5.77 5.77 5.70896 5.25492 3.85793 0.842785 0 0 0 0 0 0 0 13.9293 12.3181 8.15931 5.76949 5.76991 0 0 0 0 0 0 0 0 0 0 0 0 0 0 7.96517 5.76925 0 0 0 0 0 0 27.8057 0 0 138.474 132.701 126.928 121.155 115.382 109.609 103.835 98.0621 92.2886 86.515 80.7412 74.9673 69.1932 63.419 57.6445 51.8699 46.0951 40.3199 34.5445 28.7684 22.9917 17.2135 11.4327 5.70689 0 0
5.77 5.77 5.77 5.77 5.77 5.77 5.77 5.77 5.77 5.77 5.77 5.77 5.77 5.77 5.77 5.77 5.77 5.77 5.77 5.73218 5.51832 5.1503 4.64798 0 0 0 0 0 19.6996 16.3185 13.9292 8.15897 5.76929 5.76989 0 0 0 0 0 0 0 0 0 0 0 0 0 9.85065 5.76713 0 0 0 0 0 0 0 27.7604 144.206 138.474 132.701 126.929 121.156 115.383 109.61 103.837 98.0638 92.2905 86.517 80.7433 74.9695 69.1955 63.4214 57.647 51.8724 46.0974 40.3221 34.5461 28.7692 22.9909 17.21 11.4253 5.70031 0 0
5.77 5.77 5.77 5.77 5.77 5.77 5.77 5.77 5.77 5.77 5.77 5.77 5.77 5.77 5.77 5.77 5.77 5.77 5.77 5.77 5.77 5.77 5.08668 0 0 0 0 0 0 22.0896 16.3192 13.9288 8.15861 5.76919 5.76989 0 0 0 0 0 0 0 0 0 0 0 0 8.65185 8.15641 6.15652 5.02238 0 0 0 0 0 25.3832 144.209 138.475 132.703 126.93 121.158 115.385 109.612 103.839 98.0663 92.2931 86.5198 80.7464 74.9728 69.1991 63.4251 57.6507 51.876 46.1007 40.3244 34.5469 28.7676 22.9852 17.1985 11.4054 5.66395 5.75771 0
5.77 5.77 5.77 5.77 5.77 5.77 5.77 5.77 5.77 5.77 5.77 5.77 5.77 5.77 5.77 5.77 5.77 5.77 5.77 5.77 5.77 5.77 3.0184 0 0 0 0 0 0 24.4788 22.0892 16.3187 13.9286 8.15854 5.76917 5.76989 0 0 0 0 0 0 0 0 0 0 0 0 13.9287 10.6837 4.14541 9.53531 13.3887 0 0 0 27.8018 0 140.859 135.095 129.323 123.551 117.779 112.006 106.234 100.462 94.6899 88.9176 83.1451 77.3725 71.5997 65.8265 60.0529 54.2785 48.5029 42.7259 36.9467 31.1645 25.3781 19.5862 13.7879 8.02528 6.12387 0
5.77 5.77 5.77 5.77 5.77 5.77 5.77 5.77 5.77 5.77 5.77 5.77 5.77 5.77 5.77 5.77 5.77 5.77 5.77 5.77 5.77 5.76029 0 0 0 0 0 0 1.86977 1.87004 24.4795 22.0861 16.3186 13.9286 8.15846 5.76917 5.7699 0 0 0 0 0 0 0 0 0 0 0 9.97239 13.5643 13.9299 13.93 13.93 0 0 0 25.4524 0 143.195 137.287 131.715 125.943 120.171 114.399 108.628 102.856 97.0843 91.3125 85.5406 79.7685 73.996 68.223 62.449 56.6737 50.8966 45.1173 39.3353 33.5495 27.7588 21.9618 16.1614 11.3739 5.63942 0
5.77 5.77 5.77 5.77 5.77 5.77 5.77 5.77 5.77 5.77 5.77 5.77 5.77 5.77 5.77 5.77 5.77 5.77 5.77 5.77 5.77 5.65431 0 0 0 0 0 0 0 0 0 24.4791 22.0889 16.3184 13.9284 8.15838 5.76945 0 0 0 0 0 0 0 0 0 0 0 1.7796 12.3133 13.8397 13.8397 13.8407 0 0 0 0 22.0641 0 22.0641 132.706 126.934 121.162 115.39 109.618 103.847 98.0748 92.3029 86.5307 80.7581 74.9847 69.2101 63.4339 57.6556 51.8747 46.0909 40.3035 34.5113 28.7127 22.9039 17.0785 11.1929 0 5.72038
5.77 5.77 5.77 5.77 5.77 5.77 5.77 5.77 5.77 5.77 5.77 5.77 5.77 5.77 5.77 5.77 5.77 5.77 5.77 5.77 5.77 5.23717 0 0 0 0 0 0 0 0 0 30.2493 24.4788 22.0886 16.318 11.5361 5.76768 5.76982 0 0 0 0 0 0 0 0 0 0 0 0 5.14947 8.09924 0 0 0 0 0 0 22.0465 62.0758 135.09 129.325 123.554 117.782 112.01 106.239 100.467 94.6947 88.9221 83.1487 77.3739 71.5973 65.8186 60.0372 54.2531 48.4656 42.674 36.8768 31.0703 25.2431 19.3613 13.4085 7.59808 5.87639
5.77 5.77 5.77 5.77 5.77 5.77 5.77 5.77 5.77 5.77 5.77 5.77 5.77 5.77 5.77 5.77 5.77 5.77 5.77 5.77 5.77 5.77 5.77 5.77 5.77 5.77 0 0 0 0 0 32.6392 30.2489 24.4784 19.6961 13.925 8.15459 5.76823 5.76984 5.77 5.77 5.77 5.77 5.77 5.77 5.77 0 0 0 0 0 0 0 0 0 0 0 0 19.6795 24.2041 137.448 128.612 125.907 120.174 114.402 108.63 102.858 97.0859 91.3124 85.5375 79.7608 73.9818 68.2003 62.416 56.6288 50.838 45.0424 39.2389 33.4173 27.5468 21.612 15.698 13.5565 11.7621
5.77 5.77 5.77 5.77 5.77 5.77 5.77 5.77 5.77 5.77 5.77 5.77 5.77 5.77 5.77 5.77 5.77 5.77 5.77 5.77 5.77 5.77 5.77 5.77 5.77 0 0 0 0 11.5377 0 38.4093 32.6388 27.8565 22.0856 16.3146 13.9253 8.15533 5.76834 5.76984 5.77 5.77 5.77 5.77 5.77 4.74692 0 0 0 0 0 0 0 0 0 0 0 0 0 22.0705 24.4253 134.028 105.538 122.463 116.794 111.022 105.249 99.4756 93.7006 87.9237 82.1446 76.3629 70.5786 64.7914 59.0012 53.2069 47.4059 41.5893 35.7296 29.8116 23.9115 21.7155 17.0293 11.2206
5.77 5.77 5.77 5.77 5.77 5.77 5.77 5.77 5.77 5.77 5.77 5.77 5.77 5.77 5.77 5.77 5.77 5.77 5.77 5.77 5.77 5.77 5.77 5.77 1.56584 0 0 0 0 11.5373 34.3568 40.7992 36.0169 30.2462 24.4753 22.0858 16.3152 13.9255 8.15526 5.76831 5.76983 5.77 5.77 5.77 5.77 5.53868 3.85066 0.502028 0 2.58194 4.02863 0 0 0 0 0 0 0 0 0 22.0697 27.808 130.598 69.2669 117.543 113.413 107.639 101.864 96.0869 90.3077 84.526 78.7416 72.9547 67.1649 61.3718 55.5731 49.7612 43.9117 38.0101 32.1233 29.9097 25.193 19.3703 13.51
5.77 5.77 5.77 5.77 5.77 5.77 5.77 5.77 5.77 5.77 5.77 5.77 5.77 5.77 5.77 5.77 5.77 5.77 5.77 5.77 5.77 5.77 5.77 5.74152 2.74213 0 0 0 0 13.9273 47.4801 44.1774 38.4067 32.636 30.2463 24.4758 22.086 16.3152 13.9254 8.15513 5.76828 5.76983 5.77 5.77 5.77 5.77 5.72777 5.55409 4.72907 5.58183 5.76993 3.29767 0 0 0 0 0 0 0 0 0 24.4622 30.1966 127.226 0 115.803 110.027 104.251 98.4714 92.6897 86.9054 81.1187 75.3295 69.5375 63.7409 57.9335 52.0937 46.2077 40.3337 38.1029 33.3806 27.5651 21.7243 15.8705
5.76962 5.77 5.77 5.77 5.77 5.77 5.77 5.77 5.77 5.77 5.77 5.77 5.77 5.77 5.77 5.77 5.77 5.77 5.77 5.77 5.77 5.77 5.77 5.75672 4.88888 0 0 0 0 16.3173 52.3245 46.5673 40.7967 38.4068 32.6365 30.2465 24.4759 22.0859 16.3151 13.9253 8.15499 5.76826 5.76983 5.77 5.77 5.77 5.77 0 0 6.60517 5.76904 5.76974 0 0 0 0 0 0 0 0 0 0 24.4511 30.1781 0 116.12 112.416 106.636 100.854 95.0702 89.2838 83.4953 77.7043 71.9097 66.1064 60.2757 54.4047 48.5431 46.2954 41.5673 35.7584 29.9299 24.0875 21.8098
5.76799 5.77 5.77 5.77 5.77 5.77 5.77 5.77 5.77 5.77 5.77 5.77 5.77 5.77 5.77 5.77 5.77 5.77 5.77 5.77 5.77 5.77 5.77 5.77 5.26169 0 0 0 0 17.3066 54.7264 48.9573 46.5672 40.7971 38.407 32.6366 30.2465 24.476 22.0859 16.3152 13.9249 8.15463 5.76869 5.77 5.77 5.77 5.35618 0 0 0 8.15615 6.15786 5.76869 5.76933 5.76987 0 0 0 0 0 0 0 0 0 126.182 0 114.803 109.02 103.236 97.4502 91.6623 85.8724 80.0797 74.2801 68.4579 62.6011 56.7512 54.487 49.7532 43.9502 38.1326 32.3031 30.0119 27.7139
5.76469 5.77 5.77 5.77 5.77 5.77 5.77 5.77 5.77 5.77 5.77 5.77 5.77 5.77 5.77 5.77 5.77 5.77 5.77 5.77 5.77 5.77 5.77 5.77 0 0 0 0 0 19.6961 56.6639 54.7277 48.9577 46.5677 40.7975 38.4074 32.6371 30.247 24.4768 22.0862 16.3152 11.5368 5.76686 5.76962 5.76998 5.77 0 0 0 0.495936 0 13.9255 8.1575 11.5386 5.769 0 0 0 0 0 0 0 0 25.4094 33.4077 0 117.189 111.404 105.618 99.8309 94.0421 88.2512 82.4549 76.6405 70.797 64.9583 62.6777 57.9382 52.1404 46.3324 40.514 38.2104 35.8971 34.3404
5.7628 5.77 5.77 5.77 5.77 5.77 5.77 5.77 5.77 5.77 5.77 5.77 5.77 5.77 5.77 5.77 5.77 5.77 5.77 5.77 5.77 5.77 5.77 5.663 0 0 0 0 0 22.0864 0 52.3393 46.569 40.7986 38.4087 32.6383 30.2484 24.4779 22.0882 19.6979 16.3179 13.927 8.15816 6.15954 5.22709 0 0 0 0 0 0 0 15.0889 11.5369 5.7646 5.76928 0 0 0 0 0 0 0 0 31.0054 0 119.574 113.788 108.002 102.214 96.4245 90.6312 84.8236 78.9925 73.1644 70.8676 66.1223 60.3292 54.5295 48.7208 46.4036 44.0771 41.7238 40.1357
5.76038 5.76953 5.77 5.77 5.77 5.77 5.77 5.77 5.77 5.77 5.77 5.77 5.77 5.77 5.77 5.77 5.77 5.77 5.77 5.77 5.77 5.77 5.77 4.074 0 0 0 0 0 61.4292 0 49.949 44.1785 38.4085 32.638 30.2482 24.4777 22.0878 16.3168 13.9265 11.5358 8.15677 6.15878 0 0 0 8.15876 5.76814 0 0 0 0 19.6825 13.924 8.15154 6.15354 6.15792 4.95986 0 0 0 0 0 0 28.5748 105.767 121.961 116.176 110.388 104.6 98.8094 93.0079 87.188 81.3696 79.0567 74.3055 68.5164 62.7238 56.9236 54.5937 52.2552 49.893 47.5184 44.1418
8.14965 5.76761 5.77 5.77 5.77 5.77 5.77 5.77 5.77 5.77 5.77 5.77 5.77 5.77 5.77 5.77 5.77 5.77 5.77 5.77 5.77 5.77 5.77 0 0 0 0 0 0 27.8564 0 47.5589 41.7886 36.0181 30.248 24.4774 22.0877 16.317 13.927 8.15586 6.15712 6.15917 0 0 0 0 0 8.13688 0 0 0 0 22.0853 16.3133 14.3125 14.3152 12.3178 1.71915 3.6525 0 0 0 0 0 28.5084 129.891 124.368 118.567 112.78 106.99 101.194 95.3838 89.5743 87.2451 82.4879 76.7023 70.9156 65.1225 62.7808 60.4316 58.0636 55.6844 51.8963 46.1154
11.5304 5.76345 5.76937 5.76989 5.76997 5.77 5.77 5.77 5.77 5.77 5.77 5.77 5.77 5.77 5.77 5.77 5.77 5.77 5.77 5.77 5.77 5.77 5.15665 0 0 0 0 0 0 25.4673 0 45.169 39.3985 33.6282 27.8577 22.0875 16.3167 13.9271 8.15654 6.15811 6.15983 0 0 0 0 0 0 0 0 0 0 0 24.4143 19.6907 16.3156 16.3195 16.3195 15.4022 16.1662 16.3193 0 0 0 0 0 74.644 126.632 120.981 115.176 109.384 103.581 97.7796 95.4334 90.6697 84.8868 79.1049 73.3177 70.965 68.6075 66.2371 63.8574 60.0657 54.2844 48.5037
13.9212 8.15209 6.1557 6.15856 5.76922 5.76985 5.77 5.77 5.77 5.77 5.77 5.77 5.77 5.77 5.77 5.77 5.77 5.77 5.77 5.77 5.77 5.77 3.74308 0 0 0 0 0 0 0 0 42.7789 37.0086 31.2381 25.4678 19.6972 13.9268 8.15632 6.15825 6.15984 0 0 0 0 0 0 0 0 0 0 0 32.4983 27.8505 22.0786 16.3109 16.3186 16.32 16.32 16.32 16.32 0 0 0 0 30.9008 0 88.1455 123.24 114.421 111.776 105.968 103.623 98.8515 93.0705 87.2919 81.5095 79.1466 76.7792 74.4009 69.2117 63.4369 57.6545 51.8716 46.0919
16.3125 14.3158 12.3178 13.9294 8.15931 5.76983 5.77 5.77 5.77 5.77 5.77 5.77 5.77 5.77 5.77 5.77 5.77 5.77 5.77 5.77 5.77 5.76965 0 0 0 0 0 0 0 0 46.1595 40.3889 34.6185 28.8482 23.0777 17.3074 11.5366 6.15742 6.15983 0 0 0 0 0 0 0 0 0 0 0 40.7977 36.0108 30.2394 24.4675 22.0778 16.3083 16.3165 16.3189 16.3167 16.29 0 0 0 0 33.3438 80.0336 52.2055 79.88 119.761 114.048 35.4583 107.035 101.254 95.477 89.698 87.3258 84.9496 82.5665 77.3744 71.5982 65.8204 60.0415 54.2646 48.4871
22.4773 19.6977 13.928 8.15774 5.769 5.76989 5.77 5.77 5.77 5.77 5.77 5.77 5.77 5.77 5.77 5.77 5.77 5.77 5.77 5.77 5.77 5.38016 0 0 0 0 0 0 0 0 44.1795 39.3992 33.6289 27.8585 22.0882 16.3176 11.5377 6.15868 0 0 0 0 0 0 0 0 0 0 0 0 44.1714 38.3997 32.6303 30.2416 24.4674 22.0593 16.2984 16.0659 13.2244 21.7674 16.2433 0 0 0 32.4936 73.2737 58.998 66.0624 63.4786 64.9512 115.109 0 103.632 97.7695 95.5032 93.119 90.7318 85.5395 79.7641 73.9876 68.2108 62.4361 56.6611 50.8861
23.0767 17.3063 11.5356 5.76732 5.76985 5.77 5.77 5.77 5.77 5.77 5.77 5.77 5.77 5.77 5.77 5.77 5.77 5.77 5.77 5.77 5.77 0 0 0 0 0 0 0 0 0 41.7893 36.0191 31.2387 25.4684 19.6978 13.9275 8.15776 6.15941 0 0 0 0 0 0 0 0 0 38.4082 36.0167 36.0085 30.2417 24.4689 22.0741 13.8247 30.2211 24.4487 24.4681 13.2351 17.6874 21.926 16.2425 0 0 0 0 32.3635 59.1738 59.4595 58.0063 55.4907 25.6692 92.3014 106.01 0 101.261 98.8971 93.7045 87.93 82.1542 76.3783 70.6042 64.83 59.056 53.2835
23.0762 17.3056 11.5356 5.76774 5.77 5.76992 5.76991 5.76992 5.77 5.77 5.77 5.77 5.77 5.77 5.77 5.77 5.77 5.77 5.77 5.77 5.64048 0 0 0 0 0 0 0 0 0 39.3991 33.6288 27.8585 22.0879 16.3177 11.5376 6.15843 6.1599 6.16001 6.16001 0 0 0 0 0 0 0 36.0174 30.2453 24.4732 22.0825 19.6922 16.3106 13.915 0 0 0 0 6.21155 22.0053 16.2462 0 0 0 0 9.81811 21.8168 43.9971 51.3066 49.8565 47.3645 49.7939 1.82055 109.419 52.332 101.87 96.0963 90.3208 84.5454 78.7718 72.9982 67.2248 61.4528 55.6797
25.4666 19.6964 11.5355 5.76744 5.76987 5.76992 8.0607 5.76991 5.77 5.77 5.77 5.77 5.77 5.77 5.77 5.77 5.77 5.77 5.77 5.77 3.77185 0 0 0 0 0 0 13.2696 0 42.7478 37.0089 31.2386 25.4681 19.6978 13.9277 8.15799 6.15947 0 0 0 0 0 0 0 0 0 36.0188 30.2469 24.4753 22.0851 16.313 13.9224 11.5318 8.1486 0 0 0 0 0 0 0 16.2417 0 0 0 0 5.35784 5.36062 44.6951 44.0966 0 0 46.5029 15.9606 109.997 59.0857 98.4877 92.7124 86.9391 81.1658 75.3929 69.6212 63.8488 58.0757
27.8573 19.6964 13.9267 8.1575 5.76946 5.76994 5.76992 5.76994 5.77 5.77 5.77 5.77 5.77 5.77 5.77 5.77 5.77 5.77 5.77 5.77 0 0 0 0 0 0 17.3085 40.6292 46.1597 40.3891 34.6189 28.8484 23.0782 17.3079 11.5378 6.1585 6.15991 0 0 0 0 0 0 0 0 39.3999 33.6275 27.8565 22.0854 16.3142 13.9244 8.15278 6.15376 6.15761 0 0 0 0 0 0 0 21.9487 16.2219 0 0 0 0 0 27.1211 38.3213 35.1707 0 0 49.8701 0 101.672 100.879 95.1062 89.333 83.5603 77.7888 72.0169 66.2446 60.4742
27.8574 22.0876 16.3175 11.5382 5.76904 5.77 5.44237 5.22955 5.76995 5.77 5.77 5.77 5.77 5.77 5.77 5.77 5.77 5.77 5.77 5.046 0 0 0 0 0 0 17.3084 0 45.1695 39.3994 33.629 27.8589 22.0887 16.3185 11.5386 6.15919 0 0 0 0 0 0 11.5358 37.4613 41.4079 37.0086 31.2373 25.4662 19.6956 13.9245 8.15429 6.15689 6.15968 0 0 8.16001 6.15844 0 0 0 0 24.3365 21.9229 0 0 0 0 0 30.1928 27.7648 25.3548 0 0 27.8038 0 108.99 103.181 97.4999 91.7271 85.9554 80.1837 74.4118 68.641 62.8696
30.2489 24.4782 19.6984 11.5381 5.769 0 0 0 5.76877 5.76995 5.77 5.77 5.77 5.77 5.77 5.77 5.77 5.77 5.77 3.35718 0 0 0 0 0 0 17.3087 0 42.7795 37.0092 31.239 25.4688 19.6987 13.9285 8.15865 6.15964 0 0 0 0 0 0 13.9256 8.77232 40.3891 34.6179 28.847 23.0764 17.3056 11.5349 6.15598 6.15975 6.16001 6.15962 8.15957 6.15912 0 0 0 0 0 30.1005 24.3224 25.4661 0 0 0 0 27.838 22.0135 19.6164 0 0 22.0224 0 82.1397 0 99.893 94.1208 88.3488 82.577 76.8056 71.0339 65.2615
32.6399 27.8588 19.6986 13.929 8.1519 0 0 13.9273 8.15948 5.76982 5.77 5.77 5.77 5.77 5.77 5.77 5.77 5.77 5.76467 0 0 0 0 0 0 0 9.8938 0 39.3993 33.6291 27.8589 22.0887 16.3186 11.5385 6.15908 6.15995 0 0 0 0 0 0 0 46.0964 39.9326 34.6182 28.8478 23.077 17.3064 11.5355 6.15711 6.15985 6.16001 6.15974 6.1596 6.15961 0 0 0 0 0 24.4621 22.0623 19.669 0 0 0 0 25.4571 16.2515 13.849 0 0 16.2302 70.6102 76.381 0 102.284 96.512 90.7401 84.9683 79.1968 73.4256 71.0402
0 25.4683 16.3189 13.9294 0 0 0 16.3197 11.5395 5.76968 5.77 5.77 5.77 5.77 5.77 5.77 5.77 5.77 5.67501 0 0 0 0 0 0 0 0 0 37.0092 31.239 25.4688 19.6987 13.9287 8.15887 6.15971 6.16001 5.2307 0 0 0 0 0 0 15.9088 0 36.7294 31.2382 25.4678 19.697 13.9267 8.15731 6.15943 6.16001 6.16001 6.16001 6.16001 0 0 0 0 0 22.0677 16.2774 13.8845 0 0 0 0 17.2941 13.901 8.09694 0 0 13.8739 64.8364 70.611 110.437 104.675 98.9027 93.131 87.3596 81.5897 78.7919 73.0209
0 11.5384 11.5391 8.15923 0 0 0 19.6999 11.5392 5.76954 5.76996 5.77 5.77 5.77 5.77 5.77 5.77 5.77 5.32265 0 0 0 0 0 0 0 0 0 33.6296 27.8593 22.0891 16.3189 11.5388 6.15926 6.15996 6.04999 2.04421 0 0 0 0 0 0 0 0 0 33.6291 27.8581 22.0879 16.3178 11.5382 6.15872 6.15908 6.15896 6.15943 0 0 0 0 0 0 19.6733 13.8913 8.11238 0 0 0 11.5164 11.522 11.529 6.13509 0 0 11.4964 59.0621 64.8348 111.011 105.254 99.4818 93.7103 87.9389 82.1683 76.396 70.6238
0 0 5.76965 5.76984 0 0 0 0 13.9257 8.15949 5.76986 5.77 5.77 5.77 5.77 5.77 5.77 5.77 3.95596 0 0 0 0 0 0 0 0 0 31.2396 25.4692 19.699 13.929 8.15914 6.15977 6.16001 6.16001 6.16001 6.16001 6.16001 6.16001 6.16001 0 0 0 0 0 36.0193 30.2489 24.479 19.6991 13.9289 8.15938 11.5397 8.15848 6.15919 6.16001 6.16001 0 0 0 0 11.5079 11.5149 6.13511 0 0 0 6.14576 6.14962 6.15458 6.15896 0 0 13.897 53.292 59.0598 108.618 102.862 97.0893 91.3169 85.5449 79.7729 74.0007 68.2287
0 0 0 0 0 0 0 0 16.3196 11.5396 5.76976 5.77 5.77 5.77 5.77 5.77 5.77 5.77 0 0 0 0 0 0 0 0 0 17.3097 28.8497 23.0793 17.3091 11.539 6.15939 6.15997 6.16001 6.16001 6.16001 6.16001 6.15999 6.15996 6.15998 0 0 0 0 0 30.2492 24.4789 22.0891 16.319 13.9293 8.15911 6.15822 6.15804 6.15972 6.16001 0 0 0 0 0 0 6.14882 6.15642 0 0 0 6.15951 6.16001 6.16001 0 0 0 16.2931 47.5245 53.2862 106.225 100.472 94.6978 88.9246 83.1516 77.3789 71.6063 65.8337
0 0 0 0 0 0 0 0 19.6827 11.5395 5.76967 5.76998 5.77 5.77 5.77 5.77 5.77 5.70393 0 0 0 0 0 0 0 0 0 0 28.8499 23.0796 17.3095 11.5394 6.15963 6.16001 6.16001 6.16001 6.16001 6.15999 6.15981 8.15976 6.15972 6.15998 0 0 0 0 0 22.0892 16.3189 13.9289 8.15888 6.15877 6.15959 6.16001 6.16001 3.86981 0 0 0 0 0 0 0 0 0 0 0 0 0 0 0 0 0 13.9043 41.7572 45.8869 103.835 98.0823 92.3081 86.5343 80.7606 74.9869 69.2134 63.4399
0 0 0 0 0 0 0 26.4977 19.6996 13.9296 8.15963 5.7699 5.77 5.77 5.77 5.77 5.77 5.43502 0 0 0 0 0 0 0 0 0 0 28.85 23.0797 17.3095 11.5394 6.15967 6.16001 6.16001 6.16001 6.16001 6.15997 8.1598 12.8681 8.15974 6.15996 0 0 0 0 5.54269 16.3193 13.9291 8.15892 6.15908 6.15973 6.16001 6.16001 6.15626 3.6897 0 0 0 0 0 0 0 0 0 0 0 0 0 0 0 0 0 0 35.9914 0 103.835 98.0837 92.3106 86.5372 80.7637 74.9903 69.2168 63.4433
0 0 0 0 0 0 36.0199 27.8597 22.0897 16.3196 11.5396 5.76976 5.76998 5.77 5.77 5.77 5.77 4.39166 0 0 0 0 0 0 0 0 0 0 28.8499 23.0797 17.3095 11.5394 6.15965 6.15999 6.16001 6.16001 6.16001 6.15999 6.15979 8.15981 6.1598 6.15996 0 0 0 0 13.6656 13.9292 8.15896 6.15931 0 0 5.62756 6.15979 6.15394 4.62731 0 0 0 0 0 0 0 0 0 0 0 0 0 0 0 0 0 0 0 35.5537 0 0 92.3119 86.5385 80.7651 74.9918 69.2184 63.4449
0 0 0 0 0 0 35.7336 30.2498 24.4797 19.6997 13.9297 8.15975 5.76993 5.77 5.77 5.77 5.77 0.346082 0 0 0 0 0 0 0 0 0 0 31.2399 25.4697 19.6996 13.9296 8.15963 6.15993 6.16001 6.16001 6.16001 6.16001 6.15999 6.15994 7.62479 6.15994 0 0 0 0 16.7715 11.5384 6.15842 6.15977 0 0 0 0 0 0 0 0 0 0 0 0 0 0 0 0 0 6.01965 6.15961 0 0 0 0 0 0 33.6017 0 98.037 92.2865 86.5118 80.7384 74.9648 69.1912 63.4176
