tests/full-run-ref/erosion_2010_78_19_2.123.asc
ncols 512
nrows 512
xllcorner -3.24582
yllcorner -4.08743
cellsize 5
NODATA_value -99999
[rows 0 to 37 of 512, columns 336 to 419 of 512]
23.08 25.47 25.47 23.08 23.08 23.08 23.08 23.08 25.47 25.47 27.86 30.25 32.64 38.41 40.8001 46.5701 48.9601 54.7301 57.1201 62.8901 65.2801 71.0501 76.8201 78.8 73.03 67.26 61.49 55.72 49.95 44.18 38.41 32.64 30.25 32.64 41.79 36.02 30.25 24.48 22.09 16.32 13.93 11.54 13.93 11.54 13.93 16.32 22.0785 27.8485 33.6185 39.3885 45.1585 48.55 49.9453 44.1763 38.4091 32.6395 30.2495 24.48 22.09 16.32 13.93 11.54 11.54 8.16001 5.77 8.16001 11.54 11.54 11.54 11.54 11.54 11.54 11.54 11.54 8.16001 5.77 8.16001 8.16001 5.77 5.77 8.16001 11.54 11.4083 11.0133
17.31 19.7 19.7 17.31 17.31 17.31 17.31 17.31 19.6996 19.6983 0 0 30.2476 32.6398 38.4076 0 0 30.5776 54.7276 56.9381 62.8839 68.654 74.4291 76.41 70.64 64.87 59.1 53.33 47.56 41.79 36.02 30.25 24.48 22.09 24.48 33.63 27.86 22.09 16.32 13.93 11.54 11.54 11.54 11.54 3.33274 13.9184 19.6882 25.2976 31.0908 36.9977 40.39 42.78 45.17 41.7853 36.0163 30.2491 24.4795 22.0895 16.32 13.93 8.16001 5.77 5.77 5.77 5.77 5.77 5.77 5.77 5.77 5.77 5.77 5.77 5.77 5.77 5.77 5.77 5.77 5.77 5.77 5.77 5.76999 5.76999 5.76998 5.76998
0 12.3271 13.9299 0 0 0 0 0 0 0 0 0 0 0 0 0 0 0 0 0 0 25.6806 25.6806 73.1828 68.25 62.48 56.71 50.94 45.17 39.4 33.63 27.86 22.09 16.3197 13.7426 0 13.6757 16.32 13.93 11.54 11.54 0 0 0 0 0 0 0 0 0 0 0 26.4127 39.3952 33.6253 27.8563 22.0891 16.3195 13.9295 8.16001 5.77 5.77 5.77 5.77 5.77 5.77 5.77 5.77 5.77 5.77 5.77 5.77 5.77 5.77 5.77 5.76484 5.4283 3.37058 0 5.77 5.77 5.77 5.77 5.77
0 0 11.54 11.54 0 0 0 0 0 0 0 0 0 0 0 0 0 0 0 0 0 0 0 51.0857 65.8597 60.0897 54.3197 48.5497 42.7796 37.0096 31.2395 25.4695 19.6995 13.9298 11.5185 0 0 13.3762 11.2092 11.54 0 0 0 0 0 0 0 0 0 0 0 0 0 37.0048 31.2346 25.4644 19.6952 13.9281 8.15847 5.76994 5.77 5.77 5.77 5.77 5.77 5.77 5.77 5.77 5.77 5.77 5.77 5.77 5.77 5.77 5.76484 5.4283 3.37058 0 5.77 5.77 5.77 5.77 5.77 5.77
0 0 0 0 0 0 0 0 0 0 0 0 0 0 0 0 0 0 0 0 0 0 0 0 63.4697 57.6996 51.9296 46.1595 40.3894 34.6194 28.8493 23.0792 17.3093 11.5395 11.54 0 0 0 0 0 0 5.52212 13.9296 11.5398 13.9299 0 0 0 0 0 0 0 0 0 28.8443 23.0736 17.3031 11.5336 5.76827 5.76996 5.77 5.77 5.77 5.77 5.77 5.77 5.77 5.77 5.77 5.77 5.77 5.77 5.77 5.76484 5.4283 3.37058 0 5.77 5.77 5.77 5.77 5.77 5.77 5.77
0 0 0 0 0 0 0 0 0 0 0 0 0 0 0 0 0 0 0 0 0 0 0 0 39.9897 60.0612 54.2968 48.5497 42.7796 37.0095 31.2395 25.4694 19.6993 13.9294 11.5394 13.9297 0 0 0 0 0 22.0863 16.3195 14.3196 13.9298 0 0 0 0 0 0 0 0 0 28.8472 23.076 17.305 11.5343 5.76785 5.77 5.77 5.77 5.77 5.77 5.77 5.77 5.77 5.77 5.77 5.77 5.77 5.77 5.76484 5.4283 3.37058 0 5.77 5.77 5.77 5.77 5.77 5.77 5.77 5.77
0 0 0 0 0 0 0 0 0 0 0 0 0 0 0 0 0 0 0 0 42.9263 37.1612 0 0 0 0 0 50.9397 45.1696 39.3996 33.6295 27.8594 22.0893 16.3194 22.0878 16.3198 20.0894 0 0 0 12.5866 24.4798 19.6995 13.9294 8.15917 0 0 0 0 0 0 0 0 0 21.1954 23.0665 17.2948 11.5268 5.76742 5.77 5.77 5.77 5.77 5.77 5.77 5.77 5.77 5.77 5.77 5.77 5.77 5.76484 5.4283 3.37058 0 5.77 5.77 5.77 5.77 5.77 5.77 5.77 5.77 5.71559
11.055 0.213019 0 0 0 0 0 0 0 0 0 0 0 0 0 0 0 0 0 39.5523 33.7818 31.3916 0 0 0 0 0 49.9497 44.1795 38.4095 32.6395 30.2496 24.4797 22.4799 22.0899 19.6997 16.626 0 0 0 0 23.0796 17.3091 11.5385 5.76905 5.76992 0 0 0 0 0 0 0 0 0 23.0745 17.3023 11.5312 5.76737 5.77 5.77 5.77 5.77 5.77 5.77 5.77 5.77 5.77 5.77 5.77 5.76484 5.4283 3.37058 0 5.77 5.77 5.77 5.77 5.77 5.77 5.77 5.77 5.71559 5.33656
11.54 11.1933 2.87342 0 0 0 0 0 0 0 0 0 0 0 0 0 0 0 0 33.7821 28.0116 25.6214 0 0 0 0 0 47.5594 41.7893 36.0192 30.2491 24.4791 22.0893 19.6993 16.3192 13.929 0 0 0 0 0 20.4519 17.3089 11.5385 5.76892 0 0 0 0 0 0 0 0 0 0 23.0734 17.3037 11.5322 5.7676 5.77 5.77 5.77 5.77 5.77 5.77 5.77 5.77 5.77 5.77 5.76484 5.4283 3.37058 0 5.77 5.77 5.77 5.77 5.77 5.77 5.77 5.77 5.71559 5.33656 0
11.54 11.54 11.4945 11.2913 11.2223 10.3934 0 0 0 0 0 0 0 0 0 0 0 0 33.7826 28.0118 22.2413 19.8511 0 0 0 0 0 45.169 39.3987 33.6286 27.8585 22.0887 16.3185 13.9287 11.5389 8.15909 0 0 0 0 0 0 17.3091 11.5383 5.76881 0 0 0 0 0 0 0 0 0 0 0 17.3054 11.5334 5.76796 5.77 5.77 5.77 5.77 5.77 5.77 5.77 5.77 5.77 5.76484 5.4283 3.37058 0 5.77 5.77 5.77 5.77 5.77 5.77 5.77 5.77 5.71559 5.33656 0 5.77
11.1537 11.4449 10.4448 6.01972 4.1684 9.8198 7.17931 0 0 0 0 0 0 0 0 0 0 0 31.3922 25.6213 19.8513 14.0806 0 0 0 0 0 42.7788 37.0085 31.2381 25.468 19.6979 13.9279 8.15795 5.7689 5.76974 5.76993 0 0 0 0 0 17.3096 11.5385 5.76869 5.76984 0 0 0 0 0 0 0 0 0 0 17.3067 11.5348 5.7684 5.77 5.77 5.77 5.77 5.77 5.77 5.77 5.77 5.76484 5.4283 3.37058 0 5.77 5.77 5.77 5.77 5.77 5.77 5.77 5.77 5.71559 5.33656 0 5.77 5.77
1.92262 11.5341 11.5398 0 0 11.54 11.54 11.54 11.54 0 0 0 0 0 0 0 0 21.3498 31.2396 23.2313 17.461 11.6905 0 0 0 0 0 40.3887 34.6182 28.8478 23.0773 17.307 11.5368 5.76792 5.76989 3.60475 0 0 0 0 0 0 19.6999 13.929 8.15904 5.76981 4.54184 0 0 0 0 0 0 0 0 0 16.3197 11.5374 5.76904 5.77 5.77 5.77 5.77 5.77 5.77 5.77 5.76484 5.4283 3.37058 0 5.77 5.77 5.77 5.77 5.77 5.77 5.77 5.77 5.71559 5.33656 0 5.77 5.77 5.77
0 0 0 0 14.3195 12.3196 12.3197 14.3199 11.5399 11.54 0 0 0 0 0 0 0 0 25.4693 23.0791 17.4618 11.6915 0 0 0 0 0 40.3351 34.6184 28.8479 23.0774 17.3069 11.5365 5.76769 5.76987 5.45863 0 0 0 0 0 0 10.0188 11.5387 5.76875 5.76991 5.77 5.77 4.15238 0 0 0 0 0 0 0 13.9297 8.15905 5.76965 5.77 5.77 5.77 5.77 5.77 5.77 5.76484 5.4283 3.37058 0 5.77 5.77 5.77 5.77 5.77 5.77 5.77 5.77 5.71559 5.33656 0 5.77 5.77 5.77 5.77
5.90094 0 0 18.3943 31.6294 30.2498 25.4698 19.6998 13.9298 11.5399 0 0 0 0 0 0 0 0 19.6988 17.3088 17.3093 11.6921 0 0 0 28.0107 0 42.779 37.0087 31.2384 25.4678 19.6974 13.9268 8.15743 5.76935 5.77 5.77 5.30943 0 0 0 0 0 11.5355 5.76876 5.76998 5.77 5.77 5.77 5.77 5.77 5.77 4.27601 0 0 0 11.5395 5.7694 5.76995 5.77 5.77 5.77 5.77 5.77 5.76484 5.4283 3.37058 0 5.77 5.77 5.77 5.77 5.77 5.77 5.77 5.77 5.71559 5.33656 0 5.77 5.77 5.77 5.77 5.77
11.3758 18.2037 0 36.0179 30.2492 24.4787 22.0894 19.6997 16.3199 14.3199 14.2007 14.32 13.9298 11.5396 0 0 0 0 13.9286 11.5383 11.5389 11.5395 0 0 17.4618 50.9308 40.4145 45.1688 39.3989 33.6287 27.8585 22.088 16.3177 11.5375 5.7687 5.77 5.77 5.77 3.92563 0 0 0 0 12.0714 6.30109 5.76991 5.77 5.77 5.77 5.77 5.77 5.77 5.6852 2.13925 0 0 8.15898 5.76977 5.77 5.77 5.77 5.77 5.77 5.76484 5.4283 3.37058 0 5.77 5.77 5.77 5.77 5.77 5.77 5.77 5.77 5.71559 5.33656 0 5.77 5.77 5.77 5.77 5.77 5.77
38.5545 38.7978 39.3992 33.6282 27.8564 22.0859 16.3152 13.9274 11.5391 11.5395 9.55515 11.5399 8.15963 0 0 0 0 0 8.1589 0 0 0 0 0 17.4623 45.1593 33.9791 46.1596 40.3893 34.6188 28.8486 23.0784 17.308 11.5375 5.76825 5.77 5.77 5.77 5.77 5.77 4.3965 0 0 7.45645 8.69158 5.76988 5.77 5.77 5.77 5.77 5.77 5.77 5.77 5.70934 2.60327 3.02207 5.76969 5.76996 5.77 5.77 5.77 5.77 5.76483 5.42828 3.37058 0 5.77 5.77 5.77 5.77 5.77 5.77 5.77 5.77 5.71559 5.33656 0 5.77 5.77 5.77 5.77 5.77 5.77 5.77
46.958 42.7773 37.0051 31.2321 25.4604 19.6886 13.9172 8.14829 5.76495 5.76967 5.76987 5.76988 5.7699 5.76996 0 0 0 0 5.76973 5.76991 0 0 0 0 0 0 0 46.1547 40.3844 34.6142 28.8437 23.0734 17.303 11.5351 5.76828 5.76988 5.76999 5.77 5.77 5.77 5.77 5.77 5.76998 5.76995 5.76995 5.76997 5.77 5.77 5.77 5.77 5.77 5.77 5.77 5.77 5.7289 5.69424 5.76996 5.77 5.76497 5.75015 5.76511 5.76442 5.42664 3.37018 0 5.77 5.77 5.77 5.77 5.77 5.77 5.77 5.77 5.71559 5.33656 0 5.77 5.77 5.77 5.77 5.77 5.77 5.77 5.77
46.1533 40.3794 34.6058 28.8329 23.06 17.2869 11.5138 5.75293 5.76941 5.77 5.77 5.77 5.77 5.60653 0.626309 0 0 0 0 0 0 0 0 0 0 0 0 42.7552 40.3883 34.6181 28.8477 23.0772 17.3068 11.5365 8.1583 6.15964 5.76999 5.76998 5.76997 5.76996 5.77 5.77 5.77 5.77 5.77 5.77 5.77 5.77 5.77 5.77 5.72732 5.48584 5.10256 4.82307 4.79595 4.90811 5.01755 4.78799 3.92898 3.38028 4.41708 5.08598 3.3384 0 5.77 5.77 5.77 5.77 5.77 5.77 5.77 5.77 5.71559 5.33656 0 5.77 5.77 5.77 5.77 5.77 5.77 5.77 5.77 5.77
46.1314 40.3579 34.5845 28.811 23.0374 17.2636 11.4904 5.74935 5.77 5.77 5.77 5.77 5.77 5.77 4.53102 0 0 0 0 0 0 0 0 0 0 0 0 0 34.6196 37.0082 31.2378 25.4674 19.6968 13.9265 8.15683 5.76888 5.7696 5.76993 8.15984 5.76995 5.77 5.77 5.77 5.77 5.77 5.77 5.77 5.77 5.75278 5.51413 4.1096 0.467082 0 0 0 0 0 0 0 0 0 0.804475 0 5.77 5.77 5.77 5.77 5.77 5.77 5.77 5.77 5.71559 5.33656 0 5.77 5.77 5.77 5.77 5.77 5.77 5.77 5.77 5.77 5.77
46.1217 40.3475 34.5732 28.7988 23.0242 17.2495 11.4747 5.74142 5.77 5.77 5.77 5.77 5.77 5.77 5.5258 0 0 0 0 0 0 0 0 0 0 0 0 0 0 14.415 33.6277 27.8578 22.0874 16.3168 13.9289 8.15921 11.9296 7.53674 5.76995 5.76998 5.77 5.77 5.77 5.77 5.77 5.77 5.77 5.76092 5.41419 2.43722 0 0 0 0 0 0 0 0 0 0 0 0 5.77 5.77 5.77 5.77 5.77 5.77 5.77 5.77 5.71559 5.33656 0 5.77 5.77 5.77 5.77 5.77 5.77 5.77 5.77 5.77 5.77 5.77
46.1039 40.3285 34.5531 28.7775 23.0018 17.2258 11.4497 5.73039 5.77 5.77 5.77 5.77 5.77 5.77 5.76333 3.64178 0 0 0 0 0 0 0 0 0 0 0 25.4693 0 0 0 30.1844 24.4776 22.0893 16.3191 13.9284 8.15858 5.76968 5.76998 5.77 5.77 5.77 5.77 5.77 5.77 5.77 5.77 5.62502 3.06731 0 0 0 0 0 0 0 0 0 0 0 0 6.16 5.77 5.77 5.77 5.77 5.77 5.77 5.77 5.71559 5.33656 0 5.77 5.77 5.77 5.77 5.77 5.77 5.77 5.77 5.77 5.77 5.77 5.77
46.0789 40.3023 34.5254 28.7483 22.971 17.1935 11.4158 5.71569 5.77 5.77 5.77 5.77 5.77 5.77 5.77 4.90128 0 0 0 0 0 0 0 0 0 0 0 19.6992 17.309 0 0 0 28.8456 23.0751 17.3049 11.535 5.76873 5.76993 5.77 5.77 5.77 5.77 5.77 5.77 5.77 5.77 5.77 5.02158 0 0 0 0 0 0 0 0 0 0 0 0 8.15993 5.76995 5.77 5.77 5.77 5.77 5.77 5.77 5.71559 5.33656 0 5.77 5.77 5.77 5.77 5.77 5.77 5.77 5.77 5.77 5.77 5.77 5.77 5.77
46.0453 40.2669 34.4883 28.7094 22.9302 17.1507 11.3712 5.69659 5.77 5.77 5.77 5.77 5.77 5.77 5.77 5.41144 0 0 0 0 0 0 0 0 0 0 0 13.9291 11.539 0 0 0 0 23.0703 17.3002 11.5321 5.76903 5.77 5.77 5.77 5.77 5.77 5.77 5.77 5.77 5.77 5.76417 3.98892 0 0 0 0 0 0 0 0 0 0 0 8.14737 11.5375 5.76988 5.77 5.77 5.77 5.77 5.77 5.71559 5.33656 0 5.77 5.77 5.77 5.77 5.77 5.77 5.77 5.77 5.77 5.77 5.77 5.77 5.77 5.77
46.0011 40.2206 34.4399 28.6588 22.8773 17.0953 11.3137 5.67237 5.77 5.77 5.77 5.77 5.77 5.77 5.77 5.73602 3.11648 0 0 0 0 0 0 0 0 0 11.5397 8.1594 0 0 0 0 0 22.7282 17.3084 11.538 5.76923 5.77 5.77 5.77 5.77 5.77 5.77 5.77 5.77 5.77 5.74655 3.31893 0 0 0 0 0 0 0 0 0 0 16.3194 15.3097 11.5396 5.76982 5.77 5.77 5.77 5.77 5.71559 5.33656 0 5.77 5.77 5.77 5.77 5.77 5.77 5.77 5.77 5.77 5.77 5.77 5.77 5.77 5.77 5.77
45.9469 40.1641 34.3808 28.597 22.8128 17.028 11.2435 5.64185 5.77 5.77 5.77 5.77 5.77 5.77 5.77 5.77 5.77 5.66141 1.68169 0 0 0 0 0 0 0 5.76977 5.76986 5.76997 0 0 0 0 0 17.3085 11.5382 5.76929 5.77 5.77 5.77 5.77 5.77 5.77 5.77 5.77 5.77 5.77 3.89006 0 0 0 0 0 0 0 0 0 2.01907 22.0898 17.3017 11.5348 5.76977 5.77 5.77 5.77 5.71559 5.33656 0 5.77 5.77 5.77 5.77 5.77 5.77 5.77 5.77 5.77 5.77 5.77 5.77 5.77 5.77 5.77 5.77
45.9599 40.1749 34.3894 28.6033 22.8167 17.0294 11.2411 5.57805 5.76008 5.77 5.77 5.77 5.77 5.77 5.77 5.77 5.77 5.77 5.77 5.77 5.72476 3.45037 0 0 0 0 0 0 0 0 0 0 0 0 17.2409 11.539 5.76916 5.76994 5.77 5.77 5.77 5.77 5.77 5.77 5.77 5.77 5.77 5.15158 0 0 0 0 0 0 0 0 0 0 17.3099 17.3097 11.5395 5.76979 5.77 5.77 5.71559 5.33656 0 5.77 5.77 5.77 5.77 5.77 5.77 5.77 5.77 5.77 5.77 5.77 5.77 5.77 5.77 5.77 5.77 5.77
48.3534 42.57 36.7862 31.0019 25.217 19.4318 13.6469 7.93147 5.71554 5.77 5.77 5.77 5.77 5.77 5.77 5.77 5.77 5.77 5.77 5.77 5.60481 1.5553 0 0 0 0 0 0 0 0 0 0 0 0 19.6898 13.929 8.15905 5.76967 5.77 5.77 5.77 5.77 5.77 5.77 5.77 5.77 5.77 5.74334 3.25721 0 0 0 0 0 0 0 0 0 0 11.5398 11.5396 5.76985 5.77 5.71559 5.33656 0 5.77 5.77 5.77 5.77 5.77 5.77 5.77 5.77 5.77 5.77 5.77 5.77 5.77 5.77 5.77 5.77 5.64963 5.29558
50.7451 44.9628 39.1801 33.3969 27.6134 21.8294 16.0599 11.2363 5.64348 5.77 5.77 5.77 5.77 5.77 5.77 5.77 5.77 5.77 5.77 5.77 5.51844 0 0 0 0 0 0 0 0 0 0 0 0 0 22.0894 16.3191 11.5389 5.76912 5.76992 5.77 5.77 5.77 5.77 5.77 5.77 5.77 5.77 5.77 5.77 5.77 5.4251 1.37538 0 0 0 0 0 0 0 0 8.15992 5.76995 5.76996 5.76999 0 5.77 5.77 5.77 5.77 5.77 5.77 5.77 5.77 5.77 5.77 5.77 5.77 5.77 5.77 5.77 5.77 5.64963 4.81119 0
50.62 44.8305 39.0402 33.2493 27.4578 21.6663 15.8974 11.0749 5.53854 5.77 5.77 5.77 5.77 5.77 5.77 5.77 5.77 5.77 5.77 5.77 5.5425 0 0 0 0 0 0 0 0 0 0 0 0 0 24.4797 19.6992 13.9289 8.1588 5.7693 5.76993 5.77 5.77 5.77 5.77 5.77 5.77 5.77 5.77 5.77 5.54962 4.01449 0 5.76886 5.77 5.77 5.77 5.77 5.40543 0 0 0 4.12899 7.35158 0 5.76998 8.15995 5.77 5.77 5.77 5.77 5.77 5.77 5.77 5.77 5.77 5.77 5.77 5.77 5.77 5.77 5.64963 4.81119 0 5.77
47.8119 41.9976 36.182 30.3651 24.5475 18.7289 12.9177 7.36327 5.61183 5.77 5.77 5.77 5.77 5.77 5.77 5.77 5.77 5.77 5.77 5.77 5.66829 1.81389 0 0 0 0 0 0 0 0 0 0 0 0 27.8598 22.0893 16.3191 13.9281 8.15811 5.76941 5.76992 5.77 5.77 5.77 5.77 5.77 5.77 5.77 5.54962 4.01449 0 5.76886 5.77 5.77 5.77 5.77 5.77 5.77 4.23484 0 0 0 0 7.67948 11.93 8.15998 5.77 5.77 5.77 5.77 5.77 5.77 5.77 5.77 5.77 5.77 5.77 5.77 5.77 5.64963 4.81119 0 5.77 5.77
44.8159 38.9678 33.1178 27.2663 21.413 15.5575 9.72611 4.65742 5.73367 5.77 5.77 5.77 5.77 5.77 5.77 5.77 5.77 5.77 5.77 5.77 5.77 4.11425 0 0 0 0 0 0 0 0 0 0 0 0 30.2499 24.4796 22.0887 16.3186 13.9287 8.15891 5.76989 5.77 5.77 5.77 5.77 5.77 5.77 5.54962 4.01449 0 5.76886 5.77 5.77 5.77 5.77 5.77 5.77 5.77 5.7248 3.23962 0 0 0 0 8.15985 5.76996 5.77 5.77 5.77 5.77 5.77 5.77 5.77 5.77 5.77 5.77 5.77 5.77 5.64963 4.81119 0 5.77 5.77 5.77
43.7904 37.9214 32.0508 26.1773 20.3014 14.4229 8.64722 4.6337 5.77 5.77 5.77 5.77 5.77 5.77 5.77 5.77 5.77 5.77 5.77 5.77 5.77 5.38981 0 0 0 0 0 0 0 0 0 0 0 9.69896 27.8598 22.0895 16.3193 13.9293 8.1593 5.7696 5.76995 5.77 5.77 5.77 5.77 5.77 5.54962 4.01449 0 5.76886 5.77 5.77 5.77 5.77 5.77 5.77 5.77 5.75238 5.36608 2.40655 0 0 0 2.67374 5.76991 5.76999 5.77 5.77 5.77 5.77 5.77 5.77 5.77 5.77 5.77 5.77 5.77 5.64963 4.81119 0 5.77 5.77 5.77 5.77
43.1973 37.3136 31.4261 25.5366 19.6442 13.7488 8.03207 4.49344 5.77 5.77 5.77 5.77 5.77 5.77 5.77 5.77 5.77 5.77 5.77 5.77 5.77 5.75574 3.49575 0 0 0 0 0 0 0 0 0 0 0 25.4695 19.6992 13.9291 8.15899 5.7695 5.76994 5.77 5.77 5.73075 5.61313 5.7234 5.54753 4.01449 0 5.76886 5.77 5.77 5.77 5.77 5.77 5.77 5.77 5.75238 5.36608 2.40655 0 0 0 5.70979 5.659 5.76998 5.77 5.77 5.77 5.77 5.77 5.77 5.77 5.77 5.77 5.77 5.77 5.64963 4.81119 0 5.77 5.77 5.77 5.77 5.37617
42.9969 37.1054 31.2118 25.3147 19.4139 13.5076 7.75045 4.31379 5.77 5.77 5.77 5.77 5.77 5.77 5.77 5.77 5.77 5.77 5.77 5.77 5.77 5.77 5.2852 0 0 0 0 0 0 0 0 0 0 21.4725 23.0794 17.3091 11.5389 5.76916 5.76992 5.77 5.77 5.66388 4.32058 0.732131 3.60316 4.14092 0 5.76886 5.77 5.77 5.77 5.77 5.77 5.77 5.77 5.75238 5.36608 2.40655 0 0 0 5.77 5.77 5.77 5.77 5.77 5.77 5.77 5.77 5.77 5.77 5.77 5.77 5.77 5.77 5.64963 4.81119 0 5.77 5.77 5.77 5.77 5.37617 5.77
43.712 37.8284 31.9421 26.0524 20.156 14.2453 8.35845 3.72786 5.66694 5.77 5.77 5.77 5.77 5.77 5.77 5.77 5.77 5.77 5.77 5.77 5.77 5.77 5.72578 2.91955 0 0 0 0 0 0 0 0 0 19.1332 23.0797 17.3093 11.539 5.76931 5.77 5.77 5.7689 5.01114 0 0 0 0 5.7685 5.76992 5.77 5.77 5.77 5.77 5.77 5.77 5.75238 5.36608 2.40655 0 0 0 5.77 5.77 5.77 5.77 5.77 5.77 5.77 5.77 5.77 5.77 5.77 5.77 5.77 5.77 5.64963 4.81119 0 5.77 5.77 5.77 5.77 5.37617 5.77 5.77
46.4491 40.5913 34.7303 28.8628 22.9795 17.0538 11.0808 5.81628 5.20476 5.77 5.77 5.77 5.77 5.77 5.77 5.77 5.77 5.77 5.77 5.77 5.77 5.77 5.77 5.1166 0 0 0 0 0 0 0 0 0 0 23.0798 17.3093 11.5389 5.7692 5.77 5.77 5.67895 3.6848 0 0 0 0 8.14464 5.76948 5.76992 5.77 5.77 5.77 5.77 5.75238 5.36608 2.40655 0 0 0 5.77 5.77 5.77 5.77 5.77 5.77 5.77 5.77 5.77 5.77 5.77 5.77 5.77 5.77 5.64963 4.81119 0 5.77 5.77 5.77 5.77 5.37617 5.77 5.77 5.77
49.0168 43.1718 37.3204 31.4528 25.5411 19.5769 13.5913 9.04053 3.90053 5.63835 5.77 5.77 5.77 5.77 5.77 5.77 5.77 5.77 5.77 5.77 5.77 5.77 5.77 5.73778 3.15028 0 0 0 0 0 0 0 0 0 13.3214 17.3093 11.5389 5.76912 5.77 5.74485 4.5422 0 0 0 0 0 13.929 8.15895 5.76973 5.77 5.77 5.77 5.75238 5.36608 2.40654 0 0 0 5.77 5.77 5.77 5.77 5.77 5.77 5.77 5.77 5.77 5.77 5.77 5.77 5.77 5.77 5.64963 4.81119 0 5.77 5.77 5.77 5.77 5.37617 5.77 5.77 5.77 5.77
51.4313 45.5855 39.7239 33.8195 27.8636 21.8888 17.1597 10.9137 5.2646 4.64015 5.69588 5.77 5.77 5.77 5.77 5.77 5.77 5.77 5.77 5.77 5.77 5.77 5.77 5.77 5.77 4.86407 0 0 0 0 0 0 0 0 0 17.3096 11.5388 5.76876 5.76976 5.76988 1.82328 0 0 0 0 0 11.5393 11.5398 5.76979 5.77 5.77 5.75233 5.36585 2.40645 0 0 0 5.77 5.77 5.77 5.77 5.77 5.77 5.77 5.77 5.77 5.77 5.77 5.77 5.77 5.77 5.64963 4.81119 0 5.77 5.77 5.77 5.77 5.37617 5.77 5.77 5.77 5.77 5.66728
