tests/full-run-ref/erosion_2010_78_17_32.116.asc
ncols 512
nrows 512
xllcorner -3.24582
yllcorner -4.08743
cellsize 5
NODATA_value -99999
[rows 168 to 209 of 512, columns 376 to 469 of 512]
0 0 0 0 0 0 0 0 5.77 5.76999 0 0 0 0 0 0 0 0 0 0 0 0 0 0 0 0 0 0 0 0 0 0 0 0 0 0 0 0 0 0 0 0 0 0 0 0 0 0 5.76999 5.76999 5.76999 0 0 0 0 0 0 0 0 0 0 0 0 0 0 0 0 0 0 0 0 0 0 5.76999 5.76999 11.54 17.31 11.54 5.76998 0 0 0 0 0 0 0 0 0 0 0 0 0 0 0
0 0 0 0 0 0 0 0 5.77 5.76999 0 0 0 0 0 0 0 0 0 0 0 0 0 0 0 0 0 0 0 0 0 0 0 0 0 0 0 0 0 0 0 0 0 0 0 0 0 0 0 0 0 0 0 0 0 0 0 0 0 0 0 0 0 0 0 0 0 0 0 0 0 0 0 5.76999 5.76999 11.54 17.31 11.54 5.76998 0 0 0 0 0 0 0 0 0 0 0 0 0 0 0
0 0 0 0 0 0 0 0 5.77 5.76999 0 0 0 0 0 0 0 0 0 0 0 0 0 0 0 0 0 0 0 0 0 0 0 0 0 0 0 0 0 0 0 0 0 0 0 0 0 0 0 0 0 0 0 0 0 0 0 0 0 0 0 0 0 0 0 0 0 0 0 0 0 0 0 5.76999 5.77 11.54 11.54 11.54 5.76999 0 0 0 0 0 0 0 0 0 0 0 0 0 0 0
0 0 0 0 0 0 0 0 5.77 5.76999 0 0 0 0 0 0 0 0 0 0 0 0 0 0 0 0 0 0 0 0 0 0 0 0 0 0 0 0 0 0 0 0 0 0 0 0 0 0 0 0 0 0 0 0 0 0 0 0 0 0 0 0 0 0 0 0 0 0 0 0 0 0 0 5.76999 5.76999 5.76999 8.16001 11.54 5.76999 0 0 0 0 0 0 0 0 0 0 0 0 0 0 0
0 0 0 0 0 0 0 0 5.77 5.76999 0 0 0 0 0 0 0 0 0 0 0 0 0 0 0 0 0 0 0 0 0 0 0 0 0 0 0 0 0 0 0 0 0 0 0 0 0 0 0 0 0 0 0 0 0 0 0 0 0 0 0 0 0 0 0 0 0 0 0 0 0 0 0 0 0 5.76999 5.76999 11.54 5.76999 0 0 0 0 0 0 0 0 0 0 0 0 0 0 0
0 0 0 0 0 0 0 0 5.77 0 0 0 0 0 0 0 0 0 0 0 0 0 0 0 0 0 0 0 0 0 0 0 0 0 0 0 0 0 0 0 0 0 0 0 0 0 0 0 0 0 0 0 0 0 0 0 0 0 0 0 0 0 0 0 0 0 0 0 0 0 0 0 0 0 0 0 5.76999 11.54 5.76998 0 0 0 0 0 0 0 0 0 0 0 0 0 0 0
0 0 0 0 0 0 0 0 5.77 0 0 0 0 0 0 0 0 0 0 0 0 0 0 0 0 0 0 0 0 0 0 0 0 0 0 0 0 0 0 0 0 0 0 0 0 0 0 0 0 0 0 0 0 0 0 0 0 0 0 0 0 0 0 0 0 0 0 0 0 0 0 0 0 0 0 0 5.76999 5.77 8.16 0 0 0 0 0 0 0 0 0 0 0 0 0 0 0
0 0 0 0 0 0 0 0 0 0 0 0 0 0 0 0 0 0 0 0 0 0 0 0 0 0 0 0 0 0 0 0 0 0 0 0 0 0 0 0 0 0 0 0 0 0 0 0 0 0 0 0 0 0 0 0 0 0 0 0 0 0 0 0 0 0 0 0 0 0 0 0 0 0 0 0 5.76999 5.77 11.5387 0 0 0 0 0 0 0 0 0 0 0 0 0 0 0
0 0 0 0 0 0 0 0 0 5.77 0 0 6.16 0 0 0 0 0 0 0 0 0 0 0 0 0 0 0 0 0 0 0 0 0 0 0 0 0 0 0 0 0 0 0 0 0 0 0 0 0 0 0 0 0 0 0 0 0 0 0 0 0 0 0 0 0 0 0 0 0 0 0 0 0 0 0 0 5.77 11.54 5.76999 0 0 0 0 0 0 0 0 0 0 0 0 0 0
0 0 0 0 0 0 0 0 0 5.77 0 0 0 0 0 0 0 0 0 0 0 0 0 0 0 0 0 0 0 0 0 0 0 0 0 0 0 0 0 0 0 0 0 0 0 0 0 0 0 0 0 0 0 0 0 0 0 0 0 0 0 0 0 0 0 0 0 0 0 0 0 0 0 0 0 0 0 5.77 11.5362 5.76999 0 0 0 0 0 0 0 0 0 0 0 0 0 0
0 0 0 0 0 0 0 0 0 0 0 0 0 0 0 0 0 0 0 0 0 0 0 0 0 0 0 0 0 0 0 0 0 0 0 0 0 0 0 0 0 0 0 0 0 0 0 0 0 0 0 0 0 0 0 0 0 0 0 0 0 0 0 0 0 0 0 0 0 0 0 0 0 0 0 0 5.76999 5.77 11.54 5.76999 0 0 0 0 0 0 0 0 0 0 0 0 0 0
0 0 0 0 0 0 5.76999 5.76999 5.77 0 0 0 0 0 0 0 0 0 0 0 0 0 0 0 0 0 0 0 0 0 0 0 0 0 0 0 0 0 0 0 0 0 0 0 0 0 0 0 0 0 0 0 0 0 0 0 0 0 0 0 0 0 0 0 0 0 0 0 0 0 0 0 0 0 0 0 5.76999 8.16001 11.5383 5.76999 0 0 0 0 0 0 0 0 0 0 0 0 0 0
0 0 0 0 0 5.77 5.76999 5.76999 5.76999 0 0 0 0 0 0 0 0 0 0 0 0 0 0 0 0 0 0 0 0 0 0 0 0 0 0 0 0 0 0 0 0 0 0 0 0 0 0 0 0 0 0 0 0 0 0 0 0 0 0 0 0 0 0 0 0 0 0 0 0 0 0 0 0 0 0 0 5.76999 11.54 11.54 5.76999 0 0 0 0 0 0 0 0 0 0 0 0 0 0
0 0 0 0 0 5.76999 8.15999 8.15999 11.5316 5.76999 0 0 0 0 0 0 0 0 0 0 0 0 0 0 0 0 0 0 0 0 0 0 0 0 0 0 0 0 0 0 0 0 0 0 0 0 0 0 0 0 0 0 0 0 0 0 0 0 0 0 0 0 0 0 0 0 0 0 0 0 0 0 0 0 0 5.76999 5.77 5.77 11.54 5.76999 0 0 0 0 0 0 0 0 0 0 0 0 0 0
0 0 0 0 0 0 8.15999 11.54 11.54 5.76999 0 0 0 0 0 0 0 0 0 0 0 0 0 0 0 0 0 0 0 0 0 0 0 0 0 0 0 0 0 0 0 0 0 0 0 0 0 0 0 0 0 0 0 0 0 0 0 0 0 0 0 0 0 0 0 0 0 0 0 0 0 0 0 0 0 5.77 5.77 5.77 11.54 0 0 0 0 0 0 0 0 0 0 0 0 0 0 0
0 0 0 0 0 0 0 11.54 11.54 5.76999 0 0 0 0 0 0 0 0 0 0 0 0 0 0 0 0 0 0 0 0 0 0 0 0 0 0 0 0 0 0 0 0 0 0 0 0 0 0 0 0 0 0 0 0 0 0 0 0 0 0 0 0 0 0 0 0 0 0 0 0 0 0 0 0 0 0 5.76999 5.76999 5.76999 0 0 0 0 0 0 0 0 0 0 0 0 0 0 0
0 0 0 0 0 0 0 11.54 11.54 5.76999 0 0 0 0 0 0 0 0 0 0 0 0 0 0 0 0 0 0 0 0 0 0 0 0 0 0 0 0 0 0 0 0 0 0 0 0 0 0 0 0 0 0 0 0 0 0 0 0 0 0 0 0 0 0 0 0 0 0 0 0 0 0 0 0 0 0 0 0 0 0 0 0 0 0 0 0 0 0 0 0 0 0 0 0
0 0 0 0 0 0 0 0 11.54 5.76999 0 0 0 0 0 0 0 0 0 0 0 0 0 0 0 0 0 0 0 0 0 0 0 0 0 0 0 0 0 0 0 0 0 0 0 0 0 0 0 0 0 0 0 0 0 0 0 0 0 0 0 0 0 0 0 0 0 0 0 0 0 0 0 0 0 0 0 0 0 0 0 0 0 0 0 0 0 0 0 0 0 0 0 0
0 0 0 0 0 0 0 17.31 11.54 5.76999 5.77 5.77 5.77 5.77 5.77 5.77 5.77 5.77 5.77 5.77 5.77 5.77 5.77 5.77 5.77 5.77 5.77 5.77 5.77 5.77 5.77 5.77 5.77 5.77 5.77 5.77 5.77 5.77 5.77 5.77 5.77 5.77 5.77 5.77 5.77 5.77 5.77 5.77 5.77 5.77 5.77 5.77 5.77 5.77 5.77 5.77 5.77 5.77 5.77 5.77 5.77 5.77 5.77 5.77 5.77 5.77 5.77 5.77 5.77 5.77 5.77 5.77 5.77 5.77 5.77 5.77 5.77 5.77 5.77 5.77 5.77 5.77 5.77 5.77 5.77 5.77 5.77 5.77 5.77 5.77 5.77 5.77 5.77 5.77
0 0 0 0 0 0 11.54 16.32 11.54 5.76999 5.77 5.77 5.77 5.77 5.77 5.77 5.77 5.77 5.77 5.77 5.77 5.77 5.77 5.77 5.77 5.77 5.77 5.77 5.77 5.77 5.77 5.77 5.77 5.77 5.77 5.77 5.77 5.77 5.77 5.77 5.77 5.77 5.77 5.77 5.77 5.77 5.77 5.77 5.77 5.77 5.77 5.77 5.77 5.77 5.77 5.77 5.77 5.77 5.77 5.77 5.77 5.77 5.77 5.77 5.77 5.77 5.77 5.77 5.77 5.77 5.77 5.77 5.77 5.77 5.77 5.77 5.77 5.77 5.77 5.77 5.77 5.77 5.77 5.77 5.77 5.77 5.77 5.77 5.77 5.77 5.77 5.77 5.77 5.77
0 0 0 0 0 5.76999 8.16 13.93 8.16 5.77 5.77 5.77 5.77 5.77 5.77 5.77 5.77 5.77 5.77 5.77 5.77 5.77 5.77 5.77 5.77 5.77 5.77 5.77 5.77 5.77 5.77 5.77 5.77 5.77 5.77 5.77 5.77 5.77 5.77 5.77 5.77 5.77 5.77 5.77 5.77 5.77 5.77 5.77 5.77 5.77 5.77 5.77 5.77 5.77 5.77 5.77 5.77 5.77 5.77 5.77 5.77 5.77 5.77 5.77 5.77 5.77 5.77 5.77 5.77 5.77 5.77 5.77 5.77 5.77 5.77 5.77 5.77 5.77 5.77 5.77 5.77 5.77 5.77 5.77 5.77 5.77 5.77 5.77 5.77 5.77 5.77 5.77 5.77 5.77
5.77 5.77 5.77 5.77 5.77 5.76999 5.76999 8.15999 5.77 5.77 5.77 5.77 5.77 5.77 5.77 5.77 5.77 5.77 5.77 5.77 5.77 5.77 5.77 5.77 5.77 5.77 5.77 5.77 5.77 5.77 5.77 5.77 5.77 5.77 5.77 5.77 5.77 5.77 5.77 5.77 5.77 5.77 5.77 5.77 5.77 5.77 5.77 5.77 5.77 5.77 5.77 5.77 5.77 5.77 5.77 5.77 5.77 5.77 5.77 5.77 5.77 5.77 5.77 5.77 5.77 5.77 5.77 5.77 5.77 5.77 5.77 5.77 5.77 5.77 5.77 5.77 5.77 5.77 5.77 5.77 5.77 5.77 5.77 5.77 5.77 5.77 5.77 5.77 5.77 5.77 5.77 5.77 5.77 5.77
5.77 5.77 5.77 5.77 5.77 5.77 5.77 5.77 5.77 5.77 5.77 5.77 5.77 5.77 5.77 5.77 5.77 5.77 5.77 5.77 5.77 5.77 5.77 5.77 5.77 5.77 5.77 5.77 5.77 5.77 5.77 5.77 5.77 5.77 5.77 5.77 5.77 5.77 5.77 5.77 5.77 5.77 5.77 5.77 5.77 5.77 5.77 5.77 5.77 5.77 5.77 5.77 5.77 5.77 5.77 5.77 5.77 5.77 5.77 5.77 5.77 5.77 5.77 5.77 5.77 5.77 5.77 5.77 5.77 5.77 5.77 5.77 5.77 5.77 5.77 5.77 5.77 5.77 5.77 5.77 5.77 5.77 5.77 5.77 5.77 5.77 5.77 5.77 5.77 5.77 5.77 5.77 5.77 5.77
5.77 5.77 5.77 5.77 5.77 5.77 5.77 5.77 5.77 5.77 5.77 5.77 5.77 5.77 5.77 5.77 5.77 5.77 5.77 5.77 5.77 5.77 5.77 5.77 5.77 5.77 5.77 5.77 5.77 5.77 5.77 5.77 5.77 5.77 5.77 5.77 5.77 5.77 5.77 5.77 5.77 5.77 5.77 5.77 5.77 5.77 5.77 5.77 5.77 5.77 5.77 5.77 5.77 5.77 5.77 5.77 5.77 5.77 5.77 5.77 5.77 5.77 5.77 5.77 5.77 5.77 5.77 5.77 5.77 5.77 5.77 5.77 5.77 5.77 5.77 5.77 5.77 5.77 5.77 5.77 5.77 5.77 5.77 5.77 5.77 5.77 5.77 5.77 5.77 5.77 5.77 5.77 5.77 5.77
5.77 5.77 5.77 5.77 5.77 5.77 5.77 5.77 5.77 5.77 5.77 5.77 5.77 5.77 5.77 5.77 5.77 5.77 5.77 5.77 5.77 5.77 5.77 5.77 5.77 5.77 5.77 5.77 5.77 5.77 5.77 5.77 5.77 5.77 5.77 5.77 5.77 5.77 5.77 5.77 5.77 5.77 5.77 5.77 5.77 5.77 5.77 5.77 5.77 5.77 5.77 5.77 5.77 5.77 5.77 5.77 5.77 5.77 5.77 5.77 5.77 5.77 5.77 5.77 5.77 5.77 5.77 5.77 5.77 5.77 5.77 5.77 5.77 5.77 5.77 5.77 5.77 5.77 5.77 5.77 5.77 5.77 5.77 5.77 5.77 5.77 5.77 5.77 5.77 5.77 5.77 5.77 5.77 5.77
5.77 5.77 5.77 5.77 5.77 5.77 5.77 5.77 5.77 5.77 5.77 5.77 5.77 5.77 5.77 5.77 5.77 5.77 5.77 5.77 5.77 5.77 5.77 5.77 5.77 5.77 5.77 5.77 5.77 5.77 5.77 5.77 5.77 5.77 5.77 5.77 5.77 5.77 5.77 5.77 5.77 5.77 5.77 5.77 5.77 5.77 5.77 5.77 5.77 5.77 5.77 5.77 5.77 5.77 5.77 5.77 5.77 5.77 5.77 5.77 5.77 5.77 5.77 5.77 5.77 5.77 5.77 5.77 5.77 5.77 5.77 5.77 5.77 5.77 5.77 5.77 5.77 5.77 5.77 5.77 5.77 5.77 5.77 5.77 5.77 5.77 5.77 5.77 5.77 5.77 5.77 5.77 5.77 5.77
5.77 5.77 5.77 5.77 5.77 5.77 5.77 5.77 5.77 5.77 5.77 5.77 5.77 5.77 5.77 5.77 5.77 5.77 5.77 5.77 5.77 5.77 5.77 5.77 5.77 5.77 5.77 5.77 5.77 5.77 5.77 5.77 5.77 5.77 5.77 5.77 5.77 5.77 5.77 5.77 5.77 5.77 5.77 5.77 5.77 5.77 5.77 5.77 5.77 5.77 5.77 5.77 5.77 5.77 5.77 5.77 5.77 5.77 5.77 5.77 5.77 5.77 5.77 5.77 5.77 5.77 5.77 5.77 5.77 5.77 5.77 5.77 5.77 5.77 5.77 5.77 5.77 5.77 5.77 5.77 5.77 5.77 5.77 5.77 5.77 5.77 5.77 5.77 5.77 5.77 5.77 5.77 5.77 5.77
5.77 5.77 5.77 5.77 5.77 5.77 5.77 5.77 5.77 5.77 5.77 5.77 5.77 5.77 5.77 5.77 5.77 5.77 5.77 5.77 5.77 5.77 5.77 5.77 5.77 5.77 5.77 5.77 5.77 5.77 5.77 5.77 5.77 5.77 5.77 5.77 5.77 5.77 5.77 5.77 5.77 5.77 5.77 5.77 5.77 5.77 5.77 5.77 5.77 5.77 5.77 5.77 5.77 5.77 5.77 5.77 5.77 5.77 5.77 5.77 5.77 5.77 5.77 5.77 5.77 5.77 5.77 5.77 5.77 5.77 5.77 5.77 5.77 5.77 5.77 5.77 5.77 5.77 5.77 5.77 5.77 5.77 5.77 5.77 5.77 5.77 5.77 5.77 5.77 5.77 5.77 5.77 5.77 5.77
5.77 5.77 5.77 5.77 5.77 5.77 5.77 5.77 5.77 5.77 5.77 5.77 5.77 5.77 5.77 5.77 5.77 5.77 5.77 5.77 5.77 5.77 5.77 5.77 5.77 5.77 5.77 5.77 5.77 5.77 5.77 5.77 5.77 5.77 5.77 5.77 5.77 5.77 5.77 5.77 5.77 5.77 5.77 5.77 5.77 5.77 5.77 5.77 5.77 5.77 5.77 5.77 5.77 5.77 5.77 5.77 5.77 5.77 5.77 5.77 5.77 5.77 5.77 5.77 5.77 5.77 5.77 5.77 5.77 5.77 5.77 5.77 5.77 5.77 5.77 5.77 5.77 5.77 5.77 5.77 6.16001 5.77 6.16 5.77 5.77 5.77 5.77 5.77 5.77 5.77 5.77 5.77 5.77 5.77
5.77 5.77 5.77 5.77 5.77 5.77 5.77 5.77 5.77 5.77 5.77 5.77 5.77 5.77 5.77 5.77 5.77 5.77 5.77 5.77 5.77 5.77 5.77 5.77 5.77 5.77 5.77 5.77 5.77 5.77 5.77 5.77 5.77 5.77 5.77 5.77 5.77 5.77 5.77 5.77 5.77 5.77 5.77 5.77 5.77 5.77 5.77 5.77 5.77 5.77 5.77 5.77 5.77 5.77 5.77 5.77 5.77 5.77 5.77 5.77 5.77 5.77 5.77 5.77 5.77 5.77 5.77 5.77 5.77 5.77 5.77 5.77 5.77 5.77 5.77 5.77 5.77 5.77 5.77 5.77 5.77 6.16001 5.77 5.77 5.77 5.77 5.77 5.77 5.77 5.77 5.77 5.77 5.77 5.77
5.77 5.77 5.77 5.77 5.77 5.77 5.77 5.77 5.77 5.77 5.77 5.77 5.77 5.77 5.77 5.77 5.77 5.77 5.77 5.77 5.77 5.77 5.77 5.77 5.77 5.77 5.77 5.77 5.77 5.77 5.77 5.77 5.77 5.77 5.77 5.77 5.77 5.77 5.77 5.77 5.77 5.77 5.77 5.77 5.77 5.77 5.77 5.77 5.77 5.77 5.77 5.77 5.77 5.77 5.77 5.77 5.77 5.77 5.77 5.77 5.77 5.77 5.77 5.77 5.77 5.77 5.77 5.77 5.77 5.77 5.77 5.77 5.77 5.77 5.77 5.77 5.77 5.77 5.77 5.77 5.77 5.77 8.16001 5.77 5.77 5.77 5.77 5.77 5.77 5.77 5.77 5.77 5.77 5.77
5.77 5.77 5.77 5.77 5.77 5.77 5.77 5.77 5.77 5.77 5.77 5.77 5.77 5.77 5.77 5.77 5.77 5.77 5.77 5.77 5.77 5.77 5.77 5.77 5.77 5.77 5.77 5.77 5.77 5.77 5.77 5.77 5.77 5.77 5.77 5.77 5.77 5.77 5.77 5.77 5.77 5.77 5.77 5.77 5.77 5.77 5.77 5.77 5.77 5.77 5.77 5.77 5.77 5.77 5.77 5.77 5.77 5.77 5.77 5.77 5.77 5.77 5.77 5.77 5.77 5.77 5.77 5.77 5.77 5.77 5.77 5.77 5.77 5.77 5.77 5.77 5.77 5.77 5.77 5.77 5.77 5.77 5.77 5.76999 5.76999 6.16001 6.16001 5.77 5.77 5.77 5.77 5.77 5.77 5.77
2.5192 2.5192 2.5192 2.5192 2.5192 2.5192 2.5192 2.5192 2.5192 2.5192 2.5192 2.5192 2.5192 2.5192 2.5192 2.5192 2.5192 2.5192 2.5192 2.5192 2.5192 2.5192 2.5192 2.5192 2.5192 2.5192 2.5192 2.5192 2.5192 2.5192 2.5192 2.5192 2.5192 2.5192 2.5192 2.5192 2.5192 2.5192 2.5192 2.5192 2.5192 2.5192 2.5192 2.5192 2.5192 2.5192 2.5192 2.5192 2.5192 2.5192 2.5192 2.5192 2.5192 2.5192 2.5192 2.5192 2.5192 2.5192 2.5192 2.5192 2.5192 2.5192 2.5192 2.5192 2.5192 2.5192 2.5192 2.5192 2.5192 2.5192 2.5192 2.5192 2.5192 2.5192 2.5192 2.5192 2.5192 2.5192 2.5192 2.51919 5.77 5.77 5.76999 5.76999 5.76999 5.76999 5.76999 8.15396 5.76999 5.76999 5.76999 6.16001 5.77 5.77
2.5192 2.5192 2.5192 2.5192 2.5192 2.5192 2.5192 2.5192 2.5192 2.5192 2.5192 2.5192 2.5192 2.5192 2.5192 2.5192 2.5192 2.5192 2.5192 2.5192 2.5192 2.5192 2.5192 2.5192 2.5192 2.5192 2.5192 2.5192 2.5192 2.5192 2.5192 2.5192 2.5192 2.5192 2.5192 2.5192 2.5192 2.5192 2.5192 2.5192 2.5192 2.5192 2.5192 2.5192 2.5192 2.5192 2.5192 2.5192 2.5192 2.5192 2.5192 2.5192 2.5192 2.5192 2.5192 2.5192 2.5192 2.5192 2.5192 2.5192 2.5192 2.5192 2.5192 2.5192 2.5192 2.5192 2.5192 2.5192 2.5192 2.5192 2.5192 2.5192 2.5192 2.5192 2.5192 2.5192 2.5192 2.5192 2.5192 2.5192 5.77 5.77 5.77 8.16 8.15999 8.16001 8.16 13.93 5.76997 5.76998 8.15336 5.76999 5.77 5.77
2.5192 2.5192 2.5192 2.5192 2.5192 2.5192 2.5192 2.5192 2.5192 2.5192 2.5192 2.5192 2.5192 2.5192 2.5192 2.5192 2.5192 2.5192 2.5192 2.5192 2.5192 2.5192 2.5192 2.5192 2.5192 2.5192 2.5192 2.5192 2.5192 2.5192 2.5192 2.5192 2.5192 2.5192 2.5192 2.5192 2.5192 2.5192 2.5192 2.5192 2.5192 2.5192 2.5192 2.5192 2.5192 2.5192 2.5192 2.5192 2.5192 2.5192 2.5192 2.5192 2.5192 2.5192 2.5192 2.5192 2.5192 2.5192 2.5192 2.5192 2.5192 2.5192 2.5192 2.5192 2.5192 2.5192 2.5192 2.5192 2.5192 2.5192 2.5192 2.5192 2.5192 2.5192 2.5192 2.5192 2.5192 2.5192 2.5192 2.5192 2.51919 2.51919 5.76999 5.76999 8.16001 11.54 11.54 8.16001 8.16 16.2946 11.5358 5.76997 5.77 5.77
2.5192 2.5192 2.5192 2.5192 2.5192 2.5192 2.5192 2.5192 2.5192 2.5192 2.5192 2.5192 2.5192 2.5192 2.5192 2.5192 2.5192 2.5192 2.5192 2.5192 2.5192 2.5192 2.5192 2.5192 2.5192 2.5192 2.5192 2.5192 2.5192 2.5192 2.5192 2.5192 2.5192 2.5192 2.5192 2.5192 2.5192 2.5192 2.5192 2.5192 2.5192 2.5192 2.5192 2.5192 2.5192 2.5192 2.5192 2.5192 2.5192 2.5192 2.5192 2.5192 2.5192 2.5192 2.5192 2.5192 2.5192 2.5192 2.5192 2.5192 2.5192 2.5192 2.5192 2.5192 2.5192 2.5192 2.5192 2.5192 2.5192 2.5192 2.5192 2.5192 2.5192 2.5192 2.5192 2.5192 2.5192 2.5192 2.5192 2.5192 2.5192 2.5192 2.51919 5.76999 8.16001 11.9415 5.76997 5.76997 8.15999 8.16 11.5399 5.76995 5.76999 5.77
2.5192 2.5192 2.5192 2.5192 2.5192 2.5192 2.5192 2.5192 2.5192 2.5192 2.5192 2.5192 2.5192 2.5192 2.5192 2.5192 2.5192 2.5192 2.5192 2.5192 2.5192 2.5192 2.5192 2.5192 2.5192 2.5192 2.5192 2.5192 2.5192 2.5192 2.5192 2.5192 2.5192 2.5192 2.5192 2.5192 2.5192 2.5192 2.5192 2.5192 2.5192 2.5192 2.5192 2.5192 2.5192 2.5192 2.5192 2.5192 2.5192 2.5192 2.5192 2.5192 2.5192 2.5192 2.5192 2.5192 2.5192 2.5192 2.5192 2.5192 2.5192 2.5192 2.5192 2.5192 2.5192 2.5192 2.5192 2.5192 2.5192 2.5192 2.5192 2.5192 2.5192 2.5192 2.5192 2.5192 2.5192 2.5192 2.5192 2.5192 2.5192 2.5192 2.51919 5.76999 5.76999 8.15692 5.76997 5.76995 5.76996 11.54 13.9292 11.5399 5.76995 5.76997
2.5192 2.5192 2.5192 2.5192 2.5192 2.5192 2.5192 2.5192 2.5192 2.5192 2.5192 2.5192 2.5192 2.5192 2.5192 2.5192 2.5192 2.5192 2.5192 2.5192 2.5192 2.5192 2.5192 2.5192 2.5192 2.5192 2.5192 2.5192 2.5192 2.5192 2.5192 2.5192 2.5192 2.5192 2.5192 2.5192 2.5192 2.5192 2.5192 2.5192 2.5192 2.5192 2.5192 2.5192 2.5192 2.5192 2.5192 2.5192 2.5192 2.5192 2.5192 2.5192 2.5192 2.5192 2.5192 2.5192 2.5192 2.5192 2.5192 2.5192 2.5192 2.5192 2.5192 2.5192 2.5192 2.5192 2.5192 2.5192 2.5192 2.5192 2.5192 2.5192 2.5192 2.5192 2.5192 2.5192 2.5192 2.5192 2.5192 2.5192 2.5192 2.5192 2.5192 2.51919 5.77 5.76999 5.77 5.76997 5.76996 11.54 19.6922 5.76998 5.76999 5.76997
2.5192 2.5192 2.5192 2.5192 2.5192 2.5192 2.5192 2.5192 2.5192 2.5192 2.5192 2.5192 2.5192 2.5192 2.5192 2.5192 2.5192 2.5192 2.5192 2.5192 2.5192 2.5192 2.5192 2.5192 2.5192 2.5192 2.5192 2.5192 2.5192 2.5192 2.5192 2.5192 2.5192 2.5192 2.5192 2.5192 2.5192 2.5192 2.5192 2.5192 2.5192 2.5192 2.5192 2.5192 2.5192 2.5192 2.5192 2.5192 2.5192 2.5192 2.5192 2.5192 2.5192 2.5192 2.5192 2.5192 2.5192 2.5192 2.5192 2.5192 2.5192 2.5192 2.5192 2.5192 2.5192 2.5192 2.5192 2.5192 2.5192 2.5192 2.5192 2.5192 2.5192 2.5192 2.5192 2.5192 2.5192 2.5192 2.5192 2.5192 2.5192 2.5192 2.5192 5.77 2.5192 2.5192 2.51919 5.76998 5.76998 11.54 16.3196 13.93 13.9299 13.9299
0 0 0 0 0 0 0 0 0 0 0 0 0 0 0 0 0 0 0 0 0 0 0 0 0 0 0 0 0 0 0 0 0 0 0 0 0 0 0 0 0 0 0 0 0 0 0 0 0 0 0 0 0 0 0 0 0 0 0 0 0 0 0 0 0 0 0 0 0 0 0 0 0 0 0 0 0 0 0 0 0 0 0 0 0 0 5.76998 5.76999 8.16 13.93 22.09 13.93 16.32 14.32
0 0 0 0 0 0 0 0 0 0 0 0 0 0 0 0 0 0 0 0 0 0 0 0 0 0 0 0 0 0 0 0 0 0 0 0 0 0 0 0 0 0 0 0 0 0 0 0 0 0 0 0 0 0 0 0 0 0 0 0 0 0 0 0 0 0 0 0 0 0 0 0 0 0 0 0 0 0 0 0 0 0 0 0 0 0 5.76997 8.15998 11.54 11.54 13.93 11.54 11.54 11.54
5.76973 0 0 0 0 7.54101 7.54101 7.541 7.54101 7.54101 5.76999 5.77 5.77 5.77 5.77 5.77 5.77 5.77 5.77 5.77 5.77 5.77 5.77 5.77 5.77 5.77 5.77 5.77 5.77 5.77 0 0 0 0 0 0 0 0 0 0 0 0 0 0 0 0 0 0 0 0 0 0 0 0 0 0 0 0 0 0 0 0 0 0 0 0 0 0 0 0 0 0 0 0 0 0 0 0 0 0 0 0 0 5.76999 5.76999 5.76995 5.76995 11.54 22.09 11.54 11.54 11.54 11.54 11.54
