tests/full-run-ref/erosion_87_12_73.418.asc
ncols 512
nrows 512
xllcorner -3.24582
yllcorner -4.08743
cellsize 5
NODATA_value -99999
[rows 198 to 230 of 512, columns 0 to 74 of 512]
10.77 5 5.77018 5.77018 4.99999 5.77008 5.77011 4.99998 5.77009 4.99999 5.77009 5 5.77009 4.99998 5.77007 4.99999 5.77009 5.77009 5.77009 5.77009 5.77009 5.77009 5.7701 5.77012 5.77019 5 5.7702 5.7702 5 5.7702 5 5.7702 5.7702 5.7702 5 5.7702 5.7702 5.7702 5.7702 5.7702 5.7702 5.7702 5.7702 5.7702 5.7702 5.7702 5.7702 5.7702 5.7702 5.7702 5.7702 5.7702 5.7702 5.7702 5.7702 5 5.7702 5.7702 5.7702 5.7702 5 5.7702 5 5.7702 5.7702 5 5.77018 5 5.77018 5 5.77018 5 5.77018 5 5.77018
10.77 5.77009 5.77018 5.77008 5.77015 5.77003 5.77008 5.77007 5.77008 5.77008 5.77009 5.77009 5.77004 5.77005 5.77006 5.77007 5.77008 5.77008 4.99997 5.77007 4.99996 5.77007 4.99997 5.77008 5.77008 5.77018 5.7702 5.7702 5.7702 5.7702 5.7702 5.7702 5 5.7702 5.7702 5.7702 5 5.7702 5 5.7702 5 5.7702 5 5.7702 5 5.7702 5 5.7702 5 5.7702 5 5.7702 5 5.7702 5.7702 5.7702 5.7702 5 5.7702 5.7702 5.7702 5.7702 5.7702 5.7702 5.77018 5.77018 5.77018 5.77018 5.77018 5.77018 5.77018 5.77018 5.77018 5.77018 5.77018
13.16 8.15983 5 5.77018 5.77018 4.99988 5.77009 5 5.77008 4.99999 5.77009 5 5.77001 5.77018 5 5.77016 4.99999 5.77012 5.77016 5.77016 5.77016 5.77017 5.77013 5.77017 4.99997 5.77017 5 5.7702 5 5.7702 5 5.7702 5.7702 5.7702 5 5.7702 5.7702 5.7702 5.7702 5.7702 5.7702 5.7702 5.7702 5.7702 5.7702 5.7702 5.7702 5.7702 5.7702 5.7702 5.7702 5.7702 5.7702 5.7702 5 5.7702 5.7702 5.7702 5.7702 5 5.7702 5 5.7702 5 5.77018 5 5.77018 5 5.77018 5 5.77018 5 5.77018 5 5.77018
13.16 8.15983 5.77009 5.77009 5.77018 5.76998 5.77009 5.77008 5.7701 5.77008 5.77009 5.77009 5.77003 5.77005 5.77008 5.77007 5.77009 5.77008 4.99998 5.77005 4.99996 5.77005 4.99998 5.77007 5.77013 5.77018 5.7702 5.7702 5.7702 5.7702 5.7702 5.7702 5 5.7702 5.7702 5.7702 5 5.7702 5 5.7702 5 5.7702 5 5.7702 5 5.7702 5 5.7702 5 5.7702 5 5.7702 5 5.7702 5.7702 5.7702 5 5.7702 5.7702 5.7702 5.7702 5.7702 5.77018 5.77018 5.77018 5.77018 5.77018 5.77018 5.77018 5.77018 5.77018 5.77018 5.77018 5.77018 5.77018
10.77 5 5.77018 5.77018 5.77018 4.99996 5.77006 4.99991 5.77 4.99991 5.77002 4.99993 5.77005 4.99996 5.77016 4.99998 5.77008 5.77013 5.77008 5.77009 5.77009 5.77009 5.77009 5.77008 5.77009 4.99999 5.77019 5 5.7702 5 5.7702 5.7702 5.7702 5.7702 5 5.7702 5.7702 5.7702 5.7702 5.7702 5.7702 5.7702 5.7702 5.7702 5.7702 5.7702 5.7702 5.7702 5.7702 5.7702 5.7702 5.7702 5.7702 5.7702 5 5.7702 5.7702 5.7702 5 5.7702 5 5.7702 5 5.77018 5 5.77018 5 5.77018 5 5.77018 5 5.77018 5 5.77018 5
10.77 5.77009 5.77018 5.77018 5.77018 5.77009 5.77018 5.77009 5.77018 5.77009 5.77018 5.77006 5.77014 5.77008 5.77009 5.77007 5.77008 4.99999 5.77008 5 5.77009 4.99999 5.77009 5.77008 5.77013 5.77018 5.77019 5.7702 5.7702 5.7702 5.7702 5 5.7702 5.7702 5.7702 5.7702 5 5.7702 5 5.7702 5 5.7702 5 5.7702 5 5.7702 5 5.7702 5 5.7702 5 5.7702 5 5.7702 5.7702 5.7702 5 5.7702 5.7702 5.7702 5.7702 5.77018 5.77018 5.77018 5.77018 5.77018 5.77018 5.77018 5.77018 5.77018 5.77018 5.77018 5.77018 5.77018 5.77018
10.77 5 5.77018 5 5.77018 4.99994 5.77004 4.99994 5.77004 4.9999 5.76998 4.99991 5.77003 5.77005 5.77016 5.77007 5.77009 5.77015 5.77008 5.77009 5.77009 5.77012 5.77009 4.99997 5.77015 4.99999 5.77019 5.7702 5 5.7702 5.7702 5.7702 5.7702 5 5.7702 5.7702 5.7702 5.7702 5.7702 5.7702 5.7702 5.7702 5.7702 5.7702 5.7702 5.7702 5.7702 5.7702 5.7702 5.7702 5.7702 5.7702 5.7702 5.7702 5 5.7702 5.7702 5.7702 5.7702 5 5.7702 5 5.77018 5 5.77018 5 5.77018 5 5.77018 5 5.77018 5 5.77018 5 5.77018
10.77 5.77009 5.77018 5.77018 5.77018 5.77002 5.77009 5.77009 5.77009 5.77009 5.77009 5.77009 5.77009 4.99994 5.77006 4.99998 5.77008 4.99998 5.77015 4.99999 5.77012 4.99999 5.77013 5.77018 5.77013 5.77015 5.77016 5.77018 5.7702 5.7702 5 5.7702 5.7702 5.7702 5.7702 5 5.7702 5 5.7702 5 5.7702 5 5.7702 5 5.7702 5 5.7702 5 5.7702 5 5.7702 5 5.7702 5.7702 5.7702 5.7702 5 5.7702 5.7702 5.7702 5.77018 5.77018 5.77018 5.77018 5.77018 5.77018 5.77018 5.77018 5.77018 5.77018 5.77018 5.77018 5.77018 5.77018 5.77018
10.77 5 5.77018 5.77018 5.77003 4.99997 5.77005 4.99996 5.77006 4.99994 5.77008 4.99999 5.7701 5.77009 5.77009 5.77009 5.77009 5.77009 5.77008 5.77008 5.77009 5.77009 5.77009 5.77006 5.77008 5.77007 5.77008 5.7702 5.7702 5.7702 5.7702 5.7702 5 5.7702 5.7702 5.7702 5.7702 5.7702 5.7702 5.7702 5.7702 5.7702 5.7702 5.7702 5.7702 5.7702 5.7702 5.7702 5.7702 5.7702 5.7702 5.7702 5.7702 5 5.7702 5.7702 5.7702 5.7702 5 5.7702 5 5.77018 5 5.77018 5 5.77018 5 5.77018 5 5.77018 5 5.77018 5 5.77018 5
10.77 5.77009 5.77018 5.77016 5.77018 5.77009 5.77018 5.77009 5.77016 5.77004 5.7701 5.77007 5.77008 4.99999 5.77008 4.99999 5.77008 4.99999 5.77007 4.99999 5.77008 4.99999 5.77009 5 5.77009 4.99998 5.77018 5 5.7702 5 5.7702 5.7702 5.7702 5.7702 5 5.7702 5 5.7702 5 5.7702 5 5.7702 5 5.7702 5 5.7702 5 5.7702 5 5.7702 5 5.7702 5.7702 5.7702 5.7702 5 5.7702 5.7702 5.7702 5.77018 5.77018 5.77018 5.77018 5.77018 5.77018 5.77018 5.77018 5.77018 5.77018 5.77018 5.77018 5.77018 5.77018 5.77018 5.77018
10.77 5 5.77009 5.77018 5.77018 4.99997 5.77008 4.99999 5.77008 4.99997 5.77008 4.99999 5.77009 5.77007 5.77011 5.77008 5.77008 5.77014 5.77009 5.77014 5.77009 5.77013 5.77008 5.77008 5.77008 5.77008 5.77016 5.77019 5.7702 5.7702 5.7702 5 5.7702 5.7702 5.7702 5.7702 5.7702 5.7702 5.7702 5.7702 5.7702 5.7702 5.7702 5.7702 5.7702 5.7702 5.7702 5.7702 5.7702 5.7702 5.7702 5.7702 5 5.7702 5.7702 5.7702 5.7702 5 5.7702 5 5.77018 5 5.77018 5 5.77018 5 5.77018 5 5.77018 5 5.77018 5 5.77018 5 5.77018
13.16 8.15965 5.77009 5.77018 5.77018 5.77009 5.77009 5.77018 5.77008 5.77009 5.77009 5.77009 5.77009 4.99999 5.77007 4.99999 5.77008 4.99999 5.77009 4.99999 5.77009 4.99999 5.77008 5.77014 4.99999 5.7701 4.99997 5.77018 5.7702 5.77019 5.7702 5.7702 5.7702 5 5.7702 5 5.7702 5 5.7702 5 5.7702 5 5.7702 5 5.7702 5 5.7702 5 5.7702 5 5.7702 5.7702 5.7702 5.7702 5 5.7702 5.7702 5.7702 5.77018 5.77018 5.77018 5.77018 5.77018 5.77018 5.77018 5.77018 5.77018 5.77018 5.77018 5.77018 5.77018 5.77018 5.77018 5.77018 5.77018
10.77 5 5.77009 5.77018 4.99998 5.77018 4.99998 5.77008 4.99994 5.77009 5 5.77009 5.77009 5.77009 5.77008 5.77007 5.77008 5.77008 5.77013 5.77009 5.77013 5.77008 5.77009 5.77008 5.77009 5.77009 5.77012 5.77019 5.77019 5 5.7702 5 5.7702 5.7702 5.7702 5.7702 5.7702 5.7702 5.7702 5.7702 5.7702 5.7702 5.7702 5.7702 5.7702 5.7702 5.7702 5.7702 5.7702 5.7702 5.7702 5 5.7702 5.7702 5.7702 5.7702 5.7702 5 5.7702 5 5.77018 5 5.77018 5 5.77018 5 5.77018 5 5.77018 5 5.77018 5 5.77018 5 5.77018
10.77 5.77 5.77018 5.77018 5.77009 5.77007 5.77013 5.77018 5.77009 5.77008 5.77007 5.77006 4.99996 5.77009 4.99997 5.77012 4.99999 5.77008 5 5.77009 4.99999 5.77008 5 5.77008 5.77013 5 5.77005 5.77019 5.77009 5.77019 5.7702 5.7702 5.7702 5 5.7702 5 5.7702 5 5.7702 5 5.7702 5 5.7702 5 5.7702 5 5.7702 5 5.7702 5 5.7702 5.7702 5.7702 5 5.7702 5 5.7702 5.7702 5.77018 5.77018 5.77018 5.77018 5.77018 5.77018 5.77018 5.77018 5.77018 5.77018 5.77018 5.77018 5.77018 5.77018 5.77018 5.77018 5.77018
10.77 5 5.77018 4.99997 5.77008 5.77018 4.99992 5.77005 4.99999 5.77016 5 5.77017 5.77004 5.77009 5.77007 5.77007 5.77007 5.77014 5.77009 5.77013 5.77007 5.77009 5.77008 5.77009 5.77008 5.77008 5.77014 4.99999 5.77019 5.7702 5.7702 5 5.7702 5.7702 5.7702 5.7702 5.7702 5.7702 5.7702 5.7702 5.7702 5.7702 5.7702 5.7702 5.7702 5.7702 5.7702 5.7702 5.7702 5.7702 5.7702 5 5.7702 5.7702 5.7702 5.7702 5.7702 5 5.7702 5 5.77018 5 5.77018 5 5.77018 5 5.77018 5 5.77018 5 5.77018 5 5.77018 5 5.77018
10.77 5.77 5.77018 5.77009 5.77008 5.77006 5.77009 5.77009 5.77007 5.77008 5.77008 5.77007 4.99998 5.77009 5 5.77009 4.99997 5.77008 4.99998 5.77008 4.99999 5.77009 5.77012 5 5.77009 4.99999 5.77011 5.77016 5.77019 5.7702 5.77009 5.77019 5.7702 5 5.7702 5 5.7702 5 5.7702 5 5.7702 5 5.7702 5 5.7702 5 5.7702 5 5.7702 5 5.7702 5.7702 5.7702 5 5.7702 5.7702 5.7702 5.7702 5.77018 5.77018 5.77018 5.77018 5.77018 5.77018 5.77018 5.77018 5.77018 5.77018 5.77018 5.77018 5.77018 5.77018 5.77018 5.77018 5.77018
10.77 5 5.77018 4.99997 5.77018 5 5.77009 5 5.77009 5 5.77009 5.77003 5.77007 5.77009 5.77008 5.77008 5.77007 5.77015 5.77008 5.77009 5.77009 5.77009 5.77008 5.77009 5.77009 5.77009 5.77007 4.99996 5.77019 5 5.77019 5.7702 5.7702 5.7702 5.7702 5.7702 5.7702 5.7702 5.7702 5.7702 5.7702 5.7702 5.7702 5.7702 5.7702 5.7702 5.7702 5.7702 5.7702 5.7702 5.7702 5 5.7702 5.7702 5.7702 5.7702 5 5.7702 5 5.77018 5 5.77018 5 5.77018 5 5.77018 5 5.77018 5 5.77018 5 5.77018 5 5.77018 5
9.82644 5.77 5.77018 5.7701 5.77007 5.77006 5.77009 5.77009 5.77009 5.77009 5.77005 5.77018 4.99999 5.77006 5.77012 4.99996 5.77007 4.99999 5.77008 5.7701 4.99999 5.77009 4.99998 5.77007 4.99996 5.77008 5.77014 5.77014 5.77007 5.77018 5.7702 5 5.7702 5 5.7702 5 5.7702 5 5.7702 5 5.7702 5 5.7702 5 5.7702 5 5.7702 5 5.7702 5 5.7702 5.7702 5.7702 5 5.7702 5.7702 5.7702 5.77018 5.77018 5.77018 5.77018 5.77018 5.77018 5.77018 5.77018 5.77018 5.77018 5.77018 5.77018 5.77018 5.77018 5.77018 5.77018 5.77018 5.77018
10.77 5 5.77018 4.99998 5.77018 5.77013 5 5.77008 5 5.77008 4.99998 5.77009 5.77008 5.77006 5.7702 5.7702 5.77014 5.77017 5.77017 5.77007 5.77017 5.77007 5.77017 5.77018 5.77017 5.77018 4.99999 5.77017 5.77019 5.7702 5.7702 5.7702 5.7702 5.7702 5.7702 5.7702 5.7702 5.7702 5.7702 5.7702 5.7702 5.7702 5.7702 5.7702 5.7702 5.7702 5.7702 5.7702 5.7702 5.7702 5.7702 5 5.7702 5.7702 5.7702 5.7702 5.7702 5 5.77018 5 5.77018 5 5.77018 5 5.77018 5 5.77018 5 5.77018 5 5.77018 5 5.77018 5 5.77018
10.77 5.77 5.77009 5.77018 5.77008 5.77013 5.77008 5.77008 5.77011 5.77009 5.77008 5.77018 5 5.77005 5.7702 5 5.7702 5 5.7702 5.7702 5.7702 5.7702 5.7702 5 5.7702 5.7702 5.7702 5.7702 5 5.7702 5 5.7702 5 5.7702 5 5.7702 5 5.7702 5 5.7702 5 5.7702 5 5.7702 5 5.7702 5 5.7702 5 5.7702 5.7702 5.7702 5.7702 5.7702 5.7702 5 5.77018 5.77018 5.77018 5.77018 5.77018 5.77018 5.77018 5.77018 5.77018 5.77018 5.77018 5.77018 5.77018 5.77018 5.77018 5.77018 5.77018 5.77018 5.77018
13.16 8.15947 5 5.77018 5.77018 5 5.77009 5.77012 4.99998 5.77008 4.99999 5.77008 5.77008 5.7702 5.7702 5.7702 5.7702 5.7702 5.7702 5 5.7702 5 5.7702 5.7702 5.7702 5 5.7702 5.7702 5.7702 5.7702 5.7702 5.7702 5.7702 5.7702 5.7702 5.7702 5.7702 5.7702 5.7702 5.7702 5.7702 5.7702 5.7702 5.7702 5.7702 5.7702 5.7702 5.7702 5.7702 5.7702 5.7702 5.7702 5 5.7702 5.77018 5.7702 5.77018 5 5.77018 5 5.77018 5 5.77018 5 5.77018 5 5.77018 5 5.77018 5 5.77018 5 5.77018 5 5.77018
16.3195 10.7693 5.77 5.76999 5.77016 5.77007 5.77008 5.77005 5.77018 5.77013 5.77009 5.77008 5.77011 5.7702 5 5.7702 5 5.7702 5.7702 5.7702 5.7702 5.7702 5.7702 5 5.7702 5.7702 5.7702 5 5.7702 5 5.7702 5 5.7702 5 5.7702 5 5.7702 5 5.7702 5 5.7702 5 5.7702 5 5.7702 5 5.7702 5 5.7702 5.7702 5 5.7702 5.7702 5.77018 5 5.77018 5.77018 5.77018 5.77018 5.77018 5.77018 5.77018 5.77018 5.77018 5.77018 5.77018 5.77018 5.77018 5.77018 5.77018 5.77018 5.77018 5.77018 5.77018 5.77018
16.5393 10.7693 5 5.77 5.77018 5.77018 5.77018 5.7702 5.7702 5.7702 5.7702 5.7702 5.7702 5.7702 5.7702 5.7702 5.7702 5.7702 5.7702 5.7702 5.7702 5.7702 5.7702 5.7702 5.7702 5.7702 5.7702 5.7702 5.7702 5.7702 5.7702 5.7702 5.7702 5.7702 5.7702 5.7702 5.7702 5.7702 5.7702 5.7702 5.7702 5.7702 5.7702 5.7702 5.7702 5.7702 5.7702 5.7702 5.7702 5.7702 5.7702 5.7702 5 5.7702 5.77018 5.77018 5 5.77018 5 5.77018 5 5.77018 5 5.77018 5 5.77018 5 5.77018 5 5.77018 5 5.77018 5 5.77018 5
16.5393 10.7693 5.77 5.77013 4.99999 5.77013 5 5.7702 5 5.7702 5 5.7702 5 5.7702 5 5.7702 5.7702 5.7702 5 5.7702 5.7702 5.7702 5 5.7702 5 5.7702 5 5.7702 5 5.7702 5 5.7702 5 5.7702 5 5.7702 5 5.7702 5 5.7702 5 5.7702 5 5.7702 5 5.7702 5.7702 5 5.7702 5.7702 5.7702 5.77018 5.7702 5.77018 5 5.77018 5.77018 5.77018 5.77018 5.77018 5.77018 5.77018 5.77018 5.77018 5.77018 5.77018 5.77018 5.77018 5.77018 5.77018 5.77018 5.77018 5.77018 5.77018 5.77018
16.5393 10.7693 5 5.77018 5.77018 5.77018 5.77018 5.7702 5.7702 5.7702 5.7702 5.7702 5.7702 5.7702 5.7702 5.7702 5 5.7702 5.7702 5.7702 5 5.7702 5.7702 5.7702 5.7702 5.7702 5.7702 5.7702 5.7702 5.7702 5.7702 5.7702 5.7702 5.7702 5.7702 5.7702 5.7702 5.7702 5.7702 5.7702 5.7702 5.7702 5.7702 5.7702 5.7702 5.7702 5.7702 5.7702 5.7702 5 5.77018 5 5.77018 5.77018 5.77018 5.77018 5 5.77018 5 5.77018 5 5.77018 5 5.77018 5 5.77018 5 5.77018 5 5.77018 5 5.77018 5 5.77018 5
16.2996 10.7694 5.77 5.77011 5 5.77018 5 5.7702 5 5.7702 5 5.7702 5.7702 5.7702 5 5.7702 5.7702 5.7702 5 5.7702 5.7702 5.7702 5 5.7702 5 5.7702 5 5.7702 5 5.7702 5 5.7702 5 5.7702 5 5.7702 5 5.7702 5 5.7702 5 5.7702 5 5.7702 5.7702 5.7702 5 5.7702 5.77018 5.7702 5.77018 5.77018 5.77018 5 5.77018 5.77018 5.77018 5.77018 5.77018 5.77018 5.77018 5.77018 5.77018 5.77018 5.77018 5.77018 5.77018 5.77018 5.77018 5.77018 5.77018 5.77018 5.77018 5.77018 5.77018
13.16 8.13963 5 5.77018 5.77018 5.77018 5.7702 5.7702 5.7702 5.7702 5.7702 5.7702 5 5.7702 5.7702 5.7702 5 5.7702 5.7702 5.7702 5 5.7702 5.7702 5.7702 5.7702 5.7702 5.7702 5.7702 5.7702 5.7702 5.7702 5.7702 5.7702 5.7702 5.7702 5.7702 5.7702 5.7702 5.7702 5.7702 5.7702 5.7702 5.7702 5.7702 5.7702 5.77019 5.7702 5.7702 5.7702 5 5.77018 5 5.77018 5.77018 5.77018 5 5.77018 5 5.77018 5 5.77018 5 5.77018 5 5.77018 5 5.77018 5 5.77018 5 5.77018 5 5.77018 5 5.77018
10.77 5.77 5.7701 5.77018 5 5.7702 5 5.7702 5.7702 5.7702 5.7702 5 5.7702 5.7702 5 5.7702 5.7702 5.7702 5 5.7702 5.7702 5.7702 5 5.7702 5 5.7702 5 5.7702 5 5.7702 5 5.7702 5 5.7702 5 5.7702 5 5.7702 5 5.7702 5 5.7702 5 5.7702 5.7702 5 5.7702 5 5.7702 5.77018 5.77018 5.77018 5.77018 5 5.77018 5.77018 5.77018 5.77018 5.77018 5.77018 5.77018 5.77018 5.77018 5.77018 5.77018 5.77018 5.77018 5.77018 5.77018 5.77018 5.77018 5.77018 5.77018 5.77018 5.77018
10.77 5 5.7702 5.7702 5.7702 5.7702 5.7702 5.7702 5.7702 5 5.7702 5.7702 5.7702 5 5.7702 5.7702 5 5.7702 5.7702 5.7702 5 5.7702 5.7702 5.7702 5.7702 5.7702 5.7702 5.7702 5.7702 5.7702 5.7702 5.7702 5.7702 5.7702 5.7702 5.7702 5.7702 5.7702 5.7702 5.7702 5.7702 5.7702 5.7702 5.7702 5.7702 5.7702 5.77018 5.7702 5.77018 5.77018 5 5.77018 5.77018 5.77018 5.77018 5.77018 5.77018 5.77018 5.77018 5.77018 5.77018 5.77018 5.77018 5.77018 5.77018 5.77018 5.77018 5 5.77018 5 5.77018 5 5.77018 5 5.77018
10.77 5.77 5.7702 5.7702 5.7702 5.7702 5.7702 5 5.7702 5.7702 5.7702 5 5.7702 5.7702 5.7702 5 5.7702 5.7702 5 5.7702 5.7702 5.7702 5 5.7702 5 5.7702 5 5.7702 5 5.7702 5 5.7702 5 5.7702 5 5.7702 5 5.7702 5 5.7702 5 5.7702 5.7702 5.7702 5.77018 5.77018 5 5.77018 5 5.77018 5.77018 5.77018 5 5.77018 5 5.77018 5 5.77018 5 5.77018 5 5.77018 5 5.77018 5 5.77018 5 5.77018 5.77018 5.77018 5.77018 5.77018 5.77018 5.77018 5.77018
10.77 5 5.7702 5.7702 5.7702 5 5.7702 5.7702 5.7702 5 5.7702 5.7702 5.7702 5 5.7702 5.7702 5.7702 5 5.7702 5.7702 5 5.7702 5.7702 5.7702 5.7702 5.7702 5.7702 5.7702 5.7702 5.7702 5.7702 5.7702 5.7702 5.7702 5.7702 5.7702 5.7702 5.7702 5.7702 5.7702 5.7702 5.7702 5.77018 5.7702 5 5.7702 5.77018 5.77018 5.77018 5.77018 5 5.77018 5.77018 5.77018 5.77018 5.77018 5.77018 5.77018 5.77018 5.77018 5.77018 5.77018 5.77018 5.77018 5.77018 5.77018 5.77018 5.77018 5 5.77018 5 5.77018 5 5.77018 5
10.77 5.77 5.7702 5.7702 5.7702 5.7702 5.7702 5 5.7702 5.7702 5.7702 5 5.7702 5.7702 5.7702 5 5.7702 5.7702 5.7702 5 5.7702 5.7702 5 5.7702 5 5.7702 5 5.7702 5 5.7702 5 5.7702 5 5.7702 5 5.7702 5 5.7702 5 5.7702 5 5.7702 5.7702 5 5.77018 5.77018 5 5.77018 5 5.77018 5.77018 5.77018 5 5.77018 5 5.77018 5 5.77018 5 5.77018 5 5.77018 5 5.77018 5 5.77018 5 5.77018 5.77018 5.77018 5.77018 5.77018 5.77018 5.77018 5.77018
10.77 5 5.7702 5.7702 5.7702 5 5.7702 5.7702 5.7702 5 5.7702 5.7702 5.7702 5 5.7702 5.7702 5.7702 5 5.7702 5.7702 5.7702 5 5.7702 5.7702 5.7702 5.7702 5.7702 5.7702 5.7702 5.7702 5.7702 5.7702 5.7702 5.7702 5.7702 5.7702 5.7702 5.7702 5.7702 5.7702 5.7702 5.7702 5 5.7702 5.77018 5 5.77018 5.77018 5.77018 5.77018 5 5.77018 5.77018 5.77018 5.77018 5.77018 5.77018 5.77018 5.77018 5.77018 5.77018 5.77018 5.77018 5.77018 5.77018 5.77018 5.77018 5.77018 5 5.77018 5 5.77018 5 5.77018 5
