tests/full-run-ref/erosion_2010_78_22_-42.864.asc
ncols 512
nrows 512
xllcorner -3.24582
yllcorner -4.08743
cellsize 5
NODATA_value -99999
[rows 144 to 179 of 512, columns 0 to 81 of 512]
74.3359 71.9459 69.5558 67.1646 64.7734 62.3819 57.5763 51.8009 46.0228 40.2433 34.462 28.679 22.8941 17.1061 11.3126 5.61074 5.77 5.77 5.77 5.77 5.77 5.76122 5.75759 5.71741 5.77 5.77 5.77 5.77 5.77 5.77 5.77 5.77 5.77 5.77 5.77 5.77 5.77 5.77 5.77 5.77 5.77 5.75905 11.5088 16.2822 22.0552 27.8282 32.6089 38.3807 44.1524 49.9238 55.6951 61.4661 67.2375 73.0095 74.9926 69.2188 63.4461 57.6735 51.9009 46.1281 40.3552 34.5823 28.8093 23.0364 17.2636 11.4906 5.74675 5.76832 5.77 5.77 5.77 5.77 5.77 5.77 5.77 5.77 5.77 5.77 5.77 5.76869 11.5352 17.3053
68.5659 66.1759 63.7858 61.394 59.0016 56.6089 54.2171 51.8009 46.0249 40.2436 34.4623 28.6792 22.8935 17.1051 11.3105 5.61345 5.77 5.77 5.77 5.77 5.75794 5.76016 8.15105 5.72137 5.77 5.77 5.77 5.77 5.77 5.77 5.77 5.77 5.77 5.77 5.77 5.77 5.77 5.77 5.77 5.77 5.76872 5.74848 11.4913 17.2662 23.0396 28.8134 34.5862 40.3582 46.1301 51.9016 57.6728 63.4439 69.2148 74.9871 77.3818 71.6082 65.8363 60.0645 54.2926 48.5207 42.7488 36.9769 31.205 25.433 19.661 13.8935 8.13079 5.7658 5.77 5.77 5.77 5.77 5.77 5.77 5.77 5.77 5.77 5.77 5.77 5.76878 11.5351 17.3052
62.8266 60.4059 58.0158 55.6233 53.2298 50.8351 48.4407 46.0505 46.0291 40.2495 34.4687 28.6863 22.8999 17.111 11.3149 5.61607 5.77 5.77 5.77 5.77 5.74835 8.15171 5.75977 5.73674 5.77 5.77 5.77 5.77 5.77 5.77 5.77 5.77 5.77 5.77 5.77 5.77 5.77 5.77 5.77 5.77 5.76303 8.11502 13.8769 19.6521 25.4264 31.2001 36.973 42.7455 48.5174 54.2888 60.0602 65.8314 71.6026 77.3746 79.7663 73.993 68.2218 62.4506 56.6794 50.9084 45.1374 39.3665 33.5955 27.8244 22.06 16.293 11.5222 5.76256 5.77 5.77 5.77 5.77 5.77 5.77 5.77 5.77 5.77 5.77 5.77 5.76882 11.5347 17.3048
57.0654 54.6666 52.2458 49.8525 47.4579 45.0613 42.6639 40.2693 40.2739 38.2785 32.4991 28.7004 22.918 17.1271 11.3299 5.61424 5.77 5.77 5.77 5.77 5.74744 8.15139 5.759 5.73496 5.77 5.77 5.77 5.77 5.77 5.77 5.77 5.77 5.77 5.77 5.77 5.77 5.77 5.77 5.77 5.76873 5.74947 11.4919 16.2642 22.0391 27.8134 33.5868 39.3599 45.1324 50.9044 56.6758 62.4471 68.2184 73.9899 79.7627 77.3748 71.6008 65.8284 60.0561 54.2838 48.5111 42.7388 36.9665 31.1942 25.4218 19.6494 13.884 8.12338 5.76491 5.77 5.77 5.77 5.77 5.77 5.77 5.77 5.77 5.77 5.77 5.77 5.7688 11.5343 17.3044
52.3065 48.9054 46.5066 44.0817 41.6857 39.2871 36.8863 34.4881 34.493 32.5087 30.1058 24.3228 21.9383 17.1502 11.3507 5.58434 5.77 5.77 5.77 5.77 5.75485 5.76251 8.14669 5.71591 5.77 5.77 5.77 5.77 5.77 5.77 5.77 5.77 5.77 5.77 5.77 5.77 5.77 5.77 5.77 5.76322 8.1158 13.8774 19.6516 24.4293 30.2033 35.9768 41.7498 47.5224 53.2944 59.066 64.8372 70.6084 76.3799 80.7567 74.982 69.2085 63.4354 57.6622 51.8889 46.1156 40.3418 34.5681 28.7944 23.0207 17.247 11.4733 5.73861 5.76775 5.77 5.77 5.77 5.77 5.77 5.77 5.77 5.77 5.77 5.77 5.76992 5.7686 11.5334 17.3037
46.5503 44.1465 40.7454 38.3416 35.9135 33.5124 31.1077 28.7051 28.7102 28.7247 24.3323 21.9271 16.1347 13.7552 11.4015 5.62521 5.77 5.77 5.77 5.77 5.72623 8.13207 5.74666 5.72678 5.77 5.77 5.77 5.77 5.77 5.77 5.77 5.77 5.77 5.77 5.77 5.77 5.77 5.77 5.77 5.75429 11.4951 16.2652 22.0392 27.8134 32.594 38.3667 44.1398 49.9124 55.6844 61.4561 67.2276 72.999 78.771 83.1467 77.373 71.6008 65.8285 60.0561 54.2836 48.5108 42.7382 36.9652 31.1922 25.4192 19.6462 13.8789 8.12694 5.76804 5.77 5.77 5.77 5.77 5.77 5.77 5.77 5.77 5.77 5.76999 6.15958 8.1582 13.9266 19.6946
40.7834 38.3902 35.9865 32.5796 30.172 27.7374 25.328 22.9192 22.9234 22.9435 21.9479 16.1435 13.7403 7.95168 5.70377 5.72212 5.77 5.77 5.77 5.77 5.69186 11.4732 5.72101 5.77 5.77 5.77 5.77 5.77 5.77 5.77 5.77 5.77 5.77 5.77 5.77 5.77 5.77 5.77 5.76835 5.74069 11.4714 17.2474 23.0217 28.797 34.5709 40.3441 46.1172 51.8899 57.6621 63.4337 69.2053 74.9769 80.7497 80.7559 74.9811 69.2081 63.4349 57.6617 51.8884 46.1148 40.3411 34.5673 28.7934 23.0196 17.2457 11.4717 5.73768 5.76768 5.77 5.77 5.77 5.77 5.77 5.77 5.77 5.77 5.77 5.76994 5.76969 11.5393 13.9281 16.316
38.3934 32.6234 30.2302 27.8208 24.4083 21.9928 19.5468 17.1316 17.1354 17.1542 17.1985 13.7661 7.96474 5.71447 5.76399 5.77 5.77 5.77 5.77 5.77 5.68545 11.4689 5.71339 5.72694 5.77 5.77 5.77 5.77 5.77 5.77 5.77 5.77 5.77 5.77 5.77 5.77 5.77 5.77 5.76128 8.10207 13.8592 19.6346 25.4097 31.1843 36.9585 42.732 48.5052 54.2779 60.05 65.8217 71.593 77.3644 83.1373 83.1449 77.3709 71.5986 65.8264 60.0541 54.2818 48.5095 42.7372 36.9648 31.1923 25.4198 19.6472 13.8811 8.12087 5.76442 5.77 5.77 5.77 5.77 5.77 5.77 5.77 5.77 5.77 5.7699 8.15988 5.76937 8.15756 13.9275
32.6389 30.2334 24.4634 22.0635 19.6488 16.2256 13.7955 11.3422 11.3459 11.3649 11.4089 11.4588 5.71485 5.76438 5.77 5.77 5.77 5.77 5.77 5.77 5.72208 11.488 8.0942 5.72487 5.77 5.77 5.77 5.77 5.77 5.77 5.77 5.77 5.77 5.77 5.77 5.77 5.77 5.77 5.75079 11.4846 16.2516 22.0254 27.7999 33.5743 39.3481 45.1216 50.8947 56.6673 62.4394 68.211 73.9823 79.7536 85.5265 85.5307 79.7574 73.986 68.2147 62.4433 56.672 50.9009 45.1299 39.3588 33.5876 27.8163 22.0531 16.2866 11.5176 5.76059 5.77 5.77 5.77 5.77 5.77 5.77 5.77 5.77 5.77 5.76987 5.76992 5.76989 5.76925 8.15738
30.2489 24.4789 22.0734 16.296 13.8904 11.4678 8.04144 5.69645 5.71082 5.71871 5.72938 5.74753 5.76236 5.77 5.77 5.77 5.77 5.77 5.77 5.77 5.73831 5.73208 5.73402 5.74947 5.77 5.77 5.77 5.77 5.77 5.77 5.77 5.77 5.77 5.77 5.77 5.77 5.77 5.76821 5.73678 11.4592 17.2353 23.0095 28.7847 34.5594 40.3338 46.1078 51.8813 57.6543 63.4266 69.1983 74.97 80.742 86.5157 83.1396 77.366 71.5935 65.8211 60.0486 54.276 48.5031 42.7304 36.9577 31.1849 25.412 19.639 13.8745 8.11562 5.76381 5.77 5.77 5.77 5.77 5.77 5.77 5.77 5.77 5.77 5.77 5.77 5.77 5.76991 5.76953
24.48 22.0889 16.3189 13.9127 8.12394 5.73971 5.7548 5.76651 5.77 5.77 5.77 5.77 5.77 5.77 5.77 5.77 5.77 5.77 5.77 5.77 5.77 5.77 5.77 5.77 5.77 5.77 5.77 5.77 5.77 5.77 5.77 5.77 5.77 5.77 5.77 5.77 5.77 5.76085 8.09678 13.8516 19.6266 25.4015 31.1759 36.9503 42.7244 48.4982 54.2715 60.0442 65.8164 71.5879 77.3593 83.1316 86.5224 80.7481 74.9747 69.2013 63.4279 57.6543 51.8806 46.1067 40.3323 34.5578 28.7834 23.0088 17.2343 11.4597 5.73206 5.76725 5.77 5.77 5.77 5.77 5.77 5.77 5.77 5.77 5.77 5.77 5.77 5.77 5.77 5.77
22.09 16.32 13.9289 8.15834 5.76311 5.76867 5.77 5.77 5.77 5.77 5.77 5.77 5.77 5.77 5.77 5.77 5.77 5.77 5.77 5.77 5.77 5.77 5.77 5.77 5.77 5.77 5.77 5.77 5.77 5.77 5.77 5.77 5.77 5.77 5.77 5.77 5.77 5.75159 11.4847 16.2518 22.0225 27.7964 33.5703 39.3441 45.1176 50.8908 56.6637 62.4361 68.208 73.9792 79.7501 85.5222 88.9121 83.1385 77.3664 71.5943 65.822 60.0496 54.277 48.5043 42.7314 36.9583 31.1851 25.4118 19.6386 13.873 8.11968 5.76494 5.77 5.77 5.77 5.77 5.77 5.77 5.77 5.77 5.77 5.77 5.77 5.77 5.77 5.77
19.7 13.93 8.16001 5.76951 5.76964 5.77 5.77 5.77 5.77 5.77 5.77 5.77 5.77 5.77 5.77 5.77 5.77 5.77 5.77 5.77 5.77 5.77 5.77 5.77 5.77 5.77 5.77 5.77 5.77 5.77 5.77 5.77 5.77 5.77 5.77 5.77 5.77 5.74623 11.4677 17.2426 23.016 28.7902 34.5643 40.3382 46.1118 51.885 57.658 63.4305 69.2024 74.9735 80.7446 86.5166 88.9062 83.1319 77.3596 71.5873 65.815 60.0425 54.2698 48.4969 42.7241 36.9511 31.1781 25.4049 19.6316 13.8706 8.11808 5.7649 5.77 5.77 5.77 5.77 5.77 5.77 5.77 5.77 5.77 5.77 5.77 5.77 5.77 5.77
17.31 11.54 5.77 5.76985 5.77 5.77 5.77 5.77 5.77 5.77 5.77 5.77 5.77 5.77 5.77 5.77 5.77 5.77 5.77 5.77 5.77 5.77 5.77 5.77 5.77 5.76285 5.76611 5.76859 5.77 5.77 5.77 5.77 5.77 5.77 5.77 5.77 5.77 5.74228 11.4549 17.2304 23.0057 28.7809 34.5557 40.3302 46.1044 51.8782 57.6516 63.4245 69.1969 74.9685 80.7396 86.5123 86.5154 80.7395 74.9658 69.1918 63.4178 57.6436 51.8692 46.0946 40.3198 34.5449 28.7699 22.9948 17.2196 11.4444 5.73023 5.76853 5.77 5.77 5.77 5.77 5.77 5.77 5.77 5.77 5.77 5.77 5.77 5.77 5.77 5.77
19.7 13.93 8.16001 5.75865 5.76495 5.76719 5.76629 5.76556 5.76506 5.76481 5.76476 5.76481 5.7649 5.76498 5.76502 5.76511 5.76523 5.76644 5.76819 5.77 5.77 5.77 5.77 5.77 5.71446 5.69301 6.07019 5.73739 5.76127 5.76787 5.76937 5.77 5.77 5.77 5.77 5.77 5.77 5.73949 11.4465 17.2226 22.9987 28.7744 34.5498 40.3247 46.0993 51.8734 57.6472 63.4203 69.193 74.9652 80.7366 86.5091 86.5152 80.7396 74.9658 69.1917 63.4176 57.6432 51.8687 46.0941 40.3192 34.5441 28.769 22.9937 17.2184 11.4431 5.7296 5.76844 5.77 5.77 5.77 5.77 5.77 5.77 5.77 5.77 5.77 5.77 5.77 5.77 5.77 5.77
22.09 16.32 13.9173 8.13286 6.10995 6.08625 6.05469 6.02409 6.00159 5.98879 5.98523 5.98765 5.99443 5.99982 6.00315 6.01428 6.06688 6.12795 5.76868 5.77 5.77 5.77 5.77 5.77 5.72092 8.11617 11.502 8.12637 6.0806 6.10154 5.753 5.76743 5.77 5.77 5.77 5.77 5.77 5.73737 11.4408 17.2174 22.9939 28.77 34.5457 40.3209 46.0956 51.8699 57.6436 63.417 69.1899 74.9621 80.7343 86.5068 88.9059 83.1322 77.3597 71.5872 65.8145 60.0417 54.2688 48.4958 42.7227 36.9494 31.176 25.4025 19.6291 13.8671 8.11559 5.76442 5.77 5.77 5.77 5.77 5.77 5.77 5.77 5.77 5.77 5.77 5.77 5.77 5.77 5.77
24.48 22.0773 16.3073 13.9049 11.8688 11.8289 11.7796 11.7329 11.6994 11.6884 11.6867 11.6958 11.7088 11.729 11.7346 11.7612 11.3909 5.7039 5.7641 5.76919 5.7686 5.76712 5.77 5.74941 5.74354 8.12661 5.73062 8.10915 11.8644 11.8635 8.0781 5.75594 5.77 5.77 5.77 5.77 5.77 5.73559 11.4358 17.2128 22.9896 28.7659 34.5418 40.3171 46.092 51.8663 57.6402 63.4135 69.1867 74.9597 80.7317 86.5046 88.9031 83.1289 77.3563 71.5837 65.811 60.0381 54.2652 48.492 42.7188 36.9454 31.1719 25.3983 19.6246 13.8643 8.11348 5.76436 5.77 5.77 5.77 5.77 5.77 5.77 5.77 5.77 5.77 5.77 5.77 5.77 5.77 5.77
30.2373 24.4673 22.0773 19.6794 17.6501 17.615 17.5719 17.5276 17.4984 17.4886 17.4998 17.5109 17.9295 17.5589 17.567 17.5792 13.7859 8.02698 5.76246 5.7693 6.16002 5.76849 5.75848 5.7456 8.15991 5.7519 5.75882 5.7096 11.4226 16.1919 11.4499 5.73778 5.77 5.77 5.77 5.77 5.77 5.73383 11.4308 17.2081 22.9851 28.7617 34.5377 40.3132 46.0881 51.8627 57.6366 63.4105 69.184 74.9568 80.729 86.5027 86.5119 80.7354 74.9613 69.187 63.4125 57.6379 51.863 46.088 40.3128 34.5373 28.7616 22.9857 17.2096 11.4335 5.72523 5.76836 5.77 5.77 5.77 5.77 5.77 5.77 5.77 5.77 5.77 5.77 5.77 5.77 5.77 5.77
32.6273 30.2373 27.8473 25.4526 23.4287 23.399 23.3606 23.3233 23.2915 24.1317 23.3155 21.8006 19.4051 17.0515 17.1276 17.1752 11.3662 5.70017 5.76497 5.76926 5.76904 5.76189 5.74464 8.15996 5.74937 5.75839 5.77 5.73285 7.95636 13.7827 11.442 5.72438 5.77 5.77 5.77 5.77 5.77 5.73198 11.4254 17.2029 22.9803 28.757 34.5333 40.309 46.0843 51.8589 57.6336 63.4077 69.1813 74.954 80.7262 86.5007 86.5085 80.7314 74.957 69.1824 63.4075 57.6325 51.8572 46.0817 40.3059 34.5299 28.7537 22.9772 17.2006 11.424 5.72808 5.77 5.77 5.77 5.77 5.77 5.77 5.77 5.77 5.77 5.77 5.77 5.77 5.77 5.77 5.77
38.3973 36.0073 33.6173 31.2245 29.2044 29.1814 29.1543 29.1278 30.3478 27.5518 21.7453 15.9178 13.5267 11.1828 11.2876 11.3793 11.4426 5.73034 5.77 5.77 5.76828 6.12883 8.14359 5.75062 5.7543 5.77 5.77 5.75495 5.68055 11.4236 11.4541 5.71727 5.77 5.77 5.77 5.77 5.77 5.73007 11.4197 17.1975 22.975 28.7522 34.5286 40.3048 46.0802 51.8558 57.6307 63.4051 69.1783 74.9512 80.7236 86.4978 86.5075 80.7297 74.9553 69.1806 63.4057 57.6305 51.8551 46.0794 40.3035 34.5274 28.7511 22.9746 17.198 11.4213 5.71962 5.76791 5.77 5.77 5.77 5.77 5.77 5.77 5.77 5.77 5.77 5.77 5.77 5.77 5.77 5.77
44.0726 41.6826 39.2926 36.9021 34.5109 33.363 30.9671 28.5674 29.9641 25.1225 19.2975 13.4703 7.67742 5.60749 5.69273 5.71068 5.73024 5.73921 5.77 5.77 5.76825 5.75869 5.75293 5.7533 5.77 5.77 5.77 5.77 5.68963 11.4325 11.45 5.71311 5.77 5.77 5.77 5.77 5.77 5.72832 11.4141 17.1921 22.97 28.7472 34.5243 40.3005 46.0771 51.8529 57.6281 63.402 69.1753 74.9483 80.721 86.4955 88.888 83.1117 77.338 71.5642 65.7901 60.0158 54.2414 48.4668 42.6922 36.9174 31.1425 25.3676 19.5926 13.8367 8.0998 5.76642 5.77 5.77 5.77 5.77 5.77 5.77 5.77 5.77 5.77 5.77 5.77 5.77 5.77 5.77
38.3232 35.9126 33.5226 31.1283 28.729 27.5727 25.1613 22.7481 24.1603 21.7444 16.9655 11.1443 5.57931 5.74953 5.76778 5.76887 5.77 5.77 5.77 5.77 5.77 5.77 5.77 5.77 5.77 5.77 5.77 5.77 5.67941 11.4463 7.99375 5.73379 5.77 5.77 5.77 5.77 5.77 5.72722 11.4096 17.1877 22.9655 28.7433 34.5203 40.2978 46.0745 51.8506 57.625 63.3988 69.1721 74.945 80.7176 86.4927 86.4965 80.7164 74.94 69.1633 63.3864 57.6093 51.832 46.0547 40.2773 34.4998 28.7222 22.9445 17.1668 11.3893 5.7075 5.7679 5.77 5.77 5.77 5.77 5.77 5.77 5.77 5.77 5.77 5.77 5.77 5.77 5.77 5.77
32.5872 30.1632 27.7526 25.3529 22.9477 21.8889 19.3635 16.9317 19.3482 15.9353 13.5756 11.2877 8.02595 6.13697 6.15691 5.76791 5.77 5.77 5.77 5.77 5.77 5.77 5.77 5.77 5.77 5.77 5.77 5.77 5.67145 11.4537 5.68626 5.76038 5.77 5.77 5.77 5.77 5.77 5.72715 11.4093 17.1871 22.9651 28.7423 34.5204 40.2979 46.0747 51.8498 57.624 63.3977 69.1707 74.9434 80.7157 86.491 86.4929 80.7112 74.9341 69.1568 63.3796 57.6023 51.8249 46.0475 40.27 34.4924 28.7147 22.9369 17.1591 11.3813 5.70376 5.76745 5.77 5.77 5.77 5.77 5.77 5.77 5.77 5.77 5.77 5.77 5.77 5.77 5.77 5.77
30.1972 24.4272 22.0032 19.577 17.1702 16.1197 13.6569 11.0904 13.6481 13.618 7.75413 5.63354 5.72753 5.75763 5.76689 5.76827 5.77 5.77 5.77 5.77 5.77 5.77 5.77 5.77 5.77 5.77 5.77 5.77 5.66236 11.4457 5.66641 5.75801 5.77 5.77 5.77 5.77 5.77 5.72921 11.4145 17.1926 22.9679 28.7461 34.5239 40.3014 46.0768 51.8515 57.6255 63.3989 69.1717 74.9442 80.7163 86.4904 88.8842 83.1043 77.329 71.5542 65.7795 60.0048 54.2301 48.4554 42.6806 36.9058 31.1309 25.3559 19.5809 13.8231 8.07457 5.7578 5.77 5.77 5.77 5.77 5.77 5.77 5.77 5.77 5.77 5.77 5.77 5.77 5.77 5.77
27.8072 22.0372 16.2672 13.8029 11.3637 13.7299 7.87489 5.58431 7.86976 11.4051 5.63451 5.75532 5.77 5.77 5.77 5.77 5.77 5.77 5.77 5.77 5.77 5.77 5.77 5.77 5.77 5.77 5.77 5.77 5.65086 11.416 7.91942 5.71407 5.77 5.77 5.77 5.77 5.77 5.73304 11.4302 16.1899 21.9516 27.7186 33.4978 39.2746 45.0504 50.8256 56.6001 62.3739 68.147 73.9198 79.6922 85.4652 91.2412 85.4989 79.7251 73.9524 68.1799 62.4075 56.6351 50.8626 45.0901 39.3176 33.545 27.7724 22.0164 16.2538 11.488 5.7493 5.77 5.77 5.77 5.77 5.77 5.77 5.77 5.77 5.77 5.77 5.77 5.77 5.77 5.77
22.09 19.6472 13.8772 8.06476 5.69341 8.04442 5.70964 5.75267 5.67091 11.462 5.67661 5.77 5.77 5.77 5.77 5.77 5.77 5.77 5.77 5.77 5.77 5.77 5.77 5.77 5.77 5.77 5.77 5.77 5.64065 11.3853 11.3814 5.67854 5.77 5.77 5.77 5.77 5.77 5.74957 8.01579 13.7578 19.5285 25.312 31.0926 36.8718 42.65 48.4271 54.2033 59.9785 65.7529 71.5269 77.3002 83.0734 88.8489 85.4855 79.7108 73.9379 68.1653 62.3927 56.62 50.8473 45.0745 39.3017 33.5289 27.756 22.0062 16.245 11.4843 5.74719 5.77 5.77 5.77 5.77 5.77 5.77 5.77 5.77 5.77 5.77 5.77 5.77 5.77 5.77
16.32 13.93 11.5309 5.75957 5.76421 5.75982 5.76238 5.77 5.71473 11.4419 5.65312 5.77 5.77 5.77 5.77 5.77 5.77 5.77 5.77 5.77 5.77 5.77 5.77 5.77 5.77 5.77 5.77 5.77 5.63396 11.3972 7.88069 5.70227 5.77 5.77 5.77 5.77 5.77 5.76534 5.68623 11.3303 17.1186 22.904 28.6874 34.4693 40.2497 46.0288 51.8065 57.5832 63.3588 69.1337 74.9079 80.6818 86.459 83.0921 77.3142 71.5386 65.7632 59.9878 54.2124 48.4367 42.6609 36.885 31.109 25.3328 19.5566 13.8042 8.05897 5.75589 5.77 5.77 5.77 5.77 5.77 5.77 5.77 5.77 5.77 5.77 5.77 5.77 5.77 5.77
13.93 8.16001 5.77 5.76588 5.77 5.77 5.77 5.77 5.73168 8.0864 5.66752 5.77 5.77 5.77 5.77 5.77 5.77 5.77 5.77 5.77 5.77 5.77 5.77 5.77 5.77 5.77 5.77 5.77 5.63133 11.4165 5.6353 5.7521 5.77 5.77 5.77 5.77 5.77 5.77 5.7053 11.349 17.1342 22.9184 28.701 34.4821 40.2618 46.0401 51.8172 57.5933 63.3686 69.143 74.9165 80.6896 86.4693 80.6983 74.9187 69.1401 63.3615 57.5828 51.804 46.025 40.2457 34.4662 28.6865 22.9066 17.1265 11.3464 5.69039 5.76699 5.77 5.77 5.77 5.77 5.77 5.77 5.77 5.77 5.77 5.77 5.77 5.77 5.77 5.77
11.54 5.77 5.77 5.77 5.77 5.77 5.77 5.77 5.75323 5.74702 5.71901 5.77 5.77 5.77 5.77 5.77 5.77 5.77 5.77 5.77 5.77 5.77 5.77 5.77 5.77 5.77 5.77 5.77 5.63028 11.3947 5.60531 5.74941 5.77 5.77 5.77 5.77 5.77 5.77 5.7085 11.3537 17.1378 22.9213 28.7034 34.484 40.2632 46.041 51.8176 57.5932 63.3679 69.1425 74.9162 80.6897 86.4691 80.7017 74.9229 69.1448 63.3664 57.5877 51.809 46.0299 40.2507 34.4712 28.6914 22.9114 17.1312 11.3513 5.69302 5.76727 5.77 5.77 5.77 5.77 5.77 5.77 5.77 5.77 5.77 5.77 5.77 5.77 5.77 5.76915
11.54 5.77 5.77 5.77 5.77 5.77 5.77 5.77 5.77 5.77 5.77 5.77 5.77 5.77 5.77 5.77 5.77 5.77 5.77 5.77 5.77 5.77 5.77 5.77 5.77 5.77 5.77 5.74284 5.55144 11.2936 7.72548 5.67446 5.77 5.77 5.77 5.77 5.77 5.77 5.7081 11.3502 17.1344 22.9179 28.7 34.4807 40.26 46.0377 51.8143 57.5896 63.3644 69.1384 74.9131 80.6879 86.4659 83.0973 77.322 71.5471 65.7717 59.9963 54.2208 48.445 42.6689 36.8927 31.1161 25.3394 19.5625 13.8073 8.08008 5.76534 5.77 5.77 5.77 5.77 5.77 5.77 5.77 5.77 5.77 5.77 5.77 5.77 5.77 5.76915
11.54 5.77 5.77 5.77 5.77 5.77 5.77 5.77 5.77 5.77 5.77 5.77 5.77 5.77 5.77 5.77 5.77 5.77 5.77 5.77 5.77 5.77 5.77 5.77 5.77 5.77 5.77 5.67095 7.57012 13.5271 11.1733 5.61398 5.77 5.77 5.77 5.77 5.77 5.77 5.7063 11.3437 17.1283 22.9122 28.6947 34.4757 40.2554 46.0336 51.8101 57.5858 63.3603 69.1349 74.9087 80.6857 84.8658 80.717 74.9432 69.167 63.39 57.6138 51.8373 46.0606 40.2835 34.5059 28.7279 22.9495 17.1709 11.392 5.70366 5.76513 5.77 5.77 5.77 5.77 5.77 5.77 5.77 5.77 5.77 5.77 5.77 5.77 5.77 5.76925
13.93 8.16001 5.77 5.75986 5.75641 5.74928 5.77 5.77 5.77 5.77 5.77 5.77 5.77 5.77 5.77 5.77 5.77 5.77 5.77 5.77 5.77 5.77 5.77 5.77 5.77 5.77 5.71767 5.49547 11.0757 13.4921 7.52235 5.65244 5.77 5.77 5.77 5.77 5.77 5.77 5.7039 11.3361 17.1213 22.9058 28.6889 34.4704 40.2505 46.029 51.8064 57.5822 63.3577 69.1323 74.9072 80.6834 79.0889 76.6968 74.3102 71.5667 65.7922 60.0174 54.2433 48.469 42.6945 36.9196 31.1443 25.3689 19.593 13.8347 8.09653 5.76631 5.77 5.77 5.77 5.77 5.77 5.77 5.77 5.77 5.77 5.77 5.77 5.77 5.77 5.76806
16.32 13.93 8.16001 8.56284 8.0575 5.68241 5.74756 5.77 5.77 5.77 5.77 5.77 5.77 5.77 5.77 5.77 5.77 5.77 5.77 5.77 5.77 5.77 5.77 5.77 5.77 5.77 5.65336 7.31242 13.3321 11.0006 5.45603 5.73768 5.77 5.77 5.77 5.77 5.77 5.77 5.70119 11.3278 17.1138 22.8992 28.6827 34.4649 40.2453 46.0247 51.8023 57.5796 63.3557 69.1311 74.9065 79.0949 73.3092 70.915 68.528 66.1437 63.4161 57.6437 51.8689 46.094 40.3191 34.5438 28.768 22.9916 17.2164 11.4389 5.72892 5.76739 5.77 5.77 5.77 5.77 5.77 5.77 5.77 5.77 5.77 5.77 5.77 5.77 5.77 5.76662
22.09 16.32 13.93 14.3263 13.6461 7.78006 5.62565 5.74754 5.77 5.77 5.77 5.77 5.77 5.77 5.77 5.77 5.77 5.77 5.77 5.77 5.77 5.77 5.77 5.77 5.77 5.74239 5.37616 10.6199 15.7589 10.7468 5.47037 5.77 5.77 5.77 5.77 5.77 5.77 5.77 5.69827 11.3188 17.1058 22.8918 28.6763 34.4588 40.2404 46.0198 51.7992 57.5771 63.3533 69.1291 74.905 73.3593 70.9219 65.1337 62.7426 60.3598 57.9793 55.5962 50.879 45.1037 39.3287 33.5536 27.778 22.0016 16.229 11.4651 5.74426 5.77 5.77 5.77 5.77 5.77 5.77 5.77 5.77 5.77 5.77 5.77 5.77 5.77 5.77 5.76755
24.48 22.09 20.48 20.1027 16.0189 13.3946 7.52985 5.59429 5.74117 5.77 5.77 5.77 5.77 5.77 5.77 5.77 5.77 5.77 5.77 5.77 5.77 5.77 5.77 5.77 5.77 5.62078 6.90664 12.8396 16.4727 10.2972 5.28059 5.73394 5.77 5.77 5.77 5.77 5.77 5.77 5.69528 11.3096 17.0972 22.8842 28.669 34.453 40.2346 46.0165 51.7967 57.575 63.3507 69.1272 70.9193 68.5215 65.1876 62.7514 56.9572 54.5692 52.1911 49.8142 47.4334 42.7168 36.9412 31.1654 25.3883 19.61 13.8306 8.06767 5.75776 5.77 5.77 5.77 5.77 5.77 5.77 5.77 5.77 5.77 5.77 5.77 5.77 5.77 5.77 5.76833
30.25 28.64 26.25 24.235 21.651 15.773 13.3032 7.49886 5.63107 5.77 5.77 5.77 5.77 5.77 5.77 5.77 5.77 5.77 5.77 5.77 5.77 5.77 5.77 5.77 5.7417 5.29093 10.1536 15.2544 18.7619 12.6242 6.82976 5.58711 5.77 5.77 5.77 5.77 5.77 5.77 5.69283 11.3007 17.0891 22.8762 28.6624 34.4461 40.2306 46.0133 51.7943 57.5719 63.3481 69.1252 65.1414 62.7427 60.3497 57.0171 54.5801 48.7795 46.395 44.0224 41.6497 39.2712 34.5563 28.7821 23.0032 17.2221 11.4397 5.72659 5.76396 5.76952 5.77 5.77 5.77 5.77 5.77 5.77 5.77 5.77 5.77 5.77 5.77 5.77 5.77 5.77
